Format,1.0B,
Memory Length,10000,Memory Length,10000,
IntpDistance,0,IntpDistance,0,
Trigger Address,5159,Trigger Address,5159,
Trigger Level,3.000E-01,Trigger Level,3.000E-01,
Source,CH1,Source,CH2,
Vertical Units,V,Vertical Units,V,
Vertical Units Div,0,Vertical Units Div,0,
Vertical Units Extend Div,16,Vertical Units Extend Div,16,
Label,,Label,,
Probe Type,0,Probe Type,0,
Probe Ratio,1.000e+01,Probe Ratio,1.000e+00,
Vertical Scale,5.000e-01,Vertical Scale,2.000e-01,
Vertical Position,-1.780e+00,Vertical Position,-2.240e+00,
Horizontal Units,S,Horizontal Units,S,
Horizontal Scale,2.000E-05,Horizontal Scale,2.000E-05,
Horizontal Position,-3.200E-06,Horizontal Position,-3.200E-06,
Horizontal Mode,Main,Horizontal Mode,Main,
SincET Mode,Real Time,SincET Mode,Real Time,
Sampling Period,2.000e-08,Sampling Period,2.000e-08,
Horizontal Old Scale,2.000E-05,Horizontal Old Scale,2.000E-05,
Horizontal Old Position,-3.200E-06,Horizontal Old Position,-3.200E-06,
Firmware,V1.23,Firmware,V1.23,
Mode,Fast,Mode,Fast,
Waveform Data,,Waveform Data,,
3, ,331, ,
1, ,331, ,
0, ,333, ,
3, ,331, ,
1, ,333, ,
1, ,332, ,
3, ,331, ,
3, ,331, ,
0, ,333, ,
3, ,330, ,
1, ,333, ,
1, ,332, ,
3, ,332, ,
1, ,331, ,
0, ,333, ,
3, ,332, ,
1, ,333, ,
1, ,330, ,
3, ,331, ,
3, ,332, ,
0, ,333, ,
3, ,330, ,
1, ,332, ,
1, ,332, ,
3, ,331, ,
3, ,331, ,
0, ,332, ,
3, ,332, ,
1, ,332, ,
1, ,331, ,
3, ,332, ,
1, ,332, ,
0, ,332, ,
3, ,331, ,
1, ,332, ,
1, ,332, ,
3, ,332, ,
1, ,331, ,
0, ,333, ,
3, ,331, ,
1, ,332, ,
1, ,332, ,
3, ,332, ,
1, ,332, ,
0, ,333, ,
3, ,330, ,
1, ,332, ,
1, ,333, ,
3, ,332, ,
1, ,330, ,
0, ,332, ,
3, ,331, ,
1, ,333, ,
0, ,331, ,
3, ,332, ,
3, ,332, ,
0, ,333, ,
3, ,330, ,
1, ,333, ,
1, ,332, ,
3, ,332, ,
1, ,331, ,
0, ,332, ,
3, ,331, ,
1, ,333, ,
0, ,332, ,
3, ,332, ,
3, ,332, ,
0, ,333, ,
3, ,331, ,
1, ,332, ,
1, ,332, ,
3, ,332, ,
1, ,331, ,
0, ,333, ,
3, ,332, ,
1, ,332, ,
1, ,331, ,
3, ,331, ,
3, ,332, ,
0, ,332, ,
3, ,330, ,
1, ,332, ,
1, ,333, ,
3, ,332, ,
1, ,331, ,
0, ,333, ,
3, ,332, ,
1, ,332, ,
0, ,331, ,
3, ,332, ,
1, ,332, ,
0, ,332, ,
3, ,331, ,
1, ,332, ,
1, ,332, ,
3, ,332, ,
1, ,331, ,
0, ,332, ,
3, ,332, ,
1, ,332, ,
0, ,331, ,
3, ,331, ,
1, ,331, ,
0, ,333, ,
3, ,331, ,
1, ,332, ,
0, ,333, ,
3, ,333, ,
1, ,330, ,
0, ,332, ,
3, ,331, ,
1, ,332, ,
0, ,331, ,
3, ,331, ,
1, ,332, ,
0, ,333, ,
3, ,331, ,
1, ,332, ,
1, ,332, ,
3, ,331, ,
1, ,330, ,
0, ,332, ,
3, ,331, ,
1, ,334, ,
0, ,332, ,
3, ,332, ,
1, ,331, ,
0, ,332, ,
3, ,331, ,
1, ,331, ,
0, ,332, ,
3, ,331, ,
1, ,331, ,
0, ,333, ,
3, ,332, ,
1, ,332, ,
0, ,332, ,
3, ,331, ,
1, ,332, ,
0, ,333, ,
1, ,330, ,
1, ,332, ,
1, ,331, ,
3, ,332, ,
1, ,331, ,
0, ,333, ,
3, ,331, ,
1, ,332, ,
0, ,331, ,
3, ,332, ,
1, ,331, ,
0, ,333, ,
3, ,331, ,
1, ,332, ,
1, ,332, ,
3, ,332, ,
1, ,331, ,
0, ,333, ,
3, ,331, ,
1, ,332, ,
0, ,332, ,
3, ,331, ,
1, ,332, ,
0, ,333, ,
3, ,331, ,
1, ,332, ,
1, ,332, ,
3, ,332, ,
1, ,331, ,
0, ,332, ,
3, ,331, ,
1, ,332, ,
0, ,332, ,
3, ,332, ,
1, ,331, ,
0, ,333, ,
3, ,330, ,
1, ,332, ,
1, ,333, ,
3, ,332, ,
1, ,331, ,
0, ,333, ,
3, ,332, ,
1, ,332, ,
1, ,331, ,
3, ,332, ,
1, ,331, ,
0, ,333, ,
3, ,330, ,
1, ,332, ,
1, ,331, ,
3, ,332, ,
1, ,331, ,
0, ,332, ,
3, ,331, ,
1, ,332, ,
0, ,331, ,
3, ,332, ,
1, ,332, ,
0, ,332, ,
3, ,330, ,
1, ,332, ,
0, ,332, ,
3, ,332, ,
1, ,331, ,
0, ,332, ,
3, ,332, ,
1, ,332, ,
0, ,330, ,
3, ,333, ,
1, ,331, ,
0, ,333, ,
3, ,331, ,
1, ,332, ,
0, ,332, ,
3, ,332, ,
1, ,331, ,
0, ,332, ,
1, ,332, ,
0, ,333, ,
0, ,331, ,
1, ,332, ,
1, ,331, ,
0, ,332, ,
3, ,331, ,
1, ,333, ,
0, ,333, ,
1, ,331, ,
1, ,331, ,
0, ,333, ,
3, ,331, ,
1, ,332, ,
0, ,331, ,
1, ,331, ,
1, ,332, ,
0, ,332, ,
3, ,331, ,
1, ,332, ,
0, ,332, ,
3, ,332, ,
1, ,331, ,
0, ,332, ,
3, ,332, ,
1, ,332, ,
0, ,331, ,
3, ,332, ,
1, ,331, ,
0, ,333, ,
3, ,330, ,
1, ,331, ,
1, ,332, ,
3, ,332, ,
1, ,330, ,
0, ,332, ,
3, ,332, ,
1, ,332, ,
0, ,331, ,
3, ,332, ,
1, ,332, ,
0, ,332, ,
3, ,331, ,
0, ,332, ,
0, ,332, ,
3, ,332, ,
1, ,332, ,
0, ,333, ,
3, ,332, ,
0, ,332, ,
0, ,330, ,
3, ,332, ,
1, ,332, ,
0, ,333, ,
3, ,330, ,
1, ,332, ,
0, ,332, ,
3, ,331, ,
1, ,330, ,
0, ,333, ,
3, ,332, ,
1, ,332, ,
0, ,332, ,
3, ,332, ,
1, ,332, ,
0, ,333, ,
3, ,330, ,
0, ,332, ,
1, ,332, ,
3, ,332, ,
1, ,331, ,
0, ,333, ,
3, ,331, ,
0, ,332, ,
0, ,332, ,
3, ,331, ,
1, ,332, ,
0, ,334, ,
3, ,331, ,
1, ,332, ,
0, ,331, ,
3, ,332, ,
1, ,331, ,
0, ,332, ,
3, ,331, ,
1, ,332, ,
0, ,331, ,
3, ,332, ,
1, ,332, ,
0, ,332, ,
3, ,330, ,
1, ,332, ,
0, ,332, ,
3, ,332, ,
1, ,331, ,
0, ,332, ,
3, ,331, ,
1, ,332, ,
0, ,331, ,
3, ,332, ,
1, ,331, ,
0, ,333, ,
3, ,331, ,
1, ,332, ,
0, ,332, ,
3, ,332, ,
1, ,331, ,
0, ,333, ,
3, ,331, ,
1, ,332, ,
0, ,332, ,
3, ,332, ,
1, ,332, ,
0, ,333, ,
1, ,330, ,
1, ,333, ,
0, ,332, ,
3, ,332, ,
1, ,331, ,
0, ,333, ,
3, ,332, ,
0, ,332, ,
0, ,330, ,
3, ,331, ,
1, ,332, ,
0, ,333, ,
3, ,331, ,
0, ,332, ,
0, ,331, ,
3, ,332, ,
1, ,331, ,
0, ,332, ,
3, ,331, ,
1, ,332, ,
0, ,331, ,
3, ,331, ,
1, ,332, ,
0, ,333, ,
1, ,330, ,
0, ,332, ,
0, ,332, ,
3, ,332, ,
1, ,331, ,
0, ,333, ,
3, ,332, ,
1, ,332, ,
0, ,331, ,
1, ,330, ,
1, ,332, ,
0, ,333, ,
3, ,330, ,
0, ,333, ,
0, ,332, ,
3, ,332, ,
1, ,331, ,
0, ,333, ,
1, ,331, ,
0, ,332, ,
0, ,331, ,
1, ,332, ,
1, ,332, ,
0, ,333, ,
1, ,330, ,
0, ,332, ,
0, ,332, ,
3, ,332, ,
1, ,331, ,
0, ,333, ,
1, ,331, ,
0, ,332, ,
0, ,331, ,
1, ,332, ,
1, ,332, ,
0, ,333, ,
3, ,330, ,
0, ,332, ,
0, ,332, ,
3, ,331, ,
1, ,331, ,
0, ,332, ,
3, ,332, ,
0, ,332, ,
0, ,332, ,
3, ,331, ,
1, ,332, ,
0, ,333, ,
1, ,331, ,
0, ,331, ,
0, ,332, ,
3, ,332, ,
1, ,332, ,
0, ,333, ,
3, ,331, ,
0, ,332, ,
0, ,331, ,
3, ,332, ,
1, ,331, ,
0, ,333, ,
3, ,330, ,
0, ,331, ,
0, ,332, ,
3, ,331, ,
1, ,331, ,
0, ,332, ,
3, ,331, ,
1, ,332, ,
0, ,331, ,
1, ,330, ,
1, ,332, ,
0, ,333, ,
1, ,331, ,
0, ,332, ,
0, ,332, ,
3, ,332, ,
1, ,330, ,
0, ,333, ,
3, ,331, ,
0, ,332, ,
0, ,331, ,
3, ,331, ,
1, ,332, ,
0, ,333, ,
1, ,331, ,
0, ,332, ,
0, ,332, ,
3, ,332, ,
1, ,331, ,
-1, ,332, ,
3, ,332, ,
1, ,332, ,
0, ,332, ,
3, ,331, ,
1, ,332, ,
0, ,332, ,
1, ,329, ,
0, ,332, ,
0, ,331, ,
3, ,332, ,
1, ,331, ,
-1, ,332, ,
1, ,331, ,
1, ,332, ,
0, ,331, ,
1, ,332, ,
1, ,331, ,
0, ,334, ,
3, ,331, ,
0, ,331, ,
0, ,332, ,
3, ,332, ,
1, ,331, ,
0, ,332, ,
3, ,331, ,
0, ,332, ,
0, ,331, ,
1, ,332, ,
1, ,331, ,
0, ,332, ,
3, ,330, ,
0, ,332, ,
0, ,331, ,
3, ,332, ,
0, ,331, ,
-1, ,333, ,
1, ,331, ,
0, ,332, ,
0, ,331, ,
3, ,331, ,
1, ,332, ,
0, ,333, ,
3, ,330, ,
0, ,332, ,
0, ,332, ,
3, ,332, ,
1, ,331, ,
-1, ,333, ,
3, ,331, ,
0, ,332, ,
0, ,332, ,
3, ,332, ,
1, ,332, ,
0, ,333, ,
1, ,331, ,
0, ,332, ,
0, ,332, ,
3, ,332, ,
0, ,331, ,
-1, ,333, ,
3, ,331, ,
0, ,332, ,
0, ,331, ,
1, ,331, ,
1, ,331, ,
0, ,333, ,
1, ,330, ,
0, ,332, ,
0, ,332, ,
3, ,331, ,
1, ,331, ,
0, ,332, ,
3, ,331, ,
0, ,332, ,
0, ,331, ,
1, ,331, ,
1, ,332, ,
0, ,333, ,
1, ,331, ,
0, ,332, ,
0, ,333, ,
3, ,333, ,
1, ,331, ,
0, ,333, ,
1, ,331, ,
0, ,332, ,
0, ,331, ,
1, ,331, ,
1, ,331, ,
0, ,332, ,
1, ,331, ,
0, ,332, ,
0, ,331, ,
3, ,332, ,
1, ,331, ,
0, ,333, ,
1, ,331, ,
1, ,332, ,
0, ,331, ,
3, ,332, ,
1, ,332, ,
0, ,333, ,
1, ,330, ,
0, ,332, ,
0, ,331, ,
3, ,332, ,
1, ,331, ,
0, ,332, ,
1, ,332, ,
0, ,333, ,
0, ,331, ,
1, ,331, ,
1, ,331, ,
0, ,332, ,
1, ,329, ,
0, ,331, ,
0, ,332, ,
3, ,333, ,
1, ,333, ,
0, ,333, ,
1, ,331, ,
0, ,332, ,
0, ,330, ,
3, ,331, ,
1, ,331, ,
0, ,332, ,
3, ,330, ,
0, ,332, ,
0, ,332, ,
3, ,332, ,
1, ,332, ,
0, ,333, ,
3, ,331, ,
0, ,332, ,
0, ,331, ,
3, ,330, ,
1, ,332, ,
0, ,333, ,
1, ,331, ,
0, ,332, ,
0, ,332, ,
3, ,332, ,
1, ,331, ,
0, ,332, ,
3, ,331, ,
0, ,332, ,
0, ,331, ,
3, ,332, ,
0, ,332, ,
0, ,332, ,
1, ,331, ,
0, ,332, ,
0, ,331, ,
1, ,332, ,
1, ,331, ,
0, ,333, ,
1, ,331, ,
0, ,333, ,
0, ,332, ,
1, ,331, ,
1, ,331, ,
0, ,332, ,
3, ,330, ,
0, ,332, ,
0, ,332, ,
3, ,332, ,
1, ,331, ,
-1, ,333, ,
3, ,331, ,
0, ,333, ,
0, ,331, ,
1, ,332, ,
1, ,332, ,
0, ,332, ,
3, ,330, ,
0, ,332, ,
0, ,333, ,
3, ,333, ,
1, ,331, ,
-1, ,332, ,
3, ,331, ,
0, ,333, ,
0, ,331, ,
1, ,331, ,
116, ,332, ,
72, ,333, ,
51, ,330, ,
33, ,332, ,
20, ,332, ,
13, ,331, ,
8, ,332, ,
6, ,332, ,
8, ,332, ,
4, ,331, ,
1, ,330, ,
4, ,332, ,
4, ,332, ,
3, ,333, ,
4, ,329, ,
1, ,332, ,
3, ,332, ,
4, ,331, ,
3, ,331, ,
1, ,332, ,
4, ,331, ,
3, ,332, ,
1, ,331, ,
4, ,331, ,
3, ,332, ,
1, ,332, ,
4, ,330, ,
1, ,332, ,
3, ,332, ,
4, ,332, ,
3, ,331, ,
1, ,333, ,
4, ,331, ,
3, ,332, ,
3, ,332, ,
4, ,331, ,
4, ,333, ,
1, ,333, ,
4, ,330, ,
1, ,332, ,
3, ,332, ,
4, ,332, ,
4, ,332, ,
1, ,333, ,
4, ,331, ,
1, ,333, ,
1, ,331, ,
3, ,332, ,
4, ,332, ,
1, ,334, ,
4, ,331, ,
1, ,332, ,
3, ,332, ,
4, ,332, ,
3, ,332, ,
1, ,332, ,
4, ,331, ,
1, ,332, ,
1, ,331, ,
4, ,332, ,
3, ,332, ,
1, ,334, ,
4, ,331, ,
3, ,332, ,
1, ,332, ,
4, ,331, ,
3, ,332, ,
1, ,333, ,
4, ,331, ,
1, ,333, ,
1, ,331, ,
4, ,332, ,
3, ,330, ,
1, ,328, ,
4, ,330, ,
3, ,337, ,
3, ,335, ,
4, ,331, ,
3, ,329, ,
1, ,333, ,
4, ,331, ,
1, ,333, ,
1, ,332, ,
4, ,332, ,
3, ,332, ,
1, ,332, ,
4, ,331, ,
3, ,333, ,
1, ,332, ,
3, ,332, ,
3, ,332, ,
1, ,334, ,
4, ,331, ,
3, ,333, ,
1, ,331, ,
3, ,331, ,
3, ,331, ,
1, ,333, ,
4, ,330, ,
3, ,333, ,
1, ,332, ,
4, ,332, ,
3, ,331, ,
1, ,333, ,
4, ,331, ,
1, ,333, ,
1, ,331, ,
3, ,332, ,
3, ,332, ,
1, ,333, ,
4, ,330, ,
1, ,332, ,
1, ,332, ,
3, ,331, ,
3, ,331, ,
1, ,332, ,
4, ,331, ,
3, ,333, ,
1, ,331, ,
3, ,332, ,
3, ,331, ,
1, ,332, ,
4, ,329, ,
1, ,332, ,
1, ,332, ,
3, ,332, ,
3, ,331, ,
1, ,332, ,
4, ,331, ,
3, ,332, ,
1, ,331, ,
3, ,332, ,
3, ,332, ,
1, ,332, ,
4, ,330, ,
3, ,332, ,
1, ,332, ,
3, ,332, ,
3, ,331, ,
1, ,334, ,
4, ,332, ,
3, ,333, ,
1, ,330, ,
3, ,332, ,
3, ,332, ,
1, ,333, ,
4, ,330, ,
1, ,332, ,
1, ,331, ,
3, ,333, ,
3, ,331, ,
1, ,333, ,
4, ,331, ,
3, ,333, ,
1, ,331, ,
3, ,331, ,
3, ,331, ,
1, ,333, ,
4, ,331, ,
1, ,333, ,
1, ,332, ,
3, ,332, ,
3, ,331, ,
1, ,333, ,
4, ,330, ,
1, ,332, ,
1, ,331, ,
3, ,332, ,
3, ,332, ,
1, ,332, ,
3, ,330, ,
1, ,333, ,
1, ,332, ,
3, ,332, ,
3, ,330, ,
1, ,333, ,
4, ,330, ,
3, ,332, ,
1, ,330, ,
3, ,329, ,
3, ,329, ,
1, ,331, ,
4, ,331, ,
1, ,335, ,
1, ,334, ,
3, ,334, ,
3, ,332, ,
1, ,332, ,
4, ,329, ,
1, ,332, ,
1, ,330, ,
3, ,331, ,
3, ,332, ,
0, ,333, ,
3, ,330, ,
1, ,332, ,
1, ,331, ,
3, ,332, ,
3, ,331, ,
1, ,333, ,
3, ,330, ,
1, ,332, ,
1, ,330, ,
3, ,331, ,
3, ,331, ,
0, ,333, ,
3, ,330, ,
1, ,332, ,
1, ,331, ,
3, ,332, ,
1, ,331, ,
0, ,332, ,
3, ,331, ,
1, ,333, ,
1, ,331, ,
3, ,331, ,
3, ,331, ,
0, ,333, ,
3, ,331, ,
1, ,331, ,
1, ,331, ,
3, ,331, ,
3, ,331, ,
0, ,332, ,
3, ,331, ,
1, ,332, ,
1, ,331, ,
3, ,331, ,
3, ,331, ,
0, ,332, ,
3, ,330, ,
1, ,332, ,
1, ,331, ,
3, ,332, ,
1, ,331, ,
0, ,332, ,
3, ,331, ,
1, ,332, ,
1, ,330, ,
3, ,332, ,
3, ,331, ,
0, ,332, ,
3, ,330, ,
1, ,332, ,
1, ,331, ,
3, ,331, ,
1, ,331, ,
0, ,332, ,
3, ,330, ,
1, ,332, ,
1, ,331, ,
3, ,330, ,
3, ,332, ,
0, ,332, ,
3, ,330, ,
1, ,332, ,
1, ,331, ,
3, ,332, ,
1, ,331, ,
0, ,332, ,
3, ,331, ,
1, ,332, ,
1, ,331, ,
3, ,331, ,
1, ,331, ,
0, ,333, ,
3, ,330, ,
1, ,332, ,
1, ,332, ,
3, ,331, ,
1, ,332, ,
0, ,332, ,
3, ,332, ,
1, ,332, ,
0, ,330, ,
3, ,331, ,
3, ,331, ,
0, ,333, ,
3, ,329, ,
1, ,331, ,
1, ,330, ,
3, ,332, ,
1, ,331, ,
0, ,333, ,
3, ,330, ,
1, ,332, ,
1, ,331, ,
3, ,332, ,
1, ,332, ,
0, ,334, ,
3, ,331, ,
1, ,332, ,
1, ,331, ,
3, ,332, ,
1, ,331, ,
0, ,333, ,
3, ,331, ,
1, ,332, ,
1, ,332, ,
3, ,332, ,
1, ,331, ,
0, ,333, ,
3, ,331, ,
1, ,332, ,
1, ,332, ,
3, ,332, ,
1, ,331, ,
0, ,332, ,
3, ,331, ,
1, ,333, ,
0, ,331, ,
1, ,332, ,
1, ,332, ,
0, ,332, ,
3, ,330, ,
1, ,332, ,
1, ,332, ,
3, ,332, ,
1, ,331, ,
0, ,333, ,
3, ,329, ,
1, ,333, ,
1, ,331, ,
3, ,332, ,
3, ,332, ,
0, ,332, ,
3, ,331, ,
1, ,333, ,
1, ,332, ,
3, ,332, ,
1, ,331, ,
0, ,332, ,
3, ,332, ,
1, ,333, ,
0, ,330, ,
3, ,331, ,
1, ,332, ,
0, ,334, ,
3, ,330, ,
1, ,332, ,
1, ,332, ,
3, ,332, ,
1, ,331, ,
0, ,333, ,
3, ,331, ,
1, ,332, ,
0, ,331, ,
3, ,332, ,
1, ,331, ,
0, ,332, ,
3, ,331, ,
1, ,332, ,
1, ,331, ,
3, ,332, ,
1, ,331, ,
0, ,333, ,
3, ,332, ,
1, ,332, ,
1, ,331, ,
3, ,331, ,
1, ,331, ,
0, ,333, ,
3, ,331, ,
1, ,332, ,
1, ,332, ,
3, ,333, ,
1, ,331, ,
0, ,332, ,
3, ,332, ,
1, ,332, ,
1, ,331, ,
3, ,330, ,
1, ,331, ,
0, ,333, ,
3, ,331, ,
1, ,333, ,
1, ,331, ,
3, ,332, ,
1, ,331, ,
0, ,332, ,
3, ,330, ,
1, ,332, ,
0, ,331, ,
3, ,332, ,
1, ,331, ,
0, ,333, ,
3, ,331, ,
0, ,332, ,
1, ,330, ,
3, ,332, ,
1, ,331, ,
0, ,332, ,
3, ,332, ,
1, ,333, ,
0, ,331, ,
3, ,331, ,
1, ,332, ,
0, ,333, ,
3, ,331, ,
1, ,333, ,
1, ,332, ,
3, ,332, ,
1, ,331, ,
-1, ,332, ,
3, ,332, ,
1, ,333, ,
0, ,331, ,
3, ,331, ,
1, ,330, ,
0, ,333, ,
3, ,330, ,
1, ,332, ,
1, ,332, ,
4, ,332, ,
1, ,332, ,
0, ,333, ,
3, ,331, ,
1, ,332, ,
1, ,331, ,
3, ,331, ,
1, ,332, ,
0, ,333, ,
3, ,331, ,
1, ,333, ,
0, ,332, ,
3, ,332, ,
1, ,331, ,
0, ,333, ,
3, ,331, ,
1, ,333, ,
0, ,331, ,
1, ,332, ,
1, ,332, ,
0, ,333, ,
3, ,330, ,
1, ,332, ,
0, ,331, ,
3, ,331, ,
1, ,331, ,
0, ,333, ,
3, ,331, ,
1, ,332, ,
0, ,331, ,
3, ,332, ,
1, ,332, ,
0, ,334, ,
3, ,330, ,
1, ,332, ,
1, ,331, ,
3, ,332, ,
1, ,331, ,
0, ,333, ,
3, ,331, ,
1, ,332, ,
0, ,331, ,
3, ,331, ,
1, ,332, ,
0, ,333, ,
1, ,330, ,
0, ,332, ,
0, ,332, ,
3, ,333, ,
0, ,331, ,
0, ,332, ,
3, ,331, ,
1, ,332, ,
0, ,331, ,
3, ,332, ,
1, ,332, ,
0, ,333, ,
3, ,329, ,
1, ,332, ,
0, ,332, ,
3, ,332, ,
1, ,331, ,
0, ,333, ,
3, ,331, ,
1, ,332, ,
0, ,332, ,
3, ,331, ,
1, ,332, ,
0, ,333, ,
3, ,331, ,
1, ,332, ,
0, ,332, ,
3, ,331, ,
1, ,332, ,
0, ,333, ,
3, ,331, ,
1, ,333, ,
0, ,331, ,
3, ,333, ,
1, ,332, ,
0, ,333, ,
3, ,331, ,
0, ,332, ,
0, ,331, ,
3, ,332, ,
1, ,331, ,
-1, ,332, ,
3, ,331, ,
0, ,332, ,
0, ,331, ,
3, ,332, ,
1, ,332, ,
0, ,333, ,
3, ,330, ,
1, ,332, ,
1, ,333, ,
3, ,332, ,
1, ,331, ,
0, ,333, ,
3, ,331, ,
1, ,333, ,
0, ,332, ,
3, ,332, ,
1, ,332, ,
0, ,334, ,
1, ,330, ,
0, ,332, ,
0, ,332, ,
3, ,332, ,
1, ,331, ,
0, ,333, ,
3, ,332, ,
1, ,332, ,
0, ,331, ,
3, ,332, ,
1, ,332, ,
0, ,333, ,
3, ,330, ,
1, ,332, ,
0, ,332, ,
3, ,333, ,
1, ,331, ,
0, ,333, ,
3, ,331, ,
1, ,332, ,
0, ,331, ,
3, ,331, ,
1, ,332, ,
0, ,333, ,
3, ,330, ,
0, ,332, ,
1, ,331, ,
3, ,332, ,
1, ,331, ,
0, ,333, ,
3, ,332, ,
1, ,333, ,
0, ,331, ,
3, ,333, ,
1, ,332, ,
0, ,332, ,
3, ,330, ,
1, ,332, ,
0, ,332, ,
3, ,332, ,
1, ,331, ,
0, ,332, ,
3, ,331, ,
1, ,333, ,
0, ,331, ,
3, ,332, ,
1, ,331, ,
0, ,333, ,
3, ,331, ,
0, ,332, ,
0, ,332, ,
3, ,332, ,
1, ,331, ,
-1, ,333, ,
3, ,331, ,
0, ,332, ,
0, ,331, ,
3, ,332, ,
1, ,332, ,
0, ,333, ,
3, ,331, ,
0, ,332, ,
0, ,332, ,
3, ,333, ,
1, ,331, ,
0, ,332, ,
3, ,331, ,
0, ,332, ,
0, ,331, ,
3, ,331, ,
1, ,333, ,
0, ,333, ,
3, ,330, ,
1, ,332, ,
0, ,332, ,
3, ,333, ,
0, ,331, ,
-1, ,332, ,
3, ,331, ,
0, ,332, ,
0, ,331, ,
1, ,333, ,
1, ,332, ,
0, ,332, ,
3, ,330, ,
0, ,333, ,
0, ,332, ,
3, ,333, ,
1, ,330, ,
0, ,332, ,
1, ,331, ,
0, ,333, ,
0, ,331, ,
3, ,332, ,
1, ,331, ,
0, ,333, ,
3, ,330, ,
0, ,332, ,
0, ,333, ,
3, ,332, ,
1, ,333, ,
0, ,333, ,
3, ,331, ,
0, ,333, ,
0, ,331, ,
3, ,332, ,
1, ,332, ,
0, ,333, ,
1, ,330, ,
0, ,332, ,
0, ,332, ,
3, ,332, ,
1, ,331, ,
-1, ,333, ,
3, ,331, ,
1, ,332, ,
0, ,331, ,
3, ,332, ,
1, ,332, ,
0, ,333, ,
3, ,331, ,
0, ,332, ,
0, ,332, ,
3, ,332, ,
1, ,331, ,
0, ,333, ,
3, ,331, ,
0, ,333, ,
0, ,331, ,
3, ,332, ,
1, ,331, ,
0, ,333, ,
1, ,331, ,
0, ,332, ,
0, ,332, ,
3, ,333, ,
1, ,331, ,
0, ,332, ,
3, ,332, ,
1, ,332, ,
0, ,331, ,
3, ,332, ,
1, ,332, ,
0, ,334, ,
3, ,330, ,
0, ,332, ,
0, ,333, ,
3, ,332, ,
1, ,331, ,
-1, ,332, ,
1, ,331, ,
1, ,333, ,
0, ,330, ,
1, ,332, ,
1, ,332, ,
0, ,333, ,
3, ,330, ,
0, ,332, ,
1, ,332, ,
3, ,332, ,
1, ,331, ,
0, ,333, ,
3, ,332, ,
0, ,333, ,
0, ,331, ,
3, ,332, ,
1, ,331, ,
0, ,333, ,
3, ,331, ,
0, ,332, ,
0, ,332, ,
3, ,331, ,
1, ,331, ,
0, ,332, ,
3, ,331, ,
0, ,332, ,
0, ,331, ,
3, ,332, ,
1, ,332, ,
0, ,333, ,
1, ,331, ,
0, ,332, ,
0, ,332, ,
3, ,333, ,
1, ,331, ,
-1, ,333, ,
3, ,331, ,
0, ,332, ,
0, ,331, ,
3, ,331, ,
1, ,332, ,
0, ,333, ,
3, ,329, ,
0, ,332, ,
0, ,332, ,
3, ,332, ,
1, ,331, ,
0, ,332, ,
1, ,331, ,
0, ,332, ,
0, ,331, ,
3, ,331, ,
1, ,332, ,
0, ,333, ,
1, ,330, ,
0, ,332, ,
0, ,332, ,
3, ,332, ,
1, ,331, ,
0, ,333, ,
3, ,331, ,
1, ,332, ,
0, ,331, ,
3, ,332, ,
1, ,332, ,
0, ,333, ,
1, ,330, ,
0, ,332, ,
0, ,332, ,
3, ,332, ,
1, ,331, ,
-1, ,332, ,
3, ,331, ,
0, ,333, ,
0, ,331, ,
1, ,331, ,
1, ,332, ,
0, ,333, ,
3, ,331, ,
0, ,332, ,
0, ,332, ,
3, ,332, ,
1, ,331, ,
-1, ,333, ,
3, ,331, ,
0, ,332, ,
0, ,331, ,
3, ,332, ,
1, ,332, ,
0, ,333, ,
1, ,331, ,
0, ,331, ,
0, ,332, ,
3, ,333, ,
1, ,331, ,
-1, ,333, ,
3, ,332, ,
0, ,332, ,
0, ,332, ,
1, ,332, ,
1, ,332, ,
0, ,333, ,
3, ,331, ,
0, ,333, ,
0, ,332, ,
3, ,332, ,
0, ,331, ,
0, ,333, ,
1, ,331, ,
0, ,333, ,
0, ,331, ,
3, ,332, ,
1, ,332, ,
0, ,333, ,
3, ,330, ,
0, ,332, ,
0, ,332, ,
3, ,332, ,
1, ,331, ,
0, ,333, ,
3, ,331, ,
1, ,333, ,
0, ,332, ,
1, ,331, ,
1, ,332, ,
0, ,333, ,
1, ,331, ,
0, ,332, ,
0, ,333, ,
3, ,333, ,
1, ,332, ,
0, ,332, ,
1, ,331, ,
0, ,332, ,
0, ,332, ,
3, ,332, ,
1, ,331, ,
0, ,333, ,
1, ,330, ,
0, ,331, ,
0, ,332, ,
3, ,332, ,
0, ,330, ,
-1, ,332, ,
3, ,331, ,
0, ,333, ,
0, ,332, ,
3, ,332, ,
1, ,331, ,
0, ,333, ,
3, ,330, ,
0, ,332, ,
0, ,331, ,
3, ,331, ,
1, ,331, ,
0, ,333, ,
3, ,332, ,
0, ,333, ,
0, ,332, ,
3, ,331, ,
1, ,331, ,
0, ,333, ,
1, ,329, ,
0, ,333, ,
0, ,332, ,
3, ,332, ,
1, ,331, ,
-1, ,333, ,
3, ,331, ,
0, ,332, ,
0, ,331, ,
1, ,331, ,
1, ,331, ,
0, ,332, ,
3, ,330, ,
1, ,332, ,
0, ,331, ,
3, ,332, ,
1, ,330, ,
-1, ,332, ,
1, ,331, ,
0, ,333, ,
0, ,332, ,
1, ,332, ,
1, ,332, ,
0, ,333, ,
3, ,331, ,
0, ,332, ,
0, ,331, ,
3, ,332, ,
1, ,330, ,
-1, ,333, ,
3, ,330, ,
0, ,333, ,
0, ,330, ,
1, ,331, ,
1, ,331, ,
0, ,332, ,
3, ,329, ,
0, ,333, ,
0, ,331, ,
3, ,331, ,
1, ,331, ,
0, ,332, ,
1, ,331, ,
0, ,332, ,
0, ,331, ,
1, ,331, ,
1, ,331, ,
0, ,332, ,
1, ,331, ,
0, ,333, ,
0, ,332, ,
3, ,331, ,
1, ,332, ,
-1, ,333, ,
3, ,331, ,
0, ,332, ,
0, ,331, ,
1, ,332, ,
1, ,331, ,
0, ,333, ,
3, ,329, ,
0, ,332, ,
0, ,331, ,
1, ,332, ,
1, ,331, ,
-1, ,333, ,
3, ,331, ,
0, ,332, ,
0, ,331, ,
1, ,331, ,
1, ,332, ,
-1, ,332, ,
3, ,331, ,
0, ,332, ,
0, ,332, ,
3, ,332, ,
1, ,331, ,
-1, ,333, ,
3, ,331, ,
0, ,332, ,
0, ,331, ,
3, ,332, ,
1, ,331, ,
0, ,332, ,
3, ,329, ,
0, ,332, ,
0, ,332, ,
3, ,332, ,
1, ,331, ,
-1, ,333, ,
1, ,331, ,
0, ,332, ,
0, ,331, ,
3, ,332, ,
1, ,332, ,
0, ,333, ,
3, ,330, ,
0, ,332, ,
0, ,332, ,
3, ,332, ,
1, ,331, ,
-1, ,333, ,
3, ,331, ,
0, ,332, ,
0, ,331, ,
1, ,332, ,
0, ,332, ,
0, ,332, ,
1, ,331, ,
0, ,332, ,
0, ,332, ,
3, ,332, ,
1, ,331, ,
0, ,333, ,
3, ,331, ,
0, ,333, ,
0, ,331, ,
1, ,331, ,
0, ,332, ,
0, ,333, ,
3, ,331, ,
0, ,333, ,
0, ,333, ,
3, ,332, ,
1, ,331, ,
-1, ,333, ,
3, ,331, ,
0, ,332, ,
0, ,332, ,
1, ,331, ,
1, ,331, ,
0, ,333, ,
1, ,331, ,
0, ,333, ,
0, ,333, ,
3, ,332, ,
1, ,331, ,
-1, ,333, ,
1, ,331, ,
0, ,333, ,
0, ,331, ,
1, ,332, ,
1, ,332, ,
0, ,333, ,
3, ,329, ,
0, ,332, ,
0, ,332, ,
3, ,332, ,
1, ,330, ,
-1, ,333, ,
3, ,331, ,
0, ,332, ,
0, ,331, ,
1, ,332, ,
1, ,332, ,
-1, ,332, ,
1, ,330, ,
0, ,332, ,
0, ,332, ,
3, ,332, ,
1, ,331, ,
-1, ,333, ,
3, ,331, ,
0, ,332, ,
0, ,331, ,
3, ,331, ,
0, ,331, ,
0, ,333, ,
3, ,330, ,
0, ,332, ,
0, ,332, ,
3, ,332, ,
0, ,331, ,
-1, ,332, ,
3, ,331, ,
0, ,332, ,
0, ,331, ,
3, ,332, ,
1, ,331, ,
-1, ,332, ,
1, ,330, ,
0, ,331, ,
0, ,332, ,
1, ,331, ,
0, ,331, ,
-1, ,332, ,
3, ,331, ,
0, ,332, ,
-1, ,331, ,
3, ,332, ,
1, ,332, ,
0, ,332, ,
3, ,330, ,
0, ,333, ,
0, ,332, ,
3, ,331, ,
1, ,331, ,
0, ,333, ,
3, ,332, ,
0, ,333, ,
0, ,331, ,
1, ,331, ,
1, ,331, ,
0, ,333, ,
1, ,331, ,
0, ,332, ,
0, ,332, ,
3, ,332, ,
1, ,331, ,
0, ,333, ,
1, ,331, ,
0, ,332, ,
0, ,331, ,
3, ,332, ,
1, ,331, ,
0, ,333, ,
1, ,331, ,
0, ,332, ,
0, ,332, ,
3, ,331, ,
1, ,331, ,
-1, ,333, ,
1, ,331, ,
0, ,332, ,
0, ,332, ,
1, ,331, ,
1, ,331, ,
0, ,333, ,
1, ,330, ,
0, ,332, ,
0, ,332, ,
3, ,331, ,
1, ,331, ,
0, ,332, ,
1, ,331, ,
0, ,332, ,
0, ,331, ,
1, ,331, ,
1, ,332, ,
0, ,332, ,
1, ,330, ,
0, ,332, ,
0, ,331, ,
3, ,332, ,
1, ,330, ,
0, ,333, ,
1, ,331, ,
0, ,332, ,
0, ,331, ,
1, ,332, ,
1, ,332, ,
0, ,332, ,
1, ,331, ,
0, ,333, ,
0, ,332, ,
3, ,331, ,
1, ,331, ,
-1, ,332, ,
3, ,331, ,
0, ,333, ,
0, ,332, ,
1, ,331, ,
1, ,332, ,
0, ,332, ,
1, ,330, ,
0, ,332, ,
0, ,333, ,
3, ,332, ,
1, ,332, ,
0, ,332, ,
3, ,331, ,
1, ,332, ,
0, ,331, ,
1, ,331, ,
1, ,332, ,
0, ,333, ,
1, ,330, ,
0, ,331, ,
0, ,331, ,
3, ,332, ,
0, ,331, ,
-1, ,332, ,
3, ,331, ,
0, ,332, ,
1, ,331, ,
1, ,332, ,
1, ,332, ,
0, ,333, ,
3, ,332, ,
0, ,333, ,
1, ,331, ,
1, ,332, ,
1, ,332, ,
0, ,332, ,
3, ,331, ,
0, ,333, ,
0, ,331, ,
1, ,330, ,
1, ,332, ,
0, ,332, ,
3, ,331, ,
0, ,332, ,
0, ,332, ,
1, ,333, ,
1, ,332, ,
0, ,332, ,
1, ,331, ,
0, ,332, ,
0, ,332, ,
3, ,331, ,
0, ,332, ,
0, ,333, ,
3, ,331, ,
0, ,332, ,
0, ,331, ,
1, ,332, ,
1, ,331, ,
0, ,333, ,
3, ,331, ,
0, ,333, ,
0, ,331, ,
3, ,331, ,
1, ,332, ,
0, ,333, ,
3, ,331, ,
0, ,332, ,
0, ,333, ,
3, ,331, ,
1, ,331, ,
0, ,332, ,
1, ,331, ,
0, ,333, ,
0, ,331, ,
1, ,332, ,
1, ,331, ,
0, ,333, ,
1, ,331, ,
0, ,332, ,
0, ,332, ,
1, ,332, ,
1, ,331, ,
-1, ,333, ,
1, ,332, ,
0, ,333, ,
0, ,332, ,
3, ,332, ,
1, ,332, ,
0, ,333, ,
3, ,330, ,
0, ,332, ,
0, ,332, ,
1, ,332, ,
1, ,332, ,
-1, ,333, ,
1, ,331, ,
0, ,333, ,
0, ,331, ,
3, ,332, ,
1, ,332, ,
0, ,333, ,
3, ,330, ,
0, ,332, ,
0, ,332, ,
1, ,332, ,
1, ,331, ,
-1, ,332, ,
3, ,331, ,
0, ,332, ,
0, ,332, ,
3, ,332, ,
1, ,332, ,
0, ,333, ,
1, ,331, ,
0, ,332, ,
0, ,330, ,
3, ,330, ,
1, ,328, ,
-1, ,332, ,
1, ,333, ,
0, ,334, ,
0, ,334, ,
1, ,333, ,
1, ,330, ,
0, ,332, ,
3, ,329, ,
0, ,332, ,
0, ,331, ,
1, ,332, ,
0, ,332, ,
-1, ,332, ,
1, ,331, ,
0, ,332, ,
0, ,331, ,
3, ,331, ,
1, ,332, ,
-1, ,334, ,
3, ,330, ,
0, ,333, ,
0, ,331, ,
1, ,332, ,
1, ,331, ,
-1, ,332, ,
3, ,331, ,
0, ,332, ,
0, ,332, ,
1, ,332, ,
1, ,332, ,
0, ,333, ,
3, ,330, ,
0, ,332, ,
0, ,331, ,
1, ,331, ,
1, ,330, ,
-1, ,332, ,
3, ,331, ,
0, ,332, ,
0, ,331, ,
1, ,331, ,
1, ,331, ,
0, ,333, ,
3, ,329, ,
0, ,331, ,
0, ,332, ,
1, ,333, ,
1, ,333, ,
-1, ,333, ,
1, ,332, ,
0, ,332, ,
0, ,330, ,
3, ,332, ,
1, ,331, ,
0, ,332, ,
3, ,329, ,
0, ,333, ,
0, ,327, ,
3, ,330, ,
1, ,334, ,
-1, ,338, ,
3, ,332, ,
0, ,331, ,
0, ,329, ,
1, ,331, ,
1, ,331, ,
0, ,333, ,
3, ,332, ,
0, ,333, ,
0, ,331, ,
1, ,332, ,
1, ,331, ,
-1, ,333, ,
3, ,331, ,
0, ,333, ,
0, ,331, ,
3, ,332, ,
1, ,331, ,
0, ,333, ,
3, ,331, ,
0, ,333, ,
0, ,332, ,
1, ,332, ,
0, ,331, ,
-1, ,333, ,
3, ,331, ,
0, ,332, ,
0, ,330, ,
1, ,331, ,
1, ,331, ,
0, ,333, ,
3, ,330, ,
0, ,331, ,
0, ,331, ,
3, ,331, ,
1, ,331, ,
-1, ,332, ,
1, ,331, ,
0, ,332, ,
0, ,331, ,
1, ,332, ,
1, ,331, ,
-1, ,333, ,
1, ,330, ,
0, ,332, ,
0, ,333, ,
3, ,333, ,
1, ,332, ,
-1, ,333, ,
3, ,331, ,
0, ,332, ,
0, ,331, ,
3, ,332, ,
1, ,331, ,
-1, ,333, ,
3, ,331, ,
0, ,334, ,
0, ,332, ,
3, ,332, ,
1, ,331, ,
-1, ,333, ,
1, ,331, ,
0, ,333, ,
0, ,332, ,
3, ,332, ,
1, ,332, ,
0, ,333, ,
1, ,331, ,
0, ,332, ,
0, ,332, ,
3, ,332, ,
1, ,332, ,
0, ,332, ,
3, ,331, ,
0, ,333, ,
0, ,331, ,
3, ,332, ,
1, ,331, ,
0, ,332, ,
1, ,330, ,
0, ,332, ,
0, ,331, ,
1, ,332, ,
0, ,331, ,
-1, ,333, ,
3, ,331, ,
0, ,333, ,
0, ,332, ,
3, ,332, ,
1, ,331, ,
0, ,333, ,
3, ,330, ,
0, ,333, ,
0, ,333, ,
1, ,332, ,
0, ,331, ,
-1, ,333, ,
3, ,331, ,
0, ,333, ,
0, ,331, ,
1, ,332, ,
1, ,332, ,
-1, ,332, ,
3, ,331, ,
0, ,333, ,
0, ,332, ,
1, ,332, ,
1, ,332, ,
0, ,333, ,
3, ,331, ,
0, ,332, ,
0, ,331, ,
1, ,332, ,
1, ,333, ,
0, ,333, ,
1, ,330, ,
0, ,333, ,
0, ,332, ,
1, ,332, ,
1, ,332, ,
0, ,333, ,
3, ,331, ,
0, ,332, ,
0, ,331, ,
1, ,332, ,
1, ,332, ,
0, ,333, ,
3, ,330, ,
0, ,332, ,
0, ,332, ,
1, ,332, ,
1, ,332, ,
-1, ,333, ,
1, ,331, ,
0, ,333, ,
0, ,332, ,
1, ,331, ,
1, ,332, ,
0, ,332, ,
3, ,331, ,
0, ,332, ,
0, ,331, ,
1, ,332, ,
0, ,332, ,
-1, ,333, ,
1, ,331, ,
0, ,332, ,
0, ,331, ,
1, ,332, ,
1, ,332, ,
0, ,333, ,
3, ,331, ,
0, ,332, ,
0, ,332, ,
1, ,331, ,
1, ,331, ,
-1, ,333, ,
3, ,331, ,
0, ,332, ,
0, ,332, ,
3, ,332, ,
0, ,332, ,
0, ,333, ,
1, ,331, ,
0, ,332, ,
0, ,333, ,
1, ,332, ,
0, ,331, ,
-1, ,333, ,
1, ,331, ,
0, ,332, ,
0, ,331, ,
1, ,332, ,
1, ,332, ,
0, ,333, ,
3, ,329, ,
0, ,333, ,
0, ,332, ,
1, ,332, ,
1, ,332, ,
-1, ,332, ,
3, ,331, ,
0, ,333, ,
0, ,332, ,
3, ,332, ,
1, ,333, ,
-1, ,333, ,
1, ,331, ,
0, ,331, ,
0, ,331, ,
1, ,331, ,
1, ,331, ,
-1, ,333, ,
3, ,331, ,
0, ,332, ,
0, ,331, ,
1, ,332, ,
1, ,331, ,
0, ,333, ,
1, ,331, ,
0, ,332, ,
0, ,332, ,
1, ,332, ,
1, ,331, ,
-1, ,332, ,
3, ,332, ,
0, ,333, ,
0, ,332, ,
3, ,332, ,
1, ,331, ,
-1, ,332, ,
1, ,330, ,
0, ,332, ,
0, ,332, ,
3, ,332, ,
1, ,331, ,
0, ,332, ,
3, ,332, ,
0, ,331, ,
0, ,332, ,
1, ,332, ,
1, ,332, ,
0, ,333, ,
1, ,330, ,
0, ,332, ,
0, ,332, ,
1, ,333, ,
1, ,332, ,
-1, ,333, ,
3, ,331, ,
0, ,332, ,
0, ,331, ,
3, ,332, ,
1, ,332, ,
0, ,332, ,
3, ,331, ,
0, ,332, ,
0, ,332, ,
3, ,332, ,
0, ,332, ,
-1, ,332, ,
1, ,332, ,
0, ,332, ,
0, ,331, ,
1, ,332, ,
1, ,331, ,
-1, ,333, ,
1, ,329, ,
0, ,331, ,
0, ,332, ,
1, ,332, ,
1, ,331, ,
-1, ,332, ,
3, ,330, ,
0, ,332, ,
0, ,331, ,
3, ,332, ,
1, ,331, ,
0, ,333, ,
1, ,329, ,
0, ,332, ,
0, ,332, ,
3, ,333, ,
1, ,332, ,
-1, ,333, ,
3, ,332, ,
0, ,333, ,
0, ,330, ,
1, ,332, ,
1, ,332, ,
0, ,333, ,
3, ,330, ,
0, ,332, ,
0, ,332, ,
3, ,332, ,
0, ,331, ,
-1, ,333, ,
3, ,331, ,
0, ,332, ,
0, ,331, ,
1, ,331, ,
1, ,332, ,
0, ,332, ,
3, ,329, ,
0, ,332, ,
0, ,332, ,
3, ,333, ,
0, ,332, ,
-1, ,332, ,
1, ,332, ,
0, ,332, ,
0, ,332, ,
1, ,332, ,
1, ,333, ,
0, ,333, ,
3, ,330, ,
0, ,333, ,
0, ,332, ,
1, ,332, ,
0, ,331, ,
-1, ,332, ,
3, ,332, ,
0, ,332, ,
0, ,332, ,
1, ,331, ,
1, ,332, ,
0, ,333, ,
3, ,331, ,
0, ,332, ,
0, ,332, ,
1, ,332, ,
0, ,331, ,
-1, ,332, ,
1, ,331, ,
0, ,332, ,
0, ,331, ,
3, ,332, ,
1, ,332, ,
0, ,333, ,
1, ,331, ,
127, ,333, ,
74, ,333, ,
42, ,332, ,
28, ,331, ,
22, ,333, ,
14, ,331, ,
6, ,333, ,
4, ,331, ,
8, ,332, ,
5, ,332, ,
1, ,333, ,
4, ,330, ,
4, ,331, ,
3, ,332, ,
4, ,332, ,
3, ,331, ,
1, ,333, ,
5, ,331, ,
3, ,332, ,
3, ,331, ,
4, ,332, ,
4, ,331, ,
1, ,333, ,
4, ,331, ,
1, ,332, ,
3, ,332, ,
4, ,332, ,
3, ,331, ,
1, ,332, ,
5, ,331, ,
1, ,332, ,
3, ,332, ,
4, ,331, ,
4, ,331, ,
1, ,333, ,
4, ,330, ,
1, ,332, ,
3, ,332, ,
4, ,332, ,
3, ,332, ,
1, ,332, ,
4, ,332, ,
3, ,333, ,
3, ,332, ,
4, ,332, ,
4, ,332, ,
1, ,333, ,
4, ,331, ,
3, ,333, ,
3, ,332, ,
4, ,332, ,
3, ,332, ,
1, ,332, ,
4, ,331, ,
3, ,332, ,
3, ,332, ,
4, ,331, ,
3, ,331, ,
1, ,333, ,
4, ,331, ,
3, ,332, ,
3, ,332, ,
4, ,332, ,
3, ,332, ,
1, ,333, ,
4, ,332, ,
3, ,332, ,
1, ,331, ,
4, ,331, ,
3, ,331, ,
1, ,333, ,
4, ,329, ,
3, ,331, ,
1, ,332, ,
3, ,331, ,
3, ,331, ,
1, ,333, ,
4, ,331, ,
3, ,332, ,
1, ,332, ,
4, ,332, ,
4, ,332, ,
1, ,333, ,
4, ,330, ,
1, ,332, ,
1, ,332, ,
4, ,332, ,
3, ,331, ,
1, ,331, ,
4, ,331, ,
1, ,333, ,
1, ,332, ,
3, ,331, ,
3, ,332, ,
1, ,332, ,
4, ,329, ,
1, ,332, ,
3, ,332, ,
3, ,333, ,
3, ,332, ,
1, ,332, ,
4, ,331, ,
1, ,332, ,
1, ,330, ,
4, ,330, ,
3, ,331, ,
1, ,333, ,
5, ,331, ,
1, ,333, ,
1, ,332, ,
3, ,332, ,
3, ,332, ,
1, ,332, ,
4, ,331, ,
1, ,332, ,
3, ,332, ,
4, ,332, ,
3, ,332, ,
1, ,333, ,
4, ,331, ,
3, ,332, ,
1, ,332, ,
4, ,332, ,
3, ,331, ,
1, ,333, ,
4, ,331, ,
1, ,332, ,
1, ,331, ,
4, ,333, ,
3, ,332, ,
1, ,333, ,
4, ,330, ,
1, ,332, ,
1, ,332, ,
3, ,332, ,
3, ,332, ,
0, ,332, ,
4, ,332, ,
1, ,332, ,
1, ,332, ,
3, ,332, ,
3, ,332, ,
1, ,333, ,
4, ,331, ,
1, ,332, ,
1, ,331, ,
3, ,332, ,
3, ,331, ,
1, ,332, ,
4, ,331, ,
1, ,332, ,
1, ,331, ,
4, ,332, ,
3, ,333, ,
1, ,334, ,
4, ,331, ,
1, ,333, ,
1, ,332, ,
3, ,332, ,
3, ,331, ,
0, ,332, ,
4, ,331, ,
1, ,332, ,
1, ,331, ,
3, ,332, ,
3, ,332, ,
1, ,333, ,
3, ,330, ,
1, ,332, ,
1, ,332, ,
3, ,332, ,
3, ,331, ,
0, ,333, ,
4, ,331, ,
1, ,332, ,
1, ,332, ,
4, ,332, ,
3, ,332, ,
1, ,333, ,
4, ,331, ,
1, ,332, ,
1, ,331, ,
3, ,332, ,
3, ,332, ,
0, ,333, ,
4, ,332, ,
3, ,333, ,
1, ,330, ,
4, ,331, ,
3, ,332, ,
0, ,333, ,
3, ,331, ,
1, ,332, ,
1, ,332, ,
4, ,333, ,
3, ,331, ,
0, ,333, ,
3, ,332, ,
1, ,333, ,
1, ,331, ,
3, ,332, ,
3, ,332, ,
1, ,334, ,
4, ,331, ,
1, ,332, ,
1, ,331, ,
3, ,332, ,
3, ,332, ,
0, ,333, ,
4, ,331, ,
1, ,332, ,
1, ,331, ,
4, ,332, ,
3, ,332, ,
1, ,333, ,
3, ,331, ,
1, ,333, ,
1, ,332, ,
3, ,332, ,
3, ,331, ,
0, ,333, ,
4, ,332, ,
1, ,332, ,
1, ,331, ,
3, ,332, ,
3, ,332, ,
0, ,334, ,
3, ,330, ,
1, ,332, ,
1, ,332, ,
3, ,332, ,
3, ,331, ,
0, ,332, ,
3, ,331, ,
1, ,333, ,
1, ,331, ,
3, ,332, ,
1, ,331, ,
1, ,333, ,
3, ,331, ,
1, ,332, ,
1, ,333, ,
3, ,332, ,
3, ,332, ,
0, ,332, ,
4, ,331, ,
1, ,332, ,
1, ,330, ,
3, ,332, ,
3, ,332, ,
0, ,333, ,
4, ,330, ,
1, ,332, ,
1, ,332, ,
3, ,332, ,
3, ,331, ,
0, ,333, ,
3, ,331, ,
1, ,332, ,
1, ,331, ,
3, ,331, ,
3, ,332, ,
0, ,333, ,
3, ,331, ,
1, ,332, ,
1, ,332, ,
3, ,332, ,
3, ,331, ,
0, ,333, ,
3, ,331, ,
1, ,332, ,
1, ,331, ,
4, ,331, ,
1, ,332, ,
0, ,334, ,
3, ,331, ,
1, ,332, ,
1, ,332, ,
3, ,331, ,
1, ,331, ,
0, ,333, ,
4, ,331, ,
1, ,332, ,
1, ,331, ,
3, ,332, ,
1, ,331, ,
0, ,333, ,
3, ,331, ,
1, ,333, ,
1, ,332, ,
3, ,332, ,
1, ,331, ,
0, ,332, ,
3, ,331, ,
1, ,333, ,
1, ,333, ,
3, ,331, ,
1, ,332, ,
0, ,333, ,
3, ,330, ,
1, ,332, ,
1, ,332, ,
3, ,331, ,
1, ,332, ,
0, ,333, ,
3, ,331, ,
1, ,332, ,
1, ,330, ,
3, ,331, ,
1, ,332, ,
0, ,333, ,
3, ,330, ,
1, ,332, ,
1, ,332, ,
3, ,332, ,
1, ,330, ,
0, ,333, ,
3, ,331, ,
1, ,333, ,
1, ,331, ,
3, ,332, ,
3, ,332, ,
0, ,333, ,
3, ,330, ,
1, ,332, ,
1, ,331, ,
3, ,332, ,
1, ,331, ,
0, ,333, ,
3, ,331, ,
1, ,333, ,
1, ,331, ,
3, ,331, ,
1, ,331, ,
0, ,333, ,
3, ,330, ,
1, ,331, ,
1, ,331, ,
3, ,332, ,
1, ,331, ,
0, ,333, ,
3, ,331, ,
1, ,332, ,
1, ,331, ,
3, ,332, ,
1, ,332, ,
0, ,333, ,
3, ,331, ,
1, ,332, ,
1, ,333, ,
3, ,332, ,
1, ,331, ,
0, ,333, ,
3, ,331, ,
1, ,332, ,
1, ,332, ,
3, ,331, ,
1, ,331, ,
0, ,333, ,
3, ,329, ,
1, ,331, ,
1, ,332, ,
3, ,332, ,
1, ,331, ,
0, ,332, ,
3, ,331, ,
1, ,333, ,
1, ,331, ,
3, ,332, ,
1, ,332, ,
0, ,333, ,
3, ,331, ,
1, ,332, ,
1, ,332, ,
3, ,331, ,
1, ,331, ,
0, ,332, ,
3, ,332, ,
1, ,332, ,
1, ,331, ,
3, ,331, ,
1, ,332, ,
0, ,333, ,
3, ,331, ,
1, ,332, ,
1, ,332, ,
3, ,332, ,
1, ,331, ,
0, ,333, ,
3, ,332, ,
1, ,332, ,
1, ,331, ,
3, ,332, ,
1, ,332, ,
0, ,334, ,
3, ,331, ,
85, ,332, ,
56, ,332, ,
39, ,332, ,
27, ,331, ,
15, ,332, ,
11, ,331, ,
8, ,333, ,
6, ,331, ,
8, ,331, ,
5, ,331, ,
1, ,333, ,
5, ,329, ,
3, ,331, ,
3, ,333, ,
4, ,332, ,
3, ,331, ,
1, ,334, ,
5, ,331, ,
1, ,332, ,
3, ,331, ,
4, ,331, ,
4, ,332, ,
1, ,333, ,
5, ,330, ,
3, ,332, ,
3, ,332, ,
4, ,331, ,
3, ,331, ,
1, ,333, ,
4, ,331, ,
3, ,332, ,
3, ,331, ,
4, ,331, ,
4, ,331, ,
1, ,333, ,
5, ,330, ,
3, ,331, ,
3, ,332, ,
4, ,332, ,
3, ,331, ,
1, ,333, ,
5, ,331, ,
3, ,332, ,
3, ,331, ,
4, ,332, ,
3, ,332, ,
1, ,333, ,
5, ,330, ,
3, ,332, ,
1, ,332, ,
4, ,331, ,
3, ,332, ,
1, ,333, ,
5, ,331, ,
3, ,332, ,
1, ,331, ,
4, ,332, ,
3, ,331, ,
1, ,333, ,
4, ,330, ,
1, ,332, ,
3, ,332, ,
4, ,333, ,
3, ,331, ,
1, ,333, ,
4, ,332, ,
1, ,333, ,
3, ,331, ,
4, ,332, ,
3, ,332, ,
1, ,334, ,
4, ,331, ,
3, ,332, ,
3, ,332, ,
4, ,332, ,
3, ,331, ,
1, ,333, ,
4, ,331, ,
1, ,333, ,
3, ,332, ,
4, ,332, ,
3, ,331, ,
1, ,333, ,
4, ,330, ,
1, ,333, ,
3, ,332, ,
4, ,332, ,
3, ,332, ,
1, ,333, ,
4, ,331, ,
3, ,332, ,
3, ,331, ,
4, ,332, ,
3, ,331, ,
1, ,333, ,
4, ,330, ,
3, ,332, ,
1, ,333, ,
4, ,332, ,
3, ,331, ,
1, ,333, ,
4, ,331, ,
3, ,332, ,
1, ,331, ,
3, ,331, ,
3, ,332, ,
1, ,333, ,
4, ,331, ,
1, ,332, ,
1, ,332, ,
3, ,331, ,
3, ,331, ,
1, ,332, ,
4, ,331, ,
3, ,332, ,
1, ,332, ,
4, ,332, ,
3, ,331, ,
1, ,333, ,
4, ,331, ,
1, ,333, ,
1, ,332, ,
4, ,332, ,
3, ,332, ,
1, ,333, ,
4, ,330, ,
1, ,333, ,
3, ,332, ,
3, ,332, ,
3, ,332, ,
1, ,333, ,
4, ,331, ,
1, ,332, ,
1, ,332, ,
3, ,332, ,
3, ,331, ,
1, ,333, ,
4, ,331, ,
1, ,332, ,
1, ,331, ,
4, ,332, ,
3, ,332, ,
1, ,333, ,
4, ,331, ,
1, ,332, ,
1, ,332, ,
3, ,333, ,
3, ,330, ,
0, ,332, ,
4, ,331, ,
1, ,332, ,
1, ,333, ,
4, ,332, ,
3, ,333, ,
1, ,332, ,
4, ,331, ,
1, ,333, ,
3, ,331, ,
3, ,332, ,
3, ,331, ,
1, ,333, ,
4, ,331, ,
1, ,333, ,
1, ,332, ,
4, ,331, ,
3, ,332, ,
1, ,333, ,
4, ,331, ,
1, ,332, ,
1, ,332, ,
3, ,332, ,
3, ,332, ,
0, ,333, ,
4, ,331, ,
3, ,332, ,
1, ,332, ,
4, ,331, ,
3, ,332, ,
1, ,333, ,
3, ,331, ,
1, ,333, ,
1, ,332, ,
3, ,332, ,
3, ,331, ,
0, ,333, ,
4, ,331, ,
1, ,332, ,
1, ,331, ,
3, ,332, ,
3, ,332, ,
1, ,333, ,
4, ,330, ,
1, ,332, ,
1, ,332, ,
3, ,332, ,
3, ,331, ,
0, ,332, ,
4, ,332, ,
1, ,334, ,
1, ,332, ,
3, ,331, ,
3, ,331, ,
0, ,332, ,
4, ,330, ,
1, ,332, ,
1, ,332, ,
3, ,332, ,
3, ,331, ,
0, ,333, ,
4, ,332, ,
1, ,332, ,
1, ,331, ,
3, ,331, ,
3, ,332, ,
0, ,333, ,
4, ,331, ,
1, ,332, ,
1, ,332, ,
3, ,332, ,
3, ,332, ,
0, ,333, ,
3, ,331, ,
1, ,332, ,
1, ,331, ,
3, ,332, ,
3, ,332, ,
1, ,333, ,
3, ,331, ,
1, ,332, ,
1, ,332, ,
3, ,332, ,
3, ,330, ,
0, ,332, ,
4, ,331, ,
1, ,332, ,
1, ,331, ,
3, ,332, ,
3, ,332, ,
0, ,333, ,
3, ,331, ,
1, ,332, ,
1, ,332, ,
4, ,332, ,
1, ,331, ,
0, ,333, ,
3, ,331, ,
1, ,332, ,
1, ,331, ,
3, ,330, ,
3, ,330, ,
0, ,332, ,
3, ,329, ,
1, ,333, ,
1, ,335, ,
3, ,334, ,
1, ,333, ,
0, ,333, ,
3, ,330, ,
1, ,329, ,
1, ,330, ,
3, ,330, ,
1, ,332, ,
0, ,333, ,
3, ,331, ,
1, ,332, ,
1, ,332, ,
3, ,332, ,
1, ,331, ,
0, ,332, ,
3, ,331, ,
1, ,332, ,
1, ,331, ,
3, ,332, ,
1, ,330, ,
0, ,332, ,
3, ,329, ,
1, ,331, ,
1, ,332, ,
3, ,331, ,
3, ,331, ,
0, ,333, ,
3, ,331, ,
1, ,332, ,
1, ,330, ,
3, ,331, ,
3, ,331, ,
0, ,332, ,
3, ,330, ,
1, ,333, ,
1, ,331, ,
3, ,332, ,
1, ,330, ,
0, ,332, ,
3, ,331, ,
1, ,332, ,
1, ,330, ,
3, ,330, ,
1, ,331, ,
0, ,332, ,
3, ,330, ,
1, ,332, ,
1, ,332, ,
3, ,332, ,
1, ,331, ,
0, ,333, ,
3, ,331, ,
1, ,332, ,
1, ,330, ,
4, ,331, ,
3, ,332, ,
0, ,332, ,
3, ,330, ,
1, ,332, ,
1, ,332, ,
3, ,332, ,
3, ,331, ,
0, ,333, ,
3, ,331, ,
1, ,331, ,
1, ,331, ,
3, ,331, ,
1, ,332, ,
0, ,333, ,
3, ,331, ,
1, ,332, ,
1, ,332, ,
3, ,331, ,
1, ,331, ,
0, ,333, ,
3, ,331, ,
1, ,333, ,
1, ,331, ,
3, ,332, ,
1, ,331, ,
0, ,332, ,
3, ,330, ,
1, ,332, ,
1, ,330, ,
3, ,332, ,
1, ,331, ,
0, ,333, ,
3, ,331, ,
1, ,333, ,
1, ,331, ,
3, ,331, ,
1, ,331, ,
0, ,332, ,
3, ,329, ,
1, ,332, ,
1, ,332, ,
3, ,331, ,
1, ,331, ,
0, ,332, ,
3, ,330, ,
1, ,332, ,
1, ,332, ,
3, ,331, ,
1, ,333, ,
0, ,333, ,
3, ,331, ,
1, ,332, ,
1, ,332, ,
3, ,332, ,
1, ,331, ,
0, ,333, ,
3, ,332, ,
1, ,333, ,
1, ,331, ,
3, ,332, ,
1, ,332, ,
0, ,333, ,
3, ,331, ,
1, ,332, ,
1, ,332, ,
3, ,332, ,
1, ,332, ,
0, ,333, ,
3, ,332, ,
1, ,333, ,
1, ,332, ,
3, ,332, ,
1, ,332, ,
0, ,333, ,
3, ,331, ,
1, ,333, ,
1, ,332, ,
3, ,332, ,
1, ,331, ,
0, ,333, ,
3, ,332, ,
1, ,333, ,
1, ,331, ,
3, ,332, ,
1, ,331, ,
0, ,333, ,
3, ,330, ,
1, ,333, ,
1, ,332, ,
3, ,332, ,
1, ,330, ,
0, ,333, ,
3, ,331, ,
1, ,332, ,
1, ,331, ,
3, ,332, ,
1, ,332, ,
0, ,333, ,
3, ,331, ,
1, ,333, ,
1, ,332, ,
3, ,331, ,
1, ,331, ,
0, ,333, ,
3, ,331, ,
1, ,333, ,
1, ,332, ,
3, ,332, ,
1, ,332, ,
0, ,333, ,
3, ,331, ,
1, ,332, ,
1, ,333, ,
3, ,331, ,
1, ,331, ,
0, ,332, ,
3, ,331, ,
1, ,332, ,
1, ,332, ,
3, ,332, ,
1, ,332, ,
0, ,333, ,
3, ,330, ,
1, ,332, ,
1, ,333, ,
3, ,332, ,
1, ,331, ,
0, ,333, ,
3, ,331, ,
1, ,332, ,
1, ,331, ,
3, ,332, ,
1, ,331, ,
0, ,333, ,
3, ,331, ,
1, ,332, ,
1, ,332, ,
3, ,332, ,
1, ,331, ,
0, ,333, ,
3, ,332, ,
1, ,333, ,
1, ,331, ,
3, ,332, ,
1, ,332, ,
0, ,333, ,
3, ,330, ,
1, ,332, ,
1, ,332, ,
3, ,332, ,
1, ,332, ,
0, ,333, ,
3, ,332, ,
1, ,333, ,
1, ,332, ,
3, ,332, ,
1, ,331, ,
0, ,332, ,
3, ,331, ,
1, ,332, ,
1, ,333, ,
3, ,332, ,
1, ,331, ,
0, ,333, ,
3, ,332, ,
1, ,333, ,
1, ,331, ,
3, ,332, ,
1, ,332, ,
0, ,333, ,
3, ,330, ,
1, ,332, ,
1, ,332, ,
3, ,332, ,
1, ,331, ,
0, ,333, ,
3, ,332, ,
1, ,332, ,
1, ,331, ,
3, ,332, ,
1, ,331, ,
0, ,333, ,
3, ,331, ,
1, ,333, ,
1, ,332, ,
3, ,332, ,
1, ,331, ,
0, ,333, ,
3, ,332, ,
1, ,332, ,
1, ,331, ,
3, ,331, ,
1, ,332, ,
0, ,333, ,
3, ,331, ,
0, ,333, ,
1, ,333, ,
3, ,333, ,
1, ,332, ,
0, ,333, ,
3, ,332, ,
1, ,333, ,
0, ,331, ,
3, ,332, ,
1, ,332, ,
0, ,333, ,
3, ,331, ,
1, ,333, ,
1, ,333, ,
3, ,332, ,
1, ,331, ,
0, ,333, ,
3, ,331, ,
1, ,333, ,
1, ,332, ,
3, ,332, ,
1, ,332, ,
0, ,334, ,
3, ,331, ,
0, ,333, ,
1, ,332, ,
3, ,332, ,
1, ,331, ,
0, ,334, ,
3, ,332, ,
1, ,333, ,
0, ,332, ,
3, ,332, ,
1, ,331, ,
0, ,334, ,
3, ,331, ,
1, ,333, ,
1, ,332, ,
3, ,332, ,
1, ,331, ,
0, ,333, ,
3, ,332, ,
1, ,332, ,
1, ,331, ,
3, ,332, ,
1, ,332, ,
0, ,333, ,
3, ,330, ,
0, ,332, ,
0, ,332, ,
3, ,332, ,
1, ,332, ,
-1, ,333, ,
3, ,332, ,
1, ,333, ,
0, ,332, ,
3, ,332, ,
1, ,331, ,
0, ,333, ,
3, ,331, ,
1, ,333, ,
0, ,333, ,
3, ,333, ,
1, ,332, ,
0, ,333, ,
3, ,331, ,
1, ,333, ,
1, ,332, ,
3, ,333, ,
1, ,332, ,
0, ,334, ,
3, ,331, ,
1, ,332, ,
0, ,333, ,
3, ,332, ,
1, ,331, ,
0, ,333, ,
3, ,332, ,
1, ,333, ,
1, ,332, ,
1, ,332, ,
1, ,331, ,
0, ,333, ,
3, ,330, ,
0, ,332, ,
0, ,333, ,
3, ,333, ,
1, ,333, ,
-1, ,333, ,
3, ,333, ,
1, ,333, ,
1, ,331, ,
3, ,331, ,
1, ,332, ,
0, ,333, ,
3, ,331, ,
0, ,334, ,
0, ,332, ,
3, ,332, ,
1, ,331, ,
-1, ,332, ,
1, ,331, ,
0, ,332, ,
0, ,331, ,
3, ,332, ,
1, ,331, ,
0, ,334, ,
3, ,330, ,
0, ,332, ,
0, ,333, ,
3, ,333, ,
1, ,331, ,
0, ,333, ,
3, ,332, ,
0, ,333, ,
0, ,331, ,
3, ,332, ,
1, ,332, ,
0, ,333, ,
3, ,331, ,
0, ,332, ,
0, ,332, ,
3, ,332, ,
1, ,332, ,
0, ,333, ,
3, ,331, ,
0, ,333, ,
0, ,331, ,
3, ,332, ,
1, ,332, ,
0, ,333, ,
3, ,331, ,
0, ,332, ,
0, ,333, ,
3, ,333, ,
1, ,332, ,
0, ,334, ,
3, ,331, ,
1, ,333, ,
0, ,331, ,
3, ,332, ,
1, ,332, ,
0, ,333, ,
3, ,331, ,
0, ,332, ,
1, ,332, ,
3, ,333, ,
1, ,331, ,
0, ,333, ,
3, ,331, ,
0, ,333, ,
0, ,332, ,
3, ,332, ,
1, ,332, ,
0, ,333, ,
3, ,331, ,
0, ,332, ,
0, ,332, ,
3, ,332, ,
1, ,331, ,
0, ,333, ,
3, ,331, ,
1, ,332, ,
0, ,331, ,
3, ,332, ,
1, ,332, ,
0, ,333, ,
1, ,331, ,
0, ,333, ,
1, ,330, ,
3, ,328, ,
1, ,332, ,
0, ,338, ,
3, ,335, ,
0, ,332, ,
0, ,329, ,
3, ,332, ,
1, ,332, ,
0, ,334, ,
3, ,331, ,
0, ,333, ,
0, ,332, ,
3, ,332, ,
1, ,332, ,
0, ,334, ,
3, ,331, ,
0, ,332, ,
0, ,332, ,
3, ,332, ,
1, ,332, ,
0, ,332, ,
3, ,329, ,
0, ,335, ,
0, ,333, ,
3, ,332, ,
1, ,331, ,
0, ,332, ,
3, ,331, ,
0, ,334, ,
0, ,333, ,
3, ,331, ,
1, ,332, ,
0, ,333, ,
1, ,331, ,
0, ,333, ,
0, ,332, ,
3, ,332, ,
1, ,331, ,
0, ,333, ,
3, ,332, ,
0, ,332, ,
0, ,332, ,
3, ,332, ,
1, ,332, ,
0, ,333, ,
3, ,330, ,
0, ,332, ,
0, ,331, ,
3, ,332, ,
1, ,331, ,
0, ,333, ,
3, ,331, ,
0, ,333, ,
0, ,332, ,
3, ,332, ,
1, ,332, ,
0, ,333, ,
3, ,330, ,
0, ,332, ,
0, ,332, ,
1, ,332, ,
1, ,331, ,
-1, ,332, ,
3, ,331, ,
0, ,332, ,
0, ,332, ,
3, ,331, ,
1, ,331, ,
0, ,334, ,
3, ,331, ,
0, ,333, ,
0, ,333, ,
3, ,332, ,
1, ,330, ,
0, ,331, ,
3, ,331, ,
0, ,332, ,
0, ,331, ,
3, ,332, ,
1, ,332, ,
0, ,333, ,
3, ,330, ,
0, ,332, ,
0, ,332, ,
1, ,332, ,
1, ,331, ,
0, ,333, ,
3, ,331, ,
0, ,332, ,
0, ,331, ,
1, ,332, ,
1, ,332, ,
0, ,332, ,
1, ,330, ,
0, ,333, ,
0, ,331, ,
1, ,332, ,
1, ,331, ,
-1, ,333, ,
3, ,331, ,
0, ,333, ,
0, ,332, ,
1, ,332, ,
1, ,332, ,
0, ,333, ,
3, ,330, ,
0, ,332, ,
0, ,333, ,
3, ,332, ,
1, ,331, ,
0, ,333, ,
3, ,331, ,
0, ,332, ,
0, ,332, ,
3, ,332, ,
1, ,331, ,
0, ,333, ,
1, ,331, ,
0, ,332, ,
0, ,331, ,
3, ,332, ,
1, ,332, ,
0, ,332, ,
3, ,332, ,
0, ,332, ,
0, ,331, ,
1, ,331, ,
1, ,332, ,
0, ,333, ,
1, ,330, ,
0, ,332, ,
0, ,332, ,
3, ,332, ,
1, ,331, ,
0, ,333, ,
3, ,332, ,
1, ,333, ,
0, ,331, ,
3, ,331, ,
1, ,332, ,
0, ,334, ,
3, ,331, ,
0, ,333, ,
0, ,332, ,
1, ,332, ,
1, ,331, ,
0, ,332, ,
3, ,331, ,
1, ,332, ,
0, ,331, ,
3, ,333, ,
1, ,332, ,
0, ,332, ,
3, ,331, ,
0, ,333, ,
0, ,332, ,
3, ,333, ,
1, ,332, ,
0, ,332, ,
3, ,331, ,
0, ,332, ,
0, ,332, ,
1, ,331, ,
1, ,332, ,
0, ,334, ,
3, ,331, ,
0, ,332, ,
0, ,332, ,
3, ,332, ,
1, ,331, ,
-1, ,332, ,
3, ,331, ,
0, ,332, ,
0, ,331, ,
1, ,332, ,
1, ,332, ,
0, ,333, ,
3, ,330, ,
0, ,332, ,
0, ,332, ,
1, ,332, ,
1, ,331, ,
-1, ,333, ,
3, ,332, ,
0, ,332, ,
0, ,331, ,
1, ,331, ,
1, ,332, ,
0, ,333, ,
3, ,330, ,
0, ,332, ,
0, ,331, ,
3, ,332, ,
1, ,332, ,
-1, ,329, ,
3, ,331, ,
0, ,335, ,
0, ,334, ,
1, ,331, ,
1, ,331, ,
0, ,332, ,
3, ,331, ,
0, ,332, ,
0, ,333, ,
1, ,332, ,
0, ,331, ,
-1, ,333, ,
1, ,331, ,
0, ,332, ,
0, ,332, ,
1, ,332, ,
1, ,332, ,
0, ,333, ,
3, ,331, ,
0, ,333, ,
0, ,332, ,
3, ,332, ,
1, ,332, ,
-1, ,333, ,
1, ,331, ,
0, ,333, ,
0, ,331, ,
1, ,332, ,
1, ,332, ,
0, ,333, ,
3, ,331, ,
0, ,333, ,
0, ,333, ,
3, ,332, ,
1, ,331, ,
0, ,333, ,
3, ,331, ,
0, ,332, ,
0, ,331, ,
3, ,332, ,
1, ,332, ,
0, ,333, ,
1, ,331, ,
0, ,332, ,
0, ,332, ,
3, ,332, ,
0, ,331, ,
-1, ,332, ,
3, ,331, ,
0, ,334, ,
0, ,331, ,
1, ,331, ,
1, ,331, ,
0, ,333, ,
3, ,332, ,
0, ,332, ,
0, ,332, ,
1, ,332, ,
1, ,331, ,
-1, ,333, ,
3, ,331, ,
0, ,332, ,
0, ,332, ,
3, ,331, ,
1, ,331, ,
0, ,332, ,
3, ,331, ,
0, ,332, ,
0, ,331, ,
3, ,333, ,
1, ,332, ,
0, ,333, ,
3, ,331, ,
0, ,332, ,
0, ,332, ,
1, ,332, ,
1, ,332, ,
0, ,332, ,
3, ,330, ,
0, ,333, ,
0, ,332, ,
1, ,332, ,
1, ,332, ,
-1, ,333, ,
3, ,330, ,
0, ,333, ,
0, ,332, ,
1, ,332, ,
1, ,332, ,
0, ,333, ,
3, ,331, ,
0, ,333, ,
0, ,331, ,
3, ,332, ,
1, ,331, ,
0, ,333, ,
1, ,331, ,
0, ,332, ,
0, ,331, ,
3, ,332, ,
1, ,330, ,
0, ,333, ,
3, ,331, ,
0, ,332, ,
0, ,331, ,
1, ,332, ,
0, ,330, ,
0, ,333, ,
3, ,331, ,
0, ,333, ,
0, ,331, ,
1, ,331, ,
1, ,331, ,
0, ,333, ,
3, ,331, ,
0, ,332, ,
0, ,332, ,
1, ,331, ,
1, ,331, ,
0, ,333, ,
3, ,331, ,
0, ,332, ,
0, ,331, ,
3, ,332, ,
1, ,331, ,
0, ,333, ,
3, ,331, ,
0, ,332, ,
0, ,331, ,
1, ,332, ,
1, ,331, ,
-1, ,333, ,
1, ,330, ,
0, ,333, ,
0, ,332, ,
1, ,333, ,
1, ,332, ,
0, ,332, ,
3, ,331, ,
0, ,332, ,
0, ,332, ,
1, ,332, ,
1, ,331, ,
-1, ,333, ,
1, ,331, ,
0, ,332, ,
0, ,332, ,
1, ,331, ,
1, ,331, ,
0, ,333, ,
3, ,331, ,
0, ,332, ,
0, ,332, ,
1, ,332, ,
0, ,331, ,
0, ,332, ,
3, ,331, ,
0, ,332, ,
0, ,330, ,
1, ,331, ,
1, ,331, ,
0, ,336, ,
1, ,331, ,
0, ,333, ,
0, ,332, ,
1, ,332, ,
1, ,330, ,
-1, ,331, ,
1, ,331, ,
0, ,332, ,
0, ,331, ,
1, ,332, ,
1, ,332, ,
0, ,334, ,
3, ,331, ,
0, ,333, ,
0, ,332, ,
1, ,332, ,
1, ,331, ,
0, ,333, ,
3, ,331, ,
0, ,332, ,
0, ,330, ,
3, ,331, ,
1, ,330, ,
0, ,332, ,
1, ,331, ,
0, ,332, ,
0, ,332, ,
1, ,333, ,
0, ,332, ,
-1, ,333, ,
3, ,332, ,
0, ,333, ,
114, ,331, ,
80, ,332, ,
56, ,332, ,
34, ,333, ,
22, ,330, ,
13, ,332, ,
9, ,331, ,
10, ,332, ,
8, ,330, ,
3, ,332, ,
5, ,330, ,
4, ,332, ,
3, ,331, ,
5, ,330, ,
3, ,331, ,
1, ,332, ,
4, ,329, ,
3, ,332, ,
3, ,332, ,
4, ,332, ,
3, ,332, ,
1, ,333, ,
5, ,332, ,
3, ,333, ,
3, ,332, ,
4, ,332, ,
3, ,332, ,
1, ,333, ,
4, ,330, ,
3, ,332, ,
3, ,331, ,
4, ,332, ,
3, ,331, ,
1, ,333, ,
4, ,331, ,
1, ,334, ,
3, ,332, ,
4, ,332, ,
4, ,332, ,
1, ,333, ,
4, ,330, ,
1, ,332, ,
3, ,332, ,
4, ,331, ,
3, ,331, ,
1, ,332, ,
4, ,331, ,
3, ,332, ,
3, ,331, ,
4, ,331, ,
3, ,331, ,
1, ,333, ,
4, ,331, ,
3, ,333, ,
1, ,332, ,
4, ,333, ,
3, ,332, ,
1, ,334, ,
4, ,332, ,
1, ,333, ,
1, ,332, ,
4, ,332, ,
4, ,332, ,
1, ,333, ,
4, ,330, ,
1, ,332, ,
3, ,332, ,
3, ,332, ,
3, ,331, ,
1, ,332, ,
4, ,331, ,
3, ,332, ,
1, ,331, ,
3, ,331, ,
3, ,331, ,
1, ,333, ,
4, ,329, ,
3, ,332, ,
1, ,331, ,
4, ,331, ,
3, ,331, ,
1, ,332, ,
4, ,331, ,
1, ,332, ,
1, ,331, ,
3, ,332, ,
4, ,332, ,
1, ,333, ,
4, ,331, ,
1, ,333, ,
1, ,333, ,
3, ,333, ,
3, ,332, ,
1, ,333, ,
4, ,332, ,
3, ,333, ,
3, ,332, ,
4, ,333, ,
3, ,331, ,
1, ,333, ,
4, ,330, ,
1, ,332, ,
1, ,332, ,
4, ,331, ,
3, ,331, ,
1, ,333, ,
4, ,331, ,
3, ,332, ,
3, ,332, ,
4, ,331, ,
3, ,333, ,
1, ,334, ,
4, ,331, ,
1, ,332, ,
1, ,333, ,
3, ,332, ,
3, ,332, ,
1, ,333, ,
4, ,332, ,
1, ,332, ,
1, ,330, ,
3, ,331, ,
4, ,332, ,
1, ,333, ,
4, ,331, ,
1, ,332, ,
3, ,332, ,
3, ,331, ,
3, ,331, ,
1, ,332, ,
4, ,332, ,
1, ,333, ,
3, ,332, ,
4, ,332, ,
3, ,332, ,
1, ,333, ,
4, ,329, ,
1, ,332, ,
3, ,332, ,
3, ,332, ,
3, ,331, ,
1, ,332, ,
4, ,332, ,
3, ,334, ,
1, ,332, ,
3, ,332, ,
3, ,332, ,
1, ,333, ,
4, ,331, ,
1, ,332, ,
1, ,332, ,
3, ,332, ,
3, ,330, ,
1, ,333, ,
4, ,331, ,
1, ,333, ,
1, ,332, ,
3, ,332, ,
3, ,332, ,
1, ,334, ,
4, ,330, ,
1, ,332, ,
3, ,333, ,
3, ,333, ,
3, ,332, ,
1, ,333, ,
4, ,332, ,
1, ,333, ,
1, ,330, ,
3, ,331, ,
3, ,331, ,
1, ,332, ,
4, ,329, ,
1, ,332, ,
1, ,331, ,
4, ,332, ,
3, ,331, ,
0, ,333, ,
4, ,331, ,
1, ,332, ,
1, ,331, ,
3, ,332, ,
3, ,333, ,
1, ,333, ,
3, ,331, ,
1, ,333, ,
1, ,333, ,
3, ,333, ,
3, ,332, ,
0, ,333, ,
4, ,331, ,
1, ,333, ,
1, ,332, ,
3, ,332, ,
3, ,333, ,
1, ,333, ,
3, ,331, ,
1, ,333, ,
1, ,332, ,
3, ,332, ,
3, ,332, ,
0, ,333, ,
4, ,331, ,
1, ,332, ,
1, ,331, ,
3, ,332, ,
3, ,332, ,
0, ,333, ,
4, ,330, ,
1, ,333, ,
1, ,332, ,
3, ,332, ,
3, ,331, ,
0, ,332, ,
4, ,331, ,
1, ,330, ,
1, ,328, ,
3, ,330, ,
3, ,332, ,
0, ,336, ,
3, ,333, ,
1, ,334, ,
1, ,333, ,
3, ,331, ,
3, ,330, ,
0, ,332, ,
3, ,331, ,
1, ,333, ,
1, ,330, ,
4, ,332, ,
3, ,331, ,
1, ,332, ,
3, ,330, ,
1, ,332, ,
1, ,332, ,
3, ,332, ,
3, ,331, ,
0, ,333, ,
3, ,331, ,
1, ,332, ,
1, ,332, ,
3, ,332, ,
1, ,332, ,
0, ,333, ,
3, ,331, ,
1, ,332, ,
1, ,332, ,
3, ,331, ,
3, ,329, ,
0, ,332, ,
4, ,331, ,
1, ,331, ,
1, ,332, ,
3, ,332, ,
3, ,331, ,
1, ,333, ,
3, ,330, ,
1, ,332, ,
1, ,332, ,
3, ,333, ,
3, ,331, ,
0, ,333, ,
4, ,331, ,
1, ,332, ,
1, ,330, ,
3, ,331, ,
1, ,331, ,
0, ,333, ,
3, ,330, ,
1, ,332, ,
1, ,331, ,
3, ,331, ,
3, ,331, ,
0, ,333, ,
3, ,331, ,
1, ,332, ,
1, ,331, ,
3, ,331, ,
1, ,332, ,
0, ,332, ,
3, ,331, ,
1, ,332, ,
1, ,332, ,
3, ,332, ,
3, ,331, ,
0, ,332, ,
3, ,331, ,
1, ,333, ,
1, ,331, ,
3, ,331, ,
3, ,331, ,
0, ,332, ,
3, ,331, ,
1, ,332, ,
1, ,331, ,
3, ,332, ,
3, ,331, ,
0, ,333, ,
3, ,331, ,
1, ,331, ,
1, ,331, ,
3, ,332, ,
1, ,332, ,
0, ,332, ,
3, ,331, ,
1, ,331, ,
1, ,331, ,
3, ,331, ,
3, ,331, ,
0, ,333, ,
3, ,331, ,
1, ,332, ,
1, ,331, ,
3, ,332, ,
1, ,332, ,
0, ,333, ,
3, ,330, ,
1, ,333, ,
1, ,332, ,
3, ,332, ,
1, ,331, ,
0, ,333, ,
3, ,332, ,
1, ,333, ,
1, ,333, ,
3, ,333, ,
3, ,332, ,
0, ,333, ,
3, ,331, ,
1, ,332, ,
1, ,332, ,
3, ,332, ,
1, ,332, ,
0, ,334, ,
3, ,333, ,
1, ,333, ,
1, ,331, ,
3, ,332, ,
1, ,332, ,
0, ,333, ,
3, ,331, ,
1, ,333, ,
1, ,332, ,
3, ,332, ,
1, ,331, ,
0, ,333, ,
3, ,332, ,
1, ,332, ,
1, ,332, ,
3, ,332, ,
1, ,332, ,
0, ,334, ,
3, ,331, ,
1, ,332, ,
1, ,332, ,
3, ,332, ,
1, ,331, ,
0, ,333, ,
3, ,331, ,
1, ,333, ,
1, ,332, ,
3, ,332, ,
1, ,332, ,
0, ,334, ,
3, ,331, ,
1, ,332, ,
1, ,332, ,
3, ,332, ,
1, ,332, ,
0, ,335, ,
3, ,331, ,
1, ,332, ,
1, ,331, ,
3, ,332, ,
1, ,332, ,
0, ,334, ,
3, ,332, ,
1, ,332, ,
1, ,331, ,
3, ,332, ,
1, ,331, ,
0, ,333, ,
3, ,331, ,
1, ,332, ,
1, ,332, ,
3, ,332, ,
1, ,331, ,
0, ,333, ,
3, ,331, ,
1, ,333, ,
1, ,332, ,
3, ,331, ,
1, ,331, ,
0, ,332, ,
3, ,331, ,
1, ,333, ,
1, ,331, ,
3, ,332, ,
1, ,332, ,
0, ,333, ,
3, ,331, ,
1, ,333, ,
1, ,332, ,
3, ,331, ,
1, ,330, ,
0, ,332, ,
3, ,332, ,
1, ,333, ,
1, ,333, ,
3, ,332, ,
1, ,332, ,
0, ,333, ,
3, ,329, ,
1, ,331, ,
1, ,331, ,
3, ,333, ,
1, ,332, ,
0, ,332, ,
3, ,331, ,
1, ,332, ,
1, ,332, ,
3, ,332, ,
1, ,332, ,
0, ,333, ,
3, ,331, ,
1, ,333, ,
0, ,332, ,
3, ,332, ,
1, ,330, ,
0, ,333, ,
3, ,331, ,
1, ,332, ,
1, ,330, ,
3, ,332, ,
1, ,332, ,
0, ,334, ,
3, ,331, ,
1, ,332, ,
1, ,332, ,
3, ,332, ,
1, ,331, ,
0, ,332, ,
3, ,332, ,
1, ,333, ,
1, ,332, ,
3, ,332, ,
1, ,332, ,
0, ,333, ,
3, ,331, ,
1, ,332, ,
1, ,332, ,
3, ,332, ,
1, ,331, ,
0, ,333, ,
3, ,331, ,
1, ,332, ,
1, ,331, ,
3, ,331, ,
1, ,331, ,
0, ,334, ,
3, ,331, ,
1, ,325, ,
1, ,332, ,
3, ,338, ,
1, ,336, ,
0, ,332, ,
3, ,329, ,
1, ,333, ,
0, ,332, ,
3, ,331, ,
1, ,332, ,
0, ,335, ,
3, ,331, ,
1, ,332, ,
1, ,333, ,
3, ,332, ,
1, ,332, ,
0, ,333, ,
3, ,331, ,
1, ,333, ,
0, ,332, ,
3, ,331, ,
1, ,332, ,
0, ,333, ,
3, ,330, ,
1, ,333, ,
1, ,331, ,
3, ,332, ,
1, ,331, ,
0, ,334, ,
3, ,331, ,
1, ,333, ,
1, ,331, ,
3, ,332, ,
1, ,331, ,
0, ,334, ,
3, ,331, ,
1, ,332, ,
1, ,332, ,
3, ,333, ,
1, ,331, ,
0, ,333, ,
3, ,331, ,
1, ,333, ,
0, ,332, ,
3, ,332, ,
1, ,332, ,
0, ,333, ,
3, ,331, ,
1, ,333, ,
0, ,331, ,
3, ,332, ,
1, ,331, ,
0, ,333, ,
3, ,331, ,
1, ,333, ,
0, ,331, ,
3, ,332, ,
1, ,332, ,
-1, ,334, ,
3, ,331, ,
1, ,332, ,
1, ,332, ,
3, ,332, ,
1, ,331, ,
0, ,334, ,
4, ,332, ,
1, ,332, ,
0, ,331, ,
1, ,332, ,
1, ,332, ,
0, ,332, ,
3, ,330, ,
1, ,333, ,
0, ,332, ,
1, ,332, ,
1, ,332, ,
0, ,334, ,
3, ,331, ,
1, ,332, ,
0, ,332, ,
3, ,332, ,
1, ,332, ,
0, ,333, ,
3, ,331, ,
1, ,332, ,
0, ,332, ,
3, ,332, ,
1, ,331, ,
0, ,333, ,
3, ,331, ,
0, ,332, ,
1, ,331, ,
3, ,331, ,
1, ,332, ,
0, ,333, ,
3, ,331, ,
1, ,333, ,
0, ,331, ,
3, ,332, ,
1, ,332, ,
0, ,333, ,
3, ,331, ,
1, ,332, ,
1, ,331, ,
3, ,332, ,
1, ,332, ,
0, ,332, ,
3, ,331, ,
1, ,332, ,
0, ,332, ,
3, ,333, ,
1, ,331, ,
-1, ,333, ,
3, ,331, ,
0, ,335, ,
0, ,331, ,
3, ,332, ,
1, ,333, ,
0, ,333, ,
3, ,331, ,
1, ,331, ,
0, ,332, ,
3, ,332, ,
1, ,332, ,
0, ,332, ,
3, ,331, ,
1, ,333, ,
1, ,332, ,
3, ,332, ,
1, ,332, ,
0, ,333, ,
3, ,331, ,
0, ,332, ,
0, ,333, ,
3, ,332, ,
1, ,332, ,
0, ,332, ,
3, ,331, ,
1, ,333, ,
0, ,331, ,
3, ,331, ,
1, ,332, ,
0, ,333, ,
3, ,330, ,
1, ,332, ,
0, ,332, ,
3, ,332, ,
1, ,331, ,
0, ,333, ,
3, ,331, ,
1, ,332, ,
0, ,331, ,
3, ,333, ,
1, ,332, ,
0, ,334, ,
3, ,331, ,
0, ,332, ,
0, ,332, ,
3, ,332, ,
1, ,333, ,
-1, ,334, ,
3, ,332, ,
1, ,332, ,
0, ,330, ,
3, ,332, ,
1, ,332, ,
0, ,333, ,
3, ,330, ,
1, ,332, ,
1, ,331, ,
3, ,333, ,
1, ,332, ,
0, ,332, ,
3, ,331, ,
1, ,331, ,
1, ,331, ,
3, ,332, ,
1, ,331, ,
0, ,333, ,
3, ,331, ,
1, ,332, ,
1, ,332, ,
3, ,332, ,
1, ,331, ,
-1, ,333, ,
3, ,333, ,
0, ,332, ,
1, ,331, ,
3, ,331, ,
1, ,332, ,
0, ,333, ,
3, ,329, ,
0, ,332, ,
0, ,332, ,
3, ,331, ,
1, ,331, ,
-1, ,333, ,
3, ,331, ,
1, ,332, ,
0, ,331, ,
3, ,332, ,
1, ,332, ,
0, ,332, ,
3, ,331, ,
0, ,333, ,
1, ,332, ,
3, ,331, ,
1, ,331, ,
-1, ,332, ,
3, ,331, ,
1, ,332, ,
0, ,332, ,
3, ,332, ,
1, ,332, ,
0, ,332, ,
3, ,330, ,
0, ,332, ,
1, ,332, ,
3, ,331, ,
1, ,331, ,
-1, ,332, ,
3, ,331, ,
0, ,333, ,
0, ,331, ,
3, ,332, ,
1, ,332, ,
0, ,333, ,
3, ,330, ,
0, ,332, ,
0, ,332, ,
3, ,332, ,
1, ,331, ,
-1, ,332, ,
3, ,331, ,
0, ,333, ,
0, ,331, ,
3, ,332, ,
1, ,332, ,
-1, ,333, ,
3, ,330, ,
0, ,332, ,
0, ,332, ,
3, ,332, ,
1, ,331, ,
0, ,332, ,
3, ,331, ,
0, ,332, ,
0, ,332, ,
3, ,332, ,
1, ,332, ,
0, ,332, ,
3, ,331, ,
0, ,332, ,
0, ,332, ,
3, ,332, ,
1, ,332, ,
-1, ,332, ,
3, ,331, ,
0, ,332, ,
0, ,332, ,
1, ,332, ,
1, ,333, ,
0, ,333, ,
3, ,331, ,
0, ,333, ,
0, ,333, ,
3, ,332, ,
1, ,332, ,
0, ,333, ,
3, ,332, ,
0, ,332, ,
0, ,331, ,
3, ,332, ,
1, ,332, ,
0, ,333, ,
3, ,331, ,
1, ,332, ,
0, ,332, ,
1, ,332, ,
0, ,331, ,
-1, ,332, ,
3, ,331, ,
1, ,332, ,
1, ,330, ,
3, ,332, ,
1, ,332, ,
0, ,333, ,
3, ,330, ,
0, ,333, ,
0, ,332, ,
3, ,332, ,
1, ,331, ,
0, ,333, ,
3, ,331, ,
0, ,332, ,
0, ,332, ,
3, ,331, ,
1, ,331, ,
0, ,333, ,
3, ,329, ,
1, ,332, ,
0, ,332, ,
3, ,332, ,
1, ,331, ,
-1, ,333, ,
3, ,331, ,
0, ,333, ,
0, ,331, ,
3, ,332, ,
1, ,332, ,
0, ,333, ,
3, ,330, ,
0, ,332, ,
0, ,332, ,
3, ,332, ,
1, ,331, ,
0, ,333, ,
3, ,331, ,
1, ,332, ,
0, ,331, ,
3, ,332, ,
1, ,332, ,
0, ,333, ,
3, ,330, ,
0, ,332, ,
0, ,332, ,
3, ,332, ,
1, ,331, ,
-1, ,333, ,
3, ,332, ,
0, ,333, ,
0, ,331, ,
1, ,332, ,
1, ,332, ,
0, ,333, ,
3, ,330, ,
0, ,332, ,
0, ,331, ,
1, ,332, ,
1, ,331, ,
-1, ,333, ,
3, ,331, ,
0, ,333, ,
0, ,331, ,
3, ,330, ,
1, ,331, ,
-1, ,332, ,
3, ,331, ,
0, ,332, ,
0, ,333, ,
3, ,332, ,
0, ,331, ,
-1, ,332, ,
3, ,331, ,
0, ,333, ,
0, ,331, ,
3, ,332, ,
1, ,331, ,
0, ,333, ,
3, ,330, ,
0, ,332, ,
0, ,331, ,
1, ,332, ,
1, ,331, ,
0, ,332, ,
3, ,331, ,
0, ,332, ,
0, ,331, ,
3, ,332, ,
1, ,332, ,
0, ,333, ,
1, ,329, ,
0, ,332, ,
0, ,332, ,
1, ,331, ,
1, ,331, ,
-1, ,332, ,
3, ,331, ,
0, ,332, ,
0, ,331, ,
1, ,331, ,
1, ,331, ,
0, ,332, ,
3, ,330, ,
0, ,331, ,
0, ,333, ,
1, ,333, ,
1, ,331, ,
-1, ,333, ,
3, ,331, ,
0, ,332, ,
0, ,332, ,
3, ,331, ,
1, ,331, ,
0, ,333, ,
3, ,331, ,
0, ,332, ,
0, ,332, ,
1, ,332, ,
0, ,331, ,
-1, ,333, ,
3, ,332, ,
0, ,333, ,
0, ,332, ,
3, ,332, ,
1, ,332, ,
0, ,332, ,
3, ,330, ,
0, ,333, ,
0, ,332, ,
1, ,332, ,
1, ,331, ,
-1, ,333, ,
3, ,332, ,
0, ,332, ,
0, ,331, ,
3, ,331, ,
1, ,332, ,
0, ,333, ,
3, ,329, ,
0, ,332, ,
0, ,332, ,
1, ,333, ,
1, ,331, ,
-1, ,333, ,
3, ,331, ,
0, ,332, ,
0, ,331, ,
1, ,332, ,
1, ,331, ,
0, ,332, ,
3, ,330, ,
0, ,332, ,
0, ,332, ,
1, ,332, ,
1, ,331, ,
-1, ,332, ,
3, ,331, ,
0, ,332, ,
0, ,331, ,
3, ,332, ,
1, ,331, ,
0, ,333, ,
3, ,331, ,
0, ,332, ,
0, ,333, ,
3, ,332, ,
1, ,331, ,
-1, ,332, ,
3, ,331, ,
0, ,332, ,
0, ,331, ,
1, ,332, ,
1, ,331, ,
0, ,332, ,
3, ,330, ,
0, ,332, ,
0, ,332, ,
1, ,331, ,
1, ,332, ,
-1, ,333, ,
3, ,332, ,
0, ,332, ,
0, ,331, ,
3, ,332, ,
1, ,331, ,
-1, ,332, ,
3, ,331, ,
0, ,332, ,
0, ,332, ,
1, ,332, ,
1, ,331, ,
-1, ,333, ,
3, ,331, ,
0, ,333, ,
0, ,330, ,
3, ,332, ,
1, ,332, ,
-1, ,333, ,
3, ,331, ,
0, ,332, ,
0, ,332, ,
1, ,332, ,
0, ,332, ,
-1, ,333, ,
3, ,331, ,
0, ,332, ,
0, ,331, ,
3, ,332, ,
1, ,331, ,
0, ,333, ,
3, ,330, ,
0, ,332, ,
0, ,332, ,
1, ,332, ,
0, ,331, ,
-1, ,332, ,
3, ,332, ,
0, ,332, ,
0, ,331, ,
3, ,331, ,
1, ,331, ,
0, ,333, ,
3, ,331, ,
0, ,332, ,
0, ,332, ,
3, ,332, ,
1, ,332, ,
0, ,333, ,
3, ,331, ,
0, ,332, ,
0, ,331, ,
3, ,332, ,
1, ,332, ,
0, ,333, ,
3, ,331, ,
0, ,332, ,
0, ,332, ,
1, ,332, ,
0, ,332, ,
-1, ,332, ,
3, ,331, ,
0, ,332, ,
0, ,331, ,
3, ,332, ,
1, ,331, ,
-1, ,333, ,
3, ,331, ,
0, ,332, ,
0, ,331, ,
1, ,332, ,
1, ,331, ,
-1, ,333, ,
3, ,331, ,
0, ,332, ,
0, ,331, ,
3, ,332, ,
1, ,332, ,
0, ,334, ,
3, ,331, ,
0, ,332, ,
0, ,332, ,
3, ,332, ,
1, ,331, ,
-1, ,333, ,
3, ,331, ,
0, ,332, ,
0, ,332, ,
1, ,332, ,
1, ,332, ,
0, ,333, ,
3, ,331, ,
0, ,332, ,
0, ,331, ,
1, ,332, ,
1, ,332, ,
0, ,333, ,
3, ,332, ,
0, ,332, ,
0, ,331, ,
3, ,332, ,
1, ,333, ,
0, ,333, ,
3, ,330, ,
0, ,334, ,
0, ,332, ,
3, ,332, ,
1, ,331, ,
-1, ,333, ,
3, ,331, ,
0, ,333, ,
0, ,331, ,
1, ,332, ,
1, ,331, ,
-1, ,333, ,
3, ,331, ,
0, ,332, ,
0, ,332, ,
1, ,332, ,
0, ,332, ,
-1, ,333, ,
3, ,331, ,
0, ,332, ,
0, ,331, ,
3, ,332, ,
1, ,332, ,
0, ,332, ,
3, ,330, ,
0, ,332, ,
0, ,333, ,
1, ,333, ,
1, ,332, ,
-1, ,333, ,
3, ,332, ,
0, ,333, ,
0, ,332, ,
1, ,332, ,
1, ,331, ,
-1, ,333, ,
3, ,332, ,
0, ,332, ,
0, ,332, ,
1, ,331, ,
0, ,332, ,
-1, ,333, ,
3, ,331, ,
0, ,332, ,
0, ,331, ,
3, ,331, ,
1, ,332, ,
0, ,333, ,
3, ,331, ,
0, ,331, ,
0, ,332, ,
1, ,332, ,
1, ,331, ,
-1, ,333, ,
3, ,331, ,
0, ,333, ,
0, ,331, ,
3, ,331, ,
1, ,332, ,
0, ,334, ,
3, ,331, ,
0, ,333, ,
0, ,332, ,
1, ,332, ,
1, ,331, ,
-1, ,333, ,
3, ,332, ,
0, ,332, ,
0, ,332, ,
1, ,331, ,
1, ,332, ,
0, ,333, ,
1, ,330, ,
0, ,332, ,
0, ,332, ,
1, ,333, ,
1, ,331, ,
0, ,332, ,
3, ,332, ,
0, ,332, ,
0, ,331, ,
1, ,332, ,
1, ,332, ,
0, ,333, ,
3, ,331, ,
0, ,332, ,
0, ,331, ,
1, ,332, ,
1, ,331, ,
-1, ,333, ,
1, ,332, ,
0, ,333, ,
0, ,332, ,
1, ,332, ,
1, ,332, ,
0, ,333, ,
3, ,331, ,
0, ,332, ,
0, ,331, ,
3, ,332, ,
1, ,331, ,
-1, ,334, ,
3, ,332, ,
1, ,332, ,
0, ,331, ,
1, ,332, ,
0, ,332, ,
-1, ,334, ,
3, ,331, ,
0, ,332, ,
0, ,331, ,
1, ,332, ,
1, ,332, ,
0, ,333, ,
3, ,331, ,
0, ,332, ,
0, ,331, ,
1, ,332, ,
1, ,332, ,
0, ,333, ,
1, ,331, ,
0, ,332, ,
0, ,332, ,
3, ,332, ,
1, ,331, ,
-1, ,333, ,
3, ,332, ,
0, ,332, ,
0, ,332, ,
1, ,332, ,
1, ,332, ,
0, ,334, ,
3, ,331, ,
0, ,333, ,
0, ,332, ,
3, ,332, ,
1, ,332, ,
-1, ,333, ,
3, ,332, ,
0, ,332, ,
0, ,332, ,
3, ,331, ,
1, ,332, ,
0, ,333, ,
3, ,331, ,
0, ,332, ,
0, ,332, ,
3, ,331, ,
1, ,332, ,
0, ,332, ,
1, ,331, ,
0, ,333, ,
0, ,332, ,
1, ,331, ,
1, ,333, ,
0, ,334, ,
3, ,331, ,
0, ,332, ,
0, ,332, ,
3, ,332, ,
1, ,331, ,
0, ,333, ,
3, ,331, ,
0, ,333, ,
0, ,332, ,
1, ,332, ,
0, ,332, ,
0, ,333, ,
3, ,331, ,
0, ,332, ,
0, ,331, ,
3, ,332, ,
1, ,332, ,
0, ,333, ,
3, ,332, ,
0, ,333, ,
0, ,331, ,
3, ,332, ,
1, ,332, ,
0, ,333, ,
1, ,331, ,
0, ,333, ,
0, ,333, ,
3, ,333, ,
1, ,332, ,
0, ,333, ,
1, ,331, ,
0, ,332, ,
0, ,331, ,
1, ,332, ,
1, ,332, ,
0, ,333, ,
3, ,331, ,
0, ,332, ,
0, ,332, ,
1, ,332, ,
1, ,331, ,
0, ,332, ,
1, ,331, ,
0, ,333, ,
0, ,332, ,
3, ,332, ,
1, ,332, ,
0, ,333, ,
3, ,330, ,
0, ,332, ,
0, ,332, ,
3, ,333, ,
1, ,332, ,
0, ,333, ,
3, ,331, ,
0, ,332, ,
0, ,331, ,
3, ,332, ,
1, ,332, ,
0, ,332, ,
1, ,331, ,
0, ,333, ,
0, ,333, ,
3, ,332, ,
1, ,331, ,
0, ,332, ,
1, ,329, ,
0, ,330, ,
0, ,331, ,
1, ,333, ,
0, ,334, ,
-1, ,335, ,
3, ,333, ,
0, ,333, ,
0, ,330, ,
3, ,330, ,
1, ,330, ,
-1, ,332, ,
3, ,331, ,
0, ,333, ,
0, ,332, ,
1, ,331, ,
1, ,331, ,
0, ,332, ,
1, ,331, ,
0, ,333, ,
0, ,332, ,
1, ,332, ,
1, ,331, ,
-1, ,332, ,
3, ,331, ,
0, ,332, ,
0, ,331, ,
1, ,331, ,
1, ,332, ,
0, ,332, ,
1, ,331, ,
0, ,333, ,
0, ,333, ,
3, ,332, ,
1, ,331, ,
0, ,331, ,
1, ,331, ,
0, ,331, ,
0, ,331, ,
3, ,332, ,
1, ,332, ,
0, ,333, ,
1, ,331, ,
0, ,332, ,
0, ,332, ,
3, ,332, ,
0, ,331, ,
0, ,332, ,
1, ,331, ,
0, ,332, ,
0, ,332, ,
3, ,332, ,
1, ,331, ,
0, ,332, ,
1, ,331, ,
0, ,331, ,
0, ,331, ,
3, ,331, ,
1, ,331, ,
0, ,333, ,
1, ,331, ,
0, ,332, ,
0, ,331, ,
3, ,331, ,
1, ,332, ,
0, ,333, ,
1, ,331, ,
0, ,332, ,
-1, ,332, ,
3, ,332, ,
1, ,331, ,
0, ,332, ,
3, ,331, ,
0, ,332, ,
0, ,331, ,
1, ,331, ,
1, ,331, ,
0, ,333, ,
3, ,331, ,
0, ,333, ,
0, ,332, ,
3, ,331, ,
1, ,331, ,
0, ,332, ,
3, ,331, ,
0, ,332, ,
0, ,331, ,
3, ,332, ,
0, ,331, ,
0, ,333, ,
1, ,330, ,
0, ,332, ,
0, ,332, ,
3, ,332, ,
0, ,331, ,
-1, ,333, ,
3, ,331, ,
0, ,332, ,
0, ,332, ,
1, ,332, ,
1, ,332, ,
0, ,333, ,
3, ,331, ,
0, ,332, ,
0, ,332, ,
1, ,332, ,
1, ,331, ,
0, ,332, ,
3, ,332, ,
0, ,332, ,
0, ,332, ,
1, ,333, ,
1, ,332, ,
0, ,333, ,
1, ,331, ,
0, ,332, ,
0, ,333, ,
3, ,333, ,
1, ,333, ,
0, ,334, ,
3, ,333, ,
0, ,332, ,
0, ,332, ,
1, ,332, ,
1, ,332, ,
0, ,333, ,
1, ,331, ,
0, ,333, ,
0, ,332, ,
3, ,333, ,
1, ,332, ,
0, ,333, ,
1, ,332, ,
0, ,333, ,
0, ,332, ,
3, ,332, ,
0, ,332, ,
0, ,332, ,
1, ,331, ,
0, ,332, ,
0, ,332, ,
1, ,332, ,
1, ,331, ,
-1, ,332, ,
1, ,332, ,
0, ,332, ,
0, ,331, ,
1, ,332, ,
0, ,332, ,
0, ,334, ,
3, ,331, ,
0, ,333, ,
0, ,332, ,
1, ,332, ,
1, ,332, ,
-1, ,334, ,
3, ,331, ,
0, ,332, ,
0, ,331, ,
1, ,331, ,
1, ,332, ,
0, ,333, ,
3, ,331, ,
0, ,333, ,
0, ,332, ,
3, ,332, ,
1, ,332, ,
-1, ,333, ,
3, ,332, ,
0, ,333, ,
0, ,332, ,
1, ,332, ,
1, ,331, ,
0, ,332, ,
3, ,331, ,
0, ,332, ,
0, ,332, ,
1, ,332, ,
0, ,331, ,
0, ,332, ,
3, ,332, ,
0, ,333, ,
0, ,332, ,
3, ,332, ,
1, ,332, ,
0, ,334, ,
1, ,331, ,
0, ,332, ,
0, ,332, ,
3, ,332, ,
1, ,332, ,
0, ,332, ,
3, ,331, ,
0, ,333, ,
0, ,332, ,
1, ,332, ,
1, ,333, ,
0, ,333, ,
1, ,330, ,
0, ,332, ,
0, ,332, ,
3, ,333, ,
1, ,332, ,
-1, ,333, ,
1, ,331, ,
0, ,332, ,
0, ,332, ,
3, ,331, ,
1, ,332, ,
0, ,333, ,
3, ,330, ,
0, ,332, ,
0, ,332, ,
3, ,331, ,
1, ,332, ,
0, ,333, ,
3, ,332, ,
0, ,333, ,
0, ,331, ,
1, ,331, ,
1, ,331, ,
0, ,332, ,
3, ,331, ,
0, ,333, ,
0, ,332, ,
3, ,332, ,
1, ,331, ,
0, ,333, ,
3, ,331, ,
0, ,333, ,
0, ,331, ,
1, ,332, ,
1, ,332, ,
0, ,333, ,
3, ,332, ,
0, ,333, ,
16, ,330, ,
104, ,329, ,
66, ,332, ,
37, ,338, ,
22, ,334, ,
16, ,332, ,
13, ,329, ,
10, ,331, ,
6, ,333, ,
4, ,333, ,
6, ,333, ,
4, ,333, ,
3, ,332, ,
5, ,331, ,
4, ,331, ,
1, ,333, ,
5, ,331, ,
3, ,333, ,
3, ,332, ,
4, ,331, ,
4, ,331, ,
1, ,332, ,
4, ,331, ,
1, ,333, ,
1, ,332, ,
4, ,332, ,
3, ,331, ,
1, ,333, ,
4, ,332, ,
3, ,334, ,
3, ,332, ,
4, ,331, ,
4, ,331, ,
1, ,333, ,
5, ,331, ,
3, ,332, ,
1, ,333, ,
4, ,332, ,
3, ,331, ,
1, ,333, ,
4, ,332, ,
1, ,333, ,
1, ,332, ,
4, ,332, ,
3, ,332, ,
3, ,335, ,
5, ,331, ,
3, ,333, ,
3, ,333, ,
4, ,332, ,
3, ,332, ,
1, ,333, ,
4, ,332, ,
3, ,333, ,
3, ,332, ,
4, ,332, ,
3, ,333, ,
1, ,332, ,
4, ,330, ,
3, ,332, ,
1, ,332, ,
4, ,333, ,
4, ,332, ,
1, ,332, ,
4, ,331, ,
1, ,332, ,
1, ,331, ,
3, ,332, ,
3, ,333, ,
1, ,333, ,
4, ,330, ,
1, ,333, ,
1, ,332, ,
3, ,332, ,
3, ,331, ,
1, ,332, ,
4, ,332, ,
3, ,332, ,
3, ,332, ,
4, ,332, ,
3, ,332, ,
1, ,333, ,
4, ,330, ,
3, ,333, ,
1, ,332, ,
4, ,332, ,
3, ,332, ,
1, ,332, ,
4, ,331, ,
1, ,333, ,
1, ,331, ,
3, ,332, ,
4, ,332, ,
1, ,333, ,
4, ,331, ,
1, ,333, ,
1, ,332, ,
3, ,333, ,
3, ,332, ,
1, ,333, ,
4, ,331, ,
3, ,334, ,
3, ,331, ,
3, ,332, ,
3, ,332, ,
1, ,333, ,
4, ,331, ,
1, ,332, ,
1, ,331, ,
4, ,332, ,
3, ,332, ,
1, ,334, ,
4, ,331, ,
1, ,333, ,
1, ,332, ,
3, ,333, ,
3, ,331, ,
1, ,332, ,
4, ,330, ,
1, ,332, ,
1, ,332, ,
4, ,332, ,
3, ,331, ,
1, ,333, ,
4, ,331, ,
3, ,333, ,
1, ,330, ,
3, ,331, ,
3, ,332, ,
1, ,333, ,
4, ,331, ,
1, ,333, ,
1, ,332, ,
4, ,332, ,
3, ,332, ,
1, ,333, ,
4, ,331, ,
3, ,332, ,
1, ,331, ,
3, ,332, ,
3, ,331, ,
1, ,332, ,
4, ,331, ,
1, ,333, ,
1, ,332, ,
4, ,332, ,
3, ,332, ,
1, ,333, ,
4, ,332, ,
1, ,334, ,
1, ,332, ,
3, ,331, ,
3, ,331, ,
1, ,333, ,
4, ,331, ,
1, ,332, ,
1, ,332, ,
3, ,333, ,
3, ,331, ,
1, ,333, ,
4, ,331, ,
1, ,332, ,
1, ,332, ,
3, ,332, ,
3, ,332, ,
1, ,333, ,
3, ,331, ,
1, ,332, ,
1, ,333, ,
4, ,333, ,
3, ,331, ,
1, ,333, ,
4, ,331, ,
1, ,334, ,
1, ,332, ,
3, ,332, ,
3, ,332, ,
1, ,332, ,
4, ,329, ,
1, ,332, ,
1, ,332, ,
4, ,332, ,
3, ,332, ,
1, ,333, ,
4, ,331, ,
1, ,332, ,
1, ,331, ,
3, ,331, ,
3, ,331, ,
1, ,332, ,
3, ,329, ,
1, ,333, ,
1, ,333, ,
3, ,332, ,
3, ,331, ,
1, ,333, ,
4, ,332, ,
1, ,332, ,
1, ,331, ,
3, ,332, ,
3, ,332, ,
1, ,332, ,
4, ,330, ,
1, ,332, ,
1, ,332, ,
3, ,332, ,
3, ,331, ,
1, ,333, ,
4, ,331, ,
1, ,333, ,
1, ,331, ,
3, ,332, ,
3, ,332, ,
1, ,333, ,
4, ,330, ,
1, ,334, ,
1, ,332, ,
4, ,331, ,
3, ,331, ,
0, ,334, ,
4, ,331, ,
1, ,333, ,
1, ,331, ,
3, ,332, ,
3, ,332, ,
1, ,334, ,
3, ,332, ,
1, ,333, ,
1, ,332, ,
4, ,332, ,
3, ,331, ,
0, ,333, ,
4, ,331, ,
1, ,333, ,
1, ,332, ,
3, ,331, ,
3, ,332, ,
1, ,333, ,
3, ,329, ,
1, ,332, ,
1, ,332, ,
3, ,332, ,
3, ,331, ,
0, ,333, ,
4, ,332, ,
1, ,333, ,
1, ,332, ,
3, ,332, ,
3, ,331, ,
1, ,332, ,
3, ,331, ,
1, ,332, ,
1, ,332, ,
3, ,333, ,
3, ,331, ,
1, ,333, ,
4, ,331, ,
1, ,332, ,
1, ,331, ,
3, ,332, ,
1, ,332, ,
1, ,333, ,
3, ,331, ,
1, ,333, ,
1, ,332, ,
3, ,333, ,
3, ,332, ,
0, ,333, ,
4, ,331, ,
1, ,333, ,
1, ,332, ,
3, ,332, ,
1, ,331, ,
0, ,332, ,
3, ,330, ,
1, ,333, ,
1, ,332, ,
4, ,332, ,
1, ,331, ,
0, ,333, ,
3, ,331, ,
1, ,332, ,
1, ,331, ,
3, ,332, ,
3, ,332, ,
0, ,333, ,
3, ,330, ,
1, ,333, ,
1, ,333, ,
3, ,332, ,
3, ,331, ,
0, ,333, ,
3, ,332, ,
1, ,332, ,
1, ,331, ,
3, ,332, ,
1, ,331, ,
0, ,333, ,
3, ,330, ,
1, ,333, ,
1, ,332, ,
3, ,332, ,
3, ,331, ,
0, ,333, ,
3, ,331, ,
1, ,332, ,
1, ,331, ,
3, ,332, ,
1, ,332, ,
0, ,333, ,
3, ,331, ,
1, ,332, ,
1, ,332, ,
3, ,332, ,
1, ,331, ,
0, ,333, ,
3, ,331, ,
1, ,333, ,
1, ,331, ,
3, ,332, ,
1, ,332, ,
0, ,333, ,
3, ,330, ,
1, ,332, ,
0, ,332, ,
3, ,332, ,
1, ,332, ,
0, ,333, ,
3, ,332, ,
1, ,332, ,
1, ,332, ,
3, ,332, ,
1, ,332, ,
0, ,333, ,
3, ,330, ,
1, ,332, ,
1, ,333, ,
3, ,332, ,
3, ,331, ,
0, ,333, ,
3, ,331, ,
1, ,332, ,
1, ,331, ,
3, ,332, ,
1, ,332, ,
0, ,333, ,
3, ,330, ,
1, ,332, ,
0, ,332, ,
3, ,332, ,
1, ,332, ,
0, ,333, ,
3, ,331, ,
1, ,333, ,
1, ,332, ,
3, ,332, ,
1, ,331, ,
0, ,333, ,
3, ,330, ,
1, ,332, ,
1, ,332, ,
3, ,332, ,
1, ,331, ,
0, ,334, ,
3, ,331, ,
1, ,333, ,
1, ,331, ,
3, ,332, ,
1, ,332, ,
0, ,334, ,
3, ,330, ,
1, ,333, ,
1, ,332, ,
3, ,332, ,
1, ,331, ,
0, ,333, ,
3, ,332, ,
1, ,332, ,
1, ,331, ,
3, ,332, ,
1, ,332, ,
0, ,333, ,
3, ,331, ,
1, ,332, ,
0, ,332, ,
3, ,333, ,
1, ,332, ,
0, ,333, ,
3, ,332, ,
1, ,332, ,
1, ,331, ,
3, ,331, ,
1, ,332, ,
0, ,333, ,
3, ,330, ,
1, ,332, ,
1, ,332, ,
3, ,331, ,
1, ,331, ,
0, ,333, ,
3, ,331, ,
1, ,332, ,
1, ,331, ,
3, ,332, ,
1, ,332, ,
0, ,333, ,
3, ,330, ,
1, ,332, ,
0, ,332, ,
3, ,332, ,
1, ,332, ,
0, ,334, ,
3, ,331, ,
1, ,332, ,
1, ,331, ,
3, ,332, ,
1, ,332, ,
0, ,333, ,
3, ,330, ,
1, ,333, ,
1, ,332, ,
3, ,332, ,
1, ,332, ,
0, ,333, ,
3, ,331, ,
1, ,332, ,
1, ,331, ,
3, ,331, ,
1, ,332, ,
0, ,332, ,
3, ,330, ,
1, ,333, ,
0, ,333, ,
3, ,332, ,
1, ,332, ,
0, ,333, ,
3, ,331, ,
1, ,333, ,
0, ,331, ,
3, ,332, ,
1, ,332, ,
0, ,333, ,
3, ,331, ,
1, ,332, ,
0, ,331, ,
3, ,332, ,
1, ,331, ,
0, ,333, ,
3, ,332, ,
1, ,333, ,
1, ,332, ,
3, ,332, ,
1, ,332, ,
0, ,332, ,
3, ,329, ,
1, ,332, ,
0, ,332, ,
3, ,333, ,
1, ,331, ,
0, ,333, ,
3, ,331, ,
1, ,333, ,
0, ,332, ,
3, ,333, ,
1, ,331, ,
0, ,332, ,
3, ,330, ,
1, ,333, ,
0, ,332, ,
3, ,332, ,
1, ,331, ,
0, ,332, ,
3, ,331, ,
1, ,333, ,
1, ,331, ,
3, ,332, ,
1, ,331, ,
0, ,333, ,
3, ,331, ,
1, ,332, ,
0, ,332, ,
3, ,333, ,
1, ,331, ,
0, ,333, ,
3, ,332, ,
1, ,332, ,
1, ,331, ,
3, ,331, ,
1, ,332, ,
0, ,333, ,
3, ,331, ,
1, ,332, ,
1, ,332, ,
3, ,332, ,
1, ,332, ,
0, ,332, ,
3, ,331, ,
1, ,332, ,
1, ,332, ,
3, ,332, ,
1, ,332, ,
0, ,334, ,
3, ,331, ,
1, ,332, ,
1, ,332, ,
3, ,332, ,
1, ,331, ,
0, ,333, ,
3, ,332, ,
0, ,332, ,
1, ,331, ,
3, ,332, ,
1, ,331, ,
0, ,333, ,
3, ,331, ,
1, ,332, ,
0, ,332, ,
3, ,332, ,
1, ,331, ,
0, ,334, ,
3, ,331, ,
1, ,333, ,
1, ,332, ,
3, ,332, ,
1, ,332, ,
0, ,333, ,
3, ,331, ,
1, ,332, ,
0, ,332, ,
3, ,333, ,
1, ,331, ,
0, ,332, ,
3, ,332, ,
1, ,333, ,
1, ,332, ,
3, ,333, ,
1, ,331, ,
0, ,332, ,
3, ,330, ,
1, ,332, ,
1, ,333, ,
3, ,332, ,
1, ,331, ,
0, ,333, ,
3, ,331, ,
1, ,332, ,
1, ,331, ,
3, ,331, ,
1, ,332, ,
0, ,333, ,
3, ,330, ,
1, ,332, ,
0, ,331, ,
3, ,332, ,
1, ,331, ,
0, ,333, ,
3, ,331, ,
0, ,332, ,
0, ,331, ,
3, ,332, ,
1, ,332, ,
0, ,333, ,
3, ,331, ,
0, ,332, ,
0, ,332, ,
3, ,333, ,
1, ,331, ,
0, ,333, ,
3, ,332, ,
1, ,333, ,
0, ,332, ,
3, ,332, ,
1, ,332, ,
0, ,333, ,
3, ,330, ,
1, ,332, ,
0, ,332, ,
3, ,333, ,
1, ,332, ,
-1, ,333, ,
3, ,332, ,
1, ,332, ,
0, ,331, ,
3, ,333, ,
1, ,332, ,
0, ,333, ,
3, ,330, ,
1, ,332, ,
0, ,332, ,
3, ,332, ,
1, ,331, ,
0, ,332, ,
3, ,331, ,
0, ,333, ,
1, ,332, ,
3, ,332, ,
1, ,332, ,
0, ,333, ,
3, ,331, ,
1, ,333, ,
0, ,332, ,
3, ,332, ,
1, ,331, ,
0, ,333, ,
3, ,331, ,
0, ,332, ,
0, ,331, ,
1, ,332, ,
1, ,331, ,
0, ,332, ,
3, ,331, ,
0, ,333, ,
0, ,332, ,
3, ,332, ,
1, ,331, ,
0, ,333, ,
3, ,332, ,
1, ,333, ,
0, ,332, ,
3, ,332, ,
1, ,332, ,
0, ,334, ,
3, ,331, ,
1, ,333, ,
0, ,332, ,
3, ,332, ,
1, ,332, ,
0, ,332, ,
3, ,331, ,
0, ,332, ,
0, ,331, ,
3, ,331, ,
1, ,332, ,
0, ,332, ,
3, ,331, ,
1, ,333, ,
0, ,331, ,
3, ,332, ,
1, ,331, ,
0, ,333, ,
3, ,331, ,
0, ,332, ,
0, ,331, ,
3, ,332, ,
1, ,332, ,
0, ,333, ,
3, ,331, ,
0, ,332, ,
0, ,332, ,
3, ,332, ,
1, ,331, ,
0, ,332, ,
3, ,331, ,
0, ,333, ,
0, ,332, ,
1, ,332, ,
1, ,331, ,
0, ,334, ,
3, ,330, ,
0, ,332, ,
0, ,332, ,
3, ,331, ,
1, ,331, ,
0, ,333, ,
3, ,331, ,
0, ,333, ,
0, ,332, ,
1, ,332, ,
1, ,330, ,
0, ,334, ,
3, ,331, ,
0, ,332, ,
0, ,332, ,
3, ,332, ,
1, ,332, ,
-1, ,333, ,
3, ,331, ,
0, ,333, ,
0, ,331, ,
3, ,330, ,
1, ,332, ,
0, ,334, ,
3, ,333, ,
0, ,334, ,
0, ,333, ,
3, ,333, ,
1, ,331, ,
0, ,333, ,
3, ,330, ,
0, ,332, ,
0, ,331, ,
3, ,332, ,
1, ,333, ,
0, ,334, ,
3, ,331, ,
1, ,333, ,
0, ,332, ,
3, ,331, ,
1, ,331, ,
-1, ,333, ,
3, ,331, ,
1, ,332, ,
0, ,332, ,
3, ,332, ,
1, ,332, ,
0, ,333, ,
3, ,331, ,
0, ,332, ,
0, ,332, ,
3, ,333, ,
1, ,332, ,
0, ,334, ,
3, ,332, ,
0, ,333, ,
0, ,332, ,
3, ,332, ,
1, ,331, ,
0, ,333, ,
3, ,331, ,
0, ,332, ,
0, ,331, ,
3, ,332, ,
1, ,331, ,
0, ,332, ,
3, ,331, ,
0, ,332, ,
0, ,330, ,
1, ,332, ,
1, ,332, ,
0, ,333, ,
3, ,331, ,
0, ,333, ,
0, ,333, ,
3, ,332, ,
1, ,332, ,
-1, ,332, ,
3, ,331, ,
0, ,332, ,
0, ,332, ,
3, ,332, ,
1, ,332, ,
0, ,333, ,
3, ,331, ,
0, ,333, ,
0, ,333, ,
3, ,332, ,
1, ,332, ,
0, ,333, ,
3, ,332, ,
0, ,332, ,
0, ,330, ,
3, ,332, ,
1, ,332, ,
0, ,333, ,
3, ,331, ,
0, ,333, ,
0, ,332, ,
3, ,332, ,
0, ,331, ,
0, ,333, ,
3, ,331, ,
0, ,332, ,
0, ,332, ,
1, ,331, ,
1, ,331, ,
0, ,333, ,
3, ,331, ,
0, ,332, ,
0, ,331, ,
3, ,332, ,
1, ,331, ,
0, ,332, ,
3, ,331, ,
0, ,332, ,
0, ,331, ,
3, ,332, ,
1, ,331, ,
0, ,333, ,
3, ,331, ,
0, ,332, ,
0, ,332, ,
3, ,332, ,
1, ,331, ,
0, ,333, ,
3, ,331, ,
0, ,333, ,
0, ,331, ,
3, ,331, ,
1, ,331, ,
0, ,334, ,
3, ,331, ,
0, ,331, ,
0, ,332, ,
3, ,331, ,
1, ,330, ,
-1, ,332, ,
3, ,329, ,
0, ,330, ,
0, ,330, ,
1, ,332, ,
0, ,333, ,
0, ,336, ,
3, ,331, ,
0, ,332, ,
0, ,330, ,
1, ,330, ,
1, ,331, ,
0, ,333, ,
3, ,333, ,
0, ,332, ,
0, ,331, ,
3, ,331, ,
1, ,332, ,
0, ,333, ,
3, ,331, ,
0, ,332, ,
0, ,332, ,
3, ,332, ,
1, ,330, ,
0, ,333, ,
3, ,332, ,
0, ,332, ,
0, ,332, ,
1, ,332, ,
1, ,330, ,
0, ,332, ,
3, ,330, ,
0, ,333, ,
0, ,332, ,
3, ,332, ,
1, ,331, ,
0, ,333, ,
3, ,331, ,
0, ,332, ,
0, ,330, ,
3, ,332, ,
1, ,332, ,
0, ,333, ,
3, ,330, ,
0, ,331, ,
0, ,331, ,
3, ,331, ,
1, ,331, ,
0, ,333, ,
3, ,331, ,
0, ,333, ,
0, ,331, ,
3, ,332, ,
1, ,331, ,
0, ,333, ,
3, ,331, ,
0, ,332, ,
0, ,332, ,
3, ,332, ,
1, ,330, ,
0, ,333, ,
3, ,331, ,
0, ,332, ,
0, ,331, ,
3, ,331, ,
1, ,332, ,
0, ,333, ,
3, ,330, ,
0, ,332, ,
0, ,331, ,
3, ,331, ,
1, ,331, ,
-1, ,333, ,
3, ,331, ,
0, ,332, ,
0, ,331, ,
3, ,331, ,
1, ,331, ,
0, ,332, ,
3, ,330, ,
0, ,332, ,
0, ,331, ,
3, ,332, ,
1, ,331, ,
-1, ,333, ,
1, ,331, ,
0, ,332, ,
0, ,331, ,
3, ,332, ,
1, ,331, ,
0, ,332, ,
3, ,330, ,
0, ,333, ,
0, ,331, ,
3, ,331, ,
1, ,332, ,
0, ,332, ,
3, ,331, ,
0, ,332, ,
0, ,331, ,
3, ,332, ,
1, ,332, ,
0, ,333, ,
1, ,331, ,
0, ,332, ,
0, ,332, ,
3, ,332, ,
1, ,332, ,
-1, ,332, ,
3, ,331, ,
0, ,332, ,
0, ,331, ,
3, ,332, ,
0, ,332, ,
0, ,332, ,
3, ,331, ,
0, ,333, ,
0, ,333, ,
3, ,333, ,
1, ,332, ,
-1, ,333, ,
1, ,331, ,
0, ,331, ,
0, ,331, ,
1, ,332, ,
1, ,332, ,
0, ,333, ,
3, ,330, ,
0, ,334, ,
0, ,332, ,
3, ,332, ,
1, ,332, ,
-1, ,334, ,
3, ,332, ,
0, ,333, ,
0, ,332, ,
3, ,332, ,
1, ,332, ,
0, ,333, ,
3, ,331, ,
0, ,332, ,
0, ,332, ,
3, ,332, ,
1, ,332, ,
0, ,333, ,
3, ,332, ,
0, ,333, ,
0, ,332, ,
3, ,332, ,
1, ,332, ,
0, ,333, ,
3, ,331, ,
0, ,332, ,
0, ,332, ,
3, ,332, ,
1, ,332, ,
0, ,332, ,
3, ,333, ,
0, ,333, ,
0, ,332, ,
3, ,333, ,
1, ,332, ,
0, ,333, ,
3, ,330, ,
0, ,333, ,
0, ,332, ,
3, ,332, ,
1, ,331, ,
-1, ,333, ,
3, ,332, ,
0, ,333, ,
0, ,332, ,
3, ,332, ,
1, ,331, ,
0, ,333, ,
3, ,331, ,
0, ,332, ,
0, ,333, ,
3, ,333, ,
1, ,332, ,
0, ,332, ,
3, ,332, ,
0, ,333, ,
0, ,332, ,
3, ,331, ,
1, ,332, ,
0, ,333, ,
3, ,329, ,
0, ,332, ,
0, ,332, ,
1, ,333, ,
1, ,331, ,
0, ,332, ,
3, ,332, ,
0, ,333, ,
0, ,332, ,
3, ,331, ,
1, ,332, ,
0, ,333, ,
3, ,330, ,
0, ,332, ,
0, ,331, ,
3, ,333, ,
1, ,331, ,
0, ,333, ,
1, ,331, ,
0, ,332, ,
0, ,332, ,
3, ,332, ,
1, ,332, ,
0, ,333, ,
3, ,331, ,
0, ,332, ,
0, ,332, ,
3, ,332, ,
1, ,332, ,
-1, ,333, ,
3, ,331, ,
0, ,332, ,
0, ,332, ,
3, ,332, ,
1, ,332, ,
-1, ,333, ,
3, ,331, ,
0, ,332, ,
0, ,331, ,
1, ,332, ,
0, ,332, ,
0, ,333, ,
3, ,331, ,
0, ,332, ,
0, ,332, ,
1, ,332, ,
0, ,333, ,
0, ,332, ,
3, ,330, ,
0, ,332, ,
0, ,332, ,
3, ,331, ,
1, ,331, ,
0, ,333, ,
3, ,331, ,
0, ,332, ,
0, ,332, ,
3, ,331, ,
0, ,333, ,
-1, ,333, ,
1, ,331, ,
0, ,333, ,
0, ,333, ,
3, ,332, ,
0, ,331, ,
0, ,333, ,
3, ,331, ,
0, ,333, ,
0, ,331, ,
3, ,332, ,
0, ,331, ,
0, ,333, ,
3, ,331, ,
0, ,332, ,
0, ,332, ,
3, ,332, ,
0, ,332, ,
-1, ,333, ,
3, ,332, ,
0, ,333, ,
0, ,331, ,
3, ,332, ,
1, ,333, ,
0, ,333, ,
3, ,331, ,
0, ,333, ,
0, ,332, ,
3, ,333, ,
1, ,331, ,
-1, ,333, ,
3, ,332, ,
0, ,332, ,
0, ,332, ,
3, ,332, ,
1, ,332, ,
0, ,333, ,
3, ,331, ,
0, ,333, ,
0, ,332, ,
3, ,333, ,
1, ,331, ,
-1, ,333, ,
3, ,331, ,
0, ,333, ,
0, ,332, ,
1, ,332, ,
1, ,332, ,
-1, ,333, ,
3, ,331, ,
0, ,332, ,
0, ,332, ,
3, ,332, ,
1, ,332, ,
-1, ,333, ,
3, ,331, ,
0, ,332, ,
0, ,331, ,
1, ,332, ,
1, ,332, ,
0, ,333, ,
3, ,331, ,
0, ,333, ,
0, ,332, ,
3, ,333, ,
1, ,332, ,
-1, ,332, ,
1, ,332, ,
0, ,332, ,
0, ,332, ,
1, ,332, ,
1, ,332, ,
0, ,332, ,
3, ,331, ,
0, ,333, ,
0, ,332, ,
3, ,332, ,
1, ,330, ,
0, ,332, ,
3, ,332, ,
0, ,333, ,
0, ,332, ,
1, ,332, ,
1, ,332, ,
0, ,333, ,
3, ,331, ,
0, ,332, ,
0, ,332, ,
3, ,331, ,
1, ,331, ,
-1, ,333, ,
3, ,325, ,
0, ,331, ,
0, ,336, ,
1, ,336, ,
0, ,332, ,
0, ,330, ,
3, ,330, ,
0, ,332, ,
0, ,332, ,
1, ,332, ,
1, ,333, ,
0, ,334, ,
3, ,330, ,
0, ,333, ,
0, ,333, ,
3, ,332, ,
1, ,332, ,
0, ,334, ,
3, ,332, ,
0, ,333, ,
0, ,332, ,
3, ,333, ,
0, ,331, ,
-1, ,333, ,
3, ,331, ,
0, ,332, ,
0, ,332, ,
3, ,332, ,
0, ,333, ,
0, ,333, ,
3, ,330, ,
0, ,332, ,
0, ,332, ,
3, ,333, ,
1, ,331, ,
0, ,334, ,
3, ,331, ,
0, ,333, ,
0, ,331, ,
1, ,332, ,
0, ,332, ,
-1, ,333, ,
3, ,330, ,
0, ,332, ,
0, ,332, ,
3, ,333, ,
1, ,332, ,
-1, ,332, ,
3, ,332, ,
0, ,333, ,
0, ,331, ,
1, ,332, ,
0, ,332, ,
0, ,333, ,
3, ,331, ,
0, ,333, ,
0, ,333, ,
3, ,332, ,
1, ,331, ,
-1, ,333, ,
1, ,332, ,
0, ,332, ,
0, ,331, ,
3, ,332, ,
1, ,332, ,
0, ,333, ,
3, ,332, ,
0, ,333, ,
0, ,332, ,
3, ,331, ,
1, ,331, ,
-1, ,333, ,
3, ,332, ,
0, ,332, ,
0, ,331, ,
1, ,332, ,
0, ,332, ,
0, ,333, ,
3, ,331, ,
0, ,332, ,
0, ,332, ,
1, ,332, ,
1, ,331, ,
0, ,332, ,
1, ,332, ,
0, ,334, ,
0, ,332, ,
1, ,332, ,
0, ,332, ,
0, ,333, ,
3, ,329, ,
0, ,332, ,
0, ,332, ,
3, ,332, ,
1, ,331, ,
-1, ,332, ,
1, ,331, ,
0, ,333, ,
0, ,331, ,
1, ,332, ,
0, ,332, ,
0, ,333, ,
1, ,331, ,
0, ,333, ,
0, ,332, ,
3, ,332, ,
1, ,331, ,
0, ,332, ,
3, ,332, ,
0, ,333, ,
0, ,331, ,
3, ,331, ,
1, ,332, ,
0, ,333, ,
3, ,330, ,
0, ,333, ,
0, ,332, ,
3, ,332, ,
0, ,331, ,
0, ,333, ,
3, ,332, ,
0, ,333, ,
0, ,332, ,
1, ,332, ,
1, ,332, ,
0, ,333, ,
1, ,331, ,
0, ,333, ,
0, ,332, ,
3, ,333, ,
1, ,331, ,
0, ,333, ,
3, ,331, ,
0, ,333, ,
0, ,331, ,
3, ,332, ,
1, ,332, ,
0, ,333, ,
3, ,331, ,
0, ,333, ,
0, ,332, ,
1, ,332, ,
1, ,332, ,
0, ,333, ,
1, ,331, ,
0, ,332, ,
0, ,331, ,
104, ,332, ,
88, ,333, ,
60, ,332, ,
36, ,330, ,
19, ,332, ,
11, ,334, ,
11, ,332, ,
10, ,332, ,
6, ,333, ,
8, ,332, ,
5, ,333, ,
4, ,330, ,
6, ,332, ,
4, ,331, ,
1, ,333, ,
4, ,330, ,
3, ,333, ,
1, ,332, ,
4, ,332, ,
4, ,331, ,
3, ,333, ,
4, ,331, ,
1, ,332, ,
3, ,331, ,
4, ,332, ,
4, ,332, ,
3, ,333, ,
4, ,331, ,
3, ,332, ,
1, ,332, ,
4, ,333, ,
4, ,331, ,
1, ,332, ,
4, ,331, ,
3, ,332, ,
3, ,332, ,
4, ,332, ,
3, ,331, ,
1, ,333, ,
4, ,331, ,
3, ,332, ,
1, ,332, ,
4, ,332, ,
4, ,330, ,
1, ,332, ,
4, ,331, ,
3, ,333, ,
3, ,332, ,
4, ,333, ,
3, ,332, ,
1, ,333, ,
4, ,331, ,
1, ,332, ,
1, ,333, ,
4, ,331, ,
3, ,331, ,
1, ,333, ,
4, ,332, ,
3, ,333, ,
3, ,330, ,
4, ,332, ,
3, ,332, ,
1, ,333, ,
4, ,331, ,
1, ,332, ,
1, ,331, ,
4, ,332, ,
3, ,332, ,
1, ,333, ,
5, ,332, ,
1, ,332, ,
1, ,331, ,
4, ,332, ,
3, ,331, ,
1, ,333, ,
4, ,330, ,
1, ,332, ,
1, ,332, ,
4, ,332, ,
3, ,331, ,
1, ,333, ,
4, ,332, ,
1, ,333, ,
3, ,331, ,
3, ,331, ,
3, ,332, ,
1, ,332, ,
4, ,331, ,
3, ,332, ,
1, ,332, ,
4, ,332, ,
3, ,331, ,
1, ,333, ,
4, ,332, ,
3, ,333, ,
1, ,331, ,
4, ,332, ,
3, ,332, ,
1, ,333, ,
4, ,331, ,
3, ,331, ,
1, ,333, ,
4, ,333, ,
3, ,331, ,
1, ,333, ,
4, ,331, ,
1, ,332, ,
1, ,331, ,
4, ,332, ,
3, ,332, ,
1, ,333, ,
4, ,331, ,
1, ,333, ,
1, ,332, ,
4, ,332, ,
3, ,331, ,
1, ,333, ,
4, ,332, ,
3, ,332, ,
1, ,331, ,
3, ,332, ,
3, ,332, ,
1, ,332, ,
4, ,329, ,
1, ,333, ,
1, ,332, ,
4, ,332, ,
3, ,331, ,
1, ,333, ,
4, ,331, ,
1, ,333, ,
1, ,331, ,
3, ,332, ,
3, ,331, ,
1, ,333, ,
3, ,331, ,
1, ,332, ,
1, ,332, ,
4, ,332, ,
3, ,332, ,
1, ,333, ,
4, ,332, ,
1, ,332, ,
1, ,331, ,
3, ,331, ,
3, ,332, ,
1, ,333, ,
4, ,330, ,
1, ,332, ,
1, ,332, ,
3, ,332, ,
3, ,331, ,
1, ,332, ,
4, ,331, ,
1, ,332, ,
1, ,331, ,
3, ,332, ,
3, ,332, ,
1, ,332, ,
4, ,331, ,
1, ,333, ,
1, ,332, ,
3, ,332, ,
3, ,332, ,
1, ,332, ,
4, ,331, ,
1, ,332, ,
1, ,331, ,
3, ,332, ,
3, ,332, ,
1, ,332, ,
4, ,330, ,
1, ,332, ,
1, ,332, ,
3, ,332, ,
3, ,331, ,
1, ,332, ,
4, ,332, ,
1, ,332, ,
1, ,331, ,
4, ,331, ,
3, ,332, ,
1, ,333, ,
3, ,330, ,
1, ,332, ,
1, ,332, ,
3, ,332, ,
3, ,331, ,
1, ,332, ,
4, ,332, ,
1, ,332, ,
1, ,331, ,
3, ,332, ,
3, ,332, ,
1, ,332, ,
4, ,330, ,
1, ,332, ,
1, ,332, ,
3, ,332, ,
3, ,331, ,
1, ,333, ,
4, ,331, ,
1, ,332, ,
1, ,332, ,
3, ,332, ,
3, ,332, ,
1, ,333, ,
4, ,331, ,
1, ,332, ,
1, ,332, ,
3, ,333, ,
3, ,332, ,
1, ,332, ,
4, ,331, ,
1, ,331, ,
1, ,331, ,
3, ,332, ,
3, ,332, ,
1, ,333, ,
4, ,331, ,
1, ,332, ,
1, ,332, ,
3, ,332, ,
3, ,331, ,
0, ,332, ,
4, ,332, ,
1, ,332, ,
1, ,331, ,
3, ,331, ,
3, ,332, ,
1, ,333, ,
3, ,331, ,
1, ,332, ,
1, ,332, ,
3, ,332, ,
3, ,332, ,
0, ,333, ,
4, ,332, ,
1, ,332, ,
1, ,331, ,
3, ,332, ,
3, ,332, ,
0, ,332, ,
3, ,329, ,
1, ,333, ,
1, ,333, ,
3, ,332, ,
1, ,331, ,
0, ,332, ,
3, ,331, ,
1, ,333, ,
1, ,332, ,
3, ,332, ,
3, ,332, ,
0, ,333, ,
3, ,331, ,
1, ,330, ,
1, ,332, ,
3, ,332, ,
3, ,331, ,
0, ,333, ,
3, ,331, ,
1, ,332, ,
1, ,331, ,
3, ,332, ,
1, ,332, ,
1, ,334, ,
3, ,332, ,
1, ,331, ,
1, ,332, ,
4, ,332, ,
3, ,331, ,
0, ,332, ,
4, ,332, ,
1, ,332, ,
1, ,330, ,
3, ,328, ,
3, ,333, ,
0, ,337, ,
3, ,334, ,
1, ,330, ,
1, ,331, ,
3, ,333, ,
3, ,333, ,
0, ,335, ,
3, ,332, ,
1, ,333, ,
1, ,332, ,
3, ,331, ,
1, ,331, ,
0, ,334, ,
3, ,330, ,
1, ,332, ,
1, ,332, ,
3, ,332, ,
1, ,331, ,
0, ,333, ,
3, ,331, ,
1, ,333, ,
1, ,332, ,
3, ,332, ,
1, ,331, ,
0, ,333, ,
3, ,330, ,
1, ,332, ,
1, ,332, ,
3, ,332, ,
3, ,331, ,
0, ,333, ,
3, ,331, ,
1, ,333, ,
1, ,332, ,
3, ,332, ,
1, ,332, ,
0, ,333, ,
3, ,329, ,
1, ,332, ,
1, ,332, ,
3, ,332, ,
1, ,332, ,
0, ,333, ,
3, ,332, ,
1, ,333, ,
1, ,331, ,
3, ,332, ,
1, ,331, ,
0, ,333, ,
3, ,331, ,
1, ,333, ,
0, ,332, ,
3, ,332, ,
3, ,331, ,
0, ,333, ,
3, ,331, ,
1, ,332, ,
1, ,331, ,
3, ,332, ,
1, ,331, ,
0, ,332, ,
3, ,331, ,
1, ,332, ,
1, ,333, ,
3, ,331, ,
1, ,331, ,
0, ,333, ,
3, ,331, ,
1, ,332, ,
1, ,331, ,
3, ,331, ,
3, ,331, ,
0, ,332, ,
3, ,330, ,
1, ,334, ,
1, ,332, ,
3, ,332, ,
1, ,332, ,
0, ,333, ,
3, ,331, ,
1, ,333, ,
1, ,332, ,
3, ,332, ,
1, ,332, ,
0, ,332, ,
3, ,329, ,
1, ,333, ,
0, ,332, ,
3, ,332, ,
1, ,331, ,
0, ,333, ,
3, ,331, ,
1, ,333, ,
1, ,331, ,
3, ,332, ,
1, ,332, ,
0, ,332, ,
3, ,330, ,
1, ,333, ,
1, ,332, ,
3, ,332, ,
1, ,331, ,
0, ,332, ,
3, ,332, ,
1, ,333, ,
1, ,331, ,
3, ,332, ,
1, ,332, ,
0, ,333, ,
3, ,330, ,
1, ,333, ,
1, ,332, ,
3, ,332, ,
1, ,330, ,
0, ,332, ,
3, ,331, ,
1, ,332, ,
1, ,332, ,
3, ,332, ,
1, ,331, ,
0, ,333, ,
3, ,330, ,
1, ,332, ,
1, ,332, ,
3, ,333, ,
1, ,331, ,
0, ,332, ,
3, ,331, ,
1, ,332, ,
1, ,331, ,
3, ,332, ,
1, ,332, ,
0, ,333, ,
3, ,330, ,
1, ,332, ,
1, ,332, ,
3, ,332, ,
1, ,332, ,
0, ,332, ,
3, ,331, ,
1, ,333, ,
1, ,331, ,
3, ,332, ,
1, ,332, ,
0, ,333, ,
3, ,331, ,
0, ,333, ,
0, ,332, ,
3, ,332, ,
1, ,332, ,
0, ,333, ,
3, ,331, ,
1, ,332, ,
0, ,331, ,
3, ,332, ,
1, ,332, ,
0, ,333, ,
3, ,331, ,
1, ,332, ,
0, ,332, ,
3, ,332, ,
1, ,332, ,
0, ,332, ,
3, ,331, ,
1, ,333, ,
1, ,332, ,
3, ,332, ,
1, ,332, ,
0, ,333, ,
3, ,330, ,
1, ,333, ,
0, ,332, ,
3, ,332, ,
1, ,331, ,
0, ,332, ,
3, ,331, ,
1, ,333, ,
0, ,332, ,
3, ,333, ,
1, ,331, ,
0, ,333, ,
3, ,330, ,
1, ,332, ,
0, ,332, ,
3, ,332, ,
1, ,331, ,
0, ,333, ,
3, ,331, ,
1, ,333, ,
0, ,332, ,
3, ,332, ,
1, ,332, ,
0, ,333, ,
3, ,331, ,
1, ,333, ,
0, ,332, ,
3, ,332, ,
1, ,331, ,
0, ,332, ,
3, ,332, ,
0, ,332, ,
1, ,331, ,
3, ,332, ,
1, ,331, ,
0, ,333, ,
3, ,329, ,
1, ,332, ,
0, ,332, ,
3, ,332, ,
1, ,331, ,
0, ,332, ,
3, ,331, ,
1, ,333, ,
1, ,332, ,
3, ,332, ,
1, ,332, ,
0, ,334, ,
3, ,331, ,
0, ,333, ,
0, ,332, ,
3, ,332, ,
1, ,331, ,
0, ,332, ,
3, ,331, ,
1, ,333, ,
1, ,330, ,
3, ,332, ,
1, ,331, ,
0, ,334, ,
3, ,330, ,
0, ,332, ,
0, ,332, ,
3, ,332, ,
1, ,331, ,
0, ,332, ,
3, ,331, ,
1, ,332, ,
97, ,331, ,
62, ,332, ,
42, ,332, ,
28, ,333, ,
19, ,331, ,
10, ,333, ,
6, ,333, ,
9, ,333, ,
8, ,331, ,
3, ,332, ,
4, ,332, ,
3, ,333, ,
3, ,332, ,
5, ,331, ,
3, ,331, ,
1, ,332, ,
5, ,330, ,
3, ,331, ,
1, ,332, ,
4, ,332, ,
3, ,330, ,
1, ,331, ,
4, ,330, ,
1, ,332, ,
3, ,333, ,
4, ,335, ,
3, ,335, ,
3, ,333, ,
4, ,328, ,
3, ,330, ,
3, ,331, ,
4, ,333, ,
4, ,332, ,
1, ,333, ,
4, ,331, ,
1, ,331, ,
3, ,331, ,
4, ,332, ,
3, ,332, ,
1, ,333, ,
4, ,330, ,
3, ,332, ,
3, ,330, ,
4, ,332, ,
4, ,331, ,
1, ,332, ,
4, ,330, ,
1, ,332, ,
1, ,331, ,
4, ,331, ,
3, ,332, ,
3, ,333, ,
4, ,330, ,
1, ,331, ,
3, ,332, ,
4, ,332, ,
4, ,331, ,
1, ,332, ,
4, ,331, ,
3, ,332, ,
3, ,330, ,
4, ,331, ,
3, ,332, ,
1, ,332, ,
4, ,329, ,
3, ,332, ,
1, ,331, ,
4, ,332, ,
3, ,331, ,
1, ,333, ,
4, ,331, ,
3, ,332, ,
1, ,331, ,
4, ,332, ,
3, ,331, ,
1, ,333, ,
4, ,329, ,
1, ,333, ,
1, ,331, ,
4, ,332, ,
3, ,330, ,
1, ,333, ,
4, ,331, ,
1, ,332, ,
1, ,331, ,
4, ,332, ,
3, ,331, ,
1, ,332, ,
4, ,330, ,
1, ,331, ,
1, ,331, ,
4, ,331, ,
3, ,330, ,
1, ,333, ,
4, ,330, ,
1, ,332, ,
1, ,332, ,
3, ,331, ,
3, ,331, ,
1, ,333, ,
4, ,329, ,
1, ,332, ,
1, ,333, ,
4, ,332, ,
3, ,330, ,
1, ,333, ,
4, ,330, ,
1, ,332, ,
1, ,330, ,
4, ,331, ,
3, ,332, ,
1, ,333, ,
4, ,330, ,
1, ,333, ,
1, ,332, ,
4, ,332, ,
3, ,332, ,
1, ,333, ,
4, ,331, ,
1, ,332, ,
1, ,331, ,
3, ,332, ,
3, ,332, ,
1, ,333, ,
4, ,330, ,
1, ,332, ,
1, ,331, ,
3, ,332, ,
3, ,332, ,
1, ,333, ,
4, ,332, ,
3, ,332, ,
1, ,331, ,
3, ,331, ,
3, ,332, ,
1, ,333, ,
4, ,330, ,
1, ,327, ,
1, ,332, ,
3, ,337, ,
3, ,335, ,
1, ,331, ,
4, ,329, ,
1, ,332, ,
1, ,332, ,
3, ,333, ,
3, ,332, ,
1, ,333, ,
5, ,331, ,
1, ,332, ,
1, ,332, ,
3, ,333, ,
3, ,332, ,
1, ,333, ,
4, ,332, ,
3, ,333, ,
1, ,332, ,
3, ,332, ,
3, ,331, ,
1, ,333, ,
4, ,331, ,
1, ,333, ,
1, ,332, ,
3, ,332, ,
3, ,331, ,
0, ,333, ,
4, ,331, ,
1, ,334, ,
1, ,332, ,
3, ,332, ,
3, ,331, ,
1, ,334, ,
4, ,330, ,
1, ,333, ,
1, ,333, ,
3, ,332, ,
3, ,331, ,
0, ,333, ,
4, ,330, ,
3, ,333, ,
1, ,331, ,
3, ,331, ,
3, ,332, ,
1, ,333, ,
3, ,330, ,
1, ,333, ,
1, ,333, ,
4, ,332, ,
3, ,332, ,
0, ,333, ,
4, ,331, ,
1, ,332, ,
1, ,331, ,
3, ,333, ,
3, ,332, ,
1, ,333, ,
3, ,330, ,
1, ,332, ,
1, ,332, ,
3, ,332, ,
3, ,331, ,
0, ,333, ,
4, ,331, ,
1, ,332, ,
1, ,330, ,
3, ,333, ,
3, ,333, ,
1, ,335, ,
4, ,331, ,
1, ,332, ,
1, ,331, ,
3, ,331, ,
3, ,331, ,
0, ,332, ,
3, ,331, ,
1, ,333, ,
1, ,332, ,
3, ,332, ,
3, ,332, ,
1, ,334, ,
4, ,330, ,
3, ,333, ,
1, ,332, ,
3, ,331, ,
1, ,331, ,
0, ,332, ,
4, ,332, ,
1, ,333, ,
1, ,331, ,
3, ,332, ,
3, ,332, ,
0, ,333, ,
3, ,331, ,
1, ,332, ,
1, ,332, ,
3, ,333, ,
1, ,331, ,
0, ,332, ,
3, ,331, ,
1, ,331, ,
1, ,332, ,
3, ,332, ,
3, ,331, ,
0, ,333, ,
3, ,330, ,
1, ,333, ,
1, ,332, ,
3, ,332, ,
3, ,331, ,
0, ,332, ,
3, ,332, ,
1, ,332, ,
1, ,331, ,
3, ,332, ,
3, ,332, ,
1, ,333, ,
3, ,331, ,
1, ,332, ,
1, ,332, ,
3, ,332, ,
3, ,331, ,
0, ,333, ,
3, ,331, ,
1, ,332, ,
1, ,331, ,
3, ,332, ,
3, ,333, ,
0, ,333, ,
3, ,330, ,
1, ,333, ,
1, ,332, ,
3, ,332, ,
3, ,332, ,
0, ,332, ,
3, ,331, ,
1, ,333, ,
1, ,332, ,
3, ,332, ,
3, ,332, ,
0, ,332, ,
3, ,331, ,
1, ,333, ,
1, ,332, ,
3, ,333, ,
3, ,332, ,
0, ,332, ,
3, ,331, ,
1, ,333, ,
1, ,331, ,
3, ,332, ,
1, ,332, ,
1, ,333, ,
4, ,330, ,
1, ,333, ,
1, ,331, ,
3, ,332, ,
3, ,332, ,
0, ,333, ,
4, ,331, ,
1, ,332, ,
1, ,331, ,
3, ,332, ,
3, ,332, ,
0, ,333, ,
3, ,331, ,
1, ,333, ,
1, ,333, ,
3, ,333, ,
1, ,331, ,
0, ,333, ,
4, ,331, ,
1, ,333, ,
1, ,332, ,
3, ,332, ,
1, ,332, ,
0, ,333, ,
3, ,331, ,
1, ,333, ,
1, ,332, ,
3, ,332, ,
3, ,332, ,
0, ,333, ,
3, ,331, ,
1, ,332, ,
1, ,331, ,
3, ,332, ,
3, ,332, ,
0, ,333, ,
3, ,330, ,
1, ,332, ,
1, ,332, ,
3, ,331, ,
3, ,332, ,
0, ,333, ,
3, ,331, ,
1, ,332, ,
1, ,332, ,
3, ,332, ,
3, ,332, ,
0, ,333, ,
3, ,330, ,
1, ,331, ,
1, ,332, ,
4, ,332, ,
1, ,331, ,
0, ,333, ,
3, ,331, ,
1, ,333, ,
1, ,332, ,
3, ,331, ,
1, ,332, ,
0, ,333, ,
3, ,331, ,
1, ,332, ,
0, ,332, ,
3, ,333, ,
1, ,332, ,
0, ,333, ,
3, ,331, ,
1, ,333, ,
1, ,332, ,
3, ,332, ,
1, ,331, ,
0, ,333, ,
3, ,331, ,
1, ,333, ,
1, ,332, ,
3, ,332, ,
1, ,332, ,
0, ,333, ,
3, ,331, ,
1, ,332, ,
1, ,331, ,
3, ,332, ,
1, ,332, ,
0, ,332, ,
3, ,330, ,
1, ,332, ,
1, ,331, ,
3, ,332, ,
1, ,333, ,
0, ,333, ,
3, ,331, ,
1, ,332, ,
1, ,332, ,
3, ,331, ,
1, ,332, ,
0, ,333, ,
3, ,332, ,
1, ,332, ,
0, ,332, ,
3, ,332, ,
1, ,331, ,
0, ,333, ,
3, ,332, ,
1, ,333, ,
1, ,332, ,
3, ,332, ,
1, ,332, ,
0, ,332, ,
3, ,330, ,
1, ,333, ,
0, ,332, ,
3, ,332, ,
1, ,332, ,
0, ,333, ,
3, ,331, ,
1, ,332, ,
1, ,331, ,
3, ,331, ,
1, ,332, ,
0, ,334, ,
3, ,330, ,
1, ,332, ,
0, ,331, ,
3, ,332, ,
1, ,332, ,
0, ,333, ,
3, ,331, ,
1, ,333, ,
1, ,332, ,
3, ,331, ,
1, ,330, ,
0, ,332, ,
3, ,330, ,
1, ,332, ,
1, ,332, ,
3, ,332, ,
1, ,332, ,
0, ,333, ,
3, ,331, ,
1, ,333, ,
1, ,331, ,
3, ,332, ,
1, ,331, ,
0, ,332, ,
3, ,332, ,
1, ,332, ,
0, ,332, ,
3, ,333, ,
1, ,331, ,
0, ,333, ,
3, ,331, ,
1, ,333, ,
1, ,331, ,
3, ,332, ,
1, ,331, ,
0, ,332, ,
3, ,331, ,
1, ,333, ,
1, ,332, ,
3, ,332, ,
1, ,331, ,
0, ,333, ,
3, ,331, ,
1, ,332, ,
1, ,331, ,
3, ,332, ,
1, ,332, ,
0, ,333, ,
3, ,330, ,
1, ,331, ,
0, ,332, ,
3, ,332, ,
1, ,332, ,
0, ,333, ,
3, ,332, ,
1, ,332, ,
1, ,331, ,
3, ,332, ,
1, ,332, ,
0, ,334, ,
3, ,329, ,
1, ,332, ,
0, ,332, ,
3, ,332, ,
1, ,332, ,
0, ,332, ,
3, ,331, ,
1, ,332, ,
1, ,332, ,
3, ,332, ,
1, ,332, ,
0, ,333, ,
3, ,329, ,
1, ,332, ,
0, ,332, ,
3, ,333, ,
1, ,331, ,
0, ,332, ,
3, ,332, ,
1, ,332, ,
1, ,331, ,
3, ,330, ,
1, ,332, ,
0, ,333, ,
3, ,330, ,
1, ,332, ,
0, ,331, ,
3, ,332, ,
1, ,332, ,
0, ,333, ,
3, ,331, ,
1, ,332, ,
1, ,331, ,
3, ,332, ,
1, ,332, ,
0, ,333, ,
3, ,330, ,
0, ,332, ,
0, ,332, ,
3, ,332, ,
1, ,331, ,
0, ,333, ,
3, ,331, ,
1, ,333, ,
0, ,332, ,
3, ,332, ,
1, ,332, ,
0, ,333, ,
3, ,330, ,
1, ,332, ,
0, ,332, ,
3, ,332, ,
1, ,330, ,
0, ,333, ,
3, ,333, ,
1, ,333, ,
1, ,331, ,
3, ,332, ,
1, ,332, ,
0, ,332, ,
3, ,330, ,
1, ,332, ,
0, ,332, ,
3, ,332, ,
1, ,333, ,
0, ,333, ,
3, ,332, ,
0, ,333, ,
0, ,331, ,
3, ,332, ,
1, ,332, ,
0, ,333, ,
3, ,330, ,
0, ,333, ,
0, ,332, ,
3, ,332, ,
1, ,331, ,
0, ,334, ,
3, ,332, ,
0, ,333, ,
0, ,332, ,
3, ,332, ,
1, ,332, ,
0, ,333, ,
3, ,331, ,
0, ,332, ,
0, ,332, ,
3, ,332, ,
1, ,331, ,
0, ,332, ,
3, ,331, ,
0, ,332, ,
0, ,331, ,
3, ,331, ,
1, ,332, ,
0, ,333, ,
3, ,331, ,
1, ,332, ,
0, ,332, ,
3, ,333, ,
1, ,332, ,
0, ,332, ,
3, ,331, ,
1, ,333, ,
1, ,332, ,
3, ,332, ,
1, ,332, ,
0, ,333, ,
3, ,331, ,
1, ,333, ,
0, ,332, ,
3, ,332, ,
1, ,330, ,
0, ,332, ,
3, ,331, ,
0, ,332, ,
0, ,331, ,
3, ,332, ,
1, ,332, ,
0, ,333, ,
3, ,331, ,
0, ,332, ,
0, ,332, ,
3, ,332, ,
1, ,331, ,
0, ,332, ,
3, ,331, ,
0, ,332, ,
0, ,331, ,
3, ,332, ,
1, ,332, ,
0, ,333, ,
3, ,331, ,
0, ,331, ,
0, ,332, ,
3, ,332, ,
1, ,331, ,
0, ,332, ,
3, ,332, ,
0, ,333, ,
0, ,331, ,
3, ,332, ,
1, ,331, ,
0, ,333, ,
3, ,330, ,
0, ,332, ,
0, ,333, ,
3, ,332, ,
1, ,331, ,
0, ,333, ,
3, ,331, ,
1, ,332, ,
0, ,331, ,
3, ,332, ,
1, ,333, ,
0, ,333, ,
3, ,330, ,
1, ,332, ,
0, ,331, ,
3, ,332, ,
1, ,331, ,
0, ,333, ,
3, ,332, ,
0, ,332, ,
0, ,332, ,
3, ,331, ,
1, ,332, ,
0, ,333, ,
3, ,330, ,
0, ,332, ,
0, ,332, ,
3, ,332, ,
1, ,332, ,
0, ,335, ,
3, ,333, ,
1, ,332, ,
0, ,331, ,
3, ,332, ,
1, ,331, ,
0, ,332, ,
3, ,330, ,
0, ,332, ,
0, ,332, ,
3, ,333, ,
1, ,332, ,
-1, ,333, ,
3, ,332, ,
0, ,332, ,
0, ,331, ,
3, ,332, ,
1, ,332, ,
0, ,333, ,
3, ,331, ,
0, ,332, ,
0, ,332, ,
3, ,332, ,
1, ,331, ,
0, ,333, ,
3, ,332, ,
0, ,332, ,
0, ,331, ,
3, ,332, ,
1, ,332, ,
0, ,333, ,
3, ,330, ,
0, ,332, ,
0, ,331, ,
3, ,332, ,
1, ,331, ,
0, ,333, ,
3, ,332, ,
0, ,332, ,
0, ,332, ,
3, ,331, ,
1, ,331, ,
0, ,333, ,
3, ,330, ,
0, ,332, ,
0, ,333, ,
3, ,332, ,
1, ,332, ,
0, ,333, ,
3, ,331, ,
0, ,332, ,
0, ,331, ,
3, ,332, ,
1, ,332, ,
0, ,332, ,
3, ,330, ,
0, ,332, ,
0, ,331, ,
3, ,332, ,
1, ,331, ,
0, ,332, ,
3, ,331, ,
0, ,332, ,
0, ,332, ,
3, ,332, ,
1, ,332, ,
0, ,332, ,
3, ,331, ,
0, ,331, ,
0, ,332, ,
3, ,333, ,
1, ,332, ,
0, ,333, ,
3, ,332, ,
0, ,333, ,
0, ,331, ,
1, ,332, ,
1, ,331, ,
0, ,333, ,
3, ,331, ,
0, ,332, ,
0, ,332, ,
3, ,332, ,
1, ,331, ,
-1, ,333, ,
3, ,331, ,
0, ,333, ,
0, ,331, ,
3, ,331, ,
1, ,332, ,
0, ,334, ,
3, ,330, ,
0, ,332, ,
0, ,332, ,
3, ,332, ,
1, ,331, ,
0, ,333, ,
3, ,331, ,
0, ,332, ,
0, ,331, ,
3, ,331, ,
1, ,331, ,
0, ,333, ,
3, ,331, ,
0, ,332, ,
0, ,332, ,
3, ,332, ,
1, ,331, ,
-1, ,332, ,
3, ,332, ,
0, ,333, ,
0, ,331, ,
3, ,332, ,
1, ,332, ,
0, ,332, ,
3, ,331, ,
0, ,332, ,
0, ,332, ,
3, ,332, ,
0, ,331, ,
0, ,333, ,
3, ,331, ,
1, ,333, ,
0, ,332, ,
3, ,332, ,
1, ,332, ,
0, ,333, ,
3, ,331, ,
0, ,332, ,
0, ,332, ,
3, ,332, ,
1, ,331, ,
-1, ,333, ,
3, ,332, ,
1, ,332, ,
0, ,331, ,
3, ,332, ,
1, ,333, ,
0, ,333, ,
3, ,330, ,
1, ,332, ,
0, ,332, ,
3, ,332, ,
0, ,332, ,
0, ,332, ,
3, ,331, ,
0, ,332, ,
0, ,331, ,
3, ,331, ,
1, ,332, ,
0, ,333, ,
3, ,331, ,
0, ,332, ,
0, ,332, ,
3, ,332, ,
1, ,331, ,
0, ,332, ,
3, ,331, ,
0, ,332, ,
0, ,331, ,
3, ,332, ,
0, ,332, ,
0, ,333, ,
3, ,330, ,
0, ,333, ,
0, ,332, ,
1, ,332, ,
1, ,331, ,
0, ,332, ,
3, ,332, ,
0, ,332, ,
0, ,331, ,
3, ,331, ,
1, ,331, ,
0, ,333, ,
3, ,331, ,
0, ,332, ,
0, ,332, ,
3, ,332, ,
1, ,331, ,
0, ,333, ,
3, ,332, ,
0, ,332, ,
0, ,332, ,
3, ,331, ,
1, ,331, ,
-1, ,333, ,
3, ,332, ,
0, ,332, ,
0, ,332, ,
3, ,332, ,
1, ,331, ,
0, ,333, ,
3, ,331, ,
0, ,332, ,
0, ,331, ,
3, ,331, ,
1, ,332, ,
0, ,333, ,
3, ,331, ,
0, ,332, ,
0, ,331, ,
3, ,332, ,
1, ,331, ,
-1, ,333, ,
3, ,332, ,
1, ,332, ,
0, ,331, ,
1, ,332, ,
1, ,332, ,
0, ,332, ,
3, ,330, ,
0, ,332, ,
1, ,333, ,
3, ,333, ,
1, ,331, ,
0, ,332, ,
3, ,331, ,
0, ,332, ,
0, ,331, ,
1, ,331, ,
1, ,332, ,
0, ,332, ,
3, ,330, ,
0, ,333, ,
0, ,332, ,
1, ,333, ,
1, ,331, ,
-1, ,332, ,
1, ,331, ,
0, ,333, ,
0, ,331, ,
1, ,331, ,
1, ,331, ,
0, ,332, ,
3, ,331, ,
0, ,331, ,
0, ,333, ,
1, ,332, ,
1, ,332, ,
-1, ,332, ,
3, ,331, ,
0, ,332, ,
0, ,332, ,
3, ,332, ,
1, ,332, ,
-1, ,332, ,
3, ,329, ,
0, ,332, ,
0, ,333, ,
1, ,332, ,
0, ,330, ,
-1, ,332, ,
3, ,332, ,
0, ,332, ,
0, ,331, ,
3, ,332, ,
1, ,331, ,
-1, ,332, ,
3, ,331, ,
0, ,333, ,
0, ,332, ,
1, ,332, ,
1, ,331, ,
-1, ,333, ,
3, ,330, ,
0, ,332, ,
0, ,331, ,
3, ,332, ,
1, ,331, ,
-1, ,333, ,
3, ,331, ,
0, ,332, ,
0, ,332, ,
1, ,332, ,
1, ,331, ,
-1, ,333, ,
3, ,331, ,
0, ,332, ,
0, ,330, ,
1, ,332, ,
1, ,332, ,
-1, ,333, ,
3, ,331, ,
0, ,332, ,
0, ,333, ,
1, ,332, ,
1, ,331, ,
0, ,333, ,
3, ,332, ,
0, ,332, ,
0, ,331, ,
3, ,332, ,
1, ,332, ,
-1, ,332, ,
1, ,330, ,
0, ,332, ,
0, ,332, ,
1, ,331, ,
1, ,332, ,
-1, ,333, ,
3, ,331, ,
0, ,332, ,
0, ,331, ,
3, ,331, ,
1, ,332, ,
-1, ,333, ,
3, ,329, ,
0, ,332, ,
0, ,332, ,
1, ,332, ,
0, ,331, ,
-1, ,332, ,
3, ,331, ,
0, ,332, ,
0, ,331, ,
1, ,332, ,
1, ,332, ,
-1, ,334, ,
3, ,330, ,
0, ,332, ,
0, ,332, ,
1, ,332, ,
1, ,331, ,
-1, ,334, ,
3, ,331, ,
0, ,332, ,
0, ,331, ,
1, ,331, ,
1, ,333, ,
-1, ,332, ,
3, ,331, ,
0, ,332, ,
0, ,332, ,
1, ,332, ,
1, ,331, ,
-1, ,333, ,
3, ,331, ,
0, ,333, ,
0, ,331, ,
3, ,332, ,
1, ,331, ,
-1, ,333, ,
3, ,331, ,
0, ,332, ,
0, ,332, ,
1, ,332, ,
0, ,331, ,
-1, ,332, ,
1, ,331, ,
0, ,332, ,
0, ,331, ,
3, ,332, ,
0, ,332, ,
-1, ,332, ,
1, ,331, ,
0, ,332, ,
0, ,332, ,
1, ,332, ,
0, ,331, ,
0, ,333, ,
3, ,331, ,
0, ,332, ,
0, ,332, ,
3, ,331, ,
1, ,332, ,
-1, ,332, ,
3, ,331, ,
0, ,332, ,
0, ,332, ,
1, ,331, ,
0, ,331, ,
-1, ,333, ,
3, ,331, ,
0, ,332, ,
0, ,331, ,
3, ,332, ,
1, ,331, ,
-1, ,334, ,
3, ,331, ,
0, ,333, ,
0, ,332, ,
1, ,332, ,
1, ,331, ,
0, ,332, ,
3, ,331, ,
0, ,333, ,
0, ,331, ,
3, ,331, ,
1, ,332, ,
-1, ,333, ,
1, ,331, ,
0, ,333, ,
0, ,332, ,
1, ,332, ,
0, ,331, ,
0, ,332, ,
3, ,330, ,
0, ,330, ,
0, ,330, ,
1, ,331, ,
1, ,334, ,
-1, ,337, ,
1, ,333, ,
0, ,331, ,
0, ,328, ,
1, ,329, ,
1, ,328, ,
0, ,333, ,
3, ,333, ,
0, ,332, ,
0, ,331, ,
3, ,330, ,
1, ,330, ,
-1, ,333, ,
1, ,330, ,
0, ,332, ,
0, ,332, ,
1, ,331, ,
1, ,331, ,
0, ,332, ,
3, ,332, ,
0, ,332, ,
0, ,331, ,
1, ,332, ,
1, ,331, ,
-1, ,332, ,
1, ,331, ,
0, ,332, ,
0, ,332, ,
1, ,332, ,
1, ,331, ,
-1, ,331, ,
3, ,331, ,
0, ,332, ,
0, ,330, ,
1, ,330, ,
1, ,331, ,
-1, ,333, ,
3, ,331, ,
0, ,332, ,
0, ,332, ,
1, ,332, ,
0, ,330, ,
-1, ,332, ,
1, ,330, ,
0, ,332, ,
0, ,331, ,
3, ,332, ,
1, ,332, ,
-1, ,333, ,
3, ,330, ,
0, ,332, ,
0, ,330, ,
1, ,332, ,
0, ,331, ,
0, ,332, ,
3, ,332, ,
0, ,332, ,
0, ,331, ,
3, ,332, ,
1, ,331, ,
-1, ,332, ,
1, ,330, ,
0, ,332, ,
0, ,332, ,
1, ,332, ,
0, ,331, ,
0, ,333, ,
3, ,332, ,
0, ,332, ,
0, ,330, ,
3, ,331, ,
1, ,331, ,
-1, ,333, ,
1, ,330, ,
0, ,332, ,
0, ,332, ,
1, ,331, ,
0, ,329, ,
-1, ,333, ,
3, ,332, ,
0, ,332, ,
0, ,331, ,
1, ,332, ,
1, ,332, ,
-1, ,332, ,
3, ,331, ,
0, ,332, ,
0, ,332, ,
1, ,332, ,
0, ,331, ,
-1, ,332, ,
3, ,331, ,
0, ,331, ,
0, ,330, ,
3, ,331, ,
1, ,332, ,
-1, ,332, ,
1, ,331, ,
0, ,332, ,
0, ,332, ,
1, ,332, ,
1, ,331, ,
-1, ,333, ,
1, ,332, ,
0, ,334, ,
0, ,332, ,
1, ,331, ,
1, ,332, ,
-1, ,333, ,
3, ,331, ,
0, ,332, ,
0, ,332, ,
1, ,333, ,
0, ,332, ,
-1, ,335, ,
3, ,331, ,
0, ,332, ,
0, ,331, ,
1, ,332, ,
1, ,332, ,
-1, ,333, ,
3, ,331, ,
0, ,332, ,
0, ,333, ,
1, ,332, ,
0, ,331, ,
0, ,334, ,
3, ,332, ,
0, ,333, ,
0, ,331, ,
1, ,332, ,
1, ,332, ,
-1, ,332, ,
1, ,332, ,
0, ,331, ,
0, ,331, ,
1, ,332, ,
1, ,332, ,
0, ,332, ,
3, ,331, ,
0, ,333, ,
0, ,331, ,
1, ,331, ,
1, ,332, ,
-1, ,333, ,
1, ,331, ,
0, ,333, ,
0, ,332, ,
1, ,332, ,
1, ,332, ,
0, ,333, ,
3, ,332, ,
0, ,333, ,
0, ,332, ,
3, ,331, ,
1, ,332, ,
-1, ,334, ,
1, ,331, ,
0, ,333, ,
0, ,332, ,
1, ,332, ,
0, ,331, ,
0, ,333, ,
3, ,331, ,
0, ,332, ,
0, ,332, ,
1, ,332, ,
1, ,332, ,
-1, ,333, ,
1, ,331, ,
0, ,333, ,
0, ,332, ,
1, ,332, ,
1, ,332, ,
0, ,332, ,
3, ,331, ,
0, ,332, ,
0, ,331, ,
1, ,332, ,
1, ,331, ,
-1, ,332, ,
1, ,330, ,
0, ,332, ,
0, ,332, ,
1, ,333, ,
1, ,332, ,
-1, ,332, ,
3, ,332, ,
0, ,332, ,
0, ,331, ,
1, ,332, ,
1, ,332, ,
-1, ,333, ,
3, ,331, ,
0, ,333, ,
0, ,332, ,
1, ,332, ,
0, ,332, ,
-1, ,334, ,
1, ,331, ,
0, ,332, ,
0, ,331, ,
3, ,332, ,
1, ,332, ,
-1, ,333, ,
3, ,331, ,
0, ,332, ,
0, ,333, ,
1, ,332, ,
0, ,331, ,
0, ,334, ,
3, ,331, ,
0, ,333, ,
0, ,332, ,
3, ,332, ,
1, ,331, ,
-1, ,333, ,
1, ,331, ,
0, ,332, ,
0, ,332, ,
1, ,332, ,
0, ,332, ,
0, ,333, ,
3, ,331, ,
0, ,332, ,
0, ,331, ,
3, ,332, ,
1, ,331, ,
-1, ,333, ,
1, ,331, ,
0, ,332, ,
0, ,331, ,
1, ,333, ,
0, ,331, ,
-1, ,333, ,
3, ,331, ,
0, ,332, ,
0, ,331, ,
3, ,332, ,
1, ,332, ,
-1, ,333, ,
1, ,331, ,
0, ,333, ,
0, ,331, ,
1, ,332, ,
1, ,331, ,
-1, ,333, ,
1, ,331, ,
0, ,333, ,
0, ,331, ,
3, ,331, ,
1, ,332, ,
-1, ,333, ,
3, ,329, ,
0, ,331, ,
0, ,332, ,
1, ,333, ,
1, ,331, ,
0, ,333, ,
1, ,331, ,
0, ,333, ,
0, ,332, ,
3, ,332, ,
1, ,333, ,
0, ,333, ,
1, ,331, ,
0, ,332, ,
0, ,332, ,
1, ,332, ,
0, ,332, ,
-1, ,333, ,
1, ,332, ,
0, ,332, ,
0, ,331, ,
3, ,332, ,
1, ,333, ,
-1, ,333, ,
1, ,331, ,
0, ,332, ,
0, ,332, ,
1, ,332, ,
1, ,332, ,
-1, ,334, ,
3, ,332, ,
0, ,332, ,
0, ,332, ,
3, ,332, ,
1, ,332, ,
-1, ,333, ,
3, ,331, ,
0, ,332, ,
0, ,332, ,
1, ,332, ,
0, ,332, ,
-1, ,332, ,
3, ,332, ,
0, ,332, ,
0, ,332, ,
3, ,332, ,
1, ,332, ,
-1, ,333, ,
1, ,331, ,
0, ,333, ,
0, ,333, ,
1, ,332, ,
0, ,331, ,
-1, ,334, ,
3, ,331, ,
0, ,333, ,
0, ,331, ,
1, ,332, ,
0, ,331, ,
-1, ,332, ,
3, ,331, ,
0, ,333, ,
0, ,332, ,
1, ,332, ,
1, ,330, ,
-1, ,333, ,
1, ,332, ,
0, ,332, ,
0, ,332, ,
1, ,332, ,
1, ,332, ,
-1, ,333, ,
3, ,332, ,
0, ,333, ,
0, ,332, ,
1, ,332, ,
0, ,331, ,
-1, ,333, ,
1, ,332, ,
0, ,332, ,
0, ,331, ,
1, ,333, ,
1, ,332, ,
-1, ,333, ,
3, ,331, ,
0, ,332, ,
0, ,332, ,
1, ,332, ,
0, ,332, ,
-1, ,333, ,
1, ,332, ,
0, ,332, ,
0, ,332, ,
1, ,331, ,
1, ,332, ,
-1, ,333, ,
3, ,331, ,
0, ,332, ,
0, ,332, ,
1, ,332, ,
0, ,331, ,
-1, ,333, ,
3, ,332, ,
0, ,333, ,
0, ,331, ,
3, ,332, ,
1, ,332, ,
-1, ,333, ,
3, ,331, ,
0, ,332, ,
0, ,332, ,
1, ,332, ,
1, ,332, ,
-1, ,333, ,
3, ,331, ,
0, ,332, ,
0, ,330, ,
3, ,332, ,
1, ,332, ,
-1, ,333, ,
3, ,330, ,
0, ,332, ,
0, ,332, ,
1, ,332, ,
0, ,331, ,
0, ,333, ,
3, ,331, ,
0, ,332, ,
0, ,330, ,
1, ,332, ,
1, ,332, ,
-1, ,334, ,
1, ,331, ,
0, ,332, ,
0, ,332, ,
1, ,333, ,
1, ,332, ,
-1, ,333, ,
1, ,331, ,
0, ,332, ,
0, ,332, ,
1, ,332, ,
1, ,332, ,
-1, ,333, ,
3, ,331, ,
0, ,332, ,
0, ,333, ,
1, ,333, ,
1, ,331, ,
0, ,333, ,
3, ,331, ,
0, ,332, ,
0, ,332, ,
3, ,332, ,
1, ,332, ,
-1, ,334, ,
1, ,331, ,
0, ,333, ,
0, ,333, ,
1, ,332, ,
1, ,331, ,
-1, ,333, ,
3, ,331, ,
0, ,332, ,
0, ,331, ,
1, ,332, ,
1, ,333, ,
-1, ,333, ,
1, ,331, ,
0, ,333, ,
0, ,333, ,
1, ,332, ,
0, ,332, ,
-1, ,333, ,
3, ,331, ,
0, ,333, ,
0, ,331, ,
1, ,331, ,
0, ,332, ,
-1, ,332, ,
1, ,331, ,
0, ,332, ,
0, ,332, ,
1, ,333, ,
0, ,330, ,
-1, ,333, ,
3, ,332, ,
0, ,324, ,
0, ,331, ,
1, ,341, ,
1, ,337, ,
-1, ,332, ,
3, ,328, ,
0, ,332, ,
0, ,333, ,
1, ,332, ,
1, ,332, ,
0, ,333, ,
3, ,332, ,
0, ,332, ,
0, ,331, ,
1, ,333, ,
1, ,332, ,
-1, ,333, ,
1, ,332, ,
0, ,333, ,
0, ,332, ,
1, ,331, ,
0, ,331, ,
-1, ,333, ,
3, ,331, ,
0, ,333, ,
0, ,331, ,
1, ,331, ,
1, ,332, ,
-1, ,334, ,
3, ,330, ,
0, ,332, ,
0, ,332, ,
1, ,331, ,
0, ,330, ,
-1, ,332, ,
3, ,333, ,
0, ,335, ,
0, ,332, ,
1, ,333, ,
1, ,333, ,
-1, ,333, ,
3, ,329, ,
0, ,333, ,
0, ,332, ,
1, ,332, ,
0, ,331, ,
0, ,333, ,
3, ,332, ,
0, ,332, ,
0, ,332, ,
1, ,332, ,
1, ,332, ,
-1, ,332, ,
1, ,329, ,
0, ,332, ,
0, ,332, ,
1, ,332, ,
1, ,331, ,
0, ,332, ,
3, ,332, ,
0, ,333, ,
0, ,331, ,
1, ,333, ,
1, ,331, ,
-1, ,333, ,
1, ,330, ,
0, ,331, ,
0, ,333, ,
1, ,332, ,
1, ,331, ,
0, ,332, ,
3, ,332, ,
0, ,332, ,
0, ,331, ,
1, ,331, ,
1, ,332, ,
-1, ,332, ,
1, ,329, ,
0, ,333, ,
0, ,332, ,
1, ,332, ,
1, ,331, ,
-1, ,332, ,
3, ,331, ,
0, ,334, ,
0, ,331, ,
1, ,332, ,
1, ,332, ,
-1, ,333, ,
3, ,331, ,
0, ,332, ,
0, ,332, ,
1, ,331, ,
1, ,331, ,
-1, ,333, ,
3, ,331, ,
0, ,333, ,
0, ,331, ,
1, ,332, ,
1, ,332, ,
-1, ,333, ,
1, ,330, ,
0, ,333, ,
0, ,332, ,
1, ,332, ,
0, ,332, ,
-1, ,332, ,
1, ,331, ,
0, ,333, ,
0, ,331, ,
1, ,332, ,
1, ,332, ,
-1, ,333, ,
1, ,331, ,
0, ,333, ,
0, ,331, ,
1, ,333, ,
0, ,331, ,
-1, ,333, ,
3, ,332, ,
0, ,333, ,
0, ,330, ,
1, ,332, ,
1, ,332, ,
-1, ,333, ,
1, ,330, ,
0, ,332, ,
0, ,332, ,
1, ,332, ,
1, ,331, ,
0, ,332, ,
3, ,331, ,
0, ,332, ,
0, ,331, ,
1, ,332, ,
1, ,331, ,
-1, ,332, ,
1, ,331, ,
0, ,333, ,
0, ,332, ,
1, ,332, ,
0, ,331, ,
-1, ,333, ,
1, ,331, ,
0, ,333, ,
0, ,331, ,
1, ,332, ,
1, ,332, ,
-1, ,333, ,
3, ,331, ,
0, ,333, ,
0, ,332, ,
1, ,332, ,
0, ,332, ,
-1, ,332, ,
3, ,332, ,
0, ,333, ,
0, ,331, ,
3, ,332, ,
1, ,332, ,
-1, ,333, ,
3, ,331, ,
0, ,332, ,
0, ,332, ,
1, ,333, ,
0, ,331, ,
-1, ,333, ,
3, ,331, ,
0, ,332, ,
0, ,332, ,
3, ,332, ,
1, ,331, ,
-1, ,333, ,
3, ,331, ,
0, ,333, ,
0, ,332, ,
1, ,332, ,
0, ,331, ,
-1, ,333, ,
3, ,331, ,
0, ,332, ,
0, ,331, ,
1, ,331, ,
1, ,332, ,
-1, ,333, ,
3, ,330, ,
0, ,332, ,
0, ,332, ,
1, ,331, ,
1, ,332, ,
-1, ,333, ,
3, ,331, ,
0, ,332, ,
0, ,332, ,
1, ,332, ,
1, ,332, ,
-1, ,333, ,
3, ,330, ,
0, ,332, ,
0, ,333, ,
1, ,332, ,
1, ,331, ,
-1, ,332, ,
3, ,331, ,
0, ,332, ,
0, ,331, ,
1, ,332, ,
0, ,331, ,
-1, ,332, ,
3, ,330, ,
0, ,332, ,
0, ,332, ,
1, ,332, ,
0, ,332, ,
-1, ,332, ,
3, ,331, ,
0, ,332, ,
0, ,331, ,
1, ,331, ,
1, ,331, ,
-1, ,333, ,
3, ,329, ,
0, ,332, ,
0, ,332, ,
1, ,332, ,
0, ,331, ,
-1, ,333, ,
3, ,332, ,
0, ,332, ,
0, ,331, ,
1, ,331, ,
0, ,332, ,
-1, ,333, ,
3, ,331, ,
0, ,332, ,
0, ,331, ,
1, ,332, ,
1, ,331, ,
-1, ,331, ,
3, ,331, ,
0, ,332, ,
0, ,332, ,
1, ,332, ,
1, ,332, ,
-1, ,333, ,
3, ,330, ,
0, ,332, ,
0, ,333, ,
1, ,332, ,
1, ,332, ,
-1, ,333, ,
1, ,330, ,
0, ,332, ,
0, ,330, ,
1, ,332, ,
1, ,332, ,
-1, ,333, ,
1, ,330, ,
0, ,332, ,
0, ,332, ,
1, ,333, ,
1, ,331, ,
-1, ,332, ,
3, ,331, ,
0, ,333, ,
0, ,331, ,
3, ,332, ,
1, ,332, ,
-1, ,333, ,
1, ,330, ,
0, ,332, ,
0, ,332, ,
1, ,332, ,
1, ,331, ,
-1, ,333, ,
3, ,331, ,
0, ,332, ,
0, ,332, ,
3, ,332, ,
1, ,332, ,
-1, ,332, ,
1, ,330, ,
0, ,333, ,
0, ,332, ,
1, ,332, ,
0, ,332, ,
-1, ,333, ,
3, ,331, ,
0, ,332, ,
0, ,331, ,
1, ,332, ,
1, ,330, ,
-1, ,333, ,
3, ,331, ,
0, ,332, ,
0, ,332, ,
1, ,332, ,
0, ,331, ,
-1, ,333, ,
3, ,332, ,
0, ,332, ,
0, ,331, ,
1, ,332, ,
1, ,332, ,
-1, ,333, ,
3, ,331, ,
0, ,333, ,
0, ,332, ,
1, ,332, ,
1, ,331, ,
-1, ,332, ,
3, ,331, ,
0, ,333, ,
0, ,331, ,
1, ,332, ,
1, ,333, ,
-1, ,333, ,
3, ,330, ,
0, ,332, ,
0, ,333, ,
1, ,332, ,
0, ,331, ,
-1, ,333, ,
3, ,331, ,
0, ,332, ,
0, ,331, ,
1, ,332, ,
1, ,332, ,
-1, ,332, ,
1, ,331, ,
0, ,332, ,
0, ,333, ,
1, ,333, ,
1, ,332, ,
-1, ,333, ,
3, ,330, ,
0, ,333, ,
0, ,331, ,
1, ,332, ,
1, ,332, ,
-1, ,333, ,
3, ,331, ,
0, ,333, ,
0, ,332, ,
1, ,332, ,
0, ,332, ,
-1, ,332, ,
3, ,332, ,
0, ,332, ,
0, ,330, ,
3, ,332, ,
1, ,331, ,
-1, ,333, ,
1, ,330, ,
0, ,333, ,
0, ,332, ,
1, ,333, ,
0, ,331, ,
-1, ,333, ,
3, ,332, ,
0, ,333, ,
0, ,332, ,
1, ,331, ,
1, ,332, ,
-1, ,333, ,
3, ,331, ,
0, ,333, ,
0, ,332, ,
1, ,332, ,
1, ,331, ,
-1, ,333, ,
3, ,331, ,
0, ,333, ,
0, ,332, ,
3, ,332, ,
1, ,332, ,
-1, ,332, ,
3, ,331, ,
0, ,332, ,
0, ,332, ,
1, ,332, ,
0, ,332, ,
-1, ,333, ,
3, ,332, ,
0, ,332, ,
0, ,332, ,
3, ,332, ,
1, ,332, ,
-1, ,333, ,
3, ,330, ,
0, ,333, ,
0, ,332, ,
1, ,333, ,
0, ,331, ,
-1, ,333, ,
3, ,331, ,
0, ,333, ,
0, ,332, ,
1, ,332, ,
1, ,331, ,
-1, ,333, ,
1, ,331, ,
0, ,332, ,
0, ,332, ,
1, ,332, ,
0, ,331, ,
-1, ,332, ,
3, ,332, ,
0, ,332, ,
0, ,332, ,
1, ,331, ,
1, ,332, ,
-1, ,332, ,
3, ,331, ,
0, ,332, ,
0, ,333, ,
1, ,332, ,
0, ,331, ,
-1, ,332, ,
3, ,331, ,
0, ,332, ,
0, ,331, ,
1, ,332, ,
1, ,332, ,
-1, ,333, ,
3, ,331, ,
0, ,332, ,
0, ,333, ,
1, ,332, ,
1, ,332, ,
-1, ,333, ,
3, ,331, ,
0, ,332, ,
0, ,331, ,
3, ,333, ,
1, ,332, ,
-1, ,334, ,
3, ,330, ,
0, ,332, ,
0, ,333, ,
1, ,332, ,
0, ,331, ,
-1, ,333, ,
3, ,331, ,
0, ,333, ,
0, ,332, ,
3, ,332, ,
1, ,332, ,
-1, ,333, ,
3, ,329, ,
0, ,333, ,
0, ,332, ,
1, ,333, ,
0, ,332, ,
0, ,332, ,
3, ,331, ,
0, ,332, ,
0, ,331, ,
1, ,332, ,
1, ,332, ,
-1, ,333, ,
1, ,330, ,
0, ,333, ,
0, ,332, ,
1, ,333, ,
0, ,331, ,
-1, ,333, ,
3, ,331, ,
0, ,332, ,
0, ,331, ,
3, ,330, ,
0, ,331, ,
-1, ,332, ,
3, ,330, ,
0, ,332, ,
0, ,328, ,
1, ,333, ,
0, ,336, ,
-1, ,336, ,
3, ,331, ,
0, ,330, ,
0, ,330, ,
1, ,332, ,
1, ,332, ,
-1, ,333, ,
3, ,331, ,
0, ,333, ,
0, ,333, ,
1, ,332, ,
1, ,330, ,
-1, ,333, ,
3, ,331, ,
0, ,333, ,
0, ,332, ,
1, ,333, ,
1, ,332, ,
-1, ,332, ,
3, ,329, ,
0, ,332, ,
0, ,331, ,
1, ,333, ,
0, ,331, ,
-1, ,333, ,
3, ,332, ,
0, ,333, ,
0, ,331, ,
3, ,332, ,
1, ,331, ,
-1, ,333, ,
3, ,331, ,
0, ,333, ,
0, ,332, ,
1, ,332, ,
0, ,331, ,
-1, ,333, ,
3, ,332, ,
0, ,333, ,
0, ,330, ,
3, ,331, ,
0, ,332, ,
-1, ,332, ,
3, ,330, ,
0, ,332, ,
0, ,332, ,
1, ,332, ,
0, ,332, ,
-1, ,333, ,
3, ,331, ,
0, ,332, ,
0, ,332, ,
1, ,332, ,
1, ,332, ,
-1, ,333, ,
3, ,331, ,
0, ,334, ,
0, ,332, ,
1, ,332, ,
0, ,331, ,
-1, ,333, ,
3, ,332, ,
0, ,332, ,
0, ,331, ,
1, ,332, ,
0, ,333, ,
-1, ,333, ,
3, ,331, ,
0, ,332, ,
0, ,332, ,
1, ,332, ,
0, ,331, ,
-1, ,333, ,
3, ,331, ,
0, ,332, ,
0, ,331, ,
1, ,332, ,
1, ,331, ,
-1, ,333, ,
3, ,330, ,
0, ,333, ,
0, ,332, ,
1, ,332, ,
1, ,331, ,
-1, ,332, ,
3, ,331, ,
0, ,333, ,
0, ,331, ,
3, ,332, ,
0, ,332, ,
-1, ,333, ,
1, ,331, ,
0, ,332, ,
0, ,332, ,
1, ,333, ,
1, ,331, ,
-1, ,332, ,
1, ,331, ,
0, ,332, ,
0, ,331, ,
3, ,332, ,
1, ,332, ,
-1, ,331, ,
3, ,328, ,
0, ,330, ,
0, ,331, ,
1, ,334, ,
0, ,335, ,
-1, ,335, ,
3, ,331, ,
0, ,329, ,
0, ,328, ,
1, ,330, ,
1, ,333, ,
-1, ,335, ,
3, ,330, ,
0, ,331, ,
0, ,332, ,
1, ,331, ,
1, ,331, ,
-1, ,333, ,
3, ,331, ,
0, ,332, ,
0, ,331, ,
3, ,332, ,
1, ,331, ,
-1, ,332, ,
3, ,329, ,
0, ,332, ,
0, ,330, ,
1, ,332, ,
0, ,331, ,
-1, ,333, ,
3, ,331, ,
0, ,333, ,
0, ,331, ,
1, ,331, ,
1, ,332, ,
-1, ,333, ,
3, ,331, ,
0, ,332, ,
0, ,331, ,
1, ,331, ,
1, ,331, ,
-1, ,333, ,
1, ,331, ,
0, ,332, ,
0, ,331, ,
1, ,331, ,
1, ,331, ,
-1, ,333, ,
3, ,330, ,
0, ,332, ,
0, ,332, ,
1, ,332, ,
0, ,331, ,
-1, ,332, ,
3, ,331, ,
0, ,332, ,
0, ,331, ,
1, ,332, ,
1, ,331, ,
-1, ,332, ,
3, ,330, ,
0, ,331, ,
0, ,331, ,
1, ,332, ,
1, ,331, ,
0, ,332, ,
3, ,331, ,
0, ,332, ,
0, ,331, ,
3, ,332, ,
1, ,331, ,
-1, ,333, ,
1, ,331, ,
0, ,332, ,
0, ,332, ,
1, ,331, ,
0, ,331, ,
-1, ,332, ,
3, ,331, ,
0, ,332, ,
0, ,331, ,
1, ,331, ,
0, ,332, ,
-1, ,333, ,
3, ,329, ,
0, ,330, ,
53, ,332, ,
100, ,332, ,
66, ,331, ,
37, ,333, ,
22, ,331, ,
14, ,333, ,
10, ,331, ,
9, ,332, ,
5, ,331, ,
3, ,332, ,
5, ,330, ,
3, ,332, ,
3, ,332, ,
4, ,332, ,
3, ,331, ,
1, ,332, ,
5, ,331, ,
3, ,333, ,
3, ,331, ,
4, ,332, ,
4, ,332, ,
1, ,334, ,
4, ,331, ,
1, ,333, ,
3, ,331, ,
4, ,331, ,
3, ,330, ,
1, ,333, ,
4, ,331, ,
1, ,332, ,
3, ,332, ,
4, ,333, ,
3, ,332, ,
1, ,333, ,
4, ,331, ,
3, ,332, ,
3, ,332, ,
4, ,332, ,
3, ,333, ,
1, ,333, ,
4, ,331, ,
1, ,332, ,
3, ,332, ,
4, ,332, ,
3, ,332, ,
1, ,333, ,
4, ,331, ,
1, ,332, ,
3, ,333, ,
3, ,332, ,
3, ,330, ,
1, ,332, ,
4, ,331, ,
1, ,332, ,
3, ,331, ,
4, ,332, ,
4, ,331, ,
1, ,333, ,
4, ,332, ,
1, ,332, ,
1, ,333, ,
4, ,332, ,
3, ,331, ,
1, ,332, ,
4, ,332, ,
1, ,333, ,
3, ,332, ,
4, ,332, ,
3, ,332, ,
1, ,333, ,
4, ,331, ,
1, ,333, ,
3, ,332, ,
3, ,333, ,
3, ,332, ,
1, ,333, ,
4, ,331, ,
3, ,333, ,
3, ,332, ,
4, ,332, ,
3, ,332, ,
1, ,333, ,
4, ,330, ,
3, ,332, ,
1, ,331, ,
3, ,333, ,
3, ,332, ,
1, ,333, ,
4, ,332, ,
1, ,333, ,
1, ,331, ,
3, ,332, ,
3, ,332, ,
1, ,333, ,
4, ,329, ,
1, ,333, ,
3, ,331, ,
3, ,332, ,
3, ,331, ,
1, ,333, ,
4, ,331, ,
1, ,333, ,
3, ,331, ,
3, ,332, ,
3, ,332, ,
1, ,333, ,
4, ,331, ,
3, ,333, ,
1, ,332, ,
3, ,332, ,
3, ,331, ,
1, ,333, ,
4, ,332, ,
1, ,332, ,
1, ,331, ,
3, ,332, ,
3, ,332, ,
1, ,333, ,
4, ,331, ,
1, ,332, ,
1, ,333, ,
3, ,333, ,
3, ,332, ,
1, ,333, ,
4, ,331, ,
3, ,333, ,
1, ,331, ,
3, ,332, ,
3, ,332, ,
1, ,334, ,
4, ,331, ,
1, ,332, ,
1, ,332, ,
3, ,332, ,
3, ,331, ,
1, ,332, ,
4, ,331, ,
1, ,332, ,
1, ,332, ,
3, ,332, ,
3, ,332, ,
1, ,333, ,
4, ,330, ,
3, ,332, ,
1, ,333, ,
3, ,332, ,
3, ,332, ,
1, ,333, ,
4, ,332, ,
1, ,332, ,
1, ,331, ,
3, ,331, ,
3, ,332, ,
1, ,333, ,
4, ,331, ,
3, ,332, ,
3, ,332, ,
3, ,332, ,
3, ,331, ,
0, ,332, ,
4, ,332, ,
1, ,333, ,
1, ,331, ,
3, ,332, ,
3, ,331, ,
0, ,333, ,
3, ,330, ,
1, ,333, ,
1, ,332, ,
3, ,332, ,
1, ,331, ,
0, ,332, ,
3, ,332, ,
3, ,333, ,
1, ,331, ,
3, ,331, ,
1, ,332, ,
0, ,333, ,
4, ,331, ,
1, ,332, ,
1, ,331, ,
3, ,333, ,
3, ,332, ,
1, ,333, ,
3, ,331, ,
1, ,333, ,
1, ,331, ,
3, ,332, ,
3, ,332, ,
0, ,333, ,
4, ,331, ,
1, ,333, ,
1, ,333, ,
3, ,332, ,
3, ,331, ,
0, ,333, ,
3, ,332, ,
1, ,333, ,
1, ,332, ,
3, ,332, ,
1, ,332, ,
0, ,333, ,
3, ,331, ,
1, ,332, ,
1, ,332, ,
3, ,332, ,
3, ,331, ,
0, ,333, ,
3, ,332, ,
1, ,332, ,
1, ,331, ,
3, ,331, ,
1, ,332, ,
0, ,333, ,
3, ,329, ,
1, ,332, ,
1, ,332, ,
3, ,332, ,
3, ,331, ,
0, ,333, ,
3, ,332, ,
1, ,332, ,
1, ,332, ,
3, ,333, ,
1, ,332, ,
0, ,333, ,
3, ,331, ,
1, ,333, ,
1, ,332, ,
3, ,332, ,
3, ,331, ,
0, ,333, ,
3, ,332, ,
1, ,333, ,
1, ,331, ,
3, ,332, ,
1, ,332, ,
0, ,334, ,
3, ,331, ,
1, ,332, ,
1, ,332, ,
3, ,332, ,
3, ,331, ,
0, ,332, ,
3, ,330, ,
1, ,332, ,
1, ,332, ,
3, ,333, ,
3, ,332, ,
0, ,333, ,
3, ,331, ,
1, ,332, ,
1, ,331, ,
3, ,332, ,
1, ,330, ,
0, ,332, ,
3, ,332, ,
1, ,333, ,
1, ,332, ,
3, ,331, ,
1, ,331, ,
0, ,332, ,
3, ,331, ,
1, ,332, ,
1, ,332, ,
3, ,333, ,
1, ,331, ,
0, ,333, ,
3, ,331, ,
1, ,332, ,
1, ,331, ,
3, ,332, ,
1, ,331, ,
0, ,333, ,
3, ,331, ,
1, ,332, ,
1, ,332, ,
3, ,332, ,
1, ,331, ,
0, ,332, ,
3, ,332, ,
1, ,332, ,
1, ,331, ,
3, ,332, ,
1, ,332, ,
0, ,334, ,
3, ,331, ,
1, ,332, ,
1, ,331, ,
3, ,332, ,
1, ,331, ,
0, ,332, ,
3, ,331, ,
1, ,333, ,
1, ,332, ,
3, ,332, ,
1, ,332, ,
0, ,333, ,
3, ,331, ,
1, ,332, ,
1, ,333, ,
3, ,332, ,
1, ,331, ,
0, ,333, ,
3, ,331, ,
1, ,333, ,
1, ,332, ,
3, ,332, ,
1, ,333, ,
0, ,332, ,
3, ,331, ,
1, ,333, ,
1, ,332, ,
3, ,332, ,
1, ,332, ,
0, ,332, ,
3, ,332, ,
1, ,332, ,
1, ,331, ,
3, ,332, ,
1, ,332, ,
0, ,333, ,
3, ,331, ,
1, ,332, ,
1, ,333, ,
3, ,331, ,
1, ,331, ,
0, ,333, ,
3, ,332, ,
1, ,333, ,
1, ,331, ,
3, ,332, ,
1, ,332, ,
0, ,333, ,
3, ,331, ,
1, ,332, ,
1, ,332, ,
3, ,332, ,
1, ,331, ,
0, ,333, ,
3, ,331, ,
1, ,332, ,
1, ,331, ,
3, ,331, ,
1, ,331, ,
0, ,333, ,
3, ,331, ,
1, ,333, ,
1, ,332, ,
3, ,332, ,
1, ,331, ,
0, ,332, ,
3, ,332, ,
1, ,332, ,
1, ,332, ,
3, ,332, ,
1, ,332, ,
0, ,333, ,
3, ,331, ,
1, ,333, ,
1, ,332, ,
3, ,333, ,
1, ,331, ,
0, ,332, ,
3, ,331, ,
1, ,333, ,
1, ,332, ,
3, ,331, ,
1, ,332, ,
0, ,333, ,
3, ,331, ,
1, ,332, ,
1, ,333, ,
3, ,332, ,
1, ,332, ,
0, ,333, ,
3, ,332, ,
1, ,332, ,
1, ,332, ,
3, ,332, ,
1, ,332, ,
0, ,332, ,
3, ,331, ,
1, ,332, ,
1, ,332, ,
3, ,332, ,
1, ,332, ,
0, ,333, ,
3, ,332, ,
1, ,333, ,
1, ,331, ,
3, ,332, ,
1, ,332, ,
0, ,333, ,
3, ,331, ,
1, ,333, ,
1, ,332, ,
3, ,333, ,
1, ,332, ,
0, ,333, ,
3, ,331, ,
1, ,332, ,
0, ,331, ,
3, ,331, ,
1, ,332, ,
0, ,333, ,
3, ,331, ,
1, ,332, ,
1, ,333, ,
3, ,332, ,
1, ,331, ,
0, ,333, ,
3, ,333, ,
1, ,332, ,
1, ,332, ,
3, ,331, ,
1, ,333, ,
0, ,333, ,
3, ,330, ,
1, ,333, ,
1, ,332, ,
3, ,332, ,
1, ,331, ,
0, ,333, ,
3, ,332, ,
1, ,332, ,
0, ,332, ,
1, ,332, ,
1, ,332, ,
0, ,333, ,
3, ,331, ,
1, ,332, ,
1, ,332, ,
3, ,332, ,
1, ,331, ,
0, ,332, ,
3, ,331, ,
1, ,333, ,
1, ,332, ,
3, ,332, ,
1, ,331, ,
0, ,333, ,
3, ,331, ,
1, ,332, ,
1, ,332, ,
3, ,332, ,
1, ,331, ,
0, ,333, ,
3, ,331, ,
1, ,332, ,
0, ,332, ,
3, ,332, ,
1, ,332, ,
0, ,333, ,
3, ,331, ,
1, ,332, ,
1, ,331, ,
3, ,332, ,
1, ,331, ,
0, ,333, ,
3, ,331, ,
1, ,333, ,
0, ,331, ,
3, ,332, ,
1, ,332, ,
0, ,334, ,
3, ,331, ,
1, ,332, ,
0, ,332, ,
3, ,332, ,
1, ,332, ,
0, ,333, ,
3, ,332, ,
1, ,332, ,
0, ,331, ,
3, ,331, ,
1, ,332, ,
0, ,333, ,
3, ,331, ,
1, ,333, ,
0, ,332, ,
1, ,332, ,
1, ,331, ,
0, ,333, ,
3, ,331, ,
0, ,332, ,
0, ,332, ,
3, ,332, ,
1, ,332, ,
0, ,333, ,
3, ,331, ,
1, ,332, ,
1, ,332, ,
3, ,333, ,
1, ,331, ,
0, ,333, ,
3, ,332, ,
1, ,332, ,
0, ,332, ,
3, ,332, ,
1, ,332, ,
0, ,332, ,
3, ,331, ,
1, ,333, ,
0, ,333, ,
3, ,332, ,
1, ,331, ,
0, ,333, ,
3, ,332, ,
1, ,333, ,
0, ,332, ,
3, ,332, ,
1, ,332, ,
0, ,333, ,
3, ,330, ,
0, ,333, ,
1, ,332, ,
3, ,332, ,
1, ,331, ,
0, ,332, ,
3, ,331, ,
1, ,333, ,
0, ,331, ,
3, ,332, ,
1, ,331, ,
0, ,334, ,
3, ,331, ,
1, ,332, ,
1, ,332, ,
3, ,332, ,
1, ,331, ,
0, ,333, ,
3, ,331, ,
0, ,332, ,
0, ,331, ,
3, ,332, ,
1, ,333, ,
0, ,333, ,
3, ,330, ,
0, ,332, ,
0, ,332, ,
3, ,332, ,
1, ,331, ,
0, ,333, ,
3, ,332, ,
1, ,333, ,
0, ,330, ,
3, ,332, ,
1, ,332, ,
0, ,333, ,
3, ,331, ,
0, ,332, ,
1, ,331, ,
3, ,332, ,
1, ,331, ,
0, ,333, ,
3, ,331, ,
0, ,332, ,
0, ,332, ,
3, ,332, ,
1, ,332, ,
0, ,332, ,
3, ,330, ,
1, ,332, ,
0, ,332, ,
3, ,332, ,
1, ,331, ,
0, ,332, ,
3, ,331, ,
0, ,333, ,
0, ,332, ,
1, ,332, ,
1, ,331, ,
0, ,333, ,
3, ,330, ,
0, ,332, ,
0, ,332, ,
3, ,332, ,
1, ,332, ,
0, ,333, ,
1, ,332, ,
1, ,332, ,
0, ,331, ,
3, ,332, ,
1, ,332, ,
-1, ,333, ,
3, ,330, ,
0, ,332, ,
0, ,332, ,
1, ,332, ,
1, ,331, ,
0, ,332, ,
3, ,332, ,
0, ,332, ,
0, ,331, ,
3, ,331, ,
1, ,332, ,
0, ,333, ,
3, ,329, ,
1, ,332, ,
0, ,332, ,
1, ,332, ,
1, ,331, ,
0, ,332, ,
3, ,331, ,
1, ,332, ,
0, ,332, ,
3, ,332, ,
1, ,332, ,
0, ,333, ,
3, ,331, ,
0, ,332, ,
1, ,331, ,
1, ,331, ,
1, ,331, ,
0, ,332, ,
3, ,331, ,
0, ,332, ,
0, ,330, ,
1, ,332, ,
1, ,332, ,
-1, ,332, ,
3, ,331, ,
0, ,332, ,
0, ,332, ,
1, ,332, ,
1, ,330, ,
0, ,332, ,
3, ,331, ,
0, ,332, ,
0, ,331, ,
3, ,331, ,
1, ,332, ,
0, ,333, ,
3, ,331, ,
0, ,332, ,
0, ,331, ,
3, ,332, ,
1, ,331, ,
0, ,333, ,
3, ,331, ,
0, ,333, ,
0, ,331, ,
3, ,331, ,
1, ,332, ,
-1, ,332, ,
3, ,330, ,
0, ,333, ,
0, ,332, ,
1, ,332, ,
1, ,332, ,
0, ,333, ,
3, ,331, ,
0, ,333, ,
0, ,331, ,
3, ,332, ,
1, ,331, ,
0, ,333, ,
3, ,331, ,
0, ,332, ,
0, ,332, ,
1, ,332, ,
1, ,331, ,
-1, ,333, ,
3, ,331, ,
0, ,332, ,
0, ,332, ,
3, ,331, ,
1, ,332, ,
0, ,333, ,
3, ,330, ,
0, ,333, ,
0, ,332, ,
3, ,332, ,
1, ,331, ,
0, ,332, ,
3, ,332, ,
0, ,333, ,
0, ,332, ,
3, ,332, ,
1, ,332, ,
0, ,332, ,
1, ,329, ,
0, ,331, ,
0, ,332, ,
1, ,333, ,
1, ,333, ,
0, ,333, ,
1, ,331, ,
0, ,333, ,
0, ,331, ,
3, ,331, ,
1, ,331, ,
-1, ,332, ,
3, ,331, ,
0, ,333, ,
0, ,333, ,
1, ,333, ,
1, ,331, ,
0, ,332, ,
3, ,331, ,
0, ,333, ,
0, ,331, ,
3, ,332, ,
1, ,331, ,
-1, ,333, ,
1, ,331, ,
0, ,332, ,
0, ,332, ,
1, ,332, ,
0, ,331, ,
-1, ,333, ,
3, ,332, ,
0, ,333, ,
0, ,331, ,
3, ,332, ,
1, ,332, ,
-1, ,333, ,
3, ,330, ,
0, ,332, ,
0, ,331, ,
1, ,332, ,
1, ,331, ,
0, ,333, ,
3, ,332, ,
0, ,332, ,
0, ,331, ,
3, ,332, ,
1, ,332, ,
-1, ,335, ,
1, ,330, ,
1, ,331, ,
0, ,332, ,
1, ,332, ,
1, ,332, ,
-1, ,332, ,
3, ,331, ,
0, ,333, ,
0, ,331, ,
3, ,332, ,
1, ,331, ,
0, ,332, ,
3, ,331, ,
0, ,332, ,
0, ,332, ,
1, ,332, ,
1, ,331, ,
0, ,332, ,
3, ,331, ,
0, ,333, ,
0, ,331, ,
3, ,332, ,
1, ,331, ,
-1, ,333, ,
3, ,331, ,
0, ,332, ,
0, ,331, ,
1, ,333, ,
1, ,331, ,
0, ,332, ,
3, ,331, ,
0, ,333, ,
0, ,332, ,
3, ,331, ,
1, ,331, ,
-1, ,333, ,
1, ,331, ,
0, ,331, ,
0, ,332, ,
1, ,332, ,
1, ,331, ,
0, ,333, ,
3, ,331, ,
0, ,333, ,
0, ,331, ,
3, ,332, ,
1, ,332, ,
-1, ,334, ,
1, ,330, ,
0, ,332, ,
0, ,332, ,
1, ,332, ,
1, ,330, ,
0, ,332, ,
3, ,332, ,
0, ,332, ,
0, ,331, ,
3, ,331, ,
1, ,332, ,
-1, ,333, ,
1, ,330, ,
0, ,332, ,
0, ,332, ,
3, ,332, ,
1, ,331, ,
-1, ,333, ,
1, ,331, ,
0, ,332, ,
0, ,332, ,
3, ,332, ,
1, ,332, ,
-1, ,334, ,
3, ,331, ,
0, ,332, ,
0, ,332, ,
1, ,332, ,
1, ,332, ,
-1, ,333, ,
3, ,332, ,
0, ,331, ,
0, ,331, ,
3, ,332, ,
1, ,331, ,
-1, ,333, ,
3, ,330, ,
0, ,332, ,
0, ,332, ,
1, ,332, ,
1, ,331, ,
0, ,333, ,
3, ,331, ,
0, ,332, ,
0, ,331, ,
3, ,331, ,
0, ,332, ,
0, ,333, ,
1, ,331, ,
0, ,332, ,
0, ,332, ,
1, ,332, ,
1, ,331, ,
0, ,332, ,
3, ,331, ,
0, ,333, ,
0, ,331, ,
3, ,331, ,
1, ,332, ,
-1, ,333, ,
1, ,329, ,
0, ,332, ,
0, ,332, ,
1, ,332, ,
1, ,332, ,
0, ,333, ,
3, ,331, ,
0, ,332, ,
0, ,331, ,
3, ,332, ,
1, ,332, ,
-1, ,333, ,
3, ,331, ,
0, ,333, ,
0, ,332, ,
1, ,332, ,
1, ,331, ,
-1, ,332, ,
3, ,332, ,
0, ,332, ,
0, ,332, ,
1, ,331, ,
1, ,332, ,
-1, ,334, ,
3, ,331, ,
0, ,332, ,
0, ,333, ,
1, ,332, ,
1, ,332, ,
0, ,333, ,
3, ,331, ,
0, ,332, ,
0, ,332, ,
3, ,331, ,
1, ,332, ,
-1, ,333, ,
1, ,330, ,
0, ,332, ,
0, ,332, ,
1, ,332, ,
1, ,332, ,
-1, ,331, ,
3, ,331, ,
0, ,332, ,
0, ,331, ,
3, ,331, ,
1, ,332, ,
-1, ,333, ,
3, ,330, ,
0, ,332, ,
0, ,332, ,
1, ,332, ,
1, ,331, ,
0, ,333, ,
3, ,332, ,
