Format,1.0B,
Memory Length,10000,Memory Length,10000,
IntpDistance,0,IntpDistance,0,
Trigger Address,5159,Trigger Address,5159,
Trigger Level,3.000E-01,Trigger Level,3.000E-01,
Source,CH1,Source,CH2,
Vertical Units,V,Vertical Units,V,
Vertical Units Div,0,Vertical Units Div,0,
Vertical Units Extend Div,16,Vertical Units Extend Div,16,
Label,,Label,,
Probe Type,0,Probe Type,0,
Probe Ratio,1.000e+01,Probe Ratio,1.000e+00,
Vertical Scale,5.000e-01,Vertical Scale,2.000e-01,
Vertical Position,-1.780e+00,Vertical Position,-2.240e+00,
Horizontal Units,S,Horizontal Units,S,
Horizontal Scale,2.000E-05,Horizontal Scale,2.000E-05,
Horizontal Position,-3.200E-06,Horizontal Position,-3.200E-06,
Horizontal Mode,Main,Horizontal Mode,Main,
SincET Mode,Real Time,SincET Mode,Real Time,
Sampling Period,2.000e-08,Sampling Period,2.000e-08,
Horizontal Old Scale,2.000E-05,Horizontal Old Scale,2.000E-05,
Horizontal Old Position,-3.200E-06,Horizontal Old Position,-3.200E-06,
Firmware,V1.23,Firmware,V1.23,
Mode,Fast,Mode,Fast,
Waveform Data,,Waveform Data,,
3, ,281, ,
1, ,283, ,
1, ,281, ,
1, ,283, ,
1, ,282, ,
0, ,282, ,
3, ,282, ,
1, ,283, ,
1, ,281, ,
1, ,282, ,
1, ,282, ,
0, ,283, ,
3, ,282, ,
1, ,282, ,
1, ,282, ,
1, ,282, ,
1, ,281, ,
0, ,283, ,
3, ,282, ,
1, ,283, ,
1, ,281, ,
1, ,282, ,
1, ,281, ,
0, ,282, ,
3, ,282, ,
1, ,282, ,
0, ,281, ,
1, ,282, ,
1, ,282, ,
0, ,282, ,
3, ,282, ,
0, ,283, ,
1, ,281, ,
1, ,283, ,
1, ,282, ,
0, ,283, ,
3, ,281, ,
1, ,282, ,
0, ,281, ,
3, ,282, ,
1, ,281, ,
0, ,282, ,
3, ,282, ,
1, ,282, ,
1, ,281, ,
1, ,283, ,
1, ,282, ,
0, ,282, ,
3, ,281, ,
1, ,282, ,
1, ,281, ,
1, ,281, ,
1, ,281, ,
0, ,283, ,
1, ,282, ,
0, ,283, ,
0, ,281, ,
1, ,282, ,
3, ,282, ,
1, ,281, ,
3, ,281, ,
0, ,283, ,
0, ,282, ,
1, ,282, ,
1, ,282, ,
0, ,282, ,
3, ,282, ,
1, ,283, ,
0, ,281, ,
1, ,281, ,
1, ,282, ,
0, ,282, ,
3, ,281, ,
1, ,283, ,
1, ,282, ,
1, ,282, ,
1, ,281, ,
0, ,282, ,
3, ,282, ,
1, ,283, ,
1, ,282, ,
1, ,282, ,
1, ,282, ,
0, ,282, ,
3, ,281, ,
1, ,282, ,
1, ,282, ,
3, ,282, ,
1, ,281, ,
0, ,282, ,
3, ,282, ,
1, ,282, ,
1, ,282, ,
1, ,283, ,
1, ,282, ,
0, ,282, ,
3, ,281, ,
1, ,282, ,
0, ,281, ,
1, ,283, ,
1, ,281, ,
0, ,282, ,
3, ,282, ,
1, ,282, ,
1, ,281, ,
1, ,281, ,
1, ,282, ,
0, ,282, ,
3, ,281, ,
1, ,282, ,
1, ,282, ,
3, ,282, ,
1, ,281, ,
0, ,282, ,
3, ,282, ,
1, ,282, ,
1, ,281, ,
3, ,281, ,
1, ,282, ,
0, ,282, ,
3, ,281, ,
1, ,282, ,
1, ,282, ,
1, ,282, ,
1, ,281, ,
0, ,282, ,
3, ,282, ,
1, ,283, ,
1, ,281, ,
3, ,283, ,
1, ,282, ,
0, ,282, ,
3, ,282, ,
1, ,282, ,
1, ,282, ,
3, ,283, ,
1, ,281, ,
0, ,282, ,
3, ,282, ,
1, ,282, ,
1, ,282, ,
3, ,283, ,
1, ,281, ,
0, ,282, ,
3, ,281, ,
1, ,282, ,
1, ,282, ,
1, ,283, ,
1, ,281, ,
0, ,282, ,
3, ,282, ,
0, ,282, ,
1, ,281, ,
1, ,283, ,
1, ,282, ,
0, ,282, ,
3, ,281, ,
1, ,282, ,
0, ,281, ,
1, ,282, ,
1, ,281, ,
0, ,281, ,
3, ,282, ,
1, ,283, ,
1, ,281, ,
3, ,282, ,
1, ,282, ,
0, ,282, ,
3, ,282, ,
1, ,283, ,
1, ,282, ,
1, ,283, ,
1, ,281, ,
0, ,282, ,
3, ,282, ,
1, ,282, ,
1, ,281, ,
1, ,282, ,
1, ,282, ,
0, ,283, ,
3, ,281, ,
1, ,282, ,
1, ,282, ,
3, ,282, ,
1, ,282, ,
0, ,282, ,
3, ,282, ,
0, ,282, ,
0, ,282, ,
1, ,282, ,
1, ,281, ,
0, ,282, ,
3, ,282, ,
0, ,281, ,
0, ,282, ,
1, ,283, ,
1, ,281, ,
0, ,282, ,
3, ,281, ,
1, ,282, ,
0, ,281, ,
1, ,282, ,
1, ,282, ,
0, ,283, ,
3, ,281, ,
0, ,282, ,
0, ,281, ,
1, ,281, ,
1, ,281, ,
0, ,282, ,
3, ,282, ,
0, ,282, ,
0, ,281, ,
1, ,282, ,
1, ,282, ,
0, ,283, ,
3, ,281, ,
1, ,283, ,
0, ,281, ,
3, ,282, ,
1, ,281, ,
0, ,282, ,
3, ,282, ,
1, ,282, ,
1, ,281, ,
1, ,282, ,
1, ,282, ,
0, ,283, ,
3, ,281, ,
1, ,282, ,
0, ,282, ,
1, ,282, ,
1, ,281, ,
0, ,282, ,
3, ,282, ,
0, ,283, ,
0, ,281, ,
1, ,282, ,
1, ,282, ,
0, ,282, ,
3, ,281, ,
0, ,282, ,
0, ,282, ,
3, ,283, ,
1, ,281, ,
0, ,282, ,
3, ,281, ,
1, ,282, ,
0, ,281, ,
1, ,282, ,
1, ,282, ,
0, ,282, ,
3, ,282, ,
1, ,282, ,
1, ,281, ,
1, ,282, ,
1, ,282, ,
0, ,282, ,
3, ,282, ,
1, ,282, ,
1, ,282, ,
1, ,282, ,
1, ,282, ,
0, ,282, ,
3, ,281, ,
1, ,284, ,
1, ,282, ,
3, ,282, ,
1, ,281, ,
0, ,281, ,
3, ,282, ,
1, ,284, ,
1, ,282, ,
1, ,282, ,
1, ,282, ,
0, ,282, ,
3, ,281, ,
1, ,282, ,
1, ,282, ,
1, ,282, ,
1, ,281, ,
0, ,282, ,
3, ,282, ,
0, ,282, ,
1, ,282, ,
1, ,282, ,
1, ,282, ,
0, ,282, ,
3, ,281, ,
1, ,282, ,
0, ,282, ,
1, ,282, ,
1, ,281, ,
0, ,282, ,
3, ,281, ,
0, ,282, ,
1, ,281, ,
1, ,282, ,
1, ,282, ,
0, ,282, ,
3, ,282, ,
1, ,282, ,
1, ,281, ,
1, ,283, ,
1, ,281, ,
0, ,282, ,
3, ,282, ,
1, ,282, ,
1, ,281, ,
1, ,282, ,
1, ,282, ,
0, ,282, ,
3, ,281, ,
0, ,282, ,
1, ,281, ,
1, ,282, ,
1, ,281, ,
0, ,282, ,
3, ,282, ,
0, ,283, ,
0, ,280, ,
1, ,282, ,
1, ,282, ,
0, ,282, ,
3, ,281, ,
0, ,282, ,
0, ,282, ,
1, ,282, ,
1, ,281, ,
0, ,282, ,
1, ,282, ,
0, ,283, ,
0, ,281, ,
1, ,282, ,
1, ,281, ,
0, ,282, ,
3, ,281, ,
1, ,281, ,
0, ,282, ,
3, ,282, ,
1, ,282, ,
0, ,282, ,
3, ,282, ,
0, ,281, ,
1, ,281, ,
1, ,282, ,
1, ,282, ,
0, ,282, ,
3, ,281, ,
1, ,283, ,
0, ,281, ,
1, ,283, ,
1, ,281, ,
0, ,282, ,
3, ,282, ,
1, ,283, ,
0, ,281, ,
1, ,282, ,
1, ,282, ,
0, ,282, ,
3, ,281, ,
1, ,282, ,
1, ,282, ,
1, ,282, ,
1, ,280, ,
0, ,282, ,
3, ,283, ,
0, ,282, ,
1, ,281, ,
1, ,282, ,
1, ,283, ,
0, ,283, ,
3, ,281, ,
1, ,282, ,
1, ,282, ,
1, ,282, ,
1, ,281, ,
0, ,282, ,
1, ,282, ,
1, ,282, ,
1, ,281, ,
3, ,282, ,
1, ,282, ,
0, ,283, ,
3, ,281, ,
1, ,282, ,
1, ,282, ,
1, ,284, ,
1, ,281, ,
0, ,282, ,
3, ,282, ,
1, ,283, ,
0, ,281, ,
1, ,281, ,
1, ,282, ,
0, ,282, ,
3, ,281, ,
1, ,281, ,
1, ,281, ,
3, ,283, ,
1, ,281, ,
0, ,282, ,
3, ,282, ,
0, ,282, ,
1, ,281, ,
1, ,282, ,
1, ,282, ,
0, ,282, ,
3, ,281, ,
0, ,282, ,
0, ,282, ,
1, ,283, ,
1, ,281, ,
0, ,281, ,
3, ,281, ,
0, ,283, ,
0, ,281, ,
1, ,282, ,
1, ,282, ,
0, ,282, ,
3, ,280, ,
1, ,282, ,
0, ,282, ,
3, ,282, ,
1, ,281, ,
0, ,282, ,
3, ,282, ,
0, ,282, ,
0, ,281, ,
1, ,282, ,
1, ,282, ,
0, ,283, ,
1, ,281, ,
0, ,282, ,
0, ,282, ,
1, ,282, ,
1, ,281, ,
0, ,282, ,
3, ,282, ,
0, ,282, ,
0, ,281, ,
1, ,283, ,
1, ,282, ,
0, ,282, ,
1, ,281, ,
0, ,282, ,
0, ,282, ,
1, ,282, ,
1, ,281, ,
0, ,282, ,
1, ,282, ,
0, ,282, ,
0, ,281, ,
1, ,282, ,
1, ,281, ,
0, ,282, ,
3, ,281, ,
1, ,282, ,
0, ,282, ,
1, ,283, ,
1, ,282, ,
0, ,282, ,
3, ,281, ,
0, ,283, ,
1, ,281, ,
1, ,282, ,
1, ,281, ,
0, ,282, ,
3, ,282, ,
1, ,282, ,
0, ,281, ,
1, ,282, ,
1, ,281, ,
0, ,281, ,
3, ,281, ,
1, ,282, ,
1, ,281, ,
1, ,284, ,
1, ,282, ,
0, ,283, ,
1, ,281, ,
0, ,282, ,
1, ,282, ,
1, ,281, ,
1, ,280, ,
0, ,281, ,
3, ,282, ,
0, ,282, ,
0, ,281, ,
3, ,283, ,
1, ,282, ,
0, ,282, ,
3, ,281, ,
0, ,283, ,
1, ,282, ,
3, ,284, ,
1, ,281, ,
0, ,281, ,
3, ,282, ,
0, ,282, ,
0, ,282, ,
1, ,282, ,
1, ,282, ,
0, ,282, ,
1, ,281, ,
0, ,282, ,
0, ,282, ,
1, ,283, ,
1, ,281, ,
0, ,281, ,
3, ,281, ,
0, ,282, ,
1, ,281, ,
1, ,282, ,
1, ,282, ,
0, ,282, ,
3, ,281, ,
1, ,281, ,
1, ,282, ,
1, ,283, ,
1, ,281, ,
0, ,282, ,
3, ,282, ,
0, ,282, ,
1, ,281, ,
1, ,282, ,
1, ,282, ,
0, ,282, ,
3, ,281, ,
1, ,281, ,
0, ,282, ,
1, ,282, ,
1, ,281, ,
0, ,281, ,
3, ,282, ,
1, ,282, ,
1, ,281, ,
1, ,282, ,
1, ,282, ,
0, ,282, ,
3, ,281, ,
0, ,282, ,
1, ,282, ,
1, ,283, ,
1, ,282, ,
0, ,282, ,
3, ,280, ,
1, ,281, ,
0, ,280, ,
1, ,279, ,
1, ,280, ,
0, ,283, ,
1, ,284, ,
1, ,284, ,
1, ,283, ,
1, ,282, ,
1, ,280, ,
0, ,280, ,
1, ,281, ,
0, ,282, ,
1, ,281, ,
1, ,282, ,
1, ,282, ,
0, ,282, ,
3, ,280, ,
0, ,281, ,
0, ,282, ,
3, ,283, ,
1, ,280, ,
0, ,282, ,
3, ,282, ,
0, ,282, ,
0, ,281, ,
1, ,282, ,
1, ,281, ,
0, ,282, ,
3, ,281, ,
0, ,282, ,
0, ,282, ,
1, ,282, ,
1, ,281, ,
0, ,281, ,
3, ,282, ,
1, ,282, ,
1, ,281, ,
1, ,281, ,
1, ,282, ,
0, ,282, ,
3, ,281, ,
1, ,282, ,
1, ,281, ,
1, ,282, ,
1, ,281, ,
0, ,281, ,
3, ,281, ,
0, ,282, ,
1, ,281, ,
1, ,282, ,
1, ,282, ,
0, ,282, ,
3, ,281, ,
0, ,282, ,
0, ,281, ,
1, ,282, ,
1, ,282, ,
0, ,282, ,
3, ,282, ,
0, ,282, ,
0, ,281, ,
3, ,282, ,
1, ,282, ,
0, ,282, ,
1, ,281, ,
0, ,282, ,
0, ,281, ,
1, ,282, ,
1, ,281, ,
0, ,281, ,
3, ,282, ,
0, ,282, ,
0, ,281, ,
3, ,282, ,
1, ,282, ,
0, ,281, ,
1, ,281, ,
0, ,282, ,
0, ,282, ,
1, ,282, ,
1, ,282, ,
0, ,282, ,
1, ,281, ,
0, ,282, ,
1, ,281, ,
1, ,281, ,
1, ,282, ,
0, ,282, ,
3, ,281, ,
0, ,282, ,
0, ,281, ,
3, ,283, ,
1, ,281, ,
0, ,281, ,
3, ,281, ,
1, ,282, ,
0, ,280, ,
1, ,282, ,
1, ,282, ,
0, ,282, ,
3, ,281, ,
1, ,281, ,
1, ,282, ,
1, ,283, ,
1, ,282, ,
0, ,282, ,
3, ,283, ,
0, ,283, ,
1, ,282, ,
1, ,282, ,
1, ,282, ,
0, ,282, ,
3, ,281, ,
0, ,282, ,
0, ,277, ,
1, ,281, ,
1, ,287, ,
0, ,289, ,
1, ,283, ,
0, ,281, ,
0, ,281, ,
1, ,282, ,
1, ,282, ,
0, ,282, ,
1, ,282, ,
0, ,283, ,
0, ,282, ,
1, ,283, ,
1, ,282, ,
0, ,282, ,
1, ,281, ,
0, ,282, ,
1, ,281, ,
1, ,282, ,
1, ,282, ,
0, ,282, ,
3, ,282, ,
0, ,282, ,
1, ,281, ,
1, ,282, ,
1, ,281, ,
0, ,282, ,
3, ,281, ,
0, ,283, ,
0, ,281, ,
1, ,283, ,
1, ,282, ,
0, ,284, ,
1, ,282, ,
0, ,282, ,
0, ,282, ,
1, ,283, ,
1, ,282, ,
0, ,282, ,
1, ,282, ,
1, ,283, ,
1, ,281, ,
1, ,282, ,
1, ,281, ,
0, ,284, ,
3, ,281, ,
0, ,283, ,
1, ,282, ,
1, ,282, ,
1, ,281, ,
0, ,282, ,
3, ,282, ,
0, ,282, ,
0, ,282, ,
1, ,282, ,
1, ,282, ,
0, ,282, ,
3, ,281, ,
0, ,281, ,
0, ,282, ,
1, ,282, ,
1, ,281, ,
0, ,282, ,
3, ,282, ,
0, ,284, ,
0, ,282, ,
1, ,282, ,
1, ,282, ,
0, ,283, ,
3, ,281, ,
1, ,282, ,
1, ,282, ,
3, ,282, ,
1, ,281, ,
0, ,282, ,
3, ,282, ,
0, ,283, ,
1, ,281, ,
1, ,282, ,
1, ,282, ,
0, ,282, ,
3, ,282, ,
0, ,281, ,
0, ,283, ,
1, ,284, ,
1, ,281, ,
0, ,281, ,
1, ,282, ,
0, ,282, ,
0, ,281, ,
1, ,282, ,
1, ,282, ,
0, ,283, ,
1, ,281, ,
1, ,282, ,
0, ,282, ,
3, ,282, ,
1, ,281, ,
0, ,282, ,
3, ,281, ,
0, ,282, ,
1, ,281, ,
1, ,282, ,
1, ,282, ,
0, ,282, ,
1, ,281, ,
0, ,282, ,
0, ,282, ,
1, ,282, ,
1, ,281, ,
0, ,282, ,
3, ,283, ,
0, ,282, ,
0, ,282, ,
3, ,282, ,
1, ,282, ,
0, ,282, ,
3, ,281, ,
0, ,282, ,
0, ,282, ,
3, ,282, ,
1, ,282, ,
0, ,282, ,
1, ,282, ,
0, ,282, ,
0, ,281, ,
1, ,282, ,
0, ,281, ,
0, ,282, ,
3, ,281, ,
0, ,282, ,
0, ,282, ,
1, ,283, ,
1, ,282, ,
0, ,282, ,
3, ,282, ,
0, ,282, ,
0, ,281, ,
1, ,282, ,
1, ,282, ,
0, ,282, ,
1, ,282, ,
1, ,282, ,
0, ,282, ,
1, ,284, ,
1, ,281, ,
0, ,282, ,
1, ,282, ,
0, ,283, ,
1, ,281, ,
1, ,282, ,
1, ,283, ,
0, ,282, ,
3, ,281, ,
0, ,283, ,
0, ,282, ,
1, ,282, ,
1, ,282, ,
0, ,282, ,
3, ,282, ,
0, ,282, ,
0, ,281, ,
1, ,282, ,
1, ,282, ,
0, ,282, ,
3, ,281, ,
0, ,282, ,
1, ,282, ,
1, ,282, ,
1, ,282, ,
0, ,282, ,
3, ,282, ,
0, ,282, ,
0, ,281, ,
1, ,282, ,
1, ,282, ,
0, ,282, ,
1, ,281, ,
0, ,281, ,
0, ,282, ,
1, ,282, ,
1, ,282, ,
0, ,282, ,
1, ,282, ,
0, ,282, ,
0, ,281, ,
1, ,282, ,
1, ,281, ,
0, ,282, ,
1, ,281, ,
1, ,283, ,
0, ,282, ,
1, ,282, ,
1, ,281, ,
0, ,282, ,
1, ,282, ,
1, ,282, ,
1, ,281, ,
1, ,282, ,
1, ,282, ,
0, ,282, ,
1, ,281, ,
0, ,282, ,
1, ,282, ,
1, ,282, ,
1, ,281, ,
0, ,282, ,
1, ,282, ,
0, ,282, ,
1, ,281, ,
3, ,282, ,
1, ,282, ,
0, ,282, ,
3, ,282, ,
1, ,282, ,
0, ,282, ,
1, ,282, ,
1, ,282, ,
0, ,282, ,
1, ,282, ,
0, ,282, ,
1, ,281, ,
1, ,283, ,
1, ,282, ,
0, ,282, ,
1, ,281, ,
0, ,282, ,
0, ,282, ,
1, ,284, ,
1, ,281, ,
0, ,282, ,
3, ,282, ,
0, ,284, ,
0, ,281, ,
1, ,281, ,
1, ,280, ,
0, ,282, ,
1, ,283, ,
0, ,284, ,
0, ,283, ,
3, ,284, ,
1, ,281, ,
0, ,282, ,
1, ,281, ,
0, ,282, ,
0, ,281, ,
1, ,283, ,
1, ,283, ,
0, ,283, ,
1, ,282, ,
0, ,282, ,
0, ,282, ,
1, ,282, ,
1, ,281, ,
0, ,281, ,
1, ,282, ,
0, ,283, ,
0, ,282, ,
1, ,283, ,
1, ,282, ,
0, ,282, ,
1, ,281, ,
0, ,282, ,
0, ,282, ,
1, ,283, ,
1, ,282, ,
0, ,283, ,
1, ,282, ,
0, ,283, ,
0, ,281, ,
1, ,282, ,
1, ,282, ,
-1, ,283, ,
1, ,281, ,
0, ,282, ,
0, ,282, ,
1, ,282, ,
1, ,281, ,
0, ,282, ,
3, ,282, ,
1, ,282, ,
0, ,281, ,
1, ,282, ,
1, ,281, ,
0, ,283, ,
1, ,281, ,
0, ,282, ,
0, ,282, ,
1, ,283, ,
1, ,282, ,
0, ,282, ,
1, ,282, ,
1, ,283, ,
0, ,281, ,
1, ,282, ,
1, ,282, ,
0, ,282, ,
1, ,281, ,
1, ,282, ,
0, ,282, ,
1, ,283, ,
1, ,281, ,
0, ,282, ,
3, ,281, ,
1, ,283, ,
0, ,281, ,
1, ,282, ,
1, ,282, ,
0, ,283, ,
1, ,282, ,
0, ,283, ,
1, ,282, ,
1, ,282, ,
1, ,281, ,
0, ,282, ,
3, ,282, ,
0, ,283, ,
0, ,281, ,
1, ,282, ,
1, ,282, ,
0, ,282, ,
1, ,281, ,
1, ,283, ,
0, ,283, ,
1, ,283, ,
1, ,281, ,
0, ,281, ,
3, ,282, ,
0, ,282, ,
1, ,280, ,
1, ,282, ,
1, ,282, ,
0, ,283, ,
3, ,281, ,
1, ,283, ,
0, ,281, ,
1, ,282, ,
1, ,281, ,
0, ,282, ,
3, ,282, ,
0, ,283, ,
1, ,282, ,
1, ,282, ,
0, ,283, ,
0, ,282, ,
3, ,281, ,
0, ,282, ,
0, ,282, ,
1, ,283, ,
1, ,281, ,
0, ,282, ,
3, ,282, ,
0, ,283, ,
0, ,282, ,
3, ,282, ,
1, ,282, ,
0, ,283, ,
1, ,281, ,
0, ,282, ,
0, ,282, ,
1, ,282, ,
1, ,281, ,
0, ,282, ,
1, ,281, ,
1, ,283, ,
0, ,281, ,
1, ,283, ,
1, ,282, ,
0, ,282, ,
1, ,281, ,
0, ,282, ,
0, ,282, ,
1, ,283, ,
1, ,281, ,
0, ,282, ,
1, ,282, ,
0, ,282, ,
0, ,281, ,
1, ,282, ,
1, ,282, ,
0, ,282, ,
1, ,282, ,
1, ,283, ,
0, ,281, ,
3, ,282, ,
1, ,282, ,
0, ,282, ,
1, ,282, ,
0, ,283, ,
0, ,282, ,
1, ,282, ,
0, ,282, ,
-1, ,283, ,
1, ,282, ,
0, ,282, ,
0, ,282, ,
3, ,282, ,
1, ,282, ,
0, ,282, ,
1, ,282, ,
0, ,283, ,
0, ,281, ,
1, ,282, ,
1, ,283, ,
0, ,284, ,
1, ,282, ,
1, ,282, ,
0, ,282, ,
1, ,282, ,
1, ,282, ,
0, ,282, ,
1, ,282, ,
0, ,283, ,
0, ,282, ,
1, ,282, ,
1, ,282, ,
0, ,282, ,
3, ,281, ,
0, ,282, ,
0, ,283, ,
1, ,281, ,
1, ,282, ,
0, ,282, ,
3, ,282, ,
1, ,282, ,
0, ,282, ,
1, ,281, ,
1, ,282, ,
0, ,282, ,
1, ,281, ,
1, ,282, ,
0, ,281, ,
3, ,282, ,
1, ,281, ,
0, ,282, ,
3, ,283, ,
0, ,283, ,
1, ,281, ,
1, ,282, ,
1, ,282, ,
0, ,282, ,
3, ,281, ,
0, ,283, ,
0, ,281, ,
1, ,284, ,
1, ,281, ,
0, ,282, ,
1, ,282, ,
0, ,283, ,
0, ,281, ,
1, ,282, ,
1, ,282, ,
0, ,282, ,
3, ,281, ,
0, ,283, ,
1, ,283, ,
1, ,282, ,
1, ,281, ,
0, ,281, ,
1, ,281, ,
0, ,282, ,
0, ,281, ,
1, ,282, ,
1, ,282, ,
0, ,282, ,
3, ,282, ,
1, ,282, ,
1, ,282, ,
1, ,283, ,
1, ,282, ,
0, ,282, ,
3, ,282, ,
1, ,282, ,
1, ,281, ,
1, ,282, ,
1, ,282, ,
0, ,282, ,
3, ,281, ,
1, ,283, ,
1, ,282, ,
1, ,283, ,
1, ,282, ,
0, ,282, ,
1, ,281, ,
0, ,281, ,
1, ,280, ,
1, ,282, ,
1, ,282, ,
0, ,282, ,
3, ,281, ,
0, ,282, ,
0, ,282, ,
1, ,282, ,
1, ,282, ,
0, ,282, ,
1, ,282, ,
0, ,282, ,
0, ,281, ,
1, ,282, ,
1, ,282, ,
0, ,282, ,
1, ,281, ,
1, ,282, ,
0, ,282, ,
1, ,283, ,
1, ,281, ,
0, ,282, ,
3, ,282, ,
0, ,282, ,
1, ,281, ,
1, ,282, ,
1, ,282, ,
0, ,282, ,
3, ,281, ,
0, ,282, ,
0, ,281, ,
1, ,282, ,
1, ,281, ,
0, ,281, ,
3, ,281, ,
0, ,282, ,
0, ,281, ,
1, ,281, ,
1, ,281, ,
0, ,282, ,
1, ,281, ,
0, ,282, ,
0, ,282, ,
3, ,282, ,
1, ,282, ,
0, ,282, ,
1, ,281, ,
0, ,282, ,
0, ,281, ,
1, ,282, ,
1, ,281, ,
0, ,282, ,
1, ,281, ,
0, ,283, ,
0, ,282, ,
1, ,282, ,
1, ,281, ,
0, ,282, ,
1, ,282, ,
0, ,282, ,
0, ,281, ,
1, ,282, ,
1, ,282, ,
0, ,282, ,
3, ,281, ,
0, ,282, ,
0, ,281, ,
1, ,282, ,
1, ,281, ,
0, ,282, ,
1, ,282, ,
0, ,282, ,
0, ,281, ,
1, ,281, ,
0, ,282, ,
-1, ,282, ,
3, ,281, ,
0, ,281, ,
0, ,282, ,
1, ,283, ,
1, ,281, ,
0, ,282, ,
1, ,282, ,
0, ,282, ,
0, ,281, ,
1, ,282, ,
1, ,282, ,
0, ,282, ,
1, ,282, ,
0, ,282, ,
0, ,282, ,
1, ,283, ,
1, ,282, ,
0, ,282, ,
3, ,281, ,
0, ,282, ,
0, ,281, ,
1, ,282, ,
1, ,282, ,
0, ,282, ,
3, ,281, ,
0, ,282, ,
0, ,281, ,
1, ,281, ,
1, ,282, ,
0, ,282, ,
3, ,282, ,
1, ,282, ,
0, ,281, ,
1, ,282, ,
1, ,282, ,
0, ,282, ,
3, ,281, ,
0, ,282, ,
1, ,282, ,
3, ,282, ,
1, ,282, ,
0, ,283, ,
3, ,282, ,
1, ,282, ,
0, ,281, ,
1, ,282, ,
1, ,281, ,
0, ,282, ,
1, ,281, ,
0, ,282, ,
1, ,281, ,
1, ,282, ,
1, ,282, ,
0, ,282, ,
1, ,282, ,
0, ,282, ,
0, ,282, ,
1, ,281, ,
1, ,281, ,
0, ,282, ,
3, ,282, ,
1, ,282, ,
0, ,281, ,
1, ,282, ,
1, ,282, ,
0, ,282, ,
1, ,282, ,
0, ,282, ,
116, ,282, ,
90, ,282, ,
62, ,281, ,
37, ,282, ,
23, ,282, ,
13, ,282, ,
9, ,281, ,
10, ,282, ,
6, ,282, ,
4, ,281, ,
5, ,282, ,
4, ,282, ,
3, ,282, ,
4, ,282, ,
3, ,282, ,
1, ,283, ,
4, ,281, ,
3, ,282, ,
3, ,281, ,
4, ,282, ,
4, ,281, ,
1, ,282, ,
4, ,282, ,
3, ,283, ,
3, ,282, ,
4, ,282, ,
4, ,282, ,
3, ,283, ,
4, ,280, ,
3, ,281, ,
3, ,280, ,
4, ,283, ,
4, ,283, ,
1, ,283, ,
4, ,282, ,
3, ,283, ,
3, ,281, ,
4, ,281, ,
3, ,281, ,
1, ,281, ,
4, ,281, ,
3, ,283, ,
3, ,282, ,
4, ,283, ,
4, ,282, ,
3, ,282, ,
4, ,281, ,
3, ,282, ,
3, ,281, ,
4, ,282, ,
4, ,282, ,
1, ,282, ,
4, ,281, ,
3, ,283, ,
3, ,281, ,
4, ,282, ,
3, ,282, ,
1, ,282, ,
4, ,282, ,
1, ,282, ,
3, ,282, ,
4, ,282, ,
3, ,281, ,
1, ,282, ,
4, ,280, ,
3, ,282, ,
3, ,282, ,
4, ,283, ,
4, ,280, ,
1, ,282, ,
4, ,282, ,
1, ,282, ,
3, ,282, ,
4, ,281, ,
3, ,282, ,
1, ,283, ,
4, ,281, ,
3, ,282, ,
3, ,282, ,
4, ,282, ,
4, ,282, ,
1, ,282, ,
4, ,282, ,
1, ,282, ,
3, ,281, ,
4, ,282, ,
3, ,282, ,
1, ,281, ,
4, ,281, ,
3, ,282, ,
3, ,282, ,
4, ,282, ,
3, ,281, ,
1, ,282, ,
4, ,282, ,
3, ,283, ,
3, ,281, ,
3, ,282, ,
3, ,282, ,
1, ,282, ,
4, ,281, ,
1, ,282, ,
3, ,281, ,
3, ,282, ,
3, ,281, ,
1, ,282, ,
4, ,281, ,
1, ,283, ,
3, ,281, ,
3, ,282, ,
3, ,282, ,
1, ,282, ,
4, ,281, ,
1, ,284, ,
3, ,282, ,
3, ,283, ,
3, ,281, ,
1, ,282, ,
4, ,281, ,
1, ,282, ,
3, ,281, ,
3, ,282, ,
3, ,282, ,
1, ,282, ,
4, ,281, ,
1, ,283, ,
3, ,282, ,
3, ,283, ,
3, ,281, ,
1, ,282, ,
4, ,282, ,
1, ,283, ,
3, ,282, ,
3, ,282, ,
3, ,282, ,
1, ,282, ,
4, ,281, ,
3, ,282, ,
3, ,282, ,
3, ,283, ,
3, ,281, ,
1, ,282, ,
4, ,281, ,
3, ,282, ,
1, ,281, ,
3, ,282, ,
3, ,282, ,
1, ,282, ,
3, ,282, ,
3, ,284, ,
1, ,282, ,
3, ,283, ,
3, ,281, ,
1, ,281, ,
4, ,282, ,
3, ,282, ,
1, ,281, ,
3, ,282, ,
3, ,281, ,
1, ,282, ,
4, ,282, ,
1, ,282, ,
1, ,282, ,
4, ,282, ,
3, ,281, ,
1, ,282, ,
4, ,282, ,
1, ,283, ,
3, ,281, ,
3, ,282, ,
3, ,282, ,
1, ,283, ,
4, ,281, ,
3, ,282, ,
3, ,282, ,
3, ,282, ,
1, ,282, ,
1, ,282, ,
3, ,282, ,
3, ,282, ,
1, ,281, ,
3, ,283, ,
3, ,281, ,
1, ,282, ,
4, ,282, ,
3, ,282, ,
1, ,283, ,
4, ,282, ,
3, ,281, ,
1, ,282, ,
3, ,282, ,
1, ,283, ,
1, ,281, ,
3, ,282, ,
3, ,282, ,
1, ,283, ,
4, ,281, ,
3, ,283, ,
1, ,282, ,
3, ,283, ,
3, ,281, ,
1, ,282, ,
3, ,281, ,
1, ,283, ,
1, ,281, ,
3, ,283, ,
3, ,282, ,
1, ,282, ,
4, ,281, ,
1, ,282, ,
3, ,282, ,
3, ,282, ,
3, ,282, ,
1, ,282, ,
3, ,281, ,
3, ,282, ,
3, ,282, ,
3, ,282, ,
1, ,281, ,
1, ,282, ,
3, ,282, ,
1, ,282, ,
1, ,281, ,
3, ,283, ,
3, ,282, ,
1, ,282, ,
4, ,282, ,
1, ,282, ,
3, ,281, ,
3, ,283, ,
1, ,282, ,
1, ,282, ,
3, ,282, ,
1, ,282, ,
1, ,282, ,
3, ,283, ,
3, ,281, ,
1, ,282, ,
3, ,281, ,
1, ,282, ,
3, ,281, ,
3, ,281, ,
3, ,281, ,
1, ,282, ,
3, ,281, ,
1, ,282, ,
1, ,281, ,
3, ,283, ,
1, ,282, ,
1, ,283, ,
3, ,282, ,
1, ,282, ,
1, ,280, ,
3, ,282, ,
1, ,282, ,
1, ,283, ,
3, ,282, ,
1, ,282, ,
1, ,282, ,
3, ,282, ,
3, ,281, ,
1, ,282, ,
3, ,281, ,
1, ,282, ,
1, ,281, ,
3, ,281, ,
1, ,279, ,
1, ,280, ,
3, ,281, ,
1, ,284, ,
3, ,285, ,
3, ,285, ,
1, ,283, ,
1, ,282, ,
3, ,280, ,
1, ,282, ,
1, ,280, ,
3, ,282, ,
3, ,282, ,
1, ,282, ,
3, ,282, ,
1, ,282, ,
1, ,281, ,
3, ,282, ,
1, ,281, ,
1, ,282, ,
3, ,282, ,
1, ,282, ,
1, ,281, ,
3, ,282, ,
1, ,281, ,
1, ,282, ,
3, ,281, ,
1, ,282, ,
1, ,282, ,
3, ,282, ,
1, ,281, ,
1, ,282, ,
3, ,281, ,
1, ,282, ,
1, ,281, ,
3, ,283, ,
1, ,282, ,
1, ,281, ,
3, ,280, ,
1, ,282, ,
1, ,282, ,
3, ,282, ,
1, ,282, ,
1, ,282, ,
3, ,281, ,
1, ,282, ,
1, ,281, ,
3, ,281, ,
1, ,281, ,
1, ,282, ,
3, ,281, ,
1, ,282, ,
1, ,282, ,
3, ,282, ,
1, ,281, ,
1, ,282, ,
3, ,282, ,
1, ,283, ,
1, ,281, ,
1, ,281, ,
1, ,281, ,
1, ,282, ,
3, ,281, ,
1, ,282, ,
1, ,282, ,
3, ,283, ,
3, ,281, ,
1, ,281, ,
3, ,282, ,
1, ,282, ,
1, ,281, ,
3, ,281, ,
1, ,281, ,
1, ,282, ,
3, ,281, ,
1, ,282, ,
1, ,282, ,
3, ,282, ,
1, ,281, ,
1, ,282, ,
3, ,281, ,
1, ,281, ,
1, ,281, ,
3, ,281, ,
1, ,281, ,
1, ,282, ,
3, ,281, ,
1, ,281, ,
1, ,281, ,
1, ,282, ,
1, ,281, ,
1, ,282, ,
3, ,282, ,
1, ,282, ,
1, ,281, ,
3, ,281, ,
3, ,281, ,
1, ,282, ,
3, ,281, ,
1, ,282, ,
1, ,281, ,
3, ,282, ,
1, ,281, ,
1, ,281, ,
3, ,281, ,
1, ,283, ,
1, ,281, ,
3, ,282, ,
1, ,282, ,
1, ,283, ,
3, ,281, ,
1, ,281, ,
1, ,282, ,
1, ,282, ,
1, ,283, ,
1, ,282, ,
3, ,283, ,
1, ,284, ,
1, ,282, ,
3, ,282, ,
1, ,282, ,
1, ,283, ,
3, ,282, ,
1, ,282, ,
1, ,282, ,
3, ,282, ,
1, ,281, ,
1, ,281, ,
3, ,282, ,
1, ,283, ,
1, ,282, ,
3, ,282, ,
1, ,282, ,
0, ,282, ,
3, ,282, ,
1, ,284, ,
1, ,282, ,
1, ,282, ,
1, ,282, ,
1, ,281, ,
3, ,281, ,
1, ,282, ,
1, ,281, ,
3, ,283, ,
1, ,282, ,
0, ,283, ,
3, ,282, ,
1, ,282, ,
1, ,281, ,
3, ,283, ,
1, ,281, ,
1, ,281, ,
3, ,282, ,
1, ,283, ,
1, ,282, ,
3, ,281, ,
1, ,282, ,
0, ,282, ,
3, ,282, ,
1, ,282, ,
1, ,282, ,
3, ,282, ,
1, ,281, ,
0, ,283, ,
3, ,281, ,
1, ,284, ,
1, ,281, ,
3, ,282, ,
1, ,282, ,
0, ,282, ,
3, ,282, ,
1, ,282, ,
1, ,282, ,
1, ,283, ,
1, ,281, ,
0, ,281, ,
3, ,282, ,
1, ,282, ,
1, ,282, ,
3, ,282, ,
1, ,281, ,
0, ,282, ,
3, ,282, ,
1, ,283, ,
1, ,282, ,
3, ,281, ,
1, ,280, ,
0, ,281, ,
3, ,282, ,
1, ,283, ,
1, ,283, ,
3, ,284, ,
1, ,282, ,
0, ,283, ,
3, ,281, ,
1, ,281, ,
1, ,281, ,
1, ,282, ,
1, ,281, ,
1, ,282, ,
3, ,282, ,
1, ,282, ,
1, ,282, ,
3, ,282, ,
1, ,282, ,
0, ,282, ,
3, ,281, ,
1, ,282, ,
1, ,282, ,
1, ,282, ,
1, ,281, ,
0, ,281, ,
3, ,281, ,
1, ,282, ,
1, ,281, ,
3, ,281, ,
1, ,282, ,
0, ,283, ,
3, ,281, ,
1, ,282, ,
1, ,282, ,
1, ,282, ,
1, ,281, ,
1, ,282, ,
3, ,282, ,
1, ,282, ,
1, ,281, ,
1, ,282, ,
1, ,282, ,
0, ,282, ,
3, ,281, ,
1, ,282, ,
1, ,282, ,
3, ,281, ,
1, ,281, ,
0, ,282, ,
3, ,282, ,
1, ,283, ,
1, ,282, ,
1, ,282, ,
1, ,282, ,
0, ,282, ,
3, ,282, ,
1, ,282, ,
1, ,282, ,
1, ,284, ,
1, ,281, ,
0, ,282, ,
3, ,281, ,
1, ,282, ,
1, ,282, ,
1, ,282, ,
1, ,282, ,
0, ,283, ,
3, ,282, ,
1, ,282, ,
1, ,282, ,
3, ,283, ,
1, ,282, ,
0, ,283, ,
3, ,282, ,
1, ,282, ,
1, ,281, ,
3, ,282, ,
1, ,282, ,
0, ,283, ,
3, ,282, ,
1, ,282, ,
1, ,282, ,
1, ,282, ,
1, ,282, ,
0, ,282, ,
3, ,282, ,
1, ,283, ,
1, ,281, ,
3, ,283, ,
1, ,282, ,
0, ,282, ,
3, ,281, ,
1, ,282, ,
1, ,282, ,
3, ,283, ,
1, ,282, ,
0, ,282, ,
3, ,282, ,
1, ,283, ,
1, ,281, ,
3, ,282, ,
1, ,282, ,
0, ,282, ,
3, ,281, ,
1, ,282, ,
1, ,281, ,
1, ,282, ,
1, ,282, ,
0, ,283, ,
3, ,282, ,
1, ,283, ,
1, ,282, ,
1, ,282, ,
1, ,282, ,
0, ,282, ,
3, ,281, ,
1, ,282, ,
1, ,281, ,
3, ,283, ,
1, ,282, ,
0, ,282, ,
3, ,282, ,
1, ,282, ,
1, ,281, ,
3, ,284, ,
1, ,281, ,
0, ,282, ,
3, ,282, ,
1, ,282, ,
1, ,282, ,
1, ,282, ,
1, ,281, ,
0, ,282, ,
3, ,282, ,
1, ,282, ,
1, ,281, ,
3, ,282, ,
1, ,282, ,
0, ,282, ,
3, ,281, ,
1, ,282, ,
1, ,283, ,
3, ,282, ,
1, ,282, ,
0, ,282, ,
3, ,282, ,
1, ,283, ,
1, ,281, ,
3, ,282, ,
1, ,282, ,
0, ,283, ,
3, ,281, ,
1, ,282, ,
1, ,282, ,
1, ,283, ,
1, ,281, ,
0, ,282, ,
3, ,282, ,
1, ,282, ,
1, ,281, ,
1, ,282, ,
1, ,282, ,
0, ,282, ,
3, ,281, ,
1, ,283, ,
1, ,282, ,
3, ,283, ,
1, ,281, ,
0, ,282, ,
3, ,282, ,
1, ,282, ,
1, ,281, ,
3, ,282, ,
1, ,281, ,
0, ,283, ,
3, ,282, ,
1, ,282, ,
1, ,281, ,
1, ,282, ,
1, ,281, ,
0, ,281, ,
3, ,283, ,
1, ,283, ,
1, ,282, ,
1, ,282, ,
1, ,282, ,
0, ,282, ,
3, ,282, ,
1, ,282, ,
1, ,282, ,
3, ,282, ,
1, ,282, ,
0, ,282, ,
3, ,282, ,
1, ,282, ,
1, ,281, ,
1, ,282, ,
1, ,282, ,
0, ,284, ,
3, ,282, ,
1, ,283, ,
1, ,282, ,
1, ,282, ,
1, ,281, ,
0, ,283, ,
3, ,282, ,
1, ,282, ,
1, ,281, ,
1, ,284, ,
1, ,283, ,
0, ,282, ,
3, ,281, ,
1, ,282, ,
1, ,282, ,
3, ,283, ,
1, ,281, ,
0, ,281, ,
3, ,282, ,
1, ,282, ,
1, ,281, ,
1, ,282, ,
1, ,281, ,
0, ,282, ,
3, ,281, ,
1, ,282, ,
1, ,282, ,
1, ,282, ,
1, ,282, ,
0, ,282, ,
3, ,282, ,
1, ,282, ,
1, ,281, ,
3, ,282, ,
1, ,282, ,
0, ,282, ,
3, ,282, ,
1, ,282, ,
1, ,282, ,
3, ,283, ,
1, ,281, ,
0, ,281, ,
3, ,281, ,
1, ,282, ,
1, ,282, ,
1, ,282, ,
1, ,282, ,
0, ,282, ,
3, ,282, ,
1, ,283, ,
1, ,282, ,
1, ,282, ,
1, ,281, ,
0, ,282, ,
3, ,282, ,
1, ,282, ,
1, ,282, ,
1, ,282, ,
1, ,282, ,
0, ,282, ,
3, ,281, ,
1, ,282, ,
1, ,281, ,
1, ,282, ,
1, ,282, ,
0, ,282, ,
1, ,282, ,
1, ,283, ,
1, ,281, ,
1, ,282, ,
1, ,282, ,
0, ,282, ,
3, ,282, ,
1, ,282, ,
1, ,282, ,
1, ,283, ,
1, ,282, ,
0, ,283, ,
3, ,281, ,
1, ,282, ,
1, ,281, ,
1, ,282, ,
1, ,282, ,
0, ,282, ,
1, ,281, ,
1, ,282, ,
1, ,282, ,
3, ,283, ,
1, ,281, ,
0, ,281, ,
3, ,282, ,
1, ,282, ,
1, ,280, ,
3, ,282, ,
1, ,282, ,
0, ,283, ,
3, ,281, ,
1, ,282, ,
1, ,281, ,
1, ,282, ,
1, ,281, ,
0, ,282, ,
3, ,282, ,
1, ,283, ,
1, ,281, ,
3, ,283, ,
1, ,282, ,
0, ,282, ,
3, ,281, ,
1, ,282, ,
1, ,282, ,
3, ,282, ,
1, ,282, ,
0, ,282, ,
1, ,282, ,
0, ,283, ,
1, ,282, ,
1, ,282, ,
1, ,282, ,
0, ,282, ,
3, ,281, ,
1, ,282, ,
0, ,283, ,
1, ,282, ,
1, ,281, ,
0, ,282, ,
3, ,282, ,
1, ,282, ,
1, ,281, ,
1, ,282, ,
1, ,282, ,
0, ,283, ,
1, ,282, ,
1, ,282, ,
1, ,282, ,
3, ,282, ,
1, ,282, ,
0, ,282, ,
1, ,282, ,
1, ,284, ,
1, ,281, ,
1, ,282, ,
1, ,282, ,
0, ,282, ,
3, ,282, ,
1, ,282, ,
1, ,282, ,
1, ,282, ,
1, ,281, ,
0, ,282, ,
1, ,282, ,
1, ,282, ,
1, ,282, ,
1, ,282, ,
1, ,282, ,
0, ,282, ,
3, ,281, ,
1, ,282, ,
1, ,282, ,
1, ,283, ,
1, ,282, ,
0, ,282, ,
3, ,282, ,
0, ,283, ,
1, ,281, ,
1, ,282, ,
1, ,282, ,
0, ,282, ,
3, ,281, ,
1, ,282, ,
0, ,281, ,
1, ,284, ,
1, ,282, ,
0, ,282, ,
3, ,283, ,
1, ,282, ,
1, ,282, ,
1, ,283, ,
1, ,282, ,
0, ,282, ,
3, ,281, ,
1, ,282, ,
1, ,282, ,
3, ,282, ,
1, ,282, ,
0, ,282, ,
3, ,282, ,
1, ,282, ,
1, ,281, ,
1, ,282, ,
1, ,282, ,
0, ,282, ,
3, ,282, ,
1, ,282, ,
0, ,282, ,
3, ,282, ,
1, ,282, ,
0, ,282, ,
3, ,282, ,
1, ,282, ,
0, ,281, ,
1, ,282, ,
1, ,282, ,
0, ,283, ,
3, ,281, ,
1, ,282, ,
1, ,281, ,
1, ,283, ,
1, ,282, ,
0, ,283, ,
3, ,282, ,
1, ,282, ,
0, ,281, ,
1, ,281, ,
1, ,282, ,
0, ,282, ,
3, ,281, ,
1, ,282, ,
1, ,282, ,
1, ,282, ,
1, ,282, ,
0, ,281, ,
3, ,281, ,
1, ,282, ,
1, ,281, ,
3, ,282, ,
1, ,282, ,
0, ,283, ,
3, ,282, ,
1, ,282, ,
1, ,281, ,
1, ,282, ,
1, ,281, ,
0, ,282, ,
1, ,282, ,
1, ,282, ,
1, ,281, ,
1, ,282, ,
1, ,282, ,
0, ,283, ,
3, ,281, ,
1, ,282, ,
1, ,281, ,
1, ,282, ,
1, ,282, ,
0, ,282, ,
3, ,282, ,
1, ,283, ,
0, ,282, ,
1, ,282, ,
1, ,282, ,
0, ,283, ,
3, ,282, ,
0, ,282, ,
1, ,282, ,
1, ,283, ,
1, ,281, ,
0, ,282, ,
1, ,281, ,
0, ,282, ,
0, ,281, ,
3, ,282, ,
1, ,282, ,
0, ,282, ,
1, ,281, ,
0, ,284, ,
0, ,282, ,
1, ,283, ,
1, ,281, ,
0, ,282, ,
3, ,281, ,
0, ,282, ,
0, ,281, ,
3, ,282, ,
0, ,282, ,
0, ,282, ,
3, ,281, ,
1, ,282, ,
0, ,282, ,
3, ,282, ,
1, ,282, ,
0, ,282, ,
3, ,281, ,
0, ,282, ,
1, ,282, ,
1, ,282, ,
1, ,281, ,
0, ,282, ,
3, ,281, ,
1, ,282, ,
0, ,281, ,
1, ,282, ,
0, ,282, ,
0, ,281, ,
3, ,281, ,
1, ,282, ,
0, ,282, ,
1, ,282, ,
1, ,282, ,
0, ,282, ,
1, ,281, ,
0, ,282, ,
1, ,281, ,
1, ,283, ,
1, ,281, ,
0, ,281, ,
3, ,282, ,
0, ,283, ,
0, ,281, ,
1, ,282, ,
1, ,282, ,
-1, ,282, ,
3, ,281, ,
1, ,282, ,
0, ,282, ,
1, ,282, ,
1, ,282, ,
0, ,282, ,
1, ,280, ,
1, ,283, ,
1, ,281, ,
1, ,283, ,
1, ,282, ,
0, ,283, ,
3, ,282, ,
1, ,283, ,
1, ,282, ,
1, ,283, ,
1, ,281, ,
0, ,281, ,
3, ,282, ,
1, ,283, ,
1, ,282, ,
1, ,282, ,
1, ,282, ,
0, ,282, ,
3, ,282, ,
1, ,282, ,
1, ,281, ,
3, ,282, ,
1, ,282, ,
0, ,282, ,
3, ,282, ,
125, ,282, ,
74, ,281, ,
42, ,283, ,
29, ,282, ,
22, ,282, ,
14, ,281, ,
6, ,282, ,
5, ,282, ,
8, ,283, ,
5, ,282, ,
1, ,282, ,
4, ,282, ,
4, ,282, ,
3, ,281, ,
4, ,282, ,
4, ,282, ,
1, ,282, ,
5, ,282, ,
3, ,282, ,
3, ,282, ,
4, ,283, ,
4, ,281, ,
3, ,282, ,
4, ,282, ,
3, ,282, ,
3, ,281, ,
4, ,282, ,
4, ,282, ,
1, ,282, ,
4, ,282, ,
3, ,282, ,
3, ,282, ,
4, ,282, ,
4, ,281, ,
3, ,282, ,
4, ,281, ,
3, ,283, ,
3, ,281, ,
4, ,283, ,
3, ,282, ,
3, ,282, ,
4, ,281, ,
3, ,282, ,
3, ,281, ,
4, ,282, ,
3, ,281, ,
1, ,282, ,
4, ,281, ,
1, ,282, ,
3, ,281, ,
4, ,282, ,
3, ,282, ,
3, ,282, ,
4, ,281, ,
3, ,281, ,
3, ,282, ,
4, ,282, ,
3, ,282, ,
1, ,282, ,
4, ,281, ,
3, ,282, ,
3, ,282, ,
4, ,282, ,
3, ,282, ,
1, ,282, ,
4, ,281, ,
3, ,282, ,
3, ,282, ,
4, ,282, ,
3, ,281, ,
1, ,282, ,
4, ,282, ,
1, ,282, ,
3, ,281, ,
3, ,282, ,
3, ,282, ,
3, ,282, ,
4, ,281, ,
1, ,282, ,
3, ,281, ,
4, ,282, ,
3, ,281, ,
1, ,283, ,
4, ,281, ,
3, ,283, ,
3, ,281, ,
3, ,282, ,
3, ,281, ,
1, ,282, ,
4, ,281, ,
3, ,283, ,
3, ,281, ,
4, ,282, ,
3, ,281, ,
1, ,281, ,
4, ,281, ,
1, ,282, ,
3, ,280, ,
4, ,282, ,
3, ,282, ,
1, ,283, ,
4, ,282, ,
3, ,282, ,
3, ,282, ,
3, ,282, ,
3, ,281, ,
1, ,282, ,
4, ,282, ,
3, ,282, ,
3, ,281, ,
3, ,282, ,
3, ,282, ,
1, ,281, ,
4, ,282, ,
3, ,282, ,
3, ,281, ,
4, ,281, ,
3, ,281, ,
1, ,282, ,
4, ,282, ,
1, ,283, ,
3, ,281, ,
4, ,281, ,
3, ,282, ,
1, ,282, ,
4, ,281, ,
1, ,282, ,
3, ,282, ,
4, ,283, ,
3, ,281, ,
1, ,282, ,
4, ,282, ,
3, ,283, ,
3, ,281, ,
3, ,282, ,
3, ,282, ,
1, ,282, ,
4, ,281, ,
1, ,282, ,
1, ,282, ,
3, ,282, ,
3, ,281, ,
1, ,282, ,
4, ,281, ,
3, ,282, ,
3, ,281, ,
3, ,282, ,
3, ,282, ,
1, ,282, ,
4, ,281, ,
1, ,282, ,
3, ,282, ,
3, ,282, ,
3, ,281, ,
1, ,282, ,
4, ,282, ,
3, ,283, ,
3, ,281, ,
3, ,282, ,
3, ,282, ,
1, ,282, ,
4, ,281, ,
3, ,282, ,
3, ,281, ,
3, ,282, ,
3, ,281, ,
1, ,283, ,
4, ,282, ,
1, ,282, ,
3, ,282, ,
3, ,281, ,
3, ,282, ,
1, ,282, ,
4, ,281, ,
3, ,282, ,
3, ,281, ,
3, ,282, ,
3, ,281, ,
1, ,282, ,
4, ,282, ,
1, ,283, ,
1, ,281, ,
3, ,282, ,
3, ,282, ,
1, ,282, ,
3, ,281, ,
1, ,282, ,
3, ,282, ,
3, ,282, ,
1, ,281, ,
1, ,282, ,
4, ,282, ,
1, ,282, ,
3, ,281, ,
3, ,282, ,
1, ,281, ,
1, ,282, ,
3, ,281, ,
1, ,282, ,
3, ,282, ,
3, ,283, ,
3, ,281, ,
1, ,283, ,
4, ,281, ,
3, ,282, ,
1, ,281, ,
3, ,282, ,
3, ,282, ,
1, ,282, ,
3, ,281, ,
3, ,283, ,
1, ,282, ,
3, ,282, ,
3, ,282, ,
1, ,283, ,
3, ,281, ,
1, ,282, ,
1, ,281, ,
3, ,282, ,
1, ,282, ,
1, ,282, ,
4, ,281, ,
3, ,283, ,
3, ,282, ,
3, ,283, ,
1, ,281, ,
1, ,282, ,
3, ,283, ,
1, ,282, ,
1, ,281, ,
3, ,282, ,
1, ,282, ,
1, ,282, ,
3, ,282, ,
1, ,283, ,
1, ,282, ,
3, ,282, ,
3, ,281, ,
1, ,282, ,
3, ,281, ,
1, ,283, ,
3, ,281, ,
3, ,282, ,
1, ,281, ,
1, ,282, ,
3, ,281, ,
1, ,282, ,
3, ,282, ,
3, ,283, ,
3, ,281, ,
1, ,282, ,
3, ,282, ,
1, ,283, ,
3, ,281, ,
3, ,282, ,
1, ,282, ,
1, ,283, ,
3, ,282, ,
1, ,283, ,
1, ,281, ,
3, ,282, ,
1, ,282, ,
1, ,282, ,
4, ,282, ,
1, ,283, ,
3, ,282, ,
3, ,282, ,
1, ,281, ,
1, ,282, ,
3, ,283, ,
1, ,282, ,
3, ,282, ,
3, ,282, ,
1, ,281, ,
1, ,283, ,
3, ,282, ,
1, ,282, ,
1, ,281, ,
3, ,280, ,
3, ,280, ,
1, ,280, ,
3, ,280, ,
1, ,282, ,
1, ,284, ,
3, ,285, ,
1, ,283, ,
1, ,282, ,
3, ,281, ,
1, ,281, ,
1, ,281, ,
3, ,282, ,
1, ,281, ,
1, ,282, ,
3, ,281, ,
1, ,282, ,
1, ,281, ,
3, ,282, ,
1, ,281, ,
1, ,284, ,
3, ,281, ,
1, ,282, ,
1, ,281, ,
3, ,281, ,
1, ,280, ,
1, ,281, ,
3, ,280, ,
1, ,282, ,
1, ,281, ,
3, ,283, ,
1, ,283, ,
1, ,282, ,
3, ,281, ,
1, ,282, ,
1, ,281, ,
3, ,281, ,
1, ,282, ,
1, ,283, ,
3, ,281, ,
1, ,282, ,
3, ,282, ,
3, ,281, ,
1, ,281, ,
1, ,282, ,
3, ,281, ,
1, ,282, ,
1, ,282, ,
3, ,283, ,
1, ,281, ,
0, ,282, ,
3, ,281, ,
1, ,282, ,
1, ,282, ,
3, ,281, ,
1, ,281, ,
1, ,283, ,
3, ,282, ,
1, ,282, ,
1, ,281, ,
3, ,281, ,
1, ,282, ,
1, ,282, ,
3, ,282, ,
1, ,282, ,
1, ,281, ,
3, ,282, ,
3, ,281, ,
1, ,282, ,
3, ,281, ,
1, ,282, ,
1, ,281, ,
3, ,282, ,
1, ,282, ,
1, ,282, ,
3, ,281, ,
1, ,282, ,
1, ,281, ,
3, ,282, ,
1, ,282, ,
1, ,281, ,
3, ,281, ,
1, ,282, ,
1, ,281, ,
3, ,282, ,
3, ,281, ,
0, ,282, ,
3, ,281, ,
1, ,282, ,
1, ,282, ,
3, ,282, ,
1, ,281, ,
0, ,282, ,
3, ,281, ,
1, ,282, ,
1, ,281, ,
3, ,282, ,
1, ,282, ,
0, ,282, ,
3, ,282, ,
1, ,282, ,
1, ,281, ,
1, ,282, ,
1, ,281, ,
1, ,281, ,
3, ,282, ,
1, ,283, ,
1, ,281, ,
3, ,283, ,
3, ,283, ,
1, ,282, ,
3, ,281, ,
1, ,282, ,
1, ,281, ,
3, ,283, ,
1, ,283, ,
0, ,282, ,
3, ,282, ,
1, ,283, ,
1, ,282, ,
1, ,282, ,
1, ,281, ,
0, ,283, ,
3, ,281, ,
1, ,282, ,
1, ,282, ,
3, ,282, ,
1, ,282, ,
0, ,281, ,
3, ,283, ,
1, ,283, ,
1, ,281, ,
3, ,282, ,
1, ,282, ,
0, ,282, ,
3, ,282, ,
1, ,283, ,
1, ,281, ,
3, ,282, ,
1, ,281, ,
0, ,282, ,
3, ,282, ,
1, ,282, ,
1, ,281, ,
3, ,283, ,
1, ,282, ,
0, ,283, ,
3, ,282, ,
1, ,283, ,
1, ,282, ,
3, ,283, ,
1, ,282, ,
0, ,282, ,
3, ,282, ,
1, ,283, ,
1, ,282, ,
3, ,282, ,
1, ,282, ,
0, ,281, ,
3, ,281, ,
1, ,283, ,
1, ,282, ,
1, ,283, ,
1, ,281, ,
0, ,282, ,
3, ,282, ,
1, ,283, ,
1, ,282, ,
1, ,283, ,
1, ,281, ,
0, ,282, ,
3, ,282, ,
1, ,283, ,
1, ,281, ,
3, ,282, ,
3, ,281, ,
0, ,282, ,
3, ,282, ,
1, ,283, ,
1, ,282, ,
3, ,281, ,
1, ,282, ,
0, ,283, ,
3, ,282, ,
1, ,282, ,
1, ,282, ,
3, ,282, ,
1, ,282, ,
0, ,282, ,
3, ,281, ,
1, ,283, ,
1, ,282, ,
3, ,282, ,
1, ,282, ,
0, ,283, ,
3, ,282, ,
1, ,282, ,
1, ,282, ,
3, ,283, ,
1, ,281, ,
0, ,282, ,
3, ,282, ,
1, ,284, ,
1, ,281, ,
3, ,282, ,
1, ,281, ,
0, ,282, ,
3, ,281, ,
1, ,281, ,
1, ,282, ,
3, ,283, ,
1, ,282, ,
0, ,282, ,
3, ,282, ,
1, ,282, ,
1, ,281, ,
3, ,282, ,
1, ,282, ,
0, ,282, ,
3, ,275, ,
1, ,281, ,
1, ,289, ,
1, ,289, ,
1, ,281, ,
0, ,279, ,
3, ,282, ,
1, ,283, ,
1, ,281, ,
3, ,282, ,
1, ,283, ,
0, ,282, ,
3, ,280, ,
1, ,282, ,
1, ,282, ,
1, ,283, ,
1, ,282, ,
0, ,282, ,
3, ,281, ,
1, ,281, ,
1, ,281, ,
3, ,283, ,
1, ,282, ,
0, ,282, ,
3, ,281, ,
1, ,282, ,
1, ,282, ,
1, ,283, ,
1, ,282, ,
0, ,282, ,
3, ,281, ,
1, ,282, ,
1, ,282, ,
3, ,283, ,
1, ,281, ,
0, ,283, ,
3, ,281, ,
1, ,282, ,
1, ,281, ,
3, ,283, ,
1, ,283, ,
0, ,282, ,
3, ,282, ,
1, ,282, ,
1, ,281, ,
1, ,282, ,
1, ,282, ,
0, ,282, ,
3, ,281, ,
1, ,282, ,
1, ,282, ,
3, ,282, ,
1, ,281, ,
0, ,282, ,
3, ,282, ,
1, ,282, ,
1, ,281, ,
1, ,283, ,
1, ,282, ,
0, ,283, ,
3, ,282, ,
1, ,282, ,
1, ,282, ,
3, ,282, ,
1, ,282, ,
0, ,282, ,
3, ,282, ,
1, ,283, ,
1, ,282, ,
1, ,282, ,
1, ,281, ,
0, ,282, ,
3, ,282, ,
1, ,282, ,
1, ,281, ,
1, ,283, ,
1, ,281, ,
0, ,282, ,
3, ,282, ,
1, ,283, ,
1, ,281, ,
3, ,283, ,
1, ,282, ,
0, ,283, ,
3, ,282, ,
1, ,282, ,
1, ,282, ,
1, ,282, ,
1, ,281, ,
0, ,282, ,
3, ,282, ,
1, ,282, ,
1, ,281, ,
3, ,282, ,
1, ,282, ,
0, ,282, ,
3, ,282, ,
1, ,283, ,
1, ,282, ,
3, ,282, ,
1, ,281, ,
0, ,282, ,
3, ,281, ,
1, ,282, ,
1, ,282, ,
3, ,282, ,
1, ,282, ,
0, ,281, ,
3, ,282, ,
1, ,282, ,
1, ,282, ,
3, ,283, ,
1, ,282, ,
0, ,282, ,
3, ,282, ,
1, ,282, ,
1, ,281, ,
1, ,282, ,
1, ,281, ,
0, ,282, ,
3, ,282, ,
1, ,282, ,
1, ,282, ,
1, ,281, ,
1, ,281, ,
0, ,282, ,
3, ,282, ,
1, ,282, ,
1, ,282, ,
3, ,282, ,
1, ,281, ,
0, ,283, ,
3, ,281, ,
1, ,282, ,
1, ,282, ,
1, ,282, ,
1, ,281, ,
0, ,282, ,
3, ,282, ,
1, ,282, ,
1, ,281, ,
1, ,282, ,
1, ,282, ,
0, ,282, ,
3, ,281, ,
1, ,282, ,
1, ,281, ,
1, ,282, ,
1, ,281, ,
0, ,283, ,
3, ,282, ,
1, ,282, ,
1, ,281, ,
1, ,282, ,
1, ,282, ,
0, ,282, ,
3, ,281, ,
1, ,282, ,
1, ,281, ,
3, ,282, ,
1, ,281, ,
0, ,282, ,
3, ,282, ,
1, ,282, ,
1, ,281, ,
1, ,283, ,
1, ,282, ,
0, ,282, ,
3, ,282, ,
1, ,282, ,
1, ,282, ,
1, ,283, ,
1, ,281, ,
0, ,282, ,
3, ,282, ,
1, ,282, ,
1, ,281, ,
3, ,281, ,
1, ,282, ,
0, ,282, ,
3, ,281, ,
1, ,283, ,
1, ,282, ,
1, ,283, ,
1, ,282, ,
0, ,282, ,
3, ,282, ,
1, ,282, ,
1, ,281, ,
1, ,283, ,
1, ,282, ,
0, ,282, ,
3, ,281, ,
1, ,282, ,
0, ,281, ,
1, ,282, ,
1, ,281, ,
0, ,282, ,
3, ,281, ,
1, ,282, ,
1, ,281, ,
1, ,282, ,
1, ,281, ,
0, ,282, ,
3, ,281, ,
1, ,282, ,
1, ,282, ,
3, ,282, ,
1, ,281, ,
0, ,282, ,
3, ,281, ,
0, ,282, ,
1, ,281, ,
1, ,282, ,
1, ,281, ,
0, ,282, ,
3, ,282, ,
1, ,282, ,
0, ,282, ,
1, ,282, ,
1, ,281, ,
0, ,282, ,
3, ,281, ,
1, ,282, ,
1, ,281, ,
1, ,282, ,
1, ,282, ,
0, ,282, ,
3, ,281, ,
1, ,280, ,
1, ,280, ,
1, ,281, ,
1, ,282, ,
0, ,284, ,
3, ,283, ,
1, ,282, ,
1, ,281, ,
3, ,282, ,
1, ,281, ,
0, ,282, ,
3, ,281, ,
1, ,282, ,
1, ,281, ,
1, ,283, ,
1, ,281, ,
0, ,282, ,
3, ,282, ,
1, ,282, ,
1, ,281, ,
1, ,282, ,
1, ,282, ,
0, ,282, ,
3, ,281, ,
1, ,283, ,
1, ,282, ,
3, ,282, ,
1, ,281, ,
0, ,281, ,
3, ,281, ,
1, ,282, ,
1, ,282, ,
1, ,283, ,
1, ,283, ,
0, ,282, ,
3, ,282, ,
1, ,281, ,
1, ,281, ,
1, ,283, ,
1, ,281, ,
0, ,282, ,
3, ,282, ,
1, ,283, ,
1, ,282, ,
1, ,282, ,
1, ,282, ,
0, ,282, ,
3, ,281, ,
1, ,282, ,
1, ,282, ,
3, ,282, ,
1, ,281, ,
0, ,282, ,
1, ,281, ,
1, ,283, ,
0, ,281, ,
1, ,282, ,
1, ,281, ,
1, ,282, ,
3, ,281, ,
0, ,282, ,
0, ,282, ,
1, ,283, ,
1, ,281, ,
0, ,281, ,
3, ,282, ,
1, ,282, ,
0, ,281, ,
3, ,282, ,
3, ,282, ,
0, ,282, ,
3, ,281, ,
1, ,282, ,
1, ,282, ,
1, ,282, ,
1, ,282, ,
0, ,282, ,
3, ,282, ,
1, ,282, ,
1, ,281, ,
1, ,282, ,
1, ,282, ,
0, ,282, ,
3, ,281, ,
0, ,282, ,
0, ,282, ,
3, ,284, ,
1, ,281, ,
0, ,282, ,
3, ,282, ,
0, ,282, ,
0, ,282, ,
1, ,282, ,
1, ,282, ,
0, ,282, ,
3, ,281, ,
1, ,282, ,
0, ,282, ,
3, ,283, ,
1, ,281, ,
0, ,282, ,
3, ,281, ,
0, ,283, ,
0, ,281, ,
3, ,283, ,
1, ,282, ,
0, ,282, ,
3, ,281, ,
1, ,282, ,
1, ,282, ,
3, ,282, ,
1, ,282, ,
0, ,281, ,
3, ,281, ,
0, ,282, ,
0, ,281, ,
3, ,282, ,
1, ,282, ,
0, ,282, ,
3, ,281, ,
1, ,282, ,
0, ,282, ,
1, ,282, ,
1, ,281, ,
0, ,282, ,
3, ,282, ,
0, ,283, ,
0, ,281, ,
1, ,281, ,
1, ,282, ,
0, ,281, ,
3, ,281, ,
1, ,282, ,
0, ,282, ,
1, ,282, ,
1, ,281, ,
0, ,282, ,
3, ,282, ,
0, ,282, ,
1, ,282, ,
1, ,282, ,
1, ,281, ,
0, ,282, ,
3, ,281, ,
1, ,282, ,
0, ,282, ,
1, ,282, ,
1, ,281, ,
0, ,282, ,
3, ,281, ,
0, ,281, ,
1, ,281, ,
1, ,281, ,
1, ,282, ,
0, ,282, ,
3, ,282, ,
1, ,281, ,
1, ,281, ,
3, ,282, ,
1, ,282, ,
0, ,282, ,
3, ,281, ,
1, ,282, ,
1, ,282, ,
1, ,282, ,
1, ,282, ,
0, ,282, ,
3, ,281, ,
1, ,282, ,
1, ,282, ,
1, ,283, ,
1, ,281, ,
0, ,282, ,
3, ,282, ,
1, ,282, ,
1, ,281, ,
1, ,282, ,
1, ,282, ,
0, ,282, ,
3, ,281, ,
1, ,282, ,
1, ,282, ,
1, ,282, ,
1, ,281, ,
0, ,282, ,
3, ,282, ,
1, ,283, ,
1, ,282, ,
3, ,282, ,
1, ,282, ,
0, ,282, ,
3, ,281, ,
0, ,281, ,
0, ,282, ,
1, ,282, ,
1, ,281, ,
0, ,281, ,
1, ,282, ,
0, ,282, ,
0, ,281, ,
1, ,282, ,
1, ,282, ,
0, ,282, ,
3, ,281, ,
1, ,281, ,
0, ,282, ,
1, ,282, ,
1, ,281, ,
0, ,282, ,
3, ,282, ,
0, ,283, ,
1, ,281, ,
1, ,282, ,
1, ,281, ,
0, ,281, ,
1, ,281, ,
0, ,282, ,
0, ,281, ,
1, ,281, ,
1, ,281, ,
0, ,282, ,
1, ,282, ,
0, ,283, ,
0, ,281, ,
1, ,282, ,
1, ,282, ,
0, ,282, ,
3, ,281, ,
0, ,282, ,
0, ,281, ,
1, ,282, ,
1, ,281, ,
0, ,282, ,
3, ,282, ,
0, ,283, ,
0, ,282, ,
1, ,281, ,
1, ,282, ,
0, ,281, ,
1, ,281, ,
0, ,282, ,
0, ,282, ,
1, ,282, ,
1, ,281, ,
0, ,282, ,
3, ,281, ,
0, ,283, ,
0, ,281, ,
1, ,282, ,
1, ,281, ,
0, ,282, ,
3, ,281, ,
1, ,282, ,
0, ,282, ,
1, ,282, ,
1, ,281, ,
0, ,282, ,
3, ,281, ,
0, ,283, ,
1, ,281, ,
1, ,282, ,
3, ,281, ,
0, ,282, ,
3, ,281, ,
1, ,282, ,
0, ,281, ,
1, ,282, ,
1, ,281, ,
0, ,282, ,
3, ,281, ,
1, ,281, ,
1, ,282, ,
1, ,282, ,
1, ,282, ,
0, ,282, ,
3, ,281, ,
1, ,282, ,
1, ,281, ,
1, ,282, ,
1, ,281, ,
0, ,281, ,
3, ,282, ,
0, ,283, ,
1, ,281, ,
1, ,282, ,
1, ,282, ,
0, ,282, ,
3, ,281, ,
1, ,282, ,
1, ,281, ,
1, ,283, ,
1, ,281, ,
0, ,282, ,
3, ,281, ,
1, ,283, ,
1, ,281, ,
1, ,282, ,
1, ,282, ,
0, ,282, ,
3, ,282, ,
1, ,282, ,
1, ,282, ,
3, ,282, ,
1, ,282, ,
0, ,282, ,
3, ,281, ,
1, ,282, ,
1, ,281, ,
1, ,283, ,
1, ,282, ,
0, ,283, ,
1, ,281, ,
1, ,283, ,
1, ,282, ,
1, ,282, ,
1, ,281, ,
0, ,282, ,
1, ,282, ,
0, ,282, ,
1, ,281, ,
1, ,282, ,
1, ,282, ,
0, ,282, ,
1, ,281, ,
0, ,282, ,
0, ,281, ,
1, ,282, ,
1, ,281, ,
0, ,282, ,
3, ,281, ,
0, ,282, ,
0, ,281, ,
1, ,282, ,
1, ,282, ,
0, ,282, ,
3, ,282, ,
1, ,282, ,
0, ,281, ,
1, ,282, ,
1, ,281, ,
0, ,282, ,
3, ,282, ,
0, ,283, ,
0, ,281, ,
1, ,282, ,
1, ,281, ,
0, ,282, ,
3, ,281, ,
0, ,282, ,
1, ,281, ,
1, ,282, ,
1, ,281, ,
0, ,282, ,
3, ,282, ,
0, ,283, ,
0, ,281, ,
1, ,282, ,
1, ,282, ,
0, ,282, ,
1, ,281, ,
0, ,282, ,
0, ,281, ,
1, ,282, ,
1, ,281, ,
0, ,282, ,
1, ,282, ,
0, ,283, ,
0, ,281, ,
1, ,282, ,
1, ,282, ,
0, ,283, ,
3, ,282, ,
1, ,281, ,
0, ,282, ,
1, ,283, ,
1, ,281, ,
0, ,282, ,
3, ,281, ,
0, ,283, ,
1, ,282, ,
1, ,282, ,
1, ,282, ,
0, ,282, ,
3, ,281, ,
1, ,282, ,
0, ,282, ,
1, ,281, ,
1, ,281, ,
0, ,282, ,
3, ,281, ,
1, ,283, ,
1, ,281, ,
1, ,282, ,
1, ,281, ,
0, ,282, ,
3, ,281, ,
1, ,282, ,
1, ,281, ,
1, ,282, ,
1, ,281, ,
0, ,282, ,
3, ,281, ,
0, ,282, ,
0, ,281, ,
1, ,282, ,
1, ,281, ,
0, ,283, ,
3, ,281, ,
0, ,281, ,
0, ,282, ,
1, ,283, ,
1, ,281, ,
0, ,282, ,
3, ,282, ,
0, ,282, ,
0, ,282, ,
1, ,282, ,
1, ,282, ,
0, ,283, ,
3, ,281, ,
1, ,282, ,
1, ,281, ,
1, ,282, ,
1, ,281, ,
0, ,280, ,
3, ,281, ,
0, ,284, ,
1, ,283, ,
1, ,283, ,
1, ,282, ,
0, ,281, ,
3, ,281, ,
0, ,282, ,
0, ,281, ,
1, ,281, ,
1, ,281, ,
0, ,283, ,
1, ,282, ,
0, ,282, ,
0, ,281, ,
1, ,282, ,
1, ,282, ,
0, ,283, ,
1, ,281, ,
0, ,282, ,
0, ,282, ,
1, ,282, ,
1, ,282, ,
0, ,282, ,
1, ,281, ,
0, ,283, ,
0, ,281, ,
1, ,282, ,
1, ,282, ,
0, ,283, ,
1, ,281, ,
0, ,282, ,
0, ,282, ,
1, ,282, ,
1, ,281, ,
0, ,281, ,
1, ,282, ,
0, ,283, ,
0, ,281, ,
1, ,283, ,
1, ,281, ,
0, ,283, ,
1, ,281, ,
0, ,282, ,
0, ,280, ,
1, ,282, ,
1, ,281, ,
0, ,282, ,
3, ,282, ,
0, ,282, ,
0, ,281, ,
1, ,282, ,
1, ,282, ,
0, ,282, ,
3, ,281, ,
1, ,283, ,
0, ,282, ,
1, ,283, ,
1, ,282, ,
0, ,283, ,
1, ,282, ,
0, ,283, ,
1, ,281, ,
1, ,282, ,
1, ,282, ,
0, ,282, ,
1, ,281, ,
0, ,283, ,
0, ,282, ,
1, ,282, ,
1, ,282, ,
0, ,282, ,
3, ,282, ,
0, ,283, ,
0, ,281, ,
1, ,282, ,
1, ,282, ,
0, ,282, ,
3, ,281, ,
1, ,282, ,
0, ,282, ,
1, ,282, ,
1, ,281, ,
0, ,282, ,
1, ,282, ,
1, ,283, ,
1, ,281, ,
1, ,282, ,
1, ,282, ,
0, ,282, ,
1, ,281, ,
1, ,282, ,
1, ,282, ,
1, ,283, ,
1, ,281, ,
0, ,282, ,
3, ,282, ,
1, ,282, ,
1, ,281, ,
1, ,282, ,
1, ,281, ,
0, ,283, ,
3, ,281, ,
1, ,282, ,
0, ,282, ,
1, ,282, ,
1, ,281, ,
0, ,282, ,
3, ,282, ,
0, ,282, ,
0, ,281, ,
1, ,282, ,
1, ,282, ,
0, ,282, ,
3, ,281, ,
0, ,283, ,
0, ,282, ,
1, ,282, ,
1, ,281, ,
0, ,282, ,
1, ,282, ,
0, ,282, ,
0, ,281, ,
3, ,281, ,
1, ,281, ,
0, ,282, ,
3, ,281, ,
0, ,282, ,
0, ,282, ,
1, ,282, ,
1, ,281, ,
0, ,282, ,
3, ,281, ,
0, ,282, ,
0, ,280, ,
1, ,280, ,
1, ,279, ,
0, ,280, ,
3, ,281, ,
1, ,283, ,
0, ,284, ,
1, ,285, ,
1, ,283, ,
0, ,282, ,
3, ,280, ,
0, ,281, ,
1, ,280, ,
1, ,282, ,
1, ,282, ,
0, ,282, ,
3, ,281, ,
0, ,282, ,
0, ,281, ,
1, ,281, ,
1, ,281, ,
0, ,282, ,
3, ,282, ,
0, ,283, ,
0, ,281, ,
1, ,283, ,
0, ,281, ,
0, ,282, ,
3, ,281, ,
0, ,282, ,
0, ,282, ,
1, ,282, ,
1, ,281, ,
0, ,282, ,
3, ,281, ,
0, ,282, ,
0, ,281, ,
1, ,282, ,
1, ,280, ,
0, ,282, ,
1, ,281, ,
1, ,283, ,
0, ,282, ,
1, ,282, ,
1, ,281, ,
0, ,281, ,
3, ,282, ,
0, ,281, ,
1, ,281, ,
1, ,282, ,
1, ,281, ,
0, ,282, ,
1, ,281, ,
0, ,281, ,
0, ,281, ,
1, ,282, ,
1, ,281, ,
0, ,282, ,
3, ,281, ,
0, ,282, ,
0, ,281, ,
1, ,282, ,
1, ,280, ,
0, ,282, ,
3, ,282, ,
1, ,282, ,
0, ,281, ,
1, ,282, ,
1, ,281, ,
0, ,282, ,
3, ,281, ,
0, ,282, ,
1, ,281, ,
1, ,282, ,
1, ,282, ,
0, ,282, ,
1, ,280, ,
1, ,282, ,
0, ,281, ,
1, ,282, ,
1, ,281, ,
0, ,282, ,
3, ,281, ,
0, ,284, ,
1, ,281, ,
1, ,282, ,
1, ,282, ,
0, ,282, ,
3, ,281, ,
1, ,282, ,
0, ,282, ,
1, ,282, ,
1, ,281, ,
0, ,282, ,
3, ,281, ,
0, ,282, ,
1, ,280, ,
1, ,281, ,
1, ,282, ,
0, ,283, ,
3, ,281, ,
1, ,282, ,
0, ,281, ,
1, ,282, ,
1, ,281, ,
0, ,282, ,
3, ,281, ,
0, ,283, ,
1, ,281, ,
1, ,283, ,
1, ,284, ,
0, ,283, ,
3, ,281, ,
1, ,282, ,
0, ,281, ,
1, ,282, ,
1, ,281, ,
0, ,282, ,
1, ,282, ,
0, ,283, ,
1, ,283, ,
3, ,281, ,
1, ,281, ,
0, ,283, ,
3, ,283, ,
0, ,284, ,
0, ,282, ,
1, ,283, ,
1, ,281, ,
0, ,283, ,
3, ,282, ,
0, ,283, ,
0, ,281, ,
1, ,283, ,
1, ,282, ,
0, ,283, ,
1, ,282, ,
1, ,283, ,
0, ,282, ,
3, ,282, ,
1, ,281, ,
0, ,281, ,
3, ,282, ,
0, ,282, ,
0, ,281, ,
1, ,282, ,
1, ,282, ,
0, ,283, ,
3, ,282, ,
0, ,284, ,
0, ,283, ,
1, ,283, ,
1, ,281, ,
0, ,282, ,
3, ,282, ,
1, ,283, ,
0, ,282, ,
1, ,282, ,
1, ,281, ,
0, ,282, ,
3, ,282, ,
0, ,282, ,
1, ,282, ,
1, ,282, ,
1, ,281, ,
0, ,282, ,
1, ,283, ,
1, ,282, ,
0, ,281, ,
1, ,282, ,
1, ,281, ,
0, ,283, ,
3, ,281, ,
1, ,283, ,
1, ,281, ,
1, ,282, ,
1, ,281, ,
0, ,281, ,
3, ,282, ,
0, ,283, ,
1, ,282, ,
1, ,282, ,
1, ,281, ,
0, ,283, ,
3, ,281, ,
0, ,282, ,
0, ,282, ,
1, ,283, ,
1, ,281, ,
0, ,282, ,
3, ,282, ,
0, ,282, ,
0, ,282, ,
1, ,282, ,
1, ,282, ,
0, ,282, ,
3, ,281, ,
1, ,282, ,
0, ,282, ,
1, ,282, ,
1, ,281, ,
0, ,282, ,
1, ,281, ,
0, ,282, ,
1, ,281, ,
1, ,282, ,
1, ,282, ,
0, ,282, ,
3, ,281, ,
0, ,282, ,
1, ,282, ,
1, ,282, ,
1, ,282, ,
0, ,282, ,
3, ,282, ,
1, ,282, ,
0, ,281, ,
1, ,283, ,
1, ,282, ,
0, ,283, ,
3, ,281, ,
1, ,281, ,
1, ,282, ,
1, ,282, ,
1, ,281, ,
0, ,282, ,
3, ,282, ,
1, ,282, ,
1, ,281, ,
1, ,282, ,
1, ,282, ,
0, ,283, ,
1, ,282, ,
0, ,282, ,
1, ,282, ,
1, ,283, ,
1, ,282, ,
0, ,282, ,
1, ,281, ,
0, ,282, ,
0, ,281, ,
1, ,282, ,
1, ,281, ,
0, ,282, ,
1, ,281, ,
0, ,282, ,
0, ,282, ,
1, ,283, ,
1, ,282, ,
0, ,282, ,
3, ,282, ,
0, ,284, ,
1, ,282, ,
1, ,282, ,
1, ,282, ,
0, ,283, ,
3, ,282, ,
1, ,282, ,
0, ,282, ,
1, ,282, ,
1, ,281, ,
0, ,282, ,
1, ,282, ,
1, ,283, ,
0, ,281, ,
1, ,282, ,
1, ,281, ,
0, ,282, ,
1, ,282, ,
0, ,282, ,
1, ,283, ,
1, ,282, ,
1, ,282, ,
0, ,283, ,
3, ,282, ,
0, ,283, ,
0, ,281, ,
1, ,282, ,
1, ,282, ,
0, ,283, ,
1, ,281, ,
0, ,282, ,
0, ,282, ,
1, ,282, ,
1, ,282, ,
0, ,282, ,
1, ,281, ,
0, ,282, ,
0, ,280, ,
1, ,281, ,
1, ,282, ,
0, ,284, ,
3, ,282, ,
0, ,284, ,
0, ,282, ,
1, ,282, ,
1, ,281, ,
0, ,281, ,
3, ,282, ,
0, ,283, ,
0, ,282, ,
1, ,283, ,
1, ,282, ,
0, ,283, ,
3, ,281, ,
1, ,282, ,
0, ,282, ,
1, ,282, ,
1, ,282, ,
0, ,283, ,
1, ,282, ,
1, ,283, ,
0, ,281, ,
1, ,282, ,
0, ,282, ,
0, ,283, ,
3, ,281, ,
1, ,282, ,
1, ,283, ,
1, ,283, ,
1, ,281, ,
0, ,282, ,
3, ,282, ,
0, ,282, ,
1, ,281, ,
1, ,282, ,
1, ,281, ,
0, ,283, ,
3, ,282, ,
0, ,282, ,
0, ,282, ,
1, ,282, ,
1, ,281, ,
0, ,282, ,
3, ,281, ,
0, ,283, ,
0, ,281, ,
1, ,282, ,
1, ,282, ,
0, ,282, ,
3, ,281, ,
1, ,283, ,
0, ,282, ,
1, ,282, ,
1, ,281, ,
0, ,282, ,
3, ,282, ,
1, ,282, ,
1, ,281, ,
1, ,283, ,
1, ,282, ,
0, ,282, ,
1, ,281, ,
0, ,282, ,
1, ,282, ,
1, ,282, ,
1, ,282, ,
0, ,282, ,
1, ,282, ,
0, ,282, ,
0, ,280, ,
1, ,283, ,
1, ,282, ,
0, ,282, ,
1, ,281, ,
0, ,282, ,
0, ,282, ,
1, ,282, ,
1, ,281, ,
0, ,283, ,
3, ,282, ,
0, ,283, ,
0, ,281, ,
1, ,282, ,
1, ,282, ,
0, ,282, ,
3, ,281, ,
1, ,282, ,
0, ,282, ,
1, ,282, ,
1, ,281, ,
0, ,281, ,
1, ,282, ,
0, ,284, ,
1, ,281, ,
1, ,283, ,
1, ,282, ,
0, ,282, ,
1, ,281, ,
0, ,282, ,
0, ,282, ,
1, ,283, ,
1, ,281, ,
0, ,282, ,
3, ,281, ,
1, ,282, ,
0, ,281, ,
1, ,283, ,
1, ,282, ,
0, ,282, ,
1, ,281, ,
1, ,282, ,
1, ,282, ,
1, ,282, ,
1, ,282, ,
0, ,282, ,
3, ,283, ,
0, ,282, ,
0, ,281, ,
1, ,282, ,
1, ,282, ,
0, ,282, ,
1, ,282, ,
0, ,282, ,
0, ,281, ,
1, ,282, ,
1, ,281, ,
0, ,282, ,
1, ,282, ,
0, ,283, ,
0, ,281, ,
1, ,282, ,
1, ,282, ,
0, ,283, ,
1, ,281, ,
0, ,282, ,
0, ,282, ,
1, ,282, ,
1, ,281, ,
0, ,282, ,
1, ,282, ,
1, ,283, ,
0, ,281, ,
1, ,282, ,
0, ,282, ,
0, ,284, ,
1, ,281, ,
1, ,282, ,
1, ,282, ,
1, ,282, ,
1, ,281, ,
0, ,282, ,
3, ,281, ,
0, ,283, ,
1, ,282, ,
1, ,282, ,
1, ,281, ,
0, ,282, ,
1, ,281, ,
1, ,282, ,
0, ,282, ,
1, ,282, ,
1, ,282, ,
0, ,281, ,
3, ,282, ,
1, ,282, ,
0, ,281, ,
1, ,282, ,
1, ,282, ,
0, ,282, ,
1, ,281, ,
0, ,282, ,
1, ,282, ,
1, ,282, ,
1, ,281, ,
0, ,282, ,
1, ,282, ,
1, ,282, ,
0, ,281, ,
1, ,282, ,
1, ,282, ,
0, ,282, ,
3, ,281, ,
1, ,282, ,
1, ,282, ,
1, ,284, ,
0, ,281, ,
0, ,282, ,
1, ,282, ,
1, ,282, ,
1, ,281, ,
1, ,282, ,
1, ,282, ,
0, ,282, ,
1, ,281, ,
0, ,282, ,
0, ,283, ,
1, ,284, ,
1, ,282, ,
0, ,281, ,
1, ,282, ,
1, ,283, ,
0, ,281, ,
1, ,282, ,
1, ,282, ,
0, ,282, ,
1, ,281, ,
0, ,284, ,
0, ,281, ,
1, ,282, ,
1, ,281, ,
0, ,282, ,
1, ,282, ,
1, ,282, ,
1, ,281, ,
3, ,282, ,
1, ,282, ,
-1, ,282, ,
1, ,282, ,
0, ,283, ,
1, ,282, ,
1, ,282, ,
1, ,280, ,
0, ,281, ,
3, ,282, ,
0, ,283, ,
1, ,281, ,
1, ,282, ,
1, ,282, ,
0, ,282, ,
1, ,281, ,
0, ,283, ,
0, ,282, ,
1, ,282, ,
1, ,281, ,
0, ,282, ,
1, ,282, ,
0, ,282, ,
0, ,281, ,
1, ,282, ,
0, ,282, ,
0, ,282, ,
1, ,281, ,
0, ,282, ,
0, ,282, ,
1, ,282, ,
1, ,281, ,
0, ,282, ,
1, ,282, ,
0, ,282, ,
0, ,282, ,
1, ,282, ,
1, ,282, ,
0, ,283, ,
3, ,281, ,
0, ,282, ,
0, ,282, ,
3, ,284, ,
1, ,281, ,
0, ,282, ,
1, ,282, ,
0, ,283, ,
0, ,281, ,
1, ,282, ,
1, ,282, ,
0, ,282, ,
3, ,281, ,
0, ,282, ,
0, ,281, ,
1, ,282, ,
1, ,282, ,
0, ,282, ,
1, ,282, ,
1, ,282, ,
0, ,281, ,
1, ,281, ,
1, ,281, ,
0, ,282, ,
3, ,282, ,
1, ,282, ,
0, ,282, ,
1, ,282, ,
1, ,281, ,
0, ,282, ,
3, ,282, ,
0, ,283, ,
1, ,281, ,
1, ,282, ,
1, ,282, ,
0, ,283, ,
1, ,281, ,
0, ,282, ,
0, ,282, ,
1, ,282, ,
1, ,281, ,
0, ,282, ,
3, ,282, ,
1, ,283, ,
0, ,281, ,
1, ,282, ,
1, ,282, ,
0, ,282, ,
1, ,281, ,
1, ,282, ,
1, ,281, ,
1, ,282, ,
1, ,281, ,
0, ,281, ,
3, ,282, ,
0, ,282, ,
0, ,281, ,
1, ,282, ,
1, ,282, ,
0, ,282, ,
3, ,281, ,
1, ,282, ,
0, ,282, ,
1, ,283, ,
1, ,281, ,
0, ,282, ,
3, ,282, ,
0, ,282, ,
1, ,281, ,
1, ,282, ,
1, ,281, ,
0, ,283, ,
3, ,281, ,
0, ,282, ,
0, ,282, ,
1, ,282, ,
1, ,281, ,
0, ,282, ,
3, ,281, ,
0, ,282, ,
0, ,281, ,
1, ,282, ,
1, ,282, ,
0, ,284, ,
1, ,281, ,
0, ,282, ,
0, ,282, ,
1, ,282, ,
1, ,281, ,
0, ,282, ,
3, ,282, ,
0, ,283, ,
0, ,281, ,
1, ,282, ,
1, ,281, ,
0, ,283, ,
1, ,281, ,
0, ,282, ,
0, ,282, ,
1, ,283, ,
1, ,281, ,
0, ,282, ,
3, ,281, ,
0, ,282, ,
0, ,281, ,
1, ,282, ,
1, ,282, ,
-1, ,282, ,
1, ,281, ,
0, ,282, ,
0, ,281, ,
1, ,282, ,
1, ,281, ,
0, ,282, ,
1, ,281, ,
0, ,283, ,
0, ,281, ,
1, ,282, ,
1, ,282, ,
0, ,282, ,
3, ,281, ,
0, ,282, ,
0, ,282, ,
1, ,282, ,
1, ,281, ,
0, ,282, ,
1, ,282, ,
0, ,282, ,
0, ,281, ,
1, ,282, ,
1, ,281, ,
0, ,283, ,
3, ,281, ,
0, ,282, ,
0, ,282, ,
1, ,283, ,
1, ,282, ,
0, ,282, ,
3, ,281, ,
0, ,283, ,
0, ,281, ,
1, ,282, ,
1, ,282, ,
0, ,282, ,
1, ,281, ,
0, ,282, ,
0, ,281, ,
1, ,282, ,
1, ,281, ,
0, ,281, ,
1, ,282, ,
0, ,282, ,
0, ,281, ,
1, ,282, ,
1, ,281, ,
0, ,282, ,
1, ,281, ,
0, ,282, ,
0, ,281, ,
1, ,282, ,
1, ,281, ,
0, ,282, ,
3, ,281, ,
1, ,282, ,
0, ,281, ,
1, ,281, ,
1, ,281, ,
0, ,281, ,
3, ,281, ,
1, ,282, ,
1, ,283, ,
1, ,284, ,
1, ,282, ,
0, ,281, ,
1, ,281, ,
0, ,283, ,
1, ,281, ,
1, ,282, ,
1, ,282, ,
0, ,283, ,
3, ,281, ,
0, ,282, ,
0, ,282, ,
1, ,282, ,
1, ,280, ,
0, ,281, ,
3, ,282, ,
0, ,283, ,
0, ,281, ,
1, ,283, ,
1, ,282, ,
0, ,282, ,
1, ,281, ,
1, ,282, ,
1, ,281, ,
1, ,282, ,
1, ,282, ,
0, ,283, ,
3, ,282, ,
0, ,283, ,
1, ,281, ,
1, ,282, ,
1, ,281, ,
0, ,282, ,
3, ,281, ,
1, ,282, ,
0, ,282, ,
1, ,283, ,
1, ,281, ,
0, ,282, ,
3, ,282, ,
0, ,283, ,
0, ,281, ,
3, ,282, ,
1, ,282, ,
0, ,282, ,
1, ,281, ,
0, ,282, ,
0, ,282, ,
1, ,282, ,
1, ,280, ,
0, ,281, ,
3, ,281, ,
0, ,283, ,
0, ,281, ,
1, ,282, ,
1, ,283, ,
0, ,283, ,
3, ,281, ,
1, ,282, ,
0, ,282, ,
1, ,282, ,
1, ,281, ,
0, ,282, ,
1, ,282, ,
0, ,283, ,
0, ,281, ,
1, ,282, ,
1, ,282, ,
0, ,282, ,
3, ,281, ,
0, ,282, ,
0, ,282, ,
1, ,283, ,
1, ,282, ,
0, ,282, ,
1, ,282, ,
0, ,284, ,
0, ,281, ,
1, ,283, ,
1, ,282, ,
0, ,282, ,
1, ,283, ,
0, ,282, ,
0, ,282, ,
1, ,282, ,
1, ,281, ,
0, ,282, ,
1, ,282, ,
0, ,283, ,
0, ,281, ,
1, ,282, ,
1, ,282, ,
0, ,282, ,
1, ,281, ,
0, ,282, ,
0, ,281, ,
1, ,282, ,
1, ,281, ,
0, ,282, ,
1, ,282, ,
0, ,282, ,
1, ,281, ,
1, ,282, ,
1, ,282, ,
0, ,282, ,
3, ,281, ,
0, ,283, ,
0, ,282, ,
1, ,282, ,
1, ,281, ,
0, ,282, ,
1, ,281, ,
1, ,282, ,
0, ,281, ,
1, ,282, ,
1, ,281, ,
0, ,282, ,
3, ,281, ,
1, ,282, ,
1, ,282, ,
1, ,282, ,
1, ,281, ,
0, ,282, ,
3, ,282, ,
0, ,282, ,
0, ,282, ,
1, ,282, ,
1, ,282, ,
0, ,282, ,
1, ,281, ,
0, ,283, ,
0, ,281, ,
1, ,283, ,
1, ,281, ,
0, ,281, ,
1, ,281, ,
0, ,283, ,
1, ,281, ,
1, ,281, ,
1, ,281, ,
0, ,282, ,
3, ,281, ,
1, ,282, ,
0, ,281, ,
1, ,282, ,
1, ,281, ,
0, ,282, ,
1, ,281, ,
0, ,282, ,
0, ,280, ,
1, ,282, ,
1, ,281, ,
0, ,282, ,
1, ,281, ,
0, ,283, ,
0, ,282, ,
1, ,282, ,
1, ,281, ,
0, ,282, ,
3, ,281, ,
1, ,282, ,
0, ,281, ,
3, ,282, ,
1, ,282, ,
0, ,282, ,
1, ,281, ,
0, ,282, ,
0, ,282, ,
1, ,282, ,
1, ,281, ,
0, ,282, ,
1, ,282, ,
0, ,282, ,
0, ,281, ,
1, ,281, ,
1, ,282, ,
0, ,281, ,
1, ,282, ,
0, ,282, ,
0, ,282, ,
1, ,283, ,
1, ,280, ,
0, ,282, ,
3, ,281, ,
1, ,282, ,
0, ,281, ,
1, ,282, ,
1, ,281, ,
0, ,282, ,
3, ,281, ,
0, ,283, ,
1, ,281, ,
1, ,282, ,
0, ,281, ,
0, ,282, ,
1, ,282, ,
1, ,282, ,
0, ,281, ,
1, ,282, ,
1, ,281, ,
0, ,282, ,
1, ,281, ,
0, ,281, ,
0, ,282, ,
1, ,282, ,
1, ,282, ,
0, ,281, ,
3, ,281, ,
0, ,282, ,
0, ,281, ,
1, ,283, ,
1, ,282, ,
0, ,282, ,
1, ,281, ,
0, ,282, ,
0, ,282, ,
1, ,284, ,
1, ,281, ,
0, ,282, ,
1, ,281, ,
0, ,282, ,
0, ,281, ,
1, ,282, ,
1, ,282, ,
0, ,282, ,
1, ,281, ,
0, ,282, ,
0, ,281, ,
1, ,282, ,
1, ,281, ,
0, ,282, ,
3, ,282, ,
0, ,282, ,
0, ,281, ,
1, ,282, ,
1, ,282, ,
0, ,282, ,
1, ,281, ,
0, ,282, ,
0, ,281, ,
1, ,283, ,
1, ,282, ,
0, ,282, ,
1, ,282, ,
0, ,282, ,
0, ,280, ,
1, ,282, ,
1, ,282, ,
0, ,282, ,
3, ,281, ,
0, ,282, ,
0, ,282, ,
1, ,283, ,
1, ,281, ,
0, ,282, ,
1, ,282, ,
1, ,284, ,
0, ,281, ,
1, ,282, ,
1, ,281, ,
0, ,282, ,
3, ,281, ,
0, ,282, ,
1, ,282, ,
3, ,282, ,
1, ,281, ,
0, ,282, ,
3, ,282, ,
0, ,283, ,
0, ,281, ,
1, ,283, ,
1, ,282, ,
0, ,282, ,
1, ,281, ,
1, ,282, ,
0, ,281, ,
1, ,282, ,
1, ,281, ,
0, ,282, ,
3, ,282, ,
1, ,282, ,
0, ,281, ,
1, ,282, ,
1, ,281, ,
0, ,282, ,
1, ,281, ,
0, ,283, ,
1, ,282, ,
1, ,282, ,
1, ,280, ,
0, ,280, ,
1, ,279, ,
0, ,280, ,
0, ,281, ,
1, ,284, ,
1, ,285, ,
0, ,285, ,
1, ,282, ,
0, ,282, ,
0, ,280, ,
1, ,282, ,
1, ,280, ,
0, ,282, ,
3, ,281, ,
0, ,284, ,
0, ,281, ,
1, ,281, ,
1, ,281, ,
0, ,282, ,
3, ,281, ,
1, ,282, ,
0, ,282, ,
1, ,282, ,
1, ,282, ,
0, ,281, ,
1, ,281, ,
0, ,282, ,
1, ,282, ,
1, ,282, ,
0, ,282, ,
-1, ,281, ,
3, ,282, ,
0, ,283, ,
0, ,281, ,
1, ,282, ,
1, ,281, ,
0, ,282, ,
1, ,282, ,
0, ,282, ,
0, ,281, ,
1, ,282, ,
1, ,281, ,
0, ,282, ,
3, ,280, ,
0, ,281, ,
0, ,281, ,
1, ,282, ,
1, ,281, ,
0, ,281, ,
3, ,282, ,
0, ,282, ,
0, ,281, ,
1, ,282, ,
1, ,281, ,
0, ,283, ,
1, ,281, ,
1, ,283, ,
0, ,281, ,
1, ,282, ,
1, ,281, ,
0, ,282, ,
1, ,282, ,
0, ,281, ,
0, ,281, ,
1, ,282, ,
1, ,282, ,
0, ,282, ,
1, ,281, ,
0, ,282, ,
0, ,281, ,
1, ,282, ,
1, ,281, ,
0, ,282, ,
1, ,281, ,
0, ,282, ,
0, ,281, ,
1, ,282, ,
1, ,281, ,
0, ,282, ,
1, ,281, ,
0, ,281, ,
0, ,281, ,
1, ,282, ,
1, ,282, ,
0, ,282, ,
3, ,281, ,
0, ,282, ,
0, ,281, ,
1, ,282, ,
1, ,281, ,
0, ,282, ,
1, ,281, ,
1, ,283, ,
0, ,281, ,
1, ,282, ,
1, ,281, ,
0, ,281, ,
3, ,282, ,
0, ,282, ,
0, ,280, ,
1, ,282, ,
1, ,282, ,
0, ,282, ,
1, ,282, ,
0, ,283, ,
0, ,282, ,
1, ,282, ,
1, ,282, ,
0, ,283, ,
1, ,282, ,
0, ,283, ,
0, ,281, ,
1, ,282, ,
1, ,282, ,
0, ,283, ,
1, ,282, ,
1, ,283, ,
0, ,281, ,
1, ,284, ,
1, ,283, ,
0, ,282, ,
3, ,282, ,
1, ,282, ,
0, ,281, ,
3, ,282, ,
1, ,282, ,
0, ,282, ,
1, ,282, ,
0, ,281, ,
0, ,282, ,
1, ,282, ,
1, ,282, ,
0, ,284, ,
1, ,282, ,
0, ,283, ,
0, ,282, ,
1, ,282, ,
1, ,282, ,
0, ,281, ,
1, ,281, ,
0, ,282, ,
0, ,282, ,
1, ,282, ,
1, ,281, ,
0, ,282, ,
3, ,282, ,
0, ,282, ,
0, ,281, ,
1, ,282, ,
1, ,283, ,
0, ,283, ,
3, ,282, ,
1, ,282, ,
0, ,282, ,
1, ,283, ,
1, ,281, ,
0, ,282, ,
3, ,281, ,
0, ,282, ,
0, ,281, ,
1, ,282, ,
1, ,282, ,
0, ,284, ,
1, ,281, ,
0, ,282, ,
0, ,282, ,
1, ,282, ,
1, ,282, ,
0, ,282, ,
1, ,282, ,
0, ,283, ,
0, ,281, ,
1, ,282, ,
0, ,282, ,
0, ,282, ,
1, ,281, ,
0, ,282, ,
0, ,282, ,
1, ,283, ,
1, ,281, ,
0, ,282, ,
3, ,282, ,
1, ,284, ,
0, ,281, ,
1, ,282, ,
1, ,281, ,
0, ,283, ,
3, ,281, ,
0, ,282, ,
1, ,282, ,
1, ,283, ,
1, ,281, ,
0, ,282, ,
1, ,282, ,
0, ,283, ,
0, ,282, ,
1, ,283, ,
1, ,282, ,
0, ,282, ,
3, ,282, ,
0, ,282, ,
0, ,282, ,
1, ,282, ,
1, ,281, ,
0, ,282, ,
3, ,282, ,
0, ,282, ,
0, ,281, ,
1, ,282, ,
1, ,281, ,
0, ,282, ,
3, ,281, ,
0, ,282, ,
0, ,282, ,
1, ,282, ,
1, ,281, ,
0, ,281, ,
1, ,282, ,
0, ,283, ,
0, ,281, ,
1, ,281, ,
1, ,282, ,
0, ,282, ,
1, ,282, ,
0, ,282, ,
0, ,282, ,
1, ,283, ,
1, ,281, ,
0, ,282, ,
1, ,281, ,
0, ,282, ,
0, ,281, ,
1, ,281, ,
1, ,282, ,
0, ,282, ,
3, ,281, ,
1, ,282, ,
0, ,281, ,
1, ,282, ,
1, ,281, ,
0, ,282, ,
1, ,282, ,
0, ,282, ,
0, ,281, ,
1, ,283, ,
1, ,282, ,
0, ,283, ,
1, ,282, ,
0, ,282, ,
0, ,282, ,
1, ,283, ,
1, ,281, ,
0, ,282, ,
1, ,281, ,
0, ,283, ,
0, ,281, ,
1, ,282, ,
1, ,281, ,
0, ,283, ,
3, ,282, ,
0, ,282, ,
0, ,282, ,
1, ,282, ,
1, ,282, ,
0, ,282, ,
3, ,282, ,
0, ,283, ,
0, ,282, ,
1, ,282, ,
1, ,282, ,
0, ,283, ,
3, ,282, ,
0, ,282, ,
0, ,282, ,
1, ,283, ,
1, ,281, ,
0, ,282, ,
3, ,282, ,
0, ,282, ,
0, ,282, ,
1, ,282, ,
1, ,282, ,
0, ,282, ,
1, ,281, ,
1, ,282, ,
0, ,281, ,
1, ,283, ,
1, ,282, ,
0, ,282, ,
1, ,282, ,
0, ,282, ,
1, ,282, ,
1, ,283, ,
1, ,282, ,
0, ,282, ,
1, ,281, ,
0, ,282, ,
0, ,282, ,
1, ,282, ,
1, ,281, ,
0, ,282, ,
3, ,281, ,
0, ,282, ,
0, ,281, ,
1, ,283, ,
1, ,282, ,
0, ,282, ,
3, ,281, ,
0, ,282, ,
0, ,282, ,
1, ,282, ,
1, ,281, ,
0, ,282, ,
3, ,281, ,
0, ,282, ,
0, ,281, ,
1, ,282, ,
1, ,281, ,
0, ,283, ,
1, ,281, ,
1, ,282, ,
0, ,281, ,
3, ,282, ,
1, ,281, ,
0, ,282, ,
1, ,282, ,
0, ,282, ,
1, ,282, ,
1, ,283, ,
1, ,282, ,
0, ,282, ,
1, ,281, ,
0, ,282, ,
0, ,281, ,
1, ,283, ,
1, ,282, ,
0, ,282, ,
1, ,283, ,
0, ,283, ,
0, ,281, ,
1, ,282, ,
1, ,281, ,
0, ,282, ,
3, ,282, ,
0, ,281, ,
0, ,281, ,
1, ,282, ,
1, ,281, ,
0, ,283, ,
3, ,282, ,
0, ,283, ,
0, ,281, ,
1, ,283, ,
1, ,282, ,
0, ,283, ,
3, ,282, ,
0, ,282, ,
0, ,282, ,
1, ,282, ,
1, ,281, ,
0, ,282, ,
3, ,282, ,
0, ,281, ,
0, ,281, ,
1, ,282, ,
1, ,282, ,
0, ,282, ,
3, ,282, ,
0, ,282, ,
0, ,282, ,
1, ,283, ,
1, ,281, ,
0, ,282, ,
3, ,282, ,
0, ,283, ,
0, ,281, ,
1, ,282, ,
1, ,282, ,
0, ,282, ,
1, ,281, ,
0, ,282, ,
0, ,282, ,
1, ,282, ,
1, ,282, ,
0, ,282, ,
1, ,282, ,
0, ,283, ,
0, ,282, ,
1, ,282, ,
1, ,282, ,
0, ,282, ,
3, ,281, ,
0, ,282, ,
0, ,282, ,
1, ,283, ,
1, ,281, ,
0, ,282, ,
3, ,282, ,
0, ,282, ,
0, ,282, ,
1, ,282, ,
1, ,281, ,
0, ,283, ,
1, ,281, ,
0, ,282, ,
0, ,282, ,
1, ,282, ,
1, ,281, ,
0, ,282, ,
3, ,281, ,
0, ,283, ,
0, ,281, ,
1, ,282, ,
1, ,281, ,
0, ,282, ,
3, ,281, ,
0, ,284, ,
0, ,282, ,
1, ,282, ,
1, ,282, ,
0, ,283, ,
3, ,282, ,
0, ,282, ,
0, ,281, ,
1, ,282, ,
1, ,282, ,
0, ,282, ,
1, ,282, ,
0, ,282, ,
0, ,282, ,
1, ,283, ,
1, ,281, ,
0, ,282, ,
3, ,282, ,
0, ,282, ,
0, ,281, ,
1, ,282, ,
1, ,282, ,
0, ,282, ,
1, ,281, ,
0, ,282, ,
0, ,282, ,
1, ,282, ,
1, ,281, ,
0, ,282, ,
1, ,282, ,
0, ,282, ,
0, ,281, ,
1, ,282, ,
1, ,281, ,
0, ,282, ,
3, ,281, ,
0, ,282, ,
0, ,282, ,
1, ,283, ,
1, ,281, ,
0, ,282, ,
1, ,282, ,
0, ,282, ,
0, ,281, ,
1, ,281, ,
1, ,282, ,
0, ,282, ,
3, ,281, ,
1, ,282, ,
0, ,281, ,
1, ,283, ,
1, ,281, ,
0, ,282, ,
3, ,282, ,
1, ,283, ,
1, ,281, ,
1, ,282, ,
1, ,282, ,
0, ,282, ,
1, ,281, ,
1, ,282, ,
1, ,282, ,
1, ,282, ,
1, ,282, ,
0, ,282, ,
1, ,282, ,
1, ,282, ,
0, ,282, ,
1, ,282, ,
1, ,282, ,
0, ,282, ,
1, ,282, ,
0, ,282, ,
1, ,282, ,
3, ,283, ,
1, ,281, ,
0, ,281, ,
3, ,282, ,
0, ,283, ,
0, ,282, ,
1, ,281, ,
0, ,282, ,
-1, ,283, ,
1, ,281, ,
1, ,282, ,
0, ,281, ,
1, ,282, ,
1, ,282, ,
0, ,281, ,
3, ,281, ,
0, ,284, ,
0, ,281, ,
1, ,282, ,
0, ,282, ,
0, ,283, ,
3, ,281, ,
1, ,282, ,
0, ,281, ,
1, ,282, ,
1, ,282, ,
0, ,281, ,
1, ,282, ,
0, ,282, ,
0, ,281, ,
1, ,282, ,
1, ,282, ,
0, ,282, ,
3, ,281, ,
0, ,282, ,
0, ,282, ,
1, ,283, ,
1, ,281, ,
0, ,281, ,
1, ,282, ,
0, ,283, ,
1, ,281, ,
1, ,282, ,
1, ,282, ,
0, ,282, ,
1, ,281, ,
0, ,283, ,
0, ,282, ,
1, ,283, ,
1, ,281, ,
0, ,281, ,
3, ,281, ,
0, ,282, ,
0, ,282, ,
3, ,282, ,
1, ,282, ,
0, ,282, ,
1, ,281, ,
0, ,282, ,
0, ,281, ,
1, ,281, ,
0, ,281, ,
0, ,281, ,
1, ,282, ,
0, ,283, ,
0, ,282, ,
1, ,282, ,
1, ,282, ,
0, ,282, ,
3, ,281, ,
1, ,281, ,
0, ,282, ,
1, ,282, ,
1, ,282, ,
0, ,282, ,
1, ,282, ,
0, ,282, ,
1, ,281, ,
1, ,281, ,
1, ,282, ,
0, ,282, ,
3, ,281, ,
1, ,282, ,
0, ,282, ,
1, ,282, ,
1, ,281, ,
0, ,281, ,
3, ,282, ,
0, ,282, ,
0, ,281, ,
1, ,282, ,
3, ,283, ,
114, ,279, ,
71, ,278, ,
38, ,282, ,
23, ,289, ,
20, ,286, ,
14, ,280, ,
6, ,279, ,
6, ,281, ,
5, ,282, ,
4, ,281, ,
5, ,284, ,
3, ,282, ,
3, ,282, ,
4, ,281, ,
3, ,283, ,
3, ,282, ,
4, ,282, ,
4, ,281, ,
3, ,282, ,
5, ,282, ,
3, ,283, ,
3, ,282, ,
4, ,282, ,
4, ,282, ,
1, ,281, ,
5, ,281, ,
3, ,283, ,
3, ,282, ,
4, ,282, ,
4, ,282, ,
3, ,281, ,
4, ,281, ,
3, ,282, ,
3, ,282, ,
4, ,281, ,
4, ,281, ,
1, ,282, ,
5, ,281, ,
3, ,282, ,
3, ,282, ,
4, ,282, ,
4, ,282, ,
3, ,281, ,
4, ,282, ,
3, ,282, ,
3, ,282, ,
4, ,281, ,
3, ,282, ,
1, ,282, ,
4, ,281, ,
3, ,282, ,
3, ,281, ,
4, ,283, ,
3, ,281, ,
1, ,282, ,
4, ,282, ,
3, ,283, ,
3, ,282, ,
3, ,282, ,
3, ,282, ,
3, ,281, ,
4, ,282, ,
3, ,281, ,
3, ,281, ,
3, ,282, ,
3, ,281, ,
1, ,282, ,
4, ,282, ,
3, ,282, ,
3, ,282, ,
3, ,281, ,
3, ,282, ,
3, ,282, ,
4, ,281, ,
3, ,282, ,
3, ,281, ,
3, ,283, ,
3, ,281, ,
1, ,281, ,
4, ,281, ,
3, ,282, ,
3, ,281, ,
4, ,282, ,
3, ,282, ,
1, ,282, ,
4, ,281, ,
3, ,282, ,
3, ,282, ,
4, ,282, ,
3, ,281, ,
3, ,282, ,
4, ,282, ,
3, ,282, ,
3, ,281, ,
3, ,282, ,
3, ,282, ,
1, ,282, ,
4, ,281, ,
1, ,282, ,
3, ,281, ,
3, ,282, ,
3, ,281, ,
1, ,282, ,
4, ,282, ,
3, ,282, ,
3, ,281, ,
3, ,282, ,
3, ,281, ,
1, ,282, ,
4, ,281, ,
3, ,282, ,
3, ,282, ,
4, ,282, ,
3, ,281, ,
1, ,281, ,
4, ,281, ,
1, ,282, ,
1, ,281, ,
3, ,281, ,
3, ,282, ,
1, ,283, ,
4, ,281, ,
1, ,281, ,
3, ,281, ,
3, ,283, ,
3, ,281, ,
1, ,281, ,
4, ,282, ,
1, ,282, ,
3, ,281, ,
4, ,282, ,
3, ,281, ,
1, ,282, ,
4, ,281, ,
3, ,283, ,
3, ,281, ,
3, ,282, ,
3, ,281, ,
1, ,281, ,
4, ,282, ,
1, ,283, ,
3, ,281, ,
3, ,282, ,
3, ,281, ,
1, ,282, ,
4, ,282, ,
1, ,281, ,
3, ,281, ,
3, ,282, ,
3, ,281, ,
1, ,281, ,
4, ,282, ,
3, ,283, ,
3, ,281, ,
3, ,281, ,
3, ,281, ,
1, ,282, ,
4, ,281, ,
3, ,282, ,
3, ,282, ,
3, ,282, ,
3, ,281, ,
1, ,282, ,
4, ,282, ,
3, ,282, ,
3, ,281, ,
3, ,282, ,
3, ,282, ,
1, ,283, ,
4, ,282, ,
1, ,282, ,
1, ,281, ,
3, ,282, ,
3, ,282, ,
1, ,282, ,
4, ,281, ,
1, ,283, ,
3, ,281, ,
3, ,282, ,
3, ,283, ,
1, ,282, ,
4, ,281, ,
3, ,282, ,
3, ,282, ,
3, ,283, ,
3, ,281, ,
1, ,281, ,
4, ,282, ,
1, ,282, ,
1, ,281, ,
3, ,282, ,
3, ,282, ,
1, ,282, ,
3, ,281, ,
1, ,282, ,
3, ,281, ,
3, ,283, ,
3, ,281, ,
1, ,282, ,
3, ,282, ,
1, ,282, ,
3, ,282, ,
3, ,283, ,
3, ,282, ,
1, ,282, ,
4, ,281, ,
3, ,282, ,
3, ,281, ,
3, ,282, ,
3, ,281, ,
1, ,282, ,
3, ,281, ,
3, ,282, ,
1, ,281, ,
3, ,282, ,
3, ,282, ,
1, ,282, ,
3, ,281, ,
1, ,282, ,
1, ,281, ,
3, ,282, ,
3, ,281, ,
1, ,282, ,
4, ,282, ,
1, ,282, ,
3, ,281, ,
3, ,281, ,
1, ,282, ,
1, ,282, ,
3, ,281, ,
3, ,281, ,
3, ,282, ,
3, ,282, ,
1, ,281, ,
1, ,282, ,
3, ,282, ,
3, ,282, ,
1, ,281, ,
3, ,281, ,
1, ,281, ,
1, ,282, ,
3, ,281, ,
1, ,281, ,
1, ,282, ,
3, ,282, ,
1, ,281, ,
1, ,282, ,
3, ,282, ,
1, ,282, ,
3, ,281, ,
3, ,283, ,
3, ,282, ,
1, ,282, ,
3, ,281, ,
3, ,282, ,
3, ,281, ,
3, ,283, ,
1, ,281, ,
1, ,281, ,
3, ,282, ,
1, ,282, ,
1, ,281, ,
3, ,283, ,
3, ,281, ,
1, ,282, ,
3, ,280, ,
1, ,281, ,
1, ,280, ,
3, ,283, ,
1, ,282, ,
1, ,282, ,
3, ,282, ,
1, ,283, ,
3, ,281, ,
3, ,282, ,
3, ,281, ,
1, ,282, ,
4, ,282, ,
1, ,282, ,
1, ,281, ,
3, ,282, ,
3, ,281, ,
1, ,282, ,
3, ,282, ,
1, ,282, ,
1, ,281, ,
3, ,281, ,
1, ,282, ,
1, ,282, ,
3, ,282, ,
1, ,282, ,
1, ,281, ,
3, ,282, ,
1, ,281, ,
1, ,281, ,
3, ,282, ,
1, ,281, ,
1, ,281, ,
3, ,281, ,
1, ,282, ,
1, ,282, ,
3, ,281, ,
1, ,282, ,
1, ,282, ,
3, ,282, ,
1, ,281, ,
1, ,282, ,
3, ,282, ,
1, ,282, ,
1, ,281, ,
3, ,282, ,
1, ,282, ,
1, ,281, ,
3, ,281, ,
1, ,282, ,
1, ,282, ,
3, ,282, ,
1, ,281, ,
1, ,282, ,
3, ,282, ,
1, ,282, ,
1, ,281, ,
3, ,282, ,
1, ,282, ,
1, ,282, ,
3, ,281, ,
1, ,282, ,
3, ,282, ,
3, ,282, ,
1, ,281, ,
1, ,281, ,
3, ,282, ,
1, ,282, ,
1, ,281, ,
3, ,282, ,
1, ,282, ,
0, ,283, ,
3, ,281, ,
1, ,282, ,
1, ,282, ,
3, ,283, ,
1, ,281, ,
0, ,282, ,
3, ,282, ,
1, ,283, ,
1, ,281, ,
3, ,282, ,
1, ,282, ,
1, ,282, ,
3, ,281, ,
1, ,282, ,
3, ,281, ,
3, ,283, ,
1, ,281, ,
1, ,282, ,
3, ,282, ,
1, ,283, ,
1, ,282, ,
3, ,282, ,
1, ,281, ,
0, ,282, ,
3, ,281, ,
1, ,282, ,
1, ,282, ,
3, ,282, ,
1, ,281, ,
0, ,282, ,
3, ,282, ,
1, ,283, ,
1, ,281, ,
3, ,282, ,
1, ,282, ,
0, ,282, ,
3, ,281, ,
1, ,282, ,
1, ,282, ,
3, ,282, ,
1, ,281, ,
0, ,282, ,
3, ,282, ,
1, ,282, ,
1, ,281, ,
3, ,282, ,
1, ,282, ,
0, ,282, ,
3, ,281, ,
1, ,282, ,
1, ,282, ,
3, ,283, ,
1, ,281, ,
1, ,282, ,
3, ,281, ,
1, ,282, ,
1, ,281, ,
3, ,282, ,
1, ,282, ,
0, ,283, ,
3, ,281, ,
1, ,282, ,
1, ,282, ,
3, ,282, ,
1, ,281, ,
0, ,281, ,
3, ,281, ,
1, ,283, ,
1, ,281, ,
3, ,282, ,
1, ,282, ,
0, ,282, ,
3, ,282, ,
1, ,282, ,
1, ,281, ,
3, ,281, ,
1, ,281, ,
0, ,282, ,
3, ,282, ,
1, ,282, ,
1, ,281, ,
3, ,281, ,
1, ,280, ,
0, ,279, ,
3, ,278, ,
4, ,281, ,
81, ,282, ,
52, ,285, ,
30, ,284, ,
18, ,284, ,
15, ,282, ,
10, ,282, ,
6, ,280, ,
5, ,281, ,
5, ,281, ,
4, ,282, ,
4, ,282, ,
3, ,282, ,
3, ,282, ,
5, ,281, ,
4, ,281, ,
1, ,281, ,
5, ,281, ,
3, ,282, ,
3, ,281, ,
4, ,282, ,
3, ,281, ,
3, ,282, ,
4, ,281, ,
3, ,282, ,
3, ,281, ,
4, ,281, ,
4, ,281, ,
3, ,281, ,
4, ,281, ,
3, ,282, ,
3, ,281, ,
4, ,281, ,
3, ,281, ,
1, ,281, ,
4, ,281, ,
3, ,282, ,
3, ,281, ,
4, ,282, ,
4, ,281, ,
1, ,281, ,
4, ,281, ,
3, ,282, ,
3, ,280, ,
4, ,281, ,
3, ,281, ,
3, ,282, ,
4, ,281, ,
3, ,282, ,
3, ,282, ,
4, ,281, ,
4, ,281, ,
3, ,281, ,
4, ,281, ,
1, ,282, ,
3, ,281, ,
4, ,281, ,
4, ,281, ,
1, ,282, ,
4, ,281, ,
3, ,282, ,
3, ,282, ,
4, ,282, ,
3, ,281, ,
1, ,281, ,
4, ,281, ,
1, ,282, ,
3, ,281, ,
4, ,282, ,
3, ,281, ,
1, ,281, ,
4, ,281, ,
3, ,282, ,
3, ,281, ,
4, ,282, ,
3, ,281, ,
3, ,282, ,
4, ,282, ,
3, ,281, ,
3, ,281, ,
4, ,282, ,
3, ,281, ,
1, ,281, ,
4, ,281, ,
3, ,282, ,
3, ,281, ,
4, ,281, ,
3, ,281, ,
1, ,281, ,
4, ,281, ,
3, ,282, ,
3, ,280, ,
3, ,281, ,
3, ,282, ,
1, ,282, ,
4, ,281, ,
3, ,282, ,
3, ,281, ,
4, ,282, ,
3, ,281, ,
1, ,282, ,
4, ,281, ,
3, ,282, ,
3, ,281, ,
4, ,282, ,
3, ,282, ,
1, ,283, ,
4, ,282, ,
3, ,281, ,
3, ,282, ,
3, ,282, ,
3, ,281, ,
1, ,282, ,
4, ,282, ,
3, ,283, ,
3, ,283, ,
3, ,284, ,
3, ,282, ,
1, ,281, ,
4, ,281, ,
1, ,282, ,
3, ,282, ,
3, ,282, ,
3, ,281, ,
1, ,282, ,
4, ,282, ,
1, ,283, ,
3, ,281, ,
3, ,281, ,
3, ,282, ,
1, ,282, ,
4, ,282, ,
1, ,282, ,
3, ,282, ,
3, ,282, ,
3, ,281, ,
1, ,282, ,
4, ,282, ,
1, ,282, ,
3, ,281, ,
3, ,281, ,
3, ,282, ,
1, ,283, ,
4, ,283, ,
1, ,283, ,
3, ,282, ,
3, ,283, ,
3, ,281, ,
1, ,282, ,
4, ,282, ,
1, ,283, ,
1, ,282, ,
3, ,281, ,
3, ,282, ,
1, ,282, ,
4, ,281, ,
1, ,282, ,
3, ,281, ,
3, ,282, ,
3, ,281, ,
1, ,282, ,
4, ,282, ,
1, ,282, ,
3, ,283, ,
3, ,282, ,
3, ,282, ,
1, ,283, ,
4, ,281, ,
3, ,282, ,
3, ,282, ,
3, ,283, ,
3, ,281, ,
1, ,282, ,
4, ,282, ,
1, ,282, ,
1, ,281, ,
3, ,282, ,
3, ,282, ,
1, ,282, ,
4, ,282, ,
3, ,282, ,
3, ,280, ,
3, ,281, ,
1, ,281, ,
1, ,282, ,
4, ,282, ,
3, ,282, ,
1, ,282, ,
3, ,282, ,
1, ,283, ,
1, ,283, ,
4, ,282, ,
3, ,282, ,
3, ,281, ,
3, ,282, ,
1, ,282, ,
1, ,282, ,
4, ,281, ,
1, ,282, ,
1, ,281, ,
3, ,281, ,
3, ,281, ,
1, ,282, ,
4, ,281, ,
1, ,282, ,
1, ,282, ,
3, ,282, ,
3, ,282, ,
1, ,282, ,
4, ,281, ,
3, ,282, ,
3, ,281, ,
3, ,282, ,
3, ,281, ,
1, ,282, ,
4, ,281, ,
1, ,282, ,
1, ,282, ,
3, ,283, ,
3, ,282, ,
1, ,281, ,
3, ,282, ,
1, ,283, ,
3, ,282, ,
3, ,282, ,
1, ,282, ,
1, ,282, ,
4, ,282, ,
3, ,283, ,
3, ,281, ,
3, ,282, ,
3, ,281, ,
1, ,282, ,
4, ,282, ,
1, ,282, ,
1, ,282, ,
3, ,282, ,
1, ,282, ,
1, ,283, ,
3, ,282, ,
1, ,282, ,
3, ,281, ,
3, ,282, ,
3, ,281, ,
1, ,282, ,
4, ,281, ,
3, ,283, ,
3, ,282, ,
3, ,283, ,
1, ,282, ,
0, ,282, ,
3, ,281, ,
1, ,282, ,
1, ,282, ,
3, ,282, ,
1, ,281, ,
1, ,282, ,
3, ,282, ,
1, ,281, ,
1, ,281, ,
3, ,282, ,
3, ,282, ,
1, ,282, ,
3, ,281, ,
1, ,282, ,
1, ,282, ,
3, ,282, ,
1, ,282, ,
1, ,282, ,
3, ,281, ,
1, ,282, ,
3, ,281, ,
3, ,282, ,
1, ,282, ,
1, ,282, ,
3, ,283, ,
1, ,282, ,
1, ,282, ,
3, ,282, ,
1, ,281, ,
1, ,282, ,
3, ,282, ,
1, ,282, ,
1, ,282, ,
3, ,283, ,
1, ,282, ,
0, ,282, ,
3, ,281, ,
1, ,283, ,
1, ,282, ,
3, ,282, ,
3, ,281, ,
1, ,282, ,
3, ,282, ,
1, ,282, ,
1, ,281, ,
3, ,282, ,
3, ,282, ,
1, ,281, ,
3, ,281, ,
1, ,282, ,
1, ,282, ,
3, ,282, ,
1, ,281, ,
1, ,282, ,
3, ,282, ,
1, ,282, ,
1, ,281, ,
3, ,282, ,
1, ,281, ,
0, ,282, ,
3, ,281, ,
1, ,282, ,
1, ,282, ,
3, ,282, ,
1, ,281, ,
1, ,281, ,
3, ,281, ,
1, ,282, ,
1, ,281, ,
3, ,282, ,
1, ,282, ,
1, ,282, ,
3, ,274, ,
3, ,283, ,
1, ,289, ,
3, ,287, ,
1, ,280, ,
1, ,279, ,
3, ,281, ,
1, ,283, ,
1, ,281, ,
3, ,281, ,
1, ,282, ,
0, ,282, ,
3, ,281, ,
1, ,282, ,
1, ,282, ,
3, ,282, ,
1, ,281, ,
1, ,282, ,
3, ,282, ,
1, ,282, ,
3, ,281, ,
3, ,282, ,
1, ,282, ,
1, ,282, ,
3, ,281, ,
1, ,282, ,
1, ,282, ,
3, ,282, ,
1, ,281, ,
1, ,282, ,
3, ,282, ,
1, ,283, ,
1, ,281, ,
3, ,282, ,
1, ,282, ,
0, ,282, ,
3, ,281, ,
1, ,282, ,
1, ,282, ,
3, ,282, ,
1, ,281, ,
0, ,282, ,
3, ,282, ,
1, ,283, ,
1, ,281, ,
3, ,282, ,
1, ,282, ,
0, ,282, ,
3, ,281, ,
1, ,282, ,
1, ,282, ,
1, ,282, ,
1, ,282, ,
1, ,282, ,
3, ,282, ,
1, ,282, ,
1, ,281, ,
3, ,282, ,
3, ,282, ,
0, ,282, ,
3, ,281, ,
1, ,282, ,
1, ,282, ,
3, ,283, ,
1, ,281, ,
1, ,282, ,
3, ,282, ,
1, ,282, ,
1, ,281, ,
3, ,280, ,
3, ,280, ,
0, ,282, ,
3, ,283, ,
1, ,284, ,
1, ,282, ,
3, ,283, ,
1, ,282, ,
0, ,282, ,
3, ,281, ,
1, ,282, ,
1, ,280, ,
3, ,282, ,
1, ,282, ,
0, ,282, ,
3, ,281, ,
1, ,282, ,
1, ,281, ,
3, ,282, ,
1, ,281, ,
0, ,281, ,
3, ,282, ,
1, ,282, ,
1, ,281, ,
3, ,281, ,
1, ,282, ,
0, ,282, ,
3, ,281, ,
1, ,282, ,
1, ,281, ,
3, ,283, ,
1, ,281, ,
0, ,282, ,
3, ,282, ,
1, ,284, ,
1, ,281, ,
3, ,282, ,
1, ,281, ,
0, ,281, ,
3, ,281, ,
1, ,282, ,
1, ,282, ,
3, ,282, ,
1, ,281, ,
0, ,282, ,
3, ,281, ,
1, ,282, ,
1, ,281, ,
3, ,282, ,
1, ,282, ,
0, ,282, ,
3, ,281, ,
1, ,282, ,
1, ,282, ,
1, ,282, ,
1, ,281, ,
0, ,282, ,
3, ,282, ,
1, ,281, ,
1, ,281, ,
3, ,282, ,
1, ,282, ,
0, ,282, ,
3, ,281, ,
1, ,281, ,
1, ,282, ,
3, ,282, ,
1, ,281, ,
0, ,282, ,
3, ,281, ,
1, ,282, ,
1, ,281, ,
1, ,282, ,
1, ,281, ,
0, ,282, ,
3, ,282, ,
1, ,281, ,
1, ,281, ,
1, ,282, ,
1, ,281, ,
0, ,281, ,
3, ,282, ,
1, ,282, ,
1, ,281, ,
3, ,282, ,
3, ,282, ,
0, ,282, ,
3, ,281, ,
1, ,282, ,
1, ,282, ,
3, ,282, ,
1, ,281, ,
0, ,281, ,
3, ,282, ,
1, ,282, ,
1, ,281, ,
3, ,282, ,
1, ,282, ,
0, ,282, ,
3, ,282, ,
1, ,282, ,
1, ,281, ,
1, ,282, ,
1, ,281, ,
0, ,282, ,
3, ,281, ,
1, ,282, ,
1, ,281, ,
1, ,282, ,
1, ,281, ,
0, ,282, ,
3, ,281, ,
1, ,282, ,
1, ,282, ,
3, ,282, ,
1, ,281, ,
0, ,282, ,
3, ,281, ,
1, ,282, ,
1, ,281, ,
3, ,282, ,
1, ,281, ,
0, ,282, ,
3, ,281, ,
1, ,282, ,
1, ,281, ,
3, ,281, ,
1, ,281, ,
0, ,281, ,
3, ,282, ,
1, ,282, ,
1, ,281, ,
3, ,282, ,
1, ,282, ,
0, ,282, ,
3, ,281, ,
1, ,282, ,
1, ,282, ,
3, ,282, ,
1, ,281, ,
0, ,282, ,
3, ,281, ,
1, ,282, ,
1, ,281, ,
1, ,282, ,
1, ,282, ,
0, ,281, ,
3, ,281, ,
1, ,282, ,
1, ,282, ,
3, ,282, ,
3, ,281, ,
0, ,282, ,
3, ,282, ,
1, ,283, ,
1, ,282, ,
3, ,281, ,
1, ,281, ,
0, ,282, ,
3, ,281, ,
1, ,281, ,
1, ,281, ,
1, ,282, ,
1, ,281, ,
0, ,282, ,
3, ,281, ,
1, ,282, ,
1, ,281, ,
1, ,283, ,
1, ,281, ,
0, ,282, ,
3, ,281, ,
1, ,282, ,
1, ,282, ,
1, ,282, ,
1, ,281, ,
0, ,282, ,
3, ,282, ,
1, ,282, ,
1, ,281, ,
3, ,281, ,
1, ,282, ,
0, ,281, ,
3, ,281, ,
1, ,282, ,
1, ,281, ,
1, ,282, ,
1, ,281, ,
0, ,282, ,
3, ,282, ,
1, ,282, ,
1, ,283, ,
3, ,281, ,
1, ,281, ,
0, ,283, ,
3, ,281, ,
1, ,281, ,
1, ,281, ,
1, ,282, ,
1, ,281, ,
0, ,282, ,
3, ,283, ,
1, ,282, ,
1, ,282, ,
3, ,282, ,
3, ,282, ,
0, ,282, ,
3, ,281, ,
1, ,282, ,
1, ,282, ,
3, ,282, ,
1, ,281, ,
0, ,282, ,
3, ,281, ,
1, ,282, ,
1, ,281, ,
3, ,282, ,
1, ,281, ,
0, ,282, ,
3, ,282, ,
1, ,283, ,
1, ,281, ,
3, ,281, ,
1, ,280, ,
0, ,281, ,
3, ,282, ,
1, ,282, ,
1, ,281, ,
1, ,282, ,
1, ,281, ,
0, ,282, ,
3, ,282, ,
1, ,281, ,
1, ,282, ,
1, ,282, ,
1, ,281, ,
0, ,282, ,
3, ,281, ,
1, ,282, ,
1, ,282, ,
1, ,281, ,
1, ,282, ,
0, ,281, ,
3, ,281, ,
1, ,282, ,
1, ,281, ,
3, ,282, ,
1, ,281, ,
0, ,282, ,
3, ,281, ,
1, ,282, ,
1, ,281, ,
1, ,281, ,
1, ,282, ,
0, ,282, ,
3, ,281, ,
1, ,281, ,
1, ,281, ,
1, ,283, ,
1, ,281, ,
0, ,281, ,
3, ,282, ,
1, ,282, ,
1, ,281, ,
3, ,282, ,
1, ,281, ,
0, ,282, ,
3, ,281, ,
1, ,282, ,
1, ,280, ,
1, ,282, ,
1, ,281, ,
0, ,282, ,
3, ,282, ,
1, ,282, ,
1, ,281, ,
1, ,282, ,
1, ,281, ,
0, ,282, ,
3, ,281, ,
1, ,282, ,
1, ,282, ,
1, ,281, ,
1, ,281, ,
0, ,282, ,
3, ,281, ,
1, ,282, ,
1, ,281, ,
1, ,282, ,
1, ,282, ,
0, ,282, ,
3, ,281, ,
1, ,282, ,
1, ,281, ,
3, ,282, ,
1, ,281, ,
0, ,282, ,
3, ,281, ,
1, ,282, ,
1, ,282, ,
1, ,281, ,
1, ,282, ,
0, ,282, ,
3, ,281, ,
1, ,282, ,
1, ,281, ,
1, ,282, ,
1, ,281, ,
0, ,282, ,
3, ,282, ,
1, ,282, ,
1, ,281, ,
1, ,282, ,
1, ,281, ,
0, ,282, ,
3, ,281, ,
1, ,281, ,
1, ,281, ,
1, ,282, ,
1, ,281, ,
0, ,281, ,
3, ,281, ,
1, ,283, ,
1, ,281, ,
1, ,282, ,
1, ,281, ,
0, ,282, ,
3, ,281, ,
1, ,282, ,
1, ,281, ,
1, ,282, ,
1, ,281, ,
0, ,281, ,
3, ,282, ,
1, ,282, ,
1, ,282, ,
1, ,281, ,
3, ,281, ,
0, ,282, ,
3, ,281, ,
1, ,282, ,
1, ,282, ,
1, ,282, ,
1, ,282, ,
0, ,281, ,
3, ,281, ,
1, ,283, ,
1, ,281, ,
3, ,282, ,
1, ,281, ,
0, ,282, ,
3, ,281, ,
1, ,282, ,
1, ,281, ,
1, ,282, ,
1, ,282, ,
0, ,281, ,
3, ,281, ,
1, ,282, ,
1, ,281, ,
1, ,282, ,
1, ,282, ,
0, ,282, ,
3, ,281, ,
1, ,282, ,
1, ,281, ,
3, ,282, ,
1, ,281, ,
0, ,282, ,
3, ,282, ,
1, ,282, ,
1, ,282, ,
1, ,282, ,
1, ,282, ,
0, ,281, ,
3, ,281, ,
1, ,282, ,
1, ,282, ,
1, ,282, ,
1, ,281, ,
0, ,282, ,
1, ,282, ,
1, ,282, ,
1, ,282, ,
1, ,282, ,
3, ,282, ,
0, ,283, ,
3, ,281, ,
0, ,283, ,
1, ,281, ,
1, ,282, ,
1, ,281, ,
0, ,282, ,
3, ,282, ,
1, ,283, ,
1, ,281, ,
1, ,282, ,
1, ,281, ,
0, ,282, ,
3, ,281, ,
1, ,282, ,
1, ,281, ,
1, ,283, ,
1, ,282, ,
0, ,282, ,
3, ,282, ,
1, ,283, ,
1, ,281, ,
1, ,282, ,
1, ,282, ,
0, ,282, ,
3, ,281, ,
1, ,282, ,
0, ,282, ,
1, ,282, ,
1, ,281, ,
0, ,282, ,
3, ,282, ,
0, ,282, ,
1, ,281, ,
1, ,281, ,
1, ,281, ,
0, ,282, ,
3, ,280, ,
1, ,282, ,
0, ,281, ,
1, ,284, ,
1, ,281, ,
0, ,282, ,
3, ,281, ,
1, ,283, ,
1, ,281, ,
1, ,281, ,
1, ,280, ,
0, ,282, ,
3, ,282, ,
1, ,282, ,
1, ,282, ,
3, ,282, ,
1, ,282, ,
0, ,282, ,
3, ,281, ,
1, ,282, ,
1, ,281, ,
3, ,282, ,
1, ,281, ,
0, ,282, ,
3, ,281, ,
1, ,281, ,
1, ,281, ,
1, ,283, ,
1, ,281, ,
0, ,282, ,
3, ,282, ,
0, ,282, ,
1, ,281, ,
1, ,282, ,
1, ,281, ,
0, ,282, ,
3, ,281, ,
1, ,282, ,
0, ,281, ,
3, ,282, ,
1, ,281, ,
0, ,282, ,
3, ,282, ,
1, ,282, ,
1, ,281, ,
1, ,283, ,
1, ,282, ,
0, ,281, ,
3, ,281, ,
1, ,282, ,
1, ,281, ,
1, ,282, ,
1, ,281, ,
0, ,281, ,
3, ,281, ,
0, ,282, ,
1, ,282, ,
1, ,282, ,
1, ,281, ,
0, ,282, ,
3, ,281, ,
1, ,283, ,
1, ,281, ,
3, ,282, ,
1, ,281, ,
0, ,281, ,
1, ,282, ,
0, ,282, ,
0, ,282, ,
3, ,281, ,
1, ,282, ,
0, ,282, ,
3, ,281, ,
1, ,281, ,
0, ,282, ,
1, ,282, ,
1, ,281, ,
0, ,282, ,
3, ,281, ,
1, ,282, ,
1, ,282, ,
1, ,282, ,
1, ,282, ,
0, ,282, ,
3, ,282, ,
0, ,282, ,
0, ,281, ,
1, ,282, ,
1, ,281, ,
0, ,281, ,
3, ,282, ,
1, ,282, ,
0, ,281, ,
3, ,281, ,
1, ,281, ,
0, ,282, ,
3, ,281, ,
1, ,281, ,
1, ,282, ,
1, ,283, ,
1, ,281, ,
0, ,282, ,
1, ,281, ,
1, ,282, ,
1, ,281, ,
1, ,282, ,
1, ,281, ,
0, ,281, ,
3, ,282, ,
0, ,282, ,
1, ,282, ,
1, ,283, ,
1, ,281, ,
0, ,281, ,
3, ,281, ,
0, ,282, ,
0, ,281, ,
1, ,282, ,
1, ,281, ,
0, ,282, ,
3, ,281, ,
1, ,282, ,
0, ,282, ,
1, ,282, ,
1, ,281, ,
0, ,282, ,
3, ,280, ,
1, ,282, ,
1, ,281, ,
1, ,282, ,
69, ,282, ,
94, ,282, ,
62, ,281, ,
36, ,282, ,
20, ,281, ,
14, ,282, ,
11, ,282, ,
8, ,282, ,
8, ,281, ,
4, ,282, ,
3, ,281, ,
4, ,282, ,
4, ,282, ,
1, ,282, ,
5, ,281, ,
3, ,282, ,
3, ,281, ,
4, ,282, ,
4, ,281, ,
3, ,282, ,
5, ,282, ,
3, ,282, ,
3, ,281, ,
4, ,282, ,
4, ,282, ,
3, ,282, ,
4, ,281, ,
3, ,281, ,
3, ,282, ,
4, ,282, ,
4, ,282, ,
1, ,282, ,
5, ,282, ,
3, ,282, ,
3, ,281, ,
4, ,281, ,
4, ,281, ,
3, ,282, ,
4, ,281, ,
3, ,282, ,
3, ,282, ,
4, ,283, ,
4, ,280, ,
1, ,281, ,
4, ,281, ,
3, ,282, ,
3, ,281, ,
4, ,282, ,
4, ,281, ,
1, ,282, ,
4, ,280, ,
3, ,280, ,
3, ,279, ,
3, ,280, ,
4, ,281, ,
1, ,284, ,
4, ,285, ,
1, ,284, ,
3, ,281, ,
4, ,281, ,
3, ,280, ,
1, ,280, ,
4, ,281, ,
1, ,281, ,
3, ,281, ,
4, ,282, ,
3, ,281, ,
1, ,282, ,
4, ,281, ,
3, ,281, ,
3, ,281, ,
4, ,282, ,
3, ,281, ,
3, ,282, ,
4, ,281, ,
3, ,282, ,
3, ,281, ,
3, ,281, ,
3, ,282, ,
1, ,282, ,
4, ,282, ,
1, ,281, ,
3, ,281, ,
4, ,282, ,
3, ,281, ,
1, ,282, ,
4, ,281, ,
3, ,281, ,
3, ,281, ,
3, ,281, ,
3, ,282, ,
1, ,282, ,
4, ,280, ,
3, ,281, ,
3, ,281, ,
3, ,281, ,
3, ,281, ,
1, ,282, ,
4, ,281, ,
3, ,282, ,
1, ,281, ,
3, ,281, ,
3, ,281, ,
1, ,281, ,
4, ,281, ,
1, ,282, ,
3, ,280, ,
3, ,281, ,
3, ,281, ,
1, ,282, ,
4, ,281, ,
1, ,282, ,
3, ,281, ,
3, ,281, ,
3, ,280, ,
1, ,281, ,
4, ,281, ,
3, ,282, ,
3, ,282, ,
3, ,281, ,
3, ,281, ,
1, ,282, ,
4, ,281, ,
1, ,281, ,
3, ,281, ,
3, ,281, ,
3, ,281, ,
1, ,281, ,
4, ,281, ,
1, ,282, ,
3, ,281, ,
3, ,282, ,
3, ,281, ,
1, ,282, ,
4, ,281, ,
1, ,282, ,
3, ,281, ,
3, ,282, ,
3, ,281, ,
1, ,282, ,
4, ,280, ,
3, ,281, ,
3, ,281, ,
3, ,281, ,
3, ,281, ,
1, ,282, ,
4, ,281, ,
3, ,282, ,
3, ,281, ,
3, ,281, ,
3, ,281, ,
1, ,282, ,
4, ,281, ,
1, ,282, ,
1, ,281, ,
3, ,282, ,
3, ,281, ,
1, ,282, ,
4, ,281, ,
3, ,283, ,
3, ,282, ,
3, ,282, ,
3, ,281, ,
1, ,281, ,
4, ,281, ,
1, ,282, ,
3, ,281, ,
3, ,282, ,
3, ,282, ,
1, ,283, ,
4, ,282, ,
1, ,281, ,
1, ,281, ,
3, ,283, ,
3, ,282, ,
1, ,282, ,
3, ,281, ,
1, ,282, ,
3, ,281, ,
3, ,282, ,
3, ,282, ,
1, ,283, ,
4, ,282, ,
1, ,282, ,
3, ,282, ,
3, ,282, ,
3, ,281, ,
1, ,282, ,
4, ,281, ,
1, ,282, ,
3, ,281, ,
3, ,282, ,
3, ,282, ,
1, ,282, ,
4, ,281, ,
3, ,282, ,
3, ,282, ,
3, ,283, ,
3, ,282, ,
1, ,282, ,
4, ,282, ,
1, ,283, ,
1, ,281, ,
3, ,283, ,
3, ,281, ,
1, ,283, ,
3, ,281, ,
1, ,282, ,
3, ,282, ,
3, ,282, ,
1, ,281, ,
1, ,282, ,
3, ,281, ,
1, ,283, ,
3, ,282, ,
3, ,282, ,
3, ,282, ,
1, ,282, ,
3, ,281, ,
3, ,282, ,
3, ,281, ,
3, ,283, ,
3, ,282, ,
1, ,281, ,
4, ,281, ,
1, ,283, ,
1, ,282, ,
3, ,281, ,
1, ,282, ,
1, ,282, ,
4, ,282, ,
3, ,283, ,
1, ,281, ,
3, ,282, ,
3, ,282, ,
1, ,282, ,
3, ,281, ,
1, ,282, ,
1, ,281, ,
3, ,282, ,
3, ,281, ,
1, ,283, ,
3, ,281, ,
3, ,282, ,
1, ,281, ,
3, ,283, ,
3, ,281, ,
1, ,281, ,
3, ,281, ,
1, ,282, ,
1, ,281, ,
3, ,282, ,
1, ,282, ,
1, ,282, ,
3, ,281, ,
1, ,282, ,
1, ,282, ,
3, ,283, ,
3, ,282, ,
1, ,281, ,
3, ,281, ,
1, ,282, ,
1, ,281, ,
3, ,282, ,
3, ,282, ,
1, ,282, ,
4, ,281, ,
1, ,282, ,
3, ,283, ,
3, ,282, ,
3, ,281, ,
1, ,282, ,
4, ,281, ,
1, ,282, ,
1, ,282, ,
3, ,282, ,
1, ,282, ,
1, ,282, ,
3, ,282, ,
1, ,282, ,
1, ,282, ,
3, ,282, ,
3, ,281, ,
1, ,282, ,
3, ,282, ,
1, ,282, ,
3, ,281, ,
3, ,282, ,
1, ,282, ,
1, ,281, ,
3, ,282, ,
1, ,281, ,
1, ,280, ,
3, ,282, ,
1, ,281, ,
1, ,282, ,
3, ,282, ,
1, ,283, ,
3, ,283, ,
3, ,282, ,
1, ,282, ,
1, ,282, ,
3, ,281, ,
1, ,281, ,
3, ,282, ,
3, ,282, ,
3, ,281, ,
1, ,282, ,
3, ,282, ,
1, ,283, ,
1, ,281, ,
3, ,281, ,
1, ,283, ,
0, ,282, ,
3, ,282, ,
1, ,282, ,
1, ,282, ,
3, ,282, ,
1, ,280, ,
1, ,281, ,
3, ,281, ,
1, ,282, ,
1, ,282, ,
3, ,282, ,
1, ,282, ,
1, ,282, ,
3, ,281, ,
1, ,281, ,
1, ,282, ,
3, ,281, ,
1, ,281, ,
1, ,282, ,
3, ,282, ,
1, ,282, ,
1, ,281, ,
3, ,282, ,
1, ,282, ,
1, ,282, ,
3, ,281, ,
1, ,282, ,
1, ,282, ,
3, ,282, ,
1, ,281, ,
1, ,282, ,
3, ,281, ,
1, ,282, ,
3, ,281, ,
3, ,282, ,
1, ,281, ,
0, ,282, ,
3, ,282, ,
1, ,283, ,
1, ,282, ,
3, ,282, ,
1, ,281, ,
1, ,282, ,
3, ,282, ,
1, ,283, ,
1, ,282, ,
3, ,282, ,
1, ,282, ,
0, ,282, ,
3, ,281, ,
1, ,282, ,
1, ,281, ,
1, ,282, ,
1, ,281, ,
1, ,281, ,
3, ,282, ,
1, ,282, ,
1, ,281, ,
3, ,282, ,
3, ,281, ,
1, ,282, ,
3, ,281, ,
1, ,281, ,
1, ,282, ,
3, ,284, ,
1, ,281, ,
1, ,281, ,
3, ,282, ,
1, ,282, ,
1, ,281, ,
3, ,282, ,
1, ,282, ,
0, ,282, ,
3, ,281, ,
1, ,282, ,
1, ,282, ,
1, ,282, ,
1, ,281, ,
0, ,282, ,
3, ,282, ,
1, ,283, ,
1, ,281, ,
3, ,281, ,
3, ,282, ,
0, ,282, ,
3, ,281, ,
1, ,282, ,
1, ,281, ,
3, ,282, ,
1, ,281, ,
0, ,282, ,
3, ,281, ,
1, ,282, ,
1, ,282, ,
3, ,282, ,
1, ,282, ,
0, ,282, ,
3, ,281, ,
1, ,282, ,
1, ,282, ,
3, ,282, ,
1, ,282, ,
0, ,283, ,
3, ,281, ,
1, ,283, ,
1, ,282, ,
3, ,281, ,
1, ,282, ,
1, ,282, ,
3, ,282, ,
1, ,282, ,
1, ,282, ,
3, ,282, ,
1, ,282, ,
0, ,282, ,
3, ,282, ,
1, ,283, ,
1, ,281, ,
3, ,282, ,
1, ,282, ,
0, ,282, ,
3, ,281, ,
1, ,282, ,
1, ,282, ,
1, ,282, ,
1, ,281, ,
0, ,282, ,
3, ,282, ,
1, ,281, ,
1, ,281, ,
3, ,283, ,
1, ,282, ,
0, ,282, ,
3, ,282, ,
1, ,283, ,
1, ,282, ,
3, ,282, ,
1, ,281, ,
0, ,282, ,
3, ,282, ,
1, ,284, ,
1, ,281, ,
1, ,282, ,
1, ,282, ,
0, ,282, ,
3, ,281, ,
1, ,282, ,
1, ,282, ,
1, ,282, ,
1, ,281, ,
0, ,282, ,
3, ,282, ,
1, ,282, ,
1, ,281, ,
3, ,282, ,
3, ,282, ,
0, ,282, ,
3, ,282, ,
1, ,282, ,
1, ,282, ,
3, ,283, ,
1, ,281, ,
0, ,282, ,
3, ,281, ,
1, ,282, ,
1, ,281, ,
1, ,282, ,
1, ,282, ,
0, ,282, ,
3, ,281, ,
1, ,282, ,
1, ,282, ,
3, ,282, ,
3, ,282, ,
0, ,282, ,
3, ,281, ,
1, ,282, ,
1, ,281, ,
3, ,282, ,
1, ,282, ,
0, ,282, ,
3, ,282, ,
1, ,282, ,
1, ,282, ,
3, ,282, ,
1, ,281, ,
0, ,282, ,
3, ,282, ,
1, ,282, ,
1, ,282, ,
1, ,281, ,
1, ,281, ,
0, ,281, ,
3, ,281, ,
1, ,282, ,
1, ,281, ,
1, ,282, ,
1, ,281, ,
1, ,282, ,
3, ,282, ,
1, ,282, ,
1, ,281, ,
3, ,282, ,
3, ,283, ,
0, ,282, ,
3, ,281, ,
1, ,282, ,
1, ,282, ,
3, ,282, ,
1, ,281, ,
0, ,282, ,
3, ,282, ,
1, ,282, ,
1, ,281, ,
1, ,282, ,
1, ,282, ,
0, ,282, ,
3, ,281, ,
1, ,282, ,
1, ,282, ,
1, ,282, ,
1, ,281, ,
0, ,282, ,
3, ,282, ,
1, ,282, ,
1, ,281, ,
1, ,282, ,
1, ,282, ,
0, ,282, ,
3, ,281, ,
1, ,282, ,
1, ,282, ,
3, ,282, ,
1, ,281, ,
0, ,281, ,
3, ,282, ,
1, ,283, ,
1, ,281, ,
1, ,282, ,
1, ,282, ,
0, ,282, ,
3, ,282, ,
1, ,282, ,
1, ,282, ,
3, ,282, ,
1, ,281, ,
0, ,282, ,
3, ,282, ,
1, ,282, ,
1, ,281, ,
3, ,282, ,
1, ,281, ,
0, ,283, ,
3, ,281, ,
1, ,282, ,
1, ,282, ,
1, ,282, ,
0, ,281, ,
0, ,282, ,
3, ,282, ,
1, ,282, ,
1, ,281, ,
3, ,282, ,
1, ,282, ,
0, ,282, ,
3, ,281, ,
1, ,282, ,
1, ,282, ,
3, ,282, ,
1, ,281, ,
0, ,282, ,
3, ,282, ,
1, ,283, ,
1, ,281, ,
3, ,282, ,
1, ,282, ,
0, ,282, ,
3, ,282, ,
1, ,283, ,
1, ,282, ,
3, ,282, ,
1, ,282, ,
0, ,282, ,
3, ,281, ,
1, ,283, ,
1, ,281, ,
1, ,282, ,
1, ,281, ,
0, ,282, ,
3, ,281, ,
1, ,282, ,
1, ,282, ,
1, ,282, ,
1, ,282, ,
0, ,282, ,
3, ,282, ,
1, ,282, ,
1, ,281, ,
1, ,284, ,
1, ,282, ,
0, ,282, ,
3, ,281, ,
1, ,282, ,
1, ,282, ,
3, ,282, ,
1, ,282, ,
0, ,282, ,
3, ,281, ,
1, ,282, ,
1, ,281, ,
3, ,282, ,
1, ,282, ,
0, ,282, ,
3, ,281, ,
1, ,282, ,
1, ,282, ,
1, ,282, ,
1, ,281, ,
0, ,282, ,
3, ,281, ,
1, ,282, ,
1, ,281, ,
3, ,283, ,
1, ,282, ,
0, ,282, ,
3, ,282, ,
1, ,283, ,
1, ,282, ,
3, ,282, ,
1, ,281, ,
0, ,282, ,
3, ,282, ,
1, ,282, ,
1, ,281, ,
1, ,281, ,
1, ,282, ,
0, ,282, ,
3, ,282, ,
1, ,282, ,
1, ,282, ,
1, ,282, ,
3, ,282, ,
0, ,282, ,
3, ,281, ,
1, ,282, ,
1, ,281, ,
1, ,282, ,
1, ,282, ,
0, ,282, ,
3, ,282, ,
1, ,282, ,
1, ,282, ,
3, ,282, ,
1, ,281, ,
0, ,282, ,
3, ,282, ,
1, ,283, ,
1, ,281, ,
3, ,282, ,
1, ,282, ,
0, ,283, ,
3, ,281, ,
1, ,282, ,
1, ,282, ,
1, ,282, ,
1, ,281, ,
0, ,282, ,
3, ,282, ,
1, ,282, ,
1, ,281, ,
3, ,282, ,
1, ,282, ,
0, ,282, ,
3, ,281, ,
1, ,282, ,
1, ,282, ,
3, ,283, ,
1, ,281, ,
0, ,282, ,
3, ,281, ,
1, ,282, ,
1, ,281, ,
1, ,282, ,
1, ,282, ,
0, ,273, ,
3, ,281, ,
1, ,290, ,
1, ,287, ,
1, ,281, ,
1, ,279, ,
0, ,282, ,
3, ,282, ,
1, ,282, ,
1, ,281, ,
3, ,282, ,
1, ,282, ,
0, ,281, ,
3, ,281, ,
1, ,282, ,
1, ,282, ,
1, ,282, ,
1, ,280, ,
0, ,281, ,
3, ,280, ,
1, ,282, ,
1, ,282, ,
1, ,283, ,
1, ,282, ,
0, ,282, ,
3, ,281, ,
1, ,281, ,
1, ,280, ,
1, ,281, ,
1, ,281, ,
0, ,282, ,
3, ,282, ,
1, ,282, ,
1, ,282, ,
1, ,282, ,
1, ,282, ,
0, ,282, ,
3, ,281, ,
1, ,283, ,
1, ,282, ,
1, ,282, ,
1, ,282, ,
0, ,282, ,
3, ,281, ,
0, ,283, ,
1, ,281, ,
1, ,282, ,
1, ,282, ,
0, ,282, ,
3, ,281, ,
1, ,281, ,
0, ,282, ,
1, ,283, ,
1, ,281, ,
0, ,282, ,
3, ,282, ,
1, ,282, ,
1, ,281, ,
3, ,281, ,
1, ,281, ,
0, ,282, ,
3, ,281, ,
1, ,281, ,
1, ,282, ,
1, ,281, ,
1, ,281, ,
0, ,281, ,
3, ,282, ,
1, ,283, ,
1, ,281, ,
1, ,282, ,
1, ,282, ,
0, ,282, ,
3, ,281, ,
1, ,282, ,
1, ,282, ,
1, ,282, ,
1, ,281, ,
0, ,282, ,
3, ,282, ,
1, ,282, ,
1, ,281, ,
1, ,282, ,
1, ,281, ,
0, ,282, ,
3, ,281, ,
1, ,282, ,
1, ,282, ,
3, ,283, ,
1, ,281, ,
0, ,281, ,
3, ,282, ,
1, ,283, ,
1, ,281, ,
1, ,281, ,
1, ,282, ,
0, ,282, ,
3, ,281, ,
1, ,282, ,
1, ,282, ,
1, ,283, ,
1, ,281, ,
0, ,282, ,
3, ,281, ,
1, ,282, ,
1, ,281, ,
1, ,282, ,
1, ,282, ,
0, ,282, ,
3, ,281, ,
1, ,282, ,
1, ,281, ,
1, ,282, ,
1, ,281, ,
0, ,282, ,
3, ,282, ,
1, ,282, ,
1, ,281, ,
1, ,283, ,
1, ,281, ,
0, ,281, ,
3, ,282, ,
1, ,282, ,
1, ,282, ,
1, ,282, ,
1, ,281, ,
0, ,282, ,
3, ,282, ,
0, ,282, ,
1, ,281, ,
1, ,282, ,
1, ,281, ,
0, ,281, ,
3, ,281, ,
1, ,282, ,
1, ,282, ,
1, ,283, ,
1, ,282, ,
0, ,282, ,
3, ,281, ,
1, ,283, ,
1, ,281, ,
1, ,282, ,
1, ,282, ,
0, ,282, ,
3, ,281, ,
1, ,282, ,
1, ,281, ,
1, ,283, ,
1, ,281, ,
0, ,282, ,
3, ,282, ,
1, ,282, ,
1, ,281, ,
1, ,282, ,
1, ,282, ,
0, ,281, ,
3, ,281, ,
1, ,282, ,
1, ,282, ,
1, ,283, ,
1, ,281, ,
0, ,282, ,
3, ,282, ,
0, ,284, ,
1, ,282, ,
1, ,283, ,
1, ,282, ,
0, ,282, ,
3, ,281, ,
0, ,282, ,
0, ,282, ,
1, ,283, ,
1, ,281, ,
0, ,282, ,
3, ,282, ,
1, ,282, ,
0, ,281, ,
3, ,282, ,
1, ,282, ,
0, ,282, ,
3, ,281, ,
1, ,281, ,
1, ,282, ,
1, ,282, ,
1, ,281, ,
0, ,282, ,
3, ,281, ,
1, ,283, ,
1, ,281, ,
1, ,282, ,
1, ,282, ,
0, ,282, ,
3, ,281, ,
1, ,281, ,
1, ,282, ,
1, ,282, ,
1, ,281, ,
0, ,281, ,
3, ,281, ,
0, ,282, ,
1, ,281, ,
3, ,282, ,
1, ,282, ,
0, ,282, ,
3, ,281, ,
1, ,282, ,
1, ,282, ,
3, ,283, ,
1, ,281, ,
0, ,282, ,
3, ,282, ,
1, ,282, ,
1, ,281, ,
1, ,282, ,
1, ,281, ,
0, ,281, ,
3, ,281, ,
1, ,282, ,
1, ,282, ,
1, ,282, ,
1, ,281, ,
0, ,282, ,
3, ,282, ,
1, ,282, ,
1, ,281, ,
1, ,282, ,
1, ,282, ,
0, ,283, ,
3, ,281, ,
1, ,282, ,
1, ,282, ,
1, ,283, ,
1, ,282, ,
0, ,281, ,
3, ,281, ,
1, ,282, ,
1, ,282, ,
1, ,283, ,
1, ,282, ,
0, ,282, ,
3, ,281, ,
1, ,282, ,
0, ,282, ,
1, ,282, ,
1, ,282, ,
0, ,282, ,
3, ,281, ,
1, ,282, ,
1, ,281, ,
1, ,282, ,
1, ,282, ,
0, ,282, ,
3, ,282, ,
1, ,282, ,
1, ,282, ,
3, ,283, ,
1, ,281, ,
0, ,282, ,
1, ,282, ,
0, ,282, ,
1, ,281, ,
1, ,282, ,
1, ,282, ,
0, ,282, ,
3, ,281, ,
0, ,282, ,
0, ,282, ,
1, ,283, ,
1, ,281, ,
0, ,282, ,
3, ,282, ,
1, ,282, ,
0, ,281, ,
1, ,283, ,
1, ,281, ,
0, ,282, ,
3, ,281, ,
1, ,284, ,
1, ,281, ,
1, ,282, ,
1, ,281, ,
0, ,283, ,
1, ,282, ,
0, ,283, ,
1, ,281, ,
1, ,282, ,
1, ,281, ,
0, ,282, ,
3, ,281, ,
0, ,282, ,
0, ,282, ,
1, ,281, ,
1, ,281, ,
0, ,281, ,
3, ,282, ,
0, ,283, ,
0, ,281, ,
1, ,282, ,
1, ,282, ,
0, ,282, ,
3, ,281, ,
1, ,283, ,
1, ,282, ,
1, ,282, ,
1, ,281, ,
0, ,282, ,
3, ,281, ,
0, ,282, ,
1, ,281, ,
1, ,283, ,
1, ,282, ,
0, ,283, ,
3, ,280, ,
1, ,280, ,
1, ,282, ,
1, ,285, ,
1, ,284, ,
0, ,282, ,
3, ,280, ,
1, ,282, ,
1, ,281, ,
1, ,282, ,
1, ,282, ,
0, ,283, ,
3, ,281, ,
1, ,282, ,
1, ,281, ,
1, ,284, ,
1, ,281, ,
0, ,282, ,
3, ,282, ,
1, ,282, ,
1, ,281, ,
1, ,282, ,
1, ,282, ,
0, ,282, ,
3, ,282, ,
1, ,282, ,
0, ,282, ,
1, ,282, ,
1, ,281, ,
0, ,283, ,
3, ,282, ,
1, ,282, ,
1, ,281, ,
1, ,282, ,
1, ,282, ,
0, ,283, ,
3, ,281, ,
1, ,282, ,
1, ,280, ,
1, ,280, ,
1, ,278, ,
0, ,280, ,
3, ,282, ,
1, ,285, ,
1, ,283, ,
1, ,283, ,
1, ,283, ,
0, ,281, ,
3, ,279, ,
1, ,280, ,
0, ,282, ,
1, ,282, ,
1, ,281, ,
0, ,281, ,
3, ,282, ,
0, ,282, ,
1, ,281, ,
1, ,281, ,
1, ,281, ,
0, ,282, ,
3, ,282, ,
0, ,282, ,
0, ,281, ,
1, ,282, ,
1, ,281, ,
0, ,282, ,
3, ,282, ,
1, ,282, ,
0, ,281, ,
1, ,282, ,
1, ,282, ,
0, ,282, ,
3, ,281, ,
1, ,282, ,
0, ,282, ,
1, ,282, ,
1, ,281, ,
0, ,282, ,
1, ,281, ,
1, ,282, ,
0, ,281, ,
3, ,282, ,
1, ,281, ,
0, ,281, ,
1, ,281, ,
1, ,282, ,
1, ,282, ,
1, ,282, ,
1, ,281, ,
0, ,282, ,
3, ,281, ,
1, ,282, ,
0, ,281, ,
1, ,282, ,
1, ,282, ,
0, ,281, ,
3, ,281, ,
0, ,280, ,
1, ,281, ,
1, ,282, ,
1, ,281, ,
0, ,282, ,
1, ,281, ,
0, ,281, ,
1, ,281, ,
1, ,282, ,
1, ,281, ,
0, ,282, ,
1, ,281, ,
1, ,282, ,
0, ,281, ,
1, ,282, ,
1, ,282, ,
0, ,282, ,
1, ,281, ,
0, ,283, ,
1, ,281, ,
1, ,281, ,
1, ,281, ,
0, ,282, ,
3, ,281, ,
0, ,282, ,
0, ,282, ,
1, ,282, ,
1, ,281, ,
0, ,282, ,
3, ,281, ,
0, ,281, ,
0, ,280, ,
1, ,280, ,
1, ,282, ,
0, ,283, ,
3, ,282, ,
1, ,282, ,
0, ,282, ,
1, ,283, ,
1, ,280, ,
0, ,280, ,
3, ,280, ,
1, ,282, ,
1, ,282, ,
1, ,282, ,
1, ,281, ,
0, ,282, ,
3, ,281, ,
0, ,282, ,
1, ,281, ,
1, ,282, ,
1, ,282, ,
0, ,282, ,
3, ,282, ,
1, ,282, ,
1, ,281, ,
1, ,282, ,
1, ,282, ,
0, ,283, ,
3, ,282, ,
1, ,283, ,
1, ,283, ,
3, ,282, ,
1, ,282, ,
0, ,282, ,
3, ,282, ,
1, ,283, ,
1, ,281, ,
1, ,281, ,
1, ,282, ,
0, ,283, ,
3, ,282, ,
1, ,282, ,
0, ,282, ,
1, ,283, ,
1, ,281, ,
0, ,282, ,
1, ,282, ,
1, ,282, ,
1, ,281, ,
1, ,282, ,
1, ,281, ,
0, ,282, ,
3, ,282, ,
0, ,282, ,
1, ,282, ,
1, ,284, ,
1, ,281, ,
0, ,282, ,
1, ,282, ,
0, ,284, ,
0, ,281, ,
1, ,282, ,
1, ,281, ,
0, ,282, ,
3, ,281, ,
1, ,282, ,
0, ,282, ,
1, ,282, ,
1, ,281, ,
0, ,281, ,
1, ,282, ,
0, ,282, ,
0, ,282, ,
1, ,281, ,
1, ,282, ,
0, ,282, ,
3, ,282, ,
1, ,282, ,
0, ,282, ,
3, ,282, ,
1, ,281, ,
0, ,282, ,
1, ,281, ,
1, ,282, ,
0, ,281, ,
1, ,282, ,
0, ,282, ,
0, ,282, ,
3, ,281, ,
1, ,282, ,
1, ,281, ,
1, ,282, ,
1, ,281, ,
0, ,282, ,
3, ,281, ,
1, ,282, ,
1, ,282, ,
1, ,282, ,
1, ,281, ,
0, ,282, ,
3, ,281, ,
0, ,282, ,
1, ,281, ,
1, ,282, ,
1, ,281, ,
0, ,282, ,
1, ,282, ,
0, ,282, ,
0, ,281, ,
1, ,282, ,
1, ,282, ,
0, ,282, ,
1, ,281, ,
1, ,282, ,
0, ,281, ,
1, ,282, ,
1, ,281, ,
0, ,281, ,
3, ,282, ,
0, ,282, ,
1, ,281, ,
1, ,282, ,
1, ,282, ,
0, ,283, ,
3, ,281, ,
0, ,282, ,
0, ,281, ,
1, ,282, ,
121, ,281, ,
74, ,282, ,
41, ,282, ,
27, ,282, ,
22, ,281, ,
15, ,283, ,
6, ,282, ,
4, ,282, ,
8, ,281, ,
5, ,282, ,
3, ,282, ,
4, ,282, ,
4, ,281, ,
3, ,282, ,
5, ,282, ,
3, ,282, ,
3, ,281, ,
4, ,282, ,
4, ,282, ,
1, ,282, ,
5, ,282, ,
3, ,282, ,
3, ,282, ,
4, ,282, ,
4, ,280, ,
3, ,282, ,
4, ,282, ,
1, ,282, ,
3, ,281, ,
4, ,282, ,
4, ,281, ,
1, ,282, ,
4, ,281, ,
3, ,283, ,
3, ,282, ,
4, ,282, ,
4, ,282, ,
1, ,282, ,
4, ,282, ,
3, ,282, ,
3, ,281, ,
4, ,282, ,
3, ,282, ,
3, ,282, ,
4, ,281, ,
3, ,282, ,
3, ,281, ,
4, ,282, ,
4, ,282, ,
1, ,281, ,
4, ,282, ,
1, ,282, ,
3, ,282, ,
4, ,282, ,
4, ,283, ,
3, ,282, ,
4, ,282, ,
3, ,282, ,
3, ,282, ,
3, ,283, ,
4, ,281, ,
1, ,282, ,
4, ,282, ,
3, ,282, ,
3, ,282, ,
4, ,282, ,
3, ,282, ,
3, ,281, ,
4, ,281, ,
3, ,281, ,
3, ,282, ,
4, ,282, ,
3, ,282, ,
3, ,282, ,
4, ,282, ,
3, ,283, ,
3, ,282, ,
4, ,282, ,
3, ,282, ,
1, ,282, ,
4, ,281, ,
3, ,282, ,
3, ,282, ,
3, ,282, ,
3, ,281, ,
1, ,282, ,
4, ,282, ,
3, ,283, ,
3, ,281, ,
3, ,282, ,
3, ,282, ,
1, ,284, ,
4, ,282, ,
1, ,282, ,
3, ,282, ,
3, ,281, ,
3, ,281, ,
1, ,282, ,
4, ,282, ,
1, ,282, ,
3, ,281, ,
3, ,282, ,
3, ,282, ,
1, ,281, ,
4, ,281, ,
1, ,282, ,
3, ,282, ,
3, ,282, ,
3, ,282, ,
1, ,282, ,
4, ,281, ,
1, ,283, ,
3, ,282, ,
3, ,282, ,
3, ,282, ,
1, ,283, ,
4, ,282, ,
1, ,282, ,
3, ,282, ,
3, ,282, ,
3, ,281, ,
1, ,282, ,
4, ,282, ,
1, ,283, ,
3, ,281, ,
3, ,282, ,
3, ,282, ,
1, ,283, ,
4, ,281, ,
3, ,282, ,
3, ,282, ,
3, ,282, ,
3, ,282, ,
1, ,282, ,
4, ,282, ,
3, ,282, ,
3, ,281, ,
3, ,282, ,
3, ,282, ,
1, ,283, ,
4, ,281, ,
3, ,282, ,
3, ,282, ,
3, ,284, ,
3, ,281, ,
1, ,282, ,
4, ,281, ,
3, ,282, ,
1, ,281, ,
3, ,282, ,
3, ,281, ,
1, ,283, ,
4, ,281, ,
3, ,283, ,
3, ,282, ,
3, ,282, ,
3, ,281, ,
1, ,282, ,
4, ,282, ,
3, ,283, ,
3, ,281, ,
3, ,282, ,
3, ,281, ,
1, ,282, ,
4, ,281, ,
1, ,282, ,
1, ,281, ,
3, ,282, ,
3, ,282, ,
1, ,282, ,
4, ,282, ,
1, ,282, ,
3, ,281, ,
3, ,282, ,
3, ,282, ,
1, ,282, ,
4, ,281, ,
1, ,282, ,
3, ,282, ,
3, ,282, ,
3, ,281, ,
1, ,282, ,
4, ,282, ,
3, ,282, ,
3, ,281, ,
3, ,282, ,
3, ,281, ,
1, ,283, ,
3, ,282, ,
1, ,282, ,
3, ,282, ,
3, ,282, ,
3, ,281, ,
1, ,283, ,
4, ,282, ,
1, ,284, ,
3, ,281, ,
3, ,282, ,
3, ,282, ,
1, ,282, ,
4, ,282, ,
3, ,282, ,
3, ,282, ,
3, ,282, ,
3, ,281, ,
1, ,282, ,
3, ,282, ,
1, ,282, ,
1, ,281, ,
3, ,282, ,
3, ,282, ,
1, ,282, ,
4, ,281, ,
1, ,282, ,
1, ,282, ,
3, ,282, ,
3, ,281, ,
1, ,282, ,
4, ,282, ,
1, ,283, ,
3, ,281, ,
3, ,282, ,
3, ,282, ,
1, ,282, ,
3, ,282, ,
1, ,282, ,
3, ,281, ,
3, ,282, ,
3, ,281, ,
1, ,282, ,
4, ,282, ,
3, ,282, ,
3, ,281, ,
3, ,282, ,
1, ,282, ,
1, ,282, ,
3, ,281, ,
1, ,282, ,
1, ,282, ,
3, ,281, ,
3, ,281, ,
1, ,282, ,
3, ,281, ,
1, ,282, ,
3, ,281, ,
3, ,282, ,
3, ,282, ,
1, ,283, ,
3, ,282, ,
1, ,283, ,
1, ,281, ,
3, ,282, ,
3, ,281, ,
1, ,283, ,
3, ,282, ,
1, ,282, ,
1, ,282, ,
3, ,282, ,
1, ,282, ,
1, ,282, ,
3, ,282, ,
1, ,282, ,
1, ,282, ,
3, ,282, ,
3, ,281, ,
1, ,282, ,
3, ,281, ,
1, ,283, ,
1, ,281, ,
3, ,282, ,
3, ,282, ,
1, ,282, ,
4, ,281, ,
1, ,281, ,
1, ,281, ,
3, ,282, ,
3, ,281, ,
1, ,282, ,
3, ,282, ,
1, ,282, ,
1, ,281, ,
3, ,282, ,
3, ,281, ,
1, ,282, ,
3, ,281, ,
1, ,281, ,
1, ,282, ,
3, ,282, ,
3, ,281, ,
1, ,282, ,
3, ,281, ,
1, ,283, ,
1, ,281, ,
3, ,281, ,
1, ,282, ,
1, ,282, ,
3, ,281, ,
1, ,282, ,
1, ,282, ,
3, ,284, ,
1, ,281, ,
0, ,282, ,
3, ,281, ,
1, ,282, ,
1, ,281, ,
3, ,282, ,
1, ,283, ,
1, ,282, ,
4, ,282, ,
1, ,282, ,
1, ,282, ,
1, ,282, ,
1, ,281, ,
1, ,282, ,
3, ,281, ,
1, ,282, ,
1, ,281, ,
3, ,282, ,
3, ,283, ,
1, ,282, ,
3, ,281, ,
1, ,282, ,
1, ,282, ,
3, ,282, ,
1, ,281, ,
1, ,282, ,
3, ,282, ,
1, ,282, ,
1, ,281, ,
3, ,282, ,
3, ,281, ,
1, ,282, ,
3, ,281, ,
1, ,283, ,
1, ,282, ,
3, ,282, ,
1, ,281, ,
1, ,282, ,
3, ,282, ,
1, ,282, ,
1, ,281, ,
3, ,282, ,
1, ,281, ,
1, ,282, ,
3, ,281, ,
1, ,282, ,
1, ,282, ,
3, ,282, ,
1, ,281, ,
1, ,282, ,
3, ,282, ,
1, ,283, ,
1, ,281, ,
3, ,282, ,
1, ,282, ,
1, ,283, ,
3, ,281, ,
1, ,282, ,
1, ,281, ,
3, ,282, ,
1, ,282, ,
1, ,282, ,
3, ,282, ,
1, ,282, ,
1, ,282, ,
3, ,282, ,
1, ,282, ,
1, ,283, ,
3, ,281, ,
1, ,282, ,
1, ,281, ,
3, ,282, ,
3, ,280, ,
1, ,281, ,
3, ,281, ,
1, ,282, ,
1, ,281, ,
3, ,282, ,
1, ,283, ,
1, ,284, ,
3, ,283, ,
1, ,284, ,
1, ,283, ,
3, ,283, ,
1, ,281, ,
1, ,281, ,
3, ,281, ,
1, ,282, ,
1, ,280, ,
3, ,282, ,
1, ,282, ,
1, ,282, ,
3, ,281, ,
1, ,282, ,
1, ,283, ,
1, ,283, ,
1, ,282, ,
0, ,283, ,
3, ,282, ,
1, ,282, ,
1, ,282, ,
3, ,282, ,
3, ,281, ,
0, ,281, ,
3, ,280, ,
1, ,280, ,
1, ,281, ,
3, ,281, ,
3, ,281, ,
1, ,281, ,
3, ,282, ,
1, ,282, ,
1, ,281, ,
3, ,282, ,
1, ,282, ,
1, ,282, ,
3, ,281, ,
1, ,282, ,
1, ,282, ,
3, ,284, ,
1, ,282, ,
0, ,283, ,
3, ,282, ,
1, ,283, ,
1, ,281, ,
3, ,281, ,
1, ,281, ,
1, ,281, ,
3, ,280, ,
1, ,281, ,
1, ,280, ,
3, ,283, ,
1, ,281, ,
1, ,282, ,
3, ,283, ,
1, ,283, ,
1, ,282, ,
3, ,282, ,
1, ,282, ,
0, ,282, ,
3, ,282, ,
1, ,282, ,
1, ,282, ,
1, ,282, ,
1, ,280, ,
0, ,281, ,
3, ,282, ,
1, ,283, ,
1, ,281, ,
1, ,282, ,
1, ,282, ,
0, ,282, ,
3, ,281, ,
1, ,282, ,
1, ,282, ,
1, ,282, ,
1, ,282, ,
0, ,282, ,
3, ,282, ,
1, ,282, ,
1, ,281, ,
1, ,282, ,
1, ,280, ,
0, ,281, ,
3, ,280, ,
1, ,281, ,
1, ,281, ,
1, ,281, ,
1, ,281, ,
0, ,281, ,
3, ,282, ,
1, ,284, ,
1, ,282, ,
3, ,282, ,
1, ,282, ,
0, ,282, ,
3, ,281, ,
1, ,282, ,
1, ,281, ,
3, ,282, ,
1, ,280, ,
0, ,282, ,
3, ,281, ,
1, ,281, ,
1, ,280, ,
1, ,281, ,
1, ,282, ,
0, ,283, ,
3, ,281, ,
1, ,282, ,
1, ,282, ,
3, ,283, ,
1, ,282, ,
1, ,282, ,
3, ,282, ,
1, ,283, ,
1, ,281, ,
3, ,282, ,
1, ,281, ,
0, ,282, ,
3, ,281, ,
1, ,281, ,
1, ,280, ,
3, ,282, ,
1, ,281, ,
0, ,281, ,
3, ,281, ,
1, ,282, ,
1, ,282, ,
1, ,282, ,
1, ,283, ,
0, ,282, ,
3, ,281, ,
1, ,282, ,
1, ,282, ,
1, ,282, ,
1, ,281, ,
0, ,281, ,
3, ,280, ,
1, ,281, ,
1, ,281, ,
3, ,282, ,
1, ,281, ,
0, ,282, ,
3, ,281, ,
1, ,282, ,
1, ,282, ,
3, ,283, ,
1, ,283, ,
0, ,282, ,
3, ,282, ,
1, ,282, ,
1, ,281, ,
3, ,283, ,
1, ,282, ,
0, ,283, ,
3, ,282, ,
1, ,282, ,
1, ,282, ,
1, ,282, ,
1, ,281, ,
0, ,282, ,
3, ,282, ,
1, ,283, ,
1, ,281, ,
3, ,283, ,
1, ,282, ,
0, ,283, ,
3, ,281, ,
1, ,282, ,
1, ,282, ,
3, ,283, ,
1, ,281, ,
0, ,281, ,
3, ,281, ,
1, ,282, ,
1, ,281, ,
1, ,282, ,
1, ,282, ,
0, ,282, ,
3, ,281, ,
1, ,281, ,
1, ,282, ,
1, ,283, ,
1, ,282, ,
0, ,283, ,
3, ,282, ,
1, ,282, ,
1, ,280, ,
1, ,282, ,
1, ,282, ,
0, ,282, ,
3, ,281, ,
1, ,282, ,
1, ,282, ,
3, ,282, ,
1, ,281, ,
0, ,281, ,
3, ,281, ,
1, ,282, ,
1, ,281, ,
1, ,282, ,
1, ,281, ,
0, ,282, ,
3, ,282, ,
1, ,282, ,
1, ,282, ,
1, ,282, ,
1, ,281, ,
0, ,282, ,
3, ,282, ,
1, ,282, ,
1, ,281, ,
1, ,281, ,
1, ,282, ,
0, ,283, ,
3, ,281, ,
1, ,283, ,
1, ,282, ,
1, ,283, ,
1, ,282, ,
0, ,282, ,
3, ,282, ,
1, ,283, ,
1, ,281, ,
3, ,282, ,
1, ,281, ,
0, ,281, ,
3, ,282, ,
1, ,282, ,
1, ,281, ,
1, ,282, ,
1, ,282, ,
0, ,281, ,
3, ,281, ,
1, ,281, ,
1, ,281, ,
3, ,282, ,
1, ,282, ,
0, ,282, ,
3, ,282, ,
1, ,282, ,
1, ,281, ,
3, ,282, ,
1, ,281, ,
0, ,282, ,
3, ,281, ,
1, ,282, ,
1, ,281, ,
1, ,282, ,
1, ,281, ,
0, ,282, ,
3, ,281, ,
1, ,282, ,
1, ,281, ,
1, ,282, ,
1, ,281, ,
0, ,281, ,
3, ,282, ,
1, ,282, ,
1, ,281, ,
1, ,282, ,
1, ,282, ,
0, ,281, ,
3, ,281, ,
1, ,282, ,
1, ,281, ,
3, ,282, ,
1, ,280, ,
0, ,282, ,
3, ,281, ,
1, ,283, ,
1, ,281, ,
1, ,283, ,
1, ,282, ,
0, ,282, ,
3, ,281, ,
1, ,282, ,
1, ,282, ,
1, ,282, ,
1, ,281, ,
0, ,282, ,
3, ,281, ,
1, ,282, ,
1, ,281, ,
3, ,282, ,
1, ,282, ,
0, ,282, ,
3, ,282, ,
1, ,282, ,
1, ,281, ,
3, ,282, ,
1, ,281, ,
0, ,282, ,
3, ,282, ,
1, ,283, ,
1, ,281, ,
3, ,282, ,
1, ,282, ,
0, ,282, ,
3, ,281, ,
1, ,282, ,
1, ,282, ,
1, ,282, ,
1, ,281, ,
0, ,282, ,
3, ,282, ,
1, ,282, ,
1, ,281, ,
3, ,282, ,
1, ,282, ,
0, ,282, ,
3, ,281, ,
1, ,282, ,
1, ,282, ,
1, ,283, ,
1, ,281, ,
0, ,282, ,
3, ,281, ,
1, ,282, ,
1, ,281, ,
1, ,282, ,
1, ,282, ,
0, ,281, ,
3, ,282, ,
1, ,282, ,
0, ,282, ,
1, ,283, ,
1, ,281, ,
0, ,282, ,
3, ,281, ,
1, ,282, ,
1, ,281, ,
1, ,282, ,
1, ,282, ,
0, ,281, ,
3, ,280, ,
1, ,280, ,
1, ,281, ,
1, ,282, ,
1, ,282, ,
0, ,283, ,
3, ,282, ,
1, ,283, ,
1, ,281, ,
1, ,281, ,
1, ,281, ,
0, ,281, ,
3, ,281, ,
1, ,282, ,
1, ,282, ,
1, ,284, ,
1, ,282, ,
0, ,282, ,
3, ,281, ,
1, ,282, ,
1, ,281, ,
1, ,282, ,
1, ,282, ,
0, ,282, ,
3, ,281, ,
1, ,282, ,
1, ,281, ,
3, ,281, ,
1, ,281, ,
0, ,281, ,
3, ,282, ,
1, ,282, ,
1, ,281, ,
1, ,283, ,
1, ,282, ,
0, ,282, ,
3, ,281, ,
1, ,282, ,
1, ,281, ,
1, ,282, ,
1, ,281, ,
0, ,282, ,
3, ,281, ,
1, ,282, ,
1, ,281, ,
3, ,282, ,
1, ,282, ,
0, ,282, ,
3, ,281, ,
1, ,282, ,
1, ,283, ,
3, ,282, ,
1, ,281, ,
0, ,282, ,
3, ,282, ,
1, ,282, ,
1, ,280, ,
1, ,281, ,
1, ,282, ,
0, ,282, ,
1, ,281, ,
1, ,282, ,
1, ,282, ,
1, ,282, ,
1, ,281, ,
0, ,282, ,
3, ,282, ,
1, ,282, ,
1, ,281, ,
3, ,282, ,
1, ,282, ,
0, ,282, ,
3, ,281, ,
1, ,282, ,
1, ,281, ,
3, ,282, ,
1, ,281, ,
0, ,282, ,
3, ,282, ,
1, ,283, ,
1, ,281, ,
1, ,280, ,
1, ,281, ,
0, ,280, ,
3, ,279, ,
1, ,280, ,
1, ,283, ,
1, ,285, ,
1, ,284, ,
0, ,283, ,
3, ,281, ,
1, ,281, ,
1, ,280, ,
1, ,280, ,
1, ,281, ,
0, ,282, ,
3, ,281, ,
1, ,282, ,
1, ,281, ,
1, ,282, ,
1, ,281, ,
0, ,282, ,
3, ,281, ,
1, ,282, ,
1, ,281, ,
1, ,282, ,
1, ,282, ,
0, ,281, ,
3, ,280, ,
1, ,282, ,
1, ,281, ,
1, ,282, ,
1, ,281, ,
0, ,283, ,
1, ,281, ,
1, ,281, ,
1, ,281, ,
1, ,281, ,
1, ,281, ,
0, ,282, ,
1, ,280, ,
1, ,282, ,
1, ,282, ,
1, ,283, ,
1, ,281, ,
0, ,282, ,
3, ,282, ,
1, ,282, ,
0, ,281, ,
1, ,282, ,
1, ,282, ,
0, ,282, ,
1, ,281, ,
1, ,282, ,
0, ,282, ,
1, ,281, ,
1, ,281, ,
0, ,281, ,
3, ,281, ,
1, ,282, ,
1, ,281, ,
1, ,281, ,
1, ,282, ,
0, ,282, ,
3, ,281, ,
1, ,281, ,
1, ,281, ,
1, ,282, ,
1, ,281, ,
0, ,282, ,
3, ,282, ,
1, ,283, ,
1, ,280, ,
1, ,282, ,
1, ,282, ,
0, ,282, ,
3, ,281, ,
0, ,282, ,
1, ,282, ,
3, ,282, ,
1, ,280, ,
0, ,282, ,
3, ,281, ,
1, ,282, ,
1, ,281, ,
1, ,282, ,
1, ,281, ,
0, ,281, ,
3, ,281, ,
1, ,282, ,
1, ,281, ,
3, ,282, ,
1, ,281, ,
0, ,282, ,
3, ,282, ,
0, ,282, ,
1, ,281, ,
1, ,282, ,
1, ,281, ,
0, ,282, ,
3, ,281, ,
1, ,282, ,
0, ,281, ,
1, ,282, ,
1, ,281, ,
0, ,282, ,
3, ,282, ,
1, ,282, ,
1, ,281, ,
1, ,282, ,
1, ,282, ,
0, ,283, ,
3, ,282, ,
1, ,283, ,
1, ,281, ,
1, ,282, ,
1, ,281, ,
0, ,282, ,
3, ,282, ,
1, ,283, ,
1, ,282, ,
1, ,284, ,
1, ,282, ,
0, ,282, ,
3, ,281, ,
0, ,282, ,
1, ,282, ,
1, ,282, ,
1, ,281, ,
0, ,281, ,
3, ,282, ,
1, ,283, ,
1, ,281, ,
1, ,282, ,
1, ,282, ,
0, ,282, ,
3, ,282, ,
1, ,282, ,
1, ,282, ,
1, ,283, ,
1, ,282, ,
0, ,282, ,
3, ,282, ,
1, ,281, ,
1, ,281, ,
1, ,282, ,
1, ,282, ,
0, ,282, ,
3, ,282, ,
1, ,282, ,
1, ,282, ,
1, ,283, ,
1, ,281, ,
0, ,282, ,
3, ,282, ,
0, ,283, ,
1, ,281, ,
1, ,282, ,
1, ,282, ,
0, ,282, ,
3, ,281, ,
1, ,281, ,
0, ,281, ,
3, ,283, ,
1, ,282, ,
0, ,282, ,
3, ,283, ,
0, ,283, ,
1, ,281, ,
1, ,282, ,
1, ,282, ,
0, ,282, ,
3, ,281, ,
0, ,283, ,
0, ,281, ,
1, ,282, ,
1, ,281, ,
0, ,282, ,
3, ,281, ,
0, ,282, ,
1, ,282, ,
1, ,282, ,
1, ,282, ,
0, ,282, ,
1, ,282, ,
0, ,281, ,
0, ,281, ,
1, ,282, ,
1, ,281, ,
0, ,282, ,
3, ,281, ,
1, ,282, ,
0, ,281, ,
1, ,282, ,
1, ,282, ,
0, ,282, ,
3, ,281, ,
1, ,283, ,
0, ,282, ,
1, ,283, ,
1, ,281, ,
0, ,282, ,
3, ,281, ,
1, ,282, ,
1, ,281, ,
1, ,282, ,
1, ,281, ,
0, ,282, ,
3, ,282, ,
1, ,282, ,
1, ,281, ,
1, ,282, ,
1, ,281, ,
0, ,282, ,
3, ,282, ,
0, ,283, ,
1, ,282, ,
3, ,283, ,
1, ,282, ,
0, ,282, ,
3, ,282, ,
1, ,282, ,
1, ,281, ,
1, ,282, ,
1, ,281, ,
0, ,282, ,
3, ,282, ,
1, ,283, ,
1, ,281, ,
3, ,282, ,
1, ,282, ,
0, ,282, ,
3, ,281, ,
1, ,282, ,
1, ,273, ,
1, ,282, ,
1, ,289, ,
0, ,287, ,
3, ,281, ,
1, ,280, ,
1, ,281, ,
1, ,284, ,
1, ,281, ,
0, ,282, ,
3, ,283, ,
1, ,283, ,
1, ,280, ,
1, ,282, ,
1, ,282, ,
0, ,282, ,
3, ,282, ,
0, ,282, ,
1, ,281, ,
1, ,284, ,
1, ,281, ,
0, ,282, ,
1, ,281, ,
1, ,282, ,
0, ,282, ,
3, ,282, ,
1, ,281, ,
0, ,283, ,
3, ,282, ,
0, ,282, ,
1, ,281, ,
1, ,282, ,
1, ,281, ,
0, ,282, ,
1, ,281, ,
1, ,282, ,
0, ,282, ,
1, ,282, ,
1, ,281, ,
0, ,282, ,
3, ,281, ,
1, ,283, ,
1, ,281, ,
3, ,282, ,
1, ,282, ,
0, ,283, ,
3, ,281, ,
1, ,282, ,
1, ,282, ,
1, ,283, ,
1, ,281, ,
0, ,282, ,
1, ,282, ,
0, ,283, ,
1, ,282, ,
1, ,282, ,
1, ,282, ,
0, ,282, ,
3, ,282, ,
1, ,282, ,
0, ,281, ,
1, ,283, ,
0, ,282, ,
0, ,282, ,
3, ,282, ,
1, ,283, ,
1, ,281, ,
1, ,282, ,
1, ,282, ,
0, ,282, ,
3, ,281, ,
1, ,282, ,
1, ,282, ,
3, ,282, ,
1, ,281, ,
0, ,282, ,
3, ,282, ,
1, ,283, ,
0, ,282, ,
1, ,282, ,
1, ,282, ,
0, ,282, ,
3, ,281, ,
0, ,282, ,
1, ,281, ,
1, ,282, ,
1, ,281, ,
0, ,282, ,
3, ,282, ,
1, ,284, ,
0, ,281, ,
1, ,282, ,
1, ,281, ,
0, ,282, ,
1, ,281, ,
0, ,283, ,
1, ,282, ,
1, ,282, ,
1, ,281, ,
0, ,281, ,
3, ,282, ,
0, ,283, ,
0, ,281, ,
1, ,282, ,
1, ,282, ,
0, ,283, ,
3, ,281, ,
0, ,282, ,
0, ,281, ,
1, ,281, ,
1, ,280, ,
0, ,282, ,
3, ,282, ,
1, ,283, ,
0, ,282, ,
1, ,282, ,
1, ,282, ,
0, ,282, ,
3, ,281, ,
1, ,281, ,
0, ,281, ,
1, ,282, ,
1, ,282, ,
0, ,283, ,
3, ,282, ,
1, ,283, ,
1, ,281, ,
1, ,282, ,
1, ,281, ,
0, ,281, ,
1, ,281, ,
1, ,282, ,
1, ,282, ,
1, ,282, ,
1, ,281, ,
0, ,282, ,
3, ,282, ,
1, ,282, ,
1, ,281, ,
3, ,282, ,
1, ,282, ,
0, ,282, ,
1, ,282, ,
1, ,282, ,
0, ,282, ,
1, ,282, ,
1, ,281, ,
0, ,283, ,
1, ,282, ,
1, ,282, ,
1, ,282, ,
1, ,282, ,
1, ,282, ,
0, ,282, ,
3, ,281, ,
1, ,282, ,
0, ,282, ,
1, ,282, ,
0, ,281, ,
0, ,282, ,
1, ,281, ,
1, ,282, ,
1, ,281, ,
1, ,282, ,
1, ,282, ,
0, ,281, ,
1, ,281, ,
0, ,282, ,
1, ,283, ,
1, ,283, ,
0, ,282, ,
0, ,283, ,
1, ,282, ,
0, ,282, ,
0, ,281, ,
1, ,280, ,
0, ,281, ,
0, ,281, ,
3, ,281, ,
0, ,282, ,
0, ,282, ,
1, ,282, ,
1, ,282, ,
0, ,282, ,
1, ,282, ,
1, ,284, ,
0, ,282, ,
1, ,283, ,
1, ,283, ,
0, ,284, ,
3, ,281, ,
1, ,282, ,
1, ,282, ,
1, ,282, ,
1, ,281, ,
0, ,282, ,
1, ,280, ,
0, ,282, ,
1, ,281, ,
1, ,282, ,
1, ,281, ,
0, ,281, ,
1, ,280, ,
0, ,282, ,
0, ,281, ,
1, ,282, ,
1, ,281, ,
0, ,282, ,
3, ,281, ,
1, ,283, ,
0, ,283, ,
1, ,282, ,
1, ,283, ,
0, ,282, ,
3, ,282, ,
1, ,282, ,
1, ,282, ,
1, ,282, ,
1, ,281, ,
0, ,282, ,
1, ,282, ,
1, ,283, ,
1, ,282, ,
1, ,282, ,
1, ,281, ,
0, ,283, ,
3, ,282, ,
1, ,283, ,
1, ,282, ,
1, ,282, ,
1, ,281, ,
0, ,281, ,
3, ,280, ,
1, ,281, ,
1, ,280, ,
1, ,281, ,
1, ,282, ,
0, ,281, ,
1, ,281, ,
1, ,282, ,
1, ,281, ,
1, ,283, ,
1, ,281, ,
0, ,282, ,
1, ,282, ,
0, ,284, ,
1, ,282, ,
1, ,283, ,
1, ,283, ,
-1, ,282, ,
3, ,281, ,
0, ,281, ,
1, ,281, ,
1, ,281, ,
1, ,281, ,
0, ,281, ,
1, ,282, ,
1, ,282, ,
0, ,281, ,
1, ,282, ,
1, ,282, ,
0, ,282, ,
1, ,282, ,
1, ,282, ,
1, ,282, ,
1, ,282, ,
1, ,280, ,
0, ,281, ,
1, ,282, ,
1, ,282, ,
1, ,280, ,
1, ,282, ,
1, ,282, ,
0, ,282, ,
1, ,281, ,
1, ,281, ,
1, ,282, ,
1, ,283, ,
1, ,282, ,
0, ,282, ,
3, ,283, ,
0, ,283, ,
1, ,281, ,
1, ,282, ,
1, ,282, ,
0, ,281, ,
1, ,281, ,
1, ,282, ,
0, ,281, ,
1, ,282, ,
1, ,280, ,
0, ,281, ,
1, ,281, ,
0, ,282, ,
0, ,282, ,
1, ,282, ,
0, ,282, ,
-1, ,282, ,
1, ,282, ,
0, ,283, ,
0, ,282, ,
1, ,282, ,
1, ,282, ,
0, ,282, ,
3, ,281, ,
0, ,282, ,
0, ,281, ,
1, ,282, ,
1, ,282, ,
0, ,282, ,
3, ,281, ,
1, ,281, ,
0, ,281, ,
1, ,282, ,
1, ,283, ,
0, ,282, ,
3, ,281, ,
1, ,283, ,
0, ,282, ,
1, ,283, ,
1, ,282, ,
0, ,282, ,
3, ,281, ,
1, ,282, ,
0, ,282, ,
1, ,281, ,
1, ,280, ,
0, ,282, ,
1, ,281, ,
0, ,282, ,
0, ,282, ,
1, ,282, ,
1, ,282, ,
0, ,283, ,
3, ,281, ,
1, ,282, ,
0, ,282, ,
1, ,283, ,
1, ,281, ,
0, ,281, ,
3, ,282, ,
1, ,282, ,
1, ,281, ,
1, ,282, ,
0, ,282, ,
0, ,282, ,
3, ,281, ,
1, ,282, ,
1, ,282, ,
1, ,282, ,
1, ,282, ,
0, ,282, ,
3, ,281, ,
1, ,282, ,
0, ,281, ,
1, ,282, ,
1, ,282, ,
0, ,282, ,
3, ,281, ,
0, ,282, ,
1, ,282, ,
1, ,282, ,
1, ,281, ,
0, ,282, ,
3, ,281, ,
1, ,282, ,
1, ,281, ,
1, ,283, ,
1, ,281, ,
0, ,282, ,
3, ,281, ,
0, ,281, ,
0, ,283, ,
1, ,282, ,
1, ,282, ,
0, ,281, ,
3, ,282, ,
1, ,282, ,
1, ,281, ,
1, ,282, ,
1, ,282, ,
0, ,282, ,
3, ,281, ,
1, ,282, ,
1, ,282, ,
1, ,282, ,
1, ,281, ,
0, ,282, ,
3, ,282, ,
0, ,282, ,
1, ,281, ,
1, ,283, ,
0, ,282, ,
0, ,282, ,
3, ,281, ,
0, ,282, ,
0, ,281, ,
1, ,282, ,
0, ,281, ,
0, ,281, ,
3, ,282, ,
0, ,282, ,
1, ,281, ,
1, ,282, ,
1, ,281, ,
0, ,281, ,
3, ,281, ,
1, ,282, ,
1, ,281, ,
1, ,282, ,
1, ,281, ,
0, ,282, ,
1, ,282, ,
0, ,282, ,
1, ,281, ,
3, ,282, ,
1, ,281, ,
0, ,283, ,
1, ,281, ,
1, ,282, ,
0, ,282, ,
1, ,282, ,
1, ,281, ,
0, ,281, ,
3, ,282, ,
0, ,282, ,
1, ,281, ,
1, ,282, ,
1, ,281, ,
0, ,282, ,
1, ,281, ,
0, ,282, ,
0, ,282, ,
3, ,281, ,
1, ,281, ,
0, ,282, ,
1, ,281, ,
0, ,282, ,
0, ,281, ,
1, ,282, ,
1, ,282, ,
0, ,282, ,
1, ,281, ,
1, ,282, ,
0, ,282, ,
1, ,282, ,
0, ,282, ,
0, ,282, ,
3, ,282, ,
0, ,282, ,
0, ,281, ,
1, ,282, ,
1, ,282, ,
0, ,282, ,
1, ,281, ,
0, ,282, ,
0, ,282, ,
1, ,282, ,
1, ,281, ,
0, ,282, ,
1, ,282, ,
0, ,282, ,
0, ,281, ,
127, ,282, ,
75, ,281, ,
41, ,282, ,
29, ,281, ,
23, ,282, ,
14, ,282, ,
8, ,282, ,
6, ,282, ,
5, ,282, ,
8, ,282, ,
3, ,282, ,
1, ,281, ,
5, ,282, ,
3, ,281, ,
3, ,282, ,
4, ,281, ,
3, ,283, ,
4, ,282, ,
4, ,283, ,
3, ,282, ,
1, ,282, ,
5, ,282, ,
3, ,281, ,
3, ,281, ,
4, ,282, ,
4, ,282, ,
3, ,281, ,
5, ,282, ,
3, ,281, ,
3, ,282, ,
4, ,282, ,
4, ,281, ,
1, ,281, ,
4, ,282, ,
3, ,283, ,
3, ,281, ,
4, ,282, ,
4, ,282, ,
1, ,282, ,
4, ,281, ,
3, ,282, ,
3, ,281, ,
4, ,282, ,
4, ,282, ,
1, ,282, ,
4, ,282, ,
3, ,282, ,
3, ,281, ,
4, ,282, ,
4, ,281, ,
1, ,282, ,
4, ,281, ,
3, ,282, ,
3, ,282, ,
4, ,282, ,
4, ,282, ,
1, ,283, ,
4, ,282, ,
1, ,282, ,
3, ,281, ,
4, ,282, ,
4, ,282, ,
1, ,282, ,
4, ,282, ,
1, ,282, ,
3, ,282, ,
4, ,282, ,
4, ,281, ,
1, ,281, ,
4, ,280, ,
1, ,282, ,
3, ,281, ,
4, ,284, ,
3, ,282, ,
1, ,282, ,
4, ,282, ,
1, ,282, ,
3, ,282, ,
4, ,280, ,
4, ,281, ,
1, ,282, ,
4, ,282, ,
3, ,282, ,
3, ,281, ,
4, ,282, ,
4, ,282, ,
1, ,283, ,
4, ,281, ,
1, ,282, ,
3, ,281, ,
4, ,282, ,
4, ,282, ,
3, ,282, ,
4, ,282, ,
3, ,281, ,
3, ,281, ,
3, ,281, ,
3, ,281, ,
1, ,282, ,
4, ,282, ,
3, ,282, ,
3, ,282, ,
3, ,282, ,
3, ,281, ,
1, ,282, ,
4, ,282, ,
3, ,282, ,
3, ,281, ,
3, ,282, ,
3, ,282, ,
1, ,284, ,
4, ,281, ,
3, ,282, ,
3, ,281, ,
3, ,281, ,
3, ,281, ,
1, ,282, ,
4, ,282, ,
1, ,282, ,
1, ,281, ,
3, ,282, ,
3, ,282, ,
1, ,282, ,
4, ,281, ,
3, ,282, ,
3, ,282, ,
3, ,282, ,
3, ,281, ,
1, ,282, ,
4, ,282, ,
1, ,283, ,
1, ,281, ,
3, ,282, ,
3, ,282, ,
1, ,282, ,
4, ,281, ,
1, ,283, ,
3, ,281, ,
3, ,282, ,
3, ,281, ,
1, ,281, ,
4, ,281, ,
1, ,283, ,
3, ,282, ,
3, ,282, ,
3, ,281, ,
1, ,282, ,
4, ,281, ,
3, ,282, ,
3, ,281, ,
3, ,282, ,
3, ,281, ,
1, ,282, ,
4, ,282, ,
3, ,282, ,
1, ,281, ,
3, ,282, ,
3, ,281, ,
1, ,282, ,
4, ,281, ,
3, ,282, ,
3, ,282, ,
3, ,282, ,
3, ,282, ,
1, ,282, ,
4, ,282, ,
1, ,282, ,
1, ,281, ,
3, ,281, ,
3, ,281, ,
1, ,281, ,
3, ,281, ,
3, ,282, ,
3, ,281, ,
3, ,282, ,
3, ,281, ,
1, ,282, ,
4, ,281, ,
3, ,281, ,
3, ,281, ,
3, ,281, ,
3, ,282, ,
1, ,282, ,
3, ,281, ,
1, ,282, ,
3, ,281, ,
3, ,282, ,
3, ,281, ,
1, ,282, ,
4, ,282, ,
3, ,282, ,
3, ,281, ,
3, ,282, ,
3, ,282, ,
1, ,282, ,
4, ,281, ,
1, ,282, ,
1, ,281, ,
3, ,283, ,
3, ,281, ,
1, ,282, ,
3, ,281, ,
1, ,283, ,
3, ,281, ,
3, ,282, ,
3, ,282, ,
1, ,282, ,
4, ,280, ,
3, ,282, ,
3, ,281, ,
3, ,283, ,
3, ,281, ,
1, ,282, ,
4, ,282, ,
1, ,282, ,
1, ,281, ,
3, ,282, ,
1, ,282, ,
1, ,282, ,
4, ,281, ,
1, ,282, ,
1, ,282, ,
3, ,283, ,
3, ,281, ,
1, ,282, ,
3, ,281, ,
1, ,282, ,
1, ,281, ,
3, ,281, ,
1, ,282, ,
1, ,282, ,
3, ,282, ,
1, ,282, ,
3, ,281, ,
3, ,282, ,
1, ,281, ,
1, ,282, ,
4, ,281, ,
1, ,282, ,
3, ,281, ,
3, ,282, ,
3, ,282, ,
1, ,282, ,
3, ,281, ,
1, ,282, ,
1, ,282, ,
3, ,283, ,
3, ,281, ,
1, ,282, ,
3, ,282, ,
1, ,282, ,
1, ,282, ,
3, ,282, ,
1, ,282, ,
1, ,282, ,
3, ,281, ,
1, ,282, ,
1, ,282, ,
3, ,281, ,
3, ,281, ,
1, ,282, ,
3, ,281, ,
1, ,282, ,
1, ,281, ,
3, ,282, ,
3, ,282, ,
1, ,281, ,
3, ,281, ,
1, ,281, ,
3, ,281, ,
3, ,283, ,
3, ,282, ,
1, ,282, ,
3, ,282, ,
1, ,283, ,
1, ,280, ,
3, ,282, ,
1, ,282, ,
1, ,283, ,
3, ,281, ,
1, ,282, ,
1, ,282, ,
3, ,282, ,
3, ,281, ,
1, ,282, ,
3, ,281, ,
1, ,282, ,
1, ,281, ,
3, ,282, ,
3, ,283, ,
1, ,283, ,
3, ,281, ,
1, ,282, ,
1, ,282, ,
3, ,282, ,
3, ,282, ,
1, ,282, ,
3, ,282, ,
1, ,282, ,
1, ,281, ,
3, ,282, ,
1, ,282, ,
1, ,282, ,
3, ,282, ,
1, ,283, ,
1, ,281, ,
3, ,282, ,
3, ,280, ,
1, ,282, ,
3, ,281, ,
1, ,282, ,
1, ,281, ,
3, ,282, ,
1, ,281, ,
1, ,282, ,
3, ,281, ,
1, ,282, ,
1, ,281, ,
3, ,279, ,
1, ,279, ,
1, ,280, ,
3, ,283, ,
1, ,284, ,
1, ,284, ,
3, ,284, ,
1, ,282, ,
1, ,280, ,
3, ,280, ,
1, ,282, ,
1, ,282, ,
3, ,282, ,
3, ,281, ,
1, ,283, ,
3, ,282, ,
1, ,282, ,
1, ,281, ,
3, ,282, ,
1, ,282, ,
1, ,282, ,
3, ,281, ,
1, ,282, ,
1, ,282, ,
3, ,282, ,
1, ,281, ,
1, ,281, ,
3, ,281, ,
1, ,282, ,
1, ,281, ,
3, ,282, ,
3, ,281, ,
1, ,282, ,
3, ,281, ,
1, ,281, ,
1, ,282, ,
3, ,282, ,
1, ,281, ,
1, ,282, ,
3, ,281, ,
1, ,282, ,
1, ,281, ,
3, ,282, ,
1, ,281, ,
1, ,282, ,
3, ,281, ,
1, ,282, ,
1, ,282, ,
1, ,283, ,
1, ,281, ,
1, ,282, ,
3, ,281, ,
1, ,282, ,
1, ,281, ,
3, ,282, ,
1, ,281, ,
1, ,282, ,
3, ,281, ,
1, ,282, ,
1, ,282, ,
3, ,281, ,
1, ,281, ,
0, ,281, ,
3, ,281, ,
1, ,282, ,
1, ,281, ,
3, ,282, ,
1, ,282, ,
0, ,282, ,
3, ,281, ,
1, ,282, ,
1, ,281, ,
3, ,282, ,
1, ,281, ,
0, ,282, ,
3, ,281, ,
1, ,282, ,
1, ,281, ,
3, ,282, ,
1, ,282, ,
1, ,281, ,
3, ,281, ,
1, ,282, ,
1, ,281, ,
3, ,281, ,
1, ,281, ,
1, ,281, ,
3, ,281, ,
1, ,282, ,
1, ,281, ,
3, ,282, ,
1, ,282, ,
1, ,282, ,
3, ,281, ,
1, ,281, ,
1, ,282, ,
3, ,281, ,
1, ,281, ,
1, ,281, ,
3, ,281, ,
1, ,282, ,
1, ,281, ,
3, ,281, ,
1, ,282, ,
1, ,282, ,
3, ,281, ,
1, ,282, ,
1, ,282, ,
3, ,283, ,
1, ,282, ,
0, ,282, ,
3, ,282, ,
1, ,282, ,
1, ,281, ,
3, ,282, ,
1, ,282, ,
0, ,282, ,
3, ,281, ,
1, ,284, ,
1, ,282, ,
3, ,282, ,
1, ,282, ,
0, ,282, ,
3, ,282, ,
1, ,282, ,
1, ,280, ,
3, ,282, ,
1, ,282, ,
0, ,282, ,
3, ,282, ,
1, ,282, ,
1, ,282, ,
1, ,283, ,
1, ,282, ,
0, ,282, ,
3, ,282, ,
1, ,283, ,
1, ,281, ,
3, ,282, ,
3, ,281, ,
0, ,282, ,
3, ,281, ,
1, ,282, ,
1, ,282, ,
3, ,283, ,
1, ,282, ,
0, ,282, ,
3, ,283, ,
1, ,282, ,
1, ,281, ,
1, ,282, ,
1, ,282, ,
0, ,282, ,
3, ,281, ,
1, ,282, ,
1, ,281, ,
1, ,282, ,
1, ,282, ,
0, ,283, ,
3, ,282, ,
1, ,282, ,
1, ,281, ,
3, ,282, ,
1, ,282, ,
0, ,282, ,
3, ,282, ,
1, ,283, ,
1, ,282, ,
3, ,282, ,
1, ,282, ,
0, ,281, ,
3, ,282, ,
1, ,282, ,
1, ,281, ,
1, ,281, ,
1, ,282, ,
0, ,282, ,
3, ,283, ,
1, ,283, ,
1, ,283, ,
1, ,282, ,
3, ,282, ,
0, ,282, ,
3, ,281, ,
1, ,282, ,
1, ,282, ,
3, ,282, ,
3, ,282, ,
0, ,282, ,
3, ,281, ,
1, ,283, ,
1, ,282, ,
1, ,282, ,
1, ,281, ,
0, ,282, ,
3, ,282, ,
1, ,282, ,
1, ,281, ,
1, ,281, ,
1, ,282, ,
0, ,281, ,
3, ,281, ,
1, ,282, ,
1, ,282, ,
3, ,282, ,
1, ,281, ,
0, ,282, ,
3, ,281, ,
1, ,282, ,
1, ,281, ,
3, ,283, ,
1, ,282, ,
0, ,282, ,
3, ,282, ,
1, ,282, ,
1, ,282, ,
3, ,283, ,
1, ,281, ,
0, ,282, ,
3, ,282, ,
1, ,282, ,
1, ,282, ,
1, ,282, ,
1, ,282, ,
0, ,282, ,
3, ,281, ,
1, ,283, ,
1, ,282, ,
3, ,282, ,
1, ,280, ,
0, ,282, ,
3, ,281, ,
1, ,282, ,
1, ,281, ,
3, ,282, ,
1, ,282, ,
0, ,282, ,
3, ,281, ,
1, ,282, ,
1, ,281, ,
1, ,282, ,
1, ,280, ,
0, ,282, ,
3, ,282, ,
1, ,283, ,
1, ,281, ,
3, ,282, ,
1, ,282, ,
0, ,282, ,
3, ,281, ,
1, ,282, ,
1, ,282, ,
1, ,283, ,
1, ,282, ,
0, ,283, ,
3, ,282, ,
1, ,282, ,
1, ,281, ,
3, ,282, ,
1, ,282, ,
0, ,282, ,
3, ,281, ,
1, ,282, ,
1, ,282, ,
1, ,282, ,
1, ,281, ,
0, ,282, ,
3, ,282, ,
1, ,283, ,
1, ,281, ,
1, ,283, ,
1, ,281, ,
0, ,282, ,
3, ,282, ,
1, ,283, ,
1, ,281, ,
1, ,283, ,
1, ,282, ,
0, ,282, ,
3, ,282, ,
1, ,282, ,
1, ,281, ,
1, ,282, ,
1, ,282, ,
0, ,282, ,
3, ,281, ,
1, ,283, ,
1, ,282, ,
1, ,282, ,
1, ,282, ,
0, ,282, ,
3, ,282, ,
1, ,283, ,
1, ,282, ,
1, ,282, ,
1, ,283, ,
0, ,282, ,
3, ,281, ,
1, ,282, ,
1, ,282, ,
3, ,283, ,
1, ,281, ,
0, ,282, ,
3, ,282, ,
1, ,282, ,
1, ,281, ,
1, ,283, ,
1, ,282, ,
0, ,283, ,
3, ,282, ,
1, ,282, ,
1, ,282, ,
1, ,282, ,
1, ,282, ,
0, ,282, ,
3, ,282, ,
1, ,283, ,
1, ,281, ,
3, ,282, ,
1, ,282, ,
0, ,282, ,
3, ,281, ,
1, ,282, ,
1, ,282, ,
1, ,282, ,
1, ,281, ,
0, ,281, ,
3, ,282, ,
1, ,283, ,
1, ,280, ,
3, ,282, ,
1, ,282, ,
0, ,282, ,
3, ,281, ,
1, ,282, ,
1, ,282, ,
1, ,282, ,
1, ,281, ,
0, ,282, ,
3, ,282, ,
1, ,282, ,
1, ,282, ,
1, ,283, ,
1, ,282, ,
0, ,282, ,
3, ,282, ,
1, ,282, ,
1, ,282, ,
3, ,283, ,
1, ,281, ,
0, ,282, ,
3, ,282, ,
1, ,282, ,
1, ,281, ,
1, ,282, ,
1, ,281, ,
0, ,282, ,
3, ,282, ,
1, ,282, ,
1, ,282, ,
1, ,282, ,
1, ,281, ,
0, ,284, ,
3, ,282, ,
1, ,282, ,
1, ,281, ,
1, ,282, ,
1, ,283, ,
0, ,282, ,
3, ,281, ,
1, ,282, ,
1, ,281, ,
1, ,282, ,
1, ,282, ,
0, ,282, ,
3, ,282, ,
1, ,282, ,
1, ,281, ,
1, ,282, ,
1, ,282, ,
0, ,282, ,
3, ,282, ,
1, ,282, ,
1, ,283, ,
1, ,282, ,
1, ,280, ,
0, ,282, ,
3, ,282, ,
1, ,283, ,
1, ,281, ,
1, ,282, ,
1, ,281, ,
0, ,282, ,
3, ,282, ,
1, ,283, ,
1, ,282, ,
1, ,282, ,
