Format,1.0B,
Memory Length,10000,Memory Length,10000,
IntpDistance,0,IntpDistance,0,
Trigger Address,5159,Trigger Address,5159,
Trigger Level,3.000E-01,Trigger Level,3.000E-01,
Source,CH1,Source,CH2,
Vertical Units,V,Vertical Units,V,
Vertical Units Div,0,Vertical Units Div,0,
Vertical Units Extend Div,16,Vertical Units Extend Div,16,
Label,,Label,,
Probe Type,0,Probe Type,0,
Probe Ratio,1.000e+01,Probe Ratio,1.000e+00,
Vertical Scale,5.000e-01,Vertical Scale,2.000e-01,
Vertical Position,-1.780e+00,Vertical Position,-2.240e+00,
Horizontal Units,S,Horizontal Units,S,
Horizontal Scale,2.000E-05,Horizontal Scale,2.000E-05,
Horizontal Position,-3.200E-06,Horizontal Position,-3.200E-06,
Horizontal Mode,Main,Horizontal Mode,Main,
SincET Mode,Real Time,SincET Mode,Real Time,
Sampling Period,2.000e-08,Sampling Period,2.000e-08,
Horizontal Old Scale,2.000E-05,Horizontal Old Scale,2.000E-05,
Horizontal Old Position,-3.200E-06,Horizontal Old Position,-3.200E-06,
Firmware,V1.23,Firmware,V1.23,
Mode,Fast,Mode,Fast,
Waveform Data,,Waveform Data,,
1, ,262, ,
0, ,264, ,
3, ,263, ,
1, ,262, ,
1, ,263, ,
1, ,263, ,
1, ,263, ,
0, ,263, ,
3, ,262, ,
1, ,264, ,
1, ,262, ,
3, ,262, ,
3, ,263, ,
0, ,263, ,
3, ,262, ,
1, ,262, ,
1, ,262, ,
1, ,263, ,
1, ,262, ,
0, ,263, ,
3, ,263, ,
1, ,264, ,
1, ,263, ,
3, ,263, ,
3, ,263, ,
0, ,263, ,
3, ,262, ,
1, ,263, ,
1, ,263, ,
1, ,262, ,
1, ,263, ,
0, ,263, ,
3, ,263, ,
1, ,263, ,
1, ,263, ,
1, ,262, ,
1, ,263, ,
0, ,263, ,
3, ,262, ,
1, ,263, ,
1, ,262, ,
3, ,263, ,
3, ,262, ,
0, ,263, ,
3, ,263, ,
1, ,263, ,
1, ,262, ,
1, ,263, ,
1, ,262, ,
0, ,263, ,
3, ,263, ,
1, ,262, ,
1, ,264, ,
1, ,263, ,
1, ,263, ,
0, ,262, ,
1, ,263, ,
1, ,263, ,
1, ,263, ,
107, ,262, ,
65, ,263, ,
42, ,263, ,
29, ,262, ,
19, ,263, ,
11, ,263, ,
8, ,263, ,
6, ,262, ,
5, ,262, ,
5, ,263, ,
3, ,263, ,
3, ,262, ,
5, ,262, ,
4, ,263, ,
1, ,263, ,
4, ,262, ,
3, ,263, ,
3, ,263, ,
4, ,263, ,
4, ,263, ,
1, ,262, ,
4, ,262, ,
1, ,263, ,
3, ,263, ,
4, ,263, ,
4, ,262, ,
3, ,263, ,
4, ,262, ,
3, ,262, ,
3, ,263, ,
4, ,263, ,
4, ,261, ,
1, ,262, ,
4, ,262, ,
3, ,263, ,
3, ,263, ,
4, ,263, ,
4, ,262, ,
3, ,263, ,
4, ,262, ,
3, ,263, ,
3, ,263, ,
4, ,263, ,
4, ,263, ,
3, ,263, ,
4, ,262, ,
3, ,263, ,
3, ,263, ,
4, ,263, ,
4, ,262, ,
1, ,262, ,
4, ,262, ,
3, ,263, ,
3, ,263, ,
3, ,263, ,
4, ,262, ,
1, ,262, ,
4, ,262, ,
3, ,263, ,
3, ,262, ,
3, ,263, ,
4, ,262, ,
1, ,263, ,
4, ,262, ,
1, ,262, ,
3, ,263, ,
4, ,263, ,
3, ,262, ,
3, ,262, ,
4, ,261, ,
1, ,263, ,
3, ,262, ,
4, ,262, ,
4, ,262, ,
1, ,263, ,
4, ,262, ,
1, ,262, ,
3, ,262, ,
3, ,263, ,
3, ,262, ,
1, ,263, ,
4, ,261, ,
1, ,263, ,
3, ,263, ,
4, ,262, ,
3, ,263, ,
1, ,264, ,
4, ,262, ,
3, ,262, ,
3, ,263, ,
4, ,264, ,
3, ,262, ,
3, ,263, ,
4, ,262, ,
1, ,263, ,
3, ,262, ,
3, ,262, ,
3, ,262, ,
1, ,263, ,
4, ,263, ,
3, ,262, ,
3, ,263, ,
4, ,262, ,
3, ,262, ,
1, ,263, ,
4, ,262, ,
3, ,264, ,
3, ,262, ,
3, ,263, ,
3, ,263, ,
1, ,263, ,
4, ,263, ,
3, ,263, ,
3, ,263, ,
3, ,263, ,
3, ,262, ,
1, ,262, ,
4, ,263, ,
3, ,263, ,
3, ,263, ,
3, ,263, ,
3, ,263, ,
1, ,263, ,
4, ,262, ,
1, ,263, ,
3, ,263, ,
3, ,262, ,
3, ,262, ,
3, ,262, ,
4, ,263, ,
3, ,263, ,
3, ,263, ,
3, ,262, ,
3, ,262, ,
1, ,263, ,
4, ,261, ,
1, ,262, ,
3, ,263, ,
3, ,263, ,
3, ,261, ,
1, ,261, ,
4, ,262, ,
1, ,263, ,
3, ,263, ,
3, ,262, ,
3, ,261, ,
1, ,262, ,
4, ,262, ,
1, ,262, ,
3, ,264, ,
3, ,264, ,
3, ,262, ,
1, ,263, ,
3, ,262, ,
1, ,263, ,
3, ,262, ,
3, ,262, ,
3, ,263, ,
1, ,263, ,
4, ,262, ,
3, ,262, ,
3, ,262, ,
3, ,264, ,
3, ,262, ,
1, ,263, ,
4, ,262, ,
1, ,263, ,
3, ,263, ,
3, ,263, ,
3, ,263, ,
1, ,263, ,
4, ,262, ,
3, ,262, ,
3, ,263, ,
3, ,263, ,
3, ,262, ,
1, ,262, ,
4, ,262, ,
1, ,263, ,
3, ,262, ,
3, ,263, ,
3, ,262, ,
1, ,263, ,
3, ,262, ,
1, ,262, ,
3, ,263, ,
3, ,263, ,
3, ,262, ,
1, ,262, ,
3, ,263, ,
3, ,263, ,
3, ,263, ,
3, ,262, ,
3, ,262, ,
1, ,263, ,
3, ,262, ,
1, ,263, ,
3, ,263, ,
3, ,262, ,
3, ,262, ,
1, ,264, ,
4, ,262, ,
1, ,263, ,
3, ,263, ,
3, ,263, ,
3, ,262, ,
1, ,263, ,
3, ,262, ,
1, ,263, ,
3, ,263, ,
3, ,262, ,
3, ,263, ,
1, ,263, ,
3, ,262, ,
1, ,263, ,
3, ,262, ,
3, ,263, ,
3, ,262, ,
1, ,262, ,
3, ,262, ,
3, ,262, ,
3, ,263, ,
3, ,263, ,
3, ,262, ,
44, ,263, ,
48, ,263, ,
33, ,263, ,
20, ,262, ,
13, ,262, ,
8, ,262, ,
6, ,263, ,
6, ,262, ,
4, ,262, ,
3, ,263, ,
4, ,263, ,
3, ,262, ,
3, ,262, ,
5, ,262, ,
1, ,262, ,
4, ,262, ,
4, ,262, ,
4, ,263, ,
1, ,263, ,
4, ,262, ,
3, ,262, ,
4, ,262, ,
4, ,263, ,
4, ,262, ,
3, ,263, ,
4, ,262, ,
1, ,263, ,
3, ,262, ,
4, ,262, ,
4, ,261, ,
1, ,263, ,
4, ,262, ,
1, ,262, ,
3, ,263, ,
4, ,263, ,
4, ,262, ,
3, ,263, ,
4, ,262, ,
3, ,262, ,
3, ,262, ,
4, ,263, ,
4, ,262, ,
3, ,263, ,
4, ,262, ,
3, ,263, ,
3, ,262, ,
3, ,263, ,
4, ,262, ,
1, ,263, ,
4, ,263, ,
3, ,262, ,
3, ,261, ,
4, ,262, ,
3, ,263, ,
3, ,263, ,
4, ,262, ,
3, ,263, ,
3, ,262, ,
4, ,263, ,
4, ,262, ,
1, ,262, ,
4, ,262, ,
1, ,263, ,
3, ,263, ,
4, ,263, ,
4, ,262, ,
1, ,263, ,
4, ,262, ,
1, ,262, ,
3, ,262, ,
4, ,263, ,
4, ,262, ,
1, ,262, ,
4, ,262, ,
1, ,263, ,
3, ,262, ,
3, ,262, ,
3, ,262, ,
1, ,264, ,
4, ,262, ,
3, ,263, ,
4, ,263, ,
3, ,263, ,
3, ,262, ,
1, ,262, ,
4, ,262, ,
1, ,263, ,
3, ,262, ,
3, ,263, ,
3, ,262, ,
1, ,262, ,
4, ,263, ,
1, ,263, ,
3, ,263, ,
3, ,263, ,
3, ,261, ,
1, ,263, ,
4, ,263, ,
3, ,262, ,
3, ,262, ,
4, ,262, ,
4, ,262, ,
1, ,263, ,
4, ,263, ,
3, ,262, ,
3, ,263, ,
3, ,263, ,
4, ,262, ,
1, ,263, ,
4, ,262, ,
3, ,262, ,
3, ,263, ,
3, ,263, ,
3, ,262, ,
1, ,263, ,
4, ,262, ,
1, ,263, ,
3, ,263, ,
3, ,263, ,
3, ,262, ,
1, ,262, ,
3, ,262, ,
1, ,263, ,
3, ,262, ,
3, ,262, ,
3, ,262, ,
1, ,263, ,
4, ,262, ,
4, ,263, ,
3, ,263, ,
3, ,262, ,
3, ,262, ,
1, ,263, ,
4, ,261, ,
1, ,261, ,
3, ,261, ,
3, ,261, ,
3, ,263, ,
1, ,264, ,
3, ,263, ,
1, ,263, ,
3, ,262, ,
3, ,263, ,
3, ,261, ,
1, ,263, ,
4, ,262, ,
3, ,263, ,
3, ,263, ,
3, ,263, ,
3, ,262, ,
1, ,263, ,
4, ,263, ,
3, ,262, ,
3, ,262, ,
3, ,263, ,
3, ,262, ,
3, ,262, ,
3, ,262, ,
1, ,264, ,
1, ,262, ,
3, ,262, ,
3, ,262, ,
1, ,263, ,
4, ,262, ,
1, ,262, ,
3, ,262, ,
3, ,263, ,
3, ,262, ,
1, ,262, ,
4, ,262, ,
3, ,263, ,
3, ,262, ,
3, ,262, ,
3, ,262, ,
1, ,263, ,
3, ,263, ,
3, ,262, ,
3, ,262, ,
3, ,263, ,
3, ,261, ,
1, ,263, ,
4, ,262, ,
1, ,263, ,
3, ,262, ,
3, ,263, ,
3, ,262, ,
1, ,263, ,
4, ,262, ,
1, ,262, ,
3, ,263, ,
3, ,263, ,
3, ,262, ,
1, ,263, ,
4, ,263, ,
3, ,263, ,
3, ,262, ,
3, ,263, ,
3, ,262, ,
1, ,263, ,
4, ,262, ,
1, ,262, ,
3, ,262, ,
3, ,263, ,
3, ,262, ,
1, ,262, ,
4, ,263, ,
3, ,262, ,
3, ,262, ,
3, ,262, ,
3, ,262, ,
1, ,263, ,
4, ,262, ,
1, ,262, ,
3, ,262, ,
3, ,263, ,
3, ,262, ,
1, ,263, ,
4, ,253, ,
3, ,262, ,
3, ,269, ,
3, ,268, ,
3, ,261, ,
1, ,261, ,
3, ,262, ,
3, ,264, ,
1, ,262, ,
3, ,262, ,
3, ,262, ,
1, ,262, ,
4, ,261, ,
3, ,263, ,
3, ,262, ,
3, ,262, ,
3, ,261, ,
1, ,263, ,
4, ,262, ,
1, ,262, ,
1, ,263, ,
3, ,262, ,
3, ,262, ,
1, ,262, ,
3, ,261, ,
1, ,264, ,
3, ,261, ,
3, ,262, ,
3, ,262, ,
1, ,263, ,
4, ,262, ,
1, ,262, ,
3, ,263, ,
3, ,262, ,
3, ,262, ,
1, ,262, ,
4, ,263, ,
3, ,263, ,
3, ,263, ,
3, ,263, ,
3, ,262, ,
1, ,262, ,
3, ,262, ,
1, ,262, ,
1, ,262, ,
3, ,263, ,
3, ,262, ,
1, ,263, ,
3, ,262, ,
1, ,263, ,
3, ,262, ,
3, ,262, ,
3, ,262, ,
1, ,262, ,
3, ,262, ,
3, ,262, ,
3, ,262, ,
3, ,262, ,
3, ,261, ,
1, ,262, ,
3, ,262, ,
1, ,263, ,
1, ,262, ,
1, ,262, ,
3, ,263, ,
1, ,264, ,
3, ,263, ,
1, ,263, ,
1, ,263, ,
1, ,262, ,
3, ,262, ,
1, ,261, ,
3, ,261, ,
1, ,261, ,
3, ,261, ,
3, ,261, ,
3, ,261, ,
1, ,262, ,
3, ,260, ,
1, ,260, ,
3, ,263, ,
3, ,265, ,
3, ,266, ,
1, ,266, ,
3, ,264, ,
1, ,263, ,
3, ,260, ,
3, ,261, ,
3, ,261, ,
1, ,262, ,
3, ,262, ,
1, ,262, ,
3, ,262, ,
1, ,263, ,
3, ,262, ,
1, ,262, ,
3, ,262, ,
1, ,264, ,
1, ,263, ,
3, ,263, ,
3, ,262, ,
1, ,263, ,
3, ,262, ,
1, ,261, ,
3, ,262, ,
3, ,262, ,
3, ,262, ,
1, ,262, ,
3, ,261, ,
1, ,263, ,
1, ,262, ,
3, ,261, ,
3, ,261, ,
0, ,262, ,
3, ,261, ,
1, ,261, ,
1, ,263, ,
3, ,263, ,
3, ,262, ,
1, ,263, ,
3, ,263, ,
1, ,263, ,
1, ,262, ,
3, ,263, ,
3, ,262, ,
1, ,262, ,
3, ,261, ,
1, ,260, ,
1, ,261, ,
3, ,261, ,
3, ,262, ,
1, ,261, ,
3, ,262, ,
1, ,263, ,
1, ,260, ,
3, ,261, ,
3, ,262, ,
0, ,263, ,
3, ,262, ,
1, ,263, ,
1, ,261, ,
3, ,263, ,
3, ,261, ,
1, ,263, ,
3, ,262, ,
1, ,263, ,
1, ,261, ,
3, ,261, ,
3, ,261, ,
1, ,262, ,
3, ,262, ,
1, ,262, ,
1, ,263, ,
3, ,263, ,
3, ,262, ,
1, ,263, ,
3, ,262, ,
1, ,263, ,
1, ,262, ,
3, ,262, ,
3, ,261, ,
1, ,262, ,
3, ,262, ,
1, ,261, ,
1, ,260, ,
1, ,262, ,
1, ,261, ,
1, ,261, ,
3, ,261, ,
1, ,262, ,
3, ,262, ,
3, ,263, ,
3, ,263, ,
0, ,263, ,
3, ,262, ,
1, ,262, ,
1, ,263, ,
3, ,263, ,
1, ,262, ,
0, ,262, ,
3, ,262, ,
1, ,263, ,
1, ,262, ,
3, ,262, ,
1, ,262, ,
0, ,261, ,
3, ,261, ,
1, ,261, ,
1, ,261, ,
1, ,263, ,
1, ,263, ,
0, ,264, ,
3, ,264, ,
1, ,263, ,
1, ,262, ,
3, ,263, ,
3, ,262, ,
0, ,263, ,
3, ,262, ,
1, ,263, ,
1, ,262, ,
3, ,262, ,
3, ,262, ,
1, ,263, ,
3, ,262, ,
1, ,263, ,
1, ,262, ,
3, ,263, ,
1, ,263, ,
0, ,263, ,
3, ,263, ,
1, ,264, ,
1, ,263, ,
1, ,263, ,
1, ,262, ,
0, ,262, ,
3, ,262, ,
1, ,262, ,
1, ,262, ,
3, ,262, ,
3, ,262, ,
0, ,263, ,
3, ,262, ,
1, ,262, ,
3, ,263, ,
3, ,264, ,
1, ,264, ,
0, ,263, ,
3, ,263, ,
1, ,263, ,
1, ,263, ,
1, ,263, ,
1, ,262, ,
0, ,263, ,
3, ,262, ,
1, ,263, ,
1, ,262, ,
3, ,263, ,
3, ,262, ,
0, ,262, ,
3, ,262, ,
1, ,263, ,
1, ,262, ,
3, ,263, ,
3, ,262, ,
0, ,262, ,
3, ,262, ,
1, ,262, ,
3, ,262, ,
3, ,263, ,
1, ,262, ,
0, ,263, ,
3, ,262, ,
1, ,262, ,
98, ,261, ,
60, ,262, ,
36, ,261, ,
24, ,263, ,
19, ,262, ,
10, ,262, ,
6, ,263, ,
6, ,263, ,
6, ,262, ,
4, ,263, ,
4, ,263, ,
3, ,263, ,
4, ,263, ,
5, ,263, ,
4, ,263, ,
1, ,263, ,
5, ,263, ,
3, ,263, ,
3, ,263, ,
4, ,263, ,
4, ,261, ,
3, ,261, ,
5, ,262, ,
3, ,262, ,
3, ,261, ,
4, ,261, ,
4, ,262, ,
3, ,262, ,
4, ,262, ,
3, ,263, ,
3, ,263, ,
4, ,263, ,
4, ,263, ,
1, ,263, ,
4, ,263, ,
3, ,263, ,
3, ,262, ,
4, ,262, ,
4, ,262, ,
3, ,262, ,
4, ,263, ,
1, ,262, ,
3, ,263, ,
4, ,263, ,
4, ,262, ,
1, ,263, ,
4, ,263, ,
1, ,263, ,
3, ,263, ,
3, ,263, ,
4, ,262, ,
3, ,262, ,
4, ,261, ,
3, ,263, ,
4, ,262, ,
4, ,263, ,
3, ,262, ,
1, ,262, ,
4, ,263, ,
3, ,263, ,
3, ,262, ,
3, ,263, ,
3, ,263, ,
1, ,263, ,
4, ,263, ,
3, ,263, ,
3, ,263, ,
4, ,263, ,
4, ,262, ,
1, ,263, ,
4, ,263, ,
3, ,263, ,
3, ,262, ,
4, ,263, ,
4, ,262, ,
1, ,262, ,
4, ,262, ,
3, ,263, ,
3, ,261, ,
4, ,263, ,
4, ,262, ,
3, ,263, ,
4, ,262, ,
3, ,264, ,
3, ,262, ,
3, ,263, ,
4, ,263, ,
1, ,263, ,
4, ,263, ,
1, ,262, ,
3, ,263, ,
3, ,263, ,
4, ,262, ,
1, ,263, ,
4, ,263, ,
1, ,263, ,
3, ,262, ,
4, ,262, ,
3, ,261, ,
1, ,263, ,
4, ,262, ,
1, ,264, ,
3, ,264, ,
3, ,264, ,
4, ,262, ,
1, ,263, ,
4, ,262, ,
1, ,262, ,
3, ,262, ,
3, ,263, ,
4, ,262, ,
1, ,263, ,
4, ,263, ,
1, ,262, ,
3, ,262, ,
3, ,263, ,
3, ,262, ,
1, ,263, ,
4, ,263, ,
1, ,263, ,
3, ,263, ,
3, ,263, ,
3, ,263, ,
1, ,263, ,
3, ,262, ,
3, ,262, ,
3, ,263, ,
4, ,264, ,
3, ,262, ,
1, ,264, ,
4, ,262, ,
3, ,263, ,
3, ,262, ,
3, ,263, ,
3, ,262, ,
1, ,263, ,
4, ,262, ,
3, ,262, ,
3, ,263, ,
3, ,263, ,
3, ,262, ,
1, ,262, ,
4, ,262, ,
3, ,263, ,
3, ,261, ,
3, ,263, ,
3, ,262, ,
1, ,263, ,
4, ,262, ,
3, ,262, ,
3, ,262, ,
3, ,263, ,
3, ,262, ,
1, ,262, ,
4, ,262, ,
3, ,263, ,
3, ,263, ,
3, ,262, ,
3, ,261, ,
1, ,263, ,
3, ,263, ,
1, ,263, ,
3, ,263, ,
4, ,263, ,
3, ,261, ,
1, ,263, ,
4, ,262, ,
1, ,263, ,
3, ,263, ,
3, ,263, ,
3, ,262, ,
1, ,263, ,
3, ,262, ,
1, ,263, ,
3, ,263, ,
3, ,262, ,
3, ,262, ,
1, ,262, ,
4, ,262, ,
3, ,263, ,
3, ,263, ,
3, ,262, ,
3, ,262, ,
1, ,263, ,
4, ,262, ,
3, ,262, ,
1, ,262, ,
3, ,263, ,
3, ,262, ,
1, ,262, ,
4, ,262, ,
3, ,263, ,
1, ,262, ,
3, ,262, ,
3, ,262, ,
1, ,263, ,
4, ,262, ,
3, ,263, ,
3, ,262, ,
3, ,263, ,
3, ,262, ,
1, ,263, ,
3, ,262, ,
3, ,263, ,
1, ,262, ,
3, ,262, ,
3, ,262, ,
1, ,263, ,
3, ,262, ,
1, ,262, ,
3, ,263, ,
3, ,263, ,
3, ,263, ,
1, ,264, ,
4, ,263, ,
1, ,263, ,
3, ,262, ,
3, ,263, ,
3, ,262, ,
1, ,263, ,
3, ,262, ,
1, ,263, ,
3, ,262, ,
3, ,263, ,
3, ,263, ,
1, ,262, ,
3, ,263, ,
1, ,263, ,
3, ,263, ,
3, ,263, ,
3, ,263, ,
1, ,263, ,
4, ,262, ,
3, ,263, ,
3, ,263, ,
3, ,263, ,
3, ,257, ,
1, ,261, ,
4, ,264, ,
1, ,267, ,
1, ,264, ,
3, ,262, ,
3, ,262, ,
1, ,263, ,
3, ,262, ,
3, ,263, ,
3, ,263, ,
3, ,263, ,
3, ,262, ,
1, ,263, ,
3, ,263, ,
1, ,264, ,
1, ,262, ,
3, ,263, ,
3, ,263, ,
1, ,263, ,
3, ,262, ,
1, ,263, ,
3, ,263, ,
3, ,263, ,
3, ,262, ,
1, ,263, ,
4, ,263, ,
1, ,263, ,
1, ,262, ,
3, ,263, ,
3, ,262, ,
1, ,263, ,
3, ,262, ,
1, ,263, ,
3, ,263, ,
3, ,263, ,
3, ,262, ,
1, ,262, ,
3, ,262, ,
3, ,263, ,
3, ,262, ,
3, ,263, ,
3, ,263, ,
1, ,263, ,
3, ,262, ,
1, ,263, ,
3, ,262, ,
3, ,262, ,
3, ,262, ,
1, ,263, ,
3, ,262, ,
1, ,263, ,
1, ,262, ,
3, ,263, ,
3, ,261, ,
1, ,263, ,
3, ,262, ,
1, ,262, ,
1, ,262, ,
3, ,263, ,
3, ,262, ,
1, ,263, ,
3, ,262, ,
1, ,263, ,
3, ,263, ,
3, ,263, ,
3, ,262, ,
1, ,263, ,
3, ,263, ,
1, ,262, ,
3, ,263, ,
3, ,263, ,
3, ,261, ,
1, ,262, ,
4, ,262, ,
1, ,263, ,
3, ,262, ,
1, ,263, ,
3, ,263, ,
1, ,262, ,
3, ,262, ,
1, ,263, ,
1, ,262, ,
3, ,263, ,
3, ,262, ,
1, ,263, ,
3, ,261, ,
1, ,264, ,
3, ,263, ,
3, ,263, ,
3, ,262, ,
1, ,263, ,
3, ,261, ,
1, ,263, ,
1, ,263, ,
3, ,263, ,
3, ,261, ,
1, ,262, ,
3, ,262, ,
1, ,263, ,
1, ,262, ,
3, ,263, ,
3, ,263, ,
1, ,264, ,
3, ,262, ,
1, ,263, ,
3, ,263, ,
3, ,263, ,
3, ,262, ,
1, ,263, ,
3, ,262, ,
1, ,262, ,
3, ,263, ,
3, ,262, ,
3, ,262, ,
1, ,262, ,
3, ,262, ,
1, ,262, ,
3, ,262, ,
3, ,263, ,
3, ,262, ,
1, ,263, ,
3, ,262, ,
1, ,262, ,
3, ,262, ,
3, ,262, ,
3, ,262, ,
1, ,263, ,
3, ,262, ,
1, ,262, ,
1, ,263, ,
3, ,263, ,
3, ,262, ,
1, ,263, ,
3, ,262, ,
1, ,263, ,
1, ,262, ,
3, ,262, ,
3, ,262, ,
1, ,262, ,
3, ,262, ,
1, ,262, ,
1, ,262, ,
3, ,263, ,
3, ,262, ,
1, ,262, ,
3, ,262, ,
1, ,263, ,
1, ,262, ,
3, ,263, ,
1, ,262, ,
0, ,263, ,
3, ,262, ,
1, ,262, ,
3, ,263, ,
3, ,263, ,
3, ,262, ,
1, ,263, ,
3, ,262, ,
1, ,263, ,
1, ,261, ,
3, ,263, ,
1, ,262, ,
1, ,263, ,
3, ,262, ,
1, ,262, ,
1, ,263, ,
3, ,263, ,
1, ,262, ,
1, ,262, ,
3, ,261, ,
3, ,263, ,
1, ,262, ,
3, ,263, ,
1, ,262, ,
0, ,262, ,
3, ,262, ,
1, ,262, ,
1, ,263, ,
1, ,262, ,
1, ,262, ,
1, ,261, ,
3, ,262, ,
1, ,263, ,
1, ,262, ,
3, ,262, ,
3, ,262, ,
0, ,263, ,
3, ,262, ,
1, ,262, ,
1, ,263, ,
3, ,264, ,
1, ,262, ,
1, ,262, ,
3, ,262, ,
1, ,262, ,
1, ,261, ,
1, ,262, ,
1, ,262, ,
0, ,264, ,
3, ,262, ,
1, ,263, ,
1, ,263, ,
3, ,263, ,
3, ,262, ,
0, ,263, ,
3, ,262, ,
1, ,262, ,
1, ,261, ,
3, ,262, ,
3, ,263, ,
0, ,263, ,
3, ,262, ,
1, ,262, ,
1, ,262, ,
3, ,262, ,
3, ,262, ,
1, ,262, ,
3, ,262, ,
1, ,263, ,
1, ,263, ,
3, ,262, ,
1, ,262, ,
0, ,263, ,
3, ,262, ,
1, ,263, ,
1, ,263, ,
1, ,263, ,
1, ,262, ,
0, ,263, ,
3, ,262, ,
1, ,263, ,
1, ,261, ,
3, ,262, ,
3, ,261, ,
0, ,263, ,
3, ,263, ,
1, ,262, ,
1, ,263, ,
3, ,263, ,
1, ,262, ,
0, ,262, ,
3, ,262, ,
1, ,262, ,
1, ,262, ,
1, ,262, ,
3, ,262, ,
0, ,264, ,
3, ,262, ,
1, ,262, ,
1, ,262, ,
3, ,262, ,
3, ,262, ,
0, ,262, ,
3, ,262, ,
1, ,263, ,
1, ,262, ,
3, ,261, ,
3, ,262, ,
95, ,263, ,
64, ,262, ,
44, ,262, ,
30, ,263, ,
19, ,262, ,
11, ,261, ,
8, ,263, ,
9, ,262, ,
6, ,263, ,
5, ,262, ,
5, ,262, ,
4, ,262, ,
4, ,262, ,
6, ,261, ,
3, ,262, ,
4, ,262, ,
5, ,263, ,
4, ,263, ,
1, ,262, ,
4, ,262, ,
3, ,263, ,
3, ,261, ,
4, ,263, ,
4, ,262, ,
1, ,263, ,
4, ,262, ,
3, ,262, ,
4, ,262, ,
4, ,262, ,
4, ,261, ,
3, ,263, ,
4, ,261, ,
3, ,263, ,
3, ,262, ,
4, ,263, ,
4, ,262, ,
1, ,263, ,
4, ,261, ,
3, ,261, ,
3, ,261, ,
4, ,262, ,
4, ,263, ,
3, ,263, ,
4, ,263, ,
3, ,263, ,
3, ,262, ,
3, ,262, ,
4, ,261, ,
3, ,262, ,
4, ,262, ,
3, ,263, ,
3, ,264, ,
4, ,263, ,
4, ,262, ,
3, ,263, ,
4, ,262, ,
3, ,262, ,
3, ,261, ,
3, ,262, ,
4, ,262, ,
1, ,263, ,
4, ,263, ,
1, ,262, ,
3, ,263, ,
3, ,262, ,
3, ,262, ,
1, ,263, ,
4, ,262, ,
3, ,263, ,
3, ,262, ,
3, ,263, ,
4, ,263, ,
3, ,263, ,
4, ,262, ,
3, ,262, ,
3, ,263, ,
4, ,262, ,
3, ,262, ,
1, ,262, ,
4, ,263, ,
1, ,263, ,
3, ,262, ,
4, ,263, ,
4, ,263, ,
1, ,262, ,
4, ,262, ,
1, ,262, ,
3, ,263, ,
3, ,262, ,
4, ,262, ,
1, ,263, ,
4, ,262, ,
3, ,262, ,
3, ,262, ,
4, ,263, ,
3, ,263, ,
1, ,262, ,
4, ,263, ,
1, ,262, ,
3, ,263, ,
4, ,263, ,
4, ,262, ,
1, ,262, ,
4, ,262, ,
1, ,262, ,
3, ,262, ,
3, ,263, ,
3, ,262, ,
1, ,262, ,
4, ,262, ,
1, ,263, ,
3, ,263, ,
3, ,262, ,
3, ,262, ,
1, ,262, ,
4, ,262, ,
3, ,263, ,
3, ,262, ,
3, ,263, ,
3, ,263, ,
1, ,262, ,
4, ,262, ,
3, ,262, ,
3, ,262, ,
4, ,263, ,
3, ,261, ,
1, ,263, ,
4, ,262, ,
1, ,264, ,
3, ,262, ,
3, ,262, ,
4, ,262, ,
1, ,263, ,
4, ,262, ,
3, ,263, ,
3, ,263, ,
3, ,262, ,
3, ,262, ,
1, ,263, ,
4, ,262, ,
3, ,263, ,
3, ,262, ,
3, ,263, ,
3, ,262, ,
1, ,262, ,
4, ,262, ,
3, ,263, ,
3, ,262, ,
3, ,263, ,
3, ,262, ,
1, ,263, ,
4, ,262, ,
1, ,263, ,
1, ,262, ,
3, ,262, ,
3, ,263, ,
1, ,263, ,
4, ,263, ,
1, ,263, ,
4, ,262, ,
4, ,263, ,
3, ,262, ,
1, ,262, ,
3, ,262, ,
1, ,263, ,
3, ,262, ,
3, ,263, ,
4, ,262, ,
1, ,263, ,
3, ,262, ,
1, ,263, ,
3, ,263, ,
3, ,263, ,
3, ,262, ,
1, ,263, ,
4, ,262, ,
3, ,263, ,
3, ,262, ,
3, ,263, ,
3, ,263, ,
1, ,262, ,
4, ,262, ,
3, ,263, ,
1, ,263, ,
3, ,263, ,
3, ,261, ,
1, ,263, ,
4, ,263, ,
3, ,263, ,
1, ,263, ,
3, ,263, ,
3, ,262, ,
1, ,264, ,
4, ,262, ,
3, ,262, ,
1, ,263, ,
3, ,263, ,
3, ,262, ,
1, ,263, ,
4, ,262, ,
1, ,263, ,
3, ,263, ,
3, ,263, ,
3, ,262, ,
1, ,264, ,
4, ,262, ,
3, ,262, ,
3, ,262, ,
3, ,263, ,
3, ,262, ,
1, ,261, ,
4, ,262, ,
3, ,263, ,
3, ,262, ,
3, ,263, ,
3, ,263, ,
1, ,263, ,
4, ,262, ,
1, ,258, ,
1, ,260, ,
3, ,264, ,
3, ,266, ,
1, ,264, ,
4, ,262, ,
3, ,262, ,
3, ,262, ,
3, ,262, ,
3, ,262, ,
1, ,263, ,
3, ,262, ,
3, ,261, ,
1, ,263, ,
3, ,264, ,
3, ,262, ,
1, ,261, ,
4, ,262, ,
1, ,263, ,
3, ,262, ,
3, ,262, ,
3, ,263, ,
1, ,263, ,
3, ,261, ,
3, ,261, ,
3, ,262, ,
3, ,263, ,
3, ,262, ,
1, ,262, ,
3, ,262, ,
1, ,263, ,
1, ,263, ,
3, ,262, ,
3, ,262, ,
1, ,263, ,
3, ,262, ,
1, ,263, ,
3, ,263, ,
3, ,262, ,
3, ,261, ,
1, ,263, ,
3, ,262, ,
1, ,262, ,
3, ,262, ,
4, ,262, ,
3, ,263, ,
1, ,263, ,
3, ,263, ,
1, ,262, ,
3, ,262, ,
3, ,263, ,
3, ,262, ,
1, ,263, ,
3, ,263, ,
1, ,263, ,
3, ,261, ,
3, ,259, ,
3, ,259, ,
1, ,261, ,
3, ,264, ,
3, ,265, ,
3, ,266, ,
3, ,264, ,
3, ,262, ,
1, ,260, ,
3, ,260, ,
1, ,261, ,
1, ,262, ,
3, ,262, ,
3, ,263, ,
1, ,263, ,
3, ,263, ,
3, ,261, ,
3, ,262, ,
3, ,262, ,
3, ,262, ,
1, ,262, ,
3, ,261, ,
0, ,263, ,
1, ,262, ,
3, ,262, ,
3, ,262, ,
1, ,263, ,
3, ,261, ,
1, ,262, ,
1, ,263, ,
3, ,263, ,
3, ,262, ,
1, ,263, ,
3, ,262, ,
1, ,263, ,
3, ,262, ,
3, ,262, ,
1, ,262, ,
1, ,262, ,
3, ,261, ,
1, ,262, ,
3, ,262, ,
3, ,264, ,
3, ,262, ,
1, ,262, ,
3, ,262, ,
1, ,263, ,
1, ,261, ,
3, ,263, ,
3, ,262, ,
1, ,263, ,
3, ,262, ,
1, ,263, ,
1, ,262, ,
3, ,263, ,
3, ,262, ,
1, ,262, ,
3, ,262, ,
1, ,263, ,
3, ,262, ,
3, ,261, ,
3, ,261, ,
1, ,263, ,
3, ,262, ,
1, ,263, ,
1, ,263, ,
1, ,262, ,
1, ,262, ,
1, ,262, ,
3, ,261, ,
1, ,263, ,
3, ,262, ,
3, ,261, ,
3, ,261, ,
1, ,262, ,
3, ,262, ,
1, ,261, ,
1, ,262, ,
1, ,262, ,
3, ,262, ,
1, ,263, ,
3, ,262, ,
1, ,263, ,
1, ,262, ,
3, ,262, ,
3, ,262, ,
1, ,262, ,
3, ,261, ,
1, ,263, ,
1, ,262, ,
3, ,262, ,
3, ,261, ,
1, ,263, ,
3, ,262, ,
1, ,262, ,
1, ,262, ,
3, ,263, ,
3, ,263, ,
1, ,263, ,
3, ,262, ,
1, ,263, ,
1, ,262, ,
3, ,263, ,
3, ,262, ,
1, ,263, ,
3, ,262, ,
1, ,263, ,
3, ,262, ,
3, ,261, ,
3, ,261, ,
1, ,264, ,
3, ,262, ,
1, ,263, ,
3, ,264, ,
3, ,264, ,
1, ,262, ,
1, ,263, ,
3, ,262, ,
1, ,262, ,
1, ,262, ,
3, ,262, ,
1, ,262, ,
1, ,263, ,
3, ,262, ,
1, ,262, ,
1, ,263, ,
3, ,263, ,
3, ,262, ,
1, ,262, ,
3, ,263, ,
1, ,263, ,
1, ,262, ,
3, ,262, ,
1, ,262, ,
0, ,263, ,
3, ,262, ,
1, ,261, ,
1, ,262, ,
3, ,262, ,
3, ,262, ,
0, ,263, ,
3, ,263, ,
1, ,263, ,
3, ,263, ,
3, ,262, ,
3, ,262, ,
1, ,264, ,
3, ,262, ,
1, ,262, ,
1, ,263, ,
1, ,263, ,
1, ,262, ,
1, ,263, ,
3, ,262, ,
1, ,263, ,
1, ,262, ,
3, ,262, ,
3, ,262, ,
0, ,263, ,
3, ,263, ,
1, ,263, ,
1, ,263, ,
3, ,263, ,
3, ,262, ,
1, ,263, ,
3, ,262, ,
1, ,263, ,
1, ,262, ,
3, ,263, ,
3, ,262, ,
0, ,263, ,
3, ,262, ,
1, ,262, ,
1, ,263, ,
3, ,263, ,
3, ,262, ,
0, ,263, ,
3, ,262, ,
1, ,263, ,
1, ,263, ,
3, ,263, ,
3, ,263, ,
0, ,263, ,
3, ,262, ,
1, ,262, ,
1, ,263, ,
3, ,263, ,
3, ,262, ,
1, ,262, ,
3, ,262, ,
1, ,263, ,
1, ,262, ,
3, ,262, ,
3, ,262, ,
0, ,264, ,
3, ,261, ,
1, ,262, ,
1, ,262, ,
3, ,262, ,
3, ,261, ,
1, ,262, ,
3, ,262, ,
1, ,264, ,
1, ,262, ,
3, ,263, ,
1, ,263, ,
0, ,263, ,
3, ,262, ,
1, ,262, ,
1, ,261, ,
1, ,263, ,
3, ,262, ,
0, ,263, ,
3, ,262, ,
1, ,264, ,
1, ,262, ,
3, ,262, ,
1, ,262, ,
1, ,262, ,
3, ,262, ,
1, ,262, ,
1, ,263, ,
1, ,263, ,
3, ,262, ,
0, ,263, ,
3, ,262, ,
1, ,262, ,
1, ,262, ,
3, ,263, ,
3, ,263, ,
0, ,263, ,
3, ,262, ,
1, ,263, ,
3, ,263, ,
3, ,263, ,
3, ,262, ,
1, ,263, ,
3, ,262, ,
1, ,263, ,
1, ,262, ,
3, ,263, ,
1, ,263, ,
0, ,263, ,
3, ,262, ,
1, ,262, ,
1, ,263, ,
1, ,263, ,
3, ,262, ,
0, ,262, ,
3, ,262, ,
1, ,263, ,
3, ,262, ,
3, ,263, ,
3, ,262, ,
0, ,263, ,
3, ,263, ,
1, ,263, ,
1, ,263, ,
1, ,263, ,
1, ,262, ,
0, ,262, ,
3, ,262, ,
1, ,263, ,
1, ,262, ,
3, ,263, ,
1, ,262, ,
0, ,263, ,
3, ,262, ,
1, ,263, ,
1, ,263, ,
1, ,263, ,
1, ,262, ,
0, ,263, ,
3, ,262, ,
1, ,263, ,
1, ,262, ,
1, ,263, ,
3, ,262, ,
0, ,263, ,
3, ,262, ,
1, ,263, ,
1, ,263, ,
1, ,263, ,
3, ,261, ,
0, ,261, ,
3, ,262, ,
1, ,263, ,
1, ,262, ,
1, ,263, ,
3, ,263, ,
0, ,263, ,
3, ,262, ,
1, ,263, ,
1, ,263, ,
1, ,263, ,
1, ,262, ,
0, ,263, ,
3, ,262, ,
1, ,263, ,
1, ,263, ,
1, ,262, ,
3, ,262, ,
0, ,263, ,
3, ,262, ,
1, ,262, ,
1, ,263, ,
1, ,263, ,
3, ,262, ,
0, ,262, ,
3, ,263, ,
1, ,263, ,
1, ,262, ,
1, ,263, ,
1, ,263, ,
0, ,262, ,
3, ,262, ,
1, ,263, ,
1, ,262, ,
1, ,263, ,
3, ,261, ,
0, ,263, ,
1, ,263, ,
0, ,263, ,
1, ,262, ,
3, ,263, ,
3, ,263, ,
0, ,263, ,
3, ,262, ,
1, ,263, ,
1, ,263, ,
1, ,263, ,
1, ,262, ,
0, ,262, ,
3, ,262, ,
1, ,264, ,
1, ,262, ,
3, ,263, ,
1, ,262, ,
0, ,263, ,
3, ,262, ,
1, ,263, ,
1, ,263, ,
1, ,263, ,
1, ,262, ,
0, ,263, ,
3, ,262, ,
1, ,263, ,
1, ,262, ,
1, ,262, ,
3, ,263, ,
0, ,263, ,
3, ,262, ,
1, ,262, ,
1, ,262, ,
1, ,263, ,
1, ,262, ,
0, ,263, ,
1, ,262, ,
1, ,263, ,
1, ,262, ,
1, ,261, ,
1, ,262, ,
0, ,263, ,
3, ,262, ,
1, ,262, ,
1, ,263, ,
1, ,263, ,
3, ,262, ,
0, ,263, ,
3, ,262, ,
1, ,263, ,
1, ,262, ,
1, ,262, ,
3, ,263, ,
0, ,263, ,
3, ,262, ,
1, ,262, ,
1, ,263, ,
1, ,263, ,
1, ,262, ,
0, ,263, ,
3, ,263, ,
1, ,263, ,
1, ,263, ,
1, ,263, ,
1, ,263, ,
0, ,263, ,
3, ,262, ,
1, ,263, ,
1, ,262, ,
1, ,262, ,
3, ,262, ,
0, ,262, ,
3, ,263, ,
1, ,263, ,
1, ,262, ,
1, ,262, ,
3, ,263, ,
0, ,263, ,
3, ,262, ,
1, ,263, ,
1, ,263, ,
1, ,263, ,
1, ,262, ,
0, ,262, ,
3, ,262, ,
1, ,264, ,
1, ,262, ,
1, ,263, ,
3, ,263, ,
0, ,263, ,
3, ,262, ,
1, ,261, ,
1, ,262, ,
1, ,264, ,
1, ,262, ,
0, ,263, ,
1, ,262, ,
1, ,262, ,
1, ,263, ,
3, ,263, ,
3, ,263, ,
0, ,262, ,
3, ,262, ,
1, ,263, ,
1, ,263, ,
1, ,264, ,
1, ,261, ,
0, ,263, ,
1, ,262, ,
1, ,263, ,
1, ,262, ,
1, ,263, ,
1, ,262, ,
0, ,262, ,
1, ,262, ,
1, ,263, ,
1, ,263, ,
1, ,263, ,
1, ,262, ,
0, ,263, ,
3, ,262, ,
1, ,263, ,
1, ,262, ,
1, ,262, ,
1, ,262, ,
0, ,264, ,
3, ,262, ,
1, ,262, ,
1, ,261, ,
1, ,263, ,
1, ,262, ,
0, ,262, ,
3, ,263, ,
1, ,263, ,
1, ,262, ,
1, ,263, ,
3, ,264, ,
0, ,263, ,
3, ,262, ,
1, ,263, ,
1, ,262, ,
1, ,263, ,
3, ,262, ,
0, ,263, ,
3, ,262, ,
1, ,263, ,
1, ,262, ,
3, ,262, ,
1, ,262, ,
0, ,263, ,
3, ,262, ,
0, ,262, ,
1, ,263, ,
1, ,263, ,
1, ,262, ,
0, ,263, ,
1, ,263, ,
1, ,264, ,
1, ,262, ,
1, ,263, ,
1, ,262, ,
0, ,263, ,
3, ,262, ,
1, ,263, ,
1, ,263, ,
1, ,262, ,
1, ,263, ,
0, ,263, ,
3, ,262, ,
1, ,263, ,
1, ,262, ,
1, ,262, ,
1, ,263, ,
0, ,263, ,
3, ,262, ,
1, ,262, ,
1, ,263, ,
1, ,263, ,
1, ,262, ,
0, ,263, ,
1, ,263, ,
1, ,263, ,
1, ,262, ,
1, ,263, ,
1, ,263, ,
0, ,262, ,
1, ,262, ,
1, ,262, ,
1, ,262, ,
1, ,263, ,
1, ,262, ,
0, ,263, ,
3, ,263, ,
1, ,263, ,
1, ,262, ,
1, ,263, ,
1, ,262, ,
0, ,263, ,
1, ,263, ,
1, ,263, ,
1, ,262, ,
1, ,263, ,
3, ,262, ,
0, ,263, ,
1, ,262, ,
1, ,263, ,
1, ,262, ,
1, ,262, ,
1, ,263, ,
0, ,263, ,
1, ,261, ,
0, ,262, ,
1, ,263, ,
1, ,263, ,
1, ,262, ,
0, ,262, ,
3, ,262, ,
1, ,264, ,
1, ,262, ,
1, ,262, ,
3, ,262, ,
0, ,263, ,
3, ,262, ,
1, ,262, ,
1, ,263, ,
1, ,263, ,
1, ,262, ,
0, ,263, ,
1, ,262, ,
1, ,263, ,
1, ,262, ,
1, ,262, ,
1, ,262, ,
0, ,263, ,
3, ,262, ,
1, ,262, ,
1, ,262, ,
1, ,263, ,
1, ,262, ,
0, ,263, ,
3, ,262, ,
1, ,263, ,
1, ,261, ,
3, ,263, ,
1, ,262, ,
0, ,262, ,
1, ,262, ,
1, ,263, ,
1, ,262, ,
1, ,263, ,
1, ,262, ,
0, ,262, ,
3, ,262, ,
1, ,263, ,
1, ,263, ,
1, ,263, ,
1, ,263, ,
0, ,263, ,
1, ,262, ,
1, ,263, ,
1, ,263, ,
1, ,264, ,
3, ,262, ,
0, ,263, ,
1, ,263, ,
1, ,263, ,
1, ,262, ,
1, ,263, ,
1, ,262, ,
0, ,263, ,
1, ,262, ,
1, ,262, ,
1, ,263, ,
1, ,263, ,
1, ,262, ,
0, ,263, ,
1, ,262, ,
1, ,262, ,
1, ,262, ,
1, ,262, ,
3, ,262, ,
0, ,263, ,
3, ,262, ,
1, ,263, ,
1, ,263, ,
1, ,262, ,
3, ,262, ,
0, ,262, ,
1, ,263, ,
1, ,263, ,
1, ,262, ,
1, ,263, ,
3, ,262, ,
0, ,263, ,
1, ,262, ,
1, ,263, ,
1, ,262, ,
3, ,263, ,
1, ,262, ,
0, ,263, ,
3, ,262, ,
1, ,263, ,
1, ,262, ,
1, ,262, ,
1, ,262, ,
0, ,263, ,
1, ,261, ,
1, ,263, ,
1, ,263, ,
1, ,263, ,
3, ,262, ,
0, ,262, ,
1, ,261, ,
1, ,262, ,
1, ,261, ,
1, ,263, ,
1, ,263, ,
0, ,263, ,
3, ,263, ,
1, ,262, ,
1, ,263, ,
1, ,262, ,
1, ,262, ,
0, ,262, ,
1, ,262, ,
1, ,263, ,
1, ,262, ,
1, ,263, ,
1, ,263, ,
0, ,263, ,
1, ,262, ,
0, ,262, ,
1, ,262, ,
1, ,263, ,
1, ,262, ,
0, ,263, ,
1, ,262, ,
1, ,262, ,
1, ,262, ,
1, ,263, ,
3, ,262, ,
0, ,262, ,
1, ,261, ,
1, ,258, ,
1, ,263, ,
1, ,268, ,
1, ,266, ,
0, ,261, ,
3, ,260, ,
1, ,262, ,
1, ,262, ,
1, ,262, ,
1, ,263, ,
0, ,263, ,
3, ,262, ,
1, ,262, ,
1, ,263, ,
1, ,263, ,
1, ,262, ,
0, ,262, ,
1, ,263, ,
1, ,263, ,
1, ,263, ,
1, ,262, ,
1, ,262, ,
0, ,263, ,
1, ,262, ,
1, ,263, ,
1, ,262, ,
1, ,262, ,
3, ,262, ,
0, ,263, ,
3, ,262, ,
1, ,262, ,
1, ,262, ,
1, ,262, ,
1, ,263, ,
0, ,262, ,
1, ,263, ,
1, ,263, ,
1, ,263, ,
1, ,263, ,
1, ,262, ,
0, ,263, ,
1, ,262, ,
1, ,262, ,
1, ,261, ,
1, ,262, ,
1, ,262, ,
0, ,263, ,
1, ,262, ,
1, ,262, ,
1, ,262, ,
1, ,263, ,
1, ,262, ,
0, ,263, ,
1, ,262, ,
0, ,263, ,
1, ,262, ,
1, ,262, ,
1, ,262, ,
0, ,262, ,
3, ,262, ,
1, ,262, ,
1, ,263, ,
1, ,263, ,
1, ,262, ,
0, ,262, ,
1, ,262, ,
1, ,262, ,
1, ,262, ,
1, ,262, ,
1, ,262, ,
0, ,262, ,
1, ,262, ,
1, ,262, ,
1, ,263, ,
1, ,263, ,
1, ,262, ,
0, ,262, ,
3, ,262, ,
1, ,263, ,
1, ,262, ,
1, ,263, ,
1, ,263, ,
0, ,262, ,
1, ,261, ,
1, ,263, ,
1, ,262, ,
1, ,261, ,
1, ,261, ,
0, ,262, ,
1, ,262, ,
0, ,263, ,
1, ,262, ,
1, ,262, ,
1, ,262, ,
0, ,263, ,
1, ,262, ,
1, ,263, ,
1, ,264, ,
1, ,263, ,
1, ,262, ,
0, ,263, ,
1, ,263, ,
1, ,263, ,
1, ,262, ,
1, ,261, ,
1, ,262, ,
0, ,263, ,
1, ,261, ,
0, ,263, ,
1, ,262, ,
1, ,263, ,
1, ,262, ,
0, ,262, ,
1, ,263, ,
1, ,263, ,
1, ,262, ,
1, ,263, ,
1, ,262, ,
0, ,263, ,
1, ,262, ,
1, ,262, ,
1, ,263, ,
1, ,264, ,
1, ,262, ,
0, ,262, ,
1, ,262, ,
0, ,263, ,
121, ,262, ,
78, ,263, ,
55, ,263, ,
34, ,263, ,
23, ,262, ,
13, ,263, ,
9, ,263, ,
9, ,262, ,
6, ,263, ,
4, ,262, ,
4, ,262, ,
3, ,263, ,
4, ,262, ,
4, ,262, ,
4, ,262, ,
1, ,262, ,
5, ,262, ,
3, ,262, ,
3, ,262, ,
4, ,263, ,
4, ,262, ,
3, ,263, ,
5, ,263, ,
3, ,263, ,
3, ,262, ,
4, ,262, ,
4, ,262, ,
1, ,263, ,
4, ,263, ,
3, ,263, ,
3, ,262, ,
4, ,263, ,
4, ,262, ,
1, ,263, ,
4, ,262, ,
3, ,262, ,
3, ,262, ,
4, ,263, ,
4, ,262, ,
1, ,263, ,
4, ,262, ,
3, ,263, ,
3, ,263, ,
3, ,263, ,
4, ,262, ,
1, ,262, ,
4, ,262, ,
1, ,263, ,
3, ,262, ,
3, ,263, ,
4, ,263, ,
1, ,263, ,
4, ,262, ,
3, ,262, ,
3, ,262, ,
4, ,263, ,
4, ,262, ,
1, ,263, ,
4, ,263, ,
1, ,263, ,
3, ,262, ,
3, ,262, ,
4, ,262, ,
3, ,264, ,
4, ,262, ,
3, ,263, ,
3, ,262, ,
4, ,263, ,
3, ,262, ,
1, ,262, ,
4, ,263, ,
1, ,263, ,
3, ,262, ,
3, ,261, ,
3, ,262, ,
1, ,262, ,
4, ,262, ,
1, ,264, ,
3, ,262, ,
3, ,263, ,
3, ,262, ,
1, ,263, ,
4, ,263, ,
1, ,264, ,
3, ,263, ,
3, ,262, ,
3, ,262, ,
1, ,263, ,
4, ,261, ,
3, ,262, ,
4, ,262, ,
3, ,263, ,
3, ,261, ,
1, ,263, ,
4, ,262, ,
1, ,263, ,
3, ,263, ,
4, ,263, ,
3, ,262, ,
1, ,263, ,
4, ,262, ,
1, ,263, ,
3, ,262, ,
4, ,263, ,
4, ,262, ,
1, ,261, ,
4, ,261, ,
3, ,263, ,
3, ,262, ,
4, ,262, ,
4, ,262, ,
1, ,263, ,
4, ,261, ,
1, ,262, ,
3, ,263, ,
3, ,263, ,
4, ,262, ,
1, ,263, ,
4, ,262, ,
3, ,263, ,
3, ,262, ,
3, ,263, ,
4, ,262, ,
1, ,263, ,
4, ,262, ,
1, ,262, ,
3, ,263, ,
3, ,263, ,
3, ,261, ,
1, ,262, ,
4, ,262, ,
3, ,263, ,
3, ,263, ,
3, ,263, ,
3, ,263, ,
1, ,264, ,
4, ,262, ,
3, ,262, ,
3, ,262, ,
4, ,262, ,
3, ,262, ,
1, ,263, ,
4, ,263, ,
1, ,263, ,
1, ,262, ,
3, ,261, ,
4, ,263, ,
1, ,263, ,
4, ,261, ,
3, ,261, ,
3, ,261, ,
3, ,259, ,
3, ,260, ,
1, ,264, ,
4, ,265, ,
1, ,266, ,
3, ,264, ,
3, ,262, ,
3, ,261, ,
1, ,262, ,
4, ,261, ,
1, ,261, ,
3, ,263, ,
3, ,263, ,
3, ,262, ,
1, ,262, ,
4, ,261, ,
1, ,263, ,
3, ,262, ,
3, ,263, ,
3, ,261, ,
1, ,263, ,
4, ,261, ,
1, ,262, ,
3, ,263, ,
3, ,262, ,
3, ,262, ,
1, ,262, ,
4, ,262, ,
1, ,262, ,
3, ,262, ,
3, ,262, ,
3, ,261, ,
1, ,262, ,
3, ,262, ,
1, ,262, ,
3, ,262, ,
3, ,262, ,
3, ,262, ,
1, ,262, ,
4, ,261, ,
1, ,262, ,
3, ,262, ,
3, ,262, ,
3, ,262, ,
1, ,263, ,
3, ,261, ,
3, ,262, ,
3, ,262, ,
3, ,263, ,
3, ,262, ,
1, ,261, ,
4, ,262, ,
1, ,263, ,
1, ,262, ,
3, ,262, ,
3, ,262, ,
1, ,262, ,
3, ,261, ,
1, ,263, ,
3, ,262, ,
3, ,263, ,
3, ,261, ,
1, ,262, ,
4, ,262, ,
1, ,262, ,
3, ,262, ,
3, ,261, ,
3, ,262, ,
1, ,263, ,
3, ,261, ,
1, ,262, ,
3, ,262, ,
3, ,263, ,
3, ,262, ,
1, ,262, ,
3, ,262, ,
1, ,262, ,
3, ,262, ,
3, ,262, ,
3, ,263, ,
1, ,263, ,
3, ,262, ,
1, ,262, ,
3, ,262, ,
3, ,262, ,
3, ,262, ,
1, ,261, ,
3, ,261, ,
1, ,263, ,
3, ,261, ,
3, ,262, ,
3, ,262, ,
1, ,262, ,
3, ,261, ,
1, ,262, ,
3, ,262, ,
3, ,263, ,
3, ,262, ,
1, ,262, ,
3, ,262, ,
1, ,262, ,
3, ,263, ,
3, ,262, ,
3, ,262, ,
1, ,263, ,
3, ,262, ,
1, ,262, ,
3, ,262, ,
3, ,263, ,
3, ,262, ,
1, ,263, ,
3, ,263, ,
1, ,264, ,
3, ,263, ,
3, ,262, ,
3, ,261, ,
1, ,263, ,
3, ,262, ,
1, ,262, ,
3, ,263, ,
3, ,263, ,
3, ,262, ,
1, ,263, ,
3, ,263, ,
1, ,263, ,
3, ,262, ,
3, ,262, ,
3, ,261, ,
1, ,263, ,
3, ,263, ,
1, ,264, ,
3, ,264, ,
3, ,263, ,
3, ,262, ,
1, ,263, ,
3, ,263, ,
1, ,262, ,
3, ,261, ,
3, ,262, ,
3, ,263, ,
1, ,263, ,
3, ,262, ,
1, ,263, ,
1, ,263, ,
3, ,263, ,
3, ,262, ,
1, ,262, ,
3, ,262, ,
1, ,264, ,
3, ,262, ,
3, ,262, ,
3, ,262, ,
1, ,263, ,
3, ,262, ,
1, ,262, ,
1, ,263, ,
3, ,263, ,
3, ,262, ,
1, ,263, ,
4, ,263, ,
1, ,263, ,
3, ,262, ,
1, ,262, ,
3, ,262, ,
1, ,262, ,
3, ,262, ,
1, ,262, ,
3, ,263, ,
3, ,263, ,
3, ,262, ,
1, ,262, ,
3, ,262, ,
1, ,262, ,
3, ,263, ,
3, ,262, ,
3, ,262, ,
1, ,263, ,
3, ,261, ,
1, ,263, ,
3, ,262, ,
3, ,263, ,
3, ,262, ,
1, ,263, ,
3, ,263, ,
1, ,263, ,
3, ,262, ,
3, ,262, ,
3, ,262, ,
1, ,262, ,
3, ,262, ,
1, ,262, ,
3, ,263, ,
1, ,263, ,
1, ,262, ,
1, ,263, ,
3, ,263, ,
1, ,262, ,
3, ,262, ,
3, ,262, ,
3, ,263, ,
0, ,263, ,
3, ,262, ,
1, ,262, ,
1, ,262, ,
1, ,263, ,
3, ,262, ,
0, ,263, ,
3, ,262, ,
1, ,263, ,
1, ,262, ,
3, ,263, ,
3, ,263, ,
0, ,262, ,
3, ,262, ,
1, ,262, ,
1, ,263, ,
3, ,263, ,
1, ,262, ,
0, ,262, ,
3, ,263, ,
1, ,263, ,
1, ,262, ,
3, ,262, ,
3, ,262, ,
0, ,259, ,
3, ,260, ,
1, ,263, ,
1, ,267, ,
1, ,264, ,
3, ,262, ,
0, ,261, ,
3, ,262, ,
1, ,263, ,
1, ,262, ,
1, ,263, ,
3, ,263, ,
0, ,262, ,
3, ,262, ,
1, ,262, ,
1, ,263, ,
3, ,263, ,
3, ,262, ,
0, ,263, ,
3, ,262, ,
1, ,262, ,
1, ,263, ,
3, ,263, ,
1, ,262, ,
0, ,264, ,
3, ,262, ,
1, ,262, ,
1, ,263, ,
3, ,263, ,
3, ,262, ,
0, ,263, ,
3, ,262, ,
1, ,263, ,
1, ,262, ,
3, ,262, ,
3, ,261, ,
0, ,263, ,
3, ,262, ,
1, ,263, ,
1, ,263, ,
3, ,263, ,
1, ,262, ,
0, ,263, ,
3, ,263, ,
1, ,263, ,
1, ,263, ,
1, ,263, ,
3, ,262, ,
0, ,263, ,
3, ,262, ,
1, ,262, ,
1, ,263, ,
3, ,264, ,
3, ,262, ,
0, ,263, ,
3, ,262, ,
1, ,263, ,
1, ,263, ,
1, ,263, ,
1, ,262, ,
0, ,263, ,
3, ,262, ,
1, ,263, ,
1, ,263, ,
1, ,262, ,
3, ,262, ,
1, ,262, ,
3, ,262, ,
1, ,263, ,
1, ,261, ,
1, ,262, ,
3, ,263, ,
0, ,263, ,
3, ,262, ,
1, ,262, ,
1, ,262, ,
3, ,262, ,
1, ,262, ,
0, ,263, ,
3, ,262, ,
1, ,263, ,
1, ,262, ,
3, ,263, ,
1, ,262, ,
0, ,262, ,
3, ,262, ,
1, ,262, ,
1, ,263, ,
3, ,262, ,
1, ,262, ,
0, ,263, ,
3, ,262, ,
1, ,263, ,
1, ,262, ,
3, ,262, ,
1, ,263, ,
0, ,263, ,
3, ,262, ,
1, ,262, ,
1, ,263, ,
1, ,263, ,
1, ,262, ,
0, ,263, ,
3, ,262, ,
1, ,263, ,
1, ,262, ,
1, ,262, ,
1, ,263, ,
0, ,263, ,
3, ,262, ,
1, ,262, ,
1, ,262, ,
3, ,263, ,
3, ,262, ,
0, ,263, ,
3, ,263, ,
1, ,262, ,
1, ,261, ,
1, ,263, ,
1, ,263, ,
0, ,263, ,
3, ,261, ,
1, ,262, ,
1, ,263, ,
3, ,263, ,
3, ,262, ,
0, ,263, ,
3, ,262, ,
1, ,263, ,
1, ,263, ,
3, ,263, ,
1, ,262, ,
0, ,262, ,
1, ,261, ,
1, ,263, ,
1, ,262, ,
1, ,262, ,
1, ,262, ,
0, ,262, ,
3, ,262, ,
1, ,263, ,
1, ,263, ,
1, ,262, ,
3, ,262, ,
0, ,264, ,
3, ,262, ,
1, ,262, ,
1, ,262, ,
3, ,263, ,
1, ,263, ,
0, ,263, ,
3, ,262, ,
1, ,262, ,
1, ,262, ,
1, ,263, ,
1, ,262, ,
0, ,263, ,
3, ,262, ,
1, ,262, ,
1, ,263, ,
1, ,263, ,
1, ,262, ,
0, ,263, ,
3, ,263, ,
1, ,263, ,
1, ,262, ,
1, ,263, ,
3, ,262, ,
0, ,263, ,
3, ,262, ,
1, ,263, ,
1, ,263, ,
3, ,262, ,
1, ,262, ,
0, ,263, ,
3, ,262, ,
1, ,263, ,
1, ,261, ,
1, ,262, ,
1, ,262, ,
0, ,262, ,
3, ,262, ,
1, ,262, ,
1, ,263, ,
1, ,263, ,
1, ,262, ,
0, ,262, ,
3, ,262, ,
1, ,263, ,
1, ,262, ,
1, ,262, ,
1, ,262, ,
0, ,262, ,
3, ,262, ,
1, ,263, ,
1, ,263, ,
1, ,263, ,
1, ,262, ,
0, ,262, ,
3, ,262, ,
1, ,262, ,
1, ,263, ,
1, ,262, ,
1, ,262, ,
0, ,263, ,
3, ,262, ,
1, ,262, ,
1, ,262, ,
1, ,263, ,
3, ,262, ,
0, ,263, ,
3, ,262, ,
1, ,263, ,
1, ,262, ,
3, ,262, ,
3, ,262, ,
0, ,263, ,
3, ,262, ,
1, ,263, ,
1, ,262, ,
1, ,263, ,
1, ,262, ,
1, ,262, ,
3, ,262, ,
1, ,262, ,
1, ,262, ,
1, ,262, ,
1, ,263, ,
0, ,262, ,
3, ,263, ,
1, ,262, ,
1, ,262, ,
1, ,263, ,
1, ,262, ,
0, ,262, ,
3, ,262, ,
1, ,262, ,
1, ,262, ,
1, ,262, ,
1, ,262, ,
0, ,263, ,
1, ,262, ,
1, ,262, ,
1, ,262, ,
1, ,263, ,
1, ,262, ,
0, ,263, ,
3, ,262, ,
1, ,263, ,
1, ,262, ,
1, ,263, ,
1, ,263, ,
0, ,262, ,
3, ,261, ,
1, ,263, ,
1, ,263, ,
1, ,262, ,
3, ,262, ,
0, ,261, ,
3, ,262, ,
1, ,263, ,
1, ,262, ,
1, ,263, ,
1, ,261, ,
0, ,263, ,
3, ,262, ,
1, ,262, ,
1, ,263, ,
1, ,262, ,
1, ,262, ,
0, ,262, ,
3, ,262, ,
1, ,263, ,
1, ,262, ,
1, ,263, ,
3, ,262, ,
0, ,263, ,
3, ,262, ,
1, ,263, ,
1, ,262, ,
1, ,263, ,
3, ,262, ,
0, ,262, ,
3, ,263, ,
1, ,263, ,
1, ,262, ,
1, ,263, ,
3, ,263, ,
0, ,263, ,
3, ,262, ,
1, ,262, ,
1, ,262, ,
1, ,263, ,
1, ,262, ,
0, ,263, ,
3, ,262, ,
1, ,263, ,
1, ,262, ,
1, ,263, ,
1, ,262, ,
0, ,263, ,
1, ,262, ,
1, ,263, ,
1, ,263, ,
1, ,262, ,
1, ,262, ,
0, ,262, ,
3, ,262, ,
1, ,263, ,
1, ,261, ,
1, ,263, ,
3, ,262, ,
0, ,263, ,
3, ,263, ,
1, ,262, ,
1, ,263, ,
1, ,262, ,
1, ,262, ,
0, ,262, ,
3, ,262, ,
1, ,263, ,
1, ,262, ,
1, ,263, ,
1, ,263, ,
0, ,263, ,
3, ,262, ,
1, ,262, ,
1, ,262, ,
1, ,262, ,
1, ,262, ,
0, ,261, ,
3, ,262, ,
1, ,263, ,
1, ,262, ,
1, ,262, ,
3, ,263, ,
0, ,262, ,
1, ,261, ,
1, ,261, ,
1, ,263, ,
1, ,263, ,
1, ,262, ,
0, ,263, ,
1, ,263, ,
1, ,263, ,
1, ,262, ,
1, ,262, ,
3, ,262, ,
0, ,261, ,
3, ,262, ,
1, ,262, ,
1, ,263, ,
1, ,262, ,
1, ,262, ,
116, ,262, ,
70, ,261, ,
42, ,262, ,
29, ,262, ,
20, ,262, ,
13, ,262, ,
5, ,263, ,
8, ,262, ,
6, ,262, ,
4, ,262, ,
4, ,263, ,
3, ,261, ,
4, ,263, ,
5, ,262, ,
3, ,262, ,
3, ,262, ,
4, ,263, ,
4, ,262, ,
1, ,263, ,
4, ,261, ,
3, ,263, ,
3, ,262, ,
4, ,263, ,
4, ,263, ,
3, ,263, ,
4, ,262, ,
3, ,263, ,
3, ,261, ,
4, ,261, ,
4, ,262, ,
1, ,262, ,
4, ,262, ,
3, ,262, ,
3, ,262, ,
3, ,263, ,
4, ,262, ,
3, ,262, ,
4, ,262, ,
3, ,263, ,
3, ,262, ,
4, ,263, ,
4, ,262, ,
3, ,263, ,
4, ,262, ,
3, ,262, ,
3, ,262, ,
4, ,263, ,
4, ,262, ,
1, ,262, ,
4, ,262, ,
3, ,262, ,
3, ,262, ,
3, ,262, ,
4, ,262, ,
3, ,263, ,
4, ,262, ,
3, ,262, ,
3, ,263, ,
4, ,262, ,
4, ,262, ,
1, ,262, ,
4, ,262, ,
3, ,262, ,
3, ,262, ,
4, ,262, ,
4, ,262, ,
3, ,263, ,
4, ,261, ,
3, ,263, ,
3, ,262, ,
4, ,263, ,
4, ,262, ,
1, ,262, ,
4, ,262, ,
3, ,263, ,
3, ,262, ,
4, ,262, ,
4, ,263, ,
3, ,263, ,
4, ,261, ,
1, ,262, ,
3, ,262, ,
3, ,263, ,
4, ,262, ,
1, ,261, ,
4, ,262, ,
1, ,263, ,
3, ,262, ,
3, ,263, ,
4, ,263, ,
1, ,262, ,
4, ,262, ,
1, ,263, ,
3, ,262, ,
3, ,263, ,
3, ,261, ,
3, ,263, ,
4, ,262, ,
1, ,263, ,
3, ,262, ,
3, ,261, ,
4, ,262, ,
1, ,263, ,
4, ,262, ,
1, ,262, ,
3, ,262, ,
3, ,263, ,
3, ,262, ,
3, ,262, ,
4, ,262, ,
1, ,263, ,
3, ,261, ,
3, ,263, ,
4, ,262, ,
1, ,263, ,
3, ,262, ,
3, ,262, ,
3, ,262, ,
3, ,263, ,
3, ,262, ,
1, ,263, ,
4, ,262, ,
3, ,263, ,
3, ,262, ,
3, ,261, ,
3, ,262, ,
1, ,262, ,
3, ,262, ,
3, ,262, ,
3, ,263, ,
3, ,262, ,
3, ,262, ,
1, ,262, ,
4, ,263, ,
3, ,263, ,
3, ,261, ,
3, ,262, ,
3, ,262, ,
1, ,263, ,
3, ,261, ,
3, ,263, ,
3, ,262, ,
3, ,262, ,
3, ,262, ,
1, ,262, ,
4, ,262, ,
3, ,263, ,
3, ,262, ,
3, ,262, ,
3, ,262, ,
1, ,263, ,
3, ,262, ,
1, ,262, ,
3, ,262, ,
3, ,263, ,
3, ,262, ,
1, ,262, ,
3, ,262, ,
3, ,262, ,
3, ,262, ,
3, ,262, ,
3, ,262, ,
1, ,263, ,
4, ,262, ,
3, ,262, ,
3, ,263, ,
3, ,263, ,
3, ,262, ,
1, ,263, ,
3, ,262, ,
1, ,263, ,
3, ,262, ,
3, ,263, ,
3, ,262, ,
1, ,263, ,
3, ,262, ,
1, ,262, ,
3, ,262, ,
3, ,263, ,
3, ,262, ,
1, ,263, ,
4, ,262, ,
3, ,263, ,
3, ,262, ,
3, ,263, ,
3, ,262, ,
1, ,262, ,
3, ,262, ,
3, ,262, ,
3, ,263, ,
3, ,263, ,
3, ,262, ,
1, ,262, ,
4, ,262, ,
3, ,263, ,
3, ,262, ,
3, ,263, ,
3, ,262, ,
1, ,262, ,
3, ,263, ,
1, ,262, ,
3, ,263, ,
3, ,262, ,
3, ,263, ,
1, ,263, ,
3, ,263, ,
1, ,262, ,
3, ,262, ,
3, ,262, ,
3, ,263, ,
1, ,263, ,
3, ,262, ,
1, ,262, ,
3, ,262, ,
3, ,263, ,
3, ,262, ,
1, ,262, ,
3, ,262, ,
3, ,263, ,
3, ,262, ,
3, ,262, ,
3, ,262, ,
1, ,263, ,
3, ,262, ,
1, ,262, ,
3, ,262, ,
3, ,263, ,
3, ,261, ,
1, ,261, ,
3, ,262, ,
1, ,263, ,
3, ,261, ,
3, ,262, ,
3, ,262, ,
1, ,263, ,
3, ,262, ,
1, ,262, ,
3, ,262, ,
3, ,263, ,
3, ,262, ,
1, ,262, ,
3, ,262, ,
1, ,263, ,
3, ,262, ,
3, ,262, ,
3, ,262, ,
1, ,263, ,
3, ,262, ,
3, ,262, ,
3, ,263, ,
3, ,262, ,
3, ,262, ,
1, ,263, ,
4, ,262, ,
1, ,263, ,
1, ,262, ,
3, ,262, ,
3, ,262, ,
1, ,263, ,
3, ,262, ,
1, ,263, ,
3, ,263, ,
3, ,263, ,
3, ,262, ,
1, ,261, ,
3, ,262, ,
1, ,262, ,
3, ,262, ,
3, ,262, ,
3, ,262, ,
1, ,263, ,
3, ,261, ,
1, ,262, ,
3, ,262, ,
3, ,263, ,
3, ,262, ,
1, ,263, ,
3, ,262, ,
1, ,262, ,
3, ,262, ,
3, ,262, ,
3, ,262, ,
1, ,262, ,
3, ,262, ,
1, ,263, ,
1, ,262, ,
3, ,264, ,
3, ,261, ,
1, ,263, ,
3, ,262, ,
1, ,263, ,
3, ,263, ,
3, ,263, ,
3, ,263, ,
1, ,262, ,
3, ,262, ,
1, ,262, ,
3, ,262, ,
3, ,262, ,
3, ,261, ,
1, ,263, ,
3, ,262, ,
1, ,263, ,
3, ,261, ,
3, ,262, ,
3, ,262, ,
1, ,262, ,
3, ,262, ,
1, ,263, ,
3, ,263, ,
3, ,262, ,
3, ,262, ,
1, ,262, ,
3, ,262, ,
1, ,262, ,
1, ,262, ,
3, ,263, ,
3, ,261, ,
1, ,263, ,
3, ,262, ,
1, ,262, ,
3, ,263, ,
3, ,263, ,
3, ,262, ,
1, ,261, ,
3, ,262, ,
1, ,263, ,
3, ,262, ,
3, ,263, ,
3, ,263, ,
1, ,263, ,
3, ,261, ,
1, ,261, ,
3, ,261, ,
3, ,263, ,
3, ,262, ,
1, ,261, ,
3, ,262, ,
1, ,262, ,
3, ,262, ,
1, ,263, ,
3, ,263, ,
1, ,262, ,
3, ,262, ,
1, ,262, ,
1, ,262, ,
3, ,262, ,
3, ,262, ,
1, ,262, ,
3, ,262, ,
1, ,263, ,
1, ,262, ,
3, ,262, ,
3, ,262, ,
1, ,263, ,
3, ,262, ,
3, ,262, ,
1, ,262, ,
3, ,263, ,
3, ,260, ,
1, ,260, ,
3, ,259, ,
1, ,260, ,
1, ,262, ,
3, ,264, ,
3, ,265, ,
1, ,264, ,
3, ,263, ,
1, ,261, ,
3, ,261, ,
1, ,261, ,
3, ,261, ,
0, ,262, ,
3, ,262, ,
1, ,263, ,
1, ,261, ,
3, ,261, ,
3, ,261, ,
1, ,262, ,
3, ,261, ,
1, ,262, ,
3, ,261, ,
1, ,263, ,
3, ,262, ,
1, ,261, ,
3, ,261, ,
1, ,262, ,
1, ,262, ,
3, ,262, ,
3, ,262, ,
1, ,263, ,
3, ,262, ,
1, ,261, ,
3, ,262, ,
3, ,262, ,
1, ,262, ,
0, ,261, ,
3, ,261, ,
1, ,263, ,
1, ,261, ,
3, ,263, ,
1, ,262, ,
1, ,263, ,
3, ,262, ,
1, ,263, ,
1, ,262, ,
3, ,261, ,
3, ,262, ,
1, ,261, ,
3, ,262, ,
1, ,262, ,
1, ,262, ,
3, ,262, ,
3, ,262, ,
1, ,263, ,
3, ,262, ,
1, ,261, ,
3, ,262, ,
3, ,261, ,
3, ,261, ,
1, ,262, ,
3, ,263, ,
1, ,263, ,
1, ,262, ,
1, ,263, ,
3, ,263, ,
1, ,262, ,
3, ,260, ,
1, ,261, ,
1, ,261, ,
3, ,263, ,
3, ,263, ,
1, ,262, ,
3, ,261, ,
1, ,262, ,
1, ,261, ,
3, ,262, ,
3, ,262, ,
0, ,262, ,
3, ,262, ,
1, ,262, ,
1, ,263, ,
3, ,262, ,
3, ,262, ,
1, ,263, ,
3, ,262, ,
1, ,262, ,
1, ,262, ,
3, ,261, ,
3, ,262, ,
0, ,263, ,
3, ,262, ,
1, ,261, ,
1, ,261, ,
1, ,262, ,
1, ,261, ,
0, ,262, ,
3, ,262, ,
1, ,263, ,
3, ,262, ,
3, ,262, ,
3, ,262, ,
1, ,263, ,
3, ,262, ,
1, ,263, ,
1, ,263, ,
1, ,263, ,
1, ,262, ,
0, ,262, ,
3, ,261, ,
1, ,262, ,
1, ,262, ,
3, ,263, ,
3, ,263, ,
1, ,264, ,
3, ,262, ,
1, ,262, ,
1, ,263, ,
3, ,263, ,
1, ,263, ,
1, ,263, ,
3, ,263, ,
1, ,263, ,
1, ,262, ,
1, ,263, ,
1, ,263, ,
1, ,263, ,
3, ,262, ,
1, ,263, ,
1, ,263, ,
3, ,264, ,
1, ,262, ,
1, ,263, ,
3, ,263, ,
1, ,263, ,
1, ,262, ,
3, ,262, ,
1, ,262, ,
0, ,262, ,
3, ,262, ,
1, ,263, ,
1, ,263, ,
1, ,262, ,
1, ,263, ,
0, ,263, ,
3, ,263, ,
1, ,264, ,
1, ,262, ,
1, ,263, ,
1, ,263, ,
0, ,263, ,
3, ,262, ,
1, ,263, ,
1, ,263, ,
3, ,262, ,
1, ,263, ,
0, ,262, ,
3, ,262, ,
1, ,263, ,
1, ,262, ,
1, ,263, ,
3, ,263, ,
0, ,263, ,
3, ,262, ,
1, ,263, ,
1, ,263, ,
1, ,263, ,
1, ,263, ,
0, ,262, ,
3, ,262, ,
1, ,263, ,
1, ,262, ,
1, ,263, ,
3, ,263, ,
0, ,262, ,
1, ,262, ,
1, ,263, ,
1, ,262, ,
1, ,264, ,
3, ,262, ,
0, ,263, ,
3, ,262, ,
1, ,262, ,
1, ,262, ,
3, ,263, ,
1, ,263, ,
0, ,263, ,
3, ,262, ,
1, ,263, ,
1, ,262, ,
1, ,263, ,
1, ,262, ,
0, ,263, ,
3, ,263, ,
1, ,263, ,
1, ,262, ,
3, ,261, ,
3, ,262, ,
0, ,262, ,
3, ,262, ,
1, ,262, ,
1, ,263, ,
1, ,262, ,
3, ,262, ,
0, ,263, ,
3, ,263, ,
1, ,263, ,
1, ,262, ,
3, ,262, ,
3, ,262, ,
0, ,263, ,
3, ,262, ,
1, ,263, ,
1, ,262, ,
1, ,263, ,
1, ,262, ,
0, ,262, ,
3, ,262, ,
1, ,262, ,
1, ,262, ,
1, ,262, ,
3, ,262, ,
0, ,263, ,
3, ,263, ,
1, ,263, ,
1, ,262, ,
3, ,263, ,
3, ,262, ,
0, ,263, ,
3, ,262, ,
1, ,264, ,
1, ,262, ,
1, ,263, ,
3, ,262, ,
0, ,262, ,
3, ,262, ,
1, ,263, ,
1, ,263, ,
3, ,263, ,
3, ,262, ,
0, ,263, ,
3, ,262, ,
1, ,263, ,
1, ,263, ,
1, ,263, ,
1, ,263, ,
0, ,262, ,
3, ,263, ,
1, ,262, ,
1, ,262, ,
1, ,263, ,
1, ,262, ,
0, ,263, ,
3, ,262, ,
1, ,263, ,
1, ,262, ,
1, ,262, ,
1, ,262, ,
0, ,262, ,
3, ,262, ,
1, ,262, ,
1, ,262, ,
1, ,263, ,
1, ,262, ,
0, ,263, ,
1, ,263, ,
1, ,263, ,
1, ,262, ,
1, ,262, ,
1, ,263, ,
0, ,263, ,
3, ,262, ,
1, ,263, ,
1, ,263, ,
1, ,263, ,
1, ,262, ,
0, ,262, ,
3, ,262, ,
1, ,263, ,
1, ,263, ,
3, ,263, ,
1, ,262, ,
0, ,262, ,
1, ,262, ,
1, ,262, ,
1, ,263, ,
1, ,263, ,
1, ,262, ,
0, ,262, ,
3, ,262, ,
1, ,263, ,
1, ,262, ,
1, ,263, ,
3, ,262, ,
0, ,263, ,
1, ,262, ,
1, ,263, ,
1, ,263, ,
1, ,263, ,
1, ,262, ,
0, ,263, ,
3, ,263, ,
1, ,263, ,
1, ,262, ,
1, ,262, ,
1, ,262, ,
0, ,263, ,
3, ,262, ,
1, ,263, ,
1, ,262, ,
1, ,263, ,
3, ,263, ,
0, ,263, ,
3, ,263, ,
1, ,263, ,
1, ,262, ,
1, ,261, ,
3, ,263, ,
0, ,263, ,
3, ,262, ,
1, ,262, ,
1, ,262, ,
3, ,263, ,
1, ,262, ,
0, ,263, ,
1, ,263, ,
1, ,264, ,
1, ,263, ,
1, ,262, ,
1, ,262, ,
0, ,263, ,
3, ,262, ,
1, ,262, ,
1, ,263, ,
1, ,263, ,
1, ,262, ,
0, ,262, ,
3, ,263, ,
1, ,262, ,
1, ,262, ,
1, ,262, ,
3, ,262, ,
0, ,263, ,
3, ,263, ,
1, ,263, ,
1, ,263, ,
1, ,262, ,
1, ,262, ,
0, ,262, ,
3, ,262, ,
1, ,264, ,
1, ,263, ,
1, ,262, ,
1, ,263, ,
0, ,263, ,
1, ,263, ,
1, ,263, ,
1, ,263, ,
1, ,263, ,
1, ,262, ,
0, ,262, ,
1, ,263, ,
1, ,263, ,
1, ,263, ,
1, ,263, ,
3, ,262, ,
0, ,263, ,
3, ,263, ,
0, ,263, ,
1, ,263, ,
1, ,263, ,
1, ,262, ,
0, ,263, ,
3, ,262, ,
1, ,263, ,
1, ,262, ,
1, ,262, ,
1, ,262, ,
0, ,264, ,
1, ,262, ,
1, ,262, ,
1, ,262, ,
1, ,263, ,
3, ,262, ,
0, ,262, ,
3, ,263, ,
1, ,263, ,
1, ,263, ,
1, ,263, ,
1, ,263, ,
0, ,263, ,
3, ,263, ,
1, ,263, ,
1, ,263, ,
1, ,263, ,
1, ,262, ,
0, ,263, ,
3, ,263, ,
1, ,263, ,
1, ,263, ,
3, ,263, ,
1, ,262, ,
0, ,263, ,
1, ,263, ,
0, ,263, ,
1, ,263, ,
1, ,264, ,
1, ,262, ,
0, ,262, ,
1, ,263, ,
1, ,263, ,
1, ,262, ,
1, ,262, ,
1, ,262, ,
0, ,263, ,
3, ,263, ,
1, ,262, ,
1, ,262, ,
1, ,263, ,
1, ,262, ,
0, ,263, ,
3, ,262, ,
1, ,263, ,
1, ,262, ,
1, ,263, ,
1, ,263, ,
0, ,263, ,
1, ,262, ,
1, ,263, ,
1, ,262, ,
1, ,263, ,
1, ,262, ,
0, ,264, ,
3, ,262, ,
1, ,263, ,
1, ,262, ,
1, ,262, ,
1, ,263, ,
0, ,263, ,
3, ,263, ,
1, ,263, ,
1, ,263, ,
1, ,263, ,
1, ,262, ,
0, ,263, ,
3, ,263, ,
1, ,263, ,
1, ,262, ,
1, ,263, ,
1, ,262, ,
0, ,263, ,
1, ,262, ,
1, ,262, ,
1, ,263, ,
1, ,263, ,
1, ,262, ,
0, ,263, ,
1, ,262, ,
1, ,263, ,
1, ,262, ,
1, ,263, ,
3, ,262, ,
0, ,262, ,
3, ,262, ,
1, ,263, ,
1, ,263, ,
1, ,263, ,
3, ,262, ,
0, ,263, ,
3, ,263, ,
1, ,263, ,
1, ,263, ,
1, ,262, ,
1, ,263, ,
0, ,263, ,
3, ,262, ,
1, ,262, ,
1, ,263, ,
1, ,263, ,
1, ,262, ,
0, ,263, ,
3, ,262, ,
1, ,263, ,
1, ,261, ,
3, ,262, ,
3, ,262, ,
0, ,263, ,
1, ,262, ,
1, ,263, ,
1, ,263, ,
3, ,262, ,
1, ,262, ,
0, ,263, ,
3, ,262, ,
1, ,261, ,
1, ,263, ,
1, ,264, ,
1, ,263, ,
0, ,264, ,
1, ,263, ,
1, ,262, ,
1, ,263, ,
1, ,262, ,
1, ,261, ,
0, ,262, ,
1, ,263, ,
1, ,263, ,
1, ,262, ,
1, ,263, ,
1, ,263, ,
0, ,263, ,
1, ,263, ,
1, ,262, ,
1, ,262, ,
1, ,263, ,
1, ,262, ,
0, ,263, ,
1, ,263, ,
1, ,263, ,
1, ,262, ,
1, ,262, ,
1, ,261, ,
0, ,263, ,
1, ,262, ,
1, ,263, ,
1, ,263, ,
1, ,263, ,
1, ,262, ,
0, ,261, ,
3, ,263, ,
0, ,263, ,
1, ,262, ,
1, ,262, ,
1, ,262, ,
0, ,263, ,
3, ,262, ,
1, ,262, ,
1, ,263, ,
1, ,263, ,
1, ,262, ,
0, ,262, ,
1, ,263, ,
0, ,264, ,
1, ,262, ,
1, ,262, ,
1, ,263, ,
0, ,263, ,
1, ,262, ,
1, ,263, ,
1, ,263, ,
1, ,262, ,
1, ,262, ,
0, ,263, ,
1, ,262, ,
1, ,263, ,
1, ,262, ,
1, ,263, ,
1, ,263, ,
0, ,263, ,
1, ,262, ,
1, ,262, ,
1, ,262, ,
1, ,263, ,
1, ,262, ,
0, ,263, ,
3, ,262, ,
1, ,263, ,
1, ,262, ,
1, ,263, ,
1, ,263, ,
0, ,263, ,
1, ,262, ,
1, ,262, ,
1, ,263, ,
1, ,263, ,
1, ,262, ,
0, ,262, ,
1, ,263, ,
1, ,263, ,
1, ,262, ,
1, ,263, ,
1, ,262, ,
0, ,263, ,
3, ,262, ,
1, ,262, ,
1, ,262, ,
1, ,263, ,
1, ,262, ,
0, ,263, ,
3, ,263, ,
1, ,263, ,
1, ,262, ,
1, ,262, ,
1, ,263, ,
0, ,263, ,
1, ,261, ,
1, ,263, ,
1, ,262, ,
1, ,262, ,
1, ,262, ,
0, ,263, ,
1, ,262, ,
1, ,263, ,
1, ,263, ,
1, ,263, ,
1, ,262, ,
0, ,263, ,
1, ,262, ,
1, ,263, ,
1, ,263, ,
1, ,263, ,
1, ,262, ,
0, ,262, ,
3, ,262, ,
1, ,263, ,
1, ,262, ,
1, ,263, ,
1, ,263, ,
0, ,263, ,
1, ,262, ,
1, ,263, ,
1, ,262, ,
1, ,263, ,
1, ,262, ,
0, ,262, ,
1, ,262, ,
1, ,263, ,
1, ,263, ,
1, ,263, ,
1, ,262, ,
0, ,263, ,
1, ,263, ,
1, ,253, ,
1, ,263, ,
3, ,270, ,
1, ,267, ,
0, ,262, ,
1, ,259, ,
1, ,263, ,
1, ,263, ,
1, ,262, ,
1, ,262, ,
0, ,263, ,
3, ,263, ,
1, ,262, ,
1, ,261, ,
1, ,263, ,
1, ,262, ,
0, ,263, ,
1, ,263, ,
0, ,263, ,
1, ,263, ,
1, ,263, ,
1, ,263, ,
0, ,263, ,
1, ,262, ,
0, ,262, ,
1, ,263, ,
1, ,264, ,
1, ,262, ,
0, ,263, ,
1, ,263, ,
1, ,263, ,
1, ,262, ,
1, ,263, ,
1, ,262, ,
0, ,263, ,
1, ,262, ,
1, ,262, ,
1, ,263, ,
1, ,263, ,
1, ,262, ,
0, ,263, ,
1, ,262, ,
1, ,263, ,
1, ,262, ,
1, ,263, ,
1, ,262, ,
0, ,263, ,
1, ,263, ,
1, ,262, ,
1, ,263, ,
1, ,263, ,
1, ,262, ,
0, ,263, ,
3, ,262, ,
1, ,263, ,
1, ,262, ,
1, ,262, ,
1, ,262, ,
0, ,263, ,
1, ,262, ,
1, ,263, ,
1, ,263, ,
1, ,263, ,
1, ,262, ,
0, ,263, ,
1, ,262, ,
1, ,262, ,
1, ,262, ,
1, ,263, ,
1, ,262, ,
0, ,262, ,
1, ,262, ,
1, ,263, ,
1, ,262, ,
1, ,263, ,
1, ,263, ,
0, ,263, ,
3, ,262, ,
1, ,262, ,
1, ,262, ,
1, ,262, ,
1, ,263, ,
0, ,263, ,
1, ,261, ,
0, ,263, ,
1, ,262, ,
1, ,264, ,
1, ,263, ,
0, ,263, ,
1, ,263, ,
1, ,263, ,
1, ,262, ,
1, ,262, ,
1, ,263, ,
0, ,263, ,
1, ,262, ,
1, ,263, ,
1, ,262, ,
1, ,262, ,
1, ,262, ,
0, ,262, ,
3, ,263, ,
1, ,264, ,
1, ,262, ,
1, ,262, ,
1, ,262, ,
0, ,263, ,
1, ,262, ,
1, ,262, ,
1, ,263, ,
1, ,263, ,
1, ,262, ,
0, ,263, ,
1, ,262, ,
1, ,263, ,
1, ,262, ,
1, ,262, ,
3, ,261, ,
0, ,263, ,
1, ,262, ,
0, ,263, ,
1, ,262, ,
1, ,263, ,
1, ,262, ,
0, ,262, ,
1, ,262, ,
1, ,264, ,
1, ,262, ,
1, ,263, ,
1, ,263, ,
0, ,263, ,
1, ,262, ,
0, ,262, ,
1, ,263, ,
1, ,263, ,
1, ,262, ,
0, ,263, ,
1, ,263, ,
1, ,262, ,
1, ,263, ,
1, ,262, ,
3, ,263, ,
0, ,263, ,
1, ,262, ,
0, ,263, ,
1, ,263, ,
1, ,262, ,
1, ,262, ,
0, ,262, ,
1, ,262, ,
1, ,263, ,
1, ,262, ,
1, ,263, ,
1, ,262, ,
0, ,263, ,
1, ,262, ,
0, ,262, ,
1, ,262, ,
1, ,263, ,
1, ,262, ,
0, ,263, ,
1, ,263, ,
1, ,263, ,
1, ,263, ,
1, ,262, ,
1, ,262, ,
0, ,262, ,
3, ,262, ,
0, ,263, ,
1, ,262, ,
1, ,263, ,
1, ,262, ,
0, ,263, ,
1, ,262, ,
1, ,263, ,
1, ,262, ,
1, ,262, ,
1, ,263, ,
0, ,263, ,
1, ,262, ,
0, ,262, ,
1, ,262, ,
1, ,263, ,
1, ,262, ,
0, ,262, ,
1, ,262, ,
0, ,263, ,
1, ,262, ,
1, ,263, ,
1, ,262, ,
0, ,263, ,
1, ,262, ,
1, ,262, ,
1, ,263, ,
1, ,263, ,
1, ,263, ,
0, ,262, ,
1, ,262, ,
1, ,262, ,
1, ,262, ,
1, ,262, ,
1, ,262, ,
0, ,263, ,
3, ,262, ,
0, ,262, ,
1, ,263, ,
1, ,263, ,
1, ,262, ,
0, ,263, ,
1, ,262, ,
0, ,263, ,
1, ,262, ,
1, ,263, ,
1, ,262, ,
0, ,262, ,
3, ,262, ,
1, ,263, ,
1, ,262, ,
1, ,262, ,
1, ,263, ,
0, ,262, ,
3, ,262, ,
1, ,263, ,
1, ,262, ,
1, ,262, ,
1, ,262, ,
0, ,262, ,
1, ,262, ,
0, ,262, ,
1, ,262, ,
1, ,262, ,
1, ,262, ,
0, ,263, ,
1, ,262, ,
1, ,262, ,
1, ,262, ,
1, ,263, ,
1, ,262, ,
0, ,263, ,
1, ,262, ,
1, ,263, ,
1, ,263, ,
1, ,263, ,
1, ,261, ,
0, ,263, ,
1, ,262, ,
1, ,262, ,
1, ,262, ,
1, ,262, ,
1, ,262, ,
0, ,263, ,
1, ,262, ,
1, ,262, ,
1, ,263, ,
1, ,263, ,
1, ,262, ,
0, ,263, ,
1, ,262, ,
1, ,263, ,
1, ,262, ,
1, ,262, ,
1, ,262, ,
0, ,262, ,
1, ,263, ,
1, ,262, ,
1, ,262, ,
1, ,262, ,
1, ,262, ,
0, ,263, ,
1, ,263, ,
1, ,263, ,
1, ,262, ,
1, ,263, ,
1, ,262, ,
0, ,263, ,
1, ,263, ,
1, ,262, ,
1, ,263, ,
1, ,262, ,
1, ,262, ,
0, ,262, ,
1, ,262, ,
0, ,263, ,
1, ,263, ,
1, ,262, ,
1, ,262, ,
0, ,263, ,
1, ,262, ,
1, ,262, ,
1, ,263, ,
1, ,263, ,
1, ,262, ,
0, ,262, ,
1, ,263, ,
0, ,262, ,
1, ,261, ,
1, ,261, ,
1, ,261, ,
0, ,263, ,
3, ,263, ,
1, ,263, ,
1, ,263, ,
1, ,263, ,
1, ,262, ,
0, ,262, ,
3, ,261, ,
0, ,262, ,
1, ,262, ,
1, ,261, ,
1, ,259, ,
0, ,260, ,
1, ,261, ,
0, ,264, ,
1, ,265, ,
1, ,264, ,
1, ,263, ,
0, ,261, ,
1, ,261, ,
1, ,261, ,
1, ,261, ,
1, ,263, ,
1, ,262, ,
0, ,264, ,
1, ,262, ,
1, ,262, ,
1, ,262, ,
1, ,263, ,
1, ,262, ,
0, ,262, ,
1, ,262, ,
1, ,263, ,
1, ,262, ,
1, ,261, ,
1, ,261, ,
0, ,263, ,
1, ,262, ,
0, ,262, ,
1, ,262, ,
1, ,262, ,
1, ,262, ,
0, ,262, ,
1, ,262, ,
1, ,262, ,
1, ,261, ,
1, ,263, ,
1, ,262, ,
0, ,263, ,
1, ,262, ,
0, ,262, ,
1, ,261, ,
1, ,263, ,
1, ,262, ,
0, ,261, ,
1, ,262, ,
1, ,262, ,
1, ,262, ,
3, ,261, ,
3, ,262, ,
0, ,262, ,
1, ,262, ,
0, ,262, ,
1, ,262, ,
1, ,263, ,
1, ,262, ,
0, ,262, ,
1, ,263, ,
0, ,264, ,
1, ,261, ,
1, ,261, ,
1, ,262, ,
0, ,262, ,
1, ,262, ,
0, ,262, ,
0, ,262, ,
1, ,262, ,
1, ,262, ,
0, ,263, ,
1, ,262, ,
0, ,263, ,
1, ,262, ,
1, ,262, ,
3, ,263, ,
0, ,262, ,
1, ,262, ,
1, ,262, ,
0, ,262, ,
1, ,262, ,
1, ,261, ,
0, ,263, ,
3, ,262, ,
1, ,263, ,
1, ,261, ,
1, ,262, ,
1, ,262, ,
0, ,263, ,
1, ,261, ,
0, ,262, ,
1, ,263, ,
1, ,262, ,
1, ,262, ,
0, ,262, ,
1, ,262, ,
1, ,263, ,
0, ,262, ,
1, ,261, ,
1, ,262, ,
0, ,262, ,
1, ,262, ,
0, ,262, ,
1, ,262, ,
1, ,263, ,
1, ,263, ,
0, ,263, ,
3, ,263, ,
1, ,263, ,
1, ,263, ,
1, ,263, ,
1, ,262, ,
0, ,263, ,
1, ,263, ,
1, ,263, ,
1, ,263, ,
1, ,264, ,
1, ,262, ,
0, ,263, ,
1, ,263, ,
1, ,264, ,
1, ,262, ,
1, ,263, ,
1, ,263, ,
0, ,263, ,
1, ,262, ,
0, ,263, ,
1, ,263, ,
1, ,263, ,
1, ,263, ,
0, ,263, ,
1, ,263, ,
0, ,263, ,
0, ,263, ,
1, ,263, ,
1, ,262, ,
0, ,263, ,
1, ,262, ,
1, ,262, ,
1, ,263, ,
1, ,263, ,
1, ,262, ,
0, ,263, ,
1, ,263, ,
1, ,264, ,
1, ,263, ,
1, ,263, ,
1, ,262, ,
0, ,263, ,
1, ,262, ,
1, ,263, ,
1, ,262, ,
1, ,263, ,
1, ,262, ,
0, ,263, ,
3, ,263, ,
1, ,263, ,
1, ,263, ,
1, ,262, ,
1, ,263, ,
0, ,263, ,
1, ,262, ,
1, ,263, ,
1, ,263, ,
1, ,263, ,
1, ,263, ,
0, ,262, ,
1, ,262, ,
1, ,263, ,
1, ,261, ,
1, ,263, ,
1, ,263, ,
0, ,262, ,
1, ,263, ,
1, ,262, ,
1, ,263, ,
1, ,263, ,
1, ,262, ,
0, ,263, ,
1, ,262, ,
1, ,263, ,
1, ,262, ,
1, ,262, ,
1, ,262, ,
0, ,263, ,
1, ,262, ,
1, ,262, ,
1, ,263, ,
1, ,263, ,
1, ,262, ,
0, ,262, ,
1, ,262, ,
1, ,263, ,
1, ,261, ,
1, ,263, ,
1, ,263, ,
0, ,263, ,
1, ,263, ,
1, ,262, ,
1, ,263, ,
1, ,263, ,
1, ,262, ,
-1, ,263, ,
1, ,262, ,
0, ,263, ,
1, ,263, ,
1, ,263, ,
1, ,261, ,
0, ,263, ,
1, ,263, ,
0, ,263, ,
1, ,262, ,
1, ,262, ,
1, ,262, ,
0, ,263, ,
1, ,262, ,
0, ,263, ,
0, ,263, ,
1, ,262, ,
1, ,263, ,
0, ,263, ,
1, ,262, ,
1, ,263, ,
1, ,263, ,
1, ,263, ,
1, ,262, ,
0, ,261, ,
1, ,262, ,
0, ,263, ,
1, ,263, ,
1, ,263, ,
1, ,263, ,
0, ,262, ,
1, ,262, ,
0, ,262, ,
0, ,263, ,
1, ,263, ,
1, ,262, ,
0, ,263, ,
1, ,262, ,
0, ,263, ,
0, ,262, ,
1, ,263, ,
1, ,262, ,
0, ,263, ,
1, ,262, ,
0, ,262, ,
0, ,263, ,
1, ,264, ,
1, ,262, ,
0, ,263, ,
1, ,263, ,
0, ,263, ,
0, ,262, ,
1, ,263, ,
1, ,263, ,
0, ,263, ,
1, ,262, ,
0, ,263, ,
1, ,263, ,
1, ,263, ,
1, ,262, ,
0, ,263, ,
1, ,262, ,
0, ,263, ,
1, ,263, ,
1, ,263, ,
3, ,262, ,
0, ,264, ,
1, ,263, ,
1, ,264, ,
1, ,263, ,
1, ,263, ,
1, ,262, ,
0, ,263, ,
1, ,263, ,
1, ,263, ,
1, ,263, ,
1, ,263, ,
1, ,262, ,
0, ,263, ,
1, ,263, ,
0, ,262, ,
1, ,263, ,
1, ,262, ,
1, ,263, ,
0, ,262, ,
1, ,263, ,
0, ,263, ,
1, ,263, ,
1, ,263, ,
1, ,262, ,
0, ,262, ,
3, ,262, ,
0, ,263, ,
1, ,263, ,
1, ,262, ,
1, ,262, ,
0, ,263, ,
1, ,262, ,
1, ,262, ,
1, ,263, ,
1, ,263, ,
1, ,263, ,
0, ,263, ,
1, ,262, ,
0, ,262, ,
1, ,263, ,
1, ,263, ,
1, ,262, ,
0, ,263, ,
1, ,263, ,
0, ,263, ,
1, ,262, ,
1, ,262, ,
1, ,262, ,
0, ,263, ,
1, ,262, ,
0, ,262, ,
0, ,263, ,
1, ,263, ,
1, ,262, ,
0, ,262, ,
1, ,263, ,
0, ,262, ,
0, ,262, ,
1, ,262, ,
1, ,262, ,
0, ,263, ,
1, ,262, ,
0, ,263, ,
1, ,263, ,
1, ,263, ,
1, ,263, ,
0, ,263, ,
1, ,263, ,
0, ,263, ,
0, ,262, ,
1, ,261, ,
1, ,262, ,
0, ,263, ,
1, ,262, ,
0, ,263, ,
0, ,263, ,
1, ,263, ,
1, ,262, ,
0, ,263, ,
1, ,262, ,
0, ,263, ,
0, ,262, ,
1, ,263, ,
1, ,263, ,
0, ,263, ,
1, ,262, ,
0, ,263, ,
0, ,262, ,
1, ,263, ,
1, ,263, ,
0, ,263, ,
1, ,262, ,
0, ,263, ,
0, ,262, ,
1, ,263, ,
1, ,262, ,
0, ,263, ,
1, ,262, ,
0, ,263, ,
1, ,262, ,
1, ,263, ,
1, ,263, ,
0, ,262, ,
1, ,263, ,
0, ,263, ,
1, ,262, ,
1, ,263, ,
1, ,263, ,
0, ,263, ,
1, ,262, ,
0, ,263, ,
1, ,263, ,
1, ,264, ,
1, ,262, ,
0, ,263, ,
1, ,262, ,
0, ,263, ,
1, ,263, ,
1, ,263, ,
1, ,263, ,
0, ,263, ,
1, ,262, ,
0, ,262, ,
0, ,263, ,
1, ,263, ,
1, ,262, ,
0, ,262, ,
1, ,262, ,
0, ,263, ,
1, ,263, ,
1, ,263, ,
1, ,262, ,
0, ,263, ,
1, ,262, ,
0, ,263, ,
1, ,263, ,
1, ,263, ,
1, ,263, ,
0, ,263, ,
1, ,262, ,
0, ,263, ,
0, ,262, ,
1, ,263, ,
1, ,262, ,
0, ,263, ,
1, ,262, ,
1, ,263, ,
1, ,264, ,
1, ,263, ,
1, ,262, ,
0, ,263, ,
1, ,264, ,
1, ,262, ,
1, ,263, ,
1, ,263, ,
1, ,263, ,
0, ,261, ,
1, ,262, ,
0, ,263, ,
1, ,264, ,
1, ,263, ,
1, ,263, ,
0, ,263, ,
1, ,262, ,
0, ,263, ,
1, ,262, ,
1, ,262, ,
1, ,262, ,
0, ,263, ,
1, ,262, ,
0, ,263, ,
0, ,263, ,
1, ,262, ,
1, ,262, ,
0, ,263, ,
1, ,262, ,
0, ,262, ,
1, ,262, ,
1, ,263, ,
1, ,263, ,
0, ,264, ,
1, ,262, ,
0, ,262, ,
0, ,262, ,
1, ,263, ,
1, ,262, ,
0, ,263, ,
1, ,263, ,
0, ,263, ,
0, ,263, ,
1, ,263, ,
1, ,262, ,
0, ,263, ,
1, ,262, ,
0, ,263, ,
0, ,263, ,
1, ,263, ,
1, ,262, ,
0, ,263, ,
1, ,262, ,
0, ,263, ,
0, ,262, ,
1, ,262, ,
1, ,262, ,
0, ,263, ,
1, ,262, ,
0, ,263, ,
1, ,263, ,
1, ,263, ,
1, ,262, ,
0, ,263, ,
1, ,263, ,
0, ,262, ,
1, ,262, ,
1, ,262, ,
1, ,262, ,
0, ,262, ,
1, ,262, ,
1, ,263, ,
1, ,262, ,
1, ,263, ,
1, ,262, ,
0, ,264, ,
1, ,262, ,
0, ,263, ,
1, ,262, ,
1, ,262, ,
1, ,263, ,
0, ,263, ,
1, ,262, ,
0, ,262, ,
0, ,262, ,
1, ,262, ,
1, ,262, ,
0, ,263, ,
1, ,263, ,
0, ,263, ,
1, ,262, ,
1, ,263, ,
1, ,262, ,
0, ,263, ,
1, ,262, ,
1, ,263, ,
1, ,262, ,
1, ,263, ,
1, ,262, ,
0, ,263, ,
1, ,262, ,
0, ,263, ,
1, ,263, ,
1, ,262, ,
1, ,262, ,
0, ,263, ,
1, ,262, ,
1, ,263, ,
1, ,262, ,
1, ,263, ,
1, ,262, ,
0, ,262, ,
1, ,263, ,
1, ,263, ,
1, ,262, ,
1, ,263, ,
1, ,262, ,
0, ,263, ,
1, ,262, ,
1, ,263, ,
1, ,262, ,
1, ,263, ,
1, ,262, ,
0, ,264, ,
1, ,262, ,
0, ,264, ,
1, ,263, ,
1, ,262, ,
1, ,262, ,
0, ,263, ,
1, ,262, ,
0, ,262, ,
0, ,262, ,
1, ,263, ,
1, ,262, ,
0, ,264, ,
1, ,263, ,
1, ,263, ,
1, ,262, ,
1, ,263, ,
1, ,262, ,
0, ,262, ,
1, ,262, ,
0, ,262, ,
1, ,263, ,
1, ,263, ,
1, ,262, ,
0, ,263, ,
1, ,262, ,
0, ,264, ,
1, ,262, ,
1, ,263, ,
1, ,262, ,
0, ,263, ,
1, ,262, ,
1, ,261, ,
0, ,262, ,
1, ,263, ,
1, ,262, ,
0, ,263, ,
1, ,262, ,
0, ,263, ,
1, ,262, ,
1, ,263, ,
1, ,262, ,
0, ,264, ,
1, ,262, ,
0, ,262, ,
1, ,263, ,
1, ,263, ,
1, ,262, ,
0, ,263, ,
1, ,262, ,
0, ,263, ,
1, ,262, ,
1, ,263, ,
1, ,262, ,
0, ,263, ,
1, ,262, ,
1, ,263, ,
1, ,262, ,
1, ,263, ,
1, ,262, ,
0, ,262, ,
3, ,262, ,
0, ,264, ,
1, ,262, ,
1, ,263, ,
1, ,262, ,
0, ,263, ,
1, ,262, ,
0, ,263, ,
0, ,263, ,
1, ,263, ,
1, ,262, ,
0, ,263, ,
1, ,262, ,
0, ,263, ,
0, ,262, ,
1, ,262, ,
1, ,263, ,
0, ,263, ,
1, ,262, ,
0, ,263, ,
1, ,262, ,
1, ,264, ,
1, ,262, ,
0, ,263, ,
1, ,262, ,
1, ,263, ,
1, ,262, ,
1, ,263, ,
1, ,262, ,
0, ,263, ,
1, ,262, ,
1, ,263, ,
1, ,263, ,
1, ,262, ,
3, ,262, ,
0, ,263, ,
1, ,262, ,
1, ,263, ,
1, ,261, ,
1, ,262, ,
1, ,263, ,
0, ,263, ,
1, ,261, ,
0, ,261, ,
1, ,261, ,
1, ,263, ,
3, ,262, ,
0, ,262, ,
1, ,262, ,
1, ,263, ,
1, ,262, ,
1, ,263, ,
1, ,262, ,
0, ,262, ,
1, ,261, ,
1, ,262, ,
1, ,263, ,
1, ,263, ,
1, ,262, ,
0, ,263, ,
1, ,261, ,
0, ,262, ,
1, ,261, ,
1, ,262, ,
1, ,263, ,
0, ,263, ,
1, ,262, ,
0, ,262, ,
1, ,263, ,
1, ,263, ,
1, ,261, ,
0, ,263, ,
1, ,263, ,
1, ,262, ,
0, ,262, ,
1, ,263, ,
1, ,263, ,
0, ,262, ,
1, ,262, ,
0, ,263, ,
1, ,262, ,
1, ,263, ,
1, ,262, ,
0, ,261, ,
1, ,262, ,
1, ,262, ,
0, ,262, ,
1, ,262, ,
1, ,262, ,
0, ,263, ,
1, ,262, ,
0, ,262, ,
1, ,262, ,
1, ,262, ,
1, ,262, ,
0, ,262, ,
1, ,262, ,
0, ,263, ,
0, ,262, ,
1, ,262, ,
1, ,262, ,
0, ,263, ,
1, ,262, ,
0, ,262, ,
1, ,263, ,
1, ,263, ,
1, ,263, ,
0, ,263, ,
1, ,263, ,
0, ,263, ,
1, ,262, ,
1, ,262, ,
1, ,262, ,
0, ,263, ,
1, ,262, ,
1, ,262, ,
0, ,262, ,
1, ,263, ,
1, ,262, ,
0, ,262, ,
1, ,262, ,
1, ,263, ,
1, ,262, ,
1, ,262, ,
1, ,262, ,
0, ,263, ,
1, ,262, ,
0, ,262, ,
1, ,263, ,
1, ,263, ,
1, ,261, ,
0, ,262, ,
1, ,263, ,
0, ,262, ,
1, ,262, ,
1, ,262, ,
1, ,262, ,
0, ,262, ,
1, ,262, ,
0, ,261, ,
1, ,262, ,
1, ,263, ,
1, ,262, ,
0, ,263, ,
1, ,262, ,
0, ,262, ,
1, ,262, ,
1, ,262, ,
1, ,262, ,
0, ,263, ,
1, ,262, ,
0, ,263, ,
1, ,264, ,
1, ,263, ,
1, ,262, ,
0, ,263, ,
1, ,263, ,
1, ,263, ,
0, ,262, ,
1, ,264, ,
1, ,262, ,
0, ,262, ,
1, ,262, ,
1, ,262, ,
1, ,263, ,
1, ,263, ,
1, ,262, ,
0, ,263, ,
1, ,262, ,
1, ,263, ,
1, ,262, ,
1, ,262, ,
1, ,262, ,
0, ,263, ,
1, ,262, ,
1, ,262, ,
1, ,263, ,
1, ,263, ,
1, ,262, ,
0, ,262, ,
1, ,262, ,
0, ,263, ,
1, ,262, ,
1, ,262, ,
1, ,263, ,
0, ,263, ,
1, ,262, ,
1, ,263, ,
1, ,262, ,
1, ,262, ,
1, ,262, ,
0, ,263, ,
1, ,262, ,
0, ,264, ,
1, ,262, ,
1, ,263, ,
1, ,263, ,
0, ,262, ,
1, ,262, ,
0, ,263, ,
0, ,263, ,
1, ,263, ,
1, ,262, ,
0, ,262, ,
1, ,262, ,
0, ,264, ,
1, ,262, ,
1, ,263, ,
1, ,263, ,
0, ,263, ,
1, ,262, ,
0, ,263, ,
0, ,262, ,
1, ,263, ,
1, ,262, ,
0, ,263, ,
1, ,263, ,
0, ,263, ,
1, ,262, ,
126, ,253, ,
75, ,262, ,
39, ,270, ,
28, ,267, ,
22, ,261, ,
15, ,259, ,
9, ,263, ,
8, ,263, ,
8, ,262, ,
8, ,262, ,
4, ,263, ,
3, ,262, ,
5, ,261, ,
4, ,262, ,
3, ,263, ,
4, ,262, ,
3, ,262, ,
4, ,263, ,
4, ,263, ,
4, ,262, ,
1, ,263, ,
4, ,262, ,
3, ,263, ,
3, ,262, ,
4, ,262, ,
4, ,263, ,
3, ,263, ,
4, ,262, ,
3, ,263, ,
3, ,262, ,
4, ,263, ,
4, ,262, ,
1, ,262, ,
4, ,262, ,
3, ,263, ,
3, ,262, ,
4, ,263, ,
4, ,263, ,
1, ,263, ,
4, ,261, ,
1, ,261, ,
3, ,262, ,
4, ,263, ,
4, ,263, ,
3, ,263, ,
4, ,263, ,
3, ,264, ,
4, ,262, ,
4, ,261, ,
4, ,262, ,
1, ,261, ,
4, ,262, ,
3, ,262, ,
3, ,263, ,
3, ,264, ,
4, ,262, ,
3, ,262, ,
4, ,262, ,
3, ,263, ,
3, ,261, ,
4, ,262, ,
4, ,262, ,
1, ,262, ,
4, ,262, ,
1, ,262, ,
3, ,263, ,
3, ,262, ,
4, ,262, ,
1, ,262, ,
4, ,262, ,
1, ,263, ,
3, ,262, ,
4, ,263, ,
3, ,263, ,
3, ,263, ,
4, ,261, ,
3, ,261, ,
4, ,263, ,
4, ,263, ,
4, ,262, ,
3, ,262, ,
4, ,262, ,
3, ,263, ,
3, ,262, ,
3, ,262, ,
4, ,263, ,
1, ,263, ,
4, ,262, ,
1, ,262, ,
3, ,263, ,
3, ,263, ,
3, ,261, ,
1, ,263, ,
4, ,263, ,
1, ,262, ,
3, ,262, ,
3, ,263, ,
4, ,262, ,
3, ,263, ,
4, ,262, ,
3, ,263, ,
3, ,263, ,
4, ,262, ,
3, ,262, ,
1, ,263, ,
4, ,262, ,
3, ,262, ,
3, ,262, ,
3, ,263, ,
4, ,263, ,
1, ,263, ,
4, ,262, ,
1, ,261, ,
3, ,262, ,
3, ,262, ,
3, ,262, ,
1, ,263, ,
4, ,262, ,
1, ,263, ,
3, ,262, ,
3, ,262, ,
3, ,263, ,
1, ,263, ,
4, ,262, ,
3, ,262, ,
3, ,261, ,
3, ,263, ,
3, ,261, ,
1, ,262, ,
4, ,260, ,
3, ,260, ,
3, ,259, ,
4, ,261, ,
3, ,264, ,
1, ,266, ,
4, ,264, ,
1, ,264, ,
3, ,262, ,
3, ,261, ,
3, ,261, ,
1, ,261, ,
4, ,262, ,
1, ,262, ,
3, ,262, ,
3, ,263, ,
3, ,262, ,
1, ,262, ,
4, ,262, ,
3, ,262, ,
3, ,264, ,
3, ,263, ,
3, ,262, ,
1, ,261, ,
4, ,261, ,
3, ,262, ,
3, ,262, ,
3, ,262, ,
3, ,262, ,
1, ,262, ,
4, ,262, ,
1, ,263, ,
3, ,262, ,
3, ,263, ,
3, ,262, ,
1, ,263, ,
4, ,261, ,
1, ,263, ,
3, ,262, ,
3, ,263, ,
3, ,262, ,
1, ,262, ,
4, ,262, ,
1, ,262, ,
3, ,262, ,
3, ,263, ,
3, ,262, ,
1, ,263, ,
4, ,261, ,
3, ,263, ,
3, ,261, ,
3, ,262, ,
3, ,262, ,
1, ,262, ,
4, ,261, ,
1, ,262, ,
3, ,263, ,
3, ,263, ,
3, ,261, ,
1, ,262, ,
3, ,262, ,
1, ,262, ,
3, ,261, ,
3, ,263, ,
3, ,263, ,
1, ,263, ,
4, ,262, ,
1, ,263, ,
3, ,262, ,
3, ,263, ,
3, ,262, ,
1, ,261, ,
4, ,263, ,
3, ,262, ,
3, ,261, ,
3, ,261, ,
3, ,262, ,
1, ,263, ,
4, ,262, ,
1, ,263, ,
3, ,262, ,
3, ,262, ,
3, ,262, ,
1, ,262, ,
3, ,262, ,
1, ,262, ,
3, ,262, ,
3, ,262, ,
3, ,262, ,
1, ,263, ,
4, ,262, ,
1, ,262, ,
3, ,263, ,
3, ,262, ,
3, ,262, ,
1, ,261, ,
4, ,262, ,
3, ,262, ,
3, ,262, ,
3, ,263, ,
3, ,262, ,
1, ,263, ,
3, ,262, ,
1, ,263, ,
3, ,263, ,
3, ,264, ,
3, ,262, ,
1, ,262, ,
3, ,261, ,
1, ,262, ,
3, ,261, ,
3, ,263, ,
3, ,263, ,
1, ,263, ,
3, ,264, ,
1, ,263, ,
3, ,262, ,
3, ,263, ,
3, ,263, ,
1, ,262, ,
4, ,263, ,
1, ,263, ,
1, ,262, ,
3, ,262, ,
3, ,262, ,
1, ,263, ,
4, ,263, ,
1, ,263, ,
3, ,263, ,
3, ,262, ,
3, ,262, ,
1, ,263, ,
3, ,263, ,
1, ,263, ,
3, ,262, ,
3, ,262, ,
3, ,262, ,
1, ,263, ,
4, ,262, ,
1, ,262, ,
3, ,263, ,
3, ,262, ,
3, ,262, ,
1, ,263, ,
4, ,263, ,
1, ,264, ,
3, ,262, ,
3, ,263, ,
3, ,262, ,
1, ,262, ,
3, ,263, ,
1, ,264, ,
3, ,263, ,
3, ,263, ,
3, ,262, ,
1, ,263, ,
3, ,262, ,
1, ,263, ,
3, ,262, ,
3, ,263, ,
3, ,263, ,
1, ,263, ,
3, ,262, ,
1, ,262, ,
3, ,263, ,
3, ,262, ,
3, ,262, ,
1, ,263, ,
3, ,263, ,
1, ,263, ,
3, ,263, ,
3, ,262, ,
3, ,262, ,
1, ,263, ,
3, ,262, ,
1, ,262, ,
3, ,263, ,
3, ,262, ,
3, ,263, ,
1, ,263, ,
3, ,262, ,
1, ,263, ,
3, ,262, ,
3, ,263, ,
3, ,262, ,
1, ,262, ,
3, ,262, ,
1, ,262, ,
3, ,262, ,
3, ,263, ,
3, ,262, ,
1, ,262, ,
4, ,262, ,
1, ,263, ,
3, ,262, ,
3, ,262, ,
3, ,263, ,
0, ,263, ,
3, ,262, ,
1, ,262, ,
3, ,262, ,
3, ,263, ,
3, ,262, ,
1, ,263, ,
3, ,261, ,
1, ,263, ,
3, ,263, ,
3, ,263, ,
3, ,262, ,
1, ,262, ,
3, ,262, ,
1, ,262, ,
3, ,263, ,
3, ,263, ,
3, ,263, ,
1, ,262, ,
3, ,263, ,
1, ,264, ,
3, ,262, ,
1, ,263, ,
1, ,262, ,
1, ,262, ,
3, ,262, ,
1, ,263, ,
1, ,262, ,
3, ,263, ,
3, ,262, ,
1, ,263, ,
3, ,263, ,
1, ,263, ,
1, ,263, ,
3, ,262, ,
3, ,262, ,
1, ,263, ,
3, ,262, ,
1, ,263, ,
3, ,263, ,
3, ,263, ,
3, ,262, ,
1, ,263, ,
3, ,263, ,
1, ,262, ,
1, ,263, ,
3, ,262, ,
3, ,263, ,
0, ,263, ,
3, ,262, ,
1, ,263, ,
1, ,263, ,
1, ,263, ,
1, ,263, ,
1, ,263, ,
3, ,262, ,
1, ,263, ,
1, ,262, ,
3, ,263, ,
3, ,262, ,
0, ,263, ,
3, ,262, ,
1, ,262, ,
3, ,263, ,
3, ,262, ,
3, ,262, ,
1, ,263, ,
3, ,262, ,
1, ,263, ,
1, ,262, ,
1, ,263, ,
3, ,262, ,
0, ,263, ,
3, ,263, ,
1, ,263, ,
1, ,263, ,
3, ,263, ,
3, ,262, ,
0, ,262, ,
3, ,263, ,
1, ,263, ,
1, ,263, ,
3, ,262, ,
1, ,262, ,
0, ,264, ,
3, ,262, ,
1, ,263, ,
1, ,263, ,
3, ,263, ,
1, ,263, ,
0, ,262, ,
3, ,263, ,
1, ,263, ,
1, ,262, ,
3, ,262, ,
1, ,263, ,
0, ,262, ,
3, ,262, ,
1, ,262, ,
3, ,262, ,
3, ,263, ,
3, ,262, ,
0, ,263, ,
3, ,262, ,
1, ,263, ,
1, ,262, ,
3, ,263, ,
1, ,262, ,
0, ,263, ,
3, ,262, ,
1, ,262, ,
1, ,262, ,
3, ,263, ,
3, ,262, ,
1, ,262, ,
3, ,262, ,
1, ,264, ,
1, ,262, ,
3, ,263, ,
1, ,261, ,
0, ,263, ,
3, ,262, ,
1, ,263, ,
1, ,263, ,
3, ,263, ,
1, ,262, ,
0, ,263, ,
3, ,263, ,
1, ,263, ,
3, ,262, ,
3, ,263, ,
1, ,262, ,
0, ,262, ,
3, ,262, ,
1, ,263, ,
3, ,263, ,
3, ,263, ,
1, ,262, ,
0, ,262, ,
3, ,262, ,
1, ,263, ,
1, ,262, ,
3, ,263, ,
1, ,263, ,
0, ,263, ,
3, ,262, ,
1, ,262, ,
1, ,263, ,
3, ,262, ,
1, ,261, ,
0, ,261, ,
3, ,262, ,
1, ,264, ,
1, ,263, ,
3, ,263, ,
1, ,262, ,
0, ,263, ,
3, ,262, ,
1, ,263, ,
1, ,261, ,
3, ,263, ,
1, ,262, ,
0, ,263, ,
3, ,262, ,
1, ,263, ,
1, ,262, ,
3, ,261, ,
1, ,262, ,
0, ,263, ,
3, ,262, ,
1, ,262, ,
1, ,262, ,
1, ,263, ,
1, ,262, ,
0, ,262, ,
3, ,262, ,
1, ,263, ,
1, ,262, ,
3, ,262, ,
3, ,262, ,
0, ,263, ,
3, ,263, ,
1, ,262, ,
1, ,261, ,
3, ,263, ,
1, ,262, ,
0, ,263, ,
3, ,262, ,
1, ,263, ,
1, ,263, ,
3, ,263, ,
3, ,262, ,
0, ,262, ,
3, ,262, ,
1, ,262, ,
1, ,262, ,
1, ,263, ,
1, ,263, ,
0, ,263, ,
3, ,263, ,
1, ,263, ,
1, ,262, ,
1, ,263, ,
3, ,262, ,
1, ,263, ,
3, ,262, ,
1, ,262, ,
1, ,263, ,
3, ,263, ,
3, ,262, ,
0, ,263, ,
3, ,262, ,
1, ,262, ,
1, ,263, ,
1, ,262, ,
1, ,262, ,
0, ,263, ,
3, ,262, ,
1, ,263, ,
1, ,263, ,
1, ,263, ,
3, ,262, ,
0, ,262, ,
3, ,262, ,
1, ,263, ,
1, ,262, ,
3, ,263, ,
3, ,263, ,
0, ,263, ,
3, ,262, ,
1, ,263, ,
1, ,263, ,
3, ,263, ,
1, ,262, ,
0, ,262, ,
3, ,262, ,
1, ,263, ,
1, ,262, ,
3, ,263, ,
3, ,262, ,
0, ,263, ,
3, ,262, ,
1, ,262, ,
1, ,262, ,
1, ,263, ,
1, ,263, ,
0, ,263, ,
3, ,263, ,
1, ,263, ,
1, ,261, ,
1, ,262, ,
3, ,262, ,
0, ,263, ,
3, ,262, ,
1, ,262, ,
1, ,263, ,
3, ,263, ,
1, ,263, ,
0, ,263, ,
3, ,262, ,
1, ,263, ,
1, ,262, ,
1, ,262, ,
1, ,262, ,
0, ,262, ,
3, ,262, ,
1, ,262, ,
1, ,262, ,
1, ,263, ,
1, ,262, ,
0, ,263, ,
3, ,262, ,
1, ,263, ,
1, ,262, ,
1, ,262, ,
3, ,262, ,
0, ,263, ,
3, ,262, ,
1, ,262, ,
1, ,262, ,
1, ,263, ,
1, ,262, ,
0, ,263, ,
1, ,262, ,
1, ,262, ,
1, ,262, ,
3, ,261, ,
1, ,263, ,
0, ,263, ,
3, ,262, ,
1, ,261, ,
1, ,263, ,
1, ,263, ,
1, ,262, ,
0, ,261, ,
3, ,262, ,
1, ,263, ,
1, ,262, ,
1, ,263, ,
1, ,263, ,
0, ,263, ,
3, ,262, ,
1, ,262, ,
1, ,262, ,
1, ,262, ,
1, ,262, ,
0, ,263, ,
3, ,262, ,
1, ,263, ,
1, ,262, ,
1, ,263, ,
1, ,263, ,
0, ,263, ,
1, ,262, ,
1, ,261, ,
1, ,262, ,
3, ,262, ,
1, ,262, ,
0, ,262, ,
3, ,262, ,
1, ,263, ,
1, ,262, ,
1, ,262, ,
1, ,263, ,
0, ,263, ,
3, ,261, ,
1, ,262, ,
1, ,262, ,
1, ,262, ,
3, ,262, ,
0, ,262, ,
3, ,263, ,
1, ,263, ,
1, ,262, ,
1, ,263, ,
1, ,262, ,
0, ,263, ,
1, ,262, ,
1, ,262, ,
1, ,261, ,
1, ,262, ,
1, ,262, ,
0, ,263, ,
3, ,263, ,
1, ,263, ,
1, ,263, ,
1, ,262, ,
3, ,262, ,
0, ,263, ,
3, ,262, ,
1, ,262, ,
3, ,262, ,
1, ,262, ,
1, ,262, ,
0, ,263, ,
3, ,262, ,
1, ,264, ,
1, ,262, ,
1, ,262, ,
1, ,263, ,
0, ,263, ,
1, ,263, ,
1, ,261, ,
1, ,263, ,
1, ,263, ,
1, ,262, ,
0, ,262, ,
3, ,262, ,
1, ,263, ,
1, ,262, ,
1, ,262, ,
3, ,262, ,
0, ,263, ,
3, ,262, ,
1, ,263, ,
1, ,263, ,
1, ,263, ,
3, ,262, ,
0, ,262, ,
3, ,262, ,
1, ,263, ,
1, ,262, ,
1, ,263, ,
1, ,262, ,
0, ,263, ,
1, ,262, ,
1, ,263, ,
1, ,262, ,
1, ,263, ,
3, ,262, ,
0, ,263, ,
1, ,263, ,
1, ,262, ,
1, ,261, ,
1, ,263, ,
1, ,262, ,
0, ,263, ,
3, ,262, ,
1, ,263, ,
1, ,263, ,
1, ,263, ,
3, ,262, ,
0, ,263, ,
1, ,263, ,
1, ,263, ,
1, ,262, ,
1, ,263, ,
1, ,262, ,
0, ,263, ,
1, ,262, ,
1, ,263, ,
1, ,263, ,
1, ,263, ,
1, ,262, ,
0, ,262, ,
1, ,262, ,
1, ,263, ,
1, ,263, ,
1, ,262, ,
1, ,262, ,
0, ,262, ,
1, ,262, ,
1, ,262, ,
1, ,263, ,
1, ,262, ,
1, ,262, ,
0, ,263, ,
3, ,263, ,
1, ,262, ,
1, ,262, ,
1, ,263, ,
1, ,261, ,
0, ,263, ,
1, ,263, ,
1, ,262, ,
1, ,262, ,
1, ,262, ,
1, ,262, ,
0, ,263, ,
3, ,261, ,
1, ,263, ,
1, ,262, ,
1, ,262, ,
1, ,262, ,
0, ,263, ,
3, ,262, ,
1, ,262, ,
1, ,263, ,
1, ,263, ,
1, ,262, ,
0, ,262, ,
3, ,262, ,
1, ,263, ,
1, ,261, ,
1, ,263, ,
1, ,262, ,
0, ,262, ,
1, ,262, ,
1, ,263, ,
1, ,262, ,
1, ,263, ,
1, ,262, ,
0, ,263, ,
3, ,262, ,
1, ,263, ,
1, ,263, ,
1, ,263, ,
3, ,261, ,
0, ,263, ,
1, ,262, ,
1, ,263, ,
1, ,262, ,
1, ,262, ,
3, ,262, ,
0, ,263, ,
3, ,263, ,
1, ,262, ,
1, ,263, ,
1, ,261, ,
1, ,262, ,
0, ,262, ,
3, ,262, ,
1, ,262, ,
1, ,263, ,
1, ,263, ,
1, ,262, ,
0, ,262, ,
1, ,262, ,
1, ,263, ,
1, ,262, ,
1, ,261, ,
1, ,262, ,
0, ,263, ,
3, ,262, ,
1, ,262, ,
1, ,263, ,
1, ,263, ,
1, ,262, ,
0, ,262, ,
3, ,262, ,
1, ,263, ,
1, ,262, ,
3, ,261, ,
1, ,261, ,
0, ,263, ,
1, ,262, ,
1, ,263, ,
1, ,263, ,
1, ,263, ,
1, ,261, ,
0, ,263, ,
3, ,262, ,
1, ,263, ,
1, ,262, ,
1, ,262, ,
1, ,261, ,
0, ,263, ,
1, ,262, ,
0, ,262, ,
1, ,263, ,
1, ,262, ,
3, ,262, ,
0, ,262, ,
1, ,261, ,
1, ,262, ,
1, ,262, ,
1, ,262, ,
1, ,262, ,
0, ,263, ,
1, ,262, ,
0, ,262, ,
1, ,262, ,
1, ,262, ,
1, ,262, ,
0, ,262, ,
1, ,262, ,
1, ,262, ,
1, ,262, ,
3, ,263, ,
1, ,263, ,
0, ,262, ,
1, ,262, ,
1, ,263, ,
1, ,262, ,
1, ,263, ,
1, ,262, ,
0, ,263, ,
1, ,262, ,
1, ,262, ,
1, ,262, ,
1, ,263, ,
1, ,262, ,
0, ,263, ,
1, ,261, ,
1, ,261, ,
1, ,262, ,
1, ,263, ,
1, ,262, ,
0, ,262, ,
1, ,262, ,
1, ,263, ,
1, ,262, ,
1, ,263, ,
1, ,262, ,
0, ,262, ,
1, ,262, ,
1, ,262, ,
1, ,263, ,
1, ,263, ,
1, ,262, ,
0, ,263, ,
3, ,261, ,
1, ,263, ,
1, ,262, ,
1, ,262, ,
1, ,262, ,
0, ,263, ,
1, ,261, ,
1, ,263, ,
1, ,262, ,
1, ,263, ,
1, ,262, ,
0, ,261, ,
1, ,261, ,
1, ,261, ,
1, ,262, ,
1, ,264, ,
1, ,264, ,
0, ,264, ,
1, ,262, ,
1, ,262, ,
1, ,262, ,
1, ,262, ,
1, ,261, ,
0, ,263, ,
3, ,262, ,
1, ,263, ,
1, ,262, ,
1, ,263, ,
1, ,263, ,
0, ,262, ,
1, ,261, ,
1, ,263, ,
1, ,262, ,
1, ,262, ,
1, ,263, ,
0, ,263, ,
1, ,262, ,
1, ,262, ,
1, ,262, ,
1, ,262, ,
1, ,261, ,
0, ,263, ,
3, ,263, ,
1, ,262, ,
1, ,262, ,
1, ,262, ,
1, ,262, ,
0, ,263, ,
3, ,262, ,
1, ,263, ,
1, ,262, ,
1, ,263, ,
1, ,263, ,
0, ,263, ,
1, ,262, ,
1, ,263, ,
1, ,262, ,
1, ,263, ,
1, ,262, ,
0, ,263, ,
1, ,263, ,
1, ,263, ,
1, ,262, ,
1, ,263, ,
3, ,262, ,
0, ,263, ,
1, ,262, ,
1, ,263, ,
1, ,262, ,
1, ,263, ,
1, ,261, ,
0, ,263, ,
3, ,261, ,
1, ,263, ,
1, ,262, ,
1, ,262, ,
1, ,262, ,
0, ,264, ,
1, ,262, ,
1, ,262, ,
1, ,263, ,
1, ,263, ,
1, ,262, ,
0, ,263, ,
1, ,261, ,
1, ,263, ,
1, ,262, ,
1, ,262, ,
1, ,262, ,
0, ,264, ,
3, ,262, ,
1, ,262, ,
1, ,262, ,
1, ,263, ,
1, ,262, ,
0, ,261, ,
3, ,262, ,
0, ,263, ,
1, ,262, ,
1, ,263, ,
1, ,262, ,
0, ,262, ,
1, ,262, ,
1, ,262, ,
1, ,262, ,
1, ,262, ,
1, ,262, ,
0, ,263, ,
1, ,262, ,
0, ,262, ,
1, ,262, ,
1, ,262, ,
1, ,262, ,
0, ,262, ,
1, ,262, ,
1, ,262, ,
1, ,263, ,
1, ,264, ,
1, ,262, ,
0, ,263, ,
1, ,262, ,
1, ,264, ,
1, ,262, ,
1, ,261, ,
1, ,262, ,
0, ,263, ,
1, ,262, ,
1, ,263, ,
1, ,262, ,
1, ,263, ,
1, ,262, ,
0, ,262, ,
3, ,262, ,
1, ,262, ,
1, ,262, ,
1, ,262, ,
1, ,263, ,
0, ,263, ,
1, ,262, ,
1, ,263, ,
1, ,262, ,
1, ,263, ,
1, ,262, ,
0, ,262, ,
1, ,262, ,
1, ,263, ,
1, ,262, ,
1, ,262, ,
1, ,262, ,
0, ,263, ,
1, ,262, ,
0, ,263, ,
1, ,263, ,
1, ,262, ,
1, ,263, ,
0, ,263, ,
1, ,262, ,
0, ,264, ,
1, ,262, ,
1, ,263, ,
1, ,262, ,
0, ,263, ,
1, ,262, ,
1, ,262, ,
1, ,262, ,
1, ,262, ,
3, ,262, ,
0, ,263, ,
1, ,262, ,
1, ,263, ,
1, ,263, ,
1, ,262, ,
1, ,263, ,
0, ,263, ,
1, ,262, ,
0, ,262, ,
1, ,263, ,
1, ,263, ,
3, ,262, ,
0, ,262, ,
1, ,263, ,
1, ,262, ,
1, ,262, ,
1, ,263, ,
1, ,262, ,
0, ,263, ,
1, ,262, ,
0, ,262, ,
1, ,263, ,
1, ,263, ,
1, ,261, ,
0, ,263, ,
3, ,262, ,
0, ,262, ,
1, ,260, ,
1, ,259, ,
1, ,259, ,
0, ,261, ,
1, ,264, ,
1, ,265, ,
1, ,265, ,
1, ,264, ,
1, ,262, ,
0, ,261, ,
1, ,261, ,
1, ,262, ,
1, ,261, ,
1, ,262, ,
3, ,263, ,
0, ,262, ,
1, ,261, ,
1, ,261, ,
1, ,262, ,
1, ,263, ,
1, ,262, ,
0, ,262, ,
1, ,262, ,
1, ,262, ,
1, ,262, ,
1, ,263, ,
1, ,262, ,
0, ,261, ,
1, ,262, ,
1, ,263, ,
1, ,263, ,
1, ,262, ,
1, ,262, ,
0, ,263, ,
1, ,262, ,
0, ,261, ,
1, ,262, ,
1, ,262, ,
1, ,262, ,
0, ,262, ,
1, ,261, ,
1, ,261, ,
1, ,261, ,
1, ,262, ,
1, ,262, ,
0, ,263, ,
1, ,262, ,
1, ,262, ,
1, ,261, ,
1, ,262, ,
1, ,262, ,
0, ,263, ,
1, ,261, ,
0, ,262, ,
1, ,262, ,
1, ,262, ,
1, ,262, ,
0, ,262, ,
1, ,262, ,
1, ,262, ,
1, ,262, ,
1, ,262, ,
1, ,262, ,
0, ,263, ,
1, ,262, ,
1, ,262, ,
1, ,261, ,
1, ,262, ,
1, ,260, ,
0, ,262, ,
1, ,262, ,
1, ,263, ,
1, ,262, ,
1, ,261, ,
1, ,261, ,
0, ,263, ,
3, ,261, ,
1, ,262, ,
1, ,262, ,
1, ,262, ,
1, ,262, ,
0, ,262, ,
1, ,262, ,
0, ,263, ,
1, ,262, ,
1, ,262, ,
3, ,262, ,
0, ,263, ,
1, ,262, ,
1, ,261, ,
1, ,262, ,
1, ,261, ,
1, ,262, ,
0, ,263, ,
1, ,263, ,
0, ,263, ,
1, ,262, ,
1, ,261, ,
1, ,261, ,
0, ,263, ,
1, ,262, ,
1, ,262, ,
1, ,263, ,
1, ,263, ,
1, ,262, ,
0, ,263, ,
1, ,263, ,
1, ,264, ,
1, ,262, ,
1, ,263, ,
1, ,262, ,
0, ,262, ,
1, ,262, ,
1, ,263, ,
1, ,262, ,
1, ,263, ,
1, ,263, ,
0, ,263, ,
1, ,262, ,
1, ,263, ,
1, ,262, ,
1, ,262, ,
1, ,262, ,
0, ,263, ,
1, ,262, ,
0, ,263, ,
1, ,263, ,
1, ,263, ,
1, ,262, ,
0, ,263, ,
3, ,263, ,
1, ,263, ,
1, ,263, ,
1, ,263, ,
1, ,261, ,
0, ,263, ,
1, ,262, ,
0, ,262, ,
1, ,261, ,
1, ,263, ,
1, ,262, ,
0, ,262, ,
1, ,262, ,
0, ,263, ,
1, ,262, ,
1, ,263, ,
1, ,263, ,
0, ,263, ,
1, ,262, ,
0, ,263, ,
1, ,262, ,
1, ,263, ,
1, ,262, ,
0, ,262, ,
1, ,262, ,
0, ,263, ,
1, ,262, ,
1, ,263, ,
1, ,262, ,
0, ,263, ,
1, ,263, ,
1, ,263, ,
1, ,263, ,
1, ,264, ,
1, ,263, ,
0, ,261, ,
1, ,263, ,
0, ,263, ,
1, ,262, ,
1, ,262, ,
1, ,262, ,
0, ,263, ,
1, ,263, ,
1, ,263, ,
1, ,262, ,
1, ,263, ,
1, ,261, ,
0, ,263, ,
1, ,262, ,
1, ,263, ,
1, ,262, ,
1, ,263, ,
1, ,262, ,
0, ,263, ,
1, ,262, ,
1, ,262, ,
1, ,263, ,
1, ,263, ,
1, ,261, ,
0, ,263, ,
1, ,263, ,
1, ,263, ,
1, ,263, ,
1, ,263, ,
1, ,263, ,
0, ,262, ,
1, ,262, ,
1, ,263, ,
1, ,263, ,
1, ,263, ,
1, ,262, ,
0, ,263, ,
1, ,262, ,
1, ,263, ,
1, ,261, ,
1, ,262, ,
1, ,263, ,
0, ,263, ,
1, ,262, ,
1, ,262, ,
1, ,263, ,
1, ,263, ,
1, ,262, ,
0, ,263, ,
1, ,262, ,
0, ,263, ,
1, ,262, ,
1, ,263, ,
1, ,262, ,
0, ,263, ,
3, ,262, ,
1, ,262, ,
1, ,262, ,
1, ,263, ,
1, ,262, ,
0, ,262, ,
3, ,262, ,
1, ,264, ,
1, ,262, ,
1, ,262, ,
1, ,262, ,
0, ,263, ,
1, ,262, ,
1, ,262, ,
1, ,263, ,
1, ,263, ,
1, ,262, ,
0, ,263, ,
1, ,263, ,
1, ,263, ,
1, ,262, ,
1, ,263, ,
1, ,263, ,
0, ,264, ,
1, ,262, ,
1, ,263, ,
1, ,262, ,
1, ,263, ,
1, ,262, ,
0, ,263, ,
1, ,262, ,
1, ,262, ,
1, ,261, ,
1, ,261, ,
1, ,262, ,
0, ,263, ,
1, ,264, ,
1, ,263, ,
1, ,262, ,
1, ,263, ,
1, ,262, ,
0, ,261, ,
1, ,262, ,
0, ,263, ,
1, ,262, ,
1, ,263, ,
1, ,263, ,
0, ,264, ,
1, ,262, ,
0, ,263, ,
0, ,263, ,
1, ,263, ,
1, ,262, ,
0, ,263, ,
1, ,262, ,
0, ,263, ,
1, ,262, ,
1, ,263, ,
1, ,262, ,
0, ,263, ,
1, ,262, ,
1, ,262, ,
0, ,263, ,
1, ,264, ,
1, ,262, ,
0, ,262, ,
1, ,263, ,
1, ,263, ,
1, ,262, ,
1, ,263, ,
1, ,263, ,
0, ,262, ,
1, ,262, ,
0, ,263, ,
1, ,263, ,
1, ,263, ,
1, ,262, ,
0, ,263, ,
1, ,262, ,
0, ,263, ,
0, ,262, ,
1, ,263, ,
1, ,262, ,
0, ,263, ,
1, ,263, ,
0, ,263, ,
0, ,262, ,
1, ,262, ,
1, ,262, ,
0, ,263, ,
1, ,263, ,
1, ,263, ,
0, ,263, ,
1, ,262, ,
1, ,262, ,
0, ,263, ,
1, ,262, ,
0, ,263, ,
1, ,262, ,
1, ,263, ,
1, ,262, ,
0, ,263, ,
1, ,262, ,
0, ,262, ,
1, ,262, ,
1, ,263, ,
1, ,263, ,
0, ,263, ,
1, ,262, ,
0, ,263, ,
1, ,263, ,
1, ,263, ,
1, ,262, ,
0, ,263, ,
1, ,262, ,
1, ,263, ,
1, ,262, ,
1, ,263, ,
1, ,263, ,
0, ,263, ,
1, ,262, ,
1, ,262, ,
1, ,262, ,
1, ,263, ,
1, ,262, ,
0, ,263, ,
1, ,262, ,
1, ,263, ,
1, ,263, ,
1, ,263, ,
1, ,262, ,
0, ,263, ,
1, ,262, ,
0, ,263, ,
1, ,263, ,
1, ,263, ,
1, ,262, ,
0, ,263, ,
1, ,262, ,
1, ,262, ,
1, ,262, ,
1, ,263, ,
1, ,263, ,
0, ,263, ,
1, ,262, ,
1, ,262, ,
1, ,262, ,
1, ,262, ,
1, ,262, ,
0, ,262, ,
1, ,262, ,
1, ,263, ,
1, ,262, ,
1, ,262, ,
1, ,263, ,
0, ,262, ,
1, ,262, ,
1, ,263, ,
1, ,263, ,
1, ,263, ,
1, ,262, ,
0, ,262, ,
1, ,262, ,
0, ,263, ,
1, ,262, ,
1, ,263, ,
1, ,262, ,
0, ,263, ,
1, ,262, ,
1, ,262, ,
0, ,263, ,
1, ,263, ,
1, ,262, ,
0, ,263, ,
1, ,263, ,
0, ,262, ,
1, ,262, ,
1, ,263, ,
1, ,263, ,
0, ,263, ,
1, ,262, ,
0, ,263, ,
1, ,263, ,
1, ,263, ,
1, ,262, ,
0, ,263, ,
1, ,263, ,
0, ,263, ,
1, ,262, ,
1, ,262, ,
1, ,262, ,
0, ,262, ,
1, ,262, ,
0, ,262, ,
1, ,262, ,
1, ,263, ,
1, ,262, ,
0, ,262, ,
1, ,261, ,
0, ,264, ,
1, ,263, ,
1, ,262, ,
1, ,262, ,
0, ,263, ,
1, ,262, ,
0, ,263, ,
1, ,262, ,
1, ,264, ,
1, ,262, ,
0, ,262, ,
1, ,262, ,
0, ,263, ,
1, ,262, ,
1, ,262, ,
1, ,262, ,
0, ,263, ,
1, ,262, ,
1, ,262, ,
1, ,262, ,
1, ,263, ,
1, ,262, ,
0, ,262, ,
1, ,262, ,
0, ,263, ,
1, ,262, ,
1, ,263, ,
1, ,262, ,
0, ,263, ,
1, ,263, ,
0, ,263, ,
1, ,263, ,
1, ,263, ,
1, ,262, ,
0, ,263, ,
1, ,263, ,
1, ,262, ,
1, ,262, ,
1, ,262, ,
1, ,263, ,
0, ,263, ,
1, ,262, ,
1, ,263, ,
1, ,263, ,
1, ,263, ,
1, ,262, ,
0, ,262, ,
3, ,262, ,
0, ,264, ,
0, ,262, ,
1, ,262, ,
1, ,262, ,
0, ,263, ,
1, ,262, ,
1, ,262, ,
1, ,261, ,
1, ,263, ,
1, ,262, ,
0, ,263, ,
1, ,263, ,
0, ,263, ,
1, ,262, ,
1, ,263, ,
1, ,262, ,
0, ,263, ,
1, ,262, ,
0, ,263, ,
1, ,263, ,
1, ,263, ,
1, ,262, ,
0, ,262, ,
1, ,262, ,
1, ,263, ,
1, ,263, ,
3, ,262, ,
3, ,262, ,
0, ,262, ,
3, ,262, ,
1, ,263, ,
1, ,262, ,
1, ,263, ,
1, ,262, ,
0, ,262, ,
1, ,262, ,
0, ,263, ,
0, ,262, ,
1, ,262, ,
1, ,262, ,
0, ,263, ,
1, ,262, ,
1, ,262, ,
1, ,262, ,
1, ,263, ,
1, ,262, ,
0, ,262, ,
1, ,263, ,
0, ,263, ,
1, ,263, ,
0, ,262, ,
1, ,262, ,
0, ,263, ,
1, ,262, ,
0, ,263, ,
0, ,262, ,
1, ,263, ,
1, ,262, ,
0, ,262, ,
1, ,262, ,
1, ,263, ,
1, ,262, ,
1, ,262, ,
3, ,262, ,
0, ,262, ,
1, ,261, ,
0, ,263, ,
1, ,262, ,
1, ,263, ,
1, ,262, ,
0, ,263, ,
1, ,263, ,
0, ,263, ,
0, ,261, ,
1, ,262, ,
1, ,262, ,
0, ,263, ,
1, ,262, ,
0, ,262, ,
1, ,263, ,
1, ,263, ,
1, ,262, ,
0, ,262, ,
3, ,262, ,
0, ,263, ,
0, ,262, ,
1, ,263, ,
1, ,262, ,
0, ,263, ,
1, ,262, ,
1, ,263, ,
1, ,263, ,
1, ,262, ,
1, ,263, ,
0, ,262, ,
1, ,263, ,
1, ,263, ,
1, ,262, ,
1, ,262, ,
1, ,262, ,
0, ,263, ,
1, ,263, ,
0, ,261, ,
1, ,262, ,
1, ,263, ,
1, ,261, ,
0, ,262, ,
1, ,262, ,
0, ,262, ,
0, ,261, ,
1, ,261, ,
1, ,262, ,
0, ,263, ,
1, ,262, ,
1, ,262, ,
0, ,262, ,
1, ,263, ,
1, ,262, ,
0, ,263, ,
3, ,263, ,
1, ,263, ,
1, ,262, ,
1, ,261, ,
1, ,262, ,
0, ,262, ,
1, ,262, ,
1, ,262, ,
1, ,263, ,
1, ,263, ,
1, ,262, ,
0, ,263, ,
3, ,262, ,
1, ,263, ,
1, ,261, ,
1, ,263, ,
1, ,263, ,
0, ,262, ,
1, ,262, ,
1, ,263, ,
1, ,262, ,
1, ,263, ,
1, ,262, ,
0, ,262, ,
1, ,263, ,
0, ,263, ,
1, ,262, ,
1, ,262, ,
3, ,262, ,
0, ,263, ,
1, ,262, ,
0, ,262, ,
1, ,261, ,
1, ,263, ,
1, ,262, ,
0, ,263, ,
3, ,262, ,
0, ,262, ,
1, ,262, ,
1, ,263, ,
1, ,262, ,
0, ,263, ,
1, ,262, ,
0, ,262, ,
0, ,262, ,
1, ,262, ,
1, ,262, ,
0, ,263, ,
1, ,262, ,
0, ,263, ,
1, ,262, ,
1, ,263, ,
1, ,263, ,
0, ,262, ,
1, ,262, ,
1, ,261, ,
1, ,262, ,
1, ,262, ,
1, ,262, ,
0, ,262, ,
1, ,262, ,
0, ,263, ,
1, ,262, ,
1, ,262, ,
1, ,263, ,
0, ,262, ,
1, ,262, ,
0, ,262, ,
0, ,262, ,
1, ,263, ,
1, ,262, ,
0, ,262, ,
1, ,262, ,
0, ,262, ,
1, ,263, ,
1, ,263, ,
1, ,261, ,
0, ,262, ,
1, ,262, ,
0, ,263, ,
1, ,263, ,
1, ,262, ,
1, ,262, ,
0, ,262, ,
1, ,262, ,
0, ,263, ,
0, ,262, ,
3, ,263, ,
3, ,262, ,
0, ,262, ,
1, ,262, ,
1, ,263, ,
1, ,262, ,
1, ,262, ,
1, ,262, ,
0, ,263, ,
1, ,262, ,
1, ,262, ,
1, ,262, ,
1, ,262, ,
1, ,261, ,
0, ,262, ,
1, ,261, ,
0, ,263, ,
1, ,263, ,
3, ,264, ,
1, ,262, ,
0, ,263, ,
1, ,261, ,
0, ,262, ,
1, ,261, ,
1, ,261, ,
1, ,262, ,
0, ,263, ,
1, ,262, ,
1, ,262, ,
0, ,262, ,
1, ,262, ,
1, ,262, ,
0, ,263, ,
1, ,262, ,
1, ,262, ,
1, ,262, ,
1, ,263, ,
1, ,262, ,
0, ,263, ,
1, ,262, ,
0, ,262, ,
1, ,262, ,
1, ,263, ,
1, ,262, ,
0, ,263, ,
1, ,263, ,
0, ,263, ,
0, ,261, ,
1, ,262, ,
1, ,262, ,
0, ,263, ,
1, ,262, ,
0, ,263, ,
0, ,262, ,
1, ,262, ,
1, ,262, ,
0, ,262, ,
1, ,263, ,
0, ,262, ,
0, ,262, ,
1, ,261, ,
1, ,261, ,
0, ,263, ,
1, ,262, ,
1, ,263, ,
0, ,262, ,
1, ,263, ,
1, ,262, ,
0, ,262, ,
1, ,262, ,
1, ,263, ,
1, ,262, ,
1, ,262, ,
1, ,262, ,
0, ,263, ,
1, ,262, ,
0, ,262, ,
1, ,261, ,
1, ,263, ,
1, ,263, ,
0, ,262, ,
1, ,263, ,
0, ,262, ,
1, ,262, ,
1, ,262, ,
1, ,262, ,
0, ,263, ,
1, ,262, ,
1, ,262, ,
0, ,262, ,
1, ,263, ,
1, ,262, ,
0, ,263, ,
3, ,262, ,
1, ,263, ,
1, ,261, ,
1, ,263, ,
1, ,262, ,
0, ,262, ,
1, ,262, ,
0, ,262, ,
1, ,262, ,
1, ,263, ,
1, ,262, ,
0, ,262, ,
1, ,262, ,
0, ,263, ,
1, ,262, ,
1, ,262, ,
1, ,262, ,
0, ,262, ,
1, ,263, ,
1, ,263, ,
1, ,262, ,
1, ,263, ,
1, ,262, ,
0, ,263, ,
1, ,262, ,
1, ,263, ,
1, ,262, ,
1, ,262, ,
1, ,262, ,
0, ,263, ,
1, ,261, ,
1, ,263, ,
1, ,262, ,
1, ,263, ,
1, ,262, ,
0, ,262, ,
1, ,262, ,
1, ,263, ,
1, ,262, ,
1, ,261, ,
1, ,262, ,
0, ,262, ,
1, ,262, ,
1, ,263, ,
1, ,262, ,
1, ,262, ,
1, ,262, ,
0, ,263, ,
3, ,262, ,
0, ,262, ,
1, ,262, ,
1, ,262, ,
3, ,262, ,
0, ,263, ,
3, ,262, ,
1, ,262, ,
1, ,262, ,
1, ,262, ,
1, ,262, ,
0, ,262, ,
1, ,262, ,
1, ,262, ,
1, ,262, ,
1, ,262, ,
1, ,262, ,
0, ,263, ,
1, ,262, ,
0, ,263, ,
1, ,262, ,
1, ,262, ,
1, ,262, ,
0, ,262, ,
3, ,262, ,
1, ,262, ,
1, ,262, ,
1, ,262, ,
1, ,262, ,
0, ,263, ,
1, ,262, ,
1, ,262, ,
1, ,262, ,
1, ,262, ,
1, ,261, ,
0, ,262, ,
3, ,262, ,
1, ,262, ,
1, ,262, ,
1, ,262, ,
1, ,263, ,
0, ,263, ,
1, ,262, ,
1, ,263, ,
1, ,262, ,
1, ,263, ,
1, ,262, ,
0, ,263, ,
3, ,262, ,
0, ,262, ,
1, ,262, ,
1, ,262, ,
1, ,263, ,
0, ,262, ,
1, ,262, ,
0, ,262, ,
0, ,263, ,
1, ,263, ,
1, ,262, ,
0, ,263, ,
1, ,262, ,
0, ,262, ,
1, ,261, ,
1, ,263, ,
1, ,263, ,
0, ,263, ,
1, ,262, ,
0, ,261, ,
0, ,262, ,
1, ,263, ,
1, ,262, ,
0, ,262, ,
3, ,262, ,
0, ,262, ,
0, ,262, ,
1, ,262, ,
1, ,262, ,
0, ,262, ,
1, ,262, ,
1, ,262, ,
1, ,262, ,
1, ,262, ,
1, ,262, ,
0, ,263, ,
1, ,262, ,
1, ,262, ,
1, ,263, ,
1, ,263, ,
1, ,262, ,
0, ,262, ,
1, ,261, ,
0, ,262, ,
1, ,263, ,
1, ,263, ,
1, ,261, ,
0, ,262, ,
1, ,262, ,
1, ,262, ,
1, ,264, ,
1, ,263, ,
1, ,262, ,
0, ,262, ,
1, ,262, ,
1, ,261, ,
1, ,262, ,
1, ,262, ,
1, ,262, ,
0, ,262, ,
1, ,262, ,
0, ,263, ,
1, ,262, ,
1, ,263, ,
1, ,263, ,
0, ,263, ,
1, ,262, ,
1, ,262, ,
1, ,262, ,
1, ,262, ,
1, ,263, ,
0, ,263, ,
1, ,263, ,
0, ,263, ,
1, ,262, ,
1, ,263, ,
1, ,262, ,
0, ,262, ,
1, ,262, ,
0, ,263, ,
1, ,262, ,
1, ,263, ,
1, ,262, ,
0, ,263, ,
1, ,262, ,
1, ,263, ,
1, ,262, ,
1, ,263, ,
1, ,262, ,
0, ,263, ,
3, ,262, ,
1, ,263, ,
1, ,262, ,
1, ,263, ,
1, ,262, ,
0, ,263, ,
1, ,262, ,
0, ,264, ,
1, ,262, ,
1, ,262, ,
1, ,262, ,
-1, ,262, ,
1, ,262, ,
0, ,263, ,
0, ,263, ,
1, ,263, ,
1, ,262, ,
0, ,262, ,
1, ,261, ,
0, ,260, ,
1, ,259, ,
1, ,260, ,
3, ,263, ,
0, ,266, ,
3, ,264, ,
1, ,264, ,
1, ,263, ,
1, ,261, ,
1, ,261, ,
0, ,262, ,
3, ,262, ,
1, ,262, ,
1, ,262, ,
1, ,262, ,
3, ,262, ,
0, ,262, ,
1, ,262, ,
0, ,262, ,
1, ,262, ,
1, ,263, ,
1, ,262, ,
-1, ,262, ,
1, ,261, ,
0, ,262, ,
1, ,262, ,
1, ,262, ,
1, ,262, ,
0, ,262, ,
3, ,262, ,
1, ,262, ,
0, ,261, ,
1, ,263, ,
1, ,261, ,
0, ,263, ,
3, ,262, ,
1, ,262, ,
1, ,262, ,
1, ,262, ,
1, ,262, ,
0, ,262, ,
1, ,262, ,
1, ,262, ,
1, ,263, ,
1, ,263, ,
1, ,262, ,
0, ,262, ,
1, ,262, ,
1, ,262, ,
1, ,261, ,
1, ,262, ,
1, ,262, ,
0, ,262, ,
1, ,262, ,
0, ,263, ,
1, ,263, ,
1, ,263, ,
1, ,261, ,
0, ,262, ,
1, ,262, ,
0, ,263, ,
1, ,262, ,
1, ,262, ,
1, ,262, ,
0, ,262, ,
1, ,262, ,
0, ,263, ,
1, ,262, ,
1, ,262, ,
1, ,262, ,
0, ,261, ,
3, ,262, ,
1, ,262, ,
1, ,262, ,
1, ,262, ,
1, ,262, ,
0, ,263, ,
1, ,262, ,
1, ,262, ,
1, ,262, ,
1, ,262, ,
1, ,262, ,
0, ,263, ,
1, ,263, ,
1, ,263, ,
1, ,262, ,
1, ,262, ,
1, ,262, ,
0, ,262, ,
1, ,262, ,
1, ,262, ,
1, ,263, ,
1, ,262, ,
1, ,262, ,
0, ,262, ,
1, ,262, ,
0, ,262, ,
1, ,263, ,
1, ,263, ,
1, ,262, ,
0, ,263, ,
1, ,262, ,
0, ,262, ,
1, ,262, ,
1, ,262, ,
1, ,262, ,
0, ,263, ,
1, ,263, ,
0, ,263, ,
1, ,262, ,
1, ,262, ,
1, ,262, ,
0, ,263, ,
1, ,262, ,
1, ,263, ,
0, ,263, ,
1, ,264, ,
1, ,263, ,
0, ,262, ,
1, ,262, ,
1, ,263, ,
1, ,264, ,
1, ,263, ,
1, ,262, ,
0, ,263, ,
1, ,262, ,
1, ,263, ,
1, ,262, ,
1, ,264, ,
1, ,262, ,
0, ,263, ,
1, ,263, ,
0, ,263, ,
1, ,264, ,
1, ,263, ,
1, ,263, ,
0, ,263, ,
1, ,262, ,
0, ,262, ,
1, ,262, ,
1, ,264, ,
1, ,262, ,
0, ,263, ,
3, ,263, ,
1, ,263, ,
1, ,263, ,
1, ,263, ,
1, ,263, ,
0, ,262, ,
1, ,261, ,
1, ,262, ,
1, ,262, ,
1, ,264, ,
1, ,263, ,
0, ,263, ,
1, ,263, ,
0, ,262, ,
1, ,262, ,
1, ,263, ,
3, ,261, ,
0, ,263, ,
1, ,263, ,
0, ,263, ,
0, ,263, ,
1, ,263, ,
1, ,262, ,
0, ,263, ,
1, ,262, ,
0, ,263, ,
0, ,262, ,
1, ,263, ,
1, ,264, ,
0, ,263, ,
1, ,264, ,
0, ,263, ,
1, ,262, ,
1, ,263, ,
1, ,262, ,
0, ,263, ,
3, ,262, ,
0, ,263, ,
0, ,263, ,
1, ,263, ,
1, ,263, ,
0, ,263, ,
1, ,262, ,
0, ,262, ,
1, ,263, ,
1, ,263, ,
1, ,263, ,
0, ,263, ,
1, ,263, ,
0, ,263, ,
1, ,262, ,
1, ,262, ,
1, ,262, ,
0, ,263, ,
1, ,263, ,
1, ,262, ,
1, ,262, ,
1, ,263, ,
1, ,262, ,
0, ,263, ,
3, ,263, ,
1, ,263, ,
1, ,262, ,
1, ,263, ,
1, ,262, ,
0, ,263, ,
1, ,263, ,
1, ,262, ,
1, ,263, ,
1, ,263, ,
1, ,262, ,
0, ,262, ,
1, ,262, ,
1, ,263, ,
1, ,263, ,
1, ,262, ,
1, ,263, ,
0, ,263, ,
1, ,262, ,
1, ,262, ,
1, ,262, ,
1, ,263, ,
1, ,262, ,
0, ,263, ,
3, ,263, ,
0, ,263, ,
1, ,262, ,
1, ,262, ,
1, ,263, ,
0, ,263, ,
1, ,262, ,
1, ,263, ,
1, ,263, ,
1, ,263, ,
1, ,262, ,
0, ,263, ,
1, ,263, ,
1, ,263, ,
1, ,263, ,
1, ,263, ,
1, ,263, ,
0, ,263, ,
1, ,262, ,
1, ,263, ,
1, ,264, ,
1, ,263, ,
1, ,262, ,
0, ,263, ,
1, ,262, ,
0, ,263, ,
1, ,262, ,
1, ,262, ,
1, ,263, ,
0, ,263, ,
1, ,262, ,
0, ,263, ,
1, ,263, ,
1, ,264, ,
1, ,263, ,
0, ,263, ,
3, ,262, ,
1, ,263, ,
1, ,263, ,
1, ,263, ,
1, ,262, ,
0, ,263, ,
1, ,262, ,
1, ,263, ,
1, ,262, ,
1, ,263, ,
1, ,262, ,
0, ,262, ,
3, ,262, ,
1, ,263, ,
1, ,262, ,
1, ,262, ,
1, ,263, ,
0, ,263, ,
1, ,262, ,
1, ,263, ,
1, ,263, ,
1, ,264, ,
1, ,262, ,
0, ,263, ,
1, ,262, ,
1, ,263, ,
1, ,262, ,
1, ,263, ,
1, ,262, ,
0, ,263, ,
1, ,263, ,
0, ,263, ,
1, ,263, ,
1, ,263, ,
1, ,262, ,
0, ,262, ,
1, ,262, ,
0, ,263, ,
1, ,262, ,
1, ,263, ,
1, ,263, ,
0, ,263, ,
1, ,262, ,
0, ,262, ,
0, ,263, ,
1, ,262, ,
1, ,262, ,
0, ,263, ,
1, ,263, ,
0, ,262, ,
1, ,262, ,
1, ,263, ,
1, ,262, ,
0, ,263, ,
1, ,263, ,
1, ,263, ,
1, ,263, ,
1, ,262, ,
1, ,262, ,
0, ,262, ,
1, ,262, ,
0, ,263, ,
1, ,262, ,
1, ,263, ,
1, ,263, ,
0, ,263, ,
1, ,263, ,
0, ,263, ,
0, ,263, ,
1, ,263, ,
1, ,262, ,
0, ,263, ,
1, ,262, ,
0, ,263, ,
0, ,262, ,
1, ,263, ,
1, ,262, ,
0, ,263, ,
1, ,262, ,
0, ,262, ,
1, ,263, ,
1, ,263, ,
1, ,262, ,
0, ,263, ,
1, ,263, ,
1, ,263, ,
0, ,261, ,
1, ,263, ,
1, ,263, ,
0, ,263, ,
1, ,262, ,
1, ,263, ,
1, ,263, ,
1, ,263, ,
1, ,262, ,
0, ,263, ,
1, ,263, ,
1, ,263, ,
1, ,263, ,
1, ,262, ,
1, ,263, ,
0, ,264, ,
1, ,263, ,
1, ,262, ,
1, ,262, ,
1, ,262, ,
1, ,263, ,
0, ,263, ,
3, ,262, ,
1, ,263, ,
1, ,262, ,
1, ,263, ,
1, ,263, ,
0, ,263, ,
1, ,263, ,
1, ,263, ,
1, ,263, ,
1, ,263, ,
1, ,262, ,
0, ,263, ,
1, ,262, ,
1, ,263, ,
1, ,262, ,
1, ,262, ,
1, ,263, ,
0, ,263, ,
1, ,264, ,
1, ,263, ,
1, ,262, ,
1, ,263, ,
1, ,262, ,
0, ,263, ,
3, ,263, ,
0, ,263, ,
1, ,263, ,
1, ,262, ,
1, ,263, ,
0, ,263, ,
3, ,262, ,
1, ,263, ,
1, ,262, ,
1, ,262, ,
1, ,262, ,
0, ,262, ,
1, ,262, ,
0, ,263, ,
1, ,262, ,
1, ,263, ,
1, ,263, ,
0, ,263, ,
1, ,262, ,
1, ,262, ,
1, ,263, ,
1, ,263, ,
1, ,262, ,
0, ,263, ,
1, ,263, ,
0, ,262, ,
1, ,262, ,
1, ,262, ,
1, ,262, ,
0, ,263, ,
1, ,262, ,
1, ,262, ,
0, ,262, ,
1, ,263, ,
1, ,262, ,
0, ,262, ,
1, ,262, ,
0, ,262, ,
0, ,262, ,
1, ,262, ,
1, ,262, ,
0, ,263, ,
1, ,262, ,
0, ,262, ,
0, ,262, ,
1, ,263, ,
1, ,262, ,
-1, ,262, ,
3, ,262, ,
0, ,263, ,
1, ,263, ,
1, ,263, ,
1, ,263, ,
0, ,263, ,
3, ,263, ,
1, ,263, ,
0, ,263, ,
1, ,263, ,
1, ,262, ,
0, ,263, ,
1, ,262, ,
1, ,263, ,
1, ,262, ,
1, ,263, ,
1, ,263, ,
0, ,263, ,
1, ,262, ,
0, ,263, ,
1, ,262, ,
1, ,263, ,
1, ,262, ,
0, ,262, ,
1, ,262, ,
1, ,262, ,
1, ,262, ,
1, ,262, ,
1, ,263, ,
0, ,263, ,
1, ,262, ,
0, ,263, ,
1, ,262, ,
1, ,263, ,
1, ,262, ,
0, ,262, ,
1, ,262, ,
0, ,263, ,
1, ,262, ,
1, ,262, ,
1, ,262, ,
0, ,263, ,
1, ,262, ,
1, ,263, ,
1, ,263, ,
1, ,263, ,
1, ,262, ,
0, ,263, ,
1, ,262, ,
0, ,262, ,
1, ,262, ,
1, ,263, ,
1, ,261, ,
0, ,262, ,
1, ,262, ,
1, ,262, ,
1, ,262, ,
1, ,262, ,
1, ,262, ,
0, ,262, ,
3, ,263, ,
0, ,263, ,
1, ,262, ,
1, ,262, ,
1, ,262, ,
0, ,263, ,
1, ,262, ,
1, ,262, ,
1, ,263, ,
1, ,263, ,
1, ,262, ,
0, ,262, ,
3, ,262, ,
1, ,263, ,
1, ,262, ,
1, ,263, ,
1, ,262, ,
0, ,263, ,
1, ,262, ,
0, ,263, ,
1, ,263, ,
1, ,263, ,
1, ,262, ,
0, ,263, ,
1, ,262, ,
0, ,262, ,
0, ,262, ,
1, ,262, ,
1, ,262, ,
0, ,263, ,
1, ,262, ,
1, ,263, ,
1, ,263, ,
1, ,263, ,
1, ,263, ,
0, ,263, ,
1, ,263, ,
1, ,263, ,
1, ,263, ,
1, ,262, ,
1, ,262, ,
0, ,263, ,
1, ,262, ,
0, ,263, ,
1, ,263, ,
1, ,263, ,
1, ,261, ,
0, ,262, ,
1, ,263, ,
0, ,263, ,
1, ,262, ,
1, ,263, ,
1, ,262, ,
0, ,263, ,
1, ,262, ,
0, ,262, ,
1, ,262, ,
1, ,263, ,
1, ,261, ,
0, ,262, ,
1, ,262, ,
0, ,262, ,
1, ,262, ,
1, ,263, ,
1, ,262, ,
0, ,263, ,
1, ,262, ,
0, ,263, ,
1, ,261, ,
1, ,262, ,
1, ,262, ,
0, ,263, ,
1, ,263, ,
0, ,263, ,
1, ,263, ,
1, ,263, ,
1, ,263, ,
0, ,263, ,
1, ,262, ,
0, ,263, ,
1, ,261, ,
1, ,262, ,
1, ,261, ,
0, ,263, ,
1, ,264, ,
0, ,263, ,
1, ,262, ,
1, ,262, ,
1, ,263, ,
0, ,262, ,
1, ,261, ,
1, ,262, ,
1, ,262, ,
1, ,263, ,
1, ,262, ,
0, ,262, ,
1, ,262, ,
1, ,263, ,
1, ,262, ,
1, ,263, ,
1, ,262, ,
0, ,262, ,
1, ,262, ,
1, ,262, ,
1, ,263, ,
1, ,263, ,
3, ,262, ,
0, ,261, ,
1, ,262, ,
0, ,263, ,
1, ,263, ,
1, ,263, ,
1, ,263, ,
0, ,263, ,
3, ,263, ,
1, ,262, ,
1, ,263, ,
1, ,263, ,
1, ,262, ,
0, ,262, ,
1, ,262, ,
1, ,262, ,
1, ,262, ,
1, ,263, ,
1, ,263, ,
0, ,263, ,
1, ,262, ,
0, ,262, ,
1, ,263, ,
1, ,262, ,
1, ,262, ,
0, ,263, ,
1, ,262, ,
0, ,263, ,
0, ,262, ,
1, ,262, ,
1, ,262, ,
0, ,263, ,
1, ,262, ,
0, ,262, ,
1, ,262, ,
1, ,262, ,
1, ,261, ,
0, ,263, ,
1, ,262, ,
0, ,262, ,
1, ,262, ,
1, ,262, ,
1, ,262, ,
0, ,263, ,
1, ,262, ,
1, ,263, ,
1, ,263, ,
1, ,263, ,
1, ,262, ,
0, ,262, ,
1, ,262, ,
1, ,262, ,
1, ,262, ,
1, ,263, ,
1, ,262, ,
0, ,263, ,
1, ,262, ,
0, ,263, ,
1, ,262, ,
1, ,262, ,
1, ,262, ,
0, ,262, ,
1, ,262, ,
0, ,263, ,
0, ,262, ,
1, ,262, ,
1, ,262, ,
0, ,263, ,
1, ,261, ,
1, ,263, ,
1, ,262, ,
1, ,263, ,
1, ,262, ,
0, ,262, ,
1, ,262, ,
1, ,263, ,
1, ,262, ,
1, ,263, ,
1, ,263, ,
0, ,263, ,
1, ,263, ,
0, ,262, ,
1, ,262, ,
1, ,263, ,
1, ,262, ,
0, ,263, ,
1, ,263, ,
0, ,263, ,
0, ,262, ,
1, ,262, ,
1, ,262, ,
0, ,263, ,
1, ,262, ,
1, ,263, ,
1, ,263, ,
1, ,262, ,
1, ,262, ,
0, ,262, ,
1, ,263, ,
0, ,262, ,
1, ,262, ,
1, ,263, ,
1, ,262, ,
0, ,263, ,
1, ,262, ,
0, ,262, ,
1, ,262, ,
1, ,262, ,
1, ,262, ,
0, ,262, ,
1, ,262, ,
1, ,263, ,
1, ,262, ,
1, ,262, ,
1, ,262, ,
0, ,263, ,
1, ,262, ,
1, ,263, ,
1, ,263, ,
1, ,263, ,
1, ,263, ,
0, ,263, ,
1, ,263, ,
0, ,263, ,
1, ,262, ,
1, ,263, ,
1, ,263, ,
0, ,263, ,
1, ,262, ,
0, ,263, ,
1, ,262, ,
1, ,262, ,
1, ,262, ,
0, ,261, ,
1, ,262, ,
1, ,263, ,
1, ,263, ,
1, ,262, ,
1, ,263, ,
0, ,263, ,
1, ,262, ,
1, ,262, ,
1, ,262, ,
1, ,263, ,
1, ,263, ,
0, ,263, ,
1, ,262, ,
0, ,262, ,
1, ,262, ,
1, ,262, ,
1, ,262, ,
0, ,263, ,
1, ,262, ,
1, ,263, ,
1, ,262, ,
1, ,263, ,
1, ,262, ,
0, ,262, ,
1, ,262, ,
1, ,263, ,
1, ,262, ,
1, ,263, ,
1, ,263, ,
0, ,263, ,
1, ,262, ,
0, ,261, ,
1, ,263, ,
1, ,263, ,
1, ,262, ,
0, ,262, ,
1, ,263, ,
0, ,263, ,
1, ,262, ,
1, ,263, ,
1, ,262, ,
0, ,263, ,
1, ,262, ,
0, ,263, ,
1, ,262, ,
1, ,263, ,
1, ,262, ,
0, ,262, ,
1, ,263, ,
0, ,263, ,
0, ,262, ,
1, ,263, ,
3, ,262, ,
0, ,263, ,
1, ,262, ,
0, ,262, ,
0, ,262, ,
1, ,263, ,
1, ,261, ,
0, ,263, ,
1, ,263, ,
0, ,262, ,
0, ,262, ,
1, ,262, ,
1, ,262, ,
0, ,263, ,
1, ,262, ,
0, ,262, ,
0, ,262, ,
1, ,262, ,
1, ,262, ,
0, ,262, ,
1, ,262, ,
0, ,263, ,
0, ,262, ,
1, ,262, ,
1, ,262, ,
0, ,262, ,
1, ,262, ,
0, ,262, ,
1, ,263, ,
1, ,263, ,
1, ,262, ,
0, ,262, ,
1, ,263, ,
0, ,263, ,
1, ,262, ,
1, ,262, ,
1, ,262, ,
0, ,262, ,
1, ,262, ,
1, ,262, ,
1, ,263, ,
1, ,262, ,
1, ,261, ,
0, ,263, ,
1, ,262, ,
0, ,263, ,
1, ,262, ,
1, ,263, ,
1, ,262, ,
0, ,263, ,
1, ,262, ,
1, ,262, ,
1, ,262, ,
1, ,263, ,
1, ,262, ,
0, ,263, ,
1, ,262, ,
1, ,263, ,
1, ,263, ,
1, ,263, ,
1, ,263, ,
0, ,262, ,
1, ,262, ,
0, ,262, ,
1, ,262, ,
1, ,263, ,
1, ,261, ,
0, ,262, ,
1, ,262, ,
0, ,263, ,
1, ,262, ,
1, ,262, ,
1, ,263, ,
0, ,263, ,
1, ,261, ,
1, ,262, ,
0, ,263, ,
1, ,262, ,
1, ,262, ,
0, ,263, ,
1, ,262, ,
1, ,264, ,
1, ,262, ,
1, ,262, ,
1, ,262, ,
0, ,263, ,
1, ,262, ,
1, ,262, ,
1, ,262, ,
1, ,263, ,
1, ,262, ,
0, ,263, ,
1, ,262, ,
0, ,262, ,
1, ,262, ,
1, ,262, ,
1, ,261, ,
0, ,263, ,
1, ,262, ,
1, ,263, ,
1, ,263, ,
1, ,263, ,
1, ,262, ,
0, ,263, ,
1, ,263, ,
0, ,263, ,
1, ,263, ,
1, ,263, ,
3, ,262, ,
0, ,262, ,
1, ,261, ,
1, ,263, ,
1, ,263, ,
1, ,262, ,
1, ,263, ,
0, ,262, ,
1, ,263, ,
1, ,263, ,
1, ,262, ,
1, ,263, ,
1, ,261, ,
0, ,263, ,
1, ,261, ,
0, ,262, ,
1, ,263, ,
1, ,263, ,
1, ,263, ,
0, ,262, ,
1, ,262, ,
0, ,263, ,
1, ,262, ,
1, ,263, ,
1, ,263, ,
0, ,263, ,
1, ,262, ,
0, ,263, ,
1, ,263, ,
1, ,263, ,
1, ,262, ,
0, ,263, ,
1, ,263, ,
1, ,263, ,
0, ,262, ,
1, ,262, ,
1, ,263, ,
0, ,263, ,
1, ,263, ,
0, ,262, ,
1, ,263, ,
1, ,263, ,
1, ,263, ,
0, ,262, ,
1, ,263, ,
0, ,262, ,
0, ,263, ,
1, ,262, ,
1, ,262, ,
0, ,263, ,
1, ,262, ,
1, ,262, ,
1, ,262, ,
1, ,263, ,
1, ,262, ,
0, ,263, ,
1, ,263, ,
1, ,263, ,
1, ,262, ,
1, ,263, ,
1, ,262, ,
0, ,263, ,
1, ,261, ,
0, ,263, ,
1, ,263, ,
1, ,263, ,
1, ,262, ,
0, ,262, ,
1, ,262, ,
0, ,263, ,
1, ,262, ,
1, ,262, ,
1, ,262, ,
0, ,262, ,
1, ,262, ,
0, ,261, ,
1, ,261, ,
1, ,261, ,
1, ,260, ,
0, ,259, ,
1, ,261, ,
0, ,264, ,
1, ,265, ,
1, ,264, ,
1, ,264, ,
0, ,263, ,
1, ,261, ,
1, ,261, ,
1, ,261, ,
1, ,263, ,
1, ,262, ,
0, ,263, ,
1, ,263, ,
1, ,263, ,
1, ,262, ,
1, ,261, ,
1, ,262, ,
0, ,262, ,
1, ,262, ,
0, ,261, ,
1, ,263, ,
1, ,262, ,
1, ,262, ,
0, ,262, ,
1, ,261, ,
0, ,263, ,
1, ,262, ,
1, ,261, ,
1, ,262, ,
0, ,262, ,
3, ,262, ,
0, ,262, ,
1, ,262, ,
1, ,262, ,
1, ,261, ,
0, ,260, ,
1, ,262, ,
0, ,263, ,
1, ,263, ,
1, ,262, ,
1, ,262, ,
0, ,262, ,
1, ,261, ,
0, ,261, ,
0, ,261, ,
1, ,261, ,
1, ,262, ,
0, ,263, ,
1, ,262, ,
0, ,263, ,
1, ,262, ,
1, ,261, ,
1, ,262, ,
0, ,263, ,
1, ,262, ,
1, ,261, ,
1, ,262, ,
1, ,263, ,
1, ,262, ,
0, ,262, ,
1, ,260, ,
0, ,263, ,
1, ,262, ,
1, ,261, ,
1, ,262, ,
0, ,262, ,
1, ,261, ,
1, ,263, ,
0, ,261, ,
1, ,262, ,
1, ,262, ,
0, ,262, ,
1, ,261, ,
0, ,262, ,
1, ,262, ,
1, ,263, ,
1, ,262, ,
0, ,263, ,
1, ,262, ,
1, ,262, ,
1, ,262, ,
1, ,262, ,
1, ,262, ,
0, ,261, ,
1, ,262, ,
0, ,263, ,
1, ,263, ,
1, ,261, ,
1, ,262, ,
0, ,263, ,
1, ,261, ,
0, ,262, ,
1, ,263, ,
1, ,262, ,
1, ,262, ,
0, ,263, ,
1, ,261, ,
0, ,263, ,
1, ,262, ,
1, ,262, ,
1, ,261, ,
0, ,263, ,
1, ,262, ,
1, ,263, ,
1, ,263, ,
1, ,263, ,
1, ,262, ,
0, ,263, ,
1, ,262, ,
0, ,263, ,
1, ,262, ,
1, ,263, ,
1, ,262, ,
0, ,263, ,
1, ,263, ,
0, ,264, ,
1, ,263, ,
1, ,263, ,
1, ,262, ,
0, ,262, ,
1, ,262, ,
0, ,263, ,
1, ,262, ,
1, ,263, ,
1, ,263, ,
0, ,263, ,
1, ,262, ,
1, ,263, ,
0, ,263, ,
1, ,263, ,
1, ,262, ,
0, ,263, ,
1, ,262, ,
1, ,262, ,
1, ,262, ,
1, ,261, ,
1, ,261, ,
0, ,263, ,
1, ,262, ,
0, ,263, ,
1, ,263, ,
1, ,263, ,
1, ,262, ,
0, ,263, ,
1, ,262, ,
1, ,263, ,
1, ,263, ,
1, ,263, ,
1, ,263, ,
0, ,263, ,
1, ,262, ,
0, ,262, ,
1, ,263, ,
1, ,263, ,
1, ,262, ,
0, ,262, ,
1, ,262, ,
1, ,264, ,
1, ,262, ,
1, ,263, ,
1, ,262, ,
0, ,263, ,
1, ,263, ,
0, ,263, ,
1, ,262, ,
1, ,262, ,
1, ,263, ,
0, ,263, ,
1, ,263, ,
0, ,262, ,
1, ,262, ,
1, ,263, ,
1, ,262, ,
0, ,263, ,
1, ,262, ,
1, ,262, ,
1, ,262, ,
1, ,263, ,
1, ,262, ,
-1, ,262, ,
1, ,262, ,
0, ,263, ,
1, ,262, ,
3, ,262, ,
3, ,262, ,
0, ,263, ,
1, ,262, ,
0, ,263, ,
1, ,262, ,
1, ,263, ,
1, ,263, ,
0, ,262, ,
1, ,262, ,
0, ,262, ,
1, ,262, ,
1, ,263, ,
1, ,262, ,
0, ,263, ,
1, ,262, ,
0, ,262, ,
1, ,262, ,
1, ,262, ,
1, ,262, ,
0, ,262, ,
1, ,262, ,
1, ,263, ,
1, ,262, ,
1, ,262, ,
1, ,263, ,
0, ,263, ,
1, ,262, ,
0, ,262, ,
1, ,262, ,
1, ,263, ,
1, ,262, ,
0, ,263, ,
1, ,262, ,
0, ,263, ,
1, ,262, ,
1, ,261, ,
3, ,263, ,
0, ,263, ,
1, ,262, ,
0, ,262, ,
1, ,263, ,
1, ,262, ,
1, ,261, ,
0, ,263, ,
1, ,262, ,
0, ,263, ,
1, ,262, ,
1, ,262, ,
3, ,262, ,
0, ,263, ,
1, ,262, ,
0, ,263, ,
0, ,263, ,
1, ,262, ,
1, ,262, ,
0, ,262, ,
1, ,262, ,
0, ,263, ,
1, ,262, ,
1, ,262, ,
3, ,262, ,
0, ,263, ,
130, ,261, ,
80, ,262, ,
56, ,263, ,
37, ,264, ,
23, ,262, ,
13, ,261, ,
10, ,261, ,
8, ,263, ,
9, ,263, ,
6, ,263, ,
4, ,262, ,
4, ,263, ,
6, ,261, ,
4, ,262, ,
3, ,263, ,
4, ,263, ,
5, ,262, ,
3, ,262, ,
4, ,262, ,
3, ,263, ,
4, ,263, ,
4, ,263, ,
4, ,262, ,
1, ,264, ,
4, ,262, ,
3, ,262, ,
3, ,262, ,
4, ,263, ,
4, ,262, ,
3, ,262, ,
4, ,262, ,
3, ,263, ,
3, ,263, ,
4, ,262, ,
4, ,262, ,
1, ,263, ,
4, ,263, ,
3, ,263, ,
3, ,263, ,
4, ,263, ,
4, ,262, ,
1, ,262, ,
4, ,262, ,
3, ,262, ,
3, ,263, ,
3, ,262, ,
4, ,262, ,
3, ,263, ,
4, ,262, ,
3, ,262, ,
3, ,263, ,
4, ,263, ,
4, ,262, ,
1, ,263, ,
4, ,262, ,
1, ,262, ,
3, ,262, ,
4, ,263, ,
4, ,262, ,
1, ,263, ,
4, ,262, ,
3, ,262, ,
4, ,262, ,
3, ,263, ,
4, ,262, ,
1, ,263, ,
4, ,262, ,
3, ,263, ,
3, ,263, ,
3, ,263, ,
3, ,262, ,
3, ,263, ,
4, ,262, ,
1, ,263, ,
3, ,263, ,
3, ,263, ,
4, ,261, ,
3, ,262, ,
4, ,262, ,
1, ,263, ,
3, ,263, ,
4, ,262, ,
4, ,262, ,
1, ,263, ,
4, ,262, ,
1, ,261, ,
4, ,263, ,
4, ,263, ,
3, ,262, ,
1, ,261, ,
4, ,262, ,
3, ,263, ,
3, ,262, ,
3, ,262, ,
4, ,261, ,
1, ,263, ,
4, ,262, ,
1, ,262, ,
3, ,263, ,
4, ,263, ,
3, ,262, ,
1, ,262, ,
4, ,263, ,
1, ,263, ,
3, ,263, ,
4, ,262, ,
4, ,262, ,
1, ,263, ,
4, ,263, ,
3, ,262, ,
3, ,262, ,
3, ,263, ,
3, ,262, ,
1, ,262, ,
4, ,263, ,
3, ,263, ,
3, ,263, ,
3, ,263, ,
3, ,262, ,
1, ,262, ,
4, ,263, ,
3, ,262, ,
3, ,263, ,
3, ,263, ,
4, ,262, ,
1, ,263, ,
4, ,262, ,
1, ,263, ,
3, ,262, ,
3, ,263, ,
3, ,262, ,
1, ,263, ,
4, ,262, ,
3, ,262, ,
3, ,263, ,
3, ,263, ,
3, ,262, ,
1, ,262, ,
4, ,262, ,
3, ,263, ,
3, ,262, ,
3, ,263, ,
3, ,262, ,
1, ,263, ,
4, ,262, ,
1, ,262, ,
3, ,262, ,
3, ,262, ,
3, ,262, ,
1, ,262, ,
4, ,263, ,
1, ,263, ,
3, ,262, ,
3, ,263, ,
3, ,262, ,
1, ,263, ,
4, ,263, ,
1, ,262, ,
3, ,262, ,
3, ,263, ,
3, ,262, ,
1, ,263, ,
4, ,262, ,
1, ,263, ,
3, ,262, ,
3, ,263, ,
3, ,263, ,
1, ,263, ,
4, ,261, ,
1, ,261, ,
3, ,262, ,
3, ,263, ,
3, ,262, ,
1, ,262, ,
4, ,262, ,
1, ,262, ,
3, ,262, ,
3, ,262, ,
3, ,262, ,
1, ,263, ,
4, ,262, ,
3, ,262, ,
3, ,263, ,
3, ,263, ,
3, ,262, ,
1, ,263, ,
4, ,263, ,
3, ,263, ,
3, ,262, ,
3, ,263, ,
3, ,262, ,
1, ,263, ,
4, ,262, ,
1, ,263, ,
1, ,263, ,
3, ,263, ,
3, ,262, ,
1, ,262, ,
4, ,262, ,
1, ,263, ,
3, ,262, ,
3, ,263, ,
3, ,262, ,
1, ,263, ,
3, ,262, ,
3, ,262, ,
3, ,262, ,
3, ,263, ,
3, ,262, ,
1, ,262, ,
3, ,263, ,
1, ,263, ,
3, ,262, ,
3, ,262, ,
3, ,262, ,
1, ,263, ,
3, ,263, ,
3, ,263, ,
3, ,262, ,
3, ,263, ,
3, ,261, ,
1, ,261, ,
3, ,261, ,
1, ,261, ,
1, ,262, ,
3, ,264, ,
3, ,263, ,
1, ,263, ,
3, ,262, ,
1, ,263, ,
3, ,261, ,
3, ,262, ,
3, ,262, ,
1, ,262, ,
3, ,262, ,
1, ,262, ,
3, ,262, ,
3, ,262, ,
3, ,262, ,
1, ,262, ,
3, ,262, ,
3, ,262, ,
3, ,262, ,
3, ,263, ,
3, ,262, ,
1, ,263, ,
4, ,262, ,
1, ,262, ,
1, ,262, ,
3, ,262, ,
3, ,263, ,
1, ,263, ,
3, ,262, ,
1, ,262, ,
3, ,263, ,
3, ,263, ,
3, ,261, ,
1, ,262, ,
3, ,262, ,
1, ,262, ,
3, ,262, ,
3, ,262, ,
3, ,262, ,
1, ,264, ,
4, ,262, ,
1, ,263, ,
3, ,262, ,
3, ,263, ,
3, ,262, ,
1, ,262, ,
4, ,263, ,
1, ,262, ,
3, ,262, ,
3, ,263, ,
3, ,262, ,
1, ,262, ,
3, ,262, ,
1, ,262, ,
3, ,262, ,
3, ,262, ,
3, ,262, ,
1, ,263, ,
3, ,262, ,
1, ,262, ,
3, ,262, ,
3, ,262, ,
3, ,262, ,
1, ,263, ,
3, ,261, ,
3, ,263, ,
3, ,261, ,
3, ,262, ,
3, ,262, ,
1, ,262, ,
3, ,263, ,
1, ,263, ,
1, ,262, ,
3, ,262, ,
3, ,263, ,
1, ,262, ,
3, ,262, ,
1, ,262, ,
3, ,263, ,
3, ,263, ,
3, ,262, ,
1, ,262, ,
3, ,262, ,
1, ,263, ,
3, ,261, ,
3, ,263, ,
3, ,263, ,
1, ,263, ,
3, ,262, ,
1, ,262, ,
3, ,261, ,
3, ,263, ,
3, ,262, ,
1, ,263, ,
3, ,262, ,
1, ,263, ,
1, ,262, ,
3, ,262, ,
3, ,262, ,
1, ,262, ,
3, ,262, ,
1, ,262, ,
3, ,262, ,
3, ,262, ,
3, ,262, ,
1, ,263, ,
3, ,262, ,
1, ,263, ,
3, ,262, ,
3, ,262, ,
3, ,262, ,
1, ,262, ,
3, ,261, ,
1, ,262, ,
3, ,263, ,
3, ,263, ,
1, ,262, ,
1, ,263, ,
3, ,262, ,
1, ,262, ,
3, ,262, ,
1, ,262, ,
3, ,262, ,
0, ,263, ,
3, ,262, ,
1, ,262, ,
1, ,262, ,
1, ,262, ,
3, ,262, ,
1, ,263, ,
3, ,262, ,
1, ,263, ,
3, ,262, ,
3, ,263, ,
3, ,262, ,
0, ,262, ,
3, ,262, ,
1, ,262, ,
3, ,262, ,
1, ,263, ,
3, ,261, ,
1, ,263, ,
3, ,262, ,
1, ,262, ,
1, ,262, ,
1, ,262, ,
3, ,262, ,
1, ,263, ,
3, ,262, ,
1, ,262, ,
1, ,262, ,
1, ,262, ,
3, ,262, ,
1, ,263, ,
3, ,262, ,
1, ,262, ,
3, ,262, ,
1, ,263, ,
3, ,262, ,
0, ,263, ,
3, ,262, ,
1, ,263, ,
3, ,262, ,
3, ,263, ,
3, ,262, ,
1, ,263, ,
3, ,262, ,
1, ,263, ,
1, ,262, ,
3, ,263, ,
3, ,262, ,
0, ,263, ,
3, ,261, ,
1, ,261, ,
1, ,263, ,
3, ,263, ,
3, ,261, ,
0, ,263, ,
3, ,263, ,
1, ,262, ,
1, ,262, ,
3, ,263, ,
1, ,262, ,
1, ,263, ,
3, ,262, ,
1, ,263, ,
3, ,263, ,
3, ,263, ,
3, ,262, ,
1, ,262, ,
3, ,262, ,
1, ,262, ,
1, ,262, ,
3, ,261, ,
3, ,262, ,
0, ,262, ,
3, ,262, ,
1, ,263, ,
1, ,262, ,
3, ,263, ,
1, ,261, ,
0, ,262, ,
3, ,263, ,
1, ,263, ,
1, ,262, ,
3, ,262, ,
1, ,262, ,
0, ,263, ,
3, ,262, ,
1, ,261, ,
1, ,262, ,
3, ,262, ,
3, ,262, ,
0, ,262, ,
3, ,261, ,
1, ,262, ,
1, ,261, ,
3, ,262, ,
1, ,263, ,
0, ,263, ,
1, ,261, ,
1, ,262, ,
1, ,263, ,
3, ,263, ,
1, ,262, ,
0, ,262, ,
3, ,261, ,
1, ,263, ,
1, ,261, ,
3, ,263, ,
1, ,262, ,
1, ,263, ,
3, ,261, ,
1, ,262, ,
1, ,262, ,
3, ,262, ,
1, ,262, ,
0, ,263, ,
3, ,263, ,
1, ,263, ,
1, ,261, ,
1, ,261, ,
1, ,262, ,
0, ,263, ,
3, ,262, ,
1, ,263, ,
1, ,262, ,
3, ,263, ,
3, ,261, ,
0, ,263, ,
3, ,263, ,
1, ,263, ,
1, ,262, ,
1, ,262, ,
1, ,262, ,
0, ,262, ,
3, ,262, ,
1, ,262, ,
1, ,262, ,
1, ,262, ,
3, ,262, ,
0, ,262, ,
3, ,262, ,
1, ,262, ,
1, ,262, ,
1, ,262, ,
1, ,262, ,
0, ,263, ,
3, ,261, ,
1, ,263, ,
1, ,263, ,
1, ,262, ,
1, ,261, ,
0, ,262, ,
3, ,263, ,
1, ,262, ,
1, ,262, ,
3, ,263, ,
1, ,262, ,
0, ,263, ,
3, ,262, ,
1, ,263, ,
1, ,262, ,
1, ,263, ,
1, ,262, ,
0, ,263, ,
3, ,262, ,
1, ,263, ,
1, ,262, ,
1, ,262, ,
3, ,262, ,
0, ,263, ,
3, ,262, ,
1, ,263, ,
1, ,262, ,
3, ,262, ,
3, ,262, ,
0, ,263, ,
3, ,262, ,
1, ,263, ,
1, ,262, ,
1, ,263, ,
1, ,263, ,
1, ,263, ,
3, ,262, ,
1, ,262, ,
1, ,262, ,
3, ,263, ,
1, ,262, ,
0, ,263, ,
3, ,262, ,
1, ,263, ,
1, ,262, ,
3, ,262, ,
1, ,262, ,
0, ,263, ,
3, ,262, ,
1, ,262, ,
1, ,262, ,
1, ,263, ,
1, ,262, ,
0, ,263, ,
3, ,262, ,
1, ,263, ,
1, ,262, ,
3, ,262, ,
3, ,262, ,
0, ,263, ,
3, ,262, ,
1, ,262, ,
1, ,262, ,
3, ,263, ,
1, ,262, ,
0, ,263, ,
3, ,262, ,
1, ,263, ,
1, ,262, ,
1, ,262, ,
1, ,263, ,
0, ,263, ,
3, ,262, ,
1, ,262, ,
1, ,262, ,
1, ,262, ,
3, ,262, ,
0, ,263, ,
3, ,262, ,
1, ,263, ,
1, ,262, ,
1, ,263, ,
3, ,262, ,
0, ,262, ,
3, ,262, ,
1, ,263, ,
1, ,263, ,
1, ,262, ,
3, ,262, ,
0, ,263, ,
3, ,262, ,
1, ,263, ,
1, ,262, ,
1, ,263, ,
3, ,262, ,
0, ,263, ,
3, ,262, ,
1, ,262, ,
1, ,263, ,
1, ,263, ,
1, ,262, ,
0, ,262, ,
1, ,262, ,
1, ,263, ,
1, ,262, ,
1, ,263, ,
3, ,262, ,
0, ,262, ,
3, ,262, ,
1, ,262, ,
1, ,262, ,
3, ,263, ,
1, ,262, ,
0, ,263, ,
3, ,262, ,
1, ,262, ,
1, ,262, ,
1, ,262, ,
1, ,262, ,
0, ,263, ,
1, ,263, ,
1, ,262, ,
1, ,262, ,
1, ,263, ,
1, ,262, ,
0, ,262, ,
3, ,262, ,
1, ,263, ,
1, ,262, ,
3, ,263, ,
3, ,263, ,
0, ,262, ,
1, ,262, ,
1, ,263, ,
1, ,263, ,
1, ,263, ,
1, ,262, ,
0, ,263, ,
3, ,253, ,
1, ,262, ,
1, ,270, ,
1, ,267, ,
1, ,260, ,
0, ,260, ,
3, ,262, ,
1, ,263, ,
1, ,261, ,
3, ,262, ,
1, ,263, ,
0, ,263, ,
3, ,262, ,
1, ,263, ,
1, ,262, ,
1, ,261, ,
1, ,262, ,
0, ,262, ,
3, ,262, ,
1, ,262, ,
1, ,262, ,
1, ,262, ,
3, ,262, ,
0, ,262, ,
3, ,262, ,
1, ,262, ,
1, ,261, ,
3, ,261, ,
3, ,263, ,
0, ,264, ,
1, ,264, ,
1, ,262, ,
1, ,262, ,
1, ,263, ,
1, ,262, ,
0, ,261, ,
3, ,262, ,
1, ,263, ,
1, ,262, ,
1, ,263, ,
3, ,262, ,
0, ,263, ,
1, ,263, ,
1, ,262, ,
1, ,262, ,
3, ,263, ,
1, ,262, ,
0, ,263, ,
1, ,262, ,
1, ,264, ,
1, ,262, ,
1, ,263, ,
1, ,262, ,
0, ,262, ,
3, ,262, ,
1, ,263, ,
1, ,263, ,
1, ,263, ,
1, ,263, ,
0, ,263, ,
1, ,262, ,
1, ,262, ,
1, ,262, ,
1, ,263, ,
3, ,263, ,
0, ,263, ,
3, ,262, ,
1, ,263, ,
1, ,262, ,
1, ,262, ,
1, ,262, ,
0, ,262, ,
3, ,261, ,
1, ,262, ,
1, ,263, ,
3, ,262, ,
1, ,262, ,
0, ,263, ,
1, ,263, ,
1, ,262, ,
1, ,263, ,
1, ,263, ,
1, ,263, ,
0, ,262, ,
3, ,262, ,
1, ,263, ,
1, ,263, ,
1, ,262, ,
1, ,262, ,
0, ,262, ,
1, ,262, ,
1, ,262, ,
1, ,263, ,
1, ,264, ,
113, ,262, ,
69, ,263, ,
47, ,262, ,
33, ,263, ,
22, ,262, ,
14, ,263, ,
9, ,262, ,
6, ,263, ,
8, ,262, ,
4, ,262, ,
3, ,263, ,
4, ,263, ,
5, ,262, ,
3, ,263, ,
4, ,263, ,
3, ,262, ,
4, ,262, ,
4, ,262, ,
4, ,260, ,
1, ,260, ,
4, ,260, ,
3, ,263, ,
4, ,265, ,
4, ,265, ,
4, ,264, ,
3, ,263, ,
4, ,261, ,
3, ,261, ,
3, ,261, ,
4, ,262, ,
4, ,262, ,
1, ,264, ,
4, ,262, ,
3, ,263, ,
3, ,262, ,
4, ,262, ,
4, ,262, ,
1, ,262, ,
4, ,263, ,
3, ,263, ,
3, ,262, ,
4, ,262, ,
4, ,262, ,
3, ,263, ,
4, ,262, ,
3, ,263, ,
3, ,262, ,
4, ,263, ,
4, ,261, ,
1, ,262, ,
4, ,262, ,
1, ,262, ,
3, ,263, ,
4, ,263, ,
4, ,262, ,
1, ,263, ,
4, ,262, ,
3, ,262, ,
3, ,262, ,
4, ,262, ,
4, ,262, ,
1, ,262, ,
4, ,262, ,
3, ,262, ,
3, ,262, ,
4, ,262, ,
4, ,262, ,
3, ,262, ,
4, ,261, ,
1, ,262, ,
3, ,263, ,
4, ,262, ,
4, ,262, ,
3, ,262, ,
4, ,263, ,
1, ,262, ,
3, ,261, ,
3, ,262, ,
4, ,262, ,
1, ,263, ,
4, ,262, ,
1, ,263, ,
3, ,263, ,
3, ,263, ,
3, ,263, ,
3, ,262, ,
4, ,262, ,
1, ,263, ,
3, ,261, ,
3, ,261, ,
3, ,262, ,
1, ,263, ,
4, ,262, ,
3, ,262, ,
3, ,262, ,
4, ,262, ,
3, ,263, ,
1, ,263, ,
4, ,262, ,
3, ,262, ,
3, ,262, ,
3, ,263, ,
4, ,262, ,
1, ,263, ,
4, ,262, ,
3, ,262, ,
3, ,262, ,
3, ,262, ,
3, ,261, ,
1, ,262, ,
4, ,262, ,
3, ,262, ,
3, ,262, ,
3, ,263, ,
3, ,262, ,
1, ,263, ,
4, ,262, ,
3, ,262, ,
3, ,261, ,
3, ,262, ,
3, ,262, ,
1, ,262, ,
4, ,262, ,
3, ,263, ,
3, ,262, ,
4, ,264, ,
3, ,263, ,
1, ,263, ,
4, ,262, ,
1, ,262, ,
3, ,262, ,
3, ,262, ,
3, ,262, ,
1, ,263, ,
4, ,263, ,
1, ,264, ,
3, ,264, ,
3, ,263, ,
3, ,262, ,
1, ,263, ,
4, ,262, ,
1, ,263, ,
3, ,263, ,
3, ,264, ,
3, ,262, ,
1, ,262, ,
4, ,263, ,
1, ,264, ,
3, ,263, ,
3, ,263, ,
3, ,262, ,
1, ,263, ,
4, ,263, ,
1, ,264, ,
3, ,263, ,
3, ,262, ,
3, ,262, ,
1, ,263, ,
4, ,263, ,
1, ,262, ,
3, ,262, ,
3, ,263, ,
3, ,262, ,
1, ,263, ,
4, ,262, ,
3, ,262, ,
3, ,264, ,
3, ,263, ,
3, ,262, ,
1, ,263, ,
3, ,262, ,
3, ,262, ,
3, ,262, ,
3, ,262, ,
3, ,262, ,
1, ,263, ,
4, ,262, ,
3, ,263, ,
3, ,263, ,
3, ,263, ,
3, ,262, ,
1, ,263, ,
3, ,262, ,
1, ,263, ,
3, ,263, ,
3, ,263, ,
3, ,262, ,
1, ,263, ,
3, ,262, ,
1, ,262, ,
3, ,262, ,
3, ,263, ,
3, ,262, ,
1, ,262, ,
3, ,263, ,
1, ,263, ,
3, ,262, ,
3, ,263, ,
3, ,262, ,
1, ,263, ,
3, ,262, ,
1, ,263, ,
3, ,263, ,
3, ,262, ,
3, ,262, ,
1, ,263, ,
3, ,262, ,
3, ,263, ,
3, ,262, ,
3, ,263, ,
3, ,263, ,
1, ,262, ,
4, ,262, ,
1, ,263, ,
1, ,263, ,
3, ,262, ,
3, ,263, ,
1, ,263, ,
3, ,262, ,
0, ,263, ,
1, ,262, ,
3, ,263, ,
4, ,263, ,
3, ,263, ,
3, ,262, ,
1, ,263, ,
1, ,263, ,
3, ,263, ,
3, ,262, ,
1, ,262, ,
3, ,262, ,
1, ,263, ,
3, ,263, ,
3, ,263, ,
3, ,263, ,
1, ,262, ,
4, ,263, ,
3, ,263, ,
3, ,262, ,
3, ,263, ,
3, ,262, ,
1, ,262, ,
3, ,262, ,
1, ,263, ,
1, ,262, ,
3, ,262, ,
3, ,263, ,
1, ,263, ,
3, ,262, ,
1, ,262, ,
1, ,263, ,
3, ,263, ,
3, ,262, ,
1, ,263, ,
3, ,262, ,
1, ,263, ,
3, ,263, ,
3, ,263, ,
3, ,262, ,
1, ,263, ,
3, ,262, ,
1, ,263, ,
3, ,262, ,
3, ,263, ,
3, ,262, ,
1, ,263, ,
3, ,263, ,
1, ,263, ,
3, ,262, ,
3, ,263, ,
3, ,262, ,
1, ,262, ,
4, ,262, ,
1, ,262, ,
3, ,262, ,
3, ,263, ,
3, ,262, ,
1, ,263, ,
3, ,263, ,
1, ,263, ,
3, ,263, ,
3, ,263, ,
3, ,262, ,
1, ,262, ,
3, ,262, ,
1, ,262, ,
3, ,262, ,
3, ,263, ,
3, ,262, ,
1, ,263, ,
3, ,262, ,
1, ,263, ,
3, ,263, ,
3, ,263, ,
3, ,262, ,
1, ,263, ,
3, ,262, ,
1, ,263, ,
3, ,262, ,
3, ,263, ,
3, ,262, ,
1, ,263, ,
3, ,262, ,
1, ,263, ,
3, ,263, ,
3, ,262, ,
3, ,262, ,
1, ,262, ,
3, ,263, ,
1, ,263, ,
3, ,264, ,
3, ,262, ,
3, ,262, ,
1, ,263, ,
3, ,262, ,
1, ,263, ,
1, ,262, ,
3, ,262, ,
3, ,262, ,
1, ,263, ,
3, ,262, ,
1, ,262, ,
3, ,263, ,
3, ,263, ,
3, ,262, ,
1, ,263, ,
3, ,263, ,
3, ,263, ,
3, ,262, ,
3, ,263, ,
3, ,263, ,
1, ,263, ,
3, ,262, ,
1, ,263, ,
1, ,262, ,
3, ,263, ,
3, ,262, ,
1, ,263, ,
3, ,262, ,
1, ,263, ,
3, ,262, ,
3, ,263, ,
3, ,263, ,
1, ,262, ,
3, ,262, ,
1, ,263, ,
3, ,263, ,
3, ,262, ,
3, ,262, ,
0, ,262, ,
3, ,263, ,
1, ,263, ,
3, ,262, ,
3, ,262, ,
3, ,262, ,
1, ,262, ,
3, ,262, ,
1, ,262, ,
1, ,263, ,
1, ,263, ,
1, ,262, ,
1, ,263, ,
3, ,262, ,
1, ,263, ,
1, ,262, ,
3, ,262, ,
3, ,261, ,
1, ,263, ,
3, ,263, ,
1, ,264, ,
1, ,264, ,
3, ,263, ,
3, ,262, ,
1, ,262, ,
3, ,262, ,
1, ,263, ,
1, ,261, ,
3, ,263, ,
1, ,262, ,
0, ,264, ,
3, ,262, ,
1, ,262, ,
1, ,263, ,
3, ,262, ,
1, ,262, ,
1, ,263, ,
3, ,262, ,
1, ,262, ,
1, ,262, ,
1, ,263, ,
3, ,262, ,
1, ,263, ,
3, ,262, ,
1, ,262, ,
1, ,262, ,
3, ,262, ,
3, ,262, ,
1, ,262, ,
3, ,263, ,
1, ,263, ,
1, ,262, ,
1, ,262, ,
3, ,262, ,
1, ,262, ,
3, ,262, ,
1, ,263, ,
1, ,263, ,
3, ,262, ,
3, ,262, ,
1, ,263, ,
3, ,262, ,
1, ,262, ,
1, ,262, ,
3, ,263, ,
1, ,262, ,
1, ,262, ,
3, ,262, ,
1, ,262, ,
1, ,262, ,
3, ,263, ,
3, ,262, ,
1, ,263, ,
3, ,263, ,
1, ,263, ,
3, ,262, ,
3, ,264, ,
3, ,263, ,
1, ,263, ,
3, ,262, ,
1, ,262, ,
1, ,263, ,
3, ,263, ,
3, ,263, ,
1, ,263, ,
3, ,263, ,
1, ,263, ,
3, ,262, ,
3, ,263, ,
1, ,262, ,
1, ,263, ,
3, ,262, ,
1, ,262, ,
1, ,262, ,
3, ,263, ,
1, ,262, ,
1, ,263, ,
3, ,262, ,
1, ,263, ,
1, ,261, ,
3, ,262, ,
3, ,262, ,
0, ,262, ,
3, ,262, ,
1, ,262, ,
1, ,263, ,
3, ,263, ,
3, ,262, ,
0, ,263, ,
3, ,262, ,
1, ,262, ,
1, ,262, ,
3, ,262, ,
1, ,262, ,
0, ,262, ,
3, ,262, ,
1, ,262, ,
1, ,263, ,
3, ,263, ,
1, ,262, ,
1, ,262, ,
3, ,262, ,
1, ,263, ,
1, ,262, ,
1, ,263, ,
1, ,262, ,
0, ,263, ,
3, ,262, ,
1, ,262, ,
1, ,263, ,
1, ,263, ,
3, ,262, ,
0, ,263, ,
3, ,254, ,
1, ,262, ,
1, ,267, ,
1, ,268, ,
3, ,261, ,
0, ,260, ,
3, ,261, ,
1, ,263, ,
1, ,261, ,
1, ,263, ,
1, ,262, ,
0, ,262, ,
3, ,262, ,
1, ,262, ,
1, ,263, ,
3, ,263, ,
3, ,262, ,
0, ,263, ,
3, ,262, ,
1, ,263, ,
1, ,263, ,
3, ,263, ,
1, ,262, ,
0, ,263, ,
3, ,263, ,
1, ,263, ,
1, ,262, ,
3, ,262, ,
1, ,262, ,
0, ,263, ,
3, ,262, ,
1, ,263, ,
1, ,262, ,
1, ,263, ,
1, ,262, ,
0, ,262, ,
3, ,263, ,
1, ,263, ,
1, ,262, ,
1, ,263, ,
1, ,263, ,
0, ,263, ,
3, ,262, ,
1, ,263, ,
1, ,262, ,
1, ,262, ,
3, ,262, ,
0, ,262, ,
3, ,262, ,
1, ,263, ,
1, ,263, ,
3, ,263, ,
3, ,262, ,
0, ,263, ,
3, ,262, ,
1, ,262, ,
1, ,263, ,
3, ,262, ,
1, ,262, ,
0, ,263, ,
3, ,262, ,
1, ,263, ,
1, ,262, ,
1, ,263, ,
1, ,264, ,
0, ,262, ,
3, ,262, ,
1, ,262, ,
1, ,262, ,
1, ,263, ,
3, ,262, ,
1, ,263, ,
3, ,262, ,
1, ,263, ,
1, ,262, ,
3, ,263, ,
3, ,263, ,
0, ,263, ,
3, ,262, ,
1, ,263, ,
1, ,261, ,
3, ,263, ,
1, ,262, ,
0, ,262, ,
3, ,262, ,
1, ,262, ,
1, ,262, ,
1, ,261, ,
1, ,262, ,
0, ,263, ,
3, ,262, ,
1, ,262, ,
1, ,263, ,
1, ,263, ,
1, ,262, ,
0, ,263, ,
3, ,262, ,
1, ,263, ,
1, ,262, ,
3, ,263, ,
3, ,262, ,
0, ,263, ,
3, ,263, ,
1, ,263, ,
1, ,264, ,
1, ,263, ,
1, ,262, ,
0, ,262, ,
3, ,262, ,
1, ,263, ,
1, ,263, ,
3, ,263, ,
1, ,262, ,
0, ,263, ,
3, ,262, ,
1, ,262, ,
1, ,263, ,
1, ,263, ,
1, ,262, ,
0, ,262, ,
3, ,262, ,
1, ,263, ,
1, ,262, ,
3, ,263, ,
3, ,262, ,
0, ,263, ,
3, ,262, ,
1, ,262, ,
1, ,262, ,
1, ,263, ,
1, ,262, ,
0, ,262, ,
3, ,262, ,
1, ,263, ,
1, ,262, ,
1, ,263, ,
1, ,263, ,
0, ,263, ,
3, ,262, ,
1, ,263, ,
1, ,263, ,
1, ,263, ,
3, ,262, ,
0, ,263, ,
3, ,262, ,
1, ,263, ,
1, ,262, ,
1, ,263, ,
1, ,263, ,
0, ,262, ,
3, ,262, ,
1, ,262, ,
1, ,263, ,
3, ,263, ,
1, ,262, ,
0, ,262, ,
1, ,262, ,
1, ,262, ,
1, ,262, ,
1, ,262, ,
1, ,262, ,
0, ,263, ,
1, ,262, ,
0, ,262, ,
1, ,263, ,
1, ,263, ,
3, ,262, ,
0, ,263, ,
3, ,262, ,
1, ,263, ,
1, ,262, ,
1, ,263, ,
3, ,262, ,
0, ,262, ,
1, ,262, ,
1, ,263, ,
1, ,263, ,
1, ,263, ,
1, ,262, ,
0, ,262, ,
3, ,262, ,
1, ,263, ,
1, ,262, ,
3, ,262, ,
1, ,262, ,
0, ,263, ,
3, ,262, ,
1, ,262, ,
1, ,262, ,
1, ,263, ,
1, ,262, ,
0, ,262, ,
3, ,262, ,
1, ,263, ,
1, ,262, ,
3, ,262, ,
3, ,262, ,
0, ,263, ,
3, ,262, ,
1, ,263, ,
1, ,263, ,
1, ,263, ,
1, ,262, ,
0, ,262, ,
3, ,262, ,
1, ,262, ,
1, ,262, ,
3, ,263, ,
3, ,262, ,
0, ,262, ,
3, ,262, ,
1, ,262, ,
1, ,263, ,
1, ,263, ,
1, ,262, ,
0, ,262, ,
1, ,262, ,
1, ,262, ,
1, ,262, ,
1, ,262, ,
3, ,262, ,
0, ,263, ,
1, ,262, ,
1, ,263, ,
1, ,263, ,
1, ,263, ,
1, ,262, ,
0, ,262, ,
3, ,262, ,
1, ,263, ,
1, ,262, ,
1, ,262, ,
1, ,262, ,
0, ,263, ,
1, ,262, ,
1, ,262, ,
1, ,263, ,
1, ,262, ,
1, ,262, ,
0, ,262, ,
3, ,262, ,
1, ,263, ,
1, ,262, ,
1, ,263, ,
3, ,263, ,
0, ,262, ,
3, ,262, ,
1, ,262, ,
1, ,262, ,
1, ,262, ,
1, ,262, ,
0, ,263, ,
3, ,262, ,
1, ,263, ,
1, ,262, ,
1, ,263, ,
1, ,263, ,
0, ,263, ,
3, ,262, ,
1, ,261, ,
1, ,263, ,
1, ,263, ,
1, ,262, ,
0, ,262, ,
3, ,262, ,
1, ,263, ,
1, ,262, ,
1, ,263, ,
1, ,261, ,
0, ,263, ,
1, ,263, ,
1, ,262, ,
1, ,263, ,
1, ,263, ,
1, ,262, ,
0, ,262, ,
1, ,263, ,
1, ,262, ,
1, ,263, ,
1, ,263, ,
1, ,263, ,
0, ,263, ,
3, ,262, ,
1, ,262, ,
1, ,263, ,
1, ,262, ,
1, ,262, ,
0, ,262, ,
3, ,263, ,
1, ,263, ,
1, ,262, ,
1, ,263, ,
1, ,262, ,
0, ,263, ,
1, ,262, ,
1, ,263, ,
1, ,263, ,
1, ,263, ,
1, ,262, ,
0, ,262, ,
3, ,262, ,
1, ,262, ,
1, ,263, ,
1, ,263, ,
1, ,263, ,
0, ,263, ,
3, ,262, ,
1, ,262, ,
1, ,263, ,
1, ,262, ,
1, ,261, ,
0, ,263, ,
1, ,262, ,
1, ,262, ,
1, ,262, ,
1, ,262, ,
3, ,261, ,
0, ,262, ,
1, ,261, ,
1, ,262, ,
1, ,263, ,
3, ,264, ,
1, ,262, ,
0, ,262, ,
1, ,262, ,
1, ,262, ,
1, ,261, ,
1, ,261, ,
1, ,262, ,
0, ,263, ,
3, ,262, ,
1, ,263, ,
1, ,263, ,
3, ,263, ,
1, ,262, ,
0, ,263, ,
3, ,262, ,
1, ,262, ,
1, ,263, ,
1, ,263, ,
1, ,263, ,
0, ,262, ,
1, ,262, ,
1, ,263, ,
