Format,1.0B,
Memory Length,10000,Memory Length,10000,
IntpDistance,0,IntpDistance,0,
Trigger Address,5159,Trigger Address,5159,
Trigger Level,3.000E-01,Trigger Level,3.000E-01,
Source,CH1,Source,CH2,
Vertical Units,V,Vertical Units,V,
Vertical Units Div,0,Vertical Units Div,0,
Vertical Units Extend Div,16,Vertical Units Extend Div,16,
Label,,Label,,
Probe Type,0,Probe Type,0,
Probe Ratio,1.000e+01,Probe Ratio,1.000e+00,
Vertical Scale,5.000e-01,Vertical Scale,2.000e-01,
Vertical Position,-1.780e+00,Vertical Position,-2.240e+00,
Horizontal Units,S,Horizontal Units,S,
Horizontal Scale,2.000E-05,Horizontal Scale,2.000E-05,
Horizontal Position,-3.200E-06,Horizontal Position,-3.200E-06,
Horizontal Mode,Main,Horizontal Mode,Main,
SincET Mode,Real Time,SincET Mode,Real Time,
Sampling Period,2.000e-08,Sampling Period,2.000e-08,
Horizontal Old Scale,2.000E-05,Horizontal Old Scale,2.000E-05,
Horizontal Old Position,-3.200E-06,Horizontal Old Position,-3.200E-06,
Firmware,V1.23,Firmware,V1.23,
Mode,Fast,Mode,Fast,
Waveform Data,,Waveform Data,,
1, ,205, ,
3, ,205, ,
1, ,206, ,
0, ,205, ,
3, ,205, ,
1, ,205, ,
1, ,206, ,
1, ,205, ,
1, ,205, ,
0, ,205, ,
3, ,206, ,
1, ,203, ,
1, ,203, ,
1, ,206, ,
1, ,206, ,
0, ,205, ,
3, ,205, ,
1, ,206, ,
1, ,206, ,
3, ,205, ,
1, ,205, ,
0, ,206, ,
3, ,205, ,
1, ,203, ,
1, ,206, ,
3, ,206, ,
1, ,206, ,
0, ,205, ,
3, ,205, ,
1, ,203, ,
1, ,205, ,
3, ,206, ,
1, ,203, ,
0, ,206, ,
3, ,205, ,
1, ,205, ,
1, ,205, ,
1, ,203, ,
1, ,203, ,
0, ,205, ,
3, ,205, ,
1, ,205, ,
1, ,205, ,
3, ,205, ,
1, ,205, ,
0, ,206, ,
3, ,205, ,
1, ,203, ,
1, ,205, ,
1, ,205, ,
1, ,206, ,
0, ,205, ,
3, ,205, ,
1, ,206, ,
1, ,205, ,
1, ,203, ,
1, ,203, ,
0, ,206, ,
3, ,205, ,
1, ,203, ,
1, ,203, ,
1, ,205, ,
1, ,203, ,
0, ,206, ,
3, ,205, ,
0, ,205, ,
1, ,205, ,
1, ,203, ,
1, ,205, ,
0, ,206, ,
3, ,205, ,
0, ,203, ,
1, ,206, ,
1, ,206, ,
1, ,203, ,
0, ,203, ,
3, ,205, ,
0, ,206, ,
1, ,206, ,
1, ,203, ,
1, ,203, ,
0, ,206, ,
3, ,205, ,
0, ,205, ,
1, ,205, ,
1, ,206, ,
1, ,203, ,
0, ,205, ,
3, ,205, ,
1, ,206, ,
1, ,205, ,
1, ,203, ,
1, ,205, ,
0, ,205, ,
3, ,203, ,
1, ,203, ,
1, ,206, ,
1, ,205, ,
1, ,206, ,
0, ,203, ,
3, ,203, ,
0, ,206, ,
1, ,206, ,
1, ,205, ,
1, ,203, ,
-1, ,206, ,
1, ,205, ,
0, ,203, ,
1, ,205, ,
1, ,205, ,
3, ,205, ,
0, ,205, ,
3, ,205, ,
1, ,205, ,
1, ,205, ,
1, ,205, ,
1, ,205, ,
0, ,206, ,
3, ,205, ,
0, ,205, ,
1, ,205, ,
1, ,205, ,
1, ,203, ,
0, ,205, ,
3, ,205, ,
0, ,205, ,
1, ,206, ,
1, ,205, ,
1, ,203, ,
0, ,205, ,
3, ,205, ,
0, ,205, ,
0, ,205, ,
1, ,205, ,
1, ,205, ,
0, ,206, ,
3, ,206, ,
0, ,205, ,
1, ,206, ,
3, ,203, ,
1, ,205, ,
0, ,206, ,
3, ,205, ,
0, ,205, ,
1, ,206, ,
1, ,198, ,
1, ,203, ,
0, ,210, ,
3, ,209, ,
0, ,205, ,
0, ,202, ,
1, ,203, ,
1, ,206, ,
0, ,205, ,
3, ,205, ,
0, ,206, ,
1, ,206, ,
1, ,203, ,
1, ,203, ,
0, ,206, ,
3, ,205, ,
0, ,205, ,
1, ,206, ,
3, ,203, ,
3, ,203, ,
0, ,206, ,
3, ,205, ,
1, ,203, ,
1, ,206, ,
3, ,206, ,
1, ,206, ,
0, ,205, ,
3, ,205, ,
0, ,205, ,
1, ,205, ,
1, ,203, ,
1, ,205, ,
0, ,206, ,
3, ,206, ,
1, ,203, ,
1, ,205, ,
1, ,205, ,
1, ,203, ,
0, ,205, ,
3, ,206, ,
1, ,206, ,
1, ,205, ,
1, ,205, ,
1, ,203, ,
0, ,206, ,
3, ,206, ,
0, ,205, ,
1, ,205, ,
1, ,206, ,
1, ,203, ,
0, ,205, ,
3, ,201, ,
0, ,201, ,
1, ,202, ,
1, ,203, ,
1, ,207, ,
0, ,209, ,
3, ,206, ,
0, ,205, ,
1, ,203, ,
1, ,203, ,
1, ,202, ,
0, ,203, ,
1, ,205, ,
0, ,203, ,
1, ,206, ,
3, ,203, ,
3, ,205, ,
0, ,206, ,
3, ,206, ,
1, ,203, ,
1, ,206, ,
1, ,206, ,
1, ,205, ,
0, ,205, ,
1, ,205, ,
0, ,203, ,
1, ,206, ,
1, ,203, ,
1, ,205, ,
0, ,205, ,
3, ,205, ,
0, ,202, ,
0, ,205, ,
1, ,206, ,
1, ,203, ,
0, ,205, ,
3, ,203, ,
0, ,203, ,
1, ,205, ,
3, ,205, ,
1, ,205, ,
0, ,206, ,
1, ,203, ,
0, ,203, ,
0, ,205, ,
1, ,206, ,
1, ,205, ,
0, ,205, ,
3, ,205, ,
0, ,205, ,
0, ,206, ,
1, ,203, ,
1, ,203, ,
0, ,205, ,
3, ,205, ,
0, ,203, ,
1, ,205, ,
1, ,205, ,
1, ,203, ,
0, ,205, ,
3, ,205, ,
0, ,203, ,
0, ,203, ,
1, ,203, ,
1, ,205, ,
0, ,206, ,
3, ,205, ,
0, ,203, ,
0, ,203, ,
1, ,205, ,
1, ,205, ,
0, ,205, ,
3, ,203, ,
0, ,203, ,
0, ,205, ,
1, ,203, ,
1, ,203, ,
0, ,205, ,
3, ,203, ,
0, ,202, ,
1, ,203, ,
1, ,205, ,
1, ,203, ,
0, ,205, ,
1, ,205, ,
0, ,203, ,
0, ,205, ,
1, ,206, ,
1, ,203, ,
0, ,205, ,
3, ,206, ,
0, ,205, ,
1, ,206, ,
1, ,205, ,
3, ,203, ,
0, ,205, ,
1, ,203, ,
0, ,205, ,
0, ,206, ,
1, ,202, ,
1, ,203, ,
0, ,206, ,
3, ,205, ,
0, ,203, ,
0, ,205, ,
1, ,203, ,
1, ,203, ,
0, ,205, ,
3, ,205, ,
0, ,206, ,
1, ,208, ,
1, ,205, ,
1, ,205, ,
0, ,206, ,
3, ,203, ,
1, ,203, ,
1, ,205, ,
1, ,206, ,
1, ,206, ,
0, ,206, ,
3, ,206, ,
0, ,206, ,
1, ,205, ,
1, ,203, ,
1, ,205, ,
0, ,206, ,
3, ,206, ,
0, ,205, ,
1, ,206, ,
1, ,206, ,
1, ,206, ,
0, ,206, ,
3, ,205, ,
1, ,203, ,
1, ,206, ,
3, ,203, ,
3, ,205, ,
0, ,207, ,
3, ,206, ,
0, ,206, ,
1, ,205, ,
1, ,205, ,
1, ,205, ,
0, ,206, ,
3, ,205, ,
1, ,206, ,
1, ,206, ,
1, ,203, ,
1, ,205, ,
0, ,207, ,
3, ,206, ,
0, ,205, ,
1, ,205, ,
1, ,205, ,
1, ,205, ,
0, ,206, ,
3, ,206, ,
0, ,205, ,
1, ,206, ,
1, ,203, ,
1, ,206, ,
0, ,207, ,
3, ,206, ,
1, ,203, ,
1, ,205, ,
1, ,206, ,
1, ,206, ,
0, ,206, ,
1, ,205, ,
0, ,206, ,
0, ,206, ,
3, ,205, ,
1, ,206, ,
0, ,206, ,
1, ,206, ,
0, ,203, ,
0, ,205, ,
1, ,206, ,
1, ,205, ,
0, ,206, ,
3, ,205, ,
0, ,206, ,
0, ,206, ,
1, ,206, ,
3, ,205, ,
0, ,208, ,
1, ,206, ,
0, ,205, ,
0, ,206, ,
1, ,206, ,
1, ,205, ,
0, ,205, ,
1, ,205, ,
0, ,205, ,
1, ,206, ,
1, ,205, ,
1, ,205, ,
0, ,206, ,
3, ,206, ,
0, ,205, ,
1, ,205, ,
1, ,205, ,
1, ,205, ,
0, ,206, ,
3, ,205, ,
0, ,206, ,
1, ,206, ,
1, ,205, ,
1, ,203, ,
0, ,206, ,
3, ,206, ,
0, ,205, ,
0, ,206, ,
1, ,205, ,
1, ,206, ,
0, ,206, ,
3, ,205, ,
0, ,206, ,
0, ,206, ,
1, ,205, ,
1, ,203, ,
0, ,206, ,
3, ,206, ,
0, ,206, ,
1, ,205, ,
1, ,205, ,
1, ,206, ,
0, ,205, ,
3, ,205, ,
0, ,206, ,
0, ,206, ,
1, ,205, ,
1, ,205, ,
0, ,206, ,
3, ,206, ,
0, ,205, ,
0, ,205, ,
1, ,206, ,
1, ,205, ,
0, ,205, ,
1, ,205, ,
0, ,205, ,
1, ,206, ,
1, ,203, ,
3, ,203, ,
0, ,206, ,
1, ,206, ,
0, ,206, ,
1, ,206, ,
1, ,206, ,
1, ,206, ,
0, ,206, ,
3, ,206, ,
0, ,205, ,
1, ,206, ,
1, ,203, ,
1, ,203, ,
0, ,208, ,
1, ,206, ,
0, ,203, ,
0, ,206, ,
3, ,205, ,
1, ,206, ,
0, ,206, ,
1, ,206, ,
0, ,205, ,
1, ,205, ,
1, ,203, ,
1, ,205, ,
0, ,206, ,
3, ,206, ,
0, ,205, ,
0, ,206, ,
1, ,205, ,
1, ,206, ,
0, ,205, ,
3, ,206, ,
0, ,206, ,
1, ,206, ,
1, ,205, ,
1, ,206, ,
0, ,207, ,
1, ,206, ,
0, ,205, ,
1, ,206, ,
1, ,206, ,
1, ,203, ,
0, ,205, ,
3, ,205, ,
0, ,206, ,
0, ,206, ,
1, ,203, ,
1, ,205, ,
0, ,206, ,
3, ,205, ,
0, ,203, ,
0, ,206, ,
1, ,205, ,
1, ,205, ,
0, ,206, ,
3, ,205, ,
0, ,206, ,
1, ,206, ,
1, ,205, ,
1, ,206, ,
0, ,205, ,
1, ,206, ,
0, ,203, ,
0, ,205, ,
1, ,205, ,
1, ,205, ,
0, ,205, ,
1, ,205, ,
0, ,206, ,
0, ,206, ,
1, ,205, ,
1, ,203, ,
0, ,206, ,
1, ,205, ,
0, ,205, ,
1, ,205, ,
1, ,206, ,
1, ,206, ,
0, ,205, ,
1, ,205, ,
0, ,206, ,
0, ,206, ,
1, ,205, ,
1, ,205, ,
0, ,207, ,
3, ,206, ,
0, ,205, ,
0, ,206, ,
1, ,205, ,
1, ,205, ,
0, ,205, ,
3, ,205, ,
0, ,205, ,
1, ,206, ,
1, ,205, ,
1, ,203, ,
0, ,206, ,
3, ,206, ,
0, ,203, ,
0, ,206, ,
1, ,206, ,
1, ,206, ,
0, ,206, ,
3, ,206, ,
0, ,206, ,
0, ,206, ,
1, ,205, ,
1, ,206, ,
0, ,207, ,
3, ,206, ,
0, ,205, ,
1, ,205, ,
1, ,205, ,
1, ,205, ,
0, ,206, ,
3, ,205, ,
0, ,206, ,
0, ,206, ,
1, ,205, ,
1, ,205, ,
0, ,205, ,
3, ,205, ,
0, ,205, ,
1, ,206, ,
1, ,205, ,
1, ,206, ,
0, ,206, ,
1, ,205, ,
0, ,205, ,
0, ,206, ,
3, ,205, ,
1, ,203, ,
0, ,206, ,
1, ,206, ,
0, ,206, ,
1, ,205, ,
1, ,205, ,
1, ,205, ,
0, ,205, ,
3, ,205, ,
0, ,205, ,
1, ,205, ,
1, ,205, ,
1, ,205, ,
0, ,205, ,
1, ,205, ,
0, ,205, ,
1, ,206, ,
1, ,205, ,
1, ,205, ,
0, ,205, ,
3, ,205, ,
0, ,205, ,
0, ,206, ,
1, ,203, ,
1, ,206, ,
0, ,206, ,
3, ,206, ,
0, ,205, ,
0, ,206, ,
1, ,206, ,
1, ,206, ,
0, ,205, ,
1, ,205, ,
0, ,206, ,
1, ,206, ,
1, ,203, ,
1, ,203, ,
0, ,205, ,
3, ,206, ,
0, ,205, ,
1, ,206, ,
1, ,205, ,
1, ,203, ,
0, ,206, ,
3, ,205, ,
0, ,206, ,
1, ,205, ,
1, ,203, ,
1, ,206, ,
0, ,205, ,
3, ,205, ,
0, ,203, ,
0, ,205, ,
1, ,206, ,
1, ,206, ,
0, ,205, ,
1, ,205, ,
0, ,205, ,
0, ,206, ,
1, ,203, ,
1, ,203, ,
0, ,203, ,
3, ,205, ,
0, ,203, ,
0, ,205, ,
1, ,206, ,
1, ,205, ,
0, ,205, ,
1, ,203, ,
0, ,205, ,
0, ,206, ,
1, ,203, ,
1, ,203, ,
0, ,206, ,
3, ,205, ,
0, ,205, ,
1, ,206, ,
1, ,205, ,
1, ,203, ,
0, ,205, ,
1, ,205, ,
0, ,206, ,
1, ,205, ,
1, ,206, ,
1, ,203, ,
0, ,206, ,
3, ,205, ,
0, ,205, ,
1, ,206, ,
1, ,205, ,
1, ,205, ,
0, ,205, ,
3, ,205, ,
0, ,205, ,
0, ,206, ,
1, ,203, ,
1, ,205, ,
0, ,206, ,
1, ,206, ,
0, ,205, ,
0, ,205, ,
1, ,205, ,
1, ,203, ,
0, ,206, ,
3, ,205, ,
0, ,206, ,
0, ,205, ,
1, ,205, ,
1, ,205, ,
0, ,206, ,
3, ,206, ,
0, ,203, ,
0, ,206, ,
1, ,206, ,
1, ,205, ,
0, ,205, ,
3, ,205, ,
0, ,206, ,
1, ,206, ,
1, ,205, ,
1, ,203, ,
0, ,207, ,
3, ,205, ,
0, ,205, ,
1, ,205, ,
1, ,206, ,
3, ,205, ,
0, ,205, ,
3, ,205, ,
0, ,205, ,
1, ,206, ,
1, ,205, ,
1, ,205, ,
0, ,206, ,
1, ,205, ,
1, ,205, ,
0, ,205, ,
1, ,206, ,
1, ,206, ,
0, ,205, ,
3, ,205, ,
0, ,206, ,
1, ,205, ,
1, ,205, ,
1, ,205, ,
-1, ,206, ,
3, ,206, ,
0, ,205, ,
0, ,205, ,
1, ,206, ,
1, ,203, ,
0, ,206, ,
1, ,205, ,
0, ,205, ,
0, ,205, ,
1, ,205, ,
1, ,205, ,
0, ,205, ,
1, ,206, ,
0, ,203, ,
0, ,206, ,
1, ,206, ,
1, ,206, ,
0, ,205, ,
3, ,205, ,
0, ,206, ,
0, ,205, ,
1, ,205, ,
1, ,206, ,
0, ,206, ,
1, ,206, ,
0, ,203, ,
0, ,205, ,
1, ,206, ,
1, ,203, ,
0, ,206, ,
1, ,206, ,
0, ,206, ,
0, ,206, ,
1, ,203, ,
1, ,203, ,
0, ,206, ,
1, ,205, ,
0, ,201, ,
0, ,205, ,
1, ,205, ,
1, ,206, ,
0, ,206, ,
1, ,205, ,
0, ,206, ,
0, ,206, ,
1, ,205, ,
1, ,203, ,
0, ,206, ,
3, ,206, ,
0, ,203, ,
0, ,206, ,
1, ,206, ,
1, ,205, ,
0, ,205, ,
1, ,205, ,
0, ,206, ,
0, ,205, ,
1, ,205, ,
1, ,203, ,
0, ,206, ,
3, ,205, ,
0, ,203, ,
1, ,205, ,
1, ,205, ,
1, ,205, ,
0, ,205, ,
3, ,205, ,
0, ,205, ,
1, ,206, ,
1, ,205, ,
1, ,205, ,
0, ,206, ,
1, ,205, ,
0, ,203, ,
0, ,203, ,
1, ,205, ,
1, ,203, ,
0, ,205, ,
1, ,206, ,
0, ,206, ,
1, ,206, ,
1, ,205, ,
1, ,206, ,
0, ,206, ,
1, ,205, ,
0, ,206, ,
0, ,206, ,
1, ,203, ,
1, ,206, ,
0, ,206, ,
3, ,205, ,
0, ,205, ,
0, ,206, ,
1, ,205, ,
1, ,203, ,
0, ,207, ,
1, ,206, ,
0, ,203, ,
0, ,205, ,
1, ,205, ,
1, ,203, ,
0, ,206, ,
3, ,205, ,
0, ,205, ,
0, ,205, ,
1, ,205, ,
1, ,205, ,
0, ,206, ,
1, ,206, ,
0, ,206, ,
0, ,206, ,
1, ,205, ,
1, ,206, ,
0, ,205, ,
1, ,205, ,
0, ,205, ,
1, ,206, ,
1, ,203, ,
1, ,205, ,
0, ,206, ,
1, ,205, ,
0, ,203, ,
0, ,205, ,
1, ,205, ,
1, ,206, ,
0, ,206, ,
3, ,205, ,
0, ,205, ,
0, ,206, ,
1, ,203, ,
1, ,203, ,
0, ,205, ,
3, ,206, ,
0, ,205, ,
0, ,206, ,
1, ,206, ,
1, ,203, ,
0, ,205, ,
1, ,205, ,
0, ,205, ,
1, ,206, ,
1, ,203, ,
1, ,203, ,
0, ,206, ,
1, ,206, ,
0, ,203, ,
0, ,206, ,
1, ,206, ,
1, ,206, ,
0, ,205, ,
1, ,205, ,
0, ,202, ,
0, ,205, ,
1, ,203, ,
1, ,203, ,
-1, ,205, ,
1, ,205, ,
0, ,203, ,
0, ,206, ,
1, ,205, ,
1, ,206, ,
0, ,205, ,
3, ,205, ,
0, ,205, ,
0, ,205, ,
1, ,205, ,
1, ,205, ,
0, ,206, ,
1, ,206, ,
0, ,203, ,
0, ,203, ,
1, ,205, ,
1, ,205, ,
0, ,205, ,
1, ,205, ,
0, ,205, ,
0, ,206, ,
1, ,203, ,
1, ,203, ,
-1, ,205, ,
3, ,205, ,
0, ,205, ,
0, ,205, ,
1, ,205, ,
1, ,205, ,
0, ,205, ,
1, ,203, ,
0, ,205, ,
0, ,206, ,
1, ,205, ,
1, ,203, ,
0, ,206, ,
1, ,205, ,
0, ,203, ,
0, ,205, ,
1, ,206, ,
1, ,205, ,
0, ,206, ,
1, ,205, ,
0, ,206, ,
0, ,206, ,
1, ,203, ,
1, ,205, ,
-1, ,206, ,
3, ,205, ,
0, ,203, ,
1, ,206, ,
1, ,206, ,
1, ,205, ,
0, ,205, ,
1, ,206, ,
0, ,205, ,
1, ,206, ,
1, ,203, ,
1, ,205, ,
0, ,206, ,
1, ,205, ,
0, ,205, ,
0, ,206, ,
1, ,206, ,
1, ,203, ,
0, ,205, ,
1, ,206, ,
0, ,203, ,
0, ,206, ,
1, ,203, ,
1, ,203, ,
-1, ,206, ,
3, ,205, ,
0, ,203, ,
0, ,205, ,
1, ,205, ,
1, ,203, ,
0, ,205, ,
1, ,205, ,
0, ,205, ,
1, ,206, ,
1, ,205, ,
1, ,205, ,
-1, ,206, ,
1, ,206, ,
0, ,203, ,
0, ,205, ,
1, ,206, ,
1, ,203, ,
0, ,206, ,
3, ,205, ,
0, ,203, ,
0, ,205, ,
1, ,203, ,
1, ,203, ,
0, ,206, ,
1, ,206, ,
0, ,205, ,
0, ,205, ,
1, ,205, ,
1, ,203, ,
0, ,206, ,
1, ,203, ,
0, ,205, ,
0, ,206, ,
1, ,206, ,
1, ,203, ,
0, ,206, ,
3, ,203, ,
0, ,203, ,
1, ,206, ,
1, ,205, ,
1, ,203, ,
0, ,205, ,
1, ,205, ,
0, ,203, ,
0, ,206, ,
1, ,206, ,
1, ,203, ,
-1, ,203, ,
1, ,203, ,
0, ,205, ,
0, ,206, ,
1, ,205, ,
1, ,205, ,
0, ,205, ,
1, ,205, ,
0, ,205, ,
0, ,206, ,
1, ,203, ,
1, ,206, ,
0, ,206, ,
1, ,205, ,
0, ,203, ,
0, ,206, ,
1, ,205, ,
1, ,206, ,
0, ,205, ,
1, ,205, ,
0, ,203, ,
0, ,206, ,
1, ,203, ,
1, ,205, ,
0, ,205, ,
1, ,206, ,
0, ,203, ,
0, ,206, ,
1, ,206, ,
1, ,205, ,
0, ,205, ,
3, ,205, ,
0, ,205, ,
0, ,206, ,
1, ,203, ,
1, ,205, ,
0, ,206, ,
1, ,206, ,
0, ,203, ,
0, ,205, ,
1, ,205, ,
1, ,203, ,
0, ,205, ,
3, ,205, ,
0, ,205, ,
0, ,206, ,
1, ,203, ,
1, ,203, ,
0, ,205, ,
1, ,205, ,
0, ,203, ,
0, ,205, ,
1, ,205, ,
1, ,205, ,
0, ,206, ,
1, ,205, ,
0, ,205, ,
1, ,206, ,
1, ,205, ,
1, ,203, ,
0, ,206, ,
1, ,206, ,
0, ,203, ,
1, ,205, ,
1, ,205, ,
1, ,203, ,
0, ,205, ,
3, ,205, ,
0, ,203, ,
0, ,205, ,
1, ,205, ,
1, ,205, ,
0, ,205, ,
1, ,205, ,
0, ,205, ,
1, ,206, ,
1, ,206, ,
1, ,205, ,
0, ,203, ,
1, ,206, ,
0, ,203, ,
1, ,205, ,
1, ,205, ,
1, ,203, ,
-1, ,206, ,
1, ,206, ,
0, ,203, ,
1, ,206, ,
1, ,203, ,
1, ,205, ,
0, ,205, ,
3, ,205, ,
0, ,206, ,
0, ,206, ,
1, ,205, ,
1, ,203, ,
0, ,205, ,
1, ,205, ,
0, ,205, ,
0, ,206, ,
1, ,205, ,
1, ,206, ,
0, ,205, ,
1, ,205, ,
0, ,203, ,
1, ,206, ,
1, ,205, ,
1, ,203, ,
0, ,206, ,
1, ,206, ,
0, ,203, ,
0, ,206, ,
1, ,205, ,
1, ,206, ,
0, ,205, ,
1, ,206, ,
0, ,203, ,
0, ,206, ,
1, ,205, ,
1, ,205, ,
-1, ,205, ,
1, ,205, ,
0, ,205, ,
0, ,205, ,
1, ,205, ,
1, ,203, ,
0, ,205, ,
3, ,203, ,
0, ,205, ,
0, ,206, ,
1, ,203, ,
1, ,205, ,
-1, ,206, ,
1, ,205, ,
0, ,205, ,
0, ,206, ,
1, ,206, ,
1, ,206, ,
0, ,206, ,
3, ,206, ,
0, ,205, ,
0, ,205, ,
1, ,203, ,
1, ,206, ,
-1, ,206, ,
1, ,206, ,
1, ,203, ,
0, ,206, ,
1, ,205, ,
1, ,205, ,
0, ,205, ,
1, ,205, ,
0, ,205, ,
0, ,206, ,
1, ,205, ,
1, ,205, ,
0, ,206, ,
3, ,205, ,
0, ,203, ,
0, ,205, ,
1, ,205, ,
1, ,205, ,
0, ,205, ,
1, ,205, ,
0, ,203, ,
0, ,206, ,
1, ,205, ,
1, ,205, ,
0, ,206, ,
1, ,206, ,
0, ,203, ,
0, ,205, ,
1, ,205, ,
1, ,206, ,
0, ,205, ,
1, ,205, ,
0, ,203, ,
0, ,205, ,
1, ,206, ,
1, ,203, ,
0, ,206, ,
3, ,206, ,
0, ,206, ,
0, ,205, ,
1, ,205, ,
1, ,205, ,
0, ,205, ,
1, ,205, ,
0, ,205, ,
0, ,206, ,
1, ,205, ,
1, ,205, ,
-1, ,206, ,
3, ,206, ,
0, ,203, ,
0, ,206, ,
1, ,205, ,
1, ,206, ,
0, ,205, ,
1, ,205, ,
0, ,203, ,
0, ,206, ,
1, ,206, ,
1, ,203, ,
0, ,206, ,
1, ,206, ,
0, ,203, ,
0, ,205, ,
1, ,205, ,
1, ,206, ,
0, ,205, ,
1, ,205, ,
0, ,205, ,
0, ,206, ,
1, ,203, ,
1, ,203, ,
0, ,205, ,
3, ,203, ,
0, ,202, ,
0, ,203, ,
1, ,202, ,
1, ,203, ,
0, ,206, ,
3, ,208, ,
0, ,207, ,
1, ,206, ,
1, ,203, ,
1, ,203, ,
-1, ,205, ,
1, ,203, ,
0, ,203, ,
1, ,205, ,
1, ,205, ,
1, ,205, ,
-1, ,203, ,
3, ,203, ,
0, ,203, ,
1, ,205, ,
1, ,206, ,
1, ,206, ,
-1, ,205, ,
1, ,205, ,
0, ,203, ,
0, ,203, ,
1, ,205, ,
1, ,205, ,
0, ,206, ,
1, ,205, ,
0, ,203, ,
0, ,205, ,
1, ,205, ,
1, ,203, ,
0, ,206, ,
3, ,205, ,
0, ,202, ,
1, ,205, ,
1, ,205, ,
1, ,205, ,
0, ,205, ,
1, ,203, ,
0, ,203, ,
0, ,206, ,
1, ,202, ,
1, ,205, ,
0, ,205, ,
1, ,205, ,
0, ,205, ,
0, ,205, ,
1, ,205, ,
1, ,205, ,
0, ,205, ,
1, ,205, ,
0, ,203, ,
0, ,206, ,
1, ,203, ,
1, ,203, ,
0, ,206, ,
1, ,206, ,
0, ,203, ,
0, ,205, ,
1, ,205, ,
1, ,205, ,
0, ,206, ,
1, ,205, ,
0, ,205, ,
0, ,205, ,
1, ,205, ,
1, ,203, ,
0, ,206, ,
1, ,203, ,
0, ,202, ,
0, ,203, ,
1, ,205, ,
1, ,205, ,
0, ,205, ,
1, ,205, ,
0, ,203, ,
0, ,205, ,
1, ,205, ,
1, ,203, ,
0, ,205, ,
3, ,205, ,
0, ,203, ,
0, ,205, ,
1, ,205, ,
1, ,205, ,
0, ,205, ,
1, ,203, ,
0, ,203, ,
0, ,205, ,
1, ,205, ,
1, ,203, ,
0, ,205, ,
3, ,205, ,
0, ,205, ,
0, ,205, ,
1, ,205, ,
1, ,206, ,
0, ,205, ,
1, ,205, ,
0, ,205, ,
0, ,205, ,
1, ,205, ,
1, ,205, ,
0, ,206, ,
1, ,205, ,
0, ,205, ,
1, ,205, ,
1, ,206, ,
1, ,206, ,
0, ,206, ,
1, ,205, ,
0, ,205, ,
0, ,205, ,
1, ,203, ,
1, ,205, ,
0, ,205, ,
1, ,206, ,
0, ,206, ,
0, ,206, ,
1, ,205, ,
1, ,205, ,
0, ,205, ,
3, ,206, ,
0, ,205, ,
1, ,205, ,
1, ,206, ,
1, ,203, ,
0, ,206, ,
3, ,206, ,
0, ,203, ,
1, ,205, ,
1, ,205, ,
1, ,206, ,
0, ,205, ,
1, ,206, ,
0, ,205, ,
1, ,206, ,
1, ,205, ,
1, ,205, ,
0, ,206, ,
1, ,205, ,
0, ,203, ,
0, ,206, ,
1, ,205, ,
1, ,206, ,
0, ,205, ,
1, ,205, ,
0, ,206, ,
1, ,206, ,
1, ,206, ,
1, ,206, ,
0, ,205, ,
3, ,206, ,
0, ,203, ,
0, ,206, ,
1, ,205, ,
1, ,206, ,
0, ,206, ,
3, ,206, ,
0, ,205, ,
0, ,207, ,
1, ,206, ,
1, ,205, ,
0, ,205, ,
1, ,207, ,
0, ,203, ,
1, ,206, ,
1, ,205, ,
1, ,206, ,
0, ,206, ,
3, ,205, ,
0, ,205, ,
0, ,206, ,
1, ,205, ,
1, ,203, ,
0, ,206, ,
1, ,205, ,
0, ,203, ,
0, ,206, ,
1, ,205, ,
1, ,206, ,
0, ,205, ,
1, ,206, ,
0, ,205, ,
0, ,206, ,
1, ,205, ,
1, ,206, ,
-1, ,205, ,
1, ,206, ,
0, ,203, ,
0, ,206, ,
1, ,205, ,
1, ,206, ,
-1, ,206, ,
1, ,205, ,
0, ,206, ,
0, ,205, ,
1, ,205, ,
1, ,203, ,
-1, ,206, ,
3, ,205, ,
0, ,205, ,
1, ,205, ,
1, ,205, ,
1, ,205, ,
0, ,205, ,
3, ,205, ,
0, ,205, ,
0, ,206, ,
1, ,206, ,
1, ,206, ,
0, ,206, ,
1, ,203, ,
0, ,205, ,
0, ,205, ,
1, ,206, ,
1, ,205, ,
0, ,206, ,
3, ,206, ,
0, ,206, ,
0, ,206, ,
1, ,203, ,
1, ,205, ,
0, ,206, ,
1, ,206, ,
0, ,205, ,
0, ,205, ,
1, ,205, ,
1, ,206, ,
0, ,206, ,
1, ,206, ,
0, ,206, ,
1, ,205, ,
1, ,205, ,
1, ,203, ,
0, ,206, ,
3, ,206, ,
0, ,203, ,
0, ,205, ,
1, ,205, ,
1, ,203, ,
-1, ,206, ,
1, ,205, ,
0, ,206, ,
0, ,206, ,
1, ,203, ,
1, ,205, ,
0, ,206, ,
3, ,206, ,
0, ,205, ,
1, ,205, ,
1, ,203, ,
1, ,206, ,
0, ,205, ,
1, ,205, ,
0, ,203, ,
0, ,206, ,
1, ,203, ,
1, ,205, ,
0, ,206, ,
3, ,205, ,
0, ,203, ,
0, ,207, ,
1, ,205, ,
1, ,203, ,
0, ,205, ,
3, ,205, ,
0, ,205, ,
0, ,205, ,
1, ,206, ,
1, ,206, ,
0, ,206, ,
1, ,206, ,
0, ,203, ,
0, ,206, ,
1, ,206, ,
1, ,206, ,
0, ,206, ,
1, ,205, ,
0, ,205, ,
1, ,206, ,
1, ,205, ,
1, ,203, ,
-1, ,206, ,
1, ,205, ,
0, ,205, ,
1, ,205, ,
1, ,205, ,
1, ,206, ,
-1, ,205, ,
1, ,205, ,
0, ,205, ,
1, ,206, ,
1, ,205, ,
1, ,203, ,
0, ,206, ,
1, ,206, ,
0, ,205, ,
1, ,206, ,
1, ,206, ,
1, ,205, ,
0, ,205, ,
1, ,206, ,
0, ,205, ,
0, ,206, ,
1, ,206, ,
1, ,205, ,
0, ,206, ,
1, ,206, ,
0, ,203, ,
0, ,206, ,
1, ,205, ,
1, ,206, ,
0, ,205, ,
3, ,205, ,
0, ,205, ,
1, ,206, ,
1, ,205, ,
1, ,205, ,
0, ,205, ,
1, ,206, ,
0, ,203, ,
0, ,206, ,
1, ,205, ,
1, ,203, ,
0, ,205, ,
1, ,205, ,
0, ,206, ,
0, ,205, ,
1, ,203, ,
1, ,203, ,
-1, ,206, ,
1, ,206, ,
0, ,205, ,
0, ,205, ,
1, ,205, ,
1, ,206, ,
0, ,206, ,
3, ,206, ,
0, ,203, ,
0, ,206, ,
1, ,205, ,
1, ,205, ,
0, ,205, ,
1, ,206, ,
0, ,203, ,
1, ,206, ,
1, ,205, ,
1, ,206, ,
0, ,205, ,
1, ,205, ,
0, ,206, ,
0, ,206, ,
1, ,205, ,
1, ,203, ,
0, ,206, ,
1, ,205, ,
0, ,203, ,
0, ,206, ,
1, ,205, ,
1, ,203, ,
0, ,206, ,
3, ,205, ,
0, ,205, ,
1, ,205, ,
1, ,205, ,
1, ,205, ,
0, ,206, ,
1, ,206, ,
0, ,206, ,
0, ,205, ,
1, ,205, ,
1, ,206, ,
0, ,205, ,
1, ,205, ,
0, ,205, ,
0, ,206, ,
1, ,205, ,
1, ,205, ,
0, ,206, ,
1, ,205, ,
0, ,205, ,
1, ,206, ,
1, ,205, ,
1, ,205, ,
0, ,205, ,
3, ,205, ,
0, ,203, ,
0, ,206, ,
1, ,205, ,
1, ,203, ,
0, ,206, ,
1, ,205, ,
0, ,206, ,
1, ,206, ,
1, ,205, ,
1, ,205, ,
0, ,205, ,
1, ,206, ,
0, ,205, ,
0, ,206, ,
1, ,205, ,
1, ,203, ,
-1, ,206, ,
1, ,206, ,
0, ,203, ,
1, ,206, ,
1, ,205, ,
1, ,203, ,
0, ,205, ,
3, ,205, ,
0, ,206, ,
1, ,206, ,
1, ,205, ,
1, ,203, ,
-1, ,206, ,
1, ,206, ,
0, ,205, ,
0, ,205, ,
1, ,205, ,
1, ,206, ,
0, ,205, ,
1, ,205, ,
0, ,205, ,
0, ,206, ,
1, ,205, ,
1, ,205, ,
0, ,206, ,
3, ,206, ,
0, ,206, ,
0, ,203, ,
1, ,206, ,
1, ,205, ,
0, ,206, ,
1, ,205, ,
0, ,205, ,
0, ,205, ,
1, ,205, ,
1, ,203, ,
0, ,205, ,
1, ,206, ,
0, ,203, ,
0, ,206, ,
1, ,205, ,
1, ,206, ,
0, ,205, ,
3, ,205, ,
0, ,203, ,
1, ,205, ,
1, ,203, ,
1, ,205, ,
0, ,206, ,
1, ,206, ,
0, ,205, ,
0, ,205, ,
1, ,205, ,
1, ,203, ,
0, ,205, ,
3, ,205, ,
0, ,205, ,
0, ,206, ,
3, ,206, ,
1, ,205, ,
0, ,206, ,
1, ,206, ,
0, ,203, ,
0, ,205, ,
1, ,205, ,
1, ,203, ,
0, ,206, ,
1, ,205, ,
0, ,206, ,
0, ,206, ,
1, ,203, ,
1, ,203, ,
0, ,205, ,
1, ,205, ,
0, ,203, ,
0, ,205, ,
1, ,206, ,
1, ,206, ,
0, ,205, ,
1, ,205, ,
0, ,205, ,
0, ,206, ,
1, ,205, ,
1, ,206, ,
0, ,205, ,
3, ,206, ,
0, ,203, ,
0, ,206, ,
1, ,205, ,
1, ,205, ,
-1, ,205, ,
3, ,206, ,
0, ,205, ,
0, ,206, ,
1, ,203, ,
1, ,203, ,
0, ,205, ,
1, ,205, ,
0, ,203, ,
0, ,205, ,
1, ,205, ,
1, ,206, ,
0, ,205, ,
3, ,205, ,
0, ,203, ,
0, ,205, ,
1, ,205, ,
1, ,203, ,
0, ,206, ,
1, ,205, ,
0, ,203, ,
0, ,206, ,
1, ,205, ,
1, ,206, ,
0, ,205, ,
1, ,205, ,
0, ,206, ,
0, ,206, ,
0, ,205, ,
1, ,203, ,
0, ,205, ,
1, ,206, ,
0, ,203, ,
0, ,206, ,
1, ,206, ,
1, ,205, ,
0, ,206, ,
3, ,205, ,
0, ,205, ,
0, ,206, ,
1, ,203, ,
1, ,206, ,
0, ,206, ,
1, ,206, ,
0, ,205, ,
0, ,206, ,
1, ,206, ,
1, ,203, ,
0, ,205, ,
1, ,203, ,
0, ,206, ,
0, ,206, ,
1, ,205, ,
1, ,206, ,
-1, ,205, ,
1, ,205, ,
0, ,203, ,
0, ,206, ,
1, ,206, ,
1, ,205, ,
0, ,205, ,
3, ,205, ,
0, ,206, ,
0, ,206, ,
132, ,203, ,
78, ,203, ,
41, ,205, ,
30, ,206, ,
24, ,203, ,
15, ,206, ,
9, ,205, ,
6, ,205, ,
6, ,205, ,
8, ,205, ,
3, ,205, ,
3, ,206, ,
4, ,205, ,
4, ,203, ,
1, ,205, ,
4, ,205, ,
3, ,203, ,
3, ,205, ,
3, ,206, ,
4, ,205, ,
1, ,205, ,
4, ,205, ,
3, ,203, ,
3, ,205, ,
4, ,205, ,
4, ,203, ,
3, ,206, ,
4, ,206, ,
3, ,203, ,
3, ,205, ,
3, ,205, ,
4, ,205, ,
1, ,205, ,
4, ,205, ,
1, ,205, ,
3, ,206, ,
4, ,205, ,
3, ,206, ,
3, ,206, ,
4, ,205, ,
3, ,203, ,
3, ,205, ,
3, ,205, ,
4, ,205, ,
1, ,206, ,
4, ,203, ,
1, ,203, ,
3, ,205, ,
3, ,205, ,
4, ,205, ,
1, ,205, ,
4, ,206, ,
3, ,203, ,
3, ,205, ,
3, ,205, ,
3, ,205, ,
3, ,205, ,
4, ,206, ,
1, ,205, ,
3, ,206, ,
4, ,205, ,
3, ,205, ,
1, ,206, ,
4, ,205, ,
1, ,203, ,
3, ,206, ,
3, ,205, ,
4, ,206, ,
1, ,205, ,
4, ,205, ,
3, ,203, ,
3, ,206, ,
3, ,205, ,
3, ,205, ,
1, ,206, ,
4, ,206, ,
1, ,203, ,
3, ,206, ,
3, ,205, ,
3, ,203, ,
1, ,206, ,
4, ,205, ,
1, ,205, ,
3, ,206, ,
3, ,205, ,
3, ,203, ,
1, ,205, ,
4, ,205, ,
1, ,205, ,
3, ,205, ,
3, ,205, ,
3, ,203, ,
1, ,205, ,
4, ,205, ,
3, ,205, ,
3, ,206, ,
3, ,205, ,
3, ,205, ,
1, ,206, ,
4, ,205, ,
1, ,205, ,
3, ,205, ,
3, ,205, ,
3, ,203, ,
1, ,205, ,
4, ,206, ,
1, ,205, ,
3, ,207, ,
3, ,203, ,
3, ,203, ,
1, ,206, ,
4, ,205, ,
1, ,203, ,
3, ,206, ,
3, ,205, ,
3, ,206, ,
1, ,205, ,
4, ,205, ,
3, ,205, ,
3, ,206, ,
3, ,203, ,
3, ,203, ,
1, ,206, ,
4, ,205, ,
3, ,202, ,
3, ,205, ,
3, ,206, ,
3, ,203, ,
1, ,205, ,
4, ,205, ,
1, ,203, ,
3, ,205, ,
3, ,205, ,
3, ,203, ,
1, ,206, ,
4, ,205, ,
1, ,203, ,
3, ,205, ,
3, ,205, ,
3, ,205, ,
1, ,205, ,
4, ,203, ,
3, ,203, ,
3, ,206, ,
3, ,205, ,
3, ,205, ,
1, ,205, ,
4, ,206, ,
3, ,203, ,
3, ,206, ,
3, ,206, ,
3, ,203, ,
1, ,205, ,
4, ,205, ,
1, ,203, ,
1, ,206, ,
3, ,203, ,
3, ,203, ,
1, ,206, ,
4, ,203, ,
1, ,203, ,
3, ,205, ,
3, ,205, ,
3, ,203, ,
1, ,206, ,
4, ,205, ,
1, ,206, ,
3, ,206, ,
3, ,205, ,
3, ,205, ,
1, ,206, ,
3, ,205, ,
1, ,202, ,
3, ,206, ,
3, ,205, ,
3, ,205, ,
1, ,206, ,
4, ,205, ,
1, ,203, ,
1, ,205, ,
3, ,205, ,
3, ,203, ,
1, ,206, ,
4, ,206, ,
1, ,203, ,
3, ,205, ,
3, ,205, ,
3, ,205, ,
1, ,206, ,
3, ,203, ,
1, ,205, ,
1, ,206, ,
3, ,205, ,
3, ,203, ,
1, ,206, ,
4, ,206, ,
1, ,203, ,
3, ,206, ,
3, ,205, ,
3, ,206, ,
1, ,205, ,
3, ,205, ,
1, ,203, ,
3, ,205, ,
3, ,205, ,
3, ,205, ,
1, ,206, ,
4, ,206, ,
1, ,203, ,
1, ,206, ,
3, ,206, ,
3, ,203, ,
1, ,205, ,
4, ,205, ,
1, ,205, ,
3, ,206, ,
3, ,203, ,
3, ,205, ,
1, ,206, ,
3, ,206, ,
1, ,203, ,
3, ,205, ,
3, ,205, ,
3, ,206, ,
1, ,205, ,
3, ,206, ,
1, ,206, ,
1, ,206, ,
3, ,203, ,
3, ,203, ,
1, ,205, ,
3, ,206, ,
1, ,205, ,
1, ,205, ,
3, ,205, ,
3, ,205, ,
1, ,206, ,
3, ,205, ,
1, ,206, ,
3, ,206, ,
3, ,205, ,
3, ,203, ,
1, ,206, ,
3, ,205, ,
1, ,203, ,
3, ,205, ,
1, ,205, ,
3, ,203, ,
1, ,205, ,
3, ,206, ,
1, ,205, ,
1, ,206, ,
1, ,205, ,
3, ,205, ,
1, ,205, ,
4, ,203, ,
1, ,203, ,
3, ,206, ,
3, ,205, ,
3, ,205, ,
1, ,205, ,
3, ,205, ,
1, ,205, ,
3, ,206, ,
1, ,205, ,
1, ,206, ,
1, ,205, ,
3, ,206, ,
1, ,203, ,
3, ,206, ,
3, ,203, ,
3, ,205, ,
1, ,205, ,
3, ,205, ,
1, ,205, ,
3, ,205, ,
1, ,205, ,
3, ,203, ,
1, ,206, ,
3, ,206, ,
1, ,202, ,
1, ,205, ,
1, ,205, ,
3, ,205, ,
1, ,205, ,
3, ,205, ,
1, ,203, ,
3, ,205, ,
3, ,205, ,
3, ,203, ,
0, ,205, ,
3, ,205, ,
1, ,203, ,
1, ,206, ,
74, ,203, ,
47, ,203, ,
27, ,205, ,
20, ,205, ,
15, ,205, ,
10, ,205, ,
6, ,203, ,
5, ,205, ,
4, ,205, ,
6, ,205, ,
3, ,203, ,
3, ,205, ,
4, ,205, ,
4, ,206, ,
1, ,205, ,
4, ,203, ,
3, ,205, ,
3, ,206, ,
4, ,203, ,
4, ,203, ,
1, ,206, ,
5, ,206, ,
1, ,203, ,
3, ,205, ,
4, ,203, ,
4, ,205, ,
3, ,205, ,
4, ,205, ,
1, ,203, ,
3, ,205, ,
4, ,203, ,
4, ,203, ,
1, ,206, ,
4, ,205, ,
3, ,203, ,
3, ,205, ,
3, ,206, ,
4, ,205, ,
1, ,203, ,
4, ,205, ,
1, ,205, ,
3, ,205, ,
3, ,203, ,
3, ,203, ,
1, ,206, ,
4, ,206, ,
3, ,203, ,
3, ,205, ,
3, ,206, ,
4, ,203, ,
3, ,202, ,
4, ,203, ,
1, ,206, ,
3, ,207, ,
3, ,205, ,
3, ,205, ,
1, ,205, ,
4, ,205, ,
1, ,202, ,
3, ,205, ,
3, ,205, ,
3, ,205, ,
1, ,206, ,
4, ,206, ,
3, ,206, ,
3, ,206, ,
3, ,203, ,
3, ,205, ,
1, ,206, ,
4, ,205, ,
1, ,203, ,
3, ,206, ,
3, ,205, ,
3, ,205, ,
1, ,205, ,
4, ,206, ,
3, ,203, ,
3, ,206, ,
3, ,206, ,
3, ,206, ,
1, ,206, ,
4, ,205, ,
1, ,203, ,
3, ,206, ,
3, ,205, ,
3, ,203, ,
3, ,206, ,
4, ,206, ,
3, ,205, ,
3, ,206, ,
3, ,205, ,
3, ,203, ,
1, ,207, ,
4, ,205, ,
3, ,203, ,
3, ,205, ,
3, ,205, ,
3, ,205, ,
1, ,205, ,
4, ,205, ,
3, ,206, ,
3, ,206, ,
3, ,206, ,
3, ,206, ,
1, ,208, ,
4, ,207, ,
1, ,205, ,
3, ,207, ,
3, ,206, ,
3, ,203, ,
1, ,203, ,
4, ,203, ,
1, ,203, ,
3, ,205, ,
3, ,202, ,
3, ,203, ,
1, ,207, ,
4, ,206, ,
1, ,206, ,
3, ,207, ,
3, ,206, ,
3, ,206, ,
1, ,206, ,
4, ,205, ,
1, ,205, ,
3, ,206, ,
3, ,203, ,
3, ,203, ,
1, ,206, ,
4, ,205, ,
1, ,203, ,
3, ,206, ,
3, ,205, ,
3, ,206, ,
1, ,206, ,
4, ,206, ,
1, ,206, ,
3, ,206, ,
3, ,206, ,
3, ,205, ,
1, ,206, ,
4, ,205, ,
3, ,202, ,
3, ,206, ,
3, ,203, ,
3, ,203, ,
1, ,202, ,
4, ,201, ,
1, ,202, ,
3, ,206, ,
3, ,207, ,
3, ,208, ,
1, ,207, ,
4, ,205, ,
1, ,202, ,
3, ,203, ,
3, ,203, ,
3, ,203, ,
1, ,206, ,
4, ,206, ,
3, ,207, ,
3, ,206, ,
3, ,203, ,
3, ,203, ,
1, ,205, ,
4, ,203, ,
1, ,202, ,
1, ,205, ,
3, ,205, ,
3, ,203, ,
1, ,205, ,
4, ,205, ,
1, ,205, ,
3, ,203, ,
3, ,203, ,
3, ,203, ,
1, ,205, ,
4, ,205, ,
1, ,203, ,
3, ,205, ,
3, ,205, ,
3, ,205, ,
1, ,205, ,
4, ,203, ,
1, ,203, ,
1, ,205, ,
3, ,203, ,
3, ,203, ,
1, ,205, ,
3, ,206, ,
1, ,203, ,
3, ,206, ,
3, ,206, ,
3, ,206, ,
1, ,206, ,
3, ,206, ,
1, ,205, ,
3, ,205, ,
3, ,203, ,
3, ,203, ,
1, ,206, ,
3, ,203, ,
1, ,201, ,
3, ,205, ,
3, ,203, ,
3, ,203, ,
1, ,205, ,
3, ,205, ,
1, ,203, ,
3, ,206, ,
3, ,206, ,
3, ,206, ,
1, ,206, ,
3, ,206, ,
1, ,203, ,
3, ,206, ,
3, ,205, ,
3, ,205, ,
1, ,205, ,
4, ,203, ,
1, ,203, ,
3, ,203, ,
3, ,203, ,
3, ,203, ,
1, ,205, ,
3, ,205, ,
1, ,203, ,
3, ,206, ,
3, ,206, ,
3, ,206, ,
1, ,206, ,
3, ,205, ,
1, ,203, ,
3, ,206, ,
3, ,205, ,
3, ,203, ,
1, ,206, ,
3, ,206, ,
1, ,203, ,
1, ,205, ,
1, ,203, ,
3, ,203, ,
1, ,205, ,
3, ,205, ,
1, ,205, ,
3, ,205, ,
3, ,203, ,
3, ,203, ,
1, ,206, ,
3, ,206, ,
1, ,206, ,
1, ,207, ,
1, ,206, ,
3, ,205, ,
1, ,206, ,
3, ,205, ,
1, ,206, ,
1, ,206, ,
3, ,203, ,
3, ,203, ,
0, ,205, ,
3, ,205, ,
1, ,203, ,
3, ,205, ,
3, ,206, ,
3, ,207, ,
1, ,207, ,
3, ,205, ,
1, ,206, ,
3, ,206, ,
3, ,205, ,
3, ,206, ,
1, ,206, ,
3, ,206, ,
1, ,205, ,
1, ,203, ,
1, ,203, ,
3, ,203, ,
1, ,206, ,
3, ,205, ,
1, ,206, ,
1, ,205, ,
3, ,206, ,
3, ,205, ,
1, ,208, ,
3, ,207, ,
1, ,205, ,
1, ,205, ,
1, ,205, ,
1, ,203, ,
1, ,205, ,
3, ,205, ,
1, ,203, ,
1, ,205, ,
3, ,203, ,
3, ,203, ,
1, ,206, ,
3, ,205, ,
1, ,205, ,
3, ,206, ,
3, ,206, ,
3, ,206, ,
1, ,205, ,
3, ,205, ,
1, ,205, ,
1, ,206, ,
3, ,206, ,
1, ,206, ,
1, ,207, ,
3, ,206, ,
1, ,203, ,
1, ,206, ,
3, ,205, ,
3, ,203, ,
1, ,205, ,
3, ,205, ,
1, ,203, ,
1, ,205, ,
1, ,203, ,
3, ,203, ,
0, ,206, ,
3, ,205, ,
1, ,203, ,
3, ,205, ,
3, ,205, ,
3, ,206, ,
1, ,206, ,
3, ,205, ,
1, ,205, ,
1, ,206, ,
3, ,203, ,
3, ,203, ,
1, ,206, ,
3, ,205, ,
1, ,203, ,
1, ,205, ,
1, ,205, ,
3, ,205, ,
0, ,205, ,
3, ,206, ,
1, ,205, ,
1, ,206, ,
3, ,205, ,
3, ,206, ,
1, ,206, ,
3, ,206, ,
1, ,203, ,
1, ,206, ,
1, ,205, ,
3, ,203, ,
0, ,205, ,
3, ,203, ,
1, ,205, ,
3, ,205, ,
3, ,203, ,
3, ,203, ,
0, ,207, ,
3, ,207, ,
1, ,205, ,
3, ,206, ,
1, ,205, ,
3, ,206, ,
0, ,206, ,
3, ,205, ,
1, ,205, ,
1, ,205, ,
3, ,205, ,
3, ,203, ,
0, ,205, ,
3, ,205, ,
1, ,203, ,
1, ,205, ,
3, ,205, ,
1, ,205, ,
0, ,205, ,
3, ,205, ,
1, ,205, ,
1, ,206, ,
1, ,203, ,
3, ,206, ,
0, ,206, ,
3, ,206, ,
1, ,203, ,
1, ,206, ,
3, ,205, ,
3, ,203, ,
0, ,205, ,
3, ,203, ,
1, ,205, ,
1, ,205, ,
3, ,205, ,
3, ,203, ,
0, ,205, ,
3, ,206, ,
1, ,205, ,
1, ,206, ,
1, ,206, ,
3, ,206, ,
0, ,206, ,
3, ,206, ,
1, ,203, ,
1, ,206, ,
3, ,205, ,
3, ,206, ,
0, ,208, ,
3, ,205, ,
1, ,205, ,
1, ,206, ,
1, ,205, ,
1, ,206, ,
0, ,206, ,
3, ,205, ,
1, ,203, ,
1, ,206, ,
3, ,203, ,
1, ,203, ,
0, ,207, ,
3, ,206, ,
1, ,203, ,
1, ,206, ,
1, ,205, ,
1, ,206, ,
0, ,205, ,
3, ,205, ,
1, ,205, ,
1, ,206, ,
1, ,203, ,
3, ,203, ,
0, ,206, ,
3, ,205, ,
1, ,203, ,
1, ,205, ,
3, ,203, ,
3, ,203, ,
0, ,205, ,
3, ,206, ,
1, ,205, ,
1, ,206, ,
3, ,203, ,
1, ,203, ,
0, ,206, ,
3, ,206, ,
1, ,203, ,
1, ,205, ,
1, ,205, ,
1, ,205, ,
0, ,205, ,
3, ,203, ,
1, ,205, ,
3, ,206, ,
1, ,206, ,
3, ,205, ,
0, ,206, ,
3, ,206, ,
1, ,203, ,
3, ,206, ,
3, ,205, ,
3, ,205, ,
0, ,206, ,
3, ,205, ,
1, ,205, ,
1, ,205, ,
3, ,203, ,
1, ,203, ,
0, ,206, ,
3, ,206, ,
1, ,203, ,
1, ,205, ,
1, ,205, ,
1, ,203, ,
0, ,205, ,
3, ,206, ,
1, ,205, ,
1, ,205, ,
3, ,205, ,
1, ,205, ,
0, ,205, ,
3, ,206, ,
1, ,205, ,
1, ,205, ,
3, ,205, ,
1, ,203, ,
0, ,205, ,
3, ,206, ,
1, ,205, ,
1, ,206, ,
3, ,205, ,
1, ,205, ,
0, ,206, ,
3, ,206, ,
1, ,203, ,
1, ,205, ,
1, ,203, ,
1, ,206, ,
0, ,205, ,
3, ,205, ,
1, ,205, ,
1, ,206, ,
1, ,205, ,
1, ,203, ,
0, ,206, ,
3, ,205, ,
1, ,202, ,
1, ,203, ,
3, ,205, ,
3, ,203, ,
0, ,206, ,
3, ,206, ,
1, ,205, ,
1, ,206, ,
1, ,203, ,
1, ,203, ,
0, ,205, ,
3, ,206, ,
1, ,205, ,
1, ,206, ,
1, ,206, ,
1, ,203, ,
0, ,206, ,
3, ,205, ,
1, ,203, ,
1, ,206, ,
1, ,203, ,
1, ,203, ,
0, ,205, ,
3, ,206, ,
1, ,205, ,
1, ,206, ,
1, ,205, ,
1, ,203, ,
0, ,205, ,
3, ,205, ,
1, ,206, ,
1, ,206, ,
1, ,203, ,
3, ,203, ,
0, ,206, ,
3, ,206, ,
1, ,203, ,
1, ,205, ,
1, ,206, ,
1, ,205, ,
0, ,205, ,
3, ,205, ,
1, ,206, ,
1, ,206, ,
3, ,203, ,
3, ,205, ,
0, ,206, ,
3, ,206, ,
1, ,203, ,
1, ,205, ,
3, ,205, ,
1, ,205, ,
0, ,205, ,
3, ,205, ,
0, ,205, ,
1, ,205, ,
3, ,205, ,
1, ,205, ,
0, ,207, ,
3, ,205, ,
1, ,203, ,
1, ,203, ,
3, ,205, ,
1, ,203, ,
0, ,206, ,
3, ,205, ,
0, ,206, ,
1, ,205, ,
3, ,205, ,
1, ,205, ,
0, ,206, ,
3, ,206, ,
1, ,203, ,
1, ,206, ,
3, ,205, ,
1, ,205, ,
0, ,206, ,
3, ,205, ,
1, ,206, ,
1, ,206, ,
1, ,206, ,
1, ,205, ,
108, ,206, ,
65, ,206, ,
37, ,202, ,
27, ,206, ,
19, ,206, ,
13, ,206, ,
6, ,205, ,
9, ,205, ,
6, ,205, ,
5, ,206, ,
5, ,203, ,
3, ,206, ,
3, ,206, ,
5, ,206, ,
3, ,205, ,
3, ,205, ,
4, ,205, ,
4, ,205, ,
1, ,205, ,
4, ,203, ,
3, ,205, ,
3, ,206, ,
4, ,205, ,
4, ,203, ,
3, ,206, ,
4, ,206, ,
3, ,203, ,
3, ,205, ,
3, ,206, ,
4, ,205, ,
3, ,206, ,
5, ,205, ,
1, ,205, ,
3, ,206, ,
4, ,203, ,
3, ,205, ,
1, ,207, ,
4, ,206, ,
3, ,203, ,
3, ,206, ,
3, ,205, ,
4, ,203, ,
1, ,205, ,
4, ,205, ,
3, ,206, ,
3, ,205, ,
3, ,203, ,
3, ,203, ,
1, ,206, ,
4, ,206, ,
3, ,203, ,
3, ,205, ,
3, ,205, ,
3, ,203, ,
1, ,206, ,
4, ,205, ,
1, ,205, ,
3, ,206, ,
4, ,203, ,
4, ,205, ,
1, ,207, ,
4, ,206, ,
3, ,205, ,
3, ,206, ,
4, ,203, ,
4, ,203, ,
1, ,206, ,
4, ,205, ,
3, ,205, ,
3, ,206, ,
3, ,202, ,
4, ,205, ,
1, ,207, ,
4, ,206, ,
1, ,203, ,
3, ,206, ,
3, ,205, ,
3, ,205, ,
1, ,205, ,
4, ,205, ,
1, ,205, ,
3, ,206, ,
3, ,205, ,
3, ,203, ,
1, ,207, ,
4, ,205, ,
1, ,203, ,
3, ,205, ,
3, ,205, ,
3, ,206, ,
1, ,206, ,
4, ,205, ,
3, ,206, ,
3, ,207, ,
3, ,203, ,
3, ,205, ,
1, ,206, ,
4, ,206, ,
1, ,203, ,
3, ,205, ,
3, ,203, ,
3, ,205, ,
1, ,205, ,
4, ,206, ,
1, ,205, ,
3, ,205, ,
3, ,205, ,
3, ,203, ,
1, ,208, ,
4, ,206, ,
3, ,203, ,
3, ,205, ,
3, ,205, ,
3, ,205, ,
1, ,206, ,
4, ,205, ,
1, ,205, ,
3, ,206, ,
3, ,205, ,
3, ,203, ,
1, ,206, ,
4, ,205, ,
3, ,203, ,
3, ,206, ,
3, ,205, ,
3, ,203, ,
1, ,205, ,
4, ,205, ,
1, ,203, ,
3, ,205, ,
3, ,205, ,
3, ,203, ,
1, ,205, ,
4, ,206, ,
3, ,203, ,
3, ,205, ,
3, ,203, ,
3, ,203, ,
1, ,205, ,
4, ,203, ,
1, ,203, ,
3, ,206, ,
3, ,205, ,
3, ,205, ,
1, ,206, ,
3, ,205, ,
1, ,205, ,
3, ,205, ,
3, ,206, ,
3, ,206, ,
1, ,206, ,
4, ,203, ,
1, ,203, ,
3, ,205, ,
3, ,205, ,
3, ,205, ,
1, ,205, ,
4, ,205, ,
1, ,205, ,
3, ,206, ,
3, ,206, ,
3, ,205, ,
1, ,206, ,
4, ,205, ,
1, ,203, ,
3, ,206, ,
3, ,205, ,
3, ,205, ,
1, ,206, ,
4, ,206, ,
1, ,203, ,
3, ,206, ,
3, ,205, ,
3, ,205, ,
1, ,205, ,
3, ,205, ,
1, ,203, ,
3, ,206, ,
3, ,205, ,
3, ,205, ,
1, ,206, ,
3, ,206, ,
1, ,203, ,
3, ,206, ,
3, ,205, ,
3, ,205, ,
1, ,205, ,
4, ,205, ,
1, ,203, ,
3, ,205, ,
3, ,205, ,
3, ,202, ,
1, ,205, ,
3, ,206, ,
1, ,203, ,
3, ,205, ,
3, ,205, ,
3, ,203, ,
1, ,205, ,
4, ,205, ,
1, ,205, ,
3, ,205, ,
3, ,205, ,
3, ,205, ,
1, ,206, ,
3, ,206, ,
1, ,205, ,
3, ,206, ,
3, ,206, ,
3, ,205, ,
1, ,205, ,
3, ,205, ,
1, ,205, ,
3, ,206, ,
3, ,206, ,
3, ,203, ,
1, ,206, ,
3, ,205, ,
1, ,205, ,
1, ,206, ,
3, ,205, ,
3, ,203, ,
1, ,205, ,
3, ,205, ,
1, ,205, ,
3, ,206, ,
3, ,203, ,
3, ,203, ,
1, ,205, ,
3, ,205, ,
1, ,203, ,
3, ,205, ,
3, ,205, ,
3, ,205, ,
1, ,205, ,
4, ,205, ,
1, ,203, ,
1, ,206, ,
3, ,205, ,
3, ,205, ,
1, ,206, ,
3, ,203, ,
1, ,205, ,
3, ,206, ,
3, ,205, ,
1, ,203, ,
1, ,206, ,
3, ,205, ,
1, ,203, ,
3, ,205, ,
3, ,203, ,
3, ,203, ,
1, ,205, ,
3, ,205, ,
1, ,205, ,
3, ,205, ,
3, ,205, ,
3, ,206, ,
1, ,205, ,
3, ,203, ,
1, ,205, ,
3, ,206, ,
3, ,205, ,
3, ,203, ,
1, ,205, ,
3, ,205, ,
1, ,205, ,
1, ,205, ,
3, ,205, ,
3, ,206, ,
1, ,205, ,
3, ,205, ,
1, ,205, ,
1, ,205, ,
3, ,205, ,
3, ,206, ,
0, ,205, ,
3, ,206, ,
1, ,203, ,
3, ,205, ,
3, ,205, ,
3, ,203, ,
1, ,205, ,
3, ,205, ,
1, ,205, ,
3, ,206, ,
1, ,205, ,
1, ,206, ,
0, ,205, ,
3, ,205, ,
1, ,203, ,
1, ,205, ,
1, ,205, ,
3, ,205, ,
1, ,205, ,
3, ,205, ,
1, ,205, ,
3, ,203, ,
3, ,205, ,
3, ,203, ,
0, ,206, ,
3, ,205, ,
1, ,203, ,
3, ,206, ,
3, ,205, ,
1, ,205, ,
0, ,205, ,
3, ,205, ,
1, ,203, ,
3, ,205, ,
3, ,203, ,
3, ,203, ,
0, ,205, ,
3, ,205, ,
1, ,205, ,
3, ,206, ,
3, ,205, ,
1, ,203, ,
0, ,206, ,
3, ,205, ,
1, ,206, ,
3, ,206, ,
3, ,206, ,
3, ,203, ,
0, ,205, ,
3, ,205, ,
1, ,205, ,
1, ,206, ,
3, ,205, ,
1, ,205, ,
0, ,206, ,
3, ,205, ,
1, ,203, ,
1, ,205, ,
3, ,203, ,
3, ,203, ,
0, ,205, ,
3, ,205, ,
1, ,203, ,
1, ,205, ,
3, ,205, ,
1, ,203, ,
0, ,205, ,
3, ,205, ,
1, ,205, ,
1, ,205, ,
3, ,203, ,
3, ,203, ,
0, ,206, ,
3, ,205, ,
1, ,203, ,
1, ,206, ,
3, ,205, ,
1, ,205, ,
0, ,205, ,
3, ,203, ,
1, ,206, ,
1, ,205, ,
1, ,206, ,
3, ,205, ,
0, ,205, ,
3, ,205, ,
1, ,203, ,
1, ,205, ,
3, ,205, ,
3, ,206, ,
0, ,205, ,
3, ,203, ,
1, ,203, ,
1, ,206, ,
1, ,205, ,
3, ,203, ,
1, ,205, ,
3, ,205, ,
1, ,203, ,
1, ,206, ,
3, ,206, ,
3, ,203, ,
1, ,205, ,
3, ,205, ,
1, ,203, ,
1, ,203, ,
1, ,203, ,
1, ,205, ,
0, ,205, ,
3, ,205, ,
1, ,203, ,
1, ,205, ,
1, ,205, ,
3, ,205, ,
0, ,205, ,
3, ,205, ,
1, ,205, ,
1, ,206, ,
3, ,205, ,
1, ,206, ,
0, ,205, ,
3, ,205, ,
1, ,203, ,
1, ,206, ,
3, ,206, ,
1, ,206, ,
0, ,205, ,
3, ,205, ,
1, ,205, ,
1, ,205, ,
3, ,203, ,
3, ,203, ,
0, ,206, ,
3, ,206, ,
1, ,203, ,
1, ,206, ,
3, ,205, ,
1, ,203, ,
0, ,205, ,
3, ,205, ,
1, ,205, ,
1, ,205, ,
3, ,203, ,
1, ,203, ,
0, ,206, ,
3, ,205, ,
1, ,202, ,
1, ,205, ,
3, ,206, ,
1, ,206, ,
0, ,205, ,
3, ,205, ,
1, ,205, ,
1, ,206, ,
1, ,205, ,
1, ,203, ,
0, ,205, ,
3, ,203, ,
1, ,202, ,
1, ,206, ,
1, ,205, ,
1, ,206, ,
0, ,205, ,
3, ,203, ,
1, ,205, ,
1, ,205, ,
1, ,205, ,
3, ,205, ,
0, ,205, ,
3, ,205, ,
1, ,203, ,
1, ,206, ,
3, ,205, ,
1, ,205, ,
0, ,205, ,
3, ,205, ,
1, ,203, ,
1, ,205, ,
3, ,205, ,
1, ,203, ,
0, ,206, ,
3, ,205, ,
1, ,203, ,
1, ,206, ,
1, ,205, ,
1, ,203, ,
0, ,206, ,
3, ,205, ,
1, ,205, ,
1, ,205, ,
3, ,205, ,
3, ,205, ,
0, ,206, ,
3, ,205, ,
1, ,205, ,
1, ,205, ,
3, ,205, ,
1, ,205, ,
0, ,205, ,
3, ,205, ,
1, ,203, ,
1, ,206, ,
1, ,203, ,
3, ,205, ,
0, ,206, ,
3, ,205, ,
1, ,203, ,
1, ,205, ,
1, ,206, ,
3, ,205, ,
0, ,205, ,
3, ,205, ,
1, ,205, ,
1, ,206, ,
3, ,205, ,
1, ,203, ,
0, ,206, ,
3, ,205, ,
1, ,203, ,
1, ,205, ,
1, ,205, ,
1, ,203, ,
0, ,206, ,
3, ,206, ,
1, ,205, ,
1, ,206, ,
1, ,205, ,
1, ,205, ,
0, ,206, ,
3, ,205, ,
1, ,205, ,
1, ,205, ,
98, ,205, ,
62, ,203, ,
41, ,199, ,
29, ,203, ,
19, ,207, ,
13, ,211, ,
10, ,206, ,
8, ,203, ,
6, ,205, ,
5, ,206, ,
3, ,201, ,
3, ,206, ,
4, ,206, ,
4, ,203, ,
1, ,203, ,
4, ,203, ,
3, ,205, ,
3, ,206, ,
3, ,203, ,
4, ,202, ,
1, ,206, ,
4, ,203, ,
1, ,206, ,
3, ,206, ,
4, ,206, ,
4, ,203, ,
1, ,205, ,
4, ,203, ,
3, ,205, ,
3, ,205, ,
4, ,205, ,
4, ,203, ,
3, ,205, ,
4, ,203, ,
1, ,203, ,
3, ,205, ,
3, ,205, ,
4, ,205, ,
1, ,205, ,
4, ,203, ,
3, ,203, ,
3, ,205, ,
3, ,203, ,
4, ,205, ,
1, ,205, ,
4, ,205, ,
1, ,203, ,
3, ,205, ,
4, ,205, ,
4, ,206, ,
3, ,205, ,
4, ,205, ,
1, ,203, ,
3, ,203, ,
3, ,205, ,
4, ,205, ,
1, ,206, ,
4, ,203, ,
3, ,203, ,
3, ,203, ,
3, ,202, ,
4, ,201, ,
1, ,202, ,
4, ,206, ,
3, ,208, ,
3, ,207, ,
3, ,206, ,
3, ,203, ,
1, ,205, ,
4, ,201, ,
3, ,201, ,
3, ,203, ,
4, ,205, ,
3, ,203, ,
1, ,206, ,
4, ,203, ,
1, ,203, ,
3, ,205, ,
3, ,203, ,
3, ,203, ,
1, ,206, ,
4, ,205, ,
1, ,203, ,
3, ,203, ,
3, ,205, ,
3, ,205, ,
1, ,203, ,
4, ,203, ,
3, ,207, ,
3, ,203, ,
3, ,203, ,
3, ,203, ,
1, ,206, ,
4, ,205, ,
1, ,205, ,
3, ,203, ,
3, ,203, ,
3, ,203, ,
1, ,205, ,
4, ,205, ,
1, ,205, ,
3, ,205, ,
3, ,203, ,
3, ,203, ,
1, ,205, ,
4, ,206, ,
1, ,203, ,
4, ,203, ,
3, ,203, ,
3, ,203, ,
1, ,205, ,
4, ,205, ,
3, ,205, ,
3, ,206, ,
3, ,205, ,
3, ,203, ,
1, ,205, ,
4, ,203, ,
3, ,203, ,
3, ,205, ,
3, ,203, ,
3, ,205, ,
1, ,205, ,
4, ,203, ,
1, ,205, ,
3, ,205, ,
3, ,205, ,
3, ,203, ,
1, ,205, ,
4, ,205, ,
1, ,205, ,
3, ,205, ,
3, ,203, ,
3, ,203, ,
1, ,205, ,
4, ,203, ,
3, ,203, ,
3, ,205, ,
3, ,203, ,
3, ,205, ,
1, ,205, ,
4, ,206, ,
3, ,203, ,
3, ,205, ,
3, ,205, ,
3, ,205, ,
1, ,205, ,
4, ,203, ,
1, ,203, ,
1, ,205, ,
3, ,203, ,
3, ,203, ,
1, ,205, ,
4, ,203, ,
1, ,203, ,
3, ,205, ,
3, ,203, ,
3, ,206, ,
1, ,205, ,
4, ,205, ,
1, ,203, ,
3, ,205, ,
3, ,205, ,
3, ,205, ,
1, ,205, ,
4, ,202, ,
1, ,203, ,
3, ,205, ,
3, ,206, ,
3, ,205, ,
1, ,206, ,
3, ,205, ,
1, ,203, ,
3, ,205, ,
3, ,203, ,
3, ,203, ,
1, ,206, ,
4, ,205, ,
1, ,203, ,
3, ,206, ,
3, ,205, ,
3, ,205, ,
1, ,206, ,
3, ,205, ,
1, ,207, ,
3, ,206, ,
3, ,205, ,
3, ,206, ,
1, ,205, ,
4, ,206, ,
1, ,205, ,
3, ,206, ,
3, ,206, ,
3, ,205, ,
1, ,206, ,
4, ,205, ,
1, ,203, ,
3, ,205, ,
3, ,203, ,
3, ,205, ,
1, ,206, ,
3, ,205, ,
1, ,203, ,
3, ,205, ,
3, ,205, ,
3, ,206, ,
1, ,206, ,
4, ,205, ,
1, ,205, ,
1, ,206, ,
3, ,203, ,
3, ,205, ,
1, ,206, ,
3, ,205, ,
1, ,203, ,
3, ,205, ,
3, ,206, ,
3, ,205, ,
1, ,205, ,
3, ,203, ,
1, ,205, ,
3, ,205, ,
3, ,206, ,
3, ,203, ,
1, ,206, ,
3, ,205, ,
1, ,203, ,
3, ,205, ,
3, ,205, ,
3, ,203, ,
1, ,205, ,
3, ,206, ,
1, ,206, ,
3, ,206, ,
3, ,203, ,
3, ,203, ,
1, ,206, ,
4, ,206, ,
1, ,203, ,
3, ,206, ,
3, ,206, ,
3, ,205, ,
1, ,206, ,
4, ,205, ,
1, ,206, ,
1, ,205, ,
3, ,205, ,
3, ,205, ,
1, ,205, ,
3, ,206, ,
1, ,203, ,
1, ,205, ,
3, ,206, ,
3, ,205, ,
1, ,205, ,
3, ,203, ,
1, ,205, ,
1, ,206, ,
1, ,203, ,
3, ,203, ,
1, ,206, ,
3, ,206, ,
1, ,203, ,
3, ,205, ,
3, ,206, ,
3, ,205, ,
1, ,205, ,
3, ,205, ,
1, ,206, ,
3, ,206, ,
1, ,203, ,
3, ,205, ,
1, ,206, ,
3, ,205, ,
1, ,205, ,
1, ,203, ,
3, ,206, ,
3, ,206, ,
0, ,205, ,
3, ,206, ,
1, ,205, ,
1, ,206, ,
1, ,203, ,
1, ,203, ,
1, ,206, ,
3, ,205, ,
1, ,205, ,
1, ,205, ,
3, ,206, ,
3, ,206, ,
1, ,205, ,
3, ,205, ,
1, ,206, ,
1, ,206, ,
3, ,203, ,
3, ,203, ,
1, ,207, ,
3, ,206, ,
1, ,203, ,
1, ,206, ,
1, ,205, ,
3, ,205, ,
1, ,205, ,
3, ,205, ,
1, ,205, ,
1, ,205, ,
3, ,203, ,
3, ,205, ,
1, ,206, ,
3, ,206, ,
1, ,205, ,
1, ,206, ,
3, ,205, ,
3, ,203, ,
0, ,206, ,
3, ,206, ,
1, ,205, ,
1, ,203, ,
3, ,203, ,
3, ,206, ,
0, ,206, ,
3, ,207, ,
1, ,206, ,
1, ,206, ,
3, ,205, ,
3, ,205, ,
0, ,203, ,
3, ,205, ,
1, ,205, ,
75, ,206, ,
48, ,205, ,
28, ,206, ,
18, ,206, ,
15, ,205, ,
10, ,205, ,
6, ,205, ,
6, ,206, ,
6, ,203, ,
5, ,206, ,
5, ,205, ,
4, ,206, ,
4, ,206, ,
5, ,205, ,
5, ,203, ,
3, ,206, ,
5, ,206, ,
3, ,206, ,
4, ,205, ,
4, ,206, ,
4, ,205, ,
1, ,205, ,
5, ,205, ,
1, ,206, ,
4, ,206, ,
4, ,205, ,
4, ,205, ,
3, ,206, ,
4, ,206, ,
3, ,206, ,
3, ,205, ,
4, ,206, ,
4, ,205, ,
1, ,205, ,
5, ,205, ,
1, ,206, ,
3, ,206, ,
4, ,203, ,
4, ,205, ,
3, ,207, ,
4, ,206, ,
1, ,205, ,
4, ,206, ,
3, ,205, ,
4, ,206, ,
1, ,205, ,
4, ,206, ,
1, ,206, ,
3, ,206, ,
3, ,203, ,
3, ,203, ,
1, ,205, ,
4, ,205, ,
3, ,205, ,
3, ,205, ,
3, ,206, ,
3, ,203, ,
1, ,205, ,
4, ,205, ,
1, ,206, ,
3, ,206, ,
3, ,206, ,
3, ,205, ,
1, ,206, ,
4, ,206, ,
3, ,205, ,
3, ,206, ,
3, ,205, ,
3, ,205, ,
1, ,205, ,
4, ,205, ,
3, ,205, ,
3, ,206, ,
3, ,203, ,
3, ,205, ,
1, ,206, ,
4, ,206, ,
3, ,203, ,
3, ,206, ,
3, ,205, ,
3, ,205, ,
1, ,206, ,
4, ,203, ,
3, ,205, ,
3, ,206, ,
3, ,205, ,
3, ,203, ,
1, ,207, ,
4, ,205, ,
1, ,205, ,
3, ,205, ,
3, ,205, ,
3, ,203, ,
1, ,206, ,
4, ,203, ,
1, ,205, ,
3, ,206, ,
3, ,206, ,
3, ,206, ,
1, ,206, ,
4, ,206, ,
1, ,205, ,
3, ,206, ,
3, ,205, ,
3, ,206, ,
1, ,205, ,
4, ,205, ,
1, ,206, ,
3, ,206, ,
3, ,206, ,
3, ,205, ,
1, ,206, ,
4, ,206, ,
1, ,205, ,
3, ,206, ,
3, ,205, ,
3, ,203, ,
1, ,205, ,
4, ,205, ,
1, ,206, ,
3, ,206, ,
3, ,205, ,
3, ,203, ,
1, ,206, ,
4, ,206, ,
3, ,205, ,
3, ,206, ,
3, ,205, ,
3, ,205, ,
1, ,205, ,
4, ,206, ,
3, ,205, ,
3, ,206, ,
3, ,205, ,
3, ,206, ,
1, ,206, ,
4, ,206, ,
3, ,203, ,
3, ,205, ,
3, ,206, ,
3, ,203, ,
1, ,205, ,
4, ,205, ,
1, ,205, ,
1, ,206, ,
3, ,205, ,
3, ,205, ,
1, ,206, ,
4, ,205, ,
1, ,205, ,
3, ,205, ,
3, ,205, ,
3, ,206, ,
1, ,205, ,
4, ,205, ,
1, ,206, ,
3, ,207, ,
3, ,206, ,
3, ,205, ,
1, ,206, ,
4, ,206, ,
1, ,205, ,
3, ,206, ,
3, ,205, ,
3, ,205, ,
1, ,205, ,
4, ,206, ,
1, ,206, ,
3, ,206, ,
3, ,203, ,
3, ,203, ,
1, ,206, ,
4, ,206, ,
1, ,205, ,
3, ,205, ,
3, ,205, ,
3, ,206, ,
1, ,205, ,
4, ,205, ,
1, ,205, ,
3, ,206, ,
3, ,205, ,
3, ,203, ,
1, ,206, ,
4, ,206, ,
1, ,203, ,
3, ,206, ,
3, ,205, ,
3, ,203, ,
1, ,206, ,
4, ,205, ,
1, ,206, ,
3, ,206, ,
3, ,205, ,
3, ,205, ,
1, ,205, ,
3, ,206, ,
1, ,203, ,
3, ,205, ,
3, ,205, ,
3, ,205, ,
1, ,205, ,
4, ,205, ,
1, ,206, ,
3, ,206, ,
3, ,203, ,
3, ,203, ,
1, ,205, ,
3, ,205, ,
1, ,205, ,
3, ,205, ,
1, ,205, ,
3, ,206, ,
1, ,205, ,
4, ,205, ,
1, ,205, ,
3, ,206, ,
3, ,206, ,
3, ,205, ,
1, ,205, ,
4, ,205, ,
1, ,203, ,
1, ,205, ,
3, ,205, ,
3, ,206, ,
1, ,205, ,
3, ,203, ,
1, ,206, ,
3, ,206, ,
3, ,203, ,
3, ,203, ,
1, ,206, ,
3, ,206, ,
1, ,203, ,
1, ,205, ,
3, ,206, ,
3, ,206, ,
1, ,206, ,
3, ,205, ,
1, ,205, ,
3, ,205, ,
3, ,203, ,
3, ,203, ,
1, ,205, ,
3, ,205, ,
1, ,203, ,
1, ,205, ,
3, ,205, ,
3, ,205, ,
1, ,206, ,
3, ,205, ,
1, ,205, ,
3, ,207, ,
3, ,205, ,
3, ,205, ,
1, ,205, ,
3, ,206, ,
1, ,203, ,
1, ,205, ,
3, ,205, ,
3, ,206, ,
1, ,206, ,
3, ,206, ,
1, ,205, ,
3, ,206, ,
3, ,203, ,
3, ,205, ,
1, ,206, ,
4, ,205, ,
1, ,205, ,
1, ,205, ,
3, ,203, ,
3, ,206, ,
1, ,205, ,
3, ,205, ,
1, ,205, ,
3, ,205, ,
3, ,205, ,
3, ,205, ,
0, ,206, ,
3, ,205, ,
1, ,203, ,
3, ,205, ,
3, ,206, ,
3, ,205, ,
1, ,205, ,
3, ,205, ,
1, ,205, ,
3, ,205, ,
1, ,205, ,
3, ,205, ,
0, ,205, ,
3, ,205, ,
1, ,203, ,
1, ,206, ,
3, ,205, ,
3, ,205, ,
1, ,206, ,
3, ,206, ,
1, ,206, ,
3, ,206, ,
3, ,205, ,
3, ,202, ,
1, ,206, ,
3, ,206, ,
1, ,203, ,
3, ,206, ,
1, ,205, ,
3, ,205, ,
1, ,205, ,
3, ,206, ,
1, ,205, ,
1, ,205, ,
1, ,203, ,
3, ,203, ,
0, ,206, ,
3, ,205, ,
1, ,203, ,
1, ,205, ,
3, ,205, ,
3, ,205, ,
0, ,205, ,
3, ,203, ,
1, ,205, ,
1, ,206, ,
3, ,205, ,
1, ,205, ,
0, ,206, ,
4, ,206, ,
1, ,203, ,
1, ,206, ,
3, ,205, ,
3, ,203, ,
1, ,205, ,
3, ,205, ,
1, ,206, ,
1, ,206, ,
3, ,203, ,
1, ,205, ,
0, ,206, ,
3, ,206, ,
1, ,203, ,
1, ,205, ,
3, ,205, ,
3, ,206, ,
0, ,205, ,
3, ,205, ,
1, ,205, ,
1, ,205, ,
3, ,205, ,
3, ,205, ,
0, ,205, ,
3, ,206, ,
1, ,203, ,
1, ,206, ,
1, ,206, ,
1, ,205, ,
1, ,205, ,
3, ,205, ,
1, ,203, ,
1, ,206, ,
1, ,205, ,
3, ,205, ,
0, ,205, ,
3, ,205, ,
1, ,203, ,
1, ,205, ,
3, ,205, ,
3, ,203, ,
0, ,205, ,
3, ,206, ,
1, ,206, ,
1, ,205, ,
1, ,203, ,
1, ,203, ,
1, ,206, ,
3, ,205, ,
1, ,205, ,
1, ,205, ,
3, ,206, ,
3, ,205, ,
0, ,205, ,
3, ,205, ,
1, ,205, ,
1, ,206, ,
1, ,205, ,
1, ,203, ,
1, ,206, ,
3, ,205, ,
1, ,203, ,
1, ,205, ,
3, ,205, ,
3, ,205, ,
0, ,205, ,
3, ,205, ,
1, ,205, ,
1, ,206, ,
1, ,203, ,
1, ,203, ,
0, ,206, ,
3, ,206, ,
1, ,203, ,
1, ,203, ,
3, ,203, ,
3, ,203, ,
0, ,206, ,
3, ,205, ,
1, ,205, ,
1, ,206, ,
3, ,203, ,
1, ,206, ,
0, ,206, ,
3, ,206, ,
1, ,206, ,
1, ,205, ,
1, ,205, ,
1, ,203, ,
0, ,205, ,
3, ,205, ,
1, ,206, ,
1, ,206, ,
3, ,203, ,
3, ,203, ,
0, ,206, ,
3, ,206, ,
1, ,205, ,
1, ,206, ,
1, ,206, ,
3, ,205, ,
0, ,205, ,
3, ,203, ,
1, ,205, ,
1, ,205, ,
3, ,203, ,
3, ,205, ,
0, ,206, ,
3, ,206, ,
1, ,203, ,
1, ,205, ,
1, ,205, ,
1, ,203, ,
0, ,202, ,
3, ,203, ,
1, ,205, ,
1, ,206, ,
3, ,206, ,
3, ,205, ,
0, ,206, ,
3, ,203, ,
1, ,203, ,
1, ,203, ,
3, ,203, ,
1, ,205, ,
0, ,206, ,
3, ,206, ,
1, ,205, ,
1, ,205, ,
1, ,205, ,
1, ,203, ,
0, ,206, ,
3, ,206, ,
1, ,203, ,
1, ,206, ,
3, ,205, ,
3, ,205, ,
0, ,206, ,
3, ,205, ,
1, ,205, ,
1, ,205, ,
3, ,203, ,
1, ,203, ,
0, ,206, ,
3, ,205, ,
1, ,203, ,
1, ,206, ,
3, ,205, ,
3, ,203, ,
0, ,205, ,
3, ,205, ,
1, ,205, ,
1, ,206, ,
1, ,205, ,
1, ,203, ,
0, ,206, ,
3, ,206, ,
1, ,205, ,
1, ,203, ,
1, ,205, ,
3, ,205, ,
0, ,206, ,
3, ,205, ,
0, ,203, ,
1, ,206, ,
3, ,205, ,
3, ,203, ,
0, ,206, ,
3, ,206, ,
1, ,203, ,
1, ,206, ,
1, ,206, ,
1, ,203, ,
0, ,206, ,
3, ,205, ,
1, ,203, ,
1, ,206, ,
1, ,205, ,
3, ,203, ,
0, ,206, ,
3, ,205, ,
1, ,205, ,
1, ,206, ,
1, ,206, ,
3, ,205, ,
0, ,205, ,
3, ,205, ,
1, ,205, ,
1, ,206, ,
3, ,205, ,
1, ,203, ,
0, ,206, ,
3, ,206, ,
1, ,203, ,
1, ,205, ,
1, ,205, ,
1, ,205, ,
0, ,206, ,
3, ,205, ,
1, ,205, ,
1, ,206, ,
1, ,203, ,
3, ,205, ,
0, ,206, ,
3, ,206, ,
1, ,203, ,
1, ,205, ,
1, ,206, ,
1, ,205, ,
0, ,205, ,
3, ,203, ,
1, ,206, ,
1, ,205, ,
1, ,203, ,
1, ,205, ,
0, ,206, ,
3, ,205, ,
1, ,205, ,
1, ,205, ,
3, ,205, ,
1, ,206, ,
0, ,206, ,
3, ,205, ,
1, ,205, ,
1, ,205, ,
1, ,205, ,
1, ,203, ,
0, ,206, ,
3, ,205, ,
1, ,205, ,
1, ,206, ,
1, ,205, ,
1, ,205, ,
0, ,205, ,
3, ,206, ,
1, ,206, ,
1, ,206, ,
3, ,203, ,
1, ,205, ,
0, ,206, ,
3, ,205, ,
1, ,203, ,
1, ,205, ,
3, ,206, ,
1, ,205, ,
0, ,205, ,
3, ,206, ,
1, ,206, ,
1, ,205, ,
1, ,203, ,
1, ,203, ,
0, ,206, ,
3, ,205, ,
1, ,202, ,
1, ,206, ,
1, ,205, ,
1, ,206, ,
0, ,205, ,
3, ,203, ,
1, ,205, ,
1, ,206, ,
1, ,203, ,
3, ,203, ,
0, ,206, ,
3, ,205, ,
1, ,203, ,
1, ,205, ,
1, ,206, ,
1, ,205, ,
0, ,206, ,
3, ,205, ,
1, ,206, ,
1, ,205, ,
1, ,205, ,
1, ,205, ,
0, ,205, ,
3, ,205, ,
1, ,205, ,
1, ,206, ,
1, ,205, ,
1, ,205, ,
0, ,206, ,
3, ,206, ,
0, ,207, ,
1, ,206, ,
3, ,205, ,
1, ,205, ,
0, ,206, ,
3, ,205, ,
1, ,203, ,
1, ,205, ,
1, ,205, ,
1, ,203, ,
0, ,205, ,
3, ,205, ,
1, ,205, ,
1, ,205, ,
3, ,205, ,
1, ,205, ,
0, ,206, ,
3, ,206, ,
1, ,203, ,
1, ,205, ,
1, ,205, ,
1, ,205, ,
0, ,205, ,
3, ,205, ,
0, ,206, ,
1, ,206, ,
1, ,205, ,
1, ,203, ,
0, ,206, ,
3, ,205, ,
1, ,205, ,
1, ,205, ,
3, ,205, ,
3, ,206, ,
0, ,205, ,
3, ,205, ,
1, ,205, ,
1, ,205, ,
1, ,206, ,
1, ,205, ,
0, ,206, ,
3, ,205, ,
1, ,203, ,
1, ,203, ,
1, ,206, ,
1, ,205, ,
0, ,205, ,
3, ,205, ,
1, ,205, ,
1, ,206, ,
1, ,203, ,
3, ,203, ,
0, ,205, ,
3, ,206, ,
0, ,205, ,
1, ,205, ,
1, ,205, ,
1, ,203, ,
0, ,206, ,
3, ,205, ,
0, ,205, ,
1, ,205, ,
3, ,205, ,
1, ,205, ,
0, ,207, ,
3, ,206, ,
1, ,203, ,
1, ,205, ,
1, ,205, ,
1, ,205, ,
0, ,205, ,
3, ,206, ,
0, ,203, ,
1, ,206, ,
1, ,205, ,
0, ,205, ,
0, ,206, ,
3, ,206, ,
1, ,205, ,
1, ,205, ,
3, ,205, ,
1, ,205, ,
0, ,206, ,
1, ,205, ,
1, ,205, ,
1, ,206, ,
1, ,205, ,
1, ,203, ,
0, ,206, ,
3, ,206, ,
0, ,203, ,
1, ,205, ,
1, ,205, ,
1, ,206, ,
0, ,205, ,
3, ,205, ,
1, ,205, ,
1, ,205, ,
1, ,205, ,
3, ,203, ,
0, ,206, ,
3, ,205, ,
0, ,205, ,
1, ,206, ,
1, ,206, ,
1, ,205, ,
0, ,205, ,
1, ,205, ,
0, ,205, ,
1, ,206, ,
1, ,203, ,
1, ,203, ,
0, ,206, ,
3, ,206, ,
1, ,203, ,
1, ,205, ,
1, ,205, ,
1, ,205, ,
0, ,205, ,
3, ,205, ,
1, ,203, ,
1, ,206, ,
1, ,206, ,
1, ,205, ,
0, ,205, ,
3, ,205, ,
1, ,202, ,
1, ,205, ,
3, ,202, ,
3, ,202, ,
0, ,205, ,
3, ,207, ,
0, ,207, ,
1, ,208, ,
1, ,206, ,
1, ,205, ,
0, ,205, ,
3, ,203, ,
0, ,202, ,
1, ,205, ,
1, ,205, ,
1, ,205, ,
0, ,205, ,
3, ,205, ,
1, ,203, ,
0, ,205, ,
1, ,205, ,
1, ,203, ,
0, ,206, ,
3, ,205, ,
1, ,203, ,
1, ,205, ,
3, ,205, ,
1, ,206, ,
0, ,205, ,
3, ,205, ,
0, ,206, ,
1, ,205, ,
3, ,203, ,
1, ,203, ,
0, ,206, ,
3, ,205, ,
0, ,205, ,
1, ,205, ,
1, ,205, ,
1, ,205, ,
0, ,203, ,
3, ,203, ,
0, ,205, ,
1, ,205, ,
1, ,205, ,
1, ,203, ,
0, ,206, ,
3, ,205, ,
1, ,203, ,
1, ,205, ,
1, ,206, ,
1, ,205, ,
0, ,206, ,
1, ,205, ,
0, ,203, ,
1, ,205, ,
1, ,205, ,
1, ,205, ,
0, ,205, ,
3, ,203, ,
1, ,203, ,
1, ,205, ,
1, ,203, ,
1, ,206, ,
0, ,205, ,
3, ,205, ,
1, ,205, ,
1, ,205, ,
1, ,205, ,
1, ,205, ,
0, ,206, ,
3, ,206, ,
0, ,203, ,
1, ,205, ,
1, ,205, ,
1, ,203, ,
0, ,205, ,
3, ,205, ,
0, ,206, ,
1, ,205, ,
1, ,203, ,
1, ,203, ,
0, ,206, ,
3, ,205, ,
0, ,203, ,
1, ,206, ,
1, ,205, ,
1, ,205, ,
0, ,203, ,
3, ,205, ,
0, ,203, ,
1, ,206, ,
3, ,206, ,
1, ,203, ,
0, ,206, ,
3, ,206, ,
0, ,205, ,
1, ,205, ,
1, ,205, ,
1, ,203, ,
0, ,205, ,
1, ,205, ,
0, ,205, ,
1, ,206, ,
1, ,203, ,
1, ,203, ,
0, ,206, ,
3, ,205, ,
0, ,206, ,
0, ,205, ,
1, ,205, ,
1, ,206, ,
0, ,206, ,
3, ,205, ,
0, ,206, ,
1, ,206, ,
1, ,203, ,
1, ,205, ,
0, ,207, ,
3, ,206, ,
1, ,205, ,
0, ,206, ,
1, ,205, ,
1, ,205, ,
0, ,205, ,
3, ,205, ,
0, ,206, ,
1, ,207, ,
1, ,203, ,
1, ,205, ,
0, ,206, ,
1, ,206, ,
0, ,203, ,
0, ,205, ,
1, ,206, ,
1, ,203, ,
0, ,205, ,
1, ,206, ,
0, ,206, ,
1, ,207, ,
1, ,203, ,
1, ,206, ,
0, ,206, ,
3, ,207, ,
0, ,205, ,
1, ,205, ,
1, ,205, ,
1, ,205, ,
0, ,205, ,
3, ,205, ,
0, ,206, ,
1, ,206, ,
1, ,205, ,
1, ,203, ,
0, ,206, ,
3, ,206, ,
0, ,203, ,
1, ,205, ,
1, ,205, ,
1, ,206, ,
0, ,206, ,
1, ,206, ,
0, ,206, ,
1, ,206, ,
1, ,205, ,
3, ,203, ,
0, ,205, ,
3, ,205, ,
0, ,203, ,
1, ,206, ,
1, ,205, ,
1, ,206, ,
0, ,206, ,
3, ,206, ,
0, ,203, ,
1, ,205, ,
1, ,203, ,
1, ,206, ,
0, ,206, ,
3, ,206, ,
0, ,205, ,
1, ,205, ,
1, ,206, ,
1, ,206, ,
0, ,205, ,
3, ,205, ,
1, ,205, ,
1, ,206, ,
1, ,205, ,
1, ,206, ,
0, ,205, ,
3, ,206, ,
1, ,203, ,
1, ,205, ,
1, ,205, ,
1, ,206, ,
0, ,205, ,
3, ,205, ,
0, ,206, ,
1, ,206, ,
1, ,205, ,
1, ,203, ,
0, ,205, ,
3, ,206, ,
1, ,203, ,
0, ,206, ,
1, ,206, ,
1, ,205, ,
0, ,205, ,
3, ,205, ,
0, ,205, ,
1, ,206, ,
1, ,205, ,
1, ,205, ,
0, ,206, ,
3, ,206, ,
0, ,203, ,
1, ,206, ,
3, ,206, ,
1, ,205, ,
0, ,206, ,
3, ,205, ,
0, ,203, ,
0, ,205, ,
1, ,205, ,
1, ,205, ,
0, ,207, ,
3, ,205, ,
0, ,203, ,
0, ,205, ,
1, ,205, ,
1, ,206, ,
0, ,205, ,
3, ,203, ,
0, ,206, ,
0, ,206, ,
1, ,205, ,
1, ,205, ,
0, ,206, ,
3, ,205, ,
0, ,205, ,
1, ,205, ,
1, ,206, ,
1, ,205, ,
0, ,205, ,
3, ,203, ,
0, ,205, ,
0, ,206, ,
1, ,203, ,
1, ,206, ,
0, ,206, ,
3, ,206, ,
0, ,203, ,
0, ,205, ,
1, ,205, ,
1, ,205, ,
0, ,205, ,
3, ,205, ,
0, ,203, ,
1, ,206, ,
1, ,205, ,
1, ,203, ,
0, ,205, ,
3, ,206, ,
0, ,203, ,
1, ,205, ,
1, ,205, ,
1, ,203, ,
0, ,205, ,
3, ,206, ,
0, ,206, ,
0, ,206, ,
1, ,203, ,
1, ,203, ,
0, ,205, ,
3, ,206, ,
0, ,205, ,
0, ,206, ,
1, ,206, ,
1, ,205, ,
0, ,205, ,
3, ,205, ,
0, ,205, ,
1, ,206, ,
1, ,203, ,
1, ,205, ,
0, ,206, ,
3, ,206, ,
0, ,203, ,
1, ,206, ,
1, ,206, ,
1, ,205, ,
0, ,205, ,
3, ,206, ,
1, ,205, ,
0, ,206, ,
1, ,203, ,
1, ,203, ,
0, ,205, ,
3, ,206, ,
0, ,203, ,
1, ,205, ,
3, ,205, ,
1, ,205, ,
0, ,205, ,
3, ,203, ,
0, ,203, ,
0, ,206, ,
3, ,205, ,
1, ,205, ,
0, ,206, ,
3, ,206, ,
0, ,205, ,
0, ,205, ,
1, ,205, ,
1, ,206, ,
0, ,205, ,
1, ,205, ,
0, ,206, ,
0, ,206, ,
1, ,205, ,
1, ,203, ,
0, ,205, ,
3, ,205, ,
0, ,205, ,
0, ,205, ,
1, ,205, ,
1, ,205, ,
0, ,205, ,
1, ,203, ,
0, ,205, ,
0, ,205, ,
1, ,203, ,
1, ,203, ,
0, ,206, ,
1, ,205, ,
1, ,203, ,
1, ,205, ,
1, ,206, ,
1, ,205, ,
0, ,205, ,
3, ,203, ,
0, ,205, ,
1, ,206, ,
1, ,205, ,
1, ,205, ,
-1, ,206, ,
1, ,205, ,
0, ,203, ,
0, ,206, ,
1, ,206, ,
1, ,206, ,
0, ,205, ,
1, ,205, ,
0, ,203, ,
1, ,205, ,
1, ,205, ,
1, ,203, ,
0, ,205, ,
3, ,206, ,
0, ,205, ,
1, ,206, ,
3, ,205, ,
1, ,206, ,
0, ,205, ,
1, ,205, ,
0, ,203, ,
0, ,206, ,
1, ,203, ,
1, ,203, ,
0, ,205, ,
3, ,205, ,
0, ,205, ,
1, ,205, ,
1, ,205, ,
1, ,205, ,
0, ,205, ,
3, ,205, ,
0, ,205, ,
0, ,207, ,
1, ,205, ,
1, ,206, ,
0, ,206, ,
3, ,205, ,
0, ,205, ,
1, ,206, ,
1, ,206, ,
1, ,206, ,
0, ,205, ,
1, ,205, ,
0, ,206, ,
1, ,206, ,
1, ,205, ,
1, ,206, ,
0, ,206, ,
1, ,206, ,
0, ,201, ,
1, ,205, ,
1, ,205, ,
1, ,206, ,
0, ,205, ,
1, ,205, ,
0, ,203, ,
0, ,206, ,
1, ,205, ,
1, ,205, ,
0, ,207, ,
3, ,206, ,
0, ,203, ,
1, ,205, ,
1, ,205, ,
1, ,203, ,
0, ,203, ,
1, ,203, ,
0, ,205, ,
0, ,205, ,
1, ,205, ,
1, ,206, ,
-1, ,206, ,
1, ,205, ,
0, ,203, ,
0, ,205, ,
1, ,205, ,
1, ,206, ,
0, ,205, ,
3, ,206, ,
0, ,205, ,
1, ,206, ,
1, ,205, ,
1, ,203, ,
0, ,206, ,
1, ,207, ,
0, ,203, ,
0, ,205, ,
1, ,205, ,
1, ,205, ,
0, ,205, ,
1, ,205, ,
0, ,205, ,
0, ,205, ,
1, ,206, ,
1, ,203, ,
0, ,206, ,
3, ,205, ,
0, ,203, ,
0, ,205, ,
1, ,206, ,
1, ,203, ,
0, ,205, ,
3, ,205, ,
0, ,205, ,
0, ,206, ,
3, ,205, ,
1, ,205, ,
-1, ,206, ,
1, ,205, ,
0, ,202, ,
1, ,206, ,
1, ,205, ,
1, ,203, ,
0, ,205, ,
3, ,205, ,
0, ,205, ,
1, ,206, ,
1, ,205, ,
1, ,203, ,
0, ,205, ,
3, ,206, ,
0, ,203, ,
1, ,206, ,
1, ,205, ,
1, ,206, ,
0, ,205, ,
3, ,205, ,
0, ,205, ,
0, ,205, ,
1, ,205, ,
1, ,203, ,
0, ,206, ,
3, ,205, ,
0, ,203, ,
1, ,205, ,
1, ,206, ,
1, ,206, ,
0, ,205, ,
1, ,205, ,
0, ,205, ,
1, ,206, ,
1, ,206, ,
1, ,205, ,
-1, ,206, ,
3, ,205, ,
0, ,203, ,
0, ,206, ,
1, ,205, ,
1, ,205, ,
0, ,205, ,
1, ,205, ,
0, ,205, ,
0, ,206, ,
1, ,206, ,
1, ,205, ,
0, ,206, ,
3, ,206, ,
0, ,203, ,
1, ,206, ,
1, ,206, ,
1, ,203, ,
0, ,206, ,
1, ,206, ,
0, ,205, ,
0, ,205, ,
1, ,205, ,
1, ,203, ,
0, ,205, ,
1, ,206, ,
0, ,203, ,
0, ,206, ,
1, ,206, ,
1, ,206, ,
0, ,205, ,
3, ,205, ,
0, ,203, ,
0, ,206, ,
1, ,205, ,
1, ,206, ,
0, ,206, ,
3, ,206, ,
0, ,203, ,
0, ,205, ,
1, ,206, ,
1, ,205, ,
0, ,205, ,
1, ,205, ,
0, ,205, ,
0, ,205, ,
1, ,203, ,
1, ,205, ,
0, ,206, ,
3, ,205, ,
0, ,203, ,
0, ,206, ,
1, ,205, ,
1, ,206, ,
0, ,206, ,
3, ,205, ,
1, ,205, ,
0, ,206, ,
1, ,203, ,
1, ,203, ,
0, ,206, ,
1, ,206, ,
0, ,203, ,
1, ,205, ,
1, ,205, ,
1, ,203, ,
0, ,205, ,
1, ,205, ,
0, ,205, ,
0, ,205, ,
1, ,206, ,
1, ,203, ,
0, ,206, ,
3, ,205, ,
0, ,202, ,
0, ,205, ,
1, ,205, ,
1, ,206, ,
0, ,205, ,
1, ,205, ,
0, ,206, ,
0, ,206, ,
1, ,205, ,
1, ,205, ,
0, ,206, ,
1, ,206, ,
0, ,203, ,
0, ,205, ,
1, ,206, ,
1, ,206, ,
0, ,206, ,
1, ,205, ,
0, ,203, ,
1, ,206, ,
1, ,206, ,
1, ,205, ,
0, ,206, ,
3, ,205, ,
0, ,203, ,
0, ,205, ,
1, ,206, ,
1, ,206, ,
0, ,206, ,
3, ,203, ,
0, ,206, ,
0, ,206, ,
1, ,205, ,
1, ,206, ,
-1, ,206, ,
3, ,205, ,
0, ,202, ,
0, ,206, ,
1, ,205, ,
0, ,205, ,
-1, ,206, ,
1, ,205, ,
0, ,203, ,
0, ,206, ,
1, ,203, ,
1, ,203, ,
0, ,202, ,
3, ,206, ,
0, ,205, ,
0, ,206, ,
1, ,206, ,
1, ,206, ,
-1, ,205, ,
3, ,205, ,
0, ,203, ,
0, ,205, ,
1, ,203, ,
1, ,205, ,
-1, ,206, ,
3, ,205, ,
0, ,205, ,
0, ,205, ,
1, ,205, ,
1, ,205, ,
0, ,203, ,
3, ,203, ,
0, ,205, ,
0, ,205, ,
1, ,206, ,
1, ,203, ,
0, ,206, ,
1, ,205, ,
0, ,203, ,
0, ,205, ,
1, ,206, ,
1, ,205, ,
0, ,205, ,
3, ,205, ,
0, ,203, ,
0, ,206, ,
1, ,206, ,
1, ,203, ,
0, ,206, ,
3, ,206, ,
1, ,203, ,
1, ,206, ,
1, ,205, ,
1, ,203, ,
0, ,205, ,
3, ,206, ,
0, ,206, ,
0, ,206, ,
1, ,205, ,
1, ,203, ,
0, ,206, ,
3, ,205, ,
0, ,203, ,
0, ,205, ,
1, ,205, ,
1, ,205, ,
0, ,203, ,
1, ,205, ,
0, ,203, ,
0, ,206, ,
1, ,205, ,
1, ,205, ,
0, ,206, ,
3, ,205, ,
0, ,203, ,
0, ,205, ,
1, ,206, ,
1, ,205, ,
0, ,203, ,
3, ,205, ,
0, ,205, ,
0, ,205, ,
1, ,205, ,
1, ,203, ,
0, ,205, ,
1, ,206, ,
0, ,203, ,
0, ,205, ,
1, ,205, ,
1, ,206, ,
0, ,205, ,
3, ,205, ,
0, ,205, ,
0, ,206, ,
1, ,205, ,
1, ,205, ,
0, ,206, ,
3, ,205, ,
0, ,203, ,
1, ,206, ,
1, ,205, ,
1, ,203, ,
0, ,205, ,
3, ,205, ,
0, ,205, ,
0, ,206, ,
1, ,205, ,
1, ,205, ,
-1, ,205, ,
1, ,206, ,
0, ,203, ,
0, ,205, ,
1, ,205, ,
1, ,205, ,
0, ,203, ,
3, ,205, ,
0, ,205, ,
1, ,206, ,
1, ,205, ,
1, ,206, ,
0, ,205, ,
1, ,206, ,
0, ,203, ,
0, ,206, ,
1, ,206, ,
1, ,205, ,
0, ,205, ,
1, ,205, ,
0, ,203, ,
0, ,206, ,
1, ,205, ,
1, ,205, ,
0, ,206, ,
1, ,205, ,
0, ,203, ,
0, ,206, ,
1, ,205, ,
1, ,205, ,
0, ,205, ,
1, ,203, ,
0, ,206, ,
0, ,205, ,
1, ,203, ,
1, ,205, ,
0, ,205, ,
1, ,205, ,
0, ,203, ,
0, ,206, ,
1, ,205, ,
1, ,203, ,
-1, ,206, ,
1, ,205, ,
0, ,205, ,
0, ,205, ,
1, ,203, ,
1, ,203, ,
0, ,206, ,
1, ,206, ,
0, ,206, ,
0, ,205, ,
1, ,205, ,
1, ,205, ,
0, ,205, ,
1, ,205, ,
0, ,203, ,
1, ,206, ,
1, ,205, ,
1, ,203, ,
0, ,205, ,
3, ,205, ,
0, ,203, ,
1, ,205, ,
1, ,206, ,
1, ,206, ,
0, ,203, ,
1, ,203, ,
0, ,205, ,
1, ,206, ,
1, ,203, ,
1, ,205, ,
0, ,206, ,
1, ,206, ,
0, ,203, ,
0, ,205, ,
1, ,205, ,
1, ,206, ,
0, ,205, ,
1, ,203, ,
0, ,205, ,
0, ,206, ,
1, ,203, ,
1, ,203, ,
0, ,206, ,
1, ,205, ,
0, ,203, ,
0, ,205, ,
1, ,206, ,
1, ,206, ,
0, ,205, ,
3, ,205, ,
0, ,203, ,
1, ,206, ,
1, ,203, ,
1, ,203, ,
0, ,205, ,
1, ,206, ,
0, ,203, ,
0, ,205, ,
1, ,205, ,
1, ,203, ,
0, ,205, ,
3, ,205, ,
0, ,205, ,
0, ,206, ,
1, ,203, ,
1, ,203, ,
0, ,206, ,
1, ,205, ,
0, ,206, ,
0, ,205, ,
1, ,205, ,
1, ,205, ,
0, ,205, ,
3, ,205, ,
0, ,203, ,
0, ,205, ,
1, ,205, ,
1, ,206, ,
0, ,206, ,
3, ,206, ,
0, ,205, ,
1, ,205, ,
1, ,203, ,
1, ,203, ,
0, ,206, ,
1, ,205, ,
0, ,205, ,
1, ,205, ,
1, ,203, ,
1, ,203, ,
0, ,206, ,
3, ,206, ,
0, ,205, ,
0, ,205, ,
1, ,203, ,
1, ,203, ,
0, ,205, ,
3, ,206, ,
0, ,205, ,
0, ,205, ,
1, ,205, ,
1, ,203, ,
0, ,206, ,
1, ,205, ,
0, ,205, ,
0, ,205, ,
1, ,205, ,
1, ,206, ,
0, ,205, ,
1, ,203, ,
0, ,206, ,
0, ,206, ,
1, ,205, ,
1, ,205, ,
0, ,206, ,
1, ,206, ,
0, ,205, ,
0, ,205, ,
1, ,205, ,
1, ,205, ,
0, ,205, ,
1, ,205, ,
0, ,205, ,
0, ,206, ,
1, ,203, ,
1, ,203, ,
0, ,206, ,
1, ,205, ,
0, ,202, ,
0, ,205, ,
1, ,205, ,
1, ,203, ,
0, ,205, ,
1, ,205, ,
0, ,205, ,
0, ,206, ,
1, ,203, ,
1, ,203, ,
0, ,205, ,
3, ,205, ,
0, ,203, ,
1, ,206, ,
1, ,206, ,
1, ,205, ,
0, ,205, ,
3, ,205, ,
0, ,203, ,
0, ,205, ,
1, ,205, ,
1, ,203, ,
0, ,206, ,
1, ,205, ,
0, ,203, ,
0, ,205, ,
1, ,205, ,
1, ,203, ,
0, ,205, ,
3, ,203, ,
0, ,205, ,
0, ,206, ,
1, ,203, ,
1, ,203, ,
-1, ,205, ,
3, ,205, ,
0, ,203, ,
1, ,205, ,
1, ,205, ,
1, ,203, ,
0, ,205, ,
3, ,205, ,
0, ,205, ,
0, ,206, ,
1, ,203, ,
1, ,203, ,
0, ,206, ,
3, ,205, ,
0, ,203, ,
1, ,205, ,
1, ,205, ,
1, ,205, ,
0, ,205, ,
3, ,205, ,
0, ,205, ,
1, ,205, ,
1, ,205, ,
1, ,203, ,
0, ,206, ,
5, ,206, ,
111, ,195, ,
70, ,205, ,
38, ,211, ,
23, ,210, ,
18, ,205, ,
15, ,202, ,
8, ,203, ,
4, ,205, ,
5, ,202, ,
5, ,203, ,
3, ,207, ,
4, ,206, ,
3, ,203, ,
3, ,205, ,
4, ,206, ,
4, ,205, ,
1, ,206, ,
4, ,205, ,
3, ,206, ,
3, ,205, ,
4, ,203, ,
4, ,205, ,
1, ,206, ,
4, ,206, ,
1, ,203, ,
3, ,206, ,
3, ,205, ,
4, ,203, ,
1, ,205, ,
4, ,205, ,
3, ,203, ,
4, ,205, ,
3, ,205, ,
4, ,203, ,
3, ,206, ,
4, ,206, ,
1, ,202, ,
3, ,205, ,
4, ,205, ,
4, ,205, ,
3, ,205, ,
4, ,205, ,
3, ,205, ,
4, ,205, ,
3, ,205, ,
4, ,203, ,
1, ,206, ,
4, ,206, ,
3, ,203, ,
3, ,205, ,
3, ,205, ,
4, ,203, ,
3, ,205, ,
4, ,205, ,
1, ,206, ,
3, ,206, ,
3, ,203, ,
4, ,203, ,
1, ,206, ,
4, ,205, ,
1, ,206, ,
3, ,205, ,
3, ,205, ,
3, ,206, ,
1, ,206, ,
4, ,205, ,
1, ,205, ,
3, ,205, ,
3, ,205, ,
3, ,205, ,
1, ,206, ,
4, ,205, ,
3, ,205, ,
3, ,206, ,
3, ,205, ,
3, ,203, ,
1, ,202, ,
4, ,201, ,
1, ,202, ,
3, ,203, ,
3, ,205, ,
3, ,207, ,
1, ,210, ,
4, ,207, ,
1, ,206, ,
3, ,203, ,
3, ,203, ,
3, ,203, ,
1, ,205, ,
4, ,203, ,
3, ,205, ,
3, ,206, ,
3, ,206, ,
3, ,203, ,
1, ,206, ,
4, ,205, ,
3, ,203, ,
3, ,205, ,
3, ,203, ,
3, ,203, ,
1, ,205, ,
4, ,205, ,
3, ,203, ,
3, ,205, ,
3, ,203, ,
3, ,203, ,
1, ,208, ,
4, ,205, ,
1, ,205, ,
3, ,205, ,
3, ,205, ,
3, ,203, ,
1, ,206, ,
4, ,203, ,
1, ,205, ,
3, ,205, ,
3, ,205, ,
3, ,203, ,
1, ,206, ,
4, ,205, ,
3, ,205, ,
3, ,205, ,
3, ,203, ,
3, ,203, ,
1, ,205, ,
4, ,205, ,
3, ,205, ,
3, ,203, ,
3, ,202, ,
3, ,203, ,
1, ,206, ,
4, ,205, ,
3, ,203, ,
3, ,205, ,
3, ,205, ,
3, ,203, ,
1, ,205, ,
4, ,203, ,
1, ,205, ,
3, ,205, ,
3, ,203, ,
3, ,205, ,
1, ,206, ,
4, ,205, ,
1, ,203, ,
3, ,205, ,
3, ,203, ,
3, ,203, ,
1, ,206, ,
4, ,203, ,
3, ,205, ,
3, ,205, ,
3, ,205, ,
3, ,203, ,
1, ,205, ,
4, ,205, ,
3, ,203, ,
1, ,206, ,
3, ,205, ,
3, ,205, ,
1, ,205, ,
4, ,203, ,
1, ,205, ,
3, ,205, ,
3, ,203, ,
3, ,203, ,
1, ,205, ,
3, ,205, ,
1, ,203, ,
3, ,205, ,
3, ,205, ,
3, ,203, ,
1, ,205, ,
3, ,203, ,
1, ,202, ,
3, ,203, ,
3, ,203, ,
3, ,205, ,
1, ,206, ,
4, ,203, ,
1, ,203, ,
3, ,205, ,
3, ,205, ,
3, ,203, ,
1, ,205, ,
4, ,206, ,
1, ,206, ,
3, ,206, ,
3, ,203, ,
3, ,203, ,
1, ,206, ,
3, ,205, ,
1, ,205, ,
3, ,205, ,
3, ,206, ,
3, ,206, ,
1, ,206, ,
4, ,206, ,
1, ,205, ,
3, ,206, ,
3, ,205, ,
3, ,203, ,
1, ,206, ,
3, ,205, ,
1, ,203, ,
3, ,205, ,
1, ,205, ,
3, ,206, ,
1, ,205, ,
4, ,205, ,
1, ,206, ,
3, ,206, ,
3, ,203, ,
3, ,203, ,
1, ,208, ,
3, ,206, ,
1, ,205, ,
3, ,205, ,
3, ,205, ,
3, ,205, ,
1, ,206, ,
3, ,203, ,
1, ,205, ,
1, ,206, ,
1, ,205, ,
3, ,205, ,
1, ,206, ,
3, ,206, ,
1, ,203, ,
3, ,206, ,
1, ,205, ,
3, ,203, ,
1, ,205, ,
3, ,205, ,
1, ,205, ,
1, ,205, ,
3, ,205, ,
3, ,203, ,
1, ,206, ,
3, ,205, ,
1, ,205, ,
3, ,205, ,
3, ,205, ,
3, ,206, ,
1, ,205, ,
3, ,205, ,
1, ,206, ,
3, ,206, ,
3, ,203, ,
3, ,203, ,
1, ,205, ,
3, ,205, ,
1, ,205, ,
3, ,205, ,
3, ,205, ,
3, ,205, ,
1, ,205, ,
4, ,205, ,
1, ,206, ,
3, ,206, ,
3, ,203, ,
3, ,205, ,
1, ,207, ,
3, ,206, ,
1, ,205, ,
3, ,205, ,
3, ,206, ,
3, ,203, ,
1, ,206, ,
3, ,203, ,
1, ,205, ,
3, ,206, ,
1, ,205, ,
3, ,203, ,
1, ,205, ,
3, ,205, ,
1, ,203, ,
1, ,205, ,
3, ,205, ,
3, ,205, ,
1, ,205, ,
3, ,205, ,
1, ,206, ,
3, ,205, ,
3, ,205, ,
3, ,205, ,
1, ,206, ,
3, ,205, ,
1, ,205, ,
1, ,205, ,
1, ,205, ,
3, ,206, ,
0, ,205, ,
3, ,205, ,
1, ,205, ,
1, ,205, ,
1, ,203, ,
3, ,205, ,
1, ,206, ,
3, ,206, ,
1, ,205, ,
1, ,205, ,
3, ,205, ,
3, ,205, ,
1, ,205, ,
3, ,205, ,
1, ,206, ,
1, ,206, ,
3, ,205, ,
1, ,205, ,
1, ,207, ,
3, ,206, ,
1, ,205, ,
1, ,205, ,
3, ,203, ,
3, ,205, ,
1, ,205, ,
3, ,205, ,
1, ,205, ,
1, ,206, ,
3, ,205, ,
3, ,205, ,
0, ,206, ,
3, ,205, ,
1, ,205, ,
1, ,205, ,
3, ,205, ,
1, ,206, ,
0, ,205, ,
3, ,203, ,
1, ,205, ,
1, ,206, ,
3, ,202, ,
3, ,205, ,
0, ,206, ,
3, ,205, ,
1, ,205, ,
1, ,205, ,
1, ,205, ,
3, ,203, ,
1, ,205, ,
3, ,205, ,
1, ,206, ,
1, ,207, ,
1, ,205, ,
3, ,203, ,
0, ,205, ,
3, ,205, ,
1, ,203, ,
1, ,206, ,
1, ,205, ,
3, ,206, ,
0, ,205, ,
3, ,203, ,
1, ,203, ,
1, ,206, ,
1, ,206, ,
3, ,203, ,
0, ,205, ,
3, ,205, ,
1, ,205, ,
1, ,205, ,
1, ,206, ,
3, ,206, ,
0, ,205, ,
3, ,203, ,
1, ,205, ,
3, ,206, ,
1, ,205, ,
3, ,203, ,
0, ,206, ,
3, ,205, ,
1, ,203, ,
3, ,206, ,
3, ,206, ,
3, ,206, ,
0, ,205, ,
3, ,205, ,
1, ,205, ,
1, ,206, ,
3, ,203, ,
1, ,205, ,
0, ,206, ,
3, ,206, ,
1, ,205, ,
1, ,206, ,
3, ,205, ,
3, ,206, ,
0, ,203, ,
3, ,205, ,
1, ,205, ,
1, ,206, ,
3, ,203, ,
3, ,203, ,
0, ,205, ,
3, ,205, ,
1, ,206, ,
1, ,206, ,
3, ,206, ,
1, ,203, ,
0, ,206, ,
3, ,206, ,
1, ,206, ,
1, ,205, ,
1, ,205, ,
1, ,203, ,
0, ,205, ,
3, ,205, ,
1, ,203, ,
1, ,205, ,
1, ,205, ,
3, ,205, ,
0, ,203, ,
3, ,205, ,
1, ,205, ,
1, ,206, ,
1, ,205, ,
3, ,205, ,
0, ,206, ,
3, ,205, ,
1, ,203, ,
1, ,203, ,
1, ,205, ,
3, ,203, ,
0, ,203, ,
3, ,206, ,
1, ,205, ,
1, ,206, ,
3, ,203, ,
3, ,205, ,
0, ,206, ,
3, ,206, ,
1, ,203, ,
1, ,206, ,
1, ,205, ,
1, ,205, ,
0, ,206, ,
3, ,205, ,
1, ,205, ,
1, ,206, ,
3, ,203, ,
3, ,205, ,
0, ,206, ,
3, ,205, ,
1, ,203, ,
1, ,205, ,
3, ,205, ,
1, ,205, ,
0, ,205, ,
3, ,205, ,
1, ,205, ,
1, ,206, ,
3, ,205, ,
1, ,203, ,
0, ,206, ,
3, ,205, ,
1, ,203, ,
1, ,205, ,
3, ,205, ,
1, ,205, ,
0, ,205, ,
3, ,203, ,
1, ,206, ,
1, ,205, ,
1, ,203, ,
1, ,203, ,
0, ,206, ,
3, ,206, ,
1, ,205, ,
1, ,206, ,
1, ,205, ,
1, ,205, ,
0, ,205, ,
3, ,205, ,
1, ,206, ,
1, ,206, ,
1, ,206, ,
1, ,203, ,
0, ,206, ,
3, ,205, ,
1, ,206, ,
1, ,205, ,
1, ,205, ,
1, ,206, ,
0, ,205, ,
3, ,205, ,
1, ,206, ,
1, ,206, ,
1, ,205, ,
3, ,203, ,
0, ,206, ,
3, ,205, ,
0, ,203, ,
1, ,205, ,
1, ,205, ,
3, ,205, ,
0, ,205, ,
3, ,203, ,
1, ,205, ,
1, ,206, ,
3, ,205, ,
3, ,203, ,
0, ,208, ,
3, ,205, ,
51, ,203, ,
79, ,206, ,
53, ,205, ,
30, ,203, ,
18, ,206, ,
14, ,205, ,
10, ,205, ,
8, ,206, ,
6, ,203, ,
4, ,205, ,
3, ,205, ,
5, ,205, ,
3, ,203, ,
3, ,203, ,
3, ,205, ,
4, ,206, ,
1, ,205, ,
5, ,205, ,
1, ,205, ,
3, ,206, ,
4, ,205, ,
4, ,206, ,
3, ,205, ,
4, ,205, ,
1, ,203, ,
3, ,206, ,
4, ,206, ,
4, ,206, ,
3, ,206, ,
4, ,205, ,
3, ,205, ,
3, ,205, ,
4, ,203, ,
4, ,205, ,
1, ,206, ,
4, ,206, ,
3, ,203, ,
3, ,206, ,
3, ,205, ,
3, ,205, ,
1, ,205, ,
4, ,205, ,
3, ,206, ,
3, ,206, ,
3, ,205, ,
3, ,205, ,
1, ,206, ,
4, ,205, ,
1, ,205, ,
3, ,205, ,
3, ,205, ,
3, ,205, ,
1, ,205, ,
4, ,205, ,
3, ,205, ,
3, ,206, ,
3, ,205, ,
3, ,203, ,
1, ,206, ,
4, ,206, ,
3, ,203, ,
3, ,206, ,
3, ,206, ,
3, ,206, ,
1, ,205, ,
4, ,205, ,
1, ,205, ,
3, ,206, ,
3, ,205, ,
3, ,205, ,
1, ,206, ,
4, ,206, ,
1, ,205, ,
4, ,205, ,
3, ,206, ,
3, ,203, ,
1, ,205, ,
4, ,205, ,
1, ,205, ,
3, ,206, ,
3, ,206, ,
3, ,206, ,
1, ,206, ,
4, ,206, ,
3, ,203, ,
3, ,203, ,
3, ,205, ,
3, ,205, ,
1, ,205, ,
4, ,206, ,
1, ,206, ,
3, ,206, ,
3, ,205, ,
3, ,203, ,
1, ,205, ,
4, ,205, ,
3, ,206, ,
3, ,206, ,
3, ,206, ,
3, ,205, ,
1, ,205, ,
4, ,205, ,
3, ,205, ,
3, ,206, ,
3, ,203, ,
3, ,203, ,
1, ,205, ,
4, ,205, ,
1, ,205, ,
3, ,205, ,
3, ,205, ,
3, ,206, ,
1, ,205, ,
4, ,205, ,
1, ,205, ,
3, ,206, ,
3, ,205, ,
3, ,206, ,
1, ,206, ,
4, ,206, ,
3, ,203, ,
3, ,206, ,
3, ,203, ,
3, ,206, ,
1, ,205, ,
4, ,206, ,
3, ,205, ,
1, ,205, ,
3, ,205, ,
3, ,205, ,
1, ,205, ,
4, ,205, ,
3, ,203, ,
3, ,205, ,
3, ,205, ,
3, ,203, ,
1, ,205, ,
4, ,206, ,
1, ,205, ,
3, ,205, ,
3, ,205, ,
3, ,202, ,
1, ,206, ,
4, ,205, ,
3, ,203, ,
3, ,206, ,
3, ,205, ,
3, ,205, ,
1, ,205, ,
4, ,205, ,
1, ,203, ,
3, ,206, ,
3, ,203, ,
3, ,203, ,
1, ,206, ,
4, ,205, ,
1, ,205, ,
3, ,206, ,
3, ,206, ,
3, ,206, ,
1, ,205, ,
3, ,205, ,
1, ,205, ,
3, ,206, ,
3, ,205, ,
3, ,205, ,
1, ,206, ,
4, ,205, ,
1, ,205, ,
3, ,205, ,
3, ,205, ,
3, ,205, ,
1, ,205, ,
4, ,205, ,
1, ,206, ,
3, ,206, ,
3, ,205, ,
3, ,205, ,
1, ,206, ,
4, ,205, ,
1, ,203, ,
3, ,205, ,
3, ,205, ,
3, ,205, ,
1, ,205, ,
4, ,206, ,
1, ,203, ,
3, ,205, ,
3, ,206, ,
3, ,205, ,
1, ,206, ,
3, ,205, ,
1, ,203, ,
3, ,206, ,
3, ,205, ,
3, ,206, ,
1, ,205, ,
3, ,205, ,
1, ,205, ,
3, ,205, ,
3, ,203, ,
3, ,205, ,
1, ,207, ,
3, ,205, ,
1, ,205, ,
3, ,206, ,
1, ,205, ,
3, ,205, ,
1, ,205, ,
4, ,203, ,
1, ,205, ,
3, ,206, ,
3, ,203, ,
3, ,203, ,
1, ,207, ,
3, ,205, ,
1, ,202, ,
3, ,206, ,
3, ,205, ,
3, ,205, ,
1, ,205, ,
3, ,205, ,
1, ,203, ,
3, ,206, ,
3, ,203, ,
3, ,205, ,
1, ,206, ,
3, ,205, ,
1, ,203, ,
3, ,205, ,
3, ,206, ,
3, ,203, ,
1, ,205, ,
3, ,203, ,
1, ,203, ,
3, ,206, ,
3, ,203, ,
3, ,203, ,
1, ,206, ,
3, ,206, ,
1, ,203, ,
3, ,205, ,
3, ,203, ,
3, ,203, ,
1, ,205, ,
3, ,205, ,
1, ,205, ,
1, ,206, ,
3, ,205, ,
3, ,203, ,
1, ,206, ,
3, ,205, ,
1, ,203, ,
1, ,206, ,
3, ,205, ,
3, ,206, ,
1, ,205, ,
3, ,206, ,
1, ,203, ,
3, ,206, ,
3, ,205, ,
3, ,205, ,
1, ,206, ,
3, ,206, ,
1, ,203, ,
3, ,206, ,
3, ,205, ,
3, ,205, ,
1, ,203, ,
3, ,203, ,
1, ,205, ,
3, ,205, ,
1, ,203, ,
3, ,205, ,
1, ,205, ,
3, ,205, ,
1, ,203, ,
1, ,206, ,
3, ,205, ,
3, ,205, ,
1, ,205, ,
3, ,205, ,
1, ,205, ,
3, ,206, ,
1, ,203, ,
3, ,203, ,
0, ,206, ,
4, ,206, ,
1, ,202, ,
1, ,203, ,
3, ,205, ,
3, ,206, ,
1, ,206, ,
3, ,205, ,
1, ,205, ,
3, ,205, ,
3, ,203, ,
3, ,203, ,
1, ,206, ,
3, ,206, ,
1, ,206, ,
3, ,205, ,
1, ,203, ,
1, ,203, ,
1, ,205, ,
3, ,205, ,
1, ,205, ,
1, ,206, ,
3, ,203, ,
1, ,203, ,
1, ,206, ,
3, ,206, ,
1, ,203, ,
1, ,205, ,
1, ,205, ,
3, ,205, ,
0, ,205, ,
3, ,205, ,
1, ,205, ,
1, ,205, ,
3, ,203, ,
3, ,203, ,
0, ,206, ,
3, ,205, ,
1, ,206, ,
1, ,206, ,
1, ,205, ,
1, ,203, ,
0, ,205, ,
3, ,205, ,
1, ,205, ,
1, ,206, ,
3, ,205, ,
3, ,203, ,
0, ,205, ,
3, ,205, ,
1, ,205, ,
1, ,205, ,
3, ,206, ,
3, ,206, ,
0, ,205, ,
3, ,205, ,
1, ,205, ,
3, ,207, ,
3, ,206, ,
3, ,206, ,
0, ,206, ,
3, ,203, ,
1, ,203, ,
1, ,206, ,
1, ,206, ,
3, ,206, ,
0, ,206, ,
3, ,205, ,
1, ,205, ,
1, ,206, ,
3, ,205, ,
3, ,206, ,
0, ,206, ,
3, ,206, ,
1, ,205, ,
1, ,205, ,
3, ,205, ,
3, ,205, ,
0, ,205, ,
3, ,203, ,
1, ,205, ,
1, ,206, ,
3, ,203, ,
3, ,205, ,
0, ,205, ,
3, ,206, ,
1, ,205, ,
1, ,206, ,
1, ,205, ,
1, ,205, ,
0, ,205, ,
3, ,205, ,
1, ,205, ,
1, ,206, ,
3, ,206, ,
3, ,203, ,
0, ,205, ,
3, ,206, ,
1, ,203, ,
1, ,206, ,
3, ,206, ,
1, ,203, ,
0, ,205, ,
3, ,206, ,
1, ,203, ,
1, ,205, ,
1, ,205, ,
1, ,203, ,
0, ,206, ,
3, ,206, ,
1, ,203, ,
1, ,206, ,
1, ,205, ,
3, ,206, ,
0, ,205, ,
3, ,205, ,
1, ,205, ,
1, ,206, ,
3, ,205, ,
3, ,203, ,
0, ,206, ,
3, ,203, ,
1, ,203, ,
1, ,206, ,
3, ,205, ,
1, ,205, ,
0, ,205, ,
3, ,206, ,
1, ,205, ,
1, ,205, ,
1, ,203, ,
3, ,205, ,
0, ,205, ,
3, ,205, ,
1, ,203, ,
1, ,205, ,
3, ,203, ,
1, ,205, ,
0, ,205, ,
3, ,205, ,
1, ,205, ,
1, ,206, ,
3, ,203, ,
3, ,203, ,
0, ,206, ,
3, ,205, ,
1, ,203, ,
1, ,206, ,
1, ,205, ,
1, ,205, ,
0, ,205, ,
3, ,205, ,
1, ,205, ,
1, ,206, ,
1, ,203, ,
3, ,203, ,
0, ,205, ,
3, ,203, ,
1, ,203, ,
1, ,206, ,
1, ,205, ,
3, ,206, ,
0, ,205, ,
3, ,205, ,
1, ,206, ,
1, ,205, ,
1, ,205, ,
1, ,203, ,
0, ,206, ,
3, ,203, ,
1, ,203, ,
1, ,206, ,
3, ,206, ,
1, ,205, ,
0, ,205, ,
3, ,203, ,
1, ,205, ,
1, ,206, ,
1, ,205, ,
1, ,203, ,
0, ,206, ,
3, ,205, ,
1, ,203, ,
1, ,205, ,
3, ,206, ,
3, ,206, ,
0, ,205, ,
3, ,205, ,
1, ,205, ,
1, ,206, ,
3, ,205, ,
1, ,205, ,
0, ,206, ,
3, ,205, ,
1, ,203, ,
1, ,206, ,
3, ,205, ,
1, ,205, ,
0, ,203, ,
3, ,205, ,
1, ,205, ,
1, ,206, ,
3, ,205, ,
1, ,205, ,
0, ,206, ,
3, ,205, ,
1, ,205, ,
1, ,205, ,
1, ,205, ,
1, ,205, ,
0, ,205, ,
3, ,205, ,
1, ,203, ,
1, ,205, ,
1, ,205, ,
3, ,203, ,
0, ,205, ,
3, ,205, ,
1, ,205, ,
1, ,206, ,
3, ,205, ,
3, ,206, ,
0, ,205, ,
3, ,206, ,
1, ,205, ,
1, ,206, ,
1, ,205, ,
1, ,203, ,
0, ,205, ,
3, ,206, ,
1, ,203, ,
1, ,205, ,
1, ,203, ,
1, ,205, ,
0, ,205, ,
3, ,203, ,
1, ,206, ,
1, ,206, ,
1, ,205, ,
3, ,203, ,
0, ,205, ,
3, ,207, ,
1, ,201, ,
1, ,203, ,
3, ,203, ,
1, ,205, ,
0, ,206, ,
1, ,206, ,
0, ,206, ,
1, ,206, ,
3, ,203, ,
1, ,205, ,
0, ,205, ,
3, ,205, ,
0, ,203, ,
0, ,206, ,
1, ,206, ,
1, ,206, ,
0, ,205, ,
3, ,206, ,
1, ,203, ,
1, ,203, ,
3, ,205, ,
1, ,206, ,
0, ,206, ,
3, ,206, ,
0, ,205, ,
1, ,205, ,
1, ,205, ,
1, ,205, ,
0, ,205, ,
3, ,205, ,
1, ,203, ,
1, ,206, ,
3, ,206, ,
1, ,205, ,
0, ,206, ,
3, ,206, ,
0, ,203, ,
1, ,205, ,
1, ,206, ,
3, ,205, ,
0, ,205, ,
3, ,205, ,
1, ,206, ,
1, ,206, ,
3, ,205, ,
92, ,203, ,
57, ,206, ,
33, ,206, ,
19, ,203, ,
16, ,203, ,
14, ,205, ,
8, ,206, ,
5, ,205, ,
8, ,205, ,
5, ,206, ,
4, ,206, ,
4, ,205, ,
4, ,203, ,
3, ,202, ,
5, ,201, ,
3, ,202, ,
3, ,206, ,
4, ,207, ,
4, ,207, ,
1, ,207, ,
5, ,206, ,
1, ,203, ,
3, ,205, ,
4, ,202, ,
4, ,203, ,
3, ,206, ,
4, ,206, ,
3, ,203, ,
4, ,206, ,
4, ,206, ,
4, ,205, ,
1, ,205, ,
5, ,205, ,
3, ,205, ,
3, ,206, ,
4, ,203, ,
4, ,203, ,
1, ,205, ,
5, ,205, ,
3, ,203, ,
3, ,205, ,
3, ,205, ,
4, ,203, ,
1, ,203, ,
4, ,203, ,
1, ,205, ,
3, ,206, ,
3, ,205, ,
3, ,203, ,
1, ,205, ,
4, ,205, ,
3, ,203, ,
3, ,205, ,
4, ,205, ,
3, ,203, ,
1, ,205, ,
4, ,205, ,
3, ,205, ,
3, ,205, ,
3, ,203, ,
4, ,203, ,
1, ,206, ,
4, ,203, ,
1, ,203, ,
3, ,206, ,
3, ,205, ,
3, ,203, ,
1, ,205, ,
4, ,203, ,
3, ,205, ,
4, ,205, ,
3, ,205, ,
4, ,203, ,
3, ,205, ,
4, ,205, ,
1, ,203, ,
3, ,205, ,
3, ,205, ,
3, ,205, ,
1, ,205, ,
4, ,205, ,
3, ,203, ,
3, ,206, ,
3, ,203, ,
3, ,203, ,
1, ,205, ,
4, ,205, ,
1, ,203, ,
3, ,205, ,
3, ,205, ,
3, ,205, ,
1, ,203, ,
4, ,205, ,
1, ,205, ,
3, ,205, ,
3, ,205, ,
3, ,203, ,
1, ,206, ,
4, ,205, ,
3, ,203, ,
3, ,205, ,
3, ,205, ,
3, ,206, ,
1, ,205, ,
4, ,205, ,
1, ,203, ,
3, ,205, ,
3, ,205, ,
3, ,203, ,
1, ,206, ,
4, ,205, ,
3, ,203, ,
3, ,205, ,
3, ,205, ,
3, ,206, ,
1, ,205, ,
4, ,203, ,
1, ,205, ,
3, ,206, ,
3, ,206, ,
3, ,203, ,
1, ,206, ,
4, ,206, ,
3, ,205, ,
3, ,206, ,
3, ,205, ,
3, ,203, ,
1, ,205, ,
4, ,203, ,
3, ,205, ,
3, ,206, ,
3, ,205, ,
3, ,207, ,
1, ,207, ,
4, ,205, ,
1, ,203, ,
3, ,206, ,
3, ,206, ,
3, ,206, ,
1, ,206, ,
3, ,205, ,
1, ,206, ,
3, ,206, ,
3, ,206, ,
3, ,205, ,
1, ,206, ,
4, ,206, ,
3, ,203, ,
3, ,206, ,
3, ,206, ,
3, ,203, ,
1, ,205, ,
4, ,205, ,
1, ,205, ,
1, ,206, ,
3, ,205, ,
3, ,203, ,
1, ,205, ,
4, ,206, ,
1, ,203, ,
3, ,206, ,
3, ,205, ,
3, ,206, ,
1, ,205, ,
4, ,206, ,
1, ,205, ,
3, ,206, ,
3, ,203, ,
3, ,203, ,
1, ,205, ,
4, ,205, ,
1, ,203, ,
3, ,206, ,
3, ,205, ,
3, ,205, ,
1, ,205, ,
4, ,205, ,
1, ,205, ,
3, ,206, ,
3, ,205, ,
3, ,203, ,
1, ,206, ,
4, ,205, ,
1, ,203, ,
3, ,206, ,
3, ,206, ,
3, ,205, ,
1, ,205, ,
4, ,205, ,
1, ,203, ,
3, ,206, ,
3, ,206, ,
3, ,206, ,
1, ,206, ,
4, ,206, ,
1, ,203, ,
3, ,207, ,
3, ,206, ,
3, ,205, ,
1, ,205, ,
4, ,205, ,
3, ,203, ,
3, ,206, ,
3, ,205, ,
3, ,203, ,
1, ,206, ,
3, ,206, ,
1, ,202, ,
3, ,205, ,
3, ,206, ,
3, ,205, ,
1, ,206, ,
3, ,205, ,
1, ,206, ,
3, ,206, ,
3, ,205, ,
3, ,205, ,
1, ,206, ,
3, ,206, ,
1, ,203, ,
3, ,205, ,
3, ,205, ,
3, ,206, ,
1, ,205, ,
3, ,205, ,
1, ,203, ,
3, ,206, ,
3, ,205, ,
3, ,205, ,
1, ,205, ,
3, ,206, ,
1, ,203, ,
3, ,205, ,
1, ,205, ,
1, ,206, ,
1, ,205, ,
4, ,203, ,
1, ,205, ,
3, ,207, ,
3, ,205, ,
3, ,203, ,
1, ,205, ,
3, ,205, ,
1, ,203, ,
3, ,205, ,
3, ,205, ,
3, ,205, ,
1, ,205, ,
3, ,205, ,
1, ,203, ,
1, ,206, ,
1, ,205, ,
1, ,203, ,
0, ,205, ,
3, ,206, ,
1, ,203, ,
3, ,205, ,
3, ,205, ,
3, ,206, ,
1, ,206, ,
3, ,206, ,
1, ,205, ,
3, ,206, ,
3, ,205, ,
1, ,203, ,
0, ,206, ,
3, ,206, ,
1, ,203, ,
3, ,206, ,
3, ,206, ,
3, ,203, ,
0, ,205, ,
3, ,206, ,
1, ,205, ,
3, ,205, ,
3, ,206, ,
1, ,203, ,
0, ,205, ,
3, ,206, ,
1, ,205, ,
3, ,206, ,
1, ,205, ,
1, ,206, ,
1, ,205, ,
3, ,205, ,
1, ,205, ,
1, ,206, ,
3, ,205, ,
3, ,203, ,
1, ,205, ,
3, ,206, ,
1, ,203, ,
1, ,206, ,
3, ,205, ,
3, ,206, ,
1, ,206, ,
3, ,205, ,
1, ,203, ,
1, ,206, ,
3, ,203, ,
3, ,205, ,
0, ,205, ,
3, ,205, ,
1, ,203, ,
1, ,206, ,
3, ,205, ,
3, ,206, ,
1, ,205, ,
3, ,205, ,
1, ,206, ,
1, ,206, ,
3, ,205, ,
3, ,206, ,
0, ,206, ,
3, ,206, ,
1, ,203, ,
1, ,206, ,
1, ,205, ,
3, ,205, ,
1, ,205, ,
3, ,205, ,
1, ,205, ,
3, ,206, ,
1, ,205, ,
3, ,203, ,
1, ,206, ,
3, ,205, ,
1, ,202, ,
1, ,206, ,
3, ,205, ,
3, ,205, ,
0, ,205, ,
3, ,205, ,
1, ,206, ,
1, ,206, ,
1, ,205, ,
1, ,205, ,
0, ,206, ,
3, ,205, ,
1, ,202, ,
1, ,205, ,
3, ,205, ,
3, ,206, ,
1, ,206, ,
3, ,203, ,
1, ,203, ,
1, ,206, ,
3, ,205, ,
3, ,205, ,
0, ,206, ,
3, ,206, ,
1, ,203, ,
3, ,206, ,
3, ,205, ,
1, ,206, ,
0, ,205, ,
3, ,206, ,
1, ,205, ,
1, ,205, ,
1, ,203, ,
1, ,205, ,
0, ,206, ,
3, ,205, ,
1, ,205, ,
1, ,205, ,
1, ,205, ,
3, ,205, ,
0, ,205, ,
3, ,205, ,
1, ,206, ,
1, ,206, ,
1, ,203, ,
3, ,203, ,
0, ,207, ,
3, ,205, ,
1, ,203, ,
1, ,205, ,
1, ,205, ,
3, ,205, ,
0, ,205, ,
3, ,206, ,
1, ,206, ,
1, ,206, ,
3, ,203, ,
3, ,205, ,
0, ,206, ,
3, ,206, ,
1, ,203, ,
1, ,205, ,
1, ,206, ,
1, ,206, ,
0, ,206, ,
3, ,205, ,
1, ,205, ,
1, ,206, ,
3, ,203, ,
3, ,206, ,
0, ,206, ,
3, ,203, ,
1, ,203, ,
1, ,205, ,
3, ,205, ,
3, ,206, ,
0, ,205, ,
3, ,205, ,
1, ,206, ,
1, ,206, ,
3, ,203, ,
1, ,203, ,
0, ,206, ,
3, ,205, ,
1, ,203, ,
1, ,206, ,
3, ,207, ,
1, ,206, ,
0, ,206, ,
3, ,206, ,
1, ,203, ,
1, ,205, ,
3, ,203, ,
1, ,203, ,
0, ,206, ,
3, ,206, ,
1, ,205, ,
1, ,206, ,
3, ,205, ,
1, ,205, ,
0, ,205, ,
3, ,205, ,
1, ,205, ,
1, ,206, ,
1, ,205, ,
1, ,203, ,
0, ,206, ,
3, ,206, ,
1, ,203, ,
1, ,205, ,
1, ,205, ,
3, ,205, ,
0, ,206, ,
3, ,205, ,
1, ,206, ,
1, ,205, ,
1, ,205, ,
3, ,203, ,
0, ,206, ,
3, ,206, ,
1, ,205, ,
1, ,206, ,
1, ,205, ,
1, ,206, ,
0, ,206, ,
3, ,206, ,
1, ,206, ,
1, ,205, ,
1, ,205, ,
3, ,203, ,
0, ,206, ,
3, ,206, ,
1, ,203, ,
1, ,205, ,
1, ,205, ,
3, ,205, ,
0, ,205, ,
3, ,206, ,
1, ,203, ,
1, ,206, ,
1, ,205, ,
3, ,205, ,
0, ,206, ,
3, ,206, ,
1, ,203, ,
1, ,206, ,
1, ,205, ,
1, ,206, ,
0, ,205, ,
3, ,203, ,
1, ,205, ,
1, ,206, ,
3, ,205, ,
1, ,203, ,
0, ,207, ,
3, ,205, ,
1, ,205, ,
1, ,206, ,
1, ,206, ,
1, ,206, ,
0, ,205, ,
3, ,205, ,
1, ,206, ,
1, ,206, ,
3, ,205, ,
3, ,203, ,
0, ,206, ,
3, ,205, ,
1, ,203, ,
1, ,206, ,
1, ,206, ,
1, ,205, ,
0, ,205, ,
3, ,206, ,
1, ,203, ,
1, ,206, ,
3, ,206, ,
1, ,205, ,
0, ,206, ,
3, ,205, ,
1, ,203, ,
1, ,205, ,
1, ,205, ,
1, ,206, ,
0, ,206, ,
3, ,206, ,
0, ,203, ,
1, ,206, ,
1, ,205, ,
1, ,206, ,
0, ,206, ,
3, ,206, ,
1, ,203, ,
1, ,206, ,
3, ,205, ,
3, ,203, ,
0, ,205, ,
3, ,205, ,
1, ,205, ,
1, ,206, ,
1, ,205, ,
1, ,203, ,
0, ,205, ,
3, ,205, ,
1, ,205, ,
1, ,206, ,
3, ,205, ,
1, ,205, ,
0, ,205, ,
3, ,205, ,
1, ,205, ,
1, ,207, ,
1, ,203, ,
1, ,205, ,
0, ,206, ,
3, ,205, ,
1, ,202, ,
1, ,205, ,
1, ,205, ,
1, ,205, ,
0, ,205, ,
3, ,205, ,
1, ,205, ,
1, ,207, ,
3, ,205, ,
3, ,205, ,
0, ,208, ,
3, ,206, ,
1, ,203, ,
1, ,205, ,
3, ,205, ,
1, ,203, ,
0, ,205, ,
3, ,205, ,
1, ,206, ,
1, ,206, ,
3, ,205, ,
1, ,203, ,
0, ,206, ,
3, ,206, ,
1, ,205, ,
1, ,205, ,
1, ,206, ,
1, ,203, ,
0, ,205, ,
3, ,203, ,
1, ,205, ,
1, ,206, ,
3, ,205, ,
1, ,205, ,
0, ,207, ,
3, ,205, ,
0, ,205, ,
1, ,205, ,
3, ,206, ,
1, ,206, ,
0, ,205, ,
3, ,206, ,
1, ,205, ,
1, ,206, ,
1, ,203, ,
1, ,203, ,
0, ,206, ,
3, ,203, ,
1, ,203, ,
1, ,205, ,
1, ,206, ,
1, ,206, ,
0, ,206, ,
3, ,205, ,
1, ,206, ,
1, ,206, ,
3, ,205, ,
3, ,203, ,
0, ,206, ,
3, ,205, ,
1, ,203, ,
1, ,205, ,
1, ,205, ,
1, ,203, ,
0, ,205, ,
3, ,205, ,
1, ,205, ,
1, ,206, ,
3, ,203, ,
1, ,205, ,
0, ,206, ,
3, ,205, ,
1, ,203, ,
1, ,205, ,
1, ,205, ,
1, ,205, ,
0, ,205, ,
3, ,205, ,
0, ,205, ,
1, ,206, ,
3, ,203, ,
1, ,205, ,
0, ,207, ,
3, ,206, ,
1, ,203, ,
1, ,206, ,
1, ,205, ,
1, ,205, ,
0, ,206, ,
3, ,205, ,
0, ,207, ,
1, ,206, ,
1, ,203, ,
1, ,203, ,
0, ,206, ,
3, ,206, ,
0, ,203, ,
1, ,206, ,
1, ,205, ,
1, ,206, ,
0, ,206, ,
3, ,205, ,
0, ,206, ,
1, ,205, ,
1, ,205, ,
1, ,203, ,
0, ,206, ,
3, ,206, ,
1, ,203, ,
1, ,205, ,
3, ,205, ,
3, ,205, ,
0, ,205, ,
3, ,205, ,
0, ,205, ,
1, ,205, ,
3, ,203, ,
1, ,203, ,
0, ,207, ,
3, ,205, ,
1, ,203, ,
1, ,206, ,
1, ,203, ,
1, ,203, ,
0, ,205, ,
3, ,205, ,
1, ,206, ,
1, ,207, ,
1, ,203, ,
3, ,206, ,
0, ,206, ,
3, ,205, ,
0, ,203, ,
1, ,206, ,
1, ,205, ,
3, ,203, ,
0, ,205, ,
3, ,205, ,
0, ,205, ,
1, ,206, ,
1, ,205, ,
1, ,203, ,
0, ,206, ,
3, ,205, ,
1, ,203, ,
1, ,205, ,
1, ,205, ,
1, ,205, ,
0, ,205, ,
3, ,205, ,
0, ,203, ,
1, ,205, ,
3, ,203, ,
1, ,203, ,
0, ,207, ,
3, ,205, ,
0, ,205, ,
1, ,205, ,
1, ,205, ,
1, ,205, ,
0, ,205, ,
3, ,203, ,
0, ,206, ,
1, ,205, ,
3, ,203, ,
1, ,203, ,
0, ,206, ,
3, ,206, ,
0, ,203, ,
1, ,206, ,
1, ,205, ,
1, ,203, ,
0, ,203, ,
3, ,205, ,
0, ,203, ,
1, ,205, ,
3, ,203, ,
1, ,205, ,
0, ,206, ,
3, ,205, ,
1, ,203, ,
1, ,206, ,
1, ,206, ,
1, ,203, ,
0, ,206, ,
1, ,206, ,
0, ,205, ,
1, ,206, ,
1, ,203, ,
1, ,205, ,
0, ,206, ,
3, ,205, ,
1, ,203, ,
1, ,205, ,
1, ,206, ,
1, ,203, ,
0, ,205, ,
3, ,205, ,
0, ,205, ,
1, ,206, ,
1, ,205, ,
1, ,205, ,
0, ,206, ,
3, ,205, ,
0, ,203, ,
1, ,206, ,
1, ,205, ,
1, ,203, ,
0, ,205, ,
3, ,205, ,
0, ,205, ,
1, ,205, ,
1, ,205, ,
1, ,203, ,
0, ,206, ,
1, ,206, ,
0, ,203, ,
1, ,206, ,
1, ,205, ,
1, ,205, ,
0, ,206, ,
3, ,205, ,
0, ,206, ,
0, ,206, ,
1, ,205, ,
1, ,205, ,
0, ,206, ,
3, ,206, ,
0, ,203, ,
0, ,206, ,
1, ,205, ,
1, ,206, ,
0, ,205, ,
3, ,206, ,
0, ,206, ,
1, ,206, ,
1, ,205, ,
1, ,205, ,
0, ,206, ,
3, ,203, ,
0, ,203, ,
1, ,205, ,
1, ,206, ,
1, ,206, ,
0, ,205, ,
3, ,206, ,
0, ,205, ,
1, ,206, ,
1, ,206, ,
1, ,205, ,
0, ,207, ,
3, ,205, ,
1, ,203, ,
1, ,205, ,
1, ,206, ,
1, ,205, ,
0, ,205, ,
3, ,206, ,
0, ,205, ,
1, ,207, ,
1, ,205, ,
1, ,203, ,
0, ,206, ,
3, ,206, ,
1, ,203, ,
1, ,205, ,
1, ,206, ,
1, ,206, ,
0, ,205, ,
3, ,205, ,
0, ,205, ,
1, ,205, ,
1, ,203, ,
1, ,205, ,
0, ,206, ,
3, ,205, ,
0, ,205, ,
1, ,206, ,
1, ,205, ,
1, ,205, ,
0, ,205, ,
3, ,206, ,
0, ,206, ,
0, ,205, ,
1, ,205, ,
1, ,203, ,
0, ,208, ,
3, ,206, ,
1, ,203, ,
1, ,206, ,
1, ,205, ,
1, ,205, ,
0, ,206, ,
3, ,206, ,
1, ,205, ,
1, ,206, ,
3, ,205, ,
1, ,203, ,
0, ,206, ,
3, ,206, ,
0, ,203, ,
1, ,206, ,
1, ,205, ,
1, ,206, ,
0, ,206, ,
3, ,205, ,
0, ,205, ,
1, ,205, ,
1, ,203, ,
1, ,203, ,
0, ,206, ,
3, ,205, ,
0, ,206, ,
0, ,206, ,
1, ,205, ,
1, ,203, ,
0, ,205, ,
3, ,205, ,
0, ,203, ,
1, ,203, ,
1, ,202, ,
1, ,206, ,
0, ,206, ,
3, ,206, ,
0, ,205, ,
1, ,205, ,
1, ,205, ,
1, ,205, ,
0, ,203, ,
1, ,203, ,
0, ,205, ,
0, ,206, ,
1, ,203, ,
1, ,203, ,
0, ,207, ,
3, ,206, ,
0, ,202, ,
122, ,206, ,
71, ,205, ,
42, ,205, ,
29, ,205, ,
23, ,205, ,
13, ,205, ,
6, ,205, ,
8, ,203, ,
8, ,203, ,
4, ,207, ,
4, ,205, ,
3, ,205, ,
3, ,205, ,
4, ,205, ,
3, ,206, ,
1, ,205, ,
5, ,205, ,
3, ,205, ,
3, ,205, ,
4, ,203, ,
4, ,203, ,
3, ,206, ,
4, ,206, ,
1, ,203, ,
3, ,206, ,
3, ,205, ,
4, ,205, ,
3, ,205, ,
4, ,203, ,
3, ,205, ,
3, ,206, ,
3, ,205, ,
4, ,205, ,
1, ,207, ,
4, ,205, ,
3, ,203, ,
3, ,206, ,
3, ,205, ,
3, ,203, ,
1, ,205, ,
4, ,205, ,
1, ,203, ,
3, ,206, ,
3, ,203, ,
4, ,203, ,
1, ,206, ,
4, ,205, ,
1, ,203, ,
3, ,205, ,
3, ,205, ,
3, ,205, ,
1, ,206, ,
4, ,206, ,
3, ,205, ,
3, ,206, ,
3, ,205, ,
3, ,205, ,
1, ,206, ,
4, ,205, ,
1, ,203, ,
3, ,206, ,
3, ,205, ,
3, ,205, ,
1, ,206, ,
4, ,203, ,
1, ,205, ,
3, ,206, ,
3, ,203, ,
3, ,206, ,
1, ,205, ,
4, ,205, ,
1, ,203, ,
3, ,206, ,
3, ,206, ,
3, ,203, ,
1, ,205, ,
4, ,205, ,
3, ,205, ,
3, ,205, ,
3, ,203, ,
3, ,205, ,
1, ,208, ,
4, ,205, ,
1, ,203, ,
3, ,205, ,
3, ,206, ,
3, ,203, ,
1, ,206, ,
4, ,205, ,
1, ,206, ,
3, ,205, ,
3, ,206, ,
3, ,203, ,
1, ,206, ,
4, ,203, ,
1, ,203, ,
3, ,206, ,
3, ,205, ,
3, ,206, ,
1, ,205, ,
4, ,205, ,
3, ,205, ,
3, ,206, ,
3, ,205, ,
3, ,205, ,
1, ,206, ,
4, ,205, ,
1, ,203, ,
3, ,206, ,
3, ,206, ,
3, ,203, ,
1, ,205, ,
4, ,205, ,
1, ,205, ,
3, ,206, ,
3, ,203, ,
3, ,203, ,
1, ,206, ,
4, ,205, ,
3, ,203, ,
3, ,205, ,
3, ,205, ,
3, ,206, ,
1, ,205, ,
4, ,205, ,
1, ,205, ,
3, ,206, ,
3, ,203, ,
3, ,203, ,
1, ,206, ,
4, ,206, ,
3, ,203, ,
3, ,205, ,
3, ,205, ,
3, ,205, ,
1, ,205, ,
3, ,203, ,
3, ,205, ,
3, ,205, ,
3, ,205, ,
3, ,203, ,
1, ,206, ,
4, ,205, ,
3, ,203, ,
3, ,205, ,
3, ,205, ,
3, ,201, ,
1, ,201, ,
4, ,202, ,
1, ,205, ,
3, ,207, ,
3, ,207, ,
3, ,207, ,
1, ,206, ,
4, ,205, ,
1, ,201, ,
3, ,203, ,
3, ,203, ,
3, ,205, ,
1, ,205, ,
4, ,205, ,
1, ,205, ,
3, ,206, ,
3, ,203, ,
3, ,203, ,
1, ,205, ,
4, ,205, ,
1, ,203, ,
3, ,205, ,
3, ,205, ,
3, ,203, ,
1, ,205, ,
3, ,205, ,
1, ,205, ,
3, ,206, ,
3, ,203, ,
3, ,203, ,
1, ,207, ,
3, ,206, ,
1, ,203, ,
3, ,205, ,
3, ,203, ,
3, ,206, ,
1, ,205, ,
4, ,205, ,
1, ,203, ,
3, ,205, ,
3, ,203, ,
3, ,203, ,
1, ,206, ,
3, ,205, ,
1, ,203, ,
1, ,205, ,
3, ,206, ,
3, ,203, ,
1, ,205, ,
4, ,203, ,
1, ,206, ,
3, ,206, ,
3, ,203, ,
3, ,203, ,
1, ,205, ,
4, ,205, ,
1, ,202, ,
3, ,205, ,
3, ,205, ,
3, ,205, ,
1, ,203, ,
3, ,203, ,
1, ,203, ,
3, ,206, ,
3, ,205, ,
3, ,203, ,
1, ,205, ,
3, ,206, ,
1, ,203, ,
3, ,205, ,
3, ,205, ,
3, ,205, ,
1, ,203, ,
3, ,203, ,
1, ,203, ,
3, ,206, ,
3, ,205, ,
1, ,206, ,
1, ,205, ,
4, ,205, ,
1, ,202, ,
3, ,205, ,
3, ,205, ,
3, ,203, ,
1, ,205, ,
3, ,205, ,
1, ,205, ,
1, ,205, ,
3, ,203, ,
3, ,205, ,
1, ,206, ,
3, ,206, ,
1, ,203, ,
3, ,206, ,
3, ,205, ,
3, ,203, ,
1, ,205, ,
3, ,205, ,
1, ,205, ,
1, ,205, ,
3, ,203, ,
1, ,203, ,
0, ,205, ,
3, ,206, ,
1, ,205, ,
3, ,205, ,
3, ,205, ,
3, ,203, ,
0, ,206, ,
3, ,206, ,
1, ,206, ,
1, ,205, ,
3, ,205, ,
3, ,202, ,
0, ,206, ,
3, ,205, ,
1, ,203, ,
1, ,206, ,
1, ,206, ,
3, ,206, ,
1, ,205, ,
3, ,205, ,
1, ,206, ,
1, ,206, ,
3, ,203, ,
3, ,206, ,
0, ,206, ,
3, ,206, ,
1, ,203, ,
1, ,207, ,
3, ,206, ,
3, ,203, ,
0, ,206, ,
3, ,205, ,
1, ,206, ,
1, ,206, ,
3, ,206, ,
3, ,205, ,
0, ,205, ,
3, ,205, ,
1, ,203, ,
1, ,205, ,
1, ,205, ,
3, ,203, ,
1, ,205, ,
3, ,205, ,
1, ,206, ,
1, ,205, ,
3, ,203, ,
3, ,205, ,
0, ,206, ,
3, ,206, ,
1, ,203, ,
1, ,205, ,
3, ,206, ,
3, ,206, ,
0, ,205, ,
3, ,205, ,
1, ,205, ,
3, ,206, ,
3, ,203, ,
3, ,203, ,
0, ,206, ,
3, ,206, ,
1, ,203, ,
1, ,206, ,
1, ,205, ,
3, ,205, ,
1, ,206, ,
3, ,205, ,
1, ,206, ,
3, ,206, ,
1, ,205, ,
3, ,205, ,
0, ,206, ,
3, ,205, ,
1, ,206, ,
1, ,205, ,
3, ,205, ,
3, ,205, ,
1, ,206, ,
3, ,205, ,
1, ,205, ,
1, ,206, ,
3, ,203, ,
3, ,203, ,
1, ,206, ,
3, ,206, ,
1, ,203, ,
1, ,205, ,
3, ,205, ,
3, ,203, ,
1, ,203, ,
3, ,205, ,
1, ,206, ,
1, ,205, ,
1, ,206, ,
3, ,203, ,
1, ,206, ,
3, ,205, ,
1, ,203, ,
3, ,206, ,
1, ,205, ,
1, ,205, ,
0, ,206, ,
3, ,205, ,
1, ,205, ,
1, ,205, ,
1, ,203, ,
3, ,205, ,
0, ,206, ,
3, ,205, ,
1, ,203, ,
1, ,203, ,
1, ,205, ,
3, ,205, ,
1, ,206, ,
3, ,206, ,
1, ,203, ,
1, ,205, ,
1, ,205, ,
3, ,205, ,
0, ,205, ,
3, ,205, ,
1, ,205, ,
1, ,203, ,
3, ,205, ,
3, ,203, ,
0, ,205, ,
3, ,203, ,
1, ,203, ,
1, ,206, ,
1, ,203, ,
1, ,205, ,
0, ,205, ,
3, ,206, ,
1, ,203, ,
1, ,205, ,
3, ,205, ,
3, ,205, ,
0, ,205, ,
3, ,205, ,
1, ,205, ,
1, ,206, ,
3, ,205, ,
1, ,205, ,
0, ,206, ,
3, ,206, ,
1, ,203, ,
1, ,205, ,
3, ,206, ,
1, ,203, ,
0, ,206, ,
3, ,205, ,
1, ,205, ,
1, ,206, ,
3, ,205, ,
3, ,206, ,
0, ,205, ,
3, ,205, ,
1, ,203, ,
1, ,205, ,
1, ,205, ,
1, ,205, ,
0, ,206, ,
3, ,205, ,
1, ,205, ,
3, ,206, ,
3, ,205, ,
3, ,203, ,
0, ,205, ,
3, ,205, ,
1, ,203, ,
1, ,205, ,
3, ,206, ,
3, ,203, ,
0, ,205, ,
3, ,206, ,
1, ,205, ,
1, ,206, ,
1, ,206, ,
1, ,206, ,
0, ,206, ,
3, ,205, ,
1, ,203, ,
3, ,206, ,
1, ,206, ,
3, ,203, ,
0, ,205, ,
3, ,205, ,
1, ,205, ,
1, ,208, ,
1, ,206, ,
3, ,203, ,
0, ,205, ,
3, ,206, ,
1, ,203, ,
1, ,203, ,
3, ,205, ,
3, ,206, ,
0, ,206, ,
3, ,206, ,
1, ,203, ,
1, ,205, ,
1, ,205, ,
1, ,205, ,
0, ,205, ,
3, ,206, ,
1, ,203, ,
1, ,205, ,
1, ,206, ,
3, ,205, ,
0, ,206, ,
3, ,203, ,
1, ,205, ,
1, ,205, ,
3, ,205, ,
3, ,205, ,
0, ,206, ,
3, ,205, ,
1, ,206, ,
1, ,206, ,
3, ,203, ,
1, ,203, ,
0, ,205, ,
3, ,205, ,
1, ,205, ,
1, ,205, ,
3, ,205, ,
1, ,205, ,
0, ,206, ,
3, ,206, ,
1, ,205, ,
1, ,206, ,
1, ,205, ,
1, ,206, ,
0, ,205, ,
3, ,205, ,
1, ,205, ,
1, ,206, ,
3, ,205, ,
3, ,203, ,
0, ,205, ,
3, ,206, ,
1, ,203, ,
1, ,205, ,
1, ,205, ,
1, ,206, ,
0, ,205, ,
3, ,206, ,
1, ,205, ,
1, ,206, ,
1, ,205, ,
1, ,205, ,
0, ,205, ,
3, ,206, ,
1, ,203, ,
1, ,206, ,
1, ,206, ,
3, ,205, ,
0, ,205, ,
3, ,203, ,
1, ,205, ,
1, ,206, ,
1, ,205, ,
1, ,203, ,
0, ,206, ,
3, ,206, ,
1, ,203, ,
1, ,205, ,
1, ,205, ,
3, ,206, ,
0, ,205, ,
3, ,205, ,
1, ,206, ,
1, ,205, ,
1, ,205, ,
1, ,203, ,
0, ,205, ,
3, ,205, ,
1, ,203, ,
1, ,205, ,
1, ,205, ,
1, ,206, ,
0, ,205, ,
3, ,206, ,
0, ,205, ,
1, ,207, ,
3, ,203, ,
1, ,206, ,
0, ,206, ,
3, ,205, ,
1, ,205, ,
1, ,206, ,
3, ,206, ,
1, ,206, ,
0, ,205, ,
3, ,203, ,
1, ,205, ,
1, ,206, ,
3, ,206, ,
1, ,203, ,
0, ,206, ,
3, ,206, ,
1, ,203, ,
1, ,206, ,
1, ,205, ,
1, ,206, ,
0, ,206, ,
3, ,205, ,
1, ,206, ,
1, ,205, ,
3, ,205, ,
1, ,203, ,
0, ,206, ,
3, ,205, ,
1, ,203, ,
1, ,206, ,
3, ,205, ,
1, ,205, ,
0, ,206, ,
3, ,205, ,
1, ,205, ,
1, ,205, ,
1, ,203, ,
1, ,203, ,
0, ,206, ,
3, ,206, ,
1, ,205, ,
1, ,206, ,
1, ,206, ,
3, ,205, ,
0, ,206, ,
3, ,206, ,
1, ,205, ,
1, ,206, ,
1, ,205, ,
1, ,205, ,
0, ,206, ,
3, ,206, ,
1, ,203, ,
1, ,205, ,
3, ,206, ,
1, ,205, ,
0, ,205, ,
3, ,206, ,
1, ,205, ,
1, ,206, ,
1, ,206, ,
1, ,203, ,
0, ,206, ,
3, ,206, ,
1, ,203, ,
1, ,206, ,
1, ,205, ,
1, ,206, ,
0, ,205, ,
3, ,206, ,
1, ,205, ,
1, ,206, ,
3, ,205, ,
1, ,205, ,
0, ,206, ,
3, ,205, ,
1, ,203, ,
1, ,206, ,
3, ,205, ,
1, ,205, ,
0, ,205, ,
3, ,205, ,
1, ,205, ,
1, ,206, ,
1, ,205, ,
1, ,203, ,
0, ,206, ,
3, ,205, ,
1, ,202, ,
1, ,206, ,
3, ,205, ,
1, ,206, ,
0, ,205, ,
3, ,206, ,
1, ,203, ,
1, ,205, ,
1, ,205, ,
1, ,205, ,
0, ,206, ,
3, ,206, ,
0, ,203, ,
1, ,207, ,
1, ,206, ,
1, ,205, ,
0, ,205, ,
3, ,206, ,
0, ,206, ,
1, ,206, ,
1, ,205, ,
1, ,203, ,
0, ,206, ,
3, ,205, ,
0, ,203, ,
1, ,206, ,
1, ,206, ,
1, ,205, ,
0, ,205, ,
3, ,205, ,
0, ,203, ,
1, ,206, ,
1, ,205, ,
1, ,206, ,
0, ,205, ,
3, ,206, ,
1, ,203, ,
1, ,205, ,
1, ,205, ,
1, ,205, ,
0, ,205, ,
3, ,206, ,
0, ,203, ,
1, ,205, ,
1, ,203, ,
3, ,205, ,
0, ,207, ,
3, ,206, ,
1, ,203, ,
1, ,206, ,
1, ,205, ,
3, ,206, ,
0, ,206, ,
3, ,205, ,
0, ,205, ,
1, ,205, ,
3, ,203, ,
1, ,205, ,
0, ,205, ,
3, ,205, ,
0, ,205, ,
1, ,205, ,
3, ,206, ,
1, ,205, ,
0, ,205, ,
3, ,205, ,
0, ,206, ,
1, ,206, ,
1, ,205, ,
1, ,205, ,
0, ,206, ,
3, ,205, ,
1, ,203, ,
1, ,205, ,
3, ,206, ,
1, ,205, ,
0, ,205, ,
3, ,203, ,
0, ,205, ,
1, ,206, ,
1, ,205, ,
1, ,203, ,
0, ,206, ,
3, ,205, ,
1, ,203, ,
1, ,205, ,
1, ,206, ,
1, ,205, ,
0, ,206, ,
3, ,205, ,
0, ,206, ,
1, ,206, ,
1, ,205, ,
1, ,205, ,
0, ,205, ,
3, ,205, ,
0, ,205, ,
1, ,206, ,
1, ,205, ,
1, ,203, ,
0, ,205, ,
3, ,206, ,
0, ,205, ,
1, ,206, ,
1, ,203, ,
1, ,203, ,
0, ,205, ,
3, ,205, ,
1, ,205, ,
1, ,206, ,
3, ,205, ,
1, ,205, ,
0, ,205, ,
1, ,205, ,
0, ,205, ,
1, ,206, ,
1, ,206, ,
1, ,203, ,
0, ,206, ,
3, ,205, ,
0, ,203, ,
1, ,206, ,
1, ,205, ,
1, ,203, ,
0, ,205, ,
3, ,205, ,
0, ,206, ,
1, ,206, ,
3, ,205, ,
1, ,205, ,
0, ,205, ,
1, ,206, ,
0, ,205, ,
1, ,206, ,
1, ,203, ,
1, ,205, ,
0, ,206, ,
3, ,205, ,
0, ,206, ,
1, ,206, ,
1, ,203, ,
1, ,206, ,
-1, ,206, ,
3, ,205, ,
1, ,202, ,
1, ,205, ,
1, ,205, ,
1, ,205, ,
0, ,205, ,
3, ,205, ,
0, ,206, ,
1, ,206, ,
1, ,203, ,
1, ,205, ,
0, ,206, ,
3, ,206, ,
1, ,203, ,
0, ,206, ,
1, ,205, ,
1, ,206, ,
0, ,205, ,
3, ,205, ,
1, ,205, ,
1, ,205, ,
1, ,205, ,
1, ,205, ,
0, ,206, ,
3, ,205, ,
0, ,203, ,
1, ,205, ,
1, ,206, ,
1, ,205, ,
0, ,206, ,
3, ,205, ,
0, ,206, ,
1, ,206, ,
1, ,205, ,
1, ,203, ,
0, ,206, ,
3, ,203, ,
0, ,203, ,
1, ,206, ,
1, ,205, ,
1, ,205, ,
0, ,205, ,
3, ,203, ,
0, ,203, ,
0, ,206, ,
1, ,205, ,
1, ,205, ,
0, ,205, ,
3, ,206, ,
0, ,203, ,
1, ,205, ,
1, ,206, ,
1, ,205, ,
0, ,205, ,
3, ,206, ,
0, ,205, ,
1, ,206, ,
1, ,205, ,
1, ,203, ,
0, ,206, ,
3, ,203, ,
0, ,205, ,
1, ,205, ,
3, ,205, ,
1, ,203, ,
0, ,205, ,
3, ,203, ,
0, ,203, ,
1, ,206, ,
1, ,203, ,
1, ,205, ,
0, ,205, ,
1, ,203, ,
0, ,202, ,
0, ,206, ,
1, ,206, ,
1, ,205, ,
0, ,206, ,
3, ,203, ,
0, ,203, ,
1, ,205, ,
3, ,205, ,
1, ,205, ,
-1, ,206, ,
3, ,205, ,
0, ,202, ,
1, ,205, ,
3, ,205, ,
1, ,205, ,
0, ,206, ,
3, ,206, ,
0, ,205, ,
1, ,206, ,
1, ,205, ,
1, ,206, ,
0, ,205, ,
1, ,206, ,
0, ,203, ,
0, ,206, ,
1, ,205, ,
1, ,206, ,
0, ,205, ,
3, ,205, ,
0, ,205, ,
0, ,205, ,
3, ,205, ,
1, ,203, ,
0, ,206, ,
3, ,206, ,
0, ,203, ,
1, ,205, ,
1, ,205, ,
1, ,203, ,
0, ,206, ,
3, ,205, ,
0, ,206, ,
0, ,206, ,
3, ,205, ,
1, ,205, ,
0, ,206, ,
3, ,206, ,
0, ,202, ,
1, ,205, ,
1, ,206, ,
1, ,206, ,
0, ,206, ,
1, ,206, ,
0, ,206, ,
1, ,206, ,
1, ,203, ,
1, ,203, ,
0, ,205, ,
3, ,206, ,
0, ,206, ,
1, ,205, ,
1, ,205, ,
1, ,205, ,
0, ,205, ,
1, ,205, ,
0, ,205, ,
0, ,206, ,
1, ,203, ,
1, ,203, ,
0, ,206, ,
1, ,206, ,
0, ,203, ,
1, ,206, ,
1, ,206, ,
1, ,206, ,
0, ,205, ,
1, ,206, ,
0, ,205, ,
1, ,206, ,
1, ,206, ,
1, ,206, ,
0, ,206, ,
3, ,205, ,
0, ,203, ,
1, ,206, ,
1, ,206, ,
1, ,203, ,
0, ,206, ,
3, ,205, ,
0, ,205, ,
0, ,205, ,
1, ,205, ,
1, ,203, ,
0, ,206, ,
3, ,206, ,
0, ,202, ,
1, ,205, ,
1, ,205, ,
1, ,205, ,
0, ,206, ,
3, ,205, ,
0, ,205, ,
1, ,205, ,
1, ,203, ,
1, ,205, ,
0, ,206, ,
3, ,205, ,
0, ,203, ,
1, ,206, ,
1, ,205, ,
1, ,206, ,
0, ,205, ,
3, ,205, ,
1, ,205, ,
0, ,206, ,
1, ,205, ,
1, ,205, ,
0, ,206, ,
3, ,206, ,
0, ,203, ,
1, ,206, ,
1, ,205, ,
1, ,203, ,
0, ,206, ,
3, ,203, ,
0, ,205, ,
1, ,205, ,
1, ,205, ,
3, ,205, ,
0, ,206, ,
3, ,205, ,
0, ,203, ,
0, ,206, ,
1, ,205, ,
1, ,205, ,
0, ,205, ,
3, ,205, ,
1, ,205, ,
0, ,206, ,
1, ,203, ,
1, ,205, ,
0, ,207, ,
3, ,205, ,
0, ,203, ,
1, ,205, ,
1, ,206, ,
1, ,206, ,
0, ,205, ,
3, ,206, ,
0, ,206, ,
1, ,205, ,
1, ,205, ,
1, ,205, ,
0, ,205, ,
3, ,205, ,
0, ,205, ,
1, ,205, ,
1, ,205, ,
1, ,205, ,
0, ,205, ,
1, ,206, ,
0, ,205, ,
0, ,206, ,
1, ,203, ,
1, ,205, ,
0, ,205, ,
3, ,205, ,
0, ,205, ,
0, ,205, ,
1, ,206, ,
1, ,206, ,
0, ,205, ,
3, ,203, ,
0, ,205, ,
1, ,205, ,
1, ,206, ,
1, ,205, ,
0, ,206, ,
1, ,206, ,
0, ,203, ,
1, ,205, ,
1, ,205, ,
1, ,206, ,
0, ,206, ,
3, ,205, ,
0, ,203, ,
0, ,206, ,
1, ,205, ,
1, ,205, ,
0, ,206, ,
1, ,206, ,
0, ,203, ,
1, ,205, ,
1, ,205, ,
1, ,206, ,
0, ,205, ,
3, ,205, ,
0, ,203, ,
1, ,205, ,
1, ,205, ,
1, ,205, ,
0, ,206, ,
1, ,205, ,
0, ,203, ,
0, ,206, ,
1, ,205, ,
1, ,205, ,
0, ,205, ,
3, ,205, ,
0, ,203, ,
0, ,206, ,
1, ,205, ,
1, ,205, ,
0, ,206, ,
1, ,206, ,
0, ,205, ,
0, ,206, ,
1, ,206, ,
1, ,206, ,
0, ,206, ,
1, ,205, ,
0, ,205, ,
1, ,206, ,
1, ,206, ,
1, ,203, ,
0, ,206, ,
1, ,205, ,
0, ,203, ,
1, ,205, ,
1, ,205, ,
1, ,206, ,
0, ,203, ,
3, ,205, ,
0, ,203, ,
0, ,206, ,
1, ,203, ,
1, ,203, ,
0, ,205, ,
3, ,205, ,
0, ,206, ,
1, ,205, ,
1, ,206, ,
1, ,206, ,
0, ,205, ,
3, ,206, ,
0, ,205, ,
1, ,206, ,
1, ,205, ,
1, ,205, ,
0, ,206, ,
3, ,206, ,
0, ,203, ,
0, ,206, ,
1, ,206, ,
1, ,205, ,
0, ,205, ,
3, ,205, ,
0, ,203, ,
0, ,205, ,
1, ,203, ,
1, ,205, ,
0, ,206, ,
3, ,206, ,
0, ,205, ,
0, ,206, ,
1, ,205, ,
1, ,205, ,
0, ,205, ,
3, ,205, ,
0, ,206, ,
1, ,206, ,
3, ,206, ,
1, ,203, ,
0, ,206, ,
1, ,206, ,
0, ,205, ,
1, ,206, ,
1, ,205, ,
1, ,205, ,
0, ,203, ,
1, ,206, ,
0, ,206, ,
0, ,206, ,
1, ,205, ,
1, ,203, ,
0, ,205, ,
1, ,205, ,
0, ,205, ,
0, ,206, ,
1, ,206, ,
1, ,205, ,
0, ,205, ,
1, ,206, ,
0, ,205, ,
0, ,206, ,
1, ,205, ,
1, ,205, ,
0, ,206, ,
3, ,206, ,
0, ,203, ,
0, ,205, ,
1, ,205, ,
1, ,206, ,
0, ,206, ,
3, ,205, ,
0, ,205, ,
0, ,206, ,
1, ,203, ,
1, ,205, ,
0, ,207, ,
1, ,205, ,
0, ,203, ,
0, ,205, ,
1, ,205, ,
1, ,206, ,
0, ,205, ,
1, ,205, ,
0, ,203, ,
1, ,206, ,
3, ,205, ,
1, ,202, ,
0, ,205, ,
3, ,202, ,
0, ,201, ,
1, ,206, ,
1, ,207, ,
1, ,207, ,
0, ,208, ,
1, ,205, ,
0, ,203, ,
0, ,203, ,
1, ,202, ,
1, ,203, ,
0, ,203, ,
3, ,206, ,
0, ,205, ,
1, ,206, ,
1, ,205, ,
1, ,202, ,
0, ,205, ,
3, ,198, ,
1, ,202, ,
1, ,209, ,
1, ,209, ,
1, ,206, ,
0, ,205, ,
1, ,203, ,
0, ,202, ,
1, ,205, ,
1, ,205, ,
1, ,205, ,
0, ,205, ,
1, ,203, ,
0, ,203, ,
0, ,206, ,
1, ,205, ,
1, ,201, ,
0, ,206, ,
3, ,205, ,
0, ,203, ,
0, ,205, ,
1, ,203, ,
1, ,206, ,
0, ,206, ,
3, ,203, ,
0, ,205, ,
1, ,205, ,
1, ,203, ,
1, ,202, ,
0, ,208, ,
3, ,205, ,
0, ,203, ,
1, ,205, ,
1, ,205, ,
1, ,203, ,
0, ,203, ,
3, ,203, ,
0, ,203, ,
0, ,206, ,
1, ,203, ,
1, ,203, ,
-1, ,206, ,
1, ,205, ,
0, ,203, ,
0, ,205, ,
1, ,203, ,
1, ,203, ,
0, ,206, ,
1, ,203, ,
0, ,203, ,
0, ,205, ,
1, ,203, ,
1, ,205, ,
0, ,206, ,
3, ,205, ,
1, ,203, ,
1, ,205, ,
1, ,205, ,
1, ,205, ,
0, ,205, ,
1, ,203, ,
0, ,205, ,
1, ,205, ,
1, ,205, ,
1, ,203, ,
0, ,206, ,
1, ,205, ,
0, ,202, ,
1, ,203, ,
1, ,203, ,
1, ,205, ,
0, ,205, ,
3, ,203, ,
0, ,205, ,
1, ,205, ,
1, ,203, ,
1, ,203, ,
0, ,206, ,
1, ,205, ,
0, ,205, ,
0, ,203, ,
1, ,205, ,
1, ,203, ,
-1, ,205, ,
1, ,205, ,
0, ,203, ,
0, ,205, ,
1, ,203, ,
1, ,203, ,
0, ,206, ,
3, ,206, ,
0, ,205, ,
1, ,206, ,
1, ,205, ,
1, ,205, ,
0, ,205, ,
1, ,205, ,
0, ,206, ,
0, ,206, ,
1, ,206, ,
1, ,206, ,
-1, ,206, ,
1, ,205, ,
0, ,203, ,
0, ,206, ,
1, ,206, ,
1, ,206, ,
0, ,206, ,
1, ,205, ,
0, ,203, ,
1, ,205, ,
1, ,206, ,
1, ,206, ,
0, ,207, ,
3, ,203, ,
0, ,202, ,
0, ,206, ,
1, ,208, ,
1, ,207, ,
0, ,205, ,
1, ,203, ,
0, ,205, ,
1, ,205, ,
1, ,203, ,
1, ,203, ,
0, ,206, ,
3, ,206, ,
0, ,205, ,
1, ,205, ,
1, ,205, ,
1, ,205, ,
0, ,206, ,
3, ,206, ,
0, ,205, ,
1, ,206, ,
1, ,205, ,
1, ,205, ,
0, ,206, ,
3, ,203, ,
0, ,205, ,
0, ,206, ,
1, ,205, ,
1, ,205, ,
0, ,205, ,
3, ,205, ,
0, ,206, ,
1, ,206, ,
1, ,206, ,
1, ,203, ,
0, ,206, ,
3, ,205, ,
0, ,205, ,
1, ,206, ,
1, ,206, ,
1, ,205, ,
-1, ,205, ,
1, ,203, ,
0, ,205, ,
0, ,206, ,
1, ,205, ,
1, ,203, ,
0, ,205, ,
3, ,206, ,
0, ,206, ,
0, ,206, ,
1, ,206, ,
1, ,206, ,
0, ,206, ,
3, ,205, ,
0, ,205, ,
0, ,206, ,
1, ,203, ,
1, ,205, ,
0, ,208, ,
1, ,205, ,
0, ,203, ,
0, ,205, ,
1, ,205, ,
1, ,205, ,
0, ,206, ,
3, ,203, ,
0, ,205, ,
0, ,206, ,
1, ,205, ,
1, ,203, ,
0, ,206, ,
3, ,206, ,
0, ,202, ,
0, ,205, ,
1, ,205, ,
1, ,206, ,
0, ,206, ,
1, ,205, ,
0, ,203, ,
0, ,206, ,
1, ,203, ,
1, ,205, ,
0, ,207, ,
3, ,206, ,
0, ,205, ,
0, ,205, ,
1, ,206, ,
1, ,205, ,
0, ,205, ,
3, ,203, ,
0, ,205, ,
1, ,206, ,
1, ,203, ,
1, ,205, ,
0, ,206, ,
3, ,205, ,
0, ,203, ,
0, ,206, ,
1, ,205, ,
1, ,206, ,
0, ,206, ,
3, ,205, ,
0, ,205, ,
0, ,206, ,
1, ,205, ,
1, ,203, ,
0, ,207, ,
1, ,206, ,
0, ,203, ,
1, ,205, ,
1, ,205, ,
1, ,205, ,
0, ,206, ,
1, ,205, ,
0, ,206, ,
1, ,206, ,
1, ,203, ,
1, ,205, ,
0, ,206, ,
1, ,205, ,
0, ,205, ,
1, ,205, ,
1, ,205, ,
1, ,205, ,
0, ,205, ,
1, ,206, ,
0, ,205, ,
0, ,206, ,
1, ,205, ,
1, ,205, ,
0, ,206, ,
1, ,205, ,
0, ,203, ,
0, ,205, ,
1, ,206, ,
1, ,206, ,
0, ,205, ,
1, ,203, ,
0, ,205, ,
1, ,206, ,
1, ,206, ,
1, ,205, ,
0, ,206, ,
3, ,206, ,
1, ,203, ,
0, ,205, ,
1, ,206, ,
1, ,206, ,
0, ,205, ,
3, ,205, ,
0, ,205, ,
1, ,205, ,
1, ,205, ,
1, ,203, ,
0, ,207, ,
1, ,206, ,
0, ,205, ,
0, ,206, ,
1, ,203, ,
1, ,206, ,
0, ,206, ,
1, ,203, ,
0, ,206, ,
1, ,206, ,
1, ,203, ,
1, ,205, ,
0, ,206, ,
3, ,205, ,
0, ,203, ,
0, ,205, ,
1, ,206, ,
1, ,205, ,
0, ,206, ,
3, ,205, ,
0, ,206, ,
0, ,205, ,
1, ,203, ,
1, ,205, ,
0, ,205, ,
1, ,205, ,
0, ,203, ,
1, ,203, ,
1, ,205, ,
1, ,206, ,
0, ,206, ,
3, ,205, ,
0, ,205, ,
0, ,206, ,
1, ,203, ,
1, ,205, ,
0, ,206, ,
1, ,205, ,
0, ,203, ,
1, ,205, ,
1, ,203, ,
1, ,205, ,
0, ,205, ,
1, ,205, ,
0, ,205, ,
0, ,205, ,
1, ,203, ,
1, ,203, ,
0, ,206, ,
1, ,206, ,
0, ,206, ,
0, ,205, ,
1, ,205, ,
1, ,206, ,
0, ,206, ,
1, ,205, ,
0, ,203, ,
0, ,205, ,
1, ,203, ,
1, ,205, ,
0, ,207, ,
1, ,206, ,
0, ,203, ,
0, ,205, ,
1, ,205, ,
1, ,205, ,
0, ,206, ,
3, ,205, ,
0, ,206, ,
0, ,206, ,
1, ,202, ,
1, ,202, ,
0, ,206, ,
1, ,205, ,
0, ,205, ,
0, ,205, ,
1, ,205, ,
1, ,205, ,
0, ,205, ,
1, ,205, ,
0, ,205, ,
0, ,205, ,
1, ,203, ,
1, ,203, ,
0, ,207, ,
3, ,205, ,
0, ,205, ,
0, ,205, ,
1, ,206, ,
1, ,206, ,
0, ,205, ,
3, ,203, ,
0, ,205, ,
1, ,205, ,
1, ,206, ,
1, ,203, ,
0, ,206, ,
3, ,206, ,
0, ,203, ,
1, ,205, ,
1, ,205, ,
1, ,205, ,
0, ,205, ,
3, ,203, ,
0, ,205, ,
1, ,205, ,
1, ,206, ,
1, ,203, ,
0, ,206, ,
1, ,205, ,
0, ,205, ,
0, ,203, ,
1, ,205, ,
1, ,203, ,
0, ,205, ,
1, ,206, ,
0, ,205, ,
0, ,205, ,
1, ,205, ,
1, ,206, ,
0, ,206, ,
3, ,205, ,
0, ,205, ,
0, ,205, ,
1, ,206, ,
1, ,205, ,
0, ,206, ,
3, ,205, ,
0, ,205, ,
0, ,205, ,
1, ,205, ,
1, ,205, ,
-1, ,206, ,
1, ,206, ,
0, ,205, ,
0, ,205, ,
1, ,205, ,
1, ,206, ,
0, ,205, ,
1, ,205, ,
0, ,206, ,
0, ,206, ,
1, ,203, ,
1, ,205, ,
0, ,206, ,
3, ,206, ,
0, ,205, ,
0, ,206, ,
1, ,205, ,
1, ,206, ,
0, ,205, ,
1, ,205, ,
0, ,206, ,
0, ,206, ,
1, ,203, ,
1, ,203, ,
0, ,206, ,
1, ,206, ,
0, ,203, ,
0, ,205, ,
1, ,206, ,
1, ,205, ,
0, ,206, ,
3, ,205, ,
0, ,203, ,
0, ,207, ,
1, ,203, ,
1, ,203, ,
0, ,206, ,
1, ,206, ,
0, ,205, ,
0, ,205, ,
1, ,205, ,
1, ,206, ,
0, ,206, ,
3, ,205, ,
0, ,206, ,
0, ,206, ,
1, ,203, ,
1, ,205, ,
-1, ,205, ,
1, ,205, ,
0, ,205, ,
1, ,205, ,
1, ,205, ,
1, ,205, ,
0, ,205, ,
1, ,206, ,
0, ,205, ,
0, ,205, ,
1, ,205, ,
1, ,203, ,
0, ,206, ,
1, ,205, ,
0, ,203, ,
1, ,206, ,
1, ,206, ,
1, ,203, ,
0, ,206, ,
1, ,205, ,
0, ,205, ,
0, ,205, ,
1, ,203, ,
1, ,205, ,
0, ,206, ,
1, ,206, ,
0, ,206, ,
0, ,206, ,
1, ,205, ,
1, ,205, ,
0, ,206, ,
1, ,205, ,
0, ,206, ,
1, ,205, ,
1, ,205, ,
1, ,203, ,
0, ,206, ,
1, ,206, ,
0, ,203, ,
1, ,205, ,
1, ,205, ,
1, ,205, ,
0, ,206, ,
1, ,205, ,
0, ,206, ,
0, ,206, ,
1, ,206, ,
1, ,203, ,
0, ,205, ,
3, ,206, ,
0, ,205, ,
0, ,203, ,
1, ,205, ,
1, ,205, ,
0, ,206, ,
3, ,205, ,
0, ,205, ,
1, ,206, ,
1, ,205, ,
1, ,203, ,
0, ,206, ,
1, ,206, ,
0, ,205, ,
0, ,206, ,
1, ,205, ,
1, ,205, ,
0, ,205, ,
1, ,203, ,
0, ,205, ,
1, ,205, ,
1, ,205, ,
1, ,203, ,
0, ,205, ,
3, ,205, ,
0, ,205, ,
0, ,203, ,
1, ,205, ,
1, ,206, ,
0, ,206, ,
1, ,205, ,
0, ,205, ,
1, ,206, ,
1, ,205, ,
1, ,203, ,
0, ,206, ,
1, ,206, ,
0, ,205, ,
1, ,206, ,
1, ,205, ,
1, ,203, ,
0, ,205, ,
1, ,205, ,
0, ,203, ,
0, ,205, ,
1, ,203, ,
1, ,203, ,
-1, ,206, ,
3, ,205, ,
0, ,203, ,
0, ,205, ,
1, ,206, ,
1, ,205, ,
0, ,205, ,
3, ,205, ,
0, ,205, ,
0, ,205, ,
1, ,203, ,
1, ,203, ,
0, ,208, ,
1, ,205, ,
0, ,203, ,
1, ,206, ,
1, ,198, ,
1, ,203, ,
0, ,210, ,
1, ,208, ,
0, ,205, ,
0, ,203, ,
1, ,203, ,
1, ,205, ,
0, ,206, ,
1, ,205, ,
0, ,206, ,
0, ,205, ,
1, ,203, ,
1, ,203, ,
0, ,206, ,
1, ,205, ,
0, ,205, ,
0, ,205, ,
1, ,205, ,
1, ,203, ,
0, ,206, ,
1, ,205, ,
0, ,203, ,
0, ,205, ,
1, ,205, ,
1, ,203, ,
0, ,206, ,
1, ,205, ,
0, ,205, ,
0, ,206, ,
1, ,202, ,
1, ,205, ,
0, ,205, ,
1, ,206, ,
0, ,203, ,
0, ,205, ,
1, ,203, ,
1, ,206, ,
0, ,206, ,
3, ,203, ,
0, ,203, ,
0, ,206, ,
1, ,203, ,
1, ,203, ,
0, ,207, ,
1, ,206, ,
0, ,203, ,
1, ,206, ,
1, ,206, ,
1, ,205, ,
0, ,205, ,
1, ,203, ,
0, ,205, ,
0, ,206, ,
1, ,205, ,
1, ,205, ,
0, ,206, ,
1, ,205, ,
0, ,205, ,
0, ,203, ,
1, ,203, ,
1, ,203, ,
0, ,206, ,
1, ,206, ,
0, ,206, ,
1, ,206, ,
1, ,206, ,
1, ,203, ,
0, ,206, ,
1, ,203, ,
0, ,203, ,
0, ,205, ,
1, ,203, ,
1, ,203, ,
0, ,206, ,
1, ,205, ,
0, ,203, ,
0, ,206, ,
1, ,202, ,
1, ,203, ,
0, ,205, ,
1, ,205, ,
0, ,203, ,
0, ,205, ,
1, ,205, ,
1, ,203, ,
0, ,205, ,
3, ,205, ,
1, ,203, ,
1, ,205, ,
1, ,203, ,
1, ,203, ,
0, ,206, ,
1, ,206, ,
0, ,203, ,
1, ,203, ,
1, ,205, ,
1, ,203, ,
0, ,205, ,
3, ,205, ,
0, ,203, ,
0, ,206, ,
1, ,205, ,
1, ,205, ,
-1, ,207, ,
3, ,205, ,
0, ,203, ,
0, ,205, ,
1, ,205, ,
1, ,205, ,
0, ,205, ,
1, ,205, ,
0, ,203, ,
0, ,205, ,
1, ,203, ,
1, ,203, ,
0, ,207, ,
1, ,206, ,
0, ,203, ,
0, ,205, ,
1, ,205, ,
1, ,205, ,
-1, ,205, ,
1, ,205, ,
0, ,205, ,
0, ,205, ,
1, ,203, ,
1, ,203, ,
-1, ,205, ,
1, ,205, ,
0, ,203, ,
0, ,205, ,
1, ,205, ,
1, ,205, ,
0, ,205, ,
1, ,205, ,
0, ,205, ,
0, ,206, ,
1, ,205, ,
1, ,205, ,
-1, ,206, ,
1, ,205, ,
0, ,202, ,
0, ,205, ,
1, ,205, ,
1, ,205, ,
0, ,205, ,
3, ,203, ,
0, ,205, ,
0, ,206, ,
1, ,203, ,
1, ,203, ,
0, ,205, ,
3, ,206, ,
0, ,203, ,
0, ,206, ,
1, ,205, ,
1, ,205, ,
0, ,205, ,
3, ,203, ,
0, ,205, ,
0, ,205, ,
1, ,205, ,
1, ,205, ,
0, ,207, ,
1, ,206, ,
0, ,203, ,
0, ,205, ,
1, ,206, ,
1, ,205, ,
0, ,206, ,
1, ,205, ,
0, ,205, ,
0, ,206, ,
1, ,203, ,
1, ,205, ,
0, ,206, ,
1, ,203, ,
0, ,203, ,
0, ,205, ,
1, ,206, ,
1, ,205, ,
0, ,205, ,
1, ,206, ,
0, ,205, ,
0, ,206, ,
1, ,205, ,
1, ,203, ,
0, ,207, ,
1, ,205, ,
0, ,205, ,
0, ,206, ,
1, ,205, ,
1, ,206, ,
0, ,205, ,
1, ,205, ,
0, ,205, ,
0, ,206, ,
1, ,205, ,
1, ,203, ,
0, ,206, ,
1, ,206, ,
0, ,205, ,
0, ,206, ,
1, ,206, ,
1, ,205, ,
0, ,205, ,
1, ,205, ,
0, ,205, ,
0, ,205, ,
1, ,203, ,
1, ,205, ,
0, ,206, ,
3, ,206, ,
0, ,206, ,
0, ,205, ,
1, ,203, ,
1, ,203, ,
0, ,205, ,
1, ,205, ,
0, ,205, ,
0, ,205, ,
1, ,203, ,
1, ,203, ,
0, ,206, ,
1, ,205, ,
0, ,203, ,
0, ,205, ,
1, ,205, ,
1, ,206, ,
0, ,205, ,
1, ,205, ,
0, ,206, ,
0, ,206, ,
1, ,206, ,
1, ,205, ,
0, ,206, ,
1, ,205, ,
0, ,203, ,
1, ,205, ,
1, ,206, ,
1, ,206, ,
0, ,205, ,
1, ,206, ,
0, ,205, ,
0, ,205, ,
1, ,205, ,
1, ,203, ,
-1, ,205, ,
3, ,205, ,
0, ,203, ,
0, ,205, ,
1, ,205, ,
1, ,205, ,
0, ,205, ,
1, ,205, ,
0, ,205, ,
0, ,206, ,
1, ,203, ,
1, ,203, ,
0, ,206, ,
3, ,203, ,
0, ,203, ,
0, ,205, ,
1, ,205, ,
1, ,206, ,
0, ,206, ,
1, ,205, ,
0, ,205, ,
0, ,206, ,
1, ,203, ,
1, ,203, ,
-1, ,206, ,
1, ,205, ,
0, ,203, ,
0, ,206, ,
1, ,206, ,
1, ,203, ,
0, ,205, ,
1, ,206, ,
0, ,203, ,
0, ,205, ,
1, ,205, ,
1, ,203, ,
-1, ,206, ,
1, ,206, ,
0, ,205, ,
0, ,206, ,
1, ,205, ,
1, ,203, ,
0, ,206, ,
3, ,205, ,
0, ,206, ,
0, ,206, ,
1, ,205, ,
1, ,205, ,
-1, ,206, ,
1, ,203, ,
0, ,203, ,
0, ,206, ,
1, ,205, ,
1, ,206, ,
0, ,206, ,
1, ,203, ,
0, ,206, ,
0, ,205, ,
1, ,205, ,
1, ,205, ,
0, ,206, ,
1, ,205, ,
0, ,205, ,
0, ,205, ,
1, ,206, ,
1, ,206, ,
0, ,205, ,
1, ,206, ,
0, ,203, ,
1, ,206, ,
1, ,205, ,
1, ,203, ,
-1, ,207, ,
1, ,206, ,
0, ,205, ,
0, ,205, ,
1, ,206, ,
1, ,205, ,
0, ,206, ,
3, ,203, ,
0, ,205, ,
0, ,205, ,
1, ,205, ,
1, ,205, ,
0, ,206, ,
1, ,205, ,
0, ,205, ,
0, ,205, ,
1, ,205, ,
1, ,203, ,
0, ,205, ,
3, ,206, ,
0, ,205, ,
1, ,206, ,
1, ,205, ,
1, ,205, ,
-1, ,206, ,
1, ,203, ,
0, ,205, ,
0, ,205, ,
1, ,205, ,
1, ,205, ,
0, ,206, ,
1, ,205, ,
0, ,206, ,
1, ,205, ,
1, ,205, ,
1, ,203, ,
0, ,206, ,
3, ,203, ,
0, ,205, ,
0, ,205, ,
1, ,205, ,
1, ,206, ,
0, ,206, ,
3, ,205, ,
0, ,203, ,
0, ,206, ,
1, ,205, ,
1, ,205, ,
-1, ,206, ,
1, ,205, ,
0, ,203, ,
0, ,205, ,
1, ,206, ,
1, ,203, ,
0, ,203, ,
1, ,203, ,
0, ,205, ,
0, ,205, ,
1, ,205, ,
0, ,203, ,
-1, ,205, ,
1, ,205, ,
1, ,205, ,
1, ,206, ,
3, ,205, ,
1, ,203, ,
0, ,205, ,
1, ,205, ,
0, ,206, ,
1, ,205, ,
1, ,203, ,
1, ,203, ,
-1, ,206, ,
1, ,205, ,
0, ,203, ,
0, ,206, ,
1, ,206, ,
1, ,205, ,
0, ,205, ,
1, ,205, ,
0, ,205, ,
0, ,206, ,
1, ,205, ,
1, ,205, ,
0, ,206, ,
1, ,206, ,
0, ,205, ,
0, ,205, ,
1, ,206, ,
1, ,206, ,
0, ,206, ,
1, ,205, ,
0, ,205, ,
0, ,206, ,
1, ,205, ,
1, ,205, ,
0, ,206, ,
3, ,205, ,
0, ,203, ,
0, ,206, ,
1, ,205, ,
1, ,205, ,
0, ,205, ,
1, ,205, ,
0, ,205, ,
0, ,206, ,
1, ,203, ,
1, ,203, ,
0, ,205, ,
1, ,205, ,
0, ,203, ,
0, ,205, ,
1, ,205, ,
1, ,203, ,
0, ,205, ,
1, ,203, ,
0, ,203, ,
0, ,203, ,
1, ,200, ,
1, ,201, ,
0, ,205, ,
1, ,207, ,
0, ,207, ,
0, ,208, ,
1, ,206, ,
1, ,205, ,
0, ,203, ,
1, ,202, ,
0, ,203, ,
1, ,203, ,
1, ,206, ,
1, ,203, ,
0, ,205, ,
3, ,205, ,
0, ,203, ,
0, ,205, ,
1, ,205, ,
1, ,205, ,
0, ,205, ,
3, ,203, ,
0, ,206, ,
1, ,205, ,
1, ,203, ,
1, ,205, ,
-1, ,203, ,
3, ,205, ,
0, ,206, ,
1, ,205, ,
1, ,203, ,
1, ,203, ,
0, ,205, ,
1, ,203, ,
0, ,203, ,
0, ,205, ,
1, ,203, ,
1, ,203, ,
0, ,205, ,
1, ,205, ,
0, ,203, ,
1, ,205, ,
1, ,203, ,
1, ,206, ,
0, ,205, ,
1, ,203, ,
0, ,205, ,
0, ,205, ,
1, ,203, ,
1, ,203, ,
0, ,205, ,
3, ,205, ,
0, ,205, ,
0, ,205, ,
1, ,205, ,
1, ,203, ,
0, ,205, ,
1, ,203, ,
0, ,205, ,
0, ,205, ,
1, ,203, ,
1, ,203, ,
0, ,205, ,
1, ,205, ,
0, ,202, ,
0, ,203, ,
1, ,202, ,
1, ,203, ,
0, ,205, ,
3, ,205, ,
0, ,206, ,
0, ,205, ,
1, ,203, ,
1, ,205, ,
0, ,205, ,
1, ,203, ,
0, ,203, ,
0, ,203, ,
1, ,205, ,
1, ,206, ,
0, ,205, ,
1, ,205, ,
0, ,205, ,
0, ,205, ,
1, ,205, ,
1, ,203, ,
0, ,206, ,
3, ,205, ,
0, ,203, ,
1, ,205, ,
1, ,203, ,
1, ,203, ,
0, ,205, ,
1, ,205, ,
0, ,206, ,
0, ,205, ,
1, ,205, ,
1, ,205, ,
-1, ,205, ,
1, ,205, ,
0, ,205, ,
0, ,205, ,
1, ,205, ,
1, ,203, ,
0, ,205, ,
3, ,205, ,
0, ,205, ,
0, ,206, ,
1, ,206, ,
1, ,206, ,
0, ,206, ,
1, ,206, ,
0, ,203, ,
0, ,205, ,
1, ,205, ,
1, ,205, ,
0, ,205, ,
1, ,205, ,
0, ,206, ,
0, ,206, ,
1, ,205, ,
1, ,205, ,
-1, ,205, ,
1, ,205, ,
0, ,203, ,
0, ,206, ,
1, ,206, ,
1, ,203, ,
0, ,205, ,
1, ,206, ,
0, ,206, ,
1, ,206, ,
1, ,205, ,
1, ,203, ,
-1, ,206, ,
1, ,206, ,
0, ,203, ,
0, ,206, ,
1, ,206, ,
1, ,205, ,
0, ,205, ,
3, ,205, ,
0, ,205, ,
0, ,205, ,
1, ,205, ,
1, ,205, ,
-1, ,206, ,
3, ,205, ,
0, ,203, ,
0, ,205, ,
1, ,206, ,
1, ,203, ,
0, ,205, ,
1, ,205, ,
1, ,206, ,
1, ,206, ,
1, ,206, ,
1, ,203, ,
0, ,206, ,
3, ,205, ,
0, ,203, ,
1, ,205, ,
1, ,206, ,
1, ,203, ,
0, ,205, ,
1, ,205, ,
0, ,205, ,
0, ,206, ,
1, ,205, ,
1, ,203, ,
-1, ,205, ,
1, ,205, ,
0, ,206, ,
1, ,206, ,
1, ,206, ,
1, ,203, ,
0, ,205, ,
3, ,205, ,
0, ,205, ,
1, ,206, ,
1, ,206, ,
1, ,205, ,
0, ,205, ,
1, ,205, ,
0, ,203, ,
0, ,206, ,
1, ,205, ,
1, ,205, ,
0, ,205, ,
1, ,205, ,
0, ,206, ,
0, ,206, ,
1, ,205, ,
1, ,205, ,
0, ,205, ,
3, ,205, ,
0, ,206, ,
0, ,205, ,
1, ,206, ,
1, ,206, ,
0, ,205, ,
3, ,203, ,
0, ,205, ,
0, ,206, ,
1, ,203, ,
1, ,203, ,
0, ,206, ,
1, ,205, ,
0, ,206, ,
0, ,206, ,
1, ,205, ,
1, ,205, ,
0, ,205, ,
1, ,205, ,
0, ,205, ,
0, ,206, ,
1, ,203, ,
1, ,203, ,
-1, ,205, ,
1, ,206, ,
0, ,203, ,
0, ,205, ,
1, ,206, ,
1, ,203, ,
0, ,205, ,
3, ,205, ,
0, ,205, ,
0, ,206, ,
1, ,205, ,
1, ,203, ,
0, ,206, ,
1, ,205, ,
0, ,203, ,
0, ,205, ,
1, ,205, ,
1, ,206, ,
0, ,205, ,
1, ,205, ,
0, ,205, ,
0, ,205, ,
1, ,205, ,
1, ,205, ,
0, ,206, ,
1, ,206, ,
0, ,203, ,
0, ,206, ,
1, ,206, ,
1, ,206, ,
0, ,205, ,
3, ,206, ,
0, ,205, ,
0, ,206, ,
1, ,205, ,
1, ,205, ,
0, ,206, ,
1, ,205, ,
0, ,203, ,
1, ,206, ,
1, ,203, ,
1, ,203, ,
0, ,206, ,
1, ,206, ,
0, ,206, ,
0, ,205, ,
1, ,206, ,
1, ,205, ,
-1, ,205, ,
3, ,206, ,
0, ,203, ,
0, ,206, ,
1, ,206, ,
1, ,205, ,
0, ,205, ,
1, ,205, ,
0, ,206, ,
1, ,205, ,
1, ,203, ,
1, ,205, ,
0, ,206, ,
3, ,206, ,
0, ,205, ,
0, ,206, ,
1, ,205, ,
1, ,203, ,
0, ,206, ,
3, ,206, ,
0, ,206, ,
0, ,206, ,
1, ,205, ,
1, ,206, ,
-1, ,205, ,
3, ,205, ,
0, ,203, ,
1, ,205, ,
1, ,206, ,
1, ,206, ,
0, ,206, ,
3, ,203, ,
0, ,206, ,
1, ,206, ,
1, ,206, ,
1, ,205, ,
0, ,206, ,
1, ,206, ,
0, ,203, ,
1, ,206, ,
1, ,205, ,
1, ,205, ,
0, ,206, ,
1, ,203, ,
0, ,205, ,
1, ,206, ,
1, ,206, ,
1, ,205, ,
0, ,206, ,
1, ,206, ,
0, ,203, ,
0, ,205, ,
1, ,206, ,
1, ,205, ,
0, ,205, ,
3, ,206, ,
0, ,206, ,
1, ,205, ,
1, ,206, ,
1, ,203, ,
0, ,206, ,
1, ,206, ,
0, ,203, ,
1, ,205, ,
1, ,205, ,
1, ,203, ,
-1, ,205, ,
1, ,205, ,
0, ,206, ,
0, ,206, ,
1, ,206, ,
1, ,203, ,
0, ,206, ,
3, ,206, ,
0, ,203, ,
0, ,206, ,
1, ,205, ,
1, ,206, ,
0, ,206, ,
3, ,205, ,
0, ,205, ,
0, ,206, ,
1, ,203, ,
1, ,203, ,
-1, ,206, ,
1, ,206, ,
0, ,203, ,
0, ,205, ,
1, ,206, ,
1, ,206, ,
0, ,205, ,
1, ,205, ,
0, ,205, ,
0, ,206, ,
1, ,206, ,
1, ,206, ,
-1, ,205, ,
1, ,205, ,
0, ,203, ,
0, ,206, ,
1, ,206, ,
1, ,205, ,
0, ,205, ,
1, ,205, ,
0, ,205, ,
0, ,205, ,
1, ,205, ,
1, ,205, ,
0, ,206, ,
3, ,206, ,
0, ,205, ,
0, ,206, ,
1, ,206, ,
1, ,206, ,
0, ,205, ,
3, ,206, ,
0, ,205, ,
0, ,206, ,
1, ,205, ,
1, ,205, ,
0, ,206, ,
1, ,205, ,
0, ,205, ,
1, ,206, ,
1, ,206, ,
1, ,205, ,
0, ,205, ,
1, ,203, ,
0, ,203, ,
0, ,205, ,
1, ,206, ,
1, ,203, ,
0, ,206, ,
3, ,206, ,
0, ,203, ,
0, ,205, ,
1, ,206, ,
1, ,206, ,
0, ,206, ,
1, ,205, ,
0, ,205, ,
0, ,205, ,
1, ,206, ,
1, ,205, ,
0, ,206, ,
1, ,205, ,
0, ,205, ,
0, ,206, ,
1, ,205, ,
1, ,205, ,
-1, ,205, ,
1, ,205, ,
0, ,205, ,
1, ,205, ,
1, ,205, ,
1, ,205, ,
0, ,206, ,
1, ,206, ,
0, ,203, ,
0, ,205, ,
1, ,203, ,
1, ,206, ,
0, ,205, ,
1, ,206, ,
0, ,206, ,
0, ,206, ,
1, ,205, ,
1, ,205, ,
0, ,206, ,
1, ,205, ,
0, ,205, ,
0, ,206, ,
1, ,205, ,
1, ,206, ,
0, ,205, ,
1, ,205, ,
0, ,206, ,
0, ,206, ,
1, ,205, ,
1, ,206, ,
0, ,206, ,
1, ,205, ,
0, ,203, ,
0, ,205, ,
1, ,205, ,
1, ,206, ,
0, ,206, ,
1, ,205, ,
0, ,205, ,
0, ,206, ,
1, ,203, ,
1, ,203, ,
-1, ,206, ,
1, ,205, ,
0, ,205, ,
0, ,206, ,
1, ,205, ,
1, ,206, ,
0, ,205, ,
3, ,205, ,
0, ,205, ,
0, ,206, ,
1, ,206, ,
1, ,203, ,
0, ,206, ,
1, ,203, ,
0, ,198, ,
0, ,203, ,
1, ,211, ,
1, ,209, ,
0, ,203, ,
1, ,201, ,
0, ,205, ,
0, ,206, ,
1, ,206, ,
1, ,205, ,
-1, ,206, ,
3, ,203, ,
0, ,203, ,
0, ,205, ,
1, ,206, ,
1, ,203, ,
0, ,205, ,
1, ,205, ,
0, ,205, ,
0, ,206, ,
1, ,205, ,
1, ,205, ,
0, ,207, ,
1, ,206, ,
0, ,203, ,
0, ,205, ,
1, ,205, ,
1, ,205, ,
0, ,206, ,
3, ,205, ,
0, ,206, ,
1, ,206, ,
1, ,206, ,
1, ,203, ,
0, ,205, ,
1, ,205, ,
0, ,205, ,
0, ,205, ,
1, ,205, ,
1, ,206, ,
0, ,205, ,
1, ,205, ,
0, ,203, ,
0, ,205, ,
1, ,203, ,
1, ,202, ,
0, ,205, ,
1, ,203, ,
0, ,205, ,
0, ,206, ,
1, ,207, ,
1, ,206, ,
0, ,205, ,
1, ,205, ,
0, ,205, ,
0, ,203, ,
1, ,205, ,
1, ,203, ,
0, ,205, ,
1, ,206, ,
0, ,205, ,
0, ,205, ,
1, ,206, ,
1, ,205, ,
0, ,205, ,
1, ,203, ,
0, ,206, ,
0, ,206, ,
1, ,205, ,
1, ,203, ,
0, ,206, ,
1, ,206, ,
0, ,205, ,
0, ,205, ,
1, ,206, ,
1, ,205, ,
0, ,205, ,
1, ,203, ,
0, ,205, ,
0, ,207, ,
1, ,205, ,
1, ,205, ,
0, ,206, ,
3, ,205, ,
0, ,205, ,
0, ,205, ,
1, ,206, ,
1, ,206, ,
0, ,206, ,
1, ,205, ,
0, ,205, ,
0, ,205, ,
1, ,205, ,
1, ,205, ,
0, ,206, ,
1, ,205, ,
0, ,203, ,
1, ,203, ,
1, ,206, ,
1, ,205, ,
0, ,206, ,
1, ,205, ,
0, ,205, ,
0, ,206, ,
1, ,203, ,
1, ,203, ,
0, ,205, ,
3, ,206, ,
0, ,203, ,
0, ,205, ,
1, ,206, ,
1, ,205, ,
0, ,205, ,
1, ,205, ,
0, ,203, ,
0, ,206, ,
1, ,203, ,
1, ,203, ,
-1, ,206, ,
1, ,205, ,
0, ,203, ,
0, ,206, ,
1, ,206, ,
1, ,205, ,
0, ,205, ,
1, ,206, ,
0, ,205, ,
0, ,206, ,
1, ,203, ,
1, ,203, ,
0, ,206, ,
1, ,206, ,
0, ,205, ,
0, ,205, ,
1, ,205, ,
1, ,205, ,
0, ,205, ,
1, ,203, ,
0, ,205, ,
0, ,205, ,
1, ,206, ,
1, ,203, ,
0, ,206, ,
1, ,206, ,
0, ,205, ,
1, ,205, ,
1, ,205, ,
1, ,203, ,
0, ,205, ,
1, ,205, ,
0, ,203, ,
1, ,206, ,
1, ,203, ,
1, ,203, ,
0, ,206, ,
1, ,205, ,
0, ,203, ,
0, ,205, ,
1, ,205, ,
1, ,205, ,
0, ,206, ,
1, ,205, ,
0, ,205, ,
0, ,206, ,
1, ,206, ,
1, ,203, ,
0, ,207, ,
1, ,205, ,
0, ,203, ,
0, ,205, ,
1, ,205, ,
1, ,206, ,
0, ,205, ,
1, ,205, ,
0, ,205, ,
1, ,205, ,
1, ,203, ,
1, ,203, ,
0, ,205, ,
3, ,205, ,
0, ,205, ,
0, ,205, ,
1, ,206, ,
1, ,206, ,
0, ,206, ,
1, ,205, ,
0, ,205, ,
1, ,206, ,
1, ,203, ,
1, ,203, ,
0, ,207, ,
1, ,205, ,
0, ,203, ,
0, ,205, ,
1, ,206, ,
1, ,205, ,
0, ,206, ,
1, ,205, ,
0, ,206, ,
1, ,205, ,
1, ,205, ,
1, ,203, ,
0, ,206, ,
1, ,206, ,
0, ,205, ,
0, ,205, ,
1, ,206, ,
1, ,205, ,
0, ,206, ,
1, ,205, ,
0, ,203, ,
0, ,205, ,
1, ,205, ,
1, ,203, ,
0, ,206, ,
1, ,206, ,
0, ,205, ,
1, ,205, ,
1, ,205, ,
1, ,206, ,
0, ,205, ,
1, ,205, ,
0, ,205, ,
0, ,206, ,
1, ,203, ,
1, ,203, ,
0, ,206, ,
1, ,205, ,
0, ,203, ,
0, ,203, ,
1, ,206, ,
1, ,206, ,
0, ,205, ,
