Format,1.0B,
Memory Length,10000,Memory Length,10000,
IntpDistance,0,IntpDistance,0,
Trigger Address,5159,Trigger Address,5159,
Trigger Level,3.000E-01,Trigger Level,3.000E-01,
Source,CH1,Source,CH2,
Vertical Units,V,Vertical Units,V,
Vertical Units Div,0,Vertical Units Div,0,
Vertical Units Extend Div,16,Vertical Units Extend Div,16,
Label,,Label,,
Probe Type,0,Probe Type,0,
Probe Ratio,1.000e+01,Probe Ratio,1.000e+00,
Vertical Scale,5.000e-01,Vertical Scale,2.000e-01,
Vertical Position,-1.780e+00,Vertical Position,-2.240e+00,
Horizontal Units,S,Horizontal Units,S,
Horizontal Scale,2.000E-05,Horizontal Scale,2.000E-05,
Horizontal Position,-3.200E-06,Horizontal Position,-3.200E-06,
Horizontal Mode,Main,Horizontal Mode,Main,
SincET Mode,Real Time,SincET Mode,Real Time,
Sampling Period,2.000e-08,Sampling Period,2.000e-08,
Horizontal Old Scale,2.000E-05,Horizontal Old Scale,2.000E-05,
Horizontal Old Position,-3.200E-06,Horizontal Old Position,-3.200E-06,
Firmware,V1.23,Firmware,V1.23,
Mode,Fast,Mode,Fast,
Waveform Data,,Waveform Data,,
1, ,341, ,
1, ,340, ,
3, ,341, ,
1, ,338, ,
0, ,340, ,
3, ,341, ,
1, ,341, ,
1, ,338, ,
1, ,341, ,
1, ,340, ,
0, ,340, ,
3, ,338, ,
1, ,342, ,
1, ,338, ,
3, ,342, ,
1, ,340, ,
0, ,340, ,
3, ,340, ,
1, ,342, ,
1, ,338, ,
3, ,341, ,
1, ,340, ,
0, ,340, ,
3, ,338, ,
1, ,341, ,
1, ,340, ,
3, ,341, ,
1, ,338, ,
0, ,340, ,
3, ,340, ,
1, ,342, ,
1, ,340, ,
1, ,341, ,
1, ,340, ,
0, ,340, ,
3, ,338, ,
1, ,341, ,
1, ,340, ,
3, ,341, ,
3, ,340, ,
0, ,340, ,
3, ,340, ,
1, ,342, ,
1, ,338, ,
3, ,341, ,
1, ,341, ,
0, ,341, ,
3, ,340, ,
1, ,341, ,
1, ,340, ,
3, ,340, ,
1, ,338, ,
0, ,340, ,
3, ,340, ,
1, ,341, ,
1, ,338, ,
3, ,341, ,
1, ,340, ,
0, ,340, ,
3, ,338, ,
1, ,341, ,
1, ,338, ,
1, ,341, ,
1, ,340, ,
0, ,341, ,
3, ,340, ,
1, ,342, ,
1, ,338, ,
3, ,342, ,
1, ,338, ,
0, ,340, ,
3, ,338, ,
1, ,341, ,
1, ,340, ,
1, ,341, ,
1, ,340, ,
0, ,340, ,
3, ,341, ,
1, ,342, ,
1, ,338, ,
3, ,341, ,
1, ,341, ,
0, ,340, ,
3, ,340, ,
1, ,341, ,
1, ,340, ,
3, ,341, ,
1, ,340, ,
0, ,340, ,
3, ,341, ,
1, ,341, ,
1, ,338, ,
1, ,341, ,
1, ,341, ,
0, ,341, ,
3, ,338, ,
1, ,341, ,
1, ,338, ,
1, ,341, ,
1, ,338, ,
0, ,341, ,
3, ,340, ,
1, ,342, ,
1, ,338, ,
3, ,342, ,
1, ,341, ,
0, ,340, ,
3, ,340, ,
1, ,342, ,
1, ,338, ,
1, ,342, ,
1, ,340, ,
0, ,340, ,
3, ,340, ,
1, ,341, ,
1, ,338, ,
1, ,341, ,
1, ,340, ,
0, ,340, ,
3, ,338, ,
1, ,340, ,
1, ,338, ,
1, ,341, ,
1, ,338, ,
0, ,341, ,
3, ,338, ,
1, ,342, ,
1, ,338, ,
3, ,341, ,
1, ,341, ,
0, ,341, ,
3, ,340, ,
1, ,341, ,
1, ,338, ,
1, ,342, ,
1, ,338, ,
0, ,338, ,
3, ,340, ,
1, ,342, ,
1, ,338, ,
1, ,341, ,
1, ,341, ,
0, ,341, ,
3, ,340, ,
1, ,342, ,
1, ,340, ,
3, ,340, ,
1, ,340, ,
0, ,340, ,
3, ,340, ,
1, ,342, ,
1, ,337, ,
3, ,341, ,
1, ,340, ,
0, ,338, ,
3, ,338, ,
1, ,342, ,
1, ,340, ,
3, ,341, ,
1, ,338, ,
0, ,340, ,
3, ,341, ,
1, ,341, ,
1, ,340, ,
1, ,341, ,
1, ,338, ,
0, ,338, ,
3, ,338, ,
1, ,341, ,
1, ,338, ,
3, ,341, ,
1, ,341, ,
0, ,340, ,
3, ,338, ,
1, ,340, ,
1, ,338, ,
3, ,341, ,
1, ,341, ,
0, ,341, ,
3, ,338, ,
1, ,341, ,
1, ,340, ,
1, ,341, ,
1, ,338, ,
0, ,338, ,
3, ,340, ,
1, ,341, ,
1, ,338, ,
1, ,341, ,
1, ,338, ,
0, ,341, ,
3, ,340, ,
1, ,341, ,
1, ,340, ,
3, ,340, ,
1, ,338, ,
0, ,338, ,
3, ,341, ,
1, ,341, ,
1, ,340, ,
3, ,341, ,
1, ,338, ,
0, ,341, ,
3, ,338, ,
0, ,341, ,
1, ,338, ,
1, ,341, ,
1, ,340, ,
0, ,338, ,
3, ,340, ,
0, ,341, ,
0, ,337, ,
3, ,341, ,
1, ,341, ,
0, ,341, ,
3, ,340, ,
1, ,341, ,
0, ,340, ,
3, ,340, ,
1, ,338, ,
0, ,341, ,
3, ,340, ,
1, ,341, ,
1, ,338, ,
1, ,341, ,
1, ,340, ,
0, ,340, ,
3, ,340, ,
1, ,341, ,
1, ,340, ,
1, ,341, ,
1, ,338, ,
0, ,338, ,
3, ,340, ,
1, ,343, ,
1, ,338, ,
1, ,340, ,
1, ,341, ,
0, ,341, ,
3, ,338, ,
1, ,341, ,
1, ,338, ,
1, ,341, ,
1, ,340, ,
0, ,340, ,
3, ,340, ,
1, ,343, ,
1, ,338, ,
3, ,341, ,
1, ,338, ,
0, ,341, ,
3, ,340, ,
0, ,343, ,
1, ,340, ,
1, ,341, ,
1, ,338, ,
0, ,340, ,
3, ,340, ,
0, ,341, ,
0, ,338, ,
3, ,341, ,
3, ,340, ,
0, ,340, ,
3, ,340, ,
0, ,341, ,
0, ,340, ,
1, ,340, ,
1, ,338, ,
0, ,338, ,
3, ,340, ,
0, ,342, ,
0, ,338, ,
1, ,340, ,
1, ,341, ,
0, ,340, ,
3, ,338, ,
1, ,341, ,
0, ,340, ,
1, ,341, ,
1, ,340, ,
0, ,340, ,
3, ,340, ,
0, ,341, ,
1, ,338, ,
1, ,341, ,
1, ,341, ,
0, ,340, ,
3, ,338, ,
0, ,342, ,
1, ,338, ,
1, ,340, ,
1, ,338, ,
0, ,341, ,
3, ,340, ,
0, ,341, ,
0, ,338, ,
1, ,341, ,
1, ,340, ,
0, ,340, ,
3, ,338, ,
0, ,341, ,
0, ,340, ,
1, ,341, ,
1, ,338, ,
0, ,338, ,
3, ,338, ,
0, ,343, ,
0, ,337, ,
1, ,341, ,
1, ,340, ,
0, ,340, ,
3, ,338, ,
1, ,342, ,
0, ,338, ,
1, ,341, ,
1, ,340, ,
0, ,340, ,
3, ,340, ,
1, ,341, ,
1, ,338, ,
1, ,338, ,
1, ,341, ,
0, ,341, ,
3, ,340, ,
1, ,340, ,
1, ,340, ,
1, ,341, ,
1, ,338, ,
0, ,340, ,
3, ,338, ,
0, ,341, ,
1, ,338, ,
3, ,341, ,
1, ,341, ,
0, ,338, ,
3, ,338, ,
1, ,341, ,
1, ,338, ,
1, ,340, ,
1, ,338, ,
0, ,338, ,
3, ,340, ,
1, ,342, ,
1, ,338, ,
1, ,341, ,
1, ,341, ,
0, ,341, ,
3, ,340, ,
1, ,341, ,
1, ,338, ,
1, ,340, ,
1, ,338, ,
0, ,340, ,
3, ,340, ,
1, ,341, ,
1, ,337, ,
1, ,340, ,
1, ,340, ,
0, ,340, ,
3, ,338, ,
0, ,342, ,
1, ,340, ,
1, ,340, ,
1, ,340, ,
0, ,338, ,
3, ,338, ,
0, ,341, ,
0, ,338, ,
1, ,340, ,
1, ,341, ,
0, ,340, ,
3, ,338, ,
0, ,342, ,
0, ,340, ,
1, ,338, ,
1, ,338, ,
0, ,338, ,
3, ,338, ,
0, ,340, ,
0, ,340, ,
3, ,341, ,
1, ,341, ,
0, ,340, ,
3, ,340, ,
1, ,341, ,
0, ,337, ,
1, ,340, ,
1, ,338, ,
0, ,338, ,
3, ,340, ,
0, ,341, ,
1, ,338, ,
3, ,340, ,
1, ,338, ,
0, ,340, ,
3, ,338, ,
0, ,342, ,
0, ,338, ,
1, ,340, ,
1, ,338, ,
0, ,340, ,
3, ,338, ,
0, ,341, ,
0, ,338, ,
1, ,338, ,
1, ,338, ,
0, ,340, ,
3, ,340, ,
0, ,341, ,
0, ,340, ,
3, ,341, ,
1, ,338, ,
0, ,340, ,
3, ,338, ,
0, ,341, ,
0, ,338, ,
1, ,341, ,
1, ,340, ,
0, ,340, ,
3, ,338, ,
0, ,341, ,
0, ,338, ,
3, ,340, ,
1, ,338, ,
0, ,338, ,
3, ,341, ,
0, ,341, ,
0, ,338, ,
1, ,340, ,
1, ,341, ,
0, ,340, ,
3, ,338, ,
1, ,341, ,
0, ,338, ,
3, ,341, ,
1, ,338, ,
0, ,338, ,
3, ,341, ,
0, ,342, ,
1, ,337, ,
1, ,341, ,
1, ,341, ,
0, ,341, ,
3, ,338, ,
0, ,342, ,
1, ,338, ,
1, ,340, ,
1, ,338, ,
0, ,340, ,
3, ,338, ,
0, ,342, ,
0, ,338, ,
1, ,341, ,
1, ,341, ,
0, ,340, ,
3, ,340, ,
0, ,341, ,
0, ,338, ,
1, ,340, ,
1, ,338, ,
0, ,338, ,
1, ,340, ,
1, ,343, ,
1, ,338, ,
1, ,341, ,
1, ,338, ,
0, ,340, ,
3, ,338, ,
0, ,340, ,
1, ,340, ,
1, ,340, ,
1, ,340, ,
0, ,338, ,
3, ,340, ,
1, ,342, ,
1, ,338, ,
1, ,340, ,
1, ,341, ,
0, ,340, ,
3, ,338, ,
1, ,341, ,
1, ,338, ,
1, ,341, ,
1, ,338, ,
0, ,340, ,
3, ,341, ,
1, ,341, ,
1, ,338, ,
1, ,340, ,
1, ,340, ,
0, ,340, ,
3, ,338, ,
0, ,341, ,
0, ,338, ,
1, ,341, ,
1, ,338, ,
0, ,338, ,
3, ,340, ,
0, ,341, ,
0, ,338, ,
1, ,340, ,
1, ,338, ,
0, ,340, ,
3, ,338, ,
0, ,340, ,
0, ,338, ,
1, ,341, ,
1, ,338, ,
0, ,340, ,
3, ,338, ,
0, ,341, ,
0, ,338, ,
1, ,340, ,
1, ,340, ,
0, ,340, ,
3, ,338, ,
0, ,341, ,
0, ,340, ,
1, ,341, ,
1, ,338, ,
-1, ,340, ,
3, ,340, ,
1, ,341, ,
1, ,338, ,
1, ,341, ,
0, ,338, ,
0, ,340, ,
3, ,340, ,
0, ,341, ,
0, ,340, ,
1, ,341, ,
1, ,340, ,
0, ,338, ,
1, ,340, ,
1, ,342, ,
0, ,338, ,
1, ,341, ,
1, ,340, ,
0, ,340, ,
1, ,338, ,
0, ,342, ,
0, ,338, ,
1, ,340, ,
1, ,340, ,
0, ,338, ,
3, ,341, ,
0, ,342, ,
0, ,338, ,
1, ,341, ,
1, ,341, ,
0, ,340, ,
3, ,340, ,
0, ,340, ,
0, ,340, ,
1, ,340, ,
1, ,338, ,
0, ,340, ,
3, ,340, ,
1, ,341, ,
0, ,337, ,
1, ,338, ,
1, ,341, ,
0, ,340, ,
3, ,338, ,
0, ,340, ,
1, ,338, ,
1, ,341, ,
1, ,338, ,
0, ,340, ,
3, ,340, ,
0, ,343, ,
0, ,338, ,
1, ,338, ,
1, ,341, ,
0, ,340, ,
3, ,338, ,
1, ,341, ,
0, ,338, ,
3, ,341, ,
103, ,338, ,
64, ,338, ,
37, ,340, ,
22, ,341, ,
18, ,338, ,
14, ,340, ,
8, ,338, ,
4, ,340, ,
8, ,340, ,
5, ,342, ,
4, ,340, ,
4, ,341, ,
3, ,338, ,
3, ,340, ,
5, ,338, ,
3, ,342, ,
3, ,340, ,
4, ,341, ,
4, ,340, ,
1, ,338, ,
4, ,338, ,
3, ,342, ,
3, ,340, ,
4, ,341, ,
4, ,338, ,
1, ,338, ,
4, ,340, ,
3, ,342, ,
3, ,338, ,
4, ,341, ,
4, ,341, ,
3, ,340, ,
4, ,338, ,
1, ,342, ,
3, ,340, ,
4, ,341, ,
4, ,338, ,
1, ,340, ,
4, ,340, ,
3, ,341, ,
3, ,338, ,
4, ,340, ,
4, ,341, ,
1, ,340, ,
4, ,338, ,
3, ,342, ,
3, ,340, ,
4, ,341, ,
4, ,338, ,
1, ,340, ,
4, ,340, ,
1, ,342, ,
3, ,338, ,
4, ,341, ,
4, ,340, ,
3, ,340, ,
4, ,340, ,
1, ,341, ,
3, ,338, ,
4, ,341, ,
3, ,341, ,
1, ,340, ,
4, ,340, ,
1, ,342, ,
3, ,338, ,
3, ,338, ,
4, ,338, ,
1, ,340, ,
4, ,338, ,
3, ,342, ,
3, ,338, ,
3, ,340, ,
3, ,338, ,
1, ,340, ,
4, ,340, ,
1, ,343, ,
3, ,340, ,
3, ,341, ,
3, ,341, ,
1, ,340, ,
4, ,340, ,
1, ,341, ,
3, ,340, ,
3, ,341, ,
3, ,340, ,
1, ,340, ,
4, ,340, ,
3, ,341, ,
3, ,338, ,
3, ,340, ,
3, ,341, ,
1, ,340, ,
4, ,338, ,
1, ,342, ,
1, ,338, ,
3, ,341, ,
3, ,340, ,
1, ,340, ,
3, ,338, ,
1, ,342, ,
3, ,338, ,
3, ,340, ,
3, ,340, ,
1, ,340, ,
4, ,338, ,
1, ,341, ,
3, ,338, ,
3, ,341, ,
3, ,338, ,
1, ,338, ,
4, ,338, ,
1, ,341, ,
3, ,338, ,
3, ,341, ,
3, ,338, ,
1, ,341, ,
4, ,338, ,
1, ,341, ,
3, ,340, ,
3, ,341, ,
3, ,341, ,
1, ,340, ,
3, ,340, ,
1, ,341, ,
3, ,337, ,
3, ,341, ,
3, ,340, ,
1, ,340, ,
4, ,338, ,
1, ,341, ,
3, ,337, ,
3, ,338, ,
3, ,337, ,
1, ,338, ,
4, ,341, ,
1, ,346, ,
3, ,343, ,
3, ,341, ,
3, ,338, ,
1, ,336, ,
4, ,337, ,
1, ,341, ,
3, ,341, ,
3, ,342, ,
3, ,338, ,
1, ,338, ,
4, ,338, ,
1, ,341, ,
3, ,340, ,
3, ,340, ,
3, ,340, ,
1, ,340, ,
4, ,338, ,
1, ,341, ,
3, ,340, ,
3, ,340, ,
3, ,338, ,
1, ,338, ,
4, ,338, ,
1, ,341, ,
3, ,338, ,
3, ,340, ,
3, ,340, ,
1, ,341, ,
4, ,338, ,
1, ,341, ,
3, ,338, ,
3, ,341, ,
3, ,338, ,
1, ,338, ,
4, ,338, ,
3, ,341, ,
1, ,336, ,
3, ,340, ,
1, ,338, ,
1, ,338, ,
3, ,338, ,
1, ,342, ,
1, ,340, ,
3, ,338, ,
3, ,338, ,
1, ,340, ,
4, ,338, ,
1, ,341, ,
1, ,338, ,
3, ,340, ,
3, ,338, ,
1, ,340, ,
4, ,338, ,
1, ,341, ,
1, ,338, ,
3, ,341, ,
1, ,340, ,
1, ,338, ,
4, ,340, ,
1, ,342, ,
3, ,338, ,
3, ,338, ,
3, ,341, ,
1, ,340, ,
3, ,338, ,
1, ,341, ,
1, ,338, ,
3, ,341, ,
3, ,338, ,
1, ,340, ,
3, ,340, ,
1, ,341, ,
1, ,337, ,
3, ,340, ,
3, ,341, ,
1, ,338, ,
4, ,338, ,
1, ,342, ,
3, ,338, ,
3, ,338, ,
3, ,338, ,
1, ,338, ,
3, ,340, ,
1, ,342, ,
1, ,338, ,
3, ,340, ,
3, ,338, ,
1, ,340, ,
3, ,338, ,
1, ,341, ,
1, ,340, ,
3, ,341, ,
3, ,341, ,
1, ,338, ,
3, ,338, ,
1, ,340, ,
3, ,338, ,
3, ,341, ,
3, ,338, ,
1, ,340, ,
3, ,338, ,
1, ,341, ,
1, ,340, ,
3, ,341, ,
1, ,340, ,
1, ,338, ,
3, ,338, ,
1, ,341, ,
1, ,340, ,
3, ,342, ,
3, ,341, ,
1, ,341, ,
3, ,340, ,
1, ,340, ,
1, ,338, ,
3, ,341, ,
3, ,338, ,
0, ,340, ,
3, ,341, ,
1, ,343, ,
1, ,340, ,
3, ,341, ,
1, ,341, ,
1, ,340, ,
3, ,338, ,
1, ,342, ,
1, ,340, ,
3, ,341, ,
1, ,341, ,
1, ,341, ,
3, ,338, ,
1, ,341, ,
3, ,338, ,
3, ,341, ,
3, ,341, ,
1, ,341, ,
3, ,338, ,
1, ,341, ,
1, ,340, ,
3, ,341, ,
3, ,340, ,
0, ,340, ,
3, ,340, ,
1, ,342, ,
1, ,338, ,
3, ,341, ,
1, ,338, ,
0, ,341, ,
3, ,340, ,
1, ,341, ,
1, ,340, ,
1, ,341, ,
1, ,340, ,
0, ,340, ,
3, ,341, ,
1, ,342, ,
3, ,338, ,
3, ,340, ,
3, ,341, ,
0, ,340, ,
3, ,340, ,
1, ,341, ,
1, ,340, ,
3, ,341, ,
1, ,340, ,
0, ,340, ,
3, ,341, ,
1, ,342, ,
1, ,338, ,
3, ,341, ,
1, ,340, ,
1, ,341, ,
3, ,340, ,
1, ,341, ,
1, ,340, ,
1, ,341, ,
1, ,340, ,
0, ,341, ,
3, ,340, ,
1, ,342, ,
1, ,338, ,
3, ,340, ,
1, ,340, ,
0, ,340, ,
3, ,340, ,
1, ,341, ,
1, ,340, ,
1, ,341, ,
1, ,338, ,
0, ,338, ,
3, ,338, ,
1, ,343, ,
1, ,338, ,
1, ,341, ,
1, ,341, ,
0, ,340, ,
3, ,338, ,
1, ,341, ,
1, ,340, ,
3, ,341, ,
1, ,338, ,
0, ,340, ,
3, ,341, ,
1, ,341, ,
1, ,338, ,
3, ,338, ,
1, ,338, ,
0, ,338, ,
3, ,340, ,
1, ,342, ,
1, ,341, ,
3, ,343, ,
1, ,341, ,
0, ,341, ,
3, ,340, ,
1, ,343, ,
1, ,337, ,
3, ,338, ,
1, ,340, ,
0, ,338, ,
3, ,338, ,
1, ,338, ,
1, ,338, ,
1, ,340, ,
1, ,338, ,
0, ,338, ,
3, ,341, ,
1, ,342, ,
1, ,338, ,
3, ,341, ,
3, ,341, ,
0, ,340, ,
3, ,341, ,
1, ,341, ,
1, ,341, ,
3, ,341, ,
1, ,338, ,
0, ,340, ,
3, ,341, ,
1, ,343, ,
1, ,338, ,
1, ,341, ,
1, ,338, ,
0, ,340, ,
3, ,340, ,
1, ,341, ,
1, ,340, ,
3, ,341, ,
3, ,338, ,
0, ,338, ,
3, ,338, ,
1, ,343, ,
1, ,338, ,
3, ,341, ,
1, ,341, ,
0, ,340, ,
3, ,338, ,
1, ,342, ,
1, ,340, ,
3, ,340, ,
1, ,338, ,
0, ,338, ,
3, ,340, ,
1, ,341, ,
1, ,338, ,
1, ,341, ,
1, ,342, ,
0, ,341, ,
3, ,340, ,
1, ,343, ,
1, ,341, ,
1, ,341, ,
1, ,340, ,
0, ,341, ,
3, ,341, ,
1, ,342, ,
1, ,338, ,
3, ,340, ,
1, ,340, ,
0, ,338, ,
3, ,338, ,
1, ,340, ,
1, ,338, ,
3, ,340, ,
1, ,338, ,
0, ,338, ,
3, ,341, ,
1, ,342, ,
1, ,340, ,
3, ,341, ,
1, ,341, ,
0, ,340, ,
3, ,340, ,
1, ,341, ,
1, ,340, ,
1, ,341, ,
1, ,338, ,
0, ,340, ,
3, ,340, ,
1, ,341, ,
1, ,338, ,
3, ,341, ,
3, ,341, ,
0, ,341, ,
3, ,340, ,
1, ,341, ,
1, ,340, ,
3, ,341, ,
1, ,340, ,
0, ,340, ,
3, ,338, ,
1, ,342, ,
1, ,338, ,
1, ,338, ,
1, ,340, ,
0, ,338, ,
3, ,338, ,
1, ,342, ,
1, ,338, ,
1, ,341, ,
1, ,338, ,
0, ,340, ,
3, ,340, ,
1, ,343, ,
1, ,338, ,
3, ,341, ,
1, ,340, ,
0, ,340, ,
3, ,338, ,
1, ,342, ,
1, ,340, ,
1, ,341, ,
1, ,338, ,
0, ,340, ,
3, ,340, ,
1, ,342, ,
1, ,338, ,
1, ,341, ,
1, ,338, ,
0, ,340, ,
3, ,338, ,
1, ,341, ,
1, ,340, ,
3, ,340, ,
1, ,341, ,
0, ,341, ,
3, ,341, ,
1, ,342, ,
1, ,338, ,
3, ,341, ,
1, ,340, ,
0, ,340, ,
3, ,338, ,
1, ,341, ,
1, ,338, ,
3, ,341, ,
1, ,338, ,
0, ,340, ,
3, ,340, ,
1, ,341, ,
1, ,340, ,
1, ,341, ,
1, ,341, ,
0, ,341, ,
3, ,341, ,
1, ,341, ,
1, ,340, ,
3, ,341, ,
1, ,338, ,
0, ,340, ,
3, ,340, ,
1, ,340, ,
1, ,338, ,
3, ,341, ,
1, ,341, ,
0, ,340, ,
3, ,340, ,
1, ,341, ,
1, ,338, ,
3, ,341, ,
1, ,338, ,
0, ,340, ,
3, ,338, ,
1, ,340, ,
1, ,338, ,
1, ,341, ,
1, ,341, ,
0, ,340, ,
3, ,340, ,
0, ,340, ,
1, ,340, ,
1, ,341, ,
1, ,340, ,
0, ,340, ,
3, ,338, ,
1, ,341, ,
1, ,340, ,
3, ,341, ,
1, ,341, ,
0, ,340, ,
3, ,340, ,
1, ,342, ,
1, ,340, ,
3, ,341, ,
1, ,340, ,
0, ,340, ,
3, ,340, ,
1, ,342, ,
1, ,338, ,
1, ,341, ,
1, ,341, ,
0, ,340, ,
3, ,338, ,
1, ,341, ,
1, ,338, ,
3, ,341, ,
1, ,340, ,
0, ,338, ,
3, ,340, ,
0, ,343, ,
1, ,340, ,
3, ,338, ,
1, ,341, ,
0, ,340, ,
3, ,340, ,
1, ,341, ,
0, ,340, ,
1, ,340, ,
1, ,338, ,
0, ,340, ,
3, ,340, ,
1, ,342, ,
1, ,338, ,
1, ,341, ,
99, ,341, ,
64, ,341, ,
46, ,338, ,
29, ,342, ,
19, ,340, ,
11, ,341, ,
9, ,340, ,
6, ,340, ,
6, ,340, ,
4, ,341, ,
3, ,338, ,
4, ,341, ,
4, ,338, ,
3, ,341, ,
4, ,340, ,
3, ,342, ,
3, ,338, ,
4, ,338, ,
3, ,340, ,
1, ,340, ,
5, ,340, ,
3, ,341, ,
3, ,338, ,
4, ,341, ,
4, ,340, ,
1, ,340, ,
4, ,338, ,
3, ,342, ,
3, ,338, ,
4, ,341, ,
4, ,340, ,
1, ,340, ,
4, ,338, ,
1, ,342, ,
3, ,337, ,
4, ,340, ,
3, ,341, ,
1, ,341, ,
4, ,340, ,
1, ,342, ,
3, ,340, ,
4, ,341, ,
4, ,338, ,
1, ,338, ,
4, ,341, ,
1, ,341, ,
3, ,340, ,
4, ,341, ,
3, ,340, ,
1, ,340, ,
4, ,338, ,
1, ,341, ,
3, ,338, ,
4, ,341, ,
3, ,338, ,
1, ,340, ,
4, ,340, ,
1, ,341, ,
3, ,338, ,
4, ,341, ,
3, ,341, ,
1, ,340, ,
4, ,340, ,
3, ,342, ,
3, ,340, ,
4, ,342, ,
3, ,340, ,
1, ,340, ,
4, ,340, ,
1, ,341, ,
3, ,338, ,
4, ,341, ,
3, ,340, ,
1, ,340, ,
4, ,338, ,
3, ,340, ,
3, ,340, ,
3, ,341, ,
3, ,340, ,
1, ,338, ,
4, ,340, ,
3, ,343, ,
3, ,338, ,
4, ,341, ,
3, ,338, ,
1, ,341, ,
4, ,338, ,
3, ,342, ,
3, ,338, ,
4, ,340, ,
3, ,340, ,
1, ,340, ,
4, ,340, ,
3, ,343, ,
3, ,338, ,
3, ,337, ,
3, ,337, ,
1, ,340, ,
4, ,345, ,
1, ,345, ,
1, ,340, ,
4, ,340, ,
3, ,338, ,
1, ,338, ,
4, ,338, ,
3, ,342, ,
3, ,340, ,
4, ,341, ,
3, ,341, ,
1, ,340, ,
4, ,338, ,
1, ,341, ,
3, ,340, ,
4, ,341, ,
3, ,338, ,
1, ,338, ,
4, ,340, ,
1, ,342, ,
3, ,340, ,
3, ,343, ,
3, ,341, ,
1, ,340, ,
4, ,338, ,
1, ,340, ,
3, ,338, ,
3, ,342, ,
3, ,338, ,
1, ,340, ,
4, ,338, ,
1, ,342, ,
3, ,338, ,
3, ,340, ,
3, ,340, ,
1, ,340, ,
4, ,338, ,
1, ,342, ,
1, ,340, ,
3, ,340, ,
3, ,340, ,
1, ,340, ,
4, ,340, ,
1, ,342, ,
1, ,340, ,
3, ,340, ,
3, ,342, ,
1, ,338, ,
4, ,338, ,
1, ,340, ,
1, ,340, ,
3, ,340, ,
3, ,338, ,
1, ,340, ,
4, ,340, ,
1, ,342, ,
3, ,338, ,
3, ,343, ,
3, ,341, ,
1, ,340, ,
4, ,338, ,
1, ,342, ,
1, ,338, ,
3, ,341, ,
1, ,338, ,
1, ,340, ,
3, ,340, ,
1, ,341, ,
1, ,338, ,
3, ,341, ,
3, ,341, ,
1, ,341, ,
3, ,340, ,
1, ,341, ,
3, ,340, ,
3, ,341, ,
3, ,338, ,
1, ,341, ,
3, ,340, ,
1, ,341, ,
3, ,337, ,
3, ,341, ,
1, ,340, ,
1, ,341, ,
3, ,338, ,
1, ,341, ,
3, ,338, ,
3, ,341, ,
1, ,341, ,
1, ,338, ,
4, ,341, ,
1, ,341, ,
1, ,337, ,
3, ,340, ,
1, ,340, ,
1, ,340, ,
3, ,338, ,
1, ,343, ,
3, ,340, ,
3, ,341, ,
1, ,338, ,
1, ,341, ,
4, ,340, ,
1, ,340, ,
3, ,338, ,
3, ,341, ,
3, ,340, ,
1, ,340, ,
3, ,338, ,
1, ,341, ,
1, ,338, ,
3, ,341, ,
1, ,338, ,
1, ,338, ,
4, ,338, ,
1, ,341, ,
1, ,338, ,
3, ,342, ,
3, ,340, ,
1, ,340, ,
3, ,340, ,
1, ,341, ,
1, ,341, ,
3, ,343, ,
3, ,340, ,
0, ,341, ,
3, ,341, ,
1, ,342, ,
3, ,338, ,
3, ,340, ,
3, ,338, ,
1, ,338, ,
3, ,338, ,
1, ,338, ,
1, ,338, ,
3, ,338, ,
3, ,340, ,
1, ,340, ,
3, ,338, ,
3, ,341, ,
1, ,338, ,
3, ,342, ,
3, ,340, ,
0, ,338, ,
4, ,338, ,
1, ,341, ,
1, ,340, ,
3, ,341, ,
1, ,338, ,
1, ,338, ,
3, ,340, ,
1, ,341, ,
1, ,338, ,
3, ,340, ,
1, ,340, ,
0, ,341, ,
3, ,340, ,
1, ,341, ,
1, ,340, ,
3, ,341, ,
1, ,340, ,
0, ,340, ,
3, ,338, ,
1, ,341, ,
3, ,338, ,
3, ,341, ,
3, ,338, ,
1, ,340, ,
3, ,338, ,
1, ,341, ,
1, ,338, ,
3, ,340, ,
1, ,338, ,
1, ,338, ,
3, ,340, ,
1, ,340, ,
1, ,338, ,
3, ,342, ,
3, ,342, ,
1, ,341, ,
3, ,340, ,
1, ,343, ,
1, ,340, ,
3, ,341, ,
3, ,338, ,
0, ,338, ,
3, ,338, ,
1, ,341, ,
1, ,338, ,
3, ,341, ,
1, ,340, ,
1, ,340, ,
3, ,338, ,
1, ,343, ,
1, ,338, ,
3, ,341, ,
1, ,338, ,
0, ,340, ,
3, ,341, ,
1, ,342, ,
1, ,338, ,
3, ,340, ,
1, ,341, ,
1, ,338, ,
3, ,338, ,
1, ,341, ,
1, ,338, ,
3, ,340, ,
1, ,338, ,
0, ,340, ,
3, ,338, ,
1, ,341, ,
1, ,338, ,
1, ,341, ,
1, ,341, ,
0, ,341, ,
3, ,340, ,
1, ,341, ,
1, ,340, ,
1, ,341, ,
3, ,338, ,
0, ,340, ,
3, ,338, ,
1, ,340, ,
1, ,336, ,
3, ,340, ,
3, ,340, ,
0, ,341, ,
3, ,340, ,
1, ,341, ,
1, ,338, ,
3, ,341, ,
1, ,340, ,
0, ,340, ,
3, ,341, ,
1, ,342, ,
1, ,338, ,
1, ,341, ,
1, ,340, ,
0, ,340, ,
3, ,338, ,
1, ,341, ,
1, ,338, ,
3, ,340, ,
1, ,338, ,
0, ,338, ,
3, ,340, ,
1, ,341, ,
1, ,338, ,
3, ,338, ,
1, ,341, ,
0, ,341, ,
3, ,340, ,
1, ,342, ,
1, ,340, ,
3, ,341, ,
1, ,338, ,
0, ,340, ,
3, ,338, ,
1, ,342, ,
1, ,338, ,
1, ,340, ,
1, ,338, ,
0, ,340, ,
3, ,338, ,
1, ,341, ,
1, ,340, ,
1, ,342, ,
3, ,338, ,
0, ,341, ,
3, ,340, ,
1, ,342, ,
1, ,338, ,
3, ,341, ,
1, ,341, ,
0, ,341, ,
3, ,338, ,
1, ,340, ,
1, ,338, ,
3, ,341, ,
1, ,338, ,
0, ,340, ,
3, ,338, ,
1, ,342, ,
1, ,338, ,
1, ,341, ,
1, ,340, ,
0, ,341, ,
3, ,338, ,
1, ,341, ,
1, ,340, ,
3, ,341, ,
1, ,340, ,
0, ,340, ,
3, ,340, ,
1, ,340, ,
1, ,338, ,
3, ,338, ,
1, ,338, ,
0, ,340, ,
3, ,338, ,
0, ,341, ,
1, ,340, ,
1, ,341, ,
1, ,338, ,
1, ,340, ,
4, ,338, ,
1, ,341, ,
0, ,338, ,
1, ,341, ,
1, ,338, ,
0, ,338, ,
3, ,340, ,
0, ,342, ,
1, ,338, ,
3, ,341, ,
1, ,338, ,
0, ,338, ,
3, ,341, ,
1, ,341, ,
1, ,338, ,
3, ,341, ,
1, ,338, ,
0, ,338, ,
3, ,340, ,
1, ,341, ,
1, ,340, ,
3, ,341, ,
1, ,338, ,
0, ,340, ,
3, ,341, ,
1, ,342, ,
1, ,338, ,
3, ,338, ,
1, ,340, ,
0, ,340, ,
3, ,338, ,
1, ,340, ,
1, ,340, ,
1, ,341, ,
1, ,338, ,
0, ,338, ,
3, ,340, ,
1, ,341, ,
1, ,337, ,
3, ,341, ,
1, ,338, ,
0, ,340, ,
3, ,338, ,
1, ,341, ,
1, ,340, ,
3, ,341, ,
1, ,340, ,
0, ,340, ,
3, ,341, ,
1, ,342, ,
1, ,338, ,
3, ,340, ,
1, ,340, ,
0, ,340, ,
3, ,340, ,
1, ,341, ,
1, ,340, ,
3, ,341, ,
1, ,338, ,
0, ,340, ,
3, ,335, ,
1, ,340, ,
1, ,343, ,
3, ,345, ,
1, ,338, ,
0, ,337, ,
3, ,338, ,
1, ,342, ,
1, ,338, ,
3, ,341, ,
1, ,341, ,
0, ,338, ,
3, ,338, ,
1, ,342, ,
1, ,338, ,
1, ,341, ,
1, ,340, ,
0, ,341, ,
3, ,338, ,
1, ,341, ,
1, ,338, ,
3, ,341, ,
1, ,338, ,
0, ,340, ,
3, ,338, ,
1, ,341, ,
1, ,338, ,
3, ,341, ,
1, ,341, ,
0, ,341, ,
3, ,338, ,
1, ,341, ,
1, ,340, ,
1, ,343, ,
1, ,338, ,
0, ,340, ,
3, ,340, ,
1, ,342, ,
1, ,338, ,
1, ,342, ,
1, ,341, ,
0, ,340, ,
3, ,340, ,
1, ,341, ,
1, ,338, ,
1, ,338, ,
1, ,338, ,
0, ,341, ,
3, ,341, ,
1, ,343, ,
1, ,338, ,
3, ,342, ,
3, ,341, ,
0, ,341, ,
3, ,340, ,
1, ,341, ,
1, ,340, ,
1, ,342, ,
1, ,340, ,
0, ,340, ,
3, ,340, ,
1, ,343, ,
1, ,340, ,
1, ,341, ,
1, ,341, ,
0, ,341, ,
3, ,338, ,
1, ,341, ,
1, ,338, ,
3, ,341, ,
1, ,340, ,
0, ,340, ,
3, ,340, ,
1, ,342, ,
1, ,338, ,
3, ,341, ,
1, ,341, ,
0, ,341, ,
3, ,340, ,
1, ,341, ,
1, ,340, ,
3, ,341, ,
1, ,338, ,
0, ,340, ,
3, ,338, ,
1, ,342, ,
1, ,340, ,
1, ,341, ,
1, ,341, ,
0, ,341, ,
3, ,338, ,
0, ,341, ,
1, ,340, ,
3, ,338, ,
1, ,337, ,
0, ,338, ,
3, ,340, ,
0, ,341, ,
1, ,336, ,
1, ,338, ,
1, ,341, ,
0, ,341, ,
3, ,343, ,
1, ,344, ,
0, ,340, ,
1, ,338, ,
1, ,336, ,
0, ,338, ,
3, ,340, ,
1, ,343, ,
1, ,338, ,
3, ,340, ,
1, ,338, ,
0, ,338, ,
3, ,338, ,
0, ,343, ,
1, ,340, ,
1, ,341, ,
1, ,338, ,
0, ,338, ,
3, ,338, ,
1, ,343, ,
0, ,338, ,
3, ,341, ,
1, ,341, ,
0, ,340, ,
3, ,338, ,
0, ,341, ,
1, ,338, ,
1, ,341, ,
1, ,340, ,
0, ,338, ,
3, ,341, ,
0, ,341, ,
0, ,338, ,
1, ,340, ,
1, ,340, ,
0, ,341, ,
3, ,338, ,
0, ,341, ,
0, ,338, ,
3, ,341, ,
1, ,338, ,
0, ,340, ,
3, ,338, ,
1, ,342, ,
1, ,338, ,
1, ,341, ,
1, ,340, ,
0, ,340, ,
3, ,338, ,
0, ,341, ,
1, ,340, ,
3, ,341, ,
1, ,338, ,
0, ,338, ,
3, ,338, ,
0, ,341, ,
0, ,338, ,
1, ,340, ,
1, ,338, ,
0, ,340, ,
3, ,340, ,
0, ,342, ,
0, ,338, ,
1, ,340, ,
1, ,338, ,
0, ,338, ,
3, ,338, ,
1, ,341, ,
1, ,337, ,
3, ,340, ,
1, ,340, ,
0, ,341, ,
3, ,338, ,
0, ,340, ,
1, ,340, ,
1, ,340, ,
1, ,338, ,
0, ,340, ,
3, ,338, ,
0, ,341, ,
0, ,338, ,
1, ,338, ,
1, ,341, ,
0, ,340, ,
3, ,338, ,
0, ,340, ,
0, ,340, ,
1, ,341, ,
1, ,338, ,
0, ,340, ,
3, ,341, ,
1, ,341, ,
0, ,337, ,
1, ,338, ,
1, ,338, ,
0, ,338, ,
3, ,338, ,
0, ,341, ,
1, ,338, ,
3, ,341, ,
1, ,338, ,
0, ,338, ,
3, ,340, ,
1, ,342, ,
0, ,340, ,
1, ,341, ,
1, ,340, ,
0, ,340, ,
3, ,340, ,
0, ,342, ,
1, ,338, ,
1, ,342, ,
1, ,340, ,
0, ,342, ,
3, ,338, ,
0, ,341, ,
0, ,338, ,
1, ,342, ,
1, ,341, ,
0, ,341, ,
3, ,341, ,
0, ,341, ,
0, ,340, ,
1, ,341, ,
1, ,340, ,
0, ,341, ,
3, ,341, ,
0, ,342, ,
0, ,338, ,
1, ,341, ,
1, ,341, ,
0, ,340, ,
3, ,337, ,
0, ,341, ,
0, ,338, ,
3, ,341, ,
1, ,340, ,
0, ,341, ,
3, ,341, ,
0, ,342, ,
1, ,338, ,
1, ,340, ,
1, ,342, ,
0, ,340, ,
3, ,340, ,
1, ,341, ,
0, ,340, ,
1, ,341, ,
1, ,340, ,
0, ,338, ,
3, ,341, ,
0, ,341, ,
1, ,340, ,
1, ,341, ,
1, ,341, ,
0, ,341, ,
3, ,340, ,
0, ,341, ,
0, ,340, ,
1, ,341, ,
1, ,340, ,
0, ,340, ,
3, ,342, ,
0, ,341, ,
0, ,337, ,
3, ,341, ,
1, ,340, ,
0, ,341, ,
3, ,340, ,
0, ,342, ,
1, ,338, ,
1, ,341, ,
1, ,340, ,
0, ,340, ,
3, ,340, ,
1, ,341, ,
0, ,338, ,
3, ,341, ,
1, ,340, ,
0, ,338, ,
3, ,338, ,
1, ,341, ,
1, ,338, ,
1, ,340, ,
1, ,338, ,
0, ,340, ,
3, ,340, ,
0, ,341, ,
1, ,338, ,
3, ,341, ,
1, ,340, ,
0, ,340, ,
3, ,341, ,
0, ,341, ,
0, ,338, ,
1, ,341, ,
1, ,338, ,
0, ,338, ,
3, ,338, ,
1, ,341, ,
0, ,338, ,
1, ,341, ,
1, ,341, ,
0, ,341, ,
3, ,338, ,
1, ,341, ,
1, ,340, ,
3, ,341, ,
1, ,340, ,
0, ,338, ,
3, ,341, ,
0, ,343, ,
1, ,338, ,
1, ,338, ,
1, ,340, ,
0, ,341, ,
3, ,340, ,
0, ,342, ,
0, ,338, ,
1, ,341, ,
1, ,340, ,
0, ,341, ,
3, ,341, ,
1, ,343, ,
0, ,338, ,
1, ,340, ,
1, ,340, ,
0, ,341, ,
3, ,338, ,
0, ,341, ,
1, ,340, ,
1, ,341, ,
1, ,341, ,
0, ,340, ,
3, ,340, ,
0, ,342, ,
0, ,338, ,
1, ,340, ,
1, ,341, ,
0, ,340, ,
3, ,341, ,
0, ,341, ,
0, ,340, ,
1, ,341, ,
1, ,338, ,
0, ,340, ,
3, ,340, ,
0, ,342, ,
0, ,338, ,
1, ,341, ,
1, ,340, ,
0, ,341, ,
3, ,338, ,
1, ,341, ,
0, ,338, ,
1, ,341, ,
1, ,338, ,
0, ,341, ,
3, ,340, ,
0, ,342, ,
1, ,338, ,
1, ,340, ,
1, ,340, ,
0, ,340, ,
3, ,340, ,
0, ,343, ,
0, ,340, ,
3, ,342, ,
1, ,338, ,
0, ,341, ,
3, ,341, ,
0, ,342, ,
0, ,338, ,
1, ,341, ,
1, ,338, ,
0, ,340, ,
3, ,338, ,
0, ,341, ,
0, ,340, ,
1, ,341, ,
1, ,340, ,
0, ,340, ,
1, ,340, ,
0, ,343, ,
0, ,338, ,
1, ,341, ,
1, ,340, ,
0, ,341, ,
1, ,340, ,
0, ,342, ,
1, ,340, ,
1, ,340, ,
1, ,338, ,
0, ,338, ,
3, ,340, ,
0, ,342, ,
1, ,338, ,
1, ,341, ,
1, ,341, ,
0, ,340, ,
3, ,340, ,
1, ,343, ,
0, ,338, ,
1, ,340, ,
1, ,340, ,
0, ,340, ,
3, ,340, ,
0, ,342, ,
1, ,338, ,
1, ,341, ,
1, ,340, ,
0, ,341, ,
3, ,338, ,
0, ,341, ,
0, ,340, ,
3, ,341, ,
1, ,338, ,
0, ,340, ,
3, ,340, ,
0, ,342, ,
0, ,338, ,
1, ,340, ,
1, ,341, ,
0, ,340, ,
3, ,340, ,
0, ,341, ,
0, ,338, ,
1, ,341, ,
1, ,338, ,
0, ,340, ,
1, ,341, ,
0, ,341, ,
0, ,338, ,
1, ,341, ,
1, ,340, ,
0, ,340, ,
3, ,338, ,
0, ,342, ,
0, ,340, ,
1, ,341, ,
1, ,340, ,
0, ,340, ,
3, ,340, ,
0, ,342, ,
0, ,338, ,
1, ,341, ,
1, ,340, ,
0, ,341, ,
3, ,338, ,
0, ,341, ,
0, ,338, ,
3, ,341, ,
1, ,338, ,
0, ,340, ,
3, ,340, ,
0, ,341, ,
0, ,340, ,
1, ,341, ,
1, ,341, ,
0, ,341, ,
3, ,340, ,
0, ,342, ,
0, ,340, ,
1, ,340, ,
1, ,340, ,
0, ,341, ,
3, ,340, ,
0, ,342, ,
0, ,338, ,
120, ,340, ,
70, ,341, ,
43, ,340, ,
32, ,340, ,
22, ,342, ,
11, ,340, ,
8, ,341, ,
6, ,340, ,
6, ,341, ,
5, ,341, ,
3, ,341, ,
3, ,340, ,
5, ,340, ,
3, ,341, ,
1, ,341, ,
4, ,340, ,
3, ,342, ,
3, ,340, ,
3, ,341, ,
3, ,338, ,
1, ,340, ,
4, ,340, ,
3, ,342, ,
3, ,338, ,
4, ,340, ,
3, ,340, ,
1, ,340, ,
4, ,338, ,
3, ,341, ,
3, ,340, ,
4, ,341, ,
3, ,338, ,
1, ,340, ,
4, ,340, ,
3, ,341, ,
3, ,338, ,
4, ,340, ,
3, ,338, ,
1, ,341, ,
4, ,338, ,
1, ,342, ,
3, ,340, ,
4, ,341, ,
4, ,338, ,
1, ,340, ,
4, ,341, ,
1, ,342, ,
3, ,338, ,
4, ,341, ,
3, ,338, ,
1, ,340, ,
4, ,338, ,
1, ,340, ,
3, ,340, ,
4, ,341, ,
4, ,338, ,
1, ,340, ,
4, ,338, ,
1, ,341, ,
3, ,338, ,
4, ,341, ,
3, ,341, ,
1, ,340, ,
4, ,338, ,
1, ,341, ,
3, ,338, ,
4, ,338, ,
3, ,338, ,
1, ,340, ,
4, ,342, ,
1, ,343, ,
3, ,340, ,
3, ,341, ,
3, ,341, ,
1, ,338, ,
4, ,338, ,
1, ,341, ,
3, ,340, ,
3, ,342, ,
3, ,338, ,
1, ,340, ,
4, ,340, ,
3, ,342, ,
3, ,338, ,
3, ,341, ,
3, ,340, ,
1, ,340, ,
4, ,340, ,
3, ,341, ,
1, ,340, ,
4, ,341, ,
3, ,338, ,
1, ,338, ,
4, ,338, ,
3, ,342, ,
3, ,340, ,
3, ,340, ,
3, ,340, ,
1, ,341, ,
4, ,338, ,
3, ,341, ,
3, ,338, ,
3, ,341, ,
3, ,340, ,
1, ,340, ,
4, ,340, ,
1, ,341, ,
1, ,338, ,
3, ,340, ,
3, ,338, ,
1, ,341, ,
4, ,338, ,
1, ,341, ,
3, ,338, ,
3, ,341, ,
3, ,340, ,
1, ,340, ,
4, ,340, ,
1, ,342, ,
3, ,338, ,
3, ,341, ,
3, ,338, ,
1, ,340, ,
4, ,340, ,
1, ,341, ,
3, ,340, ,
3, ,342, ,
3, ,338, ,
1, ,340, ,
4, ,341, ,
1, ,343, ,
3, ,338, ,
3, ,341, ,
3, ,341, ,
1, ,341, ,
3, ,340, ,
1, ,341, ,
3, ,340, ,
3, ,341, ,
3, ,341, ,
1, ,340, ,
4, ,338, ,
1, ,343, ,
3, ,338, ,
3, ,340, ,
3, ,340, ,
1, ,340, ,
4, ,338, ,
3, ,341, ,
3, ,338, ,
3, ,341, ,
3, ,338, ,
1, ,338, ,
4, ,340, ,
1, ,341, ,
1, ,338, ,
3, ,341, ,
3, ,340, ,
1, ,340, ,
4, ,338, ,
1, ,341, ,
3, ,338, ,
3, ,341, ,
3, ,340, ,
1, ,340, ,
3, ,340, ,
3, ,341, ,
1, ,338, ,
3, ,340, ,
3, ,340, ,
1, ,340, ,
4, ,338, ,
1, ,341, ,
1, ,340, ,
3, ,340, ,
3, ,338, ,
1, ,340, ,
3, ,340, ,
1, ,343, ,
3, ,337, ,
3, ,341, ,
1, ,340, ,
1, ,341, ,
4, ,338, ,
1, ,341, ,
3, ,340, ,
3, ,341, ,
3, ,338, ,
1, ,338, ,
4, ,340, ,
1, ,341, ,
3, ,338, ,
3, ,340, ,
3, ,338, ,
1, ,340, ,
3, ,338, ,
1, ,342, ,
1, ,338, ,
3, ,341, ,
3, ,338, ,
1, ,341, ,
3, ,340, ,
1, ,342, ,
1, ,338, ,
3, ,341, ,
3, ,341, ,
1, ,340, ,
4, ,340, ,
1, ,342, ,
3, ,338, ,
3, ,341, ,
3, ,340, ,
1, ,340, ,
4, ,341, ,
1, ,341, ,
1, ,337, ,
3, ,341, ,
3, ,341, ,
1, ,340, ,
3, ,340, ,
1, ,341, ,
1, ,340, ,
3, ,340, ,
3, ,338, ,
1, ,340, ,
3, ,338, ,
1, ,342, ,
3, ,338, ,
3, ,341, ,
1, ,338, ,
1, ,341, ,
3, ,338, ,
1, ,341, ,
1, ,340, ,
3, ,341, ,
3, ,338, ,
1, ,338, ,
3, ,340, ,
1, ,341, ,
1, ,338, ,
3, ,340, ,
3, ,340, ,
1, ,340, ,
3, ,340, ,
1, ,341, ,
1, ,338, ,
3, ,341, ,
1, ,338, ,
0, ,338, ,
3, ,340, ,
1, ,341, ,
1, ,340, ,
3, ,341, ,
3, ,341, ,
1, ,340, ,
3, ,340, ,
1, ,341, ,
1, ,340, ,
3, ,340, ,
1, ,340, ,
0, ,341, ,
3, ,340, ,
1, ,341, ,
1, ,337, ,
3, ,340, ,
1, ,338, ,
0, ,340, ,
3, ,340, ,
1, ,341, ,
1, ,340, ,
3, ,341, ,
1, ,338, ,
0, ,340, ,
3, ,340, ,
1, ,341, ,
1, ,338, ,
3, ,341, ,
3, ,341, ,
1, ,340, ,
3, ,340, ,
1, ,341, ,
1, ,340, ,
3, ,341, ,
1, ,340, ,
0, ,340, ,
3, ,341, ,
1, ,342, ,
1, ,338, ,
3, ,341, ,
1, ,341, ,
1, ,341, ,
3, ,338, ,
1, ,341, ,
1, ,340, ,
3, ,341, ,
1, ,341, ,
0, ,338, ,
3, ,340, ,
1, ,341, ,
1, ,337, ,
3, ,341, ,
1, ,340, ,
0, ,340, ,
3, ,340, ,
1, ,341, ,
1, ,340, ,
3, ,340, ,
1, ,338, ,
0, ,340, ,
3, ,341, ,
1, ,341, ,
1, ,338, ,
1, ,341, ,
1, ,340, ,
0, ,338, ,
3, ,338, ,
1, ,342, ,
1, ,338, ,
1, ,341, ,
3, ,340, ,
0, ,340, ,
3, ,338, ,
1, ,342, ,
1, ,338, ,
3, ,341, ,
1, ,340, ,
0, ,338, ,
3, ,338, ,
1, ,342, ,
1, ,338, ,
3, ,338, ,
1, ,334, ,
0, ,338, ,
3, ,346, ,
1, ,345, ,
1, ,337, ,
3, ,337, ,
1, ,340, ,
0, ,340, ,
3, ,338, ,
1, ,343, ,
1, ,341, ,
3, ,341, ,
1, ,338, ,
0, ,340, ,
3, ,341, ,
1, ,341, ,
1, ,338, ,
3, ,341, ,
1, ,340, ,
0, ,340, ,
3, ,340, ,
1, ,341, ,
1, ,340, ,
1, ,341, ,
1, ,338, ,
0, ,340, ,
3, ,340, ,
1, ,341, ,
1, ,337, ,
1, ,341, ,
3, ,341, ,
0, ,340, ,
3, ,338, ,
1, ,341, ,
1, ,340, ,
3, ,341, ,
3, ,340, ,
0, ,340, ,
3, ,340, ,
1, ,342, ,
1, ,338, ,
3, ,341, ,
1, ,341, ,
0, ,340, ,
3, ,340, ,
1, ,341, ,
1, ,340, ,
3, ,341, ,
1, ,338, ,
0, ,340, ,
3, ,340, ,
1, ,343, ,
1, ,338, ,
3, ,341, ,
1, ,341, ,
0, ,340, ,
3, ,338, ,
1, ,341, ,
1, ,338, ,
3, ,342, ,
1, ,338, ,
0, ,340, ,
3, ,338, ,
1, ,343, ,
1, ,338, ,
3, ,341, ,
1, ,341, ,
0, ,340, ,
3, ,338, ,
1, ,341, ,
1, ,338, ,
3, ,341, ,
1, ,340, ,
0, ,340, ,
3, ,340, ,
1, ,342, ,
1, ,340, ,
1, ,342, ,
1, ,340, ,
0, ,341, ,
3, ,338, ,
1, ,341, ,
1, ,340, ,
3, ,341, ,
1, ,338, ,
0, ,340, ,
3, ,341, ,
1, ,341, ,
1, ,337, ,
1, ,341, ,
1, ,341, ,
0, ,340, ,
3, ,340, ,
1, ,341, ,
1, ,338, ,
3, ,341, ,
1, ,340, ,
0, ,340, ,
3, ,341, ,
1, ,342, ,
1, ,338, ,
3, ,341, ,
1, ,338, ,
0, ,340, ,
3, ,340, ,
1, ,341, ,
1, ,340, ,
1, ,341, ,
1, ,338, ,
0, ,340, ,
3, ,340, ,
1, ,342, ,
1, ,338, ,
1, ,340, ,
1, ,341, ,
0, ,340, ,
3, ,338, ,
1, ,341, ,
1, ,338, ,
1, ,340, ,
1, ,338, ,
0, ,340, ,
3, ,340, ,
1, ,341, ,
1, ,338, ,
3, ,340, ,
1, ,340, ,
0, ,341, ,
3, ,340, ,
1, ,342, ,
1, ,340, ,
3, ,341, ,
1, ,340, ,
0, ,338, ,
3, ,340, ,
1, ,341, ,
1, ,337, ,
3, ,340, ,
1, ,341, ,
0, ,341, ,
3, ,338, ,
1, ,340, ,
1, ,340, ,
1, ,341, ,
1, ,338, ,
0, ,340, ,
3, ,341, ,
1, ,341, ,
1, ,338, ,
1, ,341, ,
1, ,340, ,
0, ,341, ,
3, ,338, ,
1, ,341, ,
1, ,340, ,
3, ,341, ,
1, ,338, ,
0, ,340, ,
3, ,341, ,
1, ,341, ,
1, ,337, ,
3, ,338, ,
1, ,341, ,
0, ,341, ,
3, ,340, ,
1, ,341, ,
1, ,338, ,
3, ,341, ,
3, ,340, ,
1, ,340, ,
3, ,341, ,
0, ,341, ,
1, ,338, ,
3, ,341, ,
1, ,340, ,
0, ,340, ,
3, ,338, ,
0, ,338, ,
0, ,338, ,
1, ,341, ,
1, ,340, ,
0, ,341, ,
3, ,341, ,
0, ,341, ,
0, ,338, ,
3, ,338, ,
1, ,338, ,
0, ,340, ,
3, ,338, ,
1, ,341, ,
1, ,340, ,
3, ,343, ,
1, ,340, ,
0, ,340, ,
3, ,338, ,
1, ,341, ,
1, ,337, ,
3, ,340, ,
1, ,340, ,
0, ,340, ,
3, ,341, ,
1, ,341, ,
1, ,340, ,
3, ,341, ,
1, ,338, ,
0, ,340, ,
3, ,338, ,
1, ,341, ,
1, ,338, ,
3, ,341, ,
1, ,341, ,
0, ,340, ,
3, ,338, ,
1, ,341, ,
1, ,340, ,
3, ,341, ,
1, ,338, ,
0, ,340, ,
3, ,340, ,
1, ,343, ,
1, ,338, ,
1, ,341, ,
1, ,338, ,
0, ,335, ,
3, ,337, ,
1, ,344, ,
1, ,342, ,
3, ,341, ,
1, ,338, ,
0, ,340, ,
3, ,340, ,
1, ,341, ,
1, ,338, ,
3, ,342, ,
1, ,341, ,
0, ,340, ,
3, ,338, ,
1, ,342, ,
0, ,340, ,
1, ,341, ,
1, ,338, ,
0, ,340, ,
3, ,340, ,
0, ,341, ,
1, ,338, ,
1, ,341, ,
1, ,340, ,
0, ,340, ,
3, ,340, ,
0, ,341, ,
1, ,338, ,
1, ,343, ,
1, ,338, ,
0, ,338, ,
3, ,340, ,
1, ,341, ,
1, ,338, ,
1, ,341, ,
1, ,340, ,
0, ,341, ,
3, ,338, ,
0, ,342, ,
1, ,338, ,
1, ,340, ,
1, ,340, ,
0, ,340, ,
3, ,340, ,
1, ,342, ,
1, ,340, ,
1, ,341, ,
1, ,340, ,
0, ,340, ,
3, ,338, ,
1, ,342, ,
1, ,340, ,
3, ,341, ,
1, ,338, ,
0, ,340, ,
3, ,340, ,
1, ,342, ,
1, ,338, ,
1, ,341, ,
1, ,340, ,
0, ,340, ,
3, ,340, ,
1, ,341, ,
1, ,340, ,
3, ,341, ,
1, ,340, ,
0, ,340, ,
3, ,338, ,
1, ,342, ,
1, ,338, ,
1, ,340, ,
1, ,340, ,
0, ,341, ,
3, ,340, ,
0, ,343, ,
1, ,338, ,
3, ,342, ,
1, ,338, ,
0, ,338, ,
3, ,338, ,
1, ,338, ,
0, ,336, ,
3, ,338, ,
1, ,341, ,
0, ,343, ,
3, ,343, ,
1, ,342, ,
1, ,338, ,
3, ,336, ,
1, ,337, ,
0, ,340, ,
3, ,341, ,
0, ,343, ,
1, ,338, ,
3, ,341, ,
1, ,340, ,
0, ,338, ,
3, ,340, ,
0, ,341, ,
1, ,340, ,
1, ,342, ,
1, ,337, ,
0, ,338, ,
3, ,340, ,
0, ,343, ,
1, ,340, ,
1, ,341, ,
1, ,341, ,
0, ,340, ,
3, ,338, ,
0, ,341, ,
0, ,340, ,
1, ,341, ,
1, ,338, ,
0, ,338, ,
3, ,340, ,
0, ,341, ,
0, ,338, ,
1, ,341, ,
1, ,340, ,
0, ,340, ,
3, ,338, ,
0, ,341, ,
1, ,338, ,
3, ,341, ,
1, ,338, ,
0, ,338, ,
3, ,340, ,
0, ,341, ,
1, ,338, ,
1, ,341, ,
1, ,340, ,
0, ,338, ,
3, ,338, ,
0, ,340, ,
1, ,338, ,
1, ,342, ,
1, ,338, ,
0, ,338, ,
3, ,340, ,
0, ,340, ,
1, ,338, ,
1, ,340, ,
1, ,338, ,
0, ,340, ,
3, ,338, ,
0, ,338, ,
1, ,338, ,
3, ,340, ,
1, ,338, ,
0, ,338, ,
3, ,340, ,
1, ,341, ,
1, ,338, ,
3, ,338, ,
1, ,341, ,
0, ,340, ,
3, ,338, ,
1, ,341, ,
1, ,340, ,
1, ,341, ,
1, ,340, ,
0, ,338, ,
3, ,341, ,
0, ,341, ,
1, ,338, ,
1, ,340, ,
1, ,340, ,
0, ,338, ,
3, ,338, ,
1, ,341, ,
1, ,340, ,
1, ,341, ,
1, ,340, ,
0, ,341, ,
3, ,338, ,
0, ,341, ,
1, ,337, ,
3, ,340, ,
1, ,341, ,
0, ,340, ,
3, ,337, ,
1, ,340, ,
0, ,340, ,
1, ,343, ,
1, ,338, ,
0, ,340, ,
3, ,341, ,
1, ,341, ,
1, ,338, ,
1, ,340, ,
1, ,340, ,
0, ,340, ,
3, ,340, ,
0, ,341, ,
1, ,340, ,
1, ,342, ,
1, ,340, ,
0, ,341, ,
3, ,340, ,
1, ,341, ,
0, ,338, ,
1, ,341, ,
1, ,341, ,
0, ,340, ,
3, ,338, ,
0, ,341, ,
0, ,340, ,
1, ,341, ,
1, ,338, ,
0, ,340, ,
1, ,340, ,
1, ,341, ,
0, ,338, ,
1, ,340, ,
1, ,340, ,
0, ,341, ,
3, ,340, ,
1, ,341, ,
1, ,338, ,
3, ,340, ,
1, ,338, ,
0, ,340, ,
3, ,340, ,
0, ,342, ,
1, ,338, ,
1, ,340, ,
1, ,341, ,
0, ,341, ,
1, ,340, ,
0, ,341, ,
0, ,341, ,
1, ,341, ,
1, ,340, ,
-1, ,340, ,
3, ,338, ,
1, ,341, ,
0, ,338, ,
1, ,341, ,
1, ,340, ,
0, ,341, ,
3, ,340, ,
1, ,342, ,
1, ,340, ,
1, ,340, ,
1, ,340, ,
0, ,341, ,
3, ,341, ,
1, ,341, ,
1, ,340, ,
3, ,341, ,
1, ,341, ,
0, ,340, ,
3, ,340, ,
0, ,341, ,
1, ,340, ,
1, ,341, ,
1, ,340, ,
0, ,340, ,
3, ,340, ,
0, ,342, ,
1, ,338, ,
1, ,341, ,
1, ,338, ,
0, ,340, ,
3, ,338, ,
0, ,342, ,
0, ,340, ,
1, ,341, ,
1, ,338, ,
0, ,340, ,
3, ,341, ,
0, ,342, ,
0, ,337, ,
1, ,341, ,
1, ,341, ,
0, ,340, ,
3, ,338, ,
1, ,341, ,
0, ,340, ,
1, ,341, ,
1, ,338, ,
0, ,338, ,
3, ,341, ,
0, ,342, ,
1, ,338, ,
1, ,341, ,
1, ,341, ,
0, ,340, ,
3, ,338, ,
0, ,342, ,
0, ,340, ,
1, ,341, ,
1, ,338, ,
0, ,340, ,
3, ,341, ,
0, ,341, ,
1, ,338, ,
1, ,340, ,
1, ,340, ,
0, ,340, ,
3, ,338, ,
1, ,341, ,
0, ,338, ,
1, ,340, ,
1, ,340, ,
0, ,340, ,
3, ,341, ,
0, ,341, ,
1, ,338, ,
1, ,341, ,
1, ,340, ,
0, ,340, ,
3, ,340, ,
1, ,341, ,
1, ,340, ,
3, ,341, ,
1, ,338, ,
0, ,341, ,
3, ,341, ,
0, ,342, ,
1, ,338, ,
3, ,340, ,
106, ,340, ,
65, ,341, ,
37, ,340, ,
22, ,341, ,
18, ,338, ,
13, ,341, ,
6, ,338, ,
4, ,340, ,
6, ,338, ,
5, ,341, ,
3, ,338, ,
3, ,341, ,
3, ,340, ,
3, ,340, ,
4, ,338, ,
3, ,342, ,
3, ,338, ,
4, ,341, ,
3, ,340, ,
1, ,340, ,
4, ,340, ,
1, ,343, ,
3, ,338, ,
4, ,341, ,
3, ,341, ,
3, ,341, ,
4, ,340, ,
3, ,341, ,
3, ,341, ,
4, ,341, ,
4, ,338, ,
1, ,341, ,
4, ,340, ,
1, ,342, ,
3, ,338, ,
3, ,341, ,
3, ,340, ,
1, ,340, ,
4, ,338, ,
3, ,341, ,
3, ,340, ,
4, ,341, ,
3, ,338, ,
1, ,340, ,
4, ,340, ,
3, ,341, ,
3, ,338, ,
4, ,341, ,
3, ,341, ,
1, ,340, ,
4, ,338, ,
3, ,341, ,
3, ,338, ,
4, ,341, ,
4, ,338, ,
1, ,338, ,
4, ,340, ,
3, ,343, ,
3, ,338, ,
4, ,341, ,
3, ,340, ,
1, ,341, ,
4, ,338, ,
3, ,341, ,
3, ,340, ,
4, ,341, ,
4, ,340, ,
1, ,341, ,
4, ,340, ,
3, ,341, ,
3, ,338, ,
4, ,341, ,
3, ,341, ,
1, ,340, ,
4, ,338, ,
1, ,340, ,
3, ,340, ,
4, ,341, ,
3, ,340, ,
1, ,341, ,
4, ,340, ,
1, ,341, ,
3, ,338, ,
4, ,338, ,
3, ,341, ,
1, ,340, ,
4, ,338, ,
1, ,343, ,
3, ,340, ,
4, ,341, ,
3, ,341, ,
1, ,338, ,
4, ,338, ,
1, ,341, ,
3, ,338, ,
4, ,340, ,
3, ,341, ,
1, ,340, ,
3, ,338, ,
3, ,341, ,
3, ,340, ,
3, ,340, ,
3, ,340, ,
1, ,341, ,
4, ,341, ,
1, ,343, ,
1, ,338, ,
3, ,341, ,
3, ,340, ,
1, ,341, ,
4, ,340, ,
3, ,341, ,
3, ,340, ,
3, ,341, ,
3, ,338, ,
1, ,340, ,
4, ,340, ,
1, ,343, ,
3, ,338, ,
3, ,341, ,
3, ,340, ,
1, ,338, ,
4, ,338, ,
1, ,342, ,
3, ,340, ,
3, ,340, ,
3, ,338, ,
1, ,340, ,
4, ,338, ,
3, ,341, ,
3, ,338, ,
3, ,340, ,
3, ,340, ,
1, ,340, ,
3, ,338, ,
1, ,341, ,
1, ,340, ,
3, ,340, ,
3, ,338, ,
1, ,341, ,
4, ,338, ,
1, ,342, ,
3, ,338, ,
3, ,341, ,
3, ,341, ,
1, ,340, ,
4, ,338, ,
1, ,341, ,
1, ,340, ,
3, ,341, ,
3, ,338, ,
1, ,340, ,
3, ,340, ,
1, ,342, ,
1, ,340, ,
3, ,341, ,
3, ,341, ,
1, ,340, ,
3, ,340, ,
1, ,342, ,
1, ,340, ,
3, ,342, ,
3, ,340, ,
1, ,340, ,
3, ,341, ,
1, ,343, ,
3, ,338, ,
3, ,341, ,
1, ,341, ,
1, ,341, ,
3, ,340, ,
1, ,341, ,
3, ,340, ,
3, ,341, ,
1, ,338, ,
1, ,341, ,
3, ,340, ,
1, ,342, ,
1, ,338, ,
3, ,341, ,
3, ,338, ,
1, ,340, ,
3, ,338, ,
1, ,341, ,
1, ,340, ,
3, ,341, ,
1, ,340, ,
1, ,338, ,
3, ,340, ,
1, ,341, ,
1, ,337, ,
3, ,341, ,
3, ,341, ,
1, ,341, ,
4, ,340, ,
1, ,341, ,
3, ,338, ,
3, ,341, ,
1, ,338, ,
0, ,341, ,
3, ,340, ,
1, ,342, ,
3, ,338, ,
3, ,342, ,
3, ,338, ,
1, ,338, ,
4, ,340, ,
1, ,341, ,
1, ,340, ,
3, ,341, ,
3, ,340, ,
1, ,340, ,
3, ,340, ,
1, ,343, ,
3, ,338, ,
3, ,341, ,
1, ,341, ,
1, ,340, ,
3, ,338, ,
1, ,341, ,
1, ,338, ,
1, ,341, ,
3, ,338, ,
1, ,340, ,
3, ,340, ,
1, ,342, ,
1, ,340, ,
3, ,338, ,
3, ,340, ,
1, ,340, ,
4, ,338, ,
1, ,341, ,
1, ,340, ,
3, ,341, ,
3, ,338, ,
0, ,340, ,
3, ,340, ,
1, ,341, ,
1, ,338, ,
3, ,341, ,
1, ,341, ,
0, ,340, ,
3, ,338, ,
1, ,341, ,
3, ,338, ,
3, ,341, ,
1, ,338, ,
0, ,340, ,
3, ,340, ,
1, ,341, ,
1, ,338, ,
3, ,340, ,
1, ,340, ,
0, ,340, ,
3, ,338, ,
1, ,341, ,
1, ,340, ,
1, ,341, ,
1, ,340, ,
0, ,340, ,
3, ,340, ,
1, ,342, ,
1, ,338, ,
3, ,341, ,
3, ,340, ,
1, ,340, ,
3, ,338, ,
1, ,342, ,
1, ,340, ,
3, ,341, ,
1, ,338, ,
0, ,341, ,
3, ,340, ,
1, ,341, ,
1, ,338, ,
3, ,341, ,
1, ,340, ,
0, ,341, ,
3, ,338, ,
1, ,341, ,
1, ,338, ,
3, ,341, ,
1, ,338, ,
0, ,340, ,
3, ,341, ,
1, ,342, ,
1, ,338, ,
3, ,340, ,
1, ,340, ,
1, ,340, ,
3, ,338, ,
1, ,342, ,
1, ,338, ,
1, ,341, ,
1, ,341, ,
0, ,338, ,
3, ,338, ,
1, ,342, ,
1, ,340, ,
1, ,341, ,
3, ,338, ,
0, ,340, ,
3, ,338, ,
1, ,342, ,
1, ,340, ,
1, ,341, ,
3, ,340, ,
0, ,338, ,
3, ,340, ,
1, ,341, ,
1, ,338, ,
3, ,340, ,
3, ,341, ,
0, ,340, ,
3, ,338, ,
1, ,341, ,
1, ,340, ,
3, ,341, ,
1, ,340, ,
1, ,340, ,
3, ,340, ,
1, ,341, ,
1, ,338, ,
1, ,341, ,
1, ,338, ,
1, ,340, ,
3, ,340, ,
1, ,341, ,
1, ,341, ,
3, ,341, ,
1, ,340, ,
0, ,341, ,
3, ,340, ,
1, ,343, ,
1, ,338, ,
3, ,341, ,
1, ,338, ,
0, ,341, ,
3, ,338, ,
1, ,341, ,
1, ,340, ,
1, ,341, ,
1, ,338, ,
0, ,340, ,
3, ,340, ,
1, ,341, ,
1, ,338, ,
3, ,338, ,
3, ,341, ,
1, ,340, ,
3, ,340, ,
1, ,341, ,
1, ,340, ,
3, ,341, ,
1, ,338, ,
0, ,340, ,
3, ,340, ,
1, ,342, ,
1, ,338, ,
3, ,340, ,
1, ,341, ,
0, ,341, ,
3, ,340, ,
1, ,340, ,
1, ,340, ,
3, ,343, ,
1, ,340, ,
0, ,340, ,
3, ,338, ,
1, ,341, ,
1, ,338, ,
1, ,341, ,
1, ,340, ,
0, ,340, ,
3, ,340, ,
1, ,341, ,
1, ,340, ,
1, ,341, ,
3, ,340, ,
0, ,340, ,
3, ,341, ,
1, ,341, ,
1, ,338, ,
3, ,341, ,
1, ,341, ,
0, ,341, ,
3, ,338, ,
1, ,343, ,
1, ,340, ,
3, ,341, ,
1, ,338, ,
0, ,338, ,
3, ,340, ,
1, ,341, ,
1, ,338, ,
1, ,340, ,
1, ,341, ,
0, ,340, ,
3, ,338, ,
1, ,342, ,
1, ,340, ,
1, ,341, ,
1, ,338, ,
0, ,340, ,
3, ,341, ,
1, ,342, ,
1, ,338, ,
3, ,341, ,
1, ,341, ,
0, ,340, ,
3, ,338, ,
1, ,341, ,
1, ,338, ,
3, ,341, ,
1, ,338, ,
0, ,340, ,
3, ,340, ,
1, ,341, ,
1, ,338, ,
3, ,341, ,
1, ,340, ,
0, ,340, ,
3, ,338, ,
1, ,342, ,
1, ,340, ,
3, ,341, ,
1, ,338, ,
0, ,338, ,
3, ,340, ,
1, ,341, ,
1, ,338, ,
3, ,341, ,
1, ,338, ,
0, ,340, ,
3, ,340, ,
1, ,341, ,
1, ,340, ,
3, ,341, ,
1, ,338, ,
0, ,332, ,
3, ,340, ,
1, ,346, ,
1, ,343, ,
3, ,338, ,
1, ,338, ,
0, ,338, ,
3, ,338, ,
1, ,342, ,
1, ,338, ,
3, ,343, ,
1, ,341, ,
0, ,338, ,
3, ,340, ,
1, ,343, ,
1, ,338, ,
3, ,341, ,
1, ,341, ,
0, ,341, ,
3, ,338, ,
1, ,342, ,
1, ,338, ,
1, ,342, ,
1, ,338, ,
0, ,340, ,
3, ,340, ,
1, ,341, ,
1, ,338, ,
3, ,341, ,
1, ,338, ,
0, ,340, ,
3, ,338, ,
1, ,343, ,
1, ,340, ,
1, ,341, ,
1, ,340, ,
0, ,338, ,
3, ,340, ,
1, ,341, ,
1, ,337, ,
1, ,341, ,
1, ,338, ,
0, ,341, ,
3, ,338, ,
1, ,341, ,
1, ,340, ,
3, ,340, ,
1, ,338, ,
0, ,340, ,
3, ,338, ,
1, ,341, ,
1, ,338, ,
1, ,340, ,
1, ,340, ,
0, ,340, ,
3, ,340, ,
1, ,342, ,
1, ,340, ,
1, ,341, ,
1, ,338, ,
0, ,338, ,
3, ,340, ,
1, ,342, ,
1, ,338, ,
1, ,343, ,
1, ,341, ,
0, ,340, ,
3, ,338, ,
1, ,342, ,
1, ,340, ,
3, ,341, ,
1, ,338, ,
0, ,340, ,
3, ,338, ,
1, ,341, ,
1, ,338, ,
3, ,341, ,
1, ,338, ,
0, ,340, ,
3, ,337, ,
1, ,341, ,
1, ,340, ,
1, ,341, ,
1, ,338, ,
0, ,340, ,
3, ,341, ,
1, ,341, ,
1, ,337, ,
3, ,341, ,
1, ,341, ,
0, ,341, ,
3, ,340, ,
1, ,341, ,
1, ,340, ,
3, ,341, ,
1, ,338, ,
0, ,340, ,
3, ,341, ,
1, ,341, ,
1, ,340, ,
3, ,341, ,
1, ,340, ,
0, ,340, ,
3, ,338, ,
0, ,340, ,
1, ,340, ,
3, ,340, ,
1, ,340, ,
0, ,340, ,
3, ,340, ,
1, ,341, ,
1, ,338, ,
1, ,341, ,
1, ,341, ,
0, ,340, ,
3, ,338, ,
1, ,342, ,
1, ,340, ,
3, ,341, ,
1, ,338, ,
0, ,340, ,
3, ,341, ,
0, ,342, ,
1, ,338, ,
3, ,341, ,
1, ,340, ,
0, ,341, ,
3, ,340, ,
1, ,341, ,
1, ,338, ,
3, ,341, ,
1, ,338, ,
0, ,340, ,
3, ,340, ,
1, ,343, ,
1, ,337, ,
1, ,341, ,
1, ,340, ,
0, ,341, ,
3, ,340, ,
1, ,342, ,
1, ,338, ,
3, ,341, ,
1, ,340, ,
0, ,341, ,
3, ,340, ,
1, ,342, ,
1, ,338, ,
1, ,340, ,
1, ,338, ,
0, ,340, ,
3, ,338, ,
1, ,341, ,
1, ,338, ,
1, ,341, ,
1, ,338, ,
0, ,340, ,
3, ,338, ,
1, ,341, ,
1, ,338, ,
1, ,340, ,
1, ,340, ,
0, ,340, ,
3, ,338, ,
0, ,340, ,
0, ,340, ,
1, ,340, ,
1, ,338, ,
0, ,340, ,
3, ,340, ,
0, ,343, ,
0, ,338, ,
3, ,340, ,
1, ,338, ,
0, ,340, ,
3, ,338, ,
0, ,341, ,
0, ,340, ,
1, ,341, ,
1, ,338, ,
0, ,340, ,
3, ,340, ,
1, ,341, ,
0, ,338, ,
1, ,338, ,
1, ,341, ,
0, ,340, ,
3, ,340, ,
1, ,341, ,
1, ,340, ,
3, ,341, ,
1, ,338, ,
0, ,340, ,
3, ,340, ,
0, ,341, ,
1, ,338, ,
3, ,341, ,
1, ,338, ,
0, ,338, ,
3, ,338, ,
1, ,341, ,
0, ,340, ,
1, ,341, ,
1, ,340, ,
0, ,338, ,
3, ,340, ,
0, ,342, ,
1, ,337, ,
1, ,340, ,
1, ,338, ,
0, ,341, ,
1, ,338, ,
0, ,341, ,
1, ,338, ,
3, ,338, ,
3, ,338, ,
0, ,338, ,
1, ,341, ,
0, ,341, ,
0, ,338, ,
1, ,340, ,
1, ,340, ,
0, ,340, ,
3, ,338, ,
1, ,342, ,
1, ,340, ,
1, ,340, ,
1, ,338, ,
0, ,340, ,
3, ,340, ,
1, ,343, ,
1, ,336, ,
1, ,341, ,
108, ,340, ,
65, ,341, ,
43, ,338, ,
29, ,341, ,
20, ,338, ,
13, ,341, ,
6, ,338, ,
5, ,340, ,
8, ,341, ,
4, ,342, ,
3, ,338, ,
4, ,341, ,
4, ,341, ,
3, ,340, ,
4, ,338, ,
3, ,340, ,
4, ,340, ,
4, ,341, ,
4, ,338, ,
1, ,340, ,
5, ,340, ,
3, ,341, ,
3, ,337, ,
4, ,340, ,
4, ,341, ,
3, ,340, ,
4, ,338, ,
1, ,341, ,
3, ,340, ,
4, ,341, ,
4, ,338, ,
1, ,338, ,
4, ,338, ,
1, ,341, ,
3, ,338, ,
4, ,341, ,
4, ,341, ,
3, ,340, ,
4, ,340, ,
3, ,341, ,
3, ,340, ,
4, ,340, ,
4, ,338, ,
1, ,340, ,
4, ,338, ,
1, ,341, ,
3, ,338, ,
4, ,341, ,
3, ,338, ,
1, ,340, ,
4, ,338, ,
3, ,341, ,
3, ,338, ,
4, ,341, ,
4, ,338, ,
1, ,342, ,
4, ,341, ,
1, ,341, ,
3, ,338, ,
3, ,340, ,
3, ,341, ,
1, ,340, ,
4, ,338, ,
1, ,341, ,
3, ,340, ,
3, ,341, ,
3, ,340, ,
1, ,340, ,
4, ,341, ,
3, ,342, ,
3, ,338, ,
4, ,338, ,
3, ,338, ,
1, ,340, ,
4, ,340, ,
3, ,341, ,
3, ,338, ,
3, ,341, ,
3, ,338, ,
1, ,340, ,
4, ,341, ,
3, ,341, ,
3, ,338, ,
3, ,338, ,
3, ,338, ,
1, ,340, ,
4, ,338, ,
3, ,341, ,
1, ,340, ,
3, ,341, ,
3, ,338, ,
1, ,337, ,
4, ,337, ,
1, ,338, ,
3, ,336, ,
3, ,341, ,
3, ,343, ,
3, ,344, ,
4, ,341, ,
1, ,338, ,
3, ,336, ,
3, ,337, ,
3, ,338, ,
1, ,341, ,
4, ,341, ,
3, ,342, ,
3, ,338, ,
3, ,338, ,
3, ,338, ,
1, ,340, ,
4, ,338, ,
1, ,341, ,
3, ,338, ,
3, ,338, ,
3, ,338, ,
1, ,340, ,
4, ,338, ,
3, ,342, ,
3, ,338, ,
3, ,341, ,
3, ,338, ,
1, ,338, ,
4, ,340, ,
1, ,341, ,
3, ,338, ,
3, ,340, ,
3, ,338, ,
1, ,340, ,
4, ,340, ,
1, ,341, ,
3, ,338, ,
3, ,338, ,
3, ,340, ,
1, ,338, ,
4, ,337, ,
1, ,341, ,
3, ,338, ,
3, ,340, ,
3, ,338, ,
1, ,341, ,
4, ,338, ,
1, ,341, ,
3, ,338, ,
3, ,340, ,
3, ,338, ,
1, ,340, ,
3, ,338, ,
1, ,341, ,
3, ,338, ,
3, ,341, ,
3, ,338, ,
1, ,338, ,
4, ,340, ,
1, ,341, ,
3, ,338, ,
3, ,341, ,
3, ,338, ,
1, ,338, ,
4, ,338, ,
1, ,341, ,
3, ,338, ,
3, ,340, ,
3, ,338, ,
1, ,340, ,
3, ,338, ,
1, ,341, ,
3, ,338, ,
3, ,341, ,
3, ,340, ,
1, ,340, ,
3, ,338, ,
1, ,342, ,
3, ,338, ,
3, ,340, ,
1, ,338, ,
1, ,341, ,
4, ,338, ,
1, ,340, ,
3, ,337, ,
3, ,340, ,
3, ,338, ,
1, ,340, ,
4, ,338, ,
1, ,338, ,
3, ,340, ,
3, ,340, ,
3, ,340, ,
1, ,338, ,
3, ,338, ,
1, ,341, ,
1, ,338, ,
3, ,340, ,
3, ,341, ,
1, ,340, ,
3, ,338, ,
1, ,341, ,
3, ,338, ,
3, ,341, ,
3, ,338, ,
1, ,340, ,
4, ,340, ,
1, ,342, ,
1, ,340, ,
3, ,338, ,
3, ,341, ,
1, ,340, ,
3, ,338, ,
1, ,343, ,
1, ,340, ,
3, ,342, ,
3, ,338, ,
1, ,340, ,
3, ,340, ,
1, ,343, ,
1, ,338, ,
3, ,341, ,
3, ,341, ,
1, ,341, ,
3, ,340, ,
1, ,342, ,
1, ,340, ,
3, ,342, ,
3, ,340, ,
1, ,341, ,
3, ,341, ,
1, ,343, ,
1, ,337, ,
3, ,341, ,
3, ,340, ,
1, ,340, ,
3, ,340, ,
1, ,341, ,
1, ,338, ,
3, ,341, ,
1, ,338, ,
1, ,338, ,
3, ,340, ,
1, ,341, ,
1, ,340, ,
3, ,341, ,
3, ,340, ,
1, ,341, ,
3, ,338, ,
1, ,342, ,
1, ,340, ,
3, ,341, ,
3, ,338, ,
1, ,338, ,
3, ,340, ,
1, ,341, ,
1, ,338, ,
3, ,341, ,
1, ,341, ,
1, ,340, ,
3, ,340, ,
1, ,342, ,
1, ,338, ,
3, ,342, ,
1, ,340, ,
1, ,340, ,
3, ,338, ,
1, ,341, ,
1, ,338, ,
3, ,341, ,
1, ,341, ,
1, ,341, ,
3, ,338, ,
1, ,341, ,
1, ,340, ,
3, ,341, ,
1, ,338, ,
0, ,340, ,
3, ,340, ,
1, ,342, ,
1, ,338, ,
1, ,340, ,
1, ,340, ,
1, ,338, ,
3, ,338, ,
1, ,341, ,
1, ,340, ,
3, ,341, ,
3, ,340, ,
0, ,340, ,
3, ,341, ,
1, ,342, ,
1, ,338, ,
3, ,338, ,
1, ,338, ,
1, ,340, ,
3, ,340, ,
1, ,343, ,
1, ,340, ,
3, ,341, ,
1, ,340, ,
0, ,338, ,
3, ,338, ,
1, ,341, ,
1, ,338, ,
3, ,341, ,
3, ,341, ,
0, ,341, ,
3, ,340, ,
1, ,341, ,
1, ,338, ,
3, ,340, ,
1, ,338, ,
0, ,341, ,
3, ,340, ,
1, ,343, ,
1, ,340, ,
3, ,340, ,
1, ,341, ,
0, ,340, ,
3, ,340, ,
1, ,342, ,
1, ,340, ,
3, ,340, ,
1, ,340, ,
0, ,340, ,
3, ,341, ,
1, ,343, ,
1, ,338, ,
3, ,340, ,
1, ,341, ,
0, ,338, ,
3, ,340, ,
1, ,342, ,
1, ,340, ,
3, ,342, ,
1, ,338, ,
0, ,340, ,
3, ,341, ,
1, ,342, ,
1, ,340, ,
3, ,341, ,
1, ,342, ,
0, ,340, ,
3, ,340, ,
1, ,342, ,
1, ,340, ,
3, ,341, ,
1, ,338, ,
0, ,340, ,
3, ,340, ,
1, ,342, ,
1, ,338, ,
1, ,341, ,
1, ,341, ,
0, ,341, ,
3, ,340, ,
1, ,341, ,
1, ,340, ,
3, ,341, ,
3, ,340, ,
0, ,338, ,
3, ,341, ,
1, ,343, ,
1, ,338, ,
3, ,341, ,
1, ,341, ,
0, ,340, ,
3, ,340, ,
1, ,342, ,
1, ,340, ,
1, ,341, ,
1, ,340, ,
0, ,340, ,
3, ,340, ,
1, ,341, ,
1, ,338, ,
3, ,340, ,
3, ,341, ,
0, ,340, ,
3, ,340, ,
1, ,342, ,
1, ,338, ,
3, ,341, ,
1, ,338, ,
0, ,340, ,
3, ,340, ,
1, ,342, ,
1, ,338, ,
3, ,341, ,
1, ,341, ,
0, ,341, ,
3, ,338, ,
1, ,341, ,
1, ,340, ,
1, ,341, ,
1, ,340, ,
0, ,340, ,
3, ,340, ,
1, ,342, ,
1, ,338, ,
1, ,342, ,
1, ,341, ,
0, ,340, ,
3, ,338, ,
1, ,341, ,
1, ,340, ,
3, ,340, ,
1, ,340, ,
0, ,340, ,
3, ,341, ,
1, ,343, ,
1, ,338, ,
3, ,340, ,
1, ,340, ,
0, ,341, ,
3, ,338, ,
1, ,341, ,
1, ,340, ,
3, ,341, ,
1, ,338, ,
0, ,340, ,
3, ,340, ,
1, ,342, ,
1, ,338, ,
1, ,341, ,
1, ,340, ,
0, ,340, ,
3, ,338, ,
1, ,341, ,
1, ,340, ,
3, ,340, ,
1, ,338, ,
0, ,340, ,
3, ,340, ,
1, ,342, ,
1, ,338, ,
3, ,341, ,
1, ,338, ,
0, ,340, ,
3, ,338, ,
1, ,342, ,
1, ,340, ,
1, ,341, ,
1, ,338, ,
0, ,340, ,
3, ,340, ,
1, ,343, ,
1, ,338, ,
1, ,341, ,
1, ,340, ,
0, ,338, ,
3, ,340, ,
1, ,341, ,
1, ,340, ,
1, ,341, ,
1, ,338, ,
0, ,340, ,
3, ,340, ,
1, ,341, ,
1, ,338, ,
3, ,338, ,
3, ,341, ,
0, ,340, ,
3, ,338, ,
1, ,342, ,
1, ,338, ,
1, ,340, ,
1, ,340, ,
0, ,340, ,
3, ,340, ,
1, ,342, ,
1, ,338, ,
1, ,341, ,
1, ,341, ,
0, ,341, ,
3, ,340, ,
1, ,341, ,
1, ,340, ,
3, ,340, ,
1, ,340, ,
0, ,340, ,
3, ,340, ,
0, ,342, ,
1, ,337, ,
3, ,338, ,
1, ,341, ,
0, ,340, ,
3, ,340, ,
1, ,343, ,
1, ,340, ,
3, ,341, ,
1, ,338, ,
0, ,338, ,
3, ,340, ,
0, ,341, ,
1, ,340, ,
1, ,340, ,
1, ,341, ,
0, ,340, ,
3, ,338, ,
1, ,342, ,
1, ,340, ,
3, ,342, ,
1, ,340, ,
0, ,341, ,
3, ,340, ,
1, ,341, ,
1, ,338, ,
3, ,341, ,
1, ,341, ,
0, ,340, ,
3, ,340, ,
0, ,341, ,
1, ,340, ,
3, ,341, ,
1, ,338, ,
0, ,341, ,
3, ,341, ,
0, ,341, ,
1, ,337, ,
1, ,340, ,
1, ,340, ,
0, ,341, ,
3, ,338, ,
0, ,342, ,
1, ,340, ,
1, ,341, ,
3, ,340, ,
0, ,340, ,
3, ,340, ,
1, ,341, ,
1, ,338, ,
3, ,341, ,
1, ,338, ,
0, ,340, ,
3, ,340, ,
1, ,341, ,
1, ,338, ,
1, ,342, ,
1, ,337, ,
0, ,340, ,
3, ,340, ,
1, ,342, ,
1, ,338, ,
1, ,340, ,
1, ,338, ,
0, ,341, ,
3, ,340, ,
1, ,342, ,
1, ,340, ,
1, ,341, ,
1, ,338, ,
0, ,340, ,
3, ,340, ,
1, ,341, ,
1, ,338, ,
3, ,338, ,
1, ,341, ,
0, ,341, ,
3, ,338, ,
1, ,341, ,
1, ,340, ,
3, ,341, ,
1, ,338, ,
0, ,340, ,
3, ,340, ,
1, ,341, ,
1, ,338, ,
1, ,341, ,
1, ,338, ,
0, ,340, ,
3, ,338, ,
1, ,341, ,
1, ,340, ,
3, ,340, ,
1, ,338, ,
0, ,338, ,
3, ,338, ,
1, ,342, ,
1, ,338, ,
1, ,340, ,
1, ,340, ,
0, ,340, ,
3, ,338, ,
1, ,341, ,
1, ,340, ,
3, ,341, ,
1, ,341, ,
0, ,340, ,
3, ,338, ,
0, ,342, ,
1, ,338, ,
1, ,340, ,
1, ,340, ,
0, ,340, ,
3, ,338, ,
1, ,341, ,
1, ,340, ,
3, ,341, ,
1, ,338, ,
0, ,341, ,
3, ,340, ,
1, ,341, ,
1, ,337, ,
3, ,341, ,
1, ,340, ,
0, ,341, ,
3, ,340, ,
1, ,341, ,
1, ,340, ,
1, ,341, ,
1, ,338, ,
0, ,340, ,
3, ,341, ,
1, ,342, ,
1, ,337, ,
1, ,341, ,
1, ,340, ,
0, ,341, ,
3, ,338, ,
1, ,341, ,
1, ,340, ,
1, ,341, ,
1, ,340, ,
0, ,341, ,
3, ,340, ,
0, ,342, ,
1, ,338, ,
3, ,341, ,
1, ,341, ,
0, ,340, ,
3, ,338, ,
1, ,342, ,
0, ,340, ,
1, ,341, ,
1, ,340, ,
0, ,340, ,
3, ,340, ,
1, ,341, ,
1, ,338, ,
3, ,341, ,
1, ,341, ,
0, ,340, ,
3, ,338, ,
1, ,342, ,
1, ,340, ,
3, ,342, ,
1, ,338, ,
0, ,341, ,
3, ,340, ,
0, ,341, ,
1, ,338, ,
3, ,341, ,
1, ,341, ,
0, ,340, ,
3, ,338, ,
0, ,341, ,
0, ,340, ,
1, ,341, ,
1, ,340, ,
0, ,340, ,
3, ,341, ,
0, ,342, ,
0, ,340, ,
1, ,341, ,
1, ,341, ,
0, ,340, ,
3, ,338, ,
1, ,342, ,
0, ,340, ,
1, ,341, ,
1, ,338, ,
0, ,340, ,
3, ,341, ,
1, ,341, ,
1, ,338, ,
1, ,341, ,
1, ,341, ,
0, ,341, ,
3, ,340, ,
0, ,341, ,
1, ,340, ,
1, ,341, ,
1, ,338, ,
0, ,340, ,
3, ,340, ,
0, ,341, ,
0, ,338, ,
1, ,341, ,
1, ,341, ,
0, ,340, ,
3, ,335, ,
1, ,338, ,
1, ,341, ,
1, ,346, ,
1, ,343, ,
0, ,338, ,
3, ,338, ,
1, ,341, ,
1, ,338, ,
1, ,341, ,
1, ,341, ,
0, ,341, ,
3, ,338, ,
0, ,341, ,
1, ,340, ,
3, ,342, ,
1, ,338, ,
0, ,340, ,
3, ,340, ,
1, ,341, ,
0, ,338, ,
1, ,341, ,
1, ,341, ,
0, ,341, ,
3, ,340, ,
1, ,341, ,
1, ,341, ,
3, ,341, ,
1, ,340, ,
0, ,340, ,
3, ,341, ,
1, ,342, ,
1, ,340, ,
1, ,340, ,
1, ,340, ,
0, ,340, ,
3, ,338, ,
1, ,341, ,
1, ,340, ,
3, ,341, ,
1, ,338, ,
0, ,341, ,
3, ,338, ,
1, ,338, ,
1, ,336, ,
3, ,338, ,
1, ,341, ,
0, ,341, ,
3, ,341, ,
0, ,341, ,
0, ,338, ,
1, ,341, ,
1, ,338, ,
-1, ,338, ,
3, ,338, ,
0, ,341, ,
1, ,337, ,
1, ,342, ,
1, ,341, ,
0, ,340, ,
3, ,338, ,
0, ,341, ,
0, ,340, ,
1, ,341, ,
1, ,337, ,
-1, ,338, ,
3, ,340, ,
0, ,342, ,
0, ,338, ,
1, ,341, ,
1, ,341, ,
0, ,340, ,
3, ,340, ,
0, ,341, ,
0, ,338, ,
1, ,342, ,
1, ,340, ,
0, ,340, ,
1, ,340, ,
0, ,341, ,
1, ,338, ,
1, ,342, ,
1, ,341, ,
0, ,341, ,
3, ,340, ,
0, ,341, ,
0, ,340, ,
1, ,341, ,
1, ,338, ,
0, ,338, ,
3, ,340, ,
0, ,341, ,
0, ,338, ,
3, ,341, ,
1, ,340, ,
0, ,341, ,
3, ,338, ,
0, ,341, ,
1, ,340, ,
3, ,341, ,
1, ,338, ,
0, ,338, ,
3, ,338, ,
0, ,343, ,
0, ,338, ,
1, ,340, ,
1, ,338, ,
0, ,338, ,
3, ,338, ,
1, ,341, ,
0, ,338, ,
3, ,341, ,
1, ,341, ,
0, ,340, ,
3, ,340, ,
0, ,340, ,
1, ,338, ,
1, ,340, ,
0, ,340, ,
0, ,340, ,
3, ,340, ,
0, ,341, ,
0, ,340, ,
3, ,341, ,
1, ,340, ,
0, ,338, ,
3, ,340, ,
1, ,343, ,
0, ,338, ,
1, ,341, ,
1, ,340, ,
0, ,340, ,
3, ,338, ,
1, ,341, ,
1, ,338, ,
1, ,341, ,
1, ,338, ,
0, ,340, ,
3, ,341, ,
0, ,341, ,
1, ,337, ,
1, ,341, ,
1, ,340, ,
0, ,340, ,
3, ,338, ,
1, ,342, ,
0, ,340, ,
1, ,341, ,
1, ,338, ,
0, ,340, ,
3, ,340, ,
0, ,341, ,
1, ,338, ,
1, ,340, ,
1, ,340, ,
0, ,340, ,
3, ,340, ,
1, ,343, ,
0, ,340, ,
1, ,341, ,
1, ,338, ,
0, ,338, ,
3, ,341, ,
0, ,341, ,
1, ,337, ,
1, ,341, ,
1, ,341, ,
0, ,340, ,
3, ,338, ,
0, ,341, ,
0, ,340, ,
1, ,341, ,
1, ,341, ,
0, ,340, ,
3, ,340, ,
0, ,342, ,
0, ,338, ,
1, ,341, ,
0, ,340, ,
0, ,340, ,
1, ,338, ,
1, ,341, ,
0, ,340, ,
1, ,341, ,
1, ,338, ,
0, ,340, ,
3, ,340, ,
0, ,341, ,
1, ,338, ,
1, ,341, ,
1, ,340, ,
0, ,341, ,
3, ,338, ,
1, ,341, ,
1, ,340, ,
1, ,340, ,
1, ,338, ,
0, ,340, ,
1, ,338, ,
0, ,341, ,
1, ,338, ,
1, ,341, ,
1, ,338, ,
0, ,340, ,
3, ,338, ,
1, ,342, ,
0, ,338, ,
1, ,341, ,
1, ,338, ,
0, ,340, ,
1, ,340, ,
0, ,340, ,
1, ,338, ,
1, ,341, ,
1, ,340, ,
0, ,340, ,
3, ,338, ,
0, ,341, ,
0, ,340, ,
1, ,341, ,
1, ,338, ,
0, ,340, ,
3, ,338, ,
0, ,342, ,
0, ,338, ,
3, ,341, ,
1, ,340, ,
0, ,340, ,
3, ,338, ,
0, ,340, ,
0, ,340, ,
1, ,340, ,
1, ,338, ,
0, ,340, ,
3, ,340, ,
0, ,341, ,
0, ,338, ,
1, ,340, ,
1, ,341, ,
0, ,340, ,
3, ,340, ,
0, ,341, ,
0, ,340, ,
1, ,341, ,
1, ,338, ,
0, ,341, ,
3, ,340, ,
0, ,341, ,
1, ,338, ,
1, ,341, ,
1, ,338, ,
0, ,340, ,
3, ,338, ,
0, ,341, ,
0, ,340, ,
1, ,341, ,
1, ,340, ,
0, ,338, ,
3, ,340, ,
0, ,338, ,
0, ,338, ,
3, ,340, ,
1, ,338, ,
0, ,341, ,
1, ,338, ,
0, ,341, ,
0, ,338, ,
1, ,341, ,
1, ,338, ,
0, ,340, ,
3, ,338, ,
0, ,341, ,
0, ,338, ,
1, ,341, ,
1, ,341, ,
0, ,341, ,
1, ,338, ,
0, ,341, ,
0, ,338, ,
1, ,340, ,
1, ,338, ,
0, ,340, ,
3, ,340, ,
0, ,341, ,
0, ,337, ,
1, ,340, ,
1, ,340, ,
0, ,340, ,
3, ,338, ,
0, ,341, ,
0, ,340, ,
1, ,341, ,
1, ,338, ,
0, ,340, ,
3, ,340, ,
0, ,341, ,
0, ,337, ,
1, ,338, ,
1, ,340, ,
0, ,340, ,
3, ,338, ,
0, ,341, ,
0, ,340, ,
1, ,341, ,
1, ,338, ,
0, ,341, ,
1, ,340, ,
0, ,342, ,
0, ,338, ,
1, ,340, ,
1, ,340, ,
1, ,340, ,
3, ,338, ,
0, ,341, ,
0, ,338, ,
1, ,341, ,
1, ,338, ,
0, ,338, ,
3, ,340, ,
0, ,341, ,
1, ,338, ,
1, ,341, ,
1, ,341, ,
0, ,340, ,
3, ,338, ,
1, ,342, ,
0, ,340, ,
1, ,340, ,
0, ,338, ,
0, ,340, ,
1, ,338, ,
0, ,341, ,
1, ,338, ,
1, ,340, ,
1, ,340, ,
0, ,340, ,
3, ,340, ,
1, ,343, ,
0, ,338, ,
1, ,341, ,
1, ,338, ,
0, ,340, ,
3, ,340, ,
1, ,341, ,
1, ,338, ,
1, ,341, ,
1, ,340, ,
0, ,340, ,
3, ,338, ,
0, ,341, ,
0, ,340, ,
1, ,341, ,
1, ,338, ,
0, ,340, ,
3, ,341, ,
0, ,342, ,
0, ,338, ,
1, ,338, ,
1, ,340, ,
0, ,340, ,
3, ,338, ,
1, ,341, ,
0, ,340, ,
1, ,340, ,
1, ,338, ,
0, ,340, ,
3, ,341, ,
1, ,341, ,
1, ,338, ,
1, ,341, ,
1, ,341, ,
0, ,341, ,
3, ,338, ,
0, ,341, ,
1, ,340, ,
1, ,341, ,
1, ,340, ,
0, ,340, ,
3, ,340, ,
0, ,341, ,
1, ,338, ,
1, ,340, ,
1, ,338, ,
0, ,340, ,
3, ,338, ,
0, ,341, ,
0, ,340, ,
1, ,341, ,
1, ,338, ,
0, ,340, ,
3, ,338, ,
0, ,341, ,
0, ,338, ,
1, ,341, ,
1, ,340, ,
0, ,340, ,
3, ,338, ,
0, ,341, ,
0, ,340, ,
1, ,341, ,
1, ,338, ,
-1, ,338, ,
3, ,341, ,
0, ,342, ,
0, ,338, ,
1, ,341, ,
1, ,338, ,
0, ,340, ,
3, ,338, ,
0, ,340, ,
0, ,338, ,
1, ,338, ,
1, ,336, ,
0, ,338, ,
3, ,341, ,
1, ,344, ,
0, ,342, ,
1, ,342, ,
1, ,340, ,
-1, ,336, ,
1, ,336, ,
0, ,338, ,
0, ,340, ,
1, ,341, ,
1, ,338, ,
0, ,338, ,
3, ,338, ,
0, ,341, ,
0, ,338, ,
1, ,338, ,
1, ,340, ,
0, ,340, ,
3, ,338, ,
0, ,341, ,
1, ,338, ,
1, ,341, ,
1, ,338, ,
0, ,338, ,
1, ,338, ,
0, ,341, ,
0, ,338, ,
1, ,340, ,
1, ,338, ,
0, ,340, ,
1, ,338, ,
0, ,341, ,
0, ,338, ,
1, ,340, ,
1, ,338, ,
-1, ,338, ,
1, ,338, ,
0, ,340, ,
0, ,338, ,
1, ,340, ,
1, ,338, ,
0, ,340, ,
1, ,338, ,
0, ,340, ,
0, ,340, ,
1, ,340, ,
1, ,338, ,
-1, ,340, ,
3, ,338, ,
0, ,342, ,
0, ,338, ,
1, ,340, ,
0, ,340, ,
0, ,340, ,
3, ,338, ,
0, ,340, ,
0, ,340, ,
1, ,341, ,
1, ,338, ,
-1, ,338, ,
3, ,338, ,
0, ,341, ,
0, ,338, ,
1, ,338, ,
1, ,338, ,
0, ,340, ,
1, ,338, ,
0, ,340, ,
0, ,338, ,
1, ,340, ,
1, ,338, ,
-1, ,338, ,
3, ,337, ,
0, ,338, ,
0, ,338, ,
1, ,341, ,
1, ,341, ,
-1, ,341, ,
3, ,338, ,
0, ,342, ,
0, ,340, ,
1, ,338, ,
0, ,337, ,
-1, ,338, ,
3, ,341, ,
0, ,341, ,
0, ,340, ,
1, ,340, ,
1, ,338, ,
0, ,338, ,
3, ,338, ,
0, ,341, ,
0, ,338, ,
1, ,340, ,
1, ,338, ,
0, ,340, ,
3, ,340, ,
0, ,341, ,
0, ,337, ,
1, ,341, ,
1, ,340, ,
0, ,340, ,
3, ,340, ,
0, ,342, ,
0, ,340, ,
1, ,343, ,
1, ,340, ,
0, ,340, ,
3, ,340, ,
0, ,341, ,
0, ,337, ,
1, ,341, ,
1, ,341, ,
0, ,341, ,
3, ,340, ,
0, ,341, ,
1, ,338, ,
1, ,341, ,
1, ,340, ,
0, ,340, ,
1, ,341, ,
0, ,342, ,
0, ,338, ,
3, ,340, ,
1, ,341, ,
0, ,341, ,
3, ,338, ,
0, ,341, ,
1, ,340, ,
1, ,341, ,
1, ,338, ,
0, ,340, ,
3, ,341, ,
0, ,340, ,
0, ,338, ,
1, ,340, ,
1, ,340, ,
0, ,340, ,
1, ,340, ,
0, ,342, ,
0, ,340, ,
1, ,340, ,
1, ,340, ,
0, ,341, ,
1, ,340, ,
0, ,342, ,
0, ,340, ,
1, ,340, ,
1, ,338, ,
0, ,341, ,
3, ,338, ,
0, ,342, ,
0, ,338, ,
1, ,341, ,
1, ,338, ,
0, ,340, ,
3, ,340, ,
0, ,341, ,
0, ,338, ,
1, ,341, ,
1, ,341, ,
0, ,341, ,
3, ,338, ,
0, ,341, ,
0, ,340, ,
1, ,341, ,
1, ,340, ,
0, ,338, ,
3, ,341, ,
0, ,342, ,
0, ,340, ,
1, ,341, ,
1, ,340, ,
0, ,341, ,
3, ,338, ,
0, ,341, ,
0, ,340, ,
1, ,341, ,
1, ,338, ,
0, ,340, ,
3, ,340, ,
0, ,341, ,
0, ,338, ,
1, ,340, ,
1, ,340, ,
0, ,340, ,
3, ,340, ,
0, ,341, ,
0, ,340, ,
1, ,341, ,
1, ,338, ,
0, ,340, ,
3, ,341, ,
0, ,342, ,
0, ,337, ,
1, ,341, ,
1, ,341, ,
0, ,340, ,
3, ,340, ,
0, ,341, ,
0, ,338, ,
1, ,341, ,
1, ,338, ,
0, ,340, ,
3, ,340, ,
0, ,343, ,
0, ,338, ,
1, ,340, ,
1, ,340, ,
0, ,340, ,
3, ,340, ,
0, ,341, ,
0, ,340, ,
1, ,341, ,
1, ,338, ,
0, ,340, ,
3, ,340, ,
0, ,343, ,
0, ,338, ,
1, ,341, ,
1, ,341, ,
0, ,341, ,
1, ,338, ,
0, ,341, ,
0, ,340, ,
1, ,341, ,
1, ,338, ,
-1, ,340, ,
3, ,338, ,
0, ,342, ,
0, ,338, ,
1, ,341, ,
1, ,340, ,
0, ,341, ,
3, ,340, ,
0, ,341, ,
0, ,338, ,
1, ,341, ,
1, ,338, ,
0, ,340, ,
3, ,340, ,
0, ,343, ,
0, ,337, ,
1, ,341, ,
1, ,341, ,
0, ,341, ,
3, ,338, ,
1, ,341, ,
0, ,340, ,
1, ,341, ,
1, ,338, ,
0, ,340, ,
1, ,340, ,
0, ,341, ,
1, ,340, ,
1, ,340, ,
1, ,340, ,
0, ,341, ,
3, ,338, ,
0, ,342, ,
0, ,340, ,
1, ,341, ,
1, ,340, ,
0, ,340, ,
3, ,341, ,
0, ,342, ,
0, ,338, ,
1, ,341, ,
1, ,342, ,
0, ,341, ,
3, ,340, ,
0, ,341, ,
0, ,340, ,
1, ,341, ,
1, ,338, ,
0, ,340, ,
1, ,340, ,
0, ,343, ,
0, ,340, ,
1, ,341, ,
1, ,340, ,
0, ,341, ,
3, ,340, ,
0, ,343, ,
0, ,338, ,
1, ,341, ,
1, ,340, ,
0, ,340, ,
1, ,341, ,
0, ,341, ,
0, ,338, ,
1, ,342, ,
1, ,340, ,
0, ,341, ,
1, ,338, ,
0, ,341, ,
0, ,340, ,
1, ,341, ,
1, ,338, ,
0, ,338, ,
1, ,340, ,
0, ,341, ,
0, ,340, ,
1, ,340, ,
1, ,341, ,
0, ,340, ,
3, ,338, ,
0, ,341, ,
0, ,340, ,
1, ,340, ,
1, ,338, ,
0, ,340, ,
3, ,340, ,
0, ,342, ,
0, ,338, ,
1, ,341, ,
1, ,340, ,
0, ,341, ,
3, ,338, ,
0, ,341, ,
0, ,338, ,
1, ,340, ,
1, ,340, ,
0, ,340, ,
3, ,340, ,
0, ,341, ,
0, ,338, ,
1, ,341, ,
1, ,340, ,
0, ,340, ,
1, ,338, ,
0, ,341, ,
0, ,340, ,
1, ,341, ,
1, ,338, ,
0, ,338, ,
3, ,340, ,
0, ,342, ,
0, ,338, ,
1, ,341, ,
1, ,341, ,
0, ,340, ,
1, ,340, ,
0, ,342, ,
0, ,340, ,
1, ,341, ,
1, ,338, ,
0, ,340, ,
3, ,341, ,
0, ,341, ,
0, ,338, ,
1, ,341, ,
1, ,341, ,
0, ,340, ,
3, ,338, ,
0, ,341, ,
0, ,340, ,
1, ,341, ,
1, ,340, ,
0, ,338, ,
3, ,341, ,
0, ,342, ,
0, ,340, ,
1, ,341, ,
1, ,341, ,
0, ,340, ,
1, ,340, ,
0, ,341, ,
0, ,340, ,
1, ,341, ,
1, ,340, ,
0, ,340, ,
3, ,340, ,
0, ,341, ,
0, ,338, ,
1, ,340, ,
1, ,340, ,
0, ,341, ,
3, ,338, ,
0, ,342, ,
0, ,340, ,
1, ,341, ,
1, ,340, ,
0, ,340, ,
3, ,340, ,
0, ,341, ,
0, ,338, ,
1, ,341, ,
1, ,340, ,
0, ,341, ,
3, ,338, ,
0, ,342, ,
0, ,340, ,
1, ,341, ,
1, ,340, ,
0, ,340, ,
3, ,341, ,
0, ,341, ,
0, ,338, ,
1, ,341, ,
1, ,338, ,
0, ,340, ,
3, ,338, ,
0, ,340, ,
0, ,338, ,
1, ,341, ,
1, ,338, ,
0, ,338, ,
3, ,341, ,
0, ,342, ,
0, ,338, ,
1, ,341, ,
1, ,341, ,
0, ,341, ,
3, ,338, ,
0, ,341, ,
0, ,340, ,
1, ,341, ,
1, ,338, ,
0, ,340, ,
3, ,338, ,
0, ,341, ,
0, ,338, ,
1, ,341, ,
1, ,340, ,
0, ,340, ,
53, ,331, ,
98, ,338, ,
65, ,347, ,
36, ,346, ,
20, ,337, ,
13, ,336, ,
11, ,341, ,
8, ,343, ,
4, ,337, ,
5, ,341, ,
4, ,341, ,
3, ,341, ,
4, ,338, ,
3, ,341, ,
3, ,338, ,
4, ,341, ,
4, ,340, ,
1, ,340, ,
4, ,341, ,
3, ,342, ,
3, ,338, ,
4, ,341, ,
4, ,342, ,
3, ,340, ,
4, ,338, ,
3, ,341, ,
3, ,338, ,
4, ,342, ,
4, ,338, ,
3, ,340, ,
4, ,340, ,
1, ,341, ,
3, ,338, ,
3, ,340, ,
4, ,341, ,
1, ,340, ,
4, ,338, ,
1, ,341, ,
3, ,340, ,
3, ,340, ,
4, ,340, ,
1, ,338, ,
4, ,338, ,
1, ,343, ,
3, ,337, ,
4, ,341, ,
3, ,340, ,
1, ,341, ,
4, ,338, ,
3, ,341, ,
3, ,338, ,
3, ,343, ,
3, ,338, ,
1, ,340, ,
4, ,340, ,
1, ,341, ,
3, ,340, ,
4, ,341, ,
3, ,340, ,
1, ,340, ,
4, ,338, ,
1, ,341, ,
3, ,338, ,
3, ,341, ,
3, ,338, ,
1, ,341, ,
4, ,340, ,
3, ,341, ,
3, ,338, ,
3, ,340, ,
3, ,340, ,
1, ,340, ,
4, ,340, ,
1, ,341, ,
3, ,338, ,
3, ,342, ,
3, ,340, ,
1, ,340, ,
4, ,341, ,
3, ,341, ,
3, ,337, ,
4, ,341, ,
3, ,341, ,
1, ,341, ,
4, ,338, ,
1, ,341, ,
3, ,340, ,
3, ,341, ,
3, ,338, ,
1, ,338, ,
4, ,338, ,
3, ,342, ,
3, ,340, ,
3, ,342, ,
3, ,341, ,
1, ,340, ,
4, ,338, ,
3, ,341, ,
3, ,338, ,
3, ,340, ,
3, ,340, ,
1, ,340, ,
4, ,340, ,
1, ,341, ,
1, ,336, ,
3, ,341, ,
3, ,341, ,
1, ,340, ,
4, ,338, ,
1, ,342, ,
3, ,338, ,
3, ,342, ,
3, ,340, ,
1, ,340, ,
4, ,338, ,
1, ,341, ,
3, ,338, ,
3, ,340, ,
3, ,338, ,
1, ,340, ,
4, ,338, ,
1, ,341, ,
3, ,338, ,
3, ,341, ,
3, ,338, ,
1, ,340, ,
4, ,340, ,
3, ,341, ,
3, ,338, ,
3, ,341, ,
3, ,340, ,
1, ,340, ,
4, ,338, ,
3, ,341, ,
1, ,340, ,
3, ,341, ,
3, ,338, ,
1, ,340, ,
4, ,341, ,
1, ,341, ,
1, ,338, ,
3, ,340, ,
3, ,338, ,
1, ,340, ,
4, ,338, ,
1, ,342, ,
3, ,338, ,
3, ,341, ,
3, ,338, ,
1, ,340, ,
4, ,338, ,
1, ,341, ,
3, ,337, ,
3, ,341, ,
3, ,338, ,
1, ,341, ,
3, ,338, ,
1, ,342, ,
1, ,338, ,
3, ,341, ,
3, ,338, ,
1, ,340, ,
4, ,338, ,
1, ,341, ,
3, ,338, ,
3, ,341, ,
3, ,338, ,
1, ,341, ,
4, ,338, ,
1, ,343, ,
3, ,340, ,
3, ,341, ,
3, ,338, ,
1, ,340, ,
4, ,338, ,
1, ,341, ,
3, ,338, ,
3, ,341, ,
3, ,341, ,
1, ,341, ,
3, ,338, ,
1, ,341, ,
1, ,338, ,
3, ,341, ,
3, ,338, ,
1, ,340, ,
3, ,340, ,
1, ,341, ,
1, ,338, ,
3, ,340, ,
3, ,341, ,
1, ,340, ,
3, ,338, ,
1, ,343, ,
3, ,340, ,
3, ,341, ,
3, ,338, ,
1, ,340, ,
4, ,338, ,
1, ,342, ,
3, ,338, ,
3, ,340, ,
3, ,340, ,
1, ,340, ,
4, ,338, ,
1, ,341, ,
3, ,340, ,
3, ,341, ,
3, ,338, ,
1, ,338, ,
3, ,338, ,
1, ,342, ,
1, ,337, ,
3, ,340, ,
3, ,340, ,
1, ,340, ,
3, ,338, ,
1, ,341, ,
1, ,338, ,
3, ,341, ,
3, ,338, ,
1, ,338, ,
3, ,340, ,
1, ,341, ,
1, ,336, ,
3, ,340, ,
1, ,340, ,
1, ,340, ,
3, ,338, ,
1, ,340, ,
1, ,338, ,
3, ,341, ,
3, ,340, ,
1, ,341, ,
3, ,340, ,
1, ,342, ,
1, ,338, ,
3, ,340, ,
3, ,341, ,
1, ,340, ,
3, ,338, ,
1, ,341, ,
3, ,340, ,
1, ,341, ,
3, ,338, ,
1, ,338, ,
3, ,338, ,
1, ,342, ,
1, ,337, ,
3, ,340, ,
3, ,338, ,
1, ,340, ,
3, ,338, ,
1, ,342, ,
1, ,340, ,
3, ,341, ,
1, ,338, ,
0, ,340, ,
3, ,341, ,
1, ,341, ,
1, ,338, ,
3, ,340, ,
1, ,338, ,
1, ,338, ,
3, ,338, ,
1, ,342, ,
1, ,340, ,
3, ,341, ,
1, ,338, ,
1, ,340, ,
3, ,340, ,
1, ,340, ,
1, ,338, ,
3, ,341, ,
1, ,341, ,
1, ,340, ,
3, ,340, ,
1, ,341, ,
1, ,338, ,
3, ,340, ,
1, ,338, ,
0, ,340, ,
3, ,340, ,
1, ,341, ,
1, ,338, ,
3, ,340, ,
1, ,340, ,
1, ,340, ,
3, ,338, ,
1, ,341, ,
1, ,338, ,
3, ,341, ,
1, ,338, ,
1, ,340, ,
3, ,338, ,
1, ,341, ,
1, ,337, ,
3, ,338, ,
3, ,338, ,
1, ,341, ,
3, ,338, ,
1, ,341, ,
1, ,338, ,
3, ,340, ,
3, ,338, ,
1, ,338, ,
3, ,340, ,
1, ,342, ,
1, ,338, ,
3, ,338, ,
1, ,338, ,
0, ,340, ,
3, ,340, ,
1, ,341, ,
1, ,338, ,
1, ,340, ,
1, ,340, ,
0, ,340, ,
3, ,340, ,
1, ,343, ,
1, ,338, ,
3, ,338, ,
3, ,341, ,
1, ,340, ,
3, ,338, ,
1, ,342, ,
1, ,338, ,
3, ,341, ,
1, ,338, ,
0, ,338, ,
3, ,340, ,
1, ,343, ,
1, ,338, ,
3, ,341, ,
1, ,338, ,
0, ,338, ,
3, ,338, ,
1, ,342, ,
1, ,340, ,
3, ,341, ,
1, ,338, ,
0, ,340, ,
3, ,340, ,
1, ,341, ,
1, ,338, ,
3, ,338, ,
1, ,340, ,
0, ,340, ,
3, ,338, ,
1, ,341, ,
1, ,338, ,
1, ,341, ,
1, ,338, ,
0, ,341, ,
3, ,338, ,
1, ,342, ,
1, ,338, ,
3, ,340, ,
1, ,340, ,
0, ,340, ,
3, ,338, ,
1, ,342, ,
1, ,340, ,
3, ,340, ,
1, ,338, ,
0, ,340, ,
3, ,340, ,
1, ,342, ,
1, ,338, ,
3, ,340, ,
1, ,340, ,
0, ,340, ,
3, ,338, ,
1, ,341, ,
1, ,340, ,
3, ,340, ,
1, ,338, ,
0, ,340, ,
3, ,340, ,
1, ,343, ,
1, ,338, ,
3, ,340, ,
1, ,340, ,
0, ,338, ,
3, ,338, ,
1, ,343, ,
1, ,340, ,
1, ,341, ,
1, ,338, ,
0, ,338, ,
3, ,340, ,
1, ,342, ,
1, ,338, ,
3, ,341, ,
3, ,340, ,
0, ,340, ,
3, ,338, ,
1, ,341, ,
1, ,338, ,
3, ,341, ,
1, ,338, ,
0, ,338, ,
3, ,338, ,
1, ,342, ,
1, ,337, ,
3, ,341, ,
1, ,335, ,
0, ,340, ,
3, ,342, ,
1, ,344, ,
1, ,340, ,
1, ,340, ,
1, ,338, ,
0, ,341, ,
3, ,340, ,
1, ,342, ,
1, ,340, ,
3, ,341, ,
1, ,341, ,
0, ,338, ,
3, ,338, ,
1, ,341, ,
1, ,338, ,
3, ,341, ,
1, ,338, ,
0, ,340, ,
3, ,340, ,
1, ,341, ,
1, ,338, ,
1, ,341, ,
1, ,338, ,
0, ,340, ,
3, ,338, ,
1, ,341, ,
1, ,338, ,
3, ,341, ,
1, ,338, ,
0, ,340, ,
3, ,340, ,
1, ,340, ,
1, ,338, ,
3, ,340, ,
1, ,340, ,
0, ,341, ,
3, ,338, ,
1, ,341, ,
1, ,338, ,
1, ,342, ,
1, ,338, ,
0, ,338, ,
3, ,340, ,
1, ,342, ,
1, ,337, ,
3, ,341, ,
1, ,338, ,
0, ,340, ,
3, ,338, ,
0, ,341, ,
1, ,340, ,
3, ,341, ,
1, ,338, ,
0, ,338, ,
3, ,338, ,
1, ,341, ,
1, ,338, ,
3, ,341, ,
1, ,340, ,
0, ,340, ,
3, ,340, ,
1, ,341, ,
1, ,340, ,
3, ,342, ,
1, ,338, ,
0, ,340, ,
3, ,340, ,
1, ,341, ,
1, ,338, ,
3, ,341, ,
1, ,341, ,
0, ,341, ,
3, ,338, ,
1, ,341, ,
1, ,338, ,
3, ,341, ,
1, ,338, ,
0, ,340, ,
3, ,340, ,
0, ,342, ,
0, ,337, ,
1, ,341, ,
1, ,340, ,
1, ,340, ,
4, ,338, ,
1, ,341, ,
0, ,340, ,
1, ,341, ,
3, ,340, ,
0, ,340, ,
3, ,338, ,
1, ,338, ,
1, ,338, ,
1, ,342, ,
1, ,342, ,
0, ,341, ,
3, ,337, ,
1, ,341, ,
1, ,338, ,
3, ,341, ,
1, ,338, ,
0, ,340, ,
3, ,341, ,
1, ,341, ,
1, ,338, ,
3, ,341, ,
1, ,341, ,
0, ,340, ,
3, ,340, ,
1, ,342, ,
1, ,338, ,
1, ,341, ,
1, ,338, ,
0, ,340, ,
3, ,338, ,
1, ,343, ,
1, ,338, ,
1, ,340, ,
1, ,341, ,
0, ,338, ,
3, ,338, ,
1, ,340, ,
1, ,337, ,
1, ,340, ,
1, ,341, ,
0, ,341, ,
3, ,340, ,
1, ,342, ,
1, ,337, ,
1, ,341, ,
1, ,340, ,
0, ,338, ,
3, ,337, ,
1, ,341, ,
1, ,338, ,
1, ,341, ,
1, ,338, ,
0, ,340, ,
3, ,340, ,
1, ,340, ,
1, ,338, ,
1, ,341, ,
1, ,341, ,
0, ,341, ,
3, ,338, ,
1, ,341, ,
1, ,340, ,
1, ,342, ,
1, ,338, ,
0, ,338, ,
3, ,338, ,
1, ,341, ,
1, ,337, ,
1, ,341, ,
1, ,341, ,
0, ,340, ,
3, ,338, ,
1, ,342, ,
1, ,340, ,
1, ,341, ,
1, ,340, ,
0, ,338, ,
3, ,341, ,
1, ,341, ,
1, ,338, ,
1, ,341, ,
1, ,338, ,
0, ,338, ,
3, ,336, ,
1, ,338, ,
1, ,338, ,
1, ,343, ,
1, ,343, ,
0, ,343, ,
3, ,341, ,
1, ,337, ,
1, ,334, ,
3, ,340, ,
1, ,341, ,
0, ,341, ,
3, ,338, ,
0, ,340, ,
1, ,338, ,
3, ,340, ,
1, ,338, ,
0, ,338, ,
3, ,340, ,
1, ,341, ,
1, ,337, ,
3, ,338, ,
1, ,340, ,
0, ,340, ,
3, ,338, ,
1, ,341, ,
1, ,338, ,
3, ,340, ,
1, ,338, ,
0, ,338, ,
3, ,338, ,
1, ,341, ,
1, ,338, ,
3, ,340, ,
1, ,340, ,
0, ,340, ,
3, ,338, ,
0, ,341, ,
1, ,338, ,
3, ,341, ,
1, ,338, ,
0, ,341, ,
3, ,338, ,
1, ,342, ,
0, ,338, ,
3, ,340, ,
1, ,338, ,
0, ,338, ,
3, ,337, ,
1, ,341, ,
1, ,338, ,
3, ,340, ,
1, ,338, ,
0, ,338, ,
3, ,338, ,
0, ,340, ,
1, ,338, ,
1, ,340, ,
1, ,341, ,
0, ,340, ,
3, ,338, ,
0, ,341, ,
1, ,338, ,
1, ,340, ,
1, ,338, ,
0, ,338, ,
3, ,340, ,
1, ,341, ,
1, ,337, ,
1, ,341, ,
1, ,340, ,
0, ,340, ,
3, ,338, ,
0, ,340, ,
1, ,338, ,
1, ,338, ,
1, ,337, ,
0, ,340, ,
3, ,338, ,
1, ,340, ,
1, ,337, ,
1, ,340, ,
1, ,338, ,
0, ,340, ,
3, ,338, ,
0, ,338, ,
1, ,338, ,
1, ,341, ,
1, ,338, ,
0, ,338, ,
3, ,340, ,
0, ,341, ,
1, ,338, ,
1, ,340, ,
1, ,340, ,
0, ,340, ,
3, ,337, ,
0, ,341, ,
1, ,338, ,
3, ,341, ,
1, ,338, ,
0, ,338, ,
3, ,338, ,
0, ,341, ,
1, ,337, ,
1, ,340, ,
1, ,341, ,
0, ,341, ,
3, ,340, ,
0, ,341, ,
1, ,338, ,
1, ,341, ,
1, ,340, ,
0, ,341, ,
3, ,340, ,
1, ,342, ,
1, ,338, ,
3, ,342, ,
1, ,340, ,
0, ,340, ,
3, ,338, ,
1, ,341, ,
1, ,340, ,
1, ,341, ,
1, ,340, ,
0, ,340, ,
3, ,341, ,
1, ,341, ,
1, ,338, ,
1, ,341, ,
1, ,341, ,
0, ,341, ,
3, ,338, ,
0, ,341, ,
0, ,340, ,
3, ,341, ,
1, ,338, ,
0, ,340, ,
3, ,338, ,
1, ,342, ,
1, ,338, ,
1, ,340, ,
1, ,340, ,
0, ,341, ,
3, ,338, ,
1, ,341, ,
1, ,340, ,
3, ,341, ,
1, ,338, ,
0, ,340, ,
3, ,341, ,
1, ,341, ,
1, ,338, ,
1, ,340, ,
1, ,341, ,
0, ,340, ,
3, ,338, ,
0, ,341, ,
1, ,338, ,
1, ,340, ,
1, ,338, ,
0, ,338, ,
3, ,338, ,
0, ,342, ,
1, ,338, ,
1, ,341, ,
1, ,340, ,
0, ,341, ,
3, ,338, ,
0, ,341, ,
0, ,338, ,
1, ,341, ,
1, ,340, ,
0, ,340, ,
3, ,340, ,
0, ,341, ,
0, ,338, ,
1, ,341, ,
1, ,341, ,
0, ,341, ,
3, ,338, ,
0, ,341, ,
0, ,340, ,
1, ,341, ,
1, ,338, ,
0, ,338, ,
3, ,340, ,
0, ,341, ,
0, ,337, ,
1, ,338, ,
1, ,340, ,
0, ,341, ,
3, ,338, ,
0, ,341, ,
0, ,340, ,
3, ,341, ,
1, ,338, ,
0, ,341, ,
3, ,338, ,
0, ,341, ,
0, ,337, ,
3, ,338, ,
1, ,341, ,
0, ,341, ,
3, ,338, ,
0, ,341, ,
0, ,338, ,
1, ,341, ,
1, ,338, ,
0, ,340, ,
1, ,341, ,
0, ,341, ,
0, ,338, ,
1, ,341, ,
1, ,340, ,
0, ,340, ,
3, ,340, ,
1, ,342, ,
0, ,340, ,
1, ,340, ,
1, ,340, ,
0, ,340, ,
3, ,340, ,
0, ,341, ,
1, ,338, ,
3, ,341, ,
1, ,340, ,
0, ,340, ,
3, ,338, ,
1, ,341, ,
0, ,340, ,
1, ,341, ,
1, ,340, ,
0, ,340, ,
1, ,340, ,
0, ,341, ,
0, ,338, ,
1, ,341, ,
1, ,341, ,
0, ,341, ,
3, ,338, ,
0, ,341, ,
0, ,340, ,
3, ,341, ,
1, ,338, ,
0, ,340, ,
3, ,340, ,
1, ,342, ,
1, ,338, ,
3, ,341, ,
1, ,340, ,
0, ,340, ,
3, ,338, ,
0, ,341, ,
1, ,340, ,
1, ,341, ,
1, ,338, ,
0, ,340, ,
3, ,338, ,
0, ,341, ,
0, ,337, ,
1, ,341, ,
1, ,341, ,
0, ,340, ,
3, ,338, ,
0, ,341, ,
1, ,340, ,
1, ,341, ,
1, ,338, ,
0, ,338, ,
3, ,341, ,
1, ,342, ,
1, ,338, ,
1, ,340, ,
1, ,340, ,
0, ,340, ,
3, ,340, ,
0, ,343, ,
1, ,340, ,
1, ,340, ,
1, ,338, ,
-1, ,340, ,
3, ,338, ,
0, ,341, ,
0, ,338, ,
1, ,341, ,
1, ,341, ,
0, ,340, ,
3, ,338, ,
0, ,342, ,
1, ,340, ,
1, ,341, ,
1, ,340, ,
0, ,340, ,
3, ,340, ,
0, ,341, ,
0, ,338, ,
1, ,341, ,
1, ,340, ,
0, ,340, ,
3, ,340, ,
0, ,341, ,
0, ,340, ,
1, ,340, ,
1, ,340, ,
-1, ,341, ,
3, ,341, ,
0, ,343, ,
0, ,338, ,
1, ,340, ,
1, ,340, ,
0, ,341, ,
3, ,340, ,
0, ,342, ,
0, ,340, ,
1, ,341, ,
1, ,338, ,
0, ,340, ,
1, ,341, ,
0, ,341, ,
0, ,338, ,
1, ,341, ,
1, ,340, ,
0, ,340, ,
3, ,340, ,
0, ,341, ,
0, ,340, ,
1, ,341, ,
1, ,338, ,
0, ,341, ,
3, ,338, ,
0, ,341, ,
0, ,338, ,
1, ,341, ,
1, ,341, ,
0, ,341, ,
3, ,338, ,
0, ,341, ,
0, ,340, ,
1, ,341, ,
1, ,338, ,
0, ,340, ,
3, ,340, ,
0, ,341, ,
0, ,338, ,
1, ,341, ,
1, ,341, ,
0, ,341, ,
3, ,340, ,
0, ,341, ,
0, ,340, ,
1, ,341, ,
1, ,340, ,
-1, ,340, ,
3, ,340, ,
0, ,341, ,
0, ,338, ,
1, ,340, ,
1, ,340, ,
0, ,340, ,
3, ,340, ,
0, ,341, ,
0, ,340, ,
1, ,341, ,
1, ,340, ,
0, ,340, ,
3, ,340, ,
0, ,341, ,
0, ,338, ,
1, ,341, ,
1, ,341, ,
0, ,341, ,
3, ,338, ,
0, ,342, ,
0, ,338, ,
1, ,341, ,
1, ,340, ,
0, ,340, ,
3, ,340, ,
0, ,343, ,
0, ,338, ,
1, ,341, ,
1, ,340, ,
0, ,341, ,
3, ,338, ,
0, ,341, ,
0, ,340, ,
1, ,341, ,
1, ,338, ,
0, ,340, ,
3, ,341, ,
0, ,342, ,
0, ,338, ,
1, ,341, ,
1, ,338, ,
0, ,340, ,
3, ,338, ,
0, ,341, ,
0, ,340, ,
1, ,342, ,
1, ,341, ,
0, ,341, ,
3, ,340, ,
1, ,341, ,
0, ,340, ,
1, ,338, ,
1, ,340, ,
0, ,340, ,
1, ,340, ,
0, ,342, ,
1, ,341, ,
1, ,341, ,
1, ,340, ,
0, ,340, ,
3, ,340, ,
0, ,341, ,
0, ,340, ,
1, ,341, ,
1, ,341, ,
0, ,341, ,
1, ,340, ,
0, ,341, ,
0, ,338, ,
1, ,341, ,
1, ,338, ,
0, ,334, ,
114, ,338, ,
70, ,346, ,
37, ,343, ,
27, ,341, ,
22, ,338, ,
13, ,340, ,
8, ,338, ,
4, ,342, ,
5, ,338, ,
6, ,341, ,
3, ,340, ,
1, ,338, ,
5, ,341, ,
3, ,342, ,
3, ,340, ,
4, ,340, ,
4, ,340, ,
3, ,340, ,
4, ,340, ,
3, ,343, ,
3, ,340, ,
4, ,341, ,
4, ,340, ,
1, ,340, ,
4, ,340, ,
3, ,341, ,
3, ,336, ,
4, ,341, ,
4, ,340, ,
1, ,340, ,
4, ,338, ,
3, ,342, ,
3, ,340, ,
4, ,341, ,
4, ,338, ,
1, ,340, ,
4, ,340, ,
1, ,341, ,
3, ,338, ,
4, ,340, ,
3, ,340, ,
1, ,340, ,
4, ,340, ,
1, ,341, ,
3, ,338, ,
4, ,341, ,
4, ,338, ,
1, ,340, ,
4, ,340, ,
1, ,341, ,
3, ,338, ,
4, ,341, ,
3, ,341, ,
1, ,340, ,
4, ,340, ,
1, ,341, ,
3, ,338, ,
4, ,341, ,
3, ,340, ,
1, ,341, ,
4, ,338, ,
3, ,341, ,
3, ,338, ,
4, ,341, ,
3, ,341, ,
1, ,340, ,
4, ,338, ,
1, ,340, ,
3, ,340, ,
4, ,341, ,
3, ,338, ,
1, ,338, ,
4, ,338, ,
1, ,342, ,
3, ,338, ,
4, ,341, ,
3, ,340, ,
1, ,340, ,
4, ,340, ,
3, ,342, ,
3, ,340, ,
4, ,343, ,
3, ,338, ,
1, ,340, ,
4, ,338, ,
3, ,342, ,
3, ,337, ,
4, ,338, ,
3, ,340, ,
1, ,340, ,
4, ,340, ,
1, ,343, ,
1, ,338, ,
4, ,341, ,
3, ,338, ,
1, ,340, ,
4, ,341, ,
3, ,342, ,
3, ,338, ,
4, ,341, ,
3, ,341, ,
1, ,341, ,
4, ,340, ,
3, ,341, ,
3, ,338, ,
3, ,341, ,
3, ,338, ,
1, ,341, ,
4, ,340, ,
3, ,341, ,
3, ,337, ,
3, ,341, ,
3, ,340, ,
1, ,340, ,
4, ,338, ,
1, ,341, ,
3, ,340, ,
3, ,341, ,
3, ,338, ,
1, ,340, ,
4, ,340, ,
3, ,343, ,
3, ,336, ,
3, ,338, ,
3, ,340, ,
1, ,341, ,
4, ,340, ,
1, ,341, ,
1, ,338, ,
3, ,341, ,
3, ,338, ,
1, ,340, ,
4, ,340, ,
1, ,343, ,
3, ,338, ,
3, ,340, ,
3, ,338, ,
1, ,340, ,
4, ,338, ,
1, ,341, ,
1, ,338, ,
3, ,341, ,
3, ,338, ,
1, ,340, ,
4, ,340, ,
1, ,342, ,
3, ,337, ,
3, ,341, ,
3, ,341, ,
1, ,338, ,
3, ,338, ,
1, ,341, ,
3, ,340, ,
3, ,341, ,
3, ,340, ,
1, ,338, ,
4, ,340, ,
1, ,341, ,
3, ,337, ,
3, ,341, ,
3, ,341, ,
1, ,340, ,
4, ,340, ,
1, ,341, ,
1, ,338, ,
3, ,341, ,
3, ,338, ,
1, ,338, ,
4, ,340, ,
1, ,341, ,
1, ,338, ,
3, ,340, ,
3, ,338, ,
1, ,340, ,
4, ,338, ,
1, ,340, ,
3, ,338, ,
3, ,340, ,
3, ,338, ,
1, ,340, ,
4, ,340, ,
1, ,341, ,
3, ,336, ,
3, ,341, ,
3, ,341, ,
1, ,340, ,
3, ,338, ,
1, ,341, ,
3, ,340, ,
3, ,342, ,
1, ,338, ,
1, ,338, ,
3, ,340, ,
1, ,341, ,
3, ,338, ,
3, ,341, ,
1, ,338, ,
1, ,338, ,
3, ,338, ,
1, ,341, ,
1, ,340, ,
3, ,341, ,
1, ,338, ,
0, ,340, ,
3, ,340, ,
1, ,342, ,
1, ,337, ,
3, ,341, ,
3, ,340, ,
1, ,341, ,
3, ,340, ,
1, ,341, ,
1, ,338, ,
3, ,341, ,
3, ,338, ,
1, ,340, ,
3, ,338, ,
1, ,341, ,
1, ,338, ,
3, ,340, ,
1, ,340, ,
1, ,341, ,
3, ,338, ,
1, ,340, ,
1, ,338, ,
3, ,342, ,
3, ,341, ,
1, ,340, ,
3, ,340, ,
1, ,341, ,
3, ,338, ,
3, ,341, ,
3, ,341, ,
1, ,338, ,
3, ,340, ,
1, ,341, ,
3, ,338, ,
3, ,341, ,
3, ,338, ,
0, ,340, ,
3, ,340, ,
1, ,341, ,
1, ,336, ,
3, ,341, ,
1, ,341, ,
1, ,338, ,
3, ,338, ,
1, ,341, ,
1, ,338, ,
3, ,341, ,
3, ,338, ,
1, ,340, ,
3, ,341, ,
1, ,342, ,
1, ,337, ,
3, ,341, ,
1, ,340, ,
0, ,340, ,
3, ,338, ,
3, ,341, ,
1, ,340, ,
3, ,341, ,
1, ,338, ,
1, ,338, ,
3, ,338, ,
1, ,341, ,
1, ,338, ,
3, ,340, ,
1, ,340, ,
0, ,338, ,
3, ,338, ,
1, ,342, ,
1, ,338, ,
3, ,341, ,
1, ,340, ,
1, ,341, ,
3, ,341, ,
1, ,341, ,
1, ,338, ,
1, ,341, ,
1, ,338, ,
1, ,338, ,
3, ,340, ,
1, ,341, ,
1, ,338, ,
3, ,341, ,
3, ,338, ,
0, ,340, ,
3, ,340, ,
1, ,342, ,
1, ,337, ,
3, ,341, ,
1, ,338, ,
0, ,340, ,
3, ,338, ,
1, ,341, ,
1, ,338, ,
3, ,340, ,
1, ,340, ,
0, ,340, ,
3, ,341, ,
1, ,341, ,
1, ,338, ,
3, ,341, ,
1, ,338, ,
0, ,341, ,
3, ,338, ,
1, ,340, ,
1, ,338, ,
3, ,341, ,
1, ,338, ,
0, ,340, ,
3, ,340, ,
1, ,341, ,
1, ,338, ,
1, ,341, ,
1, ,341, ,
1, ,340, ,
3, ,338, ,
1, ,341, ,
1, ,338, ,
3, ,340, ,
3, ,338, ,
0, ,340, ,
3, ,340, ,
1, ,341, ,
1, ,338, ,
1, ,340, ,
1, ,340, ,
1, ,340, ,
3, ,338, ,
1, ,341, ,
1, ,338, ,
3, ,341, ,
3, ,338, ,
0, ,340, ,
3, ,340, ,
1, ,341, ,
1, ,337, ,
3, ,341, ,
3, ,340, ,
0, ,340, ,
3, ,338, ,
1, ,341, ,
1, ,340, ,
3, ,340, ,
1, ,338, ,
0, ,338, ,
3, ,340, ,
1, ,342, ,
1, ,338, ,
3, ,341, ,
1, ,340, ,
0, ,340, ,
3, ,338, ,
1, ,341, ,
1, ,338, ,
3, ,341, ,
1, ,340, ,
1, ,340, ,
3, ,340, ,
1, ,342, ,
1, ,336, ,
3, ,341, ,
3, ,338, ,
1, ,340, ,
3, ,340, ,
1, ,341, ,
1, ,340, ,
3, ,341, ,
1, ,338, ,
0, ,340, ,
3, ,338, ,
1, ,340, ,
1, ,338, ,
3, ,340, ,
1, ,338, ,
0, ,340, ,
3, ,338, ,
1, ,341, ,
1, ,338, ,
1, ,341, ,
1, ,338, ,
0, ,338, ,
3, ,340, ,
1, ,341, ,
1, ,338, ,
3, ,340, ,
1, ,338, ,
0, ,338, ,
3, ,340, ,
1, ,341, ,
1, ,340, ,
1, ,342, ,
1, ,340, ,
0, ,338, ,
3, ,338, ,
1, ,341, ,
1, ,338, ,
3, ,341, ,
3, ,338, ,
0, ,340, ,
3, ,338, ,
1, ,340, ,
1, ,338, ,
1, ,341, ,
1, ,338, ,
0, ,338, ,
3, ,338, ,
1, ,341, ,
1, ,337, ,
1, ,338, ,
1, ,338, ,
0, ,340, ,
3, ,341, ,
1, ,341, ,
1, ,340, ,
1, ,341, ,
1, ,340, ,
0, ,340, ,
3, ,338, ,
1, ,340, ,
1, ,337, ,
1, ,341, ,
1, ,341, ,
0, ,340, ,
3, ,340, ,
1, ,341, ,
1, ,340, ,
3, ,341, ,
1, ,338, ,
0, ,338, ,
3, ,338, ,
1, ,341, ,
1, ,338, ,
1, ,341, ,
1, ,338, ,
0, ,340, ,
3, ,338, ,
1, ,341, ,
1, ,338, ,
3, ,340, ,
1, ,338, ,
0, ,341, ,
3, ,340, ,
1, ,341, ,
1, ,338, ,
3, ,340, ,
1, ,338, ,
0, ,340, ,
3, ,340, ,
1, ,340, ,
1, ,340, ,
3, ,341, ,
1, ,338, ,
0, ,338, ,
3, ,338, ,
1, ,341, ,
1, ,340, ,
3, ,341, ,
1, ,338, ,
0, ,340, ,
3, ,338, ,
1, ,341, ,
1, ,337, ,
3, ,340, ,
1, ,338, ,
0, ,340, ,
3, ,340, ,
1, ,342, ,
1, ,338, ,
1, ,340, ,
1, ,340, ,
0, ,340, ,
3, ,338, ,
1, ,340, ,
1, ,340, ,
3, ,340, ,
1, ,340, ,
0, ,340, ,
3, ,340, ,
1, ,341, ,
1, ,338, ,
1, ,341, ,
1, ,341, ,
0, ,340, ,
3, ,338, ,
1, ,341, ,
1, ,340, ,
3, ,341, ,
1, ,340, ,
0, ,340, ,
3, ,338, ,
1, ,341, ,
1, ,338, ,
1, ,340, ,
1, ,338, ,
0, ,340, ,
3, ,338, ,
0, ,341, ,
1, ,338, ,
1, ,341, ,
1, ,338, ,
0, ,340, ,
3, ,340, ,
0, ,341, ,
0, ,338, ,
1, ,340, ,
1, ,338, ,
1, ,341, ,
4, ,338, ,
1, ,342, ,
0, ,340, ,
1, ,341, ,
1, ,338, ,
0, ,338, ,
3, ,338, ,
1, ,341, ,
1, ,338, ,
1, ,341, ,
1, ,338, ,
0, ,340, ,
3, ,338, ,
1, ,341, ,
1, ,338, ,
3, ,341, ,
1, ,338, ,
0, ,340, ,
3, ,338, ,
1, ,343, ,
1, ,338, ,
1, ,340, ,
1, ,341, ,
0, ,340, ,
3, ,338, ,
1, ,341, ,
1, ,338, ,
1, ,341, ,
1, ,338, ,
0, ,340, ,
3, ,340, ,
0, ,342, ,
1, ,338, ,
1, ,341, ,
1, ,340, ,
0, ,340, ,
3, ,338, ,
1, ,341, ,
1, ,340, ,
1, ,340, ,
1, ,340, ,
0, ,338, ,
3, ,341, ,
1, ,341, ,
0, ,338, ,
3, ,340, ,
1, ,340, ,
0, ,340, ,
3, ,338, ,
1, ,341, ,
1, ,338, ,
1, ,341, ,
1, ,338, ,
0, ,338, ,
3, ,340, ,
1, ,341, ,
1, ,338, ,
3, ,340, ,
1, ,340, ,
0, ,340, ,
3, ,338, ,
1, ,341, ,
1, ,340, ,
1, ,341, ,
1, ,338, ,
0, ,337, ,
3, ,337, ,
1, ,338, ,
1, ,338, ,
1, ,341, ,
1, ,344, ,
0, ,343, ,
3, ,340, ,
0, ,337, ,
1, ,336, ,
3, ,340, ,
1, ,338, ,
0, ,340, ,
3, ,340, ,
1, ,341, ,
1, ,338, ,
1, ,338, ,
1, ,341, ,
0, ,340, ,
3, ,340, ,
1, ,341, ,
1, ,338, ,
3, ,340, ,
1, ,338, ,
0, ,340, ,
3, ,340, ,
1, ,342, ,
1, ,337, ,
1, ,338, ,
1, ,338, ,
0, ,338, ,
3, ,337, ,
1, ,341, ,
1, ,338, ,
3, ,340, ,
1, ,338, ,
0, ,338, ,
3, ,338, ,
1, ,341, ,
1, ,338, ,
3, ,340, ,
1, ,340, ,
0, ,338, ,
3, ,338, ,
1, ,340, ,
1, ,338, ,
3, ,341, ,
1, ,338, ,
0, ,338, ,
3, ,338, ,
1, ,341, ,
1, ,337, ,
1, ,332, ,
1, ,338, ,
0, ,345, ,
3, ,343, ,
0, ,340, ,
1, ,336, ,
1, ,338, ,
1, ,338, ,
0, ,338, ,
3, ,340, ,
1, ,342, ,
0, ,337, ,
3, ,338, ,
1, ,341, ,
0, ,340, ,
3, ,338, ,
1, ,341, ,
1, ,338, ,
1, ,341, ,
1, ,338, ,
0, ,338, ,
3, ,340, ,
0, ,342, ,
1, ,337, ,
1, ,341, ,
1, ,340, ,
0, ,340, ,
3, ,338, ,
0, ,342, ,
0, ,338, ,
3, ,341, ,
1, ,338, ,
0, ,338, ,
3, ,340, ,
0, ,343, ,
0, ,337, ,
1, ,340, ,
1, ,338, ,
0, ,340, ,
3, ,338, ,
0, ,340, ,
0, ,340, ,
1, ,341, ,
1, ,338, ,
0, ,338, ,
3, ,340, ,
0, ,341, ,
0, ,340, ,
1, ,340, ,
1, ,338, ,
0, ,338, ,
3, ,340, ,
1, ,341, ,
1, ,338, ,
1, ,341, ,
1, ,338, ,
0, ,341, ,
3, ,340, ,
0, ,343, ,
0, ,338, ,
1, ,341, ,
1, ,341, ,
0, ,340, ,
3, ,338, ,
0, ,342, ,
0, ,340, ,
3, ,341, ,
1, ,338, ,
0, ,338, ,
3, ,341, ,
0, ,342, ,
0, ,338, ,
1, ,341, ,
1, ,340, ,
0, ,340, ,
3, ,340, ,
0, ,341, ,
1, ,338, ,
1, ,341, ,
93, ,340, ,
78, ,340, ,
53, ,340, ,
32, ,341, ,
16, ,338, ,
11, ,340, ,
9, ,340, ,
6, ,338, ,
6, ,338, ,
3, ,341, ,
3, ,340, ,
4, ,341, ,
4, ,338, ,
3, ,340, ,
4, ,340, ,
3, ,341, ,
4, ,338, ,
4, ,341, ,
3, ,341, ,
1, ,340, ,
4, ,340, ,
1, ,341, ,
3, ,340, ,
4, ,341, ,
4, ,340, ,
3, ,341, ,
4, ,338, ,
1, ,342, ,
3, ,338, ,
4, ,341, ,
3, ,338, ,
1, ,340, ,
4, ,340, ,
3, ,341, ,
3, ,340, ,
3, ,341, ,
4, ,340, ,
1, ,340, ,
4, ,340, ,
1, ,341, ,
3, ,338, ,
3, ,340, ,
3, ,338, ,
1, ,340, ,
4, ,338, ,
1, ,341, ,
3, ,338, ,
4, ,341, ,
3, ,340, ,
1, ,340, ,
4, ,340, ,
1, ,342, ,
3, ,338, ,
4, ,340, ,
4, ,341, ,
1, ,340, ,
4, ,338, ,
3, ,341, ,
1, ,340, ,
3, ,342, ,
3, ,338, ,
1, ,340, ,
4, ,340, ,
3, ,343, ,
1, ,337, ,
4, ,340, ,
3, ,341, ,
1, ,341, ,
4, ,338, ,
1, ,341, ,
3, ,338, ,
4, ,340, ,
4, ,338, ,
1, ,340, ,
4, ,340, ,
1, ,341, ,
3, ,338, ,
4, ,341, ,
3, ,340, ,
1, ,340, ,
4, ,340, ,
1, ,341, ,
3, ,340, ,
4, ,341, ,
3, ,338, ,
1, ,340, ,
4, ,340, ,
3, ,342, ,
3, ,338, ,
3, ,341, ,
3, ,338, ,
1, ,340, ,
4, ,338, ,
1, ,341, ,
1, ,338, ,
3, ,341, ,
3, ,338, ,
1, ,340, ,
4, ,340, ,
1, ,341, ,
3, ,338, ,
3, ,340, ,
3, ,340, ,
1, ,340, ,
4, ,338, ,
1, ,341, ,
3, ,338, ,
3, ,341, ,
3, ,338, ,
1, ,340, ,
4, ,340, ,
1, ,341, ,
3, ,337, ,
3, ,338, ,
3, ,341, ,
1, ,340, ,
4, ,340, ,
1, ,341, ,
3, ,338, ,
3, ,338, ,
3, ,340, ,
1, ,340, ,
4, ,340, ,
1, ,341, ,
1, ,340, ,
3, ,341, ,
3, ,341, ,
1, ,340, ,
4, ,338, ,
1, ,341, ,
3, ,340, ,
3, ,341, ,
3, ,340, ,
1, ,340, ,
4, ,340, ,
3, ,341, ,
3, ,338, ,
3, ,340, ,
3, ,340, ,
1, ,338, ,
4, ,338, ,
1, ,341, ,
1, ,338, ,
3, ,341, ,
3, ,338, ,
1, ,341, ,
4, ,340, ,
1, ,341, ,
1, ,337, ,
3, ,341, ,
3, ,341, ,
1, ,341, ,
4, ,340, ,
1, ,341, ,
3, ,340, ,
3, ,340, ,
3, ,338, ,
1, ,340, ,
4, ,338, ,
1, ,342, ,
1, ,338, ,
3, ,340, ,
1, ,340, ,
1, ,340, ,
4, ,338, ,
1, ,341, ,
3, ,338, ,
3, ,341, ,
1, ,340, ,
1, ,340, ,
4, ,340, ,
1, ,342, ,
1, ,338, ,
3, ,340, ,
1, ,340, ,
1, ,341, ,
3, ,338, ,
1, ,342, ,
1, ,338, ,
3, ,341, ,
3, ,338, ,
1, ,338, ,
3, ,338, ,
1, ,341, ,
3, ,338, ,
3, ,341, ,
3, ,338, ,
1, ,340, ,
4, ,338, ,
1, ,341, ,
1, ,340, ,
3, ,340, ,
3, ,338, ,
1, ,340, ,
4, ,340, ,
1, ,342, ,
1, ,337, ,
3, ,341, ,
1, ,340, ,
1, ,341, ,
3, ,338, ,
1, ,340, ,
1, ,338, ,
3, ,341, ,
3, ,338, ,
0, ,340, ,
3, ,340, ,
1, ,342, ,
1, ,337, ,
3, ,341, ,
1, ,338, ,
1, ,340, ,
3, ,338, ,
1, ,341, ,
1, ,340, ,
3, ,341, ,
1, ,338, ,
1, ,340, ,
3, ,338, ,
1, ,341, ,
3, ,337, ,
3, ,340, ,
1, ,338, ,
1, ,341, ,
3, ,340, ,
1, ,341, ,
1, ,338, ,
3, ,338, ,
1, ,338, ,
0, ,340, ,
3, ,338, ,
1, ,341, ,
1, ,338, ,
3, ,340, ,
1, ,340, ,
1, ,340, ,
3, ,338, ,
1, ,341, ,
1, ,338, ,
3, ,341, ,
3, ,338, ,
1, ,340, ,
3, ,340, ,
1, ,342, ,
3, ,338, ,
3, ,340, ,
1, ,341, ,
1, ,340, ,
4, ,340, ,
1, ,341, ,
1, ,338, ,
3, ,341, ,
3, ,338, ,
0, ,340, ,
3, ,338, ,
1, ,341, ,
1, ,338, ,
3, ,340, ,
3, ,341, ,
1, ,340, ,
3, ,338, ,
1, ,341, ,
1, ,340, ,
3, ,341, ,
1, ,338, ,
0, ,338, ,
3, ,338, ,
1, ,342, ,
1, ,338, ,
3, ,340, ,
1, ,340, ,
1, ,338, ,
3, ,338, ,
1, ,341, ,
1, ,338, ,
3, ,341, ,
1, ,338, ,
0, ,337, ,
3, ,335, ,
1, ,341, ,
1, ,343, ,
3, ,343, ,
1, ,338, ,
1, ,338, ,
3, ,338, ,
1, ,342, ,
1, ,338, ,
3, ,341, ,
1, ,338, ,
0, ,338, ,
3, ,338, ,
1, ,343, ,
1, ,337, ,
3, ,341, ,
1, ,340, ,
0, ,338, ,
3, ,338, ,
1, ,341, ,
1, ,338, ,
3, ,341, ,
1, ,338, ,
0, ,338, ,
3, ,338, ,
1, ,343, ,
1, ,338, ,
3, ,338, ,
1, ,340, ,
0, ,340, ,
3, ,338, ,
1, ,341, ,
1, ,338, ,
3, ,341, ,
1, ,340, ,
0, ,338, ,
3, ,341, ,
1, ,341, ,
1, ,338, ,
3, ,340, ,
1, ,341, ,
0, ,340, ,
3, ,338, ,
1, ,341, ,
1, ,338, ,
3, ,341, ,
1, ,340, ,
0, ,340, ,
3, ,340, ,
1, ,341, ,
1, ,336, ,
3, ,340, ,
1, ,340, ,
0, ,340, ,
3, ,340, ,
1, ,341, ,
1, ,340, ,
1, ,341, ,
1, ,338, ,
0, ,340, ,
3, ,338, ,
1, ,341, ,
1, ,337, ,
3, ,340, ,
1, ,340, ,
0, ,341, ,
3, ,340, ,
1, ,341, ,
1, ,338, ,
3, ,341, ,
1, ,338, ,
0, ,338, ,
3, ,340, ,
1, ,341, ,
1, ,338, ,
3, ,340, ,
1, ,338, ,
0, ,340, ,
3, ,340, ,
1, ,341, ,
1, ,340, ,
3, ,341, ,
1, ,338, ,
0, ,340, ,
3, ,340, ,
1, ,341, ,
1, ,337, ,
3, ,341, ,
1, ,341, ,
0, ,341, ,
3, ,338, ,
1, ,340, ,
1, ,338, ,
3, ,341, ,
1, ,338, ,
0, ,338, ,
3, ,338, ,
1, ,341, ,
1, ,337, ,
1, ,341, ,
1, ,340, ,
0, ,338, ,
3, ,338, ,
1, ,340, ,
1, ,338, ,
3, ,342, ,
3, ,338, ,
0, ,340, ,
3, ,341, ,
1, ,341, ,
1, ,338, ,
3, ,341, ,
1, ,340, ,
0, ,340, ,
3, ,340, ,
1, ,340, ,
1, ,338, ,
3, ,341, ,
3, ,338, ,
0, ,338, ,
3, ,338, ,
1, ,341, ,
1, ,337, ,
1, ,341, ,
1, ,341, ,
1, ,340, ,
3, ,338, ,
1, ,341, ,
1, ,338, ,
3, ,340, ,
1, ,338, ,
0, ,338, ,
3, ,341, ,
1, ,341, ,
1, ,338, ,
3, ,338, ,
1, ,338, ,
0, ,341, ,
3, ,338, ,
1, ,341, ,
1, ,338, ,
3, ,340, ,
1, ,338, ,
0, ,338, ,
3, ,338, ,
1, ,342, ,
1, ,337, ,
1, ,340, ,
1, ,341, ,
0, ,340, ,
3, ,338, ,
1, ,341, ,
1, ,338, ,
3, ,341, ,
1, ,338, ,
0, ,340, ,
3, ,338, ,
1, ,341, ,
1, ,338, ,
3, ,341, ,
1, ,341, ,
0, ,340, ,
3, ,338, ,
0, ,340, ,
1, ,340, ,
3, ,341, ,
1, ,338, ,
0, ,340, ,
3, ,338, ,
1, ,341, ,
0, ,338, ,
1, ,341, ,
1, ,338, ,
0, ,340, ,
3, ,338, ,
1, ,341, ,
1, ,340, ,
3, ,341, ,
1, ,338, ,
0, ,338, ,
3, ,341, ,
1, ,342, ,
1, ,338, ,
3, ,340, ,
1, ,340, ,
0, ,340, ,
3, ,338, ,
1, ,340, ,
1, ,338, ,
1, ,341, ,
1, ,338, ,
0, ,340, ,
3, ,340, ,
1, ,341, ,
1, ,340, ,
3, ,340, ,
1, ,338, ,
0, ,341, ,
3, ,338, ,
1, ,341, ,
1, ,340, ,
3, ,340, ,
1, ,340, ,
0, ,340, ,
3, ,340, ,
1, ,341, ,
1, ,338, ,
1, ,340, ,
1, ,341, ,
0, ,340, ,
3, ,338, ,
0, ,341, ,
1, ,338, ,
1, ,340, ,
1, ,338, ,
0, ,338, ,
3, ,340, ,
1, ,341, ,
1, ,337, ,
1, ,340, ,
1, ,340, ,
0, ,340, ,
3, ,340, ,
1, ,341, ,
1, ,338, ,
3, ,342, ,
1, ,338, ,
0, ,341, ,
3, ,341, ,
0, ,341, ,
1, ,338, ,
3, ,341, ,
1, ,338, ,
0, ,340, ,
3, ,337, ,
1, ,342, ,
1, ,338, ,
3, ,338, ,
1, ,338, ,
0, ,338, ,
3, ,340, ,
1, ,341, ,
1, ,338, ,
3, ,341, ,
1, ,338, ,
0, ,338, ,
3, ,338, ,
1, ,341, ,
1, ,338, ,
1, ,341, ,
1, ,338, ,
0, ,338, ,
3, ,340, ,
1, ,341, ,
1, ,337, ,
3, ,338, ,
1, ,340, ,
0, ,340, ,
3, ,338, ,
0, ,341, ,
1, ,340, ,
3, ,341, ,
1, ,340, ,
0, ,338, ,
3, ,338, ,
0, ,341, ,
1, ,336, ,
1, ,340, ,
1, ,338, ,
0, ,340, ,
3, ,338, ,
1, ,341, ,
1, ,338, ,
3, ,340, ,
1, ,340, ,
0, ,340, ,
3, ,340, ,
1, ,341, ,
1, ,338, ,
1, ,338, ,
102, ,340, ,
61, ,338, ,
36, ,340, ,
24, ,341, ,
19, ,338, ,
13, ,340, ,
8, ,338, ,
5, ,340, ,
9, ,341, ,
5, ,341, ,
3, ,338, ,
5, ,340, ,
4, ,338, ,
3, ,340, ,
4, ,338, ,
3, ,341, ,
3, ,340, ,
4, ,341, ,
3, ,338, ,
1, ,338, ,
4, ,340, ,
3, ,341, ,
3, ,337, ,
4, ,340, ,
4, ,338, ,
1, ,340, ,
4, ,337, ,
1, ,341, ,
3, ,340, ,
4, ,341, ,
4, ,338, ,
1, ,337, ,
4, ,338, ,
1, ,343, ,
3, ,338, ,
4, ,342, ,
3, ,340, ,
1, ,340, ,
4, ,338, ,
3, ,342, ,
3, ,338, ,
4, ,340, ,
3, ,338, ,
1, ,340, ,
4, ,340, ,
3, ,342, ,
3, ,337, ,
3, ,338, ,
3, ,340, ,
1, ,340, ,
4, ,338, ,
3, ,340, ,
3, ,340, ,
4, ,340, ,
3, ,340, ,
1, ,338, ,
4, ,340, ,
1, ,341, ,
3, ,338, ,
4, ,338, ,
3, ,338, ,
1, ,340, ,
4, ,338, ,
1, ,341, ,
3, ,340, ,
4, ,341, ,
3, ,338, ,
1, ,338, ,
4, ,338, ,
1, ,341, ,
3, ,338, ,
4, ,340, ,
3, ,338, ,
1, ,341, ,
4, ,338, ,
1, ,341, ,
3, ,338, ,
4, ,340, ,
3, ,338, ,
1, ,340, ,
4, ,341, ,
1, ,342, ,
3, ,338, ,
3, ,338, ,
3, ,340, ,
1, ,341, ,
4, ,338, ,
1, ,341, ,
3, ,338, ,
3, ,341, ,
3, ,338, ,
1, ,340, ,
4, ,340, ,
3, ,342, ,
3, ,338, ,
4, ,338, ,
3, ,340, ,
1, ,338, ,
4, ,340, ,
3, ,341, ,
3, ,338, ,
3, ,340, ,
3, ,338, ,
1, ,338, ,
4, ,338, ,
3, ,342, ,
3, ,340, ,
3, ,340, ,
3, ,340, ,
1, ,340, ,
4, ,338, ,
3, ,341, ,
3, ,338, ,
3, ,340, ,
3, ,338, ,
1, ,338, ,
4, ,340, ,
3, ,341, ,
3, ,338, ,
3, ,340, ,
3, ,340, ,
1, ,340, ,
4, ,338, ,
1, ,341, ,
1, ,340, ,
3, ,340, ,
3, ,338, ,
1, ,338, ,
3, ,340, ,
1, ,343, ,
3, ,338, ,
3, ,340, ,
3, ,340, ,
1, ,340, ,
4, ,338, ,
3, ,341, ,
3, ,340, ,
3, ,341, ,
3, ,340, ,
1, ,338, ,
4, ,341, ,
1, ,341, ,
1, ,338, ,
3, ,341, ,
3, ,341, ,
1, ,338, ,
4, ,338, ,
1, ,341, ,
3, ,338, ,
3, ,341, ,
3, ,338, ,
1, ,340, ,
4, ,338, ,
3, ,341, ,
3, ,338, ,
3, ,338, ,
3, ,340, ,
1, ,340, ,
3, ,338, ,
1, ,341, ,
1, ,338, ,
3, ,340, ,
3, ,338, ,
1, ,338, ,
4, ,338, ,
3, ,342, ,
1, ,338, ,
3, ,340, ,
3, ,338, ,
1, ,338, ,
3, ,338, ,
1, ,340, ,
1, ,338, ,
46, ,341, ,
32, ,338, ,
20, ,338, ,
15, ,338, ,
10, ,342, ,
8, ,338, ,
6, ,341, ,
4, ,338, ,
4, ,338, ,
6, ,338, ,
4, ,341, ,
4, ,340, ,
5, ,340, ,
4, ,340, ,
1, ,340, ,
5, ,340, ,
3, ,342, ,
3, ,340, ,
4, ,340, ,
3, ,340, ,
1, ,338, ,
4, ,338, ,
3, ,340, ,
3, ,340, ,
4, ,340, ,
4, ,338, ,
1, ,338, ,
4, ,340, ,
3, ,341, ,
3, ,338, ,
4, ,340, ,
3, ,341, ,
1, ,340, ,
4, ,338, ,
3, ,341, ,
3, ,340, ,
4, ,341, ,
3, ,338, ,
1, ,338, ,
4, ,338, ,
3, ,341, ,
3, ,338, ,
4, ,340, ,
3, ,341, ,
1, ,338, ,
4, ,338, ,
1, ,341, ,
3, ,338, ,
4, ,341, ,
4, ,340, ,
1, ,340, ,
4, ,341, ,
3, ,342, ,
3, ,338, ,
4, ,340, ,
3, ,340, ,
1, ,340, ,
4, ,338, ,
1, ,341, ,
3, ,340, ,
3, ,341, ,
3, ,338, ,
1, ,340, ,
4, ,340, ,
1, ,342, ,
3, ,338, ,
4, ,340, ,
3, ,341, ,
1, ,340, ,
4, ,338, ,
3, ,341, ,
3, ,340, ,
4, ,342, ,
3, ,338, ,
1, ,338, ,
4, ,340, ,
1, ,342, ,
3, ,340, ,
3, ,338, ,
3, ,338, ,
1, ,340, ,
4, ,340, ,
3, ,342, ,
3, ,338, ,
3, ,340, ,
3, ,338, ,
1, ,341, ,
4, ,341, ,
1, ,341, ,
3, ,338, ,
3, ,340, ,
3, ,338, ,
1, ,340, ,
4, ,340, ,
3, ,341, ,
4, ,340, ,
3, ,340, ,
1, ,338, ,
1, ,338, ,
4, ,338, ,
3, ,342, ,
3, ,338, ,
3, ,338, ,
3, ,340, ,
1, ,338, ,
4, ,338, ,
1, ,342, ,
3, ,340, ,
3, ,341, ,
3, ,338, ,
1, ,340, ,
4, ,341, ,
1, ,341, ,
3, ,340, ,
4, ,338, ,
3, ,341, ,
1, ,340, ,
4, ,338, ,
1, ,341, ,
3, ,340, ,
3, ,341, ,
3, ,341, ,
1, ,340, ,
4, ,340, ,
3, ,343, ,
3, ,337, ,
4, ,340, ,
3, ,341, ,
1, ,340, ,
4, ,340, ,
3, ,341, ,
3, ,340, ,
3, ,337, ,
3, ,337, ,
1, ,340, ,
4, ,343, ,
3, ,343, ,
1, ,337, ,
4, ,338, ,
3, ,337, ,
1, ,337, ,
4, ,337, ,
3, ,341, ,
1, ,340, ,
3, ,343, ,
3, ,343, ,
1, ,340, ,
4, ,337, ,
1, ,338, ,
1, ,336, ,
3, ,341, ,
3, ,341, ,
1, ,341, ,
4, ,338, ,
1, ,340, ,
3, ,338, ,
3, ,341, ,
3, ,338, ,
1, ,338, ,
4, ,338, ,
3, ,341, ,
3, ,338, ,
3, ,340, ,
3, ,340, ,
1, ,340, ,
4, ,338, ,
3, ,341, ,
1, ,338, ,
3, ,341, ,
3, ,340, ,
1, ,340, ,
4, ,341, ,
1, ,342, ,
3, ,336, ,
3, ,338, ,
3, ,338, ,
1, ,338, ,
4, ,338, ,
1, ,340, ,
3, ,340, ,
3, ,341, ,
3, ,338, ,
1, ,338, ,
4, ,338, ,
1, ,341, ,
3, ,338, ,
3, ,341, ,
3, ,338, ,
1, ,338, ,
4, ,338, ,
1, ,341, ,
1, ,338, ,
3, ,341, ,
3, ,338, ,
1, ,338, ,
3, ,338, ,
1, ,341, ,
3, ,338, ,
3, ,340, ,
3, ,340, ,
1, ,338, ,
3, ,338, ,
1, ,341, ,
1, ,338, ,
3, ,341, ,
1, ,338, ,
1, ,340, ,
4, ,340, ,
3, ,341, ,
3, ,338, ,
3, ,341, ,
3, ,338, ,
1, ,338, ,
4, ,338, ,
1, ,340, ,
1, ,340, ,
3, ,340, ,
3, ,338, ,
1, ,338, ,
3, ,338, ,
1, ,341, ,
3, ,337, ,
3, ,341, ,
1, ,340, ,
1, ,340, ,
4, ,338, ,
1, ,341, ,
3, ,338, ,
3, ,341, ,
1, ,338, ,
1, ,338, ,
3, ,338, ,
1, ,340, ,
3, ,337, ,
3, ,341, ,
3, ,338, ,
1, ,340, ,
3, ,338, ,
1, ,338, ,
3, ,340, ,
3, ,340, ,
3, ,338, ,
1, ,340, ,
4, ,341, ,
1, ,341, ,
1, ,338, ,
3, ,341, ,
1, ,342, ,
1, ,340, ,
3, ,340, ,
1, ,341, ,
1, ,340, ,
3, ,341, ,
1, ,340, ,
0, ,340, ,
3, ,340, ,
1, ,343, ,
1, ,340, ,
3, ,341, ,
1, ,340, ,
0, ,340, ,
3, ,340, ,
1, ,342, ,
1, ,340, ,
3, ,341, ,
3, ,338, ,
1, ,338, ,
3, ,340, ,
1, ,343, ,
1, ,338, ,
3, ,341, ,
1, ,340, ,
1, ,340, ,
3, ,340, ,
1, ,342, ,
1, ,338, ,
3, ,341, ,
1, ,338, ,
1, ,338, ,
3, ,340, ,
1, ,342, ,
1, ,338, ,
3, ,341, ,
3, ,340, ,
0, ,341, ,
3, ,340, ,
1, ,341, ,
1, ,341, ,
3, ,340, ,
3, ,338, ,
0, ,340, ,
3, ,340, ,
1, ,341, ,
1, ,338, ,
3, ,341, ,
1, ,340, ,
0, ,340, ,
3, ,338, ,
1, ,341, ,
1, ,338, ,
3, ,338, ,
1, ,338, ,
1, ,340, ,
3, ,341, ,
1, ,342, ,
1, ,338, ,
3, ,340, ,
1, ,340, ,
0, ,340, ,
3, ,338, ,
1, ,340, ,
1, ,338, ,
1, ,341, ,
1, ,338, ,
0, ,341, ,
3, ,341, ,
1, ,341, ,
1, ,337, ,
1, ,338, ,
3, ,341, ,
1, ,340, ,
3, ,340, ,
1, ,341, ,
1, ,340, ,
3, ,340, ,
3, ,338, ,
1, ,338, ,
3, ,341, ,
1, ,341, ,
1, ,338, ,
3, ,340, ,
1, ,340, ,
0, ,341, ,
3, ,338, ,
1, ,340, ,
1, ,338, ,
1, ,341, ,
1, ,338, ,
0, ,340, ,
3, ,341, ,
1, ,342, ,
1, ,338, ,
3, ,341, ,
3, ,341, ,
0, ,340, ,
3, ,338, ,
1, ,341, ,
1, ,338, ,
3, ,341, ,
1, ,335, ,
0, ,340, ,
3, ,343, ,
1, ,344, ,
1, ,337, ,
3, ,338, ,
1, ,340, ,
0, ,340, ,
3, ,338, ,
1, ,341, ,
1, ,341, ,
1, ,342, ,
1, ,340, ,
0, ,338, ,
3, ,340, ,
1, ,342, ,
1, ,338, ,
1, ,341, ,
3, ,341, ,
0, ,340, ,
3, ,338, ,
1, ,341, ,
1, ,338, ,
3, ,342, ,
1, ,338, ,
0, ,340, ,
3, ,340, ,
1, ,342, ,
1, ,338, ,
3, ,341, ,
1, ,341, ,
0, ,340, ,
3, ,340, ,
1, ,341, ,
1, ,340, ,
3, ,340, ,
1, ,338, ,
0, ,340, ,
3, ,340, ,
1, ,341, ,
1, ,338, ,
3, ,340, ,
1, ,340, ,
0, ,340, ,
3, ,338, ,
1, ,341, ,
1, ,338, ,
1, ,341, ,
1, ,338, ,
0, ,340, ,
3, ,338, ,
1, ,342, ,
1, ,338, ,
3, ,338, ,
1, ,338, ,
0, ,340, ,
3, ,338, ,
1, ,341, ,
1, ,340, ,
3, ,341, ,
1, ,338, ,
0, ,341, ,
3, ,340, ,
1, ,341, ,
1, ,338, ,
3, ,341, ,
1, ,341, ,
0, ,340, ,
3, ,340, ,
1, ,341, ,
1, ,340, ,
3, ,341, ,
1, ,340, ,
0, ,340, ,
3, ,340, ,
1, ,341, ,
1, ,340, ,
3, ,341, ,
1, ,340, ,
0, ,341, ,
3, ,338, ,
1, ,341, ,
1, ,338, ,
3, ,341, ,
1, ,340, ,
0, ,341, ,
3, ,338, ,
1, ,341, ,
1, ,338, ,
3, ,341, ,
1, ,341, ,
0, ,340, ,
3, ,338, ,
1, ,341, ,
1, ,338, ,
3, ,342, ,
1, ,338, ,
0, ,340, ,
3, ,338, ,
1, ,341, ,
1, ,338, ,
3, ,340, ,
1, ,340, ,
0, ,340, ,
3, ,340, ,
1, ,341, ,
1, ,340, ,
3, ,341, ,
1, ,338, ,
0, ,340, ,
3, ,340, ,
1, ,341, ,
1, ,338, ,
3, ,340, ,
1, ,340, ,
0, ,341, ,
3, ,338, ,
1, ,341, ,
1, ,340, ,
1, ,342, ,
1, ,338, ,
0, ,340, ,
3, ,340, ,
1, ,342, ,
1, ,337, ,
3, ,341, ,
1, ,340, ,
0, ,341, ,
3, ,338, ,
1, ,341, ,
1, ,340, ,
3, ,341, ,
1, ,338, ,
0, ,340, ,
3, ,340, ,
1, ,341, ,
1, ,337, ,
1, ,340, ,
1, ,340, ,
0, ,340, ,
3, ,340, ,
1, ,341, ,
1, ,338, ,
3, ,341, ,
3, ,340, ,
0, ,340, ,
3, ,340, ,
1, ,341, ,
1, ,338, ,
1, ,341, ,
1, ,340, ,
0, ,340, ,
3, ,338, ,
1, ,341, ,
1, ,338, ,
1, ,341, ,
1, ,338, ,
0, ,340, ,
3, ,340, ,
1, ,341, ,
0, ,338, ,
1, ,341, ,
1, ,341, ,
0, ,340, ,
3, ,338, ,
0, ,341, ,
1, ,338, ,
3, ,341, ,
3, ,340, ,
0, ,341, ,
3, ,340, ,
1, ,340, ,
0, ,338, ,
1, ,341, ,
1, ,340, ,
0, ,341, ,
3, ,338, ,
0, ,340, ,
1, ,340, ,
3, ,340, ,
1, ,341, ,
0, ,341, ,
3, ,340, ,
1, ,341, ,
1, ,338, ,
3, ,340, ,
1, ,340, ,
0, ,340, ,
3, ,338, ,
1, ,342, ,
1, ,340, ,
3, ,342, ,
1, ,338, ,
0, ,340, ,
3, ,341, ,
1, ,343, ,
1, ,337, ,
3, ,341, ,
1, ,340, ,
0, ,340, ,
3, ,338, ,
1, ,341, ,
1, ,338, ,
1, ,340, ,
1, ,338, ,
0, ,340, ,
3, ,338, ,
0, ,341, ,
1, ,338, ,
3, ,340, ,
1, ,340, ,
0, ,340, ,
3, ,338, ,
1, ,341, ,
1, ,340, ,
3, ,341, ,
1, ,338, ,
0, ,340, ,
3, ,340, ,
1, ,342, ,
1, ,338, ,
3, ,340, ,
1, ,341, ,
0, ,340, ,
3, ,338, ,
1, ,341, ,
1, ,340, ,
1, ,340, ,
1, ,338, ,
0, ,338, ,
3, ,338, ,
1, ,340, ,
1, ,338, ,
1, ,338, ,
3, ,340, ,
0, ,340, ,
3, ,338, ,
1, ,341, ,
1, ,338, ,
1, ,341, ,
1, ,338, ,
0, ,338, ,
3, ,340, ,
1, ,342, ,
1, ,338, ,
1, ,340, ,
1, ,340, ,
0, ,340, ,
3, ,338, ,
1, ,341, ,
0, ,338, ,
1, ,341, ,
1, ,338, ,
0, ,340, ,
3, ,338, ,
0, ,341, ,
1, ,338, ,
1, ,340, ,
3, ,340, ,
0, ,338, ,
3, ,338, ,
1, ,341, ,
1, ,338, ,
3, ,341, ,
1, ,340, ,
0, ,340, ,
3, ,340, ,
1, ,341, ,
1, ,338, ,
1, ,341, ,
1, ,340, ,
0, ,338, ,
3, ,338, ,
1, ,341, ,
1, ,338, ,
3, ,341, ,
1, ,338, ,
0, ,338, ,
3, ,341, ,
1, ,342, ,
1, ,338, ,
3, ,340, ,
1, ,340, ,
0, ,340, ,
3, ,338, ,
1, ,341, ,
1, ,340, ,
1, ,341, ,
1, ,338, ,
0, ,340, ,
3, ,340, ,
1, ,340, ,
1, ,337, ,
3, ,341, ,
1, ,338, ,
0, ,340, ,
3, ,338, ,
0, ,341, ,
1, ,338, ,
1, ,341, ,
1, ,338, ,
0, ,340, ,
3, ,340, ,
1, ,342, ,
1, ,338, ,
1, ,338, ,
1, ,340, ,
0, ,340, ,
3, ,338, ,
1, ,341, ,
1, ,338, ,
1, ,340, ,
1, ,338, ,
0, ,340, ,
3, ,340, ,
0, ,341, ,
1, ,338, ,
3, ,341, ,
1, ,338, ,
0, ,341, ,
3, ,338, ,
1, ,341, ,
0, ,338, ,
1, ,341, ,
1, ,340, ,
0, ,338, ,
3, ,338, ,
1, ,341, ,
1, ,338, ,
1, ,340, ,
1, ,340, ,
0, ,340, ,
3, ,338, ,
1, ,340, ,
1, ,338, ,
3, ,341, ,
1, ,338, ,
0, ,338, ,
3, ,340, ,
1, ,341, ,
1, ,338, ,
1, ,338, ,
1, ,337, ,
0, ,340, ,
3, ,344, ,
1, ,344, ,
1, ,337, ,
1, ,338, ,
1, ,338, ,
0, ,340, ,
3, ,338, ,
0, ,342, ,
1, ,340, ,
1, ,341, ,
1, ,341, ,
0, ,340, ,
3, ,340, ,
1, ,342, ,
1, ,338, ,
1, ,342, ,
1, ,340, ,
0, ,338, ,
3, ,340, ,
0, ,342, ,
1, ,338, ,
3, ,341, ,
1, ,340, ,
0, ,341, ,
3, ,338, ,
0, ,341, ,
0, ,340, ,
3, ,341, ,
1, ,338, ,
0, ,340, ,
3, ,338, ,
0, ,341, ,
0, ,338, ,
1, ,341, ,
1, ,341, ,
0, ,340, ,
3, ,338, ,
1, ,341, ,
0, ,338, ,
1, ,341, ,
1, ,338, ,
0, ,340, ,
1, ,338, ,
0, ,342, ,
1, ,338, ,
1, ,341, ,
1, ,341, ,
0, ,338, ,
3, ,338, ,
1, ,340, ,
0, ,340, ,
3, ,343, ,
1, ,340, ,
0, ,340, ,
3, ,340, ,
0, ,341, ,
1, ,338, ,
1, ,338, ,
1, ,338, ,
0, ,340, ,
3, ,338, ,
0, ,342, ,
0, ,338, ,
1, ,341, ,
1, ,338, ,
0, ,338, ,
3, ,338, ,
1, ,341, ,
0, ,338, ,
1, ,341, ,
1, ,341, ,
0, ,340, ,
3, ,340, ,
1, ,341, ,
1, ,340, ,
1, ,341, ,
1, ,338, ,
0, ,338, ,
1, ,340, ,
0, ,341, ,
1, ,338, ,
1, ,341, ,
1, ,340, ,
0, ,338, ,
3, ,337, ,
0, ,341, ,
0, ,340, ,
3, ,341, ,
1, ,337, ,
0, ,338, ,
3, ,340, ,
1, ,342, ,
0, ,337, ,
3, ,341, ,
1, ,341, ,
0, ,341, ,
3, ,338, ,
1, ,341, ,
1, ,338, ,
1, ,341, ,
1, ,338, ,
0, ,340, ,
3, ,340, ,
0, ,341, ,
1, ,337, ,
1, ,341, ,
0, ,340, ,
0, ,340, ,
3, ,338, ,
0, ,341, ,
0, ,338, ,
1, ,340, ,
1, ,338, ,
0, ,338, ,
1, ,340, ,
0, ,341, ,
0, ,337, ,
1, ,341, ,
1, ,340, ,
0, ,340, ,
3, ,338, ,
1, ,340, ,
1, ,338, ,
3, ,341, ,
1, ,340, ,
0, ,338, ,
3, ,338, ,
0, ,341, ,
1, ,337, ,
1, ,341, ,
1, ,338, ,
0, ,340, ,
3, ,338, ,
1, ,341, ,
0, ,340, ,
1, ,340, ,
1, ,338, ,
0, ,338, ,
3, ,340, ,
0, ,341, ,
1, ,337, ,
1, ,338, ,
1, ,341, ,
0, ,340, ,
3, ,338, ,
0, ,341, ,
0, ,338, ,
3, ,340, ,
1, ,340, ,
0, ,338, ,
3, ,341, ,
0, ,342, ,
0, ,338, ,
1, ,341, ,
1, ,340, ,
0, ,341, ,
3, ,338, ,
1, ,340, ,
1, ,338, ,
1, ,342, ,
1, ,338, ,
0, ,338, ,
3, ,338, ,
1, ,341, ,
1, ,338, ,
1, ,338, ,
1, ,340, ,
0, ,340, ,
1, ,338, ,
0, ,341, ,
0, ,338, ,
1, ,341, ,
1, ,340, ,
0, ,341, ,
1, ,338, ,
0, ,341, ,
0, ,337, ,
1, ,340, ,
1, ,341, ,
0, ,341, ,
3, ,338, ,
1, ,342, ,
0, ,338, ,
1, ,340, ,
1, ,338, ,
0, ,340, ,
3, ,340, ,
1, ,342, ,
1, ,338, ,
1, ,341, ,
0, ,340, ,
0, ,340, ,
3, ,338, ,
0, ,341, ,
0, ,338, ,
1, ,340, ,
1, ,338, ,
0, ,338, ,
3, ,340, ,
1, ,342, ,
0, ,338, ,
1, ,341, ,
1, ,340, ,
0, ,340, ,
3, ,338, ,
0, ,340, ,
0, ,338, ,
1, ,341, ,
1, ,338, ,
0, ,338, ,
1, ,341, ,
0, ,341, ,
0, ,338, ,
1, ,340, ,
1, ,341, ,
0, ,340, ,
3, ,338, ,
1, ,341, ,
0, ,340, ,
1, ,340, ,
1, ,338, ,
0, ,340, ,
3, ,340, ,
1, ,341, ,
1, ,338, ,
1, ,340, ,
1, ,340, ,
0, ,340, ,
1, ,338, ,
0, ,341, ,
1, ,340, ,
1, ,340, ,
1, ,338, ,
0, ,340, ,
3, ,340, ,
0, ,341, ,
1, ,338, ,
3, ,341, ,
1, ,341, ,
0, ,341, ,
3, ,338, ,
0, ,341, ,
0, ,338, ,
1, ,340, ,
1, ,338, ,
0, ,340, ,
3, ,338, ,
0, ,341, ,
0, ,337, ,
1, ,340, ,
1, ,338, ,
0, ,340, ,
3, ,338, ,
0, ,340, ,
0, ,338, ,
3, ,338, ,
1, ,338, ,
0, ,338, ,
3, ,340, ,
0, ,341, ,
1, ,336, ,
1, ,341, ,
1, ,340, ,
0, ,338, ,
1, ,338, ,
0, ,341, ,
0, ,340, ,
1, ,341, ,
1, ,338, ,
0, ,338, ,
3, ,340, ,
0, ,341, ,
0, ,337, ,
1, ,341, ,
1, ,341, ,
0, ,340, ,
3, ,340, ,
0, ,341, ,
0, ,340, ,
1, ,341, ,
1, ,338, ,
0, ,338, ,
3, ,338, ,
0, ,341, ,
0, ,338, ,
1, ,338, ,
1, ,338, ,
0, ,340, ,
1, ,338, ,
0, ,340, ,
1, ,340, ,
1, ,341, ,
1, ,338, ,
0, ,338, ,
3, ,338, ,
0, ,341, ,
0, ,338, ,
1, ,341, ,
1, ,340, ,
0, ,340, ,
3, ,338, ,
0, ,341, ,
0, ,338, ,
1, ,340, ,
1, ,340, ,
0, ,340, ,
3, ,338, ,
0, ,341, ,
0, ,338, ,
1, ,341, ,
1, ,340, ,
0, ,340, ,
3, ,340, ,
0, ,341, ,
0, ,338, ,
1, ,340, ,
1, ,338, ,
0, ,338, ,
1, ,340, ,
0, ,341, ,
0, ,337, ,
1, ,338, ,
0, ,338, ,
0, ,338, ,
3, ,338, ,
0, ,341, ,
0, ,338, ,
1, ,341, ,
1, ,338, ,
0, ,340, ,
3, ,340, ,
0, ,341, ,
0, ,338, ,
1, ,340, ,
1, ,340, ,
0, ,341, ,
1, ,340, ,
0, ,341, ,
0, ,338, ,
1, ,341, ,
1, ,338, ,
0, ,338, ,
3, ,340, ,
0, ,342, ,
0, ,338, ,
1, ,340, ,
1, ,341, ,
0, ,340, ,
3, ,338, ,
0, ,341, ,
0, ,338, ,
1, ,341, ,
1, ,338, ,
0, ,338, ,
3, ,340, ,
0, ,342, ,
0, ,338, ,
1, ,340, ,
1, ,341, ,
0, ,340, ,
3, ,340, ,
0, ,340, ,
0, ,340, ,
1, ,341, ,
1, ,340, ,
0, ,340, ,
3, ,340, ,
0, ,341, ,
0, ,338, ,
1, ,340, ,
1, ,340, ,
0, ,340, ,
3, ,338, ,
0, ,341, ,
0, ,340, ,
1, ,338, ,
1, ,338, ,
0, ,340, ,
3, ,340, ,
0, ,342, ,
0, ,338, ,
1, ,340, ,
1, ,341, ,
0, ,340, ,
3, ,340, ,
1, ,341, ,
0, ,338, ,
1, ,341, ,
1, ,338, ,
0, ,340, ,
3, ,340, ,
1, ,343, ,
1, ,337, ,
1, ,341, ,
1, ,340, ,
0, ,338, ,
3, ,340, ,
0, ,343, ,
1, ,340, ,
1, ,341, ,
1, ,338, ,
0, ,338, ,
3, ,340, ,
0, ,341, ,
0, ,337, ,
1, ,340, ,
1, ,341, ,
0, ,340, ,
3, ,338, ,
1, ,341, ,
1, ,340, ,
1, ,341, ,
0, ,338, ,
-1, ,340, ,
1, ,341, ,
0, ,341, ,
0, ,338, ,
1, ,340, ,
0, ,340, ,
-1, ,340, ,
3, ,338, ,
1, ,341, ,
1, ,338, ,
3, ,341, ,
0, ,338, ,
0, ,338, ,
3, ,340, ,
0, ,341, ,
1, ,338, ,
1, ,340, ,
1, ,338, ,
0, ,338, ,
1, ,338, ,
1, ,341, ,
0, ,340, ,
1, ,341, ,
1, ,340, ,
0, ,340, ,
1, ,340, ,
1, ,343, ,
1, ,338, ,
1, ,338, ,
1, ,338, ,
0, ,340, ,
3, ,338, ,
0, ,340, ,
1, ,338, ,
1, ,338, ,
1, ,336, ,
0, ,337, ,
1, ,337, ,
0, ,341, ,
0, ,340, ,
1, ,343, ,
1, ,344, ,
0, ,341, ,
1, ,336, ,
118, ,337, ,
71, ,337, ,
39, ,341, ,
27, ,340, ,
22, ,341, ,
15, ,340, ,
6, ,340, ,
5, ,336, ,
9, ,338, ,
6, ,340, ,
4, ,340, ,
5, ,340, ,
4, ,341, ,
5, ,338, ,
6, ,340, ,
5, ,338, ,
3, ,340, ,
5, ,340, ,
3, ,343, ,
3, ,338, ,
4, ,338, ,
4, ,340, ,
1, ,338, ,
4, ,340, ,
3, ,341, ,
3, ,340, ,
4, ,341, ,
4, ,338, ,
3, ,338, ,
4, ,338, ,
3, ,340, ,
3, ,337, ,
4, ,338, ,
4, ,337, ,
3, ,340, ,
4, ,340, ,
3, ,342, ,
3, ,338, ,
4, ,340, ,
3, ,338, ,
3, ,338, ,
4, ,338, ,
3, ,341, ,
3, ,337, ,
4, ,341, ,
4, ,340, ,
3, ,338, ,
5, ,338, ,
3, ,340, ,
3, ,338, ,
4, ,340, ,
4, ,337, ,
1, ,340, ,
4, ,338, ,
3, ,341, ,
3, ,338, ,
4, ,338, ,
3, ,340, ,
1, ,340, ,
4, ,338, ,
3, ,341, ,
1, ,338, ,
3, ,340, ,
3, ,338, ,
1, ,338, ,
4, ,340, ,
1, ,341, ,
3, ,337, ,
4, ,338, ,
3, ,340, ,
1, ,340, ,
4, ,338, ,
1, ,341, ,
3, ,340, ,
4, ,340, ,
3, ,338, ,
1, ,338, ,
4, ,338, ,
3, ,340, ,
3, ,338, ,
4, ,338, ,
3, ,338, ,
1, ,340, ,
4, ,338, ,
3, ,341, ,
3, ,338, ,
3, ,341, ,
3, ,338, ,
1, ,338, ,
4, ,338, ,
1, ,340, ,
3, ,338, ,
4, ,340, ,
3, ,340, ,
1, ,340, ,
4, ,338, ,
1, ,341, ,
3, ,340, ,
3, ,338, ,
3, ,338, ,
1, ,340, ,
4, ,341, ,
3, ,341, ,
3, ,338, ,
3, ,338, ,
3, ,341, ,
1, ,341, ,
4, ,338, ,
3, ,341, ,
3, ,340, ,
3, ,341, ,
3, ,338, ,
1, ,338, ,
4, ,338, ,
1, ,341, ,
3, ,338, ,
4, ,340, ,
3, ,338, ,
1, ,338, ,
4, ,338, ,
3, ,341, ,
3, ,340, ,
3, ,341, ,
3, ,340, ,
1, ,340, ,
4, ,340, ,
1, ,341, ,
3, ,338, ,
3, ,341, ,
3, ,341, ,
1, ,340, ,
4, ,338, ,
3, ,341, ,
3, ,338, ,
4, ,340, ,
3, ,338, ,
1, ,340, ,
4, ,338, ,
1, ,342, ,
1, ,338, ,
3, ,337, ,
3, ,337, ,
1, ,341, ,
4, ,344, ,
3, ,344, ,
3, ,338, ,
3, ,338, ,
3, ,338, ,
1, ,340, ,
4, ,340, ,
3, ,342, ,
1, ,338, ,
4, ,341, ,
3, ,341, ,
1, ,341, ,
4, ,340, ,
3, ,341, ,
1, ,338, ,
3, ,341, ,
3, ,340, ,
1, ,340, ,
4, ,340, ,
1, ,341, ,
3, ,338, ,
3, ,340, ,
3, ,340, ,
1, ,340, ,
4, ,338, ,
1, ,341, ,
3, ,338, ,
3, ,341, ,
3, ,338, ,
1, ,338, ,
3, ,340, ,
1, ,341, ,
3, ,338, ,
3, ,341, ,
3, ,341, ,
1, ,338, ,
3, ,338, ,
1, ,342, ,
1, ,338, ,
3, ,341, ,
3, ,338, ,
1, ,338, ,
4, ,341, ,
1, ,341, ,
3, ,338, ,
3, ,341, ,
3, ,341, ,
1, ,340, ,
3, ,338, ,
1, ,341, ,
1, ,338, ,
3, ,341, ,
3, ,338, ,
1, ,340, ,
3, ,340, ,
1, ,341, ,
3, ,337, ,
3, ,340, ,
3, ,340, ,
1, ,341, ,
4, ,338, ,
1, ,340, ,
3, ,338, ,
3, ,341, ,
3, ,338, ,
1, ,340, ,
3, ,340, ,
1, ,341, ,
3, ,338, ,
3, ,338, ,
3, ,340, ,
1, ,341, ,
4, ,338, ,
1, ,342, ,
1, ,340, ,
1, ,341, ,
3, ,338, ,
0, ,340, ,
3, ,340, ,
1, ,341, ,
3, ,338, ,
3, ,340, ,
3, ,340, ,
1, ,341, ,
3, ,338, ,
1, ,340, ,
1, ,340, ,
3, ,342, ,
3, ,340, ,
1, ,338, ,
4, ,338, ,
1, ,340, ,
1, ,338, ,
3, ,340, ,
3, ,340, ,
1, ,340, ,
3, ,337, ,
1, ,341, ,
3, ,340, ,
3, ,341, ,
1, ,340, ,
0, ,340, ,
4, ,340, ,
1, ,341, ,
1, ,337, ,
3, ,341, ,
1, ,341, ,
1, ,340, ,
3, ,340, ,
1, ,341, ,
1, ,338, ,
3, ,341, ,
1, ,340, ,
0, ,340, ,
3, ,338, ,
1, ,340, ,
3, ,338, ,
3, ,340, ,
3, ,341, ,
0, ,340, ,
3, ,338, ,
1, ,340, ,
1, ,338, ,
3, ,341, ,
1, ,341, ,
0, ,338, ,
3, ,340, ,
1, ,341, ,
1, ,338, ,
3, ,341, ,
1, ,341, ,
1, ,340, ,
3, ,338, ,
1, ,342, ,
1, ,338, ,
3, ,341, ,
3, ,338, ,
1, ,338, ,
3, ,338, ,
1, ,341, ,
1, ,338, ,
3, ,340, ,
1, ,340, ,
1, ,340, ,
3, ,340, ,
1, ,341, ,
1, ,340, ,
3, ,341, ,
3, ,341, ,
0, ,338, ,
4, ,341, ,
1, ,341, ,
1, ,338, ,
3, ,341, ,
3, ,340, ,
0, ,340, ,
3, ,341, ,
1, ,341, ,
1, ,340, ,
1, ,340, ,
1, ,338, ,
0, ,338, ,
3, ,341, ,
1, ,341, ,
1, ,338, ,
3, ,341, ,
3, ,341, ,
0, ,340, ,
3, ,338, ,
1, ,341, ,
1, ,337, ,
3, ,341, ,
1, ,338, ,
0, ,340, ,
3, ,338, ,
1, ,341, ,
1, ,338, ,
3, ,340, ,
1, ,341, ,
0, ,340, ,
3, ,338, ,
1, ,341, ,
1, ,340, ,
3, ,340, ,
1, ,340, ,
0, ,338, ,
3, ,340, ,
1, ,342, ,
1, ,337, ,
3, ,340, ,
1, ,340, ,
0, ,340, ,
3, ,338, ,
1, ,341, ,
1, ,338, ,
3, ,341, ,
1, ,340, ,
0, ,341, ,
3, ,338, ,
1, ,341, ,
1, ,338, ,
3, ,341, ,
1, ,338, ,
0, ,340, ,
3, ,338, ,
1, ,340, ,
1, ,340, ,
3, ,340, ,
1, ,340, ,
0, ,338, ,
3, ,338, ,
1, ,341, ,
1, ,338, ,
3, ,340, ,
3, ,338, ,
0, ,341, ,
3, ,338, ,
1, ,341, ,
1, ,338, ,
3, ,341, ,
1, ,338, ,
0, ,340, ,
3, ,340, ,
1, ,341, ,
1, ,338, ,
3, ,338, ,
1, ,341, ,
0, ,340, ,
3, ,340, ,
1, ,341, ,
1, ,338, ,
1, ,340, ,
1, ,340, ,
0, ,340, ,
3, ,338, ,
1, ,342, ,
1, ,338, ,
3, ,340, ,
1, ,340, ,
0, ,341, ,
3, ,338, ,
1, ,342, ,
1, ,338, ,
3, ,341, ,
1, ,338, ,
0, ,340, ,
3, ,338, ,
1, ,341, ,
1, ,337, ,
1, ,340, ,
1, ,338, ,
0, ,340, ,
3, ,338, ,
1, ,341, ,
1, ,338, ,
1, ,341, ,
1, ,340, ,
0, ,340, ,
3, ,340, ,
1, ,342, ,
1, ,338, ,
3, ,338, ,
3, ,341, ,
0, ,340, ,
3, ,338, ,
1, ,341, ,
1, ,340, ,
1, ,341, ,
1, ,338, ,
0, ,340, ,
3, ,340, ,
1, ,343, ,
1, ,338, ,
3, ,338, ,
1, ,340, ,
0, ,340, ,
3, ,338, ,
1, ,341, ,
1, ,338, ,
1, ,341, ,
1, ,338, ,
0, ,338, ,
3, ,341, ,
1, ,340, ,
1, ,338, ,
3, ,341, ,
1, ,341, ,
0, ,340, ,
3, ,338, ,
1, ,341, ,
1, ,338, ,
3, ,341, ,
1, ,338, ,
0, ,340, ,
3, ,341, ,
1, ,342, ,
1, ,340, ,
1, ,341, ,
1, ,341, ,
0, ,340, ,
3, ,338, ,
1, ,341, ,
1, ,340, ,
1, ,341, ,
1, ,338, ,
0, ,340, ,
3, ,341, ,
1, ,342, ,
1, ,338, ,
3, ,340, ,
1, ,341, ,
0, ,340, ,
3, ,338, ,
1, ,341, ,
1, ,340, ,
3, ,342, ,
1, ,340, ,
0, ,338, ,
3, ,338, ,
1, ,342, ,
1, ,338, ,
3, ,340, ,
1, ,341, ,
0, ,338, ,
3, ,340, ,
1, ,341, ,
1, ,338, ,
1, ,340, ,
1, ,338, ,
0, ,338, ,
3, ,338, ,
1, ,341, ,
1, ,338, ,
3, ,341, ,
1, ,341, ,
0, ,341, ,
3, ,340, ,
1, ,341, ,
1, ,340, ,
1, ,338, ,
1, ,338, ,
0, ,340, ,
3, ,340, ,
1, ,342, ,
1, ,340, ,
1, ,341, ,
1, ,340, ,
0, ,338, ,
3, ,338, ,
1, ,341, ,
1, ,337, ,
3, ,341, ,
1, ,338, ,
0, ,338, ,
3, ,338, ,
1, ,341, ,
1, ,338, ,
3, ,340, ,
3, ,340, ,
0, ,340, ,
3, ,338, ,
1, ,340, ,
1, ,340, ,
1, ,340, ,
1, ,338, ,
0, ,340, ,
3, ,338, ,
1, ,341, ,
1, ,338, ,
3, ,341, ,
1, ,340, ,
0, ,341, ,
3, ,340, ,
1, ,341, ,
1, ,338, ,
3, ,341, ,
1, ,338, ,
0, ,338, ,
3, ,340, ,
1, ,342, ,
1, ,338, ,
1, ,341, ,
1, ,341, ,
0, ,340, ,
3, ,338, ,
1, ,341, ,
1, ,338, ,
3, ,341, ,
1, ,338, ,
0, ,340, ,
3, ,341, ,
1, ,342, ,
1, ,338, ,
1, ,341, ,
1, ,340, ,
0, ,338, ,
3, ,338, ,
1, ,341, ,
1, ,340, ,
1, ,340, ,
1, ,340, ,
0, ,340, ,
1, ,338, ,
1, ,343, ,
1, ,338, ,
1, ,341, ,
1, ,340, ,
0, ,340, ,
3, ,338, ,
1, ,341, ,
1, ,340, ,
3, ,341, ,
1, ,338, ,
0, ,338, ,
3, ,338, ,
1, ,342, ,
1, ,338, ,
3, ,338, ,
1, ,340, ,
0, ,341, ,
3, ,338, ,
1, ,341, ,
1, ,340, ,
3, ,341, ,
1, ,338, ,
0, ,338, ,
3, ,340, ,
1, ,341, ,
1, ,340, ,
3, ,338, ,
1, ,338, ,
0, ,340, ,
3, ,340, ,
1, ,342, ,
1, ,340, ,
1, ,341, ,
1, ,338, ,
0, ,338, ,
3, ,338, ,
1, ,343, ,
1, ,338, ,
1, ,340, ,
1, ,338, ,
0, ,340, ,
3, ,340, ,
1, ,341, ,
1, ,340, ,
3, ,341, ,
1, ,338, ,
0, ,338, ,
3, ,338, ,
0, ,341, ,
1, ,338, ,
3, ,340, ,
1, ,340, ,
0, ,340, ,
3, ,338, ,
1, ,341, ,
0, ,338, ,
1, ,341, ,
1, ,338, ,
0, ,340, ,
3, ,341, ,
1, ,341, ,
1, ,338, ,
1, ,338, ,
1, ,338, ,
0, ,340, ,
3, ,338, ,
1, ,341, ,
1, ,338, ,
3, ,341, ,
1, ,338, ,
0, ,340, ,
3, ,338, ,
1, ,341, ,
1, ,338, ,
1, ,341, ,
1, ,338, ,
0, ,340, ,
3, ,340, ,
1, ,342, ,
1, ,338, ,
1, ,341, ,
1, ,338, ,
0, ,338, ,
3, ,340, ,
0, ,343, ,
1, ,338, ,
1, ,341, ,
1, ,338, ,
0, ,338, ,
3, ,338, ,
0, ,340, ,
0, ,338, ,
3, ,340, ,
1, ,338, ,
0, ,340, ,
3, ,340, ,
0, ,343, ,
1, ,338, ,
1, ,338, ,
1, ,340, ,
0, ,340, ,
3, ,340, ,
1, ,341, ,
0, ,338, ,
1, ,341, ,
1, ,338, ,
0, ,340, ,
3, ,340, ,
1, ,342, ,
1, ,338, ,
1, ,340, ,
1, ,338, ,
0, ,340, ,
3, ,338, ,
1, ,341, ,
1, ,338, ,
3, ,342, ,
1, ,338, ,
0, ,340, ,
3, ,338, ,
1, ,343, ,
1, ,340, ,
3, ,341, ,
1, ,338, ,
0, ,340, ,
3, ,338, ,
0, ,340, ,
1, ,340, ,
1, ,341, ,
1, ,338, ,
0, ,340, ,
3, ,338, ,
1, ,341, ,
1, ,338, ,
1, ,341, ,
1, ,341, ,
0, ,340, ,
3, ,338, ,
1, ,341, ,
1, ,338, ,
3, ,341, ,
1, ,338, ,
0, ,338, ,
3, ,341, ,
0, ,341, ,
1, ,340, ,
3, ,340, ,
1, ,338, ,
0, ,341, ,
3, ,338, ,
1, ,341, ,
1, ,340, ,
3, ,341, ,
3, ,338, ,
0, ,338, ,
3, ,340, ,
1, ,343, ,
1, ,338, ,
1, ,341, ,
0, ,338, ,
0, ,340, ,
1, ,337, ,
0, ,343, ,
0, ,340, ,
1, ,341, ,
1, ,338, ,
0, ,340, ,
3, ,338, ,
1, ,343, ,
1, ,337, ,
3, ,340, ,
1, ,340, ,
0, ,338, ,
3, ,338, ,
0, ,341, ,
1, ,338, ,
1, ,341, ,
1, ,338, ,
0, ,340, ,
3, ,338, ,
0, ,341, ,
0, ,338, ,
1, ,340, ,
1, ,341, ,
0, ,340, ,
3, ,340, ,
1, ,340, ,
1, ,338, ,
1, ,340, ,
1, ,338, ,
0, ,340, ,
3, ,338, ,
1, ,340, ,
1, ,337, ,
1, ,340, ,
1, ,341, ,
-1, ,340, ,
107, ,338, ,
70, ,342, ,
50, ,338, ,
33, ,341, ,
19, ,340, ,
10, ,338, ,
9, ,340, ,
6, ,343, ,
5, ,338, ,
5, ,340, ,
3, ,340, ,
3, ,341, ,
5, ,340, ,
3, ,341, ,
1, ,340, ,
3, ,341, ,
3, ,338, ,
1, ,338, ,
4, ,340, ,
3, ,342, ,
3, ,338, ,
4, ,340, ,
3, ,341, ,
3, ,340, ,
4, ,338, ,
3, ,340, ,
3, ,340, ,
4, ,341, ,
4, ,338, ,
1, ,340, ,
4, ,338, ,
1, ,341, ,
3, ,338, ,
4, ,340, ,
3, ,338, ,
1, ,340, ,
4, ,340, ,
1, ,341, ,
3, ,340, ,
3, ,338, ,
4, ,337, ,
1, ,340, ,
4, ,341, ,
3, ,341, ,
3, ,338, ,
4, ,341, ,
3, ,341, ,
3, ,341, ,
4, ,338, ,
3, ,341, ,
3, ,338, ,
4, ,341, ,
3, ,340, ,
1, ,340, ,
4, ,340, ,
1, ,342, ,
1, ,338, ,
4, ,338, ,
3, ,340, ,
1, ,340, ,
4, ,338, ,
1, ,341, ,
3, ,338, ,
4, ,340, ,
4, ,338, ,
1, ,338, ,
4, ,340, ,
3, ,341, ,
3, ,338, ,
4, ,341, ,
3, ,340, ,
1, ,340, ,
4, ,338, ,
3, ,341, ,
1, ,340, ,
4, ,340, ,
3, ,338, ,
1, ,338, ,
4, ,340, ,
3, ,341, ,
3, ,338, ,
3, ,340, ,
3, ,340, ,
1, ,340, ,
4, ,338, ,
1, ,341, ,
3, ,338, ,
4, ,340, ,
3, ,338, ,
1, ,340, ,
4, ,340, ,
1, ,341, ,
3, ,338, ,
3, ,341, ,
3, ,341, ,
1, ,340, ,
4, ,338, ,
3, ,341, ,
3, ,340, ,
3, ,340, ,
3, ,338, ,
1, ,340, ,
4, ,340, ,
3, ,341, ,
3, ,338, ,
3, ,340, ,
3, ,340, ,
1, ,340, ,
4, ,340, ,
1, ,341, ,
1, ,340, ,
3, ,341, ,
3, ,338, ,
1, ,340, ,
4, ,340, ,
1, ,342, ,
3, ,338, ,
4, ,340, ,
3, ,340, ,
1, ,340, ,
4, ,338, ,
3, ,341, ,
3, ,340, ,
4, ,341, ,
3, ,338, ,
1, ,338, ,
3, ,338, ,
1, ,341, ,
1, ,337, ,
3, ,341, ,
3, ,341, ,
1, ,340, ,
3, ,338, ,
1, ,341, ,
3, ,340, ,
3, ,341, ,
3, ,340, ,
1, ,338, ,
4, ,340, ,
3, ,342, ,
1, ,338, ,
3, ,340, ,
3, ,338, ,
1, ,340, ,
4, ,340, ,
1, ,341, ,
1, ,340, ,
3, ,341, ,
3, ,338, ,
1, ,338, ,
3, ,340, ,
1, ,341, ,
3, ,338, ,
3, ,341, ,
3, ,340, ,
1, ,340, ,
4, ,340, ,
1, ,343, ,
1, ,340, ,
3, ,340, ,
3, ,338, ,
1, ,338, ,
4, ,340, ,
1, ,342, ,
3, ,340, ,
3, ,341, ,
3, ,338, ,
1, ,338, ,
4, ,336, ,
1, ,341, ,
3, ,340, ,
3, ,338, ,
3, ,338, ,
1, ,340, ,
4, ,341, ,
3, ,343, ,
1, ,340, ,
3, ,341, ,
3, ,340, ,
1, ,338, ,
4, ,338, ,
1, ,340, ,
1, ,338, ,
3, ,341, ,
3, ,338, ,
1, ,340, ,
4, ,341, ,
1, ,341, ,
1, ,338, ,
3, ,340, ,
3, ,341, ,
1, ,340, ,
3, ,340, ,
1, ,341, ,
3, ,340, ,
3, ,340, ,
3, ,338, ,
1, ,338, ,
4, ,340, ,
1, ,343, ,
1, ,338, ,
3, ,340, ,
1, ,338, ,
1, ,340, ,
3, ,338, ,
1, ,341, ,
3, ,340, ,
3, ,341, ,
3, ,340, ,
1, ,340, ,
4, ,340, ,
1, ,343, ,
3, ,338, ,
3, ,341, ,
3, ,341, ,
1, ,340, ,
3, ,338, ,
1, ,341, ,
1, ,338, ,
3, ,341, ,
3, ,338, ,
1, ,338, ,
3, ,340, ,
1, ,342, ,
1, ,338, ,
3, ,340, ,
1, ,340, ,
1, ,340, ,
3, ,340, ,
1, ,341, ,
1, ,340, ,
1, ,341, ,
1, ,338, ,
0, ,340, ,
3, ,340, ,
1, ,341, ,
3, ,338, ,
3, ,340, ,
3, ,341, ,
0, ,340, ,
3, ,338, ,
1, ,340, ,
1, ,338, ,
1, ,341, ,
1, ,341, ,
1, ,340, ,
3, ,338, ,
1, ,342, ,
1, ,338, ,
3, ,340, ,
3, ,338, ,
1, ,340, ,
3, ,338, ,
1, ,341, ,
1, ,338, ,
3, ,337, ,
1, ,337, ,
1, ,337, ,
3, ,337, ,
1, ,341, ,
1, ,340, ,
3, ,343, ,
3, ,343, ,
1, ,341, ,
3, ,337, ,
1, ,337, ,
1, ,336, ,
3, ,340, ,
1, ,340, ,
0, ,338, ,
3, ,341, ,
1, ,341, ,
1, ,337, ,
3, ,338, ,
3, ,340, ,
1, ,340, ,
3, ,338, ,
1, ,341, ,
1, ,338, ,
3, ,341, ,
1, ,338, ,
0, ,338, ,
3, ,340, ,
1, ,341, ,
1, ,338, ,
3, ,338, ,
3, ,340, ,
1, ,338, ,
3, ,338, ,
1, ,340, ,
1, ,338, ,
3, ,340, ,
3, ,338, ,
0, ,338, ,
3, ,338, ,
1, ,341, ,
3, ,338, ,
3, ,340, ,
3, ,338, ,
1, ,338, ,
3, ,338, ,
1, ,341, ,
1, ,340, ,
3, ,340, ,
3, ,338, ,
1, ,338, ,
3, ,338, ,
1, ,342, ,
1, ,338, ,
3, ,340, ,
1, ,340, ,
1, ,340, ,
3, ,337, ,
1, ,341, ,
1, ,338, ,
3, ,340, ,
3, ,341, ,
1, ,338, ,
3, ,340, ,
1, ,343, ,
1, ,337, ,
3, ,340, ,
1, ,341, ,
1, ,340, ,
3, ,338, ,
1, ,340, ,
1, ,338, ,
3, ,341, ,
1, ,338, ,
0, ,340, ,
3, ,338, ,
1, ,341, ,
1, ,338, ,
3, ,338, ,
1, ,338, ,
0, ,340, ,
3, ,340, ,
1, ,340, ,
1, ,340, ,
3, ,340, ,
1, ,338, ,
0, ,338, ,
3, ,338, ,
1, ,341, ,
1, ,338, ,
3, ,340, ,
1, ,338, ,
1, ,340, ,
3, ,338, ,
1, ,341, ,
1, ,338, ,
3, ,340, ,
1, ,338, ,
0, ,338, ,
3, ,338, ,
1, ,341, ,
1, ,337, ,
3, ,338, ,
1, ,338, ,
1, ,340, ,
3, ,340, ,
1, ,341, ,
1, ,338, ,
1, ,341, ,
1, ,340, ,
0, ,341, ,
3, ,340, ,
1, ,341, ,
1, ,338, ,
1, ,338, ,
3, ,338, ,
1, ,341, ,
3, ,340, ,
1, ,341, ,
1, ,340, ,
3, ,341, ,
3, ,337, ,
0, ,338, ,
3, ,338, ,
1, ,342, ,
1, ,340, ,
3, ,341, ,
1, ,340, ,
0, ,340, ,
3, ,340, ,
1, ,340, ,
1, ,340, ,
1, ,341, ,
1, ,341, ,
0, ,340, ,
3, ,340, ,
1, ,342, ,
1, ,337, ,
3, ,338, ,
1, ,341, ,
0, ,340, ,
3, ,337, ,
1, ,341, ,
1, ,338, ,
3, ,341, ,
1, ,340, ,
0, ,340, ,
3, ,338, ,
1, ,342, ,
1, ,338, ,
3, ,340, ,
1, ,338, ,
0, ,340, ,
3, ,340, ,
1, ,341, ,
1, ,338, ,
1, ,340, ,
1, ,338, ,
0, ,338, ,
3, ,340, ,
1, ,342, ,
1, ,338, ,
3, ,338, ,
1, ,338, ,
0, ,341, ,
3, ,338, ,
1, ,341, ,
1, ,340, ,
3, ,341, ,
1, ,340, ,
0, ,340, ,
3, ,341, ,
1, ,341, ,
1, ,338, ,
3, ,341, ,
1, ,340, ,
0, ,340, ,
3, ,340, ,
1, ,342, ,
1, ,340, ,
1, ,340, ,
1, ,338, ,
0, ,338, ,
3, ,340, ,
1, ,342, ,
1, ,338, ,
1, ,340, ,
1, ,340, ,
0, ,340, ,
3, ,338, ,
1, ,341, ,
1, ,338, ,
1, ,342, ,
3, ,338, ,
0, ,340, ,
3, ,340, ,
1, ,343, ,
1, ,338, ,
1, ,341, ,
1, ,341, ,
0, ,340, ,
3, ,338, ,
1, ,341, ,
1, ,338, ,
1, ,340, ,
3, ,340, ,
0, ,340, ,
3, ,340, ,
1, ,342, ,
1, ,338, ,
3, ,341, ,
1, ,341, ,
0, ,340, ,
3, ,338, ,
1, ,341, ,
1, ,338, ,
1, ,341, ,
1, ,338, ,
0, ,340, ,
3, ,338, ,
0, ,342, ,
1, ,338, ,
3, ,341, ,
3, ,341, ,
0, ,341, ,
3, ,338, ,
0, ,341, ,
1, ,340, ,
1, ,341, ,
1, ,338, ,
0, ,340, ,
3, ,340, ,
1, ,342, ,
1, ,340, ,
3, ,340, ,
1, ,341, ,
0, ,340, ,
93, ,338, ,
57, ,341, ,
32, ,340, ,
23, ,340, ,
19, ,340, ,
10, ,340, ,
6, ,341, ,
4, ,342, ,
5, ,338, ,
5, ,338, ,
3, ,341, ,
1, ,340, ,
5, ,338, ,
3, ,341, ,
3, ,338, ,
4, ,341, ,
4, ,338, ,
