Format,1.0B,
Memory Length,10000,Memory Length,10000,
IntpDistance,0,IntpDistance,0,
Trigger Address,5159,Trigger Address,5159,
Trigger Level,3.000E-01,Trigger Level,3.000E-01,
Source,CH1,Source,CH2,
Vertical Units,V,Vertical Units,V,
Vertical Units Div,0,Vertical Units Div,0,
Vertical Units Extend Div,16,Vertical Units Extend Div,16,
Label,,Label,,
Probe Type,0,Probe Type,0,
Probe Ratio,1.000e+01,Probe Ratio,1.000e+00,
Vertical Scale,5.000e-01,Vertical Scale,2.000e-01,
Vertical Position,-1.780e+00,Vertical Position,-2.240e+00,
Horizontal Units,S,Horizontal Units,S,
Horizontal Scale,2.000E-05,Horizontal Scale,2.000E-05,
Horizontal Position,-3.200E-06,Horizontal Position,-3.200E-06,
Horizontal Mode,Main,Horizontal Mode,Main,
SincET Mode,Real Time,SincET Mode,Real Time,
Sampling Period,2.000e-08,Sampling Period,2.000e-08,
Horizontal Old Scale,2.000E-05,Horizontal Old Scale,2.000E-05,
Horizontal Old Position,-3.200E-06,Horizontal Old Position,-3.200E-06,
Firmware,V1.23,Firmware,V1.23,
Mode,Fast,Mode,Fast,
Waveform Data,,Waveform Data,,
3, ,243, ,
0, ,242, ,
1, ,243, ,
1, ,242, ,
1, ,243, ,
0, ,243, ,
3, ,243, ,
0, ,242, ,
0, ,242, ,
1, ,242, ,
1, ,243, ,
0, ,242, ,
3, ,243, ,
0, ,242, ,
0, ,242, ,
1, ,243, ,
1, ,243, ,
0, ,242, ,
3, ,243, ,
1, ,243, ,
1, ,243, ,
1, ,242, ,
3, ,243, ,
0, ,243, ,
1, ,244, ,
0, ,241, ,
1, ,242, ,
1, ,242, ,
3, ,243, ,
0, ,243, ,
1, ,244, ,
0, ,243, ,
1, ,243, ,
1, ,241, ,
1, ,242, ,
0, ,242, ,
3, ,242, ,
0, ,242, ,
0, ,243, ,
1, ,243, ,
1, ,243, ,
0, ,243, ,
3, ,242, ,
1, ,242, ,
1, ,242, ,
1, ,243, ,
1, ,242, ,
0, ,243, ,
1, ,243, ,
0, ,242, ,
1, ,242, ,
1, ,243, ,
1, ,243, ,
0, ,242, ,
3, ,243, ,
0, ,243, ,
0, ,244, ,
1, ,243, ,
1, ,243, ,
0, ,243, ,
3, ,242, ,
0, ,243, ,
1, ,243, ,
1, ,242, ,
1, ,241, ,
0, ,237, ,
3, ,237, ,
0, ,243, ,
0, ,248, ,
1, ,249, ,
1, ,245, ,
0, ,240, ,
1, ,237, ,
0, ,241, ,
0, ,245, ,
1, ,243, ,
1, ,242, ,
0, ,242, ,
1, ,241, ,
0, ,243, ,
1, ,242, ,
1, ,241, ,
1, ,243, ,
0, ,242, ,
1, ,243, ,
0, ,242, ,
1, ,242, ,
1, ,243, ,
1, ,243, ,
0, ,243, ,
3, ,241, ,
0, ,241, ,
1, ,243, ,
1, ,242, ,
1, ,243, ,
0, ,242, ,
3, ,242, ,
0, ,241, ,
0, ,242, ,
1, ,243, ,
1, ,243, ,
0, ,242, ,
1, ,242, ,
0, ,242, ,
1, ,242, ,
1, ,243, ,
1, ,242, ,
0, ,242, ,
3, ,241, ,
0, ,242, ,
1, ,242, ,
1, ,242, ,
1, ,243, ,
0, ,242, ,
1, ,242, ,
0, ,242, ,
1, ,242, ,
1, ,241, ,
3, ,243, ,
0, ,242, ,
1, ,243, ,
0, ,243, ,
0, ,242, ,
1, ,241, ,
1, ,242, ,
0, ,241, ,
1, ,242, ,
0, ,243, ,
0, ,243, ,
1, ,241, ,
1, ,242, ,
0, ,243, ,
1, ,243, ,
1, ,242, ,
1, ,242, ,
1, ,243, ,
1, ,242, ,
-1, ,243, ,
3, ,242, ,
0, ,243, ,
1, ,243, ,
1, ,242, ,
1, ,243, ,
0, ,242, ,
3, ,242, ,
0, ,242, ,
0, ,242, ,
1, ,242, ,
1, ,243, ,
0, ,242, ,
1, ,242, ,
0, ,242, ,
0, ,243, ,
1, ,242, ,
1, ,244, ,
0, ,242, ,
3, ,242, ,
0, ,242, ,
0, ,243, ,
1, ,243, ,
1, ,243, ,
0, ,241, ,
1, ,242, ,
0, ,242, ,
0, ,243, ,
1, ,241, ,
1, ,242, ,
0, ,243, ,
3, ,242, ,
0, ,242, ,
0, ,242, ,
1, ,242, ,
1, ,243, ,
0, ,244, ,
1, ,243, ,
0, ,242, ,
1, ,241, ,
1, ,242, ,
1, ,243, ,
0, ,243, ,
1, ,243, ,
0, ,243, ,
0, ,244, ,
1, ,243, ,
1, ,242, ,
0, ,242, ,
1, ,243, ,
0, ,243, ,
1, ,244, ,
1, ,242, ,
1, ,243, ,
0, ,242, ,
3, ,243, ,
0, ,242, ,
0, ,243, ,
1, ,242, ,
1, ,243, ,
0, ,243, ,
3, ,243, ,
0, ,243, ,
0, ,243, ,
1, ,243, ,
1, ,242, ,
0, ,242, ,
3, ,243, ,
0, ,242, ,
1, ,242, ,
1, ,243, ,
1, ,243, ,
0, ,243, ,
3, ,242, ,
0, ,243, ,
0, ,244, ,
1, ,242, ,
1, ,243, ,
0, ,243, ,
3, ,243, ,
0, ,243, ,
0, ,243, ,
1, ,242, ,
1, ,243, ,
0, ,243, ,
1, ,243, ,
0, ,242, ,
0, ,243, ,
1, ,243, ,
1, ,243, ,
0, ,243, ,
3, ,242, ,
0, ,243, ,
0, ,243, ,
1, ,243, ,
1, ,243, ,
0, ,241, ,
3, ,242, ,
0, ,242, ,
0, ,243, ,
1, ,242, ,
1, ,243, ,
0, ,243, ,
1, ,243, ,
1, ,242, ,
0, ,243, ,
1, ,242, ,
3, ,243, ,
0, ,242, ,
3, ,243, ,
0, ,243, ,
1, ,244, ,
1, ,241, ,
1, ,242, ,
0, ,242, ,
3, ,243, ,
0, ,242, ,
1, ,242, ,
1, ,242, ,
1, ,244, ,
0, ,242, ,
1, ,243, ,
0, ,243, ,
0, ,243, ,
1, ,242, ,
1, ,243, ,
0, ,243, ,
3, ,243, ,
0, ,242, ,
1, ,243, ,
1, ,242, ,
1, ,243, ,
0, ,242, ,
3, ,243, ,
0, ,243, ,
0, ,243, ,
1, ,242, ,
1, ,243, ,
0, ,242, ,
1, ,243, ,
0, ,243, ,
0, ,243, ,
1, ,242, ,
1, ,243, ,
0, ,242, ,
1, ,242, ,
0, ,243, ,
0, ,243, ,
1, ,243, ,
3, ,242, ,
0, ,242, ,
1, ,243, ,
0, ,242, ,
0, ,243, ,
1, ,243, ,
1, ,242, ,
0, ,243, ,
1, ,243, ,
0, ,243, ,
0, ,243, ,
1, ,242, ,
1, ,243, ,
0, ,243, ,
1, ,242, ,
0, ,243, ,
1, ,243, ,
1, ,243, ,
1, ,243, ,
0, ,241, ,
1, ,243, ,
0, ,242, ,
0, ,243, ,
1, ,242, ,
1, ,243, ,
0, ,243, ,
1, ,243, ,
0, ,242, ,
0, ,242, ,
1, ,242, ,
1, ,243, ,
0, ,243, ,
1, ,243, ,
0, ,243, ,
0, ,243, ,
1, ,241, ,
1, ,243, ,
0, ,243, ,
3, ,243, ,
0, ,243, ,
0, ,243, ,
1, ,243, ,
1, ,243, ,
0, ,242, ,
3, ,243, ,
1, ,243, ,
1, ,242, ,
1, ,243, ,
3, ,243, ,
0, ,242, ,
1, ,243, ,
0, ,242, ,
1, ,243, ,
1, ,243, ,
1, ,243, ,
0, ,243, ,
3, ,243, ,
0, ,244, ,
1, ,243, ,
1, ,242, ,
1, ,243, ,
0, ,243, ,
3, ,243, ,
0, ,243, ,
1, ,243, ,
1, ,243, ,
1, ,243, ,
0, ,242, ,
3, ,242, ,
0, ,244, ,
1, ,243, ,
1, ,243, ,
1, ,242, ,
0, ,243, ,
3, ,243, ,
0, ,243, ,
0, ,242, ,
1, ,243, ,
1, ,245, ,
0, ,243, ,
3, ,243, ,
0, ,243, ,
0, ,243, ,
1, ,241, ,
1, ,242, ,
0, ,242, ,
1, ,243, ,
0, ,242, ,
1, ,242, ,
1, ,243, ,
1, ,243, ,
0, ,243, ,
1, ,242, ,
0, ,243, ,
1, ,243, ,
1, ,243, ,
1, ,242, ,
0, ,243, ,
1, ,243, ,
0, ,243, ,
0, ,242, ,
1, ,242, ,
1, ,243, ,
0, ,243, ,
1, ,242, ,
0, ,243, ,
1, ,243, ,
1, ,241, ,
1, ,242, ,
0, ,243, ,
3, ,243, ,
0, ,243, ,
0, ,242, ,
1, ,242, ,
1, ,243, ,
0, ,243, ,
1, ,242, ,
0, ,243, ,
1, ,243, ,
1, ,243, ,
1, ,242, ,
0, ,242, ,
1, ,243, ,
0, ,243, ,
0, ,243, ,
1, ,243, ,
1, ,243, ,
0, ,243, ,
1, ,242, ,
0, ,243, ,
1, ,243, ,
1, ,242, ,
1, ,242, ,
0, ,243, ,
1, ,243, ,
0, ,242, ,
0, ,243, ,
1, ,242, ,
1, ,243, ,
0, ,242, ,
1, ,242, ,
0, ,243, ,
0, ,243, ,
1, ,243, ,
1, ,242, ,
0, ,243, ,
1, ,243, ,
0, ,242, ,
0, ,242, ,
1, ,243, ,
1, ,243, ,
-1, ,242, ,
1, ,243, ,
0, ,243, ,
0, ,242, ,
1, ,242, ,
1, ,242, ,
0, ,242, ,
3, ,243, ,
0, ,243, ,
1, ,243, ,
1, ,243, ,
1, ,243, ,
0, ,243, ,
1, ,243, ,
0, ,243, ,
1, ,243, ,
1, ,243, ,
1, ,243, ,
0, ,243, ,
1, ,243, ,
0, ,243, ,
1, ,243, ,
1, ,242, ,
1, ,243, ,
0, ,242, ,
1, ,242, ,
0, ,243, ,
0, ,243, ,
1, ,242, ,
1, ,243, ,
0, ,243, ,
1, ,243, ,
0, ,242, ,
0, ,242, ,
1, ,242, ,
1, ,242, ,
0, ,241, ,
1, ,241, ,
0, ,242, ,
1, ,243, ,
1, ,244, ,
1, ,244, ,
0, ,243, ,
3, ,243, ,
0, ,242, ,
0, ,243, ,
1, ,242, ,
1, ,243, ,
0, ,242, ,
3, ,243, ,
1, ,243, ,
0, ,243, ,
1, ,242, ,
1, ,243, ,
0, ,243, ,
1, ,243, ,
0, ,242, ,
1, ,243, ,
1, ,242, ,
1, ,243, ,
0, ,242, ,
3, ,243, ,
0, ,242, ,
0, ,243, ,
1, ,242, ,
1, ,243, ,
0, ,243, ,
3, ,244, ,
0, ,243, ,
0, ,242, ,
1, ,242, ,
1, ,243, ,
0, ,242, ,
1, ,242, ,
1, ,242, ,
0, ,243, ,
1, ,242, ,
1, ,243, ,
-1, ,243, ,
1, ,243, ,
0, ,242, ,
1, ,242, ,
1, ,242, ,
1, ,243, ,
-1, ,243, ,
3, ,243, ,
0, ,243, ,
0, ,243, ,
1, ,243, ,
1, ,242, ,
0, ,243, ,
3, ,243, ,
0, ,242, ,
0, ,243, ,
1, ,242, ,
1, ,243, ,
0, ,242, ,
1, ,242, ,
0, ,243, ,
0, ,242, ,
1, ,241, ,
1, ,243, ,
0, ,243, ,
1, ,243, ,
0, ,243, ,
0, ,243, ,
1, ,243, ,
1, ,243, ,
-1, ,242, ,
3, ,242, ,
0, ,244, ,
0, ,243, ,
1, ,243, ,
1, ,243, ,
0, ,242, ,
3, ,243, ,
0, ,243, ,
0, ,243, ,
1, ,242, ,
1, ,243, ,
-1, ,242, ,
1, ,243, ,
0, ,243, ,
0, ,243, ,
1, ,241, ,
1, ,242, ,
0, ,243, ,
3, ,243, ,
0, ,243, ,
0, ,242, ,
1, ,243, ,
1, ,243, ,
0, ,243, ,
1, ,243, ,
0, ,243, ,
1, ,242, ,
1, ,241, ,
1, ,243, ,
0, ,242, ,
1, ,243, ,
0, ,243, ,
0, ,243, ,
1, ,242, ,
1, ,243, ,
0, ,242, ,
1, ,242, ,
0, ,243, ,
0, ,243, ,
1, ,243, ,
1, ,242, ,
0, ,243, ,
1, ,242, ,
0, ,243, ,
1, ,242, ,
1, ,242, ,
1, ,242, ,
0, ,242, ,
1, ,243, ,
0, ,243, ,
1, ,243, ,
1, ,243, ,
1, ,242, ,
0, ,242, ,
1, ,242, ,
0, ,243, ,
0, ,242, ,
1, ,242, ,
1, ,243, ,
-1, ,243, ,
3, ,243, ,
0, ,243, ,
1, ,243, ,
1, ,241, ,
1, ,242, ,
0, ,242, ,
3, ,243, ,
0, ,242, ,
0, ,242, ,
1, ,242, ,
1, ,243, ,
0, ,242, ,
1, ,242, ,
0, ,243, ,
1, ,243, ,
1, ,243, ,
1, ,243, ,
0, ,242, ,
3, ,242, ,
0, ,242, ,
0, ,243, ,
1, ,242, ,
1, ,242, ,
0, ,242, ,
3, ,243, ,
0, ,242, ,
1, ,243, ,
1, ,243, ,
1, ,243, ,
0, ,243, ,
1, ,243, ,
0, ,243, ,
1, ,242, ,
1, ,243, ,
1, ,242, ,
0, ,242, ,
1, ,243, ,
0, ,243, ,
1, ,243, ,
1, ,242, ,
1, ,243, ,
0, ,243, ,
1, ,243, ,
1, ,242, ,
0, ,242, ,
1, ,243, ,
1, ,243, ,
0, ,243, ,
1, ,243, ,
0, ,243, ,
0, ,243, ,
1, ,243, ,
1, ,243, ,
0, ,242, ,
1, ,243, ,
0, ,242, ,
0, ,243, ,
1, ,243, ,
1, ,243, ,
0, ,242, ,
1, ,242, ,
0, ,243, ,
1, ,243, ,
1, ,242, ,
1, ,243, ,
0, ,243, ,
1, ,243, ,
0, ,243, ,
0, ,243, ,
1, ,242, ,
1, ,243, ,
0, ,242, ,
1, ,242, ,
0, ,243, ,
0, ,243, ,
1, ,243, ,
1, ,242, ,
0, ,242, ,
1, ,242, ,
0, ,242, ,
0, ,243, ,
1, ,243, ,
1, ,243, ,
0, ,243, ,
1, ,242, ,
0, ,243, ,
1, ,241, ,
1, ,243, ,
1, ,242, ,
0, ,243, ,
3, ,243, ,
0, ,241, ,
0, ,242, ,
1, ,242, ,
1, ,243, ,
0, ,241, ,
1, ,242, ,
0, ,243, ,
0, ,243, ,
1, ,241, ,
1, ,243, ,
0, ,243, ,
1, ,243, ,
0, ,242, ,
0, ,242, ,
1, ,242, ,
1, ,243, ,
0, ,243, ,
3, ,242, ,
0, ,242, ,
1, ,242, ,
1, ,243, ,
1, ,243, ,
0, ,243, ,
3, ,243, ,
0, ,243, ,
0, ,242, ,
1, ,242, ,
1, ,242, ,
0, ,242, ,
1, ,243, ,
0, ,243, ,
1, ,242, ,
1, ,242, ,
1, ,242, ,
0, ,242, ,
1, ,243, ,
0, ,243, ,
1, ,242, ,
1, ,243, ,
1, ,242, ,
0, ,242, ,
1, ,242, ,
0, ,242, ,
0, ,243, ,
1, ,241, ,
1, ,242, ,
0, ,242, ,
1, ,243, ,
0, ,243, ,
0, ,242, ,
1, ,243, ,
1, ,243, ,
-1, ,243, ,
1, ,242, ,
0, ,243, ,
1, ,243, ,
1, ,241, ,
1, ,243, ,
0, ,242, ,
3, ,243, ,
0, ,243, ,
1, ,242, ,
1, ,243, ,
1, ,243, ,
0, ,242, ,
1, ,242, ,
0, ,243, ,
1, ,243, ,
1, ,242, ,
1, ,242, ,
0, ,243, ,
1, ,243, ,
0, ,243, ,
1, ,243, ,
1, ,242, ,
1, ,243, ,
-1, ,243, ,
1, ,242, ,
0, ,243, ,
0, ,243, ,
1, ,242, ,
1, ,243, ,
0, ,242, ,
3, ,243, ,
0, ,243, ,
0, ,242, ,
1, ,242, ,
1, ,243, ,
0, ,241, ,
1, ,242, ,
0, ,243, ,
1, ,243, ,
1, ,242, ,
1, ,243, ,
0, ,243, ,
1, ,243, ,
0, ,243, ,
1, ,242, ,
1, ,242, ,
1, ,243, ,
0, ,243, ,
3, ,242, ,
0, ,242, ,
0, ,242, ,
1, ,243, ,
1, ,242, ,
0, ,243, ,
3, ,243, ,
0, ,242, ,
1, ,242, ,
1, ,243, ,
1, ,243, ,
0, ,242, ,
1, ,242, ,
0, ,242, ,
1, ,243, ,
1, ,241, ,
1, ,242, ,
0, ,243, ,
3, ,243, ,
0, ,242, ,
1, ,243, ,
1, ,243, ,
1, ,243, ,
0, ,243, ,
1, ,243, ,
0, ,243, ,
0, ,243, ,
1, ,242, ,
1, ,242, ,
0, ,242, ,
1, ,243, ,
0, ,243, ,
0, ,243, ,
1, ,243, ,
1, ,243, ,
0, ,243, ,
1, ,242, ,
0, ,242, ,
0, ,243, ,
1, ,243, ,
1, ,242, ,
0, ,243, ,
3, ,243, ,
0, ,243, ,
0, ,243, ,
1, ,243, ,
1, ,243, ,
0, ,243, ,
3, ,243, ,
0, ,243, ,
0, ,243, ,
1, ,243, ,
1, ,243, ,
0, ,243, ,
1, ,243, ,
0, ,242, ,
1, ,243, ,
1, ,242, ,
1, ,243, ,
-1, ,241, ,
1, ,243, ,
1, ,242, ,
1, ,243, ,
3, ,243, ,
1, ,242, ,
-1, ,242, ,
3, ,243, ,
0, ,242, ,
1, ,242, ,
1, ,243, ,
1, ,242, ,
0, ,243, ,
3, ,242, ,
0, ,243, ,
0, ,243, ,
1, ,242, ,
1, ,243, ,
0, ,243, ,
1, ,244, ,
0, ,242, ,
0, ,242, ,
1, ,242, ,
1, ,243, ,
-1, ,242, ,
1, ,241, ,
0, ,243, ,
1, ,243, ,
1, ,242, ,
1, ,241, ,
-1, ,243, ,
3, ,243, ,
0, ,242, ,
0, ,242, ,
1, ,242, ,
1, ,243, ,
0, ,243, ,
1, ,243, ,
0, ,243, ,
0, ,243, ,
1, ,243, ,
1, ,242, ,
0, ,243, ,
1, ,243, ,
0, ,243, ,
0, ,243, ,
1, ,242, ,
1, ,243, ,
0, ,242, ,
1, ,242, ,
0, ,243, ,
0, ,243, ,
1, ,243, ,
3, ,243, ,
0, ,242, ,
3, ,243, ,
0, ,243, ,
0, ,243, ,
1, ,243, ,
1, ,243, ,
0, ,242, ,
1, ,242, ,
0, ,243, ,
0, ,243, ,
1, ,241, ,
1, ,241, ,
0, ,241, ,
1, ,243, ,
0, ,243, ,
1, ,242, ,
1, ,243, ,
1, ,243, ,
0, ,242, ,
1, ,241, ,
0, ,242, ,
1, ,242, ,
1, ,242, ,
1, ,243, ,
0, ,243, ,
1, ,243, ,
0, ,242, ,
1, ,242, ,
1, ,243, ,
1, ,243, ,
0, ,242, ,
1, ,242, ,
0, ,243, ,
0, ,243, ,
1, ,243, ,
1, ,243, ,
0, ,243, ,
3, ,243, ,
0, ,242, ,
1, ,242, ,
1, ,243, ,
1, ,243, ,
0, ,243, ,
3, ,243, ,
0, ,243, ,
0, ,243, ,
1, ,242, ,
1, ,242, ,
0, ,242, ,
1, ,243, ,
0, ,242, ,
0, ,243, ,
1, ,243, ,
1, ,243, ,
0, ,243, ,
1, ,242, ,
0, ,244, ,
1, ,243, ,
1, ,242, ,
1, ,243, ,
0, ,243, ,
1, ,243, ,
0, ,243, ,
1, ,243, ,
1, ,243, ,
1, ,243, ,
0, ,242, ,
1, ,242, ,
0, ,242, ,
1, ,242, ,
1, ,243, ,
1, ,243, ,
0, ,243, ,
1, ,243, ,
0, ,243, ,
0, ,242, ,
1, ,243, ,
1, ,242, ,
0, ,242, ,
3, ,243, ,
0, ,243, ,
0, ,243, ,
1, ,242, ,
1, ,242, ,
0, ,243, ,
3, ,243, ,
0, ,242, ,
1, ,243, ,
1, ,242, ,
1, ,242, ,
0, ,242, ,
1, ,242, ,
0, ,243, ,
1, ,243, ,
1, ,242, ,
1, ,242, ,
0, ,242, ,
1, ,243, ,
0, ,243, ,
0, ,242, ,
1, ,243, ,
1, ,243, ,
0, ,242, ,
1, ,243, ,
0, ,243, ,
0, ,243, ,
1, ,243, ,
1, ,243, ,
0, ,242, ,
1, ,243, ,
0, ,243, ,
1, ,243, ,
1, ,242, ,
1, ,243, ,
0, ,242, ,
3, ,242, ,
0, ,243, ,
1, ,243, ,
1, ,243, ,
1, ,243, ,
0, ,243, ,
1, ,243, ,
0, ,243, ,
0, ,243, ,
1, ,243, ,
1, ,242, ,
0, ,243, ,
1, ,243, ,
0, ,243, ,
0, ,243, ,
1, ,242, ,
1, ,243, ,
0, ,242, ,
1, ,243, ,
0, ,243, ,
0, ,243, ,
1, ,243, ,
1, ,243, ,
0, ,243, ,
1, ,243, ,
0, ,243, ,
0, ,243, ,
1, ,241, ,
1, ,242, ,
0, ,242, ,
1, ,243, ,
0, ,243, ,
1, ,242, ,
1, ,243, ,
1, ,243, ,
0, ,242, ,
1, ,243, ,
0, ,244, ,
0, ,243, ,
1, ,239, ,
1, ,237, ,
0, ,237, ,
1, ,243, ,
0, ,247, ,
1, ,249, ,
1, ,246, ,
1, ,239, ,
0, ,236, ,
1, ,241, ,
0, ,245, ,
0, ,244, ,
1, ,241, ,
1, ,242, ,
0, ,243, ,
1, ,242, ,
0, ,242, ,
1, ,242, ,
1, ,243, ,
1, ,242, ,
0, ,242, ,
3, ,241, ,
0, ,243, ,
0, ,243, ,
1, ,242, ,
1, ,243, ,
0, ,242, ,
3, ,243, ,
0, ,242, ,
1, ,242, ,
1, ,242, ,
1, ,243, ,
0, ,242, ,
3, ,242, ,
0, ,243, ,
0, ,243, ,
1, ,243, ,
1, ,242, ,
0, ,242, ,
1, ,243, ,
0, ,242, ,
1, ,242, ,
1, ,242, ,
1, ,242, ,
0, ,242, ,
1, ,243, ,
0, ,242, ,
0, ,243, ,
1, ,242, ,
3, ,242, ,
0, ,243, ,
1, ,243, ,
0, ,243, ,
0, ,242, ,
1, ,242, ,
1, ,242, ,
-1, ,242, ,
1, ,242, ,
0, ,243, ,
1, ,243, ,
1, ,241, ,
1, ,243, ,
0, ,242, ,
3, ,243, ,
0, ,242, ,
1, ,243, ,
1, ,242, ,
1, ,242, ,
0, ,242, ,
3, ,243, ,
1, ,242, ,
1, ,243, ,
1, ,242, ,
1, ,242, ,
0, ,242, ,
1, ,242, ,
0, ,242, ,
1, ,242, ,
1, ,242, ,
1, ,243, ,
0, ,242, ,
1, ,242, ,
0, ,243, ,
1, ,243, ,
1, ,241, ,
1, ,243, ,
0, ,242, ,
3, ,242, ,
0, ,243, ,
0, ,242, ,
1, ,242, ,
1, ,234, ,
-1, ,241, ,
1, ,248, ,
0, ,247, ,
1, ,242, ,
1, ,237, ,
1, ,243, ,
-1, ,243, ,
3, ,243, ,
0, ,241, ,
1, ,243, ,
1, ,243, ,
1, ,243, ,
0, ,243, ,
3, ,243, ,
0, ,243, ,
0, ,242, ,
1, ,242, ,
1, ,243, ,
0, ,243, ,
1, ,243, ,
0, ,242, ,
0, ,241, ,
1, ,242, ,
1, ,243, ,
-1, ,243, ,
1, ,243, ,
0, ,245, ,
0, ,245, ,
1, ,241, ,
1, ,242, ,
0, ,242, ,
3, ,243, ,
0, ,243, ,
0, ,243, ,
1, ,243, ,
1, ,243, ,
-1, ,243, ,
1, ,243, ,
0, ,243, ,
1, ,243, ,
1, ,241, ,
3, ,242, ,
0, ,243, ,
3, ,243, ,
0, ,243, ,
0, ,243, ,
1, ,243, ,
1, ,242, ,
0, ,243, ,
1, ,243, ,
0, ,243, ,
0, ,243, ,
1, ,242, ,
1, ,242, ,
0, ,242, ,
1, ,243, ,
0, ,243, ,
0, ,243, ,
1, ,243, ,
1, ,243, ,
-1, ,243, ,
3, ,242, ,
0, ,243, ,
0, ,243, ,
1, ,242, ,
1, ,242, ,
0, ,243, ,
3, ,242, ,
0, ,243, ,
0, ,243, ,
1, ,243, ,
1, ,243, ,
-1, ,243, ,
1, ,243, ,
0, ,243, ,
0, ,243, ,
1, ,242, ,
1, ,243, ,
0, ,243, ,
3, ,243, ,
0, ,242, ,
0, ,242, ,
1, ,242, ,
3, ,243, ,
0, ,243, ,
3, ,242, ,
0, ,243, ,
1, ,243, ,
1, ,242, ,
1, ,243, ,
0, ,243, ,
1, ,243, ,
0, ,243, ,
0, ,243, ,
1, ,243, ,
1, ,242, ,
0, ,243, ,
3, ,242, ,
0, ,243, ,
0, ,243, ,
1, ,242, ,
1, ,242, ,
0, ,243, ,
1, ,243, ,
0, ,242, ,
1, ,243, ,
1, ,242, ,
1, ,243, ,
0, ,243, ,
1, ,242, ,
0, ,243, ,
1, ,243, ,
1, ,242, ,
1, ,242, ,
0, ,243, ,
1, ,243, ,
0, ,243, ,
1, ,242, ,
1, ,242, ,
1, ,243, ,
0, ,243, ,
3, ,243, ,
0, ,243, ,
0, ,243, ,
1, ,242, ,
1, ,242, ,
0, ,243, ,
1, ,243, ,
0, ,243, ,
0, ,243, ,
1, ,243, ,
1, ,243, ,
0, ,241, ,
1, ,243, ,
0, ,243, ,
1, ,243, ,
1, ,243, ,
1, ,243, ,
0, ,243, ,
3, ,243, ,
0, ,243, ,
1, ,242, ,
1, ,243, ,
1, ,243, ,
0, ,242, ,
1, ,242, ,
0, ,243, ,
1, ,243, ,
1, ,242, ,
1, ,242, ,
0, ,243, ,
3, ,243, ,
0, ,242, ,
1, ,243, ,
1, ,242, ,
1, ,243, ,
0, ,242, ,
3, ,243, ,
1, ,243, ,
1, ,243, ,
1, ,243, ,
1, ,242, ,
0, ,242, ,
3, ,243, ,
0, ,243, ,
1, ,243, ,
1, ,243, ,
1, ,243, ,
0, ,243, ,
1, ,242, ,
0, ,243, ,
0, ,243, ,
1, ,243, ,
1, ,243, ,
0, ,243, ,
3, ,243, ,
1, ,243, ,
0, ,243, ,
1, ,243, ,
1, ,243, ,
0, ,242, ,
3, ,243, ,
0, ,243, ,
1, ,243, ,
1, ,242, ,
1, ,243, ,
0, ,242, ,
1, ,243, ,
0, ,243, ,
0, ,242, ,
1, ,243, ,
1, ,244, ,
0, ,243, ,
1, ,243, ,
0, ,243, ,
0, ,243, ,
1, ,243, ,
1, ,243, ,
0, ,243, ,
1, ,243, ,
0, ,243, ,
0, ,242, ,
1, ,242, ,
1, ,243, ,
0, ,241, ,
1, ,242, ,
0, ,243, ,
0, ,243, ,
1, ,241, ,
1, ,242, ,
0, ,242, ,
1, ,243, ,
0, ,242, ,
0, ,241, ,
1, ,241, ,
1, ,243, ,
0, ,243, ,
1, ,243, ,
0, ,244, ,
0, ,244, ,
1, ,243, ,
1, ,242, ,
0, ,242, ,
1, ,242, ,
0, ,243, ,
1, ,242, ,
1, ,243, ,
1, ,243, ,
0, ,243, ,
3, ,243, ,
0, ,242, ,
0, ,243, ,
1, ,242, ,
1, ,242, ,
0, ,242, ,
3, ,243, ,
0, ,243, ,
1, ,243, ,
1, ,242, ,
1, ,243, ,
0, ,241, ,
3, ,243, ,
0, ,243, ,
0, ,243, ,
1, ,242, ,
1, ,242, ,
0, ,243, ,
3, ,243, ,
0, ,242, ,
1, ,242, ,
1, ,242, ,
3, ,243, ,
0, ,243, ,
1, ,243, ,
0, ,243, ,
0, ,243, ,
1, ,242, ,
1, ,243, ,
0, ,243, ,
1, ,243, ,
0, ,243, ,
0, ,243, ,
1, ,243, ,
1, ,243, ,
0, ,242, ,
3, ,243, ,
0, ,243, ,
0, ,243, ,
1, ,242, ,
1, ,242, ,
0, ,243, ,
3, ,243, ,
0, ,243, ,
1, ,242, ,
1, ,243, ,
1, ,243, ,
0, ,243, ,
3, ,243, ,
0, ,243, ,
1, ,243, ,
1, ,243, ,
1, ,243, ,
0, ,243, ,
3, ,243, ,
0, ,243, ,
1, ,243, ,
1, ,243, ,
1, ,243, ,
0, ,242, ,
3, ,243, ,
0, ,243, ,
0, ,243, ,
1, ,242, ,
1, ,242, ,
0, ,243, ,
3, ,243, ,
0, ,242, ,
1, ,243, ,
1, ,243, ,
1, ,243, ,
0, ,243, ,
3, ,242, ,
0, ,243, ,
0, ,243, ,
1, ,243, ,
1, ,243, ,
0, ,243, ,
3, ,243, ,
0, ,242, ,
0, ,243, ,
1, ,243, ,
1, ,243, ,
0, ,242, ,
3, ,243, ,
0, ,243, ,
0, ,242, ,
1, ,243, ,
1, ,243, ,
0, ,243, ,
1, ,243, ,
0, ,243, ,
1, ,242, ,
1, ,243, ,
1, ,243, ,
0, ,242, ,
3, ,243, ,
0, ,243, ,
0, ,243, ,
1, ,243, ,
1, ,242, ,
0, ,243, ,
1, ,243, ,
0, ,242, ,
0, ,242, ,
1, ,243, ,
3, ,243, ,
0, ,243, ,
1, ,243, ,
0, ,244, ,
0, ,243, ,
1, ,243, ,
1, ,243, ,
0, ,243, ,
1, ,243, ,
0, ,243, ,
0, ,243, ,
1, ,243, ,
1, ,243, ,
0, ,242, ,
1, ,243, ,
0, ,243, ,
0, ,243, ,
1, ,243, ,
1, ,243, ,
0, ,243, ,
3, ,243, ,
0, ,243, ,
0, ,242, ,
1, ,243, ,
1, ,243, ,
0, ,243, ,
1, ,243, ,
0, ,242, ,
0, ,243, ,
1, ,242, ,
1, ,242, ,
0, ,243, ,
1, ,243, ,
0, ,243, ,
0, ,243, ,
1, ,242, ,
1, ,243, ,
0, ,243, ,
1, ,242, ,
0, ,243, ,
0, ,243, ,
1, ,243, ,
1, ,243, ,
0, ,243, ,
1, ,243, ,
0, ,243, ,
0, ,243, ,
1, ,243, ,
1, ,243, ,
0, ,242, ,
1, ,243, ,
1, ,243, ,
0, ,243, ,
1, ,243, ,
1, ,242, ,
0, ,242, ,
3, ,243, ,
0, ,243, ,
1, ,243, ,
1, ,242, ,
1, ,243, ,
0, ,242, ,
3, ,243, ,
0, ,243, ,
1, ,243, ,
1, ,243, ,
1, ,243, ,
0, ,243, ,
1, ,243, ,
0, ,242, ,
0, ,242, ,
1, ,242, ,
1, ,243, ,
0, ,243, ,
1, ,243, ,
0, ,244, ,
0, ,243, ,
1, ,242, ,
1, ,243, ,
0, ,243, ,
1, ,243, ,
0, ,243, ,
1, ,243, ,
1, ,242, ,
1, ,243, ,
0, ,242, ,
3, ,243, ,
0, ,243, ,
0, ,243, ,
1, ,243, ,
1, ,243, ,
0, ,243, ,
3, ,243, ,
0, ,242, ,
1, ,242, ,
1, ,243, ,
1, ,243, ,
0, ,243, ,
1, ,242, ,
0, ,243, ,
0, ,243, ,
1, ,241, ,
1, ,242, ,
0, ,241, ,
3, ,243, ,
0, ,242, ,
1, ,243, ,
1, ,242, ,
3, ,243, ,
0, ,242, ,
1, ,243, ,
0, ,243, ,
0, ,243, ,
1, ,241, ,
1, ,242, ,
0, ,242, ,
1, ,243, ,
0, ,243, ,
1, ,242, ,
1, ,242, ,
1, ,243, ,
0, ,243, ,
1, ,242, ,
0, ,243, ,
0, ,243, ,
1, ,243, ,
1, ,242, ,
0, ,242, ,
1, ,243, ,
0, ,243, ,
0, ,242, ,
1, ,242, ,
1, ,243, ,
0, ,242, ,
3, ,243, ,
0, ,243, ,
0, ,243, ,
1, ,243, ,
1, ,243, ,
0, ,243, ,
1, ,243, ,
0, ,243, ,
0, ,242, ,
1, ,242, ,
1, ,243, ,
0, ,243, ,
1, ,243, ,
0, ,244, ,
0, ,243, ,
1, ,243, ,
1, ,242, ,
0, ,242, ,
1, ,243, ,
0, ,243, ,
0, ,242, ,
1, ,243, ,
1, ,243, ,
0, ,241, ,
1, ,243, ,
0, ,242, ,
0, ,243, ,
1, ,241, ,
1, ,243, ,
0, ,242, ,
1, ,243, ,
0, ,243, ,
1, ,242, ,
1, ,242, ,
1, ,243, ,
0, ,243, ,
1, ,243, ,
0, ,242, ,
0, ,242, ,
1, ,243, ,
1, ,242, ,
0, ,243, ,
3, ,243, ,
0, ,242, ,
0, ,242, ,
1, ,243, ,
1, ,243, ,
0, ,242, ,
1, ,243, ,
0, ,243, ,
0, ,243, ,
1, ,243, ,
1, ,243, ,
0, ,242, ,
1, ,243, ,
0, ,242, ,
0, ,242, ,
1, ,242, ,
1, ,243, ,
0, ,242, ,
1, ,242, ,
0, ,242, ,
0, ,243, ,
1, ,242, ,
1, ,242, ,
0, ,242, ,
1, ,243, ,
0, ,243, ,
0, ,242, ,
1, ,243, ,
1, ,243, ,
0, ,243, ,
1, ,242, ,
0, ,242, ,
0, ,243, ,
1, ,243, ,
1, ,242, ,
0, ,243, ,
1, ,243, ,
0, ,242, ,
0, ,242, ,
1, ,243, ,
1, ,242, ,
0, ,242, ,
1, ,242, ,
0, ,243, ,
0, ,243, ,
1, ,243, ,
1, ,242, ,
0, ,243, ,
3, ,243, ,
0, ,242, ,
1, ,242, ,
1, ,242, ,
1, ,243, ,
0, ,243, ,
1, ,243, ,
0, ,243, ,
0, ,243, ,
1, ,243, ,
1, ,242, ,
0, ,242, ,
1, ,243, ,
0, ,242, ,
1, ,242, ,
1, ,243, ,
1, ,243, ,
0, ,242, ,
3, ,242, ,
0, ,243, ,
0, ,242, ,
1, ,242, ,
1, ,243, ,
0, ,243, ,
3, ,242, ,
0, ,243, ,
0, ,242, ,
1, ,243, ,
1, ,243, ,
0, ,242, ,
3, ,242, ,
0, ,243, ,
0, ,243, ,
1, ,242, ,
1, ,243, ,
0, ,242, ,
1, ,243, ,
0, ,242, ,
0, ,242, ,
1, ,242, ,
1, ,242, ,
0, ,242, ,
1, ,242, ,
1, ,242, ,
0, ,243, ,
1, ,242, ,
1, ,242, ,
0, ,242, ,
3, ,243, ,
135, ,241, ,
78, ,242, ,
44, ,243, ,
32, ,243, ,
23, ,241, ,
15, ,242, ,
8, ,242, ,
6, ,243, ,
8, ,241, ,
6, ,242, ,
3, ,242, ,
4, ,243, ,
3, ,242, ,
4, ,242, ,
4, ,242, ,
4, ,243, ,
1, ,242, ,
5, ,242, ,
3, ,243, ,
3, ,243, ,
4, ,241, ,
4, ,241, ,
3, ,243, ,
4, ,243, ,
1, ,243, ,
4, ,243, ,
3, ,243, ,
4, ,243, ,
1, ,243, ,
4, ,243, ,
3, ,243, ,
4, ,242, ,
4, ,242, ,
4, ,243, ,
3, ,242, ,
4, ,243, ,
1, ,243, ,
3, ,243, ,
4, ,243, ,
4, ,243, ,
3, ,243, ,
4, ,242, ,
1, ,242, ,
3, ,242, ,
4, ,242, ,
4, ,242, ,
1, ,243, ,
4, ,243, ,
3, ,242, ,
3, ,242, ,
3, ,242, ,
4, ,243, ,
3, ,242, ,
4, ,241, ,
3, ,242, ,
3, ,243, ,
4, ,243, ,
4, ,244, ,
1, ,243, ,
4, ,244, ,
1, ,243, ,
3, ,243, ,
3, ,242, ,
4, ,242, ,
3, ,242, ,
4, ,242, ,
3, ,243, ,
3, ,243, ,
3, ,242, ,
3, ,242, ,
1, ,242, ,
4, ,243, ,
3, ,242, ,
3, ,242, ,
3, ,242, ,
3, ,244, ,
1, ,243, ,
4, ,243, ,
1, ,242, ,
3, ,242, ,
3, ,241, ,
3, ,243, ,
1, ,243, ,
4, ,243, ,
1, ,243, ,
3, ,242, ,
3, ,242, ,
3, ,243, ,
1, ,242, ,
4, ,242, ,
1, ,243, ,
3, ,243, ,
3, ,241, ,
3, ,243, ,
1, ,243, ,
4, ,244, ,
3, ,242, ,
3, ,242, ,
3, ,243, ,
3, ,243, ,
1, ,242, ,
4, ,243, ,
1, ,243, ,
3, ,243, ,
3, ,243, ,
3, ,242, ,
1, ,243, ,
4, ,243, ,
1, ,242, ,
3, ,242, ,
4, ,243, ,
3, ,242, ,
1, ,243, ,
4, ,242, ,
3, ,243, ,
3, ,243, ,
3, ,243, ,
4, ,242, ,
1, ,243, ,
4, ,242, ,
3, ,242, ,
3, ,243, ,
3, ,242, ,
3, ,242, ,
1, ,242, ,
4, ,242, ,
3, ,243, ,
3, ,243, ,
3, ,243, ,
3, ,243, ,
1, ,243, ,
4, ,243, ,
1, ,243, ,
3, ,242, ,
3, ,243, ,
3, ,243, ,
1, ,243, ,
4, ,242, ,
3, ,243, ,
3, ,243, ,
3, ,242, ,
3, ,242, ,
1, ,243, ,
4, ,243, ,
3, ,243, ,
3, ,242, ,
3, ,243, ,
3, ,243, ,
1, ,243, ,
4, ,242, ,
1, ,243, ,
3, ,243, ,
3, ,242, ,
3, ,243, ,
1, ,243, ,
4, ,243, ,
3, ,242, ,
3, ,242, ,
3, ,242, ,
3, ,243, ,
1, ,243, ,
4, ,241, ,
1, ,242, ,
3, ,243, ,
3, ,242, ,
3, ,243, ,
1, ,243, ,
4, ,243, ,
1, ,242, ,
3, ,242, ,
3, ,242, ,
3, ,242, ,
1, ,243, ,
4, ,242, ,
1, ,243, ,
3, ,243, ,
3, ,242, ,
3, ,242, ,
1, ,243, ,
4, ,243, ,
1, ,234, ,
3, ,241, ,
3, ,249, ,
3, ,248, ,
1, ,242, ,
3, ,239, ,
1, ,243, ,
3, ,244, ,
3, ,241, ,
3, ,242, ,
1, ,243, ,
3, ,243, ,
1, ,242, ,
3, ,242, ,
3, ,243, ,
3, ,243, ,
1, ,242, ,
3, ,243, ,
1, ,242, ,
3, ,243, ,
3, ,241, ,
3, ,243, ,
1, ,243, ,
3, ,243, ,
1, ,243, ,
3, ,243, ,
3, ,243, ,
3, ,242, ,
1, ,243, ,
3, ,243, ,
1, ,243, ,
3, ,243, ,
3, ,243, ,
3, ,243, ,
1, ,243, ,
3, ,242, ,
1, ,242, ,
3, ,243, ,
3, ,242, ,
3, ,243, ,
1, ,242, ,
4, ,242, ,
1, ,243, ,
3, ,243, ,
3, ,243, ,
3, ,242, ,
1, ,243, ,
3, ,243, ,
1, ,243, ,
3, ,243, ,
3, ,243, ,
3, ,243, ,
1, ,243, ,
3, ,243, ,
1, ,244, ,
3, ,243, ,
3, ,243, ,
3, ,243, ,
1, ,243, ,
3, ,243, ,
1, ,243, ,
3, ,242, ,
3, ,242, ,
3, ,243, ,
1, ,242, ,
3, ,243, ,
1, ,243, ,
3, ,243, ,
3, ,242, ,
3, ,243, ,
1, ,243, ,
4, ,243, ,
1, ,242, ,
1, ,243, ,
3, ,243, ,
3, ,243, ,
1, ,243, ,
3, ,242, ,
1, ,243, ,
3, ,243, ,
3, ,242, ,
3, ,243, ,
1, ,243, ,
3, ,243, ,
1, ,242, ,
3, ,243, ,
3, ,243, ,
3, ,243, ,
1, ,242, ,
3, ,243, ,
1, ,243, ,
3, ,244, ,
3, ,242, ,
3, ,243, ,
1, ,243, ,
3, ,243, ,
1, ,243, ,
3, ,242, ,
3, ,243, ,
3, ,243, ,
0, ,243, ,
3, ,243, ,
1, ,243, ,
1, ,242, ,
3, ,243, ,
3, ,243, ,
1, ,243, ,
3, ,243, ,
1, ,242, ,
1, ,241, ,
3, ,243, ,
3, ,243, ,
1, ,243, ,
3, ,242, ,
1, ,243, ,
3, ,243, ,
3, ,243, ,
3, ,243, ,
1, ,243, ,
3, ,242, ,
1, ,243, ,
3, ,242, ,
3, ,242, ,
3, ,243, ,
1, ,242, ,
3, ,242, ,
1, ,244, ,
1, ,243, ,
1, ,243, ,
1, ,243, ,
1, ,243, ,
3, ,243, ,
1, ,243, ,
3, ,243, ,
3, ,242, ,
3, ,243, ,
0, ,243, ,
3, ,242, ,
1, ,241, ,
3, ,239, ,
3, ,240, ,
3, ,245, ,
0, ,249, ,
3, ,248, ,
1, ,242, ,
1, ,236, ,
3, ,239, ,
3, ,244, ,
0, ,244, ,
3, ,242, ,
1, ,242, ,
1, ,243, ,
3, ,243, ,
1, ,241, ,
1, ,243, ,
3, ,243, ,
1, ,243, ,
3, ,242, ,
3, ,242, ,
3, ,242, ,
0, ,242, ,
3, ,243, ,
1, ,242, ,
3, ,243, ,
3, ,242, ,
1, ,242, ,
1, ,242, ,
3, ,243, ,
1, ,242, ,
1, ,241, ,
3, ,242, ,
1, ,243, ,
0, ,241, ,
3, ,242, ,
1, ,242, ,
1, ,243, ,
3, ,241, ,
1, ,243, ,
0, ,243, ,
3, ,243, ,
1, ,242, ,
1, ,242, ,
3, ,242, ,
3, ,242, ,
0, ,242, ,
3, ,242, ,
1, ,242, ,
1, ,242, ,
3, ,242, ,
3, ,242, ,
0, ,242, ,
3, ,242, ,
1, ,243, ,
1, ,243, ,
3, ,243, ,
3, ,242, ,
0, ,243, ,
3, ,242, ,
1, ,242, ,
3, ,242, ,
1, ,242, ,
3, ,242, ,
0, ,242, ,
3, ,243, ,
1, ,243, ,
3, ,241, ,
3, ,242, ,
3, ,243, ,
0, ,242, ,
3, ,242, ,
1, ,242, ,
1, ,243, ,
3, ,242, ,
3, ,242, ,
0, ,242, ,
3, ,243, ,
1, ,242, ,
3, ,243, ,
3, ,242, ,
3, ,243, ,
0, ,241, ,
3, ,243, ,
1, ,243, ,
1, ,243, ,
1, ,242, ,
1, ,242, ,
0, ,243, ,
3, ,243, ,
1, ,243, ,
1, ,242, ,
3, ,242, ,
3, ,243, ,
0, ,242, ,
3, ,242, ,
1, ,242, ,
1, ,242, ,
1, ,243, ,
1, ,242, ,
0, ,243, ,
3, ,242, ,
1, ,241, ,
1, ,242, ,
3, ,242, ,
3, ,242, ,
0, ,241, ,
3, ,242, ,
1, ,244, ,
1, ,244, ,
1, ,243, ,
3, ,243, ,
0, ,243, ,
3, ,242, ,
1, ,242, ,
1, ,243, ,
3, ,243, ,
1, ,244, ,
0, ,244, ,
3, ,243, ,
1, ,242, ,
1, ,242, ,
3, ,242, ,
1, ,243, ,
0, ,243, ,
3, ,244, ,
1, ,242, ,
3, ,242, ,
1, ,243, ,
1, ,243, ,
0, ,243, ,
3, ,242, ,
1, ,245, ,
1, ,243, ,
3, ,243, ,
3, ,242, ,
0, ,243, ,
3, ,243, ,
1, ,243, ,
1, ,242, ,
3, ,242, ,
1, ,242, ,
0, ,242, ,
3, ,242, ,
1, ,242, ,
1, ,242, ,
3, ,243, ,
1, ,243, ,
0, ,243, ,
3, ,243, ,
1, ,243, ,
1, ,243, ,
1, ,242, ,
1, ,243, ,
0, ,241, ,
3, ,242, ,
1, ,242, ,
1, ,243, ,
1, ,241, ,
1, ,242, ,
0, ,242, ,
3, ,243, ,
1, ,243, ,
1, ,243, ,
3, ,242, ,
3, ,243, ,
0, ,243, ,
3, ,243, ,
1, ,243, ,
1, ,243, ,
3, ,242, ,
1, ,243, ,
0, ,242, ,
3, ,242, ,
1, ,243, ,
0, ,243, ,
1, ,243, ,
1, ,243, ,
0, ,242, ,
3, ,242, ,
1, ,243, ,
1, ,243, ,
3, ,242, ,
1, ,242, ,
0, ,242, ,
3, ,243, ,
1, ,244, ,
1, ,243, ,
3, ,243, ,
1, ,243, ,
0, ,243, ,
3, ,241, ,
1, ,242, ,
1, ,242, ,
3, ,243, ,
1, ,243, ,
0, ,243, ,
3, ,243, ,
1, ,242, ,
1, ,242, ,
1, ,242, ,
1, ,242, ,
0, ,243, ,
3, ,243, ,
1, ,243, ,
1, ,243, ,
1, ,243, ,
3, ,243, ,
0, ,242, ,
3, ,243, ,
1, ,243, ,
1, ,242, ,
1, ,242, ,
3, ,243, ,
0, ,242, ,
3, ,243, ,
1, ,243, ,
1, ,243, ,
3, ,243, ,
3, ,243, ,
0, ,243, ,
3, ,244, ,
1, ,243, ,
1, ,242, ,
1, ,242, ,
1, ,242, ,
0, ,242, ,
3, ,242, ,
1, ,243, ,
1, ,243, ,
1, ,243, ,
1, ,243, ,
0, ,243, ,
3, ,243, ,
1, ,243, ,
1, ,243, ,
3, ,243, ,
1, ,242, ,
0, ,243, ,
3, ,243, ,
1, ,243, ,
1, ,243, ,
1, ,243, ,
1, ,243, ,
0, ,243, ,
3, ,243, ,
1, ,242, ,
1, ,243, ,
1, ,242, ,
1, ,243, ,
0, ,242, ,
3, ,242, ,
1, ,242, ,
1, ,243, ,
1, ,243, ,
1, ,243, ,
0, ,242, ,
3, ,243, ,
1, ,243, ,
1, ,242, ,
1, ,243, ,
3, ,243, ,
0, ,243, ,
3, ,243, ,
1, ,243, ,
1, ,243, ,
1, ,242, ,
1, ,243, ,
0, ,242, ,
3, ,243, ,
1, ,242, ,
1, ,242, ,
1, ,243, ,
1, ,243, ,
0, ,243, ,
3, ,243, ,
1, ,243, ,
1, ,243, ,
1, ,243, ,
3, ,243, ,
0, ,242, ,
3, ,243, ,
1, ,243, ,
1, ,242, ,
3, ,243, ,
3, ,243, ,
0, ,243, ,
3, ,242, ,
1, ,243, ,
1, ,243, ,
1, ,243, ,
1, ,243, ,
0, ,243, ,
3, ,243, ,
1, ,243, ,
1, ,242, ,
1, ,242, ,
1, ,243, ,
0, ,243, ,
3, ,242, ,
1, ,243, ,
1, ,243, ,
1, ,243, ,
3, ,242, ,
0, ,243, ,
3, ,243, ,
1, ,242, ,
1, ,242, ,
3, ,243, ,
1, ,243, ,
0, ,243, ,
3, ,243, ,
1, ,243, ,
1, ,243, ,
1, ,242, ,
1, ,243, ,
0, ,243, ,
1, ,243, ,
0, ,243, ,
1, ,242, ,
1, ,242, ,
3, ,243, ,
0, ,243, ,
1, ,243, ,
1, ,242, ,
1, ,243, ,
1, ,241, ,
3, ,243, ,
0, ,243, ,
3, ,243, ,
1, ,243, ,
1, ,242, ,
1, ,242, ,
3, ,243, ,
0, ,243, ,
3, ,243, ,
1, ,242, ,
1, ,243, ,
3, ,242, ,
1, ,242, ,
0, ,243, ,
3, ,243, ,
0, ,243, ,
1, ,243, ,
1, ,243, ,
1, ,244, ,
0, ,243, ,
3, ,242, ,
1, ,243, ,
1, ,242, ,
1, ,242, ,
1, ,243, ,
0, ,242, ,
3, ,243, ,
1, ,242, ,
1, ,242, ,
1, ,242, ,
3, ,243, ,
0, ,242, ,
3, ,243, ,
1, ,242, ,
1, ,243, ,
3, ,242, ,
1, ,242, ,
0, ,243, ,
3, ,243, ,
1, ,243, ,
1, ,242, ,
1, ,243, ,
1, ,243, ,
0, ,242, ,
3, ,243, ,
1, ,243, ,
1, ,243, ,
1, ,241, ,
3, ,242, ,
0, ,243, ,
3, ,243, ,
0, ,243, ,
1, ,242, ,
1, ,243, ,
3, ,243, ,
0, ,241, ,
3, ,242, ,
1, ,243, ,
1, ,243, ,
3, ,243, ,
1, ,243, ,
0, ,243, ,
3, ,243, ,
1, ,242, ,
1, ,243, ,
1, ,242, ,
1, ,243, ,
0, ,243, ,
3, ,243, ,
1, ,243, ,
1, ,243, ,
1, ,243, ,
3, ,243, ,
0, ,243, ,
3, ,243, ,
1, ,243, ,
1, ,242, ,
3, ,243, ,
1, ,244, ,
0, ,242, ,
3, ,242, ,
1, ,242, ,
1, ,243, ,
1, ,243, ,
1, ,242, ,
0, ,242, ,
3, ,243, ,
1, ,243, ,
1, ,243, ,
1, ,243, ,
1, ,243, ,
0, ,241, ,
3, ,243, ,
1, ,242, ,
1, ,242, ,
1, ,243, ,
3, ,243, ,
0, ,242, ,
3, ,242, ,
1, ,242, ,
1, ,243, ,
1, ,242, ,
3, ,243, ,
0, ,243, ,
3, ,242, ,
0, ,243, ,
1, ,242, ,
1, ,243, ,
1, ,242, ,
0, ,243, ,
3, ,243, ,
1, ,243, ,
1, ,243, ,
1, ,243, ,
1, ,236, ,
0, ,242, ,
3, ,248, ,
1, ,247, ,
1, ,242, ,
1, ,241, ,
1, ,243, ,
0, ,243, ,
3, ,242, ,
0, ,242, ,
1, ,243, ,
1, ,244, ,
1, ,243, ,
0, ,242, ,
3, ,243, ,
0, ,243, ,
1, ,243, ,
1, ,243, ,
1, ,243, ,
0, ,243, ,
3, ,243, ,
0, ,243, ,
1, ,243, ,
1, ,243, ,
1, ,243, ,
0, ,242, ,
3, ,243, ,
1, ,243, ,
1, ,243, ,
1, ,243, ,
1, ,242, ,
0, ,242, ,
1, ,243, ,
0, ,243, ,
1, ,243, ,
1, ,243, ,
1, ,243, ,
0, ,243, ,
3, ,242, ,
1, ,243, ,
1, ,243, ,
1, ,243, ,
1, ,243, ,
0, ,242, ,
1, ,243, ,
1, ,243, ,
1, ,243, ,
1, ,243, ,
1, ,243, ,
0, ,242, ,
3, ,243, ,
0, ,243, ,
1, ,243, ,
1, ,242, ,
1, ,243, ,
0, ,243, ,
3, ,243, ,
0, ,243, ,
1, ,242, ,
1, ,243, ,
1, ,243, ,
0, ,241, ,
3, ,242, ,
1, ,243, ,
1, ,243, ,
3, ,241, ,
1, ,243, ,
0, ,243, ,
3, ,243, ,
0, ,242, ,
1, ,242, ,
1, ,242, ,
1, ,243, ,
0, ,241, ,
3, ,243, ,
1, ,243, ,
0, ,243, ,
1, ,242, ,
3, ,242, ,
0, ,243, ,
3, ,243, ,
1, ,243, ,
1, ,242, ,
1, ,242, ,
1, ,243, ,
0, ,243, ,
3, ,242, ,
0, ,242, ,
1, ,243, ,
1, ,243, ,
1, ,243, ,
0, ,243, ,
1, ,244, ,
0, ,242, ,
0, ,243, ,
1, ,242, ,
1, ,243, ,
0, ,242, ,
1, ,242, ,
0, ,243, ,
1, ,244, ,
1, ,242, ,
1, ,242, ,
0, ,243, ,
3, ,243, ,
0, ,242, ,
1, ,243, ,
1, ,243, ,
1, ,243, ,
0, ,242, ,
3, ,243, ,
1, ,243, ,
1, ,243, ,
1, ,241, ,
1, ,242, ,
0, ,242, ,
3, ,243, ,
1, ,243, ,
1, ,243, ,
1, ,242, ,
1, ,243, ,
0, ,242, ,
3, ,242, ,
1, ,242, ,
1, ,243, ,
1, ,242, ,
1, ,242, ,
0, ,242, ,
3, ,244, ,
0, ,243, ,
1, ,242, ,
1, ,243, ,
1, ,243, ,
0, ,243, ,
1, ,242, ,
0, ,243, ,
1, ,243, ,
1, ,242, ,
1, ,243, ,
0, ,242, ,
3, ,243, ,
1, ,243, ,
1, ,243, ,
1, ,243, ,
1, ,243, ,
0, ,243, ,
3, ,242, ,
0, ,243, ,
1, ,243, ,
1, ,243, ,
1, ,242, ,
0, ,242, ,
1, ,243, ,
0, ,243, ,
1, ,242, ,
1, ,243, ,
1, ,243, ,
0, ,241, ,
3, ,242, ,
1, ,243, ,
1, ,243, ,
1, ,242, ,
1, ,242, ,
0, ,243, ,
3, ,243, ,
1, ,243, ,
1, ,243, ,
1, ,243, ,
1, ,243, ,
0, ,243, ,
3, ,243, ,
0, ,243, ,
1, ,243, ,
1, ,242, ,
1, ,243, ,
0, ,243, ,
3, ,243, ,
1, ,242, ,
1, ,242, ,
1, ,243, ,
1, ,243, ,
0, ,243, ,
1, ,243, ,
0, ,243, ,
1, ,243, ,
1, ,241, ,
1, ,242, ,
0, ,243, ,
3, ,243, ,
0, ,241, ,
0, ,241, ,
1, ,243, ,
1, ,244, ,
0, ,243, ,
3, ,243, ,
1, ,243, ,
1, ,243, ,
1, ,241, ,
1, ,242, ,
0, ,242, ,
3, ,242, ,
0, ,243, ,
1, ,242, ,
1, ,243, ,
1, ,243, ,
0, ,243, ,
1, ,243, ,
0, ,243, ,
1, ,242, ,
1, ,242, ,
1, ,243, ,
0, ,243, ,
3, ,243, ,
0, ,243, ,
0, ,243, ,
1, ,242, ,
1, ,243, ,
0, ,241, ,
3, ,242, ,
0, ,243, ,
1, ,243, ,
1, ,242, ,
1, ,242, ,
0, ,243, ,
3, ,243, ,
1, ,242, ,
1, ,242, ,
1, ,242, ,
1, ,243, ,
0, ,241, ,
3, ,242, ,
1, ,243, ,
1, ,242, ,
1, ,242, ,
1, ,242, ,
0, ,243, ,
3, ,243, ,
0, ,243, ,
1, ,243, ,
1, ,243, ,
1, ,243, ,
0, ,241, ,
1, ,241, ,
0, ,242, ,
1, ,241, ,
1, ,241, ,
1, ,242, ,
0, ,242, ,
1, ,243, ,
0, ,243, ,
1, ,243, ,
1, ,243, ,
1, ,243, ,
0, ,242, ,
3, ,243, ,
0, ,244, ,
1, ,243, ,
1, ,243, ,
1, ,242, ,
0, ,242, ,
1, ,243, ,
0, ,243, ,
0, ,242, ,
1, ,242, ,
1, ,242, ,
0, ,241, ,
1, ,242, ,
0, ,242, ,
1, ,242, ,
1, ,242, ,
1, ,242, ,
0, ,242, ,
3, ,243, ,
0, ,242, ,
0, ,242, ,
1, ,242, ,
1, ,243, ,
0, ,243, ,
3, ,242, ,
0, ,243, ,
0, ,243, ,
1, ,242, ,
1, ,243, ,
0, ,242, ,
108, ,243, ,
66, ,242, ,
37, ,243, ,
23, ,242, ,
18, ,243, ,
13, ,242, ,
8, ,243, ,
4, ,244, ,
5, ,243, ,
5, ,242, ,
4, ,242, ,
3, ,242, ,
5, ,243, ,
3, ,242, ,
3, ,241, ,
4, ,242, ,
4, ,242, ,
1, ,242, ,
5, ,242, ,
3, ,242, ,
3, ,243, ,
4, ,242, ,
4, ,242, ,
3, ,243, ,
5, ,243, ,
1, ,244, ,
3, ,243, ,
4, ,244, ,
4, ,243, ,
1, ,243, ,
4, ,243, ,
3, ,243, ,
4, ,243, ,
4, ,242, ,
4, ,243, ,
1, ,243, ,
4, ,242, ,
1, ,242, ,
3, ,242, ,
4, ,242, ,
4, ,243, ,
1, ,242, ,
4, ,243, ,
3, ,242, ,
4, ,243, ,
4, ,242, ,
4, ,242, ,
1, ,242, ,
4, ,243, ,
1, ,242, ,
3, ,242, ,
3, ,242, ,
4, ,242, ,
1, ,242, ,
4, ,242, ,
1, ,242, ,
3, ,243, ,
3, ,243, ,
4, ,243, ,
1, ,244, ,
4, ,243, ,
3, ,243, ,
3, ,243, ,
4, ,243, ,
3, ,243, ,
1, ,243, ,
4, ,243, ,
3, ,243, ,
3, ,243, ,
3, ,242, ,
4, ,242, ,
3, ,241, ,
4, ,242, ,
3, ,242, ,
3, ,242, ,
3, ,242, ,
4, ,242, ,
1, ,242, ,
4, ,242, ,
1, ,243, ,
3, ,243, ,
3, ,243, ,
3, ,243, ,
1, ,243, ,
4, ,243, ,
3, ,244, ,
3, ,242, ,
3, ,243, ,
3, ,243, ,
1, ,242, ,
4, ,243, ,
3, ,242, ,
3, ,243, ,
3, ,241, ,
3, ,243, ,
3, ,242, ,
4, ,243, ,
1, ,243, ,
3, ,242, ,
3, ,243, ,
3, ,243, ,
1, ,243, ,
4, ,242, ,
1, ,243, ,
3, ,242, ,
3, ,243, ,
3, ,242, ,
1, ,242, ,
4, ,243, ,
3, ,242, ,
3, ,242, ,
3, ,243, ,
3, ,243, ,
1, ,242, ,
4, ,243, ,
3, ,243, ,
3, ,243, ,
3, ,243, ,
3, ,243, ,
1, ,243, ,
4, ,243, ,
1, ,242, ,
3, ,242, ,
3, ,242, ,
3, ,242, ,
1, ,241, ,
4, ,243, ,
1, ,243, ,
3, ,243, ,
3, ,241, ,
3, ,242, ,
1, ,243, ,
4, ,243, ,
3, ,243, ,
3, ,243, ,
3, ,243, ,
3, ,243, ,
1, ,243, ,
4, ,243, ,
3, ,243, ,
3, ,243, ,
3, ,242, ,
3, ,243, ,
1, ,243, ,
4, ,243, ,
3, ,242, ,
3, ,242, ,
3, ,242, ,
3, ,242, ,
1, ,241, ,
4, ,243, ,
3, ,242, ,
3, ,243, ,
3, ,241, ,
3, ,242, ,
1, ,242, ,
4, ,243, ,
3, ,242, ,
1, ,242, ,
3, ,242, ,
3, ,242, ,
1, ,241, ,
4, ,241, ,
3, ,243, ,
3, ,243, ,
3, ,241, ,
3, ,243, ,
1, ,243, ,
4, ,243, ,
1, ,243, ,
3, ,243, ,
3, ,242, ,
3, ,243, ,
1, ,243, ,
4, ,243, ,
1, ,243, ,
3, ,243, ,
3, ,242, ,
3, ,243, ,
1, ,242, ,
3, ,243, ,
1, ,242, ,
3, ,242, ,
3, ,242, ,
3, ,242, ,
1, ,242, ,
4, ,242, ,
3, ,243, ,
3, ,243, ,
3, ,243, ,
3, ,242, ,
1, ,243, ,
3, ,243, ,
1, ,243, ,
3, ,242, ,
3, ,242, ,
3, ,242, ,
1, ,242, ,
3, ,242, ,
1, ,242, ,
3, ,243, ,
3, ,243, ,
3, ,243, ,
1, ,243, ,
3, ,243, ,
1, ,243, ,
3, ,243, ,
3, ,243, ,
3, ,242, ,
1, ,241, ,
4, ,242, ,
1, ,243, ,
3, ,243, ,
3, ,242, ,
3, ,241, ,
1, ,242, ,
4, ,243, ,
1, ,242, ,
1, ,242, ,
3, ,242, ,
3, ,243, ,
1, ,243, ,
4, ,243, ,
1, ,243, ,
3, ,243, ,
3, ,242, ,
3, ,243, ,
1, ,243, ,
3, ,244, ,
1, ,243, ,
3, ,243, ,
3, ,243, ,
3, ,243, ,
1, ,243, ,
3, ,243, ,
1, ,243, ,
3, ,243, ,
3, ,243, ,
3, ,243, ,
1, ,243, ,
4, ,242, ,
1, ,242, ,
3, ,242, ,
3, ,243, ,
3, ,243, ,
1, ,242, ,
3, ,242, ,
1, ,242, ,
1, ,243, ,
3, ,243, ,
3, ,243, ,
1, ,243, ,
3, ,243, ,
1, ,243, ,
3, ,242, ,
3, ,242, ,
3, ,243, ,
1, ,242, ,
3, ,243, ,
1, ,243, ,
3, ,243, ,
3, ,242, ,
3, ,243, ,
1, ,243, ,
3, ,244, ,
1, ,242, ,
3, ,242, ,
3, ,243, ,
3, ,243, ,
1, ,242, ,
3, ,243, ,
1, ,243, ,
3, ,243, ,
3, ,243, ,
3, ,242, ,
1, ,242, ,
3, ,243, ,
1, ,243, ,
3, ,242, ,
3, ,243, ,
3, ,244, ,
1, ,242, ,
3, ,243, ,
1, ,243, ,
3, ,243, ,
1, ,241, ,
3, ,243, ,
1, ,241, ,
4, ,239, ,
1, ,237, ,
3, ,240, ,
3, ,245, ,
3, ,250, ,
1, ,248, ,
3, ,242, ,
1, ,236, ,
1, ,239, ,
3, ,243, ,
3, ,244, ,
1, ,242, ,
3, ,242, ,
1, ,242, ,
3, ,242, ,
3, ,242, ,
1, ,243, ,
1, ,243, ,
3, ,243, ,
1, ,242, ,
1, ,242, ,
1, ,241, ,
3, ,243, ,
1, ,243, ,
3, ,243, ,
1, ,242, ,
1, ,242, ,
3, ,243, ,
3, ,243, ,
1, ,242, ,
3, ,243, ,
1, ,243, ,
1, ,242, ,
3, ,241, ,
3, ,242, ,
1, ,243, ,
3, ,243, ,
1, ,242, ,
1, ,242, ,
3, ,242, ,
1, ,243, ,
1, ,243, ,
3, ,242, ,
1, ,243, ,
1, ,243, ,
3, ,242, ,
3, ,242, ,
1, ,242, ,
3, ,243, ,
1, ,242, ,
1, ,243, ,
3, ,242, ,
3, ,243, ,
0, ,242, ,
3, ,242, ,
1, ,242, ,
3, ,242, ,
3, ,242, ,
1, ,243, ,
0, ,242, ,
3, ,243, ,
1, ,242, ,
1, ,242, ,
3, ,242, ,
3, ,242, ,
0, ,240, ,
3, ,242, ,
1, ,243, ,
1, ,244, ,
3, ,243, ,
3, ,244, ,
0, ,243, ,
3, ,243, ,
1, ,242, ,
1, ,241, ,
3, ,242, ,
3, ,243, ,
0, ,242, ,
3, ,243, ,
1, ,242, ,
1, ,243, ,
3, ,241, ,
3, ,242, ,
1, ,243, ,
3, ,242, ,
1, ,242, ,
3, ,242, ,
3, ,243, ,
1, ,243, ,
0, ,242, ,
3, ,242, ,
1, ,242, ,
1, ,243, ,
3, ,242, ,
3, ,242, ,
1, ,243, ,
3, ,243, ,
1, ,242, ,
3, ,242, ,
3, ,243, ,
3, ,243, ,
0, ,241, ,
3, ,242, ,
1, ,243, ,
1, ,243, ,
1, ,241, ,
1, ,243, ,
0, ,243, ,
3, ,243, ,
1, ,244, ,
1, ,243, ,
3, ,243, ,
3, ,242, ,
0, ,242, ,
3, ,243, ,
1, ,244, ,
1, ,243, ,
1, ,243, ,
3, ,245, ,
1, ,243, ,
3, ,243, ,
1, ,242, ,
1, ,243, ,
3, ,243, ,
83, ,243, ,
62, ,243, ,
43, ,243, ,
27, ,242, ,
16, ,243, ,
11, ,243, ,
8, ,243, ,
5, ,243, ,
6, ,244, ,
4, ,243, ,
3, ,242, ,
4, ,243, ,
4, ,243, ,
3, ,242, ,
4, ,242, ,
3, ,243, ,
4, ,243, ,
4, ,242, ,
4, ,243, ,
3, ,243, ,
5, ,243, ,
3, ,243, ,
3, ,243, ,
4, ,243, ,
4, ,244, ,
3, ,243, ,
4, ,243, ,
3, ,243, ,
3, ,243, ,
3, ,243, ,
4, ,243, ,
1, ,243, ,
4, ,243, ,
3, ,243, ,
3, ,243, ,
4, ,243, ,
4, ,243, ,
1, ,242, ,
4, ,243, ,
3, ,243, ,
3, ,243, ,
3, ,243, ,
4, ,243, ,
3, ,243, ,
4, ,243, ,
3, ,242, ,
3, ,243, ,
4, ,243, ,
4, ,243, ,
1, ,243, ,
4, ,242, ,
1, ,243, ,
3, ,243, ,
3, ,243, ,
4, ,242, ,
1, ,243, ,
4, ,243, ,
1, ,243, ,
3, ,243, ,
3, ,243, ,
3, ,243, ,
1, ,243, ,
4, ,243, ,
1, ,243, ,
3, ,243, ,
3, ,243, ,
3, ,242, ,
1, ,243, ,
4, ,243, ,
1, ,243, ,
3, ,242, ,
3, ,243, ,
3, ,243, ,
1, ,242, ,
4, ,243, ,
1, ,243, ,
3, ,243, ,
3, ,243, ,
3, ,242, ,
1, ,242, ,
4, ,243, ,
3, ,243, ,
3, ,242, ,
3, ,242, ,
3, ,242, ,
1, ,243, ,
4, ,243, ,
3, ,242, ,
3, ,243, ,
3, ,242, ,
3, ,243, ,
1, ,243, ,
4, ,243, ,
3, ,242, ,
3, ,242, ,
3, ,242, ,
3, ,243, ,
1, ,243, ,
4, ,243, ,
1, ,243, ,
1, ,243, ,
3, ,242, ,
3, ,242, ,
1, ,243, ,
4, ,243, ,
3, ,243, ,
3, ,242, ,
3, ,242, ,
3, ,243, ,
1, ,243, ,
4, ,243, ,
3, ,242, ,
3, ,243, ,
3, ,241, ,
3, ,243, ,
1, ,243, ,
4, ,243, ,
1, ,242, ,
3, ,242, ,
3, ,243, ,
3, ,243, ,
1, ,243, ,
4, ,243, ,
3, ,243, ,
3, ,243, ,
3, ,243, ,
3, ,243, ,
1, ,243, ,
4, ,243, ,
3, ,243, ,
3, ,243, ,
3, ,242, ,
3, ,243, ,
1, ,242, ,
4, ,243, ,
3, ,243, ,
3, ,243, ,
3, ,243, ,
3, ,243, ,
1, ,243, ,
4, ,243, ,
1, ,243, ,
3, ,243, ,
3, ,243, ,
3, ,243, ,
1, ,242, ,
4, ,242, ,
1, ,243, ,
3, ,243, ,
3, ,242, ,
3, ,243, ,
1, ,243, ,
4, ,243, ,
1, ,243, ,
3, ,243, ,
3, ,243, ,
3, ,243, ,
1, ,243, ,
4, ,242, ,
1, ,243, ,
3, ,243, ,
3, ,242, ,
3, ,243, ,
1, ,242, ,
4, ,242, ,
1, ,242, ,
3, ,243, ,
3, ,243, ,
3, ,243, ,
1, ,242, ,
4, ,243, ,
3, ,243, ,
3, ,244, ,
3, ,243, ,
3, ,243, ,
1, ,242, ,
4, ,243, ,
1, ,242, ,
1, ,243, ,
3, ,243, ,
3, ,243, ,
1, ,242, ,
4, ,243, ,
1, ,242, ,
3, ,242, ,
3, ,242, ,
3, ,243, ,
1, ,243, ,
4, ,243, ,
1, ,243, ,
3, ,243, ,
3, ,243, ,
3, ,243, ,
1, ,243, ,
4, ,243, ,
1, ,243, ,
3, ,242, ,
3, ,243, ,
3, ,243, ,
1, ,243, ,
4, ,243, ,
1, ,243, ,
3, ,243, ,
3, ,242, ,
3, ,243, ,
1, ,243, ,
3, ,242, ,
3, ,243, ,
3, ,243, ,
3, ,242, ,
3, ,243, ,
1, ,243, ,
4, ,243, ,
1, ,243, ,
1, ,242, ,
3, ,242, ,
3, ,243, ,
1, ,242, ,
3, ,242, ,
1, ,243, ,
3, ,243, ,
3, ,242, ,
3, ,243, ,
1, ,243, ,
4, ,243, ,
1, ,242, ,
3, ,243, ,
3, ,243, ,
3, ,243, ,
1, ,242, ,
3, ,242, ,
1, ,243, ,
3, ,242, ,
3, ,243, ,
3, ,243, ,
1, ,243, ,
3, ,243, ,
1, ,242, ,
3, ,243, ,
1, ,243, ,
3, ,243, ,
1, ,242, ,
4, ,243, ,
1, ,243, ,
3, ,243, ,
3, ,243, ,
3, ,242, ,
1, ,243, ,
3, ,243, ,
1, ,243, ,
3, ,243, ,
3, ,242, ,
3, ,243, ,
1, ,243, ,
3, ,243, ,
1, ,243, ,
3, ,243, ,
3, ,241, ,
3, ,242, ,
1, ,243, ,
3, ,242, ,
1, ,243, ,
3, ,242, ,
3, ,243, ,
3, ,243, ,
0, ,243, ,
3, ,242, ,
1, ,243, ,
3, ,243, ,
3, ,242, ,
3, ,243, ,
1, ,242, ,
3, ,243, ,
1, ,243, ,
3, ,243, ,
3, ,242, ,
3, ,243, ,
0, ,243, ,
3, ,243, ,
1, ,244, ,
3, ,243, ,
3, ,243, ,
3, ,243, ,
1, ,243, ,
3, ,243, ,
1, ,243, ,
3, ,243, ,
3, ,243, ,
1, ,243, ,
1, ,242, ,
3, ,243, ,
1, ,243, ,
3, ,243, ,
3, ,243, ,
3, ,243, ,
1, ,243, ,
3, ,243, ,
1, ,243, ,
3, ,243, ,
3, ,243, ,
1, ,243, ,
0, ,243, ,
3, ,243, ,
1, ,243, ,
3, ,243, ,
3, ,243, ,
3, ,243, ,
1, ,243, ,
3, ,243, ,
1, ,242, ,
1, ,243, ,
3, ,243, ,
1, ,243, ,
1, ,242, ,
3, ,242, ,
1, ,243, ,
1, ,243, ,
3, ,243, ,
3, ,242, ,
0, ,242, ,
3, ,242, ,
1, ,243, ,
3, ,243, ,
3, ,243, ,
3, ,243, ,
0, ,243, ,
4, ,243, ,
1, ,243, ,
3, ,243, ,
3, ,243, ,
3, ,243, ,
1, ,243, ,
3, ,243, ,
1, ,243, ,
1, ,242, ,
3, ,243, ,
3, ,244, ,
0, ,242, ,
3, ,242, ,
1, ,243, ,
1, ,243, ,
1, ,243, ,
3, ,243, ,
0, ,242, ,
3, ,243, ,
1, ,242, ,
3, ,242, ,
3, ,242, ,
3, ,243, ,
0, ,243, ,
3, ,242, ,
1, ,243, ,
1, ,243, ,
1, ,243, ,
3, ,243, ,
0, ,242, ,
3, ,243, ,
1, ,243, ,
3, ,243, ,
3, ,242, ,
3, ,243, ,
0, ,243, ,
3, ,243, ,
1, ,243, ,
1, ,243, ,
3, ,243, ,
1, ,243, ,
0, ,243, ,
3, ,243, ,
1, ,242, ,
1, ,242, ,
3, ,242, ,
1, ,245, ,
0, ,243, ,
3, ,243, ,
1, ,243, ,
1, ,243, ,
3, ,242, ,
1, ,243, ,
0, ,243, ,
3, ,243, ,
1, ,243, ,
1, ,243, ,
3, ,243, ,
1, ,244, ,
0, ,243, ,
3, ,242, ,
1, ,241, ,
1, ,241, ,
3, ,242, ,
1, ,245, ,
0, ,244, ,
3, ,244, ,
1, ,243, ,
1, ,242, ,
3, ,243, ,
1, ,242, ,
0, ,242, ,
3, ,242, ,
1, ,243, ,
1, ,243, ,
1, ,243, ,
1, ,243, ,
0, ,243, ,
3, ,243, ,
1, ,243, ,
1, ,242, ,
3, ,243, ,
3, ,243, ,
0, ,243, ,
3, ,243, ,
1, ,244, ,
1, ,243, ,
3, ,242, ,
3, ,242, ,
0, ,243, ,
3, ,243, ,
1, ,243, ,
1, ,243, ,
3, ,243, ,
1, ,243, ,
0, ,243, ,
3, ,243, ,
1, ,243, ,
1, ,243, ,
1, ,243, ,
1, ,242, ,
0, ,243, ,
3, ,243, ,
1, ,243, ,
1, ,243, ,
3, ,242, ,
3, ,242, ,
0, ,242, ,
3, ,243, ,
1, ,243, ,
1, ,243, ,
3, ,241, ,
3, ,243, ,
0, ,243, ,
3, ,243, ,
1, ,243, ,
1, ,243, ,
3, ,243, ,
3, ,243, ,
0, ,243, ,
3, ,243, ,
1, ,242, ,
1, ,243, ,
3, ,243, ,
3, ,243, ,
0, ,243, ,
3, ,243, ,
1, ,242, ,
1, ,243, ,
3, ,243, ,
1, ,243, ,
0, ,243, ,
3, ,242, ,
1, ,243, ,
1, ,243, ,
1, ,242, ,
1, ,243, ,
0, ,243, ,
3, ,243, ,
1, ,242, ,
1, ,243, ,
3, ,244, ,
3, ,243, ,
0, ,243, ,
3, ,243, ,
1, ,243, ,
1, ,243, ,
3, ,243, ,
3, ,243, ,
0, ,242, ,
3, ,242, ,
1, ,242, ,
1, ,242, ,
1, ,241, ,
1, ,242, ,
0, ,242, ,
3, ,242, ,
1, ,243, ,
1, ,243, ,
3, ,243, ,
1, ,244, ,
0, ,244, ,
3, ,243, ,
1, ,244, ,
3, ,243, ,
3, ,243, ,
1, ,242, ,
0, ,241, ,
3, ,242, ,
1, ,243, ,
1, ,242, ,
3, ,243, ,
1, ,243, ,
0, ,243, ,
3, ,243, ,
0, ,243, ,
1, ,242, ,
1, ,243, ,
3, ,243, ,
0, ,242, ,
3, ,243, ,
1, ,242, ,
1, ,243, ,
1, ,241, ,
3, ,242, ,
0, ,242, ,
3, ,242, ,
1, ,242, ,
1, ,242, ,
1, ,243, ,
3, ,243, ,
0, ,241, ,
3, ,243, ,
1, ,243, ,
1, ,243, ,
1, ,244, ,
3, ,243, ,
0, ,243, ,
3, ,243, ,
1, ,243, ,
1, ,243, ,
1, ,244, ,
3, ,243, ,
0, ,242, ,
3, ,242, ,
1, ,243, ,
1, ,242, ,
1, ,241, ,
1, ,242, ,
0, ,241, ,
3, ,242, ,
1, ,242, ,
1, ,243, ,
3, ,243, ,
3, ,242, ,
0, ,242, ,
3, ,242, ,
1, ,243, ,
1, ,243, ,
3, ,243, ,
1, ,243, ,
0, ,243, ,
3, ,243, ,
1, ,243, ,
1, ,243, ,
1, ,243, ,
1, ,243, ,
0, ,242, ,
3, ,242, ,
1, ,244, ,
1, ,243, ,
3, ,243, ,
3, ,243, ,
0, ,243, ,
3, ,244, ,
1, ,242, ,
1, ,243, ,
1, ,242, ,
1, ,244, ,
0, ,243, ,
3, ,242, ,
1, ,242, ,
1, ,242, ,
3, ,241, ,
3, ,242, ,
0, ,242, ,
3, ,242, ,
1, ,243, ,
1, ,243, ,
1, ,243, ,
1, ,244, ,
0, ,243, ,
3, ,243, ,
1, ,244, ,
1, ,243, ,
1, ,243, ,
1, ,243, ,
0, ,243, ,
3, ,243, ,
1, ,243, ,
1, ,243, ,
3, ,242, ,
3, ,242, ,
0, ,242, ,
3, ,242, ,
1, ,243, ,
1, ,243, ,
3, ,241, ,
1, ,243, ,
0, ,243, ,
3, ,243, ,
1, ,243, ,
1, ,242, ,
1, ,243, ,
1, ,243, ,
0, ,243, ,
3, ,243, ,
1, ,243, ,
1, ,242, ,
1, ,242, ,
1, ,243, ,
0, ,243, ,
3, ,243, ,
1, ,243, ,
1, ,242, ,
1, ,241, ,
1, ,242, ,
0, ,242, ,
3, ,243, ,
1, ,243, ,
1, ,243, ,
3, ,243, ,
3, ,242, ,
0, ,243, ,
3, ,243, ,
1, ,243, ,
1, ,242, ,
1, ,242, ,
1, ,242, ,
0, ,242, ,
3, ,243, ,
1, ,242, ,
1, ,243, ,
1, ,243, ,
1, ,243, ,
0, ,243, ,
3, ,244, ,
1, ,243, ,
1, ,243, ,
1, ,243, ,
1, ,243, ,
0, ,242, ,
3, ,243, ,
1, ,243, ,
1, ,243, ,
1, ,241, ,
3, ,242, ,
0, ,242, ,
3, ,242, ,
1, ,242, ,
1, ,243, ,
3, ,243, ,
1, ,243, ,
0, ,243, ,
3, ,242, ,
1, ,242, ,
1, ,243, ,
1, ,243, ,
1, ,243, ,
0, ,243, ,
3, ,243, ,
1, ,243, ,
1, ,243, ,
1, ,242, ,
1, ,243, ,
0, ,242, ,
3, ,243, ,
1, ,243, ,
1, ,243, ,
3, ,242, ,
1, ,243, ,
0, ,243, ,
3, ,243, ,
1, ,243, ,
1, ,243, ,
1, ,243, ,
1, ,243, ,
0, ,242, ,
3, ,242, ,
1, ,243, ,
1, ,242, ,
1, ,241, ,
1, ,244, ,
0, ,243, ,
3, ,242, ,
0, ,243, ,
1, ,243, ,
3, ,243, ,
3, ,243, ,
0, ,241, ,
3, ,243, ,
1, ,243, ,
1, ,243, ,
1, ,243, ,
1, ,243, ,
0, ,243, ,
3, ,243, ,
0, ,243, ,
1, ,243, ,
1, ,243, ,
3, ,243, ,
0, ,243, ,
3, ,242, ,
1, ,243, ,
0, ,243, ,
1, ,242, ,
1, ,243, ,
0, ,242, ,
3, ,243, ,
1, ,243, ,
1, ,243, ,
1, ,243, ,
1, ,243, ,
0, ,242, ,
3, ,243, ,
0, ,242, ,
1, ,243, ,
3, ,242, ,
1, ,242, ,
0, ,243, ,
3, ,242, ,
1, ,242, ,
1, ,242, ,
1, ,243, ,
1, ,243, ,
0, ,241, ,
3, ,243, ,
1, ,243, ,
1, ,243, ,
1, ,241, ,
3, ,243, ,
0, ,243, ,
3, ,243, ,
1, ,242, ,
1, ,242, ,
1, ,242, ,
1, ,242, ,
0, ,241, ,
3, ,242, ,
1, ,243, ,
1, ,243, ,
1, ,242, ,
1, ,242, ,
0, ,242, ,
3, ,243, ,
1, ,243, ,
1, ,243, ,
1, ,243, ,
1, ,242, ,
0, ,242, ,
3, ,243, ,
1, ,243, ,
1, ,243, ,
1, ,241, ,
1, ,242, ,
0, ,242, ,
3, ,243, ,
0, ,243, ,
1, ,242, ,
1, ,241, ,
1, ,243, ,
0, ,242, ,
3, ,242, ,
1, ,243, ,
1, ,242, ,
1, ,243, ,
1, ,243, ,
0, ,243, ,
3, ,243, ,
1, ,243, ,
1, ,242, ,
3, ,242, ,
104, ,243, ,
64, ,242, ,
37, ,243, ,
22, ,243, ,
19, ,243, ,
14, ,242, ,
8, ,243, ,
4, ,243, ,
8, ,243, ,
5, ,243, ,
4, ,243, ,
4, ,242, ,
4, ,243, ,
3, ,242, ,
5, ,242, ,
3, ,242, ,
4, ,242, ,
4, ,242, ,
4, ,243, ,
1, ,242, ,
4, ,243, ,
3, ,242, ,
3, ,243, ,
4, ,243, ,
4, ,243, ,
1, ,243, ,
4, ,243, ,
3, ,242, ,
3, ,243, ,
4, ,243, ,
4, ,242, ,
1, ,243, ,
4, ,243, ,
1, ,243, ,
3, ,243, ,
4, ,242, ,
4, ,243, ,
3, ,242, ,
4, ,242, ,
1, ,243, ,
4, ,243, ,
4, ,243, ,
4, ,242, ,
1, ,242, ,
4, ,243, ,
1, ,242, ,
4, ,243, ,
4, ,242, ,
4, ,243, ,
1, ,243, ,
4, ,242, ,
3, ,243, ,
4, ,243, ,
4, ,243, ,
4, ,243, ,
1, ,242, ,
4, ,242, ,
3, ,243, ,
3, ,243, ,
4, ,244, ,
4, ,243, ,
1, ,243, ,
4, ,243, ,
1, ,243, ,
3, ,243, ,
4, ,243, ,
4, ,242, ,
1, ,242, ,
4, ,242, ,
3, ,243, ,
3, ,243, ,
3, ,244, ,
4, ,244, ,
1, ,242, ,
4, ,242, ,
1, ,243, ,
3, ,242, ,
4, ,242, ,
3, ,243, ,
1, ,243, ,
4, ,243, ,
1, ,243, ,
3, ,243, ,
3, ,243, ,
4, ,242, ,
1, ,242, ,
4, ,242, ,
1, ,242, ,
3, ,243, ,
3, ,242, ,
3, ,243, ,
1, ,243, ,
4, ,243, ,
1, ,243, ,
3, ,242, ,
3, ,243, ,
3, ,243, ,
1, ,242, ,
4, ,242, ,
3, ,242, ,
3, ,243, ,
4, ,241, ,
3, ,243, ,
1, ,242, ,
4, ,243, ,
1, ,243, ,
3, ,243, ,
3, ,243, ,
3, ,244, ,
1, ,242, ,
4, ,243, ,
3, ,242, ,
3, ,243, ,
4, ,243, ,
3, ,242, ,
1, ,242, ,
4, ,243, ,
3, ,243, ,
3, ,242, ,
3, ,240, ,
4, ,239, ,
1, ,237, ,
4, ,243, ,
3, ,248, ,
3, ,249, ,
3, ,244, ,
3, ,237, ,
1, ,237, ,
4, ,243, ,
3, ,245, ,
3, ,242, ,
4, ,241, ,
3, ,242, ,
1, ,243, ,
4, ,242, ,
1, ,242, ,
3, ,243, ,
3, ,242, ,
4, ,242, ,
1, ,242, ,
4, ,242, ,
1, ,242, ,
3, ,242, ,
3, ,243, ,
3, ,243, ,
1, ,242, ,
4, ,242, ,
3, ,242, ,
3, ,243, ,
3, ,240, ,
3, ,243, ,
1, ,242, ,
4, ,243, ,
1, ,241, ,
3, ,242, ,
3, ,243, ,
3, ,243, ,
1, ,242, ,
4, ,242, ,
3, ,243, ,
3, ,243, ,
3, ,241, ,
3, ,242, ,
1, ,242, ,
4, ,243, ,
3, ,243, ,
1, ,242, ,
3, ,243, ,
3, ,243, ,
1, ,242, ,
4, ,242, ,
1, ,243, ,
3, ,243, ,
3, ,241, ,
3, ,242, ,
1, ,243, ,
4, ,243, ,
3, ,243, ,
3, ,242, ,
3, ,242, ,
3, ,243, ,
1, ,242, ,
4, ,242, ,
1, ,242, ,
1, ,243, ,
3, ,242, ,
3, ,242, ,
1, ,243, ,
4, ,243, ,
1, ,242, ,
3, ,242, ,
3, ,242, ,
3, ,243, ,
1, ,242, ,
4, ,242, ,
1, ,242, ,
3, ,243, ,
3, ,242, ,
3, ,243, ,
1, ,242, ,
3, ,243, ,
1, ,242, ,
3, ,242, ,
3, ,242, ,
3, ,243, ,
0, ,241, ,
4, ,242, ,
1, ,242, ,
3, ,243, ,
3, ,242, ,
3, ,243, ,
1, ,242, ,
3, ,242, ,
1, ,242, ,
3, ,243, ,
3, ,243, ,
3, ,243, ,
1, ,241, ,
3, ,242, ,
1, ,242, ,
3, ,243, ,
3, ,241, ,
3, ,243, ,
1, ,242, ,
3, ,243, ,
1, ,241, ,
3, ,242, ,
3, ,243, ,
3, ,245, ,
1, ,243, ,
4, ,243, ,
1, ,242, ,
3, ,242, ,
3, ,243, ,
3, ,243, ,
1, ,243, ,
4, ,243, ,
1, ,244, ,
3, ,243, ,
3, ,243, ,
3, ,243, ,
1, ,243, ,
4, ,243, ,
1, ,244, ,
3, ,243, ,
3, ,243, ,
3, ,242, ,
1, ,243, ,
3, ,243, ,
1, ,243, ,
3, ,243, ,
3, ,243, ,
1, ,243, ,
1, ,243, ,
4, ,243, ,
1, ,244, ,
3, ,243, ,
3, ,243, ,
3, ,243, ,
1, ,243, ,
3, ,243, ,
1, ,243, ,
3, ,243, ,
3, ,243, ,
1, ,243, ,
1, ,243, ,
3, ,243, ,
1, ,243, ,
3, ,243, ,
3, ,243, ,
3, ,243, ,
1, ,243, ,
3, ,243, ,
1, ,243, ,
3, ,242, ,
3, ,242, ,
3, ,242, ,
1, ,242, ,
3, ,243, ,
1, ,245, ,
1, ,243, ,
3, ,242, ,
3, ,243, ,
1, ,243, ,
4, ,244, ,
1, ,242, ,
1, ,243, ,
3, ,243, ,
3, ,244, ,
1, ,242, ,
3, ,242, ,
1, ,243, ,
3, ,243, ,
3, ,243, ,
3, ,243, ,
1, ,242, ,
3, ,243, ,
1, ,243, ,
1, ,243, ,
3, ,243, ,
3, ,245, ,
1, ,242, ,
3, ,242, ,
1, ,243, ,
3, ,244, ,
3, ,243, ,
3, ,243, ,
1, ,243, ,
3, ,242, ,
1, ,242, ,
1, ,243, ,
3, ,243, ,
3, ,243, ,
0, ,243, ,
3, ,242, ,
1, ,242, ,
3, ,243, ,
1, ,242, ,
1, ,243, ,
1, ,242, ,
3, ,243, ,
1, ,242, ,
1, ,242, ,
3, ,243, ,
3, ,243, ,
0, ,243, ,
3, ,243, ,
1, ,243, ,
3, ,242, ,
3, ,241, ,
3, ,242, ,
0, ,243, ,
3, ,243, ,
1, ,243, ,
1, ,243, ,
3, ,243, ,
3, ,243, ,
0, ,242, ,
3, ,243, ,
1, ,243, ,
3, ,243, ,
3, ,242, ,
3, ,243, ,
0, ,243, ,
3, ,243, ,
1, ,242, ,
3, ,243, ,
3, ,243, ,
3, ,243, ,
0, ,242, ,
3, ,243, ,
1, ,243, ,
1, ,243, ,
3, ,241, ,
1, ,243, ,
0, ,242, ,
3, ,243, ,
1, ,243, ,
1, ,243, ,
3, ,243, ,
3, ,243, ,
0, ,243, ,
3, ,243, ,
1, ,243, ,
1, ,243, ,
3, ,243, ,
3, ,243, ,
0, ,242, ,
3, ,243, ,
1, ,243, ,
1, ,243, ,
3, ,243, ,
1, ,244, ,
0, ,243, ,
3, ,243, ,
1, ,243, ,
1, ,243, ,
3, ,242, ,
1, ,243, ,
0, ,243, ,
3, ,243, ,
1, ,243, ,
1, ,242, ,
3, ,242, ,
3, ,244, ,
0, ,242, ,
3, ,242, ,
1, ,243, ,
1, ,243, ,
1, ,242, ,
1, ,243, ,
0, ,242, ,
3, ,243, ,
1, ,243, ,
1, ,243, ,
3, ,243, ,
3, ,243, ,
1, ,243, ,
3, ,243, ,
1, ,243, ,
1, ,243, ,
3, ,243, ,
3, ,243, ,
1, ,242, ,
3, ,243, ,
1, ,243, ,
1, ,243, ,
1, ,242, ,
3, ,243, ,
0, ,243, ,
3, ,242, ,
1, ,243, ,
1, ,243, ,
3, ,243, ,
3, ,242, ,
0, ,243, ,
3, ,243, ,
1, ,242, ,
1, ,242, ,
3, ,242, ,
1, ,243, ,
0, ,242, ,
3, ,242, ,
1, ,243, ,
1, ,242, ,
1, ,243, ,
3, ,242, ,
0, ,243, ,
3, ,243, ,
1, ,243, ,
1, ,243, ,
3, ,243, ,
1, ,243, ,
0, ,242, ,
3, ,243, ,
1, ,244, ,
1, ,243, ,
1, ,243, ,
1, ,243, ,
0, ,243, ,
3, ,243, ,
1, ,243, ,
1, ,243, ,
3, ,242, ,
3, ,243, ,
1, ,242, ,
3, ,243, ,
1, ,243, ,
1, ,243, ,
1, ,242, ,
1, ,242, ,
0, ,243, ,
3, ,243, ,
1, ,243, ,
1, ,242, ,
1, ,242, ,
3, ,243, ,
0, ,243, ,
3, ,243, ,
1, ,243, ,
1, ,243, ,
1, ,242, ,
3, ,242, ,
0, ,243, ,
3, ,243, ,
1, ,242, ,
1, ,242, ,
3, ,243, ,
3, ,243, ,
0, ,242, ,
3, ,243, ,
1, ,243, ,
1, ,243, ,
3, ,243, ,
1, ,243, ,
0, ,243, ,
3, ,243, ,
1, ,243, ,
1, ,243, ,
1, ,243, ,
1, ,243, ,
0, ,242, ,
3, ,242, ,
1, ,243, ,
1, ,243, ,
3, ,241, ,
3, ,242, ,
0, ,243, ,
3, ,243, ,
1, ,242, ,
1, ,243, ,
3, ,243, ,
1, ,243, ,
0, ,242, ,
3, ,243, ,
1, ,244, ,
1, ,243, ,
3, ,243, ,
1, ,243, ,
1, ,243, ,
92, ,244, ,
57, ,243, ,
32, ,242, ,
20, ,243, ,
18, ,243, ,
11, ,242, ,
8, ,243, ,
4, ,243, ,
5, ,243, ,
6, ,242, ,
4, ,243, ,
1, ,243, ,
5, ,243, ,
3, ,241, ,
4, ,242, ,
4, ,243, ,
4, ,243, ,
1, ,244, ,
4, ,243, ,
3, ,244, ,
4, ,243, ,
4, ,242, ,
4, ,243, ,
3, ,242, ,
4, ,242, ,
3, ,243, ,
4, ,244, ,
4, ,243, ,
4, ,243, ,
1, ,243, ,
4, ,243, ,
3, ,243, ,
3, ,243, ,
4, ,243, ,
4, ,243, ,
1, ,243, ,
4, ,243, ,
1, ,243, ,
3, ,243, ,
4, ,242, ,
4, ,243, ,
1, ,243, ,
4, ,243, ,
3, ,243, ,
4, ,243, ,
3, ,241, ,
4, ,243, ,
3, ,243, ,
4, ,243, ,
3, ,242, ,
3, ,242, ,
4, ,242, ,
3, ,243, ,
1, ,242, ,
4, ,243, ,
3, ,243, ,
3, ,243, ,
3, ,242, ,
4, ,243, ,
1, ,243, ,
4, ,243, ,
1, ,243, ,
3, ,243, ,
3, ,243, ,
3, ,243, ,
1, ,241, ,
4, ,242, ,
1, ,243, ,
3, ,243, ,
3, ,242, ,
3, ,243, ,
1, ,243, ,
4, ,243, ,
3, ,243, ,
3, ,242, ,
3, ,243, ,
3, ,243, ,
1, ,242, ,
4, ,242, ,
3, ,244, ,
3, ,243, ,
3, ,241, ,
3, ,243, ,
1, ,243, ,
4, ,242, ,
1, ,242, ,
3, ,243, ,
3, ,242, ,
3, ,243, ,
1, ,243, ,
4, ,243, ,
1, ,243, ,
3, ,243, ,
3, ,243, ,
4, ,242, ,
1, ,243, ,
4, ,243, ,
3, ,243, ,
3, ,243, ,
3, ,243, ,
3, ,244, ,
1, ,242, ,
4, ,243, ,
3, ,243, ,
3, ,243, ,
3, ,242, ,
3, ,243, ,
1, ,243, ,
4, ,243, ,
1, ,243, ,
3, ,242, ,
3, ,243, ,
3, ,242, ,
1, ,241, ,
4, ,242, ,
1, ,243, ,
3, ,243, ,
3, ,243, ,
3, ,243, ,
1, ,243, ,
4, ,243, ,
1, ,242, ,
3, ,243, ,
3, ,243, ,
3, ,243, ,
1, ,242, ,
4, ,243, ,
3, ,243, ,
3, ,243, ,
3, ,241, ,
3, ,243, ,
1, ,242, ,
4, ,243, ,
1, ,243, ,
3, ,243, ,
3, ,243, ,
3, ,243, ,
1, ,242, ,
4, ,243, ,
1, ,243, ,
3, ,243, ,
3, ,242, ,
3, ,242, ,
1, ,243, ,
4, ,243, ,
3, ,243, ,
3, ,242, ,
3, ,242, ,
3, ,242, ,
1, ,243, ,
4, ,243, ,
3, ,243, ,
1, ,243, ,
3, ,242, ,
3, ,243, ,
1, ,242, ,
4, ,243, ,
1, ,242, ,
3, ,243, ,
3, ,242, ,
3, ,243, ,
1, ,242, ,
3, ,243, ,
1, ,243, ,
3, ,243, ,
3, ,242, ,
3, ,242, ,
1, ,243, ,
4, ,243, ,
1, ,242, ,
3, ,243, ,
3, ,243, ,
3, ,243, ,
1, ,242, ,
4, ,243, ,
1, ,244, ,
3, ,243, ,
3, ,243, ,
3, ,243, ,
1, ,243, ,
4, ,243, ,
3, ,243, ,
3, ,242, ,
3, ,243, ,
3, ,243, ,
1, ,243, ,
4, ,243, ,
1, ,243, ,
3, ,243, ,
3, ,243, ,
3, ,243, ,
1, ,243, ,
3, ,243, ,
1, ,243, ,
3, ,242, ,
3, ,243, ,
3, ,243, ,
1, ,241, ,
3, ,243, ,
1, ,242, ,
3, ,243, ,
3, ,242, ,
3, ,243, ,
1, ,243, ,
4, ,243, ,
1, ,242, ,
3, ,242, ,
3, ,243, ,
3, ,243, ,
1, ,243, ,
4, ,242, ,
1, ,243, ,
3, ,243, ,
3, ,242, ,
3, ,243, ,
1, ,242, ,
3, ,243, ,
1, ,243, ,
3, ,243, ,
3, ,243, ,
3, ,243, ,
1, ,243, ,
3, ,243, ,
1, ,243, ,
3, ,242, ,
3, ,243, ,
3, ,243, ,
1, ,243, ,
3, ,243, ,
1, ,242, ,
3, ,243, ,
3, ,243, ,
3, ,243, ,
1, ,242, ,
3, ,243, ,
1, ,243, ,
3, ,243, ,
3, ,241, ,
3, ,242, ,
1, ,243, ,
3, ,244, ,
1, ,242, ,
3, ,242, ,
3, ,243, ,
3, ,243, ,
1, ,243, ,
3, ,243, ,
1, ,243, ,
3, ,243, ,
3, ,241, ,
3, ,243, ,
1, ,243, ,
3, ,243, ,
1, ,243, ,
3, ,242, ,
3, ,242, ,
3, ,243, ,
1, ,243, ,
3, ,242, ,
1, ,243, ,
3, ,243, ,
3, ,243, ,
3, ,242, ,
1, ,242, ,
3, ,243, ,
1, ,243, ,
3, ,243, ,
3, ,243, ,
3, ,243, ,
1, ,242, ,
3, ,243, ,
1, ,243, ,
3, ,243, ,
3, ,243, ,
3, ,242, ,
1, ,243, ,
3, ,243, ,
1, ,243, ,
1, ,243, ,
3, ,243, ,
3, ,242, ,
1, ,242, ,
3, ,242, ,
1, ,242, ,
1, ,243, ,
1, ,243, ,
3, ,242, ,
1, ,243, ,
3, ,242, ,
1, ,243, ,
1, ,242, ,
3, ,243, ,
3, ,243, ,
1, ,243, ,
3, ,242, ,
1, ,243, ,
3, ,242, ,
1, ,242, ,
3, ,243, ,
1, ,243, ,
3, ,243, ,
1, ,243, ,
3, ,243, ,
3, ,243, ,
3, ,243, ,
1, ,243, ,
3, ,243, ,
1, ,242, ,
3, ,243, ,
3, ,241, ,
3, ,243, ,
0, ,243, ,
3, ,243, ,
1, ,241, ,
3, ,242, ,
3, ,242, ,
3, ,243, ,
0, ,242, ,
3, ,243, ,
1, ,243, ,
3, ,242, ,
3, ,242, ,
1, ,243, ,
1, ,242, ,
4, ,243, ,
1, ,243, ,
1, ,242, ,
3, ,242, ,
3, ,243, ,
1, ,243, ,
3, ,243, ,
1, ,243, ,
1, ,243, ,
1, ,242, ,
3, ,243, ,
0, ,243, ,
3, ,242, ,
1, ,243, ,
3, ,242, ,
3, ,242, ,
3, ,242, ,
0, ,243, ,
3, ,243, ,
1, ,243, ,
1, ,243, ,
1, ,241, ,
1, ,243, ,
1, ,243, ,
3, ,243, ,
1, ,242, ,
1, ,242, ,
1, ,242, ,
3, ,243, ,
1, ,243, ,
3, ,242, ,
1, ,243, ,
1, ,243, ,
1, ,242, ,
3, ,242, ,
1, ,242, ,
3, ,243, ,
1, ,242, ,
1, ,242, ,
3, ,243, ,
3, ,243, ,
0, ,242, ,
3, ,243, ,
1, ,242, ,
1, ,243, ,
1, ,241, ,
3, ,243, ,
1, ,242, ,
3, ,243, ,
1, ,242, ,
1, ,243, ,
3, ,242, ,
3, ,243, ,
0, ,242, ,
3, ,242, ,
1, ,243, ,
1, ,244, ,
3, ,243, ,
3, ,242, ,
0, ,243, ,
3, ,243, ,
1, ,242, ,
3, ,243, ,
3, ,243, ,
1, ,243, ,
0, ,242, ,
3, ,243, ,
1, ,243, ,
1, ,243, ,
3, ,242, ,
3, ,243, ,
0, ,242, ,
3, ,243, ,
1, ,243, ,
3, ,243, ,
3, ,243, ,
3, ,243, ,
0, ,242, ,
3, ,243, ,
1, ,243, ,
1, ,243, ,
3, ,243, ,
3, ,243, ,
0, ,243, ,
3, ,243, ,
1, ,242, ,
1, ,243, ,
3, ,243, ,
3, ,243, ,
0, ,242, ,
3, ,243, ,
1, ,243, ,
1, ,243, ,
1, ,242, ,
3, ,243, ,
0, ,243, ,
3, ,243, ,
1, ,243, ,
3, ,242, ,
3, ,243, ,
3, ,243, ,
0, ,243, ,
3, ,243, ,
1, ,242, ,
3, ,243, ,
3, ,242, ,
1, ,243, ,
0, ,243, ,
3, ,243, ,
1, ,243, ,
1, ,243, ,
1, ,243, ,
1, ,243, ,
0, ,243, ,
3, ,243, ,
1, ,243, ,
1, ,244, ,
1, ,241, ,
3, ,243, ,
0, ,243, ,
3, ,243, ,
1, ,243, ,
1, ,243, ,
1, ,243, ,
1, ,242, ,
0, ,242, ,
3, ,242, ,
1, ,242, ,
1, ,243, ,
3, ,242, ,
3, ,242, ,
0, ,243, ,
3, ,243, ,
1, ,242, ,
1, ,243, ,
3, ,242, ,
1, ,242, ,
0, ,241, ,
3, ,242, ,
1, ,243, ,
3, ,244, ,
1, ,243, ,
1, ,243, ,
0, ,242, ,
3, ,243, ,
1, ,242, ,
1, ,242, ,
3, ,242, ,
3, ,244, ,
0, ,243, ,
3, ,242, ,
1, ,243, ,
1, ,243, ,
3, ,241, ,
1, ,243, ,
0, ,242, ,
3, ,243, ,
1, ,243, ,
1, ,243, ,
1, ,243, ,
1, ,243, ,
0, ,242, ,
3, ,242, ,
1, ,243, ,
1, ,243, ,
1, ,242, ,
3, ,244, ,
0, ,243, ,
3, ,243, ,
1, ,243, ,
1, ,243, ,
3, ,243, ,
1, ,243, ,
0, ,241, ,
3, ,242, ,
1, ,243, ,
1, ,243, ,
3, ,242, ,
3, ,243, ,
0, ,243, ,
3, ,243, ,
1, ,242, ,
1, ,242, ,
3, ,242, ,
1, ,243, ,
0, ,243, ,
3, ,243, ,
1, ,244, ,
1, ,243, ,
1, ,243, ,
1, ,243, ,
0, ,243, ,
3, ,243, ,
1, ,242, ,
1, ,243, ,
3, ,242, ,
3, ,243, ,
0, ,242, ,
3, ,243, ,
1, ,242, ,
1, ,243, ,
1, ,242, ,
3, ,242, ,
0, ,242, ,
3, ,243, ,
1, ,242, ,
1, ,243, ,
1, ,243, ,
1, ,243, ,
0, ,242, ,
3, ,243, ,
1, ,243, ,
1, ,243, ,
1, ,243, ,
3, ,243, ,
0, ,243, ,
3, ,242, ,
1, ,243, ,
1, ,243, ,
1, ,243, ,
3, ,243, ,
0, ,242, ,
3, ,242, ,
1, ,243, ,
1, ,243, ,
3, ,243, ,
3, ,243, ,
0, ,243, ,
3, ,243, ,
1, ,242, ,
1, ,242, ,
1, ,243, ,
1, ,243, ,
0, ,243, ,
3, ,242, ,
1, ,242, ,
1, ,243, ,
1, ,243, ,
3, ,243, ,
0, ,242, ,
3, ,243, ,
0, ,242, ,
1, ,243, ,
3, ,243, ,
1, ,242, ,
0, ,242, ,
3, ,242, ,
1, ,243, ,
1, ,243, ,
1, ,243, ,
1, ,244, ,
0, ,243, ,
3, ,243, ,
1, ,243, ,
1, ,242, ,
3, ,243, ,
3, ,243, ,
0, ,242, ,
3, ,243, ,
1, ,243, ,
1, ,243, ,
1, ,241, ,
1, ,243, ,
0, ,243, ,
3, ,243, ,
0, ,243, ,
1, ,242, ,
1, ,242, ,
1, ,242, ,
0, ,243, ,
3, ,243, ,
1, ,242, ,
1, ,243, ,
3, ,242, ,
1, ,243, ,
0, ,243, ,
3, ,243, ,
1, ,243, ,
1, ,243, ,
1, ,242, ,
1, ,243, ,
0, ,243, ,
3, ,242, ,
1, ,243, ,
1, ,243, ,
1, ,243, ,
1, ,243, ,
0, ,243, ,
3, ,243, ,
1, ,242, ,
1, ,243, ,
1, ,243, ,
1, ,243, ,
0, ,242, ,
3, ,243, ,
1, ,243, ,
1, ,242, ,
3, ,243, ,
3, ,242, ,
0, ,243, ,
3, ,243, ,
1, ,243, ,
1, ,243, ,
1, ,243, ,
1, ,243, ,
0, ,243, ,
3, ,243, ,
1, ,242, ,
1, ,239, ,
1, ,237, ,
3, ,241, ,
0, ,246, ,
3, ,250, ,
1, ,248, ,
1, ,241, ,
3, ,236, ,
3, ,240, ,
0, ,243, ,
3, ,244, ,
1, ,242, ,
1, ,242, ,
1, ,242, ,
1, ,243, ,
0, ,242, ,
3, ,243, ,
1, ,243, ,
1, ,243, ,
1, ,242, ,
3, ,242, ,
0, ,242, ,
3, ,243, ,
1, ,243, ,
1, ,243, ,
1, ,242, ,
1, ,242, ,
0, ,242, ,
3, ,243, ,
1, ,243, ,
1, ,242, ,
1, ,243, ,
1, ,242, ,
0, ,242, ,
3, ,242, ,
1, ,243, ,
1, ,242, ,
3, ,241, ,
1, ,242, ,
109, ,240, ,
70, ,239, ,
48, ,242, ,
33, ,249, ,
20, ,246, ,
13, ,242, ,
6, ,239, ,
8, ,241, ,
5, ,243, ,
4, ,243, ,
4, ,242, ,
3, ,243, ,
3, ,241, ,
5, ,242, ,
3, ,243, ,
3, ,243, ,
4, ,243, ,
4, ,242, ,
1, ,242, ,
4, ,242, ,
3, ,243, ,
3, ,243, ,
4, ,242, ,
4, ,242, ,
3, ,242, ,
4, ,242, ,
3, ,242, ,
3, ,242, ,
4, ,243, ,
4, ,243, ,
1, ,242, ,
4, ,242, ,
3, ,242, ,
3, ,243, ,
4, ,241, ,
4, ,243, ,
1, ,242, ,
4, ,242, ,
3, ,242, ,
3, ,242, ,
4, ,243, ,
4, ,243, ,
1, ,241, ,
4, ,242, ,
3, ,242, ,
3, ,243, ,
4, ,241, ,
4, ,242, ,
3, ,243, ,
4, ,243, ,
1, ,242, ,
3, ,242, ,
3, ,242, ,
4, ,243, ,
1, ,242, ,
4, ,243, ,
1, ,242, ,
3, ,242, ,
3, ,241, ,
3, ,242, ,
1, ,243, ,
4, ,243, ,
1, ,242, ,
3, ,242, ,
3, ,242, ,
3, ,242, ,
1, ,242, ,
4, ,242, ,
1, ,243, ,
3, ,244, ,
4, ,243, ,
3, ,243, ,
1, ,243, ,
4, ,242, ,
1, ,242, ,
3, ,243, ,
3, ,243, ,
4, ,243, ,
1, ,244, ,
4, ,244, ,
1, ,243, ,
3, ,243, ,
3, ,242, ,
3, ,243, ,
1, ,244, ,
4, ,243, ,
3, ,243, ,
3, ,243, ,
4, ,243, ,
3, ,244, ,
1, ,243, ,
4, ,243, ,
3, ,243, ,
3, ,243, ,
3, ,242, ,
4, ,243, ,
1, ,243, ,
4, ,243, ,
3, ,243, ,
3, ,242, ,
3, ,243, ,
3, ,243, ,
1, ,243, ,
4, ,243, ,
3, ,243, ,
3, ,244, ,
3, ,243, ,
3, ,243, ,
1, ,243, ,
4, ,243, ,
3, ,243, ,
3, ,242, ,
3, ,243, ,
3, ,242, ,
1, ,243, ,
4, ,242, ,
3, ,243, ,
3, ,243, ,
3, ,242, ,
3, ,242, ,
1, ,243, ,
4, ,242, ,
3, ,243, ,
3, ,243, ,
3, ,242, ,
4, ,243, ,
1, ,242, ,
4, ,243, ,
1, ,243, ,
3, ,244, ,
3, ,243, ,
3, ,242, ,
1, ,242, ,
4, ,243, ,
1, ,242, ,
4, ,243, ,
3, ,243, ,
3, ,243, ,
1, ,243, ,
4, ,242, ,
1, ,243, ,
3, ,243, ,
3, ,243, ,
3, ,242, ,
1, ,243, ,
4, ,243, ,
1, ,243, ,
3, ,242, ,
3, ,242, ,
3, ,243, ,
1, ,242, ,
4, ,242, ,
1, ,243, ,
3, ,243, ,
3, ,242, ,
3, ,243, ,
1, ,243, ,
4, ,244, ,
1, ,243, ,
3, ,242, ,
3, ,243, ,
3, ,243, ,
1, ,242, ,
4, ,243, ,
1, ,243, ,
3, ,243, ,
3, ,243, ,
3, ,242, ,
1, ,243, ,
4, ,243, ,
1, ,243, ,
3, ,243, ,
3, ,242, ,
3, ,243, ,
1, ,243, ,
4, ,242, ,
3, ,244, ,
3, ,243, ,
3, ,243, ,
3, ,243, ,
1, ,242, ,
4, ,243, ,
1, ,242, ,
3, ,243, ,
3, ,243, ,
3, ,243, ,
1, ,243, ,
4, ,242, ,
1, ,243, ,
3, ,242, ,
3, ,243, ,
3, ,243, ,
1, ,243, ,
4, ,242, ,
1, ,243, ,
3, ,242, ,
3, ,243, ,
3, ,243, ,
1, ,243, ,
3, ,241, ,
3, ,243, ,
3, ,244, ,
3, ,245, ,
3, ,243, ,
1, ,242, ,
4, ,242, ,
1, ,242, ,
3, ,243, ,
3, ,243, ,
3, ,244, ,
1, ,242, ,
4, ,242, ,
1, ,243, ,
3, ,243, ,
3, ,243, ,
3, ,243, ,
1, ,243, ,
4, ,243, ,
1, ,243, ,
3, ,243, ,
3, ,243, ,
3, ,244, ,
1, ,243, ,
4, ,242, ,
1, ,243, ,
3, ,243, ,
3, ,243, ,
3, ,244, ,
1, ,242, ,
3, ,243, ,
1, ,243, ,
3, ,243, ,
3, ,243, ,
3, ,243, ,
1, ,243, ,
4, ,242, ,
1, ,242, ,
3, ,243, ,
3, ,243, ,
3, ,243, ,
1, ,243, ,
4, ,243, ,
1, ,243, ,
1, ,243, ,
3, ,243, ,
3, ,242, ,
1, ,242, ,
4, ,243, ,
1, ,243, ,
1, ,244, ,
3, ,243, ,
3, ,242, ,
1, ,243, ,
3, ,242, ,
1, ,243, ,
3, ,243, ,
3, ,243, ,
3, ,243, ,
0, ,243, ,
3, ,243, ,
3, ,243, ,
3, ,243, ,
1, ,241, ,
1, ,243, ,
0, ,242, ,
3, ,243, ,
1, ,243, ,
3, ,243, ,
3, ,243, ,
3, ,243, ,
0, ,242, ,
3, ,243, ,
1, ,243, ,
3, ,243, ,
3, ,243, ,
3, ,243, ,
1, ,242, ,
3, ,243, ,
1, ,243, ,
3, ,243, ,
3, ,243, ,
3, ,243, ,
0, ,242, ,
3, ,242, ,
1, ,243, ,
3, ,243, ,
3, ,242, ,
1, ,243, ,
0, ,243, ,
3, ,243, ,
1, ,243, ,
1, ,243, ,
3, ,243, ,
3, ,244, ,
0, ,243, ,
3, ,243, ,
1, ,244, ,
3, ,242, ,
3, ,243, ,
3, ,243, ,
0, ,243, ,
3, ,243, ,
1, ,243, ,
3, ,242, ,
3, ,243, ,
1, ,244, ,
0, ,243, ,
3, ,243, ,
1, ,244, ,
3, ,244, ,
3, ,242, ,
3, ,242, ,
0, ,243, ,
3, ,243, ,
1, ,243, ,
1, ,243, ,
3, ,243, ,
3, ,243, ,
0, ,243, ,
3, ,243, ,
1, ,243, ,
1, ,243, ,
1, ,243, ,
3, ,243, ,
1, ,243, ,
3, ,243, ,
1, ,243, ,
1, ,243, ,
1, ,243, ,
3, ,243, ,
0, ,242, ,
3, ,243, ,
1, ,243, ,
1, ,243, ,
3, ,243, ,
3, ,243, ,
1, ,243, ,
3, ,243, ,
1, ,243, ,
1, ,243, ,
3, ,243, ,
1, ,243, ,
0, ,242, ,
3, ,243, ,
1, ,244, ,
1, ,243, ,
3, ,243, ,
1, ,243, ,
0, ,243, ,
3, ,243, ,
1, ,243, ,
1, ,243, ,
3, ,243, ,
3, ,243, ,
0, ,242, ,
3, ,243, ,
1, ,243, ,
1, ,243, ,
3, ,242, ,
3, ,243, ,
1, ,243, ,
3, ,242, ,
1, ,242, ,
3, ,243, ,
1, ,243, ,
3, ,243, ,
0, ,243, ,
3, ,242, ,
1, ,243, ,
1, ,244, ,
1, ,243, ,
3, ,243, ,
1, ,243, ,
3, ,243, ,
1, ,242, ,
3, ,243, ,
3, ,243, ,
3, ,243, ,
0, ,243, ,
3, ,243, ,
1, ,243, ,
3, ,244, ,
3, ,242, ,
3, ,242, ,
1, ,243, ,
3, ,243, ,
1, ,243, ,
1, ,242, ,
3, ,243, ,
3, ,243, ,
0, ,243, ,
3, ,242, ,
1, ,243, ,
1, ,243, ,
3, ,242, ,
3, ,243, ,
0, ,242, ,
3, ,243, ,
1, ,243, ,
1, ,242, ,
1, ,243, ,
1, ,243, ,
0, ,243, ,
3, ,243, ,
1, ,243, ,
3, ,243, ,
3, ,242, ,
3, ,243, ,
0, ,243, ,
3, ,243, ,
1, ,243, ,
1, ,242, ,
1, ,243, ,
3, ,243, ,
0, ,243, ,
3, ,243, ,
1, ,243, ,
1, ,243, ,
3, ,243, ,
3, ,243, ,
0, ,243, ,
3, ,243, ,
1, ,243, ,
1, ,243, ,
3, ,243, ,
1, ,243, ,
0, ,243, ,
3, ,243, ,
1, ,244, ,
3, ,243, ,
1, ,242, ,
3, ,243, ,
0, ,243, ,
3, ,243, ,
1, ,242, ,
3, ,243, ,
1, ,243, ,
3, ,243, ,
0, ,243, ,
3, ,242, ,
1, ,243, ,
1, ,243, ,
1, ,242, ,
3, ,243, ,
0, ,242, ,
3, ,242, ,
1, ,243, ,
1, ,243, ,
3, ,244, ,
3, ,243, ,
0, ,242, ,
3, ,243, ,
1, ,243, ,
1, ,243, ,
3, ,243, ,
3, ,243, ,
1, ,242, ,
3, ,243, ,
1, ,243, ,
1, ,242, ,
1, ,243, ,
1, ,243, ,
0, ,243, ,
3, ,242, ,
1, ,243, ,
1, ,242, ,
3, ,243, ,
3, ,243, ,
0, ,243, ,
3, ,243, ,
1, ,242, ,
1, ,242, ,
1, ,243, ,
3, ,243, ,
0, ,243, ,
3, ,243, ,
1, ,243, ,
1, ,242, ,
3, ,242, ,
3, ,243, ,
0, ,243, ,
3, ,243, ,
1, ,243, ,
1, ,243, ,
3, ,243, ,
1, ,243, ,
0, ,243, ,
3, ,243, ,
1, ,243, ,
1, ,243, ,
1, ,243, ,
1, ,242, ,
0, ,243, ,
3, ,243, ,
1, ,243, ,
1, ,242, ,
1, ,242, ,
3, ,243, ,
0, ,242, ,
3, ,242, ,
1, ,243, ,
1, ,243, ,
3, ,243, ,
3, ,242, ,
0, ,243, ,
3, ,243, ,
1, ,242, ,
1, ,242, ,
3, ,243, ,
1, ,243, ,
0, ,243, ,
3, ,243, ,
1, ,243, ,
1, ,243, ,
1, ,243, ,
1, ,243, ,
0, ,242, ,
3, ,243, ,
1, ,243, ,
1, ,243, ,
3, ,242, ,
3, ,243, ,
0, ,243, ,
3, ,243, ,
1, ,242, ,
1, ,243, ,
3, ,242, ,
1, ,243, ,
0, ,243, ,
3, ,243, ,
1, ,243, ,
1, ,243, ,
1, ,243, ,
3, ,243, ,
0, ,242, ,
3, ,243, ,
1, ,243, ,
1, ,243, ,
1, ,242, ,
1, ,243, ,
0, ,243, ,
3, ,243, ,
1, ,243, ,
1, ,242, ,
1, ,242, ,
3, ,243, ,
0, ,243, ,
3, ,243, ,
1, ,243, ,
1, ,243, ,
3, ,243, ,
3, ,243, ,
0, ,243, ,
3, ,243, ,
1, ,242, ,
1, ,242, ,
1, ,242, ,
1, ,243, ,
0, ,242, ,
3, ,243, ,
1, ,243, ,
1, ,242, ,
1, ,243, ,
3, ,242, ,
0, ,243, ,
3, ,243, ,
1, ,243, ,
1, ,243, ,
3, ,242, ,
1, ,243, ,
0, ,243, ,
3, ,243, ,
1, ,243, ,
1, ,243, ,
1, ,243, ,
1, ,242, ,
0, ,243, ,
3, ,243, ,
1, ,243, ,
1, ,242, ,
1, ,242, ,
1, ,243, ,
0, ,243, ,
3, ,242, ,
1, ,243, ,
1, ,243, ,
1, ,241, ,
1, ,242, ,
0, ,242, ,
3, ,242, ,
1, ,242, ,
1, ,243, ,
3, ,242, ,
1, ,243, ,
0, ,242, ,
3, ,242, ,
1, ,243, ,
3, ,243, ,
3, ,243, ,
1, ,243, ,
0, ,242, ,
3, ,243, ,
1, ,243, ,
1, ,243, ,
1, ,243, ,
1, ,243, ,
0, ,242, ,
3, ,243, ,
1, ,243, ,
1, ,242, ,
1, ,243, ,
1, ,243, ,
0, ,242, ,
3, ,243, ,
1, ,243, ,
1, ,243, ,
1, ,243, ,
1, ,243, ,
0, ,242, ,
3, ,243, ,
1, ,243, ,
1, ,243, ,
3, ,242, ,
3, ,242, ,
0, ,242, ,
3, ,244, ,
1, ,243, ,
1, ,242, ,
1, ,243, ,
1, ,244, ,
0, ,243, ,
3, ,243, ,
1, ,244, ,
1, ,243, ,
1, ,243, ,
3, ,243, ,
0, ,243, ,
3, ,243, ,
1, ,243, ,
1, ,242, ,
1, ,243, ,
1, ,242, ,
0, ,241, ,
3, ,243, ,
1, ,243, ,
1, ,242, ,
3, ,241, ,
3, ,243, ,
0, ,242, ,
3, ,243, ,
1, ,242, ,
1, ,243, ,
1, ,243, ,
1, ,243, ,
0, ,243, ,
3, ,242, ,
1, ,243, ,
1, ,243, ,
1, ,243, ,
1, ,242, ,
0, ,242, ,
1, ,242, ,
1, ,242, ,
1, ,242, ,
1, ,242, ,
3, ,243, ,
0, ,243, ,
3, ,243, ,
0, ,243, ,
1, ,243, ,
1, ,242, ,
1, ,244, ,
0, ,242, ,
3, ,243, ,
1, ,242, ,
1, ,242, ,
3, ,243, ,
1, ,243, ,
0, ,242, ,
3, ,243, ,
1, ,243, ,
1, ,242, ,
1, ,240, ,
1, ,242, ,
0, ,243, ,
3, ,244, ,
1, ,243, ,
1, ,243, ,
1, ,243, ,
1, ,243, ,
0, ,243, ,
3, ,241, ,
1, ,243, ,
1, ,243, ,
1, ,243, ,
3, ,243, ,
0, ,243, ,
3, ,243, ,
1, ,243, ,
1, ,242, ,
1, ,242, ,
1, ,242, ,
0, ,242, ,
3, ,243, ,
1, ,243, ,
1, ,243, ,
1, ,243, ,
1, ,242, ,
0, ,243, ,
3, ,243, ,
1, ,242, ,
1, ,243, ,
1, ,243, ,
1, ,243, ,
0, ,242, ,
3, ,243, ,
1, ,242, ,
1, ,243, ,
1, ,243, ,
3, ,242, ,
0, ,242, ,
3, ,243, ,
1, ,242, ,
1, ,242, ,
1, ,242, ,
1, ,243, ,
0, ,243, ,
3, ,242, ,
1, ,243, ,
1, ,242, ,
1, ,243, ,
1, ,242, ,
0, ,243, ,
3, ,243, ,
1, ,243, ,
1, ,242, ,
1, ,242, ,
1, ,243, ,
0, ,242, ,
3, ,243, ,
1, ,243, ,
1, ,243, ,
1, ,242, ,
1, ,243, ,
0, ,242, ,
3, ,243, ,
0, ,243, ,
1, ,243, ,
1, ,242, ,
1, ,244, ,
0, ,242, ,
3, ,242, ,
1, ,242, ,
1, ,243, ,
1, ,243, ,
1, ,242, ,
0, ,242, ,
3, ,243, ,
1, ,242, ,
1, ,242, ,
1, ,243, ,
1, ,243, ,
0, ,243, ,
3, ,243, ,
1, ,243, ,
1, ,243, ,
1, ,243, ,
3, ,243, ,
0, ,242, ,
3, ,243, ,
0, ,243, ,
1, ,243, ,
1, ,243, ,
1, ,243, ,
0, ,242, ,
3, ,243, ,
1, ,243, ,
0, ,243, ,
1, ,243, ,
1, ,243, ,
0, ,243, ,
3, ,243, ,
0, ,242, ,
1, ,242, ,
1, ,242, ,
3, ,243, ,
0, ,242, ,
3, ,242, ,
0, ,243, ,
1, ,244, ,
1, ,243, ,
1, ,243, ,
0, ,242, ,
1, ,243, ,
0, ,242, ,
1, ,242, ,
1, ,243, ,
1, ,242, ,
0, ,243, ,
3, ,243, ,
1, ,244, ,
1, ,244, ,
1, ,242, ,
1, ,243, ,
0, ,243, ,
3, ,243, ,
1, ,242, ,
1, ,242, ,
1, ,243, ,
1, ,243, ,
0, ,242, ,
1, ,243, ,
1, ,243, ,
1, ,243, ,
1, ,242, ,
1, ,243, ,
0, ,242, ,
3, ,242, ,
0, ,242, ,
1, ,242, ,
1, ,242, ,
1, ,242, ,
0, ,243, ,
3, ,242, ,
0, ,242, ,
1, ,243, ,
1, ,243, ,
1, ,243, ,
0, ,242, ,
3, ,243, ,
0, ,242, ,
1, ,243, ,
1, ,243, ,
1, ,242, ,
0, ,242, ,
3, ,243, ,
0, ,243, ,
1, ,244, ,
1, ,243, ,
1, ,243, ,
0, ,242, ,
3, ,242, ,
1, ,242, ,
1, ,242, ,
1, ,242, ,
1, ,242, ,
0, ,241, ,
3, ,241, ,
1, ,242, ,
1, ,242, ,
1, ,243, ,
1, ,242, ,
0, ,243, ,
3, ,243, ,
0, ,234, ,
1, ,242, ,
1, ,249, ,
1, ,248, ,
0, ,241, ,
3, ,240, ,
1, ,243, ,
1, ,244, ,
1, ,243, ,
1, ,242, ,
0, ,243, ,
1, ,243, ,
0, ,242, ,
1, ,243, ,
1, ,243, ,
3, ,243, ,
0, ,241, ,
3, ,242, ,
0, ,243, ,
0, ,243, ,
3, ,241, ,
1, ,242, ,
0, ,242, ,
3, ,242, ,
0, ,243, ,
1, ,242, ,
1, ,243, ,
1, ,242, ,
0, ,243, ,
3, ,242, ,
1, ,243, ,
1, ,243, ,
1, ,242, ,
1, ,243, ,
0, ,243, ,
3, ,243, ,
0, ,242, ,
1, ,243, ,
1, ,243, ,
1, ,243, ,
0, ,244, ,
1, ,243, ,
1, ,243, ,
0, ,243, ,
1, ,242, ,
1, ,242, ,
0, ,243, ,
1, ,243, ,
0, ,243, ,
1, ,243, ,
1, ,242, ,
1, ,242, ,
0, ,242, ,
1, ,243, ,
0, ,243, ,
1, ,242, ,
1, ,241, ,
1, ,242, ,
0, ,243, ,
3, ,242, ,
0, ,243, ,
0, ,242, ,
1, ,242, ,
1, ,242, ,
0, ,242, ,
1, ,243, ,
1, ,243, ,
0, ,244, ,
1, ,243, ,
1, ,242, ,
0, ,243, ,
3, ,243, ,
0, ,243, ,
1, ,244, ,
1, ,243, ,
1, ,244, ,
0, ,242, ,
3, ,243, ,
1, ,243, ,
0, ,244, ,
1, ,242, ,
1, ,242, ,
0, ,243, ,
1, ,243, ,
0, ,243, ,
1, ,242, ,
1, ,243, ,
3, ,243, ,
0, ,243, ,
1, ,243, ,
0, ,243, ,
0, ,243, ,
1, ,242, ,
3, ,242, ,
0, ,242, ,
3, ,243, ,
0, ,243, ,
0, ,243, ,
1, ,243, ,
1, ,243, ,
0, ,242, ,
3, ,243, ,
0, ,243, ,
0, ,243, ,
1, ,243, ,
1, ,243, ,
0, ,243, ,
3, ,243, ,
0, ,243, ,
1, ,242, ,
1, ,243, ,
1, ,242, ,
0, ,242, ,
3, ,242, ,
1, ,243, ,
0, ,242, ,
1, ,242, ,
1, ,243, ,
0, ,243, ,
3, ,243, ,
0, ,241, ,
1, ,237, ,
1, ,237, ,
1, ,242, ,
0, ,246, ,
1, ,249, ,
1, ,248, ,
1, ,240, ,
1, ,235, ,
1, ,240, ,
0, ,244, ,
3, ,244, ,
1, ,242, ,
1, ,242, ,
1, ,242, ,
1, ,243, ,
0, ,242, ,
3, ,243, ,
0, ,243, ,
1, ,242, ,
1, ,241, ,
1, ,241, ,
0, ,242, ,
1, ,242, ,
0, ,243, ,
1, ,242, ,
1, ,242, ,
1, ,242, ,
0, ,241, ,
3, ,242, ,
1, ,243, ,
0, ,243, ,
1, ,241, ,
1, ,242, ,
0, ,242, ,
1, ,243, ,
0, ,242, ,
1, ,242, ,
1, ,241, ,
1, ,243, ,
0, ,241, ,
3, ,242, ,
1, ,243, ,
1, ,243, ,
1, ,241, ,
3, ,242, ,
0, ,242, ,
3, ,243, ,
0, ,242, ,
1, ,242, ,
1, ,242, ,
1, ,243, ,
0, ,242, ,
3, ,242, ,
1, ,243, ,
0, ,243, ,
1, ,243, ,
1, ,243, ,
0, ,243, ,
3, ,242, ,
0, ,242, ,
1, ,242, ,
1, ,242, ,
1, ,243, ,
0, ,241, ,
3, ,242, ,
0, ,243, ,
0, ,242, ,
1, ,242, ,
1, ,242, ,
0, ,242, ,
3, ,242, ,
0, ,242, ,
1, ,242, ,
1, ,243, ,
1, ,243, ,
0, ,241, ,
3, ,242, ,
1, ,243, ,
1, ,243, ,
1, ,241, ,
1, ,242, ,
0, ,242, ,
3, ,242, ,
0, ,242, ,
1, ,242, ,
1, ,242, ,
1, ,243, ,
0, ,241, ,
1, ,241, ,
0, ,243, ,
0, ,243, ,
1, ,242, ,
1, ,242, ,
0, ,243, ,
3, ,243, ,
0, ,242, ,
1, ,241, ,
1, ,242, ,
1, ,243, ,
0, ,242, ,
1, ,242, ,
0, ,243, ,
1, ,243, ,
1, ,242, ,
3, ,243, ,
0, ,242, ,
1, ,243, ,
0, ,243, ,
0, ,243, ,
1, ,243, ,
3, ,244, ,
0, ,241, ,
3, ,241, ,
0, ,243, ,
0, ,243, ,
1, ,242, ,
1, ,243, ,
0, ,243, ,
3, ,244, ,
0, ,242, ,
1, ,242, ,
1, ,242, ,
1, ,243, ,
0, ,243, ,
1, ,242, ,
0, ,243, ,
0, ,242, ,
1, ,243, ,
1, ,244, ,
0, ,243, ,
1, ,243, ,
0, ,243, ,
1, ,243, ,
1, ,243, ,
3, ,243, ,
0, ,243, ,
3, ,243, ,
1, ,243, ,
0, ,243, ,
1, ,243, ,
1, ,243, ,
0, ,243, ,
3, ,243, ,
0, ,242, ,
1, ,243, ,
1, ,243, ,
1, ,244, ,
0, ,243, ,
3, ,243, ,
0, ,243, ,
1, ,243, ,
1, ,242, ,
1, ,242, ,
0, ,242, ,
1, ,242, ,
1, ,242, ,
1, ,243, ,
1, ,244, ,
1, ,244, ,
0, ,242, ,
3, ,243, ,
0, ,243, ,
1, ,242, ,
1, ,243, ,
1, ,243, ,
0, ,243, ,
1, ,244, ,
0, ,243, ,
0, ,243, ,
1, ,242, ,
1, ,243, ,
0, ,242, ,
3, ,242, ,
0, ,242, ,
1, ,243, ,
1, ,243, ,
1, ,243, ,
0, ,243, ,
3, ,243, ,
0, ,243, ,
0, ,243, ,
1, ,243, ,
1, ,243, ,
0, ,243, ,
1, ,243, ,
1, ,243, ,
0, ,243, ,
1, ,241, ,
3, ,243, ,
0, ,243, ,
3, ,243, ,
0, ,243, ,
1, ,242, ,
1, ,242, ,
1, ,243, ,
0, ,243, ,
3, ,243, ,
0, ,243, ,
1, ,243, ,
1, ,242, ,
1, ,243, ,
0, ,243, ,
3, ,243, ,
0, ,243, ,
1, ,243, ,
1, ,243, ,
3, ,243, ,
0, ,243, ,
3, ,242, ,
0, ,243, ,
1, ,243, ,
1, ,243, ,
1, ,243, ,
0, ,243, ,
3, ,243, ,
0, ,242, ,
1, ,243, ,
1, ,242, ,
1, ,243, ,
0, ,242, ,
3, ,243, ,
0, ,243, ,
1, ,243, ,
1, ,242, ,
1, ,243, ,
0, ,242, ,
3, ,243, ,
0, ,243, ,
1, ,243, ,
1, ,243, ,
1, ,243, ,
0, ,242, ,
3, ,242, ,
0, ,243, ,
0, ,243, ,
1, ,243, ,
1, ,243, ,
0, ,243, ,
3, ,243, ,
0, ,243, ,
1, ,243, ,
1, ,243, ,
1, ,243, ,
0, ,243, ,
1, ,243, ,
1, ,243, ,
0, ,243, ,
1, ,243, ,
1, ,243, ,
0, ,242, ,
3, ,243, ,
0, ,243, ,
1, ,243, ,
128, ,243, ,
76, ,243, ,
46, ,243, ,
33, ,243, ,
23, ,243, ,
14, ,243, ,
9, ,243, ,
8, ,244, ,
6, ,243, ,
6, ,243, ,
3, ,243, ,
3, ,243, ,
5, ,242, ,
4, ,243, ,
1, ,242, ,
4, ,243, ,
3, ,243, ,
4, ,243, ,
4, ,243, ,
4, ,243, ,
1, ,243, ,
4, ,243, ,
1, ,243, ,
3, ,243, ,
4, ,243, ,
4, ,244, ,
3, ,243, ,
5, ,243, ,
3, ,244, ,
4, ,243, ,
4, ,242, ,
4, ,243, ,
1, ,243, ,
4, ,243, ,
3, ,243, ,
3, ,242, ,
3, ,243, ,
4, ,243, ,
3, ,243, ,
4, ,243, ,
3, ,242, ,
3, ,243, ,
4, ,242, ,
4, ,244, ,
1, ,243, ,
4, ,243, ,
3, ,242, ,
3, ,242, ,
4, ,243, ,
4, ,244, ,
3, ,243, ,
4, ,242, ,
3, ,243, ,
3, ,243, ,
4, ,242, ,
4, ,243, ,
3, ,243, ,
4, ,243, ,
3, ,243, ,
3, ,243, ,
4, ,243, ,
4, ,242, ,
1, ,243, ,
4, ,243, ,
1, ,242, ,
3, ,243, ,
3, ,242, ,
4, ,243, ,
1, ,243, ,
4, ,243, ,
1, ,243, ,
3, ,243, ,
3, ,243, ,
3, ,244, ,
1, ,241, ,
4, ,242, ,
3, ,242, ,
3, ,243, ,
3, ,242, ,
3, ,243, ,
1, ,243, ,
4, ,244, ,
3, ,243, ,
3, ,243, ,
4, ,243, ,
4, ,243, ,
1, ,242, ,
4, ,242, ,
3, ,243, ,
3, ,243, ,
3, ,243, ,
4, ,243, ,
1, ,243, ,
4, ,243, ,
3, ,243, ,
3, ,242, ,
3, ,242, ,
3, ,243, ,
1, ,243, ,
4, ,243, ,
3, ,243, ,
3, ,243, ,
3, ,243, ,
3, ,243, ,
1, ,242, ,
4, ,243, ,
3, ,242, ,
3, ,243, ,
4, ,243, ,
3, ,243, ,
1, ,243, ,
4, ,243, ,
3, ,243, ,
3, ,243, ,
3, ,242, ,
4, ,243, ,
1, ,243, ,
4, ,243, ,
3, ,243, ,
3, ,243, ,
3, ,243, ,
3, ,244, ,
1, ,243, ,
4, ,242, ,
3, ,243, ,
3, ,244, ,
3, ,243, ,
3, ,243, ,
1, ,243, ,
4, ,243, ,
1, ,242, ,
3, ,243, ,
3, ,244, ,
3, ,243, ,
1, ,243, ,
4, ,243, ,
1, ,243, ,
3, ,243, ,
3, ,242, ,
3, ,243, ,
1, ,243, ,
4, ,243, ,
1, ,243, ,
3, ,243, ,
3, ,243, ,
3, ,242, ,
1, ,243, ,
4, ,243, ,
3, ,243, ,
3, ,242, ,
3, ,243, ,
3, ,243, ,
1, ,243, ,
4, ,243, ,
1, ,242, ,
3, ,243, ,
3, ,243, ,
3, ,243, ,
1, ,243, ,
4, ,243, ,
1, ,243, ,
3, ,243, ,
3, ,243, ,
3, ,243, ,
1, ,243, ,
4, ,243, ,
3, ,243, ,
3, ,242, ,
3, ,243, ,
3, ,244, ,
1, ,243, ,
4, ,242, ,
1, ,243, ,
3, ,243, ,
3, ,243, ,
3, ,243, ,
1, ,242, ,
4, ,244, ,
1, ,243, ,
3, ,243, ,
3, ,242, ,
3, ,243, ,
1, ,243, ,
4, ,243, ,
1, ,243, ,
3, ,243, ,
3, ,243, ,
3, ,243, ,
1, ,243, ,
4, ,243, ,
1, ,243, ,
3, ,243, ,
3, ,243, ,
3, ,243, ,
1, ,243, ,
4, ,242, ,
1, ,243, ,
3, ,243, ,
3, ,243, ,
3, ,242, ,
1, ,242, ,
4, ,243, ,
1, ,243, ,
3, ,243, ,
3, ,243, ,
3, ,243, ,
1, ,242, ,
4, ,243, ,
1, ,243, ,
3, ,243, ,
3, ,242, ,
3, ,243, ,
1, ,243, ,
3, ,243, ,
1, ,243, ,
3, ,242, ,
3, ,242, ,
3, ,243, ,
1, ,243, ,
3, ,243, ,
1, ,243, ,
3, ,243, ,
3, ,242, ,
3, ,243, ,
1, ,243, ,
3, ,243, ,
1, ,243, ,
3, ,243, ,
3, ,243, ,
3, ,243, ,
1, ,243, ,
3, ,242, ,
1, ,243, ,
3, ,243, ,
3, ,243, ,
3, ,243, ,
1, ,243, ,
3, ,243, ,
1, ,243, ,
3, ,243, ,
3, ,243, ,
3, ,243, ,
1, ,243, ,
3, ,242, ,
1, ,243, ,
3, ,243, ,
3, ,242, ,
3, ,242, ,
1, ,242, ,
3, ,243, ,
1, ,243, ,
3, ,243, ,
3, ,243, ,
3, ,243, ,
1, ,243, ,
3, ,242, ,
1, ,243, ,
3, ,243, ,
3, ,242, ,
3, ,242, ,
1, ,243, ,
3, ,243, ,
1, ,242, ,
3, ,242, ,
3, ,243, ,
3, ,243, ,
1, ,242, ,
3, ,243, ,
1, ,243, ,
1, ,243, ,
3, ,243, ,
3, ,243, ,
1, ,243, ,
3, ,243, ,
1, ,242, ,
3, ,243, ,
3, ,243, ,
3, ,243, ,
0, ,242, ,
3, ,243, ,
1, ,243, ,
3, ,243, ,
3, ,243, ,
3, ,243, ,
1, ,242, ,
3, ,243, ,
1, ,242, ,
3, ,242, ,
3, ,242, ,
3, ,243, ,
0, ,243, ,
3, ,242, ,
1, ,243, ,
1, ,243, ,
3, ,242, ,
3, ,242, ,
1, ,243, ,
3, ,244, ,
1, ,242, ,
3, ,243, ,
3, ,242, ,
3, ,243, ,
0, ,242, ,
3, ,243, ,
1, ,243, ,
3, ,243, ,
3, ,242, ,
3, ,242, ,
1, ,243, ,
3, ,243, ,
1, ,243, ,
3, ,243, ,
3, ,243, ,
3, ,243, ,
1, ,243, ,
3, ,243, ,
1, ,243, ,
1, ,243, ,
3, ,242, ,
3, ,243, ,
1, ,243, ,
3, ,243, ,
1, ,243, ,
3, ,243, ,
3, ,243, ,
3, ,243, ,
1, ,243, ,
3, ,242, ,
1, ,243, ,
3, ,243, ,
3, ,243, ,
1, ,243, ,
1, ,243, ,
3, ,243, ,
1, ,243, ,
1, ,243, ,
3, ,243, ,
1, ,243, ,
1, ,242, ,
3, ,243, ,
1, ,243, ,
1, ,243, ,
3, ,242, ,
1, ,242, ,
0, ,243, ,
3, ,243, ,
1, ,241, ,
1, ,241, ,
3, ,242, ,
3, ,243, ,
0, ,243, ,
3, ,243, ,
1, ,243, ,
1, ,243, ,
3, ,243, ,
3, ,242, ,
0, ,241, ,
3, ,243, ,
1, ,242, ,
1, ,243, ,
3, ,243, ,
1, ,243, ,
0, ,243, ,
3, ,243, ,
1, ,242, ,
1, ,243, ,
3, ,243, ,
1, ,243, ,
0, ,243, ,
3, ,243, ,
1, ,243, ,
3, ,243, ,
1, ,243, ,
1, ,243, ,
0, ,243, ,
3, ,243, ,
1, ,242, ,
1, ,243, ,
3, ,241, ,
3, ,242, ,
0, ,243, ,
3, ,243, ,
1, ,242, ,
1, ,243, ,
3, ,242, ,
1, ,243, ,
0, ,242, ,
3, ,243, ,
1, ,243, ,
3, ,244, ,
1, ,242, ,
1, ,243, ,
0, ,242, ,
3, ,243, ,
1, ,242, ,
3, ,243, ,
1, ,242, ,
3, ,243, ,
0, ,243, ,
3, ,243, ,
1, ,243, ,
1, ,243, ,
3, ,243, ,
3, ,243, ,
0, ,243, ,
3, ,243, ,
1, ,243, ,
1, ,242, ,
3, ,243, ,
1, ,243, ,
0, ,243, ,
3, ,242, ,
1, ,243, ,
1, ,243, ,
1, ,242, ,
1, ,242, ,
0, ,242, ,
3, ,243, ,
1, ,242, ,
1, ,243, ,
3, ,242, ,
3, ,242, ,
0, ,242, ,
3, ,242, ,
1, ,243, ,
1, ,243, ,
3, ,243, ,
3, ,242, ,
0, ,243, ,
3, ,243, ,
1, ,242, ,
3, ,242, ,
3, ,242, ,
3, ,243, ,
0, ,241, ,
3, ,243, ,
1, ,242, ,
1, ,243, ,
1, ,243, ,
1, ,243, ,
0, ,243, ,
3, ,243, ,
1, ,243, ,
1, ,243, ,
3, ,243, ,
3, ,243, ,
0, ,242, ,
3, ,242, ,
1, ,242, ,
1, ,243, ,
3, ,242, ,
1, ,242, ,
0, ,243, ,
3, ,243, ,
1, ,243, ,
1, ,242, ,
1, ,242, ,
1, ,244, ,
0, ,242, ,
3, ,243, ,
1, ,243, ,
1, ,243, ,
1, ,242, ,
3, ,242, ,
0, ,243, ,
3, ,243, ,
1, ,242, ,
1, ,242, ,
3, ,243, ,
3, ,243, ,
0, ,243, ,
3, ,243, ,
1, ,243, ,
1, ,243, ,
3, ,243, ,
1, ,243, ,
0, ,243, ,
3, ,243, ,
1, ,242, ,
1, ,242, ,
3, ,241, ,
1, ,243, ,
0, ,242, ,
3, ,243, ,
1, ,243, ,
1, ,242, ,
1, ,242, ,
1, ,243, ,
0, ,243, ,
3, ,243, ,
1, ,242, ,
1, ,243, ,
3, ,243, ,
1, ,244, ,
0, ,242, ,
3, ,242, ,
1, ,243, ,
1, ,243, ,
1, ,242, ,
1, ,243, ,
0, ,243, ,
3, ,243, ,
1, ,243, ,
1, ,243, ,
1, ,243, ,
1, ,243, ,
0, ,243, ,
3, ,243, ,
1, ,243, ,
1, ,243, ,
1, ,243, ,
3, ,243, ,
0, ,243, ,
3, ,243, ,
1, ,243, ,
1, ,242, ,
1, ,243, ,
1, ,244, ,
0, ,243, ,
3, ,243, ,
1, ,243, ,
1, ,243, ,
3, ,243, ,
3, ,243, ,
0, ,243, ,
3, ,243, ,
1, ,242, ,
1, ,242, ,
1, ,243, ,
1, ,243, ,
0, ,243, ,
3, ,243, ,
1, ,243, ,
1, ,243, ,
1, ,241, ,
3, ,242, ,
0, ,243, ,
3, ,243, ,
1, ,242, ,
1, ,243, ,
3, ,243, ,
1, ,244, ,
0, ,243, ,
3, ,242, ,
1, ,243, ,
1, ,243, ,
3, ,243, ,
1, ,243, ,
0, ,241, ,
3, ,243, ,
1, ,242, ,
1, ,243, ,
3, ,243, ,
1, ,243, ,
0, ,243, ,
3, ,242, ,
1, ,243, ,
1, ,243, ,
1, ,243, ,
1, ,243, ,
0, ,242, ,
3, ,243, ,
1, ,243, ,
1, ,242, ,
3, ,243, ,
3, ,243, ,
0, ,243, ,
3, ,243, ,
1, ,243, ,
1, ,243, ,
3, ,242, ,
1, ,243, ,
0, ,244, ,
3, ,244, ,
1, ,243, ,
1, ,242, ,
3, ,243, ,
1, ,243, ,
0, ,243, ,
3, ,243, ,
1, ,242, ,
1, ,243, ,
1, ,242, ,
1, ,243, ,
0, ,243, ,
3, ,243, ,
1, ,242, ,
1, ,243, ,
1, ,242, ,
1, ,243, ,
0, ,243, ,
3, ,242, ,
1, ,243, ,
1, ,243, ,
3, ,242, ,
3, ,243, ,
0, ,242, ,
3, ,243, ,
1, ,242, ,
1, ,243, ,
1, ,242, ,
1, ,243, ,
0, ,243, ,
3, ,243, ,
1, ,243, ,
1, ,243, ,
1, ,242, ,
3, ,243, ,
0, ,242, ,
3, ,243, ,
1, ,243, ,
1, ,242, ,
1, ,242, ,
3, ,243, ,
0, ,242, ,
3, ,243, ,
1, ,243, ,
1, ,243, ,
3, ,241, ,
1, ,243, ,
0, ,242, ,
3, ,244, ,
1, ,243, ,
1, ,242, ,
1, ,243, ,
1, ,244, ,
0, ,243, ,
3, ,242, ,
1, ,243, ,
1, ,243, ,
1, ,243, ,
1, ,243, ,
0, ,242, ,
3, ,243, ,
1, ,243, ,
1, ,243, ,
1, ,244, ,
1, ,243, ,
0, ,242, ,
3, ,243, ,
1, ,243, ,
1, ,243, ,
1, ,242, ,
1, ,243, ,
0, ,243, ,
3, ,243, ,
1, ,242, ,
1, ,243, ,
1, ,242, ,
1, ,243, ,
0, ,243, ,
3, ,243, ,
1, ,243, ,
1, ,243, ,
3, ,242, ,
3, ,242, ,
0, ,242, ,
3, ,243, ,
1, ,243, ,
1, ,242, ,
1, ,243, ,
1, ,243, ,
0, ,241, ,
3, ,243, ,
1, ,242, ,
1, ,243, ,
1, ,242, ,
1, ,243, ,
0, ,243, ,
3, ,244, ,
1, ,243, ,
1, ,243, ,
1, ,243, ,
1, ,243, ,
0, ,242, ,
3, ,243, ,
1, ,243, ,
1, ,243, ,
1, ,242, ,
3, ,242, ,
0, ,243, ,
3, ,243, ,
1, ,243, ,
1, ,242, ,
3, ,243, ,
3, ,243, ,
0, ,243, ,
3, ,243, ,
1, ,243, ,
1, ,243, ,
1, ,242, ,
1, ,243, ,
0, ,243, ,
3, ,243, ,
1, ,243, ,
1, ,242, ,
1, ,243, ,
3, ,244, ,
0, ,243, ,
3, ,243, ,
1, ,243, ,
1, ,243, ,
1, ,243, ,
1, ,242, ,
0, ,243, ,
3, ,243, ,
1, ,243, ,
1, ,242, ,
1, ,243, ,
3, ,243, ,
0, ,242, ,
3, ,243, ,
1, ,243, ,
1, ,243, ,
1, ,243, ,
1, ,242, ,
0, ,242, ,
3, ,243, ,
1, ,242, ,
1, ,242, ,
1, ,243, ,
1, ,243, ,
0, ,243, ,
1, ,243, ,
0, ,243, ,
1, ,244, ,
1, ,241, ,
1, ,243, ,
0, ,243, ,
3, ,243, ,
0, ,243, ,
1, ,243, ,
1, ,243, ,
1, ,243, ,
0, ,243, ,
3, ,242, ,
1, ,243, ,
1, ,243, ,
1, ,243, ,
1, ,243, ,
0, ,243, ,
3, ,243, ,
1, ,243, ,
1, ,243, ,
1, ,243, ,
1, ,243, ,
0, ,242, ,
3, ,243, ,
1, ,243, ,
1, ,243, ,
1, ,241, ,
1, ,242, ,
0, ,243, ,
3, ,243, ,
1, ,243, ,
1, ,242, ,
1, ,243, ,
1, ,243, ,
0, ,242, ,
3, ,243, ,
1, ,243, ,
1, ,241, ,
1, ,239, ,
1, ,240, ,
0, ,242, ,
1, ,248, ,
0, ,249, ,
1, ,246, ,
1, ,239, ,
1, ,236, ,
0, ,241, ,
3, ,244, ,
1, ,245, ,
1, ,242, ,
1, ,241, ,
1, ,243, ,
0, ,243, ,
3, ,243, ,
1, ,243, ,
1, ,243, ,
3, ,242, ,
3, ,242, ,
0, ,241, ,
3, ,241, ,
0, ,242, ,
1, ,243, ,
1, ,243, ,
1, ,242, ,
0, ,241, ,
3, ,243, ,
1, ,243, ,
1, ,242, ,
1, ,241, ,
1, ,242, ,
0, ,241, ,
3, ,244, ,
1, ,243, ,
1, ,243, ,
1, ,242, ,
3, ,242, ,
0, ,241, ,
3, ,243, ,
1, ,242, ,
1, ,242, ,
1, ,242, ,
3, ,243, ,
0, ,242, ,
3, ,243, ,
0, ,242, ,
1, ,242, ,
1, ,241, ,
1, ,241, ,
0, ,243, ,
3, ,243, ,
0, ,243, ,
1, ,242, ,
1, ,243, ,
1, ,243, ,
0, ,242, ,
3, ,242, ,
1, ,242, ,
1, ,243, ,
1, ,241, ,
1, ,242, ,
0, ,243, ,
3, ,243, ,
1, ,243, ,
1, ,242, ,
1, ,242, ,
3, ,242, ,
0, ,243, ,
3, ,242, ,
1, ,243, ,
1, ,243, ,
3, ,241, ,
1, ,242, ,
0, ,243, ,
3, ,243, ,
1, ,243, ,
1, ,243, ,
1, ,243, ,
1, ,243, ,
0, ,242, ,
3, ,242, ,
1, ,243, ,
1, ,243, ,
1, ,242, ,
1, ,243, ,
0, ,242, ,
3, ,243, ,
0, ,243, ,
1, ,242, ,
3, ,243, ,
1, ,243, ,
0, ,242, ,
3, ,243, ,
0, ,242, ,
1, ,243, ,
3, ,242, ,
1, ,242, ,
0, ,242, ,
3, ,243, ,
0, ,243, ,
1, ,242, ,
1, ,243, ,
1, ,243, ,
0, ,242, ,
3, ,243, ,
0, ,242, ,
1, ,244, ,
1, ,243, ,
1, ,243, ,
0, ,244, ,
1, ,243, ,
1, ,242, ,
1, ,243, ,
1, ,243, ,
1, ,243, ,
0, ,243, ,
3, ,244, ,
1, ,243, ,
1, ,243, ,
1, ,242, ,
1, ,243, ,
0, ,244, ,
3, ,244, ,
0, ,243, ,
1, ,243, ,
1, ,243, ,
1, ,243, ,
0, ,243, ,
3, ,242, ,
0, ,243, ,
1, ,243, ,
1, ,243, ,
1, ,243, ,
0, ,243, ,
3, ,243, ,
0, ,243, ,
0, ,243, ,
1, ,242, ,
1, ,243, ,
0, ,243, ,
3, ,242, ,
1, ,244, ,
1, ,243, ,
1, ,243, ,
3, ,243, ,
0, ,243, ,
3, ,244, ,
0, ,244, ,
1, ,243, ,
1, ,243, ,
1, ,243, ,
0, ,243, ,
3, ,243, ,
1, ,244, ,
1, ,243, ,
1, ,241, ,
1, ,243, ,
0, ,242, ,
3, ,243, ,
1, ,243, ,
1, ,243, ,
1, ,243, ,
3, ,244, ,
123, ,243, ,
72, ,243, ,
44, ,244, ,
32, ,243, ,
23, ,241, ,
13, ,243, ,
6, ,243, ,
9, ,243, ,
6, ,243, ,
6, ,243, ,
5, ,243, ,
4, ,243, ,
4, ,243, ,
5, ,243, ,
3, ,243, ,
4, ,243, ,
4, ,242, ,
4, ,243, ,
1, ,243, ,
4, ,243, ,
3, ,243, ,
3, ,243, ,
4, ,243, ,
4, ,243, ,
3, ,243, ,
4, ,243, ,
3, ,243, ,
3, ,243, ,
4, ,242, ,
4, ,242, ,
3, ,243, ,
4, ,243, ,
3, ,243, ,
3, ,242, ,
4, ,243, ,
4, ,243, ,
3, ,242, ,
4, ,242, ,
3, ,243, ,
3, ,243, ,
4, ,242, ,
4, ,243, ,
3, ,242, ,
4, ,243, ,
3, ,243, ,
3, ,243, ,
4, ,242, ,
4, ,243, ,
1, ,243, ,
4, ,243, ,
3, ,243, ,
3, ,243, ,
4, ,243, ,
4, ,243, ,
1, ,242, ,
4, ,243, ,
3, ,243, ,
3, ,243, ,
3, ,243, ,
4, ,244, ,
1, ,243, ,
4, ,243, ,
3, ,243, ,
3, ,243, ,
4, ,243, ,
3, ,243, ,
1, ,243, ,
4, ,243, ,
1, ,243, ,
3, ,243, ,
3, ,243, ,
4, ,243, ,
1, ,242, ,
4, ,243, ,
3, ,243, ,
3, ,243, ,
4, ,243, ,
3, ,243, ,
1, ,243, ,
4, ,243, ,
1, ,243, ,
3, ,243, ,
3, ,243, ,
3, ,243, ,
1, ,242, ,
4, ,242, ,
1, ,244, ,
3, ,244, ,
3, ,243, ,
3, ,242, ,
1, ,243, ,
4, ,243, ,
1, ,243, ,
3, ,242, ,
4, ,242, ,
3, ,243, ,
1, ,243, ,
4, ,244, ,
1, ,243, ,
3, ,243, ,
4, ,242, ,
4, ,243, ,
1, ,243, ,
4, ,243, ,
3, ,243, ,
3, ,242, ,
4, ,243, ,
4, ,243, ,
1, ,242, ,
4, ,243, ,
1, ,243, ,
3, ,243, ,
3, ,243, ,
4, ,243, ,
1, ,242, ,
4, ,243, ,
3, ,243, ,
3, ,242, ,
3, ,243, ,
3, ,243, ,
1, ,243, ,
4, ,242, ,
3, ,243, ,
3, ,243, ,
3, ,243, ,
3, ,243, ,
1, ,243, ,
4, ,243, ,
3, ,243, ,
3, ,242, ,
3, ,243, ,
3, ,243, ,
1, ,243, ,
4, ,243, ,
3, ,243, ,
3, ,243, ,
3, ,243, ,
3, ,243, ,
1, ,243, ,
4, ,243, ,
1, ,243, ,
3, ,242, ,
3, ,243, ,
3, ,243, ,
1, ,243, ,
4, ,243, ,
1, ,243, ,
3, ,243, ,
3, ,243, ,
3, ,242, ,
1, ,243, ,
4, ,243, ,
1, ,243, ,
3, ,243, ,
3, ,242, ,
3, ,243, ,
1, ,242, ,
4, ,243, ,
3, ,244, ,
3, ,243, ,
3, ,242, ,
3, ,243, ,
1, ,243, ,
4, ,243, ,
1, ,242, ,
3, ,243, ,
3, ,243, ,
3, ,243, ,
1, ,243, ,
4, ,243, ,
3, ,243, ,
3, ,243, ,
3, ,242, ,
3, ,243, ,
1, ,243, ,
4, ,243, ,
1, ,243, ,
3, ,243, ,
3, ,243, ,
3, ,243, ,
1, ,243, ,
4, ,243, ,
1, ,243, ,
3, ,244, ,
3, ,243, ,
3, ,243, ,
1, ,243, ,
4, ,243, ,
1, ,243, ,
3, ,243, ,
3, ,243, ,
1, ,243, ,
0, ,242, ,
3, ,243, ,
1, ,242, ,
3, ,243, ,
3, ,243, ,
3, ,243, ,
1, ,243, ,
4, ,243, ,
1, ,243, ,
3, ,243, ,
3, ,243, ,
3, ,243, ,
1, ,242, ,
3, ,243, ,
3, ,243, ,
3, ,243, ,
3, ,241, ,
3, ,243, ,
1, ,243, ,
4, ,243, ,
1, ,243, ,
3, ,242, ,
3, ,242, ,
3, ,243, ,
1, ,243, ,
4, ,243, ,
1, ,243, ,
3, ,243, ,
3, ,241, ,
3, ,242, ,
1, ,242, ,
3, ,243, ,
1, ,243, ,
3, ,243, ,
3, ,243, ,
3, ,243, ,
1, ,243, ,
3, ,243, ,
1, ,240, ,
3, ,240, ,
3, ,243, ,
3, ,248, ,
1, ,247, ,
4, ,242, ,
1, ,240, ,
3, ,243, ,
3, ,243, ,
3, ,243, ,
1, ,243, ,
3, ,243, ,
1, ,242, ,
3, ,243, ,
3, ,243, ,
3, ,243, ,
1, ,242, ,
3, ,243, ,
1, ,244, ,
3, ,242, ,
3, ,242, ,
3, ,243, ,
1, ,243, ,
4, ,243, ,
1, ,243, ,
3, ,243, ,
3, ,243, ,
3, ,243, ,
1, ,243, ,
3, ,243, ,
1, ,243, ,
3, ,243, ,
3, ,243, ,
3, ,242, ,
1, ,243, ,
4, ,243, ,
1, ,243, ,
3, ,243, ,
3, ,243, ,
3, ,242, ,
1, ,243, ,
3, ,243, ,
1, ,243, ,
1, ,243, ,
3, ,243, ,
3, ,243, ,
1, ,243, ,
3, ,243, ,
1, ,243, ,
3, ,244, ,
3, ,243, ,
3, ,243, ,
1, ,243, ,
3, ,243, ,
1, ,243, ,
3, ,243, ,
3, ,243, ,
3, ,243, ,
1, ,243, ,
3, ,243, ,
1, ,243, ,
3, ,243, ,
3, ,243, ,
3, ,243, ,
1, ,243, ,
3, ,243, ,
1, ,243, ,
3, ,242, ,
3, ,244, ,
3, ,243, ,
1, ,243, ,
3, ,242, ,
1, ,243, ,
3, ,244, ,
3, ,243, ,
3, ,243, ,
1, ,243, ,
3, ,243, ,
1, ,242, ,
3, ,242, ,
1, ,243, ,
3, ,242, ,
1, ,241, ,
3, ,243, ,
1, ,243, ,
3, ,244, ,
3, ,243, ,
3, ,244, ,
1, ,243, ,
3, ,243, ,
1, ,243, ,
1, ,242, ,
3, ,242, ,
3, ,243, ,
1, ,242, ,
3, ,243, ,
1, ,243, ,
1, ,243, ,
3, ,241, ,
1, ,243, ,
1, ,243, ,
3, ,243, ,
1, ,243, ,
1, ,242, ,
3, ,243, ,
1, ,243, ,
1, ,243, ,
3, ,243, ,
1, ,243, ,
1, ,243, ,
3, ,243, ,
3, ,242, ,
1, ,243, ,
3, ,243, ,
1, ,243, ,
3, ,242, ,
3, ,243, ,
3, ,243, ,
0, ,243, ,
3, ,243, ,
1, ,242, ,
1, ,243, ,
3, ,241, ,
1, ,243, ,
1, ,243, ,
3, ,244, ,
1, ,243, ,
1, ,242, ,
3, ,242, ,
1, ,243, ,
0, ,243, ,
3, ,242, ,
1, ,243, ,
1, ,243, ,
3, ,242, ,
3, ,242, ,
0, ,242, ,
3, ,243, ,
1, ,242, ,
1, ,243, ,
3, ,243, ,
3, ,244, ,
0, ,243, ,
3, ,243, ,
1, ,243, ,
1, ,243, ,
3, ,243, ,
3, ,242, ,
0, ,243, ,
3, ,243, ,
1, ,243, ,
3, ,242, ,
3, ,242, ,
1, ,243, ,
0, ,243, ,
3, ,242, ,
1, ,243, ,
3, ,243, ,
1, ,243, ,
1, ,242, ,
0, ,243, ,
3, ,243, ,
1, ,242, ,
1, ,242, ,
1, ,243, ,
3, ,243, ,
0, ,243, ,
3, ,243, ,
1, ,243, ,
1, ,243, ,
3, ,242, ,
3, ,242, ,
1, ,243, ,
3, ,242, ,
1, ,243, ,
1, ,243, ,
3, ,243, ,
3, ,243, ,
1, ,243, ,
3, ,243, ,
1, ,243, ,
1, ,243, ,
3, ,242, ,
1, ,243, ,
1, ,243, ,
3, ,243, ,
1, ,243, ,
3, ,243, ,
3, ,243, ,
1, ,243, ,
0, ,243, ,
3, ,242, ,
1, ,243, ,
1, ,244, ,
1, ,243, ,
1, ,243, ,
0, ,243, ,
3, ,243, ,
1, ,243, ,
1, ,242, ,
3, ,243, ,
3, ,243, ,
0, ,243, ,
3, ,243, ,
1, ,243, ,
1, ,243, ,
1, ,243, ,
1, ,243, ,
0, ,243, ,
3, ,242, ,
1, ,243, ,
1, ,242, ,
1, ,243, ,
3, ,243, ,
0, ,243, ,
3, ,242, ,
1, ,243, ,
1, ,243, ,
1, ,243, ,
3, ,242, ,
0, ,242, ,
3, ,243, ,
1, ,243, ,
3, ,242, ,
3, ,243, ,
3, ,243, ,
0, ,243, ,
3, ,243, ,
1, ,243, ,
1, ,243, ,
1, ,243, ,
3, ,243, ,
0, ,243, ,
3, ,243, ,
1, ,242, ,
1, ,242, ,
3, ,243, ,
3, ,243, ,
0, ,242, ,
3, ,243, ,
1, ,244, ,
1, ,243, ,
3, ,243, ,
1, ,243, ,
0, ,243, ,
3, ,243, ,
1, ,243, ,
3, ,243, ,
3, ,243, ,
1, ,243, ,
0, ,243, ,
3, ,243, ,
1, ,243, ,
1, ,243, ,
3, ,242, ,
1, ,242, ,
0, ,243, ,
3, ,242, ,
1, ,243, ,
1, ,242, ,
1, ,242, ,
1, ,243, ,
0, ,242, ,
3, ,242, ,
1, ,243, ,
1, ,243, ,
3, ,242, ,
3, ,243, ,
0, ,242, ,
3, ,243, ,
1, ,243, ,
1, ,242, ,
3, ,242, ,
1, ,242, ,
0, ,243, ,
3, ,242, ,
1, ,243, ,
1, ,243, ,
1, ,241, ,
3, ,243, ,
0, ,242, ,
3, ,243, ,
1, ,243, ,
1, ,242, ,
1, ,242, ,
3, ,243, ,
0, ,243, ,
3, ,243, ,
1, ,243, ,
1, ,243, ,
1, ,242, ,
3, ,242, ,
0, ,242, ,
3, ,243, ,
1, ,243, ,
1, ,243, ,
3, ,242, ,
3, ,243, ,
0, ,242, ,
3, ,243, ,
1, ,243, ,
1, ,243, ,
1, ,241, ,
1, ,243, ,
0, ,242, ,
3, ,242, ,
1, ,242, ,
1, ,243, ,
1, ,243, ,
3, ,243, ,
0, ,241, ,
3, ,241, ,
1, ,243, ,
1, ,243, ,
3, ,241, ,
3, ,242, ,
0, ,243, ,
3, ,243, ,
0, ,242, ,
1, ,243, ,
3, ,243, ,
1, ,243, ,
0, ,243, ,
3, ,242, ,
1, ,243, ,
1, ,243, ,
1, ,243, ,
1, ,242, ,
0, ,242, ,
3, ,243, ,
1, ,242, ,
1, ,243, ,
1, ,243, ,
1, ,243, ,
0, ,242, ,
3, ,242, ,
1, ,243, ,
1, ,242, ,
3, ,243, ,
3, ,243, ,
0, ,242, ,
3, ,243, ,
1, ,243, ,
1, ,243, ,
1, ,242, ,
3, ,244, ,
0, ,243, ,
3, ,243, ,
1, ,243, ,
1, ,243, ,
1, ,241, ,
1, ,242, ,
0, ,243, ,
3, ,243, ,
1, ,243, ,
1, ,242, ,
1, ,242, ,
3, ,243, ,
0, ,243, ,
3, ,243, ,
1, ,243, ,
1, ,243, ,
1, ,242, ,
1, ,242, ,
0, ,242, ,
3, ,243, ,
1, ,242, ,
1, ,243, ,
1, ,242, ,
3, ,243, ,
0, ,241, ,
3, ,243, ,
1, ,243, ,
1, ,243, ,
1, ,242, ,
1, ,243, ,
0, ,243, ,
3, ,243, ,
0, ,243, ,
1, ,243, ,
1, ,243, ,
3, ,243, ,
0, ,243, ,
3, ,242, ,
1, ,243, ,
1, ,243, ,
1, ,241, ,
3, ,242, ,
0, ,243, ,
3, ,243, ,
1, ,243, ,
1, ,243, ,
1, ,242, ,
1, ,243, ,
0, ,243, ,
3, ,243, ,
1, ,243, ,
1, ,243, ,
1, ,243, ,
1, ,243, ,
0, ,243, ,
3, ,243, ,
1, ,243, ,
1, ,242, ,
1, ,243, ,
1, ,243, ,
0, ,243, ,
3, ,243, ,
1, ,243, ,
1, ,243, ,
1, ,243, ,
3, ,243, ,
0, ,243, ,
3, ,243, ,
1, ,242, ,
1, ,242, ,
3, ,243, ,
1, ,243, ,
0, ,241, ,
3, ,243, ,
1, ,245, ,
1, ,243, ,
1, ,243, ,
1, ,242, ,
0, ,243, ,
3, ,243, ,
1, ,242, ,
1, ,242, ,
1, ,243, ,
3, ,243, ,
0, ,243, ,
3, ,243, ,
1, ,243, ,
1, ,243, ,
1, ,243, ,
3, ,243, ,
0, ,243, ,
3, ,243, ,
1, ,243, ,
1, ,243, ,
1, ,243, ,
1, ,244, ,
0, ,242, ,
3, ,243, ,
1, ,243, ,
1, ,243, ,
1, ,243, ,
1, ,242, ,
0, ,241, ,
3, ,243, ,
1, ,242, ,
1, ,243, ,
1, ,242, ,
1, ,243, ,
0, ,242, ,
3, ,243, ,
1, ,243, ,
1, ,243, ,
3, ,241, ,
3, ,243, ,
0, ,243, ,
3, ,243, ,
1, ,243, ,
1, ,242, ,
3, ,242, ,
1, ,243, ,
0, ,243, ,
3, ,242, ,
0, ,243, ,
1, ,243, ,
3, ,241, ,
1, ,242, ,
0, ,242, ,
3, ,243, ,
0, ,243, ,
1, ,242, ,
1, ,242, ,
1, ,243, ,
0, ,241, ,
3, ,243, ,
1, ,242, ,
0, ,243, ,
1, ,243, ,
3, ,242, ,
0, ,242, ,
3, ,243, ,
1, ,242, ,
1, ,242, ,
3, ,242, ,
1, ,243, ,
0, ,243, ,
3, ,243, ,
1, ,242, ,
1, ,243, ,
1, ,241, ,
1, ,242, ,
0, ,243, ,
3, ,242, ,
0, ,243, ,
1, ,242, ,
1, ,242, ,
3, ,243, ,
0, ,242, ,
3, ,243, ,
0, ,243, ,
1, ,243, ,
1, ,242, ,
3, ,243, ,
0, ,243, ,
3, ,243, ,
1, ,243, ,
0, ,242, ,
1, ,242, ,
1, ,243, ,
0, ,243, ,
3, ,243, ,
1, ,243, ,
1, ,243, ,
1, ,242, ,
1, ,242, ,
0, ,243, ,
3, ,243, ,
1, ,243, ,
1, ,243, ,
3, ,242, ,
1, ,243, ,
0, ,242, ,
3, ,241, ,
1, ,242, ,
1, ,242, ,
1, ,243, ,
1, ,243, ,
0, ,244, ,
3, ,244, ,
0, ,243, ,
1, ,242, ,
1, ,243, ,
3, ,243, ,
0, ,241, ,
3, ,243, ,
1, ,243, ,
1, ,243, ,
1, ,243, ,
1, ,243, ,
0, ,243, ,
3, ,243, ,
0, ,243, ,
1, ,242, ,
1, ,243, ,
1, ,243, ,
0, ,243, ,
3, ,242, ,
1, ,243, ,
0, ,243, ,
1, ,243, ,
1, ,242, ,
0, ,243, ,
3, ,243, ,
0, ,243, ,
1, ,243, ,
1, ,243, ,
1, ,243, ,
0, ,243, ,
3, ,243, ,
1, ,242, ,
1, ,243, ,
1, ,243, ,
1, ,242, ,
0, ,243, ,
3, ,243, ,
1, ,243, ,
1, ,242, ,
1, ,242, ,
1, ,243, ,
0, ,242, ,
3, ,243, ,
1, ,243, ,
1, ,243, ,
1, ,243, ,
1, ,242, ,
0, ,243, ,
3, ,243, ,
1, ,243, ,
1, ,243, ,
1, ,243, ,
1, ,243, ,
0, ,242, ,
3, ,243, ,
1, ,243, ,
1, ,243, ,
1, ,242, ,
1, ,243, ,
0, ,243, ,
3, ,243, ,
1, ,242, ,
1, ,242, ,
1, ,243, ,
1, ,243, ,
0, ,243, ,
3, ,243, ,
1, ,243, ,
1, ,243, ,
1, ,243, ,
1, ,242, ,
0, ,242, ,
3, ,243, ,
0, ,243, ,
1, ,242, ,
1, ,243, ,
1, ,244, ,
0, ,242, ,
3, ,243, ,
0, ,242, ,
1, ,243, ,
1, ,241, ,
1, ,243, ,
0, ,243, ,
3, ,243, ,
0, ,243, ,
1, ,243, ,
1, ,242, ,
1, ,240, ,
0, ,237, ,
3, ,241, ,
0, ,246, ,
1, ,249, ,
1, ,248, ,
1, ,241, ,
0, ,236, ,
3, ,240, ,
0, ,244, ,
1, ,245, ,
1, ,242, ,
1, ,243, ,
0, ,242, ,
1, ,242, ,
1, ,243, ,
1, ,243, ,
1, ,243, ,
1, ,243, ,
0, ,242, ,
1, ,242, ,
0, ,243, ,
1, ,243, ,
1, ,243, ,
3, ,243, ,
0, ,243, ,
1, ,242, ,
1, ,242, ,
1, ,243, ,
1, ,243, ,
1, ,242, ,
0, ,242, ,
3, ,243, ,
0, ,243, ,
1, ,242, ,
1, ,242, ,
1, ,243, ,
0, ,242, ,
3, ,243, ,
0, ,243, ,
0, ,243, ,
1, ,242, ,
1, ,242, ,
0, ,243, ,
3, ,243, ,
0, ,243, ,
1, ,242, ,
1, ,242, ,
3, ,243, ,
0, ,242, ,
3, ,243, ,
1, ,243, ,
0, ,243, ,
1, ,243, ,
1, ,242, ,
0, ,243, ,
3, ,243, ,
1, ,243, ,
1, ,242, ,
1, ,242, ,
1, ,243, ,
0, ,242, ,
3, ,242, ,
1, ,243, ,
1, ,243, ,
1, ,243, ,
1, ,243, ,
0, ,242, ,
1, ,243, ,
0, ,243, ,
1, ,242, ,
1, ,242, ,
1, ,243, ,
0, ,242, ,
3, ,242, ,
0, ,242, ,
1, ,243, ,
1, ,240, ,
1, ,243, ,
0, ,242, ,
3, ,243, ,
0, ,242, ,
0, ,242, ,
1, ,242, ,
1, ,243, ,
0, ,242, ,
3, ,242, ,
0, ,242, ,
1, ,242, ,
1, ,242, ,
1, ,242, ,
0, ,242, ,
3, ,243, ,
1, ,242, ,
0, ,243, ,
1, ,242, ,
1, ,243, ,
0, ,242, ,
3, ,243, ,
1, ,243, ,
1, ,243, ,
1, ,242, ,
1, ,242, ,
0, ,243, ,
1, ,243, ,
1, ,242, ,
1, ,242, ,
1, ,242, ,
1, ,243, ,
0, ,243, ,
3, ,243, ,
1, ,243, ,
1, ,242, ,
1, ,242, ,
1, ,243, ,
0, ,243, ,
1, ,244, ,
0, ,244, ,
1, ,244, ,
1, ,243, ,
1, ,243, ,
0, ,242, ,
3, ,243, ,
1, ,243, ,
1, ,244, ,
1, ,243, ,
1, ,243, ,
0, ,243, ,
1, ,243, ,
0, ,243, ,
1, ,242, ,
1, ,243, ,
1, ,244, ,
0, ,243, ,
3, ,243, ,
1, ,243, ,
1, ,244, ,
1, ,243, ,
1, ,243, ,
0, ,243, ,
3, ,243, ,
0, ,242, ,
1, ,242, ,
1, ,243, ,
1, ,243, ,
0, ,243, ,
3, ,243, ,
0, ,243, ,
1, ,243, ,
1, ,243, ,
1, ,243, ,
0, ,244, ,
3, ,243, ,
0, ,243, ,
1, ,243, ,
1, ,243, ,
1, ,243, ,
0, ,242, ,
3, ,243, ,
0, ,243, ,
1, ,243, ,
1, ,243, ,
1, ,243, ,
0, ,243, ,
1, ,243, ,
0, ,243, ,
0, ,244, ,
1, ,243, ,
1, ,243, ,
0, ,243, ,
3, ,243, ,
0, ,243, ,
1, ,244, ,
1, ,243, ,
1, ,243, ,
0, ,243, ,
3, ,244, ,
0, ,243, ,
1, ,243, ,
1, ,242, ,
3, ,243, ,
0, ,242, ,
3, ,243, ,
1, ,242, ,
1, ,243, ,
1, ,243, ,
1, ,243, ,
0, ,243, ,
3, ,243, ,
0, ,243, ,
1, ,242, ,
1, ,243, ,
3, ,243, ,
0, ,243, ,
3, ,243, ,
0, ,243, ,
1, ,243, ,
1, ,242, ,
1, ,243, ,
0, ,243, ,
3, ,243, ,
0, ,243, ,
0, ,242, ,
1, ,243, ,
1, ,243, ,
0, ,243, ,
3, ,243, ,
1, ,243, ,
0, ,243, ,
1, ,243, ,
1, ,243, ,
0, ,243, ,
1, ,243, ,
0, ,243, ,
1, ,242, ,
1, ,243, ,
1, ,243, ,
0, ,243, ,
3, ,242, ,
0, ,243, ,
0, ,243, ,
1, ,243, ,
1, ,242, ,
0, ,243, ,
3, ,243, ,
0, ,243, ,
1, ,243, ,
1, ,242, ,
1, ,243, ,
0, ,242, ,
1, ,242, ,
0, ,242, ,
1, ,242, ,
1, ,243, ,
1, ,243, ,
0, ,243, ,
3, ,243, ,
0, ,243, ,
1, ,242, ,
1, ,243, ,
1, ,243, ,
0, ,243, ,
3, ,243, ,
0, ,243, ,
1, ,243, ,
1, ,243, ,
1, ,243, ,
0, ,242, ,
3, ,243, ,
0, ,242, ,
1, ,243, ,
1, ,243, ,
1, ,243, ,
0, ,243, ,
1, ,243, ,
0, ,243, ,
1, ,243, ,
1, ,243, ,
1, ,242, ,
0, ,243, ,
1, ,243, ,
0, ,243, ,
1, ,244, ,
1, ,243, ,
1, ,243, ,
0, ,243, ,
3, ,243, ,
0, ,243, ,
1, ,243, ,
3, ,243, ,
1, ,242, ,
0, ,243, ,
3, ,243, ,
0, ,243, ,
1, ,242, ,
1, ,243, ,
1, ,243, ,
0, ,243, ,
3, ,243, ,
1, ,243, ,
1, ,243, ,
1, ,243, ,
1, ,242, ,
0, ,243, ,
3, ,243, ,
0, ,242, ,
1, ,243, ,
1, ,242, ,
1, ,243, ,
0, ,243, ,
3, ,243, ,
0, ,243, ,
0, ,243, ,
1, ,242, ,
1, ,243, ,
0, ,243, ,
1, ,243, ,
0, ,243, ,
1, ,243, ,
1, ,242, ,
1, ,243, ,
0, ,242, ,
3, ,243, ,
0, ,242, ,
1, ,243, ,
1, ,243, ,
1, ,243, ,
0, ,242, ,
3, ,243, ,
0, ,242, ,
1, ,242, ,
1, ,243, ,
1, ,243, ,
0, ,242, ,
3, ,243, ,
0, ,243, ,
1, ,242, ,
1, ,243, ,
1, ,243, ,
0, ,243, ,
3, ,243, ,
0, ,243, ,
0, ,243, ,
1, ,243, ,
1, ,243, ,
0, ,242, ,
3, ,242, ,
1, ,243, ,
0, ,243, ,
1, ,243, ,
1, ,243, ,
0, ,243, ,
3, ,243, ,
1, ,243, ,
1, ,243, ,
1, ,242, ,
1, ,243, ,
0, ,242, ,
3, ,243, ,
0, ,243, ,
1, ,243, ,
1, ,242, ,
1, ,243, ,
0, ,243, ,
1, ,243, ,
0, ,243, ,
1, ,243, ,
1, ,243, ,
1, ,243, ,
0, ,242, ,
3, ,243, ,
1, ,243, ,
0, ,243, ,
1, ,241, ,
1, ,242, ,
0, ,243, ,
3, ,244, ,
0, ,243, ,
1, ,243, ,
1, ,243, ,
1, ,243, ,
0, ,242, ,
3, ,243, ,
0, ,243, ,
1, ,244, ,
1, ,243, ,
1, ,243, ,
0, ,243, ,
3, ,243, ,
0, ,243, ,
1, ,242, ,
1, ,243, ,
1, ,243, ,
0, ,243, ,
3, ,243, ,
0, ,244, ,
1, ,243, ,
1, ,243, ,
1, ,243, ,
0, ,242, ,
1, ,243, ,
0, ,243, ,
0, ,243, ,
1, ,243, ,
1, ,245, ,
0, ,243, ,
3, ,243, ,
0, ,243, ,
0, ,243, ,
1, ,242, ,
1, ,243, ,
0, ,243, ,
3, ,243, ,
1, ,243, ,
1, ,243, ,
1, ,243, ,
1, ,243, ,
-1, ,243, ,
3, ,242, ,
0, ,243, ,
1, ,243, ,
1, ,242, ,
1, ,243, ,
-1, ,242, ,
1, ,243, ,
0, ,242, ,
1, ,242, ,
1, ,243, ,
1, ,243, ,
-1, ,243, ,
3, ,243, ,
0, ,243, ,
1, ,243, ,
1, ,243, ,
1, ,242, ,
0, ,243, ,
3, ,243, ,
0, ,243, ,
0, ,243, ,
1, ,243, ,
1, ,243, ,
0, ,243, ,
1, ,243, ,
0, ,243, ,
1, ,243, ,
1, ,243, ,
1, ,243, ,
0, ,243, ,
1, ,243, ,
0, ,243, ,
1, ,243, ,
1, ,243, ,
1, ,243, ,
0, ,242, ,
1, ,243, ,
0, ,243, ,
1, ,243, ,
1, ,243, ,
1, ,243, ,
0, ,243, ,
1, ,243, ,
0, ,243, ,
1, ,243, ,
1, ,243, ,
1, ,243, ,
0, ,242, ,
3, ,243, ,
0, ,243, ,
1, ,243, ,
1, ,242, ,
1, ,242, ,
0, ,242, ,
3, ,243, ,
0, ,243, ,
1, ,243, ,
1, ,243, ,
1, ,243, ,
0, ,243, ,
1, ,243, ,
0, ,243, ,
1, ,243, ,
1, ,243, ,
1, ,243, ,
0, ,242, ,
3, ,243, ,
0, ,243, ,
0, ,243, ,
1, ,242, ,
1, ,243, ,
0, ,243, ,
1, ,243, ,
1, ,243, ,
1, ,243, ,
1, ,242, ,
1, ,243, ,
0, ,243, ,
1, ,243, ,
0, ,243, ,
1, ,242, ,
1, ,243, ,
1, ,243, ,
0, ,243, ,
3, ,243, ,
1, ,243, ,
0, ,243, ,
1, ,243, ,
1, ,243, ,
0, ,243, ,
3, ,243, ,
0, ,243, ,
1, ,242, ,
1, ,243, ,
1, ,243, ,
0, ,242, ,
1, ,242, ,
0, ,243, ,
1, ,243, ,
1, ,242, ,
1, ,243, ,
0, ,243, ,
3, ,243, ,
0, ,243, ,
1, ,242, ,
1, ,243, ,
1, ,243, ,
0, ,243, ,
3, ,243, ,
0, ,243, ,
1, ,243, ,
1, ,242, ,
1, ,243, ,
0, ,242, ,
3, ,243, ,
0, ,243, ,
1, ,242, ,
1, ,243, ,
1, ,243, ,
0, ,242, ,
3, ,243, ,
0, ,243, ,
0, ,243, ,
1, ,242, ,
1, ,243, ,
0, ,242, ,
3, ,243, ,
0, ,242, ,
1, ,243, ,
1, ,242, ,
1, ,243, ,
0, ,243, ,
1, ,242, ,
0, ,243, ,
0, ,243, ,
1, ,242, ,
1, ,242, ,
0, ,243, ,
1, ,243, ,
0, ,243, ,
1, ,243, ,
1, ,243, ,
1, ,243, ,
0, ,242, ,
1, ,243, ,
0, ,243, ,
0, ,243, ,
1, ,243, ,
1, ,242, ,
0, ,243, ,
1, ,243, ,
0, ,242, ,
1, ,243, ,
1, ,243, ,
1, ,243, ,
0, ,242, ,
1, ,243, ,
0, ,244, ,
0, ,243, ,
1, ,243, ,
1, ,243, ,
0, ,242, ,
3, ,243, ,
0, ,242, ,
0, ,242, ,
1, ,243, ,
1, ,244, ,
0, ,243, ,
1, ,243, ,
0, ,243, ,
1, ,244, ,
1, ,243, ,
1, ,242, ,
0, ,243, ,
1, ,243, ,
0, ,244, ,
1, ,243, ,
1, ,243, ,
1, ,242, ,
0, ,243, ,
3, ,244, ,
0, ,244, ,
1, ,242, ,
1, ,241, ,
1, ,243, ,
0, ,243, ,
3, ,243, ,
0, ,243, ,
1, ,242, ,
1, ,243, ,
1, ,243, ,
0, ,242, ,
1, ,243, ,
0, ,243, ,
0, ,243, ,
1, ,242, ,
1, ,242, ,
0, ,243, ,
1, ,243, ,
0, ,243, ,
1, ,243, ,
1, ,243, ,
1, ,243, ,
-1, ,243, ,
3, ,242, ,
0, ,242, ,
1, ,243, ,
1, ,242, ,
1, ,243, ,
0, ,243, ,
3, ,243, ,
0, ,243, ,
1, ,243, ,
1, ,243, ,
1, ,243, ,
0, ,242, ,
1, ,243, ,
0, ,243, ,
0, ,242, ,
1, ,242, ,
1, ,243, ,
0, ,242, ,
3, ,243, ,
0, ,242, ,
0, ,243, ,
1, ,242, ,
1, ,243, ,
0, ,243, ,
3, ,243, ,
1, ,243, ,
0, ,243, ,
1, ,242, ,
1, ,245, ,
0, ,243, ,
3, ,243, ,
0, ,243, ,
1, ,242, ,
1, ,243, ,
3, ,243, ,
0, ,243, ,
1, ,243, ,
0, ,242, ,
0, ,243, ,
1, ,243, ,
1, ,244, ,
0, ,243, ,
3, ,243, ,
0, ,242, ,
1, ,242, ,
1, ,243, ,
1, ,243, ,
0, ,243, ,
3, ,243, ,
0, ,243, ,
1, ,243, ,
1, ,242, ,
1, ,242, ,
0, ,243, ,
3, ,243, ,
0, ,243, ,
0, ,243, ,
1, ,243, ,
1, ,243, ,
0, ,242, ,
3, ,243, ,
0, ,243, ,
1, ,243, ,
1, ,243, ,
1, ,243, ,
0, ,242, ,
3, ,242, ,
0, ,243, ,
0, ,242, ,
1, ,242, ,
1, ,244, ,
0, ,243, ,
1, ,242, ,
0, ,243, ,
1, ,243, ,
1, ,243, ,
1, ,242, ,
0, ,243, ,
1, ,243, ,
0, ,243, ,
1, ,243, ,
1, ,243, ,
1, ,243, ,
0, ,243, ,
1, ,242, ,
0, ,243, ,
1, ,243, ,
1, ,242, ,
1, ,243, ,
0, ,243, ,
3, ,243, ,
0, ,243, ,
1, ,242, ,
1, ,243, ,
1, ,242, ,
-1, ,242, ,
3, ,242, ,
0, ,243, ,
1, ,243, ,
1, ,242, ,
1, ,243, ,
0, ,243, ,
3, ,243, ,
0, ,243, ,
0, ,242, ,
1, ,243, ,
1, ,242, ,
0, ,242, ,
3, ,243, ,
0, ,244, ,
1, ,243, ,
1, ,243, ,
1, ,243, ,
0, ,242, ,
1, ,243, ,
0, ,243, ,
1, ,243, ,
1, ,243, ,
1, ,242, ,
-1, ,242, ,
3, ,242, ,
1, ,244, ,
0, ,243, ,
1, ,243, ,
1, ,243, ,
0, ,243, ,
3, ,243, ,
0, ,243, ,
1, ,243, ,
1, ,243, ,
1, ,243, ,
0, ,242, ,
1, ,243, ,
0, ,244, ,
1, ,243, ,
1, ,243, ,
1, ,243, ,
0, ,242, ,
1, ,243, ,
0, ,243, ,
1, ,242, ,
1, ,243, ,
1, ,243, ,
0, ,242, ,
3, ,243, ,
0, ,243, ,
0, ,243, ,
1, ,243, ,
1, ,243, ,
0, ,243, ,
1, ,243, ,
0, ,243, ,
1, ,243, ,
1, ,243, ,
1, ,243, ,
0, ,243, ,
1, ,243, ,
0, ,243, ,
0, ,243, ,
1, ,241, ,
1, ,243, ,
0, ,243, ,
1, ,243, ,
0, ,243, ,
0, ,243, ,
1, ,242, ,
1, ,243, ,
0, ,243, ,
1, ,243, ,
0, ,243, ,
1, ,243, ,
1, ,241, ,
1, ,244, ,
0, ,243, ,
1, ,243, ,
0, ,243, ,
0, ,243, ,
1, ,243, ,
3, ,243, ,
0, ,242, ,
3, ,242, ,
0, ,243, ,
0, ,243, ,
1, ,243, ,
1, ,242, ,
0, ,242, ,
1, ,242, ,
0, ,243, ,
0, ,243, ,
1, ,243, ,
1, ,243, ,
0, ,243, ,
1, ,242, ,
0, ,243, ,
1, ,244, ,
1, ,242, ,
1, ,241, ,
0, ,241, ,
1, ,243, ,
0, ,244, ,
1, ,243, ,
1, ,243, ,
1, ,243, ,
0, ,242, ,
1, ,241, ,
0, ,242, ,
0, ,243, ,
1, ,243, ,
1, ,243, ,
0, ,243, ,
1, ,243, ,
0, ,243, ,
1, ,242, ,
1, ,243, ,
1, ,243, ,
0, ,241, ,
3, ,243, ,
0, ,243, ,
0, ,243, ,
1, ,242, ,
1, ,243, ,
0, ,242, ,
3, ,243, ,
0, ,242, ,
1, ,243, ,
1, ,243, ,
1, ,243, ,
0, ,243, ,
3, ,243, ,
0, ,243, ,
1, ,243, ,
1, ,243, ,
1, ,242, ,
0, ,243, ,
1, ,243, ,
0, ,243, ,
0, ,243, ,
1, ,244, ,
1, ,243, ,
0, ,242, ,
3, ,243, ,
0, ,243, ,
0, ,243, ,
1, ,243, ,
1, ,242, ,
0, ,242, ,
3, ,243, ,
0, ,243, ,
1, ,243, ,
1, ,242, ,
1, ,243, ,
0, ,242, ,
1, ,243, ,
1, ,242, ,
0, ,243, ,
1, ,243, ,
1, ,242, ,
0, ,242, ,
1, ,243, ,
0, ,241, ,
1, ,243, ,
1, ,243, ,
1, ,244, ,
0, ,243, ,
1, ,242, ,
0, ,243, ,
1, ,243, ,
1, ,243, ,
1, ,243, ,
0, ,242, ,
13, ,243, ,
108, ,242, ,
69, ,242, ,
38, ,243, ,
22, ,243, ,
15, ,243, ,
14, ,243, ,
8, ,243, ,
5, ,243, ,
5, ,242, ,
4, ,243, ,
3, ,243, ,
5, ,243, ,
3, ,243, ,
3, ,242, ,
4, ,243, ,
4, ,243, ,
1, ,242, ,
4, ,242, ,
3, ,243, ,
3, ,243, ,
4, ,242, ,
4, ,243, ,
3, ,243, ,
4, ,243, ,
3, ,242, ,
3, ,243, ,
4, ,243, ,
4, ,243, ,
1, ,243, ,
4, ,243, ,
3, ,243, ,
3, ,243, ,
4, ,242, ,
4, ,243, ,
1, ,243, ,
4, ,243, ,
1, ,242, ,
3, ,242, ,
4, ,243, ,
4, ,244, ,
1, ,242, ,
4, ,242, ,
1, ,243, ,
3, ,243, ,
4, ,243, ,
4, ,243, ,
1, ,242, ,
4, ,243, ,
3, ,243, ,
4, ,243, ,
4, ,244, ,
4, ,243, ,
1, ,243, ,
4, ,243, ,
1, ,243, ,
3, ,243, ,
4, ,243, ,
4, ,243, ,
1, ,243, ,
4, ,243, ,
1, ,242, ,
3, ,243, ,
4, ,242, ,
4, ,243, ,
1, ,242, ,
4, ,243, ,
1, ,243, ,
3, ,243, ,
4, ,242, ,
4, ,242, ,
1, ,242, ,
4, ,243, ,
3, ,243, ,
3, ,243, ,
4, ,242, ,
4, ,243, ,
1, ,242, ,
4, ,243, ,
3, ,243, ,
3, ,243, ,
4, ,243, ,
4, ,243, ,
1, ,243, ,
4, ,243, ,
1, ,243, ,
3, ,243, ,
4, ,243, ,
4, ,242, ,
1, ,243, ,
4, ,243, ,
3, ,243, ,
3, ,243, ,
3, ,242, ,
4, ,243, ,
1, ,242, ,
4, ,243, ,
3, ,242, ,
3, ,242, ,
4, ,243, ,
3, ,243, ,
1, ,243, ,
4, ,243, ,
3, ,244, ,
3, ,243, ,
4, ,241, ,
4, ,243, ,
1, ,243, ,
4, ,243, ,
1, ,243, ,
3, ,242, ,
3, ,243, ,
3, ,243, ,
1, ,242, ,
4, ,243, ,
1, ,243, ,
3, ,243, ,
3, ,241, ,
4, ,242, ,
1, ,243, ,
4, ,243, ,
3, ,243, ,
3, ,243, ,
4, ,242, ,
3, ,243, ,
1, ,243, ,
4, ,243, ,
3, ,243, ,
3, ,243, ,
4, ,243, ,
4, ,243, ,
1, ,243, ,
4, ,243, ,
1, ,243, ,
3, ,243, ,
3, ,243, ,
3, ,243, ,
1, ,242, ,
4, ,243, ,
3, ,243, ,
3, ,243, ,
3, ,243, ,
3, ,242, ,
1, ,241, ,
4, ,239, ,
1, ,237, ,
3, ,242, ,
3, ,248, ,
3, ,250, ,
1, ,245, ,
4, ,237, ,
3, ,237, ,
3, ,242, ,
3, ,244, ,
3, ,243, ,
1, ,241, ,
4, ,243, ,
1, ,243, ,
3, ,243, ,
3, ,241, ,
3, ,243, ,
1, ,242, ,
4, ,242, ,
3, ,242, ,
3, ,242, ,
3, ,242, ,
3, ,244, ,
1, ,243, ,
4, ,242, ,
1, ,243, ,
1, ,242, ,
3, ,242, ,
3, ,243, ,
1, ,243, ,
4, ,242, ,
1, ,243, ,
3, ,243, ,
3, ,241, ,
3, ,242, ,
1, ,242, ,
3, ,243, ,
1, ,241, ,
1, ,243, ,
3, ,243, ,
3, ,243, ,
1, ,242, ,
3, ,242, ,
1, ,242, ,
1, ,243, ,
3, ,241, ,
3, ,243, ,
1, ,242, ,
3, ,243, ,
1, ,243, ,
3, ,242, ,
3, ,242, ,
3, ,243, ,
1, ,242, ,
4, ,241, ,
3, ,243, ,
3, ,243, ,
3, ,241, ,
3, ,243, ,
1, ,243, ,
3, ,243, ,
1, ,242, ,
1, ,242, ,
3, ,242, ,
3, ,243, ,
1, ,242, ,
4, ,243, ,
1, ,243, ,
3, ,242, ,
3, ,241, ,
3, ,242, ,
1, ,242, ,
4, ,242, ,
1, ,243, ,
3, ,242, ,
3, ,243, ,
3, ,243, ,
1, ,243, ,
3, ,243, ,
1, ,243, ,
3, ,243, ,
3, ,241, ,
3, ,243, ,
1, ,243, ,
3, ,243, ,
1, ,242, ,
3, ,243, ,
3, ,242, ,
3, ,243, ,
1, ,242, ,
3, ,242, ,
1, ,242, ,
3, ,242, ,
3, ,242, ,
3, ,242, ,
1, ,242, ,
3, ,243, ,
1, ,242, ,
3, ,243, ,
3, ,242, ,
3, ,242, ,
1, ,242, ,
4, ,243, ,
1, ,243, ,
3, ,242, ,
3, ,241, ,
3, ,244, ,
1, ,243, ,
3, ,244, ,
1, ,243, ,
3, ,242, ,
3, ,242, ,
3, ,243, ,
1, ,243, ,
3, ,243, ,
1, ,243, ,
3, ,245, ,
3, ,244, ,
3, ,242, ,
1, ,241, ,
3, ,243, ,
1, ,242, ,
1, ,243, ,
3, ,243, ,
3, ,243, ,
1, ,242, ,
3, ,243, ,
1, ,244, ,
1, ,243, ,
3, ,243, ,
3, ,243, ,
1, ,243, ,
3, ,243, ,
1, ,243, ,
3, ,243, ,
3, ,243, ,
3, ,243, ,
1, ,242, ,
3, ,243, ,
1, ,243, ,
3, ,243, ,
3, ,243, ,
3, ,243, ,
1, ,243, ,
3, ,243, ,
1, ,243, ,
3, ,243, ,
3, ,244, ,
3, ,243, ,
0, ,242, ,
3, ,243, ,
1, ,244, ,
3, ,243, ,
3, ,243, ,
3, ,242, ,
1, ,243, ,
3, ,243, ,
1, ,243, ,
1, ,242, ,
3, ,243, ,
3, ,243, ,
1, ,242, ,
3, ,243, ,
1, ,243, ,
3, ,243, ,
3, ,243, ,
3, ,243, ,
1, ,243, ,
3, ,243, ,
1, ,243, ,
3, ,243, ,
3, ,243, ,
3, ,243, ,
1, ,243, ,
3, ,243, ,
1, ,244, ,
3, ,243, ,
3, ,242, ,
3, ,243, ,
0, ,242, ,
3, ,243, ,
1, ,243, ,
1, ,243, ,
3, ,243, ,
3, ,243, ,
1, ,243, ,
3, ,243, ,
1, ,244, ,
1, ,243, ,
3, ,241, ,
3, ,243, ,
1, ,243, ,
3, ,243, ,
1, ,243, ,
1, ,243, ,
3, ,243, ,
1, ,244, ,
1, ,243, ,
3, ,243, ,
1, ,243, ,
3, ,243, ,
1, ,243, ,
1, ,243, ,
1, ,243, ,
3, ,243, ,
1, ,243, ,
1, ,242, ,
1, ,243, ,
3, ,243, ,
1, ,243, ,
3, ,243, ,
1, ,243, ,
1, ,244, ,
3, ,243, ,
3, ,245, ,
0, ,243, ,
3, ,243, ,
1, ,243, ,
1, ,243, ,
3, ,243, ,
3, ,243, ,
0, ,243, ,
3, ,242, ,
1, ,243, ,
1, ,243, ,
3, ,242, ,
3, ,243, ,
1, ,243, ,
3, ,242, ,
1, ,242, ,
1, ,243, ,
3, ,243, ,
3, ,245, ,
0, ,243, ,
3, ,242, ,
1, ,244, ,
1, ,243, ,
3, ,242, ,
3, ,243, ,
0, ,243, ,
3, ,244, ,
1, ,243, ,
1, ,243, ,
3, ,243, ,
1, ,243, ,
0, ,243, ,
3, ,243, ,
1, ,243, ,
1, ,243, ,
3, ,243, ,
3, ,243, ,
0, ,243, ,
3, ,244, ,
1, ,243, ,
1, ,242, ,
3, ,242, ,
1, ,243, ,
0, ,242, ,
3, ,243, ,
1, ,244, ,
1, ,243, ,
3, ,242, ,
1, ,243, ,
0, ,243, ,
3, ,243, ,
1, ,242, ,
1, ,243, ,
3, ,243, ,
1, ,243, ,
0, ,243, ,
3, ,243, ,
1, ,243, ,
1, ,243, ,
3, ,242, ,
1, ,234, ,
0, ,242, ,
3, ,251, ,
1, ,248, ,
1, ,242, ,
1, ,240, ,
1, ,243, ,
0, ,243, ,
3, ,242, ,
1, ,243, ,
1, ,244, ,
1, ,243, ,
3, ,242, ,
0, ,243, ,
3, ,243, ,
1, ,242, ,
1, ,243, ,
1, ,243, ,
3, ,243, ,
0, ,242, ,
3, ,243, ,
1, ,243, ,
1, ,243, ,
3, ,243, ,
3, ,244, ,
0, ,243, ,
3, ,243, ,
1, ,242, ,
3, ,243, ,
1, ,243, ,
1, ,244, ,
0, ,243, ,
3, ,243, ,
1, ,243, ,
1, ,243, ,
3, ,243, ,
3, ,243, ,
0, ,243, ,
3, ,243, ,
1, ,243, ,
1, ,243, ,
3, ,242, ,
1, ,243, ,
0, ,243, ,
3, ,243, ,
1, ,243, ,
1, ,243, ,
3, ,243, ,
1, ,243, ,
0, ,243, ,
3, ,243, ,
1, ,243, ,
1, ,243, ,
1, ,242, ,
3, ,244, ,
0, ,243, ,
3, ,242, ,
1, ,243, ,
1, ,243, ,
1, ,243, ,
1, ,243, ,
0, ,242, ,
3, ,243, ,
1, ,242, ,
1, ,243, ,
1, ,242, ,
3, ,243, ,
0, ,242, ,
3, ,242, ,
1, ,243, ,
1, ,243, ,
1, ,243, ,
3, ,243, ,
0, ,243, ,
3, ,243, ,
1, ,243, ,
1, ,243, ,
1, ,243, ,
3, ,243, ,
0, ,242, ,
3, ,243, ,
1, ,243, ,
1, ,243, ,
1, ,242, ,
3, ,243, ,
0, ,242, ,
3, ,243, ,
1, ,243, ,
1, ,243, ,
1, ,243, ,
3, ,243, ,
0, ,241, ,
3, ,242, ,
1, ,243, ,
1, ,243, ,
3, ,241, ,
1, ,243, ,
0, ,243, ,
3, ,244, ,
1, ,243, ,
1, ,242, ,
1, ,242, ,
3, ,243, ,
0, ,242, ,
3, ,242, ,
1, ,243, ,
1, ,243, ,
3, ,243, ,
3, ,243, ,
0, ,243, ,
3, ,243, ,
1, ,243, ,
1, ,243, ,
3, ,243, ,
1, ,243, ,
0, ,242, ,
3, ,243, ,
1, ,243, ,
1, ,243, ,
3, ,242, ,
1, ,243, ,
0, ,243, ,
3, ,243, ,
1, ,243, ,
1, ,242, ,
1, ,243, ,
1, ,243, ,
0, ,243, ,
3, ,243, ,
0, ,243, ,
1, ,243, ,
1, ,243, ,
1, ,243, ,
0, ,243, ,
3, ,243, ,
1, ,243, ,
1, ,243, ,
94, ,243, ,
58, ,244, ,
32, ,242, ,
22, ,243, ,
16, ,244, ,
13, ,243, ,
6, ,242, ,
4, ,243, ,
4, ,243, ,
5, ,243, ,
3, ,243, ,
3, ,243, ,
4, ,243, ,
4, ,243, ,
1, ,243, ,
5, ,243, ,
3, ,243, ,
3, ,243, ,
4, ,243, ,
4, ,243, ,
1, ,243, ,
4, ,243, ,
3, ,243, ,
3, ,242, ,
4, ,243, ,
4, ,243, ,
3, ,242, ,
4, ,243, ,
3, ,243, ,
3, ,243, ,
4, ,243, ,
4, ,242, ,
1, ,243, ,
4, ,243, ,
3, ,243, ,
3, ,243, ,
4, ,243, ,
4, ,243, ,
1, ,243, ,
4, ,242, ,
3, ,242, ,
3, ,243, ,
3, ,243, ,
4, ,243, ,
1, ,243, ,
4, ,243, ,
1, ,242, ,
3, ,242, ,
4, ,243, ,
4, ,244, ,
3, ,242, ,
4, ,243, ,
1, ,243, ,
4, ,243, ,
4, ,243, ,
4, ,243, ,
1, ,243, ,
4, ,242, ,
3, ,243, ,
3, ,243, ,
3, ,243, ,
4, ,243, ,
1, ,243, ,
4, ,243, ,
1, ,244, ,
3, ,243, ,
3, ,243, ,
3, ,243, ,
3, ,242, ,
4, ,243, ,
1, ,243, ,
3, ,243, ,
3, ,243, ,
3, ,243, ,
1, ,243, ,
4, ,242, ,
1, ,244, ,
3, ,243, ,
3, ,241, ,
4, ,242, ,
3, ,243, ,
4, ,243, ,
3, ,243, ,
3, ,242, ,
4, ,243, ,
4, ,243, ,
3, ,243, ,
4, ,243, ,
3, ,243, ,
3, ,243, ,
3, ,242, ,
3, ,243, ,
1, ,243, ,
4, ,243, ,
1, ,243, ,
3, ,242, ,
3, ,243, ,
4, ,243, ,
1, ,243, ,
4, ,242, ,
3, ,243, ,
3, ,243, ,
3, ,243, ,
4, ,244, ,
1, ,243, ,
4, ,243, ,
1, ,243, ,
3, ,243, ,
3, ,243, ,
3, ,243, ,
1, ,242, ,
4, ,242, ,
3, ,243, ,
3, ,243, ,
3, ,243, ,
3, ,243, ,
3, ,243, ,
4, ,243, ,
3, ,243, ,
3, ,243, ,
3, ,243, ,
3, ,243, ,
1, ,242, ,
4, ,242, ,
1, ,244, ,
3, ,243, ,
3, ,243, ,
3, ,242, ,
1, ,243, ,
4, ,243, ,
1, ,243, ,
3, ,243, ,
3, ,243, ,
3, ,243, ,
1, ,242, ,
4, ,243, ,
3, ,243, ,
3, ,243, ,
3, ,243, ,
3, ,243, ,
1, ,243, ,
4, ,243, ,
3, ,242, ,
1, ,243, ,
3, ,242, ,
3, ,243, ,
1, ,242, ,
3, ,243, ,
1, ,243, ,
3, ,243, ,
3, ,242, ,
3, ,243, ,
1, ,243, ,
4, ,243, ,
3, ,243, ,
3, ,243, ,
3, ,242, ,
3, ,243, ,
1, ,241, ,
4, ,243, ,
1, ,243, ,
1, ,242, ,
3, ,243, ,
3, ,243, ,
1, ,243, ,
4, ,243, ,
1, ,242, ,
3, ,242, ,
3, ,243, ,
3, ,243, ,
1, ,242, ,
4, ,242, ,
3, ,243, ,
3, ,242, ,
3, ,242, ,
3, ,242, ,
1, ,243, ,
4, ,243, ,
1, ,243, ,
1, ,243, ,
3, ,242, ,
3, ,243, ,
1, ,242, ,
3, ,242, ,
1, ,244, ,
3, ,243, ,
3, ,242, ,
3, ,243, ,
1, ,243, ,
4, ,243, ,
3, ,242, ,
3, ,243, ,
3, ,243, ,
3, ,243, ,
1, ,241, ,
4, ,243, ,
1, ,243, ,
3, ,243, ,
3, ,243, ,
3, ,243, ,
1, ,243, ,
4, ,243, ,
1, ,243, ,
3, ,243, ,
3, ,242, ,
3, ,243, ,
1, ,243, ,
3, ,242, ,
3, ,243, ,
3, ,243, ,
3, ,243, ,
3, ,243, ,
1, ,243, ,
4, ,243, ,
3, ,243, ,
1, ,243, ,
3, ,243, ,
3, ,243, ,
1, ,243, ,
3, ,242, ,
1, ,243, ,
1, ,243, ,
3, ,243, ,
3, ,243, ,
1, ,243, ,
4, ,243, ,
1, ,242, ,
3, ,243, ,
3, ,242, ,
3, ,243, ,
1, ,242, ,
4, ,243, ,
1, ,243, ,
3, ,242, ,
3, ,242, ,
3, ,243, ,
0, ,242, ,
3, ,243, ,
1, ,242, ,
3, ,242, ,
3, ,243, ,
3, ,243, ,
0, ,242, ,
3, ,243, ,
1, ,244, ,
3, ,243, ,
3, ,242, ,
3, ,242, ,
1, ,243, ,
3, ,243, ,
3, ,243, ,
3, ,242, ,
3, ,242, ,
3, ,243, ,
0, ,243, ,
3, ,243, ,
1, ,243, ,
1, ,243, ,
1, ,243, ,
3, ,243, ,
1, ,243, ,
3, ,242, ,
1, ,241, ,
3, ,242, ,
3, ,242, ,
3, ,244, ,
1, ,243, ,
3, ,244, ,
1, ,243, ,
3, ,243, ,
3, ,242, ,
3, ,243, ,
1, ,242, ,
3, ,243, ,
1, ,242, ,
1, ,243, ,
3, ,243, ,
1, ,243, ,
1, ,243, ,
3, ,242, ,
1, ,243, ,
1, ,243, ,
1, ,242, ,
3, ,243, ,
1, ,243, ,
3, ,243, ,
1, ,243, ,
3, ,243, ,
3, ,242, ,
3, ,242, ,
0, ,241, ,
3, ,243, ,
1, ,243, ,
3, ,243, ,
3, ,243, ,
1, ,242, ,
1, ,242, ,
3, ,242, ,
1, ,242, ,
1, ,241, ,
3, ,242, ,
3, ,243, ,
1, ,242, ,
3, ,242, ,
1, ,242, ,
3, ,243, ,
3, ,242, ,
1, ,242, ,
1, ,243, ,
3, ,243, ,
1, ,243, ,
1, ,242, ,
3, ,243, ,
3, ,243, ,
0, ,242, ,
3, ,242, ,
1, ,243, ,
3, ,243, ,
3, ,242, ,
3, ,243, ,
1, ,243, ,
3, ,243, ,
1, ,242, ,
3, ,243, ,
3, ,243, ,
3, ,243, ,
0, ,243, ,
3, ,243, ,
1, ,243, ,
1, ,243, ,
1, ,242, ,
1, ,243, ,
0, ,242, ,
3, ,243, ,
1, ,242, ,
3, ,242, ,
3, ,243, ,
3, ,243, ,
1, ,242, ,
3, ,242, ,
1, ,242, ,
1, ,243, ,
3, ,242, ,
3, ,243, ,
1, ,242, ,
3, ,243, ,
1, ,243, ,
1, ,243, ,
3, ,242, ,
3, ,243, ,
0, ,243, ,
3, ,243, ,
1, ,243, ,
1, ,243, ,
1, ,243, ,
1, ,243, ,
0, ,243, ,
3, ,243, ,
1, ,243, ,
3, ,243, ,
3, ,243, ,
3, ,243, ,
0, ,242, ,
3, ,243, ,
1, ,242, ,
1, ,243, ,
3, ,242, ,
3, ,243, ,
0, ,243, ,
3, ,243, ,
1, ,242, ,
1, ,242, ,
3, ,243, ,
3, ,243, ,
0, ,243, ,
3, ,242, ,
1, ,243, ,
3, ,243, ,
3, ,243, ,
3, ,243, ,
0, ,242, ,
3, ,243, ,
1, ,242, ,
1, ,243, ,
1, ,243, ,
1, ,243, ,
0, ,243, ,
3, ,243, ,
1, ,243, ,
1, ,243, ,
3, ,243, ,
3, ,243, ,
0, ,243, ,
3, ,243, ,
1, ,243, ,
1, ,243, ,
3, ,243, ,
1, ,243, ,
0, ,243, ,
3, ,242, ,
1, ,243, ,
1, ,243, ,
1, ,242, ,
3, ,242, ,
0, ,242, ,
3, ,243, ,
1, ,242, ,
1, ,242, ,
3, ,242, ,
