Format,1.0B,
Memory Length,10000,Memory Length,10000,
IntpDistance,0,IntpDistance,0,
Trigger Address,5159,Trigger Address,5159,
Trigger Level,3.000E-01,Trigger Level,3.000E-01,
Source,CH1,Source,CH2,
Vertical Units,V,Vertical Units,V,
Vertical Units Div,0,Vertical Units Div,0,
Vertical Units Extend Div,16,Vertical Units Extend Div,16,
Label,,Label,,
Probe Type,0,Probe Type,0,
Probe Ratio,1.000e+01,Probe Ratio,1.000e+00,
Vertical Scale,5.000e-01,Vertical Scale,2.000e-01,
Vertical Position,-1.780e+00,Vertical Position,-2.240e+00,
Horizontal Units,S,Horizontal Units,S,
Horizontal Scale,2.000E-05,Horizontal Scale,2.000E-05,
Horizontal Position,-3.200E-06,Horizontal Position,-3.200E-06,
Horizontal Mode,Main,Horizontal Mode,Main,
SincET Mode,Real Time,SincET Mode,Real Time,
Sampling Period,2.000e-08,Sampling Period,2.000e-08,
Horizontal Old Scale,2.000E-05,Horizontal Old Scale,2.000E-05,
Horizontal Old Position,-3.200E-06,Horizontal Old Position,-3.200E-06,
Firmware,V1.23,Firmware,V1.23,
Mode,Fast,Mode,Fast,
Waveform Data,,Waveform Data,,
0, ,253, ,
3, ,253, ,
1, ,253, ,
1, ,254, ,
3, ,253, ,
3, ,254, ,
0, ,256, ,
4, ,253, ,
1, ,253, ,
1, ,253, ,
3, ,253, ,
1, ,254, ,
0, ,254, ,
3, ,254, ,
1, ,253, ,
1, ,253, ,
3, ,253, ,
1, ,254, ,
0, ,256, ,
4, ,253, ,
1, ,253, ,
1, ,253, ,
3, ,254, ,
1, ,254, ,
0, ,254, ,
3, ,254, ,
1, ,254, ,
1, ,254, ,
3, ,253, ,
3, ,254, ,
0, ,254, ,
3, ,256, ,
1, ,254, ,
1, ,253, ,
3, ,253, ,
3, ,253, ,
0, ,254, ,
3, ,253, ,
1, ,253, ,
1, ,254, ,
3, ,253, ,
3, ,254, ,
0, ,253, ,
3, ,254, ,
1, ,253, ,
1, ,253, ,
3, ,253, ,
1, ,254, ,
0, ,254, ,
3, ,253, ,
0, ,254, ,
0, ,256, ,
3, ,253, ,
1, ,253, ,
0, ,256, ,
3, ,254, ,
1, ,253, ,
1, ,254, ,
3, ,253, ,
1, ,254, ,
0, ,254, ,
3, ,253, ,
1, ,253, ,
1, ,254, ,
3, ,253, ,
1, ,254, ,
0, ,253, ,
3, ,254, ,
1, ,254, ,
1, ,256, ,
3, ,253, ,
1, ,253, ,
0, ,253, ,
3, ,256, ,
1, ,253, ,
1, ,254, ,
3, ,253, ,
1, ,254, ,
0, ,253, ,
3, ,254, ,
1, ,253, ,
1, ,254, ,
3, ,254, ,
1, ,254, ,
0, ,253, ,
3, ,253, ,
1, ,253, ,
1, ,254, ,
3, ,254, ,
1, ,253, ,
-1, ,254, ,
3, ,253, ,
1, ,253, ,
1, ,253, ,
3, ,253, ,
1, ,254, ,
0, ,253, ,
3, ,254, ,
0, ,253, ,
1, ,254, ,
3, ,254, ,
1, ,253, ,
0, ,253, ,
3, ,254, ,
1, ,254, ,
0, ,254, ,
3, ,254, ,
1, ,253, ,
0, ,253, ,
3, ,254, ,
1, ,254, ,
1, ,253, ,
3, ,253, ,
3, ,253, ,
0, ,253, ,
3, ,254, ,
1, ,253, ,
1, ,256, ,
3, ,254, ,
1, ,253, ,
0, ,253, ,
3, ,254, ,
1, ,253, ,
1, ,254, ,
3, ,253, ,
1, ,254, ,
0, ,256, ,
3, ,254, ,
1, ,253, ,
1, ,253, ,
3, ,253, ,
1, ,253, ,
0, ,253, ,
3, ,256, ,
1, ,254, ,
1, ,253, ,
3, ,253, ,
3, ,253, ,
0, ,254, ,
3, ,253, ,
1, ,254, ,
1, ,253, ,
3, ,253, ,
1, ,253, ,
0, ,253, ,
3, ,253, ,
1, ,254, ,
1, ,254, ,
1, ,253, ,
1, ,254, ,
0, ,253, ,
3, ,254, ,
1, ,254, ,
1, ,253, ,
3, ,253, ,
3, ,256, ,
0, ,254, ,
3, ,253, ,
1, ,253, ,
1, ,253, ,
3, ,254, ,
1, ,253, ,
0, ,253, ,
3, ,254, ,
1, ,253, ,
1, ,253, ,
3, ,254, ,
1, ,254, ,
0, ,253, ,
3, ,254, ,
1, ,253, ,
1, ,254, ,
3, ,253, ,
1, ,253, ,
0, ,256, ,
3, ,254, ,
1, ,253, ,
1, ,254, ,
3, ,253, ,
1, ,253, ,
0, ,253, ,
3, ,254, ,
0, ,253, ,
1, ,254, ,
1, ,254, ,
1, ,253, ,
0, ,256, ,
3, ,254, ,
0, ,254, ,
0, ,253, ,
3, ,253, ,
1, ,254, ,
0, ,254, ,
3, ,253, ,
1, ,254, ,
0, ,254, ,
1, ,254, ,
1, ,253, ,
0, ,256, ,
3, ,254, ,
0, ,253, ,
1, ,253, ,
3, ,253, ,
1, ,253, ,
0, ,254, ,
3, ,254, ,
1, ,254, ,
1, ,254, ,
3, ,253, ,
1, ,254, ,
-1, ,253, ,
3, ,254, ,
1, ,253, ,
1, ,253, ,
3, ,254, ,
1, ,254, ,
0, ,254, ,
3, ,253, ,
1, ,253, ,
1, ,253, ,
1, ,253, ,
1, ,253, ,
0, ,256, ,
3, ,254, ,
1, ,253, ,
1, ,253, ,
3, ,253, ,
1, ,254, ,
0, ,253, ,
3, ,253, ,
1, ,253, ,
1, ,253, ,
3, ,253, ,
1, ,254, ,
-1, ,254, ,
3, ,254, ,
0, ,254, ,
1, ,253, ,
3, ,253, ,
1, ,254, ,
0, ,254, ,
3, ,254, ,
0, ,254, ,
1, ,254, ,
3, ,254, ,
1, ,253, ,
0, ,253, ,
3, ,254, ,
0, ,253, ,
1, ,254, ,
3, ,253, ,
1, ,254, ,
0, ,253, ,
3, ,254, ,
0, ,253, ,
0, ,254, ,
1, ,254, ,
1, ,253, ,
0, ,254, ,
3, ,254, ,
1, ,253, ,
0, ,254, ,
3, ,254, ,
3, ,254, ,
0, ,253, ,
3, ,253, ,
0, ,253, ,
1, ,254, ,
3, ,253, ,
1, ,253, ,
0, ,254, ,
3, ,254, ,
0, ,253, ,
0, ,254, ,
3, ,253, ,
1, ,254, ,
0, ,253, ,
3, ,253, ,
1, ,254, ,
1, ,254, ,
1, ,253, ,
1, ,252, ,
-1, ,254, ,
3, ,254, ,
0, ,253, ,
1, ,253, ,
3, ,254, ,
3, ,253, ,
0, ,253, ,
3, ,253, ,
1, ,254, ,
0, ,256, ,
3, ,253, ,
1, ,254, ,
0, ,256, ,
3, ,253, ,
1, ,253, ,
1, ,253, ,
3, ,253, ,
1, ,256, ,
0, ,253, ,
3, ,253, ,
0, ,253, ,
0, ,253, ,
3, ,253, ,
1, ,253, ,
0, ,253, ,
3, ,253, ,
0, ,254, ,
0, ,253, ,
3, ,254, ,
1, ,254, ,
0, ,253, ,
3, ,254, ,
0, ,253, ,
0, ,253, ,
3, ,253, ,
1, ,253, ,
0, ,256, ,
3, ,256, ,
0, ,253, ,
0, ,253, ,
3, ,254, ,
1, ,254, ,
0, ,254, ,
3, ,254, ,
0, ,253, ,
0, ,253, ,
3, ,253, ,
1, ,254, ,
0, ,254, ,
1, ,253, ,
0, ,253, ,
1, ,253, ,
3, ,254, ,
1, ,256, ,
0, ,253, ,
3, ,253, ,
0, ,254, ,
1, ,256, ,
3, ,254, ,
1, ,253, ,
-1, ,254, ,
3, ,253, ,
0, ,254, ,
0, ,254, ,
1, ,253, ,
1, ,254, ,
-1, ,253, ,
3, ,254, ,
1, ,253, ,
0, ,253, ,
1, ,253, ,
1, ,253, ,
-1, ,254, ,
3, ,254, ,
0, ,253, ,
1, ,253, ,
3, ,253, ,
1, ,254, ,
0, ,253, ,
3, ,253, ,
0, ,253, ,
0, ,254, ,
3, ,254, ,
1, ,254, ,
0, ,253, ,
3, ,254, ,
0, ,253, ,
1, ,253, ,
3, ,253, ,
1, ,256, ,
0, ,253, ,
3, ,253, ,
0, ,253, ,
0, ,253, ,
3, ,253, ,
1, ,254, ,
0, ,253, ,
3, ,253, ,
0, ,253, ,
0, ,253, ,
3, ,254, ,
1, ,257, ,
0, ,254, ,
3, ,254, ,
1, ,253, ,
1, ,253, ,
3, ,252, ,
1, ,253, ,
-1, ,253, ,
3, ,256, ,
0, ,253, ,
0, ,253, ,
1, ,254, ,
1, ,253, ,
0, ,253, ,
4, ,253, ,
1, ,254, ,
0, ,253, ,
1, ,253, ,
1, ,254, ,
0, ,254, ,
3, ,254, ,
1, ,253, ,
1, ,253, ,
3, ,253, ,
1, ,254, ,
0, ,253, ,
3, ,254, ,
0, ,254, ,
1, ,254, ,
1, ,253, ,
1, ,253, ,
-1, ,253, ,
3, ,254, ,
0, ,253, ,
1, ,253, ,
3, ,253, ,
1, ,253, ,
0, ,253, ,
3, ,253, ,
1, ,253, ,
0, ,253, ,
1, ,253, ,
1, ,253, ,
-1, ,253, ,
3, ,254, ,
1, ,253, ,
0, ,256, ,
3, ,253, ,
1, ,254, ,
0, ,253, ,
3, ,253, ,
0, ,254, ,
1, ,254, ,
1, ,253, ,
1, ,253, ,
-1, ,253, ,
3, ,253, ,
0, ,253, ,
0, ,253, ,
3, ,254, ,
3, ,254, ,
0, ,253, ,
3, ,254, ,
0, ,253, ,
0, ,254, ,
1, ,253, ,
1, ,253, ,
0, ,254, ,
3, ,254, ,
0, ,253, ,
0, ,254, ,
3, ,254, ,
1, ,254, ,
0, ,253, ,
3, ,254, ,
0, ,254, ,
0, ,254, ,
1, ,253, ,
1, ,253, ,
-1, ,253, ,
3, ,253, ,
0, ,253, ,
0, ,254, ,
3, ,253, ,
1, ,254, ,
0, ,253, ,
4, ,254, ,
0, ,254, ,
0, ,254, ,
3, ,253, ,
1, ,254, ,
-1, ,254, ,
3, ,254, ,
0, ,254, ,
0, ,254, ,
3, ,256, ,
1, ,254, ,
-1, ,253, ,
3, ,254, ,
1, ,254, ,
0, ,254, ,
1, ,253, ,
1, ,253, ,
0, ,254, ,
4, ,254, ,
1, ,254, ,
0, ,256, ,
1, ,253, ,
1, ,254, ,
0, ,253, ,
3, ,254, ,
1, ,254, ,
0, ,256, ,
1, ,254, ,
1, ,254, ,
-1, ,253, ,
3, ,253, ,
0, ,253, ,
1, ,254, ,
3, ,253, ,
1, ,254, ,
0, ,253, ,
3, ,253, ,
0, ,254, ,
0, ,254, ,
1, ,253, ,
1, ,253, ,
0, ,253, ,
3, ,254, ,
0, ,253, ,
0, ,253, ,
3, ,253, ,
1, ,254, ,
0, ,253, ,
3, ,254, ,
1, ,253, ,
0, ,253, ,
1, ,253, ,
3, ,254, ,
-1, ,253, ,
3, ,254, ,
0, ,253, ,
0, ,253, ,
1, ,254, ,
1, ,253, ,
0, ,254, ,
3, ,254, ,
0, ,253, ,
0, ,253, ,
1, ,253, ,
1, ,253, ,
-1, ,256, ,
3, ,254, ,
0, ,253, ,
0, ,254, ,
3, ,253, ,
1, ,254, ,
0, ,253, ,
3, ,254, ,
0, ,253, ,
0, ,254, ,
3, ,252, ,
1, ,253, ,
-1, ,253, ,
3, ,254, ,
0, ,253, ,
0, ,253, ,
1, ,254, ,
1, ,254, ,
0, ,253, ,
3, ,254, ,
1, ,253, ,
0, ,254, ,
1, ,253, ,
1, ,253, ,
0, ,254, ,
3, ,253, ,
0, ,253, ,
0, ,254, ,
1, ,253, ,
1, ,254, ,
0, ,253, ,
3, ,253, ,
0, ,254, ,
0, ,254, ,
1, ,253, ,
1, ,253, ,
0, ,253, ,
3, ,253, ,
0, ,253, ,
0, ,253, ,
3, ,253, ,
1, ,253, ,
0, ,253, ,
3, ,253, ,
0, ,253, ,
1, ,253, ,
1, ,253, ,
1, ,253, ,
-1, ,253, ,
3, ,253, ,
0, ,253, ,
0, ,253, ,
3, ,253, ,
1, ,254, ,
0, ,253, ,
3, ,253, ,
0, ,253, ,
0, ,253, ,
1, ,253, ,
1, ,253, ,
-1, ,253, ,
3, ,254, ,
0, ,253, ,
0, ,254, ,
3, ,253, ,
1, ,253, ,
0, ,253, ,
3, ,253, ,
0, ,253, ,
0, ,256, ,
1, ,253, ,
1, ,253, ,
-1, ,254, ,
3, ,254, ,
0, ,253, ,
0, ,254, ,
3, ,254, ,
1, ,253, ,
0, ,253, ,
3, ,253, ,
0, ,250, ,
0, ,251, ,
1, ,256, ,
1, ,260, ,
0, ,257, ,
3, ,252, ,
0, ,251, ,
0, ,253, ,
3, ,254, ,
1, ,254, ,
0, ,253, ,
3, ,253, ,
1, ,253, ,
0, ,253, ,
3, ,253, ,
1, ,254, ,
-1, ,253, ,
3, ,254, ,
0, ,253, ,
0, ,253, ,
3, ,254, ,
1, ,254, ,
0, ,253, ,
3, ,253, ,
0, ,253, ,
0, ,253, ,
1, ,254, ,
1, ,254, ,
0, ,254, ,
3, ,254, ,
1, ,253, ,
0, ,253, ,
3, ,253, ,
1, ,254, ,
0, ,253, ,
3, ,253, ,
0, ,253, ,
1, ,254, ,
1, ,253, ,
1, ,253, ,
0, ,253, ,
3, ,254, ,
0, ,253, ,
0, ,254, ,
1, ,253, ,
1, ,254, ,
0, ,253, ,
3, ,253, ,
0, ,253, ,
0, ,254, ,
1, ,253, ,
1, ,253, ,
-1, ,254, ,
3, ,254, ,
1, ,253, ,
0, ,253, ,
3, ,253, ,
1, ,256, ,
0, ,253, ,
3, ,254, ,
0, ,254, ,
1, ,253, ,
1, ,253, ,
1, ,253, ,
-1, ,254, ,
3, ,254, ,
0, ,253, ,
0, ,254, ,
3, ,254, ,
1, ,254, ,
0, ,253, ,
3, ,253, ,
0, ,254, ,
0, ,254, ,
1, ,253, ,
1, ,253, ,
-1, ,253, ,
3, ,254, ,
0, ,253, ,
0, ,253, ,
3, ,253, ,
1, ,254, ,
0, ,253, ,
3, ,253, ,
0, ,253, ,
0, ,253, ,
1, ,254, ,
1, ,253, ,
0, ,256, ,
3, ,254, ,
0, ,254, ,
0, ,253, ,
3, ,253, ,
1, ,253, ,
-1, ,253, ,
3, ,254, ,
0, ,253, ,
0, ,253, ,
1, ,253, ,
1, ,253, ,
0, ,256, ,
3, ,253, ,
0, ,253, ,
0, ,253, ,
3, ,253, ,
1, ,253, ,
0, ,253, ,
3, ,254, ,
0, ,253, ,
0, ,253, ,
1, ,251, ,
1, ,252, ,
0, ,252, ,
3, ,254, ,
0, ,257, ,
0, ,256, ,
3, ,256, ,
1, ,256, ,
0, ,252, ,
3, ,252, ,
0, ,252, ,
0, ,253, ,
1, ,253, ,
1, ,253, ,
0, ,254, ,
3, ,253, ,
0, ,253, ,
0, ,253, ,
1, ,254, ,
1, ,253, ,
0, ,253, ,
3, ,253, ,
0, ,253, ,
0, ,253, ,
1, ,253, ,
1, ,253, ,
-1, ,253, ,
3, ,253, ,
0, ,253, ,
0, ,253, ,
3, ,253, ,
1, ,253, ,
-1, ,253, ,
3, ,253, ,
0, ,253, ,
0, ,253, ,
3, ,253, ,
1, ,253, ,
-1, ,254, ,
3, ,254, ,
0, ,253, ,
0, ,253, ,
3, ,253, ,
1, ,253, ,
-1, ,253, ,
3, ,253, ,
0, ,253, ,
0, ,253, ,
1, ,253, ,
1, ,253, ,
0, ,253, ,
4, ,253, ,
1, ,253, ,
1, ,253, ,
3, ,253, ,
1, ,253, ,
0, ,253, ,
3, ,253, ,
0, ,253, ,
0, ,254, ,
1, ,253, ,
1, ,254, ,
-1, ,253, ,
3, ,253, ,
0, ,253, ,
0, ,253, ,
1, ,253, ,
1, ,253, ,
0, ,253, ,
3, ,253, ,
0, ,253, ,
0, ,254, ,
1, ,253, ,
1, ,253, ,
-1, ,253, ,
3, ,253, ,
0, ,253, ,
0, ,253, ,
3, ,253, ,
1, ,253, ,
-1, ,252, ,
3, ,253, ,
1, ,254, ,
0, ,254, ,
1, ,253, ,
1, ,253, ,
0, ,254, ,
3, ,254, ,
0, ,253, ,
130, ,253, ,
75, ,253, ,
42, ,253, ,
28, ,253, ,
24, ,253, ,
13, ,253, ,
6, ,254, ,
6, ,253, ,
6, ,252, ,
4, ,252, ,
5, ,253, ,
3, ,253, ,
3, ,254, ,
4, ,254, ,
4, ,254, ,
1, ,253, ,
5, ,254, ,
3, ,253, ,
3, ,254, ,
4, ,254, ,
4, ,254, ,
1, ,254, ,
5, ,254, ,
3, ,254, ,
3, ,253, ,
4, ,254, ,
4, ,254, ,
1, ,254, ,
5, ,254, ,
1, ,253, ,
3, ,254, ,
4, ,254, ,
4, ,254, ,
3, ,254, ,
5, ,254, ,
1, ,253, ,
3, ,253, ,
4, ,254, ,
4, ,256, ,
1, ,254, ,
4, ,254, ,
3, ,254, ,
3, ,253, ,
4, ,253, ,
3, ,254, ,
1, ,254, ,
5, ,254, ,
3, ,254, ,
3, ,253, ,
4, ,254, ,
4, ,254, ,
3, ,254, ,
5, ,254, ,
1, ,253, ,
3, ,256, ,
4, ,254, ,
3, ,254, ,
1, ,256, ,
4, ,254, ,
3, ,253, ,
3, ,253, ,
4, ,254, ,
4, ,254, ,
1, ,254, ,
5, ,253, ,
3, ,253, ,
3, ,254, ,
3, ,254, ,
3, ,253, ,
1, ,253, ,
5, ,253, ,
3, ,253, ,
3, ,254, ,
4, ,254, ,
4, ,256, ,
1, ,254, ,
4, ,254, ,
1, ,254, ,
3, ,256, ,
4, ,253, ,
3, ,254, ,
1, ,253, ,
5, ,254, ,
1, ,254, ,
3, ,254, ,
4, ,253, ,
3, ,253, ,
1, ,253, ,
5, ,253, ,
1, ,253, ,
3, ,254, ,
4, ,253, ,
3, ,253, ,
1, ,253, ,
4, ,254, ,
3, ,253, ,
3, ,256, ,
3, ,253, ,
4, ,254, ,
1, ,253, ,
4, ,253, ,
1, ,254, ,
1, ,254, ,
3, ,253, ,
3, ,256, ,
1, ,254, ,
5, ,254, ,
1, ,253, ,
3, ,253, ,
3, ,253, ,
3, ,254, ,
1, ,253, ,
4, ,253, ,
1, ,253, ,
3, ,253, ,
3, ,253, ,
3, ,253, ,
1, ,254, ,
4, ,254, ,
1, ,253, ,
3, ,254, ,
4, ,253, ,
3, ,254, ,
1, ,254, ,
4, ,253, ,
1, ,253, ,
3, ,254, ,
3, ,254, ,
3, ,254, ,
1, ,256, ,
4, ,254, ,
1, ,253, ,
1, ,253, ,
3, ,253, ,
3, ,254, ,
1, ,253, ,
4, ,254, ,
1, ,253, ,
3, ,254, ,
3, ,253, ,
3, ,254, ,
1, ,254, ,
4, ,253, ,
1, ,253, ,
3, ,253, ,
4, ,253, ,
3, ,254, ,
1, ,253, ,
4, ,254, ,
1, ,253, ,
3, ,254, ,
3, ,253, ,
4, ,253, ,
1, ,254, ,
4, ,254, ,
3, ,253, ,
3, ,254, ,
3, ,253, ,
4, ,256, ,
1, ,254, ,
4, ,254, ,
1, ,253, ,
1, ,256, ,
3, ,253, ,
3, ,254, ,
1, ,254, ,
4, ,254, ,
1, ,254, ,
3, ,254, ,
3, ,254, ,
3, ,254, ,
1, ,253, ,
4, ,254, ,
1, ,256, ,
1, ,254, ,
3, ,253, ,
3, ,254, ,
1, ,254, ,
4, ,253, ,
1, ,253, ,
1, ,253, ,
4, ,253, ,
3, ,254, ,
1, ,253, ,
4, ,256, ,
1, ,253, ,
1, ,256, ,
3, ,254, ,
3, ,254, ,
1, ,253, ,
4, ,254, ,
1, ,253, ,
1, ,254, ,
4, ,254, ,
3, ,254, ,
1, ,253, ,
4, ,253, ,
1, ,253, ,
1, ,254, ,
3, ,253, ,
3, ,254, ,
1, ,254, ,
4, ,254, ,
1, ,254, ,
1, ,253, ,
3, ,256, ,
3, ,254, ,
1, ,253, ,
4, ,253, ,
1, ,253, ,
1, ,254, ,
3, ,253, ,
3, ,253, ,
1, ,254, ,
4, ,254, ,
1, ,253, ,
1, ,254, ,
3, ,254, ,
3, ,254, ,
0, ,254, ,
4, ,254, ,
1, ,253, ,
1, ,256, ,
3, ,254, ,
3, ,253, ,
1, ,253, ,
4, ,254, ,
1, ,254, ,
1, ,256, ,
3, ,253, ,
3, ,253, ,
0, ,253, ,
4, ,254, ,
1, ,254, ,
1, ,253, ,
3, ,253, ,
3, ,253, ,
0, ,253, ,
4, ,254, ,
1, ,253, ,
1, ,253, ,
3, ,253, ,
3, ,256, ,
0, ,253, ,
3, ,253, ,
1, ,254, ,
3, ,253, ,
3, ,254, ,
3, ,253, ,
0, ,253, ,
4, ,253, ,
1, ,254, ,
1, ,254, ,
3, ,254, ,
3, ,254, ,
0, ,253, ,
4, ,253, ,
1, ,253, ,
1, ,256, ,
3, ,253, ,
3, ,253, ,
0, ,254, ,
4, ,253, ,
1, ,253, ,
1, ,253, ,
3, ,254, ,
3, ,254, ,
0, ,253, ,
3, ,253, ,
1, ,253, ,
1, ,253, ,
3, ,254, ,
3, ,253, ,
0, ,253, ,
4, ,254, ,
1, ,253, ,
1, ,253, ,
3, ,253, ,
3, ,254, ,
0, ,253, ,
3, ,254, ,
1, ,253, ,
1, ,254, ,
3, ,253, ,
1, ,253, ,
0, ,253, ,
4, ,254, ,
1, ,253, ,
1, ,253, ,
3, ,254, ,
3, ,248, ,
0, ,253, ,
3, ,258, ,
1, ,258, ,
1, ,254, ,
3, ,252, ,
3, ,253, ,
0, ,254, ,
4, ,253, ,
1, ,253, ,
1, ,254, ,
3, ,253, ,
3, ,253, ,
1, ,253, ,
3, ,254, ,
1, ,254, ,
1, ,254, ,
3, ,253, ,
3, ,253, ,
0, ,254, ,
4, ,254, ,
1, ,253, ,
1, ,254, ,
3, ,254, ,
3, ,254, ,
0, ,253, ,
3, ,254, ,
1, ,253, ,
1, ,253, ,
3, ,253, ,
3, ,253, ,
0, ,253, ,
3, ,253, ,
1, ,254, ,
1, ,253, ,
3, ,253, ,
3, ,254, ,
0, ,253, ,
3, ,254, ,
1, ,253, ,
1, ,253, ,
3, ,253, ,
3, ,253, ,
0, ,254, ,
3, ,254, ,
1, ,253, ,
1, ,253, ,
3, ,253, ,
1, ,254, ,
0, ,253, ,
3, ,253, ,
1, ,253, ,
1, ,254, ,
3, ,253, ,
3, ,253, ,
0, ,253, ,
4, ,256, ,
1, ,253, ,
1, ,253, ,
3, ,254, ,
3, ,254, ,
0, ,253, ,
3, ,254, ,
1, ,254, ,
1, ,253, ,
3, ,253, ,
3, ,253, ,
0, ,254, ,
3, ,253, ,
1, ,253, ,
1, ,253, ,
3, ,253, ,
1, ,253, ,
0, ,253, ,
3, ,254, ,
1, ,254, ,
1, ,254, ,
3, ,253, ,
1, ,253, ,
0, ,253, ,
3, ,256, ,
1, ,253, ,
1, ,253, ,
3, ,254, ,
1, ,254, ,
0, ,253, ,
3, ,254, ,
1, ,253, ,
1, ,254, ,
3, ,253, ,
1, ,253, ,
0, ,253, ,
3, ,254, ,
1, ,253, ,
1, ,253, ,
3, ,253, ,
1, ,254, ,
0, ,253, ,
3, ,253, ,
1, ,254, ,
1, ,254, ,
3, ,253, ,
1, ,254, ,
0, ,254, ,
3, ,254, ,
1, ,253, ,
1, ,253, ,
3, ,253, ,
1, ,254, ,
0, ,253, ,
3, ,253, ,
1, ,254, ,
1, ,254, ,
3, ,254, ,
3, ,253, ,
0, ,253, ,
4, ,254, ,
1, ,253, ,
1, ,254, ,
3, ,254, ,
1, ,254, ,
0, ,253, ,
3, ,254, ,
1, ,254, ,
1, ,254, ,
3, ,253, ,
1, ,253, ,
0, ,254, ,
3, ,254, ,
1, ,253, ,
1, ,253, ,
3, ,254, ,
3, ,254, ,
0, ,253, ,
3, ,253, ,
1, ,253, ,
1, ,254, ,
3, ,253, ,
3, ,253, ,
0, ,254, ,
3, ,254, ,
1, ,253, ,
1, ,253, ,
3, ,253, ,
1, ,253, ,
0, ,253, ,
3, ,254, ,
1, ,254, ,
1, ,254, ,
3, ,253, ,
1, ,253, ,
0, ,256, ,
4, ,254, ,
1, ,253, ,
1, ,253, ,
3, ,254, ,
3, ,254, ,
0, ,253, ,
3, ,253, ,
1, ,253, ,
1, ,253, ,
3, ,252, ,
1, ,253, ,
0, ,254, ,
3, ,256, ,
1, ,254, ,
1, ,254, ,
3, ,253, ,
1, ,253, ,
0, ,252, ,
3, ,253, ,
1, ,253, ,
1, ,254, ,
3, ,253, ,
1, ,253, ,
0, ,256, ,
3, ,254, ,
1, ,253, ,
1, ,253, ,
3, ,253, ,
1, ,254, ,
0, ,253, ,
3, ,253, ,
1, ,254, ,
1, ,256, ,
3, ,253, ,
1, ,253, ,
0, ,254, ,
3, ,253, ,
1, ,253, ,
1, ,253, ,
3, ,254, ,
1, ,254, ,
0, ,253, ,
3, ,253, ,
1, ,254, ,
1, ,254, ,
3, ,253, ,
3, ,253, ,
0, ,253, ,
3, ,253, ,
1, ,253, ,
1, ,253, ,
3, ,254, ,
1, ,256, ,
0, ,254, ,
3, ,254, ,
1, ,254, ,
1, ,253, ,
3, ,253, ,
1, ,253, ,
-1, ,253, ,
3, ,254, ,
1, ,254, ,
1, ,253, ,
3, ,253, ,
1, ,254, ,
0, ,253, ,
3, ,254, ,
1, ,253, ,
1, ,254, ,
3, ,253, ,
1, ,253, ,
0, ,253, ,
3, ,254, ,
1, ,253, ,
1, ,253, ,
3, ,254, ,
1, ,254, ,
0, ,253, ,
3, ,253, ,
1, ,254, ,
1, ,253, ,
3, ,253, ,
1, ,253, ,
0, ,253, ,
3, ,254, ,
1, ,253, ,
1, ,254, ,
3, ,253, ,
1, ,253, ,
0, ,253, ,
3, ,253, ,
1, ,254, ,
1, ,254, ,
3, ,253, ,
1, ,253, ,
0, ,253, ,
3, ,253, ,
1, ,253, ,
1, ,253, ,
3, ,254, ,
1, ,253, ,
0, ,253, ,
3, ,253, ,
1, ,253, ,
1, ,253, ,
3, ,253, ,
1, ,254, ,
-1, ,253, ,
3, ,253, ,
1, ,253, ,
1, ,253, ,
3, ,253, ,
1, ,253, ,
0, ,254, ,
4, ,254, ,
1, ,253, ,
1, ,253, ,
3, ,253, ,
1, ,254, ,
0, ,253, ,
3, ,253, ,
1, ,253, ,
1, ,253, ,
3, ,253, ,
1, ,254, ,
0, ,253, ,
3, ,253, ,
1, ,253, ,
1, ,253, ,
3, ,253, ,
1, ,253, ,
0, ,254, ,
3, ,254, ,
1, ,253, ,
1, ,253, ,
3, ,253, ,
1, ,253, ,
0, ,253, ,
3, ,253, ,
1, ,254, ,
1, ,253, ,
3, ,253, ,
1, ,254, ,
0, ,256, ,
3, ,253, ,
1, ,253, ,
1, ,253, ,
3, ,253, ,
1, ,253, ,
0, ,253, ,
3, ,253, ,
1, ,254, ,
1, ,253, ,
1, ,253, ,
1, ,253, ,
0, ,254, ,
3, ,254, ,
0, ,253, ,
1, ,253, ,
3, ,253, ,
1, ,253, ,
0, ,253, ,
3, ,253, ,
1, ,253, ,
1, ,254, ,
3, ,253, ,
1, ,253, ,
0, ,253, ,
3, ,253, ,
0, ,253, ,
1, ,253, ,
3, ,253, ,
1, ,253, ,
0, ,253, ,
3, ,253, ,
1, ,253, ,
1, ,254, ,
3, ,253, ,
1, ,253, ,
0, ,253, ,
3, ,253, ,
1, ,253, ,
1, ,254, ,
3, ,253, ,
1, ,254, ,
0, ,253, ,
3, ,253, ,
1, ,253, ,
1, ,253, ,
3, ,253, ,
1, ,253, ,
0, ,253, ,
3, ,254, ,
1, ,253, ,
1, ,253, ,
3, ,252, ,
1, ,253, ,
0, ,253, ,
3, ,253, ,
1, ,253, ,
1, ,254, ,
3, ,253, ,
1, ,253, ,
0, ,254, ,
3, ,253, ,
0, ,253, ,
0, ,253, ,
3, ,254, ,
1, ,254, ,
0, ,253, ,
3, ,253, ,
1, ,253, ,
1, ,254, ,
3, ,253, ,
1, ,254, ,
0, ,253, ,
3, ,254, ,
1, ,253, ,
1, ,254, ,
3, ,253, ,
1, ,253, ,
0, ,253, ,
3, ,253, ,
1, ,253, ,
1, ,254, ,
3, ,253, ,
1, ,254, ,
0, ,256, ,
3, ,254, ,
1, ,253, ,
1, ,253, ,
3, ,253, ,
1, ,254, ,
0, ,254, ,
3, ,253, ,
0, ,253, ,
1, ,254, ,
3, ,253, ,
1, ,254, ,
0, ,254, ,
3, ,254, ,
1, ,253, ,
0, ,254, ,
3, ,253, ,
1, ,254, ,
0, ,253, ,
3, ,254, ,
1, ,254, ,
1, ,253, ,
1, ,253, ,
1, ,253, ,
-1, ,254, ,
3, ,254, ,
0, ,253, ,
1, ,254, ,
3, ,253, ,
1, ,253, ,
0, ,253, ,
3, ,253, ,
1, ,254, ,
0, ,254, ,
3, ,253, ,
1, ,253, ,
-1, ,253, ,
3, ,253, ,
1, ,253, ,
1, ,253, ,
3, ,253, ,
1, ,253, ,
0, ,253, ,
4, ,253, ,
1, ,254, ,
1, ,254, ,
1, ,253, ,
1, ,253, ,
-1, ,253, ,
3, ,253, ,
0, ,253, ,
1, ,253, ,
3, ,253, ,
1, ,253, ,
0, ,253, ,
3, ,253, ,
1, ,253, ,
0, ,256, ,
1, ,253, ,
1, ,253, ,
0, ,253, ,
3, ,253, ,
0, ,253, ,
1, ,253, ,
3, ,254, ,
1, ,253, ,
0, ,253, ,
3, ,253, ,
1, ,253, ,
0, ,254, ,
1, ,253, ,
1, ,254, ,
0, ,253, ,
3, ,254, ,
1, ,254, ,
1, ,253, ,
3, ,252, ,
1, ,254, ,
0, ,253, ,
3, ,254, ,
0, ,253, ,
1, ,253, ,
3, ,253, ,
1, ,253, ,
-1, ,253, ,
3, ,254, ,
1, ,253, ,
0, ,254, ,
3, ,253, ,
1, ,253, ,
117, ,253, ,
70, ,254, ,
46, ,253, ,
32, ,253, ,
22, ,253, ,
13, ,253, ,
6, ,253, ,
9, ,254, ,
8, ,253, ,
5, ,253, ,
5, ,254, ,
4, ,254, ,
4, ,252, ,
5, ,254, ,
1, ,254, ,
3, ,254, ,
4, ,253, ,
4, ,254, ,
1, ,253, ,
5, ,254, ,
3, ,253, ,
3, ,253, ,
4, ,253, ,
4, ,253, ,
1, ,253, ,
5, ,254, ,
3, ,253, ,
3, ,254, ,
4, ,253, ,
4, ,253, ,
1, ,253, ,
5, ,253, ,
1, ,253, ,
3, ,253, ,
4, ,253, ,
4, ,253, ,
1, ,253, ,
5, ,253, ,
3, ,253, ,
3, ,256, ,
4, ,253, ,
3, ,254, ,
1, ,256, ,
5, ,254, ,
3, ,253, ,
3, ,254, ,
4, ,253, ,
4, ,254, ,
1, ,253, ,
5, ,254, ,
3, ,253, ,
3, ,253, ,
4, ,253, ,
3, ,254, ,
1, ,253, ,
5, ,256, ,
1, ,253, ,
3, ,256, ,
4, ,253, ,
4, ,253, ,
3, ,253, ,
4, ,254, ,
3, ,253, ,
3, ,254, ,
4, ,253, ,
4, ,253, ,
1, ,253, ,
5, ,254, ,
3, ,253, ,
3, ,253, ,
4, ,253, ,
4, ,254, ,
1, ,254, ,
5, ,253, ,
1, ,253, ,
3, ,256, ,
3, ,253, ,
3, ,253, ,
1, ,253, ,
5, ,253, ,
3, ,254, ,
3, ,253, ,
4, ,253, ,
4, ,254, ,
1, ,253, ,
5, ,253, ,
3, ,253, ,
3, ,253, ,
3, ,253, ,
3, ,256, ,
1, ,254, ,
5, ,254, ,
3, ,253, ,
3, ,253, ,
4, ,254, ,
3, ,254, ,
1, ,253, ,
5, ,253, ,
3, ,254, ,
3, ,254, ,
4, ,253, ,
3, ,253, ,
1, ,253, ,
4, ,254, ,
1, ,253, ,
3, ,250, ,
4, ,252, ,
4, ,256, ,
1, ,259, ,
4, ,257, ,
1, ,253, ,
3, ,253, ,
3, ,254, ,
3, ,253, ,
1, ,256, ,
5, ,256, ,
3, ,254, ,
3, ,253, ,
4, ,253, ,
4, ,256, ,
1, ,253, ,
5, ,252, ,
1, ,254, ,
3, ,254, ,
3, ,253, ,
3, ,253, ,
1, ,254, ,
4, ,254, ,
1, ,253, ,
3, ,254, ,
3, ,253, ,
3, ,253, ,
1, ,252, ,
4, ,252, ,
3, ,253, ,
3, ,254, ,
3, ,254, ,
3, ,256, ,
1, ,254, ,
4, ,254, ,
3, ,253, ,
3, ,253, ,
3, ,253, ,
3, ,253, ,
1, ,253, ,
4, ,254, ,
3, ,254, ,
1, ,256, ,
3, ,253, ,
3, ,253, ,
0, ,254, ,
4, ,253, ,
1, ,253, ,
1, ,253, ,
3, ,253, ,
3, ,253, ,
1, ,253, ,
4, ,253, ,
3, ,253, ,
3, ,252, ,
3, ,251, ,
3, ,251, ,
1, ,253, ,
4, ,257, ,
1, ,257, ,
1, ,257, ,
4, ,253, ,
3, ,253, ,
1, ,252, ,
4, ,252, ,
1, ,253, ,
3, ,253, ,
3, ,253, ,
3, ,253, ,
1, ,254, ,
4, ,253, ,
1, ,253, ,
1, ,253, ,
3, ,253, ,
3, ,254, ,
1, ,253, ,
4, ,253, ,
1, ,253, ,
1, ,253, ,
3, ,253, ,
3, ,253, ,
0, ,253, ,
4, ,253, ,
1, ,253, ,
3, ,254, ,
4, ,254, ,
3, ,253, ,
1, ,254, ,
4, ,253, ,
3, ,253, ,
3, ,253, ,
3, ,253, ,
3, ,253, ,
0, ,254, ,
4, ,253, ,
1, ,253, ,
1, ,253, ,
3, ,253, ,
3, ,253, ,
1, ,253, ,
4, ,253, ,
1, ,253, ,
3, ,254, ,
3, ,253, ,
3, ,254, ,
1, ,254, ,
4, ,253, ,
1, ,253, ,
3, ,254, ,
3, ,253, ,
3, ,253, ,
1, ,253, ,
4, ,253, ,
1, ,253, ,
1, ,253, ,
3, ,253, ,
3, ,254, ,
1, ,253, ,
4, ,253, ,
1, ,253, ,
1, ,253, ,
4, ,253, ,
3, ,253, ,
0, ,253, ,
4, ,253, ,
1, ,253, ,
3, ,253, ,
3, ,253, ,
3, ,253, ,
1, ,254, ,
4, ,253, ,
1, ,253, ,
1, ,253, ,
3, ,253, ,
3, ,254, ,
1, ,253, ,
4, ,254, ,
1, ,253, ,
1, ,253, ,
3, ,253, ,
3, ,253, ,
0, ,253, ,
4, ,253, ,
1, ,253, ,
1, ,256, ,
3, ,253, ,
3, ,253, ,
1, ,253, ,
3, ,254, ,
1, ,253, ,
1, ,254, ,
3, ,253, ,
3, ,254, ,
0, ,254, ,
4, ,253, ,
1, ,253, ,
1, ,253, ,
3, ,253, ,
3, ,254, ,
0, ,253, ,
4, ,254, ,
1, ,254, ,
1, ,256, ,
3, ,252, ,
3, ,253, ,
0, ,253, ,
3, ,254, ,
1, ,253, ,
1, ,253, ,
3, ,254, ,
3, ,256, ,
0, ,254, ,
4, ,253, ,
1, ,253, ,
1, ,254, ,
3, ,253, ,
3, ,253, ,
0, ,254, ,
4, ,254, ,
1, ,254, ,
1, ,254, ,
3, ,254, ,
3, ,256, ,
0, ,253, ,
4, ,254, ,
1, ,254, ,
1, ,256, ,
3, ,253, ,
3, ,254, ,
0, ,253, ,
3, ,253, ,
1, ,253, ,
1, ,253, ,
3, ,253, ,
3, ,254, ,
0, ,253, ,
4, ,256, ,
1, ,254, ,
1, ,254, ,
3, ,253, ,
3, ,254, ,
0, ,254, ,
4, ,256, ,
1, ,253, ,
1, ,253, ,
3, ,253, ,
3, ,254, ,
0, ,253, ,
4, ,256, ,
1, ,254, ,
1, ,254, ,
3, ,253, ,
3, ,253, ,
0, ,256, ,
4, ,254, ,
1, ,253, ,
1, ,254, ,
3, ,254, ,
3, ,254, ,
0, ,254, ,
4, ,253, ,
1, ,253, ,
1, ,256, ,
3, ,253, ,
3, ,253, ,
0, ,253, ,
4, ,254, ,
1, ,253, ,
1, ,253, ,
3, ,254, ,
3, ,253, ,
0, ,253, ,
4, ,254, ,
1, ,253, ,
1, ,254, ,
3, ,253, ,
3, ,254, ,
0, ,254, ,
4, ,254, ,
1, ,253, ,
1, ,253, ,
3, ,253, ,
1, ,256, ,
0, ,254, ,
3, ,253, ,
1, ,253, ,
1, ,256, ,
3, ,254, ,
3, ,254, ,
0, ,253, ,
4, ,253, ,
1, ,253, ,
1, ,253, ,
3, ,256, ,
3, ,253, ,
0, ,253, ,
3, ,253, ,
1, ,254, ,
1, ,254, ,
3, ,253, ,
3, ,253, ,
0, ,253, ,
4, ,253, ,
1, ,253, ,
1, ,256, ,
3, ,254, ,
1, ,253, ,
0, ,253, ,
3, ,253, ,
1, ,253, ,
1, ,254, ,
3, ,253, ,
3, ,254, ,
0, ,253, ,
3, ,253, ,
1, ,253, ,
1, ,254, ,
3, ,254, ,
1, ,254, ,
0, ,254, ,
3, ,253, ,
1, ,254, ,
1, ,256, ,
3, ,253, ,
3, ,254, ,
0, ,254, ,
3, ,254, ,
1, ,253, ,
1, ,254, ,
3, ,254, ,
1, ,254, ,
0, ,253, ,
3, ,254, ,
1, ,254, ,
1, ,254, ,
3, ,254, ,
3, ,254, ,
0, ,254, ,
3, ,254, ,
1, ,253, ,
1, ,253, ,
3, ,254, ,
1, ,254, ,
0, ,253, ,
3, ,253, ,
1, ,253, ,
1, ,254, ,
3, ,253, ,
3, ,253, ,
0, ,253, ,
3, ,254, ,
1, ,253, ,
1, ,253, ,
3, ,254, ,
1, ,254, ,
0, ,253, ,
3, ,253, ,
1, ,254, ,
1, ,254, ,
3, ,253, ,
3, ,254, ,
0, ,254, ,
4, ,254, ,
1, ,254, ,
1, ,253, ,
3, ,253, ,
3, ,254, ,
0, ,254, ,
4, ,254, ,
1, ,253, ,
1, ,256, ,
3, ,253, ,
3, ,254, ,
0, ,254, ,
3, ,254, ,
1, ,253, ,
1, ,253, ,
3, ,253, ,
1, ,254, ,
0, ,253, ,
3, ,253, ,
1, ,253, ,
1, ,254, ,
3, ,253, ,
3, ,254, ,
0, ,254, ,
3, ,256, ,
1, ,253, ,
1, ,253, ,
3, ,253, ,
1, ,254, ,
0, ,253, ,
3, ,254, ,
1, ,253, ,
1, ,254, ,
3, ,253, ,
1, ,254, ,
0, ,254, ,
3, ,254, ,
1, ,254, ,
1, ,253, ,
3, ,254, ,
1, ,253, ,
0, ,253, ,
3, ,253, ,
1, ,254, ,
1, ,254, ,
3, ,253, ,
1, ,253, ,
0, ,253, ,
3, ,253, ,
1, ,253, ,
1, ,253, ,
3, ,254, ,
1, ,254, ,
0, ,253, ,
3, ,253, ,
1, ,254, ,
1, ,254, ,
1, ,253, ,
1, ,253, ,
0, ,254, ,
3, ,254, ,
1, ,253, ,
1, ,254, ,
3, ,253, ,
1, ,254, ,
0, ,253, ,
3, ,254, ,
1, ,254, ,
1, ,254, ,
3, ,253, ,
1, ,253, ,
0, ,254, ,
3, ,253, ,
1, ,253, ,
1, ,254, ,
3, ,254, ,
1, ,254, ,
0, ,253, ,
3, ,253, ,
1, ,256, ,
1, ,254, ,
3, ,253, ,
1, ,253, ,
0, ,254, ,
4, ,254, ,
1, ,254, ,
1, ,253, ,
3, ,254, ,
1, ,254, ,
0, ,253, ,
3, ,254, ,
1, ,253, ,
1, ,254, ,
3, ,253, ,
3, ,254, ,
0, ,254, ,
3, ,254, ,
1, ,254, ,
1, ,254, ,
3, ,254, ,
1, ,256, ,
0, ,254, ,
3, ,254, ,
1, ,256, ,
1, ,254, ,
3, ,253, ,
1, ,253, ,
0, ,253, ,
3, ,254, ,
1, ,253, ,
1, ,254, ,
3, ,254, ,
3, ,256, ,
0, ,253, ,
3, ,254, ,
1, ,254, ,
1, ,256, ,
3, ,254, ,
1, ,254, ,
0, ,254, ,
3, ,253, ,
1, ,253, ,
1, ,256, ,
3, ,253, ,
1, ,253, ,
0, ,254, ,
3, ,254, ,
1, ,254, ,
1, ,254, ,
3, ,253, ,
1, ,253, ,
0, ,254, ,
3, ,253, ,
1, ,254, ,
1, ,256, ,
3, ,254, ,
1, ,254, ,
0, ,253, ,
3, ,253, ,
1, ,253, ,
1, ,253, ,
3, ,253, ,
1, ,254, ,
0, ,254, ,
3, ,254, ,
1, ,253, ,
1, ,254, ,
3, ,253, ,
1, ,253, ,
0, ,253, ,
3, ,254, ,
1, ,256, ,
1, ,256, ,
1, ,254, ,
1, ,254, ,
0, ,254, ,
3, ,253, ,
1, ,252, ,
1, ,253, ,
3, ,254, ,
1, ,254, ,
0, ,254, ,
3, ,254, ,
1, ,254, ,
1, ,256, ,
1, ,253, ,
1, ,253, ,
0, ,253, ,
3, ,254, ,
1, ,253, ,
1, ,254, ,
3, ,253, ,
3, ,254, ,
0, ,253, ,
3, ,253, ,
1, ,253, ,
1, ,254, ,
3, ,253, ,
1, ,256, ,
0, ,254, ,
3, ,256, ,
1, ,253, ,
1, ,254, ,
3, ,254, ,
1, ,254, ,
0, ,253, ,
3, ,253, ,
0, ,253, ,
1, ,254, ,
1, ,253, ,
3, ,253, ,
0, ,256, ,
3, ,254, ,
0, ,253, ,
1, ,253, ,
3, ,253, ,
1, ,254, ,
0, ,253, ,
3, ,254, ,
1, ,253, ,
1, ,254, ,
1, ,253, ,
1, ,254, ,
0, ,256, ,
3, ,254, ,
1, ,253, ,
1, ,253, ,
3, ,254, ,
1, ,253, ,
0, ,254, ,
3, ,254, ,
1, ,254, ,
1, ,256, ,
3, ,253, ,
1, ,254, ,
0, ,253, ,
3, ,253, ,
0, ,253, ,
0, ,254, ,
3, ,253, ,
1, ,254, ,
0, ,253, ,
3, ,254, ,
1, ,253, ,
1, ,254, ,
3, ,253, ,
1, ,254, ,
0, ,254, ,
3, ,254, ,
1, ,253, ,
1, ,256, ,
3, ,254, ,
1, ,253, ,
0, ,253, ,
3, ,253, ,
1, ,253, ,
1, ,253, ,
3, ,253, ,
1, ,253, ,
0, ,254, ,
3, ,254, ,
1, ,253, ,
1, ,254, ,
3, ,254, ,
1, ,254, ,
0, ,253, ,
3, ,253, ,
1, ,253, ,
1, ,254, ,
3, ,253, ,
1, ,254, ,
0, ,253, ,
3, ,254, ,
1, ,253, ,
1, ,253, ,
3, ,254, ,
1, ,256, ,
0, ,254, ,
3, ,253, ,
0, ,253, ,
1, ,256, ,
3, ,253, ,
1, ,254, ,
0, ,256, ,
3, ,254, ,
1, ,253, ,
0, ,254, ,
3, ,253, ,
1, ,254, ,
0, ,253, ,
3, ,253, ,
0, ,254, ,
1, ,253, ,
1, ,253, ,
1, ,254, ,
0, ,254, ,
3, ,254, ,
1, ,253, ,
0, ,254, ,
3, ,253, ,
1, ,254, ,
0, ,253, ,
3, ,256, ,
1, ,253, ,
1, ,253, ,
3, ,254, ,
1, ,254, ,
0, ,254, ,
3, ,254, ,
1, ,253, ,
0, ,253, ,
3, ,254, ,
1, ,253, ,
0, ,253, ,
3, ,253, ,
0, ,254, ,
1, ,254, ,
1, ,253, ,
1, ,253, ,
-1, ,253, ,
3, ,254, ,
0, ,253, ,
0, ,254, ,
3, ,254, ,
1, ,253, ,
0, ,253, ,
3, ,253, ,
0, ,254, ,
0, ,254, ,
1, ,253, ,
1, ,253, ,
0, ,253, ,
3, ,256, ,
0, ,253, ,
0, ,253, ,
3, ,254, ,
1, ,253, ,
0, ,254, ,
3, ,254, ,
1, ,253, ,
0, ,254, ,
1, ,253, ,
1, ,254, ,
0, ,253, ,
3, ,253, ,
0, ,253, ,
1, ,254, ,
3, ,253, ,
1, ,253, ,
0, ,253, ,
3, ,253, ,
0, ,253, ,
0, ,253, ,
3, ,253, ,
1, ,253, ,
0, ,254, ,
3, ,253, ,
0, ,253, ,
0, ,254, ,
3, ,254, ,
1, ,254, ,
0, ,253, ,
3, ,254, ,
0, ,253, ,
1, ,254, ,
3, ,254, ,
1, ,254, ,
0, ,254, ,
3, ,254, ,
0, ,254, ,
1, ,254, ,
3, ,254, ,
1, ,254, ,
0, ,253, ,
3, ,253, ,
0, ,253, ,
0, ,254, ,
1, ,254, ,
1, ,256, ,
0, ,256, ,
3, ,253, ,
0, ,254, ,
0, ,254, ,
1, ,254, ,
1, ,253, ,
0, ,253, ,
3, ,254, ,
0, ,254, ,
0, ,254, ,
1, ,253, ,
1, ,253, ,
0, ,254, ,
3, ,256, ,
0, ,253, ,
0, ,253, ,
3, ,254, ,
1, ,254, ,
0, ,254, ,
3, ,254, ,
0, ,254, ,
0, ,253, ,
1, ,253, ,
1, ,253, ,
0, ,253, ,
3, ,254, ,
1, ,254, ,
0, ,253, ,
3, ,253, ,
3, ,253, ,
0, ,253, ,
3, ,253, ,
0, ,253, ,
1, ,254, ,
1, ,253, ,
1, ,253, ,
0, ,254, ,
3, ,254, ,
0, ,253, ,
0, ,253, ,
1, ,253, ,
1, ,254, ,
0, ,253, ,
3, ,253, ,
0, ,253, ,
1, ,253, ,
3, ,253, ,
1, ,253, ,
0, ,253, ,
3, ,254, ,
0, ,253, ,
0, ,256, ,
3, ,253, ,
1, ,254, ,
0, ,253, ,
3, ,253, ,
0, ,253, ,
0, ,253, ,
1, ,253, ,
1, ,253, ,
-1, ,253, ,
3, ,254, ,
0, ,253, ,
0, ,253, ,
1, ,253, ,
1, ,253, ,
0, ,253, ,
3, ,253, ,
1, ,253, ,
0, ,254, ,
3, ,254, ,
1, ,253, ,
-1, ,256, ,
3, ,254, ,
0, ,253, ,
0, ,253, ,
1, ,253, ,
1, ,253, ,
0, ,253, ,
3, ,253, ,
0, ,254, ,
0, ,256, ,
1, ,253, ,
1, ,253, ,
0, ,254, ,
3, ,254, ,
0, ,253, ,
0, ,253, ,
3, ,254, ,
1, ,253, ,
0, ,253, ,
3, ,253, ,
0, ,253, ,
0, ,254, ,
1, ,253, ,
1, ,253, ,
0, ,254, ,
3, ,254, ,
0, ,253, ,
0, ,254, ,
3, ,254, ,
3, ,254, ,
0, ,253, ,
3, ,253, ,
0, ,254, ,
1, ,254, ,
3, ,253, ,
1, ,253, ,
0, ,254, ,
3, ,254, ,
1, ,253, ,
0, ,254, ,
3, ,253, ,
1, ,253, ,
0, ,253, ,
3, ,253, ,
0, ,254, ,
1, ,253, ,
3, ,254, ,
1, ,254, ,
-1, ,254, ,
3, ,256, ,
0, ,254, ,
0, ,253, ,
3, ,253, ,
1, ,254, ,
0, ,254, ,
3, ,254, ,
1, ,254, ,
0, ,254, ,
1, ,254, ,
1, ,253, ,
0, ,254, ,
3, ,253, ,
0, ,253, ,
1, ,253, ,
1, ,253, ,
1, ,256, ,
0, ,253, ,
3, ,253, ,
0, ,253, ,
1, ,253, ,
3, ,253, ,
1, ,253, ,
0, ,256, ,
3, ,253, ,
0, ,254, ,
0, ,253, ,
3, ,253, ,
1, ,254, ,
0, ,254, ,
3, ,254, ,
0, ,253, ,
0, ,254, ,
1, ,253, ,
1, ,254, ,
0, ,254, ,
3, ,254, ,
0, ,253, ,
0, ,253, ,
3, ,254, ,
1, ,253, ,
0, ,253, ,
1, ,253, ,
0, ,253, ,
0, ,253, ,
1, ,253, ,
1, ,254, ,
0, ,253, ,
3, ,253, ,
1, ,254, ,
0, ,254, ,
1, ,254, ,
3, ,253, ,
0, ,253, ,
1, ,254, ,
1, ,254, ,
1, ,256, ,
1, ,254, ,
1, ,254, ,
0, ,254, ,
1, ,254, ,
1, ,253, ,
1, ,254, ,
1, ,253, ,
1, ,254, ,
0, ,253, ,
3, ,253, ,
0, ,254, ,
0, ,253, ,
1, ,253, ,
1, ,254, ,
0, ,253, ,
3, ,254, ,
0, ,253, ,
0, ,253, ,
1, ,254, ,
1, ,254, ,
-1, ,253, ,
3, ,253, ,
0, ,253, ,
0, ,253, ,
1, ,253, ,
1, ,253, ,
0, ,253, ,
3, ,253, ,
0, ,253, ,
0, ,253, ,
1, ,254, ,
1, ,254, ,
0, ,253, ,
3, ,253, ,
1, ,253, ,
0, ,253, ,
1, ,253, ,
1, ,253, ,
0, ,253, ,
3, ,254, ,
0, ,253, ,
0, ,253, ,
3, ,253, ,
1, ,254, ,
0, ,253, ,
3, ,253, ,
0, ,253, ,
0, ,254, ,
1, ,253, ,
1, ,253, ,
0, ,253, ,
3, ,253, ,
0, ,253, ,
0, ,252, ,
3, ,253, ,
1, ,254, ,
0, ,253, ,
3, ,256, ,
0, ,253, ,
0, ,254, ,
1, ,253, ,
1, ,253, ,
0, ,253, ,
3, ,253, ,
0, ,253, ,
0, ,253, ,
1, ,254, ,
1, ,254, ,
0, ,253, ,
3, ,254, ,
0, ,253, ,
0, ,253, ,
3, ,253, ,
1, ,254, ,
0, ,253, ,
3, ,256, ,
0, ,253, ,
0, ,252, ,
1, ,254, ,
1, ,254, ,
0, ,253, ,
3, ,253, ,
1, ,253, ,
0, ,254, ,
1, ,253, ,
1, ,253, ,
0, ,253, ,
3, ,254, ,
0, ,253, ,
0, ,256, ,
3, ,253, ,
1, ,253, ,
0, ,253, ,
3, ,256, ,
0, ,253, ,
0, ,254, ,
3, ,253, ,
1, ,253, ,
0, ,253, ,
3, ,254, ,
0, ,253, ,
0, ,253, ,
1, ,253, ,
1, ,254, ,
0, ,254, ,
3, ,253, ,
0, ,253, ,
0, ,256, ,
3, ,253, ,
1, ,253, ,
0, ,254, ,
3, ,253, ,
0, ,253, ,
0, ,253, ,
1, ,254, ,
1, ,254, ,
0, ,254, ,
3, ,253, ,
0, ,254, ,
0, ,254, ,
1, ,253, ,
1, ,253, ,
0, ,253, ,
3, ,254, ,
0, ,254, ,
0, ,248, ,
3, ,251, ,
1, ,257, ,
0, ,259, ,
3, ,256, ,
0, ,253, ,
0, ,252, ,
1, ,253, ,
1, ,254, ,
0, ,253, ,
3, ,256, ,
1, ,253, ,
0, ,252, ,
1, ,253, ,
1, ,256, ,
0, ,254, ,
3, ,253, ,
1, ,254, ,
1, ,254, ,
3, ,253, ,
1, ,254, ,
0, ,254, ,
3, ,254, ,
0, ,253, ,
0, ,254, ,
3, ,253, ,
1, ,254, ,
0, ,253, ,
3, ,253, ,
0, ,254, ,
0, ,253, ,
3, ,253, ,
1, ,254, ,
0, ,253, ,
3, ,254, ,
0, ,253, ,
0, ,254, ,
3, ,253, ,
1, ,254, ,
0, ,254, ,
3, ,254, ,
0, ,254, ,
0, ,254, ,
1, ,253, ,
1, ,253, ,
0, ,253, ,
3, ,254, ,
0, ,253, ,
0, ,253, ,
3, ,253, ,
1, ,253, ,
0, ,253, ,
3, ,253, ,
0, ,254, ,
0, ,254, ,
1, ,253, ,
1, ,253, ,
0, ,253, ,
3, ,254, ,
0, ,253, ,
0, ,253, ,
3, ,253, ,
1, ,254, ,
0, ,253, ,
3, ,254, ,
0, ,253, ,
0, ,254, ,
3, ,253, ,
1, ,254, ,
0, ,254, ,
3, ,254, ,
0, ,253, ,
0, ,253, ,
1, ,254, ,
1, ,254, ,
0, ,252, ,
3, ,253, ,
0, ,252, ,
0, ,251, ,
1, ,251, ,
1, ,253, ,
0, ,257, ,
3, ,258, ,
0, ,256, ,
0, ,253, ,
3, ,253, ,
0, ,253, ,
-1, ,252, ,
3, ,252, ,
0, ,252, ,
0, ,253, ,
3, ,253, ,
1, ,253, ,
0, ,254, ,
3, ,253, ,
0, ,253, ,
0, ,253, ,
3, ,253, ,
1, ,253, ,
0, ,253, ,
3, ,253, ,
0, ,253, ,
0, ,253, ,
1, ,253, ,
1, ,253, ,
0, ,253, ,
3, ,253, ,
0, ,253, ,
0, ,253, ,
1, ,253, ,
1, ,254, ,
0, ,253, ,
3, ,253, ,
1, ,253, ,
0, ,253, ,
1, ,253, ,
1, ,253, ,
0, ,253, ,
3, ,253, ,
0, ,253, ,
0, ,253, ,
3, ,253, ,
1, ,253, ,
0, ,254, ,
3, ,253, ,
1, ,253, ,
0, ,254, ,
1, ,253, ,
1, ,253, ,
0, ,254, ,
3, ,254, ,
0, ,253, ,
0, ,253, ,
3, ,253, ,
1, ,253, ,
0, ,253, ,
3, ,253, ,
0, ,254, ,
0, ,254, ,
1, ,253, ,
1, ,253, ,
0, ,254, ,
3, ,254, ,
0, ,253, ,
0, ,253, ,
3, ,253, ,
1, ,254, ,
-1, ,253, ,
3, ,253, ,
1, ,254, ,
0, ,254, ,
1, ,253, ,
1, ,253, ,
0, ,253, ,
3, ,253, ,
0, ,253, ,
0, ,253, ,
3, ,254, ,
3, ,253, ,
0, ,253, ,
3, ,253, ,
1, ,253, ,
0, ,254, ,
1, ,253, ,
1, ,254, ,
0, ,254, ,
3, ,253, ,
0, ,253, ,
0, ,253, ,
1, ,253, ,
1, ,256, ,
0, ,253, ,
3, ,253, ,
0, ,253, ,
0, ,253, ,
1, ,253, ,
1, ,253, ,
0, ,254, ,
3, ,253, ,
0, ,253, ,
0, ,253, ,
3, ,253, ,
1, ,253, ,
0, ,254, ,
3, ,254, ,
0, ,254, ,
0, ,253, ,
1, ,253, ,
1, ,253, ,
0, ,254, ,
3, ,254, ,
0, ,253, ,
0, ,253, ,
3, ,256, ,
1, ,256, ,
0, ,253, ,
3, ,253, ,
1, ,254, ,
0, ,256, ,
3, ,254, ,
1, ,253, ,
0, ,254, ,
3, ,254, ,
1, ,254, ,
0, ,254, ,
1, ,254, ,
1, ,254, ,
0, ,254, ,
3, ,256, ,
1, ,254, ,
1, ,256, ,
3, ,254, ,
1, ,253, ,
0, ,253, ,
3, ,253, ,
0, ,253, ,
0, ,253, ,
3, ,253, ,
1, ,254, ,
-1, ,254, ,
3, ,253, ,
0, ,254, ,
0, ,256, ,
1, ,254, ,
1, ,254, ,
0, ,256, ,
3, ,254, ,
0, ,253, ,
0, ,254, ,
3, ,253, ,
1, ,254, ,
-1, ,253, ,
3, ,254, ,
0, ,254, ,
0, ,254, ,
3, ,254, ,
1, ,254, ,
0, ,254, ,
3, ,254, ,
0, ,254, ,
0, ,253, ,
3, ,254, ,
1, ,253, ,
-1, ,253, ,
3, ,254, ,
0, ,254, ,
0, ,254, ,
1, ,253, ,
1, ,253, ,
0, ,254, ,
3, ,256, ,
0, ,254, ,
0, ,254, ,
3, ,253, ,
1, ,254, ,
-1, ,254, ,
3, ,253, ,
0, ,254, ,
0, ,254, ,
1, ,254, ,
1, ,254, ,
-1, ,254, ,
3, ,254, ,
0, ,253, ,
0, ,253, ,
3, ,253, ,
1, ,254, ,
-1, ,253, ,
3, ,253, ,
1, ,254, ,
0, ,256, ,
1, ,253, ,
1, ,253, ,
0, ,254, ,
3, ,254, ,
0, ,254, ,
0, ,253, ,
3, ,253, ,
1, ,254, ,
0, ,253, ,
3, ,253, ,
0, ,254, ,
0, ,253, ,
3, ,253, ,
1, ,254, ,
0, ,253, ,
3, ,253, ,
0, ,253, ,
0, ,253, ,
3, ,253, ,
1, ,253, ,
-1, ,254, ,
3, ,253, ,
0, ,254, ,
0, ,256, ,
1, ,253, ,
1, ,253, ,
0, ,254, ,
3, ,254, ,
0, ,254, ,
0, ,254, ,
1, ,254, ,
1, ,254, ,
0, ,253, ,
3, ,253, ,
0, ,253, ,
0, ,253, ,
3, ,253, ,
1, ,254, ,
0, ,254, ,
3, ,254, ,
0, ,254, ,
0, ,254, ,
3, ,254, ,
1, ,254, ,
-1, ,254, ,
3, ,253, ,
1, ,254, ,
0, ,253, ,
3, ,253, ,
1, ,253, ,
0, ,254, ,
3, ,253, ,
0, ,254, ,
0, ,254, ,
3, ,253, ,
1, ,254, ,
-1, ,253, ,
3, ,253, ,
0, ,253, ,
0, ,254, ,
1, ,253, ,
1, ,254, ,
0, ,253, ,
3, ,254, ,
1, ,253, ,
0, ,254, ,
3, ,253, ,
1, ,254, ,
0, ,253, ,
3, ,254, ,
0, ,254, ,
1, ,253, ,
1, ,254, ,
1, ,253, ,
0, ,254, ,
3, ,253, ,
0, ,253, ,
0, ,253, ,
3, ,254, ,
1, ,253, ,
0, ,254, ,
3, ,253, ,
0, ,254, ,
0, ,254, ,
1, ,254, ,
1, ,254, ,
-1, ,253, ,
3, ,253, ,
0, ,253, ,
0, ,254, ,
1, ,254, ,
1, ,254, ,
-1, ,253, ,
3, ,256, ,
0, ,253, ,
0, ,254, ,
1, ,253, ,
1, ,253, ,
0, ,253, ,
3, ,253, ,
1, ,253, ,
0, ,256, ,
3, ,254, ,
1, ,254, ,
-1, ,253, ,
3, ,253, ,
0, ,254, ,
0, ,253, ,
1, ,251, ,
1, ,254, ,
-1, ,256, ,
3, ,254, ,
0, ,254, ,
0, ,253, ,
3, ,253, ,
1, ,254, ,
-1, ,253, ,
3, ,254, ,
1, ,254, ,
0, ,253, ,
1, ,253, ,
1, ,253, ,
0, ,254, ,
3, ,253, ,
0, ,253, ,
0, ,256, ,
1, ,253, ,
1, ,256, ,
-1, ,253, ,
3, ,253, ,
0, ,253, ,
0, ,256, ,
1, ,254, ,
1, ,253, ,
0, ,253, ,
3, ,254, ,
0, ,253, ,
0, ,253, ,
1, ,253, ,
1, ,254, ,
0, ,254, ,
3, ,254, ,
1, ,253, ,
0, ,254, ,
3, ,253, ,
1, ,254, ,
-1, ,254, ,
3, ,257, ,
0, ,253, ,
0, ,254, ,
3, ,253, ,
1, ,254, ,
0, ,253, ,
4, ,253, ,
0, ,254, ,
0, ,254, ,
1, ,253, ,
1, ,253, ,
0, ,256, ,
3, ,256, ,
0, ,253, ,
0, ,253, ,
3, ,253, ,
1, ,256, ,
0, ,253, ,
3, ,254, ,
0, ,254, ,
0, ,256, ,
3, ,253, ,
1, ,253, ,
0, ,253, ,
3, ,254, ,
1, ,253, ,
0, ,256, ,
1, ,254, ,
1, ,256, ,
0, ,254, ,
3, ,254, ,
0, ,254, ,
0, ,254, ,
1, ,253, ,
1, ,253, ,
-1, ,253, ,
3, ,254, ,
0, ,254, ,
0, ,253, ,
3, ,253, ,
1, ,254, ,
0, ,253, ,
3, ,254, ,
0, ,253, ,
0, ,253, ,
1, ,254, ,
1, ,254, ,
0, ,254, ,
3, ,253, ,
0, ,254, ,
0, ,254, ,
3, ,254, ,
1, ,254, ,
-1, ,253, ,
3, ,253, ,
1, ,253, ,
0, ,254, ,
1, ,253, ,
1, ,253, ,
-1, ,254, ,
3, ,253, ,
0, ,253, ,
0, ,254, ,
1, ,253, ,
1, ,254, ,
0, ,254, ,
3, ,253, ,
0, ,253, ,
0, ,254, ,
1, ,254, ,
1, ,253, ,
-1, ,254, ,
3, ,254, ,
0, ,254, ,
0, ,253, ,
3, ,253, ,
1, ,254, ,
-1, ,253, ,
4, ,253, ,
0, ,254, ,
0, ,256, ,
1, ,254, ,
1, ,253, ,
-1, ,253, ,
3, ,254, ,
0, ,252, ,
0, ,254, ,
3, ,253, ,
1, ,254, ,
0, ,253, ,
4, ,256, ,
0, ,254, ,
0, ,254, ,
1, ,253, ,
1, ,254, ,
0, ,254, ,
3, ,254, ,
0, ,254, ,
0, ,253, ,
3, ,254, ,
1, ,254, ,
-1, ,253, ,
3, ,253, ,
0, ,253, ,
0, ,254, ,
1, ,253, ,
1, ,253, ,
-1, ,254, ,
3, ,254, ,
0, ,253, ,
0, ,253, ,
3, ,254, ,
1, ,254, ,
0, ,253, ,
3, ,253, ,
0, ,253, ,
0, ,256, ,
1, ,253, ,
1, ,253, ,
0, ,256, ,
3, ,254, ,
0, ,253, ,
0, ,253, ,
1, ,254, ,
1, ,254, ,
0, ,254, ,
3, ,253, ,
0, ,253, ,
0, ,254, ,
1, ,253, ,
1, ,253, ,
0, ,253, ,
3, ,254, ,
0, ,253, ,
0, ,254, ,
1, ,253, ,
1, ,254, ,
-1, ,254, ,
3, ,253, ,
0, ,254, ,
0, ,253, ,
3, ,254, ,
1, ,253, ,
0, ,253, ,
3, ,254, ,
0, ,254, ,
0, ,254, ,
3, ,254, ,
1, ,254, ,
0, ,253, ,
3, ,253, ,
0, ,253, ,
0, ,254, ,
1, ,253, ,
1, ,253, ,
0, ,256, ,
3, ,253, ,
0, ,253, ,
0, ,253, ,
3, ,254, ,
1, ,256, ,
-1, ,254, ,
3, ,254, ,
0, ,253, ,
0, ,254, ,
1, ,253, ,
1, ,254, ,
0, ,254, ,
3, ,256, ,
0, ,254, ,
0, ,256, ,
1, ,253, ,
1, ,253, ,
0, ,253, ,
3, ,254, ,
0, ,254, ,
0, ,253, ,
1, ,253, ,
1, ,253, ,
-1, ,253, ,
3, ,254, ,
0, ,254, ,
0, ,253, ,
3, ,253, ,
1, ,253, ,
-1, ,254, ,
3, ,253, ,
0, ,254, ,
0, ,253, ,
3, ,253, ,
1, ,253, ,
0, ,254, ,
3, ,253, ,
0, ,254, ,
0, ,254, ,
1, ,253, ,
1, ,254, ,
0, ,253, ,
3, ,254, ,
0, ,254, ,
0, ,254, ,
1, ,254, ,
1, ,253, ,
0, ,253, ,
3, ,254, ,
0, ,254, ,
0, ,253, ,
1, ,254, ,
1, ,254, ,
-1, ,254, ,
3, ,253, ,
0, ,254, ,
0, ,254, ,
1, ,254, ,
1, ,253, ,
0, ,253, ,
3, ,253, ,
0, ,253, ,
0, ,253, ,
3, ,254, ,
1, ,254, ,
-1, ,253, ,
3, ,254, ,
0, ,254, ,
0, ,256, ,
1, ,253, ,
1, ,253, ,
0, ,253, ,
3, ,253, ,
0, ,253, ,
0, ,253, ,
3, ,253, ,
1, ,254, ,
0, ,253, ,
3, ,253, ,
0, ,254, ,
0, ,254, ,
1, ,253, ,
1, ,253, ,
0, ,254, ,
3, ,253, ,
0, ,253, ,
0, ,254, ,
3, ,253, ,
1, ,253, ,
0, ,253, ,
3, ,253, ,
0, ,254, ,
0, ,254, ,
1, ,253, ,
1, ,254, ,
0, ,254, ,
3, ,253, ,
0, ,253, ,
0, ,254, ,
3, ,253, ,
1, ,253, ,
0, ,253, ,
3, ,253, ,
0, ,254, ,
0, ,256, ,
3, ,253, ,
1, ,253, ,
0, ,253, ,
3, ,254, ,
0, ,254, ,
0, ,254, ,
3, ,254, ,
1, ,254, ,
-1, ,254, ,
3, ,254, ,
0, ,256, ,
0, ,254, ,
1, ,253, ,
1, ,254, ,
0, ,254, ,
3, ,253, ,
0, ,254, ,
0, ,254, ,
3, ,253, ,
1, ,254, ,
0, ,253, ,
3, ,254, ,
0, ,254, ,
0, ,254, ,
1, ,253, ,
1, ,254, ,
0, ,254, ,
3, ,253, ,
0, ,253, ,
0, ,253, ,
1, ,254, ,
1, ,253, ,
0, ,253, ,
3, ,253, ,
1, ,253, ,
0, ,253, ,
1, ,254, ,
1, ,254, ,
0, ,253, ,
3, ,254, ,
0, ,253, ,
0, ,254, ,
3, ,253, ,
1, ,253, ,
-1, ,253, ,
3, ,253, ,
0, ,253, ,
0, ,253, ,
1, ,253, ,
1, ,253, ,
0, ,254, ,
4, ,256, ,
0, ,253, ,
0, ,253, ,
1, ,254, ,
1, ,254, ,
-1, ,253, ,
3, ,254, ,
0, ,254, ,
0, ,254, ,
1, ,253, ,
1, ,253, ,
-1, ,254, ,
3, ,253, ,
0, ,254, ,
0, ,254, ,
1, ,254, ,
1, ,256, ,
-1, ,253, ,
3, ,254, ,
1, ,254, ,
0, ,256, ,
1, ,253, ,
1, ,253, ,
0, ,253, ,
3, ,254, ,
0, ,253, ,
0, ,253, ,
1, ,254, ,
1, ,253, ,
0, ,253, ,
3, ,253, ,
0, ,253, ,
0, ,253, ,
1, ,253, ,
1, ,253, ,
-1, ,253, ,
3, ,254, ,
0, ,253, ,
0, ,253, ,
1, ,253, ,
1, ,254, ,
0, ,253, ,
3, ,253, ,
1, ,253, ,
0, ,253, ,
1, ,253, ,
1, ,253, ,
0, ,253, ,
3, ,254, ,
0, ,253, ,
0, ,253, ,
1, ,253, ,
1, ,253, ,
0, ,253, ,
3, ,253, ,
1, ,253, ,
0, ,254, ,
1, ,253, ,
1, ,253, ,
-1, ,253, ,
3, ,254, ,
0, ,253, ,
0, ,253, ,
3, ,256, ,
1, ,253, ,
0, ,254, ,
3, ,256, ,
0, ,254, ,
0, ,254, ,
3, ,253, ,
1, ,254, ,
0, ,253, ,
3, ,254, ,
0, ,253, ,
0, ,254, ,
1, ,254, ,
1, ,254, ,
0, ,253, ,
3, ,254, ,
0, ,253, ,
0, ,253, ,
3, ,251, ,
1, ,254, ,
-1, ,254, ,
3, ,256, ,
1, ,254, ,
0, ,254, ,
3, ,253, ,
1, ,253, ,
-1, ,253, ,
3, ,252, ,
0, ,253, ,
1, ,254, ,
3, ,254, ,
1, ,254, ,
0, ,256, ,
3, ,254, ,
0, ,253, ,
0, ,254, ,
1, ,254, ,
1, ,253, ,
0, ,253, ,
3, ,254, ,
0, ,254, ,
0, ,254, ,
3, ,253, ,
1, ,253, ,
0, ,253, ,
3, ,254, ,
0, ,254, ,
0, ,253, ,
1, ,254, ,
1, ,254, ,
0, ,254, ,
3, ,253, ,
0, ,254, ,
0, ,253, ,
1, ,253, ,
1, ,253, ,
0, ,253, ,
3, ,254, ,
0, ,253, ,
0, ,254, ,
3, ,253, ,
1, ,253, ,
-1, ,253, ,
3, ,254, ,
0, ,253, ,
0, ,254, ,
1, ,253, ,
1, ,254, ,
-1, ,254, ,
3, ,254, ,
0, ,254, ,
0, ,253, ,
1, ,253, ,
1, ,254, ,
0, ,253, ,
3, ,253, ,
1, ,253, ,
0, ,254, ,
1, ,253, ,
1, ,253, ,
0, ,253, ,
3, ,254, ,
0, ,253, ,
0, ,253, ,
1, ,253, ,
1, ,254, ,
0, ,254, ,
3, ,253, ,
0, ,254, ,
0, ,254, ,
1, ,253, ,
1, ,254, ,
0, ,253, ,
3, ,254, ,
0, ,252, ,
0, ,253, ,
3, ,253, ,
1, ,254, ,
-1, ,253, ,
3, ,254, ,
0, ,254, ,
0, ,253, ,
3, ,253, ,
1, ,253, ,
-1, ,256, ,
3, ,254, ,
0, ,254, ,
0, ,254, ,
1, ,253, ,
1, ,254, ,
0, ,253, ,
4, ,254, ,
1, ,253, ,
0, ,254, ,
3, ,253, ,
1, ,254, ,
0, ,253, ,
3, ,256, ,
0, ,254, ,
0, ,253, ,
3, ,253, ,
1, ,253, ,
0, ,254, ,
3, ,253, ,
0, ,254, ,
0, ,254, ,
1, ,254, ,
1, ,253, ,
0, ,253, ,
3, ,254, ,
0, ,253, ,
0, ,253, ,
1, ,254, ,
1, ,254, ,
0, ,254, ,
3, ,253, ,
0, ,253, ,
0, ,253, ,
1, ,253, ,
1, ,253, ,
0, ,253, ,
3, ,254, ,
0, ,254, ,
0, ,254, ,
1, ,253, ,
1, ,254, ,
0, ,253, ,
3, ,253, ,
0, ,253, ,
0, ,253, ,
1, ,253, ,
1, ,254, ,
0, ,256, ,
3, ,254, ,
0, ,253, ,
0, ,254, ,
1, ,253, ,
1, ,256, ,
0, ,253, ,
3, ,254, ,
0, ,253, ,
0, ,254, ,
1, ,253, ,
1, ,253, ,
0, ,253, ,
3, ,253, ,
1, ,254, ,
0, ,253, ,
3, ,253, ,
1, ,254, ,
-1, ,253, ,
3, ,253, ,
0, ,253, ,
0, ,256, ,
3, ,253, ,
1, ,254, ,
0, ,254, ,
3, ,254, ,
0, ,253, ,
0, ,254, ,
3, ,254, ,
1, ,254, ,
0, ,253, ,
3, ,254, ,
0, ,254, ,
0, ,253, ,
1, ,253, ,
1, ,254, ,
0, ,253, ,
3, ,254, ,
0, ,253, ,
0, ,253, ,
3, ,254, ,
1, ,254, ,
-1, ,253, ,
3, ,254, ,
0, ,253, ,
0, ,254, ,
1, ,253, ,
1, ,254, ,
0, ,253, ,
3, ,254, ,
0, ,253, ,
0, ,254, ,
3, ,256, ,
1, ,254, ,
0, ,254, ,
3, ,254, ,
0, ,253, ,
0, ,253, ,
1, ,253, ,
1, ,254, ,
-1, ,254, ,
3, ,254, ,
0, ,254, ,
0, ,253, ,
1, ,254, ,
1, ,254, ,
-1, ,253, ,
3, ,253, ,
0, ,254, ,
0, ,254, ,
1, ,253, ,
1, ,253, ,
0, ,254, ,
3, ,254, ,
1, ,254, ,
0, ,254, ,
3, ,253, ,
1, ,253, ,
0, ,253, ,
4, ,253, ,
1, ,254, ,
0, ,254, ,
1, ,253, ,
1, ,253, ,
0, ,256, ,
3, ,254, ,
0, ,253, ,
0, ,253, ,
3, ,254, ,
1, ,256, ,
-1, ,253, ,
3, ,253, ,
0, ,254, ,
0, ,254, ,
3, ,254, ,
1, ,254, ,
0, ,253, ,
3, ,253, ,
0, ,253, ,
0, ,253, ,
1, ,253, ,
1, ,254, ,
0, ,253, ,
3, ,253, ,
0, ,253, ,
0, ,253, ,
1, ,253, ,
1, ,253, ,
0, ,253, ,
3, ,254, ,
0, ,253, ,
0, ,254, ,
1, ,253, ,
1, ,254, ,
0, ,253, ,
3, ,254, ,
0, ,254, ,
0, ,254, ,
3, ,253, ,
1, ,253, ,
0, ,253, ,
3, ,256, ,
0, ,254, ,
0, ,253, ,
3, ,254, ,
1, ,254, ,
0, ,253, ,
3, ,253, ,
0, ,253, ,
0, ,254, ,
1, ,253, ,
0, ,254, ,
-1, ,256, ,
1, ,254, ,
0, ,254, ,
0, ,254, ,
3, ,254, ,
1, ,254, ,
0, ,253, ,
3, ,253, ,
0, ,252, ,
0, ,252, ,
1, ,251, ,
1, ,254, ,
-1, ,256, ,
3, ,258, ,
0, ,256, ,
0, ,254, ,
1, ,252, ,
1, ,253, ,
0, ,253, ,
3, ,253, ,
0, ,253, ,
0, ,253, ,
3, ,253, ,
1, ,253, ,
0, ,253, ,
3, ,253, ,
0, ,253, ,
0, ,253, ,
3, ,253, ,
1, ,253, ,
-1, ,253, ,
3, ,253, ,
0, ,253, ,
0, ,253, ,
1, ,253, ,
1, ,253, ,
0, ,254, ,
3, ,253, ,
0, ,253, ,
0, ,253, ,
3, ,253, ,
1, ,253, ,
-1, ,253, ,
3, ,253, ,
0, ,253, ,
0, ,253, ,
1, ,253, ,
1, ,253, ,
0, ,253, ,
3, ,256, ,
0, ,253, ,
0, ,254, ,
1, ,253, ,
1, ,253, ,
0, ,253, ,
3, ,253, ,
0, ,253, ,
0, ,253, ,
1, ,254, ,
1, ,253, ,
0, ,253, ,
3, ,253, ,
0, ,253, ,
0, ,253, ,
1, ,253, ,
1, ,253, ,
-1, ,253, ,
3, ,253, ,
1, ,253, ,
0, ,254, ,
1, ,253, ,
1, ,253, ,
0, ,254, ,
3, ,254, ,
1, ,253, ,
0, ,253, ,
3, ,253, ,
1, ,253, ,
0, ,253, ,
3, ,253, ,
1, ,253, ,
0, ,253, ,
1, ,253, ,
1, ,253, ,
0, ,254, ,
3, ,253, ,
0, ,253, ,
0, ,253, ,
3, ,253, ,
1, ,253, ,
0, ,253, ,
3, ,253, ,
1, ,253, ,
0, ,254, ,
3, ,252, ,
1, ,253, ,
0, ,254, ,
3, ,254, ,
0, ,253, ,
0, ,253, ,
1, ,254, ,
1, ,254, ,
0, ,253, ,
3, ,253, ,
0, ,253, ,
0, ,254, ,
1, ,253, ,
1, ,253, ,
0, ,254, ,
3, ,254, ,
0, ,253, ,
0, ,253, ,
3, ,253, ,
1, ,256, ,
-1, ,254, ,
3, ,254, ,
0, ,254, ,
0, ,253, ,
1, ,253, ,
1, ,253, ,
0, ,254, ,
3, ,254, ,
0, ,254, ,
0, ,253, ,
1, ,254, ,
1, ,256, ,
-1, ,253, ,
3, ,254, ,
0, ,253, ,
0, ,256, ,
1, ,254, ,
1, ,254, ,
0, ,256, ,
3, ,254, ,
0, ,253, ,
0, ,254, ,
1, ,253, ,
1, ,254, ,
0, ,253, ,
3, ,256, ,
0, ,254, ,
0, ,253, ,
1, ,253, ,
1, ,254, ,
0, ,256, ,
3, ,254, ,
0, ,253, ,
0, ,253, ,
1, ,254, ,
1, ,254, ,
-1, ,253, ,
3, ,253, ,
0, ,253, ,
0, ,256, ,
1, ,254, ,
1, ,256, ,
0, ,256, ,
3, ,254, ,
0, ,254, ,
0, ,256, ,
1, ,254, ,
1, ,254, ,
-1, ,253, ,
3, ,253, ,
0, ,253, ,
0, ,254, ,
1, ,254, ,
1, ,254, ,
0, ,256, ,
3, ,254, ,
0, ,253, ,
0, ,256, ,
1, ,254, ,
1, ,254, ,
0, ,252, ,
3, ,253, ,
0, ,253, ,
0, ,256, ,
1, ,254, ,
1, ,254, ,
0, ,256, ,
3, ,256, ,
0, ,253, ,
0, ,253, ,
1, ,253, ,
1, ,254, ,
-1, ,253, ,
3, ,254, ,
0, ,254, ,
0, ,256, ,
1, ,253, ,
1, ,254, ,
0, ,253, ,
3, ,253, ,
0, ,253, ,
0, ,254, ,
1, ,254, ,
1, ,254, ,
0, ,253, ,
3, ,254, ,
1, ,253, ,
0, ,253, ,
1, ,253, ,
1, ,254, ,
0, ,254, ,
3, ,254, ,
0, ,254, ,
0, ,254, ,
3, ,254, ,
1, ,254, ,
0, ,253, ,
3, ,254, ,
0, ,253, ,
0, ,254, ,
1, ,254, ,
1, ,254, ,
0, ,254, ,
3, ,253, ,
1, ,253, ,
0, ,254, ,
3, ,253, ,
1, ,254, ,
0, ,253, ,
3, ,256, ,
0, ,254, ,
0, ,253, ,
1, ,253, ,
1, ,254, ,
0, ,254, ,
3, ,254, ,
0, ,254, ,
0, ,254, ,
1, ,253, ,
1, ,254, ,
0, ,254, ,
3, ,253, ,
1, ,254, ,
0, ,256, ,
1, ,253, ,
1, ,253, ,
0, ,253, ,
3, ,254, ,
0, ,253, ,
0, ,254, ,
1, ,254, ,
1, ,256, ,
0, ,253, ,
3, ,253, ,
0, ,253, ,
0, ,254, ,
1, ,253, ,
1, ,253, ,
-1, ,253, ,
3, ,256, ,
0, ,253, ,
0, ,253, ,
1, ,253, ,
1, ,254, ,
0, ,253, ,
3, ,254, ,
0, ,254, ,
0, ,254, ,
1, ,253, ,
1, ,254, ,
0, ,254, ,
3, ,256, ,
0, ,253, ,
0, ,253, ,
1, ,253, ,
1, ,256, ,
0, ,253, ,
3, ,254, ,
0, ,253, ,
0, ,254, ,
1, ,253, ,
1, ,254, ,
0, ,254, ,
3, ,254, ,
0, ,253, ,
0, ,254, ,
1, ,254, ,
1, ,254, ,
0, ,253, ,
3, ,254, ,
0, ,253, ,
0, ,254, ,
1, ,253, ,
1, ,253, ,
0, ,254, ,
3, ,253, ,
0, ,253, ,
0, ,254, ,
1, ,253, ,
1, ,256, ,
0, ,253, ,
3, ,253, ,
0, ,254, ,
0, ,253, ,
1, ,254, ,
1, ,254, ,
-1, ,253, ,
3, ,253, ,
0, ,253, ,
0, ,253, ,
1, ,254, ,
1, ,254, ,
0, ,253, ,
3, ,253, ,
0, ,253, ,
0, ,254, ,
1, ,254, ,
1, ,253, ,
0, ,256, ,
3, ,254, ,
0, ,253, ,
0, ,254, ,
3, ,254, ,
1, ,254, ,
0, ,253, ,
3, ,256, ,
0, ,254, ,
0, ,256, ,
1, ,253, ,
1, ,253, ,
0, ,254, ,
3, ,254, ,
0, ,253, ,
0, ,254, ,
3, ,253, ,
1, ,253, ,
-1, ,253, ,
3, ,253, ,
0, ,253, ,
0, ,256, ,
3, ,254, ,
1, ,256, ,
0, ,253, ,
3, ,254, ,
0, ,254, ,
0, ,254, ,
1, ,254, ,
1, ,254, ,
-1, ,253, ,
3, ,253, ,
0, ,253, ,
0, ,253, ,
3, ,253, ,
1, ,254, ,
0, ,253, ,
3, ,254, ,
0, ,253, ,
0, ,254, ,
3, ,254, ,
1, ,254, ,
0, ,253, ,
3, ,254, ,
0, ,253, ,
0, ,253, ,
1, ,254, ,
1, ,253, ,
0, ,254, ,
3, ,254, ,
0, ,253, ,
0, ,253, ,
1, ,253, ,
1, ,253, ,
-1, ,253, ,
3, ,253, ,
0, ,254, ,
0, ,253, ,
1, ,253, ,
1, ,254, ,
0, ,254, ,
3, ,253, ,
0, ,253, ,
0, ,254, ,
1, ,253, ,
1, ,253, ,
0, ,253, ,
3, ,254, ,
0, ,253, ,
0, ,254, ,
1, ,254, ,
1, ,254, ,
0, ,254, ,
3, ,253, ,
0, ,253, ,
0, ,256, ,
3, ,254, ,
1, ,254, ,
0, ,253, ,
3, ,254, ,
0, ,254, ,
0, ,256, ,
1, ,253, ,
1, ,253, ,
0, ,253, ,
3, ,254, ,
0, ,254, ,
0, ,254, ,
1, ,253, ,
1, ,254, ,
0, ,254, ,
3, ,254, ,
0, ,254, ,
0, ,254, ,
1, ,253, ,
1, ,253, ,
0, ,254, ,
3, ,254, ,
0, ,254, ,
0, ,253, ,
1, ,254, ,
1, ,254, ,
-1, ,253, ,
3, ,253, ,
0, ,253, ,
0, ,256, ,
1, ,253, ,
1, ,254, ,
0, ,253, ,
3, ,254, ,
0, ,253, ,
0, ,253, ,
1, ,253, ,
1, ,254, ,
0, ,253, ,
3, ,253, ,
0, ,253, ,
0, ,256, ,
1, ,254, ,
1, ,254, ,
0, ,253, ,
3, ,254, ,
0, ,252, ,
0, ,253, ,
1, ,254, ,
1, ,254, ,
-1, ,253, ,
3, ,253, ,
0, ,254, ,
0, ,254, ,
1, ,253, ,
1, ,253, ,
-1, ,254, ,
3, ,254, ,
0, ,253, ,
0, ,253, ,
1, ,253, ,
1, ,253, ,
0, ,253, ,
3, ,256, ,
0, ,254, ,
0, ,254, ,
1, ,254, ,
1, ,254, ,
0, ,253, ,
3, ,254, ,
0, ,253, ,
0, ,254, ,
1, ,254, ,
1, ,254, ,
0, ,253, ,
3, ,254, ,
0, ,254, ,
0, ,256, ,
1, ,253, ,
1, ,253, ,
0, ,256, ,
3, ,253, ,
0, ,253, ,
0, ,254, ,
1, ,254, ,
1, ,253, ,
0, ,253, ,
3, ,253, ,
1, ,254, ,
0, ,256, ,
1, ,253, ,
1, ,253, ,
0, ,254, ,
3, ,256, ,
0, ,253, ,
0, ,256, ,
3, ,254, ,
1, ,254, ,
0, ,253, ,
3, ,254, ,
0, ,253, ,
0, ,254, ,
1, ,253, ,
1, ,254, ,
0, ,253, ,
3, ,254, ,
0, ,253, ,
0, ,254, ,
3, ,254, ,
3, ,254, ,
0, ,253, ,
3, ,254, ,
0, ,254, ,
0, ,254, ,
1, ,253, ,
1, ,254, ,
0, ,253, ,
3, ,254, ,
0, ,254, ,
0, ,256, ,
1, ,253, ,
1, ,254, ,
-1, ,253, ,
3, ,253, ,
1, ,253, ,
0, ,253, ,
1, ,253, ,
1, ,253, ,
0, ,254, ,
3, ,253, ,
0, ,253, ,
0, ,254, ,
1, ,253, ,
1, ,253, ,
0, ,253, ,
3, ,254, ,
0, ,253, ,
0, ,256, ,
1, ,253, ,
1, ,253, ,
0, ,253, ,
1, ,254, ,
1, ,254, ,
0, ,254, ,
1, ,254, ,
1, ,254, ,
0, ,253, ,
3, ,253, ,
0, ,253, ,
0, ,254, ,
1, ,254, ,
1, ,253, ,
0, ,256, ,
3, ,254, ,
0, ,253, ,
0, ,254, ,
3, ,254, ,
1, ,256, ,
-1, ,254, ,
3, ,253, ,
0, ,254, ,
0, ,254, ,
1, ,254, ,
1, ,253, ,
0, ,254, ,
3, ,254, ,
0, ,253, ,
0, ,254, ,
3, ,253, ,
1, ,254, ,
0, ,253, ,
3, ,253, ,
0, ,253, ,
0, ,253, ,
1, ,253, ,
1, ,254, ,
0, ,256, ,
3, ,253, ,
0, ,253, ,
0, ,256, ,
1, ,254, ,
1, ,254, ,
0, ,253, ,
3, ,253, ,
1, ,254, ,
0, ,256, ,
1, ,253, ,
1, ,254, ,
0, ,253, ,
3, ,254, ,
0, ,253, ,
0, ,254, ,
1, ,254, ,
1, ,254, ,
0, ,253, ,
3, ,253, ,
0, ,253, ,
0, ,254, ,
1, ,253, ,
1, ,254, ,
0, ,254, ,
3, ,253, ,
0, ,254, ,
0, ,254, ,
3, ,254, ,
1, ,254, ,
0, ,253, ,
3, ,254, ,
0, ,254, ,
0, ,253, ,
1, ,254, ,
1, ,254, ,
0, ,254, ,
3, ,254, ,
0, ,254, ,
0, ,253, ,
1, ,253, ,
1, ,254, ,
0, ,253, ,
3, ,254, ,
0, ,253, ,
0, ,256, ,
1, ,253, ,
1, ,254, ,
0, ,256, ,
3, ,253, ,
0, ,253, ,
0, ,253, ,
3, ,252, ,
1, ,253, ,
-1, ,254, ,
3, ,254, ,
0, ,256, ,
0, ,256, ,
3, ,253, ,
1, ,253, ,
0, ,253, ,
3, ,253, ,
0, ,253, ,
0, ,254, ,
3, ,253, ,
1, ,254, ,
0, ,254, ,
3, ,254, ,
0, ,254, ,
0, ,254, ,
1, ,253, ,
1, ,253, ,
0, ,254, ,
3, ,256, ,
0, ,254, ,
0, ,253, ,
1, ,254, ,
1, ,254, ,
0, ,253, ,
3, ,254, ,
1, ,254, ,
0, ,256, ,
1, ,254, ,
1, ,254, ,
-1, ,254, ,
3, ,254, ,
0, ,253, ,
0, ,253, ,
1, ,253, ,
1, ,254, ,
0, ,253, ,
3, ,253, ,
0, ,254, ,
0, ,254, ,
1, ,253, ,
1, ,253, ,
0, ,253, ,
3, ,254, ,
0, ,253, ,
0, ,254, ,
3, ,253, ,
1, ,254, ,
0, ,254, ,
3, ,253, ,
0, ,254, ,
0, ,254, ,
1, ,253, ,
1, ,253, ,
0, ,253, ,
3, ,254, ,
0, ,253, ,
0, ,253, ,
3, ,254, ,
1, ,253, ,
0, ,253, ,
3, ,254, ,
0, ,253, ,
0, ,254, ,
1, ,254, ,
1, ,253, ,
0, ,254, ,
3, ,256, ,
0, ,253, ,
0, ,254, ,
3, ,254, ,
1, ,254, ,
0, ,254, ,
3, ,254, ,
0, ,254, ,
0, ,254, ,
1, ,253, ,
1, ,253, ,
0, ,253, ,
3, ,254, ,
0, ,253, ,
0, ,253, ,
1, ,253, ,
1, ,254, ,
0, ,253, ,
3, ,253, ,
0, ,254, ,
0, ,254, ,
3, ,253, ,
1, ,253, ,
0, ,254, ,
3, ,254, ,
0, ,253, ,
0, ,253, ,
1, ,253, ,
1, ,254, ,
0, ,253, ,
3, ,254, ,
0, ,253, ,
0, ,253, ,
1, ,253, ,
1, ,254, ,
0, ,253, ,
3, ,254, ,
0, ,253, ,
0, ,254, ,
1, ,253, ,
1, ,253, ,
-1, ,253, ,
3, ,253, ,
1, ,253, ,
0, ,254, ,
1, ,254, ,
1, ,254, ,
0, ,253, ,
3, ,254, ,
0, ,253, ,
0, ,253, ,
3, ,254, ,
1, ,254, ,
0, ,253, ,
3, ,253, ,
0, ,254, ,
0, ,253, ,
1, ,253, ,
1, ,253, ,
0, ,253, ,
3, ,254, ,
0, ,253, ,
0, ,253, ,
1, ,254, ,
1, ,254, ,
0, ,253, ,
3, ,253, ,
0, ,253, ,
0, ,254, ,
1, ,253, ,
1, ,253, ,
0, ,253, ,
3, ,254, ,
0, ,253, ,
0, ,253, ,
1, ,254, ,
1, ,256, ,
0, ,253, ,
3, ,253, ,
0, ,253, ,
0, ,256, ,
3, ,253, ,
1, ,253, ,
0, ,254, ,
3, ,254, ,
0, ,253, ,
0, ,253, ,
1, ,254, ,
1, ,254, ,
0, ,253, ,
3, ,253, ,
0, ,254, ,
0, ,256, ,
1, ,254, ,
1, ,253, ,
0, ,254, ,
3, ,253, ,
0, ,253, ,
0, ,253, ,
1, ,254, ,
1, ,254, ,
-1, ,253, ,
3, ,253, ,
0, ,254, ,
0, ,254, ,
1, ,253, ,
1, ,253, ,
0, ,253, ,
3, ,254, ,
0, ,253, ,
0, ,253, ,
3, ,256, ,
1, ,254, ,
0, ,253, ,
3, ,253, ,
0, ,253, ,
0, ,253, ,
3, ,253, ,
1, ,254, ,
0, ,254, ,
3, ,256, ,
0, ,254, ,
0, ,253, ,
3, ,253, ,
1, ,254, ,
-1, ,254, ,
3, ,254, ,
0, ,253, ,
0, ,256, ,
1, ,253, ,
1, ,253, ,
0, ,254, ,
3, ,254, ,
0, ,253, ,
0, ,253, ,
3, ,254, ,
1, ,254, ,
0, ,253, ,
3, ,254, ,
0, ,254, ,
0, ,254, ,
1, ,254, ,
1, ,253, ,
-1, ,254, ,
3, ,254, ,
0, ,253, ,
0, ,254, ,
1, ,253, ,
1, ,254, ,
0, ,254, ,
4, ,254, ,
1, ,253, ,
0, ,253, ,
1, ,253, ,
1, ,254, ,
0, ,253, ,
3, ,253, ,
0, ,253, ,
0, ,254, ,
3, ,256, ,
1, ,256, ,
-1, ,253, ,
3, ,253, ,
0, ,254, ,
0, ,254, ,
1, ,253, ,
1, ,253, ,
0, ,253, ,
3, ,254, ,
0, ,252, ,
0, ,253, ,
1, ,252, ,
1, ,253, ,
-1, ,252, ,
3, ,253, ,
0, ,253, ,
0, ,253, ,
1, ,254, ,
1, ,256, ,
0, ,254, ,
3, ,254, ,
0, ,254, ,
0, ,256, ,
1, ,256, ,
1, ,254, ,
-1, ,253, ,
3, ,253, ,
0, ,253, ,
0, ,253, ,
1, ,253, ,
1, ,253, ,
0, ,253, ,
3, ,254, ,
0, ,253, ,
0, ,253, ,
3, ,253, ,
1, ,253, ,
0, ,253, ,
3, ,253, ,
0, ,253, ,
0, ,253, ,
1, ,253, ,
1, ,253, ,
0, ,253, ,
3, ,253, ,
0, ,253, ,
0, ,253, ,
1, ,253, ,
1, ,254, ,
-1, ,253, ,
3, ,254, ,
0, ,254, ,
0, ,256, ,
1, ,253, ,
1, ,254, ,
0, ,256, ,
3, ,256, ,
0, ,254, ,
0, ,254, ,
1, ,254, ,
1, ,254, ,
0, ,253, ,
3, ,253, ,
0, ,253, ,
0, ,253, ,
1, ,253, ,
1, ,252, ,
-1, ,252, ,
3, ,253, ,
0, ,253, ,
0, ,253, ,
3, ,253, ,
1, ,254, ,
-1, ,253, ,
3, ,254, ,
0, ,256, ,
0, ,256, ,
1, ,254, ,
1, ,253, ,
0, ,256, ,
3, ,254, ,
0, ,254, ,
0, ,253, ,
3, ,254, ,
1, ,254, ,
-1, ,253, ,
3, ,253, ,
0, ,253, ,
0, ,256, ,
1, ,253, ,
1, ,253, ,
0, ,256, ,
3, ,254, ,
0, ,253, ,
0, ,254, ,
3, ,256, ,
1, ,254, ,
0, ,253, ,
3, ,254, ,
1, ,254, ,
0, ,253, ,
3, ,252, ,
1, ,252, ,
0, ,253, ,
3, ,253, ,
0, ,253, ,
0, ,253, ,
3, ,253, ,
1, ,254, ,
-1, ,254, ,
3, ,256, ,
0, ,256, ,
0, ,256, ,
1, ,253, ,
1, ,254, ,
-1, ,253, ,
3, ,254, ,
0, ,253, ,
0, ,253, ,
1, ,252, ,
1, ,253, ,
0, ,253, ,
4, ,254, ,
0, ,253, ,
0, ,254, ,
1, ,253, ,
1, ,253, ,
0, ,256, ,
3, ,256, ,
0, ,254, ,
0, ,254, ,
3, ,254, ,
1, ,254, ,
-1, ,253, ,
3, ,254, ,
0, ,254, ,
0, ,254, ,
3, ,253, ,
1, ,253, ,
0, ,253, ,
3, ,253, ,
0, ,253, ,
0, ,253, ,
1, ,253, ,
0, ,253, ,
-1, ,253, ,
3, ,254, ,
0, ,254, ,
1, ,254, ,
3, ,253, ,
3, ,254, ,
0, ,254, ,
3, ,254, ,
0, ,253, ,
0, ,254, ,
3, ,253, ,
1, ,253, ,
-1, ,252, ,
3, ,253, ,
0, ,253, ,
0, ,253, ,
1, ,253, ,
1, ,253, ,
0, ,253, ,
3, ,254, ,
0, ,254, ,
0, ,254, ,
1, ,256, ,
1, ,254, ,
0, ,253, ,
3, ,253, ,
0, ,251, ,
0, ,252, ,
1, ,252, ,
1, ,254, ,
0, ,258, ,
3, ,256, ,
0, ,254, ,
0, ,253, ,
3, ,252, ,
1, ,252, ,
0, ,252, ,
3, ,253, ,
1, ,254, ,
0, ,254, ,
1, ,253, ,
1, ,253, ,
-1, ,253, ,
3, ,253, ,
0, ,253, ,
0, ,254, ,
3, ,254, ,
1, ,253, ,
0, ,253, ,
3, ,253, ,
0, ,253, ,
0, ,253, ,
1, ,253, ,
1, ,254, ,
-1, ,254, ,
3, ,253, ,
0, ,252, ,
0, ,254, ,
1, ,253, ,
1, ,254, ,
0, ,253, ,
4, ,253, ,
1, ,253, ,
0, ,253, ,
1, ,252, ,
1, ,253, ,
-1, ,252, ,
1, ,252, ,
0, ,251, ,
0, ,253, ,
1, ,254, ,
1, ,254, ,
-1, ,253, ,
3, ,253, ,
0, ,253, ,
0, ,253, ,
1, ,252, ,
1, ,253, ,
0, ,254, ,
3, ,253, ,
1, ,253, ,
0, ,253, ,
3, ,253, ,
1, ,253, ,
0, ,253, ,
3, ,253, ,
1, ,253, ,
0, ,253, ,
1, ,252, ,
1, ,253, ,
-1, ,254, ,
3, ,253, ,
0, ,253, ,
0, ,253, ,
1, ,253, ,
1, ,253, ,
0, ,253, ,
3, ,254, ,
0, ,254, ,
0, ,253, ,
3, ,253, ,
1, ,253, ,
0, ,253, ,
3, ,253, ,
1, ,252, ,
0, ,253, ,
3, ,253, ,
1, ,253, ,
0, ,253, ,
3, ,253, ,
1, ,253, ,
1, ,253, ,
3, ,254, ,
1, ,253, ,
0, ,256, ,
3, ,253, ,
0, ,253, ,
0, ,253, ,
1, ,253, ,
1, ,254, ,
-1, ,253, ,
3, ,253, ,
0, ,253, ,
0, ,254, ,
1, ,253, ,
1, ,253, ,
0, ,253, ,
3, ,256, ,
0, ,253, ,
0, ,253, ,
3, ,254, ,
1, ,256, ,
0, ,254, ,
3, ,254, ,
0, ,254, ,
0, ,254, ,
1, ,253, ,
1, ,253, ,
-1, ,253, ,
1, ,253, ,
0, ,253, ,
0, ,254, ,
3, ,254, ,
1, ,256, ,
-1, ,253, ,
3, ,254, ,
0, ,254, ,
0, ,256, ,
1, ,254, ,
1, ,253, ,
0, ,254, ,
3, ,254, ,
0, ,253, ,
0, ,254, ,
1, ,254, ,
1, ,254, ,
-1, ,254, ,
3, ,253, ,
0, ,254, ,
0, ,254, ,
1, ,253, ,
1, ,253, ,
-1, ,253, ,
3, ,253, ,
0, ,253, ,
0, ,253, ,
1, ,253, ,
1, ,256, ,
-1, ,254, ,
3, ,253, ,
0, ,254, ,
0, ,256, ,
1, ,254, ,
1, ,254, ,
0, ,254, ,
3, ,254, ,
0, ,253, ,
0, ,253, ,
1, ,254, ,
1, ,254, ,
-1, ,253, ,
3, ,253, ,
0, ,254, ,
0, ,253, ,
3, ,253, ,
1, ,256, ,
-1, ,254, ,
3, ,254, ,
0, ,253, ,
0, ,253, ,
1, ,253, ,
1, ,254, ,
0, ,253, ,
3, ,254, ,
0, ,254, ,
0, ,253, ,
1, ,253, ,
1, ,254, ,
-1, ,254, ,
3, ,254, ,
0, ,253, ,
0, ,253, ,
3, ,254, ,
1, ,254, ,
0, ,253, ,
4, ,254, ,
0, ,254, ,
0, ,254, ,
3, ,253, ,
1, ,253, ,
0, ,253, ,
3, ,254, ,
0, ,253, ,
0, ,254, ,
1, ,253, ,
1, ,253, ,
0, ,253, ,
3, ,253, ,
1, ,253, ,
0, ,253, ,
3, ,253, ,
1, ,253, ,
0, ,256, ,
3, ,254, ,
0, ,253, ,
0, ,253, ,
3, ,256, ,
1, ,254, ,
0, ,253, ,
3, ,253, ,
0, ,253, ,
0, ,253, ,
1, ,253, ,
1, ,253, ,
0, ,254, ,
3, ,254, ,
0, ,253, ,
0, ,254, ,
3, ,254, ,
1, ,253, ,
-1, ,253, ,
3, ,253, ,
0, ,253, ,
0, ,254, ,
3, ,253, ,
1, ,253, ,
0, ,254, ,
3, ,254, ,
0, ,253, ,
0, ,253, ,
3, ,254, ,
1, ,254, ,
-1, ,253, ,
3, ,254, ,
0, ,254, ,
0, ,254, ,
1, ,253, ,
1, ,253, ,
0, ,256, ,
3, ,253, ,
0, ,253, ,
0, ,253, ,
3, ,254, ,
1, ,253, ,
-1, ,253, ,
3, ,254, ,
0, ,253, ,
0, ,254, ,
3, ,254, ,
1, ,253, ,
0, ,254, ,
3, ,254, ,
0, ,253, ,
0, ,253, ,
3, ,253, ,
1, ,254, ,
-1, ,253, ,
3, ,254, ,
0, ,254, ,
0, ,254, ,
1, ,253, ,
1, ,254, ,
-1, ,253, ,
3, ,254, ,
0, ,253, ,
0, ,256, ,
1, ,254, ,
1, ,254, ,
-1, ,253, ,
3, ,253, ,
1, ,254, ,
0, ,254, ,
1, ,253, ,
1, ,253, ,
0, ,254, ,
3, ,254, ,
0, ,254, ,
0, ,253, ,
3, ,253, ,
1, ,253, ,
-1, ,253, ,
3, ,253, ,
0, ,254, ,
0, ,256, ,
1, ,253, ,
1, ,253, ,
0, ,254, ,
3, ,254, ,
0, ,253, ,
0, ,253, ,
3, ,254, ,
1, ,254, ,
-1, ,253, ,
3, ,254, ,
0, ,253, ,
0, ,254, ,
3, ,253, ,
1, ,254, ,
0, ,254, ,
3, ,254, ,
0, ,254, ,
0, ,253, ,
3, ,256, ,
1, ,253, ,
-1, ,253, ,
3, ,254, ,
1, ,254, ,
0, ,253, ,
1, ,253, ,
1, ,254, ,
0, ,253, ,
3, ,254, ,
0, ,253, ,
0, ,254, ,
1, ,254, ,
1, ,254, ,
-1, ,253, ,
3, ,254, ,
0, ,253, ,
0, ,254, ,
1, ,254, ,
1, ,254, ,
0, ,253, ,
3, ,254, ,
0, ,253, ,
0, ,253, ,
1, ,254, ,
1, ,254, ,
-1, ,253, ,
3, ,254, ,
1, ,253, ,
0, ,254, ,
1, ,253, ,
1, ,253, ,
0, ,253, ,
3, ,254, ,
0, ,253, ,
0, ,253, ,
3, ,253, ,
1, ,254, ,
-1, ,253, ,
3, ,253, ,
1, ,254, ,
0, ,254, ,
1, ,253, ,
1, ,253, ,
0, ,253, ,
3, ,253, ,
0, ,253, ,
0, ,253, ,
3, ,253, ,
1, ,253, ,
-1, ,253, ,
3, ,253, ,
0, ,254, ,
0, ,253, ,
1, ,253, ,
1, ,254, ,
-1, ,254, ,
3, ,254, ,
0, ,253, ,
0, ,253, ,
1, ,254, ,
1, ,253, ,
-1, ,253, ,
3, ,253, ,
0, ,254, ,
0, ,253, ,
1, ,253, ,
1, ,254, ,
0, ,254, ,
3, ,253, ,
0, ,253, ,
0, ,253, ,
3, ,254, ,
1, ,254, ,
-1, ,254, ,
3, ,254, ,
0, ,254, ,
0, ,253, ,
1, ,253, ,
1, ,253, ,
0, ,254, ,
3, ,254, ,
0, ,253, ,
0, ,253, ,
1, ,254, ,
1, ,254, ,
-1, ,253, ,
3, ,254, ,
0, ,254, ,
0, ,254, ,
1, ,253, ,
1, ,254, ,
0, ,254, ,
3, ,254, ,
0, ,253, ,
0, ,254, ,
1, ,254, ,
1, ,253, ,
-1, ,253, ,
3, ,253, ,
0, ,253, ,
0, ,254, ,
3, ,253, ,
1, ,254, ,
-1, ,256, ,
3, ,256, ,
0, ,253, ,
0, ,253, ,
3, ,254, ,
126, ,247, ,
76, ,253, ,
42, ,260, ,
28, ,260, ,
24, ,254, ,
16, ,252, ,
8, ,256, ,
4, ,254, ,
8, ,253, ,
5, ,253, ,
3, ,256, ,
4, ,254, ,
4, ,253, ,
3, ,253, ,
5, ,256, ,
3, ,254, ,
3, ,254, ,
4, ,254, ,
4, ,254, ,
1, ,254, ,
5, ,256, ,
3, ,253, ,
3, ,253, ,
4, ,253, ,
4, ,254, ,
1, ,253, ,
5, ,253, ,
3, ,253, ,
3, ,254, ,
4, ,254, ,
3, ,254, ,
3, ,253, ,
5, ,254, ,
1, ,253, ,
3, ,254, ,
4, ,253, ,
4, ,254, ,
1, ,253, ,
5, ,253, ,
3, ,253, ,
3, ,256, ,
4, ,253, ,
4, ,254, ,
1, ,256, ,
5, ,254, ,
1, ,253, ,
3, ,254, ,
4, ,254, ,
4, ,256, ,
1, ,254, ,
5, ,253, ,
1, ,254, ,
3, ,254, ,
4, ,253, ,
3, ,254, ,
3, ,254, ,
5, ,254, ,
3, ,253, ,
3, ,254, ,
4, ,253, ,
4, ,256, ,
1, ,253, ,
5, ,256, ,
1, ,254, ,
3, ,254, ,
4, ,253, ,
3, ,253, ,
1, ,253, ,
5, ,254, ,
3, ,254, ,
3, ,254, ,
4, ,256, ,
3, ,254, ,
1, ,253, ,
5, ,254, ,
1, ,253, ,
3, ,253, ,
4, ,253, ,
4, ,253, ,
1, ,256, ,
4, ,256, ,
3, ,254, ,
3, ,254, ,
4, ,254, ,
4, ,254, ,
1, ,253, ,
5, ,253, ,
1, ,253, ,
3, ,254, ,
4, ,254, ,
4, ,254, ,
1, ,254, ,
4, ,254, ,
1, ,253, ,
1, ,253, ,
4, ,253, ,
4, ,254, ,
1, ,253, ,
5, ,253, ,
1, ,254, ,
3, ,254, ,
3, ,253, ,
4, ,253, ,
1, ,254, ,
4, ,253, ,
1, ,253, ,
3, ,253, ,
4, ,254, ,
4, ,254, ,
1, ,253, ,
5, ,253, ,
3, ,254, ,
3, ,254, ,
3, ,253, ,
3, ,254, ,
1, ,253, ,
4, ,256, ,
1, ,253, ,
1, ,256, ,
4, ,253, ,
3, ,254, ,
1, ,253, ,
5, ,253, ,
1, ,254, ,
3, ,254, ,
3, ,253, ,
4, ,254, ,
1, ,256, ,
4, ,254, ,
3, ,254, ,
3, ,254, ,
4, ,253, ,
3, ,253, ,
1, ,253, ,
5, ,253, ,
3, ,254, ,
1, ,253, ,
4, ,253, ,
4, ,254, ,
1, ,254, ,
4, ,254, ,
3, ,253, ,
1, ,254, ,
3, ,253, ,
3, ,253, ,
1, ,253, ,
4, ,254, ,
1, ,253, ,
3, ,253, ,
3, ,254, ,
3, ,254, ,
1, ,254, ,
4, ,254, ,
1, ,253, ,
1, ,253, ,
4, ,254, ,
4, ,254, ,
1, ,253, ,
5, ,253, ,
1, ,254, ,
1, ,253, ,
3, ,253, ,
4, ,254, ,
1, ,254, ,
4, ,253, ,
1, ,253, ,
1, ,256, ,
3, ,254, ,
3, ,253, ,
1, ,253, ,
4, ,253, ,
3, ,254, ,
3, ,256, ,
3, ,253, ,
3, ,253, ,
1, ,254, ,
4, ,254, ,
1, ,254, ,
1, ,254, ,
3, ,253, ,
3, ,254, ,
1, ,253, ,
4, ,254, ,
1, ,254, ,
3, ,253, ,
3, ,253, ,
3, ,253, ,
1, ,254, ,
4, ,254, ,
1, ,253, ,
1, ,253, ,
3, ,254, ,
3, ,254, ,
1, ,253, ,
4, ,253, ,
1, ,254, ,
1, ,254, ,
3, ,253, ,
3, ,254, ,
1, ,254, ,
4, ,256, ,
1, ,253, ,
1, ,253, ,
3, ,254, ,
3, ,254, ,
1, ,253, ,
4, ,253, ,
1, ,254, ,
1, ,254, ,
3, ,253, ,
3, ,254, ,
1, ,254, ,
4, ,254, ,
1, ,253, ,
1, ,253, ,
3, ,254, ,
3, ,254, ,
1, ,253, ,
4, ,254, ,
1, ,254, ,
1, ,256, ,
3, ,253, ,
3, ,253, ,
1, ,256, ,
4, ,254, ,
1, ,253, ,
1, ,254, ,
4, ,254, ,
3, ,254, ,
0, ,253, ,
4, ,254, ,
1, ,254, ,
1, ,253, ,
3, ,253, ,
3, ,253, ,
1, ,254, ,
3, ,254, ,
1, ,253, ,
1, ,253, ,
3, ,253, ,
3, ,254, ,
1, ,253, ,
4, ,254, ,
1, ,254, ,
1, ,254, ,
3, ,253, ,
3, ,254, ,
1, ,256, ,
4, ,254, ,
1, ,253, ,
1, ,254, ,
3, ,253, ,
3, ,253, ,
1, ,253, ,
4, ,254, ,
1, ,253, ,
1, ,254, ,
3, ,253, ,
3, ,253, ,
1, ,253, ,
4, ,254, ,
1, ,253, ,
1, ,253, ,
3, ,253, ,
3, ,256, ,
0, ,253, ,
4, ,254, ,
1, ,254, ,
1, ,254, ,
3, ,253, ,
3, ,253, ,
1, ,256, ,
3, ,253, ,
1, ,253, ,
1, ,254, ,
3, ,253, ,
3, ,253, ,
1, ,253, ,
4, ,253, ,
1, ,253, ,
1, ,256, ,
3, ,253, ,
3, ,254, ,
0, ,253, ,
4, ,253, ,
3, ,253, ,
1, ,254, ,
3, ,253, ,
3, ,254, ,
0, ,253, ,
4, ,254, ,
1, ,253, ,
1, ,254, ,
3, ,253, ,
3, ,253, ,
1, ,256, ,
3, ,254, ,
1, ,253, ,
1, ,253, ,
3, ,254, ,
1, ,256, ,
0, ,253, ,
4, ,253, ,
1, ,253, ,
1, ,254, ,
3, ,254, ,
3, ,254, ,
1, ,256, ,
3, ,253, ,
1, ,253, ,
1, ,253, ,
3, ,253, ,
3, ,254, ,
0, ,254, ,
4, ,254, ,
1, ,253, ,
1, ,254, ,
3, ,253, ,
1, ,253, ,
1, ,254, ,
3, ,256, ,
1, ,253, ,
1, ,253, ,
3, ,253, ,
1, ,254, ,
0, ,254, ,
4, ,253, ,
1, ,253, ,
1, ,256, ,
3, ,254, ,
3, ,254, ,
0, ,253, ,
3, ,256, ,
1, ,253, ,
1, ,254, ,
3, ,254, ,
3, ,254, ,
1, ,253, ,
4, ,253, ,
1, ,254, ,
1, ,253, ,
3, ,253, ,
3, ,253, ,
1, ,254, ,
4, ,254, ,
1, ,253, ,
1, ,256, ,
3, ,254, ,
3, ,254, ,
0, ,253, ,
4, ,253, ,
1, ,253, ,
1, ,254, ,
3, ,253, ,
1, ,253, ,
1, ,253, ,
3, ,254, ,
1, ,253, ,
1, ,254, ,
3, ,254, ,
1, ,253, ,
0, ,253, ,
4, ,254, ,
1, ,253, ,
1, ,254, ,
3, ,254, ,
1, ,254, ,
0, ,253, ,
3, ,256, ,
1, ,253, ,
1, ,254, ,
3, ,254, ,
1, ,254, ,
0, ,254, ,
3, ,254, ,
1, ,254, ,
1, ,256, ,
3, ,253, ,
3, ,256, ,
0, ,254, ,
3, ,254, ,
1, ,253, ,
1, ,253, ,
3, ,254, ,
1, ,254, ,
0, ,253, ,
3, ,254, ,
1, ,254, ,
1, ,256, ,
3, ,253, ,
3, ,254, ,
0, ,256, ,
3, ,256, ,
1, ,254, ,
1, ,254, ,
3, ,254, ,
1, ,254, ,
0, ,253, ,
3, ,253, ,
1, ,254, ,
1, ,254, ,
3, ,253, ,
3, ,254, ,
0, ,254, ,
3, ,253, ,
1, ,253, ,
1, ,253, ,
3, ,253, ,
1, ,254, ,
0, ,253, ,
4, ,254, ,
1, ,253, ,
1, ,253, ,
1, ,253, ,
1, ,253, ,
1, ,254, ,
3, ,254, ,
1, ,253, ,
1, ,253, ,
3, ,254, ,
3, ,254, ,
1, ,253, ,
3, ,254, ,
1, ,253, ,
1, ,256, ,
1, ,253, ,
1, ,253, ,
1, ,254, ,
4, ,253, ,
1, ,253, ,
1, ,253, ,
3, ,254, ,
3, ,253, ,
0, ,253, ,
4, ,253, ,
1, ,253, ,
1, ,254, ,
3, ,254, ,
1, ,253, ,
0, ,256, ,
3, ,254, ,
1, ,254, ,
1, ,254, ,
3, ,254, ,
1, ,254, ,
0, ,253, ,
3, ,254, ,
1, ,254, ,
1, ,256, ,
3, ,253, ,
1, ,253, ,
0, ,253, ,
3, ,253, ,
1, ,254, ,
1, ,254, ,
3, ,254, ,
1, ,253, ,
0, ,253, ,
3, ,253, ,
1, ,253, ,
0, ,253, ,
3, ,253, ,
1, ,253, ,
0, ,253, ,
3, ,254, ,
1, ,254, ,
1, ,254, ,
3, ,253, ,
1, ,254, ,
0, ,253, ,
3, ,253, ,
1, ,253, ,
1, ,254, ,
3, ,253, ,
1, ,253, ,
0, ,253, ,
3, ,253, ,
1, ,253, ,
1, ,256, ,
3, ,253, ,
1, ,253, ,
0, ,253, ,
3, ,253, ,
1, ,253, ,
1, ,254, ,
1, ,253, ,
1, ,253, ,
0, ,254, ,
3, ,256, ,
1, ,253, ,
1, ,254, ,
3, ,254, ,
1, ,254, ,
0, ,253, ,
3, ,254, ,
1, ,254, ,
0, ,254, ,
1, ,253, ,
1, ,254, ,
0, ,253, ,
3, ,253, ,
1, ,253, ,
1, ,256, ,
3, ,254, ,
1, ,254, ,
0, ,253, ,
3, ,253, ,
1, ,253, ,
0, ,254, ,
3, ,253, ,
1, ,253, ,
0, ,254, ,
3, ,254, ,
1, ,253, ,
1, ,253, ,
3, ,253, ,
1, ,253, ,
0, ,252, ,
3, ,253, ,
1, ,253, ,
0, ,256, ,
3, ,254, ,
1, ,254, ,
0, ,254, ,
3, ,253, ,
0, ,253, ,
1, ,254, ,
3, ,253, ,
1, ,253, ,
0, ,253, ,
3, ,253, ,
1, ,254, ,
0, ,254, ,
1, ,253, ,
1, ,253, ,
0, ,254, ,
3, ,254, ,
1, ,254, ,
1, ,254, ,
3, ,254, ,
1, ,254, ,
0, ,253, ,
3, ,253, ,
1, ,253, ,
0, ,254, ,
3, ,253, ,
1, ,254, ,
0, ,254, ,
3, ,254, ,
0, ,253, ,
1, ,254, ,
3, ,254, ,
1, ,254, ,
0, ,253, ,
3, ,253, ,
0, ,254, ,
0, ,254, ,
1, ,253, ,
1, ,254, ,
0, ,254, ,
3, ,254, ,
1, ,253, ,
1, ,253, ,
1, ,253, ,
1, ,254, ,
0, ,253, ,
3, ,254, ,
1, ,254, ,
0, ,254, ,
3, ,253, ,
1, ,254, ,
0, ,253, ,
3, ,254, ,
1, ,253, ,
1, ,254, ,
3, ,254, ,
1, ,254, ,
0, ,254, ,
3, ,253, ,
1, ,254, ,
0, ,254, ,
3, ,253, ,
1, ,253, ,
0, ,253, ,
3, ,254, ,
0, ,253, ,
1, ,253, ,
3, ,253, ,
1, ,256, ,
0, ,253, ,
3, ,254, ,
1, ,253, ,
0, ,254, ,
3, ,253, ,
1, ,254, ,
0, ,256, ,
3, ,253, ,
0, ,253, ,
1, ,253, ,
1, ,253, ,
1, ,253, ,
0, ,251, ,
3, ,251, ,
1, ,253, ,
0, ,256, ,
3, ,256, ,
1, ,257, ,
0, ,256, ,
3, ,254, ,
1, ,252, ,
1, ,252, ,
3, ,253, ,
1, ,253, ,
0, ,253, ,
3, ,253, ,
1, ,253, ,
0, ,253, ,
1, ,253, ,
1, ,253, ,
0, ,253, ,
3, ,254, ,
1, ,253, ,
1, ,254, ,
3, ,253, ,
1, ,253, ,
0, ,253, ,
3, ,253, ,
1, ,253, ,
0, ,254, ,
3, ,253, ,
1, ,253, ,
0, ,253, ,
3, ,254, ,
1, ,253, ,
1, ,253, ,
3, ,253, ,
1, ,254, ,
0, ,253, ,
3, ,253, ,
1, ,253, ,
0, ,254, ,
3, ,253, ,
1, ,253, ,
0, ,253, ,
1, ,253, ,
1, ,253, ,
1, ,256, ,
3, ,253, ,
1, ,254, ,
0, ,253, ,
3, ,253, ,
1, ,253, ,
0, ,253, ,
3, ,253, ,
1, ,253, ,
0, ,253, ,
3, ,254, ,
1, ,253, ,
0, ,253, ,
3, ,253, ,
1, ,254, ,
0, ,253, ,
3, ,254, ,
1, ,253, ,
1, ,253, ,
3, ,253, ,
1, ,253, ,
0, ,254, ,
3, ,254, ,
1, ,253, ,
1, ,253, ,
3, ,253, ,
1, ,253, ,
0, ,253, ,
3, ,253, ,
1, ,253, ,
0, ,253, ,
3, ,253, ,
1, ,254, ,
0, ,253, ,
3, ,253, ,
0, ,253, ,
1, ,254, ,
3, ,253, ,
1, ,253, ,
0, ,253, ,
3, ,253, ,
1, ,254, ,
0, ,254, ,
3, ,253, ,
1, ,253, ,
0, ,253, ,
3, ,254, ,
0, ,253, ,
1, ,253, ,
1, ,254, ,
1, ,254, ,
0, ,253, ,
3, ,254, ,
0, ,253, ,
0, ,254, ,
3, ,253, ,
3, ,253, ,
0, ,254, ,
3, ,254, ,
0, ,253, ,
0, ,254, ,
1, ,256, ,
1, ,256, ,
0, ,253, ,
3, ,253, ,
1, ,253, ,
0, ,254, ,
1, ,253, ,
1, ,253, ,
0, ,254, ,
1, ,254, ,
0, ,254, ,
0, ,254, ,
3, ,253, ,
3, ,254, ,
0, ,254, ,
3, ,254, ,
1, ,254, ,
0, ,254, ,
1, ,253, ,
1, ,254, ,
0, ,254, ,
1, ,256, ,
0, ,253, ,
0, ,254, ,
1, ,254, ,
1, ,256, ,
0, ,253, ,
3, ,254, ,
1, ,254, ,
0, ,256, ,
1, ,253, ,
1, ,253, ,
0, ,254, ,
3, ,254, ,
0, ,254, ,
0, ,253, ,
1, ,253, ,
1, ,254, ,
0, ,253, ,
3, ,256, ,
0, ,254, ,
0, ,254, ,
1, ,253, ,
1, ,253, ,
0, ,254, ,
3, ,254, ,
0, ,253, ,
0, ,254, ,
1, ,254, ,
1, ,254, ,
0, ,253, ,
3, ,253, ,
1, ,254, ,
0, ,256, ,
1, ,253, ,
1, ,254, ,
0, ,254, ,
1, ,254, ,
0, ,254, ,
0, ,254, ,
1, ,254, ,
1, ,253, ,
0, ,253, ,
3, ,256, ,
1, ,254, ,
0, ,254, ,
3, ,254, ,
1, ,253, ,
0, ,253, ,
1, ,254, ,
0, ,253, ,
1, ,254, ,
3, ,253, ,
1, ,254, ,
0, ,253, ,
3, ,254, ,
1, ,254, ,
0, ,254, ,
3, ,253, ,
1, ,253, ,
0, ,254, ,
1, ,254, ,
0, ,254, ,
1, ,254, ,
3, ,253, ,
1, ,254, ,
0, ,253, ,
3, ,254, ,
0, ,254, ,
0, ,254, ,
1, ,253, ,
1, ,254, ,
0, ,254, ,
3, ,254, ,
0, ,253, ,
0, ,253, ,
3, ,253, ,
1, ,253, ,
0, ,253, ,
117, ,253, ,
72, ,254, ,
51, ,254, ,
34, ,253, ,
20, ,254, ,
11, ,254, ,
9, ,254, ,
8, ,254, ,
6, ,253, ,
5, ,253, ,
3, ,254, ,
1, ,253, ,
5, ,254, ,
4, ,254, ,
1, ,254, ,
4, ,253, ,
4, ,256, ,
1, ,254, ,
4, ,254, ,
1, ,253, ,
3, ,254, ,
4, ,253, ,
4, ,254, ,
1, ,253, ,
5, ,253, ,
3, ,254, ,
3, ,254, ,
4, ,254, ,
4, ,253, ,
1, ,254, ,
4, ,254, ,
1, ,253, ,
3, ,253, ,
4, ,254, ,
4, ,254, ,
1, ,253, ,
5, ,254, ,
3, ,254, ,
3, ,254, ,
4, ,253, ,
4, ,254, ,
1, ,254, ,
4, ,254, ,
1, ,253, ,
3, ,253, ,
4, ,254, ,
4, ,253, ,
1, ,254, ,
5, ,253, ,
3, ,253, ,
3, ,254, ,
4, ,253, ,
4, ,254, ,
1, ,254, ,
4, ,254, ,
3, ,254, ,
3, ,253, ,
4, ,254, ,
3, ,254, ,
1, ,254, ,
4, ,254, ,
3, ,254, ,
1, ,254, ,
4, ,253, ,
4, ,253, ,
1, ,256, ,
4, ,254, ,
3, ,253, ,
3, ,253, ,
4, ,253, ,
4, ,254, ,
1, ,254, ,
5, ,254, ,
1, ,254, ,
1, ,256, ,
3, ,253, ,
4, ,253, ,
1, ,254, ,
4, ,254, ,
3, ,253, ,
3, ,254, ,
3, ,256, ,
4, ,254, ,
1, ,254, ,
4, ,253, ,
1, ,253, ,
1, ,253, ,
3, ,254, ,
3, ,254, ,
1, ,254, ,
4, ,254, ,
3, ,253, ,
3, ,256, ,
4, ,253, ,
3, ,254, ,
1, ,253, ,
5, ,253, ,
3, ,253, ,
1, ,256, ,
3, ,254, ,
3, ,254, ,
1, ,253, ,
4, ,254, ,
1, ,254, ,
3, ,256, ,
3, ,253, ,
3, ,254, ,
1, ,253, ,
4, ,253, ,
1, ,253, ,
1, ,256, ,
3, ,253, ,
3, ,254, ,
1, ,254, ,
4, ,254, ,
1, ,254, ,
3, ,254, ,
3, ,254, ,
3, ,254, ,
1, ,254, ,
5, ,254, ,
3, ,253, ,
1, ,256, ,
4, ,254, ,
3, ,253, ,
1, ,254, ,
4, ,254, ,
1, ,253, ,
3, ,256, ,
3, ,254, ,
3, ,254, ,
1, ,253, ,
4, ,253, ,
1, ,254, ,
1, ,254, ,
3, ,253, ,
3, ,254, ,
1, ,254, ,
4, ,254, ,
3, ,254, ,
3, ,254, ,
3, ,253, ,
3, ,254, ,
1, ,256, ,
5, ,254, ,
3, ,254, ,
1, ,254, ,
3, ,253, ,
3, ,254, ,
1, ,253, ,
4, ,254, ,
1, ,253, ,
1, ,253, ,
3, ,253, ,
3, ,256, ,
1, ,254, ,
4, ,256, ,
1, ,256, ,
1, ,254, ,
3, ,253, ,
3, ,253, ,
1, ,254, ,
3, ,253, ,
1, ,253, ,
3, ,254, ,
3, ,254, ,
3, ,254, ,
1, ,254, ,
4, ,254, ,
3, ,256, ,
1, ,254, ,
3, ,254, ,
3, ,254, ,
1, ,256, ,
4, ,256, ,
1, ,254, ,
1, ,254, ,
3, ,254, ,
3, ,254, ,
1, ,254, ,
4, ,253, ,
1, ,254, ,
1, ,254, ,
3, ,254, ,
3, ,254, ,
1, ,256, ,
4, ,254, ,
1, ,253, ,
3, ,254, ,
3, ,254, ,
3, ,254, ,
1, ,254, ,
4, ,254, ,
3, ,254, ,
1, ,254, ,
3, ,254, ,
3, ,254, ,
1, ,254, ,
4, ,254, ,
1, ,253, ,
1, ,254, ,
3, ,253, ,
3, ,254, ,
1, ,253, ,
4, ,256, ,
1, ,254, ,
1, ,254, ,
3, ,253, ,
3, ,253, ,
1, ,256, ,
4, ,254, ,
1, ,253, ,
1, ,256, ,
3, ,254, ,
3, ,254, ,
0, ,254, ,
4, ,254, ,
1, ,254, ,
1, ,254, ,
3, ,253, ,
3, ,253, ,
1, ,256, ,
3, ,254, ,
1, ,254, ,
1, ,254, ,
3, ,254, ,
3, ,254, ,
0, ,254, ,
4, ,253, ,
3, ,253, ,
1, ,254, ,
3, ,254, ,
3, ,254, ,
1, ,254, ,
3, ,254, ,
1, ,253, ,
1, ,253, ,
3, ,254, ,
3, ,254, ,
1, ,253, ,
4, ,254, ,
1, ,254, ,
1, ,254, ,
3, ,253, ,
3, ,254, ,
0, ,254, ,
4, ,254, ,
1, ,253, ,
1, ,254, ,
3, ,254, ,
3, ,254, ,
0, ,253, ,
3, ,254, ,
1, ,254, ,
1, ,254, ,
3, ,253, ,
3, ,254, ,
0, ,254, ,
3, ,254, ,
1, ,253, ,
1, ,253, ,
3, ,253, ,
3, ,254, ,
0, ,254, ,
4, ,256, ,
1, ,254, ,
1, ,254, ,
3, ,253, ,
3, ,253, ,
0, ,254, ,
3, ,256, ,
1, ,254, ,
1, ,253, ,
3, ,253, ,
1, ,254, ,
0, ,253, ,
4, ,254, ,
1, ,253, ,
1, ,256, ,
3, ,253, ,
3, ,253, ,
0, ,254, ,
3, ,254, ,
1, ,254, ,
1, ,256, ,
3, ,253, ,
1, ,254, ,
0, ,253, ,
4, ,253, ,
1, ,254, ,
1, ,253, ,
3, ,254, ,
3, ,254, ,
0, ,254, ,
3, ,253, ,
1, ,254, ,
1, ,254, ,
3, ,254, ,
1, ,254, ,
0, ,253, ,
4, ,253, ,
1, ,253, ,
1, ,254, ,
3, ,253, ,
1, ,254, ,
0, ,254, ,
3, ,254, ,
1, ,254, ,
1, ,254, ,
3, ,254, ,
3, ,254, ,
0, ,254, ,
3, ,254, ,
1, ,254, ,
1, ,256, ,
3, ,253, ,
3, ,254, ,
0, ,254, ,
3, ,254, ,
1, ,253, ,
1, ,253, ,
3, ,253, ,
1, ,253, ,
0, ,253, ,
3, ,253, ,
1, ,254, ,
1, ,254, ,
3, ,253, ,
1, ,253, ,
0, ,256, ,
3, ,254, ,
1, ,254, ,
1, ,256, ,
3, ,253, ,
1, ,254, ,
0, ,254, ,
4, ,253, ,
1, ,254, ,
1, ,254, ,
3, ,253, ,
1, ,254, ,
0, ,256, ,
3, ,253, ,
1, ,253, ,
1, ,256, ,
3, ,254, ,
1, ,254, ,
0, ,253, ,
3, ,254, ,
1, ,253, ,
1, ,256, ,
3, ,253, ,
3, ,256, ,
0, ,256, ,
3, ,254, ,
1, ,254, ,
1, ,254, ,
3, ,253, ,
1, ,254, ,
0, ,254, ,
4, ,253, ,
1, ,254, ,
1, ,254, ,
3, ,253, ,
1, ,254, ,
0, ,254, ,
3, ,254, ,
1, ,253, ,
1, ,253, ,
3, ,254, ,
1, ,256, ,
0, ,254, ,
3, ,253, ,
1, ,253, ,
1, ,254, ,
3, ,254, ,
3, ,254, ,
0, ,254, ,
3, ,253, ,
1, ,254, ,
1, ,256, ,
3, ,253, ,
1, ,256, ,
0, ,253, ,
3, ,253, ,
1, ,253, ,
1, ,254, ,
3, ,253, ,
1, ,254, ,
0, ,256, ,
3, ,254, ,
1, ,254, ,
1, ,253, ,
3, ,253, ,
1, ,256, ,
0, ,254, ,
3, ,253, ,
1, ,253, ,
1, ,254, ,
3, ,254, ,
1, ,256, ,
0, ,254, ,
3, ,254, ,
1, ,253, ,
1, ,253, ,
3, ,253, ,
1, ,256, ,
0, ,253, ,
3, ,256, ,
1, ,254, ,
0, ,254, ,
3, ,254, ,
1, ,253, ,
0, ,254, ,
3, ,254, ,
1, ,253, ,
1, ,253, ,
1, ,254, ,
1, ,254, ,
0, ,253, ,
3, ,253, ,
1, ,254, ,
1, ,253, ,
3, ,253, ,
1, ,254, ,
0, ,253, ,
3, ,254, ,
1, ,253, ,
1, ,253, ,
3, ,253, ,
1, ,254, ,
0, ,253, ,
3, ,254, ,
1, ,256, ,
1, ,254, ,
3, ,253, ,
1, ,254, ,
0, ,253, ,
3, ,256, ,
1, ,254, ,
1, ,256, ,
3, ,254, ,
1, ,254, ,
0, ,253, ,
3, ,256, ,
1, ,254, ,
1, ,253, ,
3, ,254, ,
1, ,253, ,
0, ,253, ,
3, ,254, ,
1, ,253, ,
1, ,256, ,
3, ,253, ,
1, ,254, ,
0, ,253, ,
3, ,253, ,
1, ,254, ,
0, ,254, ,
3, ,253, ,
1, ,253, ,
0, ,254, ,
3, ,254, ,
1, ,253, ,
1, ,254, ,
3, ,256, ,
1, ,254, ,
0, ,253, ,
3, ,253, ,
1, ,253, ,
0, ,254, ,
3, ,254, ,
1, ,253, ,
0, ,254, ,
3, ,254, ,
1, ,253, ,
1, ,253, ,
3, ,254, ,
1, ,254, ,
0, ,253, ,
3, ,253, ,
1, ,254, ,
1, ,254, ,
3, ,253, ,
1, ,254, ,
0, ,256, ,
3, ,253, ,
1, ,253, ,
1, ,253, ,
3, ,253, ,
1, ,254, ,
0, ,253, ,
3, ,253, ,
1, ,254, ,
0, ,254, ,
3, ,254, ,
1, ,254, ,
0, ,254, ,
3, ,254, ,
1, ,253, ,
1, ,254, ,
3, ,254, ,
1, ,254, ,
0, ,254, ,
3, ,253, ,
1, ,253, ,
1, ,256, ,
3, ,253, ,
1, ,253, ,
0, ,253, ,
3, ,254, ,
1, ,254, ,
1, ,253, ,
3, ,254, ,
1, ,254, ,
0, ,253, ,
3, ,254, ,
1, ,254, ,
0, ,254, ,
3, ,253, ,
1, ,253, ,
0, ,254, ,
3, ,256, ,
1, ,254, ,
1, ,254, ,
3, ,253, ,
1, ,254, ,
0, ,253, ,
3, ,254, ,
1, ,254, ,
0, ,254, ,
3, ,253, ,
1, ,254, ,
0, ,256, ,
3, ,253, ,
1, ,253, ,
1, ,254, ,
3, ,253, ,
1, ,256, ,
0, ,253, ,
3, ,253, ,
0, ,254, ,
0, ,256, ,
3, ,253, ,
1, ,254, ,
0, ,254, ,
3, ,254, ,
0, ,254, ,
1, ,254, ,
3, ,254, ,
1, ,254, ,
0, ,253, ,
3, ,256, ,
1, ,254, ,
0, ,254, ,
1, ,253, ,
1, ,253, ,
0, ,253, ,
3, ,254, ,
1, ,253, ,
1, ,254, ,
3, ,254, ,
1, ,256, ,
0, ,253, ,
3, ,253, ,
1, ,254, ,
0, ,254, ,
1, ,254, ,
1, ,254, ,
0, ,256, ,
3, ,254, ,
1, ,253, ,
1, ,253, ,
3, ,254, ,
1, ,254, ,
0, ,254, ,
3, ,254, ,
1, ,254, ,
0, ,256, ,
3, ,253, ,
1, ,253, ,
0, ,254, ,
3, ,253, ,
1, ,254, ,
1, ,253, ,
3, ,253, ,
1, ,254, ,
0, ,254, ,
3, ,253, ,
1, ,254, ,
0, ,254, ,
3, ,253, ,
1, ,253, ,
0, ,253, ,
3, ,254, ,
0, ,254, ,
1, ,256, ,
3, ,254, ,
1, ,254, ,
0, ,254, ,
3, ,253, ,
1, ,253, ,
0, ,253, ,
1, ,253, ,
1, ,253, ,
0, ,253, ,
3, ,256, ,
0, ,253, ,
1, ,254, ,
3, ,253, ,
1, ,253, ,
0, ,253, ,
3, ,253, ,
1, ,253, ,
0, ,254, ,
3, ,254, ,
1, ,253, ,
0, ,254, ,
3, ,254, ,
1, ,254, ,
1, ,253, ,
3, ,253, ,
1, ,254, ,
0, ,253, ,
3, ,253, ,
1, ,254, ,
0, ,253, ,
3, ,253, ,
1, ,253, ,
0, ,256, ,
3, ,254, ,
0, ,254, ,
0, ,253, ,
3, ,254, ,
1, ,254, ,
0, ,253, ,
3, ,253, ,
1, ,254, ,
0, ,254, ,
1, ,253, ,
1, ,253, ,
0, ,254, ,
3, ,254, ,
1, ,254, ,
1, ,253, ,
3, ,254, ,
3, ,254, ,
0, ,253, ,
3, ,253, ,
1, ,253, ,
0, ,253, ,
3, ,253, ,
1, ,253, ,
0, ,254, ,
1, ,254, ,
1, ,254, ,
1, ,253, ,
3, ,254, ,
1, ,254, ,
0, ,254, ,
3, ,254, ,
1, ,253, ,
0, ,254, ,
3, ,254, ,
1, ,253, ,
0, ,256, ,
3, ,254, ,
1, ,253, ,
1, ,254, ,
3, ,254, ,
1, ,253, ,
0, ,253, ,
3, ,254, ,
1, ,254, ,
0, ,256, ,
1, ,253, ,
1, ,253, ,
0, ,254, ,
3, ,253, ,
1, ,252, ,
1, ,254, ,
3, ,254, ,
1, ,254, ,
0, ,254, ,
3, ,253, ,
0, ,256, ,
0, ,254, ,
3, ,253, ,
1, ,253, ,
0, ,254, ,
3, ,254, ,
0, ,253, ,
0, ,253, ,
3, ,254, ,
1, ,256, ,
0, ,253, ,
3, ,254, ,
1, ,253, ,
0, ,256, ,
1, ,254, ,
1, ,253, ,
0, ,254, ,
1, ,254, ,
1, ,254, ,
1, ,253, ,
3, ,254, ,
1, ,254, ,
0, ,253, ,
3, ,254, ,
1, ,254, ,
0, ,254, ,
1, ,253, ,
1, ,253, ,
0, ,253, ,
3, ,254, ,
0, ,253, ,
1, ,256, ,
3, ,253, ,
1, ,254, ,
0, ,254, ,
3, ,256, ,
1, ,253, ,
0, ,254, ,
1, ,254, ,
1, ,254, ,
0, ,253, ,
3, ,254, ,
0, ,253, ,
1, ,254, ,
3, ,253, ,
1, ,254, ,
0, ,254, ,
3, ,254, ,
1, ,253, ,
0, ,254, ,
1, ,253, ,
1, ,253, ,
-1, ,254, ,
1, ,254, ,
1, ,253, ,
1, ,254, ,
3, ,254, ,
3, ,254, ,
0, ,253, ,
3, ,253, ,
0, ,254, ,
0, ,254, ,
1, ,253, ,
1, ,253, ,
0, ,256, ,
3, ,254, ,
0, ,253, ,
0, ,253, ,
3, ,254, ,
1, ,253, ,
0, ,254, ,
3, ,253, ,
1, ,254, ,
0, ,254, ,
1, ,253, ,
1, ,254, ,
0, ,254, ,
1, ,254, ,
0, ,253, ,
1, ,253, ,
3, ,254, ,
1, ,253, ,
0, ,253, ,
3, ,254, ,
1, ,253, ,
0, ,254, ,
1, ,253, ,
1, ,253, ,
0, ,253, ,
1, ,253, ,
1, ,253, ,
1, ,253, ,
3, ,254, ,
1, ,256, ,
0, ,253, ,
3, ,253, ,
1, ,254, ,
0, ,256, ,
1, ,252, ,
1, ,254, ,
0, ,253, ,
3, ,254, ,
0, ,253, ,
1, ,254, ,
3, ,254, ,
1, ,254, ,
0, ,253, ,
3, ,254, ,
1, ,254, ,
0, ,254, ,
1, ,253, ,
1, ,254, ,
-1, ,253, ,
1, ,253, ,
0, ,252, ,
1, ,251, ,
3, ,252, ,
1, ,254, ,
0, ,256, ,
3, ,257, ,
1, ,256, ,
0, ,257, ,
3, ,253, ,
1, ,252, ,
0, ,253, ,
3, ,253, ,
0, ,253, ,
1, ,254, ,
3, ,253, ,
1, ,254, ,
0, ,254, ,
3, ,253, ,
1, ,254, ,
0, ,253, ,
1, ,252, ,
1, ,253, ,
0, ,254, ,
3, ,254, ,
0, ,252, ,
0, ,254, ,
1, ,253, ,
1, ,254, ,
0, ,253, ,
3, ,253, ,
1, ,254, ,
0, ,254, ,
3, ,253, ,
1, ,253, ,
0, ,253, ,
3, ,254, ,
1, ,253, ,
1, ,254, ,
3, ,254, ,
1, ,253, ,
-1, ,253, ,
3, ,253, ,
1, ,253, ,
0, ,253, ,
1, ,253, ,
1, ,253, ,
0, ,253, ,
3, ,254, ,
0, ,253, ,
1, ,254, ,
3, ,253, ,
1, ,254, ,
0, ,253, ,
3, ,253, ,
0, ,253, ,
0, ,253, ,
1, ,253, ,
1, ,253, ,
0, ,254, ,
3, ,253, ,
0, ,253, ,
0, ,254, ,
1, ,253, ,
1, ,253, ,
0, ,253, ,
3, ,254, ,
1, ,253, ,
0, ,253, ,
3, ,253, ,
1, ,253, ,
0, ,253, ,
3, ,254, ,
0, ,253, ,
0, ,253, ,
1, ,254, ,
1, ,254, ,
0, ,253, ,
3, ,253, ,
1, ,253, ,
0, ,253, ,
1, ,253, ,
1, ,253, ,
0, ,256, ,
1, ,254, ,
0, ,253, ,
0, ,253, ,
3, ,253, ,
1, ,253, ,
-1, ,253, ,
3, ,254, ,
1, ,254, ,
0, ,254, ,
1, ,253, ,
1, ,253, ,
-1, ,254, ,
3, ,254, ,
0, ,253, ,
0, ,253, ,
1, ,253, ,
1, ,254, ,
0, ,253, ,
3, ,253, ,
0, ,253, ,
0, ,253, ,
1, ,253, ,
1, ,256, ,
-1, ,254, ,
1, ,254, ,
0, ,254, ,
0, ,254, ,
1, ,253, ,
1, ,253, ,
0, ,253, ,
3, ,253, ,
1, ,254, ,
0, ,254, ,
1, ,254, ,
1, ,256, ,
0, ,256, ,
1, ,254, ,
0, ,253, ,
1, ,256, ,
3, ,254, ,
1, ,254, ,
0, ,253, ,
3, ,254, ,
0, ,254, ,
0, ,254, ,
1, ,253, ,
1, ,254, ,
0, ,254, ,
1, ,254, ,
0, ,254, ,
0, ,254, ,
1, ,254, ,
1, ,254, ,
0, ,254, ,
3, ,253, ,
1, ,253, ,
0, ,253, ,
1, ,253, ,
1, ,254, ,
0, ,253, ,
1, ,254, ,
0, ,253, ,
0, ,253, ,
3, ,254, ,
1, ,254, ,
0, ,253, ,
3, ,253, ,
0, ,256, ,
0, ,254, ,
3, ,253, ,
1, ,253, ,
0, ,253, ,
1, ,254, ,
0, ,253, ,
0, ,254, ,
3, ,253, ,
1, ,254, ,
0, ,253, ,
3, ,254, ,
1, ,254, ,
0, ,256, ,
1, ,254, ,
1, ,253, ,
0, ,256, ,
3, ,254, ,
0, ,253, ,
0, ,254, ,
3, ,254, ,
1, ,253, ,
-1, ,253, ,
3, ,253, ,
1, ,254, ,
0, ,254, ,
3, ,253, ,
1, ,254, ,
0, ,253, ,
3, ,254, ,
0, ,253, ,
0, ,254, ,
1, ,254, ,
1, ,254, ,
0, ,253, ,
3, ,253, ,
0, ,254, ,
0, ,254, ,
1, ,253, ,
1, ,253, ,
0, ,254, ,
1, ,256, ,
0, ,253, ,
0, ,254, ,
3, ,254, ,
1, ,254, ,
0, ,253, ,
3, ,254, ,
0, ,253, ,
0, ,254, ,
1, ,254, ,
1, ,253, ,
0, ,253, ,
1, ,254, ,
0, ,253, ,
0, ,253, ,
1, ,254, ,
1, ,253, ,
0, ,254, ,
3, ,253, ,
0, ,253, ,
0, ,256, ,
3, ,253, ,
1, ,253, ,
0, ,254, ,
1, ,254, ,
0, ,253, ,
0, ,256, ,
1, ,254, ,
1, ,256, ,
0, ,253, ,
3, ,254, ,
0, ,253, ,
0, ,256, ,
1, ,253, ,
1, ,253, ,
0, ,253, ,
1, ,254, ,
0, ,254, ,
0, ,254, ,
3, ,253, ,
1, ,254, ,
0, ,254, ,
3, ,253, ,
0, ,252, ,
0, ,253, ,
1, ,253, ,
1, ,256, ,
0, ,256, ,
3, ,256, ,
0, ,254, ,
0, ,256, ,
1, ,253, ,
1, ,253, ,
0, ,253, ,
3, ,253, ,
0, ,253, ,
0, ,254, ,
1, ,253, ,
1, ,254, ,
0, ,254, ,
1, ,254, ,
0, ,253, ,
0, ,253, ,
3, ,254, ,
1, ,254, ,
-1, ,253, ,
3, ,254, ,
1, ,254, ,
0, ,253, ,
1, ,253, ,
1, ,254, ,
0, ,253, ,
3, ,253, ,
0, ,254, ,
0, ,254, ,
3, ,254, ,
1, ,254, ,
0, ,253, ,
3, ,253, ,
0, ,254, ,
0, ,254, ,
1, ,253, ,
1, ,256, ,
-1, ,256, ,
3, ,256, ,
0, ,253, ,
0, ,253, ,
1, ,254, ,
1, ,256, ,
46, ,253, ,
99, ,253, ,
65, ,254, ,
36, ,256, ,
22, ,253, ,
15, ,245, ,
11, ,254, ,
10, ,262, ,
6, ,260, ,
4, ,253, ,
5, ,252, ,
4, ,254, ,
3, ,254, ,
4, ,253, ,
3, ,253, ,
3, ,256, ,
5, ,254, ,
4, ,253, ,
1, ,253, ,
4, ,254, ,
3, ,254, ,
3, ,253, ,
4, ,253, ,
4, ,254, ,
1, ,253, ,
5, ,254, ,
3, ,254, ,
3, ,254, ,
4, ,254, ,
4, ,253, ,
3, ,254, ,
5, ,254, ,
1, ,253, ,
3, ,254, ,
4, ,254, ,
4, ,254, ,
3, ,253, ,
4, ,253, ,
3, ,253, ,
3, ,253, ,
4, ,253, ,
4, ,253, ,
3, ,254, ,
4, ,254, ,
1, ,254, ,
3, ,253, ,
4, ,254, ,
4, ,254, ,
1, ,253, ,
4, ,254, ,
1, ,254, ,
3, ,254, ,
4, ,253, ,
4, ,254, ,
1, ,253, ,
4, ,254, ,
1, ,254, ,
3, ,253, ,
4, ,254, ,
4, ,254, ,
1, ,254, ,
5, ,254, ,
1, ,254, ,
3, ,253, ,
4, ,253, ,
4, ,253, ,
1, ,256, ,
4, ,256, ,
3, ,253, ,
3, ,254, ,
4, ,254, ,
4, ,254, ,
1, ,254, ,
4, ,254, ,
3, ,253, ,
3, ,256, ,
4, ,253, ,
4, ,253, ,
1, ,254, ,
4, ,254, ,
1, ,253, ,
3, ,253, ,
4, ,253, ,
4, ,254, ,
1, ,253, ,
4, ,253, ,
3, ,253, ,
1, ,254, ,
3, ,253, ,
4, ,253, ,
1, ,253, ,
4, ,254, ,
3, ,253, ,
1, ,253, ,
4, ,254, ,
3, ,254, ,
1, ,253, ,
4, ,254, ,
3, ,253, ,
1, ,253, ,
3, ,253, ,
3, ,254, ,
1, ,253, ,
4, ,254, ,
1, ,253, ,
1, ,254, ,
3, ,254, ,
3, ,254, ,
1, ,253, ,
4, ,253, ,
3, ,253, ,
1, ,254, ,
4, ,253, ,
4, ,253, ,
1, ,254, ,
4, ,253, ,
3, ,254, ,
3, ,254, ,
3, ,254, ,
3, ,254, ,
1, ,253, ,
4, ,254, ,
3, ,254, ,
1, ,254, ,
4, ,253, ,
3, ,253, ,
1, ,254, ,
4, ,254, ,
1, ,254, ,
1, ,253, ,
3, ,254, ,
3, ,256, ,
1, ,253, ,
4, ,254, ,
3, ,254, ,
1, ,256, ,
4, ,253, ,
4, ,253, ,
1, ,254, ,
4, ,254, ,
1, ,253, ,
3, ,256, ,
3, ,253, ,
3, ,253, ,
1, ,253, ,
4, ,256, ,
1, ,254, ,
1, ,256, ,
3, ,254, ,
3, ,253, ,
1, ,254, ,
4, ,254, ,
1, ,253, ,
1, ,253, ,
3, ,254, ,
3, ,254, ,
1, ,253, ,
4, ,254, ,
1, ,254, ,
1, ,254, ,
3, ,253, ,
3, ,254, ,
1, ,253, ,
4, ,257, ,
1, ,253, ,
1, ,253, ,
3, ,254, ,
3, ,254, ,
1, ,253, ,
4, ,253, ,
3, ,254, ,
1, ,254, ,
3, ,254, ,
3, ,254, ,
1, ,253, ,
4, ,254, ,
1, ,253, ,
1, ,254, ,
3, ,254, ,
3, ,254, ,
1, ,253, ,
4, ,253, ,
1, ,254, ,
1, ,256, ,
3, ,254, ,
3, ,253, ,
1, ,254, ,
4, ,254, ,
1, ,253, ,
1, ,254, ,
3, ,254, ,
3, ,253, ,
1, ,253, ,
4, ,253, ,
3, ,254, ,
1, ,254, ,
3, ,254, ,
3, ,254, ,
1, ,253, ,
4, ,254, ,
1, ,253, ,
1, ,253, ,
3, ,254, ,
3, ,256, ,
1, ,254, ,
4, ,253, ,
1, ,254, ,
1, ,254, ,
3, ,253, ,
3, ,254, ,
1, ,256, ,
4, ,254, ,
0, ,253, ,
1, ,253, ,
3, ,253, ,
3, ,253, ,
1, ,254, ,
4, ,253, ,
1, ,254, ,
1, ,254, ,
3, ,253, ,
3, ,253, ,
1, ,256, ,
3, ,254, ,
1, ,253, ,
3, ,256, ,
3, ,254, ,
3, ,254, ,
0, ,253, ,
4, ,254, ,
1, ,254, ,
1, ,253, ,
3, ,253, ,
3, ,254, ,
0, ,256, ,
3, ,253, ,
1, ,253, ,
1, ,254, ,
3, ,253, ,
3, ,256, ,
1, ,253, ,
3, ,254, ,
1, ,254, ,
1, ,254, ,
3, ,253, ,
3, ,254, ,
1, ,254, ,
4, ,253, ,
1, ,253, ,
1, ,253, ,
3, ,253, ,
3, ,254, ,
1, ,253, ,
4, ,253, ,
1, ,254, ,
1, ,254, ,
3, ,253, ,
3, ,256, ,
1, ,254, ,
3, ,254, ,
1, ,254, ,
1, ,253, ,
3, ,254, ,
3, ,254, ,
1, ,254, ,
4, ,254, ,
1, ,254, ,
1, ,254, ,
3, ,253, ,
3, ,253, ,
0, ,253, ,
3, ,254, ,
1, ,253, ,
1, ,253, ,
3, ,254, ,
3, ,254, ,
0, ,254, ,
3, ,253, ,
1, ,254, ,
1, ,253, ,
3, ,253, ,
3, ,253, ,
1, ,256, ,
3, ,254, ,
1, ,252, ,
1, ,256, ,
3, ,253, ,
3, ,253, ,
1, ,254, ,
4, ,254, ,
1, ,254, ,
1, ,254, ,
3, ,253, ,
3, ,253, ,
0, ,253, ,
3, ,254, ,
1, ,253, ,
1, ,253, ,
3, ,254, ,
3, ,253, ,
0, ,253, ,
3, ,253, ,
1, ,254, ,
0, ,256, ,
3, ,253, ,
3, ,256, ,
0, ,254, ,
3, ,256, ,
1, ,253, ,
1, ,254, ,
3, ,254, ,
3, ,254, ,
0, ,253, ,
3, ,253, ,
1, ,252, ,
1, ,253, ,
3, ,252, ,
3, ,253, ,
0, ,253, ,
3, ,254, ,
1, ,254, ,
1, ,256, ,
3, ,254, ,
1, ,254, ,
0, ,254, ,
3, ,254, ,
1, ,253, ,
1, ,253, ,
3, ,253, ,
1, ,253, ,
0, ,253, ,
3, ,253, ,
1, ,251, ,
1, ,253, ,
3, ,253, ,
1, ,253, ,
0, ,253, ,
3, ,254, ,
1, ,254, ,
1, ,254, ,
3, ,253, ,
3, ,253, ,
0, ,253, ,
3, ,254, ,
1, ,253, ,
1, ,254, ,
3, ,254, ,
1, ,256, ,
0, ,254, ,
3, ,254, ,
1, ,254, ,
1, ,253, ,
3, ,253, ,
3, ,254, ,
0, ,253, ,
3, ,254, ,
1, ,253, ,
70, ,253, ,
61, ,253, ,
43, ,253, ,
25, ,253, ,
16, ,253, ,
9, ,254, ,
6, ,254, ,
6, ,253, ,
5, ,253, ,
3, ,254, ,
4, ,253, ,
3, ,253, ,
3, ,253, ,
4, ,253, ,
3, ,254, ,
1, ,254, ,
5, ,254, ,
3, ,256, ,
3, ,256, ,
4, ,253, ,
4, ,254, ,
1, ,256, ,
4, ,256, ,
1, ,254, ,
3, ,256, ,
4, ,254, ,
4, ,254, ,
1, ,253, ,
5, ,253, ,
3, ,253, ,
3, ,253, ,
4, ,253, ,
4, ,253, ,
3, ,253, ,
4, ,252, ,
1, ,253, ,
3, ,253, ,
4, ,253, ,
4, ,253, ,
1, ,253, ,
4, ,256, ,
3, ,254, ,
3, ,256, ,
4, ,254, ,
4, ,254, ,
1, ,254, ,
4, ,254, ,
1, ,253, ,
3, ,253, ,
4, ,254, ,
4, ,253, ,
1, ,253, ,
5, ,254, ,
3, ,254, ,
3, ,253, ,
4, ,253, ,
4, ,254, ,
1, ,254, ,
4, ,256, ,
3, ,254, ,
3, ,256, ,
4, ,254, ,
4, ,254, ,
1, ,254, ,
5, ,253, ,
3, ,253, ,
1, ,253, ,
4, ,253, ,
4, ,253, ,
1, ,253, ,
4, ,253, ,
3, ,252, ,
3, ,253, ,
4, ,253, ,
3, ,253, ,
1, ,253, ,
4, ,256, ,
3, ,254, ,
1, ,256, ,
4, ,254, ,
4, ,254, ,
1, ,256, ,
4, ,253, ,
3, ,253, ,
3, ,253, ,
4, ,253, ,
3, ,253, ,
1, ,253, ,
4, ,253, ,
1, ,253, ,
1, ,254, ,
4, ,253, ,
4, ,254, ,
1, ,254, ,
4, ,254, ,
1, ,254, ,
3, ,254, ,
4, ,256, ,
3, ,256, ,
1, ,253, ,
4, ,254, ,
3, ,254, ,
1, ,253, ,
4, ,253, ,
3, ,253, ,
1, ,253, ,
4, ,254, ,
1, ,253, ,
1, ,253, ,
4, ,254, ,
3, ,254, ,
1, ,253, ,
4, ,254, ,
1, ,254, ,
1, ,254, ,
3, ,254, ,
3, ,254, ,
1, ,256, ,
4, ,254, ,
1, ,254, ,
3, ,253, ,
3, ,254, ,
3, ,254, ,
1, ,253, ,
4, ,254, ,
3, ,253, ,
1, ,254, ,
4, ,253, ,
3, ,254, ,
1, ,256, ,
4, ,254, ,
3, ,253, ,
1, ,253, ,
3, ,256, ,
3, ,254, ,
1, ,253, ,
4, ,254, ,
3, ,253, ,
1, ,256, ,
3, ,254, ,
3, ,253, ,
1, ,254, ,
4, ,254, ,
3, ,253, ,
3, ,254, ,
3, ,253, ,
3, ,254, ,
1, ,253, ,
5, ,253, ,
3, ,254, ,
1, ,256, ,
3, ,253, ,
3, ,254, ,
1, ,256, ,
4, ,256, ,
1, ,253, ,
1, ,254, ,
3, ,253, ,
3, ,254, ,
1, ,253, ,
4, ,253, ,
1, ,253, ,
1, ,253, ,
3, ,253, ,
3, ,254, ,
1, ,253, ,
4, ,253, ,
1, ,253, ,
1, ,253, ,
3, ,254, ,
3, ,256, ,
1, ,254, ,
4, ,253, ,
3, ,254, ,
1, ,254, ,
3, ,254, ,
3, ,253, ,
1, ,254, ,
4, ,254, ,
1, ,253, ,
1, ,253, ,
3, ,253, ,
3, ,254, ,
1, ,253, ,
4, ,253, ,
1, ,254, ,
1, ,256, ,
3, ,254, ,
3, ,254, ,
1, ,254, ,
4, ,256, ,
1, ,254, ,
3, ,254, ,
4, ,253, ,
3, ,254, ,
1, ,253, ,
4, ,253, ,
1, ,254, ,
1, ,254, ,
3, ,253, ,
3, ,253, ,
1, ,253, ,
4, ,254, ,
1, ,253, ,
1, ,253, ,
3, ,253, ,
3, ,254, ,
1, ,254, ,
4, ,254, ,
3, ,253, ,
1, ,254, ,
3, ,253, ,
3, ,253, ,
0, ,253, ,
3, ,253, ,
1, ,253, ,
1, ,254, ,
3, ,253, ,
3, ,254, ,
0, ,253, ,
4, ,253, ,
3, ,254, ,
1, ,254, ,
3, ,253, ,
3, ,254, ,
1, ,256, ,
3, ,254, ,
1, ,253, ,
1, ,254, ,
3, ,253, ,
3, ,254, ,
1, ,253, ,
4, ,254, ,
1, ,253, ,
1, ,254, ,
4, ,253, ,
3, ,253, ,
0, ,254, ,
3, ,256, ,
3, ,253, ,
1, ,254, ,
3, ,253, ,
3, ,254, ,
0, ,253, ,
4, ,254, ,
3, ,254, ,
0, ,256, ,
3, ,253, ,
3, ,254, ,
1, ,254, ,
3, ,253, ,
1, ,253, ,
1, ,253, ,
3, ,253, ,
3, ,254, ,
0, ,253, ,
4, ,254, ,
1, ,254, ,
1, ,253, ,
4, ,253, ,
3, ,254, ,
0, ,253, ,
3, ,256, ,
1, ,253, ,
1, ,254, ,
3, ,254, ,
3, ,256, ,
0, ,254, ,
4, ,254, ,
1, ,254, ,
1, ,254, ,
3, ,253, ,
3, ,253, ,
0, ,253, ,
3, ,254, ,
1, ,253, ,
1, ,253, ,
3, ,254, ,
1, ,254, ,
0, ,253, ,
3, ,254, ,
1, ,254, ,
1, ,254, ,
3, ,253, ,
3, ,253, ,
0, ,256, ,
3, ,254, ,
1, ,253, ,
1, ,254, ,
1, ,253, ,
1, ,254, ,
0, ,253, ,
4, ,254, ,
3, ,254, ,
1, ,256, ,
3, ,254, ,
1, ,253, ,
0, ,254, ,
3, ,254, ,
1, ,254, ,
1, ,256, ,
3, ,253, ,
3, ,254, ,
0, ,253, ,
3, ,253, ,
1, ,256, ,
1, ,254, ,
3, ,253, ,
1, ,253, ,
0, ,254, ,
3, ,254, ,
1, ,253, ,
1, ,253, ,
3, ,253, ,
1, ,254, ,
0, ,254, ,
3, ,253, ,
1, ,254, ,
1, ,253, ,
3, ,253, ,
3, ,254, ,
0, ,253, ,
3, ,256, ,
1, ,253, ,
1, ,254, ,
3, ,254, ,
1, ,254, ,
0, ,254, ,
3, ,254, ,
1, ,254, ,
1, ,254, ,
3, ,253, ,
1, ,254, ,
0, ,254, ,
3, ,254, ,
1, ,253, ,
1, ,253, ,
3, ,254, ,
1, ,253, ,
0, ,253, ,
4, ,253, ,
1, ,254, ,
1, ,254, ,
3, ,253, ,
1, ,254, ,
0, ,254, ,
3, ,253, ,
1, ,253, ,
1, ,254, ,
3, ,254, ,
1, ,254, ,
0, ,253, ,
3, ,254, ,
1, ,254, ,
1, ,254, ,
3, ,254, ,
3, ,253, ,
0, ,254, ,
3, ,254, ,
1, ,254, ,
1, ,256, ,
3, ,254, ,
1, ,254, ,
0, ,254, ,
3, ,254, ,
1, ,253, ,
1, ,256, ,
3, ,253, ,
3, ,252, ,
0, ,252, ,
3, ,251, ,
1, ,253, ,
1, ,256, ,
3, ,257, ,
1, ,258, ,
0, ,256, ,
3, ,254, ,
1, ,253, ,
1, ,252, ,
3, ,253, ,
3, ,253, ,
0, ,254, ,
3, ,254, ,
1, ,253, ,
1, ,253, ,
3, ,253, ,
1, ,254, ,
0, ,254, ,
4, ,256, ,
1, ,253, ,
1, ,254, ,
3, ,253, ,
1, ,253, ,
0, ,253, ,
3, ,254, ,
1, ,253, ,
1, ,254, ,
3, ,254, ,
1, ,256, ,
0, ,253, ,
3, ,254, ,
1, ,254, ,
1, ,254, ,
3, ,253, ,
1, ,254, ,
0, ,253, ,
3, ,254, ,
1, ,253, ,
1, ,253, ,
3, ,253, ,
1, ,254, ,
0, ,253, ,
4, ,254, ,
1, ,253, ,
1, ,253, ,
3, ,253, ,
3, ,254, ,
0, ,253, ,
3, ,254, ,
1, ,253, ,
1, ,253, ,
3, ,253, ,
1, ,254, ,
0, ,253, ,
3, ,253, ,
1, ,253, ,
1, ,254, ,
3, ,253, ,
1, ,254, ,
0, ,253, ,
3, ,253, ,
1, ,253, ,
1, ,253, ,
3, ,254, ,
1, ,253, ,
0, ,253, ,
3, ,254, ,
1, ,253, ,
0, ,254, ,
3, ,254, ,
1, ,253, ,
0, ,256, ,
3, ,254, ,
1, ,253, ,
1, ,254, ,
3, ,253, ,
1, ,254, ,
0, ,253, ,
3, ,253, ,
1, ,253, ,
1, ,254, ,
3, ,253, ,
1, ,253, ,
0, ,254, ,
3, ,254, ,
1, ,253, ,
1, ,253, ,
3, ,253, ,
1, ,254, ,
0, ,253, ,
3, ,253, ,
1, ,253, ,
0, ,254, ,
3, ,253, ,
1, ,253, ,
0, ,254, ,
3, ,254, ,
1, ,253, ,
1, ,253, ,
3, ,254, ,
1, ,253, ,
0, ,253, ,
3, ,253, ,
1, ,254, ,
1, ,256, ,
3, ,254, ,
1, ,256, ,
0, ,253, ,
3, ,253, ,
1, ,251, ,
1, ,254, ,
3, ,256, ,
1, ,256, ,
0, ,254, ,
3, ,254, ,
1, ,256, ,
1, ,256, ,
3, ,252, ,
1, ,253, ,
0, ,254, ,
3, ,254, ,
1, ,254, ,
1, ,256, ,
3, ,254, ,
1, ,254, ,
0, ,254, ,
3, ,256, ,
1, ,253, ,
0, ,254, ,
3, ,254, ,
1, ,254, ,
0, ,256, ,
3, ,256, ,
1, ,253, ,
1, ,253, ,
3, ,253, ,
1, ,253, ,
0, ,254, ,
3, ,254, ,
1, ,254, ,
0, ,254, ,
3, ,254, ,
1, ,253, ,
0, ,256, ,
3, ,254, ,
1, ,253, ,
1, ,256, ,
3, ,254, ,
1, ,254, ,
0, ,253, ,
3, ,254, ,
1, ,253, ,
1, ,253, ,
3, ,253, ,
1, ,253, ,
0, ,253, ,
3, ,253, ,
1, ,253, ,
1, ,253, ,
3, ,254, ,
1, ,254, ,
0, ,253, ,
3, ,254, ,
1, ,254, ,
0, ,254, ,
3, ,253, ,
1, ,254, ,
0, ,256, ,
3, ,254, ,
1, ,253, ,
1, ,254, ,
1, ,254, ,
1, ,254, ,
0, ,253, ,
3, ,253, ,
1, ,254, ,
0, ,254, ,
3, ,254, ,
3, ,254, ,
0, ,256, ,
1, ,256, ,
1, ,253, ,
1, ,254, ,
3, ,254, ,
1, ,256, ,
0, ,253, ,
3, ,253, ,
1, ,253, ,
0, ,256, ,
3, ,253, ,
1, ,253, ,
0, ,254, ,
3, ,253, ,
1, ,253, ,
1, ,253, ,
3, ,253, ,
1, ,254, ,
0, ,254, ,
3, ,254, ,
1, ,254, ,
1, ,254, ,
3, ,253, ,
1, ,253, ,
0, ,254, ,
3, ,254, ,
0, ,254, ,
1, ,253, ,
3, ,254, ,
1, ,254, ,
0, ,253, ,
3, ,253, ,
1, ,254, ,
0, ,256, ,
1, ,253, ,
1, ,253, ,
0, ,254, ,
1, ,254, ,
0, ,254, ,
1, ,254, ,
3, ,254, ,
1, ,254, ,
0, ,253, ,
3, ,254, ,
0, ,254, ,
0, ,256, ,
3, ,254, ,
1, ,253, ,
0, ,254, ,
3, ,256, ,
1, ,253, ,
0, ,254, ,
3, ,253, ,
1, ,254, ,
0, ,253, ,
3, ,253, ,
0, ,253, ,
0, ,256, ,
3, ,254, ,
1, ,254, ,
0, ,256, ,
3, ,254, ,
1, ,253, ,
0, ,254, ,
3, ,254, ,
1, ,254, ,
0, ,253, ,
3, ,254, ,
1, ,253, ,
0, ,254, ,
3, ,253, ,
1, ,253, ,
0, ,254, ,
3, ,254, ,
0, ,253, ,
1, ,254, ,
3, ,254, ,
1, ,254, ,
0, ,254, ,
3, ,254, ,
1, ,254, ,
0, ,254, ,
3, ,253, ,
1, ,253, ,
0, ,254, ,
3, ,254, ,
0, ,254, ,
0, ,254, ,
3, ,254, ,
1, ,254, ,
0, ,253, ,
3, ,254, ,
1, ,254, ,
0, ,256, ,
3, ,253, ,
1, ,254, ,
0, ,256, ,
3, ,254, ,
1, ,254, ,
1, ,253, ,
3, ,254, ,
1, ,254, ,
0, ,253, ,
3, ,254, ,
1, ,254, ,
0, ,254, ,
3, ,253, ,
1, ,254, ,
0, ,253, ,
3, ,254, ,
1, ,253, ,
1, ,254, ,
3, ,254, ,
1, ,254, ,
0, ,254, ,
3, ,254, ,
1, ,254, ,
0, ,256, ,
3, ,253, ,
1, ,254, ,
0, ,253, ,
3, ,256, ,
0, ,253, ,
0, ,253, ,
3, ,254, ,
1, ,254, ,
0, ,254, ,
3, ,253, ,
1, ,254, ,
0, ,256, ,
3, ,253, ,
1, ,254, ,
-1, ,253, ,
3, ,256, ,
1, ,253, ,
1, ,253, ,
3, ,253, ,
1, ,256, ,
0, ,254, ,
3, ,254, ,
0, ,254, ,
0, ,254, ,
1, ,253, ,
1, ,253, ,
0, ,254, ,
1, ,254, ,
1, ,253, ,
0, ,254, ,
3, ,253, ,
1, ,253, ,
0, ,253, ,
3, ,253, ,
1, ,254, ,
0, ,254, ,
1, ,253, ,
1, ,253, ,
0, ,253, ,
3, ,254, ,
1, ,254, ,
1, ,253, ,
3, ,254, ,
1, ,254, ,
0, ,253, ,
3, ,253, ,
1, ,254, ,
0, ,254, ,
3, ,253, ,
1, ,253, ,
0, ,253, ,
3, ,254, ,
0, ,253, ,
1, ,254, ,
1, ,254, ,
1, ,254, ,
0, ,254, ,
3, ,254, ,
0, ,254, ,
0, ,254, ,
3, ,254, ,
1, ,253, ,
-1, ,254, ,
1, ,254, ,
0, ,254, ,
0, ,256, ,
3, ,253, ,
1, ,254, ,
0, ,254, ,
3, ,254, ,
1, ,253, ,
0, ,256, ,
1, ,252, ,
1, ,253, ,
0, ,253, ,
3, ,254, ,
0, ,254, ,
1, ,253, ,
3, ,253, ,
1, ,256, ,
-1, ,253, ,
3, ,254, ,
1, ,254, ,
0, ,253, ,
3, ,254, ,
1, ,253, ,
0, ,253, ,
3, ,254, ,
0, ,253, ,
1, ,253, ,
3, ,254, ,
1, ,254, ,
0, ,253, ,
3, ,253, ,
1, ,253, ,
0, ,256, ,
3, ,254, ,
1, ,253, ,
0, ,254, ,
3, ,254, ,
0, ,254, ,
1, ,253, ,
3, ,253, ,
1, ,256, ,
0, ,254, ,
3, ,253, ,
1, ,253, ,
0, ,254, ,
1, ,253, ,
1, ,254, ,
0, ,254, ,
1, ,254, ,
0, ,253, ,
1, ,253, ,
3, ,254, ,
1, ,254, ,
-1, ,254, ,
3, ,254, ,
0, ,254, ,
0, ,253, ,
1, ,254, ,
1, ,254, ,
0, ,253, ,
3, ,254, ,
0, ,253, ,
0, ,254, ,
3, ,254, ,
1, ,254, ,
0, ,254, ,
3, ,254, ,
1, ,254, ,
0, ,254, ,
1, ,253, ,
1, ,253, ,
-1, ,253, ,
3, ,254, ,
0, ,253, ,
0, ,254, ,
3, ,253, ,
1, ,253, ,
0, ,253, ,
3, ,253, ,
1, ,254, ,
0, ,253, ,
3, ,253, ,
1, ,254, ,
0, ,253, ,
1, ,254, ,
0, ,254, ,
0, ,254, ,
3, ,253, ,
1, ,254, ,
0, ,253, ,
3, ,253, ,
1, ,254, ,
0, ,253, ,
1, ,253, ,
1, ,254, ,
0, ,256, ,
3, ,256, ,
0, ,253, ,
1, ,253, ,
3, ,253, ,
1, ,254, ,
0, ,252, ,
3, ,254, ,
1, ,254, ,
0, ,256, ,
1, ,253, ,
1, ,253, ,
0, ,253, ,
1, ,253, ,
0, ,254, ,
1, ,253, ,
1, ,253, ,
1, ,253, ,
0, ,253, ,
3, ,253, ,
0, ,253, ,
0, ,256, ,
1, ,253, ,
1, ,253, ,
0, ,253, ,
1, ,253, ,
0, ,253, ,
0, ,256, ,
3, ,253, ,
1, ,253, ,
-1, ,253, ,
3, ,252, ,
1, ,253, ,
0, ,254, ,
1, ,253, ,
1, ,254, ,
0, ,253, ,
3, ,254, ,
0, ,253, ,
0, ,254, ,
3, ,254, ,
1, ,253, ,
0, ,253, ,
3, ,254, ,
0, ,254, ,
0, ,253, ,
3, ,253, ,
1, ,254, ,
0, ,254, ,
1, ,253, ,
0, ,253, ,
0, ,253, ,
3, ,253, ,
1, ,254, ,
0, ,253, ,
3, ,253, ,
0, ,254, ,
0, ,254, ,
1, ,253, ,
1, ,253, ,
0, ,254, ,
1, ,254, ,
0, ,253, ,
1, ,253, ,
3, ,253, ,
1, ,253, ,
0, ,254, ,
3, ,253, ,
1, ,253, ,
0, ,253, ,
1, ,253, ,
1, ,253, ,
-1, ,254, ,
3, ,254, ,
0, ,253, ,
0, ,253, ,
3, ,253, ,
1, ,254, ,
0, ,254, ,
3, ,254, ,
0, ,254, ,
0, ,254, ,
1, ,253, ,
1, ,253, ,
0, ,253, ,
1, ,254, ,
0, ,253, ,
0, ,254, ,
3, ,256, ,
1, ,254, ,
0, ,253, ,
3, ,253, ,
0, ,253, ,
0, ,253, ,
1, ,252, ,
1, ,253, ,
0, ,256, ,
1, ,256, ,
0, ,254, ,
0, ,253, ,
1, ,253, ,
1, ,253, ,
0, ,253, ,
3, ,252, ,
0, ,253, ,
0, ,254, ,
1, ,253, ,
1, ,254, ,
0, ,253, ,
3, ,254, ,
0, ,253, ,
0, ,253, ,
3, ,253, ,
1, ,253, ,
0, ,253, ,
3, ,253, ,
0, ,254, ,
0, ,254, ,
3, ,253, ,
1, ,253, ,
0, ,256, ,
1, ,253, ,
0, ,253, ,
0, ,254, ,
1, ,254, ,
1, ,253, ,
0, ,253, ,
3, ,253, ,
1, ,254, ,
0, ,254, ,
1, ,253, ,
1, ,254, ,
0, ,256, ,
3, ,254, ,
0, ,253, ,
0, ,254, ,
3, ,254, ,
1, ,256, ,
0, ,253, ,
3, ,253, ,
1, ,253, ,
0, ,254, ,
1, ,254, ,
1, ,254, ,
0, ,253, ,
3, ,253, ,
0, ,253, ,
0, ,254, ,
3, ,254, ,
1, ,254, ,
-1, ,254, ,
3, ,253, ,
1, ,253, ,
0, ,253, ,
1, ,253, ,
1, ,253, ,
0, ,253, ,
3, ,254, ,
0, ,253, ,
1, ,253, ,
3, ,253, ,
1, ,254, ,
0, ,254, ,
3, ,253, ,
1, ,254, ,
0, ,254, ,
1, ,253, ,
1, ,253, ,
0, ,253, ,
1, ,254, ,
0, ,253, ,
0, ,253, ,
3, ,254, ,
1, ,253, ,
0, ,253, ,
3, ,253, ,
0, ,253, ,
0, ,253, ,
3, ,253, ,
1, ,253, ,
0, ,254, ,
3, ,256, ,
0, ,253, ,
0, ,253, ,
3, ,254, ,
1, ,253, ,
0, ,253, ,
3, ,253, ,
1, ,253, ,
0, ,254, ,
1, ,253, ,
1, ,253, ,
-1, ,254, ,
3, ,254, ,
0, ,254, ,
1, ,253, ,
1, ,254, ,
1, ,254, ,
0, ,253, ,
3, ,254, ,
0, ,253, ,
0, ,254, ,
1, ,253, ,
1, ,254, ,
-1, ,254, ,
1, ,253, ,
0, ,254, ,
0, ,253, ,
3, ,254, ,
1, ,253, ,
-1, ,253, ,
3, ,253, ,
0, ,253, ,
0, ,254, ,
1, ,253, ,
1, ,253, ,
-1, ,253, ,
3, ,254, ,
0, ,253, ,
0, ,253, ,
3, ,253, ,
1, ,254, ,
-1, ,253, ,
3, ,253, ,
0, ,253, ,
0, ,254, ,
1, ,253, ,
1, ,254, ,
0, ,253, ,
3, ,254, ,
0, ,253, ,
0, ,253, ,
3, ,253, ,
1, ,254, ,
0, ,253, ,
3, ,253, ,
0, ,254, ,
0, ,253, ,
1, ,253, ,
1, ,253, ,
-1, ,254, ,
1, ,254, ,
0, ,253, ,
0, ,253, ,
1, ,253, ,
1, ,256, ,
0, ,253, ,
3, ,254, ,
0, ,253, ,
0, ,254, ,
1, ,253, ,
1, ,253, ,
0, ,253, ,
1, ,254, ,
0, ,253, ,
0, ,253, ,
1, ,253, ,
1, ,254, ,
-1, ,253, ,
3, ,254, ,
1, ,253, ,
0, ,254, ,
1, ,253, ,
1, ,253, ,
0, ,253, ,
3, ,254, ,
0, ,253, ,
1, ,254, ,
1, ,254, ,
1, ,254, ,
0, ,253, ,
3, ,253, ,
0, ,254, ,
0, ,256, ,
3, ,253, ,
1, ,254, ,
-1, ,253, ,
1, ,253, ,
0, ,253, ,
0, ,253, ,
1, ,253, ,
1, ,254, ,
0, ,253, ,
3, ,254, ,
1, ,253, ,
0, ,253, ,
1, ,253, ,
1, ,254, ,
0, ,254, ,
1, ,254, ,
0, ,254, ,
0, ,253, ,
1, ,254, ,
1, ,254, ,
0, ,254, ,
3, ,254, ,
0, ,254, ,
0, ,253, ,
1, ,253, ,
1, ,253, ,
0, ,253, ,
1, ,253, ,
0, ,254, ,
0, ,256, ,
3, ,253, ,
1, ,253, ,
0, ,253, ,
3, ,253, ,
0, ,253, ,
0, ,254, ,
1, ,254, ,
1, ,254, ,
0, ,253, ,
1, ,254, ,
0, ,253, ,
0, ,253, ,
1, ,254, ,
1, ,254, ,
-1, ,253, ,
3, ,253, ,
0, ,254, ,
0, ,256, ,
1, ,254, ,
1, ,254, ,
0, ,254, ,
3, ,253, ,
0, ,253, ,
0, ,253, ,
1, ,253, ,
1, ,254, ,
0, ,253, ,
3, ,254, ,
0, ,253, ,
0, ,254, ,
1, ,253, ,
1, ,254, ,
0, ,254, ,
3, ,254, ,
0, ,253, ,
0, ,253, ,
3, ,253, ,
1, ,254, ,
0, ,253, ,
3, ,254, ,
0, ,253, ,
0, ,253, ,
1, ,253, ,
1, ,253, ,
0, ,253, ,
1, ,254, ,
0, ,253, ,
0, ,253, ,
1, ,253, ,
1, ,254, ,
0, ,253, ,
3, ,253, ,
0, ,253, ,
0, ,254, ,
1, ,253, ,
1, ,253, ,
0, ,253, ,
1, ,253, ,
0, ,253, ,
0, ,253, ,
3, ,253, ,
1, ,254, ,
0, ,253, ,
3, ,253, ,
0, ,254, ,
0, ,254, ,
1, ,253, ,
1, ,253, ,
0, ,253, ,
3, ,254, ,
0, ,253, ,
1, ,254, ,
1, ,253, ,
1, ,254, ,
0, ,253, ,
1, ,253, ,
1, ,253, ,
1, ,253, ,
1, ,253, ,
1, ,253, ,
0, ,254, ,
1, ,253, ,
0, ,253, ,
1, ,253, ,
1, ,253, ,
1, ,254, ,
-1, ,254, ,
3, ,254, ,
1, ,253, ,
0, ,254, ,
1, ,253, ,
1, ,253, ,
0, ,253, ,
3, ,254, ,
0, ,253, ,
0, ,253, ,
1, ,253, ,
1, ,253, ,
0, ,253, ,
3, ,253, ,
1, ,253, ,
0, ,254, ,
1, ,252, ,
1, ,253, ,
0, ,254, ,
3, ,254, ,
0, ,253, ,
0, ,254, ,
1, ,254, ,
1, ,254, ,
0, ,254, ,
1, ,253, ,
0, ,253, ,
0, ,254, ,
3, ,253, ,
1, ,253, ,
0, ,253, ,
3, ,253, ,
0, ,253, ,
0, ,256, ,
1, ,254, ,
1, ,254, ,
0, ,253, ,
1, ,253, ,
0, ,253, ,
0, ,253, ,
1, ,253, ,
1, ,254, ,
0, ,253, ,
3, ,254, ,
0, ,253, ,
0, ,253, ,
3, ,253, ,
1, ,254, ,
-1, ,253, ,
1, ,254, ,
1, ,253, ,
0, ,254, ,
1, ,253, ,
1, ,254, ,
0, ,253, ,
3, ,253, ,
0, ,253, ,
0, ,254, ,
1, ,254, ,
0, ,254, ,
-1, ,253, ,
1, ,253, ,
0, ,254, ,
0, ,254, ,
3, ,253, ,
3, ,254, ,
0, ,253, ,
3, ,254, ,
0, ,253, ,
0, ,253, ,
1, ,254, ,
1, ,254, ,
0, ,253, ,
1, ,253, ,
0, ,254, ,
0, ,254, ,
1, ,253, ,
1, ,253, ,
0, ,253, ,
3, ,253, ,
0, ,253, ,
0, ,256, ,
1, ,254, ,
1, ,254, ,
0, ,253, ,
1, ,253, ,
0, ,253, ,
0, ,254, ,
1, ,253, ,
1, ,254, ,
0, ,253, ,
3, ,254, ,
0, ,253, ,
0, ,254, ,
1, ,254, ,
1, ,254, ,
0, ,254, ,
3, ,254, ,
1, ,253, ,
0, ,254, ,
1, ,253, ,
1, ,254, ,
0, ,253, ,
3, ,256, ,
0, ,253, ,
0, ,253, ,
1, ,254, ,
1, ,254, ,
-1, ,254, ,
1, ,254, ,
0, ,253, ,
0, ,256, ,
1, ,253, ,
1, ,254, ,
0, ,253, ,
5, ,253, ,
112, ,253, ,
69, ,253, ,
38, ,254, ,
24, ,256, ,
18, ,254, ,
15, ,253, ,
8, ,253, ,
5, ,254, ,
8, ,253, ,
6, ,253, ,
4, ,253, ,
6, ,256, ,
4, ,253, ,
4, ,254, ,
5, ,254, ,
4, ,253, ,
1, ,253, ,
5, ,253, ,
3, ,254, ,
3, ,254, ,
4, ,253, ,
4, ,254, ,
1, ,253, ,
5, ,253, ,
3, ,253, ,
3, ,254, ,
4, ,253, ,
4, ,253, ,
3, ,252, ,
4, ,253, ,
3, ,254, ,
3, ,256, ,
4, ,254, ,
4, ,253, ,
3, ,254, ,
5, ,253, ,
3, ,252, ,
3, ,253, ,
4, ,253, ,
4, ,254, ,
3, ,253, ,
4, ,253, ,
3, ,252, ,
3, ,252, ,
4, ,251, ,
4, ,252, ,
3, ,256, ,
4, ,257, ,
3, ,254, ,
3, ,256, ,
4, ,254, ,
4, ,252, ,
3, ,251, ,
4, ,252, ,
1, ,253, ,
1, ,254, ,
4, ,253, ,
4, ,253, ,
1, ,254, ,
4, ,253, ,
3, ,253, ,
3, ,253, ,
4, ,253, ,
4, ,254, ,
1, ,253, ,
4, ,253, ,
3, ,253, ,
3, ,253, ,
4, ,253, ,
4, ,253, ,
3, ,253, ,
5, ,254, ,
3, ,253, ,
1, ,252, ,
4, ,253, ,
4, ,253, ,
3, ,253, ,
4, ,253, ,
3, ,253, ,
1, ,254, ,
3, ,253, ,
4, ,253, ,
1, ,253, ,
4, ,253, ,
3, ,253, ,
1, ,253, ,
4, ,253, ,
4, ,253, ,
1, ,253, ,
4, ,253, ,
3, ,254, ,
1, ,254, ,
3, ,253, ,
3, ,253, ,
1, ,253, ,
4, ,253, ,
1, ,253, ,
1, ,253, ,
3, ,254, ,
4, ,254, ,
1, ,253, ,
4, ,253, ,
1, ,253, ,
3, ,254, ,
3, ,252, ,
3, ,253, ,
1, ,253, ,
4, ,254, ,
3, ,253, ,
1, ,253, ,
3, ,253, ,
3, ,253, ,
1, ,253, ,
4, ,253, ,
1, ,253, ,
1, ,256, ,
4, ,254, ,
3, ,253, ,
1, ,254, ,
4, ,254, ,
1, ,253, ,
1, ,253, ,
3, ,253, ,
3, ,254, ,
1, ,252, ,
4, ,254, ,
3, ,253, ,
3, ,253, ,
3, ,253, ,
3, ,253, ,
1, ,253, ,
4, ,253, ,
3, ,253, ,
1, ,254, ,
3, ,253, ,
3, ,253, ,
1, ,253, ,
4, ,253, ,
3, ,253, ,
1, ,256, ,
3, ,253, ,
3, ,253, ,
1, ,253, ,
4, ,254, ,
1, ,253, ,
1, ,254, ,
3, ,253, ,
3, ,254, ,
1, ,254, ,
4, ,254, ,
1, ,254, ,
1, ,254, ,
4, ,253, ,
3, ,253, ,
1, ,253, ,
4, ,254, ,
3, ,253, ,
1, ,254, ,
3, ,254, ,
3, ,256, ,
1, ,253, ,
4, ,253, ,
1, ,253, ,
1, ,253, ,
3, ,253, ,
3, ,254, ,
1, ,256, ,
4, ,256, ,
1, ,254, ,
1, ,253, ,
3, ,254, ,
3, ,254, ,
1, ,254, ,
4, ,254, ,
3, ,253, ,
1, ,254, ,
3, ,253, ,
3, ,254, ,
1, ,254, ,
4, ,253, ,
3, ,253, ,
1, ,253, ,
3, ,254, ,
3, ,253, ,
1, ,254, ,
4, ,254, ,
1, ,254, ,
1, ,256, ,
3, ,254, ,
3, ,254, ,
1, ,256, ,
4, ,254, ,
1, ,253, ,
1, ,254, ,
3, ,254, ,
3, ,254, ,
1, ,253, ,
4, ,253, ,
1, ,253, ,
3, ,254, ,
3, ,253, ,
3, ,253, ,
1, ,254, ,
4, ,254, ,
1, ,253, ,
1, ,256, ,
3, ,254, ,
3, ,254, ,
1, ,253, ,
4, ,253, ,
1, ,253, ,
1, ,254, ,
3, ,254, ,
3, ,254, ,
1, ,254, ,
4, ,256, ,
1, ,253, ,
1, ,254, ,
3, ,254, ,
3, ,254, ,
1, ,253, ,
3, ,254, ,
1, ,254, ,
1, ,256, ,
3, ,254, ,
3, ,254, ,
1, ,253, ,
4, ,254, ,
1, ,254, ,
1, ,253, ,
3, ,254, ,
3, ,253, ,
0, ,253, ,
3, ,253, ,
1, ,253, ,
1, ,253, ,
3, ,253, ,
3, ,254, ,
0, ,254, ,
3, ,253, ,
1, ,253, ,
1, ,253, ,
3, ,254, ,
3, ,254, ,
1, ,253, ,
3, ,256, ,
1, ,254, ,
1, ,256, ,
3, ,253, ,
3, ,253, ,
0, ,254, ,
4, ,254, ,
1, ,253, ,
1, ,253, ,
3, ,253, ,
3, ,254, ,
1, ,254, ,
3, ,254, ,
1, ,256, ,
1, ,253, ,
3, ,253, ,
3, ,254, ,
1, ,254, ,
4, ,254, ,
1, ,253, ,
1, ,253, ,
3, ,253, ,
3, ,254, ,
0, ,253, ,
3, ,253, ,
1, ,254, ,
1, ,256, ,
3, ,253, ,
3, ,256, ,
1, ,253, ,
3, ,254, ,
1, ,254, ,
1, ,254, ,
3, ,253, ,
3, ,254, ,
1, ,254, ,
3, ,253, ,
1, ,253, ,
1, ,254, ,
3, ,253, ,
3, ,254, ,
1, ,254, ,
4, ,254, ,
1, ,253, ,
1, ,253, ,
3, ,253, ,
3, ,253, ,
1, ,254, ,
4, ,256, ,
1, ,254, ,
1, ,253, ,
3, ,253, ,
3, ,253, ,
1, ,254, ,
4, ,254, ,
1, ,253, ,
1, ,254, ,
3, ,254, ,
3, ,254, ,
1, ,253, ,
3, ,253, ,
1, ,254, ,
1, ,253, ,
3, ,253, ,
3, ,253, ,
0, ,254, ,
4, ,254, ,
1, ,254, ,
1, ,253, ,
3, ,254, ,
3, ,256, ,
0, ,254, ,
3, ,253, ,
1, ,256, ,
1, ,256, ,
3, ,254, ,
3, ,253, ,
1, ,254, ,
3, ,254, ,
1, ,254, ,
1, ,254, ,
3, ,256, ,
3, ,254, ,
1, ,253, ,
3, ,254, ,
1, ,254, ,
1, ,254, ,
3, ,253, ,
1, ,253, ,
0, ,254, ,
3, ,254, ,
1, ,253, ,
1, ,253, ,
3, ,254, ,
3, ,254, ,
0, ,253, ,
3, ,253, ,
1, ,253, ,
1, ,254, ,
3, ,253, ,
1, ,254, ,
0, ,254, ,
3, ,253, ,
1, ,253, ,
1, ,254, ,
3, ,253, ,
3, ,254, ,
0, ,253, ,
3, ,254, ,
1, ,253, ,
1, ,254, ,
3, ,253, ,
1, ,254, ,
0, ,254, ,
3, ,254, ,
1, ,254, ,
1, ,253, ,
3, ,254, ,
1, ,253, ,
0, ,253, ,
3, ,253, ,
1, ,253, ,
1, ,254, ,
3, ,253, ,
1, ,253, ,
0, ,254, ,
3, ,254, ,
1, ,254, ,
1, ,254, ,
3, ,254, ,
1, ,256, ,
0, ,253, ,
3, ,253, ,
1, ,253, ,
1, ,253, ,
3, ,253, ,
1, ,254, ,
0, ,254, ,
3, ,254, ,
1, ,253, ,
0, ,254, ,
3, ,254, ,
1, ,254, ,
0, ,253, ,
3, ,254, ,
1, ,254, ,
1, ,253, ,
3, ,253, ,
1, ,254, ,
0, ,253, ,
3, ,256, ,
1, ,253, ,
1, ,253, ,
3, ,254, ,
3, ,254, ,
0, ,253, ,
3, ,254, ,
1, ,254, ,
1, ,254, ,
3, ,254, ,
1, ,253, ,
0, ,254, ,
3, ,254, ,
1, ,253, ,
0, ,253, ,
3, ,253, ,
1, ,256, ,
0, ,253, ,
3, ,253, ,
1, ,254, ,
1, ,256, ,
3, ,253, ,
1, ,254, ,
0, ,254, ,
3, ,256, ,
1, ,253, ,
1, ,253, ,
3, ,254, ,
1, ,253, ,
0, ,254, ,
3, ,254, ,
1, ,253, ,
1, ,256, ,
3, ,253, ,
1, ,254, ,
0, ,254, ,
3, ,254, ,
1, ,254, ,
1, ,254, ,
3, ,254, ,
1, ,254, ,
0, ,254, ,
3, ,253, ,
1, ,254, ,
1, ,256, ,
3, ,253, ,
1, ,254, ,
0, ,254, ,
3, ,254, ,
1, ,253, ,
0, ,253, ,
3, ,253, ,
1, ,254, ,
0, ,254, ,
3, ,254, ,
1, ,253, ,
1, ,254, ,
3, ,253, ,
1, ,254, ,
0, ,254, ,
3, ,254, ,
1, ,253, ,
0, ,253, ,
3, ,254, ,
1, ,256, ,
0, ,253, ,
3, ,253, ,
1, ,254, ,
1, ,256, ,
3, ,253, ,
1, ,254, ,
0, ,253, ,
3, ,254, ,
1, ,253, ,
1, ,253, ,
3, ,254, ,
3, ,254, ,
0, ,256, ,
3, ,254, ,
1, ,254, ,
1, ,256, ,
3, ,253, ,
1, ,253, ,
0, ,253, ,
3, ,254, ,
1, ,254, ,
0, ,254, ,
3, ,253, ,
1, ,254, ,
0, ,254, ,
3, ,253, ,
0, ,253, ,
1, ,254, ,
3, ,253, ,
1, ,254, ,
0, ,254, ,
3, ,254, ,
1, ,253, ,
0, ,254, ,
3, ,253, ,
1, ,254, ,
0, ,254, ,
3, ,256, ,
1, ,254, ,
1, ,256, ,
3, ,253, ,
1, ,254, ,
0, ,253, ,
3, ,254, ,
0, ,253, ,
1, ,253, ,
3, ,254, ,
1, ,254, ,
0, ,254, ,
3, ,253, ,
1, ,254, ,
1, ,253, ,
3, ,253, ,
1, ,253, ,
0, ,253, ,
3, ,256, ,
1, ,254, ,
1, ,254, ,
3, ,254, ,
1, ,254, ,
0, ,253, ,
3, ,254, ,
1, ,254, ,
1, ,253, ,
3, ,253, ,
1, ,253, ,
0, ,254, ,
3, ,254, ,
1, ,254, ,
0, ,253, ,
3, ,254, ,
1, ,254, ,
0, ,253, ,
3, ,254, ,
1, ,254, ,
1, ,256, ,
3, ,253, ,
1, ,254, ,
0, ,254, ,
3, ,254, ,
1, ,253, ,
0, ,256, ,
3, ,254, ,
1, ,254, ,
0, ,254, ,
3, ,253, ,
1, ,254, ,
1, ,254, ,
3, ,253, ,
1, ,253, ,
0, ,254, ,
3, ,254, ,
1, ,253, ,
0, ,254, ,
3, ,253, ,
1, ,254, ,
0, ,253, ,
3, ,254, ,
1, ,254, ,
1, ,254, ,
3, ,253, ,
1, ,254, ,
0, ,253, ,
3, ,254, ,
1, ,253, ,
0, ,254, ,
3, ,253, ,
1, ,254, ,
0, ,253, ,
3, ,253, ,
1, ,254, ,
0, ,256, ,
3, ,252, ,
1, ,253, ,
0, ,253, ,
3, ,254, ,
1, ,253, ,
0, ,254, ,
3, ,253, ,
1, ,254, ,
0, ,254, ,
3, ,254, ,
1, ,254, ,
1, ,253, ,
3, ,253, ,
1, ,254, ,
0, ,256, ,
3, ,254, ,
1, ,253, ,
0, ,253, ,
3, ,254, ,
1, ,253, ,
0, ,253, ,
3, ,253, ,
0, ,253, ,
1, ,253, ,
3, ,253, ,
1, ,254, ,
-1, ,253, ,
3, ,253, ,
1, ,253, ,
0, ,253, ,
3, ,254, ,
1, ,254, ,
0, ,253, ,
3, ,253, ,
0, ,253, ,
0, ,254, ,
3, ,253, ,
1, ,253, ,
0, ,253, ,
3, ,253, ,
1, ,253, ,
0, ,253, ,
3, ,254, ,
1, ,254, ,
0, ,253, ,
3, ,254, ,
1, ,254, ,
1, ,254, ,
3, ,253, ,
1, ,253, ,
0, ,253, ,
3, ,256, ,
0, ,253, ,
0, ,254, ,
3, ,254, ,
1, ,253, ,
0, ,253, ,
1, ,254, ,
1, ,253, ,
0, ,253, ,
3, ,254, ,
1, ,254, ,
0, ,254, ,
3, ,253, ,
1, ,253, ,
1, ,254, ,
3, ,253, ,
1, ,253, ,
0, ,253, ,
3, ,253, ,
1, ,254, ,
1, ,253, ,
3, ,253, ,
1, ,254, ,
0, ,253, ,
3, ,254, ,
1, ,253, ,
0, ,253, ,
3, ,254, ,
1, ,253, ,
0, ,253, ,
3, ,254, ,
1, ,254, ,
1, ,256, ,
3, ,253, ,
1, ,253, ,
0, ,254, ,
3, ,253, ,
1, ,253, ,
0, ,254, ,
3, ,254, ,
1, ,254, ,
0, ,253, ,
3, ,253, ,
1, ,253, ,
0, ,256, ,
3, ,253, ,
1, ,253, ,
0, ,253, ,
3, ,253, ,
1, ,253, ,
1, ,253, ,
3, ,253, ,
1, ,254, ,
0, ,253, ,
3, ,253, ,
1, ,254, ,
1, ,254, ,
3, ,254, ,
1, ,254, ,
0, ,254, ,
3, ,254, ,
1, ,253, ,
0, ,253, ,
3, ,256, ,
1, ,254, ,
0, ,253, ,
3, ,253, ,
1, ,254, ,
0, ,254, ,
1, ,254, ,
1, ,253, ,
0, ,254, ,
3, ,254, ,
1, ,253, ,
0, ,254, ,
1, ,253, ,
1, ,254, ,
0, ,253, ,
3, ,254, ,
1, ,253, ,
1, ,256, ,
3, ,253, ,
1, ,253, ,
0, ,254, ,
3, ,253, ,
1, ,253, ,
0, ,254, ,
3, ,254, ,
1, ,253, ,
0, ,253, ,
3, ,254, ,
0, ,253, ,
0, ,254, ,
3, ,253, ,
1, ,253, ,
0, ,253, ,
3, ,253, ,
1, ,253, ,
0, ,253, ,
1, ,253, ,
1, ,253, ,
0, ,254, ,
1, ,254, ,
0, ,253, ,
1, ,254, ,
3, ,253, ,
1, ,253, ,
0, ,254, ,
3, ,253, ,
0, ,253, ,
0, ,254, ,
3, ,253, ,
1, ,254, ,
0, ,253, ,
3, ,253, ,
0, ,253, ,
1, ,253, ,
3, ,253, ,
1, ,253, ,
0, ,253, ,
3, ,254, ,
0, ,254, ,
0, ,253, ,
1, ,253, ,
1, ,253, ,
0, ,253, ,
1, ,254, ,
1, ,254, ,
0, ,253, ,
3, ,254, ,
1, ,253, ,
0, ,253, ,
3, ,254, ,
1, ,253, ,
0, ,253, ,
3, ,253, ,
1, ,254, ,
-1, ,253, ,
3, ,253, ,
1, ,253, ,
1, ,254, ,
3, ,253, ,
1, ,253, ,
0, ,254, ,
3, ,253, ,
1, ,253, ,
0, ,256, ,
3, ,254, ,
1, ,254, ,
-1, ,253, ,
1, ,253, ,
0, ,253, ,
1, ,253, ,
3, ,253, ,
1, ,254, ,
-1, ,254, ,
3, ,253, ,
1, ,254, ,
0, ,253, ,
1, ,254, ,
1, ,254, ,
0, ,253, ,
3, ,253, ,
0, ,254, ,
1, ,256, ,
3, ,253, ,
1, ,253, ,
0, ,254, ,
1, ,253, ,
1, ,253, ,
0, ,254, ,
1, ,253, ,
1, ,254, ,
0, ,253, ,
1, ,254, ,
0, ,254, ,
1, ,256, ,
3, ,253, ,
1, ,253, ,
0, ,254, ,
3, ,254, ,
1, ,253, ,
0, ,253, ,
3, ,253, ,
1, ,254, ,
0, ,253, ,
3, ,254, ,
1, ,253, ,
1, ,253, ,
3, ,253, ,
1, ,253, ,
0, ,254, ,
3, ,253, ,
0, ,253, ,
0, ,256, ,
3, ,253, ,
1, ,254, ,
0, ,254, ,
3, ,253, ,
0, ,254, ,
0, ,256, ,
3, ,253, ,
1, ,254, ,
0, ,254, ,
3, ,254, ,
0, ,253, ,
0, ,253, ,
1, ,254, ,
1, ,254, ,
0, ,254, ,
3, ,254, ,
0, ,253, ,
0, ,253, ,
3, ,253, ,
1, ,254, ,
-1, ,254, ,
3, ,254, ,
1, ,253, ,
0, ,253, ,
3, ,254, ,
1, ,254, ,
0, ,253, ,
3, ,253, ,
0, ,253, ,
1, ,256, ,
3, ,253, ,
1, ,254, ,
0, ,254, ,
3, ,254, ,
0, ,254, ,
0, ,253, ,
3, ,253, ,
1, ,254, ,
0, ,254, ,
3, ,254, ,
0, ,253, ,
0, ,254, ,
1, ,253, ,
1, ,253, ,
-1, ,253, ,
3, ,254, ,
0, ,253, ,
0, ,256, ,
3, ,254, ,
1, ,254, ,
0, ,253, ,
3, ,253, ,
0, ,253, ,
0, ,256, ,
1, ,253, ,
1, ,256, ,
-1, ,253, ,
3, ,254, ,
0, ,253, ,
0, ,254, ,
3, ,253, ,
1, ,254, ,
0, ,253, ,
3, ,253, ,
1, ,253, ,
0, ,254, ,
1, ,253, ,
1, ,253, ,
0, ,256, ,
3, ,254, ,
0, ,253, ,
0, ,253, ,
1, ,253, ,
1, ,254, ,
0, ,253, ,
1, ,254, ,
0, ,254, ,
0, ,256, ,
3, ,253, ,
1, ,253, ,
0, ,253, ,
3, ,254, ,
0, ,253, ,
0, ,253, ,
1, ,254, ,
1, ,254, ,
0, ,253, ,
3, ,254, ,
0, ,254, ,
0, ,254, ,
3, ,252, ,
1, ,253, ,
-1, ,254, ,
3, ,254, ,
0, ,254, ,
0, ,253, ,
1, ,253, ,
1, ,253, ,
0, ,253, ,
3, ,252, ,
0, ,253, ,
0, ,253, ,
3, ,253, ,
1, ,253, ,
0, ,254, ,
3, ,254, ,
0, ,253, ,
0, ,254, ,
1, ,253, ,
1, ,254, ,
-1, ,253, ,
1, ,254, ,
0, ,253, ,
0, ,254, ,
3, ,254, ,
1, ,253, ,
0, ,253, ,
3, ,254, ,
1, ,253, ,
0, ,254, ,
1, ,254, ,
1, ,254, ,
0, ,253, ,
3, ,253, ,
0, ,254, ,
1, ,254, ,
3, ,253, ,
1, ,253, ,
0, ,253, ,
3, ,254, ,
1, ,254, ,
0, ,253, ,
3, ,253, ,
1, ,253, ,
-1, ,254, ,
3, ,253, ,
0, ,253, ,
1, ,254, ,
3, ,253, ,
1, ,254, ,
0, ,256, ,
3, ,254, ,
0, ,253, ,
0, ,253, ,
3, ,253, ,
1, ,254, ,
-1, ,254, ,
3, ,253, ,
0, ,253, ,
0, ,253, ,
3, ,253, ,
1, ,253, ,
0, ,254, ,
3, ,254, ,
0, ,253, ,
0, ,253, ,
1, ,253, ,
1, ,256, ,
0, ,253, ,
3, ,254, ,
0, ,253, ,
0, ,254, ,
3, ,253, ,
1, ,253, ,
-1, ,253, ,
3, ,254, ,
1, ,253, ,
0, ,253, ,
3, ,254, ,
1, ,254, ,
0, ,253, ,
3, ,254, ,
1, ,254, ,
1, ,254, ,
3, ,253, ,
1, ,254, ,
-1, ,256, ,
3, ,254, ,
1, ,254, ,
0, ,254, ,
1, ,254, ,
1, ,253, ,
0, ,253, ,
3, ,254, ,
1, ,254, ,
1, ,253, ,
3, ,254, ,
1, ,253, ,
0, ,253, ,
3, ,254, ,
1, ,253, ,
0, ,253, ,
1, ,253, ,
1, ,254, ,
0, ,253, ,
3, ,253, ,
1, ,253, ,
0, ,254, ,
1, ,253, ,
1, ,253, ,
0, ,253, ,
3, ,253, ,
0, ,253, ,
0, ,254, ,
3, ,254, ,
1, ,253, ,
0, ,254, ,
3, ,253, ,
1, ,253, ,
0, ,254, ,
1, ,254, ,
1, ,253, ,
-1, ,254, ,
3, ,254, ,
0, ,253, ,
0, ,253, ,
1, ,253, ,
1, ,254, ,
0, ,253, ,
3, ,254, ,
1, ,254, ,
0, ,253, ,
1, ,253, ,
1, ,253, ,
-1, ,254, ,
3, ,254, ,
1, ,253, ,
0, ,253, ,
3, ,253, ,
1, ,251, ,
-1, ,251, ,
3, ,253, ,
0, ,257, ,
0, ,258, ,
1, ,257, ,
1, ,256, ,
0, ,253, ,
3, ,252, ,
0, ,252, ,
0, ,253, ,
1, ,253, ,
1, ,253, ,
0, ,253, ,
3, ,254, ,
1, ,253, ,
0, ,256, ,
3, ,253, ,
1, ,253, ,
0, ,254, ,
3, ,253, ,
0, ,253, ,
0, ,253, ,
1, ,253, ,
1, ,253, ,
-1, ,253, ,
1, ,253, ,
0, ,253, ,
0, ,253, ,
1, ,253, ,
1, ,253, ,
0, ,253, ,
3, ,253, ,
0, ,253, ,
0, ,254, ,
1, ,253, ,
1, ,254, ,
-1, ,253, ,
1, ,253, ,
0, ,253, ,
0, ,253, ,
3, ,253, ,
1, ,253, ,
0, ,253, ,
3, ,253, ,
0, ,253, ,
0, ,253, ,
1, ,253, ,
1, ,253, ,
-1, ,253, ,
1, ,253, ,
0, ,253, ,
0, ,254, ,
1, ,253, ,
1, ,253, ,
-1, ,253, ,
3, ,253, ,
0, ,253, ,
0, ,253, ,
1, ,253, ,
1, ,254, ,
-1, ,253, ,
3, ,253, ,
0, ,253, ,
0, ,253, ,
1, ,254, ,
1, ,253, ,
-1, ,253, ,
3, ,253, ,
0, ,253, ,
0, ,253, ,
1, ,254, ,
1, ,253, ,
-1, ,253, ,
3, ,253, ,
0, ,253, ,
0, ,254, ,
1, ,253, ,
1, ,253, ,
-1, ,254, ,
3, ,253, ,
0, ,253, ,
0, ,253, ,
1, ,253, ,
1, ,254, ,
0, ,253, ,
3, ,253, ,
0, ,253, ,
0, ,253, ,
3, ,254, ,
1, ,253, ,
-1, ,253, ,
3, ,253, ,
0, ,253, ,
0, ,253, ,
3, ,253, ,
1, ,254, ,
0, ,253, ,
3, ,253, ,
0, ,253, ,
0, ,253, ,
3, ,253, ,
1, ,253, ,
-1, ,253, ,
3, ,256, ,
0, ,254, ,
0, ,256, ,
3, ,254, ,
1, ,254, ,
0, ,253, ,
1, ,254, ,
0, ,254, ,
0, ,253, ,
3, ,253, ,
1, ,256, ,
0, ,256, ,
3, ,256, ,
0, ,253, ,
0, ,253, ,
1, ,253, ,
1, ,254, ,
0, ,254, ,
3, ,254, ,
0, ,254, ,
0, ,253, ,
1, ,253, ,
1, ,254, ,
-1, ,254, ,
3, ,254, ,
1, ,254, ,
0, ,253, ,
3, ,254, ,
1, ,254, ,
0, ,253, ,
3, ,254, ,
1, ,254, ,
0, ,254, ,
3, ,253, ,
1, ,253, ,
0, ,253, ,
3, ,254, ,
0, ,253, ,
0, ,253, ,
1, ,253, ,
1, ,254, ,
0, ,254, ,
1, ,254, ,
0, ,253, ,
0, ,254, ,
1, ,253, ,
1, ,253, ,
-1, ,253, ,
3, ,254, ,
1, ,253, ,
0, ,254, ,
1, ,253, ,
1, ,254, ,
-1, ,253, ,
3, ,254, ,
0, ,253, ,
0, ,254, ,
1, ,253, ,
1, ,253, ,
0, ,253, ,
3, ,254, ,
0, ,253, ,
0, ,253, ,
3, ,253, ,
1, ,254, ,
0, ,254, ,
3, ,254, ,
0, ,254, ,
0, ,254, ,
3, ,253, ,
1, ,253, ,
-1, ,254, ,
3, ,253, ,
1, ,254, ,
0, ,253, ,
1, ,253, ,
1, ,253, ,
0, ,253, ,
3, ,253, ,
0, ,253, ,
0, ,256, ,
3, ,253, ,
1, ,254, ,
0, ,254, ,
3, ,254, ,
0, ,253, ,
0, ,253, ,
1, ,253, ,
1, ,254, ,
-1, ,254, ,
3, ,253, ,
0, ,253, ,
0, ,256, ,
1, ,253, ,
1, ,253, ,
-1, ,254, ,
3, ,254, ,
0, ,254, ,
0, ,253, ,
3, ,253, ,
1, ,254, ,
0, ,253, ,
3, ,254, ,
0, ,253, ,
0, ,254, ,
1, ,254, ,
1, ,254, ,
-1, ,253, ,
3, ,254, ,
0, ,254, ,
0, ,253, ,
1, ,253, ,
1, ,254, ,
-1, ,254, ,
3, ,254, ,
0, ,253, ,
0, ,254, ,
