Format,1.0B,
Memory Length,10000,Memory Length,10000,
IntpDistance,0,IntpDistance,0,
Trigger Address,5159,Trigger Address,5159,
Trigger Level,3.000E-01,Trigger Level,3.000E-01,
Source,CH1,Source,CH2,
Vertical Units,V,Vertical Units,V,
Vertical Units Div,0,Vertical Units Div,0,
Vertical Units Extend Div,16,Vertical Units Extend Div,16,
Label,,Label,,
Probe Type,0,Probe Type,0,
Probe Ratio,1.000e+01,Probe Ratio,1.000e+00,
Vertical Scale,5.000e-01,Vertical Scale,2.000e-01,
Vertical Position,-1.780e+00,Vertical Position,-2.240e+00,
Horizontal Units,S,Horizontal Units,S,
Horizontal Scale,2.000E-05,Horizontal Scale,2.000E-05,
Horizontal Position,-3.200E-06,Horizontal Position,-3.200E-06,
Horizontal Mode,Main,Horizontal Mode,Main,
SincET Mode,Real Time,SincET Mode,Real Time,
Sampling Period,2.000e-08,Sampling Period,2.000e-08,
Horizontal Old Scale,2.000E-05,Horizontal Old Scale,2.000E-05,
Horizontal Old Position,-3.200E-06,Horizontal Old Position,-3.200E-06,
Firmware,V1.23,Firmware,V1.23,
Mode,Fast,Mode,Fast,
Waveform Data,,Waveform Data,,
1, ,263, ,
0, ,262, ,
1, ,262, ,
0, ,263, ,
0, ,263, ,
1, ,262, ,
1, ,262, ,
0, ,263, ,
1, ,263, ,
1, ,262, ,
1, ,263, ,
1, ,262, ,
1, ,262, ,
0, ,262, ,
3, ,262, ,
0, ,263, ,
1, ,263, ,
1, ,262, ,
1, ,263, ,
0, ,262, ,
1, ,264, ,
1, ,263, ,
1, ,263, ,
1, ,263, ,
1, ,264, ,
-1, ,262, ,
1, ,263, ,
1, ,263, ,
1, ,262, ,
1, ,262, ,
1, ,262, ,
0, ,262, ,
3, ,263, ,
1, ,262, ,
1, ,263, ,
1, ,262, ,
1, ,263, ,
0, ,262, ,
1, ,263, ,
1, ,262, ,
1, ,262, ,
1, ,262, ,
1, ,263, ,
0, ,263, ,
1, ,263, ,
1, ,262, ,
1, ,263, ,
1, ,262, ,
1, ,263, ,
0, ,262, ,
1, ,263, ,
1, ,262, ,
1, ,263, ,
1, ,262, ,
1, ,262, ,
0, ,263, ,
1, ,263, ,
0, ,262, ,
1, ,263, ,
1, ,262, ,
1, ,262, ,
0, ,262, ,
1, ,263, ,
0, ,263, ,
1, ,263, ,
1, ,262, ,
1, ,262, ,
0, ,262, ,
1, ,262, ,
0, ,262, ,
1, ,262, ,
1, ,262, ,
1, ,263, ,
0, ,261, ,
1, ,263, ,
0, ,262, ,
1, ,263, ,
1, ,262, ,
1, ,262, ,
0, ,262, ,
1, ,262, ,
1, ,263, ,
1, ,262, ,
1, ,263, ,
1, ,261, ,
0, ,262, ,
3, ,262, ,
0, ,262, ,
1, ,263, ,
1, ,262, ,
1, ,262, ,
0, ,262, ,
1, ,263, ,
0, ,262, ,
0, ,262, ,
1, ,261, ,
1, ,262, ,
0, ,263, ,
1, ,264, ,
0, ,263, ,
0, ,264, ,
1, ,262, ,
1, ,263, ,
0, ,262, ,
1, ,262, ,
0, ,261, ,
0, ,262, ,
1, ,263, ,
1, ,263, ,
0, ,262, ,
3, ,262, ,
1, ,262, ,
1, ,263, ,
1, ,262, ,
1, ,262, ,
0, ,262, ,
1, ,262, ,
1, ,263, ,
1, ,262, ,
1, ,263, ,
1, ,263, ,
0, ,262, ,
1, ,262, ,
0, ,263, ,
1, ,262, ,
1, ,262, ,
1, ,263, ,
0, ,262, ,
1, ,263, ,
0, ,263, ,
0, ,262, ,
1, ,263, ,
1, ,263, ,
0, ,262, ,
3, ,263, ,
1, ,263, ,
0, ,263, ,
1, ,262, ,
1, ,262, ,
0, ,262, ,
1, ,263, ,
1, ,262, ,
1, ,262, ,
1, ,263, ,
1, ,263, ,
0, ,262, ,
1, ,263, ,
1, ,263, ,
1, ,263, ,
1, ,262, ,
1, ,262, ,
0, ,263, ,
1, ,263, ,
1, ,263, ,
1, ,263, ,
1, ,263, ,
1, ,263, ,
0, ,262, ,
1, ,263, ,
0, ,263, ,
1, ,263, ,
1, ,262, ,
1, ,263, ,
0, ,262, ,
1, ,262, ,
0, ,262, ,
0, ,263, ,
1, ,262, ,
1, ,263, ,
0, ,262, ,
1, ,263, ,
0, ,263, ,
0, ,263, ,
1, ,263, ,
1, ,262, ,
0, ,262, ,
1, ,263, ,
0, ,262, ,
1, ,262, ,
1, ,262, ,
1, ,264, ,
0, ,262, ,
1, ,262, ,
0, ,262, ,
0, ,263, ,
1, ,262, ,
1, ,263, ,
0, ,263, ,
1, ,264, ,
0, ,262, ,
1, ,263, ,
1, ,263, ,
1, ,263, ,
0, ,263, ,
1, ,263, ,
1, ,263, ,
1, ,263, ,
1, ,262, ,
1, ,263, ,
0, ,263, ,
1, ,263, ,
1, ,262, ,
0, ,262, ,
1, ,262, ,
1, ,263, ,
0, ,262, ,
3, ,262, ,
0, ,263, ,
0, ,263, ,
1, ,262, ,
1, ,263, ,
0, ,263, ,
1, ,264, ,
1, ,262, ,
1, ,263, ,
1, ,262, ,
1, ,262, ,
0, ,262, ,
1, ,262, ,
1, ,261, ,
1, ,260, ,
1, ,260, ,
1, ,262, ,
0, ,264, ,
1, ,265, ,
1, ,265, ,
1, ,263, ,
1, ,262, ,
1, ,260, ,
0, ,261, ,
1, ,261, ,
0, ,263, ,
1, ,263, ,
1, ,262, ,
1, ,262, ,
0, ,262, ,
1, ,262, ,
0, ,262, ,
1, ,263, ,
1, ,263, ,
1, ,263, ,
0, ,262, ,
1, ,263, ,
0, ,262, ,
0, ,262, ,
1, ,262, ,
1, ,263, ,
0, ,262, ,
1, ,263, ,
0, ,262, ,
0, ,262, ,
1, ,262, ,
1, ,263, ,
0, ,262, ,
1, ,262, ,
0, ,263, ,
1, ,262, ,
1, ,262, ,
1, ,263, ,
0, ,262, ,
1, ,262, ,
1, ,262, ,
1, ,263, ,
1, ,263, ,
1, ,263, ,
0, ,262, ,
3, ,263, ,
0, ,263, ,
1, ,263, ,
1, ,262, ,
1, ,261, ,
0, ,263, ,
1, ,263, ,
0, ,262, ,
1, ,262, ,
1, ,262, ,
1, ,263, ,
0, ,262, ,
1, ,263, ,
1, ,263, ,
1, ,262, ,
1, ,262, ,
1, ,262, ,
0, ,262, ,
1, ,262, ,
0, ,262, ,
1, ,262, ,
1, ,262, ,
1, ,262, ,
0, ,262, ,
1, ,263, ,
0, ,263, ,
1, ,263, ,
1, ,262, ,
3, ,262, ,
0, ,263, ,
1, ,263, ,
1, ,262, ,
1, ,262, ,
1, ,262, ,
1, ,262, ,
0, ,262, ,
1, ,263, ,
0, ,262, ,
1, ,264, ,
1, ,262, ,
1, ,262, ,
0, ,262, ,
1, ,263, ,
1, ,261, ,
1, ,263, ,
1, ,262, ,
1, ,263, ,
0, ,263, ,
1, ,262, ,
1, ,261, ,
1, ,262, ,
1, ,262, ,
1, ,263, ,
0, ,263, ,
3, ,262, ,
1, ,262, ,
1, ,263, ,
1, ,263, ,
1, ,263, ,
0, ,263, ,
3, ,263, ,
1, ,263, ,
1, ,263, ,
1, ,262, ,
1, ,262, ,
0, ,263, ,
1, ,263, ,
1, ,262, ,
1, ,263, ,
1, ,263, ,
1, ,263, ,
0, ,264, ,
1, ,263, ,
0, ,263, ,
1, ,262, ,
1, ,262, ,
1, ,262, ,
0, ,263, ,
1, ,263, ,
1, ,262, ,
1, ,263, ,
1, ,263, ,
1, ,264, ,
0, ,262, ,
3, ,263, ,
1, ,263, ,
0, ,263, ,
1, ,263, ,
1, ,263, ,
-1, ,263, ,
1, ,263, ,
0, ,262, ,
1, ,262, ,
1, ,262, ,
1, ,263, ,
0, ,262, ,
1, ,263, ,
0, ,262, ,
1, ,262, ,
1, ,262, ,
1, ,263, ,
0, ,262, ,
1, ,263, ,
1, ,263, ,
0, ,263, ,
1, ,262, ,
1, ,263, ,
0, ,262, ,
1, ,262, ,
0, ,263, ,
1, ,264, ,
1, ,262, ,
1, ,263, ,
0, ,262, ,
1, ,263, ,
0, ,262, ,
1, ,263, ,
1, ,263, ,
1, ,263, ,
0, ,262, ,
1, ,262, ,
0, ,263, ,
1, ,263, ,
1, ,263, ,
1, ,263, ,
0, ,262, ,
1, ,263, ,
0, ,262, ,
0, ,263, ,
1, ,262, ,
1, ,263, ,
0, ,262, ,
1, ,263, ,
0, ,263, ,
0, ,263, ,
1, ,263, ,
1, ,263, ,
0, ,262, ,
1, ,264, ,
0, ,262, ,
0, ,263, ,
1, ,262, ,
1, ,263, ,
0, ,262, ,
1, ,263, ,
1, ,262, ,
0, ,263, ,
1, ,262, ,
1, ,262, ,
0, ,263, ,
3, ,262, ,
0, ,263, ,
1, ,263, ,
1, ,263, ,
1, ,263, ,
0, ,262, ,
3, ,263, ,
0, ,262, ,
0, ,262, ,
1, ,263, ,
1, ,263, ,
0, ,262, ,
1, ,262, ,
0, ,262, ,
1, ,262, ,
1, ,263, ,
1, ,263, ,
0, ,262, ,
1, ,263, ,
1, ,263, ,
1, ,263, ,
1, ,262, ,
1, ,263, ,
0, ,262, ,
3, ,263, ,
1, ,262, ,
1, ,263, ,
1, ,262, ,
1, ,262, ,
0, ,262, ,
1, ,263, ,
0, ,263, ,
1, ,263, ,
1, ,262, ,
1, ,262, ,
0, ,262, ,
3, ,262, ,
1, ,262, ,
1, ,263, ,
1, ,262, ,
1, ,263, ,
0, ,262, ,
1, ,263, ,
0, ,263, ,
0, ,263, ,
1, ,263, ,
1, ,262, ,
0, ,263, ,
1, ,263, ,
0, ,263, ,
1, ,263, ,
1, ,263, ,
1, ,264, ,
0, ,263, ,
3, ,262, ,
1, ,263, ,
0, ,263, ,
1, ,262, ,
1, ,263, ,
0, ,262, ,
1, ,263, ,
0, ,263, ,
1, ,263, ,
1, ,263, ,
1, ,263, ,
0, ,262, ,
1, ,262, ,
0, ,264, ,
0, ,263, ,
1, ,263, ,
1, ,263, ,
0, ,263, ,
1, ,263, ,
1, ,262, ,
0, ,263, ,
1, ,262, ,
1, ,263, ,
0, ,262, ,
3, ,263, ,
1, ,263, ,
1, ,264, ,
1, ,262, ,
1, ,262, ,
0, ,262, ,
1, ,262, ,
1, ,263, ,
1, ,263, ,
1, ,262, ,
1, ,263, ,
0, ,262, ,
1, ,263, ,
0, ,263, ,
1, ,263, ,
1, ,262, ,
1, ,263, ,
0, ,262, ,
1, ,263, ,
0, ,262, ,
0, ,262, ,
1, ,262, ,
1, ,262, ,
0, ,262, ,
1, ,262, ,
0, ,263, ,
0, ,264, ,
1, ,263, ,
1, ,263, ,
0, ,262, ,
3, ,263, ,
1, ,262, ,
1, ,263, ,
1, ,262, ,
1, ,262, ,
0, ,262, ,
1, ,263, ,
1, ,262, ,
0, ,263, ,
1, ,263, ,
1, ,262, ,
0, ,262, ,
1, ,262, ,
0, ,261, ,
1, ,263, ,
1, ,264, ,
1, ,264, ,
0, ,263, ,
1, ,262, ,
1, ,262, ,
0, ,263, ,
1, ,261, ,
1, ,262, ,
0, ,262, ,
1, ,264, ,
0, ,262, ,
1, ,263, ,
1, ,263, ,
1, ,263, ,
0, ,262, ,
1, ,263, ,
0, ,262, ,
1, ,263, ,
1, ,262, ,
1, ,263, ,
0, ,263, ,
1, ,263, ,
1, ,263, ,
0, ,263, ,
1, ,263, ,
1, ,263, ,
0, ,262, ,
3, ,263, ,
1, ,263, ,
1, ,264, ,
1, ,263, ,
1, ,263, ,
0, ,263, ,
3, ,263, ,
0, ,262, ,
1, ,262, ,
1, ,263, ,
1, ,263, ,
0, ,262, ,
1, ,263, ,
0, ,263, ,
0, ,263, ,
1, ,262, ,
1, ,263, ,
0, ,263, ,
1, ,263, ,
0, ,263, ,
0, ,263, ,
1, ,262, ,
1, ,262, ,
0, ,262, ,
1, ,263, ,
0, ,263, ,
0, ,264, ,
1, ,263, ,
1, ,263, ,
0, ,264, ,
1, ,264, ,
0, ,263, ,
1, ,264, ,
1, ,263, ,
1, ,264, ,
0, ,262, ,
1, ,262, ,
0, ,263, ,
0, ,263, ,
1, ,262, ,
1, ,263, ,
0, ,262, ,
1, ,264, ,
0, ,263, ,
1, ,263, ,
1, ,262, ,
1, ,263, ,
0, ,262, ,
1, ,263, ,
0, ,263, ,
1, ,264, ,
1, ,263, ,
1, ,263, ,
0, ,262, ,
1, ,263, ,
0, ,263, ,
0, ,263, ,
1, ,262, ,
1, ,263, ,
0, ,263, ,
1, ,264, ,
1, ,263, ,
0, ,263, ,
1, ,262, ,
1, ,263, ,
0, ,263, ,
1, ,263, ,
0, ,263, ,
1, ,264, ,
1, ,263, ,
1, ,263, ,
0, ,262, ,
3, ,263, ,
0, ,262, ,
1, ,263, ,
1, ,263, ,
1, ,263, ,
0, ,262, ,
1, ,263, ,
0, ,262, ,
1, ,263, ,
1, ,262, ,
1, ,263, ,
0, ,262, ,
1, ,263, ,
0, ,263, ,
0, ,263, ,
1, ,263, ,
1, ,262, ,
0, ,262, ,
1, ,263, ,
0, ,262, ,
0, ,263, ,
1, ,262, ,
1, ,263, ,
0, ,263, ,
1, ,263, ,
1, ,263, ,
0, ,263, ,
1, ,261, ,
1, ,263, ,
0, ,262, ,
1, ,263, ,
1, ,262, ,
1, ,263, ,
1, ,263, ,
1, ,263, ,
0, ,262, ,
1, ,263, ,
0, ,263, ,
1, ,263, ,
1, ,263, ,
1, ,263, ,
0, ,263, ,
1, ,263, ,
0, ,263, ,
0, ,263, ,
1, ,263, ,
1, ,262, ,
0, ,262, ,
1, ,263, ,
1, ,263, ,
0, ,263, ,
1, ,262, ,
1, ,263, ,
0, ,263, ,
3, ,263, ,
0, ,263, ,
1, ,263, ,
1, ,262, ,
1, ,263, ,
0, ,262, ,
1, ,262, ,
0, ,262, ,
1, ,263, ,
1, ,262, ,
1, ,263, ,
0, ,262, ,
1, ,263, ,
0, ,262, ,
0, ,263, ,
1, ,263, ,
1, ,263, ,
0, ,262, ,
1, ,262, ,
0, ,263, ,
0, ,262, ,
1, ,263, ,
1, ,263, ,
0, ,263, ,
1, ,263, ,
0, ,262, ,
1, ,262, ,
1, ,262, ,
1, ,263, ,
0, ,263, ,
1, ,263, ,
0, ,263, ,
0, ,263, ,
1, ,263, ,
1, ,263, ,
0, ,263, ,
1, ,263, ,
0, ,262, ,
0, ,263, ,
1, ,263, ,
1, ,263, ,
0, ,262, ,
3, ,263, ,
1, ,263, ,
0, ,263, ,
1, ,263, ,
1, ,263, ,
0, ,262, ,
1, ,263, ,
0, ,263, ,
1, ,263, ,
1, ,262, ,
1, ,263, ,
0, ,263, ,
1, ,263, ,
0, ,263, ,
0, ,263, ,
1, ,262, ,
1, ,263, ,
0, ,263, ,
1, ,263, ,
0, ,262, ,
0, ,263, ,
1, ,262, ,
1, ,263, ,
0, ,261, ,
1, ,263, ,
0, ,263, ,
0, ,263, ,
1, ,262, ,
1, ,262, ,
0, ,263, ,
1, ,264, ,
0, ,263, ,
1, ,264, ,
1, ,263, ,
1, ,263, ,
0, ,262, ,
1, ,263, ,
0, ,263, ,
0, ,263, ,
1, ,263, ,
1, ,262, ,
0, ,262, ,
1, ,262, ,
0, ,263, ,
0, ,263, ,
1, ,263, ,
1, ,263, ,
0, ,263, ,
3, ,262, ,
0, ,263, ,
0, ,262, ,
1, ,262, ,
1, ,263, ,
-1, ,262, ,
1, ,263, ,
0, ,262, ,
0, ,262, ,
1, ,262, ,
1, ,263, ,
0, ,262, ,
1, ,262, ,
1, ,263, ,
0, ,263, ,
1, ,262, ,
1, ,262, ,
0, ,263, ,
1, ,262, ,
0, ,262, ,
1, ,262, ,
1, ,263, ,
1, ,263, ,
0, ,262, ,
3, ,263, ,
0, ,263, ,
0, ,263, ,
1, ,262, ,
1, ,263, ,
0, ,263, ,
1, ,263, ,
1, ,262, ,
1, ,263, ,
1, ,263, ,
1, ,263, ,
0, ,262, ,
1, ,263, ,
0, ,262, ,
1, ,262, ,
1, ,262, ,
1, ,263, ,
0, ,262, ,
1, ,263, ,
0, ,263, ,
1, ,263, ,
1, ,262, ,
1, ,263, ,
0, ,262, ,
1, ,263, ,
0, ,262, ,
0, ,263, ,
1, ,262, ,
1, ,263, ,
0, ,263, ,
1, ,262, ,
0, ,262, ,
1, ,262, ,
1, ,263, ,
1, ,262, ,
0, ,262, ,
1, ,262, ,
0, ,263, ,
0, ,263, ,
1, ,262, ,
1, ,262, ,
0, ,263, ,
1, ,263, ,
0, ,262, ,
0, ,262, ,
1, ,263, ,
1, ,263, ,
0, ,262, ,
1, ,263, ,
0, ,263, ,
0, ,263, ,
1, ,262, ,
1, ,263, ,
0, ,263, ,
1, ,262, ,
0, ,262, ,
0, ,262, ,
1, ,262, ,
1, ,263, ,
0, ,262, ,
3, ,262, ,
0, ,262, ,
0, ,262, ,
1, ,263, ,
1, ,263, ,
-1, ,263, ,
1, ,263, ,
0, ,263, ,
0, ,263, ,
1, ,263, ,
1, ,263, ,
0, ,262, ,
3, ,262, ,
0, ,263, ,
0, ,263, ,
1, ,262, ,
1, ,263, ,
0, ,262, ,
1, ,263, ,
0, ,261, ,
0, ,262, ,
1, ,263, ,
1, ,262, ,
0, ,262, ,
1, ,262, ,
0, ,263, ,
0, ,263, ,
1, ,263, ,
1, ,263, ,
0, ,262, ,
1, ,263, ,
0, ,262, ,
1, ,262, ,
1, ,263, ,
1, ,263, ,
0, ,262, ,
1, ,263, ,
0, ,263, ,
0, ,263, ,
1, ,262, ,
1, ,262, ,
0, ,262, ,
1, ,264, ,
0, ,262, ,
1, ,262, ,
1, ,262, ,
1, ,263, ,
0, ,263, ,
1, ,263, ,
0, ,263, ,
1, ,263, ,
1, ,262, ,
1, ,262, ,
0, ,262, ,
1, ,263, ,
0, ,263, ,
0, ,263, ,
1, ,262, ,
1, ,262, ,
0, ,262, ,
1, ,262, ,
1, ,262, ,
1, ,262, ,
1, ,262, ,
1, ,263, ,
0, ,263, ,
1, ,263, ,
0, ,262, ,
1, ,262, ,
1, ,262, ,
1, ,263, ,
0, ,263, ,
1, ,262, ,
0, ,263, ,
1, ,263, ,
1, ,262, ,
1, ,263, ,
0, ,262, ,
1, ,263, ,
1, ,262, ,
0, ,262, ,
1, ,262, ,
1, ,263, ,
0, ,262, ,
1, ,262, ,
0, ,263, ,
0, ,262, ,
1, ,262, ,
1, ,262, ,
0, ,262, ,
1, ,263, ,
0, ,262, ,
1, ,262, ,
1, ,262, ,
1, ,263, ,
0, ,263, ,
1, ,263, ,
0, ,263, ,
0, ,263, ,
1, ,262, ,
1, ,263, ,
0, ,262, ,
1, ,263, ,
0, ,262, ,
1, ,263, ,
1, ,263, ,
1, ,263, ,
0, ,261, ,
1, ,262, ,
0, ,262, ,
1, ,263, ,
1, ,260, ,
1, ,262, ,
0, ,263, ,
1, ,264, ,
0, ,263, ,
0, ,263, ,
1, ,262, ,
1, ,262, ,
0, ,261, ,
1, ,261, ,
0, ,262, ,
0, ,263, ,
1, ,263, ,
1, ,263, ,
0, ,263, ,
1, ,262, ,
0, ,263, ,
0, ,262, ,
1, ,263, ,
1, ,263, ,
0, ,262, ,
1, ,262, ,
0, ,263, ,
0, ,263, ,
1, ,262, ,
1, ,263, ,
0, ,262, ,
1, ,263, ,
0, ,262, ,
0, ,263, ,
1, ,263, ,
1, ,264, ,
0, ,263, ,
1, ,262, ,
0, ,262, ,
0, ,262, ,
1, ,261, ,
1, ,263, ,
0, ,263, ,
1, ,263, ,
0, ,263, ,
0, ,264, ,
1, ,262, ,
1, ,263, ,
0, ,262, ,
1, ,262, ,
0, ,262, ,
0, ,263, ,
1, ,263, ,
1, ,263, ,
0, ,263, ,
3, ,264, ,
0, ,263, ,
0, ,263, ,
1, ,262, ,
1, ,263, ,
0, ,263, ,
1, ,262, ,
0, ,263, ,
0, ,262, ,
1, ,262, ,
1, ,263, ,
0, ,262, ,
1, ,263, ,
0, ,262, ,
1, ,261, ,
1, ,262, ,
1, ,263, ,
0, ,262, ,
3, ,262, ,
1, ,263, ,
0, ,263, ,
1, ,262, ,
1, ,263, ,
0, ,263, ,
1, ,263, ,
1, ,262, ,
1, ,262, ,
1, ,262, ,
1, ,263, ,
0, ,263, ,
1, ,262, ,
0, ,262, ,
1, ,263, ,
1, ,262, ,
1, ,262, ,
0, ,263, ,
1, ,263, ,
0, ,262, ,
1, ,262, ,
1, ,263, ,
1, ,263, ,
0, ,262, ,
1, ,263, ,
0, ,262, ,
0, ,263, ,
1, ,262, ,
1, ,263, ,
0, ,262, ,
1, ,263, ,
0, ,262, ,
0, ,263, ,
1, ,263, ,
1, ,263, ,
0, ,263, ,
1, ,262, ,
0, ,262, ,
0, ,262, ,
1, ,262, ,
1, ,263, ,
0, ,262, ,
1, ,263, ,
0, ,262, ,
0, ,262, ,
1, ,262, ,
1, ,263, ,
0, ,262, ,
1, ,262, ,
0, ,262, ,
0, ,263, ,
1, ,262, ,
1, ,263, ,
0, ,263, ,
1, ,263, ,
0, ,262, ,
1, ,262, ,
1, ,262, ,
1, ,263, ,
0, ,262, ,
1, ,262, ,
0, ,262, ,
0, ,263, ,
1, ,262, ,
1, ,263, ,
0, ,262, ,
1, ,262, ,
0, ,262, ,
0, ,263, ,
1, ,262, ,
1, ,263, ,
0, ,262, ,
1, ,263, ,
0, ,263, ,
1, ,263, ,
1, ,262, ,
1, ,262, ,
0, ,262, ,
1, ,262, ,
0, ,262, ,
1, ,263, ,
1, ,262, ,
1, ,263, ,
0, ,262, ,
1, ,262, ,
0, ,263, ,
1, ,263, ,
1, ,262, ,
1, ,263, ,
0, ,262, ,
1, ,262, ,
0, ,262, ,
0, ,262, ,
1, ,263, ,
1, ,263, ,
0, ,262, ,
1, ,263, ,
0, ,263, ,
0, ,262, ,
1, ,262, ,
1, ,262, ,
0, ,263, ,
1, ,263, ,
0, ,262, ,
1, ,262, ,
1, ,263, ,
1, ,263, ,
0, ,262, ,
1, ,262, ,
0, ,263, ,
0, ,264, ,
1, ,262, ,
1, ,263, ,
0, ,263, ,
1, ,263, ,
0, ,262, ,
0, ,262, ,
1, ,262, ,
1, ,262, ,
0, ,262, ,
1, ,262, ,
0, ,264, ,
0, ,263, ,
1, ,263, ,
3, ,262, ,
0, ,262, ,
1, ,263, ,
0, ,262, ,
0, ,263, ,
1, ,262, ,
1, ,263, ,
0, ,262, ,
1, ,263, ,
0, ,263, ,
0, ,262, ,
1, ,262, ,
1, ,263, ,
0, ,263, ,
1, ,263, ,
0, ,262, ,
1, ,262, ,
1, ,262, ,
1, ,263, ,
0, ,262, ,
1, ,262, ,
0, ,263, ,
0, ,263, ,
1, ,262, ,
1, ,263, ,
0, ,263, ,
1, ,262, ,
0, ,262, ,
0, ,263, ,
1, ,263, ,
1, ,264, ,
0, ,262, ,
1, ,262, ,
0, ,263, ,
0, ,264, ,
1, ,263, ,
1, ,263, ,
-1, ,263, ,
1, ,262, ,
0, ,263, ,
0, ,263, ,
1, ,262, ,
3, ,263, ,
0, ,262, ,
3, ,263, ,
0, ,264, ,
0, ,263, ,
1, ,262, ,
1, ,263, ,
0, ,263, ,
1, ,263, ,
0, ,263, ,
0, ,262, ,
1, ,263, ,
1, ,263, ,
0, ,262, ,
1, ,263, ,
0, ,263, ,
0, ,263, ,
1, ,261, ,
1, ,263, ,
0, ,263, ,
1, ,263, ,
0, ,262, ,
0, ,260, ,
1, ,259, ,
1, ,260, ,
0, ,262, ,
1, ,264, ,
0, ,265, ,
0, ,265, ,
1, ,263, ,
1, ,262, ,
0, ,262, ,
1, ,261, ,
1, ,261, ,
0, ,261, ,
1, ,262, ,
1, ,263, ,
0, ,262, ,
1, ,262, ,
0, ,262, ,
1, ,262, ,
1, ,262, ,
1, ,262, ,
0, ,262, ,
1, ,263, ,
0, ,261, ,
0, ,262, ,
1, ,261, ,
3, ,263, ,
0, ,261, ,
1, ,262, ,
1, ,262, ,
1, ,263, ,
1, ,262, ,
1, ,261, ,
0, ,262, ,
1, ,263, ,
0, ,262, ,
1, ,263, ,
1, ,262, ,
1, ,262, ,
0, ,262, ,
3, ,263, ,
0, ,262, ,
1, ,263, ,
1, ,262, ,
1, ,263, ,
0, ,262, ,
1, ,263, ,
0, ,262, ,
0, ,261, ,
1, ,262, ,
3, ,263, ,
0, ,263, ,
1, ,262, ,
0, ,262, ,
0, ,263, ,
1, ,262, ,
1, ,262, ,
0, ,262, ,
1, ,263, ,
0, ,262, ,
0, ,262, ,
3, ,262, ,
1, ,263, ,
0, ,262, ,
1, ,262, ,
0, ,262, ,
0, ,262, ,
1, ,262, ,
1, ,262, ,
0, ,263, ,
1, ,263, ,
0, ,262, ,
1, ,262, ,
1, ,263, ,
1, ,263, ,
0, ,262, ,
1, ,263, ,
0, ,263, ,
1, ,263, ,
1, ,262, ,
1, ,262, ,
0, ,262, ,
1, ,263, ,
0, ,262, ,
0, ,262, ,
1, ,261, ,
1, ,262, ,
0, ,262, ,
1, ,262, ,
1, ,262, ,
0, ,263, ,
1, ,262, ,
1, ,262, ,
0, ,262, ,
1, ,263, ,
0, ,263, ,
1, ,262, ,
1, ,261, ,
1, ,263, ,
0, ,262, ,
1, ,263, ,
0, ,263, ,
0, ,262, ,
1, ,262, ,
1, ,262, ,
0, ,262, ,
1, ,263, ,
0, ,262, ,
1, ,264, ,
1, ,262, ,
1, ,263, ,
0, ,262, ,
1, ,262, ,
1, ,262, ,
0, ,263, ,
1, ,262, ,
1, ,263, ,
0, ,263, ,
1, ,263, ,
0, ,263, ,
1, ,263, ,
1, ,262, ,
1, ,263, ,
0, ,262, ,
1, ,262, ,
0, ,263, ,
0, ,263, ,
1, ,262, ,
1, ,263, ,
0, ,263, ,
1, ,263, ,
0, ,263, ,
0, ,263, ,
1, ,263, ,
1, ,263, ,
0, ,262, ,
1, ,262, ,
0, ,263, ,
0, ,263, ,
1, ,262, ,
1, ,263, ,
0, ,262, ,
1, ,263, ,
0, ,262, ,
0, ,263, ,
1, ,262, ,
1, ,263, ,
0, ,263, ,
1, ,263, ,
0, ,263, ,
0, ,263, ,
1, ,262, ,
1, ,263, ,
0, ,262, ,
1, ,263, ,
0, ,262, ,
0, ,262, ,
1, ,263, ,
1, ,262, ,
0, ,262, ,
1, ,263, ,
0, ,262, ,
0, ,264, ,
3, ,262, ,
1, ,263, ,
0, ,263, ,
1, ,264, ,
0, ,263, ,
1, ,264, ,
1, ,263, ,
1, ,263, ,
0, ,262, ,
1, ,262, ,
1, ,263, ,
0, ,264, ,
1, ,262, ,
1, ,262, ,
0, ,263, ,
1, ,264, ,
0, ,262, ,
1, ,263, ,
1, ,263, ,
1, ,263, ,
0, ,261, ,
1, ,261, ,
0, ,262, ,
0, ,264, ,
1, ,264, ,
1, ,264, ,
0, ,263, ,
1, ,263, ,
0, ,263, ,
1, ,262, ,
1, ,262, ,
1, ,263, ,
0, ,263, ,
1, ,263, ,
1, ,263, ,
0, ,263, ,
1, ,262, ,
1, ,263, ,
0, ,262, ,
1, ,262, ,
0, ,262, ,
1, ,262, ,
1, ,263, ,
1, ,263, ,
0, ,262, ,
1, ,262, ,
0, ,263, ,
1, ,263, ,
1, ,262, ,
1, ,263, ,
0, ,262, ,
1, ,263, ,
0, ,262, ,
0, ,262, ,
1, ,263, ,
1, ,263, ,
0, ,262, ,
3, ,262, ,
0, ,264, ,
0, ,263, ,
1, ,262, ,
1, ,263, ,
0, ,263, ,
1, ,263, ,
0, ,263, ,
0, ,262, ,
1, ,262, ,
1, ,263, ,
0, ,262, ,
1, ,263, ,
1, ,263, ,
0, ,264, ,
1, ,262, ,
1, ,264, ,
0, ,262, ,
1, ,263, ,
0, ,263, ,
0, ,262, ,
1, ,263, ,
1, ,263, ,
0, ,263, ,
1, ,263, ,
0, ,263, ,
0, ,263, ,
1, ,262, ,
0, ,263, ,
-1, ,262, ,
1, ,263, ,
0, ,262, ,
0, ,262, ,
1, ,263, ,
1, ,263, ,
0, ,263, ,
1, ,263, ,
0, ,263, ,
0, ,263, ,
1, ,262, ,
1, ,262, ,
0, ,263, ,
1, ,263, ,
0, ,263, ,
1, ,263, ,
1, ,263, ,
1, ,263, ,
0, ,262, ,
1, ,263, ,
0, ,263, ,
0, ,263, ,
1, ,262, ,
1, ,262, ,
0, ,263, ,
1, ,263, ,
0, ,263, ,
1, ,262, ,
1, ,262, ,
1, ,263, ,
0, ,262, ,
3, ,263, ,
0, ,263, ,
0, ,263, ,
1, ,262, ,
1, ,263, ,
0, ,262, ,
1, ,263, ,
1, ,262, ,
1, ,263, ,
1, ,263, ,
1, ,264, ,
0, ,262, ,
1, ,263, ,
1, ,263, ,
1, ,264, ,
1, ,264, ,
1, ,262, ,
0, ,263, ,
1, ,264, ,
0, ,263, ,
1, ,263, ,
1, ,263, ,
1, ,263, ,
0, ,263, ,
1, ,263, ,
0, ,263, ,
1, ,264, ,
1, ,262, ,
1, ,263, ,
0, ,262, ,
1, ,263, ,
1, ,263, ,
1, ,263, ,
1, ,262, ,
1, ,263, ,
0, ,263, ,
3, ,263, ,
0, ,263, ,
1, ,263, ,
1, ,262, ,
1, ,263, ,
0, ,263, ,
1, ,264, ,
1, ,262, ,
1, ,263, ,
1, ,263, ,
1, ,263, ,
0, ,262, ,
1, ,263, ,
0, ,263, ,
1, ,263, ,
1, ,262, ,
1, ,263, ,
0, ,262, ,
1, ,263, ,
1, ,264, ,
1, ,263, ,
1, ,263, ,
1, ,263, ,
0, ,262, ,
3, ,262, ,
1, ,263, ,
99, ,263, ,
95, ,262, ,
65, ,263, ,
37, ,262, ,
22, ,263, ,
13, ,263, ,
10, ,263, ,
9, ,262, ,
6, ,263, ,
3, ,262, ,
5, ,264, ,
4, ,263, ,
4, ,264, ,
4, ,262, ,
3, ,263, ,
3, ,263, ,
5, ,263, ,
3, ,263, ,
3, ,263, ,
4, ,262, ,
4, ,263, ,
3, ,262, ,
4, ,263, ,
3, ,262, ,
3, ,263, ,
4, ,262, ,
4, ,263, ,
1, ,263, ,
4, ,263, ,
1, ,263, ,
3, ,263, ,
4, ,263, ,
4, ,263, ,
3, ,263, ,
4, ,263, ,
3, ,263, ,
3, ,263, ,
4, ,263, ,
4, ,263, ,
3, ,263, ,
4, ,263, ,
3, ,263, ,
3, ,263, ,
4, ,263, ,
4, ,264, ,
3, ,262, ,
4, ,262, ,
1, ,263, ,
3, ,263, ,
4, ,262, ,
4, ,264, ,
1, ,262, ,
4, ,264, ,
1, ,262, ,
3, ,263, ,
4, ,263, ,
4, ,263, ,
3, ,262, ,
4, ,263, ,
1, ,263, ,
3, ,263, ,
3, ,262, ,
4, ,263, ,
1, ,263, ,
4, ,263, ,
1, ,263, ,
3, ,262, ,
4, ,262, ,
3, ,263, ,
1, ,263, ,
4, ,263, ,
1, ,263, ,
3, ,263, ,
3, ,262, ,
4, ,262, ,
1, ,262, ,
4, ,263, ,
1, ,262, ,
3, ,263, ,
4, ,263, ,
3, ,262, ,
1, ,262, ,
4, ,263, ,
1, ,263, ,
4, ,264, ,
4, ,262, ,
3, ,262, ,
1, ,263, ,
4, ,264, ,
3, ,262, ,
3, ,263, ,
3, ,263, ,
4, ,263, ,
1, ,262, ,
4, ,263, ,
3, ,263, ,
3, ,264, ,
3, ,263, ,
3, ,263, ,
1, ,263, ,
4, ,263, ,
3, ,261, ,
3, ,262, ,
4, ,263, ,
3, ,263, ,
1, ,262, ,
4, ,263, ,
3, ,262, ,
3, ,263, ,
3, ,262, ,
4, ,263, ,
1, ,263, ,
4, ,263, ,
3, ,262, ,
3, ,263, ,
4, ,263, ,
3, ,262, ,
1, ,262, ,
4, ,263, ,
3, ,263, ,
3, ,263, ,
3, ,262, ,
3, ,263, ,
1, ,263, ,
4, ,262, ,
1, ,262, ,
3, ,262, ,
3, ,262, ,
3, ,262, ,
1, ,263, ,
3, ,263, ,
1, ,263, ,
3, ,263, ,
3, ,262, ,
3, ,263, ,
1, ,263, ,
4, ,263, ,
1, ,263, ,
3, ,263, ,
3, ,262, ,
3, ,264, ,
1, ,262, ,
4, ,262, ,
1, ,263, ,
3, ,263, ,
3, ,263, ,
3, ,262, ,
1, ,263, ,
3, ,263, ,
1, ,263, ,
3, ,263, ,
3, ,262, ,
3, ,263, ,
1, ,262, ,
4, ,262, ,
1, ,263, ,
3, ,264, ,
3, ,262, ,
3, ,263, ,
1, ,262, ,
3, ,263, ,
3, ,262, ,
3, ,262, ,
3, ,262, ,
3, ,263, ,
1, ,263, ,
4, ,263, ,
3, ,263, ,
3, ,263, ,
3, ,262, ,
3, ,263, ,
1, ,263, ,
4, ,263, ,
1, ,262, ,
3, ,263, ,
3, ,263, ,
3, ,263, ,
1, ,262, ,
4, ,262, ,
1, ,262, ,
3, ,264, ,
3, ,262, ,
3, ,263, ,
1, ,263, ,
3, ,263, ,
3, ,262, ,
3, ,263, ,
3, ,263, ,
3, ,263, ,
1, ,262, ,
3, ,263, ,
3, ,264, ,
3, ,263, ,
3, ,262, ,
3, ,263, ,
1, ,263, ,
3, ,264, ,
1, ,262, ,
1, ,263, ,
3, ,262, ,
3, ,263, ,
1, ,261, ,
3, ,263, ,
1, ,263, ,
3, ,263, ,
3, ,262, ,
3, ,264, ,
1, ,263, ,
3, ,263, ,
1, ,263, ,
3, ,263, ,
3, ,263, ,
3, ,264, ,
1, ,262, ,
4, ,263, ,
3, ,263, ,
3, ,263, ,
1, ,262, ,
3, ,263, ,
1, ,262, ,
4, ,263, ,
3, ,263, ,
3, ,263, ,
3, ,263, ,
3, ,263, ,
1, ,262, ,
3, ,262, ,
1, ,262, ,
1, ,264, ,
3, ,262, ,
3, ,263, ,
1, ,263, ,
3, ,263, ,
1, ,262, ,
3, ,262, ,
3, ,263, ,
3, ,263, ,
1, ,262, ,
4, ,263, ,
1, ,263, ,
3, ,264, ,
3, ,262, ,
3, ,262, ,
1, ,262, ,
4, ,263, ,
1, ,262, ,
3, ,262, ,
3, ,263, ,
1, ,262, ,
1, ,262, ,
3, ,263, ,
1, ,263, ,
3, ,263, ,
3, ,263, ,
3, ,263, ,
1, ,263, ,
3, ,263, ,
1, ,262, ,
3, ,262, ,
3, ,263, ,
3, ,263, ,
1, ,263, ,
4, ,263, ,
1, ,262, ,
3, ,263, ,
3, ,262, ,
1, ,263, ,
0, ,263, ,
3, ,263, ,
1, ,263, ,
3, ,263, ,
3, ,262, ,
3, ,263, ,
1, ,262, ,
3, ,262, ,
1, ,263, ,
3, ,264, ,
3, ,262, ,
3, ,262, ,
1, ,262, ,
3, ,262, ,
1, ,262, ,
3, ,261, ,
3, ,262, ,
1, ,263, ,
1, ,263, ,
3, ,264, ,
1, ,264, ,
3, ,264, ,
3, ,262, ,
3, ,262, ,
1, ,261, ,
3, ,263, ,
1, ,262, ,
3, ,263, ,
3, ,263, ,
3, ,263, ,
1, ,263, ,
3, ,262, ,
1, ,263, ,
3, ,263, ,
3, ,263, ,
1, ,263, ,
1, ,263, ,
3, ,263, ,
1, ,263, ,
3, ,263, ,
3, ,262, ,
1, ,263, ,
1, ,262, ,
4, ,263, ,
1, ,263, ,
3, ,263, ,
3, ,263, ,
3, ,263, ,
1, ,262, ,
3, ,263, ,
1, ,262, ,
3, ,262, ,
3, ,262, ,
1, ,263, ,
1, ,263, ,
3, ,263, ,
1, ,263, ,
3, ,263, ,
3, ,263, ,
3, ,262, ,
1, ,262, ,
3, ,263, ,
1, ,262, ,
1, ,262, ,
1, ,262, ,
3, ,263, ,
1, ,262, ,
3, ,263, ,
1, ,263, ,
3, ,262, ,
1, ,262, ,
1, ,263, ,
0, ,263, ,
3, ,263, ,
1, ,262, ,
3, ,262, ,
1, ,263, ,
3, ,263, ,
1, ,262, ,
3, ,263, ,
1, ,263, ,
1, ,263, ,
3, ,262, ,
3, ,264, ,
1, ,263, ,
3, ,263, ,
1, ,262, ,
3, ,262, ,
3, ,262, ,
1, ,264, ,
1, ,263, ,
4, ,263, ,
1, ,263, ,
1, ,263, ,
3, ,262, ,
1, ,263, ,
0, ,262, ,
3, ,263, ,
1, ,263, ,
3, ,263, ,
3, ,263, ,
1, ,263, ,
1, ,262, ,
3, ,262, ,
1, ,262, ,
1, ,263, ,
3, ,262, ,
1, ,262, ,
1, ,262, ,
3, ,263, ,
1, ,263, ,
3, ,262, ,
1, ,262, ,
1, ,264, ,
1, ,262, ,
3, ,262, ,
1, ,263, ,
1, ,263, ,
1, ,262, ,
3, ,263, ,
0, ,263, ,
3, ,263, ,
1, ,262, ,
1, ,263, ,
3, ,263, ,
3, ,263, ,
0, ,262, ,
3, ,263, ,
1, ,263, ,
1, ,263, ,
3, ,262, ,
1, ,262, ,
0, ,262, ,
3, ,264, ,
1, ,262, ,
1, ,263, ,
3, ,263, ,
1, ,263, ,
0, ,262, ,
3, ,263, ,
1, ,263, ,
1, ,263, ,
3, ,262, ,
1, ,263, ,
0, ,262, ,
3, ,262, ,
1, ,263, ,
3, ,263, ,
3, ,263, ,
1, ,263, ,
0, ,262, ,
3, ,263, ,
1, ,264, ,
1, ,263, ,
3, ,262, ,
1, ,263, ,
0, ,263, ,
3, ,263, ,
1, ,263, ,
1, ,263, ,
3, ,263, ,
1, ,263, ,
0, ,262, ,
3, ,263, ,
1, ,263, ,
1, ,263, ,
3, ,262, ,
1, ,262, ,
0, ,262, ,
3, ,263, ,
1, ,263, ,
1, ,263, ,
3, ,263, ,
1, ,263, ,
0, ,262, ,
3, ,262, ,
1, ,263, ,
1, ,263, ,
3, ,262, ,
1, ,262, ,
0, ,263, ,
3, ,262, ,
1, ,263, ,
1, ,263, ,
3, ,262, ,
1, ,262, ,
0, ,263, ,
3, ,262, ,
1, ,263, ,
1, ,263, ,
3, ,262, ,
1, ,263, ,
0, ,263, ,
3, ,263, ,
1, ,263, ,
1, ,263, ,
3, ,262, ,
1, ,263, ,
0, ,262, ,
3, ,262, ,
1, ,263, ,
1, ,263, ,
3, ,262, ,
1, ,262, ,
0, ,263, ,
3, ,263, ,
1, ,262, ,
3, ,263, ,
1, ,263, ,
1, ,262, ,
0, ,262, ,
3, ,262, ,
1, ,263, ,
1, ,263, ,
3, ,262, ,
1, ,263, ,
0, ,263, ,
3, ,263, ,
1, ,262, ,
1, ,262, ,
3, ,262, ,
1, ,262, ,
0, ,262, ,
3, ,263, ,
1, ,263, ,
1, ,263, ,
1, ,262, ,
1, ,263, ,
0, ,263, ,
3, ,263, ,
1, ,262, ,
1, ,263, ,
3, ,263, ,
1, ,264, ,
0, ,262, ,
3, ,263, ,
1, ,262, ,
1, ,263, ,
1, ,262, ,
1, ,262, ,
0, ,262, ,
3, ,263, ,
1, ,262, ,
1, ,263, ,
3, ,263, ,
1, ,264, ,
0, ,262, ,
3, ,262, ,
1, ,263, ,
1, ,263, ,
3, ,263, ,
1, ,263, ,
0, ,262, ,
3, ,263, ,
1, ,263, ,
1, ,262, ,
3, ,262, ,
1, ,264, ,
0, ,263, ,
3, ,263, ,
1, ,263, ,
1, ,263, ,
3, ,262, ,
1, ,263, ,
0, ,262, ,
3, ,263, ,
1, ,262, ,
1, ,262, ,
1, ,263, ,
1, ,263, ,
0, ,262, ,
3, ,263, ,
1, ,263, ,
1, ,263, ,
1, ,262, ,
1, ,263, ,
0, ,262, ,
3, ,263, ,
1, ,263, ,
1, ,263, ,
3, ,263, ,
3, ,263, ,
0, ,262, ,
3, ,262, ,
1, ,262, ,
1, ,263, ,
1, ,262, ,
1, ,263, ,
0, ,263, ,
1, ,262, ,
1, ,263, ,
1, ,263, ,
1, ,263, ,
3, ,263, ,
0, ,262, ,
3, ,263, ,
1, ,262, ,
1, ,263, ,
1, ,262, ,
3, ,263, ,
0, ,262, ,
3, ,263, ,
1, ,262, ,
1, ,263, ,
3, ,263, ,
1, ,263, ,
0, ,263, ,
3, ,262, ,
1, ,263, ,
1, ,263, ,
3, ,262, ,
1, ,263, ,
0, ,263, ,
3, ,263, ,
1, ,263, ,
1, ,263, ,
3, ,264, ,
1, ,264, ,
0, ,262, ,
3, ,262, ,
1, ,263, ,
1, ,263, ,
1, ,262, ,
1, ,263, ,
0, ,263, ,
3, ,263, ,
1, ,263, ,
1, ,263, ,
1, ,262, ,
1, ,263, ,
0, ,263, ,
3, ,263, ,
1, ,263, ,
1, ,263, ,
3, ,261, ,
1, ,263, ,
0, ,263, ,
3, ,263, ,
1, ,262, ,
1, ,262, ,
3, ,263, ,
1, ,263, ,
0, ,263, ,
3, ,263, ,
1, ,263, ,
1, ,263, ,
1, ,262, ,
1, ,264, ,
0, ,263, ,
3, ,263, ,
1, ,262, ,
1, ,263, ,
1, ,262, ,
1, ,263, ,
0, ,262, ,
3, ,263, ,
1, ,263, ,
1, ,264, ,
1, ,263, ,
1, ,263, ,
-1, ,263, ,
1, ,263, ,
1, ,263, ,
1, ,264, ,
3, ,263, ,
3, ,262, ,
0, ,262, ,
1, ,262, ,
1, ,262, ,
1, ,264, ,
3, ,262, ,
1, ,263, ,
0, ,264, ,
3, ,263, ,
1, ,263, ,
1, ,263, ,
1, ,263, ,
1, ,263, ,
0, ,262, ,
3, ,263, ,
1, ,263, ,
1, ,264, ,
1, ,263, ,
3, ,263, ,
0, ,263, ,
3, ,263, ,
1, ,263, ,
1, ,263, ,
1, ,263, ,
1, ,262, ,
0, ,262, ,
3, ,262, ,
1, ,263, ,
1, ,263, ,
1, ,262, ,
1, ,263, ,
0, ,263, ,
1, ,263, ,
1, ,262, ,
1, ,263, ,
1, ,263, ,
1, ,262, ,
0, ,262, ,
3, ,262, ,
1, ,260, ,
1, ,261, ,
1, ,261, ,
1, ,263, ,
0, ,265, ,
1, ,266, ,
1, ,264, ,
1, ,263, ,
1, ,262, ,
1, ,262, ,
0, ,261, ,
3, ,261, ,
1, ,262, ,
1, ,263, ,
1, ,263, ,
3, ,263, ,
1, ,262, ,
3, ,262, ,
1, ,262, ,
1, ,262, ,
1, ,262, ,
1, ,263, ,
0, ,262, ,
3, ,263, ,
1, ,263, ,
1, ,263, ,
3, ,262, ,
1, ,263, ,
0, ,262, ,
3, ,263, ,
1, ,263, ,
1, ,262, ,
1, ,262, ,
1, ,262, ,
0, ,262, ,
3, ,262, ,
1, ,262, ,
1, ,263, ,
1, ,262, ,
1, ,263, ,
0, ,262, ,
3, ,262, ,
1, ,262, ,
1, ,262, ,
3, ,263, ,
1, ,263, ,
0, ,263, ,
3, ,262, ,
1, ,263, ,
1, ,262, ,
3, ,262, ,
1, ,260, ,
0, ,261, ,
3, ,263, ,
1, ,263, ,
1, ,263, ,
3, ,263, ,
1, ,263, ,
0, ,262, ,
3, ,262, ,
1, ,261, ,
1, ,262, ,
3, ,262, ,
1, ,262, ,
0, ,263, ,
1, ,263, ,
1, ,262, ,
1, ,261, ,
1, ,262, ,
1, ,262, ,
0, ,261, ,
3, ,263, ,
1, ,262, ,
1, ,263, ,
1, ,263, ,
1, ,262, ,
0, ,263, ,
3, ,262, ,
1, ,262, ,
1, ,262, ,
1, ,262, ,
1, ,263, ,
0, ,262, ,
1, ,263, ,
1, ,262, ,
1, ,263, ,
1, ,262, ,
1, ,262, ,
0, ,262, ,
3, ,263, ,
1, ,262, ,
1, ,262, ,
1, ,262, ,
1, ,262, ,
0, ,262, ,
3, ,263, ,
0, ,263, ,
1, ,263, ,
1, ,262, ,
1, ,263, ,
0, ,262, ,
1, ,263, ,
0, ,262, ,
1, ,262, ,
3, ,263, ,
1, ,263, ,
0, ,262, ,
3, ,263, ,
1, ,263, ,
0, ,263, ,
1, ,262, ,
1, ,262, ,
0, ,262, ,
3, ,262, ,
1, ,262, ,
1, ,263, ,
1, ,262, ,
1, ,264, ,
0, ,263, ,
3, ,262, ,
1, ,263, ,
1, ,263, ,
1, ,262, ,
1, ,263, ,
0, ,263, ,
1, ,264, ,
1, ,263, ,
1, ,263, ,
1, ,263, ,
1, ,264, ,
0, ,262, ,
3, ,263, ,
1, ,264, ,
1, ,263, ,
1, ,263, ,
1, ,263, ,
0, ,263, ,
1, ,262, ,
0, ,262, ,
1, ,263, ,
1, ,262, ,
1, ,263, ,
0, ,262, ,
1, ,263, ,
1, ,263, ,
1, ,263, ,
1, ,263, ,
1, ,263, ,
0, ,262, ,
1, ,263, ,
1, ,262, ,
1, ,263, ,
1, ,263, ,
1, ,263, ,
0, ,262, ,
1, ,263, ,
0, ,262, ,
1, ,263, ,
1, ,262, ,
1, ,263, ,
0, ,263, ,
3, ,263, ,
1, ,263, ,
1, ,262, ,
1, ,263, ,
1, ,263, ,
0, ,262, ,
1, ,263, ,
1, ,263, ,
1, ,263, ,
1, ,262, ,
1, ,263, ,
0, ,263, ,
3, ,263, ,
1, ,263, ,
1, ,263, ,
1, ,263, ,
1, ,263, ,
0, ,263, ,
1, ,263, ,
1, ,263, ,
1, ,263, ,
1, ,262, ,
1, ,263, ,
0, ,262, ,
1, ,263, ,
1, ,263, ,
1, ,263, ,
1, ,263, ,
1, ,263, ,
0, ,263, ,
1, ,263, ,
1, ,263, ,
1, ,263, ,
1, ,262, ,
1, ,263, ,
0, ,263, ,
1, ,263, ,
1, ,262, ,
1, ,263, ,
1, ,262, ,
1, ,263, ,
0, ,263, ,
1, ,263, ,
0, ,263, ,
1, ,263, ,
1, ,262, ,
1, ,263, ,
0, ,263, ,
1, ,263, ,
0, ,262, ,
1, ,263, ,
1, ,263, ,
1, ,264, ,
0, ,262, ,
3, ,262, ,
1, ,263, ,
1, ,263, ,
1, ,262, ,
1, ,263, ,
0, ,263, ,
3, ,263, ,
1, ,262, ,
1, ,263, ,
1, ,262, ,
1, ,264, ,
0, ,262, ,
1, ,263, ,
0, ,263, ,
1, ,263, ,
1, ,262, ,
1, ,263, ,
0, ,264, ,
3, ,263, ,
1, ,263, ,
1, ,263, ,
1, ,263, ,
1, ,263, ,
0, ,263, ,
1, ,263, ,
1, ,263, ,
1, ,263, ,
1, ,263, ,
1, ,262, ,
0, ,262, ,
3, ,263, ,
0, ,263, ,
1, ,263, ,
1, ,263, ,
1, ,263, ,
0, ,263, ,
1, ,263, ,
0, ,263, ,
1, ,263, ,
1, ,262, ,
1, ,263, ,
0, ,262, ,
1, ,263, ,
1, ,262, ,
1, ,263, ,
1, ,263, ,
1, ,263, ,
0, ,262, ,
3, ,263, ,
0, ,263, ,
1, ,263, ,
1, ,262, ,
1, ,263, ,
0, ,263, ,
1, ,264, ,
1, ,263, ,
1, ,263, ,
1, ,262, ,
1, ,264, ,
0, ,262, ,
1, ,263, ,
0, ,263, ,
1, ,263, ,
3, ,262, ,
1, ,263, ,
0, ,264, ,
3, ,263, ,
0, ,262, ,
0, ,263, ,
1, ,263, ,
1, ,264, ,
0, ,263, ,
3, ,263, ,
0, ,263, ,
1, ,263, ,
1, ,262, ,
1, ,262, ,
0, ,262, ,
3, ,263, ,
1, ,263, ,
1, ,263, ,
1, ,263, ,
1, ,263, ,
0, ,262, ,
1, ,263, ,
1, ,263, ,
1, ,263, ,
1, ,263, ,
1, ,263, ,
0, ,263, ,
1, ,263, ,
1, ,263, ,
1, ,263, ,
1, ,263, ,
1, ,263, ,
0, ,263, ,
1, ,263, ,
1, ,263, ,
1, ,263, ,
1, ,262, ,
1, ,263, ,
0, ,262, ,
1, ,263, ,
1, ,262, ,
1, ,263, ,
1, ,263, ,
1, ,263, ,
0, ,263, ,
3, ,263, ,
0, ,263, ,
1, ,263, ,
1, ,262, ,
1, ,263, ,
0, ,263, ,
1, ,263, ,
1, ,263, ,
0, ,263, ,
1, ,262, ,
1, ,264, ,
0, ,263, ,
1, ,263, ,
1, ,263, ,
1, ,263, ,
1, ,262, ,
1, ,263, ,
0, ,262, ,
1, ,263, ,
1, ,262, ,
1, ,263, ,
1, ,263, ,
1, ,263, ,
0, ,262, ,
1, ,263, ,
1, ,263, ,
1, ,263, ,
3, ,263, ,
1, ,264, ,
0, ,263, ,
1, ,263, ,
1, ,263, ,
1, ,263, ,
1, ,263, ,
1, ,264, ,
0, ,262, ,
1, ,263, ,
0, ,263, ,
1, ,263, ,
1, ,263, ,
1, ,262, ,
0, ,263, ,
1, ,264, ,
1, ,263, ,
1, ,264, ,
1, ,263, ,
3, ,264, ,
0, ,263, ,
1, ,263, ,
1, ,263, ,
1, ,263, ,
1, ,262, ,
1, ,263, ,
0, ,263, ,
1, ,263, ,
0, ,263, ,
1, ,264, ,
1, ,262, ,
1, ,263, ,
0, ,262, ,
1, ,262, ,
1, ,263, ,
1, ,263, ,
1, ,263, ,
1, ,263, ,
0, ,263, ,
3, ,263, ,
0, ,262, ,
1, ,263, ,
1, ,263, ,
1, ,264, ,
0, ,263, ,
1, ,262, ,
0, ,262, ,
1, ,264, ,
1, ,263, ,
1, ,263, ,
0, ,263, ,
1, ,263, ,
1, ,263, ,
1, ,263, ,
1, ,262, ,
1, ,264, ,
0, ,262, ,
1, ,263, ,
0, ,263, ,
1, ,262, ,
1, ,262, ,
1, ,263, ,
0, ,262, ,
1, ,263, ,
1, ,262, ,
1, ,263, ,
1, ,262, ,
1, ,263, ,
0, ,262, ,
1, ,263, ,
0, ,263, ,
1, ,262, ,
1, ,262, ,
1, ,262, ,
0, ,262, ,
3, ,263, ,
0, ,263, ,
1, ,262, ,
1, ,262, ,
1, ,263, ,
0, ,263, ,
1, ,262, ,
1, ,262, ,
1, ,263, ,
1, ,263, ,
1, ,263, ,
0, ,262, ,
1, ,263, ,
0, ,263, ,
1, ,262, ,
1, ,263, ,
1, ,264, ,
0, ,263, ,
1, ,263, ,
0, ,263, ,
1, ,264, ,
1, ,262, ,
1, ,263, ,
0, ,263, ,
1, ,263, ,
0, ,263, ,
1, ,263, ,
1, ,263, ,
1, ,263, ,
0, ,263, ,
1, ,263, ,
1, ,263, ,
0, ,263, ,
1, ,262, ,
1, ,262, ,
0, ,263, ,
1, ,263, ,
1, ,263, ,
1, ,262, ,
1, ,262, ,
1, ,263, ,
0, ,263, ,
1, ,263, ,
1, ,263, ,
1, ,263, ,
1, ,263, ,
1, ,261, ,
0, ,263, ,
1, ,263, ,
1, ,262, ,
1, ,263, ,
1, ,263, ,
1, ,263, ,
0, ,262, ,
1, ,263, ,
0, ,263, ,
1, ,263, ,
1, ,262, ,
1, ,263, ,
0, ,263, ,
1, ,263, ,
1, ,263, ,
1, ,263, ,
1, ,263, ,
1, ,263, ,
0, ,263, ,
1, ,261, ,
1, ,261, ,
1, ,262, ,
1, ,262, ,
1, ,264, ,
0, ,264, ,
1, ,264, ,
1, ,263, ,
1, ,262, ,
1, ,262, ,
1, ,262, ,
0, ,262, ,
1, ,263, ,
0, ,263, ,
1, ,264, ,
1, ,263, ,
1, ,263, ,
0, ,263, ,
3, ,263, ,
1, ,262, ,
1, ,262, ,
1, ,262, ,
1, ,263, ,
0, ,263, ,
1, ,262, ,
1, ,263, ,
1, ,263, ,
1, ,262, ,
1, ,263, ,
0, ,263, ,
1, ,263, ,
1, ,263, ,
1, ,262, ,
1, ,263, ,
1, ,263, ,
0, ,262, ,
1, ,263, ,
1, ,263, ,
1, ,263, ,
1, ,262, ,
1, ,263, ,
0, ,263, ,
3, ,263, ,
1, ,262, ,
1, ,262, ,
1, ,263, ,
1, ,263, ,
0, ,262, ,
1, ,263, ,
0, ,264, ,
1, ,263, ,
1, ,262, ,
3, ,263, ,
0, ,262, ,
1, ,263, ,
0, ,262, ,
1, ,262, ,
1, ,263, ,
1, ,263, ,
0, ,262, ,
3, ,263, ,
0, ,263, ,
1, ,263, ,
1, ,262, ,
1, ,263, ,
0, ,262, ,
1, ,263, ,
0, ,262, ,
0, ,263, ,
1, ,262, ,
1, ,263, ,
0, ,262, ,
1, ,262, ,
0, ,263, ,
1, ,263, ,
1, ,262, ,
1, ,262, ,
0, ,263, ,
1, ,263, ,
1, ,262, ,
1, ,263, ,
1, ,263, ,
1, ,263, ,
0, ,263, ,
1, ,263, ,
0, ,262, ,
1, ,263, ,
1, ,262, ,
1, ,262, ,
0, ,262, ,
1, ,263, ,
0, ,262, ,
1, ,262, ,
1, ,263, ,
1, ,263, ,
0, ,262, ,
1, ,263, ,
0, ,262, ,
0, ,263, ,
1, ,262, ,
3, ,263, ,
0, ,262, ,
3, ,263, ,
1, ,263, ,
0, ,262, ,
1, ,262, ,
1, ,263, ,
0, ,262, ,
1, ,263, ,
0, ,263, ,
1, ,263, ,
1, ,263, ,
1, ,263, ,
0, ,263, ,
1, ,263, ,
0, ,262, ,
1, ,263, ,
1, ,262, ,
3, ,263, ,
0, ,262, ,
1, ,262, ,
0, ,263, ,
1, ,263, ,
1, ,262, ,
1, ,263, ,
0, ,262, ,
1, ,263, ,
0, ,262, ,
1, ,262, ,
1, ,262, ,
1, ,263, ,
0, ,262, ,
1, ,262, ,
0, ,263, ,
0, ,263, ,
1, ,262, ,
1, ,263, ,
0, ,263, ,
1, ,263, ,
0, ,262, ,
0, ,263, ,
1, ,262, ,
1, ,263, ,
0, ,262, ,
1, ,262, ,
0, ,262, ,
1, ,263, ,
1, ,262, ,
1, ,262, ,
0, ,263, ,
1, ,263, ,
0, ,262, ,
0, ,263, ,
1, ,263, ,
1, ,263, ,
0, ,262, ,
1, ,262, ,
0, ,263, ,
0, ,262, ,
3, ,262, ,
1, ,263, ,
0, ,263, ,
1, ,262, ,
0, ,262, ,
1, ,263, ,
1, ,263, ,
1, ,263, ,
0, ,262, ,
1, ,263, ,
0, ,263, ,
1, ,262, ,
1, ,262, ,
1, ,262, ,
0, ,263, ,
1, ,263, ,
0, ,262, ,
1, ,263, ,
1, ,263, ,
1, ,263, ,
0, ,263, ,
1, ,263, ,
0, ,262, ,
1, ,263, ,
1, ,262, ,
1, ,263, ,
0, ,262, ,
1, ,263, ,
1, ,262, ,
1, ,262, ,
1, ,262, ,
1, ,263, ,
0, ,262, ,
1, ,262, ,
0, ,263, ,
1, ,263, ,
1, ,263, ,
1, ,263, ,
0, ,262, ,
1, ,263, ,
0, ,262, ,
1, ,263, ,
1, ,263, ,
1, ,262, ,
0, ,262, ,
3, ,262, ,
1, ,262, ,
1, ,263, ,
1, ,262, ,
1, ,262, ,
0, ,263, ,
1, ,263, ,
0, ,262, ,
1, ,263, ,
1, ,262, ,
1, ,263, ,
0, ,263, ,
1, ,262, ,
1, ,262, ,
0, ,263, ,
1, ,263, ,
3, ,262, ,
0, ,262, ,
1, ,263, ,
0, ,262, ,
1, ,262, ,
1, ,262, ,
1, ,263, ,
0, ,262, ,
1, ,263, ,
0, ,263, ,
1, ,264, ,
1, ,262, ,
1, ,263, ,
0, ,262, ,
1, ,262, ,
0, ,263, ,
0, ,263, ,
1, ,263, ,
1, ,263, ,
0, ,262, ,
3, ,262, ,
0, ,262, ,
0, ,263, ,
1, ,262, ,
1, ,262, ,
0, ,262, ,
1, ,262, ,
1, ,262, ,
1, ,263, ,
1, ,262, ,
1, ,263, ,
0, ,262, ,
1, ,263, ,
1, ,262, ,
1, ,262, ,
1, ,262, ,
1, ,263, ,
0, ,262, ,
3, ,263, ,
1, ,262, ,
1, ,262, ,
1, ,262, ,
1, ,263, ,
0, ,262, ,
1, ,262, ,
0, ,263, ,
1, ,263, ,
1, ,262, ,
1, ,263, ,
0, ,263, ,
1, ,264, ,
0, ,263, ,
1, ,262, ,
1, ,262, ,
1, ,263, ,
0, ,263, ,
1, ,263, ,
0, ,262, ,
1, ,262, ,
1, ,262, ,
1, ,263, ,
0, ,263, ,
1, ,263, ,
0, ,262, ,
1, ,263, ,
1, ,263, ,
1, ,263, ,
0, ,262, ,
1, ,263, ,
0, ,263, ,
1, ,263, ,
1, ,262, ,
3, ,262, ,
0, ,262, ,
1, ,263, ,
1, ,262, ,
1, ,262, ,
1, ,262, ,
1, ,263, ,
0, ,262, ,
1, ,262, ,
0, ,262, ,
0, ,263, ,
1, ,262, ,
3, ,263, ,
0, ,262, ,
1, ,263, ,
1, ,263, ,
1, ,263, ,
1, ,262, ,
1, ,263, ,
0, ,262, ,
1, ,262, ,
0, ,262, ,
1, ,263, ,
1, ,262, ,
1, ,263, ,
0, ,262, ,
3, ,263, ,
0, ,262, ,
1, ,263, ,
1, ,263, ,
1, ,263, ,
0, ,262, ,
1, ,263, ,
0, ,263, ,
1, ,263, ,
1, ,262, ,
1, ,262, ,
0, ,262, ,
1, ,262, ,
0, ,262, ,
1, ,262, ,
1, ,262, ,
1, ,263, ,
0, ,262, ,
1, ,262, ,
0, ,262, ,
0, ,263, ,
1, ,262, ,
1, ,263, ,
0, ,263, ,
1, ,263, ,
1, ,262, ,
1, ,263, ,
1, ,262, ,
1, ,262, ,
0, ,262, ,
1, ,262, ,
0, ,263, ,
1, ,263, ,
1, ,262, ,
1, ,262, ,
0, ,262, ,
1, ,264, ,
0, ,262, ,
1, ,262, ,
1, ,263, ,
1, ,263, ,
0, ,262, ,
1, ,263, ,
1, ,262, ,
1, ,262, ,
1, ,261, ,
1, ,262, ,
0, ,263, ,
1, ,263, ,
0, ,262, ,
1, ,263, ,
1, ,262, ,
1, ,263, ,
0, ,262, ,
3, ,263, ,
0, ,261, ,
1, ,262, ,
3, ,262, ,
1, ,263, ,
0, ,262, ,
1, ,263, ,
0, ,262, ,
1, ,262, ,
1, ,262, ,
1, ,263, ,
0, ,262, ,
1, ,263, ,
0, ,262, ,
0, ,263, ,
1, ,263, ,
1, ,262, ,
0, ,262, ,
1, ,263, ,
1, ,262, ,
1, ,262, ,
1, ,262, ,
1, ,262, ,
0, ,262, ,
3, ,263, ,
0, ,264, ,
1, ,264, ,
1, ,262, ,
1, ,263, ,
0, ,263, ,
1, ,263, ,
1, ,263, ,
1, ,263, ,
1, ,262, ,
1, ,263, ,
0, ,262, ,
1, ,263, ,
0, ,262, ,
1, ,263, ,
1, ,262, ,
1, ,263, ,
0, ,262, ,
1, ,263, ,
1, ,262, ,
0, ,263, ,
1, ,262, ,
1, ,263, ,
0, ,263, ,
1, ,262, ,
1, ,263, ,
1, ,263, ,
1, ,262, ,
1, ,263, ,
0, ,263, ,
1, ,263, ,
1, ,262, ,
1, ,262, ,
1, ,262, ,
1, ,263, ,
0, ,262, ,
1, ,262, ,
0, ,263, ,
1, ,263, ,
1, ,263, ,
1, ,263, ,
0, ,262, ,
1, ,262, ,
0, ,262, ,
0, ,262, ,
1, ,261, ,
1, ,262, ,
0, ,264, ,
1, ,263, ,
1, ,264, ,
0, ,263, ,
1, ,262, ,
1, ,263, ,
0, ,263, ,
1, ,263, ,
1, ,261, ,
1, ,262, ,
1, ,262, ,
1, ,263, ,
0, ,263, ,
1, ,263, ,
0, ,262, ,
1, ,262, ,
1, ,261, ,
1, ,264, ,
0, ,262, ,
1, ,263, ,
1, ,262, ,
1, ,263, ,
1, ,262, ,
1, ,262, ,
-1, ,263, ,
1, ,262, ,
1, ,263, ,
1, ,263, ,
1, ,262, ,
1, ,262, ,
0, ,263, ,
1, ,263, ,
1, ,262, ,
1, ,263, ,
1, ,262, ,
1, ,262, ,
0, ,262, ,
1, ,264, ,
1, ,263, ,
1, ,263, ,
1, ,262, ,
1, ,263, ,
0, ,263, ,
1, ,263, ,
0, ,263, ,
1, ,263, ,
1, ,262, ,
1, ,262, ,
0, ,262, ,
3, ,262, ,
1, ,263, ,
0, ,263, ,
1, ,263, ,
1, ,263, ,
0, ,262, ,
1, ,263, ,
1, ,262, ,
1, ,263, ,
1, ,263, ,
1, ,263, ,
0, ,262, ,
1, ,262, ,
0, ,263, ,
1, ,263, ,
1, ,262, ,
1, ,263, ,
0, ,262, ,
1, ,263, ,
1, ,262, ,
1, ,263, ,
1, ,262, ,
1, ,264, ,
0, ,262, ,
1, ,262, ,
0, ,263, ,
1, ,263, ,
1, ,261, ,
1, ,262, ,
0, ,261, ,
1, ,260, ,
0, ,260, ,
1, ,263, ,
1, ,264, ,
1, ,266, ,
0, ,264, ,
1, ,263, ,
1, ,261, ,
1, ,261, ,
1, ,261, ,
1, ,262, ,
0, ,262, ,
1, ,262, ,
1, ,262, ,
1, ,263, ,
1, ,262, ,
1, ,263, ,
0, ,262, ,
1, ,263, ,
1, ,263, ,
1, ,262, ,
1, ,262, ,
1, ,263, ,
0, ,262, ,
1, ,262, ,
0, ,262, ,
1, ,262, ,
1, ,262, ,
1, ,263, ,
-1, ,262, ,
1, ,262, ,
1, ,263, ,
0, ,263, ,
1, ,262, ,
1, ,263, ,
0, ,263, ,
3, ,262, ,
1, ,263, ,
1, ,262, ,
1, ,262, ,
1, ,263, ,
0, ,262, ,
1, ,262, ,
1, ,262, ,
1, ,262, ,
1, ,262, ,
1, ,262, ,
0, ,262, ,
1, ,263, ,
1, ,262, ,
1, ,262, ,
1, ,262, ,
1, ,263, ,
0, ,262, ,
1, ,262, ,
0, ,263, ,
0, ,263, ,
1, ,262, ,
1, ,262, ,
0, ,262, ,
3, ,262, ,
0, ,262, ,
1, ,263, ,
1, ,262, ,
1, ,263, ,
0, ,261, ,
3, ,263, ,
1, ,263, ,
0, ,263, ,
1, ,262, ,
1, ,263, ,
0, ,262, ,
1, ,263, ,
1, ,262, ,
1, ,263, ,
1, ,261, ,
1, ,263, ,
0, ,262, ,
1, ,262, ,
0, ,261, ,
0, ,263, ,
1, ,262, ,
1, ,263, ,
0, ,262, ,
1, ,262, ,
1, ,262, ,
0, ,263, ,
1, ,262, ,
1, ,262, ,
0, ,262, ,
3, ,263, ,
0, ,262, ,
1, ,263, ,
1, ,262, ,
1, ,262, ,
0, ,262, ,
1, ,263, ,
1, ,262, ,
0, ,262, ,
1, ,262, ,
1, ,263, ,
0, ,262, ,
1, ,263, ,
0, ,262, ,
1, ,262, ,
1, ,262, ,
1, ,263, ,
0, ,264, ,
1, ,264, ,
1, ,262, ,
1, ,263, ,
1, ,263, ,
1, ,263, ,
0, ,262, ,
1, ,263, ,
0, ,263, ,
1, ,264, ,
1, ,263, ,
1, ,263, ,
0, ,263, ,
1, ,263, ,
0, ,262, ,
1, ,263, ,
1, ,263, ,
1, ,263, ,
0, ,262, ,
1, ,263, ,
0, ,263, ,
1, ,264, ,
1, ,263, ,
1, ,263, ,
0, ,263, ,
1, ,263, ,
0, ,263, ,
1, ,263, ,
1, ,263, ,
1, ,263, ,
0, ,263, ,
1, ,262, ,
1, ,261, ,
0, ,262, ,
1, ,262, ,
1, ,263, ,
0, ,262, ,
1, ,263, ,
1, ,263, ,
1, ,263, ,
1, ,263, ,
1, ,264, ,
0, ,262, ,
1, ,263, ,
0, ,263, ,
1, ,263, ,
1, ,263, ,
1, ,264, ,
0, ,263, ,
3, ,264, ,
1, ,262, ,
1, ,263, ,
1, ,262, ,
1, ,263, ,
0, ,263, ,
3, ,263, ,
0, ,263, ,
1, ,263, ,
1, ,262, ,
1, ,263, ,
0, ,263, ,
3, ,263, ,
0, ,262, ,
0, ,262, ,
1, ,263, ,
1, ,264, ,
0, ,262, ,
1, ,263, ,
0, ,263, ,
0, ,263, ,
1, ,263, ,
3, ,263, ,
0, ,263, ,
1, ,263, ,
0, ,262, ,
1, ,263, ,
1, ,262, ,
1, ,263, ,
0, ,262, ,
1, ,262, ,
0, ,263, ,
1, ,263, ,
1, ,263, ,
1, ,263, ,
0, ,263, ,
1, ,264, ,
0, ,262, ,
0, ,263, ,
1, ,263, ,
1, ,263, ,
0, ,262, ,
1, ,263, ,
0, ,263, ,
0, ,263, ,
1, ,263, ,
1, ,262, ,
0, ,262, ,
1, ,262, ,
0, ,262, ,
1, ,263, ,
1, ,262, ,
1, ,263, ,
0, ,262, ,
1, ,263, ,
0, ,263, ,
1, ,263, ,
1, ,263, ,
1, ,263, ,
-1, ,262, ,
1, ,263, ,
0, ,262, ,
1, ,263, ,
1, ,262, ,
1, ,263, ,
0, ,263, ,
3, ,263, ,
0, ,263, ,
0, ,263, ,
1, ,262, ,
1, ,263, ,
0, ,263, ,
1, ,263, ,
0, ,263, ,
1, ,263, ,
1, ,263, ,
3, ,263, ,
0, ,263, ,
3, ,262, ,
1, ,263, ,
0, ,263, ,
3, ,263, ,
1, ,263, ,
0, ,263, ,
1, ,264, ,
0, ,262, ,
1, ,263, ,
1, ,262, ,
1, ,263, ,
0, ,263, ,
1, ,262, ,
0, ,262, ,
0, ,263, ,
1, ,262, ,
3, ,263, ,
0, ,263, ,
1, ,263, ,
0, ,262, ,
1, ,263, ,
1, ,263, ,
1, ,263, ,
0, ,262, ,
1, ,263, ,
1, ,264, ,
1, ,264, ,
1, ,262, ,
1, ,263, ,
0, ,263, ,
1, ,263, ,
1, ,263, ,
0, ,263, ,
1, ,262, ,
1, ,263, ,
0, ,264, ,
1, ,263, ,
1, ,263, ,
1, ,264, ,
1, ,262, ,
1, ,263, ,
0, ,263, ,
1, ,263, ,
1, ,263, ,
1, ,262, ,
1, ,262, ,
1, ,263, ,
0, ,263, ,
3, ,263, ,
1, ,263, ,
0, ,264, ,
1, ,263, ,
1, ,263, ,
0, ,262, ,
1, ,263, ,
1, ,262, ,
1, ,263, ,
1, ,262, ,
1, ,264, ,
0, ,263, ,
1, ,262, ,
0, ,263, ,
1, ,263, ,
1, ,263, ,
1, ,264, ,
0, ,263, ,
1, ,263, ,
1, ,262, ,
1, ,263, ,
1, ,263, ,
1, ,263, ,
0, ,264, ,
3, ,263, ,
0, ,263, ,
1, ,263, ,
1, ,264, ,
1, ,263, ,
0, ,263, ,
1, ,263, ,
0, ,263, ,
1, ,263, ,
1, ,262, ,
1, ,263, ,
0, ,262, ,
1, ,263, ,
0, ,263, ,
0, ,263, ,
1, ,262, ,
1, ,263, ,
0, ,263, ,
1, ,263, ,
1, ,262, ,
1, ,263, ,
1, ,263, ,
1, ,264, ,
0, ,263, ,
1, ,263, ,
0, ,263, ,
1, ,263, ,
1, ,263, ,
1, ,263, ,
0, ,262, ,
1, ,264, ,
0, ,262, ,
1, ,263, ,
1, ,263, ,
1, ,263, ,
0, ,262, ,
1, ,263, ,
0, ,263, ,
0, ,263, ,
1, ,263, ,
1, ,263, ,
0, ,262, ,
1, ,263, ,
0, ,263, ,
1, ,263, ,
1, ,263, ,
1, ,263, ,
0, ,263, ,
1, ,263, ,
1, ,263, ,
0, ,263, ,
1, ,263, ,
1, ,262, ,
0, ,261, ,
1, ,263, ,
0, ,263, ,
1, ,263, ,
1, ,263, ,
1, ,264, ,
0, ,263, ,
1, ,263, ,
0, ,261, ,
1, ,262, ,
1, ,262, ,
3, ,253, ,
0, ,262, ,
1, ,271, ,
0, ,269, ,
0, ,261, ,
1, ,260, ,
1, ,263, ,
0, ,263, ,
1, ,262, ,
0, ,263, ,
0, ,263, ,
1, ,263, ,
1, ,262, ,
0, ,263, ,
1, ,264, ,
1, ,262, ,
1, ,263, ,
1, ,262, ,
1, ,263, ,
0, ,262, ,
1, ,263, ,
0, ,263, ,
1, ,264, ,
1, ,263, ,
3, ,262, ,
0, ,262, ,
3, ,263, ,
0, ,263, ,
1, ,263, ,
1, ,263, ,
1, ,263, ,
0, ,262, ,
1, ,263, ,
0, ,263, ,
1, ,263, ,
1, ,262, ,
1, ,263, ,
0, ,262, ,
1, ,263, ,
0, ,263, ,
1, ,263, ,
1, ,263, ,
1, ,263, ,
0, ,262, ,
1, ,262, ,
1, ,262, ,
1, ,263, ,
1, ,262, ,
1, ,263, ,
0, ,262, ,
1, ,264, ,
0, ,262, ,
1, ,262, ,
1, ,263, ,
1, ,263, ,
0, ,263, ,
1, ,263, ,
1, ,263, ,
1, ,263, ,
1, ,262, ,
1, ,263, ,
0, ,263, ,
1, ,263, ,
0, ,262, ,
1, ,263, ,
1, ,262, ,
1, ,263, ,
0, ,262, ,
1, ,262, ,
0, ,263, ,
0, ,263, ,
1, ,262, ,
1, ,263, ,
0, ,262, ,
1, ,263, ,
0, ,263, ,
0, ,263, ,
1, ,262, ,
1, ,264, ,
0, ,262, ,
3, ,262, ,
1, ,263, ,
1, ,263, ,
1, ,263, ,
1, ,262, ,
0, ,263, ,
1, ,263, ,
0, ,263, ,
1, ,263, ,
1, ,263, ,
1, ,263, ,
0, ,262, ,
1, ,262, ,
0, ,263, ,
0, ,263, ,
1, ,262, ,
1, ,263, ,
0, ,262, ,
3, ,263, ,
0, ,263, ,
0, ,263, ,
1, ,263, ,
1, ,263, ,
0, ,262, ,
1, ,261, ,
0, ,263, ,
0, ,263, ,
1, ,262, ,
1, ,263, ,
0, ,263, ,
1, ,263, ,
0, ,263, ,
1, ,263, ,
1, ,262, ,
1, ,263, ,
0, ,263, ,
1, ,263, ,
0, ,262, ,
0, ,263, ,
1, ,262, ,
1, ,262, ,
0, ,263, ,
1, ,264, ,
0, ,262, ,
0, ,263, ,
1, ,263, ,
1, ,263, ,
0, ,262, ,
3, ,263, ,
1, ,263, ,
0, ,262, ,
1, ,262, ,
1, ,263, ,
0, ,263, ,
1, ,264, ,
1, ,261, ,
1, ,263, ,
1, ,262, ,
1, ,264, ,
0, ,263, ,
1, ,262, ,
0, ,263, ,
1, ,263, ,
1, ,263, ,
1, ,263, ,
0, ,263, ,
1, ,263, ,
1, ,262, ,
1, ,262, ,
1, ,262, ,
1, ,263, ,
0, ,262, ,
3, ,263, ,
1, ,263, ,
1, ,262, ,
1, ,262, ,
1, ,263, ,
0, ,263, ,
1, ,263, ,
0, ,262, ,
1, ,263, ,
1, ,262, ,
1, ,263, ,
0, ,263, ,
1, ,262, ,
1, ,263, ,
1, ,263, ,
1, ,263, ,
1, ,262, ,
0, ,262, ,
1, ,263, ,
1, ,262, ,
1, ,262, ,
1, ,262, ,
1, ,263, ,
0, ,262, ,
3, ,262, ,
0, ,262, ,
0, ,263, ,
1, ,263, ,
1, ,263, ,
0, ,262, ,
1, ,263, ,
1, ,263, ,
1, ,263, ,
0, ,263, ,
1, ,262, ,
0, ,262, ,
1, ,262, ,
1, ,263, ,
1, ,263, ,
1, ,262, ,
1, ,262, ,
0, ,262, ,
1, ,263, ,
0, ,262, ,
1, ,262, ,
1, ,263, ,
1, ,263, ,
0, ,262, ,
1, ,262, ,
1, ,263, ,
0, ,263, ,
1, ,262, ,
1, ,263, ,
0, ,263, ,
1, ,264, ,
1, ,262, ,
1, ,262, ,
1, ,261, ,
1, ,263, ,
0, ,262, ,
1, ,263, ,
1, ,263, ,
1, ,262, ,
1, ,262, ,
1, ,263, ,
0, ,263, ,
1, ,263, ,
0, ,261, ,
1, ,262, ,
1, ,262, ,
1, ,263, ,
0, ,262, ,
1, ,263, ,
0, ,262, ,
1, ,262, ,
1, ,261, ,
1, ,263, ,
0, ,263, ,
1, ,263, ,
0, ,263, ,
0, ,263, ,
1, ,262, ,
1, ,263, ,
0, ,262, ,
1, ,263, ,
1, ,263, ,
1, ,262, ,
1, ,262, ,
3, ,263, ,
0, ,263, ,
1, ,262, ,
0, ,262, ,
1, ,263, ,
1, ,263, ,
1, ,263, ,
0, ,262, ,
1, ,263, ,
0, ,262, ,
0, ,263, ,
1, ,262, ,
1, ,263, ,
0, ,262, ,
3, ,263, ,
1, ,262, ,
1, ,262, ,
1, ,263, ,
1, ,263, ,
0, ,261, ,
1, ,263, ,
0, ,263, ,
1, ,263, ,
1, ,262, ,
1, ,262, ,
0, ,262, ,
1, ,263, ,
0, ,262, ,
1, ,263, ,
1, ,263, ,
1, ,263, ,
0, ,262, ,
3, ,264, ,
1, ,263, ,
1, ,263, ,
1, ,263, ,
1, ,262, ,
0, ,262, ,
1, ,263, ,
0, ,262, ,
1, ,263, ,
1, ,263, ,
1, ,263, ,
-1, ,261, ,
1, ,262, ,
0, ,262, ,
1, ,263, ,
1, ,262, ,
1, ,262, ,
0, ,263, ,
3, ,262, ,
1, ,263, ,
1, ,263, ,
1, ,263, ,
1, ,262, ,
0, ,262, ,
3, ,262, ,
1, ,262, ,
1, ,263, ,
1, ,262, ,
1, ,262, ,
0, ,263, ,
1, ,263, ,
0, ,262, ,
1, ,262, ,
1, ,263, ,
1, ,263, ,
0, ,262, ,
1, ,263, ,
1, ,263, ,
1, ,263, ,
1, ,262, ,
1, ,262, ,
0, ,263, ,
1, ,262, ,
1, ,263, ,
1, ,262, ,
1, ,263, ,
1, ,263, ,
0, ,262, ,
3, ,262, ,
1, ,262, ,
1, ,263, ,
1, ,263, ,
1, ,263, ,
0, ,262, ,
3, ,263, ,
1, ,263, ,
1, ,262, ,
1, ,263, ,
134, ,263, ,
78, ,262, ,
44, ,262, ,
30, ,262, ,
24, ,262, ,
15, ,262, ,
8, ,262, ,
5, ,262, ,
9, ,262, ,
6, ,262, ,
4, ,263, ,
5, ,263, ,
5, ,263, ,
4, ,262, ,
5, ,262, ,
3, ,263, ,
4, ,263, ,
5, ,263, ,
4, ,262, ,
3, ,262, ,
5, ,262, ,
3, ,261, ,
3, ,262, ,
4, ,262, ,
4, ,262, ,
3, ,262, ,
5, ,262, ,
3, ,263, ,
3, ,263, ,
4, ,262, ,
4, ,263, ,
3, ,263, ,
4, ,263, ,
3, ,263, ,
3, ,263, ,
4, ,262, ,
4, ,263, ,
1, ,262, ,
5, ,262, ,
3, ,263, ,
3, ,263, ,
4, ,262, ,
4, ,262, ,
3, ,263, ,
4, ,263, ,
1, ,261, ,
3, ,263, ,
4, ,262, ,
4, ,263, ,
1, ,262, ,
4, ,263, ,
3, ,262, ,
4, ,263, ,
4, ,262, ,
4, ,263, ,
1, ,263, ,
4, ,263, ,
3, ,263, ,
3, ,263, ,
4, ,263, ,
4, ,264, ,
1, ,262, ,
4, ,262, ,
1, ,263, ,
3, ,263, ,
3, ,263, ,
4, ,262, ,
1, ,262, ,
4, ,262, ,
3, ,262, ,
3, ,262, ,
4, ,261, ,
4, ,263, ,
3, ,262, ,
4, ,262, ,
3, ,263, ,
3, ,263, ,
4, ,262, ,
4, ,263, ,
1, ,262, ,
4, ,262, ,
3, ,263, ,
3, ,263, ,
3, ,263, ,
3, ,263, ,
1, ,262, ,
4, ,262, ,
3, ,262, ,
3, ,262, ,
4, ,262, ,
4, ,262, ,
3, ,262, ,
4, ,264, ,
3, ,262, ,
3, ,263, ,
3, ,263, ,
4, ,263, ,
1, ,262, ,
4, ,262, ,
1, ,261, ,
3, ,262, ,
3, ,262, ,
3, ,263, ,
1, ,264, ,
4, ,263, ,
3, ,262, ,
3, ,263, ,
3, ,262, ,
3, ,262, ,
1, ,262, ,
4, ,263, ,
1, ,263, ,
3, ,263, ,
3, ,262, ,
3, ,263, ,
1, ,263, ,
3, ,263, ,
3, ,263, ,
3, ,263, ,
3, ,262, ,
3, ,262, ,
1, ,263, ,
3, ,263, ,
3, ,264, ,
3, ,262, ,
3, ,262, ,
3, ,262, ,
1, ,262, ,
4, ,263, ,
1, ,262, ,
3, ,263, ,
3, ,263, ,
3, ,262, ,
1, ,262, ,
4, ,263, ,
3, ,263, ,
3, ,263, ,
3, ,262, ,
3, ,263, ,
1, ,263, ,
4, ,264, ,
3, ,263, ,
3, ,262, ,
3, ,262, ,
3, ,262, ,
1, ,262, ,
4, ,261, ,
3, ,263, ,
3, ,263, ,
3, ,262, ,
3, ,262, ,
1, ,262, ,
4, ,263, ,
1, ,262, ,
3, ,262, ,
3, ,262, ,
3, ,263, ,
1, ,262, ,
4, ,263, ,
1, ,262, ,
3, ,263, ,
3, ,262, ,
3, ,262, ,
1, ,261, ,
3, ,263, ,
1, ,262, ,
3, ,263, ,
3, ,262, ,
3, ,262, ,
1, ,262, ,
3, ,262, ,
3, ,262, ,
3, ,262, ,
3, ,262, ,
3, ,263, ,
1, ,262, ,
4, ,262, ,
3, ,262, ,
3, ,263, ,
3, ,263, ,
3, ,263, ,
1, ,261, ,
4, ,262, ,
3, ,263, ,
3, ,263, ,
3, ,262, ,
3, ,262, ,
1, ,263, ,
4, ,263, ,
1, ,262, ,
3, ,262, ,
3, ,262, ,
3, ,263, ,
1, ,262, ,
3, ,263, ,
3, ,262, ,
3, ,263, ,
3, ,260, ,
3, ,262, ,
1, ,263, ,
4, ,263, ,
3, ,262, ,
3, ,263, ,
3, ,262, ,
3, ,263, ,
1, ,262, ,
3, ,263, ,
1, ,263, ,
3, ,263, ,
3, ,262, ,
3, ,263, ,
1, ,263, ,
4, ,263, ,
1, ,262, ,
3, ,262, ,
3, ,262, ,
3, ,263, ,
1, ,262, ,
3, ,263, ,
3, ,262, ,
3, ,263, ,
3, ,262, ,
3, ,263, ,
1, ,262, ,
3, ,263, ,
1, ,262, ,
1, ,263, ,
1, ,262, ,
3, ,263, ,
1, ,262, ,
3, ,262, ,
3, ,263, ,
3, ,263, ,
4, ,262, ,
3, ,262, ,
1, ,262, ,
3, ,263, ,
1, ,262, ,
3, ,263, ,
3, ,263, ,
3, ,263, ,
1, ,262, ,
3, ,263, ,
1, ,263, ,
3, ,263, ,
3, ,261, ,
3, ,263, ,
1, ,263, ,
3, ,263, ,
1, ,262, ,
3, ,263, ,
3, ,262, ,
3, ,263, ,
1, ,263, ,
3, ,263, ,
1, ,263, ,
3, ,263, ,
3, ,262, ,
3, ,263, ,
1, ,262, ,
3, ,263, ,
3, ,262, ,
3, ,263, ,
3, ,262, ,
3, ,262, ,
1, ,263, ,
3, ,263, ,
1, ,262, ,
3, ,263, ,
3, ,262, ,
3, ,262, ,
1, ,262, ,
3, ,263, ,
1, ,262, ,
1, ,263, ,
3, ,262, ,
3, ,263, ,
1, ,262, ,
3, ,262, ,
1, ,263, ,
3, ,263, ,
3, ,262, ,
3, ,263, ,
1, ,262, ,
3, ,262, ,
1, ,262, ,
3, ,263, ,
3, ,262, ,
3, ,263, ,
1, ,262, ,
3, ,263, ,
1, ,263, ,
1, ,262, ,
3, ,262, ,
3, ,262, ,
1, ,263, ,
3, ,263, ,
1, ,262, ,
3, ,262, ,
3, ,262, ,
3, ,263, ,
1, ,262, ,
3, ,263, ,
1, ,263, ,
1, ,262, ,
3, ,262, ,
3, ,263, ,
1, ,263, ,
3, ,263, ,
1, ,262, ,
3, ,262, ,
3, ,262, ,
3, ,263, ,
1, ,262, ,
3, ,263, ,
1, ,263, ,
3, ,263, ,
3, ,262, ,
3, ,262, ,
1, ,262, ,
3, ,262, ,
1, ,262, ,
1, ,263, ,
3, ,262, ,
3, ,262, ,
1, ,262, ,
3, ,263, ,
1, ,262, ,
3, ,263, ,
3, ,262, ,
1, ,263, ,
0, ,262, ,
3, ,262, ,
3, ,263, ,
3, ,262, ,
3, ,262, ,
3, ,261, ,
1, ,260, ,
3, ,260, ,
1, ,263, ,
1, ,266, ,
3, ,265, ,
3, ,264, ,
1, ,263, ,
3, ,261, ,
1, ,261, ,
3, ,261, ,
3, ,262, ,
3, ,263, ,
1, ,261, ,
3, ,262, ,
1, ,262, ,
1, ,262, ,
3, ,262, ,
3, ,262, ,
1, ,262, ,
3, ,262, ,
1, ,262, ,
3, ,262, ,
1, ,261, ,
3, ,262, ,
1, ,261, ,
3, ,262, ,
1, ,262, ,
1, ,263, ,
3, ,261, ,
3, ,263, ,
0, ,262, ,
3, ,263, ,
1, ,263, ,
3, ,262, ,
1, ,262, ,
3, ,262, ,
1, ,262, ,
3, ,262, ,
1, ,263, ,
1, ,263, ,
3, ,262, ,
3, ,261, ,
1, ,261, ,
3, ,263, ,
1, ,262, ,
1, ,262, ,
1, ,263, ,
1, ,263, ,
1, ,262, ,
3, ,262, ,
1, ,262, ,
1, ,263, ,
1, ,262, ,
3, ,261, ,
0, ,262, ,
3, ,263, ,
1, ,262, ,
1, ,262, ,
3, ,263, ,
1, ,262, ,
0, ,262, ,
3, ,262, ,
1, ,263, ,
1, ,263, ,
3, ,261, ,
3, ,262, ,
0, ,262, ,
3, ,263, ,
1, ,262, ,
1, ,261, ,
3, ,262, ,
1, ,262, ,
0, ,262, ,
3, ,262, ,
1, ,261, ,
1, ,263, ,
3, ,261, ,
1, ,262, ,
0, ,262, ,
3, ,264, ,
1, ,262, ,
1, ,262, ,
3, ,262, ,
1, ,263, ,
1, ,262, ,
3, ,262, ,
1, ,263, ,
3, ,262, ,
3, ,262, ,
3, ,263, ,
1, ,262, ,
3, ,262, ,
1, ,262, ,
3, ,262, ,
3, ,262, ,
3, ,262, ,
1, ,262, ,
3, ,263, ,
1, ,262, ,
1, ,263, ,
1, ,262, ,
3, ,263, ,
0, ,263, ,
3, ,263, ,
1, ,262, ,
1, ,263, ,
1, ,263, ,
3, ,264, ,
1, ,262, ,
3, ,263, ,
1, ,263, ,
1, ,262, ,
3, ,262, ,
3, ,263, ,
1, ,262, ,
3, ,263, ,
1, ,263, ,
1, ,263, ,
3, ,262, ,
3, ,264, ,
1, ,263, ,
3, ,263, ,
1, ,263, ,
1, ,264, ,
3, ,262, ,
3, ,263, ,
0, ,263, ,
3, ,263, ,
1, ,262, ,
1, ,264, ,
3, ,262, ,
1, ,264, ,
0, ,263, ,
3, ,262, ,
1, ,263, ,
1, ,263, ,
1, ,262, ,
1, ,263, ,
0, ,263, ,
3, ,263, ,
1, ,262, ,
1, ,262, ,
3, ,262, ,
1, ,263, ,
1, ,262, ,
3, ,263, ,
1, ,264, ,
1, ,263, ,
1, ,263, ,
3, ,263, ,
0, ,263, ,
3, ,264, ,
1, ,262, ,
1, ,263, ,
1, ,263, ,
3, ,264, ,
0, ,262, ,
3, ,263, ,
1, ,263, ,
1, ,264, ,
1, ,263, ,
3, ,263, ,
0, ,262, ,
3, ,263, ,
1, ,263, ,
1, ,263, ,
1, ,262, ,
1, ,263, ,
0, ,262, ,
3, ,263, ,
1, ,263, ,
1, ,263, ,
3, ,262, ,
3, ,262, ,
0, ,263, ,
3, ,264, ,
1, ,262, ,
1, ,263, ,
1, ,263, ,
1, ,263, ,
0, ,263, ,
3, ,263, ,
1, ,264, ,
1, ,263, ,
3, ,262, ,
1, ,263, ,
0, ,263, ,
3, ,264, ,
1, ,263, ,
1, ,262, ,
1, ,262, ,
1, ,262, ,
0, ,263, ,
3, ,263, ,
1, ,263, ,
1, ,263, ,
1, ,263, ,
1, ,263, ,
0, ,264, ,
3, ,263, ,
1, ,262, ,
1, ,262, ,
3, ,262, ,
3, ,263, ,
0, ,263, ,
1, ,264, ,
1, ,264, ,
1, ,264, ,
1, ,263, ,
1, ,262, ,
0, ,263, ,
3, ,262, ,
1, ,263, ,
1, ,263, ,
3, ,263, ,
3, ,263, ,
0, ,262, ,
3, ,263, ,
1, ,263, ,
1, ,263, ,
3, ,262, ,
1, ,263, ,
0, ,263, ,
3, ,262, ,
1, ,263, ,
1, ,262, ,
1, ,262, ,
1, ,263, ,
0, ,262, ,
3, ,263, ,
1, ,262, ,
1, ,263, ,
1, ,262, ,
3, ,263, ,
0, ,263, ,
3, ,263, ,
1, ,262, ,
1, ,262, ,
1, ,262, ,
1, ,263, ,
0, ,263, ,
3, ,262, ,
1, ,263, ,
1, ,263, ,
1, ,262, ,
3, ,263, ,
0, ,262, ,
3, ,263, ,
1, ,263, ,
1, ,263, ,
3, ,262, ,
3, ,263, ,
0, ,262, ,
3, ,263, ,
1, ,263, ,
1, ,263, ,
1, ,262, ,
1, ,263, ,
0, ,263, ,
3, ,264, ,
1, ,262, ,
1, ,263, ,
1, ,263, ,
3, ,262, ,
0, ,263, ,
3, ,264, ,
1, ,262, ,
1, ,263, ,
1, ,262, ,
1, ,262, ,
0, ,263, ,
3, ,263, ,
1, ,263, ,
1, ,262, ,
3, ,262, ,
1, ,263, ,
0, ,263, ,
3, ,263, ,
1, ,263, ,
1, ,264, ,
1, ,262, ,
1, ,263, ,
0, ,263, ,
1, ,263, ,
1, ,263, ,
1, ,263, ,
1, ,262, ,
1, ,264, ,
0, ,262, ,
3, ,263, ,
1, ,263, ,
1, ,264, ,
1, ,262, ,
1, ,263, ,
0, ,262, ,
1, ,263, ,
1, ,262, ,
1, ,262, ,
3, ,263, ,
1, ,263, ,
0, ,262, ,
3, ,263, ,
1, ,264, ,
1, ,263, ,
1, ,262, ,
1, ,263, ,
0, ,263, ,
3, ,262, ,
1, ,262, ,
1, ,263, ,
1, ,262, ,
1, ,263, ,
0, ,262, ,
1, ,263, ,
1, ,262, ,
1, ,263, ,
3, ,262, ,
3, ,262, ,
0, ,263, ,
3, ,263, ,
1, ,261, ,
1, ,263, ,
1, ,262, ,
1, ,263, ,
0, ,262, ,
3, ,263, ,
1, ,263, ,
1, ,263, ,
1, ,262, ,
1, ,263, ,
0, ,263, ,
3, ,263, ,
1, ,262, ,
1, ,262, ,
1, ,262, ,
1, ,263, ,
0, ,262, ,
3, ,262, ,
1, ,263, ,
1, ,262, ,
1, ,262, ,
1, ,263, ,
0, ,262, ,
3, ,262, ,
1, ,263, ,
1, ,263, ,
1, ,262, ,
3, ,263, ,
0, ,262, ,
3, ,263, ,
1, ,263, ,
1, ,263, ,
3, ,262, ,
1, ,263, ,
0, ,263, ,
1, ,262, ,
1, ,263, ,
1, ,263, ,
1, ,263, ,
1, ,263, ,
0, ,262, ,
1, ,263, ,
1, ,262, ,
1, ,263, ,
1, ,263, ,
3, ,262, ,
0, ,262, ,
3, ,263, ,
1, ,262, ,
1, ,263, ,
1, ,262, ,
1, ,262, ,
0, ,263, ,
3, ,262, ,
1, ,263, ,
1, ,264, ,
1, ,262, ,
1, ,264, ,
0, ,262, ,
1, ,264, ,
1, ,263, ,
1, ,263, ,
1, ,262, ,
1, ,264, ,
0, ,263, ,
3, ,262, ,
1, ,263, ,
1, ,263, ,
1, ,263, ,
3, ,264, ,
0, ,263, ,
3, ,263, ,
1, ,262, ,
1, ,262, ,
1, ,263, ,
3, ,263, ,
0, ,262, ,
3, ,263, ,
1, ,263, ,
1, ,263, ,
1, ,262, ,
1, ,263, ,
0, ,263, ,
3, ,263, ,
1, ,262, ,
1, ,263, ,
1, ,263, ,
1, ,262, ,
0, ,262, ,
1, ,263, ,
1, ,263, ,
1, ,263, ,
1, ,262, ,
1, ,262, ,
0, ,263, ,
3, ,263, ,
1, ,262, ,
1, ,263, ,
1, ,263, ,
1, ,263, ,
0, ,262, ,
3, ,262, ,
1, ,262, ,
1, ,263, ,
1, ,263, ,
1, ,263, ,
0, ,262, ,
1, ,263, ,
1, ,261, ,
1, ,264, ,
1, ,263, ,
1, ,263, ,
0, ,262, ,
3, ,262, ,
1, ,262, ,
1, ,263, ,
1, ,262, ,
1, ,263, ,
0, ,262, ,
3, ,263, ,
1, ,262, ,
1, ,262, ,
1, ,262, ,
1, ,263, ,
0, ,263, ,
3, ,263, ,
1, ,263, ,
1, ,263, ,
1, ,262, ,
1, ,262, ,
0, ,262, ,
3, ,262, ,
1, ,262, ,
1, ,262, ,
1, ,263, ,
1, ,263, ,
0, ,262, ,
3, ,263, ,
1, ,263, ,
1, ,263, ,
1, ,262, ,
3, ,262, ,
0, ,263, ,
3, ,263, ,
1, ,262, ,
1, ,262, ,
1, ,262, ,
3, ,263, ,
0, ,262, ,
3, ,262, ,
1, ,263, ,
1, ,263, ,
1, ,262, ,
1, ,262, ,
0, ,263, ,
3, ,263, ,
1, ,263, ,
1, ,263, ,
1, ,263, ,
1, ,263, ,
0, ,262, ,
3, ,263, ,
1, ,262, ,
1, ,263, ,
1, ,262, ,
1, ,263, ,
0, ,263, ,
3, ,263, ,
1, ,262, ,
1, ,263, ,
1, ,263, ,
3, ,263, ,
0, ,262, ,
1, ,262, ,
1, ,263, ,
1, ,263, ,
3, ,261, ,
1, ,263, ,
0, ,262, ,
3, ,263, ,
1, ,263, ,
1, ,263, ,
1, ,263, ,
1, ,263, ,
0, ,263, ,
3, ,263, ,
1, ,263, ,
1, ,263, ,
1, ,263, ,
1, ,262, ,
0, ,262, ,
1, ,263, ,
0, ,262, ,
1, ,262, ,
1, ,263, ,
1, ,262, ,
0, ,262, ,
1, ,262, ,
0, ,263, ,
1, ,262, ,
1, ,262, ,
1, ,263, ,
0, ,263, ,
3, ,263, ,
1, ,262, ,
1, ,262, ,
1, ,263, ,
1, ,264, ,
0, ,263, ,
1, ,263, ,
0, ,263, ,
1, ,263, ,
1, ,262, ,
1, ,262, ,
0, ,263, ,
1, ,263, ,
0, ,263, ,
1, ,263, ,
1, ,262, ,
1, ,263, ,
0, ,263, ,
3, ,263, ,
1, ,263, ,
1, ,263, ,
1, ,262, ,
1, ,263, ,
0, ,262, ,
1, ,263, ,
1, ,263, ,
1, ,263, ,
1, ,262, ,
1, ,263, ,
0, ,262, ,
1, ,262, ,
0, ,263, ,
1, ,263, ,
1, ,263, ,
1, ,263, ,
0, ,262, ,
3, ,263, ,
1, ,262, ,
1, ,263, ,
1, ,262, ,
1, ,263, ,
0, ,262, ,
1, ,263, ,
1, ,263, ,
1, ,263, ,
1, ,262, ,
1, ,262, ,
0, ,263, ,
1, ,263, ,
0, ,263, ,
1, ,262, ,
3, ,263, ,
3, ,263, ,
0, ,262, ,
3, ,263, ,
1, ,263, ,
1, ,263, ,
3, ,262, ,
1, ,263, ,
0, ,262, ,
3, ,262, ,
0, ,262, ,
1, ,262, ,
1, ,263, ,
1, ,263, ,
0, ,262, ,
1, ,263, ,
0, ,263, ,
0, ,263, ,
1, ,262, ,
1, ,263, ,
0, ,263, ,
3, ,263, ,
0, ,262, ,
1, ,263, ,
1, ,262, ,
3, ,262, ,
0, ,262, ,
3, ,263, ,
1, ,262, ,
1, ,263, ,
1, ,262, ,
3, ,262, ,
0, ,263, ,
1, ,262, ,
1, ,263, ,
1, ,263, ,
1, ,262, ,
1, ,263, ,
0, ,262, ,
3, ,262, ,
1, ,263, ,
1, ,263, ,
3, ,262, ,
1, ,262, ,
0, ,262, ,
1, ,263, ,
1, ,262, ,
1, ,263, ,
1, ,262, ,
1, ,263, ,
0, ,262, ,
1, ,263, ,
0, ,263, ,
1, ,263, ,
1, ,262, ,
1, ,262, ,
0, ,262, ,
3, ,263, ,
1, ,262, ,
1, ,263, ,
1, ,262, ,
1, ,263, ,
0, ,263, ,
3, ,262, ,
1, ,262, ,
1, ,263, ,
1, ,262, ,
1, ,261, ,
0, ,261, ,
1, ,262, ,
1, ,262, ,
1, ,264, ,
1, ,263, ,
1, ,263, ,
0, ,262, ,
1, ,262, ,
0, ,262, ,
1, ,262, ,
1, ,262, ,
1, ,263, ,
0, ,263, ,
3, ,263, ,
1, ,262, ,
1, ,262, ,
1, ,262, ,
1, ,262, ,
0, ,262, ,
1, ,263, ,
0, ,263, ,
1, ,263, ,
1, ,263, ,
1, ,262, ,
0, ,262, ,
1, ,263, ,
1, ,263, ,
1, ,262, ,
1, ,262, ,
1, ,263, ,
0, ,262, ,
1, ,263, ,
1, ,263, ,
1, ,262, ,
1, ,262, ,
1, ,263, ,
0, ,262, ,
1, ,263, ,
0, ,262, ,
1, ,262, ,
1, ,262, ,
1, ,263, ,
0, ,263, ,
1, ,263, ,
1, ,262, ,
1, ,263, ,
1, ,262, ,
1, ,262, ,
0, ,263, ,
1, ,263, ,
0, ,262, ,
1, ,263, ,
1, ,263, ,
1, ,262, ,
0, ,262, ,
1, ,262, ,
1, ,262, ,
1, ,262, ,
1, ,263, ,
1, ,263, ,
0, ,263, ,
1, ,263, ,
1, ,263, ,
1, ,263, ,
1, ,262, ,
3, ,263, ,
0, ,263, ,
3, ,262, ,
1, ,262, ,
1, ,263, ,
1, ,262, ,
1, ,262, ,
0, ,262, ,
1, ,263, ,
1, ,262, ,
1, ,262, ,
1, ,262, ,
1, ,263, ,
0, ,262, ,
1, ,263, ,
1, ,262, ,
1, ,263, ,
1, ,262, ,
1, ,263, ,
0, ,263, ,
3, ,263, ,
0, ,262, ,
1, ,262, ,
1, ,263, ,
1, ,263, ,
0, ,262, ,
3, ,262, ,
0, ,263, ,
0, ,263, ,
1, ,263, ,
1, ,263, ,
0, ,263, ,
3, ,263, ,
0, ,262, ,
1, ,263, ,
1, ,263, ,
1, ,263, ,
0, ,262, ,
3, ,262, ,
1, ,263, ,
1, ,263, ,
1, ,263, ,
1, ,263, ,
0, ,262, ,
3, ,263, ,
0, ,262, ,
1, ,263, ,
1, ,262, ,
1, ,262, ,
0, ,262, ,
3, ,263, ,
0, ,263, ,
0, ,263, ,
1, ,262, ,
1, ,263, ,
0, ,263, ,
1, ,263, ,
1, ,262, ,
1, ,263, ,
1, ,263, ,
1, ,263, ,
0, ,262, ,
1, ,263, ,
1, ,263, ,
1, ,263, ,
1, ,262, ,
1, ,262, ,
0, ,263, ,
1, ,262, ,
0, ,262, ,
1, ,263, ,
1, ,263, ,
1, ,263, ,
0, ,262, ,
1, ,263, ,
1, ,264, ,
1, ,263, ,
1, ,263, ,
1, ,263, ,
0, ,263, ,
3, ,262, ,
0, ,263, ,
1, ,263, ,
1, ,263, ,
1, ,263, ,
0, ,262, ,
1, ,263, ,
0, ,263, ,
1, ,263, ,
1, ,263, ,
1, ,263, ,
0, ,263, ,
1, ,263, ,
1, ,263, ,
1, ,263, ,
1, ,263, ,
1, ,263, ,
0, ,262, ,
1, ,262, ,
0, ,263, ,
1, ,263, ,
1, ,263, ,
1, ,263, ,
0, ,262, ,
1, ,263, ,
1, ,262, ,
0, ,263, ,
1, ,262, ,
1, ,262, ,
0, ,262, ,
1, ,263, ,
1, ,262, ,
1, ,263, ,
1, ,262, ,
1, ,262, ,
0, ,263, ,
1, ,262, ,
1, ,262, ,
1, ,263, ,
1, ,263, ,
1, ,263, ,
0, ,263, ,
1, ,262, ,
0, ,263, ,
1, ,262, ,
1, ,262, ,
1, ,263, ,
0, ,262, ,
1, ,262, ,
1, ,262, ,
1, ,262, ,
1, ,262, ,
1, ,262, ,
0, ,262, ,
1, ,262, ,
0, ,262, ,
1, ,263, ,
1, ,262, ,
1, ,263, ,
0, ,261, ,
1, ,262, ,
1, ,262, ,
1, ,263, ,
1, ,263, ,
1, ,262, ,
0, ,262, ,
3, ,262, ,
1, ,263, ,
1, ,262, ,
1, ,262, ,
3, ,263, ,
0, ,264, ,
1, ,264, ,
0, ,263, ,
1, ,262, ,
118, ,259, ,
72, ,261, ,
38, ,264, ,
27, ,268, ,
22, ,265, ,
14, ,262, ,
8, ,261, ,
5, ,263, ,
5, ,264, ,
8, ,264, ,
4, ,262, ,
3, ,263, ,
4, ,262, ,
4, ,262, ,
3, ,263, ,
4, ,263, ,
1, ,262, ,
3, ,263, ,
4, ,262, ,
4, ,263, ,
1, ,262, ,
4, ,263, ,
3, ,262, ,
4, ,262, ,
4, ,262, ,
4, ,263, ,
1, ,262, ,
4, ,262, ,
3, ,263, ,
3, ,264, ,
4, ,263, ,
4, ,262, ,
1, ,262, ,
4, ,263, ,
3, ,262, ,
3, ,262, ,
4, ,262, ,
4, ,263, ,
1, ,263, ,
4, ,262, ,
1, ,263, ,
3, ,263, ,
4, ,262, ,
4, ,262, ,
1, ,262, ,
4, ,262, ,
1, ,262, ,
3, ,264, ,
4, ,262, ,
4, ,262, ,
1, ,262, ,
4, ,262, ,
1, ,262, ,
3, ,262, ,
4, ,263, ,
4, ,263, ,
1, ,263, ,
4, ,263, ,
1, ,262, ,
3, ,263, ,
4, ,262, ,
4, ,263, ,
3, ,263, ,
4, ,263, ,
1, ,263, ,
3, ,263, ,
3, ,262, ,
4, ,263, ,
1, ,263, ,
4, ,263, ,
3, ,263, ,
3, ,263, ,
4, ,262, ,
3, ,263, ,
3, ,262, ,
4, ,263, ,
3, ,263, ,
3, ,263, ,
4, ,263, ,
4, ,263, ,
1, ,262, ,
4, ,263, ,
3, ,263, ,
3, ,263, ,
4, ,263, ,
4, ,263, ,
3, ,262, ,
4, ,263, ,
3, ,263, ,
3, ,263, ,
4, ,263, ,
4, ,263, ,
1, ,262, ,
4, ,263, ,
3, ,262, ,
3, ,263, ,
3, ,262, ,
4, ,263, ,
1, ,263, ,
4, ,262, ,
3, ,263, ,
3, ,263, ,
4, ,262, ,
3, ,263, ,
1, ,262, ,
4, ,263, ,
1, ,262, ,
3, ,262, ,
3, ,263, ,
4, ,263, ,
1, ,262, ,
5, ,263, ,
1, ,262, ,
3, ,264, ,
3, ,262, ,
3, ,263, ,
1, ,263, ,
4, ,263, ,
1, ,263, ,
3, ,262, ,
4, ,263, ,
3, ,264, ,
1, ,263, ,
4, ,263, ,
1, ,263, ,
3, ,264, ,
3, ,263, ,
4, ,263, ,
3, ,263, ,
4, ,263, ,
1, ,263, ,
3, ,263, ,
3, ,263, ,
3, ,263, ,
1, ,262, ,
4, ,263, ,
1, ,264, ,
3, ,264, ,
3, ,263, ,
3, ,263, ,
1, ,262, ,
3, ,263, ,
3, ,263, ,
3, ,263, ,
3, ,263, ,
3, ,263, ,
1, ,262, ,
4, ,262, ,
3, ,263, ,
3, ,263, ,
3, ,262, ,
3, ,263, ,
1, ,263, ,
4, ,263, ,
3, ,262, ,
3, ,263, ,
3, ,263, ,
3, ,262, ,
1, ,262, ,
4, ,263, ,
3, ,263, ,
3, ,264, ,
3, ,262, ,
3, ,262, ,
1, ,262, ,
4, ,263, ,
3, ,261, ,
1, ,260, ,
3, ,260, ,
3, ,261, ,
1, ,263, ,
3, ,265, ,
1, ,265, ,
3, ,264, ,
3, ,262, ,
3, ,263, ,
1, ,261, ,
4, ,261, ,
3, ,261, ,
3, ,262, ,
3, ,263, ,
3, ,263, ,
1, ,262, ,
4, ,262, ,
3, ,263, ,
3, ,263, ,
3, ,262, ,
3, ,262, ,
1, ,262, ,
4, ,263, ,
1, ,262, ,
3, ,262, ,
3, ,262, ,
3, ,263, ,
1, ,262, ,
3, ,262, ,
1, ,262, ,
3, ,263, ,
3, ,262, ,
3, ,262, ,
1, ,261, ,
4, ,262, ,
3, ,262, ,
3, ,263, ,
3, ,262, ,
3, ,263, ,
1, ,262, ,
4, ,262, ,
1, ,262, ,
3, ,262, ,
3, ,262, ,
3, ,262, ,
1, ,263, ,
3, ,263, ,
3, ,262, ,
3, ,263, ,
3, ,263, ,
3, ,263, ,
1, ,260, ,
3, ,260, ,
1, ,262, ,
1, ,263, ,
3, ,263, ,
3, ,262, ,
1, ,262, ,
3, ,262, ,
3, ,262, ,
3, ,261, ,
3, ,261, ,
3, ,262, ,
1, ,262, ,
4, ,263, ,
1, ,263, ,
1, ,263, ,
3, ,262, ,
3, ,263, ,
1, ,262, ,
3, ,263, ,
1, ,262, ,
3, ,262, ,
3, ,262, ,
3, ,263, ,
1, ,262, ,
3, ,262, ,
1, ,262, ,
3, ,263, ,
3, ,262, ,
3, ,262, ,
1, ,262, ,
3, ,263, ,
1, ,262, ,
3, ,262, ,
3, ,262, ,
3, ,262, ,
1, ,262, ,
4, ,263, ,
1, ,262, ,
3, ,263, ,
3, ,263, ,
3, ,262, ,
1, ,262, ,
3, ,263, ,
1, ,262, ,
3, ,263, ,
3, ,262, ,
3, ,262, ,
1, ,262, ,
3, ,263, ,
1, ,263, ,
1, ,263, ,
3, ,262, ,
3, ,263, ,
1, ,262, ,
3, ,263, ,
1, ,263, ,
3, ,263, ,
3, ,263, ,
3, ,263, ,
1, ,262, ,
4, ,262, ,
1, ,263, ,
3, ,263, ,
3, ,262, ,
3, ,263, ,
1, ,263, ,
3, ,264, ,
1, ,263, ,
1, ,262, ,
3, ,263, ,
1, ,263, ,
1, ,264, ,
3, ,263, ,
1, ,264, ,
1, ,263, ,
1, ,262, ,
3, ,262, ,
1, ,263, ,
3, ,263, ,
1, ,263, ,
3, ,263, ,
3, ,263, ,
3, ,263, ,
1, ,262, ,
3, ,264, ,
1, ,263, ,
1, ,263, ,
3, ,263, ,
3, ,263, ,
1, ,263, ,
3, ,263, ,
1, ,262, ,
3, ,262, ,
1, ,263, ,
3, ,263, ,
1, ,263, ,
3, ,262, ,
1, ,262, ,
3, ,263, ,
3, ,262, ,
3, ,262, ,
1, ,262, ,
3, ,262, ,
1, ,263, ,
3, ,263, ,
3, ,262, ,
3, ,263, ,
0, ,262, ,
3, ,263, ,
1, ,263, ,
3, ,263, ,
3, ,262, ,
1, ,263, ,
1, ,263, ,
3, ,263, ,
1, ,262, ,
1, ,263, ,
3, ,263, ,
3, ,264, ,
0, ,262, ,
3, ,263, ,
1, ,263, ,
1, ,263, ,
3, ,263, ,
3, ,263, ,
0, ,263, ,
3, ,263, ,
1, ,262, ,
3, ,263, ,
3, ,263, ,
3, ,263, ,
1, ,262, ,
3, ,263, ,
1, ,264, ,
1, ,263, ,
3, ,262, ,
3, ,263, ,
0, ,263, ,
3, ,263, ,
1, ,262, ,
3, ,263, ,
3, ,263, ,
3, ,263, ,
1, ,263, ,
3, ,262, ,
1, ,262, ,
3, ,263, ,
3, ,263, ,
1, ,263, ,
0, ,262, ,
3, ,263, ,
1, ,263, ,
3, ,263, ,
3, ,263, ,
1, ,263, ,
1, ,263, ,
3, ,263, ,
1, ,262, ,
1, ,263, ,
3, ,263, ,
1, ,263, ,
0, ,262, ,
3, ,263, ,
1, ,263, ,
3, ,263, ,
3, ,263, ,
3, ,264, ,
1, ,262, ,
3, ,262, ,
1, ,262, ,
1, ,263, ,
3, ,263, ,
1, ,263, ,
1, ,263, ,
3, ,262, ,
1, ,262, ,
1, ,262, ,
1, ,263, ,
3, ,263, ,
1, ,263, ,
3, ,263, ,
1, ,263, ,
1, ,262, ,
3, ,263, ,
3, ,263, ,
1, ,263, ,
3, ,263, ,
1, ,262, ,
1, ,262, ,
3, ,263, ,
1, ,264, ,
0, ,262, ,
3, ,263, ,
1, ,264, ,
1, ,263, ,
1, ,263, ,
3, ,262, ,
0, ,263, ,
3, ,263, ,
1, ,263, ,
1, ,262, ,
3, ,263, ,
3, ,263, ,
0, ,263, ,
3, ,262, ,
1, ,262, ,
1, ,263, ,
1, ,262, ,
3, ,263, ,
0, ,263, ,
3, ,263, ,
1, ,263, ,
1, ,263, ,
3, ,263, ,
3, ,263, ,
0, ,263, ,
3, ,263, ,
1, ,264, ,
1, ,263, ,
3, ,262, ,
1, ,262, ,
0, ,262, ,
3, ,264, ,
1, ,262, ,
1, ,263, ,
3, ,263, ,
1, ,263, ,
0, ,262, ,
3, ,263, ,
1, ,263, ,
1, ,263, ,
3, ,262, ,
1, ,263, ,
0, ,262, ,
3, ,263, ,
1, ,263, ,
1, ,263, ,
3, ,263, ,
3, ,262, ,
0, ,262, ,
3, ,263, ,
1, ,263, ,
1, ,263, ,
1, ,262, ,
1, ,263, ,
0, ,263, ,
3, ,263, ,
1, ,262, ,
1, ,263, ,
1, ,263, ,
1, ,263, ,
1, ,262, ,
3, ,262, ,
1, ,263, ,
1, ,263, ,
3, ,262, ,
3, ,263, ,
0, ,262, ,
3, ,263, ,
1, ,262, ,
1, ,263, ,
1, ,262, ,
1, ,263, ,
0, ,262, ,
3, ,262, ,
1, ,263, ,
1, ,263, ,
3, ,263, ,
3, ,262, ,
0, ,263, ,
3, ,263, ,
1, ,262, ,
1, ,263, ,
3, ,263, ,
1, ,264, ,
0, ,262, ,
3, ,263, ,
1, ,263, ,
1, ,263, ,
1, ,262, ,
1, ,263, ,
0, ,262, ,
3, ,262, ,
1, ,263, ,
1, ,263, ,
3, ,262, ,
3, ,263, ,
0, ,262, ,
3, ,262, ,
1, ,262, ,
1, ,263, ,
1, ,262, ,
1, ,263, ,
0, ,263, ,
3, ,263, ,
1, ,263, ,
1, ,262, ,
1, ,262, ,
3, ,263, ,
0, ,263, ,
3, ,262, ,
1, ,263, ,
1, ,262, ,
3, ,262, ,
1, ,263, ,
0, ,263, ,
3, ,263, ,
1, ,262, ,
1, ,263, ,
1, ,264, ,
1, ,263, ,
0, ,262, ,
3, ,262, ,
1, ,263, ,
1, ,263, ,
3, ,263, ,
1, ,263, ,
0, ,263, ,
3, ,263, ,
1, ,263, ,
1, ,263, ,
1, ,262, ,
1, ,262, ,
0, ,262, ,
3, ,263, ,
1, ,263, ,
1, ,263, ,
3, ,262, ,
3, ,263, ,
0, ,262, ,
3, ,263, ,
1, ,263, ,
1, ,263, ,
1, ,263, ,
1, ,263, ,
0, ,263, ,
3, ,263, ,
1, ,263, ,
1, ,263, ,
3, ,263, ,
3, ,263, ,
0, ,263, ,
3, ,264, ,
1, ,262, ,
1, ,262, ,
1, ,263, ,
1, ,264, ,
0, ,262, ,
3, ,262, ,
1, ,263, ,
1, ,263, ,
1, ,263, ,
3, ,263, ,
0, ,262, ,
3, ,263, ,
1, ,262, ,
1, ,264, ,
3, ,263, ,
3, ,262, ,
0, ,263, ,
3, ,263, ,
1, ,263, ,
1, ,264, ,
1, ,261, ,
1, ,263, ,
0, ,262, ,
3, ,263, ,
1, ,262, ,
1, ,263, ,
1, ,262, ,
1, ,263, ,
0, ,262, ,
3, ,262, ,
1, ,263, ,
1, ,263, ,
1, ,262, ,
3, ,262, ,
0, ,262, ,
1, ,263, ,
1, ,262, ,
1, ,263, ,
1, ,262, ,
3, ,263, ,
0, ,263, ,
3, ,263, ,
1, ,263, ,
1, ,263, ,
1, ,262, ,
1, ,263, ,
0, ,263, ,
3, ,263, ,
1, ,262, ,
1, ,262, ,
1, ,262, ,
1, ,263, ,
0, ,262, ,
3, ,262, ,
1, ,262, ,
1, ,263, ,
1, ,262, ,
1, ,263, ,
0, ,263, ,
3, ,263, ,
1, ,262, ,
1, ,263, ,
1, ,263, ,
1, ,264, ,
0, ,262, ,
1, ,262, ,
1, ,262, ,
1, ,264, ,
1, ,263, ,
1, ,263, ,
0, ,263, ,
3, ,263, ,
1, ,263, ,
1, ,262, ,
3, ,263, ,
1, ,264, ,
0, ,262, ,
3, ,263, ,
1, ,262, ,
1, ,263, ,
1, ,263, ,
1, ,264, ,
0, ,263, ,
3, ,263, ,
1, ,262, ,
1, ,263, ,
1, ,263, ,
3, ,263, ,
0, ,263, ,
3, ,262, ,
1, ,263, ,
1, ,263, ,
1, ,262, ,
3, ,262, ,
0, ,262, ,
1, ,262, ,
1, ,261, ,
1, ,262, ,
1, ,263, ,
3, ,264, ,
0, ,263, ,
3, ,263, ,
1, ,263, ,
1, ,263, ,
1, ,261, ,
1, ,262, ,
0, ,262, ,
3, ,263, ,
1, ,262, ,
1, ,263, ,
1, ,263, ,
1, ,263, ,
0, ,262, ,
3, ,262, ,
1, ,262, ,
1, ,262, ,
3, ,263, ,
1, ,263, ,
0, ,262, ,
3, ,264, ,
1, ,262, ,
1, ,262, ,
3, ,262, ,
3, ,263, ,
0, ,262, ,
1, ,263, ,
1, ,263, ,
1, ,264, ,
3, ,262, ,
1, ,263, ,
0, ,263, ,
3, ,264, ,
1, ,262, ,
1, ,262, ,
1, ,262, ,
1, ,264, ,
0, ,262, ,
3, ,262, ,
1, ,263, ,
1, ,263, ,
1, ,262, ,
1, ,263, ,
0, ,262, ,
1, ,263, ,
1, ,263, ,
1, ,262, ,
1, ,263, ,
1, ,263, ,
0, ,262, ,
3, ,263, ,
1, ,263, ,
1, ,263, ,
1, ,262, ,
1, ,263, ,
0, ,262, ,
3, ,263, ,
1, ,263, ,
1, ,262, ,
1, ,262, ,
3, ,263, ,
0, ,262, ,
3, ,263, ,
1, ,262, ,
1, ,262, ,
1, ,262, ,
3, ,262, ,
0, ,262, ,
3, ,262, ,
1, ,263, ,
1, ,262, ,
1, ,262, ,
1, ,263, ,
0, ,262, ,
3, ,263, ,
1, ,262, ,
1, ,263, ,
1, ,262, ,
1, ,262, ,
0, ,262, ,
3, ,263, ,
1, ,262, ,
1, ,262, ,
3, ,261, ,
3, ,263, ,
0, ,262, ,
1, ,263, ,
1, ,263, ,
1, ,263, ,
1, ,263, ,
1, ,263, ,
0, ,262, ,
3, ,262, ,
1, ,262, ,
1, ,262, ,
1, ,263, ,
1, ,262, ,
0, ,263, ,
3, ,263, ,
1, ,263, ,
1, ,263, ,
3, ,262, ,
1, ,263, ,
0, ,262, ,
1, ,263, ,
1, ,262, ,
1, ,262, ,
1, ,263, ,
1, ,263, ,
0, ,262, ,
3, ,262, ,
1, ,263, ,
1, ,263, ,
1, ,263, ,
1, ,264, ,
0, ,263, ,
1, ,262, ,
1, ,262, ,
1, ,262, ,
1, ,263, ,
1, ,263, ,
0, ,262, ,
3, ,262, ,
1, ,263, ,
1, ,263, ,
1, ,263, ,
3, ,262, ,
0, ,262, ,
1, ,263, ,
1, ,262, ,
1, ,262, ,
1, ,263, ,
1, ,263, ,
0, ,263, ,
1, ,263, ,
1, ,263, ,
1, ,263, ,
1, ,262, ,
1, ,262, ,
0, ,262, ,
1, ,262, ,
0, ,262, ,
1, ,263, ,
3, ,262, ,
1, ,263, ,
0, ,263, ,
1, ,263, ,
1, ,263, ,
1, ,263, ,
3, ,262, ,
1, ,263, ,
0, ,263, ,
3, ,263, ,
0, ,262, ,
1, ,263, ,
1, ,263, ,
1, ,262, ,
0, ,262, ,
3, ,263, ,
1, ,263, ,
1, ,263, ,
1, ,262, ,
1, ,262, ,
0, ,263, ,
1, ,263, ,
0, ,262, ,
1, ,262, ,
1, ,262, ,
1, ,263, ,
0, ,262, ,
3, ,263, ,
0, ,262, ,
1, ,263, ,
1, ,262, ,
1, ,263, ,
0, ,262, ,
1, ,263, ,
1, ,262, ,
1, ,262, ,
1, ,263, ,
1, ,264, ,
0, ,263, ,
3, ,262, ,
1, ,263, ,
1, ,263, ,
1, ,262, ,
1, ,262, ,
0, ,263, ,
1, ,263, ,
1, ,262, ,
1, ,263, ,
1, ,263, ,
1, ,263, ,
0, ,262, ,
3, ,262, ,
1, ,262, ,
1, ,264, ,
1, ,262, ,
1, ,262, ,
0, ,262, ,
3, ,263, ,
1, ,262, ,
1, ,263, ,
1, ,262, ,
1, ,263, ,
0, ,262, ,
1, ,263, ,
1, ,262, ,
1, ,263, ,
1, ,263, ,
1, ,262, ,
0, ,263, ,
1, ,262, ,
0, ,262, ,
1, ,263, ,
1, ,263, ,
1, ,263, ,
0, ,261, ,
1, ,263, ,
0, ,263, ,
1, ,263, ,
1, ,262, ,
1, ,262, ,
0, ,263, ,
1, ,263, ,
1, ,263, ,
1, ,263, ,
1, ,262, ,
1, ,263, ,
0, ,262, ,
1, ,263, ,
1, ,262, ,
1, ,263, ,
1, ,262, ,
1, ,263, ,
0, ,262, ,
3, ,262, ,
1, ,263, ,
1, ,263, ,
1, ,263, ,
1, ,264, ,
0, ,262, ,
1, ,262, ,
1, ,263, ,
1, ,263, ,
1, ,262, ,
1, ,263, ,
0, ,262, ,
3, ,263, ,
0, ,263, ,
1, ,262, ,
1, ,263, ,
1, ,263, ,
0, ,263, ,
3, ,263, ,
0, ,263, ,
1, ,262, ,
1, ,262, ,
1, ,262, ,
0, ,263, ,
1, ,263, ,
0, ,262, ,
1, ,262, ,
1, ,263, ,
1, ,263, ,
0, ,262, ,
1, ,263, ,
0, ,262, ,
1, ,263, ,
1, ,262, ,
1, ,263, ,
0, ,263, ,
1, ,263, ,
0, ,262, ,
1, ,262, ,
1, ,262, ,
1, ,263, ,
0, ,262, ,
1, ,262, ,
0, ,263, ,
1, ,263, ,
1, ,262, ,
1, ,262, ,
0, ,262, ,
1, ,263, ,
0, ,262, ,
1, ,263, ,
1, ,263, ,
1, ,262, ,
0, ,263, ,
3, ,263, ,
1, ,261, ,
1, ,263, ,
1, ,262, ,
1, ,263, ,
0, ,263, ,
1, ,262, ,
1, ,262, ,
1, ,263, ,
1, ,262, ,
3, ,263, ,
0, ,262, ,
1, ,262, ,
0, ,263, ,
1, ,263, ,
1, ,262, ,
1, ,263, ,
0, ,263, ,
1, ,263, ,
1, ,262, ,
1, ,262, ,
1, ,262, ,
1, ,264, ,
0, ,262, ,
1, ,263, ,
1, ,262, ,
1, ,263, ,
1, ,262, ,
1, ,263, ,
0, ,263, ,
1, ,262, ,
1, ,263, ,
1, ,262, ,
1, ,262, ,
1, ,263, ,
0, ,262, ,
3, ,263, ,
0, ,262, ,
1, ,262, ,
1, ,262, ,
3, ,262, ,
0, ,262, ,
1, ,264, ,
1, ,262, ,
0, ,263, ,
1, ,261, ,
1, ,262, ,
0, ,262, ,
1, ,263, ,
0, ,263, ,
1, ,263, ,
1, ,262, ,
1, ,262, ,
0, ,263, ,
1, ,263, ,
0, ,262, ,
1, ,262, ,
1, ,263, ,
1, ,262, ,
0, ,262, ,
1, ,262, ,
0, ,263, ,
1, ,263, ,
3, ,262, ,
3, ,262, ,
0, ,262, ,
1, ,263, ,
0, ,262, ,
1, ,262, ,
1, ,263, ,
1, ,263, ,
0, ,262, ,
1, ,263, ,
0, ,263, ,
1, ,263, ,
1, ,262, ,
1, ,262, ,
0, ,263, ,
1, ,262, ,
0, ,262, ,
1, ,263, ,
1, ,262, ,
1, ,263, ,
0, ,263, ,
1, ,262, ,
0, ,263, ,
0, ,263, ,
1, ,262, ,
1, ,263, ,
0, ,262, ,
1, ,262, ,
1, ,262, ,
1, ,262, ,
1, ,263, ,
1, ,262, ,
0, ,263, ,
3, ,263, ,
1, ,263, ,
1, ,263, ,
1, ,262, ,
1, ,263, ,
0, ,263, ,
1, ,263, ,
1, ,263, ,
1, ,263, ,
1, ,262, ,
1, ,263, ,
0, ,262, ,
3, ,263, ,
1, ,263, ,
1, ,263, ,
1, ,262, ,
1, ,263, ,
0, ,262, ,
1, ,263, ,
0, ,262, ,
1, ,262, ,
1, ,262, ,
1, ,263, ,
0, ,262, ,
3, ,262, ,
1, ,262, ,
0, ,263, ,
1, ,262, ,
1, ,263, ,
0, ,263, ,
1, ,263, ,
1, ,263, ,
1, ,263, ,
1, ,262, ,
1, ,263, ,
0, ,263, ,
1, ,263, ,
1, ,263, ,
1, ,263, ,
1, ,262, ,
1, ,262, ,
0, ,262, ,
1, ,263, ,
1, ,262, ,
1, ,263, ,
1, ,263, ,
1, ,263, ,
0, ,262, ,
3, ,263, ,
1, ,263, ,
1, ,262, ,
1, ,261, ,
1, ,261, ,
0, ,263, ,
1, ,264, ,
1, ,263, ,
1, ,263, ,
1, ,263, ,
1, ,262, ,
0, ,260, ,
1, ,262, ,
0, ,262, ,
1, ,263, ,
1, ,263, ,
3, ,263, ,
0, ,262, ,
3, ,262, ,
0, ,262, ,
1, ,262, ,
3, ,263, ,
3, ,263, ,
0, ,262, ,
3, ,263, ,
1, ,263, ,
1, ,264, ,
1, ,262, ,
1, ,263, ,
0, ,262, ,
1, ,262, ,
1, ,262, ,
1, ,263, ,
1, ,263, ,
1, ,263, ,
0, ,262, ,
1, ,262, ,
1, ,262, ,
1, ,263, ,
1, ,262, ,
3, ,263, ,
0, ,263, ,
1, ,263, ,
1, ,262, ,
1, ,264, ,
1, ,262, ,
1, ,263, ,
0, ,262, ,
1, ,263, ,
0, ,263, ,
1, ,263, ,
1, ,262, ,
1, ,263, ,
0, ,262, ,
1, ,263, ,
1, ,262, ,
0, ,262, ,
1, ,263, ,
1, ,263, ,
0, ,262, ,
1, ,263, ,
0, ,263, ,
1, ,263, ,
1, ,262, ,
1, ,263, ,
0, ,263, ,
1, ,263, ,
1, ,262, ,
0, ,262, ,
1, ,262, ,
1, ,263, ,
0, ,262, ,
1, ,262, ,
0, ,262, ,
1, ,263, ,
1, ,263, ,
1, ,263, ,
0, ,262, ,
1, ,263, ,
0, ,262, ,
0, ,263, ,
1, ,263, ,
1, ,263, ,
0, ,262, ,
1, ,263, ,
0, ,264, ,
1, ,263, ,
1, ,262, ,
1, ,263, ,
0, ,263, ,
1, ,263, ,
1, ,263, ,
1, ,263, ,
1, ,262, ,
1, ,263, ,
0, ,262, ,
1, ,263, ,
1, ,263, ,
1, ,263, ,
1, ,262, ,
1, ,261, ,
0, ,260, ,
1, ,259, ,
0, ,260, ,
1, ,264, ,
1, ,266, ,
1, ,264, ,
0, ,263, ,
1, ,263, ,
0, ,261, ,
1, ,261, ,
1, ,261, ,
1, ,262, ,
0, ,262, ,
1, ,264, ,
1, ,263, ,
1, ,262, ,
1, ,261, ,
1, ,263, ,
0, ,262, ,
3, ,262, ,
0, ,263, ,
1, ,263, ,
1, ,262, ,
1, ,262, ,
0, ,263, ,
3, ,263, ,
1, ,262, ,
1, ,263, ,
1, ,262, ,
1, ,262, ,
0, ,262, ,
1, ,262, ,
0, ,263, ,
1, ,263, ,
1, ,263, ,
1, ,263, ,
0, ,262, ,
1, ,262, ,
0, ,262, ,
1, ,263, ,
1, ,262, ,
1, ,263, ,
0, ,262, ,
3, ,261, ,
1, ,263, ,
1, ,262, ,
1, ,262, ,
1, ,263, ,
0, ,262, ,
1, ,262, ,
0, ,262, ,
1, ,262, ,
1, ,262, ,
1, ,262, ,
0, ,262, ,
1, ,263, ,
0, ,262, ,
0, ,262, ,
1, ,262, ,
1, ,263, ,
0, ,262, ,
1, ,263, ,
1, ,262, ,
1, ,263, ,
1, ,263, ,
1, ,263, ,
0, ,262, ,
3, ,262, ,
1, ,262, ,
1, ,263, ,
1, ,262, ,
1, ,263, ,
0, ,262, ,
1, ,263, ,
1, ,262, ,
1, ,263, ,
1, ,262, ,
1, ,263, ,
0, ,261, ,
1, ,262, ,
0, ,262, ,
1, ,263, ,
1, ,262, ,
1, ,262, ,
0, ,262, ,
1, ,262, ,
1, ,261, ,
1, ,262, ,
1, ,261, ,
1, ,262, ,
0, ,262, ,
1, ,263, ,
0, ,262, ,
1, ,262, ,
1, ,262, ,
1, ,262, ,
0, ,262, ,
1, ,263, ,
0, ,261, ,
1, ,262, ,
1, ,262, ,
1, ,263, ,
0, ,262, ,
1, ,262, ,
0, ,262, ,
1, ,263, ,
1, ,262, ,
1, ,263, ,
0, ,263, ,
1, ,264, ,
1, ,263, ,
1, ,263, ,
1, ,262, ,
1, ,263, ,
0, ,263, ,
1, ,263, ,
0, ,262, ,
1, ,264, ,
1, ,263, ,
1, ,263, ,
0, ,262, ,
1, ,262, ,
0, ,262, ,
1, ,263, ,
1, ,263, ,
1, ,263, ,
0, ,262, ,
1, ,262, ,
1, ,263, ,
0, ,264, ,
1, ,263, ,
1, ,263, ,
0, ,262, ,
1, ,263, ,
0, ,262, ,
1, ,264, ,
1, ,263, ,
1, ,263, ,
0, ,262, ,
3, ,262, ,
1, ,262, ,
0, ,263, ,
3, ,262, ,
1, ,263, ,
0, ,263, ,
1, ,263, ,
0, ,263, ,
1, ,263, ,
1, ,263, ,
1, ,263, ,
0, ,263, ,
1, ,263, ,
1, ,263, ,
1, ,264, ,
1, ,262, ,
3, ,263, ,
0, ,263, ,
1, ,263, ,
1, ,262, ,
1, ,262, ,
1, ,262, ,
1, ,263, ,
0, ,262, ,
3, ,263, ,
1, ,263, ,
1, ,263, ,
1, ,262, ,
1, ,262, ,
0, ,263, ,
1, ,263, ,
0, ,263, ,
1, ,263, ,
1, ,263, ,
1, ,263, ,
0, ,262, ,
1, ,262, ,
0, ,263, ,
0, ,263, ,
1, ,262, ,
1, ,262, ,
0, ,262, ,
3, ,263, ,
0, ,262, ,
0, ,263, ,
1, ,262, ,
1, ,263, ,
0, ,262, ,
3, ,263, ,
0, ,263, ,
1, ,262, ,
1, ,262, ,
1, ,262, ,
0, ,263, ,
3, ,263, ,
0, ,263, ,
1, ,263, ,
1, ,263, ,
1, ,262, ,
0, ,263, ,
1, ,263, ,
0, ,263, ,
1, ,262, ,
1, ,262, ,
1, ,263, ,
0, ,263, ,
1, ,263, ,
0, ,262, ,
1, ,262, ,
1, ,263, ,
1, ,263, ,
0, ,262, ,
1, ,262, ,
0, ,263, ,
0, ,263, ,
1, ,262, ,
1, ,263, ,
0, ,263, ,
1, ,263, ,
0, ,263, ,
0, ,263, ,
1, ,262, ,
1, ,263, ,
0, ,262, ,
1, ,262, ,
0, ,263, ,
1, ,264, ,
1, ,263, ,
1, ,262, ,
0, ,262, ,
1, ,262, ,
0, ,262, ,
1, ,263, ,
1, ,263, ,
1, ,263, ,
0, ,262, ,
1, ,263, ,
1, ,262, ,
0, ,263, ,
1, ,263, ,
1, ,263, ,
0, ,263, ,
3, ,263, ,
1, ,263, ,
1, ,263, ,
1, ,263, ,
1, ,263, ,
0, ,263, ,
1, ,263, ,
0, ,263, ,
1, ,263, ,
1, ,262, ,
1, ,262, ,
0, ,262, ,
1, ,263, ,
0, ,263, ,
0, ,262, ,
1, ,263, ,
1, ,263, ,
0, ,262, ,
1, ,263, ,
0, ,263, ,
1, ,263, ,
1, ,263, ,
1, ,263, ,
0, ,263, ,
1, ,263, ,
0, ,263, ,
0, ,263, ,
1, ,263, ,
1, ,263, ,
0, ,262, ,
1, ,263, ,
0, ,263, ,
1, ,264, ,
1, ,262, ,
1, ,263, ,
0, ,263, ,
1, ,263, ,
0, ,262, ,
1, ,263, ,
1, ,263, ,
1, ,263, ,
0, ,262, ,
1, ,263, ,
0, ,263, ,
1, ,263, ,
1, ,262, ,
1, ,263, ,
0, ,262, ,
1, ,263, ,
0, ,263, ,
0, ,263, ,
1, ,263, ,
1, ,264, ,
0, ,263, ,
1, ,262, ,
0, ,263, ,
0, ,263, ,
1, ,262, ,
1, ,263, ,
0, ,263, ,
1, ,263, ,
0, ,262, ,
0, ,263, ,
1, ,263, ,
1, ,263, ,
0, ,263, ,
1, ,262, ,
0, ,263, ,
0, ,263, ,
3, ,262, ,
1, ,263, ,
0, ,263, ,
1, ,264, ,
0, ,263, ,
1, ,263, ,
1, ,263, ,
1, ,262, ,
0, ,262, ,
1, ,263, ,
0, ,263, ,
0, ,263, ,
1, ,262, ,
1, ,263, ,
0, ,262, ,
1, ,263, ,
0, ,263, ,
0, ,263, ,
1, ,263, ,
1, ,262, ,
0, ,262, ,
1, ,263, ,
1, ,263, ,
1, ,262, ,
1, ,263, ,
1, ,263, ,
0, ,262, ,
1, ,263, ,
0, ,262, ,
1, ,262, ,
1, ,261, ,
1, ,262, ,
0, ,262, ,
1, ,263, ,
0, ,263, ,
0, ,264, ,
1, ,263, ,
1, ,263, ,
0, ,263, ,
1, ,262, ,
0, ,261, ,
1, ,263, ,
1, ,264, ,
1, ,263, ,
0, ,263, ,
1, ,263, ,
1, ,263, ,
1, ,262, ,
1, ,262, ,
1, ,263, ,
0, ,263, ,
1, ,263, ,
1, ,263, ,
1, ,263, ,
1, ,263, ,
1, ,263, ,
0, ,262, ,
3, ,263, ,
0, ,263, ,
1, ,263, ,
1, ,262, ,
1, ,263, ,
0, ,263, ,
1, ,263, ,
1, ,262, ,
1, ,262, ,
1, ,263, ,
1, ,263, ,
0, ,262, ,
1, ,263, ,
1, ,263, ,
1, ,263, ,
1, ,262, ,
1, ,263, ,
0, ,263, ,
1, ,263, ,
1, ,263, ,
1, ,262, ,
1, ,263, ,
1, ,263, ,
0, ,262, ,
1, ,263, ,
0, ,263, ,
1, ,264, ,
1, ,263, ,
1, ,263, ,
0, ,263, ,
1, ,263, ,
1, ,262, ,
1, ,263, ,
1, ,262, ,
1, ,263, ,
0, ,262, ,
3, ,263, ,
1, ,263, ,
1, ,263, ,
1, ,263, ,
1, ,263, ,
0, ,263, ,
1, ,263, ,
0, ,262, ,
1, ,263, ,
1, ,262, ,
1, ,263, ,
0, ,262, ,
1, ,263, ,
0, ,263, ,
1, ,263, ,
1, ,263, ,
1, ,263, ,
0, ,263, ,
1, ,263, ,
0, ,263, ,
1, ,263, ,
1, ,262, ,
1, ,263, ,
0, ,263, ,
1, ,263, ,
0, ,263, ,
1, ,263, ,
1, ,262, ,
1, ,263, ,
0, ,262, ,
1, ,263, ,
0, ,262, ,
1, ,263, ,
1, ,262, ,
1, ,263, ,
0, ,262, ,
3, ,262, ,
0, ,262, ,
0, ,263, ,
1, ,263, ,
1, ,263, ,
0, ,263, ,
3, ,263, ,
0, ,262, ,
1, ,263, ,
1, ,263, ,
1, ,263, ,
0, ,263, ,
3, ,263, ,
0, ,262, ,
0, ,263, ,
1, ,262, ,
1, ,263, ,
0, ,263, ,
1, ,264, ,
0, ,263, ,
0, ,263, ,
1, ,263, ,
1, ,263, ,
0, ,262, ,
1, ,263, ,
0, ,263, ,
1, ,263, ,
1, ,262, ,
1, ,263, ,
0, ,262, ,
1, ,262, ,
0, ,263, ,
1, ,262, ,
1, ,263, ,
1, ,263, ,
0, ,262, ,
1, ,263, ,
0, ,262, ,
0, ,263, ,
3, ,262, ,
1, ,263, ,
0, ,263, ,
1, ,263, ,
0, ,262, ,
1, ,263, ,
1, ,263, ,
1, ,263, ,
0, ,263, ,
1, ,263, ,
0, ,263, ,
1, ,263, ,
1, ,262, ,
1, ,263, ,
0, ,263, ,
1, ,263, ,
0, ,262, ,
1, ,263, ,
1, ,262, ,
1, ,262, ,
0, ,262, ,
1, ,263, ,
0, ,263, ,
1, ,263, ,
1, ,262, ,
1, ,263, ,
0, ,263, ,
1, ,263, ,
0, ,263, ,
0, ,263, ,
1, ,263, ,
1, ,263, ,
0, ,262, ,
1, ,263, ,
1, ,262, ,
0, ,263, ,
1, ,262, ,
1, ,263, ,
0, ,263, ,
3, ,263, ,
1, ,262, ,
1, ,263, ,
1, ,263, ,
1, ,263, ,
0, ,262, ,
1, ,263, ,
1, ,263, ,
1, ,263, ,
1, ,262, ,
1, ,263, ,
0, ,262, ,
1, ,264, ,
0, ,262, ,
1, ,263, ,
1, ,262, ,
1, ,263, ,
0, ,262, ,
1, ,263, ,
0, ,262, ,
1, ,263, ,
1, ,262, ,
1, ,263, ,
0, ,262, ,
3, ,263, ,
0, ,262, ,
1, ,263, ,
1, ,262, ,
1, ,263, ,
0, ,262, ,
1, ,263, ,
1, ,264, ,
1, ,263, ,
1, ,262, ,
1, ,262, ,
0, ,264, ,
1, ,263, ,
1, ,263, ,
1, ,262, ,
1, ,263, ,
1, ,263, ,
0, ,262, ,
1, ,262, ,
0, ,262, ,
1, ,263, ,
1, ,263, ,
1, ,263, ,
0, ,263, ,
1, ,262, ,
0, ,263, ,
1, ,264, ,
1, ,263, ,
1, ,263, ,
0, ,262, ,
1, ,263, ,
0, ,263, ,
0, ,263, ,
1, ,263, ,
1, ,263, ,
0, ,263, ,
1, ,262, ,
0, ,262, ,
1, ,262, ,
1, ,262, ,
1, ,263, ,
0, ,262, ,
1, ,263, ,
0, ,263, ,
0, ,262, ,
1, ,262, ,
1, ,263, ,
0, ,263, ,
1, ,263, ,
1, ,262, ,
0, ,263, ,
1, ,262, ,
1, ,263, ,
0, ,263, ,
1, ,263, ,
0, ,262, ,
1, ,263, ,
1, ,262, ,
1, ,263, ,
0, ,262, ,
1, ,263, ,
0, ,262, ,
1, ,262, ,
1, ,262, ,
1, ,263, ,
0, ,263, ,
1, ,263, ,
0, ,262, ,
1, ,263, ,
1, ,262, ,
1, ,263, ,
0, ,262, ,
1, ,262, ,
0, ,262, ,
1, ,263, ,
1, ,263, ,
1, ,263, ,
0, ,263, ,
1, ,263, ,
0, ,264, ,
0, ,263, ,
1, ,262, ,
1, ,263, ,
0, ,263, ,
1, ,263, ,
0, ,263, ,
1, ,262, ,
1, ,262, ,
1, ,263, ,
0, ,263, ,
1, ,263, ,
0, ,263, ,
0, ,264, ,
1, ,262, ,
1, ,263, ,
0, ,263, ,
1, ,263, ,
0, ,263, ,
0, ,263, ,
1, ,263, ,
1, ,263, ,
0, ,262, ,
3, ,262, ,
1, ,263, ,
0, ,263, ,
1, ,262, ,
1, ,263, ,
0, ,263, ,
1, ,263, ,
0, ,262, ,
1, ,263, ,
1, ,263, ,
1, ,263, ,
0, ,263, ,
1, ,263, ,
0, ,262, ,
0, ,263, ,
1, ,262, ,
1, ,262, ,
0, ,261, ,
1, ,263, ,
1, ,262, ,
1, ,262, ,
1, ,262, ,
1, ,263, ,
0, ,262, ,
1, ,263, ,
0, ,263, ,
1, ,263, ,
1, ,262, ,
1, ,263, ,
0, ,262, ,
1, ,263, ,
1, ,262, ,
0, ,263, ,
1, ,263, ,
1, ,263, ,
0, ,262, ,
3, ,263, ,
0, ,263, ,
1, ,263, ,
1, ,263, ,
1, ,262, ,
0, ,263, ,
1, ,263, ,
0, ,262, ,
1, ,263, ,
1, ,263, ,
1, ,263, ,
0, ,262, ,
1, ,263, ,
0, ,263, ,
0, ,263, ,
1, ,262, ,
1, ,263, ,
0, ,262, ,
1, ,262, ,
0, ,263, ,
0, ,263, ,
1, ,263, ,
1, ,263, ,
0, ,262, ,
1, ,263, ,
0, ,262, ,
0, ,262, ,
1, ,262, ,
1, ,262, ,
0, ,263, ,
3, ,262, ,
1, ,262, ,
1, ,263, ,
1, ,262, ,
1, ,262, ,
0, ,263, ,
1, ,262, ,
0, ,262, ,
1, ,263, ,
1, ,263, ,
1, ,262, ,
0, ,262, ,
1, ,263, ,
0, ,262, ,
0, ,262, ,
1, ,262, ,
1, ,263, ,
0, ,262, ,
1, ,263, ,
0, ,262, ,
0, ,263, ,
1, ,261, ,
1, ,263, ,
0, ,263, ,
1, ,263, ,
0, ,263, ,
1, ,262, ,
1, ,262, ,
1, ,263, ,
0, ,263, ,
1, ,263, ,
1, ,263, ,
0, ,263, ,
1, ,262, ,
1, ,263, ,
0, ,263, ,
1, ,263, ,
0, ,262, ,
0, ,263, ,
1, ,263, ,
1, ,262, ,
0, ,262, ,
1, ,262, ,
0, ,263, ,
1, ,262, ,
1, ,262, ,
1, ,263, ,
0, ,262, ,
1, ,263, ,
1, ,263, ,
112, ,263, ,
92, ,263, ,
62, ,263, ,
37, ,262, ,
22, ,262, ,
13, ,262, ,
10, ,263, ,
10, ,262, ,
9, ,263, ,
5, ,262, ,
6, ,263, ,
5, ,262, ,
6, ,262, ,
5, ,263, ,
4, ,264, ,
3, ,262, ,
5, ,263, ,
3, ,262, ,
3, ,264, ,
4, ,261, ,
4, ,261, ,
1, ,262, ,
4, ,253, ,
3, ,263, ,
3, ,270, ,
4, ,269, ,
4, ,263, ,
1, ,259, ,
4, ,262, ,
3, ,263, ,
3, ,262, ,
4, ,262, ,
4, ,264, ,
3, ,264, ,
4, ,263, ,
1, ,262, ,
3, ,263, ,
4, ,263, ,
4, ,262, ,
3, ,262, ,
4, ,263, ,
3, ,263, ,
4, ,263, ,
4, ,262, ,
4, ,263, ,
1, ,262, ,
4, ,262, ,
1, ,263, ,
3, ,263, ,
3, ,262, ,
4, ,263, ,
3, ,262, ,
5, ,262, ,
4, ,262, ,
3, ,263, ,
3, ,262, ,
3, ,262, ,
3, ,263, ,
4, ,262, ,
3, ,263, ,
3, ,263, ,
4, ,263, ,
3, ,263, ,
3, ,263, ,
4, ,263, ,
3, ,263, ,
3, ,263, ,
4, ,263, ,
4, ,263, ,
3, ,263, ,
4, ,264, ,
3, ,262, ,
3, ,262, ,
4, ,262, ,
4, ,262, ,
1, ,262, ,
4, ,262, ,
1, ,263, ,
3, ,263, ,
3, ,262, ,
4, ,263, ,
3, ,262, ,
4, ,262, ,
3, ,262, ,
3, ,262, ,
3, ,262, ,
4, ,263, ,
3, ,262, ,
4, ,263, ,
1, ,262, ,
3, ,263, ,
3, ,262, ,
3, ,262, ,
1, ,263, ,
4, ,262, ,
3, ,262, ,
3, ,262, ,
3, ,263, ,
3, ,263, ,
3, ,262, ,
4, ,262, ,
1, ,263, ,
3, ,263, ,
4, ,262, ,
3, ,263, ,
1, ,263, ,
4, ,263, ,
1, ,262, ,
3, ,263, ,
3, ,262, ,
4, ,262, ,
1, ,262, ,
4, ,262, ,
3, ,263, ,
3, ,263, ,
3, ,263, ,
4, ,263, ,
1, ,262, ,
4, ,262, ,
1, ,262, ,
3, ,263, ,
3, ,262, ,
3, ,263, ,
1, ,263, ,
4, ,262, ,
3, ,263, ,
3, ,263, ,
3, ,263, ,
3, ,263, ,
1, ,262, ,
4, ,263, ,
1, ,262, ,
3, ,263, ,
3, ,262, ,
3, ,263, ,
1, ,262, ,
4, ,263, ,
3, ,263, ,
3, ,263, ,
3, ,263, ,
3, ,263, ,
1, ,262, ,
4, ,263, ,
3, ,262, ,
3, ,262, ,
3, ,263, ,
3, ,263, ,
1, ,262, ,
4, ,263, ,
1, ,263, ,
3, ,263, ,
3, ,263, ,
3, ,262, ,
1, ,263, ,
4, ,263, ,
3, ,263, ,
3, ,263, ,
3, ,262, ,
3, ,263, ,
1, ,263, ,
4, ,264, ,
1, ,263, ,
3, ,263, ,
3, ,262, ,
3, ,262, ,
1, ,262, ,
4, ,263, ,
3, ,262, ,
3, ,263, ,
3, ,263, ,
3, ,263, ,
1, ,262, ,
4, ,263, ,
1, ,262, ,
3, ,263, ,
3, ,263, ,
3, ,263, ,
1, ,262, ,
4, ,262, ,
1, ,262, ,
3, ,263, ,
3, ,262, ,
3, ,263, ,
1, ,263, ,
3, ,263, ,
1, ,263, ,
3, ,263, ,
3, ,262, ,
3, ,263, ,
1, ,262, ,
4, ,263, ,
3, ,262, ,
3, ,262, ,
3, ,262, ,
3, ,263, ,
1, ,263, ,
3, ,263, ,
3, ,263, ,
3, ,263, ,
3, ,263, ,
3, ,263, ,
1, ,263, ,
3, ,263, ,
1, ,261, ,
1, ,263, ,
3, ,262, ,
3, ,263, ,
1, ,262, ,
3, ,263, ,
1, ,262, ,
3, ,263, ,
3, ,262, ,
3, ,263, ,
1, ,262, ,
3, ,264, ,
1, ,263, ,
3, ,263, ,
3, ,262, ,
3, ,263, ,
1, ,262, ,
3, ,263, ,
1, ,263, ,
3, ,263, ,
3, ,262, ,
3, ,262, ,
1, ,263, ,
3, ,264, ,
1, ,262, ,
3, ,263, ,
3, ,262, ,
3, ,259, ,
1, ,261, ,
3, ,266, ,
1, ,266, ,
3, ,263, ,
3, ,261, ,
3, ,263, ,
1, ,264, ,
3, ,264, ,
1, ,262, ,
3, ,262, ,
3, ,262, ,
3, ,263, ,
1, ,262, ,
4, ,263, ,
1, ,262, ,
3, ,262, ,
3, ,262, ,
3, ,263, ,
1, ,263, ,
3, ,263, ,
1, ,262, ,
3, ,263, ,
3, ,262, ,
3, ,263, ,
1, ,262, ,
3, ,263, ,
1, ,263, ,
3, ,262, ,
3, ,262, ,
3, ,263, ,
1, ,262, ,
3, ,263, ,
1, ,262, ,
3, ,263, ,
3, ,262, ,
3, ,262, ,
1, ,262, ,
3, ,262, ,
1, ,261, ,
3, ,260, ,
3, ,260, ,
3, ,263, ,
1, ,265, ,
3, ,265, ,
1, ,263, ,
3, ,262, ,
3, ,261, ,
3, ,261, ,
1, ,261, ,
3, ,263, ,
1, ,263, ,
3, ,264, ,
3, ,262, ,
3, ,262, ,
1, ,262, ,
3, ,262, ,
1, ,263, ,
3, ,262, ,
3, ,263, ,
3, ,264, ,
1, ,262, ,
3, ,262, ,
1, ,263, ,
3, ,263, ,
1, ,261, ,
3, ,262, ,
1, ,262, ,
3, ,263, ,
1, ,262, ,
3, ,261, ,
3, ,261, ,
3, ,262, ,
1, ,261, ,
3, ,263, ,
1, ,261, ,
3, ,263, ,
3, ,262, ,
3, ,262, ,
1, ,262, ,
3, ,262, ,
1, ,262, ,
3, ,262, ,
1, ,262, ,
3, ,262, ,
1, ,262, ,
3, ,263, ,
1, ,263, ,
1, ,262, ,
3, ,262, ,
3, ,262, ,
1, ,261, ,
3, ,262, ,
1, ,262, ,
1, ,263, ,
1, ,261, ,
3, ,263, ,
1, ,262, ,
3, ,263, ,
1, ,262, ,
3, ,262, ,
3, ,262, ,
3, ,261, ,
1, ,262, ,
3, ,263, ,
1, ,262, ,
1, ,262, ,
1, ,262, ,
1, ,262, ,
1, ,262, ,
3, ,262, ,
1, ,263, ,
1, ,262, ,
3, ,261, ,
1, ,262, ,
1, ,262, ,
3, ,263, ,
1, ,262, ,
3, ,262, ,
3, ,262, ,
3, ,263, ,
1, ,262, ,
3, ,262, ,
1, ,262, ,
1, ,263, ,
1, ,262, ,
3, ,262, ,
0, ,262, ,
3, ,262, ,
1, ,262, ,
3, ,262, ,
1, ,262, ,
3, ,263, ,
0, ,262, ,
3, ,262, ,
1, ,263, ,
1, ,262, ,
3, ,262, ,
3, ,262, ,
1, ,262, ,
3, ,263, ,
1, ,262, ,
1, ,261, ,
3, ,262, ,
3, ,262, ,
1, ,263, ,
3, ,263, ,
1, ,264, ,
1, ,263, ,
3, ,263, ,
3, ,262, ,
1, ,263, ,
3, ,263, ,
1, ,262, ,
3, ,263, ,
3, ,263, ,
3, ,264, ,
1, ,264, ,
3, ,262, ,
1, ,263, ,
3, ,262, ,
3, ,262, ,
3, ,263, ,
0, ,262, ,
3, ,263, ,
1, ,263, ,
1, ,263, ,
3, ,263, ,
3, ,263, ,
0, ,262, ,
3, ,263, ,
1, ,263, ,
1, ,263, ,
3, ,263, ,
1, ,263, ,
1, ,263, ,
3, ,263, ,
1, ,263, ,
1, ,263, ,
3, ,262, ,
1, ,263, ,
0, ,262, ,
3, ,262, ,
1, ,262, ,
1, ,263, ,
3, ,262, ,
1, ,263, ,
1, ,263, ,
3, ,263, ,
1, ,263, ,
1, ,263, ,
3, ,262, ,
3, ,263, ,
0, ,262, ,
3, ,263, ,
1, ,262, ,
1, ,262, ,
3, ,262, ,
3, ,262, ,
1, ,263, ,
3, ,263, ,
1, ,262, ,
1, ,263, ,
1, ,262, ,
3, ,262, ,
1, ,263, ,
3, ,263, ,
1, ,263, ,
1, ,263, ,
1, ,262, ,
3, ,263, ,
0, ,262, ,
3, ,264, ,
1, ,263, ,
1, ,262, ,
3, ,263, ,
3, ,264, ,
1, ,263, ,
3, ,262, ,
1, ,262, ,
1, ,263, ,
1, ,262, ,
1, ,263, ,
1, ,263, ,
3, ,263, ,
1, ,262, ,
1, ,262, ,
1, ,262, ,
3, ,263, ,
0, ,261, ,
3, ,262, ,
1, ,263, ,
1, ,263, ,
3, ,264, ,
3, ,263, ,
0, ,263, ,
3, ,262, ,
1, ,262, ,
1, ,263, ,
3, ,262, ,
3, ,262, ,
0, ,263, ,
3, ,263, ,
1, ,263, ,
1, ,263, ,
3, ,262, ,
1, ,262, ,
1, ,262, ,
3, ,264, ,
1, ,263, ,
1, ,263, ,
1, ,263, ,
1, ,263, ,
0, ,262, ,
3, ,262, ,
1, ,262, ,
1, ,263, ,
3, ,262, ,
3, ,262, ,
0, ,262, ,
3, ,263, ,
1, ,262, ,
1, ,263, ,
1, ,263, ,
1, ,263, ,
0, ,263, ,
3, ,263, ,
1, ,263, ,
1, ,263, ,
1, ,262, ,
3, ,263, ,
0, ,263, ,
3, ,263, ,
1, ,262, ,
1, ,263, ,
3, ,262, ,
3, ,263, ,
0, ,262, ,
3, ,263, ,
1, ,263, ,
1, ,263, ,
1, ,262, ,
1, ,262, ,
0, ,262, ,
3, ,263, ,
1, ,263, ,
1, ,263, ,
1, ,263, ,
3, ,263, ,
0, ,262, ,
3, ,262, ,
1, ,263, ,
1, ,263, ,
1, ,262, ,
1, ,263, ,
0, ,263, ,
3, ,264, ,
1, ,262, ,
1, ,263, ,
1, ,263, ,
3, ,263, ,
0, ,263, ,
3, ,263, ,
1, ,263, ,
1, ,263, ,
3, ,263, ,
1, ,263, ,
0, ,263, ,
3, ,263, ,
1, ,263, ,
1, ,264, ,
1, ,263, ,
1, ,263, ,
0, ,262, ,
3, ,263, ,
1, ,263, ,
1, ,264, ,
3, ,262, ,
3, ,263, ,
0, ,263, ,
3, ,263, ,
1, ,263, ,
1, ,262, ,
3, ,262, ,
1, ,264, ,
0, ,263, ,
3, ,263, ,
1, ,263, ,
1, ,263, ,
3, ,263, ,
1, ,263, ,
0, ,263, ,
1, ,263, ,
1, ,263, ,
1, ,263, ,
3, ,262, ,
1, ,263, ,
0, ,263, ,
3, ,263, ,
1, ,263, ,
1, ,263, ,
1, ,263, ,
1, ,263, ,
0, ,262, ,
3, ,264, ,
1, ,263, ,
1, ,263, ,
1, ,263, ,
3, ,263, ,
0, ,262, ,
3, ,263, ,
1, ,264, ,
1, ,263, ,
3, ,263, ,
1, ,263, ,
0, ,263, ,
3, ,262, ,
1, ,262, ,
1, ,263, ,
1, ,262, ,
3, ,263, ,
0, ,262, ,
3, ,263, ,
1, ,262, ,
1, ,263, ,
1, ,262, ,
3, ,263, ,
0, ,262, ,
3, ,263, ,
1, ,263, ,
1, ,262, ,
1, ,263, ,
1, ,263, ,
0, ,263, ,
3, ,263, ,
1, ,262, ,
1, ,263, ,
3, ,263, ,
1, ,263, ,
0, ,262, ,
3, ,263, ,
1, ,263, ,
1, ,263, ,
1, ,262, ,
1, ,263, ,
0, ,262, ,
3, ,262, ,
1, ,263, ,
1, ,264, ,
1, ,262, ,
3, ,263, ,
0, ,262, ,
3, ,263, ,
1, ,263, ,
1, ,263, ,
1, ,263, ,
1, ,263, ,
0, ,262, ,
3, ,262, ,
1, ,263, ,
1, ,264, ,
3, ,263, ,
1, ,263, ,
0, ,262, ,
3, ,263, ,
1, ,262, ,
1, ,263, ,
1, ,263, ,
1, ,264, ,
0, ,262, ,
3, ,263, ,
1, ,263, ,
1, ,263, ,
1, ,262, ,
3, ,263, ,
0, ,262, ,
3, ,264, ,
1, ,262, ,
1, ,263, ,
3, ,263, ,
1, ,262, ,
0, ,262, ,
3, ,263, ,
1, ,263, ,
1, ,263, ,
1, ,262, ,
3, ,262, ,
0, ,263, ,
3, ,263, ,
1, ,262, ,
1, ,262, ,
3, ,263, ,
1, ,262, ,
0, ,262, ,
3, ,262, ,
1, ,263, ,
1, ,263, ,
1, ,263, ,
1, ,263, ,
0, ,263, ,
3, ,263, ,
1, ,262, ,
1, ,263, ,
3, ,263, ,
3, ,263, ,
0, ,263, ,
3, ,264, ,
1, ,264, ,
1, ,263, ,
1, ,262, ,
1, ,263, ,
0, ,263, ,
1, ,263, ,
1, ,262, ,
1, ,263, ,
1, ,262, ,
1, ,263, ,
0, ,263, ,
3, ,263, ,
1, ,263, ,
1, ,262, ,
3, ,262, ,
3, ,263, ,
0, ,262, ,
3, ,263, ,
1, ,262, ,
1, ,262, ,
1, ,262, ,
1, ,263, ,
0, ,262, ,
1, ,263, ,
1, ,263, ,
1, ,263, ,
1, ,261, ,
1, ,263, ,
0, ,263, ,
3, ,263, ,
1, ,263, ,
1, ,263, ,
1, ,262, ,
3, ,263, ,
0, ,262, ,
3, ,263, ,
1, ,262, ,
1, ,264, ,
1, ,263, ,
3, ,261, ,
0, ,262, ,
3, ,263, ,
1, ,262, ,
1, ,263, ,
3, ,263, ,
1, ,262, ,
0, ,262, ,
3, ,263, ,
1, ,264, ,
1, ,264, ,
1, ,262, ,
1, ,263, ,
0, ,263, ,
1, ,263, ,
1, ,263, ,
1, ,262, ,
1, ,262, ,
1, ,262, ,
0, ,262, ,
3, ,263, ,
1, ,263, ,
1, ,263, ,
1, ,262, ,
3, ,263, ,
0, ,262, ,
1, ,262, ,
1, ,262, ,
1, ,263, ,
1, ,262, ,
1, ,263, ,
0, ,262, ,
3, ,262, ,
1, ,263, ,
1, ,263, ,
3, ,262, ,
1, ,262, ,
0, ,262, ,
3, ,263, ,
1, ,262, ,
1, ,263, ,
1, ,262, ,
1, ,263, ,
0, ,262, ,
3, ,262, ,
1, ,263, ,
1, ,263, ,
1, ,262, ,
1, ,262, ,
0, ,262, ,
1, ,264, ,
1, ,262, ,
1, ,263, ,
1, ,261, ,
1, ,263, ,
0, ,263, ,
3, ,263, ,
1, ,262, ,
1, ,263, ,
1, ,262, ,
1, ,263, ,
0, ,263, ,
3, ,263, ,
1, ,262, ,
1, ,262, ,
1, ,262, ,
1, ,263, ,
0, ,262, ,
3, ,263, ,
1, ,262, ,
1, ,263, ,
1, ,262, ,
3, ,262, ,
0, ,262, ,
1, ,263, ,
1, ,262, ,
1, ,263, ,
1, ,261, ,
3, ,263, ,
0, ,262, ,
1, ,263, ,
1, ,263, ,
1, ,263, ,
1, ,262, ,
1, ,263, ,
0, ,262, ,
1, ,264, ,
1, ,262, ,
1, ,262, ,
1, ,262, ,
1, ,263, ,
0, ,262, ,
3, ,262, ,
1, ,262, ,
1, ,263, ,
1, ,263, ,
1, ,263, ,
0, ,262, ,
1, ,262, ,
1, ,262, ,
1, ,263, ,
1, ,261, ,
1, ,263, ,
0, ,262, ,
1, ,262, ,
0, ,263, ,
1, ,263, ,
1, ,262, ,
1, ,262, ,
0, ,262, ,
3, ,262, ,
1, ,262, ,
1, ,262, ,
1, ,262, ,
1, ,264, ,
0, ,263, ,
1, ,263, ,
1, ,263, ,
1, ,263, ,
1, ,262, ,
1, ,262, ,
0, ,262, ,
3, ,263, ,
1, ,262, ,
1, ,263, ,
1, ,263, ,
1, ,263, ,
0, ,262, ,
1, ,262, ,
1, ,262, ,
1, ,263, ,
1, ,262, ,
1, ,263, ,
0, ,262, ,
3, ,263, ,
1, ,262, ,
1, ,263, ,
1, ,262, ,
1, ,262, ,
0, ,263, ,
1, ,263, ,
1, ,262, ,
1, ,264, ,
1, ,262, ,
1, ,262, ,
0, ,263, ,
1, ,263, ,
1, ,262, ,
1, ,263, ,
1, ,263, ,
1, ,263, ,
0, ,262, ,
3, ,262, ,
1, ,263, ,
1, ,263, ,
1, ,263, ,
1, ,263, ,
0, ,263, ,
1, ,263, ,
1, ,263, ,
1, ,262, ,
1, ,263, ,
3, ,263, ,
0, ,262, ,
1, ,263, ,
0, ,263, ,
1, ,264, ,
1, ,263, ,
1, ,263, ,
0, ,262, ,
3, ,263, ,
1, ,262, ,
1, ,263, ,
1, ,262, ,
1, ,263, ,
0, ,263, ,
3, ,263, ,
1, ,263, ,
1, ,263, ,
1, ,263, ,
1, ,262, ,
0, ,262, ,
3, ,262, ,
1, ,262, ,
1, ,263, ,
1, ,264, ,
1, ,264, ,
0, ,263, ,
1, ,262, ,
1, ,262, ,
1, ,262, ,
1, ,262, ,
1, ,263, ,
0, ,262, ,
1, ,263, ,
0, ,262, ,
1, ,263, ,
1, ,262, ,
1, ,264, ,
0, ,262, ,
1, ,263, ,
0, ,263, ,
0, ,263, ,
1, ,262, ,
1, ,263, ,
0, ,262, ,
3, ,264, ,
0, ,262, ,
1, ,263, ,
1, ,262, ,
1, ,263, ,
0, ,262, ,
1, ,263, ,
0, ,263, ,
1, ,263, ,
1, ,262, ,
1, ,263, ,
0, ,262, ,
3, ,262, ,
1, ,263, ,
1, ,263, ,
1, ,263, ,
1, ,263, ,
0, ,262, ,
1, ,262, ,
1, ,263, ,
1, ,264, ,
1, ,262, ,
1, ,262, ,
0, ,262, ,
3, ,263, ,
1, ,262, ,
1, ,262, ,
1, ,263, ,
1, ,263, ,
0, ,263, ,
1, ,262, ,
1, ,262, ,
1, ,264, ,
1, ,262, ,
1, ,263, ,
0, ,262, ,
1, ,262, ,
1, ,262, ,
1, ,262, ,
1, ,262, ,
1, ,264, ,
0, ,263, ,
1, ,263, ,
1, ,262, ,
1, ,263, ,
1, ,263, ,
1, ,263, ,
0, ,262, ,
1, ,262, ,
1, ,262, ,
1, ,262, ,
1, ,262, ,
1, ,263, ,
0, ,262, ,
1, ,263, ,
1, ,263, ,
1, ,263, ,
1, ,262, ,
3, ,263, ,
0, ,262, ,
1, ,264, ,
1, ,263, ,
1, ,263, ,
1, ,263, ,
1, ,263, ,
0, ,262, ,
3, ,263, ,
0, ,263, ,
1, ,263, ,
1, ,262, ,
1, ,262, ,
0, ,262, ,
1, ,263, ,
0, ,262, ,
1, ,263, ,
1, ,263, ,
1, ,263, ,
0, ,262, ,
1, ,263, ,
0, ,263, ,
1, ,263, ,
1, ,262, ,
1, ,263, ,
0, ,263, ,
3, ,263, ,
0, ,263, ,
1, ,264, ,
1, ,263, ,
1, ,263, ,
0, ,262, ,
1, ,263, ,
1, ,263, ,
1, ,263, ,
1, ,263, ,
1, ,262, ,
0, ,263, ,
1, ,263, ,
0, ,262, ,
1, ,263, ,
1, ,263, ,
1, ,263, ,
0, ,262, ,
1, ,262, ,
1, ,263, ,
1, ,263, ,
1, ,263, ,
1, ,263, ,
0, ,262, ,
1, ,263, ,
1, ,263, ,
1, ,263, ,
1, ,262, ,
1, ,264, ,
0, ,262, ,
1, ,262, ,
0, ,263, ,
1, ,263, ,
1, ,262, ,
1, ,262, ,
0, ,262, ,
1, ,263, ,
0, ,263, ,
1, ,263, ,
3, ,262, ,
3, ,262, ,
0, ,263, ,
1, ,263, ,
0, ,263, ,
1, ,264, ,
1, ,262, ,
1, ,263, ,
0, ,262, ,
1, ,263, ,
0, ,263, ,
1, ,263, ,
1, ,262, ,
1, ,263, ,
0, ,262, ,
3, ,263, ,
0, ,262, ,
1, ,263, ,
1, ,263, ,
1, ,264, ,
0, ,262, ,
1, ,262, ,
1, ,262, ,
0, ,263, ,
1, ,263, ,
1, ,262, ,
0, ,262, ,
1, ,262, ,
0, ,262, ,
1, ,263, ,
1, ,262, ,
1, ,263, ,
0, ,263, ,
1, ,263, ,
1, ,263, ,
1, ,262, ,
1, ,263, ,
1, ,263, ,
0, ,262, ,
3, ,262, ,
0, ,263, ,
1, ,263, ,
1, ,262, ,
1, ,263, ,
0, ,262, ,
1, ,263, ,
0, ,262, ,
0, ,263, ,
1, ,262, ,
1, ,263, ,
0, ,262, ,
3, ,263, ,
0, ,263, ,
0, ,263, ,
3, ,262, ,
1, ,263, ,
0, ,262, ,
1, ,262, ,
1, ,262, ,
1, ,262, ,
1, ,263, ,
1, ,263, ,
0, ,262, ,
1, ,262, ,
0, ,263, ,
1, ,263, ,
1, ,262, ,
1, ,262, ,
0, ,263, ,
1, ,263, ,
1, ,262, ,
1, ,262, ,
1, ,262, ,
1, ,263, ,
0, ,262, ,
1, ,263, ,
1, ,263, ,
1, ,263, ,
1, ,262, ,
1, ,263, ,
0, ,263, ,
1, ,263, ,
1, ,262, ,
1, ,261, ,
1, ,262, ,
1, ,262, ,
0, ,262, ,
3, ,263, ,
1, ,262, ,
1, ,263, ,
1, ,261, ,
1, ,262, ,
0, ,263, ,
3, ,263, ,
1, ,262, ,
1, ,263, ,
1, ,262, ,
1, ,262, ,
0, ,262, ,
1, ,263, ,
1, ,262, ,
1, ,263, ,
1, ,262, ,
1, ,262, ,
0, ,262, ,
3, ,263, ,
1, ,262, ,
1, ,263, ,
1, ,262, ,
1, ,262, ,
0, ,262, ,
3, ,263, ,
1, ,262, ,
1, ,263, ,
1, ,263, ,
1, ,262, ,
0, ,261, ,
1, ,262, ,
1, ,262, ,
1, ,263, ,
1, ,263, ,
1, ,263, ,
0, ,262, ,
3, ,262, ,
0, ,262, ,
1, ,263, ,
3, ,262, ,
1, ,263, ,
0, ,262, ,
1, ,262, ,
0, ,262, ,
0, ,262, ,
1, ,262, ,
1, ,264, ,
0, ,262, ,
1, ,263, ,
1, ,263, ,
1, ,263, ,
1, ,262, ,
1, ,263, ,
0, ,263, ,
3, ,263, ,
0, ,263, ,
1, ,263, ,
1, ,262, ,
1, ,263, ,
0, ,263, ,
1, ,263, ,
0, ,263, ,
0, ,263, ,
1, ,262, ,
1, ,263, ,
0, ,262, ,
1, ,263, ,
1, ,262, ,
1, ,263, ,
1, ,263, ,
1, ,263, ,
0, ,262, ,
3, ,263, ,
1, ,262, ,
1, ,263, ,
1, ,262, ,
1, ,263, ,
0, ,262, ,
1, ,263, ,
0, ,262, ,
1, ,263, ,
1, ,263, ,
3, ,263, ,
0, ,263, ,
1, ,262, ,
0, ,263, ,
0, ,263, ,
1, ,263, ,
1, ,263, ,
0, ,262, ,
1, ,263, ,
1, ,262, ,
0, ,263, ,
1, ,262, ,
1, ,263, ,
0, ,263, ,
3, ,263, ,
0, ,263, ,
1, ,263, ,
1, ,261, ,
1, ,262, ,
0, ,262, ,
1, ,262, ,
1, ,263, ,
1, ,263, ,
1, ,263, ,
1, ,263, ,
0, ,263, ,
1, ,263, ,
1, ,263, ,
1, ,262, ,
1, ,262, ,
1, ,263, ,
0, ,263, ,
1, ,263, ,
1, ,262, ,
1, ,263, ,
1, ,262, ,
1, ,263, ,
0, ,262, ,
3, ,263, ,
1, ,263, ,
0, ,263, ,
1, ,262, ,
1, ,262, ,
0, ,263, ,
3, ,262, ,
0, ,262, ,
1, ,263, ,
1, ,262, ,
1, ,263, ,
0, ,262, ,
3, ,263, ,
0, ,263, ,
1, ,263, ,
1, ,261, ,
1, ,263, ,
0, ,263, ,
1, ,263, ,
0, ,262, ,
1, ,263, ,
1, ,263, ,
1, ,263, ,
0, ,262, ,
1, ,263, ,
1, ,262, ,
1, ,263, ,
1, ,262, ,
1, ,262, ,
0, ,263, ,
3, ,263, ,
0, ,263, ,
1, ,263, ,
1, ,263, ,
1, ,262, ,
0, ,263, ,
1, ,262, ,
1, ,263, ,
1, ,263, ,
1, ,261, ,
1, ,263, ,
0, ,262, ,
1, ,263, ,
0, ,262, ,
1, ,262, ,
1, ,261, ,
1, ,261, ,
0, ,260, ,
1, ,261, ,
1, ,263, ,
1, ,265, ,
1, ,264, ,
1, ,264, ,
0, ,263, ,
3, ,263, ,
0, ,261, ,
1, ,261, ,
1, ,261, ,
1, ,263, ,
0, ,262, ,
1, ,263, ,
0, ,263, ,
1, ,263, ,
1, ,262, ,
1, ,262, ,
0, ,262, ,
1, ,263, ,
0, ,261, ,
0, ,262, ,
1, ,263, ,
1, ,263, ,
0, ,262, ,
1, ,263, ,
0, ,263, ,
1, ,263, ,
1, ,263, ,
1, ,263, ,
0, ,262, ,
1, ,262, ,
0, ,262, ,
1, ,263, ,
1, ,262, ,
1, ,263, ,
0, ,262, ,
1, ,261, ,
0, ,261, ,
0, ,262, ,
1, ,263, ,
1, ,263, ,
0, ,263, ,
1, ,262, ,
0, ,262, ,
0, ,261, ,
1, ,261, ,
1, ,262, ,
0, ,262, ,
1, ,262, ,
0, ,263, ,
0, ,263, ,
3, ,263, ,
1, ,263, ,
0, ,262, ,
3, ,262, ,
0, ,262, ,
1, ,263, ,
1, ,263, ,
1, ,263, ,
0, ,262, ,
1, ,263, ,
0, ,263, ,
1, ,262, ,
1, ,262, ,
1, ,263, ,
0, ,262, ,
1, ,263, ,
0, ,262, ,
1, ,263, ,
1, ,262, ,
1, ,263, ,
0, ,262, ,
1, ,262, ,
1, ,263, ,
1, ,263, ,
1, ,262, ,
1, ,263, ,
0, ,262, ,
1, ,262, ,
1, ,262, ,
1, ,262, ,
1, ,262, ,
1, ,263, ,
0, ,262, ,
1, ,263, ,
0, ,262, ,
1, ,263, ,
1, ,262, ,
1, ,263, ,
0, ,262, ,
1, ,263, ,
0, ,262, ,
1, ,263, ,
1, ,262, ,
1, ,263, ,
0, ,262, ,
1, ,263, ,
1, ,263, ,
0, ,263, ,
1, ,262, ,
1, ,263, ,
0, ,262, ,
1, ,263, ,
1, ,261, ,
1, ,262, ,
1, ,263, ,
1, ,263, ,
0, ,264, ,
3, ,263, ,
0, ,262, ,
0, ,262, ,
1, ,262, ,
1, ,263, ,
0, ,263, ,
1, ,263, ,
0, ,263, ,
1, ,264, ,
1, ,263, ,
1, ,263, ,
0, ,262, ,
1, ,262, ,
0, ,263, ,
1, ,263, ,
1, ,263, ,
1, ,263, ,
0, ,263, ,
1, ,263, ,
0, ,263, ,
0, ,263, ,
1, ,263, ,
1, ,263, ,
0, ,262, ,
1, ,264, ,
1, ,263, ,
1, ,263, ,
1, ,263, ,
1, ,262, ,
0, ,262, ,
1, ,263, ,
0, ,262, ,
1, ,263, ,
1, ,262, ,
1, ,262, ,
0, ,263, ,
1, ,263, ,
0, ,263, ,
0, ,263, ,
1, ,263, ,
1, ,264, ,
0, ,263, ,
1, ,263, ,
0, ,262, ,
0, ,262, ,
1, ,263, ,
1, ,263, ,
0, ,263, ,
3, ,263, ,
0, ,263, ,
0, ,263, ,
1, ,263, ,
1, ,262, ,
0, ,262, ,
1, ,263, ,
0, ,262, ,
0, ,263, ,
1, ,263, ,
1, ,263, ,
0, ,262, ,
1, ,263, ,
0, ,263, ,
1, ,263, ,
1, ,263, ,
1, ,263, ,
0, ,263, ,
1, ,263, ,
0, ,262, ,
1, ,263, ,
1, ,264, ,
1, ,262, ,
0, ,262, ,
1, ,262, ,
0, ,262, ,
0, ,263, ,
1, ,263, ,
1, ,263, ,
0, ,262, ,
3, ,263, ,
0, ,262, ,
0, ,262, ,
1, ,263, ,
1, ,263, ,
0, ,262, ,
3, ,262, ,
1, ,263, ,
0, ,263, ,
1, ,262, ,
1, ,263, ,
0, ,263, ,
1, ,263, ,
0, ,262, ,
1, ,263, ,
1, ,263, ,
1, ,263, ,
0, ,263, ,
1, ,262, ,
0, ,262, ,
1, ,263, ,
1, ,262, ,
1, ,262, ,
0, ,262, ,
1, ,263, ,
0, ,263, ,
1, ,263, ,
1, ,262, ,
1, ,263, ,
0, ,262, ,
3, ,264, ,
1, ,263, ,
0, ,263, ,
1, ,263, ,
1, ,263, ,
0, ,263, ,
1, ,263, ,
0, ,263, ,
1, ,263, ,
1, ,262, ,
1, ,263, ,
0, ,262, ,
1, ,262, ,
1, ,263, ,
1, ,263, ,
1, ,262, ,
3, ,263, ,
0, ,263, ,
1, ,262, ,
0, ,262, ,
1, ,262, ,
1, ,263, ,
1, ,263, ,
0, ,263, ,
1, ,262, ,
0, ,263, ,
1, ,263, ,
1, ,263, ,
1, ,264, ,
0, ,262, ,
1, ,263, ,
0, ,262, ,
1, ,263, ,
1, ,263, ,
1, ,263, ,
0, ,262, ,
1, ,263, ,
0, ,263, ,
1, ,263, ,
1, ,262, ,
1, ,262, ,
0, ,262, ,
3, ,264, ,
1, ,263, ,
1, ,262, ,
1, ,263, ,
1, ,264, ,
0, ,262, ,
1, ,263, ,
0, ,263, ,
1, ,263, ,
1, ,262, ,
1, ,263, ,
0, ,261, ,
1, ,264, ,
0, ,262, ,
1, ,263, ,
1, ,262, ,
1, ,263, ,
0, ,262, ,
1, ,263, ,
0, ,263, ,
0, ,264, ,
1, ,262, ,
1, ,263, ,
0, ,263, ,
1, ,263, ,
1, ,263, ,
0, ,263, ,
1, ,263, ,
1, ,263, ,
0, ,262, ,
1, ,263, ,
1, ,262, ,
1, ,263, ,
1, ,262, ,
1, ,263, ,
0, ,264, ,
3, ,262, ,
0, ,262, ,
1, ,263, ,
1, ,262, ,
1, ,263, ,
0, ,263, ,
1, ,262, ,
0, ,263, ,
0, ,263, ,
1, ,262, ,
1, ,263, ,
0, ,263, ,
1, ,264, ,
1, ,262, ,
0, ,263, ,
1, ,262, ,
1, ,263, ,
0, ,262, ,
1, ,263, ,
0, ,263, ,
1, ,263, ,
1, ,263, ,
3, ,263, ,
0, ,263, ,
3, ,263, ,
0, ,263, ,
0, ,262, ,
1, ,262, ,
1, ,263, ,
0, ,262, ,
1, ,263, ,
0, ,262, ,
1, ,263, ,
1, ,262, ,
1, ,263, ,
0, ,262, ,
1, ,263, ,
0, ,262, ,
1, ,263, ,
1, ,263, ,
1, ,263, ,
0, ,261, ,
1, ,262, ,
0, ,263, ,
1, ,263, ,
1, ,262, ,
1, ,263, ,
0, ,263, ,
1, ,263, ,
0, ,263, ,
0, ,262, ,
1, ,263, ,
1, ,263, ,
0, ,262, ,
3, ,263, ,
1, ,262, ,
1, ,263, ,
1, ,262, ,
1, ,263, ,
0, ,263, ,
1, ,263, ,
1, ,262, ,
1, ,263, ,
1, ,262, ,
1, ,263, ,
0, ,262, ,
1, ,263, ,
0, ,263, ,
1, ,263, ,
1, ,262, ,
1, ,263, ,
0, ,263, ,
1, ,264, ,
1, ,262, ,
1, ,263, ,
1, ,262, ,
1, ,263, ,
0, ,262, ,
1, ,263, ,
1, ,263, ,
1, ,263, ,
1, ,262, ,
1, ,262, ,
0, ,263, ,
1, ,263, ,
0, ,262, ,
1, ,263, ,
1, ,263, ,
1, ,263, ,
0, ,263, ,
1, ,263, ,
0, ,263, ,
1, ,263, ,
1, ,262, ,
1, ,263, ,
0, ,263, ,
1, ,264, ,
0, ,263, ,
0, ,263, ,
1, ,262, ,
1, ,263, ,
0, ,262, ,
1, ,263, ,
0, ,263, ,
0, ,263, ,
1, ,262, ,
1, ,263, ,
0, ,262, ,
1, ,263, ,
0, ,263, ,
0, ,263, ,
1, ,262, ,
1, ,264, ,
0, ,261, ,
1, ,263, ,
0, ,263, ,
0, ,263, ,
1, ,262, ,
1, ,262, ,
0, ,263, ,
1, ,263, ,
0, ,263, ,
0, ,263, ,
1, ,262, ,
1, ,264, ,
0, ,262, ,
1, ,263, ,
0, ,263, ,
0, ,262, ,
1, ,262, ,
3, ,263, ,
0, ,263, ,
3, ,263, ,
1, ,262, ,
1, ,263, ,
1, ,263, ,
1, ,263, ,
0, ,262, ,
1, ,263, ,
0, ,263, ,
1, ,263, ,
1, ,262, ,
3, ,263, ,
0, ,262, ,
1, ,263, ,
1, ,263, ,
0, ,263, ,
1, ,263, ,
1, ,263, ,
0, ,263, ,
1, ,263, ,
1, ,263, ,
0, ,263, ,
1, ,262, ,
1, ,263, ,
0, ,263, ,
1, ,263, ,
1, ,262, ,
1, ,262, ,
1, ,263, ,
1, ,263, ,
0, ,263, ,
1, ,262, ,
0, ,262, ,
1, ,263, ,
1, ,263, ,
1, ,263, ,
0, ,263, ,
1, ,263, ,
1, ,262, ,
1, ,263, ,
123, ,263, ,
75, ,263, ,
39, ,262, ,
28, ,263, ,
23, ,263, ,
15, ,263, ,
8, ,262, ,
6, ,263, ,
6, ,262, ,
6, ,263, ,
4, ,261, ,
3, ,262, ,
4, ,263, ,
4, ,264, ,
3, ,263, ,
4, ,264, ,
3, ,263, ,
4, ,263, ,
4, ,262, ,
4, ,263, ,
1, ,262, ,
4, ,263, ,
3, ,263, ,
4, ,263, ,
4, ,263, ,
4, ,263, ,
3, ,256, ,
4, ,262, ,
3, ,270, ,
3, ,268, ,
4, ,261, ,
4, ,260, ,
1, ,262, ,
4, ,264, ,
3, ,262, ,
3, ,263, ,
4, ,262, ,
4, ,262, ,
3, ,262, ,
4, ,263, ,
3, ,263, ,
3, ,263, ,
3, ,262, ,
4, ,263, ,
3, ,262, ,
4, ,263, ,
3, ,262, ,
3, ,262, ,
4, ,262, ,
4, ,263, ,
3, ,263, ,
4, ,264, ,
1, ,263, ,
3, ,263, ,
4, ,262, ,
4, ,263, ,
3, ,262, ,
4, ,263, ,
1, ,263, ,
3, ,263, ,
3, ,263, ,
4, ,264, ,
1, ,262, ,
4, ,263, ,
3, ,263, ,
3, ,263, ,
3, ,262, ,
3, ,263, ,
3, ,262, ,
4, ,263, ,
3, ,262, ,
3, ,263, ,
4, ,263, ,
3, ,263, ,
3, ,263, ,
4, ,262, ,
1, ,263, ,
3, ,263, ,
3, ,262, ,
4, ,263, ,
1, ,263, ,
4, ,264, ,
3, ,262, ,
3, ,263, ,
4, ,263, ,
3, ,263, ,
1, ,262, ,
4, ,263, ,
1, ,263, ,
3, ,263, ,
3, ,262, ,
4, ,262, ,
1, ,263, ,
4, ,263, ,
3, ,262, ,
3, ,263, ,
3, ,263, ,
3, ,263, ,
1, ,262, ,
4, ,263, ,
1, ,262, ,
3, ,263, ,
3, ,263, ,
3, ,263, ,
1, ,263, ,
4, ,263, ,
1, ,262, ,
3, ,263, ,
3, ,263, ,
3, ,263, ,
3, ,263, ,
4, ,263, ,
3, ,263, ,
3, ,263, ,
3, ,262, ,
3, ,263, ,
1, ,263, ,
4, ,263, ,
1, ,262, ,
3, ,263, ,
3, ,262, ,
3, ,262, ,
1, ,262, ,
4, ,263, ,
3, ,262, ,
3, ,263, ,
3, ,262, ,
3, ,263, ,
1, ,262, ,
4, ,262, ,
1, ,262, ,
3, ,262, ,
3, ,262, ,
3, ,263, ,
1, ,262, ,
4, ,263, ,
3, ,263, ,
3, ,264, ,
3, ,262, ,
3, ,263, ,
1, ,262, ,
4, ,263, ,
3, ,262, ,
3, ,263, ,
3, ,263, ,
3, ,263, ,
1, ,262, ,
3, ,262, ,
1, ,263, ,
3, ,262, ,
3, ,262, ,
3, ,263, ,
1, ,263, ,
4, ,263, ,
3, ,262, ,
3, ,263, ,
3, ,262, ,
3, ,263, ,
1, ,262, ,
4, ,263, ,
1, ,262, ,
3, ,263, ,
3, ,263, ,
3, ,263, ,
1, ,262, ,
3, ,263, ,
3, ,263, ,
3, ,263, ,
3, ,263, ,
3, ,263, ,
1, ,263, ,
4, ,263, ,
3, ,262, ,
3, ,263, ,
3, ,263, ,
3, ,262, ,
1, ,262, ,
3, ,263, ,
1, ,262, ,
3, ,262, ,
3, ,262, ,
3, ,263, ,
1, ,262, ,
3, ,262, ,
3, ,262, ,
3, ,263, ,
3, ,262, ,
3, ,263, ,
1, ,262, ,
4, ,263, ,
1, ,262, ,
3, ,263, ,
3, ,263, ,
3, ,262, ,
1, ,263, ,
4, ,263, ,
3, ,263, ,
3, ,263, ,
3, ,263, ,
3, ,263, ,
1, ,263, ,
3, ,263, ,
3, ,263, ,
1, ,262, ,
3, ,263, ,
3, ,263, ,
1, ,263, ,
3, ,263, ,
1, ,263, ,
3, ,262, ,
3, ,262, ,
3, ,263, ,
1, ,262, ,
3, ,262, ,
1, ,262, ,
3, ,262, ,
3, ,264, ,
3, ,263, ,
1, ,262, ,
3, ,263, ,
1, ,262, ,
3, ,262, ,
3, ,262, ,
3, ,262, ,
1, ,262, ,
3, ,262, ,
1, ,262, ,
3, ,263, ,
3, ,262, ,
3, ,262, ,
1, ,262, ,
3, ,263, ,
1, ,263, ,
3, ,263, ,
3, ,262, ,
3, ,263, ,
1, ,263, ,
3, ,263, ,
1, ,263, ,
3, ,263, ,
3, ,262, ,
3, ,263, ,
1, ,263, ,
3, ,263, ,
1, ,263, ,
3, ,263, ,
3, ,262, ,
3, ,262, ,
1, ,262, ,
3, ,263, ,
1, ,263, ,
3, ,263, ,
3, ,263, ,
3, ,263, ,
1, ,262, ,
3, ,263, ,
1, ,263, ,
3, ,263, ,
3, ,262, ,
3, ,263, ,
1, ,262, ,
3, ,263, ,
3, ,263, ,
3, ,262, ,
3, ,263, ,
3, ,264, ,
1, ,262, ,
3, ,262, ,
1, ,262, ,
1, ,263, ,
1, ,262, ,
3, ,264, ,
1, ,262, ,
3, ,262, ,
1, ,263, ,
1, ,262, ,
3, ,262, ,
4, ,263, ,
1, ,262, ,
3, ,263, ,
1, ,263, ,
1, ,264, ,
3, ,262, ,
3, ,263, ,
1, ,263, ,
3, ,264, ,
1, ,262, ,
3, ,263, ,
3, ,262, ,
3, ,263, ,
1, ,262, ,
3, ,263, ,
1, ,264, ,
1, ,263, ,
3, ,262, ,
3, ,263, ,
1, ,263, ,
3, ,263, ,
1, ,263, ,
1, ,262, ,
3, ,262, ,
3, ,263, ,
1, ,262, ,
3, ,263, ,
1, ,262, ,
3, ,262, ,
3, ,264, ,
3, ,263, ,
1, ,263, ,
3, ,263, ,
1, ,263, ,
1, ,262, ,
1, ,263, ,
3, ,263, ,
1, ,262, ,
3, ,262, ,
1, ,263, ,
3, ,262, ,
3, ,262, ,
3, ,263, ,
1, ,262, ,
3, ,263, ,
1, ,262, ,
1, ,263, ,
3, ,262, ,
3, ,263, ,
1, ,263, ,
3, ,263, ,
1, ,262, ,
3, ,262, ,
3, ,262, ,
3, ,263, ,
1, ,263, ,
3, ,263, ,
1, ,262, ,
3, ,263, ,
3, ,262, ,
3, ,263, ,
1, ,262, ,
3, ,263, ,
1, ,263, ,
3, ,263, ,
1, ,262, ,
3, ,263, ,
1, ,263, ,
3, ,263, ,
1, ,262, ,
3, ,262, ,
3, ,263, ,
3, ,263, ,
1, ,262, ,
3, ,263, ,
1, ,262, ,
3, ,263, ,
3, ,262, ,
1, ,262, ,
1, ,262, ,
3, ,262, ,
1, ,262, ,
3, ,262, ,
3, ,262, ,
3, ,262, ,
1, ,262, ,
3, ,263, ,
1, ,262, ,
1, ,263, ,
3, ,262, ,
3, ,263, ,
1, ,263, ,
3, ,263, ,
1, ,263, ,
1, ,262, ,
3, ,262, ,
3, ,262, ,
1, ,263, ,
3, ,262, ,
1, ,262, ,
3, ,263, ,
3, ,262, ,
3, ,262, ,
1, ,262, ,
3, ,263, ,
1, ,263, ,
1, ,262, ,
3, ,262, ,
3, ,263, ,
1, ,262, ,
3, ,262, ,
1, ,262, ,
1, ,263, ,
3, ,262, ,
3, ,262, ,
1, ,262, ,
3, ,263, ,
1, ,263, ,
1, ,262, ,
3, ,263, ,
1, ,262, ,
1, ,262, ,
3, ,263, ,
1, ,262, ,
1, ,263, ,
3, ,262, ,
3, ,262, ,
1, ,262, ,
3, ,263, ,
1, ,262, ,
1, ,263, ,
3, ,262, ,
3, ,263, ,
1, ,262, ,
3, ,263, ,
1, ,263, ,
1, ,262, ,
3, ,262, ,
1, ,263, ,
0, ,262, ,
3, ,262, ,
1, ,263, ,
1, ,262, ,
3, ,263, ,
3, ,263, ,
1, ,262, ,
3, ,262, ,
1, ,263, ,
1, ,263, ,
1, ,262, ,
1, ,263, ,
0, ,262, ,
3, ,262, ,
1, ,262, ,
1, ,263, ,
1, ,263, ,
1, ,264, ,
1, ,263, ,
3, ,263, ,
1, ,262, ,
1, ,262, ,
3, ,262, ,
1, ,263, ,
0, ,263, ,
3, ,263, ,
1, ,262, ,
1, ,263, ,
3, ,262, ,
1, ,263, ,
0, ,262, ,
3, ,261, ,
1, ,261, ,
1, ,262, ,
3, ,263, ,
1, ,264, ,
0, ,264, ,
3, ,263, ,
1, ,262, ,
1, ,262, ,
3, ,262, ,
3, ,262, ,
0, ,261, ,
3, ,263, ,
1, ,263, ,
1, ,263, ,
3, ,263, ,
1, ,263, ,
0, ,263, ,
3, ,262, ,
1, ,261, ,
1, ,263, ,
3, ,263, ,
1, ,263, ,
0, ,263, ,
3, ,263, ,
1, ,262, ,
1, ,263, ,
1, ,263, ,
3, ,263, ,
0, ,263, ,
3, ,263, ,
1, ,263, ,
1, ,263, ,
1, ,264, ,
3, ,263, ,
0, ,262, ,
3, ,263, ,
1, ,262, ,
1, ,263, ,
3, ,262, ,
3, ,263, ,
0, ,263, ,
3, ,263, ,
1, ,262, ,
1, ,263, ,
1, ,262, ,
1, ,263, ,
0, ,262, ,
3, ,263, ,
1, ,262, ,
1, ,263, ,
1, ,263, ,
3, ,263, ,
0, ,263, ,
3, ,263, ,
1, ,262, ,
1, ,263, ,
3, ,262, ,
3, ,263, ,
0, ,262, ,
3, ,263, ,
1, ,263, ,
1, ,264, ,
3, ,262, ,
1, ,263, ,
0, ,263, ,
3, ,262, ,
1, ,262, ,
1, ,263, ,
1, ,263, ,
1, ,263, ,
0, ,262, ,
3, ,263, ,
1, ,263, ,
1, ,262, ,
1, ,262, ,
1, ,263, ,
0, ,263, ,
3, ,263, ,
1, ,262, ,
1, ,263, ,
3, ,263, ,
3, ,262, ,
0, ,263, ,
3, ,262, ,
1, ,263, ,
1, ,263, ,
1, ,262, ,
1, ,263, ,
0, ,262, ,
3, ,263, ,
1, ,263, ,
1, ,263, ,
1, ,263, ,
1, ,263, ,
0, ,262, ,
3, ,262, ,
1, ,263, ,
1, ,263, ,
1, ,262, ,
3, ,262, ,
0, ,263, ,
3, ,263, ,
1, ,263, ,
1, ,263, ,
1, ,263, ,
1, ,263, ,
0, ,262, ,
3, ,263, ,
1, ,263, ,
1, ,263, ,
3, ,262, ,
1, ,262, ,
0, ,263, ,
3, ,263, ,
1, ,262, ,
1, ,261, ,
1, ,260, ,
1, ,261, ,
0, ,261, ,
3, ,264, ,
1, ,266, ,
1, ,265, ,
1, ,264, ,
1, ,262, ,
0, ,261, ,
3, ,261, ,
1, ,262, ,
1, ,263, ,
3, ,262, ,
3, ,263, ,
0, ,262, ,
3, ,262, ,
1, ,263, ,
1, ,263, ,
1, ,262, ,
1, ,263, ,
0, ,263, ,
3, ,263, ,
1, ,262, ,
1, ,263, ,
3, ,263, ,
1, ,263, ,
0, ,262, ,
3, ,263, ,
1, ,263, ,
1, ,263, ,
1, ,262, ,
1, ,262, ,
0, ,262, ,
3, ,263, ,
1, ,262, ,
1, ,262, ,
1, ,263, ,
1, ,262, ,
0, ,262, ,
3, ,262, ,
1, ,263, ,
1, ,263, ,
1, ,262, ,
3, ,263, ,
0, ,262, ,
3, ,263, ,
1, ,262, ,
1, ,262, ,
1, ,262, ,
1, ,263, ,
0, ,261, ,
3, ,262, ,
1, ,262, ,
1, ,262, ,
1, ,262, ,
1, ,263, ,
0, ,263, ,
3, ,263, ,
1, ,262, ,
1, ,263, ,
1, ,263, ,
1, ,263, ,
0, ,262, ,
3, ,262, ,
1, ,262, ,
1, ,263, ,
3, ,262, ,
3, ,262, ,
0, ,262, ,
3, ,263, ,
1, ,262, ,
1, ,262, ,
1, ,262, ,
1, ,262, ,
0, ,262, ,
3, ,262, ,
1, ,263, ,
1, ,262, ,
1, ,262, ,
1, ,262, ,
0, ,263, ,
3, ,263, ,
1, ,262, ,
1, ,263, ,
1, ,262, ,
1, ,263, ,
0, ,263, ,
1, ,262, ,
1, ,262, ,
1, ,262, ,
1, ,262, ,
1, ,263, ,
0, ,263, ,
1, ,262, ,
1, ,262, ,
1, ,262, ,
1, ,262, ,
3, ,263, ,
0, ,262, ,
1, ,263, ,
1, ,263, ,
1, ,263, ,
3, ,261, ,
1, ,261, ,
0, ,261, ,
3, ,263, ,
0, ,263, ,
1, ,264, ,
1, ,263, ,
1, ,263, ,
0, ,263, ,
1, ,262, ,
0, ,263, ,
1, ,263, ,
3, ,262, ,
1, ,263, ,
0, ,263, ,
3, ,264, ,
1, ,264, ,
1, ,263, ,
1, ,262, ,
1, ,263, ,
0, ,263, ,
3, ,263, ,
1, ,263, ,
1, ,264, ,
3, ,263, ,
1, ,262, ,
0, ,262, ,
3, ,263, ,
1, ,263, ,
1, ,263, ,
1, ,262, ,
1, ,264, ,
0, ,262, ,
3, ,263, ,
1, ,264, ,
1, ,263, ,
1, ,262, ,
1, ,262, ,
0, ,263, ,
3, ,263, ,
1, ,262, ,
1, ,263, ,
1, ,263, ,
3, ,263, ,
0, ,263, ,
3, ,262, ,
1, ,263, ,
1, ,263, ,
1, ,262, ,
1, ,262, ,
0, ,263, ,
1, ,263, ,
1, ,263, ,
1, ,263, ,
1, ,262, ,
3, ,263, ,
0, ,263, ,
3, ,263, ,
1, ,263, ,
1, ,263, ,
1, ,262, ,
1, ,262, ,
0, ,263, ,
3, ,263, ,
1, ,263, ,
1, ,263, ,
1, ,263, ,
1, ,263, ,
0, ,262, ,
3, ,263, ,
1, ,263, ,
1, ,263, ,
3, ,262, ,
3, ,262, ,
0, ,262, ,
3, ,263, ,
1, ,263, ,
1, ,262, ,
1, ,263, ,
1, ,263, ,
0, ,262, ,
3, ,263, ,
1, ,263, ,
1, ,263, ,
1, ,262, ,
1, ,263, ,
0, ,263, ,
3, ,263, ,
1, ,263, ,
1, ,262, ,
1, ,262, ,
1, ,263, ,
0, ,262, ,
3, ,263, ,
1, ,262, ,
1, ,263, ,
3, ,263, ,
1, ,263, ,
0, ,262, ,
3, ,263, ,
1, ,262, ,
1, ,263, ,
3, ,263, ,
1, ,263, ,
0, ,262, ,
3, ,263, ,
1, ,263, ,
1, ,263, ,
1, ,263, ,
1, ,262, ,
0, ,262, ,
1, ,263, ,
1, ,262, ,
1, ,263, ,
1, ,263, ,
1, ,263, ,
0, ,262, ,
1, ,262, ,
1, ,262, ,
1, ,262, ,
1, ,262, ,
1, ,263, ,
0, ,262, ,
3, ,262, ,
1, ,262, ,
3, ,263, ,
1, ,262, ,
1, ,263, ,
0, ,262, ,
3, ,262, ,
1, ,262, ,
1, ,263, ,
1, ,262, ,
1, ,263, ,
0, ,262, ,
1, ,262, ,
1, ,263, ,
1, ,263, ,
1, ,262, ,
1, ,262, ,
0, ,262, ,
1, ,263, ,
1, ,263, ,
1, ,263, ,
1, ,262, ,
3, ,263, ,
0, ,262, ,
1, ,263, ,
1, ,262, ,
1, ,263, ,
1, ,262, ,
1, ,263, ,
0, ,262, ,
3, ,262, ,
1, ,263, ,
1, ,263, ,
1, ,262, ,
1, ,263, ,
0, ,263, ,
3, ,263, ,
1, ,262, ,
1, ,263, ,
1, ,263, ,
1, ,263, ,
0, ,262, ,
1, ,263, ,
1, ,263, ,
1, ,263, ,
1, ,262, ,
1, ,264, ,
0, ,263, ,
1, ,262, ,
1, ,263, ,
1, ,263, ,
1, ,263, ,
1, ,262, ,
0, ,262, ,
3, ,263, ,
1, ,264, ,
1, ,263, ,
1, ,262, ,
1, ,263, ,
0, ,263, ,
1, ,263, ,
1, ,263, ,
1, ,262, ,
1, ,263, ,
1, ,263, ,
0, ,263, ,
3, ,263, ,
1, ,262, ,
1, ,263, ,
1, ,263, ,
1, ,263, ,
0, ,263, ,
3, ,263, ,
1, ,263, ,
1, ,262, ,
1, ,263, ,
1, ,262, ,
0, ,262, ,
1, ,262, ,
1, ,263, ,
1, ,263, ,
1, ,263, ,
1, ,263, ,
0, ,263, ,
3, ,263, ,
0, ,262, ,
1, ,262, ,
1, ,262, ,
1, ,263, ,
0, ,262, ,
1, ,263, ,
1, ,263, ,
1, ,263, ,
1, ,262, ,
1, ,263, ,
0, ,262, ,
3, ,263, ,
1, ,261, ,
1, ,262, ,
1, ,263, ,
1, ,264, ,
0, ,264, ,
1, ,263, ,
0, ,263, ,
1, ,263, ,
1, ,262, ,
1, ,262, ,
0, ,262, ,
3, ,263, ,
1, ,263, ,
0, ,263, ,
1, ,263, ,
1, ,263, ,
0, ,262, ,
1, ,263, ,
1, ,262, ,
1, ,263, ,
1, ,262, ,
1, ,263, ,
0, ,263, ,
1, ,263, ,
1, ,262, ,
1, ,262, ,
1, ,262, ,
1, ,262, ,
0, ,262, ,
1, ,262, ,
1, ,263, ,
1, ,263, ,
1, ,263, ,
1, ,263, ,
0, ,263, ,
1, ,262, ,
1, ,263, ,
1, ,262, ,
1, ,263, ,
1, ,263, ,
0, ,262, ,
3, ,263, ,
0, ,263, ,
1, ,263, ,
3, ,262, ,
1, ,263, ,
0, ,262, ,
1, ,263, ,
0, ,263, ,
1, ,262, ,
1, ,262, ,
1, ,262, ,
0, ,263, ,
1, ,263, ,
1, ,261, ,
1, ,263, ,
1, ,262, ,
1, ,263, ,
0, ,262, ,
3, ,263, ,
1, ,263, ,
1, ,263, ,
1, ,262, ,
1, ,263, ,
0, ,262, ,
3, ,262, ,
1, ,263, ,
1, ,263, ,
1, ,262, ,
3, ,263, ,
0, ,262, ,
1, ,262, ,
1, ,262, ,
1, ,262, ,
1, ,263, ,
1, ,263, ,
0, ,262, ,
1, ,263, ,
1, ,263, ,
1, ,263, ,
1, ,263, ,
1, ,263, ,
0, ,262, ,
3, ,262, ,
1, ,262, ,
1, ,262, ,
1, ,263, ,
1, ,263, ,
0, ,262, ,
1, ,263, ,
1, ,263, ,
1, ,264, ,
1, ,262, ,
1, ,262, ,
0, ,262, ,
1, ,263, ,
1, ,262, ,
1, ,263, ,
1, ,263, ,
1, ,263, ,
0, ,262, ,
3, ,263, ,
1, ,263, ,
1, ,264, ,
1, ,262, ,
1, ,263, ,
0, ,263, ,
1, ,263, ,
1, ,262, ,
1, ,262, ,
1, ,262, ,
1, ,263, ,
0, ,262, ,
3, ,263, ,
1, ,263, ,
1, ,263, ,
1, ,262, ,
1, ,263, ,
0, ,263, ,
1, ,263, ,
0, ,262, ,
1, ,262, ,
1, ,263, ,
1, ,263, ,
0, ,263, ,
1, ,263, ,
1, ,263, ,
1, ,263, ,
1, ,262, ,
1, ,262, ,
0, ,262, ,
3, ,263, ,
1, ,262, ,
1, ,262, ,
1, ,262, ,
1, ,263, ,
0, ,262, ,
3, ,263, ,
1, ,262, ,
1, ,263, ,
1, ,262, ,
1, ,263, ,
0, ,262, ,
1, ,263, ,
1, ,262, ,
1, ,263, ,
1, ,262, ,
1, ,264, ,
0, ,262, ,
1, ,262, ,
1, ,263, ,
1, ,263, ,
1, ,262, ,
1, ,263, ,
0, ,262, ,
1, ,263, ,
0, ,262, ,
1, ,263, ,
1, ,263, ,
1, ,262, ,
0, ,262, ,
3, ,263, ,
0, ,263, ,
1, ,263, ,
1, ,262, ,
1, ,263, ,
0, ,263, ,
1, ,263, ,
1, ,262, ,
0, ,262, ,
1, ,262, ,
1, ,262, ,
0, ,262, ,
1, ,262, ,
1, ,263, ,
1, ,263, ,
1, ,262, ,
1, ,262, ,
0, ,262, ,
1, ,263, ,
1, ,263, ,
1, ,263, ,
1, ,263, ,
1, ,263, ,
0, ,263, ,
1, ,263, ,
1, ,262, ,
1, ,263, ,
1, ,262, ,
1, ,262, ,
0, ,263, ,
1, ,263, ,
1, ,262, ,
1, ,262, ,
1, ,264, ,
1, ,263, ,
0, ,262, ,
1, ,263, ,
0, ,263, ,
1, ,263, ,
1, ,262, ,
1, ,263, ,
0, ,262, ,
1, ,263, ,
0, ,261, ,
1, ,262, ,
1, ,262, ,
1, ,264, ,
0, ,263, ,
1, ,263, ,
1, ,263, ,
1, ,263, ,
1, ,263, ,
1, ,263, ,
0, ,263, ,
3, ,263, ,
1, ,263, ,
1, ,263, ,
1, ,262, ,
1, ,262, ,
0, ,262, ,
1, ,263, ,
0, ,263, ,
1, ,263, ,
1, ,262, ,
1, ,262, ,
0, ,263, ,
3, ,263, ,
1, ,263, ,
1, ,263, ,
1, ,263, ,
1, ,263, ,
0, ,262, ,
3, ,263, ,
1, ,262, ,
