Format,1.0B,
Memory Length,10000,Memory Length,10000,
IntpDistance,0,IntpDistance,0,
Trigger Address,5159,Trigger Address,5159,
Trigger Level,3.000E-01,Trigger Level,3.000E-01,
Source,CH1,Source,CH2,
Vertical Units,V,Vertical Units,V,
Vertical Units Div,0,Vertical Units Div,0,
Vertical Units Extend Div,16,Vertical Units Extend Div,16,
Label,,Label,,
Probe Type,0,Probe Type,0,
Probe Ratio,1.000e+01,Probe Ratio,1.000e+00,
Vertical Scale,5.000e-01,Vertical Scale,2.000e-01,
Vertical Position,-1.780e+00,Vertical Position,-2.240e+00,
Horizontal Units,S,Horizontal Units,S,
Horizontal Scale,2.000E-05,Horizontal Scale,2.000E-05,
Horizontal Position,-3.200E-06,Horizontal Position,-3.200E-06,
Horizontal Mode,Main,Horizontal Mode,Main,
SincET Mode,Real Time,SincET Mode,Real Time,
Sampling Period,2.000e-08,Sampling Period,2.000e-08,
Horizontal Old Scale,2.000E-05,Horizontal Old Scale,2.000E-05,
Horizontal Old Position,-3.200E-06,Horizontal Old Position,-3.200E-06,
Firmware,V1.23,Firmware,V1.23,
Mode,Fast,Mode,Fast,
Waveform Data,,Waveform Data,,
3, ,332, ,
1, ,332, ,
4, ,332, ,
1, ,334, ,
1, ,331, ,
4, ,333, ,
3, ,332, ,
1, ,333, ,
4, ,332, ,
1, ,333, ,
1, ,331, ,
3, ,333, ,
3, ,332, ,
1, ,332, ,
4, ,332, ,
1, ,333, ,
3, ,331, ,
4, ,333, ,
3, ,332, ,
1, ,333, ,
4, ,330, ,
3, ,333, ,
1, ,331, ,
3, ,333, ,
3, ,332, ,
1, ,332, ,
4, ,332, ,
3, ,333, ,
1, ,331, ,
3, ,332, ,
3, ,332, ,
1, ,332, ,
4, ,332, ,
1, ,333, ,
3, ,332, ,
4, ,332, ,
3, ,332, ,
1, ,333, ,
4, ,332, ,
1, ,335, ,
1, ,331, ,
4, ,332, ,
3, ,332, ,
1, ,332, ,
4, ,332, ,
1, ,333, ,
1, ,331, ,
3, ,332, ,
3, ,332, ,
1, ,332, ,
4, ,332, ,
3, ,333, ,
1, ,330, ,
3, ,332, ,
3, ,333, ,
1, ,332, ,
4, ,331, ,
1, ,333, ,
1, ,331, ,
3, ,333, ,
3, ,332, ,
1, ,332, ,
4, ,332, ,
1, ,333, ,
1, ,331, ,
3, ,332, ,
3, ,332, ,
1, ,333, ,
4, ,332, ,
1, ,333, ,
1, ,331, ,
3, ,332, ,
3, ,331, ,
0, ,332, ,
4, ,332, ,
1, ,333, ,
1, ,330, ,
3, ,332, ,
3, ,332, ,
0, ,333, ,
4, ,331, ,
1, ,333, ,
1, ,331, ,
3, ,332, ,
3, ,331, ,
1, ,332, ,
4, ,332, ,
3, ,333, ,
1, ,332, ,
3, ,332, ,
3, ,332, ,
0, ,332, ,
4, ,331, ,
1, ,332, ,
1, ,331, ,
3, ,333, ,
3, ,331, ,
0, ,332, ,
3, ,332, ,
3, ,333, ,
1, ,330, ,
3, ,333, ,
3, ,332, ,
1, ,332, ,
3, ,332, ,
1, ,333, ,
1, ,331, ,
3, ,332, ,
3, ,332, ,
1, ,332, ,
4, ,331, ,
1, ,332, ,
1, ,331, ,
3, ,332, ,
3, ,333, ,
0, ,333, ,
4, ,331, ,
1, ,334, ,
1, ,331, ,
3, ,333, ,
3, ,331, ,
0, ,332, ,
3, ,332, ,
1, ,333, ,
1, ,330, ,
3, ,332, ,
1, ,331, ,
0, ,333, ,
3, ,332, ,
1, ,333, ,
1, ,331, ,
3, ,332, ,
3, ,332, ,
0, ,332, ,
3, ,332, ,
1, ,334, ,
1, ,331, ,
3, ,332, ,
3, ,332, ,
0, ,332, ,
4, ,331, ,
1, ,333, ,
1, ,332, ,
3, ,332, ,
3, ,332, ,
0, ,332, ,
3, ,332, ,
1, ,333, ,
1, ,331, ,
3, ,332, ,
3, ,332, ,
0, ,333, ,
3, ,332, ,
1, ,333, ,
1, ,331, ,
3, ,334, ,
3, ,332, ,
0, ,332, ,
3, ,331, ,
1, ,335, ,
1, ,332, ,
3, ,332, ,
1, ,331, ,
0, ,332, ,
3, ,331, ,
1, ,333, ,
1, ,332, ,
3, ,332, ,
3, ,332, ,
0, ,332, ,
3, ,332, ,
1, ,334, ,
1, ,332, ,
3, ,333, ,
1, ,332, ,
0, ,332, ,
3, ,331, ,
1, ,333, ,
1, ,332, ,
3, ,333, ,
1, ,332, ,
0, ,332, ,
3, ,331, ,
1, ,334, ,
1, ,331, ,
3, ,332, ,
1, ,332, ,
0, ,332, ,
3, ,331, ,
1, ,333, ,
1, ,331, ,
3, ,333, ,
1, ,332, ,
0, ,332, ,
3, ,332, ,
1, ,334, ,
1, ,330, ,
3, ,333, ,
1, ,333, ,
0, ,332, ,
3, ,331, ,
1, ,332, ,
1, ,332, ,
3, ,334, ,
1, ,332, ,
0, ,332, ,
3, ,332, ,
1, ,334, ,
1, ,331, ,
3, ,333, ,
1, ,332, ,
0, ,332, ,
3, ,332, ,
1, ,333, ,
1, ,331, ,
3, ,332, ,
1, ,332, ,
0, ,332, ,
3, ,332, ,
1, ,333, ,
1, ,330, ,
3, ,332, ,
1, ,332, ,
0, ,333, ,
3, ,332, ,
1, ,333, ,
1, ,331, ,
3, ,334, ,
1, ,332, ,
0, ,332, ,
4, ,332, ,
1, ,334, ,
1, ,331, ,
3, ,331, ,
1, ,333, ,
0, ,333, ,
3, ,331, ,
1, ,333, ,
1, ,332, ,
3, ,333, ,
1, ,332, ,
0, ,332, ,
3, ,332, ,
1, ,333, ,
1, ,331, ,
3, ,333, ,
1, ,332, ,
0, ,332, ,
3, ,331, ,
1, ,333, ,
1, ,332, ,
3, ,333, ,
1, ,332, ,
0, ,332, ,
3, ,332, ,
1, ,335, ,
1, ,331, ,
3, ,333, ,
1, ,332, ,
0, ,332, ,
3, ,332, ,
1, ,333, ,
1, ,332, ,
3, ,334, ,
1, ,332, ,
0, ,332, ,
3, ,332, ,
1, ,334, ,
1, ,331, ,
3, ,332, ,
1, ,332, ,
0, ,332, ,
3, ,331, ,
1, ,333, ,
0, ,331, ,
1, ,333, ,
1, ,332, ,
0, ,332, ,
3, ,332, ,
1, ,333, ,
1, ,331, ,
3, ,333, ,
1, ,333, ,
0, ,332, ,
3, ,331, ,
1, ,333, ,
0, ,332, ,
3, ,333, ,
1, ,332, ,
0, ,332, ,
3, ,332, ,
1, ,333, ,
1, ,330, ,
3, ,332, ,
1, ,333, ,
0, ,333, ,
3, ,331, ,
1, ,333, ,
1, ,332, ,
3, ,333, ,
1, ,332, ,
0, ,332, ,
3, ,333, ,
1, ,333, ,
1, ,331, ,
3, ,333, ,
1, ,332, ,
0, ,333, ,
3, ,332, ,
1, ,334, ,
1, ,331, ,
3, ,333, ,
1, ,331, ,
0, ,331, ,
3, ,332, ,
1, ,335, ,
1, ,332, ,
3, ,333, ,
1, ,332, ,
0, ,333, ,
3, ,332, ,
1, ,333, ,
1, ,331, ,
3, ,333, ,
1, ,332, ,
0, ,333, ,
3, ,332, ,
1, ,334, ,
1, ,331, ,
3, ,332, ,
1, ,333, ,
0, ,333, ,
3, ,331, ,
1, ,333, ,
1, ,332, ,
3, ,333, ,
1, ,331, ,
0, ,332, ,
3, ,332, ,
1, ,333, ,
1, ,331, ,
3, ,333, ,
1, ,333, ,
0, ,333, ,
3, ,332, ,
1, ,333, ,
0, ,332, ,
1, ,333, ,
1, ,332, ,
0, ,333, ,
3, ,332, ,
1, ,333, ,
0, ,331, ,
3, ,333, ,
1, ,332, ,
0, ,332, ,
3, ,331, ,
1, ,333, ,
0, ,331, ,
1, ,333, ,
1, ,332, ,
0, ,332, ,
3, ,332, ,
1, ,334, ,
1, ,331, ,
3, ,332, ,
1, ,333, ,
0, ,333, ,
3, ,331, ,
1, ,333, ,
0, ,332, ,
3, ,333, ,
1, ,332, ,
0, ,332, ,
3, ,332, ,
1, ,334, ,
1, ,331, ,
3, ,332, ,
1, ,332, ,
0, ,332, ,
3, ,332, ,
1, ,333, ,
1, ,331, ,
3, ,333, ,
1, ,332, ,
0, ,331, ,
3, ,331, ,
1, ,334, ,
0, ,331, ,
3, ,334, ,
1, ,333, ,
0, ,333, ,
3, ,331, ,
1, ,332, ,
1, ,331, ,
3, ,332, ,
1, ,332, ,
0, ,332, ,
3, ,332, ,
1, ,334, ,
1, ,331, ,
3, ,332, ,
1, ,332, ,
0, ,330, ,
3, ,329, ,
1, ,331, ,
0, ,331, ,
3, ,336, ,
1, ,335, ,
0, ,334, ,
3, ,333, ,
1, ,332, ,
0, ,329, ,
3, ,331, ,
1, ,331, ,
0, ,332, ,
3, ,332, ,
1, ,333, ,
1, ,332, ,
3, ,332, ,
1, ,331, ,
0, ,331, ,
3, ,331, ,
1, ,333, ,
0, ,331, ,
3, ,333, ,
1, ,332, ,
0, ,332, ,
3, ,332, ,
1, ,333, ,
1, ,331, ,
3, ,332, ,
1, ,332, ,
0, ,333, ,
3, ,331, ,
1, ,332, ,
0, ,331, ,
3, ,332, ,
1, ,332, ,
0, ,332, ,
3, ,331, ,
1, ,333, ,
0, ,332, ,
1, ,332, ,
0, ,332, ,
-1, ,332, ,
3, ,332, ,
1, ,333, ,
1, ,331, ,
4, ,332, ,
3, ,332, ,
0, ,332, ,
3, ,332, ,
0, ,333, ,
0, ,332, ,
3, ,333, ,
1, ,330, ,
0, ,332, ,
3, ,331, ,
0, ,333, ,
0, ,330, ,
3, ,332, ,
1, ,332, ,
-1, ,332, ,
3, ,331, ,
1, ,333, ,
0, ,331, ,
3, ,332, ,
1, ,331, ,
0, ,331, ,
3, ,332, ,
1, ,335, ,
0, ,330, ,
3, ,331, ,
1, ,333, ,
0, ,333, ,
3, ,331, ,
1, ,333, ,
1, ,333, ,
1, ,333, ,
1, ,331, ,
0, ,331, ,
3, ,331, ,
1, ,333, ,
0, ,331, ,
3, ,332, ,
1, ,332, ,
0, ,332, ,
3, ,331, ,
1, ,333, ,
1, ,331, ,
1, ,332, ,
1, ,331, ,
0, ,332, ,
3, ,332, ,
1, ,333, ,
0, ,331, ,
3, ,333, ,
1, ,332, ,
0, ,332, ,
3, ,331, ,
1, ,333, ,
0, ,331, ,
1, ,333, ,
1, ,332, ,
0, ,331, ,
3, ,332, ,
1, ,333, ,
0, ,330, ,
3, ,332, ,
1, ,332, ,
0, ,333, ,
3, ,333, ,
1, ,333, ,
0, ,331, ,
1, ,332, ,
1, ,332, ,
0, ,332, ,
3, ,332, ,
1, ,334, ,
0, ,332, ,
3, ,334, ,
1, ,334, ,
0, ,332, ,
3, ,331, ,
1, ,333, ,
0, ,332, ,
1, ,334, ,
1, ,332, ,
0, ,332, ,
3, ,332, ,
1, ,334, ,
0, ,332, ,
3, ,333, ,
1, ,333, ,
-1, ,332, ,
3, ,332, ,
1, ,333, ,
0, ,331, ,
3, ,333, ,
1, ,332, ,
0, ,332, ,
3, ,331, ,
1, ,333, ,
1, ,331, ,
3, ,332, ,
1, ,332, ,
-1, ,333, ,
3, ,332, ,
1, ,332, ,
0, ,333, ,
1, ,333, ,
1, ,332, ,
0, ,333, ,
3, ,332, ,
1, ,333, ,
0, ,331, ,
3, ,332, ,
1, ,332, ,
0, ,333, ,
3, ,332, ,
0, ,333, ,
107, ,332, ,
65, ,333, ,
43, ,332, ,
29, ,333, ,
22, ,332, ,
11, ,333, ,
6, ,331, ,
8, ,333, ,
6, ,332, ,
3, ,333, ,
4, ,332, ,
3, ,333, ,
3, ,332, ,
4, ,333, ,
3, ,332, ,
1, ,332, ,
4, ,333, ,
3, ,334, ,
3, ,331, ,
4, ,333, ,
3, ,332, ,
1, ,333, ,
4, ,331, ,
1, ,333, ,
1, ,333, ,
3, ,333, ,
3, ,332, ,
1, ,332, ,
4, ,332, ,
3, ,333, ,
3, ,331, ,
4, ,333, ,
4, ,332, ,
1, ,332, ,
4, ,332, ,
3, ,333, ,
1, ,332, ,
4, ,333, ,
3, ,332, ,
1, ,332, ,
4, ,332, ,
1, ,333, ,
1, ,331, ,
4, ,333, ,
3, ,333, ,
1, ,333, ,
4, ,331, ,
1, ,333, ,
1, ,332, ,
3, ,333, ,
3, ,332, ,
1, ,332, ,
4, ,331, ,
1, ,333, ,
3, ,331, ,
4, ,333, ,
3, ,333, ,
1, ,333, ,
4, ,331, ,
3, ,333, ,
1, ,332, ,
3, ,333, ,
3, ,332, ,
1, ,332, ,
4, ,332, ,
1, ,333, ,
1, ,331, ,
4, ,332, ,
3, ,333, ,
1, ,333, ,
4, ,331, ,
1, ,333, ,
3, ,331, ,
3, ,332, ,
3, ,332, ,
1, ,333, ,
4, ,332, ,
3, ,333, ,
1, ,330, ,
4, ,333, ,
3, ,333, ,
1, ,333, ,
4, ,333, ,
3, ,333, ,
1, ,332, ,
3, ,333, ,
3, ,332, ,
1, ,332, ,
4, ,332, ,
3, ,334, ,
1, ,331, ,
3, ,332, ,
3, ,332, ,
1, ,333, ,
4, ,332, ,
1, ,334, ,
1, ,332, ,
3, ,333, ,
3, ,332, ,
1, ,332, ,
4, ,332, ,
3, ,334, ,
1, ,331, ,
3, ,333, ,
3, ,333, ,
1, ,333, ,
4, ,332, ,
3, ,333, ,
1, ,332, ,
3, ,334, ,
3, ,331, ,
1, ,332, ,
4, ,332, ,
1, ,333, ,
1, ,331, ,
3, ,332, ,
3, ,332, ,
1, ,333, ,
4, ,332, ,
1, ,333, ,
3, ,333, ,
3, ,333, ,
3, ,331, ,
1, ,332, ,
4, ,332, ,
1, ,333, ,
1, ,331, ,
3, ,333, ,
3, ,332, ,
1, ,333, ,
4, ,331, ,
1, ,333, ,
1, ,332, ,
3, ,334, ,
3, ,332, ,
1, ,332, ,
4, ,332, ,
1, ,334, ,
1, ,331, ,
3, ,332, ,
3, ,333, ,
1, ,333, ,
4, ,332, ,
1, ,334, ,
1, ,331, ,
3, ,333, ,
3, ,332, ,
1, ,333, ,
4, ,332, ,
1, ,333, ,
1, ,331, ,
3, ,333, ,
3, ,333, ,
0, ,333, ,
4, ,332, ,
3, ,333, ,
1, ,332, ,
3, ,333, ,
3, ,332, ,
1, ,332, ,
3, ,332, ,
1, ,333, ,
1, ,331, ,
3, ,333, ,
3, ,332, ,
0, ,333, ,
4, ,332, ,
1, ,333, ,
1, ,333, ,
3, ,333, ,
3, ,332, ,
1, ,332, ,
4, ,332, ,
1, ,333, ,
1, ,331, ,
3, ,332, ,
1, ,333, ,
1, ,332, ,
4, ,332, ,
1, ,334, ,
1, ,332, ,
3, ,333, ,
3, ,333, ,
0, ,333, ,
4, ,332, ,
1, ,333, ,
1, ,331, ,
3, ,333, ,
3, ,332, ,
1, ,333, ,
3, ,331, ,
1, ,335, ,
1, ,332, ,
3, ,333, ,
3, ,332, ,
0, ,332, ,
4, ,333, ,
1, ,334, ,
1, ,331, ,
3, ,333, ,
3, ,331, ,
0, ,332, ,
3, ,332, ,
1, ,333, ,
1, ,332, ,
3, ,332, ,
3, ,332, ,
0, ,332, ,
3, ,331, ,
1, ,335, ,
1, ,331, ,
3, ,333, ,
3, ,332, ,
0, ,333, ,
3, ,332, ,
1, ,332, ,
1, ,332, ,
3, ,333, ,
3, ,332, ,
0, ,332, ,
3, ,332, ,
1, ,334, ,
1, ,330, ,
4, ,333, ,
1, ,333, ,
1, ,333, ,
3, ,331, ,
1, ,333, ,
1, ,332, ,
3, ,332, ,
3, ,332, ,
0, ,332, ,
4, ,332, ,
1, ,335, ,
1, ,331, ,
3, ,332, ,
1, ,332, ,
0, ,332, ,
3, ,332, ,
1, ,333, ,
1, ,333, ,
3, ,333, ,
1, ,332, ,
1, ,332, ,
3, ,332, ,
1, ,334, ,
1, ,332, ,
4, ,333, ,
3, ,332, ,
0, ,333, ,
3, ,332, ,
1, ,333, ,
1, ,332, ,
3, ,333, ,
3, ,333, ,
0, ,333, ,
3, ,331, ,
1, ,333, ,
1, ,330, ,
3, ,332, ,
1, ,333, ,
0, ,333, ,
3, ,332, ,
1, ,333, ,
1, ,333, ,
3, ,333, ,
1, ,332, ,
0, ,332, ,
3, ,332, ,
1, ,332, ,
1, ,329, ,
3, ,333, ,
1, ,333, ,
0, ,333, ,
3, ,333, ,
1, ,334, ,
1, ,332, ,
3, ,333, ,
1, ,332, ,
0, ,331, ,
3, ,332, ,
1, ,333, ,
1, ,331, ,
3, ,333, ,
1, ,332, ,
0, ,333, ,
3, ,331, ,
1, ,333, ,
1, ,331, ,
3, ,332, ,
1, ,332, ,
0, ,333, ,
3, ,333, ,
1, ,334, ,
1, ,331, ,
3, ,332, ,
1, ,332, ,
0, ,333, ,
3, ,331, ,
1, ,333, ,
1, ,332, ,
3, ,333, ,
1, ,332, ,
0, ,333, ,
3, ,332, ,
1, ,333, ,
1, ,330, ,
3, ,332, ,
1, ,332, ,
1, ,333, ,
3, ,331, ,
1, ,333, ,
1, ,333, ,
3, ,335, ,
1, ,332, ,
0, ,332, ,
3, ,332, ,
1, ,334, ,
1, ,324, ,
3, ,331, ,
1, ,341, ,
0, ,338, ,
3, ,331, ,
1, ,332, ,
1, ,332, ,
3, ,334, ,
3, ,331, ,
0, ,332, ,
3, ,333, ,
1, ,335, ,
1, ,331, ,
3, ,332, ,
3, ,333, ,
0, ,332, ,
3, ,331, ,
1, ,333, ,
1, ,331, ,
3, ,333, ,
1, ,332, ,
0, ,333, ,
3, ,332, ,
1, ,335, ,
1, ,331, ,
3, ,333, ,
1, ,332, ,
0, ,333, ,
3, ,333, ,
1, ,333, ,
1, ,331, ,
3, ,333, ,
1, ,332, ,
0, ,332, ,
3, ,332, ,
1, ,333, ,
1, ,331, ,
3, ,333, ,
1, ,332, ,
0, ,333, ,
3, ,332, ,
1, ,332, ,
1, ,331, ,
3, ,335, ,
1, ,331, ,
0, ,332, ,
3, ,332, ,
1, ,334, ,
1, ,331, ,
3, ,333, ,
1, ,332, ,
0, ,333, ,
3, ,332, ,
1, ,333, ,
1, ,331, ,
3, ,333, ,
1, ,332, ,
0, ,332, ,
3, ,332, ,
1, ,334, ,
1, ,331, ,
3, ,333, ,
1, ,332, ,
0, ,332, ,
3, ,332, ,
1, ,333, ,
1, ,331, ,
3, ,332, ,
1, ,332, ,
0, ,332, ,
3, ,332, ,
1, ,333, ,
1, ,331, ,
3, ,333, ,
1, ,333, ,
0, ,332, ,
3, ,331, ,
1, ,333, ,
1, ,332, ,
3, ,333, ,
1, ,331, ,
0, ,332, ,
3, ,332, ,
1, ,333, ,
1, ,331, ,
3, ,332, ,
1, ,333, ,
0, ,333, ,
3, ,332, ,
1, ,333, ,
1, ,332, ,
3, ,333, ,
1, ,332, ,
0, ,333, ,
3, ,333, ,
1, ,333, ,
1, ,329, ,
3, ,333, ,
1, ,332, ,
0, ,333, ,
3, ,331, ,
1, ,333, ,
1, ,331, ,
3, ,333, ,
1, ,331, ,
0, ,333, ,
3, ,332, ,
1, ,334, ,
1, ,330, ,
3, ,332, ,
1, ,332, ,
0, ,333, ,
3, ,331, ,
1, ,333, ,
0, ,331, ,
3, ,333, ,
1, ,331, ,
0, ,332, ,
3, ,333, ,
1, ,333, ,
0, ,331, ,
3, ,332, ,
1, ,332, ,
0, ,332, ,
3, ,332, ,
1, ,333, ,
0, ,331, ,
1, ,333, ,
1, ,331, ,
0, ,332, ,
3, ,332, ,
1, ,334, ,
1, ,331, ,
3, ,333, ,
1, ,333, ,
0, ,332, ,
3, ,332, ,
1, ,333, ,
1, ,331, ,
3, ,333, ,
1, ,332, ,
0, ,332, ,
3, ,332, ,
1, ,334, ,
1, ,330, ,
3, ,333, ,
1, ,332, ,
0, ,333, ,
3, ,332, ,
1, ,333, ,
1, ,331, ,
3, ,333, ,
1, ,331, ,
0, ,332, ,
3, ,332, ,
1, ,334, ,
0, ,331, ,
3, ,332, ,
1, ,332, ,
0, ,332, ,
3, ,331, ,
1, ,333, ,
1, ,331, ,
3, ,333, ,
1, ,332, ,
0, ,331, ,
3, ,332, ,
1, ,334, ,
1, ,330, ,
3, ,333, ,
1, ,332, ,
0, ,332, ,
3, ,333, ,
1, ,333, ,
1, ,331, ,
3, ,332, ,
1, ,331, ,
0, ,332, ,
3, ,332, ,
1, ,333, ,
1, ,330, ,
3, ,332, ,
1, ,333, ,
0, ,333, ,
3, ,332, ,
1, ,333, ,
1, ,330, ,
3, ,332, ,
1, ,332, ,
0, ,332, ,
3, ,332, ,
1, ,333, ,
0, ,330, ,
3, ,333, ,
1, ,332, ,
0, ,333, ,
3, ,333, ,
1, ,333, ,
1, ,332, ,
3, ,332, ,
1, ,332, ,
0, ,331, ,
3, ,333, ,
0, ,332, ,
1, ,331, ,
3, ,332, ,
1, ,332, ,
0, ,333, ,
3, ,331, ,
1, ,333, ,
0, ,331, ,
3, ,332, ,
1, ,331, ,
0, ,331, ,
3, ,332, ,
1, ,333, ,
1, ,331, ,
3, ,333, ,
1, ,332, ,
0, ,333, ,
3, ,331, ,
1, ,333, ,
0, ,331, ,
3, ,333, ,
1, ,331, ,
0, ,332, ,
1, ,332, ,
1, ,332, ,
0, ,329, ,
3, ,332, ,
1, ,332, ,
0, ,332, ,
3, ,331, ,
1, ,333, ,
1, ,331, ,
3, ,332, ,
1, ,332, ,
0, ,332, ,
3, ,333, ,
0, ,333, ,
0, ,331, ,
3, ,332, ,
1, ,332, ,
0, ,333, ,
3, ,332, ,
1, ,332, ,
0, ,332, ,
3, ,333, ,
1, ,331, ,
0, ,332, ,
3, ,333, ,
1, ,333, ,
0, ,330, ,
3, ,332, ,
1, ,333, ,
0, ,333, ,
3, ,332, ,
1, ,333, ,
0, ,331, ,
3, ,333, ,
1, ,332, ,
0, ,332, ,
3, ,332, ,
0, ,333, ,
0, ,331, ,
3, ,333, ,
1, ,332, ,
0, ,332, ,
3, ,332, ,
1, ,334, ,
0, ,332, ,
1, ,333, ,
1, ,332, ,
0, ,332, ,
3, ,332, ,
1, ,333, ,
0, ,331, ,
3, ,333, ,
1, ,333, ,
0, ,332, ,
3, ,332, ,
1, ,333, ,
1, ,331, ,
3, ,333, ,
1, ,331, ,
0, ,332, ,
3, ,332, ,
1, ,333, ,
1, ,330, ,
3, ,333, ,
1, ,332, ,
0, ,332, ,
3, ,331, ,
1, ,333, ,
0, ,331, ,
3, ,332, ,
1, ,332, ,
0, ,332, ,
1, ,332, ,
0, ,333, ,
1, ,331, ,
1, ,332, ,
1, ,332, ,
0, ,332, ,
3, ,332, ,
1, ,334, ,
0, ,332, ,
3, ,333, ,
1, ,332, ,
0, ,333, ,
3, ,332, ,
0, ,334, ,
0, ,329, ,
3, ,332, ,
1, ,332, ,
0, ,333, ,
3, ,332, ,
1, ,333, ,
0, ,331, ,
1, ,334, ,
1, ,331, ,
0, ,332, ,
3, ,332, ,
1, ,334, ,
0, ,331, ,
3, ,333, ,
1, ,332, ,
0, ,332, ,
3, ,332, ,
1, ,334, ,
1, ,331, ,
3, ,332, ,
1, ,331, ,
0, ,332, ,
1, ,332, ,
0, ,334, ,
0, ,331, ,
3, ,333, ,
1, ,332, ,
0, ,333, ,
3, ,332, ,
0, ,333, ,
0, ,332, ,
1, ,333, ,
1, ,332, ,
0, ,332, ,
1, ,332, ,
0, ,334, ,
0, ,331, ,
3, ,332, ,
1, ,332, ,
0, ,332, ,
3, ,332, ,
0, ,333, ,
0, ,332, ,
3, ,333, ,
0, ,331, ,
0, ,332, ,
1, ,333, ,
0, ,334, ,
0, ,331, ,
3, ,332, ,
1, ,333, ,
0, ,333, ,
3, ,333, ,
0, ,333, ,
0, ,332, ,
1, ,332, ,
1, ,332, ,
0, ,332, ,
1, ,333, ,
0, ,334, ,
0, ,331, ,
3, ,333, ,
1, ,332, ,
0, ,333, ,
3, ,331, ,
0, ,333, ,
0, ,331, ,
3, ,333, ,
1, ,332, ,
0, ,332, ,
3, ,333, ,
0, ,333, ,
0, ,331, ,
1, ,333, ,
1, ,331, ,
0, ,332, ,
3, ,332, ,
0, ,333, ,
0, ,331, ,
3, ,333, ,
1, ,332, ,
0, ,332, ,
3, ,332, ,
1, ,333, ,
0, ,331, ,
3, ,332, ,
1, ,332, ,
0, ,332, ,
3, ,333, ,
0, ,335, ,
0, ,333, ,
1, ,334, ,
1, ,331, ,
0, ,333, ,
1, ,332, ,
0, ,333, ,
0, ,332, ,
1, ,333, ,
1, ,333, ,
0, ,334, ,
3, ,332, ,
0, ,333, ,
0, ,331, ,
1, ,332, ,
1, ,332, ,
0, ,333, ,
1, ,332, ,
0, ,332, ,
0, ,331, ,
3, ,333, ,
1, ,332, ,
0, ,333, ,
3, ,331, ,
0, ,333, ,
0, ,331, ,
1, ,333, ,
1, ,331, ,
0, ,332, ,
3, ,332, ,
0, ,335, ,
0, ,332, ,
1, ,334, ,
1, ,332, ,
0, ,333, ,
3, ,331, ,
0, ,335, ,
0, ,331, ,
3, ,333, ,
1, ,332, ,
0, ,332, ,
1, ,332, ,
0, ,335, ,
0, ,331, ,
3, ,333, ,
1, ,332, ,
0, ,333, ,
3, ,332, ,
1, ,333, ,
0, ,332, ,
1, ,333, ,
1, ,331, ,
0, ,332, ,
1, ,332, ,
0, ,333, ,
0, ,331, ,
1, ,333, ,
0, ,332, ,
0, ,332, ,
3, ,332, ,
0, ,333, ,
0, ,332, ,
1, ,332, ,
0, ,332, ,
-1, ,332, ,
3, ,332, ,
0, ,334, ,
0, ,332, ,
1, ,333, ,
1, ,332, ,
0, ,333, ,
3, ,332, ,
0, ,333, ,
0, ,331, ,
3, ,333, ,
1, ,332, ,
0, ,332, ,
3, ,332, ,
1, ,335, ,
0, ,330, ,
1, ,333, ,
1, ,333, ,
0, ,333, ,
3, ,332, ,
0, ,333, ,
0, ,332, ,
1, ,333, ,
1, ,333, ,
0, ,333, ,
1, ,331, ,
0, ,334, ,
0, ,330, ,
3, ,332, ,
1, ,332, ,
0, ,332, ,
3, ,332, ,
0, ,333, ,
0, ,332, ,
1, ,333, ,
1, ,331, ,
-1, ,331, ,
1, ,332, ,
0, ,335, ,
0, ,331, ,
3, ,332, ,
1, ,332, ,
0, ,333, ,
3, ,332, ,
1, ,333, ,
0, ,331, ,
3, ,334, ,
0, ,331, ,
-1, ,333, ,
3, ,332, ,
0, ,333, ,
0, ,330, ,
3, ,333, ,
1, ,332, ,
0, ,333, ,
3, ,331, ,
0, ,332, ,
0, ,331, ,
3, ,333, ,
1, ,332, ,
0, ,332, ,
3, ,332, ,
0, ,334, ,
0, ,331, ,
1, ,332, ,
1, ,331, ,
-1, ,333, ,
3, ,332, ,
0, ,333, ,
0, ,332, ,
3, ,333, ,
1, ,332, ,
-1, ,332, ,
1, ,332, ,
0, ,333, ,
0, ,331, ,
3, ,333, ,
1, ,332, ,
0, ,332, ,
3, ,331, ,
1, ,333, ,
0, ,332, ,
1, ,334, ,
1, ,331, ,
0, ,332, ,
1, ,331, ,
0, ,332, ,
0, ,329, ,
1, ,332, ,
1, ,330, ,
0, ,331, ,
3, ,333, ,
0, ,336, ,
0, ,334, ,
1, ,334, ,
1, ,332, ,
-1, ,330, ,
3, ,330, ,
0, ,332, ,
0, ,331, ,
3, ,332, ,
1, ,332, ,
0, ,332, ,
3, ,331, ,
0, ,332, ,
0, ,331, ,
3, ,332, ,
1, ,332, ,
0, ,332, ,
3, ,332, ,
0, ,333, ,
0, ,329, ,
1, ,332, ,
0, ,332, ,
-1, ,332, ,
3, ,331, ,
1, ,332, ,
1, ,331, ,
3, ,332, ,
1, ,332, ,
0, ,332, ,
1, ,331, ,
0, ,333, ,
0, ,330, ,
1, ,332, ,
1, ,332, ,
0, ,332, ,
3, ,331, ,
0, ,333, ,
0, ,331, ,
1, ,332, ,
0, ,332, ,
0, ,331, ,
1, ,332, ,
0, ,332, ,
0, ,330, ,
1, ,332, ,
1, ,332, ,
0, ,333, ,
3, ,331, ,
0, ,333, ,
0, ,331, ,
1, ,332, ,
1, ,331, ,
-1, ,332, ,
1, ,333, ,
0, ,333, ,
0, ,331, ,
1, ,333, ,
0, ,332, ,
0, ,331, ,
3, ,331, ,
0, ,333, ,
0, ,332, ,
1, ,333, ,
1, ,331, ,
0, ,331, ,
1, ,331, ,
0, ,333, ,
0, ,331, ,
3, ,332, ,
1, ,332, ,
0, ,332, ,
3, ,331, ,
1, ,333, ,
0, ,331, ,
1, ,332, ,
1, ,331, ,
-1, ,331, ,
1, ,332, ,
0, ,333, ,
0, ,331, ,
3, ,332, ,
1, ,332, ,
0, ,332, ,
3, ,331, ,
0, ,333, ,
0, ,332, ,
1, ,333, ,
0, ,332, ,
0, ,331, ,
3, ,332, ,
0, ,333, ,
0, ,331, ,
3, ,332, ,
1, ,332, ,
0, ,332, ,
3, ,331, ,
0, ,332, ,
0, ,331, ,
3, ,333, ,
1, ,331, ,
-1, ,332, ,
1, ,333, ,
0, ,334, ,
0, ,331, ,
3, ,333, ,
1, ,333, ,
0, ,333, ,
4, ,332, ,
0, ,333, ,
0, ,331, ,
1, ,333, ,
0, ,331, ,
-1, ,333, ,
3, ,332, ,
0, ,335, ,
0, ,331, ,
1, ,332, ,
0, ,332, ,
0, ,333, ,
3, ,332, ,
0, ,333, ,
0, ,331, ,
3, ,332, ,
0, ,331, ,
-1, ,332, ,
3, ,333, ,
0, ,333, ,
0, ,331, ,
1, ,333, ,
1, ,332, ,
0, ,333, ,
3, ,332, ,
1, ,333, ,
0, ,331, ,
1, ,333, ,
0, ,332, ,
0, ,332, ,
1, ,333, ,
0, ,334, ,
1, ,332, ,
3, ,334, ,
1, ,333, ,
0, ,333, ,
3, ,332, ,
0, ,333, ,
0, ,332, ,
3, ,333, ,
1, ,331, ,
-1, ,332, ,
1, ,332, ,
0, ,333, ,
0, ,331, ,
3, ,333, ,
1, ,332, ,
0, ,333, ,
3, ,332, ,
0, ,333, ,
0, ,332, ,
3, ,332, ,
1, ,332, ,
0, ,332, ,
3, ,332, ,
0, ,335, ,
0, ,331, ,
1, ,333, ,
1, ,332, ,
0, ,333, ,
3, ,332, ,
0, ,333, ,
0, ,332, ,
3, ,333, ,
0, ,332, ,
-1, ,333, ,
3, ,333, ,
0, ,333, ,
0, ,331, ,
1, ,332, ,
1, ,332, ,
0, ,332, ,
3, ,332, ,
0, ,333, ,
0, ,332, ,
1, ,333, ,
1, ,332, ,
0, ,332, ,
1, ,332, ,
0, ,333, ,
0, ,331, ,
3, ,332, ,
0, ,332, ,
-1, ,332, ,
3, ,332, ,
0, ,333, ,
0, ,333, ,
3, ,333, ,
0, ,331, ,
-1, ,333, ,
3, ,332, ,
0, ,334, ,
0, ,331, ,
1, ,333, ,
0, ,332, ,
-1, ,332, ,
3, ,332, ,
0, ,333, ,
0, ,332, ,
1, ,333, ,
1, ,331, ,
0, ,332, ,
3, ,332, ,
0, ,334, ,
0, ,332, ,
3, ,332, ,
1, ,332, ,
0, ,332, ,
3, ,332, ,
1, ,333, ,
0, ,332, ,
3, ,332, ,
0, ,332, ,
-1, ,332, ,
1, ,332, ,
0, ,333, ,
0, ,331, ,
1, ,333, ,
1, ,332, ,
-1, ,333, ,
3, ,325, ,
0, ,332, ,
0, ,337, ,
1, ,337, ,
1, ,332, ,
0, ,330, ,
3, ,332, ,
0, ,335, ,
0, ,331, ,
3, ,333, ,
1, ,333, ,
0, ,333, ,
3, ,330, ,
1, ,333, ,
0, ,332, ,
1, ,333, ,
0, ,332, ,
-1, ,332, ,
1, ,333, ,
0, ,334, ,
0, ,331, ,
3, ,332, ,
0, ,332, ,
0, ,332, ,
3, ,332, ,
0, ,333, ,
0, ,333, ,
1, ,334, ,
0, ,332, ,
0, ,332, ,
113, ,332, ,
81, ,334, ,
56, ,331, ,
36, ,334, ,
20, ,332, ,
11, ,332, ,
11, ,332, ,
9, ,334, ,
6, ,332, ,
5, ,333, ,
3, ,332, ,
3, ,332, ,
5, ,332, ,
3, ,333, ,
1, ,330, ,
4, ,334, ,
4, ,333, ,
1, ,332, ,
4, ,332, ,
1, ,333, ,
3, ,332, ,
4, ,333, ,
3, ,332, ,
1, ,332, ,
4, ,333, ,
3, ,333, ,
3, ,331, ,
4, ,333, ,
3, ,332, ,
1, ,333, ,
5, ,332, ,
1, ,332, ,
3, ,331, ,
4, ,334, ,
4, ,333, ,
1, ,333, ,
4, ,333, ,
1, ,333, ,
3, ,331, ,
4, ,332, ,
3, ,331, ,
1, ,332, ,
4, ,332, ,
3, ,333, ,
3, ,332, ,
4, ,333, ,
3, ,333, ,
1, ,333, ,
4, ,333, ,
3, ,334, ,
1, ,331, ,
4, ,333, ,
3, ,332, ,
1, ,332, ,
5, ,332, ,
3, ,333, ,
1, ,331, ,
4, ,333, ,
3, ,331, ,
1, ,332, ,
4, ,333, ,
1, ,333, ,
1, ,331, ,
4, ,332, ,
3, ,332, ,
1, ,332, ,
4, ,332, ,
3, ,333, ,
3, ,332, ,
3, ,333, ,
3, ,332, ,
1, ,333, ,
4, ,333, ,
3, ,334, ,
3, ,331, ,
4, ,333, ,
3, ,332, ,
1, ,332, ,
4, ,331, ,
3, ,333, ,
1, ,332, ,
4, ,333, ,
3, ,331, ,
1, ,332, ,
4, ,332, ,
1, ,333, ,
1, ,330, ,
3, ,333, ,
3, ,333, ,
1, ,333, ,
4, ,332, ,
1, ,334, ,
3, ,332, ,
3, ,335, ,
3, ,331, ,
1, ,333, ,
4, ,332, ,
1, ,333, ,
3, ,331, ,
4, ,333, ,
3, ,332, ,
1, ,332, ,
4, ,333, ,
1, ,333, ,
1, ,332, ,
3, ,333, ,
3, ,331, ,
1, ,332, ,
4, ,332, ,
1, ,335, ,
3, ,330, ,
3, ,332, ,
3, ,333, ,
1, ,333, ,
4, ,332, ,
1, ,333, ,
1, ,332, ,
4, ,333, ,
3, ,332, ,
1, ,332, ,
4, ,332, ,
3, ,334, ,
1, ,331, ,
3, ,334, ,
3, ,332, ,
1, ,333, ,
4, ,332, ,
3, ,333, ,
1, ,332, ,
3, ,332, ,
3, ,331, ,
1, ,333, ,
4, ,333, ,
1, ,333, ,
1, ,331, ,
3, ,333, ,
3, ,333, ,
1, ,333, ,
4, ,332, ,
1, ,333, ,
1, ,333, ,
3, ,333, ,
3, ,331, ,
1, ,332, ,
4, ,332, ,
3, ,333, ,
3, ,331, ,
3, ,333, ,
3, ,332, ,
1, ,333, ,
4, ,332, ,
1, ,332, ,
1, ,332, ,
4, ,333, ,
3, ,332, ,
1, ,332, ,
4, ,332, ,
3, ,333, ,
1, ,331, ,
3, ,333, ,
3, ,332, ,
1, ,332, ,
4, ,331, ,
1, ,334, ,
1, ,331, ,
3, ,333, ,
3, ,332, ,
1, ,332, ,
4, ,333, ,
1, ,333, ,
1, ,331, ,
3, ,333, ,
3, ,332, ,
1, ,333, ,
4, ,332, ,
3, ,333, ,
1, ,331, ,
4, ,333, ,
3, ,332, ,
0, ,332, ,
4, ,332, ,
1, ,332, ,
1, ,331, ,
4, ,333, ,
3, ,332, ,
0, ,333, ,
3, ,331, ,
1, ,332, ,
1, ,332, ,
3, ,334, ,
3, ,331, ,
0, ,332, ,
3, ,332, ,
1, ,333, ,
1, ,331, ,
3, ,332, ,
3, ,332, ,
0, ,332, ,
4, ,332, ,
1, ,332, ,
1, ,332, ,
3, ,332, ,
1, ,332, ,
0, ,332, ,
3, ,332, ,
1, ,333, ,
1, ,329, ,
3, ,333, ,
3, ,333, ,
0, ,333, ,
4, ,332, ,
1, ,334, ,
1, ,331, ,
4, ,333, ,
1, ,332, ,
0, ,332, ,
3, ,332, ,
1, ,334, ,
1, ,331, ,
3, ,333, ,
3, ,332, ,
0, ,332, ,
4, ,331, ,
1, ,333, ,
1, ,332, ,
4, ,333, ,
3, ,332, ,
0, ,332, ,
3, ,332, ,
1, ,334, ,
1, ,331, ,
3, ,333, ,
3, ,332, ,
0, ,332, ,
4, ,332, ,
1, ,332, ,
1, ,333, ,
4, ,333, ,
3, ,332, ,
0, ,332, ,
3, ,332, ,
1, ,333, ,
1, ,331, ,
3, ,332, ,
1, ,332, ,
1, ,333, ,
4, ,332, ,
1, ,333, ,
1, ,332, ,
3, ,333, ,
3, ,332, ,
0, ,333, ,
4, ,332, ,
1, ,333, ,
1, ,330, ,
3, ,333, ,
1, ,333, ,
0, ,332, ,
3, ,331, ,
1, ,333, ,
1, ,332, ,
3, ,333, ,
1, ,332, ,
0, ,333, ,
3, ,331, ,
1, ,333, ,
1, ,330, ,
3, ,333, ,
1, ,333, ,
0, ,332, ,
3, ,331, ,
1, ,333, ,
1, ,332, ,
3, ,333, ,
1, ,331, ,
0, ,333, ,
3, ,333, ,
1, ,333, ,
1, ,329, ,
3, ,333, ,
1, ,332, ,
0, ,332, ,
3, ,332, ,
1, ,333, ,
1, ,331, ,
3, ,333, ,
1, ,332, ,
0, ,332, ,
3, ,332, ,
1, ,333, ,
1, ,330, ,
3, ,333, ,
1, ,331, ,
0, ,333, ,
3, ,333, ,
1, ,332, ,
1, ,332, ,
3, ,333, ,
1, ,332, ,
0, ,332, ,
3, ,332, ,
1, ,333, ,
1, ,330, ,
3, ,332, ,
1, ,333, ,
0, ,332, ,
3, ,331, ,
1, ,333, ,
1, ,331, ,
3, ,333, ,
1, ,333, ,
0, ,332, ,
3, ,332, ,
1, ,333, ,
1, ,331, ,
3, ,332, ,
1, ,332, ,
0, ,333, ,
3, ,331, ,
1, ,333, ,
1, ,332, ,
3, ,333, ,
1, ,331, ,
0, ,333, ,
3, ,332, ,
1, ,334, ,
1, ,331, ,
3, ,332, ,
1, ,333, ,
0, ,333, ,
3, ,331, ,
1, ,333, ,
1, ,331, ,
3, ,333, ,
1, ,332, ,
0, ,333, ,
3, ,332, ,
1, ,333, ,
1, ,330, ,
3, ,333, ,
1, ,332, ,
0, ,333, ,
3, ,332, ,
1, ,333, ,
1, ,331, ,
3, ,333, ,
1, ,331, ,
0, ,332, ,
3, ,332, ,
1, ,334, ,
1, ,331, ,
3, ,332, ,
1, ,333, ,
0, ,333, ,
3, ,331, ,
1, ,333, ,
1, ,331, ,
3, ,333, ,
1, ,332, ,
0, ,332, ,
3, ,332, ,
1, ,334, ,
1, ,331, ,
3, ,332, ,
1, ,332, ,
0, ,333, ,
3, ,331, ,
1, ,333, ,
1, ,331, ,
3, ,333, ,
1, ,332, ,
0, ,332, ,
3, ,332, ,
1, ,333, ,
1, ,331, ,
3, ,333, ,
1, ,332, ,
0, ,333, ,
3, ,331, ,
1, ,333, ,
1, ,331, ,
3, ,333, ,
1, ,331, ,
0, ,332, ,
3, ,332, ,
1, ,333, ,
1, ,331, ,
3, ,332, ,
1, ,332, ,
0, ,333, ,
3, ,330, ,
1, ,333, ,
0, ,331, ,
3, ,333, ,
1, ,332, ,
0, ,332, ,
3, ,332, ,
1, ,333, ,
0, ,331, ,
3, ,333, ,
1, ,332, ,
0, ,333, ,
3, ,332, ,
1, ,333, ,
1, ,333, ,
3, ,333, ,
1, ,331, ,
0, ,332, ,
3, ,331, ,
1, ,333, ,
1, ,331, ,
3, ,332, ,
1, ,332, ,
0, ,332, ,
3, ,332, ,
1, ,332, ,
1, ,332, ,
3, ,333, ,
1, ,332, ,
0, ,332, ,
3, ,332, ,
1, ,333, ,
1, ,331, ,
3, ,332, ,
1, ,331, ,
0, ,333, ,
3, ,331, ,
1, ,333, ,
1, ,332, ,
3, ,333, ,
1, ,332, ,
0, ,332, ,
3, ,332, ,
1, ,333, ,
1, ,331, ,
3, ,332, ,
1, ,332, ,
0, ,332, ,
3, ,331, ,
1, ,333, ,
1, ,332, ,
3, ,333, ,
1, ,331, ,
0, ,332, ,
3, ,332, ,
1, ,333, ,
1, ,331, ,
3, ,332, ,
1, ,332, ,
0, ,332, ,
3, ,332, ,
1, ,333, ,
0, ,332, ,
3, ,332, ,
1, ,331, ,
0, ,332, ,
3, ,332, ,
1, ,333, ,
1, ,331, ,
3, ,333, ,
1, ,331, ,
0, ,333, ,
3, ,332, ,
1, ,333, ,
0, ,333, ,
3, ,332, ,
1, ,331, ,
0, ,332, ,
3, ,332, ,
1, ,333, ,
0, ,330, ,
3, ,332, ,
1, ,332, ,
0, ,333, ,
3, ,332, ,
1, ,333, ,
0, ,332, ,
3, ,332, ,
1, ,330, ,
0, ,331, ,
3, ,333, ,
1, ,334, ,
1, ,331, ,
3, ,332, ,
1, ,332, ,
0, ,332, ,
3, ,332, ,
1, ,332, ,
1, ,332, ,
3, ,333, ,
1, ,332, ,
0, ,332, ,
3, ,332, ,
1, ,333, ,
1, ,331, ,
3, ,332, ,
1, ,332, ,
0, ,332, ,
3, ,331, ,
1, ,334, ,
0, ,332, ,
3, ,333, ,
1, ,331, ,
0, ,333, ,
3, ,333, ,
1, ,334, ,
1, ,331, ,
3, ,333, ,
1, ,332, ,
0, ,333, ,
3, ,325, ,
1, ,332, ,
1, ,336, ,
3, ,337, ,
1, ,331, ,
0, ,330, ,
3, ,333, ,
1, ,334, ,
1, ,331, ,
3, ,333, ,
1, ,333, ,
0, ,333, ,
3, ,331, ,
1, ,333, ,
1, ,333, ,
3, ,333, ,
1, ,332, ,
0, ,333, ,
3, ,332, ,
0, ,333, ,
0, ,331, ,
3, ,333, ,
1, ,332, ,
0, ,332, ,
3, ,331, ,
1, ,333, ,
0, ,332, ,
3, ,333, ,
1, ,332, ,
0, ,332, ,
3, ,332, ,
1, ,334, ,
0, ,331, ,
3, ,332, ,
1, ,333, ,
0, ,333, ,
3, ,332, ,
1, ,334, ,
0, ,332, ,
3, ,334, ,
1, ,331, ,
0, ,332, ,
3, ,332, ,
1, ,334, ,
1, ,331, ,
3, ,333, ,
1, ,332, ,
0, ,333, ,
3, ,331, ,
1, ,333, ,
1, ,331, ,
3, ,333, ,
1, ,331, ,
0, ,332, ,
1, ,332, ,
1, ,333, ,
1, ,331, ,
1, ,333, ,
1, ,332, ,
0, ,332, ,
3, ,332, ,
1, ,333, ,
0, ,331, ,
3, ,333, ,
1, ,331, ,
0, ,333, ,
3, ,332, ,
1, ,334, ,
0, ,330, ,
3, ,333, ,
1, ,332, ,
0, ,332, ,
3, ,331, ,
1, ,332, ,
0, ,331, ,
3, ,332, ,
1, ,331, ,
0, ,332, ,
1, ,331, ,
1, ,333, ,
1, ,331, ,
3, ,333, ,
1, ,332, ,
0, ,332, ,
3, ,331, ,
1, ,332, ,
0, ,331, ,
1, ,332, ,
1, ,331, ,
0, ,331, ,
3, ,331, ,
0, ,333, ,
0, ,332, ,
3, ,333, ,
1, ,332, ,
0, ,332, ,
3, ,332, ,
1, ,333, ,
0, ,332, ,
3, ,333, ,
1, ,332, ,
0, ,332, ,
3, ,333, ,
1, ,334, ,
1, ,330, ,
3, ,332, ,
1, ,333, ,
0, ,332, ,
3, ,331, ,
1, ,332, ,
61, ,331, ,
83, ,333, ,
55, ,332, ,
30, ,332, ,
20, ,332, ,
13, ,334, ,
9, ,331, ,
8, ,332, ,
5, ,332, ,
3, ,332, ,
5, ,332, ,
3, ,333, ,
3, ,331, ,
5, ,333, ,
4, ,332, ,
1, ,332, ,
4, ,332, ,
3, ,334, ,
3, ,331, ,
4, ,333, ,
4, ,332, ,
1, ,332, ,
4, ,332, ,
3, ,333, ,
3, ,332, ,
4, ,333, ,
3, ,332, ,
1, ,332, ,
5, ,332, ,
3, ,333, ,
3, ,331, ,
4, ,333, ,
3, ,332, ,
1, ,333, ,
4, ,331, ,
1, ,333, ,
1, ,331, ,
4, ,333, ,
3, ,332, ,
1, ,332, ,
4, ,332, ,
1, ,333, ,
3, ,332, ,
4, ,333, ,
3, ,332, ,
1, ,332, ,
4, ,331, ,
1, ,333, ,
3, ,331, ,
4, ,333, ,
3, ,332, ,
1, ,332, ,
4, ,332, ,
1, ,333, ,
3, ,330, ,
4, ,333, ,
3, ,332, ,
1, ,333, ,
4, ,332, ,
3, ,334, ,
3, ,331, ,
4, ,334, ,
3, ,332, ,
1, ,332, ,
4, ,332, ,
1, ,333, ,
3, ,331, ,
4, ,332, ,
3, ,333, ,
1, ,333, ,
4, ,332, ,
3, ,333, ,
3, ,331, ,
4, ,333, ,
3, ,331, ,
1, ,332, ,
4, ,331, ,
3, ,334, ,
1, ,331, ,
3, ,333, ,
3, ,330, ,
1, ,332, ,
4, ,332, ,
3, ,333, ,
1, ,332, ,
3, ,333, ,
3, ,331, ,
1, ,333, ,
4, ,332, ,
3, ,334, ,
1, ,331, ,
3, ,332, ,
3, ,331, ,
1, ,332, ,
4, ,331, ,
1, ,334, ,
1, ,331, ,
4, ,333, ,
3, ,332, ,
1, ,333, ,
3, ,331, ,
1, ,333, ,
1, ,331, ,
3, ,333, ,
3, ,332, ,
1, ,332, ,
4, ,331, ,
1, ,333, ,
1, ,332, ,
3, ,334, ,
3, ,332, ,
1, ,332, ,
4, ,332, ,
1, ,333, ,
1, ,331, ,
3, ,332, ,
3, ,332, ,
1, ,333, ,
4, ,332, ,
3, ,333, ,
1, ,331, ,
3, ,333, ,
3, ,332, ,
1, ,332, ,
3, ,332, ,
1, ,333, ,
1, ,331, ,
3, ,333, ,
3, ,332, ,
1, ,332, ,
4, ,332, ,
1, ,333, ,
1, ,332, ,
4, ,332, ,
3, ,332, ,
1, ,332, ,
3, ,332, ,
1, ,333, ,
1, ,331, ,
3, ,333, ,
3, ,332, ,
1, ,333, ,
4, ,332, ,
3, ,333, ,
1, ,331, ,
3, ,333, ,
3, ,331, ,
1, ,331, ,
4, ,330, ,
1, ,331, ,
1, ,328, ,
3, ,331, ,
3, ,333, ,
1, ,335, ,
4, ,334, ,
1, ,335, ,
1, ,331, ,
3, ,332, ,
3, ,330, ,
1, ,331, ,
4, ,332, ,
1, ,334, ,
3, ,331, ,
4, ,332, ,
3, ,332, ,
0, ,332, ,
4, ,331, ,
1, ,332, ,
1, ,331, ,
3, ,333, ,
3, ,330, ,
1, ,332, ,
3, ,332, ,
1, ,333, ,
1, ,331, ,
3, ,332, ,
3, ,332, ,
1, ,333, ,
4, ,332, ,
1, ,333, ,
1, ,331, ,
3, ,333, ,
3, ,331, ,
1, ,332, ,
4, ,332, ,
1, ,333, ,
1, ,330, ,
3, ,331, ,
3, ,331, ,
1, ,332, ,
4, ,331, ,
1, ,333, ,
1, ,331, ,
3, ,332, ,
3, ,331, ,
1, ,331, ,
4, ,332, ,
1, ,334, ,
1, ,329, ,
3, ,332, ,
3, ,332, ,
1, ,332, ,
4, ,331, ,
1, ,333, ,
1, ,331, ,
4, ,332, ,
1, ,331, ,
1, ,332, ,
4, ,332, ,
1, ,332, ,
1, ,329, ,
3, ,333, ,
3, ,332, ,
1, ,332, ,
4, ,331, ,
1, ,333, ,
1, ,331, ,
4, ,333, ,
1, ,331, ,
1, ,332, ,
4, ,332, ,
1, ,333, ,
1, ,330, ,
3, ,332, ,
3, ,331, ,
1, ,333, ,
3, ,331, ,
1, ,333, ,
1, ,331, ,
3, ,332, ,
3, ,332, ,
0, ,332, ,
3, ,332, ,
1, ,333, ,
1, ,330, ,
3, ,332, ,
3, ,331, ,
0, ,332, ,
3, ,331, ,
1, ,333, ,
1, ,331, ,
3, ,332, ,
1, ,331, ,
0, ,332, ,
3, ,332, ,
1, ,333, ,
1, ,331, ,
3, ,332, ,
3, ,332, ,
0, ,332, ,
3, ,331, ,
1, ,333, ,
1, ,331, ,
3, ,332, ,
1, ,331, ,
0, ,332, ,
3, ,332, ,
1, ,334, ,
1, ,332, ,
3, ,333, ,
3, ,332, ,
0, ,332, ,
3, ,331, ,
1, ,332, ,
1, ,331, ,
4, ,333, ,
1, ,332, ,
0, ,333, ,
3, ,332, ,
1, ,333, ,
1, ,330, ,
3, ,333, ,
1, ,332, ,
0, ,332, ,
4, ,332, ,
1, ,333, ,
1, ,332, ,
3, ,333, ,
1, ,332, ,
0, ,333, ,
3, ,332, ,
1, ,335, ,
1, ,331, ,
3, ,332, ,
1, ,332, ,
0, ,333, ,
3, ,331, ,
1, ,333, ,
1, ,331, ,
4, ,333, ,
1, ,332, ,
0, ,332, ,
3, ,332, ,
1, ,333, ,
1, ,331, ,
3, ,333, ,
3, ,333, ,
0, ,333, ,
3, ,332, ,
1, ,335, ,
1, ,331, ,
3, ,332, ,
1, ,332, ,
0, ,331, ,
3, ,330, ,
1, ,333, ,
1, ,331, ,
3, ,333, ,
3, ,333, ,
0, ,334, ,
3, ,332, ,
1, ,334, ,
1, ,331, ,
3, ,332, ,
1, ,331, ,
0, ,333, ,
3, ,333, ,
1, ,334, ,
1, ,332, ,
3, ,333, ,
1, ,333, ,
0, ,332, ,
3, ,332, ,
1, ,334, ,
1, ,332, ,
3, ,334, ,
3, ,333, ,
0, ,333, ,
3, ,332, ,
1, ,334, ,
1, ,331, ,
3, ,332, ,
1, ,332, ,
0, ,332, ,
3, ,332, ,
1, ,335, ,
1, ,332, ,
3, ,333, ,
1, ,332, ,
0, ,332, ,
3, ,332, ,
1, ,333, ,
1, ,331, ,
3, ,333, ,
1, ,332, ,
0, ,333, ,
3, ,332, ,
1, ,333, ,
1, ,332, ,
3, ,332, ,
1, ,332, ,
0, ,332, ,
3, ,332, ,
1, ,335, ,
1, ,331, ,
3, ,333, ,
1, ,332, ,
0, ,332, ,
3, ,333, ,
1, ,333, ,
1, ,331, ,
3, ,332, ,
1, ,332, ,
0, ,332, ,
3, ,332, ,
1, ,334, ,
1, ,331, ,
3, ,332, ,
1, ,331, ,
0, ,333, ,
3, ,332, ,
1, ,333, ,
1, ,332, ,
3, ,333, ,
1, ,332, ,
0, ,332, ,
3, ,332, ,
1, ,332, ,
1, ,331, ,
3, ,332, ,
1, ,332, ,
0, ,333, ,
3, ,332, ,
1, ,333, ,
1, ,332, ,
3, ,333, ,
1, ,332, ,
0, ,332, ,
3, ,332, ,
1, ,335, ,
1, ,330, ,
3, ,333, ,
1, ,332, ,
0, ,332, ,
3, ,332, ,
1, ,334, ,
1, ,333, ,
3, ,333, ,
1, ,332, ,
0, ,332, ,
3, ,332, ,
1, ,334, ,
1, ,332, ,
3, ,332, ,
1, ,332, ,
0, ,333, ,
3, ,332, ,
1, ,333, ,
0, ,332, ,
3, ,332, ,
1, ,332, ,
0, ,332, ,
3, ,333, ,
1, ,333, ,
1, ,331, ,
3, ,332, ,
1, ,332, ,
0, ,333, ,
3, ,332, ,
1, ,333, ,
1, ,332, ,
3, ,333, ,
1, ,331, ,
0, ,332, ,
3, ,332, ,
1, ,333, ,
0, ,331, ,
3, ,333, ,
1, ,333, ,
0, ,333, ,
3, ,332, ,
1, ,333, ,
0, ,332, ,
3, ,333, ,
1, ,332, ,
0, ,332, ,
3, ,332, ,
1, ,334, ,
1, ,332, ,
3, ,332, ,
1, ,332, ,
0, ,333, ,
3, ,332, ,
1, ,333, ,
1, ,332, ,
3, ,333, ,
1, ,332, ,
0, ,332, ,
3, ,332, ,
1, ,334, ,
0, ,331, ,
3, ,333, ,
1, ,333, ,
0, ,332, ,
3, ,332, ,
1, ,333, ,
0, ,331, ,
3, ,333, ,
1, ,331, ,
0, ,332, ,
3, ,332, ,
1, ,334, ,
0, ,332, ,
3, ,333, ,
1, ,332, ,
0, ,333, ,
3, ,332, ,
1, ,333, ,
0, ,331, ,
3, ,333, ,
1, ,332, ,
0, ,332, ,
3, ,332, ,
1, ,334, ,
1, ,331, ,
3, ,333, ,
1, ,332, ,
0, ,332, ,
3, ,332, ,
1, ,334, ,
1, ,331, ,
3, ,333, ,
1, ,332, ,
0, ,333, ,
3, ,333, ,
1, ,335, ,
0, ,332, ,
3, ,332, ,
1, ,332, ,
0, ,333, ,
3, ,331, ,
1, ,333, ,
1, ,331, ,
3, ,333, ,
1, ,331, ,
0, ,332, ,
3, ,332, ,
1, ,334, ,
1, ,331, ,
3, ,332, ,
1, ,333, ,
0, ,332, ,
3, ,331, ,
1, ,333, ,
0, ,332, ,
3, ,333, ,
1, ,332, ,
0, ,332, ,
3, ,332, ,
1, ,334, ,
0, ,330, ,
3, ,332, ,
1, ,332, ,
0, ,333, ,
3, ,331, ,
1, ,333, ,
0, ,332, ,
3, ,333, ,
1, ,331, ,
0, ,332, ,
3, ,332, ,
1, ,334, ,
0, ,331, ,
3, ,333, ,
1, ,333, ,
0, ,333, ,
3, ,332, ,
1, ,333, ,
1, ,331, ,
3, ,333, ,
1, ,332, ,
0, ,332, ,
3, ,332, ,
1, ,334, ,
0, ,331, ,
3, ,333, ,
1, ,333, ,
0, ,332, ,
3, ,332, ,
1, ,333, ,
0, ,331, ,
3, ,333, ,
1, ,332, ,
0, ,333, ,
3, ,332, ,
1, ,333, ,
1, ,331, ,
1, ,332, ,
1, ,332, ,
0, ,332, ,
3, ,331, ,
1, ,333, ,
1, ,331, ,
3, ,332, ,
1, ,332, ,
0, ,332, ,
3, ,332, ,
0, ,334, ,
0, ,331, ,
3, ,332, ,
1, ,333, ,
0, ,333, ,
3, ,333, ,
0, ,333, ,
0, ,332, ,
3, ,333, ,
1, ,331, ,
0, ,331, ,
3, ,332, ,
1, ,332, ,
0, ,331, ,
3, ,333, ,
1, ,333, ,
0, ,332, ,
3, ,332, ,
1, ,333, ,
1, ,333, ,
3, ,333, ,
1, ,332, ,
0, ,333, ,
3, ,333, ,
1, ,334, ,
0, ,331, ,
3, ,332, ,
1, ,332, ,
0, ,332, ,
3, ,330, ,
1, ,332, ,
1, ,330, ,
3, ,332, ,
1, ,332, ,
0, ,333, ,
1, ,333, ,
1, ,335, ,
0, ,332, ,
3, ,333, ,
1, ,333, ,
0, ,333, ,
3, ,332, ,
0, ,332, ,
1, ,332, ,
3, ,332, ,
1, ,331, ,
0, ,332, ,
3, ,331, ,
1, ,333, ,
0, ,332, ,
3, ,333, ,
1, ,333, ,
0, ,334, ,
3, ,333, ,
1, ,334, ,
1, ,333, ,
1, ,333, ,
1, ,332, ,
0, ,332, ,
3, ,332, ,
1, ,332, ,
0, ,330, ,
3, ,332, ,
1, ,331, ,
0, ,332, ,
3, ,331, ,
0, ,333, ,
0, ,332, ,
3, ,333, ,
1, ,331, ,
0, ,331, ,
1, ,332, ,
0, ,333, ,
0, ,331, ,
3, ,333, ,
1, ,333, ,
0, ,333, ,
3, ,333, ,
1, ,334, ,
0, ,333, ,
3, ,334, ,
1, ,332, ,
0, ,331, ,
1, ,332, ,
1, ,334, ,
0, ,331, ,
3, ,332, ,
1, ,332, ,
0, ,332, ,
3, ,330, ,
0, ,334, ,
0, ,332, ,
3, ,333, ,
1, ,332, ,
0, ,332, ,
3, ,333, ,
0, ,334, ,
0, ,331, ,
3, ,334, ,
1, ,332, ,
0, ,333, ,
3, ,331, ,
0, ,332, ,
0, ,331, ,
3, ,332, ,
1, ,331, ,
0, ,332, ,
3, ,333, ,
0, ,333, ,
0, ,331, ,
1, ,332, ,
1, ,333, ,
0, ,334, ,
3, ,333, ,
0, ,335, ,
0, ,332, ,
3, ,334, ,
1, ,332, ,
0, ,333, ,
1, ,332, ,
0, ,333, ,
0, ,331, ,
3, ,332, ,
1, ,331, ,
0, ,333, ,
3, ,332, ,
0, ,333, ,
0, ,332, ,
3, ,333, ,
1, ,333, ,
-1, ,333, ,
1, ,332, ,
0, ,335, ,
0, ,331, ,
1, ,332, ,
1, ,332, ,
0, ,333, ,
3, ,332, ,
0, ,333, ,
0, ,331, ,
1, ,332, ,
1, ,331, ,
0, ,332, ,
3, ,332, ,
1, ,333, ,
0, ,331, ,
1, ,333, ,
1, ,332, ,
0, ,333, ,
3, ,331, ,
1, ,333, ,
0, ,331, ,
3, ,333, ,
1, ,332, ,
0, ,333, ,
3, ,332, ,
0, ,333, ,
0, ,331, ,
3, ,332, ,
1, ,332, ,
0, ,331, ,
3, ,332, ,
0, ,333, ,
0, ,332, ,
1, ,332, ,
1, ,333, ,
0, ,333, ,
3, ,333, ,
0, ,334, ,
0, ,332, ,
3, ,333, ,
1, ,332, ,
0, ,332, ,
3, ,331, ,
0, ,333, ,
0, ,332, ,
3, ,332, ,
1, ,332, ,
-1, ,332, ,
1, ,332, ,
1, ,335, ,
0, ,331, ,
3, ,332, ,
1, ,333, ,
0, ,334, ,
3, ,332, ,
1, ,334, ,
0, ,333, ,
3, ,333, ,
1, ,332, ,
0, ,332, ,
3, ,332, ,
0, ,333, ,
0, ,329, ,
3, ,332, ,
1, ,331, ,
0, ,333, ,
3, ,333, ,
0, ,334, ,
0, ,331, ,
1, ,333, ,
1, ,332, ,
-1, ,332, ,
1, ,332, ,
0, ,335, ,
0, ,331, ,
1, ,333, ,
0, ,333, ,
0, ,333, ,
3, ,331, ,
0, ,333, ,
0, ,331, ,
1, ,332, ,
1, ,331, ,
0, ,332, ,
1, ,332, ,
1, ,333, ,
0, ,331, ,
3, ,333, ,
1, ,332, ,
0, ,331, ,
3, ,331, ,
0, ,333, ,
0, ,333, ,
3, ,333, ,
1, ,332, ,
-1, ,332, ,
1, ,333, ,
0, ,334, ,
0, ,331, ,
3, ,332, ,
1, ,332, ,
0, ,332, ,
3, ,332, ,
0, ,333, ,
0, ,332, ,
3, ,333, ,
1, ,331, ,
-1, ,332, ,
3, ,332, ,
0, ,334, ,
0, ,332, ,
3, ,333, ,
1, ,332, ,
0, ,333, ,
3, ,332, ,
0, ,334, ,
0, ,331, ,
3, ,333, ,
0, ,331, ,
-1, ,332, ,
3, ,332, ,
0, ,333, ,
0, ,331, ,
3, ,332, ,
1, ,331, ,
0, ,333, ,
3, ,332, ,
0, ,333, ,
0, ,331, ,
3, ,332, ,
0, ,331, ,
0, ,332, ,
3, ,332, ,
0, ,334, ,
0, ,330, ,
3, ,332, ,
0, ,332, ,
0, ,333, ,
3, ,332, ,
0, ,333, ,
0, ,332, ,
3, ,332, ,
1, ,332, ,
-1, ,332, ,
3, ,333, ,
1, ,334, ,
0, ,331, ,
1, ,332, ,
1, ,332, ,
-1, ,333, ,
3, ,332, ,
0, ,333, ,
0, ,331, ,
3, ,333, ,
1, ,331, ,
0, ,332, ,
3, ,332, ,
0, ,333, ,
0, ,330, ,
3, ,332, ,
1, ,332, ,
0, ,333, ,
3, ,332, ,
108, ,333, ,
66, ,331, ,
36, ,333, ,
23, ,332, ,
18, ,333, ,
14, ,332, ,
8, ,334, ,
5, ,331, ,
8, ,332, ,
5, ,332, ,
3, ,333, ,
5, ,332, ,
3, ,333, ,
3, ,331, ,
5, ,332, ,
4, ,332, ,
1, ,332, ,
4, ,331, ,
3, ,334, ,
3, ,331, ,
4, ,332, ,
3, ,333, ,
1, ,333, ,
5, ,332, ,
3, ,334, ,
3, ,331, ,
4, ,332, ,
3, ,332, ,
1, ,331, ,
4, ,332, ,
3, ,333, ,
3, ,331, ,
4, ,332, ,
3, ,332, ,
1, ,332, ,
4, ,332, ,
3, ,334, ,
3, ,331, ,
4, ,333, ,
3, ,332, ,
1, ,332, ,
5, ,332, ,
1, ,333, ,
3, ,331, ,
4, ,333, ,
3, ,332, ,
1, ,333, ,
5, ,332, ,
3, ,333, ,
3, ,332, ,
4, ,333, ,
3, ,332, ,
1, ,332, ,
4, ,332, ,
1, ,334, ,
3, ,331, ,
4, ,333, ,
3, ,332, ,
1, ,333, ,
4, ,332, ,
3, ,333, ,
3, ,332, ,
4, ,333, ,
3, ,332, ,
1, ,332, ,
4, ,332, ,
1, ,333, ,
3, ,331, ,
4, ,333, ,
3, ,332, ,
1, ,333, ,
4, ,332, ,
3, ,332, ,
1, ,332, ,
4, ,333, ,
3, ,332, ,
1, ,332, ,
4, ,332, ,
3, ,333, ,
3, ,332, ,
4, ,332, ,
3, ,333, ,
1, ,333, ,
4, ,333, ,
1, ,333, ,
1, ,332, ,
4, ,333, ,
3, ,332, ,
1, ,332, ,
4, ,332, ,
3, ,333, ,
3, ,331, ,
3, ,333, ,
3, ,332, ,
1, ,333, ,
4, ,332, ,
3, ,333, ,
1, ,333, ,
3, ,333, ,
3, ,333, ,
1, ,332, ,
4, ,332, ,
3, ,333, ,
1, ,330, ,
4, ,333, ,
3, ,332, ,
1, ,332, ,
4, ,332, ,
3, ,332, ,
1, ,332, ,
3, ,333, ,
3, ,333, ,
1, ,332, ,
4, ,332, ,
1, ,333, ,
1, ,331, ,
3, ,332, ,
3, ,332, ,
1, ,333, ,
4, ,333, ,
3, ,333, ,
1, ,332, ,
3, ,333, ,
3, ,331, ,
1, ,333, ,
4, ,332, ,
1, ,334, ,
1, ,331, ,
3, ,332, ,
3, ,332, ,
1, ,332, ,
4, ,333, ,
1, ,333, ,
1, ,331, ,
3, ,333, ,
3, ,332, ,
1, ,331, ,
4, ,333, ,
1, ,334, ,
3, ,331, ,
3, ,332, ,
3, ,333, ,
1, ,332, ,
4, ,332, ,
3, ,333, ,
3, ,331, ,
3, ,332, ,
3, ,332, ,
1, ,332, ,
4, ,332, ,
1, ,333, ,
1, ,331, ,
3, ,333, ,
3, ,333, ,
1, ,332, ,
4, ,332, ,
1, ,333, ,
1, ,330, ,
3, ,333, ,
3, ,332, ,
1, ,332, ,
4, ,332, ,
1, ,332, ,
1, ,331, ,
3, ,333, ,
3, ,332, ,
1, ,332, ,
4, ,331, ,
3, ,333, ,
1, ,332, ,
4, ,333, ,
3, ,332, ,
1, ,332, ,
3, ,332, ,
1, ,333, ,
1, ,331, ,
4, ,332, ,
3, ,332, ,
0, ,333, ,
4, ,332, ,
1, ,333, ,
1, ,331, ,
4, ,334, ,
3, ,333, ,
1, ,332, ,
3, ,332, ,
1, ,333, ,
1, ,331, ,
3, ,332, ,
3, ,332, ,
0, ,333, ,
4, ,332, ,
1, ,332, ,
1, ,332, ,
4, ,333, ,
3, ,332, ,
1, ,333, ,
3, ,332, ,
1, ,333, ,
1, ,331, ,
3, ,333, ,
3, ,333, ,
0, ,333, ,
3, ,332, ,
1, ,333, ,
1, ,332, ,
4, ,333, ,
3, ,332, ,
0, ,332, ,
3, ,332, ,
1, ,334, ,
1, ,331, ,
3, ,332, ,
3, ,332, ,
0, ,332, ,
4, ,331, ,
1, ,333, ,
1, ,331, ,
4, ,332, ,
3, ,332, ,
0, ,332, ,
3, ,332, ,
1, ,334, ,
1, ,331, ,
3, ,332, ,
1, ,332, ,
0, ,333, ,
4, ,332, ,
1, ,333, ,
1, ,332, ,
4, ,333, ,
3, ,332, ,
0, ,332, ,
3, ,332, ,
1, ,333, ,
1, ,331, ,
3, ,333, ,
3, ,332, ,
0, ,332, ,
4, ,333, ,
1, ,333, ,
1, ,333, ,
4, ,333, ,
3, ,332, ,
0, ,333, ,
3, ,333, ,
1, ,333, ,
1, ,332, ,
3, ,332, ,
1, ,332, ,
0, ,332, ,
3, ,332, ,
1, ,334, ,
1, ,333, ,
3, ,333, ,
1, ,332, ,
0, ,333, ,
3, ,332, ,
1, ,334, ,
1, ,331, ,
3, ,332, ,
3, ,333, ,
0, ,333, ,
4, ,332, ,
1, ,333, ,
1, ,331, ,
3, ,333, ,
1, ,332, ,
0, ,332, ,
3, ,333, ,
1, ,333, ,
1, ,331, ,
3, ,333, ,
1, ,333, ,
0, ,333, ,
3, ,332, ,
1, ,334, ,
1, ,332, ,
3, ,332, ,
3, ,332, ,
0, ,333, ,
3, ,332, ,
1, ,333, ,
1, ,331, ,
3, ,333, ,
1, ,332, ,
0, ,333, ,
4, ,332, ,
1, ,333, ,
1, ,332, ,
4, ,334, ,
1, ,332, ,
0, ,332, ,
3, ,332, ,
1, ,334, ,
1, ,331, ,
3, ,333, ,
3, ,333, ,
0, ,332, ,
4, ,331, ,
1, ,334, ,
1, ,331, ,
3, ,333, ,
1, ,331, ,
0, ,332, ,
3, ,332, ,
1, ,334, ,
1, ,330, ,
3, ,333, ,
1, ,332, ,
0, ,333, ,
3, ,331, ,
1, ,333, ,
1, ,332, ,
3, ,333, ,
1, ,332, ,
0, ,332, ,
3, ,332, ,
1, ,333, ,
1, ,331, ,
1, ,332, ,
0, ,332, ,
0, ,332, ,
3, ,332, ,
1, ,333, ,
1, ,332, ,
4, ,333, ,
3, ,332, ,
0, ,331, ,
3, ,331, ,
1, ,331, ,
1, ,329, ,
3, ,332, ,
3, ,333, ,
0, ,334, ,
3, ,334, ,
1, ,334, ,
1, ,332, ,
3, ,332, ,
1, ,331, ,
0, ,332, ,
3, ,331, ,
1, ,334, ,
1, ,332, ,
3, ,333, ,
1, ,331, ,
0, ,331, ,
3, ,330, ,
1, ,334, ,
1, ,333, ,
3, ,335, ,
1, ,332, ,
0, ,332, ,
3, ,332, ,
1, ,333, ,
1, ,329, ,
3, ,332, ,
1, ,332, ,
0, ,332, ,
4, ,332, ,
1, ,333, ,
1, ,332, ,
3, ,332, ,
1, ,332, ,
0, ,332, ,
3, ,331, ,
1, ,333, ,
1, ,331, ,
3, ,332, ,
3, ,332, ,
0, ,332, ,
3, ,331, ,
1, ,332, ,
1, ,331, ,
3, ,332, ,
1, ,332, ,
0, ,331, ,
3, ,332, ,
1, ,333, ,
1, ,330, ,
3, ,332, ,
1, ,331, ,
0, ,332, ,
3, ,331, ,
1, ,333, ,
0, ,330, ,
3, ,333, ,
3, ,332, ,
0, ,333, ,
3, ,332, ,
1, ,333, ,
1, ,331, ,
3, ,332, ,
86, ,332, ,
53, ,332, ,
33, ,332, ,
22, ,333, ,
16, ,332, ,
11, ,332, ,
6, ,332, ,
4, ,332, ,
8, ,331, ,
4, ,333, ,
1, ,331, ,
4, ,332, ,
3, ,333, ,
3, ,333, ,
5, ,331, ,
1, ,332, ,
3, ,331, ,
4, ,333, ,
3, ,331, ,
1, ,332, ,
4, ,332, ,
1, ,333, ,
3, ,331, ,
4, ,332, ,
3, ,332, ,
1, ,332, ,
5, ,331, ,
1, ,333, ,
3, ,331, ,
4, ,333, ,
3, ,332, ,
1, ,332, ,
4, ,332, ,
1, ,333, ,
3, ,330, ,
4, ,332, ,
3, ,331, ,
3, ,332, ,
5, ,332, ,
3, ,333, ,
3, ,331, ,
4, ,333, ,
3, ,332, ,
1, ,332, ,
4, ,333, ,
1, ,335, ,
1, ,331, ,
4, ,333, ,
3, ,333, ,
1, ,332, ,
4, ,331, ,
3, ,333, ,
3, ,332, ,
4, ,333, ,
3, ,332, ,
1, ,333, ,
4, ,332, ,
1, ,333, ,
3, ,331, ,
4, ,333, ,
3, ,332, ,
1, ,333, ,
5, ,333, ,
3, ,333, ,
3, ,332, ,
4, ,333, ,
3, ,332, ,
1, ,332, ,
3, ,332, ,
1, ,333, ,
1, ,332, ,
3, ,332, ,
3, ,333, ,
1, ,333, ,
4, ,332, ,
3, ,333, ,
3, ,323, ,
4, ,332, ,
3, ,340, ,
1, ,337, ,
4, ,331, ,
3, ,330, ,
3, ,331, ,
3, ,334, ,
3, ,333, ,
1, ,333, ,
4, ,332, ,
1, ,333, ,
1, ,332, ,
3, ,333, ,
3, ,333, ,
1, ,333, ,
4, ,332, ,
3, ,334, ,
3, ,332, ,
3, ,333, ,
3, ,333, ,
1, ,333, ,
4, ,332, ,
3, ,334, ,
1, ,332, ,
3, ,333, ,
3, ,332, ,
1, ,332, ,
4, ,333, ,
1, ,335, ,
1, ,331, ,
3, ,333, ,
3, ,332, ,
1, ,333, ,
4, ,331, ,
3, ,333, ,
3, ,332, ,
4, ,333, ,
3, ,332, ,
1, ,332, ,
4, ,332, ,
1, ,333, ,
3, ,331, ,
3, ,333, ,
3, ,333, ,
1, ,333, ,
4, ,332, ,
3, ,333, ,
1, ,331, ,
3, ,333, ,
3, ,331, ,
1, ,332, ,
3, ,332, ,
3, ,335, ,
1, ,331, ,
4, ,334, ,
3, ,332, ,
1, ,333, ,
4, ,332, ,
3, ,333, ,
1, ,332, ,
3, ,333, ,
3, ,332, ,
0, ,333, ,
4, ,333, ,
3, ,334, ,
1, ,330, ,
3, ,333, ,
3, ,332, ,
1, ,333, ,
4, ,332, ,
1, ,333, ,
1, ,331, ,
3, ,333, ,
3, ,331, ,
1, ,332, ,
4, ,332, ,
3, ,333, ,
3, ,331, ,
3, ,333, ,
3, ,333, ,
1, ,332, ,
4, ,331, ,
1, ,333, ,
1, ,332, ,
4, ,333, ,
3, ,332, ,
0, ,332, ,
4, ,332, ,
1, ,333, ,
1, ,331, ,
3, ,332, ,
3, ,332, ,
1, ,333, ,
4, ,330, ,
3, ,333, ,
1, ,332, ,
3, ,334, ,
3, ,332, ,
1, ,332, ,
4, ,332, ,
1, ,333, ,
1, ,331, ,
3, ,333, ,
1, ,332, ,
1, ,332, ,
4, ,332, ,
1, ,332, ,
1, ,331, ,
3, ,334, ,
3, ,332, ,
1, ,332, ,
4, ,332, ,
1, ,334, ,
1, ,332, ,
3, ,333, ,
3, ,332, ,
0, ,333, ,
4, ,331, ,
1, ,333, ,
1, ,332, ,
3, ,333, ,
3, ,332, ,
0, ,332, ,
3, ,332, ,
1, ,334, ,
1, ,331, ,
3, ,333, ,
3, ,332, ,
0, ,333, ,
4, ,332, ,
3, ,333, ,
1, ,332, ,
3, ,333, ,
1, ,332, ,
0, ,333, ,
3, ,332, ,
1, ,334, ,
1, ,331, ,
3, ,332, ,
1, ,332, ,
0, ,332, ,
3, ,332, ,
1, ,333, ,
1, ,331, ,
3, ,333, ,
1, ,332, ,
0, ,332, ,
3, ,333, ,
1, ,333, ,
1, ,330, ,
3, ,333, ,
3, ,333, ,
0, ,332, ,
3, ,332, ,
1, ,333, ,
1, ,332, ,
3, ,334, ,
1, ,332, ,
0, ,332, ,
4, ,332, ,
1, ,334, ,
1, ,333, ,
3, ,333, ,
1, ,332, ,
0, ,333, ,
3, ,332, ,
1, ,333, ,
1, ,332, ,
3, ,333, ,
1, ,332, ,
0, ,333, ,
3, ,332, ,
1, ,333, ,
1, ,331, ,
3, ,333, ,
1, ,333, ,
0, ,333, ,
4, ,332, ,
1, ,332, ,
1, ,331, ,
3, ,333, ,
1, ,332, ,
0, ,332, ,
3, ,332, ,
1, ,334, ,
1, ,331, ,
3, ,333, ,
1, ,332, ,
0, ,333, ,
3, ,332, ,
1, ,333, ,
1, ,332, ,
3, ,333, ,
1, ,331, ,
0, ,332, ,
3, ,333, ,
1, ,333, ,
1, ,330, ,
3, ,334, ,
3, ,332, ,
0, ,333, ,
4, ,332, ,
1, ,332, ,
1, ,331, ,
3, ,333, ,
1, ,332, ,
0, ,332, ,
3, ,332, ,
1, ,333, ,
1, ,331, ,
3, ,332, ,
1, ,332, ,
0, ,332, ,
3, ,332, ,
1, ,332, ,
1, ,331, ,
3, ,332, ,
3, ,332, ,
0, ,333, ,
3, ,332, ,
1, ,334, ,
1, ,331, ,
3, ,332, ,
1, ,332, ,
0, ,333, ,
4, ,332, ,
1, ,333, ,
1, ,332, ,
3, ,333, ,
3, ,332, ,
0, ,333, ,
3, ,332, ,
1, ,334, ,
1, ,331, ,
3, ,332, ,
1, ,332, ,
0, ,333, ,
3, ,331, ,
1, ,333, ,
1, ,332, ,
3, ,333, ,
1, ,332, ,
0, ,332, ,
3, ,332, ,
1, ,333, ,
1, ,332, ,
3, ,332, ,
1, ,333, ,
0, ,332, ,
3, ,331, ,
1, ,334, ,
0, ,331, ,
3, ,332, ,
1, ,331, ,
0, ,328, ,
3, ,332, ,
1, ,337, ,
1, ,334, ,
3, ,332, ,
1, ,331, ,
0, ,332, ,
3, ,332, ,
1, ,332, ,
1, ,332, ,
1, ,334, ,
1, ,332, ,
1, ,331, ,
3, ,333, ,
1, ,334, ,
1, ,332, ,
3, ,333, ,
3, ,332, ,
0, ,333, ,
3, ,331, ,
1, ,333, ,
1, ,331, ,
3, ,333, ,
1, ,332, ,
0, ,333, ,
3, ,332, ,
1, ,334, ,
1, ,331, ,
3, ,333, ,
1, ,332, ,
0, ,333, ,
3, ,331, ,
1, ,333, ,
1, ,332, ,
3, ,334, ,
1, ,333, ,
0, ,332, ,
3, ,331, ,
1, ,334, ,
1, ,332, ,
3, ,332, ,
1, ,332, ,
0, ,333, ,
3, ,331, ,
1, ,334, ,
1, ,332, ,
3, ,333, ,
1, ,332, ,
0, ,332, ,
3, ,332, ,
1, ,335, ,
1, ,331, ,
3, ,333, ,
1, ,332, ,
0, ,333, ,
3, ,332, ,
1, ,333, ,
1, ,331, ,
3, ,333, ,
1, ,332, ,
0, ,332, ,
3, ,332, ,
1, ,335, ,
1, ,331, ,
3, ,333, ,
1, ,332, ,
0, ,333, ,
3, ,332, ,
1, ,332, ,
1, ,330, ,
3, ,333, ,
1, ,332, ,
0, ,333, ,
3, ,332, ,
1, ,335, ,
1, ,331, ,
3, ,332, ,
1, ,332, ,
0, ,332, ,
3, ,331, ,
1, ,333, ,
1, ,331, ,
3, ,333, ,
1, ,331, ,
0, ,332, ,
3, ,332, ,
1, ,334, ,
1, ,331, ,
3, ,332, ,
1, ,332, ,
0, ,333, ,
3, ,332, ,
1, ,333, ,
1, ,331, ,
3, ,334, ,
1, ,331, ,
0, ,332, ,
3, ,332, ,
1, ,333, ,
1, ,330, ,
3, ,333, ,
1, ,332, ,
0, ,333, ,
3, ,331, ,
1, ,333, ,
1, ,331, ,
3, ,333, ,
1, ,332, ,
0, ,333, ,
3, ,333, ,
1, ,334, ,
1, ,331, ,
3, ,334, ,
1, ,332, ,
0, ,332, ,
3, ,331, ,
1, ,333, ,
1, ,331, ,
3, ,334, ,
1, ,332, ,
0, ,333, ,
3, ,333, ,
1, ,333, ,
1, ,331, ,
3, ,333, ,
1, ,332, ,
0, ,333, ,
3, ,333, ,
1, ,333, ,
1, ,331, ,
3, ,332, ,
1, ,332, ,
0, ,332, ,
3, ,333, ,
1, ,334, ,
1, ,331, ,
3, ,333, ,
1, ,332, ,
0, ,333, ,
3, ,332, ,
1, ,333, ,
0, ,331, ,
3, ,332, ,
1, ,331, ,
0, ,333, ,
3, ,332, ,
1, ,333, ,
1, ,330, ,
3, ,333, ,
1, ,333, ,
0, ,332, ,
3, ,332, ,
1, ,333, ,
0, ,331, ,
3, ,332, ,
1, ,332, ,
0, ,332, ,
3, ,333, ,
1, ,333, ,
1, ,331, ,
3, ,333, ,
1, ,332, ,
0, ,333, ,
3, ,331, ,
1, ,333, ,
1, ,331, ,
3, ,333, ,
1, ,331, ,
0, ,332, ,
3, ,333, ,
1, ,333, ,
0, ,331, ,
3, ,332, ,
1, ,332, ,
0, ,332, ,
3, ,332, ,
1, ,333, ,
0, ,331, ,
3, ,333, ,
1, ,332, ,
0, ,332, ,
3, ,332, ,
1, ,333, ,
0, ,330, ,
3, ,333, ,
1, ,333, ,
0, ,333, ,
3, ,333, ,
1, ,333, ,
0, ,331, ,
3, ,332, ,
1, ,331, ,
0, ,333, ,
3, ,332, ,
1, ,333, ,
1, ,329, ,
3, ,332, ,
1, ,332, ,
0, ,332, ,
3, ,332, ,
1, ,333, ,
0, ,332, ,
3, ,333, ,
1, ,332, ,
0, ,332, ,
3, ,332, ,
1, ,333, ,
1, ,331, ,
3, ,333, ,
1, ,333, ,
0, ,332, ,
3, ,331, ,
1, ,333, ,
1, ,332, ,
3, ,333, ,
1, ,331, ,
0, ,332, ,
3, ,333, ,
1, ,333, ,
0, ,331, ,
3, ,333, ,
1, ,333, ,
0, ,333, ,
3, ,331, ,
0, ,334, ,
1, ,332, ,
3, ,334, ,
1, ,332, ,
0, ,332, ,
3, ,333, ,
1, ,332, ,
0, ,329, ,
3, ,332, ,
1, ,332, ,
0, ,332, ,
3, ,332, ,
1, ,333, ,
0, ,333, ,
3, ,333, ,
1, ,333, ,
0, ,332, ,
3, ,332, ,
1, ,333, ,
1, ,329, ,
3, ,332, ,
1, ,331, ,
0, ,332, ,
3, ,331, ,
0, ,332, ,
0, ,331, ,
3, ,332, ,
1, ,332, ,
0, ,333, ,
3, ,333, ,
1, ,335, ,
0, ,330, ,
3, ,334, ,
1, ,332, ,
0, ,332, ,
3, ,332, ,
1, ,334, ,
0, ,332, ,
3, ,333, ,
1, ,333, ,
0, ,333, ,
3, ,332, ,
0, ,333, ,
0, ,330, ,
3, ,334, ,
1, ,333, ,
0, ,332, ,
3, ,331, ,
0, ,332, ,
0, ,331, ,
3, ,333, ,
1, ,331, ,
0, ,331, ,
3, ,332, ,
1, ,333, ,
0, ,331, ,
3, ,333, ,
1, ,332, ,
0, ,332, ,
1, ,331, ,
0, ,333, ,
0, ,331, ,
3, ,332, ,
1, ,331, ,
0, ,332, ,
1, ,333, ,
1, ,333, ,
0, ,331, ,
3, ,332, ,
1, ,333, ,
0, ,333, ,
3, ,333, ,
0, ,332, ,
0, ,331, ,
3, ,333, ,
1, ,332, ,
0, ,332, ,
3, ,332, ,
1, ,333, ,
0, ,329, ,
3, ,332, ,
1, ,331, ,
0, ,332, ,
3, ,331, ,
1, ,333, ,
0, ,331, ,
3, ,333, ,
1, ,332, ,
0, ,332, ,
3, ,332, ,
1, ,334, ,
0, ,331, ,
3, ,333, ,
1, ,332, ,
0, ,333, ,
3, ,331, ,
1, ,332, ,
0, ,331, ,
3, ,333, ,
1, ,331, ,
0, ,332, ,
3, ,332, ,
1, ,333, ,
1, ,332, ,
3, ,331, ,
1, ,333, ,
0, ,333, ,
3, ,332, ,
1, ,333, ,
0, ,332, ,
3, ,333, ,
1, ,331, ,
0, ,331, ,
1, ,332, ,
0, ,333, ,
1, ,330, ,
3, ,332, ,
1, ,332, ,
0, ,333, ,
3, ,331, ,
0, ,332, ,
0, ,331, ,
3, ,333, ,
1, ,331, ,
0, ,332, ,
3, ,332, ,
1, ,334, ,
0, ,331, ,
3, ,333, ,
1, ,332, ,
0, ,333, ,
3, ,332, ,
0, ,333, ,
0, ,331, ,
3, ,332, ,
1, ,332, ,
0, ,332, ,
1, ,331, ,
0, ,333, ,
0, ,330, ,
1, ,332, ,
1, ,332, ,
0, ,332, ,
3, ,331, ,
0, ,333, ,
0, ,331, ,
1, ,333, ,
1, ,331, ,
0, ,332, ,
3, ,332, ,
0, ,334, ,
0, ,330, ,
3, ,332, ,
1, ,332, ,
0, ,333, ,
3, ,331, ,
1, ,333, ,
0, ,331, ,
3, ,333, ,
1, ,332, ,
0, ,332, ,
3, ,331, ,
1, ,333, ,
0, ,332, ,
3, ,332, ,
1, ,333, ,
0, ,333, ,
3, ,331, ,
0, ,333, ,
0, ,331, ,
3, ,332, ,
1, ,331, ,
0, ,332, ,
1, ,332, ,
0, ,333, ,
0, ,331, ,
3, ,333, ,
1, ,333, ,
0, ,333, ,
3, ,331, ,
0, ,334, ,
0, ,332, ,
3, ,333, ,
1, ,331, ,
0, ,332, ,
1, ,332, ,
0, ,333, ,
0, ,331, ,
3, ,332, ,
1, ,331, ,
0, ,331, ,
3, ,331, ,
0, ,333, ,
0, ,332, ,
3, ,333, ,
1, ,331, ,
0, ,332, ,
3, ,332, ,
0, ,333, ,
0, ,331, ,
3, ,332, ,
1, ,332, ,
0, ,332, ,
3, ,332, ,
0, ,333, ,
0, ,332, ,
3, ,334, ,
1, ,331, ,
0, ,332, ,
3, ,332, ,
0, ,333, ,
0, ,330, ,
3, ,332, ,
1, ,332, ,
0, ,332, ,
3, ,331, ,
0, ,326, ,
0, ,331, ,
3, ,337, ,
1, ,335, ,
0, ,331, ,
3, ,330, ,
1, ,335, ,
0, ,331, ,
3, ,332, ,
1, ,331, ,
0, ,332, ,
3, ,332, ,
0, ,333, ,
0, ,332, ,
3, ,332, ,
1, ,332, ,
0, ,332, ,
3, ,332, ,
1, ,334, ,
0, ,330, ,
3, ,333, ,
0, ,333, ,
0, ,333, ,
3, ,332, ,
0, ,335, ,
0, ,331, ,
3, ,333, ,
1, ,331, ,
0, ,331, ,
1, ,332, ,
1, ,333, ,
0, ,330, ,
1, ,333, ,
1, ,333, ,
0, ,332, ,
3, ,331, ,
0, ,333, ,
0, ,331, ,
3, ,333, ,
1, ,332, ,
0, ,332, ,
1, ,332, ,
0, ,332, ,
0, ,331, ,
3, ,332, ,
1, ,332, ,
0, ,332, ,
3, ,332, ,
0, ,332, ,
0, ,331, ,
3, ,332, ,
1, ,332, ,
0, ,331, ,
1, ,332, ,
0, ,335, ,
0, ,331, ,
3, ,334, ,
0, ,332, ,
0, ,333, ,
3, ,332, ,
0, ,333, ,
0, ,333, ,
3, ,333, ,
1, ,332, ,
0, ,331, ,
3, ,332, ,
0, ,333, ,
0, ,330, ,
3, ,332, ,
1, ,332, ,
0, ,332, ,
3, ,331, ,
0, ,333, ,
0, ,331, ,
3, ,333, ,
1, ,332, ,
0, ,331, ,
1, ,332, ,
1, ,334, ,
0, ,333, ,
3, ,333, ,
0, ,332, ,
0, ,333, ,
3, ,331, ,
0, ,333, ,
0, ,330, ,
118, ,332, ,
69, ,332, ,
43, ,332, ,
32, ,332, ,
22, ,333, ,
13, ,331, ,
9, ,332, ,
8, ,332, ,
6, ,332, ,
8, ,331, ,
4, ,333, ,
4, ,331, ,
6, ,333, ,
4, ,332, ,
1, ,332, ,
4, ,332, ,
3, ,333, ,
3, ,331, ,
4, ,333, ,
4, ,333, ,
1, ,333, ,
4, ,331, ,
3, ,332, ,
3, ,332, ,
4, ,332, ,
4, ,331, ,
1, ,333, ,
4, ,332, ,
3, ,333, ,
3, ,331, ,
4, ,332, ,
3, ,333, ,
1, ,333, ,
4, ,332, ,
3, ,333, ,
3, ,331, ,
4, ,333, ,
3, ,332, ,
1, ,332, ,
4, ,332, ,
1, ,333, ,
3, ,331, ,
4, ,332, ,
3, ,332, ,
1, ,333, ,
5, ,332, ,
3, ,334, ,
3, ,331, ,
4, ,333, ,
4, ,332, ,
1, ,331, ,
4, ,332, ,
1, ,334, ,
1, ,331, ,
4, ,333, ,
3, ,332, ,
1, ,333, ,
4, ,332, ,
1, ,333, ,
3, ,331, ,
4, ,333, ,
4, ,332, ,
1, ,332, ,
4, ,332, ,
3, ,333, ,
3, ,330, ,
4, ,332, ,
3, ,333, ,
1, ,332, ,
4, ,331, ,
1, ,333, ,
1, ,331, ,
4, ,334, ,
3, ,332, ,
1, ,332, ,
4, ,333, ,
1, ,333, ,
3, ,331, ,
4, ,333, ,
3, ,332, ,
3, ,333, ,
4, ,332, ,
3, ,333, ,
1, ,332, ,
4, ,333, ,
4, ,331, ,
1, ,332, ,
4, ,333, ,
1, ,333, ,
1, ,331, ,
4, ,332, ,
3, ,332, ,
1, ,333, ,
4, ,331, ,
3, ,333, ,
3, ,331, ,
4, ,333, ,
3, ,332, ,
1, ,332, ,
4, ,332, ,
1, ,333, ,
1, ,331, ,
4, ,332, ,
3, ,333, ,
1, ,334, ,
4, ,331, ,
3, ,332, ,
1, ,331, ,
3, ,334, ,
3, ,331, ,
1, ,331, ,
4, ,330, ,
3, ,331, ,
1, ,329, ,
4, ,335, ,
3, ,335, ,
1, ,335, ,
4, ,333, ,
3, ,332, ,
1, ,331, ,
4, ,332, ,
3, ,330, ,
1, ,332, ,
4, ,332, ,
3, ,334, ,
1, ,330, ,
3, ,332, ,
3, ,332, ,
1, ,332, ,
4, ,332, ,
1, ,333, ,
1, ,330, ,
4, ,333, ,
3, ,331, ,
1, ,332, ,
4, ,332, ,
3, ,333, ,
3, ,330, ,
3, ,333, ,
3, ,332, ,
1, ,333, ,
4, ,332, ,
1, ,333, ,
1, ,332, ,
3, ,332, ,
3, ,331, ,
1, ,331, ,
4, ,331, ,
3, ,333, ,
3, ,329, ,
3, ,332, ,
3, ,332, ,
1, ,332, ,
4, ,331, ,
3, ,332, ,
1, ,331, ,
4, ,332, ,
3, ,332, ,
1, ,332, ,
4, ,332, ,
1, ,333, ,
1, ,330, ,
3, ,332, ,
3, ,332, ,
1, ,333, ,
4, ,331, ,
1, ,333, ,
1, ,331, ,
4, ,333, ,
3, ,331, ,
1, ,331, ,
4, ,332, ,
1, ,333, ,
1, ,330, ,
3, ,332, ,
3, ,332, ,
1, ,332, ,
4, ,331, ,
1, ,333, ,
1, ,331, ,
3, ,332, ,
3, ,332, ,
1, ,332, ,
4, ,332, ,
3, ,333, ,
1, ,331, ,
3, ,332, ,
3, ,332, ,
1, ,332, ,
4, ,331, ,
1, ,333, ,
1, ,331, ,
3, ,333, ,
3, ,331, ,
1, ,331, ,
4, ,332, ,
1, ,333, ,
3, ,330, ,
3, ,332, ,
3, ,331, ,
1, ,332, ,
3, ,331, ,
1, ,333, ,
1, ,331, ,
3, ,333, ,
3, ,331, ,
1, ,332, ,
4, ,332, ,
1, ,333, ,
3, ,330, ,
3, ,332, ,
3, ,333, ,
1, ,332, ,
4, ,331, ,
1, ,332, ,
1, ,332, ,
3, ,333, ,
3, ,331, ,
1, ,332, ,
3, ,332, ,
1, ,333, ,
1, ,331, ,
3, ,332, ,
3, ,332, ,
0, ,332, ,
3, ,331, ,
1, ,332, ,
1, ,332, ,
3, ,333, ,
3, ,333, ,
0, ,332, ,
3, ,331, ,
1, ,333, ,
1, ,331, ,
3, ,332, ,
1, ,333, ,
1, ,333, ,
3, ,331, ,
1, ,333, ,
1, ,331, ,
3, ,333, ,
3, ,333, ,
0, ,332, ,
3, ,332, ,
1, ,333, ,
1, ,332, ,
3, ,332, ,
3, ,332, ,
0, ,332, ,
3, ,331, ,
1, ,333, ,
1, ,331, ,
3, ,333, ,
1, ,332, ,
1, ,332, ,
3, ,332, ,
1, ,334, ,
1, ,331, ,
3, ,333, ,
3, ,333, ,
1, ,333, ,
4, ,332, ,
1, ,334, ,
1, ,332, ,
3, ,333, ,
1, ,332, ,
0, ,332, ,
3, ,333, ,
1, ,334, ,
1, ,331, ,
3, ,333, ,
1, ,332, ,
0, ,333, ,
3, ,332, ,
1, ,333, ,
1, ,332, ,
3, ,333, ,
1, ,330, ,
0, ,332, ,
3, ,332, ,
1, ,334, ,
1, ,329, ,
3, ,333, ,
1, ,332, ,
0, ,333, ,
3, ,332, ,
1, ,333, ,
1, ,332, ,
4, ,332, ,
3, ,331, ,
0, ,332, ,
3, ,332, ,
1, ,333, ,
1, ,330, ,
3, ,332, ,
3, ,332, ,
0, ,332, ,
3, ,332, ,
1, ,332, ,
1, ,332, ,
3, ,332, ,
3, ,331, ,
0, ,333, ,
3, ,332, ,
1, ,334, ,
1, ,331, ,
3, ,332, ,
1, ,332, ,
0, ,333, ,
4, ,331, ,
1, ,333, ,
1, ,332, ,
3, ,333, ,
3, ,332, ,
0, ,332, ,
3, ,331, ,
1, ,333, ,
1, ,331, ,
3, ,332, ,
1, ,332, ,
0, ,333, ,
3, ,331, ,
1, ,333, ,
1, ,332, ,
3, ,333, ,
1, ,331, ,
0, ,332, ,
3, ,332, ,
1, ,335, ,
1, ,331, ,
3, ,333, ,
1, ,332, ,
0, ,332, ,
3, ,332, ,
1, ,334, ,
1, ,332, ,
3, ,333, ,
3, ,332, ,
0, ,332, ,
3, ,332, ,
1, ,333, ,
1, ,330, ,
3, ,332, ,
1, ,333, ,
0, ,333, ,
3, ,331, ,
1, ,333, ,
1, ,331, ,
3, ,332, ,
1, ,331, ,
0, ,333, ,
3, ,332, ,
1, ,333, ,
1, ,331, ,
3, ,333, ,
1, ,333, ,
0, ,332, ,
3, ,332, ,
1, ,333, ,
1, ,333, ,
3, ,333, ,
1, ,332, ,
0, ,332, ,
3, ,332, ,
1, ,334, ,
1, ,331, ,
3, ,332, ,
1, ,332, ,
0, ,333, ,
3, ,332, ,
1, ,334, ,
1, ,332, ,
3, ,333, ,
1, ,332, ,
0, ,332, ,
3, ,332, ,
1, ,334, ,
1, ,331, ,
3, ,332, ,
1, ,333, ,
0, ,332, ,
3, ,332, ,
1, ,333, ,
1, ,332, ,
3, ,333, ,
1, ,331, ,
0, ,332, ,
3, ,333, ,
1, ,333, ,
1, ,331, ,
3, ,332, ,
1, ,331, ,
0, ,332, ,
3, ,332, ,
1, ,333, ,
1, ,332, ,
3, ,334, ,
1, ,332, ,
0, ,332, ,
3, ,332, ,
1, ,333, ,
1, ,331, ,
3, ,332, ,
1, ,332, ,
0, ,333, ,
3, ,332, ,
1, ,333, ,
1, ,333, ,
3, ,334, ,
1, ,332, ,
0, ,332, ,
3, ,332, ,
1, ,333, ,
1, ,331, ,
3, ,332, ,
1, ,333, ,
0, ,333, ,
3, ,332, ,
1, ,333, ,
1, ,332, ,
3, ,333, ,
1, ,331, ,
0, ,332, ,
3, ,332, ,
1, ,333, ,
1, ,331, ,
3, ,332, ,
1, ,332, ,
0, ,333, ,
3, ,332, ,
1, ,333, ,
1, ,332, ,
3, ,334, ,
1, ,331, ,
0, ,333, ,
3, ,332, ,
1, ,333, ,
1, ,330, ,
3, ,333, ,
1, ,333, ,
0, ,333, ,
3, ,333, ,
1, ,333, ,
0, ,332, ,
3, ,332, ,
1, ,331, ,
0, ,332, ,
3, ,332, ,
1, ,333, ,
1, ,331, ,
3, ,333, ,
1, ,333, ,
0, ,333, ,
3, ,331, ,
1, ,333, ,
0, ,332, ,
3, ,332, ,
1, ,331, ,
0, ,332, ,
3, ,332, ,
1, ,334, ,
1, ,331, ,
3, ,332, ,
1, ,332, ,
0, ,333, ,
3, ,331, ,
1, ,333, ,
0, ,331, ,
3, ,333, ,
1, ,332, ,
0, ,332, ,
3, ,332, ,
1, ,334, ,
1, ,331, ,
3, ,332, ,
1, ,332, ,
0, ,333, ,
3, ,332, ,
1, ,332, ,
0, ,331, ,
3, ,333, ,
1, ,333, ,
0, ,333, ,
3, ,333, ,
1, ,333, ,
1, ,331, ,
3, ,333, ,
1, ,333, ,
0, ,333, ,
3, ,332, ,
0, ,334, ,
1, ,331, ,
3, ,333, ,
1, ,332, ,
0, ,332, ,
3, ,332, ,
1, ,333, ,
1, ,331, ,
3, ,333, ,
1, ,332, ,
0, ,333, ,
3, ,331, ,
1, ,334, ,
1, ,332, ,
3, ,333, ,
1, ,332, ,
0, ,332, ,
3, ,332, ,
1, ,334, ,
0, ,331, ,
3, ,332, ,
1, ,332, ,
0, ,333, ,
3, ,331, ,
0, ,333, ,
0, ,331, ,
3, ,333, ,
1, ,332, ,
0, ,332, ,
3, ,332, ,
1, ,334, ,
0, ,331, ,
3, ,333, ,
1, ,332, ,
0, ,332, ,
3, ,332, ,
0, ,333, ,
0, ,331, ,
3, ,333, ,
1, ,332, ,
0, ,332, ,
3, ,332, ,
1, ,334, ,
1, ,331, ,
3, ,332, ,
1, ,332, ,
0, ,332, ,
3, ,332, ,
1, ,333, ,
1, ,333, ,
3, ,333, ,
1, ,332, ,
0, ,332, ,
3, ,332, ,
1, ,335, ,
1, ,331, ,
3, ,332, ,
1, ,332, ,
0, ,332, ,
3, ,331, ,
1, ,333, ,
1, ,332, ,
3, ,333, ,
1, ,332, ,
0, ,332, ,
3, ,332, ,
1, ,334, ,
1, ,331, ,
3, ,333, ,
1, ,332, ,
0, ,333, ,
3, ,332, ,
1, ,334, ,
0, ,332, ,
3, ,333, ,
1, ,332, ,
0, ,332, ,
3, ,332, ,
1, ,334, ,
1, ,331, ,
3, ,333, ,
1, ,333, ,
0, ,333, ,
3, ,332, ,
1, ,333, ,
0, ,333, ,
3, ,333, ,
1, ,332, ,
0, ,332, ,
3, ,332, ,
1, ,334, ,
1, ,330, ,
3, ,333, ,
0, ,333, ,
0, ,332, ,
3, ,332, ,
1, ,334, ,
1, ,331, ,
3, ,333, ,
1, ,332, ,
0, ,332, ,
3, ,332, ,
1, ,334, ,
0, ,331, ,
3, ,332, ,
1, ,332, ,
0, ,332, ,
3, ,332, ,
1, ,333, ,
1, ,332, ,
3, ,332, ,
1, ,331, ,
0, ,332, ,
3, ,332, ,
1, ,334, ,
1, ,331, ,
3, ,334, ,
0, ,333, ,
0, ,332, ,
3, ,332, ,
1, ,334, ,
0, ,332, ,
3, ,334, ,
1, ,332, ,
0, ,332, ,
3, ,332, ,
1, ,334, ,
0, ,331, ,
3, ,332, ,
1, ,332, ,
0, ,333, ,
3, ,332, ,
1, ,333, ,
0, ,332, ,
3, ,333, ,
1, ,331, ,
0, ,332, ,
3, ,332, ,
1, ,333, ,
1, ,330, ,
3, ,333, ,
1, ,332, ,
0, ,333, ,
3, ,332, ,
0, ,333, ,
0, ,333, ,
3, ,333, ,
1, ,331, ,
0, ,332, ,
3, ,332, ,
1, ,334, ,
0, ,332, ,
3, ,333, ,
1, ,331, ,
0, ,333, ,
3, ,332, ,
0, ,334, ,
1, ,333, ,
3, ,333, ,
1, ,332, ,
0, ,332, ,
1, ,332, ,
1, ,334, ,
0, ,330, ,
3, ,332, ,
1, ,332, ,
0, ,333, ,
3, ,332, ,
0, ,334, ,
0, ,332, ,
3, ,332, ,
1, ,331, ,
0, ,332, ,
3, ,332, ,
1, ,335, ,
0, ,331, ,
3, ,332, ,
1, ,333, ,
0, ,333, ,
3, ,332, ,
1, ,333, ,
0, ,331, ,
3, ,333, ,
1, ,332, ,
0, ,332, ,
3, ,332, ,
1, ,334, ,
0, ,330, ,
3, ,333, ,
1, ,332, ,
0, ,332, ,
3, ,332, ,
0, ,333, ,
0, ,333, ,
3, ,334, ,
1, ,331, ,
0, ,332, ,
3, ,332, ,
1, ,333, ,
0, ,331, ,
3, ,332, ,
1, ,332, ,
0, ,333, ,
3, ,332, ,
0, ,333, ,
0, ,332, ,
3, ,333, ,
1, ,332, ,
0, ,332, ,
3, ,332, ,
0, ,333, ,
0, ,331, ,
3, ,332, ,
1, ,331, ,
0, ,332, ,
3, ,332, ,
1, ,333, ,
0, ,332, ,
3, ,333, ,
1, ,331, ,
0, ,332, ,
3, ,333, ,
1, ,334, ,
1, ,331, ,
3, ,332, ,
1, ,332, ,
0, ,333, ,
3, ,332, ,
1, ,334, ,
0, ,332, ,
3, ,334, ,
0, ,331, ,
0, ,332, ,
3, ,332, ,
1, ,334, ,
0, ,331, ,
3, ,333, ,
0, ,333, ,
-1, ,333, ,
3, ,332, ,
0, ,333, ,
0, ,331, ,
3, ,333, ,
1, ,332, ,
0, ,333, ,
3, ,332, ,
0, ,334, ,
1, ,331, ,
1, ,333, ,
0, ,333, ,
0, ,332, ,
3, ,332, ,
0, ,332, ,
0, ,332, ,
56, ,332, ,
86, ,326, ,
57, ,331, ,
34, ,338, ,
19, ,338, ,
13, ,330, ,
13, ,330, ,
9, ,332, ,
5, ,333, ,
6, ,331, ,
4, ,333, ,
3, ,332, ,
5, ,333, ,
3, ,332, ,
1, ,332, ,
4, ,332, ,
3, ,334, ,
3, ,331, ,
4, ,334, ,
3, ,332, ,
3, ,333, ,
5, ,332, ,
3, ,333, ,
3, ,332, ,
4, ,333, ,
4, ,331, ,
1, ,333, ,
4, ,332, ,
3, ,332, ,
3, ,330, ,
4, ,333, ,
3, ,332, ,
1, ,333, ,
4, ,332, ,
1, ,334, ,
3, ,331, ,
4, ,333, ,
3, ,331, ,
1, ,332, ,
4, ,332, ,
1, ,333, ,
3, ,331, ,
4, ,333, ,
3, ,332, ,
1, ,332, ,
5, ,332, ,
3, ,334, ,
3, ,331, ,
4, ,333, ,
3, ,332, ,
1, ,332, ,
4, ,332, ,
1, ,332, ,
3, ,330, ,
4, ,332, ,
3, ,332, ,
1, ,333, ,
4, ,331, ,
1, ,333, ,
3, ,331, ,
4, ,333, ,
4, ,332, ,
1, ,332, ,
4, ,331, ,
3, ,333, ,
3, ,331, ,
4, ,332, ,
3, ,332, ,
1, ,332, ,
5, ,332, ,
3, ,332, ,
1, ,333, ,
4, ,333, ,
3, ,331, ,
1, ,333, ,
4, ,332, ,
3, ,333, ,
1, ,331, ,
4, ,333, ,
3, ,332, ,
1, ,333, ,
4, ,331, ,
1, ,332, ,
1, ,332, ,
4, ,333, ,
3, ,331, ,
1, ,333, ,
4, ,331, ,
3, ,333, ,
3, ,331, ,
4, ,333, ,
3, ,333, ,
1, ,333, ,
4, ,332, ,
3, ,333, ,
1, ,331, ,
4, ,333, ,
3, ,331, ,
1, ,333, ,
4, ,332, ,
1, ,334, ,
1, ,331, ,
4, ,332, ,
3, ,332, ,
1, ,333, ,
4, ,331, ,
1, ,333, ,
1, ,331, ,
3, ,333, ,
3, ,331, ,
1, ,332, ,
4, ,332, ,
1, ,333, ,
3, ,331, ,
3, ,333, ,
3, ,332, ,
1, ,332, ,
4, ,331, ,
3, ,333, ,
3, ,331, ,
3, ,334, ,
3, ,331, ,
1, ,331, ,
4, ,333, ,
3, ,335, ,
1, ,331, ,
4, ,333, ,
3, ,332, ,
1, ,332, ,
4, ,331, ,
3, ,333, ,
1, ,331, ,
3, ,334, ,
3, ,332, ,
1, ,333, ,
4, ,332, ,
3, ,333, ,
1, ,331, ,
4, ,333, ,
3, ,331, ,
1, ,332, ,
4, ,331, ,
3, ,333, ,
1, ,333, ,
3, ,333, ,
3, ,332, ,
1, ,332, ,
4, ,332, ,
1, ,332, ,
1, ,330, ,
3, ,332, ,
3, ,332, ,
0, ,333, ,
4, ,332, ,
3, ,333, ,
1, ,331, ,
3, ,332, ,
3, ,331, ,
1, ,332, ,
3, ,332, ,
3, ,333, ,
1, ,331, ,
3, ,334, ,
3, ,332, ,
1, ,332, ,
4, ,331, ,
1, ,333, ,
1, ,332, ,
3, ,333, ,
3, ,332, ,
1, ,332, ,
4, ,332, ,
3, ,333, ,
3, ,331, ,
3, ,332, ,
3, ,332, ,
1, ,332, ,
4, ,332, ,
1, ,333, ,
1, ,332, ,
3, ,333, ,
3, ,331, ,
1, ,332, ,
4, ,331, ,
3, ,333, ,
1, ,331, ,
3, ,332, ,
3, ,332, ,
1, ,333, ,
4, ,332, ,
1, ,333, ,
1, ,331, ,
3, ,333, ,
3, ,331, ,
0, ,333, ,
4, ,332, ,
3, ,333, ,
1, ,329, ,
3, ,332, ,
3, ,332, ,
1, ,332, ,
4, ,331, ,
1, ,332, ,
1, ,331, ,
3, ,333, ,
3, ,332, ,
0, ,331, ,
4, ,332, ,
1, ,333, ,
1, ,330, ,
4, ,333, ,
3, ,332, ,
1, ,332, ,
4, ,332, ,
1, ,333, ,
1, ,331, ,
3, ,333, ,
3, ,332, ,
0, ,332, ,
3, ,332, ,
1, ,333, ,
1, ,330, ,
3, ,332, ,
3, ,332, ,
0, ,333, ,
3, ,331, ,
1, ,333, ,
1, ,332, ,
3, ,333, ,
3, ,332, ,
1, ,332, ,
3, ,331, ,
1, ,332, ,
1, ,330, ,
3, ,333, ,
3, ,332, ,
0, ,333, ,
4, ,331, ,
1, ,333, ,
1, ,331, ,
3, ,332, ,
3, ,331, ,
0, ,332, ,
3, ,331, ,
1, ,333, ,
1, ,331, ,
3, ,331, ,
3, ,331, ,
0, ,332, ,
3, ,332, ,
1, ,333, ,
1, ,332, ,
3, ,333, ,
3, ,332, ,
0, ,331, ,
3, ,332, ,
1, ,333, ,
1, ,331, ,
3, ,333, ,
3, ,331, ,
0, ,333, ,
3, ,331, ,
1, ,333, ,
1, ,331, ,
3, ,332, ,
3, ,332, ,
0, ,332, ,
3, ,333, ,
1, ,333, ,
1, ,331, ,
4, ,333, ,
1, ,333, ,
0, ,332, ,
3, ,331, ,
1, ,333, ,
1, ,331, ,
3, ,333, ,
3, ,332, ,
0, ,333, ,
3, ,332, ,
1, ,333, ,
1, ,331, ,
3, ,332, ,
3, ,332, ,
0, ,333, ,
3, ,332, ,
1, ,333, ,
1, ,332, ,
3, ,332, ,
1, ,332, ,
0, ,332, ,
3, ,332, ,
1, ,333, ,
1, ,331, ,
3, ,332, ,
3, ,332, ,
0, ,332, ,
3, ,331, ,
1, ,332, ,
1, ,332, ,
3, ,333, ,
1, ,332, ,
0, ,332, ,
3, ,332, ,
1, ,333, ,
1, ,331, ,
3, ,332, ,
3, ,333, ,
0, ,333, ,
3, ,332, ,
1, ,333, ,
1, ,332, ,
3, ,333, ,
3, ,332, ,
0, ,332, ,
3, ,332, ,
1, ,333, ,
1, ,331, ,
3, ,332, ,
1, ,332, ,
0, ,332, ,
3, ,331, ,
1, ,333, ,
1, ,332, ,
3, ,333, ,
1, ,331, ,
0, ,331, ,
3, ,332, ,
1, ,333, ,
1, ,331, ,
3, ,332, ,
1, ,332, ,
0, ,333, ,
4, ,332, ,
1, ,333, ,
1, ,331, ,
3, ,333, ,
1, ,331, ,
0, ,332, ,
1, ,332, ,
1, ,334, ,
0, ,331, ,
3, ,332, ,
1, ,333, ,
1, ,334, ,
3, ,332, ,
1, ,333, ,
1, ,331, ,
3, ,333, ,
3, ,332, ,
0, ,333, ,
3, ,332, ,
1, ,333, ,
1, ,331, ,
3, ,333, ,
1, ,332, ,
0, ,332, ,
3, ,332, ,
1, ,332, ,
1, ,331, ,
3, ,333, ,
1, ,332, ,
0, ,332, ,
3, ,331, ,
1, ,332, ,
1, ,331, ,
3, ,332, ,
1, ,332, ,
0, ,332, ,
3, ,332, ,
1, ,332, ,
1, ,331, ,
3, ,333, ,
3, ,332, ,
0, ,332, ,
3, ,332, ,
1, ,334, ,
1, ,331, ,
3, ,333, ,
3, ,332, ,
0, ,333, ,
3, ,332, ,
1, ,333, ,
1, ,331, ,
3, ,333, ,
3, ,332, ,
0, ,332, ,
3, ,332, ,
1, ,333, ,
1, ,330, ,
3, ,333, ,
1, ,332, ,
0, ,332, ,
3, ,332, ,
1, ,332, ,
1, ,329, ,
3, ,329, ,
1, ,329, ,
0, ,331, ,
3, ,333, ,
1, ,335, ,
1, ,333, ,
3, ,333, ,
3, ,331, ,
0, ,331, ,
3, ,331, ,
1, ,333, ,
1, ,331, ,
3, ,333, ,
1, ,332, ,
0, ,333, ,
3, ,332, ,
1, ,333, ,
1, ,331, ,
3, ,333, ,
1, ,332, ,
0, ,332, ,
3, ,332, ,
1, ,333, ,
1, ,331, ,
3, ,332, ,
1, ,331, ,
0, ,332, ,
3, ,332, ,
1, ,333, ,
1, ,331, ,
3, ,333, ,
1, ,331, ,
0, ,332, ,
3, ,332, ,
1, ,333, ,
1, ,331, ,
3, ,333, ,
1, ,331, ,
0, ,332, ,
3, ,333, ,
1, ,333, ,
1, ,332, ,
3, ,332, ,
1, ,332, ,
0, ,333, ,
3, ,332, ,
1, ,333, ,
0, ,332, ,
3, ,332, ,
1, ,331, ,
0, ,332, ,
3, ,332, ,
1, ,334, ,
1, ,331, ,
3, ,333, ,
1, ,333, ,
0, ,332, ,
3, ,331, ,
1, ,333, ,
0, ,332, ,
3, ,332, ,
1, ,332, ,
0, ,331, ,
3, ,332, ,
1, ,333, ,
1, ,331, ,
3, ,332, ,
1, ,332, ,
0, ,332, ,
3, ,331, ,
1, ,332, ,
0, ,331, ,
3, ,332, ,
1, ,331, ,
0, ,332, ,
3, ,332, ,
1, ,333, ,
1, ,331, ,
3, ,332, ,
1, ,332, ,
0, ,332, ,
3, ,332, ,
1, ,333, ,
0, ,332, ,
3, ,333, ,
1, ,332, ,
0, ,332, ,
3, ,333, ,
1, ,333, ,
1, ,331, ,
3, ,332, ,
1, ,331, ,
0, ,332, ,
3, ,331, ,
1, ,333, ,
1, ,332, ,
3, ,333, ,
1, ,331, ,
29, ,332, ,
79, ,332, ,
52, ,333, ,
29, ,331, ,
19, ,332, ,
13, ,332, ,
10, ,333, ,
9, ,332, ,
4, ,332, ,
4, ,331, ,
5, ,333, ,
3, ,333, ,
1, ,333, ,
4, ,332, ,
3, ,333, ,
3, ,331, ,
4, ,333, ,
4, ,332, ,
1, ,333, ,
4, ,332, ,
3, ,334, ,
3, ,332, ,
4, ,332, ,
3, ,332, ,
1, ,333, ,
4, ,332, ,
3, ,335, ,
3, ,331, ,
4, ,333, ,
3, ,333, ,
1, ,334, ,
5, ,332, ,
3, ,333, ,
1, ,332, ,
4, ,333, ,
4, ,332, ,
1, ,333, ,
4, ,332, ,
1, ,333, ,
3, ,331, ,
4, ,332, ,
3, ,332, ,
1, ,333, ,
4, ,332, ,
1, ,333, ,
3, ,331, ,
4, ,333, ,
4, ,332, ,
1, ,332, ,
4, ,332, ,
1, ,335, ,
3, ,332, ,
4, ,333, ,
3, ,332, ,
1, ,333, ,
4, ,332, ,
1, ,334, ,
3, ,333, ,
4, ,333, ,
4, ,332, ,
1, ,332, ,
4, ,332, ,
1, ,334, ,
3, ,331, ,
4, ,332, ,
3, ,333, ,
1, ,333, ,
4, ,333, ,
1, ,334, ,
3, ,332, ,
4, ,333, ,
3, ,332, ,
1, ,333, ,
4, ,332, ,
3, ,335, ,
3, ,331, ,
4, ,333, ,
3, ,332, ,
1, ,333, ,
4, ,332, ,
3, ,333, ,
1, ,331, ,
4, ,333, ,
4, ,331, ,
1, ,332, ,
4, ,332, ,
3, ,333, ,
1, ,331, ,
3, ,333, ,
3, ,332, ,
1, ,333, ,
4, ,332, ,
3, ,333, ,
1, ,331, ,
4, ,333, ,
3, ,333, ,
1, ,333, ,
4, ,333, ,
1, ,334, ,
1, ,331, ,
4, ,333, ,
3, ,331, ,
1, ,332, ,
4, ,331, ,
1, ,335, ,
1, ,332, ,
4, ,333, ,
3, ,332, ,
1, ,332, ,
4, ,332, ,
1, ,334, ,
3, ,331, ,
4, ,333, ,
3, ,332, ,
1, ,333, ,
4, ,332, ,
1, ,334, ,
1, ,332, ,
3, ,334, ,
3, ,332, ,
1, ,332, ,
4, ,333, ,
1, ,333, ,
3, ,331, ,
3, ,332, ,
3, ,333, ,
1, ,333, ,
4, ,333, ,
1, ,333, ,
1, ,331, ,
3, ,333, ,
3, ,332, ,
1, ,332, ,
4, ,331, ,
1, ,333, ,
1, ,331, ,
3, ,333, ,
3, ,331, ,
1, ,333, ,
4, ,331, ,
1, ,333, ,
1, ,331, ,
4, ,333, ,
3, ,331, ,
1, ,333, ,
3, ,332, ,
3, ,335, ,
3, ,331, ,
4, ,332, ,
3, ,332, ,
1, ,332, ,
4, ,331, ,
3, ,333, ,
1, ,333, ,
3, ,333, ,
3, ,332, ,
1, ,332, ,
4, ,332, ,
1, ,333, ,
1, ,331, ,
4, ,332, ,
3, ,332, ,
1, ,333, ,
3, ,332, ,
1, ,333, ,
1, ,331, ,
3, ,332, ,
3, ,332, ,
1, ,333, ,
4, ,332, ,
1, ,335, ,
1, ,331, ,
3, ,333, ,
3, ,331, ,
1, ,333, ,
4, ,332, ,
1, ,333, ,
1, ,332, ,
3, ,333, ,
3, ,332, ,
1, ,332, ,
3, ,332, ,
1, ,333, ,
1, ,331, ,
3, ,333, ,
3, ,332, ,
1, ,333, ,
4, ,333, ,
1, ,333, ,
1, ,332, ,
3, ,333, ,
3, ,332, ,
1, ,332, ,
4, ,332, ,
1, ,334, ,
1, ,331, ,
4, ,332, ,
3, ,332, ,
1, ,333, ,
4, ,333, ,
1, ,334, ,
1, ,333, ,
3, ,333, ,
3, ,332, ,
1, ,332, ,
3, ,332, ,
3, ,333, ,
1, ,331, ,
3, ,333, ,
3, ,332, ,
1, ,333, ,
4, ,332, ,
1, ,333, ,
1, ,332, ,
3, ,333, ,
3, ,332, ,
1, ,332, ,
4, ,332, ,
1, ,334, ,
1, ,331, ,
3, ,333, ,
3, ,332, ,
1, ,333, ,
3, ,331, ,
1, ,333, ,
1, ,333, ,
3, ,333, ,
3, ,332, ,
1, ,332, ,
4, ,333, ,
1, ,334, ,
1, ,331, ,
3, ,333, ,
3, ,332, ,
1, ,332, ,
4, ,332, ,
1, ,333, ,
1, ,331, ,
3, ,333, ,
3, ,331, ,
0, ,332, ,
3, ,332, ,
1, ,333, ,
1, ,331, ,
3, ,333, ,
3, ,333, ,
0, ,333, ,
3, ,331, ,
1, ,333, ,
1, ,332, ,
3, ,332, ,
3, ,332, ,
1, ,333, ,
3, ,332, ,
1, ,333, ,
1, ,331, ,
3, ,333, ,
1, ,332, ,
0, ,332, ,
4, ,332, ,
1, ,332, ,
1, ,332, ,
3, ,333, ,
1, ,332, ,
0, ,332, ,
3, ,333, ,
1, ,333, ,
1, ,330, ,
3, ,332, ,
3, ,332, ,
1, ,333, ,
3, ,332, ,
1, ,334, ,
1, ,333, ,
3, ,333, ,
1, ,331, ,
0, ,332, ,
3, ,332, ,
1, ,334, ,
1, ,331, ,
3, ,333, ,
3, ,333, ,
0, ,333, ,
3, ,331, ,
1, ,333, ,
1, ,332, ,
3, ,333, ,
3, ,332, ,
0, ,332, ,
3, ,333, ,
1, ,335, ,
1, ,331, ,
3, ,332, ,
3, ,333, ,
0, ,332, ,
3, ,332, ,
1, ,333, ,
1, ,332, ,
3, ,334, ,
1, ,332, ,
0, ,332, ,
3, ,332, ,
1, ,333, ,
1, ,332, ,
3, ,333, ,
1, ,333, ,
0, ,333, ,
3, ,332, ,
1, ,333, ,
1, ,331, ,
3, ,332, ,
3, ,332, ,
0, ,332, ,
3, ,333, ,
1, ,334, ,
1, ,331, ,
3, ,332, ,
1, ,332, ,
0, ,333, ,
3, ,332, ,
1, ,333, ,
1, ,331, ,
3, ,333, ,
1, ,332, ,
0, ,332, ,
3, ,332, ,
1, ,335, ,
1, ,331, ,
3, ,332, ,
3, ,333, ,
0, ,332, ,
3, ,332, ,
1, ,335, ,
1, ,331, ,
3, ,333, ,
1, ,332, ,
0, ,332, ,
3, ,332, ,
1, ,333, ,
1, ,331, ,
3, ,333, ,
1, ,332, ,
0, ,332, ,
3, ,331, ,
1, ,333, ,
1, ,332, ,
3, ,333, ,
3, ,331, ,
0, ,332, ,
3, ,332, ,
1, ,333, ,
1, ,331, ,
3, ,332, ,
1, ,333, ,
0, ,333, ,
3, ,331, ,
1, ,332, ,
1, ,331, ,
3, ,333, ,
1, ,331, ,
0, ,332, ,
3, ,332, ,
1, ,334, ,
1, ,331, ,
3, ,332, ,
1, ,332, ,
0, ,333, ,
3, ,331, ,
1, ,333, ,
1, ,331, ,
3, ,333, ,
1, ,332, ,
0, ,332, ,
3, ,332, ,
1, ,334, ,
1, ,331, ,
3, ,333, ,
1, ,332, ,
0, ,333, ,
3, ,332, ,
1, ,333, ,
1, ,331, ,
3, ,332, ,
1, ,331, ,
0, ,332, ,
3, ,332, ,
1, ,333, ,
1, ,331, ,
3, ,333, ,
1, ,333, ,
0, ,333, ,
3, ,332, ,
1, ,333, ,
1, ,332, ,
3, ,332, ,
1, ,332, ,
0, ,332, ,
3, ,332, ,
1, ,333, ,
1, ,331, ,
3, ,333, ,
1, ,332, ,
0, ,332, ,
3, ,332, ,
1, ,335, ,
1, ,331, ,
3, ,333, ,
1, ,332, ,
0, ,332, ,
3, ,331, ,
1, ,333, ,
1, ,331, ,
3, ,333, ,
1, ,332, ,
0, ,333, ,
3, ,332, ,
1, ,333, ,
1, ,332, ,
3, ,333, ,
1, ,332, ,
0, ,333, ,
3, ,332, ,
1, ,332, ,
1, ,331, ,
3, ,332, ,
1, ,332, ,
0, ,332, ,
3, ,332, ,
1, ,333, ,
1, ,331, ,
3, ,333, ,
1, ,331, ,
0, ,333, ,
3, ,333, ,
1, ,334, ,
1, ,330, ,
3, ,333, ,
1, ,332, ,
0, ,333, ,
3, ,332, ,
1, ,334, ,
1, ,332, ,
3, ,332, ,
1, ,332, ,
0, ,333, ,
3, ,332, ,
1, ,333, ,
1, ,330, ,
3, ,333, ,
1, ,332, ,
0, ,332, ,
3, ,332, ,
1, ,334, ,
1, ,331, ,
3, ,334, ,
1, ,332, ,
0, ,332, ,
3, ,332, ,
1, ,333, ,
1, ,331, ,
3, ,333, ,
1, ,332, ,
0, ,332, ,
3, ,332, ,
1, ,333, ,
1, ,331, ,
3, ,334, ,
1, ,332, ,
0, ,332, ,
3, ,332, ,
1, ,333, ,
1, ,331, ,
3, ,333, ,
1, ,332, ,
0, ,333, ,
3, ,332, ,
1, ,333, ,
1, ,332, ,
3, ,333, ,
1, ,331, ,
0, ,332, ,
3, ,332, ,
1, ,333, ,
1, ,331, ,
3, ,333, ,
1, ,332, ,
0, ,333, ,
3, ,332, ,
1, ,333, ,
0, ,332, ,
3, ,332, ,
1, ,332, ,
0, ,332, ,
3, ,333, ,
1, ,333, ,
1, ,332, ,
3, ,333, ,
1, ,331, ,
0, ,332, ,
3, ,331, ,
1, ,333, ,
0, ,331, ,
3, ,333, ,
1, ,332, ,
0, ,332, ,
3, ,332, ,
1, ,334, ,
1, ,331, ,
3, ,332, ,
1, ,333, ,
0, ,333, ,
3, ,332, ,
1, ,332, ,
0, ,331, ,
3, ,332, ,
1, ,331, ,
0, ,332, ,
3, ,332, ,
1, ,333, ,
1, ,331, ,
3, ,333, ,
1, ,332, ,
0, ,332, ,
3, ,331, ,
1, ,333, ,
0, ,332, ,
3, ,333, ,
1, ,332, ,
0, ,332, ,
3, ,331, ,
1, ,334, ,
1, ,331, ,
3, ,333, ,
1, ,332, ,
0, ,333, ,
3, ,332, ,
1, ,333, ,
0, ,331, ,
3, ,333, ,
1, ,331, ,
0, ,330, ,
3, ,331, ,
1, ,334, ,
1, ,332, ,
3, ,334, ,
1, ,333, ,
0, ,333, ,
3, ,332, ,
0, ,332, ,
0, ,331, ,
3, ,332, ,
1, ,332, ,
0, ,333, ,
3, ,332, ,
1, ,335, ,
0, ,331, ,
3, ,332, ,
1, ,332, ,
0, ,332, ,
3, ,332, ,
1, ,333, ,
0, ,332, ,
3, ,333, ,
1, ,332, ,
0, ,332, ,
3, ,331, ,
1, ,334, ,
1, ,331, ,
3, ,332, ,
1, ,332, ,
0, ,332, ,
3, ,333, ,
1, ,333, ,
0, ,331, ,
3, ,333, ,
1, ,332, ,
0, ,332, ,
3, ,332, ,
1, ,333, ,
0, ,331, ,
3, ,333, ,
1, ,333, ,
0, ,332, ,
3, ,332, ,
1, ,333, ,
0, ,331, ,
3, ,333, ,
1, ,332, ,
0, ,332, ,
3, ,332, ,
0, ,333, ,
0, ,331, ,
3, ,333, ,
1, ,332, ,
0, ,333, ,
3, ,331, ,
1, ,333, ,
0, ,332, ,
3, ,332, ,
1, ,331, ,
0, ,332, ,
3, ,332, ,
1, ,333, ,
0, ,331, ,
3, ,332, ,
1, ,332, ,
0, ,332, ,
3, ,331, ,
1, ,333, ,
0, ,332, ,
3, ,332, ,
1, ,332, ,
-1, ,332, ,
3, ,332, ,
1, ,334, ,
0, ,331, ,
3, ,332, ,
1, ,332, ,
0, ,333, ,
3, ,332, ,
1, ,333, ,
0, ,332, ,
3, ,333, ,
1, ,332, ,
0, ,333, ,
3, ,332, ,
1, ,334, ,
1, ,331, ,
3, ,333, ,
1, ,332, ,
0, ,332, ,
3, ,331, ,
0, ,333, ,
0, ,331, ,
3, ,333, ,
1, ,331, ,
0, ,332, ,
3, ,332, ,
1, ,333, ,
0, ,330, ,
3, ,333, ,
1, ,332, ,
0, ,332, ,
3, ,332, ,
0, ,333, ,
0, ,331, ,
3, ,332, ,
1, ,331, ,
0, ,332, ,
3, ,332, ,
1, ,333, ,
0, ,331, ,
3, ,332, ,
0, ,332, ,
0, ,332, ,
3, ,332, ,
0, ,333, ,
0, ,331, ,
3, ,333, ,
1, ,332, ,
0, ,332, ,
3, ,332, ,
1, ,334, ,
0, ,332, ,
3, ,332, ,
1, ,332, ,
0, ,332, ,
3, ,331, ,
0, ,333, ,
0, ,332, ,
3, ,332, ,
1, ,332, ,
0, ,333, ,
1, ,333, ,
1, ,333, ,
0, ,331, ,
3, ,333, ,
1, ,333, ,
-1, ,332, ,
3, ,332, ,
0, ,332, ,
0, ,331, ,
3, ,333, ,
1, ,332, ,
0, ,332, ,
3, ,332, ,
1, ,334, ,
0, ,330, ,
3, ,333, ,
1, ,333, ,
0, ,332, ,
3, ,333, ,
0, ,333, ,
0, ,332, ,
3, ,332, ,
1, ,332, ,
0, ,332, ,
1, ,332, ,
1, ,334, ,
0, ,331, ,
3, ,332, ,
1, ,332, ,
0, ,333, ,
3, ,331, ,
0, ,333, ,
0, ,333, ,
3, ,333, ,
1, ,331, ,
-1, ,332, ,
3, ,332, ,
0, ,333, ,
0, ,332, ,
3, ,332, ,
1, ,332, ,
0, ,333, ,
3, ,331, ,
0, ,333, ,
0, ,332, ,
3, ,332, ,
1, ,331, ,
0, ,332, ,
3, ,332, ,
1, ,334, ,
0, ,331, ,
3, ,333, ,
1, ,332, ,
0, ,333, ,
3, ,331, ,
0, ,333, ,
0, ,331, ,
3, ,333, ,
1, ,331, ,
0, ,331, ,
1, ,331, ,
1, ,333, ,
0, ,331, ,
3, ,332, ,
1, ,332, ,
-1, ,332, ,
3, ,332, ,
0, ,333, ,
0, ,331, ,
3, ,333, ,
1, ,332, ,
0, ,332, ,
3, ,331, ,
0, ,333, ,
0, ,330, ,
1, ,332, ,
1, ,331, ,
0, ,333, ,
3, ,331, ,
0, ,333, ,
0, ,331, ,
3, ,333, ,
1, ,332, ,
0, ,332, ,
3, ,332, ,
0, ,333, ,
0, ,331, ,
3, ,333, ,
1, ,333, ,
0, ,333, ,
3, ,331, ,
0, ,332, ,
0, ,332, ,
3, ,335, ,
1, ,332, ,
0, ,332, ,
3, ,332, ,
0, ,333, ,
0, ,331, ,
3, ,333, ,
1, ,333, ,
0, ,332, ,
3, ,330, ,
0, ,333, ,
0, ,331, ,
3, ,333, ,
1, ,332, ,
0, ,332, ,
1, ,331, ,
1, ,333, ,
0, ,329, ,
3, ,333, ,
1, ,331, ,
0, ,333, ,
3, ,332, ,
0, ,333, ,
0, ,331, ,
3, ,333, ,
1, ,331, ,
0, ,332, ,
3, ,331, ,
1, ,334, ,
0, ,330, ,
3, ,332, ,
1, ,332, ,
0, ,332, ,
3, ,331, ,
0, ,333, ,
0, ,332, ,
3, ,333, ,
1, ,331, ,
0, ,332, ,
1, ,332, ,
0, ,333, ,
0, ,330, ,
3, ,332, ,
1, ,333, ,
0, ,333, ,
3, ,332, ,
0, ,333, ,
0, ,332, ,
3, ,333, ,
1, ,332, ,
0, ,333, ,
1, ,331, ,
0, ,332, ,
0, ,331, ,
3, ,332, ,
1, ,333, ,
0, ,332, ,
3, ,332, ,
0, ,334, ,
0, ,332, ,
3, ,333, ,
1, ,332, ,
0, ,332, ,
3, ,333, ,
1, ,333, ,
0, ,330, ,
3, ,333, ,
1, ,332, ,
0, ,332, ,
3, ,332, ,
0, ,333, ,
0, ,331, ,
3, ,333, ,
1, ,331, ,
0, ,332, ,
3, ,332, ,
0, ,332, ,
0, ,330, ,
3, ,333, ,
1, ,333, ,
0, ,332, ,
3, ,332, ,
0, ,333, ,
0, ,332, ,
3, ,333, ,
1, ,332, ,
-1, ,332, ,
1, ,332, ,
0, ,333, ,
0, ,331, ,
1, ,332, ,
1, ,332, ,
0, ,333, ,
3, ,332, ,
1, ,333, ,
0, ,331, ,
3, ,334, ,
1, ,332, ,
0, ,332, ,
3, ,332, ,
1, ,334, ,
0, ,332, ,
3, ,333, ,
1, ,332, ,
0, ,333, ,
3, ,332, ,
0, ,333, ,
0, ,332, ,
1, ,333, ,
1, ,333, ,
0, ,332, ,
3, ,333, ,
0, ,333, ,
0, ,331, ,
3, ,332, ,
1, ,333, ,
0, ,333, ,
3, ,333, ,
0, ,333, ,
0, ,332, ,
3, ,333, ,
1, ,332, ,
-1, ,332, ,
3, ,332, ,
0, ,334, ,
0, ,330, ,
3, ,332, ,
1, ,332, ,
0, ,332, ,
3, ,332, ,
0, ,333, ,
0, ,333, ,
3, ,332, ,
1, ,332, ,
-1, ,333, ,
1, ,333, ,
0, ,334, ,
0, ,331, ,
3, ,333, ,
1, ,333, ,
-1, ,333, ,
3, ,331, ,
0, ,325, ,
0, ,332, ,
3, ,341, ,
1, ,336, ,
0, ,331, ,
3, ,329, ,
1, ,333, ,
0, ,332, ,
3, ,333, ,
1, ,332, ,
0, ,333, ,
3, ,333, ,
0, ,333, ,
0, ,332, ,
3, ,333, ,
8, ,333, ,
99, ,332, ,
64, ,331, ,
36, ,334, ,
20, ,330, ,
18, ,332, ,
13, ,331, ,
6, ,330, ,
8, ,329, ,
4, ,332, ,
4, ,333, ,
6, ,336, ,
3, ,333, ,
1, ,333, ,
5, ,332, ,
3, ,332, ,
3, ,329, ,
4, ,333, ,
4, ,332, ,
3, ,333, ,
5, ,332, ,
3, ,333, ,
3, ,333, ,
4, ,333, ,
4, ,331, ,
1, ,332, ,
4, ,332, ,
3, ,334, ,
3, ,330, ,
4, ,333, ,
3, ,332, ,
1, ,333, ,
5, ,332, ,
3, ,333, ,
3, ,332, ,
4, ,333, ,
3, ,332, ,
1, ,332, ,
4, ,331, ,
3, ,333, ,
3, ,330, ,
4, ,333, ,
3, ,331, ,
1, ,332, ,
5, ,331, ,
3, ,333, ,
1, ,331, ,
4, ,333, ,
4, ,332, ,
1, ,331, ,
4, ,333, ,
3, ,333, ,
3, ,330, ,
4, ,333, ,
3, ,332, ,
1, ,333, ,
4, ,331, ,
3, ,333, ,
3, ,331, ,
4, ,333, ,
3, ,332, ,
1, ,332, ,
4, ,332, ,
1, ,333, ,
3, ,329, ,
4, ,331, ,
3, ,332, ,
1, ,333, ,
4, ,332, ,
1, ,333, ,
3, ,331, ,
4, ,332, ,
3, ,331, ,
1, ,331, ,
4, ,331, ,
1, ,333, ,
3, ,329, ,
4, ,332, ,
3, ,332, ,
1, ,333, ,
4, ,333, ,
1, ,333, ,
3, ,331, ,
3, ,333, ,
4, ,331, ,
1, ,332, ,
4, ,332, ,
1, ,333, ,
3, ,331, ,
3, ,333, ,
3, ,332, ,
1, ,332, ,
4, ,331, ,
1, ,333, ,
3, ,331, ,
3, ,333, ,
3, ,332, ,
1, ,332, ,
4, ,332, ,
1, ,334, ,
1, ,331, ,
3, ,333, ,
3, ,332, ,
1, ,332, ,
4, ,331, ,
3, ,333, ,
3, ,332, ,
4, ,333, ,
4, ,331, ,
1, ,331, ,
4, ,331, ,
3, ,333, ,
1, ,331, ,
3, ,334, ,
3, ,333, ,
1, ,333, ,
4, ,332, ,
3, ,333, ,
1, ,332, ,
3, ,333, ,
3, ,332, ,
1, ,332, ,
4, ,333, ,
3, ,334, ,
1, ,332, ,
3, ,334, ,
3, ,332, ,
1, ,332, ,
4, ,332, ,
1, ,334, ,
1, ,333, ,
4, ,334, ,
3, ,332, ,
1, ,333, ,
4, ,332, ,
3, ,333, ,
3, ,331, ,
3, ,332, ,
3, ,332, ,
1, ,333, ,
4, ,332, ,
3, ,333, ,
1, ,332, ,
3, ,333, ,
3, ,331, ,
1, ,331, ,
4, ,332, ,
1, ,333, ,
1, ,330, ,
3, ,333, ,
3, ,332, ,
1, ,332, ,
4, ,332, ,
3, ,333, ,
1, ,333, ,
4, ,334, ,
44, ,332, ,
29, ,332, ,
19, ,331, ,
13, ,333, ,
10, ,331, ,
9, ,332, ,
5, ,332, ,
3, ,332, ,
5, ,331, ,
4, ,333, ,
1, ,332, ,
5, ,333, ,
4, ,332, ,
1, ,332, ,
4, ,333, ,
3, ,333, ,
3, ,331, ,
4, ,333, ,
3, ,332, ,
1, ,333, ,
5, ,331, ,
3, ,333, ,
3, ,331, ,
4, ,332, ,
4, ,332, ,
1, ,333, ,
4, ,332, ,
3, ,333, ,
3, ,330, ,
4, ,333, ,
3, ,333, ,
1, ,333, ,
5, ,331, ,
3, ,333, ,
3, ,332, ,
4, ,333, ,
3, ,332, ,
1, ,332, ,
4, ,332, ,
3, ,333, ,
3, ,330, ,
4, ,333, ,
3, ,333, ,
1, ,332, ,
4, ,331, ,
3, ,332, ,
3, ,333, ,
4, ,333, ,
3, ,331, ,
1, ,333, ,
4, ,332, ,
1, ,333, ,
3, ,331, ,
4, ,332, ,
3, ,332, ,
1, ,332, ,
4, ,331, ,
1, ,332, ,
3, ,332, ,
4, ,334, ,
3, ,332, ,
1, ,332, ,
4, ,333, ,
1, ,333, ,
3, ,331, ,
4, ,333, ,
3, ,332, ,
1, ,332, ,
4, ,332, ,
1, ,333, ,
3, ,332, ,
4, ,333, ,
3, ,332, ,
1, ,332, ,
4, ,331, ,
1, ,333, ,
3, ,332, ,
4, ,333, ,
3, ,332, ,
1, ,333, ,
4, ,331, ,
1, ,333, ,
3, ,331, ,
4, ,333, ,
3, ,332, ,
1, ,332, ,
4, ,332, ,
3, ,334, ,
3, ,330, ,
4, ,333, ,
3, ,332, ,
1, ,333, ,
4, ,332, ,
3, ,333, ,
1, ,332, ,
4, ,332, ,
3, ,332, ,
1, ,333, ,
4, ,331, ,
3, ,333, ,
1, ,331, ,
3, ,333, ,
3, ,332, ,
1, ,332, ,
4, ,332, ,
3, ,333, ,
1, ,331, ,
4, ,333, ,
3, ,332, ,
1, ,333, ,
4, ,332, ,
3, ,334, ,
1, ,331, ,
3, ,333, ,
3, ,332, ,
1, ,332, ,
4, ,331, ,
3, ,333, ,
1, ,331, ,
4, ,333, ,
3, ,331, ,
1, ,329, ,
4, ,332, ,
1, ,337, ,
1, ,333, ,
4, ,332, ,
3, ,330, ,
1, ,332, ,
5, ,333, ,
1, ,334, ,
1, ,332, ,
3, ,333, ,
3, ,330, ,
1, ,332, ,
4, ,332, ,
1, ,335, ,
3, ,330, ,
4, ,332, ,
3, ,332, ,
1, ,333, ,
4, ,332, ,
3, ,333, ,
1, ,332, ,
4, ,332, ,
3, ,332, ,
1, ,332, ,
4, ,332, ,
3, ,333, ,
1, ,330, ,
3, ,333, ,
3, ,332, ,
1, ,332, ,
4, ,331, ,
3, ,333, ,
1, ,333, ,
4, ,333, ,
3, ,332, ,
1, ,332, ,
4, ,332, ,
3, ,333, ,
1, ,331, ,
3, ,333, ,
3, ,332, ,
1, ,333, ,
4, ,331, ,
1, ,332, ,
1, ,332, ,
3, ,334, ,
3, ,332, ,
1, ,333, ,
4, ,332, ,
3, ,334, ,
3, ,331, ,
3, ,333, ,
3, ,331, ,
0, ,333, ,
4, ,332, ,
1, ,333, ,
1, ,331, ,
3, ,333, ,
3, ,333, ,
0, ,333, ,
3, ,331, ,
1, ,334, ,
1, ,332, ,
3, ,333, ,
3, ,332, ,
0, ,332, ,
4, ,331, ,
1, ,333, ,
1, ,331, ,
3, ,333, ,
3, ,332, ,
0, ,332, ,
3, ,332, ,
1, ,333, ,
3, ,331, ,
3, ,333, ,
3, ,333, ,
1, ,333, ,
3, ,332, ,
1, ,333, ,
3, ,331, ,
3, ,333, ,
1, ,332, ,
1, ,333, ,
3, ,333, ,
1, ,333, ,
3, ,331, ,
3, ,332, ,
1, ,332, ,
1, ,332, ,
4, ,332, ,
1, ,332, ,
1, ,332, ,
4, ,334, ,
3, ,332, ,
1, ,333, ,
4, ,332, ,
1, ,334, ,
1, ,330, ,
4, ,333, ,
3, ,332, ,
1, ,333, ,
4, ,331, ,
1, ,333, ,
1, ,332, ,
3, ,333, ,
3, ,332, ,
0, ,333, ,
4, ,333, ,
1, ,333, ,
1, ,331, ,
3, ,333, ,
1, ,332, ,
0, ,333, ,
3, ,331, ,
1, ,333, ,
1, ,331, ,
3, ,335, ,
1, ,331, ,
0, ,332, ,
3, ,332, ,
1, ,333, ,
1, ,331, ,
4, ,333, ,
3, ,332, ,
1, ,333, ,
3, ,332, ,
1, ,334, ,
1, ,331, ,
3, ,333, ,
3, ,332, ,
0, ,333, ,
4, ,332, ,
1, ,333, ,
1, ,331, ,
3, ,333, ,
1, ,332, ,
1, ,333, ,
3, ,332, ,
1, ,333, ,
1, ,331, ,
3, ,333, ,
3, ,332, ,
0, ,332, ,
4, ,333, ,
1, ,335, ,
1, ,332, ,
3, ,332, ,
1, ,332, ,
0, ,333, ,
3, ,331, ,
1, ,332, ,
1, ,332, ,
3, ,333, ,
3, ,332, ,
0, ,333, ,
3, ,332, ,
1, ,333, ,
1, ,331, ,
3, ,333, ,
1, ,333, ,
0, ,333, ,
3, ,331, ,
1, ,333, ,
1, ,333, ,
3, ,333, ,
1, ,331, ,
0, ,332, ,
3, ,332, ,
1, ,334, ,
1, ,330, ,
3, ,333, ,
1, ,333, ,
25, ,332, ,
60, ,331, ,
41, ,333, ,
23, ,332, ,
15, ,333, ,
10, ,332, ,
8, ,332, ,
8, ,332, ,
4, ,334, ,
3, ,331, ,
5, ,333, ,
3, ,332, ,
3, ,333, ,
4, ,332, ,
3, ,332, ,
1, ,331, ,
4, ,333, ,
3, ,332, ,
1, ,332, ,
4, ,332, ,
3, ,333, ,
3, ,331, ,
4, ,332, ,
3, ,332, ,
3, ,333, ,
4, ,331, ,
1, ,332, ,
3, ,331, ,
4, ,333, ,
4, ,331, ,
1, ,332, ,
4, ,333, ,
3, ,334, ,
3, ,331, ,
4, ,332, ,
3, ,331, ,
1, ,333, ,
4, ,332, ,
1, ,334, ,
3, ,332, ,
4, ,334, ,
3, ,331, ,
1, ,333, ,
4, ,332, ,
1, ,334, ,
3, ,332, ,
4, ,332, ,
3, ,333, ,
1, ,332, ,
5, ,331, ,
1, ,333, ,
3, ,332, ,
4, ,333, ,
3, ,331, ,
1, ,332, ,
4, ,332, ,
1, ,333, ,
3, ,330, ,
4, ,332, ,
3, ,332, ,
1, ,332, ,
4, ,330, ,
1, ,333, ,
3, ,333, ,
4, ,335, ,
3, ,333, ,
1, ,333, ,
4, ,332, ,
1, ,333, ,
3, ,330, ,
4, ,332, ,
3, ,331, ,
1, ,332, ,
4, ,333, ,
3, ,333, ,
3, ,332, ,
4, ,333, ,
4, ,332, ,
1, ,332, ,
4, ,331, ,
3, ,333, ,
3, ,330, ,
4, ,333, ,
3, ,332, ,
1, ,332, ,
4, ,331, ,
1, ,332, ,
1, ,331, ,
4, ,333, ,
3, ,332, ,
1, ,332, ,
4, ,332, ,
3, ,333, ,
3, ,330, ,
3, ,333, ,
3, ,332, ,
1, ,333, ,
4, ,331, ,
3, ,333, ,
1, ,331, ,
4, ,333, ,
3, ,332, ,
1, ,332, ,
4, ,332, ,
3, ,335, ,
1, ,331, ,
3, ,332, ,
3, ,332, ,
1, ,333, ,
4, ,332, ,
1, ,333, ,
1, ,332, ,
4, ,333, ,
3, ,332, ,
1, ,332, ,
4, ,331, ,
1, ,333, ,
1, ,330, ,
3, ,332, ,
3, ,332, ,
1, ,333, ,
4, ,332, ,
3, ,333, ,
1, ,332, ,
4, ,333, ,
3, ,332, ,
1, ,332, ,
4, ,331, ,
1, ,333, ,
1, ,331, ,
3, ,332, ,
3, ,332, ,
1, ,332, ,
4, ,331, ,
1, ,333, ,
1, ,332, ,
3, ,332, ,
3, ,332, ,
1, ,333, ,
4, ,332, ,
1, ,333, ,
1, ,330, ,
3, ,332, ,
3, ,332, ,
1, ,333, ,
4, ,332, ,
1, ,333, ,
1, ,331, ,
3, ,333, ,
3, ,332, ,
1, ,332, ,
4, ,332, ,
3, ,334, ,
1, ,330, ,
3, ,332, ,
3, ,331, ,
1, ,332, ,
4, ,332, ,
1, ,333, ,
1, ,331, ,
4, ,333, ,
3, ,332, ,
1, ,332, ,
4, ,332, ,
1, ,333, ,
1, ,329, ,
3, ,333, ,
3, ,332, ,
1, ,333, ,
4, ,332, ,
1, ,333, ,
1, ,331, ,
4, ,334, ,
3, ,331, ,
1, ,332, ,
4, ,332, ,
1, ,333, ,
1, ,330, ,
3, ,332, ,
3, ,332, ,
47, ,332, ,
34, ,331, ,
23, ,333, ,
16, ,331, ,
13, ,333, ,
8, ,331, ,
4, ,332, ,
6, ,332, ,
4, ,334, ,
3, ,331, ,
4, ,333, ,
3, ,332, ,
3, ,333, ,
4, ,331, ,
3, ,333, ,
3, ,331, ,
5, ,332, ,
4, ,331, ,
1, ,333, ,
4, ,332, ,
3, ,333, ,
3, ,331, ,
4, ,332, ,
3, ,332, ,
3, ,332, ,
4, ,332, ,
1, ,333, ,
3, ,331, ,
4, ,333, ,
3, ,332, ,
1, ,332, ,
4, ,332, ,
3, ,333, ,
3, ,330, ,
3, ,332, ,
3, ,332, ,
3, ,332, ,
4, ,331, ,
1, ,333, ,
1, ,332, ,
4, ,333, ,
3, ,331, ,
1, ,331, ,
4, ,332, ,
3, ,333, ,
1, ,331, ,
4, ,333, ,
3, ,332, ,
1, ,332, ,
5, ,332, ,
1, ,333, ,
1, ,331, ,
4, ,332, ,
3, ,332, ,
1, ,333, ,
4, ,332, ,
1, ,334, ,
3, ,330, ,
4, ,333, ,
3, ,332, ,
1, ,332, ,
4, ,332, ,
3, ,333, ,
1, ,331, ,
4, ,333, ,
3, ,332, ,
1, ,332, ,
4, ,333, ,
3, ,335, ,
1, ,332, ,
4, ,332, ,
3, ,332, ,
1, ,332, ,
4, ,331, ,
3, ,333, ,
1, ,331, ,
4, ,333, ,
3, ,331, ,
1, ,332, ,
4, ,332, ,
1, ,334, ,
1, ,331, ,
4, ,332, ,
3, ,332, ,
1, ,333, ,
4, ,332, ,
3, ,333, ,
3, ,331, ,
4, ,333, ,
3, ,331, ,
1, ,331, ,
4, ,332, ,
3, ,334, ,
1, ,330, ,
3, ,332, ,
3, ,331, ,
1, ,333, ,
4, ,331, ,
1, ,333, ,
1, ,331, ,
4, ,333, ,
3, ,332, ,
1, ,332, ,
4, ,331, ,
1, ,333, ,
3, ,331, ,
4, ,332, ,
3, ,332, ,
1, ,332, ,
4, ,331, ,
1, ,333, ,
1, ,332, ,
4, ,334, ,
3, ,332, ,
1, ,332, ,
3, ,332, ,
1, ,333, ,
1, ,329, ,
3, ,332, ,
3, ,332, ,
1, ,333, ,
4, ,331, ,
1, ,333, ,
1, ,332, ,
4, ,333, ,
3, ,332, ,
1, ,332, ,
4, ,332, ,
1, ,333, ,
1, ,331, ,
3, ,333, ,
3, ,332, ,
1, ,333, ,
4, ,332, ,
1, ,333, ,
1, ,332, ,
4, ,333, ,
3, ,331, ,
1, ,331, ,
4, ,332, ,
3, ,335, ,
3, ,331, ,
3, ,332, ,
3, ,332, ,
1, ,333, ,
3, ,332, ,
1, ,333, ,
1, ,331, ,
4, ,332, ,
3, ,331, ,
1, ,333, ,
4, ,331, ,
1, ,334, ,
1, ,331, ,
3, ,332, ,
3, ,332, ,
1, ,333, ,
4, ,332, ,
1, ,333, ,
1, ,332, ,
4, ,333, ,
3, ,332, ,
1, ,332, ,
4, ,332, ,
1, ,335, ,
1, ,331, ,
3, ,332, ,
3, ,333, ,
1, ,332, ,
4, ,332, ,
1, ,333, ,
1, ,331, ,
4, ,333, ,
3, ,332, ,
1, ,332, ,
4, ,332, ,
1, ,333, ,
1, ,331, ,
3, ,333, ,
3, ,332, ,
1, ,333, ,
3, ,332, ,
1, ,334, ,
1, ,332, ,
3, ,333, ,
3, ,331, ,
1, ,333, ,
4, ,332, ,
1, ,333, ,
1, ,332, ,
3, ,332, ,
3, ,332, ,
1, ,333, ,
3, ,332, ,
1, ,333, ,
1, ,331, ,
3, ,333, ,
3, ,332, ,
1, ,332, ,
4, ,332, ,
3, ,333, ,
1, ,330, ,
3, ,332, ,
3, ,332, ,
1, ,333, ,
4, ,332, ,
1, ,333, ,
1, ,332, ,
4, ,333, ,
3, ,332, ,
1, ,331, ,
3, ,332, ,
1, ,334, ,
1, ,331, ,
3, ,333, ,
3, ,332, ,
1, ,333, ,
4, ,332, ,
1, ,333, ,
1, ,331, ,
4, ,333, ,
1, ,331, ,
0, ,333, ,
4, ,332, ,
1, ,334, ,
1, ,331, ,
3, ,332, ,
3, ,332, ,
1, ,333, ,
3, ,332, ,
1, ,333, ,
1, ,332, ,
4, ,333, ,
1, ,331, ,
0, ,332, ,
3, ,332, ,
1, ,334, ,
1, ,331, ,
3, ,332, ,
3, ,333, ,
0, ,333, ,
3, ,331, ,
1, ,334, ,
1, ,332, ,
4, ,333, ,
3, ,332, ,
0, ,332, ,
3, ,332, ,
1, ,333, ,
1, ,331, ,
3, ,333, ,
3, ,330, ,
1, ,332, ,
3, ,331, ,
1, ,333, ,
1, ,332, ,
3, ,332, ,
1, ,332, ,
0, ,332, ,
4, ,332, ,
1, ,334, ,
1, ,331, ,
3, ,333, ,
1, ,332, ,
0, ,333, ,
3, ,331, ,
1, ,333, ,
1, ,331, ,
3, ,333, ,
1, ,331, ,
0, ,332, ,
3, ,332, ,
1, ,333, ,
1, ,330, ,
3, ,332, ,
3, ,332, ,
0, ,332, ,
3, ,331, ,
1, ,333, ,
1, ,332, ,
3, ,333, ,
1, ,332, ,
0, ,332, ,
3, ,332, ,
1, ,335, ,
1, ,330, ,
3, ,332, ,
3, ,333, ,
0, ,333, ,
3, ,332, ,
1, ,333, ,
1, ,331, ,
3, ,332, ,
1, ,332, ,
0, ,332, ,
3, ,332, ,
1, ,333, ,
1, ,330, ,
3, ,333, ,
1, ,331, ,
0, ,333, ,
3, ,331, ,
1, ,333, ,
0, ,332, ,
3, ,333, ,
1, ,331, ,
0, ,333, ,
3, ,332, ,
1, ,333, ,
1, ,331, ,
3, ,332, ,
1, ,332, ,
0, ,333, ,
1, ,332, ,
0, ,333, ,
0, ,332, ,
3, ,333, ,
3, ,332, ,
1, ,332, ,
3, ,332, ,
1, ,334, ,
0, ,331, ,
3, ,333, ,
1, ,332, ,
0, ,332, ,
3, ,332, ,
0, ,334, ,
1, ,330, ,
3, ,332, ,
1, ,331, ,
0, ,333, ,
3, ,334, ,
1, ,335, ,
0, ,331, ,
3, ,332, ,
1, ,331, ,
0, ,332, ,
3, ,331, ,
1, ,333, ,
0, ,331, ,
3, ,332, ,
1, ,332, ,
0, ,333, ,
3, ,332, ,
1, ,334, ,
1, ,331, ,
3, ,332, ,
1, ,332, ,
0, ,333, ,
3, ,331, ,
1, ,334, ,
1, ,332, ,
3, ,335, ,
1, ,331, ,
0, ,332, ,
3, ,331, ,
1, ,334, ,
1, ,331, ,
3, ,333, ,
1, ,332, ,
0, ,333, ,
3, ,332, ,
1, ,333, ,
1, ,330, ,
3, ,333, ,
1, ,332, ,
0, ,331, ,
3, ,332, ,
1, ,333, ,
1, ,324, ,
3, ,332, ,
1, ,337, ,
0, ,337, ,
3, ,331, ,
1, ,331, ,
1, ,332, ,
3, ,333, ,
1, ,331, ,
0, ,332, ,
3, ,333, ,
1, ,333, ,
0, ,331, ,
3, ,333, ,
1, ,333, ,
0, ,332, ,
3, ,331, ,
1, ,332, ,
1, ,330, ,
3, ,331, ,
1, ,331, ,
0, ,334, ,
3, ,335, ,
1, ,337, ,
1, ,331, ,
3, ,332, ,
1, ,330, ,
0, ,331, ,
3, ,330, ,
1, ,333, ,
0, ,332, ,
3, ,333, ,
1, ,331, ,
0, ,331, ,
3, ,332, ,
1, ,332, ,
0, ,330, ,
3, ,333, ,
1, ,332, ,
0, ,332, ,
3, ,330, ,
1, ,332, ,
1, ,331, ,
3, ,333, ,
1, ,332, ,
0, ,332, ,
3, ,332, ,
1, ,334, ,
1, ,330, ,
3, ,334, ,
1, ,331, ,
0, ,332, ,
3, ,331, ,
1, ,333, ,
1, ,332, ,
3, ,333, ,
1, ,331, ,
0, ,332, ,
3, ,332, ,
1, ,333, ,
1, ,331, ,
3, ,333, ,
1, ,332, ,
0, ,332, ,
3, ,331, ,
1, ,333, ,
1, ,331, ,
3, ,332, ,
1, ,331, ,
0, ,331, ,
3, ,331, ,
1, ,333, ,
1, ,329, ,
3, ,332, ,
1, ,332, ,
0, ,333, ,
3, ,332, ,
1, ,333, ,
1, ,332, ,
3, ,332, ,
1, ,331, ,
0, ,332, ,
3, ,333, ,
1, ,333, ,
1, ,331, ,
3, ,332, ,
1, ,332, ,
0, ,332, ,
3, ,331, ,
1, ,333, ,
0, ,330, ,
3, ,333, ,
1, ,332, ,
0, ,332, ,
3, ,332, ,
1, ,335, ,
0, ,330, ,
3, ,333, ,
1, ,333, ,
0, ,333, ,
3, ,331, ,
1, ,332, ,
0, ,332, ,
3, ,333, ,
1, ,331, ,
0, ,332, ,
3, ,332, ,
1, ,333, ,
0, ,330, ,
3, ,332, ,
1, ,332, ,
0, ,332, ,
3, ,330, ,
1, ,332, ,
1, ,332, ,
3, ,332, ,
1, ,331, ,
0, ,331, ,
3, ,332, ,
1, ,332, ,
0, ,330, ,
3, ,333, ,
1, ,332, ,
0, ,332, ,
3, ,332, ,
1, ,334, ,
0, ,333, ,
3, ,333, ,
1, ,332, ,
0, ,332, ,
3, ,332, ,
1, ,333, ,
0, ,330, ,
3, ,333, ,
1, ,332, ,
0, ,333, ,
3, ,332, ,
1, ,333, ,
0, ,331, ,
3, ,332, ,
1, ,331, ,
0, ,333, ,
97, ,333, ,
60, ,333, ,
33, ,330, ,
24, ,333, ,
19, ,332, ,
11, ,333, ,
8, ,332, ,
5, ,333, ,
6, ,332, ,
6, ,335, ,
3, ,332, ,
1, ,332, ,
5, ,332, ,
3, ,333, ,
1, ,330, ,
4, ,333, ,
3, ,332, ,
3, ,332, ,
4, ,331, ,
3, ,333, ,
3, ,331, ,
4, ,333, ,
4, ,331, ,
1, ,333, ,
4, ,332, ,
3, ,334, ,
3, ,331, ,
4, ,333, ,
3, ,332, ,
1, ,333, ,
5, ,332, ,
3, ,332, ,
1, ,332, ,
4, ,332, ,
3, ,331, ,
1, ,332, ,
5, ,332, ,
1, ,334, ,
3, ,331, ,
4, ,333, ,
3, ,332, ,
3, ,333, ,
4, ,332, ,
1, ,333, ,
3, ,331, ,
4, ,333, ,
3, ,331, ,
1, ,332, ,
4, ,333, ,
3, ,335, ,
3, ,331, ,
4, ,332, ,
3, ,332, ,
3, ,333, ,
4, ,332, ,
3, ,334, ,
1, ,333, ,
4, ,333, ,
3, ,332, ,
1, ,332, ,
4, ,332, ,
1, ,335, ,
1, ,331, ,
4, ,332, ,
3, ,331, ,
1, ,332, ,
4, ,332, ,
1, ,333, ,
1, ,331, ,
4, ,333, ,
3, ,332, ,
1, ,333, ,
4, ,332, ,
3, ,333, ,
1, ,331, ,
3, ,333, ,
3, ,331, ,
1, ,333, ,
4, ,332, ,
3, ,333, ,
1, ,331, ,
4, ,333, ,
3, ,332, ,
1, ,332, ,
4, ,331, ,
1, ,333, ,
1, ,331, ,
3, ,332, ,
3, ,332, ,
1, ,333, ,
4, ,332, ,
1, ,333, ,
3, ,332, ,
4, ,332, ,
3, ,332, ,
1, ,331, ,
4, ,332, ,
3, ,334, ,
1, ,331, ,
3, ,333, ,
3, ,332, ,
1, ,333, ,
4, ,332, ,
3, ,333, ,
1, ,332, ,
4, ,333, ,
3, ,332, ,
1, ,332, ,
4, ,332, ,
1, ,333, ,
1, ,331, ,
3, ,332, ,
3, ,332, ,
1, ,332, ,
4, ,331, ,
1, ,332, ,
1, ,331, ,
4, ,333, ,
3, ,332, ,
1, ,332, ,
4, ,332, ,
3, ,333, ,
1, ,331, ,
3, ,333, ,
3, ,332, ,
1, ,332, ,
4, ,332, ,
1, ,333, ,
1, ,331, ,
3, ,333, ,
3, ,332, ,
1, ,333, ,
4, ,333, ,
1, ,334, ,
1, ,332, ,
3, ,332, ,
3, ,332, ,
1, ,332, ,
4, ,332, ,
1, ,333, ,
1, ,331, ,
4, ,333, ,
3, ,332, ,
1, ,332, ,
4, ,332, ,
1, ,333, ,
1, ,331, ,
4, ,332, ,
3, ,332, ,
1, ,333, ,
4, ,333, ,
3, ,333, ,
1, ,331, ,
3, ,333, ,
3, ,332, ,
1, ,332, ,
4, ,331, ,
1, ,333, ,
1, ,331, ,
3, ,332, ,
3, ,332, ,
1, ,333, ,
4, ,332, ,
1, ,332, ,
1, ,331, ,
4, ,332, ,
3, ,332, ,
1, ,332, ,
4, ,332, ,
3, ,334, ,
1, ,330, ,
3, ,333, ,
3, ,332, ,
1, ,332, ,
4, ,332, ,
1, ,333, ,
1, ,332, ,
4, ,332, ,
3, ,332, ,
0, ,332, ,
4, ,332, ,
1, ,334, ,
1, ,331, ,
3, ,332, ,
3, ,332, ,
1, ,332, ,
3, ,332, ,
1, ,332, ,
1, ,332, ,
4, ,333, ,
3, ,332, ,
1, ,332, ,
4, ,332, ,
1, ,333, ,
1, ,330, ,
3, ,333, ,
3, ,332, ,
1, ,333, ,
4, ,332, ,
1, ,333, ,
1, ,331, ,
3, ,333, ,
3, ,331, ,
0, ,332, ,
3, ,332, ,
1, ,334, ,
1, ,330, ,
3, ,332, ,
3, ,333, ,
1, ,332, ,
3, ,332, ,
1, ,333, ,
1, ,331, ,
4, ,333, ,
1, ,332, ,
0, ,332, ,
4, ,332, ,
1, ,334, ,
1, ,331, ,
3, ,333, ,
3, ,332, ,
1, ,333, ,
3, ,332, ,
1, ,333, ,
1, ,332, ,
3, ,333, ,
3, ,332, ,
0, ,332, ,
4, ,332, ,
1, ,333, ,
1, ,331, ,
3, ,333, ,
3, ,333, ,
1, ,333, ,
3, ,332, ,
1, ,333, ,
1, ,332, ,
3, ,333, ,
3, ,332, ,
0, ,332, ,
3, ,331, ,
3, ,333, ,
1, ,331, ,
3, ,333, ,
1, ,332, ,
0, ,333, ,
3, ,331, ,
1, ,333, ,
1, ,332, ,
4, ,333, ,
1, ,331, ,
0, ,331, ,
3, ,332, ,
1, ,333, ,
1, ,329, ,
3, ,332, ,
3, ,333, ,
1, ,332, ,
4, ,332, ,
1, ,333, ,
1, ,331, ,
3, ,333, ,
1, ,331, ,
0, ,331, ,
3, ,331, ,
1, ,334, ,
1, ,332, ,
3, ,333, ,
3, ,332, ,
0, ,333, ,
3, ,331, ,
1, ,333, ,
1, ,331, ,
3, ,332, ,
3, ,331, ,
0, ,332, ,
3, ,332, ,
1, ,335, ,
1, ,330, ,
3, ,332, ,
1, ,333, ,
0, ,333, ,
3, ,331, ,
1, ,333, ,
1, ,332, ,
4, ,333, ,
3, ,331, ,
0, ,332, ,
3, ,332, ,
1, ,334, ,
1, ,331, ,
3, ,332, ,
1, ,332, ,
0, ,333, ,
3, ,332, ,
1, ,333, ,
1, ,333, ,
4, ,333, ,
3, ,331, ,
0, ,331, ,
3, ,333, ,
1, ,333, ,
1, ,331, ,
3, ,332, ,
1, ,333, ,
0, ,333, ,
3, ,332, ,
1, ,333, ,
1, ,332, ,
3, ,332, ,
1, ,333, ,
0, ,333, ,
3, ,332, ,
1, ,335, ,
1, ,330, ,
3, ,333, ,
3, ,332, ,
0, ,333, ,
3, ,331, ,
1, ,333, ,
1, ,332, ,
4, ,333, ,
1, ,332, ,
0, ,332, ,
3, ,332, ,
1, ,335, ,
1, ,331, ,
3, ,332, ,
1, ,331, ,
0, ,333, ,
3, ,331, ,
1, ,333, ,
1, ,331, ,
3, ,334, ,
1, ,332, ,
0, ,332, ,
3, ,332, ,
1, ,333, ,
1, ,331, ,
3, ,332, ,
1, ,332, ,
0, ,332, ,
3, ,332, ,
1, ,333, ,
0, ,331, ,
3, ,332, ,
1, ,333, ,
0, ,332, ,
3, ,332, ,
1, ,333, ,
0, ,331, ,
3, ,333, ,
1, ,333, ,
0, ,332, ,
3, ,332, ,
1, ,333, ,
1, ,333, ,
3, ,333, ,
1, ,332, ,
0, ,332, ,
3, ,331, ,
1, ,333, ,
1, ,331, ,
3, ,333, ,
1, ,333, ,
0, ,333, ,
3, ,332, ,
1, ,333, ,
1, ,330, ,
3, ,328, ,
1, ,330, ,
0, ,337, ,
3, ,336, ,
1, ,333, ,
1, ,328, ,
3, ,332, ,
1, ,333, ,
0, ,333, ,
3, ,332, ,
1, ,334, ,
0, ,332, ,
3, ,332, ,
1, ,332, ,
0, ,333, ,
3, ,331, ,
1, ,333, ,
1, ,332, ,
3, ,333, ,
1, ,333, ,
0, ,332, ,
3, ,332, ,
1, ,333, ,
0, ,332, ,
3, ,333, ,
1, ,332, ,
0, ,331, ,
3, ,332, ,
1, ,334, ,
0, ,331, ,
3, ,333, ,
1, ,332, ,
0, ,333, ,
3, ,332, ,
1, ,333, ,
1, ,331, ,
3, ,333, ,
1, ,332, ,
0, ,332, ,
3, ,332, ,
1, ,333, ,
1, ,330, ,
3, ,333, ,
1, ,332, ,
0, ,333, ,
3, ,332, ,
1, ,333, ,
1, ,331, ,
3, ,333, ,
1, ,332, ,
0, ,332, ,
3, ,332, ,
1, ,333, ,
0, ,330, ,
3, ,333, ,
1, ,332, ,
0, ,333, ,
3, ,332, ,
1, ,333, ,
1, ,332, ,
3, ,333, ,
1, ,331, ,
0, ,332, ,
3, ,332, ,
1, ,333, ,
1, ,331, ,
3, ,334, ,
1, ,332, ,
0, ,333, ,
3, ,331, ,
1, ,333, ,
0, ,331, ,
3, ,333, ,
1, ,331, ,
0, ,332, ,
3, ,333, ,
1, ,334, ,
1, ,331, ,
3, ,332, ,
1, ,332, ,
0, ,333, ,
3, ,332, ,
1, ,333, ,
0, ,331, ,
3, ,333, ,
1, ,331, ,
0, ,332, ,
3, ,331, ,
1, ,333, ,
0, ,331, ,
3, ,333, ,
1, ,332, ,
0, ,333, ,
3, ,332, ,
1, ,333, ,
0, ,331, ,
3, ,333, ,
1, ,332, ,
0, ,332, ,
3, ,332, ,
1, ,333, ,
0, ,331, ,
3, ,333, ,
1, ,332, ,
0, ,332, ,
3, ,331, ,
1, ,333, ,
0, ,332, ,
3, ,333, ,
1, ,332, ,
0, ,333, ,
3, ,332, ,
1, ,333, ,
1, ,331, ,
3, ,333, ,
1, ,332, ,
0, ,332, ,
3, ,331, ,
1, ,332, ,
0, ,331, ,
3, ,333, ,
1, ,332, ,
0, ,332, ,
3, ,332, ,
1, ,333, ,
0, ,332, ,
3, ,332, ,
1, ,332, ,
0, ,332, ,
3, ,331, ,
1, ,332, ,
1, ,331, ,
3, ,333, ,
1, ,332, ,
0, ,332, ,
3, ,332, ,
1, ,333, ,
1, ,331, ,
3, ,333, ,
1, ,332, ,
0, ,333, ,
3, ,332, ,
1, ,333, ,
0, ,331, ,
3, ,332, ,
1, ,331, ,
0, ,332, ,
3, ,332, ,
1, ,334, ,
0, ,330, ,
3, ,332, ,
1, ,332, ,
0, ,333, ,
3, ,332, ,
1, ,332, ,
1, ,331, ,
3, ,333, ,
1, ,332, ,
0, ,333, ,
3, ,332, ,
1, ,334, ,
0, ,331, ,
3, ,333, ,
1, ,331, ,
0, ,333, ,
3, ,331, ,
1, ,333, ,
1, ,332, ,
3, ,332, ,
1, ,331, ,
0, ,331, ,
3, ,331, ,
1, ,334, ,
0, ,330, ,
3, ,331, ,
1, ,333, ,
0, ,332, ,
3, ,330, ,
1, ,333, ,
1, ,331, ,
3, ,332, ,
1, ,331, ,
0, ,332, ,
3, ,332, ,
1, ,334, ,
0, ,331, ,
3, ,333, ,
1, ,332, ,
0, ,333, ,
3, ,332, ,
1, ,333, ,
0, ,331, ,
3, ,332, ,
1, ,332, ,
0, ,332, ,
3, ,332, ,
1, ,333, ,
0, ,332, ,
3, ,332, ,
1, ,332, ,
0, ,332, ,
3, ,332, ,
0, ,333, ,
0, ,331, ,
3, ,332, ,
1, ,331, ,
0, ,332, ,
3, ,332, ,
1, ,333, ,
0, ,331, ,
3, ,334, ,
0, ,333, ,
0, ,332, ,
3, ,332, ,
1, ,333, ,
0, ,331, ,
3, ,333, ,
1, ,332, ,
0, ,332, ,
3, ,332, ,
1, ,335, ,
0, ,331, ,
3, ,332, ,
1, ,331, ,
0, ,332, ,
3, ,332, ,
1, ,332, ,
0, ,331, ,
3, ,333, ,
1, ,331, ,
0, ,332, ,
3, ,332, ,
1, ,333, ,
0, ,330, ,
3, ,333, ,
1, ,332, ,
0, ,333, ,
3, ,331, ,
1, ,334, ,
0, ,331, ,
1, ,332, ,
1, ,331, ,
0, ,333, ,
3, ,332, ,
1, ,333, ,
0, ,331, ,
3, ,332, ,
1, ,333, ,
0, ,332, ,
1, ,332, ,
1, ,333, ,
0, ,332, ,
3, ,333, ,
1, ,332, ,
0, ,332, ,
3, ,332, ,
0, ,333, ,
1, ,331, ,
3, ,333, ,
1, ,333, ,
0, ,332, ,
3, ,332, ,
1, ,332, ,
0, ,333, ,
3, ,332, ,
1, ,331, ,
0, ,332, ,
3, ,332, ,
1, ,334, ,
0, ,330, ,
3, ,332, ,
1, ,332, ,
0, ,333, ,
3, ,332, ,
1, ,332, ,
0, ,331, ,
3, ,333, ,
1, ,332, ,
0, ,332, ,
3, ,332, ,
1, ,334, ,
1, ,331, ,
3, ,333, ,
1, ,332, ,
0, ,333, ,
3, ,331, ,
0, ,333, ,
0, ,331, ,
3, ,332, ,
1, ,331, ,
-1, ,332, ,
3, ,332, ,
0, ,334, ,
0, ,331, ,
3, ,333, ,
1, ,332, ,
0, ,333, ,
3, ,331, ,
1, ,333, ,
0, ,331, ,
3, ,333, ,
0, ,331, ,
0, ,332, ,
3, ,332, ,
1, ,333, ,
0, ,330, ,
3, ,333, ,
1, ,333, ,
0, ,333, ,
3, ,332, ,
1, ,332, ,
0, ,331, ,
3, ,332, ,
1, ,332, ,
0, ,332, ,
1, ,333, ,
1, ,332, ,
0, ,331, ,
3, ,332, ,
1, ,332, ,
0, ,332, ,
3, ,331, ,
0, ,333, ,
0, ,331, ,
3, ,332, ,
1, ,333, ,
0, ,332, ,
3, ,333, ,
0, ,333, ,
0, ,329, ,
3, ,332, ,
1, ,332, ,
0, ,332, ,
3, ,332, ,
0, ,333, ,
99, ,331, ,
75, ,333, ,
51, ,331, ,
30, ,332, ,
19, ,332, ,
10, ,333, ,
8, ,329, ,
8, ,331, ,
5, ,333, ,
3, ,333, ,
4, ,333, ,
3, ,333, ,
3, ,332, ,
5, ,332, ,
3, ,330, ,
1, ,332, ,
4, ,331, ,
3, ,333, ,
3, ,331, ,
4, ,333, ,
3, ,333, ,
1, ,332, ,
5, ,332, ,
3, ,333, ,
3, ,331, ,
4, ,333, ,
3, ,331, ,
1, ,332, ,
4, ,332, ,
3, ,334, ,
3, ,332, ,
4, ,332, ,
3, ,332, ,
3, ,332, ,
4, ,331, ,
1, ,333, ,
1, ,331, ,
4, ,333, ,
3, ,332, ,
1, ,332, ,
4, ,332, ,
1, ,334, ,
3, ,330, ,
4, ,332, ,
3, ,332, ,
1, ,333, ,
4, ,332, ,
1, ,333, ,
3, ,332, ,
4, ,333, ,
3, ,331, ,
1, ,332, ,
4, ,332, ,
1, ,334, ,
3, ,331, ,
4, ,332, ,
3, ,332, ,
1, ,333, ,
4, ,331, ,
1, ,333, ,
1, ,331, ,
4, ,333, ,
3, ,331, ,
1, ,332, ,
4, ,332, ,
1, ,333, ,
3, ,331, ,
4, ,332, ,
3, ,332, ,
1, ,333, ,
4, ,332, ,
3, ,333, ,
1, ,331, ,
4, ,332, ,
3, ,332, ,
1, ,332, ,
4, ,332, ,
1, ,333, ,
1, ,331, ,
4, ,333, ,
3, ,332, ,
1, ,333, ,
4, ,332, ,
3, ,333, ,
1, ,331, ,
4, ,332, ,
3, ,332, ,
1, ,332, ,
4, ,333, ,
3, ,333, ,
1, ,331, ,
3, ,333, ,
3, ,333, ,
1, ,333, ,
5, ,331, ,
3, ,333, ,
1, ,331, ,
4, ,333, ,
3, ,332, ,
1, ,332, ,
4, ,332, ,
1, ,333, ,
1, ,329, ,
3, ,333, ,
3, ,332, ,
1, ,332, ,
4, ,331, ,
1, ,333, ,
1, ,332, ,
3, ,332, ,
3, ,332, ,
1, ,333, ,
4, ,332, ,
3, ,333, ,
3, ,330, ,
4, ,332, ,
3, ,332, ,
1, ,332, ,
4, ,331, ,
1, ,332, ,
1, ,332, ,
4, ,333, ,
3, ,332, ,
1, ,332, ,
4, ,333, ,
1, ,334, ,
1, ,331, ,
3, ,333, ,
3, ,333, ,
1, ,332, ,
4, ,332, ,
1, ,333, ,
1, ,332, ,
3, ,333, ,
3, ,332, ,
1, ,332, ,
4, ,331, ,
3, ,333, ,
1, ,331, ,
4, ,333, ,
3, ,332, ,
1, ,332, ,
4, ,331, ,
1, ,333, ,
1, ,332, ,
4, ,333, ,
3, ,332, ,
1, ,332, ,
4, ,331, ,
1, ,333, ,
3, ,331, ,
3, ,331, ,
3, ,332, ,
1, ,333, ,
4, ,331, ,
1, ,333, ,
1, ,331, ,
3, ,332, ,
3, ,332, ,
1, ,331, ,
4, ,333, ,
1, ,334, ,
3, ,331, ,
3, ,333, ,
3, ,332, ,
1, ,333, ,
4, ,332, ,
1, ,333, ,
1, ,332, ,
3, ,333, ,
3, ,332, ,
0, ,332, ,
4, ,332, ,
1, ,333, ,
1, ,331, ,
3, ,332, ,
3, ,332, ,
1, ,332, ,
3, ,332, ,
1, ,334, ,
1, ,332, ,
3, ,333, ,
3, ,332, ,
34, ,331, ,
43, ,330, ,
30, ,330, ,
19, ,329, ,
13, ,332, ,
9, ,334, ,
5, ,335, ,
8, ,334, ,
4, ,333, ,
3, ,331, ,
5, ,331, ,
3, ,330, ,
1, ,332, ,
4, ,331, ,
3, ,333, ,
3, ,331, ,
4, ,333, ,
3, ,332, ,
1, ,332, ,
4, ,331, ,
3, ,332, ,
3, ,332, ,
4, ,333, ,
3, ,331, ,
1, ,331, ,
5, ,332, ,
3, ,334, ,
3, ,331, ,
4, ,333, ,
3, ,332, ,
1, ,332, ,
4, ,331, ,
3, ,333, ,
1, ,331, ,
4, ,333, ,
3, ,332, ,
1, ,332, ,
4, ,331, ,
1, ,332, ,
3, ,330, ,
4, ,331, ,
3, ,332, ,
3, ,332, ,
4, ,331, ,
1, ,333, ,
1, ,331, ,
4, ,333, ,
3, ,332, ,
1, ,332, ,
4, ,333, ,
3, ,333, ,
3, ,330, ,
4, ,332, ,
3, ,332, ,
1, ,333, ,
5, ,332, ,
3, ,332, ,
1, ,330, ,
4, ,333, ,
4, ,331, ,
1, ,331, ,
4, ,331, ,
1, ,333, ,
1, ,331, ,
4, ,332, ,
3, ,331, ,
1, ,332, ,
4, ,332, ,
1, ,332, ,
1, ,333, ,
4, ,333, ,
3, ,331, ,
1, ,332, ,
4, ,331, ,
3, ,333, ,
3, ,330, ,
3, ,332, ,
3, ,332, ,
1, ,332, ,
5, ,331, ,
3, ,333, ,
1, ,332, ,
4, ,332, ,
3, ,332, ,
1, ,332, ,
4, ,331, ,
1, ,334, ,
1, ,331, ,
3, ,332, ,
3, ,332, ,
1, ,332, ,
4, ,331, ,
1, ,332, ,
1, ,331, ,
4, ,332, ,
3, ,331, ,
1, ,332, ,
4, ,332, ,
3, ,333, ,
3, ,331, ,
3, ,331, ,
3, ,332, ,
1, ,333, ,
4, ,331, ,
3, ,333, ,
1, ,331, ,
4, ,333, ,
3, ,332, ,
1, ,331, ,
4, ,332, ,
1, ,334, ,
1, ,331, ,
3, ,332, ,
3, ,332, ,
1, ,333, ,
4, ,332, ,
3, ,333, ,
1, ,331, ,
3, ,334, ,
3, ,332, ,
1, ,334, ,
4, ,332, ,
1, ,333, ,
1, ,331, ,
3, ,332, ,
3, ,333, ,
1, ,333, ,
4, ,333, ,
3, ,333, ,
1, ,331, ,
4, ,334, ,
3, ,332, ,
1, ,333, ,
4, ,332, ,
1, ,333, ,
1, ,330, ,
3, ,333, ,
3, ,333, ,
1, ,333, ,
4, ,331, ,
1, ,334, ,
1, ,331, ,
3, ,333, ,
3, ,332, ,
1, ,332, ,
4, ,332, ,
1, ,333, ,
1, ,332, ,
3, ,334, ,
3, ,333, ,
1, ,333, ,
4, ,333, ,
1, ,333, ,
1, ,333, ,
3, ,333, ,
3, ,332, ,
1, ,332, ,
4, ,332, ,
1, ,333, ,
1, ,331, ,
3, ,332, ,
3, ,332, ,
1, ,333, ,
4, ,332, ,
1, ,334, ,
1, ,331, ,
4, ,333, ,
3, ,331, ,
1, ,332, ,
4, ,332, ,
3, ,334, ,
1, ,331, ,
3, ,332, ,
3, ,332, ,
1, ,333, ,
4, ,331, ,
1, ,333, ,
1, ,332, ,
3, ,332, ,
3, ,331, ,
1, ,332, ,
3, ,332, ,
1, ,334, ,
1, ,331, ,
3, ,333, ,
3, ,332, ,
1, ,332, ,
3, ,332, ,
1, ,334, ,
1, ,331, ,
3, ,333, ,
3, ,332, ,
0, ,332, ,
4, ,332, ,
3, ,333, ,
1, ,331, ,
3, ,332, ,
3, ,333, ,
1, ,333, ,
3, ,332, ,
1, ,333, ,
1, ,331, ,
3, ,333, ,
3, ,331, ,
0, ,332, ,
4, ,332, ,
1, ,333, ,
1, ,331, ,
3, ,333, ,
1, ,332, ,
1, ,333, ,
3, ,332, ,
1, ,333, ,
1, ,332, ,
3, ,333, ,
1, ,331, ,
0, ,332, ,
4, ,331, ,
1, ,333, ,
1, ,331, ,
3, ,333, ,
3, ,332, ,
1, ,333, ,
3, ,332, ,
1, ,333, ,
1, ,331, ,
3, ,333, ,
1, ,332, ,
0, ,332, ,
4, ,332, ,
1, ,334, ,
1, ,332, ,
3, ,332, ,
1, ,332, ,
1, ,333, ,
3, ,331, ,
1, ,334, ,
1, ,331, ,
4, ,333, ,
3, ,332, ,
0, ,332, ,
3, ,332, ,
1, ,334, ,
1, ,331, ,
3, ,333, ,
3, ,332, ,
1, ,333, ,
3, ,332, ,
1, ,333, ,
1, ,332, ,
4, ,333, ,
3, ,332, ,
0, ,332, ,
3, ,332, ,
1, ,334, ,
1, ,333, ,
3, ,333, ,
3, ,331, ,
0, ,332, ,
3, ,332, ,
1, ,333, ,
1, ,331, ,
4, ,333, ,
1, ,332, ,
0, ,332, ,
3, ,332, ,
1, ,333, ,
1, ,332, ,
3, ,332, ,
3, ,331, ,
1, ,332, ,
3, ,332, ,
1, ,334, ,
1, ,332, ,
4, ,334, ,
1, ,332, ,
0, ,332, ,
4, ,332, ,
1, ,334, ,
1, ,330, ,
3, ,332, ,
1, ,333, ,
1, ,333, ,
3, ,332, ,
1, ,333, ,
1, ,332, ,
3, ,333, ,
1, ,331, ,
0, ,332, ,
4, ,332, ,
1, ,333, ,
1, ,331, ,
3, ,333, ,
3, ,332, ,
0, ,333, ,
3, ,332, ,
1, ,333, ,
1, ,332, ,
3, ,332, ,
1, ,332, ,
0, ,333, ,
3, ,332, ,
1, ,333, ,
1, ,331, ,
3, ,332, ,
1, ,333, ,
0, ,332, ,
3, ,332, ,
1, ,333, ,
1, ,332, ,
3, ,333, ,
1, ,331, ,
0, ,331, ,
3, ,332, ,
1, ,333, ,
1, ,331, ,
3, ,333, ,
1, ,332, ,
0, ,333, ,
3, ,333, ,
0, ,333, ,
1, ,331, ,
3, ,333, ,
1, ,332, ,
0, ,332, ,
3, ,332, ,
1, ,333, ,
1, ,330, ,
3, ,332, ,
1, ,332, ,
0, ,333, ,
3, ,332, ,
1, ,333, ,
1, ,331, ,
3, ,333, ,
1, ,332, ,
0, ,333, ,
3, ,332, ,
1, ,334, ,
1, ,331, ,
3, ,333, ,
1, ,332, ,
0, ,333, ,
3, ,333, ,
1, ,333, ,
1, ,332, ,
3, ,333, ,
1, ,332, ,
0, ,332, ,
3, ,332, ,
1, ,334, ,
1, ,331, ,
3, ,333, ,
1, ,332, ,
0, ,333, ,
3, ,332, ,
1, ,333, ,
1, ,331, ,
3, ,333, ,
1, ,332, ,
0, ,332, ,
3, ,333, ,
1, ,333, ,
1, ,331, ,
3, ,333, ,
1, ,332, ,
0, ,333, ,
3, ,332, ,
1, ,334, ,
1, ,332, ,
3, ,333, ,
1, ,331, ,
0, ,332, ,
3, ,332, ,
1, ,333, ,
1, ,331, ,
3, ,332, ,
1, ,332, ,
0, ,332, ,
3, ,332, ,
1, ,333, ,
1, ,332, ,
3, ,332, ,
1, ,332, ,
0, ,332, ,
3, ,332, ,
1, ,335, ,
1, ,331, ,
3, ,332, ,
1, ,331, ,
0, ,333, ,
3, ,332, ,
1, ,334, ,
1, ,332, ,
3, ,333, ,
1, ,332, ,
0, ,332, ,
3, ,333, ,
1, ,334, ,
1, ,330, ,
3, ,333, ,
1, ,332, ,
0, ,332, ,
3, ,331, ,
1, ,333, ,
1, ,333, ,
3, ,333, ,
1, ,331, ,
0, ,332, ,
3, ,332, ,
1, ,335, ,
1, ,331, ,
3, ,332, ,
1, ,332, ,
0, ,333, ,
3, ,332, ,
1, ,333, ,
0, ,332, ,
3, ,333, ,
1, ,332, ,
0, ,332, ,
3, ,332, ,
1, ,333, ,
1, ,331, ,
3, ,333, ,
1, ,332, ,
0, ,332, ,
3, ,331, ,
1, ,333, ,
1, ,332, ,
3, ,333, ,
1, ,332, ,
0, ,332, ,
3, ,333, ,
1, ,334, ,
1, ,331, ,
3, ,333, ,
1, ,332, ,
0, ,333, ,
3, ,332, ,
1, ,333, ,
0, ,332, ,
3, ,333, ,
1, ,332, ,
0, ,332, ,
3, ,332, ,
1, ,333, ,
0, ,331, ,
3, ,332, ,
1, ,333, ,
0, ,332, ,
3, ,331, ,
1, ,333, ,
0, ,332, ,
3, ,334, ,
1, ,331, ,
0, ,332, ,
3, ,332, ,
1, ,334, ,
0, ,331, ,
3, ,333, ,
1, ,333, ,
0, ,333, ,
3, ,331, ,
1, ,334, ,
0, ,332, ,
3, ,332, ,
1, ,332, ,
0, ,332, ,
3, ,332, ,
1, ,334, ,
1, ,330, ,
3, ,333, ,
1, ,332, ,
0, ,333, ,
3, ,331, ,
1, ,333, ,
0, ,331, ,
3, ,333, ,
1, ,332, ,
0, ,332, ,
3, ,333, ,
1, ,335, ,
0, ,331, ,
3, ,332, ,
1, ,333, ,
0, ,333, ,
3, ,332, ,
1, ,333, ,
1, ,331, ,
3, ,333, ,
1, ,332, ,
0, ,332, ,
3, ,331, ,
1, ,334, ,
1, ,330, ,
3, ,332, ,
1, ,332, ,
0, ,332, ,
3, ,331, ,
1, ,332, ,
0, ,332, ,
3, ,333, ,
1, ,332, ,
0, ,331, ,
3, ,332, ,
1, ,333, ,
1, ,331, ,
3, ,333, ,
1, ,333, ,
0, ,333, ,
3, ,332, ,
1, ,332, ,
0, ,331, ,
3, ,332, ,
1, ,332, ,
0, ,332, ,
3, ,332, ,
1, ,333, ,
1, ,331, ,
3, ,333, ,
1, ,332, ,
0, ,332, ,
3, ,332, ,
1, ,333, ,
0, ,331, ,
3, ,333, ,
1, ,332, ,
0, ,332, ,
3, ,332, ,
1, ,333, ,
0, ,331, ,
3, ,332, ,
1, ,333, ,
0, ,333, ,
3, ,332, ,
1, ,333, ,
1, ,332, ,
3, ,333, ,
1, ,331, ,
0, ,332, ,
3, ,333, ,
1, ,334, ,
1, ,332, ,
3, ,333, ,
1, ,333, ,
0, ,333, ,
3, ,331, ,
1, ,333, ,
0, ,331, ,
3, ,332, ,
1, ,330, ,
0, ,331, ,
3, ,331, ,
1, ,324, ,
0, ,330, ,
3, ,340, ,
1, ,337, ,
0, ,331, ,
1, ,330, ,
1, ,335, ,
0, ,334, ,
3, ,333, ,
1, ,333, ,
0, ,332, ,
3, ,332, ,
1, ,333, ,
0, ,330, ,
3, ,332, ,
1, ,333, ,
0, ,332, ,
3, ,332, ,
0, ,334, ,
0, ,331, ,
3, ,333, ,
1, ,331, ,
0, ,332, ,
3, ,332, ,
0, ,335, ,
0, ,331, ,
3, ,333, ,
0, ,332, ,
0, ,333, ,
1, ,331, ,
1, ,333, ,
0, ,331, ,
3, ,332, ,
1, ,331, ,
0, ,332, ,
3, ,331, ,
0, ,333, ,
0, ,330, ,
3, ,333, ,
1, ,332, ,
0, ,333, ,
3, ,332, ,
0, ,333, ,
0, ,331, ,
3, ,334, ,
1, ,333, ,
0, ,332, ,
1, ,333, ,
1, ,334, ,
0, ,332, ,
3, ,333, ,
1, ,332, ,
0, ,332, ,
3, ,331, ,
1, ,332, ,
1, ,330, ,
3, ,333, ,
1, ,331, ,
0, ,332, ,
3, ,331, ,
1, ,333, ,
1, ,331, ,
3, ,334, ,
1, ,332, ,
0, ,333, ,
3, ,332, ,
1, ,333, ,
0, ,331, ,
3, ,333, ,
1, ,331, ,
0, ,333, ,
3, ,332, ,
1, ,333, ,
0, ,332, ,
3, ,332, ,
1, ,332, ,
0, ,332, ,
3, ,331, ,
1, ,334, ,
0, ,332, ,
3, ,333, ,
1, ,331, ,
0, ,332, ,
1, ,332, ,
1, ,335, ,
0, ,330, ,
3, ,333, ,
1, ,332, ,
0, ,332, ,
3, ,331, ,
1, ,332, ,
0, ,330, ,
3, ,333, ,
1, ,331, ,
0, ,332, ,
3, ,332, ,
1, ,334, ,
0, ,331, ,
3, ,333, ,
1, ,332, ,
0, ,332, ,
3, ,332, ,
1, ,333, ,
0, ,331, ,
3, ,334, ,
1, ,331, ,
0, ,332, ,
3, ,332, ,
1, ,333, ,
0, ,330, ,
3, ,332, ,
1, ,332, ,
0, ,331, ,
3, ,332, ,
0, ,333, ,
0, ,331, ,
3, ,335, ,
1, ,332, ,
0, ,333, ,
3, ,332, ,
0, ,334, ,
0, ,329, ,
1, ,333, ,
1, ,331, ,
0, ,332, ,
3, ,331, ,
1, ,332, ,
0, ,331, ,
3, ,332, ,
1, ,331, ,
0, ,332, ,
3, ,332, ,
0, ,333, ,
0, ,331, ,
3, ,332, ,
1, ,332, ,
0, ,334, ,
3, ,332, ,
0, ,333, ,
0, ,331, ,
3, ,333, ,
1, ,331, ,
0, ,331, ,
3, ,332, ,
1, ,334, ,
0, ,329, ,
3, ,332, ,
46, ,332, ,
86, ,332, ,
57, ,332, ,
32, ,332, ,
18, ,333, ,
14, ,332, ,
10, ,331, ,
8, ,332, ,
8, ,332, ,
4, ,333, ,
3, ,330, ,
5, ,332, ,
4, ,332, ,
1, ,332, ,
4, ,331, ,
3, ,332, ,
3, ,331, ,
4, ,332, ,
3, ,332, ,
1, ,332, ,
5, ,333, ,
1, ,334, ,
3, ,331, ,
4, ,333, ,
3, ,332, ,
1, ,332, ,
5, ,331, ,
3, ,333, ,
3, ,329, ,
4, ,333, ,
3, ,333, ,
1, ,334, ,
4, ,331, ,
3, ,332, ,
3, ,330, ,
4, ,333, ,
3, ,332, ,
1, ,332, ,
4, ,332, ,
1, ,333, ,
1, ,331, ,
4, ,332, ,
4, ,332, ,
1, ,332, ,
4, ,332, ,
3, ,335, ,
3, ,331, ,
4, ,332, ,
3, ,333, ,
1, ,333, ,
4, ,332, ,
1, ,333, ,
1, ,332, ,
4, ,333, ,
3, ,332, ,
1, ,332, ,
4, ,332, ,
3, ,335, ,
1, ,331, ,
4, ,333, ,
3, ,332, ,
1, ,333, ,
4, ,331, ,
1, ,333, ,
1, ,331, ,
4, ,334, ,
3, ,331, ,
1, ,332, ,
4, ,333, ,
1, ,333, ,
3, ,331, ,
3, ,333, ,
3, ,332, ,
1, ,332, ,
4, ,331, ,
3, ,333, ,
1, ,332, ,
4, ,334, ,
3, ,332, ,
1, ,332, ,
4, ,333, ,
1, ,334, ,
1, ,330, ,
4, ,333, ,
3, ,333, ,
1, ,333, ,
4, ,332, ,
3, ,334, ,
3, ,331, ,
4, ,333, ,
3, ,332, ,
1, ,332, ,
4, ,332, ,
3, ,333, ,
1, ,331, ,
4, ,334, ,
3, ,332, ,
1, ,332, ,
4, ,332, ,
3, ,333, ,
1, ,331, ,
4, ,333, ,
3, ,332, ,
1, ,332, ,
4, ,332, ,
1, ,333, ,
1, ,331, ,
3, ,333, ,
3, ,332, ,
1, ,332, ,
4, ,331, ,
1, ,332, ,
3, ,331, ,
4, ,333, ,
3, ,332, ,
1, ,333, ,
4, ,332, ,
1, ,333, ,
1, ,330, ,
3, ,333, ,
3, ,331, ,
1, ,333, ,
4, ,332, ,
1, ,332, ,
1, ,331, ,
3, ,333, ,
3, ,332, ,
1, ,331, ,
4, ,331, ,
3, ,334, ,
1, ,330, ,
3, ,333, ,
3, ,333, ,
1, ,332, ,
4, ,332, ,
1, ,333, ,
1, ,331, ,
3, ,333, ,
3, ,332, ,
1, ,332, ,
4, ,332, ,
1, ,333, ,
1, ,330, ,
3, ,332, ,
3, ,333, ,
1, ,332, ,
4, ,331, ,
3, ,333, ,
3, ,331, ,
4, ,333, ,
3, ,332, ,
1, ,332, ,
4, ,332, ,
1, ,332, ,
1, ,330, ,
3, ,332, ,
3, ,332, ,
1, ,332, ,
4, ,331, ,
1, ,333, ,
1, ,331, ,
3, ,332, ,
3, ,331, ,
1, ,331, ,
3, ,332, ,
1, ,333, ,
1, ,331, ,
3, ,332, ,
3, ,332, ,
1, ,332, ,
4, ,332, ,
1, ,334, ,
1, ,332, ,
3, ,333, ,
3, ,332, ,
0, ,332, ,
4, ,332, ,
1, ,333, ,
1, ,330, ,
3, ,333, ,
1, ,332, ,
1, ,332, ,
3, ,332, ,
1, ,333, ,
1, ,331, ,
3, ,333, ,
3, ,332, ,
1, ,332, ,
3, ,332, ,
1, ,333, ,
1, ,331, ,
3, ,333, ,
3, ,332, ,
1, ,333, ,
3, ,332, ,
1, ,333, ,
1, ,331, ,
3, ,332, ,
3, ,332, ,
0, ,332, ,
3, ,332, ,
1, ,333, ,
1, ,331, ,
3, ,332, ,
3, ,333, ,
1, ,332, ,
3, ,331, ,
1, ,334, ,
1, ,332, ,
3, ,332, ,
3, ,331, ,
0, ,333, ,
4, ,332, ,
1, ,335, ,
1, ,330, ,
3, ,332, ,
3, ,332, ,
1, ,333, ,
4, ,332, ,
1, ,333, ,
1, ,331, ,
4, ,332, ,
3, ,331, ,
0, ,332, ,
4, ,332, ,
1, ,333, ,
1, ,330, ,
3, ,332, ,
3, ,332, ,
0, ,332, ,
3, ,332, ,
1, ,333, ,
1, ,331, ,
4, ,333, ,
3, ,331, ,
0, ,333, ,
3, ,333, ,
1, ,333, ,
1, ,330, ,
3, ,332, ,
1, ,332, ,
0, ,333, ,
3, ,331, ,
1, ,332, ,
1, ,331, ,
4, ,332, ,
3, ,333, ,
0, ,332, ,
3, ,332, ,
1, ,333, ,
1, ,331, ,
3, ,332, ,
3, ,331, ,
1, ,332, ,
3, ,332, ,
1, ,333, ,
1, ,332, ,
3, ,332, ,
3, ,330, ,
0, ,330, ,
3, ,333, ,
1, ,337, ,
1, ,331, ,
3, ,332, ,
1, ,332, ,
1, ,332, ,
4, ,332, ,
1, ,333, ,
1, ,332, ,
3, ,333, ,
3, ,332, ,
0, ,332, ,
4, ,332, ,
1, ,334, ,
1, ,331, ,
3, ,332, ,
1, ,331, ,
0, ,333, ,
3, ,332, ,
1, ,334, ,
1, ,331, ,
3, ,333, ,
1, ,332, ,
0, ,332, ,
3, ,331, ,
1, ,334, ,
1, ,331, ,
3, ,333, ,
3, ,333, ,
0, ,332, ,
3, ,332, ,
1, ,333, ,
1, ,332, ,
3, ,333, ,
1, ,332, ,
0, ,332, ,
3, ,331, ,
1, ,333, ,
1, ,330, ,
3, ,333, ,
1, ,333, ,
0, ,332, ,
3, ,332, ,
1, ,333, ,
1, ,332, ,
3, ,333, ,
3, ,331, ,
0, ,332, ,
3, ,332, ,
1, ,335, ,
1, ,330, ,
3, ,332, ,
1, ,333, ,
0, ,332, ,
3, ,331, ,
1, ,331, ,
1, ,329, ,
3, ,332, ,
1, ,331, ,
0, ,334, ,
3, ,335, ,
1, ,336, ,
1, ,332, ,
3, ,332, ,
1, ,330, ,
0, ,331, ,
3, ,331, ,
1, ,333, ,
1, ,332, ,
4, ,333, ,
1, ,332, ,
0, ,332, ,
3, ,331, ,
1, ,333, ,
1, ,331, ,
3, ,333, ,
3, ,332, ,
0, ,332, ,
3, ,331, ,
1, ,332, ,
0, ,331, ,
3, ,332, ,
1, ,331, ,
0, ,332, ,
3, ,331, ,
1, ,332, ,
1, ,330, ,
3, ,332, ,
3, ,333, ,
0, ,333, ,
3, ,331, ,
1, ,333, ,
0, ,331, ,
3, ,333, ,
1, ,330, ,
0, ,332, ,
3, ,330, ,
1, ,333, ,
1, ,330, ,
3, ,333, ,
1, ,332, ,
0, ,332, ,
3, ,331, ,
1, ,332, ,
1, ,331, ,
4, ,332, ,
1, ,331, ,
0, ,332, ,
3, ,332, ,
1, ,333, ,
1, ,329, ,
3, ,333, ,
1, ,331, ,
0, ,332, ,
3, ,331, ,
1, ,333, ,
1, ,331, ,
3, ,333, ,
1, ,331, ,
0, ,331, ,
3, ,332, ,
1, ,334, ,
1, ,331, ,
3, ,333, ,
1, ,332, ,
0, ,331, ,
3, ,331, ,
1, ,332, ,
1, ,331, ,
3, ,333, ,
1, ,332, ,
0, ,332, ,
3, ,332, ,
1, ,332, ,
0, ,331, ,
3, ,332, ,
1, ,332, ,
0, ,332, ,
3, ,331, ,
1, ,333, ,
1, ,331, ,
3, ,332, ,
1, ,331, ,
0, ,331, ,
3, ,331, ,
1, ,333, ,
1, ,330, ,
3, ,333, ,
1, ,332, ,
0, ,332, ,
3, ,332, ,
1, ,333, ,
1, ,331, ,
3, ,332, ,
1, ,331, ,
0, ,332, ,
3, ,331, ,
1, ,332, ,
0, ,330, ,
1, ,332, ,
1, ,332, ,
0, ,332, ,
3, ,332, ,
1, ,333, ,
1, ,332, ,
3, ,333, ,
1, ,332, ,
0, ,332, ,
3, ,332, ,
1, ,333, ,
1, ,330, ,
3, ,332, ,
1, ,333, ,
0, ,333, ,
3, ,333, ,
1, ,333, ,
0, ,331, ,
3, ,333, ,
1, ,332, ,
0, ,332, ,
3, ,332, ,
1, ,334, ,
1, ,331, ,
3, ,332, ,
1, ,332, ,
0, ,333, ,
3, ,332, ,
1, ,334, ,
1, ,333, ,
3, ,332, ,
1, ,331, ,
0, ,332, ,
3, ,332, ,
1, ,334, ,
1, ,330, ,
3, ,333, ,
1, ,332, ,
0, ,332, ,
3, ,331, ,
1, ,334, ,
0, ,332, ,
3, ,332, ,
1, ,331, ,
0, ,332, ,
3, ,333, ,
1, ,335, ,
1, ,332, ,
3, ,333, ,
1, ,332, ,
0, ,332, ,
3, ,331, ,
1, ,332, ,
0, ,330, ,
3, ,333, ,
1, ,332, ,
0, ,332, ,
3, ,332, ,
1, ,334, ,
1, ,331, ,
3, ,332, ,
1, ,332, ,
0, ,332, ,
3, ,332, ,
1, ,334, ,
0, ,332, ,
3, ,333, ,
1, ,331, ,
0, ,332, ,
3, ,332, ,
1, ,333, ,
1, ,331, ,
3, ,332, ,
1, ,332, ,
0, ,333, ,
3, ,333, ,
1, ,333, ,
1, ,331, ,
3, ,333, ,
1, ,332, ,
0, ,333, ,
3, ,332, ,
1, ,333, ,
0, ,330, ,
3, ,333, ,
1, ,332, ,
0, ,332, ,
3, ,332, ,
1, ,332, ,
1, ,332, ,
3, ,332, ,
1, ,331, ,
-1, ,332, ,
3, ,332, ,
1, ,333, ,
0, ,330, ,
3, ,333, ,
1, ,333, ,
0, ,333, ,
3, ,332, ,
1, ,332, ,
0, ,330, ,
3, ,333, ,
1, ,332, ,
0, ,332, ,
3, ,331, ,
1, ,332, ,
0, ,331, ,
3, ,333, ,
1, ,331, ,
0, ,332, ,
3, ,332, ,
1, ,333, ,
0, ,331, ,
3, ,333, ,
1, ,332, ,
0, ,332, ,
3, ,331, ,
1, ,334, ,
0, ,331, ,
3, ,332, ,
0, ,332, ,
0, ,333, ,
3, ,332, ,
1, ,333, ,
0, ,331, ,
3, ,332, ,
1, ,332, ,
0, ,332, ,
3, ,332, ,
1, ,333, ,
0, ,331, ,
3, ,333, ,
1, ,332, ,
0, ,333, ,
3, ,332, ,
1, ,333, ,
0, ,331, ,
3, ,333, ,
1, ,331, ,
0, ,332, ,
3, ,332, ,
1, ,333, ,
0, ,331, ,
3, ,332, ,
1, ,332, ,
0, ,333, ,
3, ,332, ,
1, ,333, ,
0, ,332, ,
3, ,333, ,
1, ,332, ,
0, ,332, ,
3, ,332, ,
1, ,333, ,
0, ,331, ,
3, ,333, ,
1, ,333, ,
0, ,332, ,
3, ,331, ,
1, ,333, ,
0, ,332, ,
3, ,333, ,
1, ,332, ,
0, ,332, ,
3, ,332, ,
1, ,333, ,
0, ,330, ,
3, ,333, ,
1, ,331, ,
0, ,333, ,
3, ,332, ,
1, ,333, ,
0, ,331, ,
3, ,334, ,
1, ,332, ,
0, ,332, ,
3, ,332, ,
1, ,333, ,
1, ,331, ,
3, ,333, ,
1, ,332, ,
0, ,333, ,
3, ,331, ,
1, ,333, ,
0, ,331, ,
3, ,333, ,
1, ,331, ,
-1, ,332, ,
3, ,332, ,
1, ,333, ,
0, ,332, ,
3, ,332, ,
1, ,332, ,
0, ,332, ,
3, ,331, ,
0, ,333, ,
1, ,331, ,
3, ,332, ,
1, ,331, ,
-1, ,332, ,
3, ,332, ,
1, ,334, ,
0, ,331, ,
3, ,333, ,
0, ,332, ,
0, ,332, ,
3, ,332, ,
1, ,333, ,
0, ,332, ,
3, ,332, ,
1, ,331, ,
0, ,333, ,
3, ,332, ,
1, ,333, ,
0, ,331, ,
3, ,332, ,
1, ,332, ,
0, ,332, ,
3, ,332, ,
0, ,333, ,
0, ,332, ,
3, ,333, ,
1, ,332, ,
0, ,332, ,
3, ,332, ,
0, ,333, ,
0, ,331, ,
1, ,333, ,
1, ,332, ,
0, ,333, ,
3, ,331, ,
0, ,333, ,
0, ,332, ,
1, ,333, ,
1, ,332, ,
-1, ,332, ,
1, ,332, ,
1, ,332, ,
0, ,331, ,
1, ,333, ,
1, ,332, ,
0, ,333, ,
3, ,331, ,
1, ,333, ,
1, ,332, ,
3, ,332, ,
1, ,331, ,
0, ,332, ,
3, ,332, ,
1, ,333, ,
1, ,330, ,
3, ,333, ,
1, ,332, ,
0, ,332, ,
3, ,332, ,
0, ,333, ,
0, ,331, ,
1, ,333, ,
1, ,331, ,
0, ,332, ,
3, ,332, ,
1, ,333, ,
0, ,333, ,
3, ,333, ,
1, ,332, ,
0, ,332, ,
3, ,332, ,
0, ,334, ,
0, ,331, ,
3, ,332, ,
1, ,331, ,
-1, ,332, ,
3, ,332, ,
0, ,334, ,
