Format,1.0B,
Memory Length,10000,Memory Length,10000,
IntpDistance,0,IntpDistance,0,
Trigger Address,5159,Trigger Address,5159,
Trigger Level,3.000E-01,Trigger Level,3.000E-01,
Source,CH1,Source,CH2,
Vertical Units,V,Vertical Units,V,
Vertical Units Div,0,Vertical Units Div,0,
Vertical Units Extend Div,16,Vertical Units Extend Div,16,
Label,,Label,,
Probe Type,0,Probe Type,0,
Probe Ratio,1.000e+01,Probe Ratio,1.000e+00,
Vertical Scale,5.000e-01,Vertical Scale,2.000e-01,
Vertical Position,-1.780e+00,Vertical Position,-2.240e+00,
Horizontal Units,S,Horizontal Units,S,
Horizontal Scale,2.000E-05,Horizontal Scale,2.000E-05,
Horizontal Position,-3.200E-06,Horizontal Position,-3.200E-06,
Horizontal Mode,Main,Horizontal Mode,Main,
SincET Mode,Real Time,SincET Mode,Real Time,
Sampling Period,2.000e-08,Sampling Period,2.000e-08,
Horizontal Old Scale,2.000E-05,Horizontal Old Scale,2.000E-05,
Horizontal Old Position,-3.200E-06,Horizontal Old Position,-3.200E-06,
Firmware,V1.23,Firmware,V1.23,
Mode,Fast,Mode,Fast,
Waveform Data,,Waveform Data,,
1, ,347, ,
1, ,344, ,
1, ,348, ,
0, ,347, ,
3, ,346, ,
1, ,345, ,
1, ,347, ,
1, ,345, ,
1, ,348, ,
0, ,346, ,
1, ,345, ,
1, ,346, ,
1, ,348, ,
1, ,345, ,
1, ,346, ,
0, ,346, ,
1, ,346, ,
1, ,345, ,
1, ,346, ,
3, ,345, ,
1, ,346, ,
0, ,346, ,
3, ,346, ,
1, ,345, ,
0, ,348, ,
1, ,345, ,
1, ,347, ,
0, ,346, ,
3, ,346, ,
1, ,345, ,
1, ,347, ,
3, ,345, ,
1, ,347, ,
0, ,345, ,
3, ,346, ,
1, ,346, ,
1, ,348, ,
3, ,344, ,
1, ,347, ,
0, ,346, ,
3, ,345, ,
1, ,345, ,
1, ,346, ,
1, ,345, ,
1, ,346, ,
0, ,345, ,
3, ,346, ,
1, ,345, ,
1, ,348, ,
3, ,345, ,
1, ,348, ,
0, ,347, ,
3, ,346, ,
1, ,345, ,
1, ,346, ,
1, ,346, ,
1, ,347, ,
0, ,345, ,
3, ,346, ,
1, ,346, ,
1, ,348, ,
3, ,344, ,
1, ,346, ,
0, ,346, ,
3, ,346, ,
1, ,344, ,
0, ,346, ,
1, ,344, ,
1, ,347, ,
0, ,345, ,
3, ,345, ,
1, ,345, ,
0, ,348, ,
1, ,344, ,
1, ,348, ,
0, ,346, ,
3, ,346, ,
1, ,345, ,
1, ,347, ,
3, ,346, ,
1, ,348, ,
0, ,345, ,
3, ,346, ,
1, ,346, ,
1, ,348, ,
1, ,344, ,
1, ,346, ,
0, ,347, ,
3, ,346, ,
0, ,345, ,
1, ,346, ,
3, ,345, ,
1, ,347, ,
0, ,345, ,
3, ,346, ,
0, ,345, ,
0, ,348, ,
1, ,344, ,
1, ,346, ,
0, ,344, ,
3, ,344, ,
1, ,344, ,
0, ,348, ,
3, ,345, ,
1, ,348, ,
0, ,346, ,
1, ,345, ,
1, ,345, ,
1, ,348, ,
1, ,344, ,
1, ,348, ,
0, ,345, ,
3, ,345, ,
0, ,345, ,
0, ,346, ,
1, ,345, ,
1, ,346, ,
0, ,345, ,
1, ,344, ,
1, ,346, ,
1, ,348, ,
1, ,344, ,
1, ,346, ,
0, ,346, ,
1, ,346, ,
0, ,345, ,
1, ,346, ,
1, ,345, ,
1, ,347, ,
0, ,344, ,
3, ,346, ,
0, ,346, ,
0, ,348, ,
3, ,344, ,
1, ,346, ,
0, ,345, ,
1, ,345, ,
0, ,345, ,
1, ,347, ,
3, ,345, ,
1, ,347, ,
0, ,345, ,
3, ,346, ,
0, ,346, ,
0, ,348, ,
1, ,344, ,
1, ,346, ,
0, ,345, ,
3, ,346, ,
1, ,346, ,
1, ,347, ,
3, ,345, ,
1, ,347, ,
0, ,346, ,
3, ,345, ,
1, ,345, ,
1, ,348, ,
1, ,344, ,
1, ,346, ,
0, ,346, ,
3, ,346, ,
0, ,345, ,
1, ,347, ,
3, ,345, ,
1, ,346, ,
0, ,346, ,
3, ,346, ,
1, ,346, ,
0, ,348, ,
1, ,344, ,
1, ,346, ,
0, ,345, ,
3, ,346, ,
1, ,345, ,
1, ,346, ,
3, ,345, ,
1, ,347, ,
0, ,345, ,
3, ,346, ,
1, ,347, ,
1, ,347, ,
3, ,344, ,
1, ,346, ,
0, ,346, ,
3, ,346, ,
0, ,345, ,
1, ,347, ,
1, ,345, ,
1, ,347, ,
0, ,344, ,
3, ,346, ,
1, ,347, ,
1, ,346, ,
3, ,344, ,
1, ,346, ,
0, ,346, ,
3, ,345, ,
0, ,345, ,
1, ,348, ,
1, ,346, ,
1, ,347, ,
0, ,345, ,
3, ,345, ,
1, ,346, ,
0, ,348, ,
1, ,345, ,
1, ,346, ,
0, ,346, ,
3, ,346, ,
1, ,345, ,
1, ,346, ,
1, ,345, ,
1, ,347, ,
0, ,345, ,
3, ,346, ,
1, ,345, ,
1, ,348, ,
1, ,342, ,
1, ,344, ,
0, ,346, ,
3, ,348, ,
0, ,347, ,
1, ,346, ,
42, ,344, ,
90, ,346, ,
58, ,345, ,
34, ,345, ,
19, ,346, ,
14, ,349, ,
11, ,344, ,
8, ,346, ,
4, ,346, ,
5, ,346, ,
3, ,345, ,
4, ,348, ,
4, ,345, ,
3, ,348, ,
1, ,345, ,
4, ,346, ,
3, ,345, ,
3, ,348, ,
4, ,345, ,
4, ,346, ,
1, ,347, ,
4, ,346, ,
1, ,345, ,
3, ,346, ,
4, ,345, ,
4, ,348, ,
1, ,346, ,
4, ,346, ,
3, ,346, ,
3, ,347, ,
3, ,344, ,
4, ,346, ,
3, ,345, ,
4, ,346, ,
3, ,345, ,
3, ,346, ,
4, ,344, ,
3, ,346, ,
1, ,345, ,
4, ,345, ,
1, ,345, ,
3, ,348, ,
3, ,343, ,
3, ,346, ,
1, ,343, ,
4, ,344, ,
3, ,344, ,
3, ,348, ,
4, ,348, ,
3, ,349, ,
1, ,348, ,
4, ,345, ,
3, ,344, ,
3, ,348, ,
4, ,343, ,
3, ,346, ,
1, ,346, ,
4, ,346, ,
3, ,345, ,
3, ,346, ,
4, ,344, ,
3, ,346, ,
1, ,344, ,
4, ,346, ,
3, ,346, ,
3, ,347, ,
3, ,343, ,
3, ,346, ,
1, ,346, ,
4, ,346, ,
1, ,344, ,
3, ,348, ,
3, ,344, ,
3, ,348, ,
1, ,344, ,
4, ,345, ,
3, ,345, ,
3, ,346, ,
4, ,344, ,
3, ,346, ,
1, ,345, ,
4, ,346, ,
3, ,345, ,
3, ,346, ,
3, ,345, ,
3, ,348, ,
1, ,346, ,
4, ,346, ,
1, ,345, ,
3, ,347, ,
3, ,343, ,
3, ,345, ,
1, ,346, ,
4, ,346, ,
1, ,346, ,
3, ,346, ,
3, ,345, ,
3, ,347, ,
1, ,345, ,
4, ,346, ,
1, ,346, ,
3, ,346, ,
3, ,344, ,
3, ,345, ,
1, ,345, ,
4, ,346, ,
3, ,345, ,
3, ,346, ,
3, ,345, ,
3, ,346, ,
1, ,345, ,
4, ,345, ,
1, ,345, ,
3, ,348, ,
3, ,344, ,
3, ,348, ,
1, ,346, ,
4, ,346, ,
1, ,345, ,
3, ,346, ,
3, ,345, ,
3, ,346, ,
1, ,344, ,
4, ,345, ,
3, ,345, ,
3, ,348, ,
3, ,344, ,
3, ,346, ,
1, ,345, ,
4, ,346, ,
1, ,344, ,
1, ,346, ,
3, ,345, ,
3, ,346, ,
1, ,344, ,
4, ,344, ,
1, ,346, ,
3, ,347, ,
3, ,344, ,
3, ,346, ,
1, ,346, ,
3, ,346, ,
1, ,345, ,
3, ,347, ,
3, ,345, ,
3, ,346, ,
1, ,346, ,
3, ,345, ,
1, ,345, ,
3, ,347, ,
3, ,345, ,
3, ,347, ,
1, ,346, ,
3, ,347, ,
1, ,345, ,
3, ,347, ,
3, ,345, ,
3, ,348, ,
1, ,346, ,
3, ,345, ,
3, ,346, ,
3, ,348, ,
3, ,345, ,
3, ,345, ,
1, ,346, ,
4, ,346, ,
1, ,346, ,
1, ,347, ,
3, ,345, ,
3, ,347, ,
1, ,345, ,
4, ,346, ,
1, ,346, ,
3, ,348, ,
3, ,344, ,
3, ,346, ,
1, ,346, ,
3, ,346, ,
1, ,346, ,
1, ,348, ,
3, ,344, ,
3, ,346, ,
1, ,345, ,
3, ,345, ,
1, ,346, ,
1, ,348, ,
3, ,344, ,
1, ,347, ,
1, ,346, ,
4, ,347, ,
3, ,345, ,
3, ,348, ,
3, ,345, ,
1, ,347, ,
1, ,345, ,
3, ,346, ,
3, ,346, ,
1, ,346, ,
3, ,344, ,
1, ,346, ,
1, ,346, ,
4, ,346, ,
1, ,346, ,
1, ,348, ,
3, ,344, ,
3, ,348, ,
1, ,345, ,
3, ,345, ,
1, ,346, ,
3, ,348, ,
3, ,344, ,
3, ,346, ,
1, ,346, ,
3, ,346, ,
1, ,345, ,
1, ,347, ,
3, ,345, ,
3, ,347, ,
1, ,345, ,
4, ,346, ,
1, ,346, ,
1, ,346, ,
3, ,344, ,
3, ,346, ,
1, ,347, ,
3, ,346, ,
1, ,345, ,
1, ,346, ,
3, ,345, ,
3, ,347, ,
1, ,345, ,
3, ,346, ,
1, ,346, ,
1, ,347, ,
3, ,345, ,
1, ,346, ,
1, ,346, ,
3, ,346, ,
1, ,345, ,
1, ,346, ,
3, ,345, ,
1, ,348, ,
1, ,346, ,
3, ,345, ,
1, ,346, ,
1, ,347, ,
3, ,344, ,
1, ,345, ,
1, ,346, ,
3, ,346, ,
1, ,345, ,
1, ,347, ,
3, ,345, ,
1, ,346, ,
1, ,345, ,
3, ,346, ,
1, ,347, ,
1, ,348, ,
3, ,344, ,
1, ,346, ,
1, ,346, ,
3, ,347, ,
1, ,345, ,
1, ,346, ,
3, ,345, ,
1, ,347, ,
1, ,345, ,
3, ,346, ,
1, ,346, ,
1, ,347, ,
1, ,344, ,
1, ,346, ,
1, ,346, ,
3, ,346, ,
1, ,345, ,
1, ,347, ,
3, ,346, ,
3, ,347, ,
1, ,346, ,
3, ,346, ,
1, ,346, ,
1, ,348, ,
3, ,344, ,
1, ,346, ,
1, ,346, ,
3, ,347, ,
1, ,344, ,
1, ,348, ,
3, ,345, ,
1, ,348, ,
1, ,346, ,
3, ,346, ,
1, ,346, ,
1, ,346, ,
3, ,344, ,
1, ,346, ,
1, ,346, ,
3, ,346, ,
1, ,345, ,
1, ,346, ,
3, ,345, ,
1, ,347, ,
0, ,345, ,
3, ,345, ,
1, ,345, ,
1, ,347, ,
3, ,344, ,
1, ,347, ,
0, ,347, ,
3, ,346, ,
1, ,344, ,
1, ,346, ,
3, ,348, ,
1, ,350, ,
1, ,345, ,
3, ,344, ,
1, ,346, ,
1, ,349, ,
3, ,346, ,
1, ,348, ,
1, ,347, ,
3, ,345, ,
1, ,346, ,
1, ,348, ,
3, ,346, ,
1, ,348, ,
0, ,345, ,
3, ,346, ,
1, ,345, ,
1, ,348, ,
3, ,344, ,
1, ,346, ,
1, ,347, ,
3, ,347, ,
1, ,345, ,
1, ,348, ,
3, ,345, ,
1, ,348, ,
0, ,346, ,
3, ,345, ,
1, ,345, ,
3, ,346, ,
3, ,344, ,
1, ,347, ,
1, ,346, ,
3, ,346, ,
1, ,345, ,
1, ,348, ,
3, ,345, ,
1, ,347, ,
1, ,345, ,
3, ,346, ,
1, ,345, ,
1, ,347, ,
3, ,345, ,
1, ,346, ,
0, ,347, ,
3, ,346, ,
1, ,345, ,
1, ,348, ,
3, ,345, ,
1, ,347, ,
0, ,345, ,
3, ,345, ,
1, ,346, ,
1, ,346, ,
3, ,344, ,
1, ,345, ,
1, ,346, ,
3, ,346, ,
1, ,346, ,
1, ,348, ,
3, ,345, ,
3, ,346, ,
0, ,346, ,
3, ,346, ,
1, ,345, ,
1, ,348, ,
3, ,344, ,
1, ,346, ,
0, ,346, ,
3, ,347, ,
1, ,345, ,
1, ,347, ,
3, ,345, ,
1, ,346, ,
1, ,345, ,
3, ,346, ,
1, ,345, ,
1, ,347, ,
1, ,344, ,
1, ,347, ,
1, ,346, ,
3, ,346, ,
1, ,346, ,
1, ,346, ,
3, ,345, ,
1, ,347, ,
0, ,345, ,
3, ,346, ,
1, ,346, ,
1, ,348, ,
1, ,345, ,
1, ,347, ,
0, ,346, ,
3, ,346, ,
1, ,346, ,
1, ,346, ,
3, ,345, ,
3, ,347, ,
0, ,346, ,
3, ,346, ,
1, ,346, ,
1, ,347, ,
1, ,345, ,
1, ,348, ,
0, ,346, ,
3, ,346, ,
1, ,345, ,
1, ,348, ,
3, ,345, ,
1, ,347, ,
0, ,345, ,
3, ,346, ,
1, ,346, ,
1, ,348, ,
1, ,344, ,
1, ,347, ,
0, ,346, ,
3, ,346, ,
1, ,344, ,
1, ,347, ,
3, ,345, ,
1, ,347, ,
0, ,345, ,
3, ,346, ,
1, ,347, ,
1, ,347, ,
3, ,344, ,
1, ,346, ,
0, ,346, ,
3, ,346, ,
1, ,346, ,
1, ,348, ,
3, ,345, ,
1, ,346, ,
0, ,345, ,
3, ,345, ,
1, ,346, ,
1, ,348, ,
3, ,344, ,
1, ,346, ,
0, ,347, ,
3, ,346, ,
1, ,346, ,
1, ,348, ,
3, ,344, ,
1, ,347, ,
0, ,345, ,
3, ,345, ,
1, ,346, ,
1, ,348, ,
1, ,345, ,
1, ,346, ,
0, ,345, ,
3, ,347, ,
1, ,345, ,
1, ,347, ,
3, ,346, ,
3, ,346, ,
0, ,346, ,
3, ,345, ,
1, ,345, ,
1, ,347, ,
1, ,343, ,
1, ,346, ,
0, ,346, ,
3, ,346, ,
1, ,345, ,
1, ,347, ,
1, ,345, ,
1, ,347, ,
0, ,345, ,
3, ,346, ,
1, ,346, ,
1, ,348, ,
1, ,344, ,
1, ,346, ,
0, ,346, ,
3, ,346, ,
1, ,345, ,
1, ,346, ,
3, ,345, ,
1, ,346, ,
0, ,345, ,
3, ,346, ,
1, ,347, ,
1, ,348, ,
3, ,344, ,
1, ,347, ,
0, ,346, ,
3, ,346, ,
1, ,345, ,
1, ,346, ,
1, ,345, ,
1, ,348, ,
0, ,346, ,
3, ,346, ,
1, ,346, ,
1, ,348, ,
1, ,344, ,
3, ,348, ,
0, ,346, ,
3, ,346, ,
1, ,346, ,
1, ,348, ,
3, ,346, ,
1, ,346, ,
0, ,345, ,
3, ,345, ,
1, ,346, ,
1, ,348, ,
3, ,344, ,
1, ,346, ,
0, ,347, ,
3, ,347, ,
1, ,345, ,
1, ,348, ,
1, ,345, ,
1, ,347, ,
0, ,344, ,
3, ,346, ,
1, ,346, ,
1, ,347, ,
3, ,344, ,
1, ,346, ,
0, ,346, ,
3, ,346, ,
1, ,345, ,
1, ,347, ,
3, ,346, ,
1, ,347, ,
0, ,346, ,
3, ,346, ,
1, ,346, ,
1, ,348, ,
3, ,345, ,
1, ,346, ,
0, ,346, ,
3, ,346, ,
1, ,346, ,
1, ,346, ,
3, ,345, ,
1, ,347, ,
0, ,346, ,
3, ,345, ,
1, ,346, ,
1, ,346, ,
1, ,345, ,
1, ,346, ,
0, ,346, ,
3, ,347, ,
1, ,345, ,
1, ,348, ,
3, ,345, ,
1, ,346, ,
0, ,346, ,
3, ,346, ,
1, ,346, ,
1, ,347, ,
1, ,343, ,
1, ,346, ,
0, ,347, ,
3, ,346, ,
1, ,345, ,
1, ,346, ,
3, ,345, ,
1, ,346, ,
0, ,346, ,
3, ,346, ,
1, ,346, ,
1, ,346, ,
1, ,344, ,
1, ,346, ,
0, ,346, ,
3, ,346, ,
1, ,345, ,
1, ,347, ,
1, ,345, ,
1, ,347, ,
0, ,346, ,
3, ,346, ,
1, ,346, ,
1, ,347, ,
3, ,345, ,
1, ,346, ,
0, ,346, ,
3, ,346, ,
1, ,345, ,
1, ,346, ,
1, ,345, ,
1, ,346, ,
0, ,345, ,
3, ,346, ,
1, ,346, ,
1, ,347, ,
3, ,344, ,
1, ,345, ,
0, ,346, ,
3, ,346, ,
1, ,345, ,
1, ,347, ,
1, ,345, ,
1, ,348, ,
0, ,346, ,
3, ,346, ,
1, ,347, ,
1, ,348, ,
3, ,344, ,
3, ,346, ,
0, ,346, ,
1, ,346, ,
1, ,345, ,
0, ,348, ,
1, ,345, ,
1, ,346, ,
0, ,345, ,
3, ,345, ,
1, ,345, ,
1, ,347, ,
1, ,344, ,
1, ,346, ,
0, ,346, ,
1, ,347, ,
1, ,345, ,
1, ,347, ,
3, ,346, ,
1, ,348, ,
0, ,345, ,
3, ,345, ,
1, ,346, ,
1, ,348, ,
1, ,344, ,
1, ,346, ,
0, ,346, ,
1, ,346, ,
0, ,345, ,
1, ,348, ,
3, ,345, ,
3, ,346, ,
0, ,344, ,
3, ,346, ,
0, ,346, ,
0, ,348, ,
1, ,344, ,
1, ,347, ,
0, ,346, ,
3, ,346, ,
0, ,345, ,
0, ,348, ,
1, ,345, ,
1, ,346, ,
0, ,345, ,
3, ,346, ,
1, ,346, ,
0, ,349, ,
1, ,344, ,
1, ,347, ,
0, ,346, ,
3, ,346, ,
0, ,345, ,
1, ,348, ,
1, ,346, ,
1, ,347, ,
0, ,345, ,
3, ,345, ,
1, ,346, ,
0, ,348, ,
3, ,345, ,
1, ,346, ,
0, ,346, ,
3, ,347, ,
1, ,345, ,
1, ,346, ,
1, ,345, ,
60, ,346, ,
84, ,346, ,
56, ,345, ,
32, ,346, ,
19, ,348, ,
14, ,344, ,
10, ,346, ,
6, ,346, ,
6, ,346, ,
4, ,346, ,
3, ,348, ,
4, ,345, ,
4, ,347, ,
3, ,344, ,
4, ,342, ,
3, ,344, ,
4, ,349, ,
4, ,347, ,
4, ,347, ,
3, ,345, ,
5, ,345, ,
1, ,345, ,
3, ,346, ,
4, ,346, ,
4, ,347, ,
3, ,346, ,
4, ,345, ,
3, ,347, ,
3, ,348, ,
4, ,345, ,
4, ,347, ,
1, ,346, ,
4, ,346, ,
3, ,346, ,
3, ,347, ,
4, ,345, ,
4, ,347, ,
3, ,346, ,
4, ,345, ,
3, ,345, ,
3, ,349, ,
4, ,344, ,
4, ,347, ,
1, ,346, ,
4, ,346, ,
1, ,344, ,
3, ,346, ,
4, ,345, ,
4, ,346, ,
3, ,346, ,
4, ,346, ,
3, ,346, ,
3, ,347, ,
3, ,345, ,
4, ,346, ,
1, ,346, ,
4, ,346, ,
3, ,345, ,
3, ,348, ,
4, ,345, ,
3, ,346, ,
1, ,345, ,
4, ,345, ,
3, ,345, ,
3, ,346, ,
3, ,344, ,
4, ,346, ,
3, ,346, ,
4, ,346, ,
1, ,345, ,
3, ,348, ,
4, ,345, ,
3, ,346, ,
1, ,346, ,
4, ,346, ,
3, ,346, ,
3, ,348, ,
3, ,345, ,
3, ,347, ,
1, ,347, ,
4, ,347, ,
3, ,345, ,
3, ,348, ,
3, ,345, ,
3, ,348, ,
1, ,345, ,
4, ,345, ,
1, ,345, ,
3, ,348, ,
3, ,344, ,
3, ,346, ,
1, ,346, ,
4, ,346, ,
1, ,345, ,
3, ,346, ,
3, ,345, ,
3, ,347, ,
1, ,346, ,
4, ,346, ,
1, ,346, ,
3, ,346, ,
3, ,345, ,
3, ,346, ,
1, ,346, ,
3, ,346, ,
3, ,345, ,
3, ,346, ,
3, ,345, ,
3, ,346, ,
1, ,345, ,
4, ,346, ,
1, ,346, ,
3, ,347, ,
3, ,344, ,
3, ,346, ,
1, ,346, ,
4, ,345, ,
1, ,346, ,
3, ,346, ,
3, ,345, ,
3, ,346, ,
1, ,345, ,
4, ,346, ,
1, ,346, ,
3, ,347, ,
3, ,345, ,
3, ,346, ,
1, ,346, ,
4, ,346, ,
1, ,345, ,
3, ,346, ,
3, ,345, ,
3, ,348, ,
1, ,345, ,
3, ,346, ,
3, ,345, ,
3, ,348, ,
3, ,345, ,
3, ,346, ,
1, ,346, ,
4, ,346, ,
1, ,346, ,
1, ,346, ,
3, ,344, ,
3, ,346, ,
1, ,346, ,
4, ,346, ,
1, ,345, ,
3, ,348, ,
3, ,344, ,
3, ,346, ,
1, ,345, ,
4, ,346, ,
3, ,345, ,
3, ,347, ,
3, ,345, ,
3, ,348, ,
1, ,346, ,
3, ,345, ,
3, ,346, ,
1, ,347, ,
3, ,345, ,
3, ,345, ,
1, ,344, ,
3, ,347, ,
1, ,346, ,
3, ,347, ,
3, ,345, ,
3, ,347, ,
1, ,345, ,
4, ,345, ,
1, ,345, ,
1, ,348, ,
3, ,345, ,
3, ,347, ,
1, ,348, ,
4, ,346, ,
1, ,345, ,
3, ,348, ,
3, ,344, ,
3, ,348, ,
1, ,345, ,
4, ,345, ,
3, ,346, ,
3, ,347, ,
3, ,344, ,
3, ,347, ,
1, ,346, ,
4, ,346, ,
1, ,345, ,
1, ,348, ,
3, ,345, ,
3, ,346, ,
1, ,345, ,
4, ,345, ,
1, ,346, ,
1, ,348, ,
3, ,344, ,
3, ,346, ,
1, ,346, ,
4, ,346, ,
1, ,345, ,
3, ,347, ,
3, ,344, ,
3, ,347, ,
1, ,346, ,
4, ,345, ,
3, ,346, ,
3, ,348, ,
3, ,344, ,
1, ,347, ,
1, ,345, ,
4, ,346, ,
1, ,345, ,
1, ,348, ,
3, ,344, ,
1, ,347, ,
1, ,345, ,
3, ,345, ,
1, ,345, ,
3, ,347, ,
3, ,344, ,
1, ,346, ,
1, ,348, ,
4, ,346, ,
1, ,345, ,
1, ,347, ,
3, ,345, ,
3, ,347, ,
1, ,344, ,
4, ,346, ,
1, ,346, ,
1, ,348, ,
3, ,344, ,
3, ,346, ,
1, ,346, ,
3, ,346, ,
1, ,346, ,
3, ,346, ,
3, ,344, ,
1, ,346, ,
1, ,344, ,
3, ,346, ,
1, ,345, ,
1, ,348, ,
3, ,344, ,
1, ,347, ,
1, ,346, ,
3, ,347, ,
1, ,345, ,
1, ,346, ,
3, ,345, ,
1, ,346, ,
1, ,345, ,
3, ,345, ,
1, ,346, ,
1, ,347, ,
3, ,344, ,
3, ,346, ,
1, ,345, ,
3, ,345, ,
1, ,345, ,
1, ,347, ,
3, ,345, ,
1, ,348, ,
1, ,345, ,
3, ,345, ,
1, ,346, ,
1, ,348, ,
3, ,344, ,
3, ,346, ,
1, ,346, ,
3, ,346, ,
1, ,346, ,
3, ,348, ,
1, ,346, ,
1, ,347, ,
1, ,345, ,
3, ,346, ,
1, ,345, ,
3, ,347, ,
3, ,344, ,
3, ,348, ,
1, ,346, ,
3, ,345, ,
1, ,345, ,
3, ,348, ,
3, ,346, ,
1, ,346, ,
1, ,346, ,
3, ,345, ,
1, ,346, ,
1, ,348, ,
3, ,345, ,
1, ,347, ,
1, ,346, ,
3, ,346, ,
1, ,345, ,
1, ,346, ,
3, ,345, ,
3, ,348, ,
1, ,345, ,
72, ,346, ,
46, ,345, ,
29, ,348, ,
20, ,344, ,
15, ,348, ,
9, ,346, ,
8, ,346, ,
5, ,345, ,
5, ,346, ,
6, ,345, ,
4, ,348, ,
3, ,345, ,
6, ,347, ,
5, ,346, ,
3, ,349, ,
4, ,343, ,
4, ,346, ,
3, ,346, ,
4, ,346, ,
3, ,346, ,
3, ,347, ,
4, ,345, ,
4, ,346, ,
1, ,346, ,
4, ,346, ,
3, ,346, ,
3, ,349, ,
4, ,344, ,
4, ,346, ,
3, ,346, ,
4, ,346, ,
3, ,345, ,
3, ,348, ,
4, ,345, ,
4, ,348, ,
1, ,345, ,
4, ,346, ,
1, ,346, ,
3, ,346, ,
4, ,344, ,
4, ,348, ,
1, ,346, ,
4, ,347, ,
3, ,346, ,
3, ,346, ,
4, ,345, ,
3, ,348, ,
3, ,345, ,
4, ,346, ,
3, ,346, ,
3, ,348, ,
4, ,344, ,
4, ,346, ,
3, ,346, ,
4, ,346, ,
1, ,345, ,
3, ,347, ,
3, ,345, ,
4, ,346, ,
1, ,345, ,
4, ,346, ,
1, ,346, ,
3, ,348, ,
4, ,344, ,
3, ,346, ,
1, ,346, ,
4, ,346, ,
3, ,345, ,
3, ,346, ,
4, ,344, ,
3, ,348, ,
1, ,345, ,
4, ,346, ,
1, ,346, ,
3, ,348, ,
3, ,344, ,
3, ,346, ,
1, ,345, ,
4, ,346, ,
3, ,345, ,
3, ,346, ,
3, ,345, ,
3, ,347, ,
1, ,345, ,
4, ,345, ,
1, ,347, ,
3, ,348, ,
3, ,345, ,
3, ,347, ,
1, ,346, ,
4, ,346, ,
3, ,346, ,
3, ,347, ,
3, ,344, ,
3, ,346, ,
1, ,343, ,
4, ,343, ,
3, ,344, ,
3, ,349, ,
4, ,347, ,
3, ,349, ,
1, ,346, ,
4, ,345, ,
1, ,344, ,
3, ,346, ,
3, ,344, ,
3, ,346, ,
1, ,346, ,
4, ,346, ,
3, ,346, ,
3, ,347, ,
4, ,343, ,
3, ,346, ,
1, ,346, ,
4, ,346, ,
1, ,345, ,
3, ,347, ,
4, ,344, ,
3, ,346, ,
1, ,344, ,
4, ,345, ,
3, ,345, ,
3, ,347, ,
3, ,345, ,
3, ,347, ,
1, ,345, ,
4, ,346, ,
1, ,344, ,
3, ,347, ,
3, ,345, ,
3, ,346, ,
1, ,345, ,
4, ,345, ,
1, ,346, ,
3, ,349, ,
3, ,343, ,
3, ,347, ,
1, ,346, ,
4, ,346, ,
3, ,345, ,
3, ,346, ,
4, ,345, ,
3, ,346, ,
1, ,345, ,
4, ,346, ,
1, ,346, ,
1, ,348, ,
3, ,345, ,
3, ,346, ,
1, ,346, ,
4, ,346, ,
3, ,345, ,
3, ,347, ,
3, ,345, ,
3, ,347, ,
1, ,345, ,
4, ,346, ,
1, ,346, ,
1, ,348, ,
3, ,343, ,
3, ,346, ,
1, ,345, ,
3, ,346, ,
3, ,345, ,
3, ,346, ,
3, ,345, ,
3, ,346, ,
1, ,345, ,
4, ,345, ,
3, ,346, ,
1, ,347, ,
3, ,343, ,
3, ,345, ,
1, ,347, ,
4, ,347, ,
3, ,346, ,
3, ,346, ,
3, ,345, ,
3, ,346, ,
1, ,345, ,
4, ,345, ,
1, ,344, ,
3, ,347, ,
3, ,345, ,
3, ,347, ,
1, ,346, ,
3, ,346, ,
1, ,345, ,
3, ,346, ,
3, ,344, ,
3, ,346, ,
1, ,345, ,
4, ,345, ,
1, ,346, ,
3, ,347, ,
3, ,344, ,
1, ,345, ,
1, ,346, ,
3, ,345, ,
1, ,345, ,
3, ,348, ,
3, ,345, ,
3, ,347, ,
1, ,346, ,
3, ,346, ,
1, ,345, ,
1, ,347, ,
3, ,344, ,
1, ,346, ,
1, ,346, ,
4, ,347, ,
1, ,346, ,
3, ,348, ,
3, ,345, ,
3, ,347, ,
1, ,345, ,
3, ,346, ,
3, ,346, ,
3, ,348, ,
3, ,344, ,
3, ,346, ,
1, ,345, ,
3, ,346, ,
1, ,345, ,
1, ,346, ,
3, ,346, ,
3, ,347, ,
1, ,346, ,
4, ,346, ,
1, ,346, ,
3, ,348, ,
3, ,344, ,
3, ,346, ,
1, ,346, ,
4, ,346, ,
1, ,345, ,
3, ,347, ,
3, ,345, ,
3, ,346, ,
1, ,345, ,
3, ,346, ,
1, ,346, ,
3, ,348, ,
3, ,344, ,
1, ,347, ,
1, ,346, ,
3, ,346, ,
1, ,345, ,
3, ,348, ,
3, ,345, ,
3, ,347, ,
1, ,345, ,
3, ,346, ,
1, ,347, ,
3, ,348, ,
3, ,345, ,
3, ,346, ,
1, ,347, ,
3, ,346, ,
1, ,346, ,
1, ,347, ,
3, ,344, ,
1, ,346, ,
1, ,346, ,
3, ,346, ,
1, ,346, ,
1, ,348, ,
3, ,344, ,
1, ,346, ,
1, ,345, ,
3, ,346, ,
1, ,345, ,
1, ,348, ,
3, ,345, ,
3, ,346, ,
1, ,345, ,
3, ,346, ,
1, ,345, ,
3, ,347, ,
3, ,345, ,
1, ,347, ,
1, ,346, ,
3, ,346, ,
1, ,346, ,
1, ,348, ,
3, ,345, ,
1, ,347, ,
1, ,345, ,
3, ,346, ,
1, ,346, ,
1, ,349, ,
3, ,345, ,
3, ,346, ,
1, ,346, ,
3, ,347, ,
1, ,345, ,
1, ,347, ,
3, ,345, ,
1, ,347, ,
1, ,346, ,
3, ,347, ,
1, ,345, ,
1, ,348, ,
1, ,345, ,
1, ,346, ,
1, ,346, ,
3, ,347, ,
1, ,345, ,
1, ,348, ,
3, ,345, ,
3, ,346, ,
1, ,345, ,
3, ,345, ,
1, ,346, ,
1, ,348, ,
3, ,344, ,
1, ,340, ,
1, ,344, ,
3, ,351, ,
1, ,350, ,
1, ,347, ,
3, ,343, ,
3, ,346, ,
1, ,348, ,
3, ,345, ,
1, ,346, ,
3, ,349, ,
3, ,345, ,
1, ,345, ,
1, ,346, ,
3, ,346, ,
1, ,345, ,
1, ,347, ,
3, ,345, ,
1, ,349, ,
0, ,345, ,
3, ,346, ,
1, ,346, ,
1, ,348, ,
1, ,344, ,
1, ,347, ,
1, ,346, ,
3, ,346, ,
1, ,345, ,
1, ,347, ,
3, ,346, ,
3, ,346, ,
1, ,345, ,
3, ,346, ,
1, ,345, ,
1, ,348, ,
3, ,345, ,
1, ,346, ,
1, ,347, ,
3, ,346, ,
1, ,346, ,
1, ,348, ,
3, ,344, ,
1, ,347, ,
0, ,345, ,
3, ,346, ,
1, ,346, ,
1, ,348, ,
3, ,346, ,
1, ,346, ,
0, ,345, ,
3, ,346, ,
1, ,345, ,
1, ,346, ,
3, ,345, ,
1, ,348, ,
0, ,346, ,
3, ,346, ,
1, ,346, ,
1, ,348, ,
3, ,344, ,
1, ,346, ,
1, ,346, ,
3, ,346, ,
1, ,345, ,
1, ,347, ,
3, ,345, ,
1, ,348, ,
0, ,345, ,
3, ,345, ,
1, ,345, ,
1, ,348, ,
3, ,345, ,
1, ,348, ,
1, ,345, ,
3, ,346, ,
1, ,346, ,
1, ,348, ,
1, ,346, ,
1, ,348, ,
0, ,346, ,
3, ,346, ,
1, ,345, ,
3, ,348, ,
1, ,344, ,
1, ,346, ,
0, ,346, ,
3, ,346, ,
1, ,345, ,
1, ,348, ,
3, ,345, ,
3, ,347, ,
0, ,346, ,
3, ,345, ,
1, ,346, ,
1, ,348, ,
3, ,344, ,
1, ,347, ,
0, ,346, ,
3, ,347, ,
1, ,345, ,
1, ,348, ,
3, ,345, ,
1, ,348, ,
0, ,346, ,
3, ,346, ,
1, ,346, ,
1, ,348, ,
3, ,344, ,
1, ,346, ,
0, ,347, ,
3, ,347, ,
1, ,345, ,
1, ,348, ,
3, ,345, ,
1, ,348, ,
0, ,345, ,
3, ,346, ,
1, ,346, ,
1, ,347, ,
3, ,345, ,
1, ,346, ,
0, ,346, ,
3, ,346, ,
1, ,345, ,
1, ,347, ,
3, ,345, ,
1, ,346, ,
0, ,346, ,
3, ,346, ,
1, ,345, ,
1, ,348, ,
3, ,344, ,
1, ,347, ,
0, ,346, ,
3, ,346, ,
1, ,346, ,
1, ,346, ,
1, ,344, ,
1, ,347, ,
0, ,346, ,
3, ,346, ,
1, ,346, ,
1, ,348, ,
1, ,345, ,
1, ,347, ,
0, ,346, ,
3, ,346, ,
1, ,346, ,
1, ,347, ,
3, ,345, ,
3, ,347, ,
0, ,345, ,
3, ,346, ,
1, ,346, ,
1, ,348, ,
1, ,344, ,
1, ,346, ,
0, ,346, ,
3, ,346, ,
1, ,346, ,
1, ,348, ,
1, ,345, ,
1, ,347, ,
0, ,346, ,
3, ,345, ,
1, ,345, ,
1, ,347, ,
1, ,345, ,
1, ,346, ,
0, ,346, ,
3, ,345, ,
1, ,345, ,
1, ,346, ,
1, ,346, ,
1, ,347, ,
0, ,345, ,
3, ,346, ,
1, ,346, ,
1, ,347, ,
3, ,345, ,
1, ,346, ,
0, ,346, ,
3, ,347, ,
1, ,346, ,
1, ,348, ,
3, ,346, ,
1, ,347, ,
0, ,345, ,
3, ,345, ,
1, ,346, ,
1, ,348, ,
3, ,344, ,
1, ,346, ,
0, ,346, ,
3, ,346, ,
1, ,345, ,
1, ,348, ,
1, ,345, ,
1, ,346, ,
0, ,346, ,
3, ,345, ,
1, ,346, ,
1, ,349, ,
3, ,344, ,
1, ,348, ,
0, ,346, ,
3, ,347, ,
1, ,346, ,
1, ,347, ,
3, ,345, ,
1, ,346, ,
0, ,345, ,
3, ,346, ,
1, ,346, ,
1, ,348, ,
3, ,345, ,
1, ,346, ,
0, ,346, ,
3, ,347, ,
1, ,345, ,
1, ,346, ,
3, ,345, ,
1, ,347, ,
0, ,345, ,
3, ,346, ,
1, ,346, ,
1, ,349, ,
1, ,344, ,
1, ,346, ,
0, ,345, ,
3, ,346, ,
1, ,345, ,
1, ,347, ,
3, ,345, ,
3, ,346, ,
0, ,345, ,
3, ,346, ,
1, ,346, ,
1, ,348, ,
1, ,344, ,
1, ,346, ,
0, ,346, ,
3, ,346, ,
1, ,345, ,
1, ,346, ,
1, ,345, ,
1, ,347, ,
0, ,346, ,
3, ,346, ,
1, ,346, ,
1, ,348, ,
1, ,345, ,
1, ,346, ,
0, ,346, ,
3, ,346, ,
1, ,346, ,
1, ,346, ,
3, ,345, ,
1, ,347, ,
0, ,345, ,
3, ,346, ,
1, ,346, ,
1, ,346, ,
3, ,345, ,
1, ,348, ,
0, ,346, ,
3, ,347, ,
1, ,345, ,
1, ,347, ,
1, ,345, ,
1, ,346, ,
0, ,345, ,
3, ,346, ,
1, ,346, ,
1, ,348, ,
3, ,345, ,
1, ,346, ,
0, ,346, ,
3, ,348, ,
1, ,345, ,
1, ,348, ,
3, ,344, ,
1, ,345, ,
0, ,345, ,
3, ,346, ,
1, ,347, ,
1, ,349, ,
3, ,345, ,
1, ,346, ,
0, ,346, ,
3, ,345, ,
1, ,344, ,
1, ,346, ,
3, ,345, ,
1, ,346, ,
0, ,346, ,
3, ,346, ,
1, ,346, ,
1, ,348, ,
1, ,344, ,
1, ,346, ,
0, ,346, ,
3, ,347, ,
1, ,346, ,
1, ,348, ,
3, ,345, ,
1, ,347, ,
0, ,345, ,
3, ,345, ,
1, ,346, ,
1, ,348, ,
1, ,345, ,
1, ,346, ,
0, ,346, ,
3, ,346, ,
1, ,346, ,
1, ,344, ,
1, ,342, ,
1, ,348, ,
0, ,348, ,
3, ,347, ,
1, ,346, ,
1, ,347, ,
3, ,345, ,
1, ,347, ,
0, ,347, ,
3, ,346, ,
1, ,346, ,
1, ,347, ,
1, ,345, ,
1, ,347, ,
0, ,345, ,
3, ,345, ,
1, ,346, ,
1, ,348, ,
1, ,345, ,
1, ,346, ,
0, ,346, ,
3, ,347, ,
1, ,345, ,
1, ,347, ,
3, ,344, ,
1, ,348, ,
0, ,345, ,
3, ,345, ,
1, ,346, ,
1, ,348, ,
3, ,345, ,
1, ,346, ,
0, ,346, ,
3, ,346, ,
1, ,345, ,
1, ,347, ,
1, ,344, ,
0, ,348, ,
-1, ,345, ,
1, ,345, ,
1, ,347, ,
1, ,348, ,
3, ,344, ,
3, ,347, ,
0, ,346, ,
3, ,346, ,
0, ,345, ,
1, ,347, ,
1, ,344, ,
1, ,346, ,
0, ,346, ,
3, ,346, ,
1, ,346, ,
0, ,348, ,
1, ,344, ,
1, ,346, ,
0, ,346, ,
3, ,346, ,
1, ,345, ,
1, ,348, ,
3, ,345, ,
1, ,346, ,
0, ,345, ,
3, ,346, ,
1, ,345, ,
1, ,347, ,
1, ,344, ,
1, ,348, ,
0, ,346, ,
3, ,348, ,
1, ,346, ,
1, ,346, ,
1, ,345, ,
1, ,348, ,
0, ,345, ,
3, ,346, ,
1, ,346, ,
1, ,348, ,
3, ,344, ,
1, ,346, ,
0, ,345, ,
3, ,345, ,
1, ,345, ,
1, ,347, ,
1, ,345, ,
1, ,348, ,
0, ,346, ,
3, ,346, ,
1, ,346, ,
1, ,347, ,
3, ,344, ,
1, ,346, ,
0, ,345, ,
3, ,346, ,
1, ,346, ,
1, ,347, ,
1, ,344, ,
1, ,348, ,
0, ,345, ,
1, ,346, ,
0, ,346, ,
0, ,348, ,
1, ,344, ,
1, ,346, ,
0, ,345, ,
3, ,346, ,
1, ,345, ,
0, ,346, ,
3, ,345, ,
1, ,346, ,
0, ,345, ,
3, ,346, ,
1, ,346, ,
1, ,347, ,
1, ,345, ,
1, ,346, ,
0, ,346, ,
3, ,346, ,
1, ,345, ,
1, ,347, ,
3, ,345, ,
1, ,348, ,
0, ,346, ,
3, ,345, ,
1, ,346, ,
1, ,348, ,
1, ,345, ,
1, ,346, ,
0, ,345, ,
3, ,346, ,
1, ,345, ,
1, ,348, ,
3, ,345, ,
1, ,347, ,
0, ,345, ,
3, ,345, ,
0, ,346, ,
1, ,347, ,
3, ,344, ,
1, ,346, ,
0, ,346, ,
3, ,346, ,
0, ,346, ,
0, ,347, ,
3, ,344, ,
1, ,347, ,
0, ,345, ,
3, ,345, ,
1, ,346, ,
0, ,348, ,
1, ,344, ,
1, ,346, ,
0, ,345, ,
1, ,345, ,
0, ,345, ,
1, ,346, ,
1, ,344, ,
1, ,347, ,
0, ,345, ,
3, ,346, ,
1, ,345, ,
1, ,347, ,
3, ,344, ,
3, ,346, ,
0, ,346, ,
3, ,346, ,
1, ,345, ,
1, ,346, ,
1, ,346, ,
1, ,346, ,
0, ,345, ,
3, ,346, ,
1, ,345, ,
1, ,348, ,
1, ,344, ,
1, ,346, ,
0, ,347, ,
3, ,346, ,
1, ,344, ,
1, ,347, ,
1, ,346, ,
1, ,346, ,
0, ,346, ,
3, ,345, ,
0, ,345, ,
0, ,346, ,
1, ,345, ,
1, ,347, ,
0, ,346, ,
1, ,346, ,
0, ,345, ,
1, ,346, ,
1, ,345, ,
1, ,346, ,
0, ,346, ,
3, ,346, ,
1, ,346, ,
1, ,346, ,
1, ,344, ,
1, ,346, ,
0, ,346, ,
3, ,346, ,
0, ,345, ,
1, ,347, ,
3, ,345, ,
1, ,347, ,
0, ,345, ,
1, ,345, ,
1, ,345, ,
0, ,348, ,
1, ,344, ,
1, ,346, ,
-1, ,346, ,
1, ,346, ,
86, ,346, ,
83, ,346, ,
56, ,345, ,
33, ,346, ,
18, ,345, ,
14, ,346, ,
10, ,345, ,
9, ,348, ,
6, ,344, ,
4, ,346, ,
3, ,345, ,
5, ,345, ,
3, ,345, ,
3, ,346, ,
4, ,344, ,
4, ,346, ,
3, ,345, ,
4, ,346, ,
1, ,346, ,
3, ,346, ,
4, ,344, ,
3, ,345, ,
3, ,345, ,
4, ,346, ,
3, ,346, ,
3, ,346, ,
4, ,345, ,
4, ,346, ,
3, ,345, ,
4, ,345, ,
1, ,346, ,
3, ,347, ,
3, ,343, ,
4, ,346, ,
1, ,346, ,
4, ,346, ,
1, ,345, ,
3, ,346, ,
4, ,345, ,
3, ,346, ,
3, ,345, ,
4, ,345, ,
3, ,345, ,
3, ,346, ,
4, ,345, ,
4, ,346, ,
1, ,345, ,
4, ,346, ,
1, ,346, ,
3, ,346, ,
4, ,345, ,
4, ,348, ,
1, ,345, ,
4, ,346, ,
3, ,346, ,
3, ,346, ,
4, ,345, ,
4, ,346, ,
1, ,345, ,
4, ,346, ,
1, ,345, ,
3, ,346, ,
4, ,345, ,
3, ,347, ,
1, ,345, ,
4, ,346, ,
1, ,345, ,
3, ,348, ,
3, ,344, ,
3, ,346, ,
1, ,346, ,
4, ,346, ,
3, ,345, ,
3, ,346, ,
3, ,345, ,
3, ,347, ,
1, ,344, ,
4, ,345, ,
3, ,345, ,
3, ,347, ,
3, ,344, ,
3, ,346, ,
1, ,346, ,
4, ,346, ,
3, ,344, ,
3, ,347, ,
3, ,345, ,
3, ,346, ,
1, ,345, ,
4, ,345, ,
3, ,347, ,
3, ,347, ,
3, ,344, ,
3, ,346, ,
3, ,346, ,
4, ,346, ,
3, ,345, ,
3, ,346, ,
3, ,344, ,
3, ,346, ,
1, ,345, ,
4, ,346, ,
3, ,345, ,
3, ,347, ,
3, ,344, ,
3, ,346, ,
1, ,346, ,
4, ,346, ,
1, ,345, ,
3, ,347, ,
3, ,345, ,
3, ,346, ,
1, ,345, ,
4, ,345, ,
3, ,345, ,
3, ,348, ,
3, ,345, ,
3, ,346, ,
1, ,346, ,
4, ,346, ,
3, ,345, ,
1, ,347, ,
3, ,345, ,
3, ,346, ,
1, ,345, ,
4, ,346, ,
1, ,345, ,
1, ,348, ,
3, ,344, ,
3, ,346, ,
1, ,346, ,
4, ,347, ,
3, ,344, ,
3, ,346, ,
3, ,345, ,
3, ,346, ,
1, ,345, ,
4, ,345, ,
1, ,345, ,
3, ,346, ,
3, ,345, ,
3, ,346, ,
1, ,345, ,
4, ,346, ,
1, ,345, ,
3, ,347, ,
3, ,345, ,
3, ,347, ,
1, ,345, ,
3, ,345, ,
1, ,346, ,
3, ,348, ,
3, ,344, ,
3, ,346, ,
1, ,345, ,
4, ,346, ,
1, ,345, ,
3, ,346, ,
3, ,345, ,
3, ,346, ,
1, ,345, ,
3, ,345, ,
1, ,346, ,
3, ,348, ,
3, ,344, ,
3, ,346, ,
1, ,346, ,
4, ,346, ,
3, ,345, ,
3, ,346, ,
3, ,345, ,
3, ,347, ,
1, ,345, ,
4, ,345, ,
1, ,346, ,
1, ,348, ,
3, ,344, ,
3, ,344, ,
1, ,344, ,
3, ,346, ,
1, ,346, ,
3, ,348, ,
3, ,345, ,
3, ,346, ,
1, ,345, ,
3, ,345, ,
1, ,344, ,
1, ,346, ,
3, ,344, ,
1, ,345, ,
1, ,346, ,
4, ,347, ,
1, ,345, ,
1, ,347, ,
3, ,344, ,
3, ,346, ,
1, ,345, ,
3, ,345, ,
1, ,345, ,
1, ,348, ,
3, ,345, ,
3, ,346, ,
1, ,346, ,
3, ,345, ,
1, ,345, ,
1, ,346, ,
3, ,345, ,
3, ,346, ,
1, ,346, ,
3, ,346, ,
3, ,346, ,
3, ,348, ,
3, ,344, ,
3, ,345, ,
1, ,345, ,
3, ,346, ,
1, ,344, ,
1, ,347, ,
3, ,346, ,
3, ,347, ,
1, ,346, ,
3, ,346, ,
1, ,346, ,
1, ,347, ,
3, ,344, ,
3, ,346, ,
1, ,345, ,
3, ,347, ,
1, ,345, ,
1, ,346, ,
3, ,345, ,
1, ,347, ,
1, ,344, ,
3, ,346, ,
1, ,345, ,
1, ,348, ,
3, ,344, ,
1, ,346, ,
1, ,347, ,
3, ,346, ,
1, ,345, ,
1, ,347, ,
3, ,345, ,
3, ,347, ,
1, ,345, ,
3, ,345, ,
1, ,345, ,
1, ,348, ,
3, ,345, ,
1, ,346, ,
1, ,346, ,
3, ,347, ,
1, ,345, ,
1, ,347, ,
3, ,345, ,
1, ,346, ,
1, ,345, ,
3, ,346, ,
1, ,346, ,
1, ,347, ,
3, ,345, ,
3, ,346, ,
1, ,346, ,
3, ,346, ,
1, ,345, ,
1, ,346, ,
3, ,346, ,
1, ,346, ,
1, ,345, ,
3, ,345, ,
1, ,346, ,
1, ,347, ,
3, ,345, ,
3, ,346, ,
1, ,346, ,
3, ,346, ,
1, ,345, ,
3, ,347, ,
3, ,345, ,
1, ,346, ,
1, ,345, ,
3, ,346, ,
1, ,346, ,
1, ,347, ,
3, ,343, ,
3, ,343, ,
1, ,343, ,
3, ,344, ,
1, ,346, ,
1, ,349, ,
3, ,347, ,
3, ,348, ,
1, ,345, ,
3, ,344, ,
1, ,344, ,
1, ,346, ,
1, ,343, ,
1, ,346, ,
1, ,347, ,
3, ,346, ,
1, ,345, ,
1, ,346, ,
3, ,344, ,
3, ,346, ,
1, ,344, ,
3, ,346, ,
1, ,345, ,
1, ,347, ,
3, ,344, ,
1, ,346, ,
1, ,346, ,
3, ,345, ,
1, ,344, ,
1, ,346, ,
3, ,345, ,
1, ,346, ,
1, ,344, ,
3, ,345, ,
1, ,345, ,
1, ,346, ,
1, ,344, ,
1, ,346, ,
1, ,346, ,
3, ,345, ,
1, ,345, ,
1, ,346, ,
3, ,345, ,
3, ,346, ,
1, ,345, ,
3, ,346, ,
1, ,346, ,
1, ,347, ,
1, ,337, ,
1, ,346, ,
0, ,351, ,
3, ,349, ,
1, ,344, ,
1, ,345, ,
3, ,345, ,
3, ,347, ,
0, ,344, ,
3, ,345, ,
1, ,346, ,
1, ,348, ,
3, ,344, ,
1, ,345, ,
1, ,347, ,
3, ,346, ,
1, ,344, ,
1, ,346, ,
1, ,345, ,
1, ,347, ,
0, ,344, ,
3, ,346, ,
1, ,345, ,
1, ,347, ,
3, ,344, ,
3, ,346, ,
1, ,346, ,
3, ,346, ,
1, ,344, ,
1, ,347, ,
1, ,344, ,
1, ,346, ,
0, ,345, ,
3, ,346, ,
1, ,344, ,
1, ,346, ,
3, ,344, ,
3, ,346, ,
1, ,346, ,
3, ,345, ,
1, ,345, ,
1, ,346, ,
3, ,345, ,
1, ,348, ,
0, ,345, ,
3, ,345, ,
1, ,345, ,
1, ,346, ,
3, ,345, ,
1, ,346, ,
0, ,346, ,
3, ,345, ,
1, ,345, ,
1, ,346, ,
3, ,345, ,
1, ,347, ,
0, ,345, ,
3, ,346, ,
1, ,345, ,
1, ,347, ,
3, ,345, ,
1, ,347, ,
1, ,346, ,
3, ,346, ,
1, ,344, ,
1, ,346, ,
3, ,345, ,
1, ,348, ,
1, ,346, ,
3, ,346, ,
1, ,347, ,
1, ,346, ,
3, ,345, ,
1, ,346, ,
1, ,346, ,
3, ,347, ,
1, ,346, ,
1, ,346, ,
3, ,345, ,
1, ,346, ,
0, ,345, ,
3, ,346, ,
1, ,345, ,
1, ,347, ,
1, ,344, ,
1, ,345, ,
0, ,346, ,
3, ,348, ,
1, ,346, ,
1, ,346, ,
3, ,345, ,
1, ,346, ,
0, ,346, ,
3, ,346, ,
1, ,346, ,
1, ,348, ,
1, ,344, ,
1, ,346, ,
1, ,346, ,
3, ,346, ,
1, ,346, ,
1, ,348, ,
3, ,345, ,
3, ,346, ,
0, ,347, ,
3, ,345, ,
1, ,346, ,
1, ,347, ,
1, ,345, ,
1, ,347, ,
0, ,347, ,
3, ,346, ,
1, ,346, ,
1, ,347, ,
1, ,344, ,
3, ,348, ,
0, ,346, ,
3, ,346, ,
1, ,346, ,
1, ,348, ,
1, ,344, ,
3, ,347, ,
0, ,347, ,
3, ,346, ,
1, ,345, ,
1, ,347, ,
3, ,345, ,
1, ,346, ,
0, ,345, ,
3, ,345, ,
1, ,346, ,
1, ,347, ,
3, ,345, ,
1, ,346, ,
1, ,346, ,
3, ,346, ,
1, ,346, ,
1, ,346, ,
1, ,345, ,
1, ,347, ,
0, ,345, ,
3, ,346, ,
1, ,346, ,
1, ,348, ,
1, ,345, ,
1, ,346, ,
0, ,345, ,
3, ,345, ,
1, ,345, ,
1, ,347, ,
3, ,345, ,
1, ,348, ,
0, ,346, ,
3, ,345, ,
1, ,346, ,
1, ,347, ,
3, ,343, ,
1, ,348, ,
0, ,346, ,
3, ,346, ,
1, ,345, ,
1, ,346, ,
1, ,345, ,
1, ,347, ,
0, ,345, ,
3, ,345, ,
1, ,345, ,
1, ,348, ,
1, ,344, ,
1, ,346, ,
0, ,346, ,
3, ,346, ,
0, ,345, ,
1, ,346, ,
3, ,345, ,
1, ,346, ,
0, ,345, ,
3, ,345, ,
1, ,345, ,
1, ,347, ,
3, ,344, ,
1, ,347, ,
0, ,346, ,
3, ,346, ,
1, ,345, ,
1, ,346, ,
1, ,345, ,
1, ,348, ,
0, ,345, ,
3, ,345, ,
1, ,345, ,
1, ,348, ,
1, ,344, ,
3, ,346, ,
0, ,346, ,
3, ,345, ,
1, ,345, ,
1, ,347, ,
3, ,345, ,
1, ,347, ,
0, ,345, ,
3, ,346, ,
1, ,346, ,
1, ,348, ,
1, ,344, ,
1, ,346, ,
0, ,346, ,
3, ,346, ,
99, ,344, ,
61, ,346, ,
39, ,345, ,
28, ,348, ,
18, ,345, ,
13, ,347, ,
6, ,346, ,
6, ,347, ,
6, ,344, ,
5, ,346, ,
3, ,346, ,
4, ,347, ,
4, ,344, ,
3, ,347, ,
4, ,345, ,
4, ,347, ,
1, ,346, ,
5, ,346, ,
3, ,345, ,
3, ,348, ,
4, ,344, ,
4, ,346, ,
3, ,346, ,
4, ,347, ,
3, ,346, ,
3, ,347, ,
4, ,345, ,
4, ,346, ,
1, ,346, ,
4, ,345, ,
3, ,346, ,
3, ,347, ,
4, ,344, ,
4, ,346, ,
1, ,346, ,
4, ,346, ,
3, ,345, ,
3, ,346, ,
4, ,345, ,
4, ,347, ,
3, ,345, ,
4, ,346, ,
3, ,346, ,
3, ,349, ,
4, ,345, ,
4, ,346, ,
3, ,346, ,
4, ,346, ,
1, ,345, ,
3, ,346, ,
3, ,346, ,
4, ,347, ,
3, ,345, ,
4, ,346, ,
3, ,346, ,
3, ,348, ,
4, ,344, ,
3, ,346, ,
1, ,345, ,
4, ,346, ,
3, ,345, ,
3, ,346, ,
3, ,345, ,
3, ,347, ,
1, ,344, ,
4, ,345, ,
3, ,346, ,
3, ,348, ,
4, ,345, ,
3, ,346, ,
1, ,347, ,
4, ,346, ,
1, ,345, ,
3, ,347, ,
3, ,344, ,
3, ,346, ,
1, ,346, ,
4, ,346, ,
3, ,347, ,
3, ,348, ,
3, ,345, ,
3, ,346, ,
1, ,346, ,
4, ,346, ,
3, ,345, ,
3, ,347, ,
3, ,345, ,
3, ,347, ,
1, ,346, ,
4, ,346, ,
1, ,346, ,
3, ,348, ,
3, ,344, ,
3, ,347, ,
1, ,346, ,
4, ,346, ,
1, ,346, ,
3, ,346, ,
3, ,345, ,
3, ,347, ,
1, ,345, ,
4, ,346, ,
3, ,346, ,
3, ,347, ,
3, ,345, ,
3, ,346, ,
1, ,345, ,
4, ,346, ,
1, ,345, ,
3, ,346, ,
3, ,345, ,
3, ,347, ,
1, ,345, ,
4, ,345, ,
1, ,345, ,
3, ,348, ,
3, ,344, ,
3, ,345, ,
1, ,346, ,
4, ,346, ,
1, ,345, ,
3, ,348, ,
3, ,344, ,
3, ,347, ,
1, ,346, ,
4, ,345, ,
1, ,346, ,
3, ,348, ,
3, ,344, ,
3, ,346, ,
1, ,345, ,
4, ,346, ,
3, ,345, ,
3, ,347, ,
3, ,345, ,
3, ,347, ,
1, ,346, ,
4, ,346, ,
1, ,343, ,
1, ,347, ,
3, ,346, ,
3, ,351, ,
1, ,346, ,
4, ,345, ,
3, ,344, ,
3, ,349, ,
3, ,345, ,
3, ,347, ,
1, ,346, ,
4, ,346, ,
3, ,346, ,
3, ,347, ,
3, ,345, ,
3, ,347, ,
1, ,346, ,
4, ,346, ,
1, ,345, ,
3, ,347, ,
3, ,345, ,
3, ,348, ,
1, ,345, ,
3, ,346, ,
1, ,345, ,
3, ,348, ,
3, ,345, ,
3, ,346, ,
1, ,346, ,
4, ,347, ,
3, ,345, ,
1, ,348, ,
3, ,345, ,
3, ,347, ,
1, ,345, ,
3, ,346, ,
1, ,346, ,
1, ,348, ,
3, ,344, ,
3, ,347, ,
1, ,346, ,
3, ,346, ,
1, ,345, ,
3, ,348, ,
3, ,344, ,
3, ,347, ,
1, ,345, ,
3, ,345, ,
1, ,345, ,
3, ,348, ,
3, ,344, ,
3, ,348, ,
1, ,347, ,
4, ,346, ,
1, ,346, ,
1, ,347, ,
3, ,346, ,
3, ,348, ,
1, ,346, ,
3, ,345, ,
1, ,346, ,
1, ,347, ,
3, ,344, ,
3, ,347, ,
1, ,346, ,
4, ,347, ,
1, ,345, ,
3, ,347, ,
3, ,344, ,
3, ,346, ,
1, ,346, ,
3, ,346, ,
3, ,346, ,
3, ,348, ,
3, ,344, ,
3, ,348, ,
1, ,347, ,
3, ,346, ,
1, ,346, ,
1, ,347, ,
3, ,345, ,
1, ,347, ,
1, ,346, ,
4, ,346, ,
1, ,346, ,
3, ,348, ,
3, ,344, ,
1, ,346, ,
1, ,346, ,
3, ,346, ,
1, ,345, ,
3, ,348, ,
3, ,345, ,
1, ,348, ,
1, ,345, ,
3, ,346, ,
1, ,345, ,
1, ,347, ,
3, ,345, ,
1, ,347, ,
1, ,346, ,
3, ,347, ,
1, ,345, ,
1, ,347, ,
3, ,345, ,
1, ,348, ,
1, ,345, ,
3, ,345, ,
1, ,346, ,
1, ,348, ,
3, ,345, ,
1, ,346, ,
1, ,346, ,
3, ,346, ,
1, ,345, ,
1, ,348, ,
3, ,345, ,
3, ,346, ,
1, ,345, ,
3, ,346, ,
1, ,346, ,
1, ,348, ,
3, ,344, ,
1, ,346, ,
1, ,346, ,
3, ,346, ,
1, ,345, ,
3, ,347, ,
3, ,347, ,
1, ,347, ,
1, ,346, ,
3, ,345, ,
1, ,346, ,
1, ,348, ,
3, ,343, ,
1, ,346, ,
1, ,345, ,
3, ,347, ,
1, ,346, ,
3, ,346, ,
3, ,344, ,
1, ,348, ,
0, ,347, ,
3, ,346, ,
1, ,346, ,
1, ,346, ,
1, ,344, ,
1, ,346, ,
1, ,346, ,
3, ,347, ,
1, ,346, ,
1, ,346, ,
3, ,344, ,
3, ,346, ,
1, ,346, ,
3, ,346, ,
1, ,346, ,
3, ,348, ,
3, ,344, ,
1, ,346, ,
1, ,346, ,
3, ,347, ,
1, ,346, ,
1, ,347, ,
1, ,344, ,
1, ,346, ,
0, ,345, ,
3, ,346, ,
1, ,346, ,
1, ,348, ,
3, ,343, ,
3, ,347, ,
0, ,346, ,
3, ,346, ,
1, ,345, ,
1, ,348, ,
3, ,345, ,
3, ,347, ,
0, ,346, ,
3, ,344, ,
1, ,346, ,
1, ,348, ,
3, ,344, ,
1, ,346, ,
0, ,345, ,
3, ,346, ,
1, ,344, ,
1, ,348, ,
3, ,344, ,
1, ,346, ,
0, ,345, ,
3, ,345, ,
1, ,346, ,
1, ,348, ,
3, ,345, ,
1, ,345, ,
1, ,346, ,
3, ,346, ,
1, ,346, ,
1, ,347, ,
1, ,345, ,
1, ,347, ,
0, ,345, ,
3, ,346, ,
1, ,346, ,
1, ,348, ,
3, ,343, ,
1, ,346, ,
0, ,346, ,
3, ,346, ,
1, ,345, ,
1, ,346, ,
3, ,344, ,
3, ,347, ,
0, ,346, ,
3, ,346, ,
1, ,346, ,
1, ,348, ,
1, ,344, ,
1, ,346, ,
1, ,346, ,
3, ,346, ,
1, ,346, ,
1, ,348, ,
3, ,345, ,
3, ,347, ,
0, ,345, ,
3, ,345, ,
1, ,346, ,
1, ,347, ,
3, ,344, ,
1, ,346, ,
1, ,346, ,
3, ,346, ,
1, ,346, ,
1, ,347, ,
1, ,344, ,
1, ,347, ,
0, ,346, ,
3, ,345, ,
1, ,345, ,
1, ,348, ,
3, ,345, ,
3, ,347, ,
1, ,346, ,
3, ,346, ,
1, ,346, ,
1, ,346, ,
3, ,345, ,
1, ,346, ,
0, ,345, ,
3, ,346, ,
1, ,346, ,
1, ,348, ,
1, ,344, ,
1, ,346, ,
0, ,346, ,
3, ,345, ,
1, ,345, ,
1, ,346, ,
3, ,345, ,
1, ,347, ,
0, ,345, ,
3, ,345, ,
3, ,345, ,
3, ,347, ,
3, ,344, ,
1, ,346, ,
0, ,346, ,
3, ,346, ,
1, ,344, ,
1, ,346, ,
3, ,345, ,
1, ,347, ,
0, ,345, ,
3, ,345, ,
1, ,346, ,
1, ,347, ,
3, ,344, ,
1, ,346, ,
0, ,345, ,
3, ,346, ,
1, ,344, ,
1, ,346, ,
3, ,344, ,
1, ,347, ,
0, ,344, ,
3, ,345, ,
1, ,345, ,
1, ,348, ,
1, ,344, ,
1, ,346, ,
0, ,345, ,
3, ,346, ,
1, ,345, ,
1, ,346, ,
3, ,345, ,
1, ,346, ,
0, ,345, ,
3, ,345, ,
1, ,346, ,
1, ,346, ,
3, ,345, ,
1, ,346, ,
0, ,346, ,
3, ,345, ,
1, ,345, ,
1, ,346, ,
1, ,344, ,
1, ,346, ,
0, ,345, ,
3, ,346, ,
1, ,345, ,
1, ,348, ,
1, ,344, ,
1, ,346, ,
0, ,346, ,
3, ,346, ,
1, ,345, ,
1, ,346, ,
3, ,345, ,
1, ,346, ,
0, ,345, ,
3, ,345, ,
1, ,348, ,
1, ,346, ,
1, ,344, ,
1, ,346, ,
0, ,346, ,
3, ,346, ,
1, ,346, ,
1, ,346, ,
3, ,345, ,
1, ,346, ,
0, ,345, ,
3, ,345, ,
1, ,346, ,
1, ,347, ,
1, ,345, ,
1, ,347, ,
0, ,345, ,
3, ,346, ,
1, ,345, ,
1, ,348, ,
3, ,345, ,
1, ,347, ,
0, ,345, ,
3, ,346, ,
1, ,346, ,
1, ,348, ,
3, ,344, ,
1, ,346, ,
0, ,345, ,
3, ,346, ,
1, ,344, ,
1, ,346, ,
1, ,347, ,
1, ,347, ,
0, ,346, ,
3, ,345, ,
1, ,346, ,
1, ,348, ,
3, ,344, ,
1, ,345, ,
0, ,346, ,
3, ,347, ,
1, ,345, ,
1, ,347, ,
3, ,345, ,
1, ,348, ,
0, ,345, ,
3, ,346, ,
1, ,345, ,
1, ,348, ,
3, ,344, ,
1, ,346, ,
0, ,346, ,
3, ,345, ,
1, ,345, ,
1, ,347, ,
3, ,344, ,
1, ,347, ,
0, ,346, ,
3, ,345, ,
1, ,346, ,
1, ,348, ,
1, ,345, ,
1, ,346, ,
0, ,346, ,
3, ,346, ,
1, ,345, ,
1, ,346, ,
1, ,345, ,
1, ,347, ,
0, ,346, ,
3, ,345, ,
1, ,346, ,
1, ,348, ,
1, ,345, ,
1, ,346, ,
0, ,345, ,
3, ,346, ,
1, ,345, ,
1, ,346, ,
3, ,345, ,
1, ,346, ,
0, ,346, ,
3, ,345, ,
1, ,346, ,
1, ,348, ,
3, ,344, ,
1, ,346, ,
0, ,345, ,
3, ,346, ,
1, ,345, ,
1, ,348, ,
3, ,345, ,
1, ,346, ,
0, ,345, ,
3, ,345, ,
1, ,345, ,
1, ,348, ,
3, ,344, ,
1, ,346, ,
0, ,346, ,
3, ,345, ,
1, ,345, ,
1, ,347, ,
3, ,345, ,
1, ,347, ,
0, ,345, ,
3, ,345, ,
1, ,346, ,
1, ,348, ,
1, ,345, ,
0, ,346, ,
0, ,346, ,
3, ,346, ,
1, ,345, ,
1, ,347, ,
1, ,345, ,
1, ,346, ,
0, ,345, ,
3, ,345, ,
1, ,346, ,
1, ,348, ,
1, ,344, ,
1, ,345, ,
0, ,345, ,
3, ,345, ,
0, ,345, ,
1, ,347, ,
1, ,344, ,
1, ,346, ,
0, ,345, ,
3, ,345, ,
1, ,345, ,
0, ,348, ,
1, ,344, ,
1, ,346, ,
0, ,346, ,
3, ,346, ,
0, ,345, ,
1, ,347, ,
3, ,345, ,
1, ,347, ,
100, ,345, ,
61, ,345, ,
33, ,345, ,
23, ,348, ,
19, ,344, ,
13, ,346, ,
6, ,345, ,
6, ,346, ,
6, ,345, ,
5, ,346, ,
4, ,345, ,
3, ,346, ,
3, ,345, ,
5, ,345, ,
3, ,346, ,
3, ,347, ,
4, ,344, ,
4, ,346, ,
3, ,345, ,
4, ,345, ,
3, ,345, ,
3, ,348, ,
4, ,346, ,
4, ,347, ,
3, ,345, ,
4, ,345, ,
3, ,345, ,
3, ,347, ,
4, ,344, ,
4, ,346, ,
3, ,345, ,
4, ,345, ,
3, ,345, ,
3, ,346, ,
4, ,345, ,
4, ,346, ,
1, ,345, ,
4, ,346, ,
1, ,346, ,
3, ,348, ,
4, ,345, ,
4, ,346, ,
3, ,345, ,
4, ,346, ,
3, ,345, ,
3, ,346, ,
4, ,345, ,
4, ,347, ,
1, ,345, ,
4, ,345, ,
3, ,346, ,
3, ,347, ,
3, ,344, ,
3, ,346, ,
1, ,344, ,
4, ,345, ,
1, ,345, ,
3, ,348, ,
4, ,344, ,
3, ,346, ,
1, ,345, ,
4, ,346, ,
3, ,346, ,
3, ,348, ,
3, ,344, ,
3, ,346, ,
1, ,346, ,
4, ,346, ,
3, ,346, ,
3, ,348, ,
3, ,345, ,
3, ,346, ,
1, ,345, ,
4, ,346, ,
3, ,346, ,
3, ,348, ,
3, ,345, ,
3, ,346, ,
1, ,345, ,
4, ,345, ,
1, ,345, ,
3, ,347, ,
3, ,345, ,
3, ,347, ,
1, ,345, ,
4, ,345, ,
1, ,345, ,
3, ,347, ,
3, ,344, ,
3, ,346, ,
1, ,345, ,
4, ,346, ,
1, ,345, ,
3, ,348, ,
3, ,345, ,
3, ,346, ,
1, ,344, ,
4, ,345, ,
3, ,346, ,
3, ,347, ,
3, ,344, ,
3, ,346, ,
1, ,346, ,
4, ,346, ,
1, ,345, ,
3, ,348, ,
3, ,345, ,
3, ,346, ,
1, ,345, ,
4, ,346, ,
1, ,346, ,
3, ,348, ,
3, ,345, ,
3, ,346, ,
1, ,346, ,
4, ,346, ,
1, ,345, ,
3, ,348, ,
3, ,345, ,
3, ,346, ,
1, ,344, ,
4, ,346, ,
3, ,346, ,
3, ,348, ,
3, ,345, ,
3, ,346, ,
1, ,344, ,
4, ,346, ,
1, ,345, ,
1, ,346, ,
3, ,345, ,
3, ,346, ,
1, ,346, ,
4, ,346, ,
1, ,346, ,
3, ,348, ,
3, ,344, ,
3, ,347, ,
1, ,346, ,
4, ,346, ,
3, ,345, ,
3, ,346, ,
3, ,345, ,
3, ,346, ,
1, ,346, ,
4, ,345, ,
1, ,345, ,
3, ,348, ,
4, ,345, ,
3, ,346, ,
1, ,345, ,
4, ,345, ,
1, ,344, ,
3, ,347, ,
3, ,345, ,
3, ,346, ,
1, ,344, ,
4, ,344, ,
1, ,344, ,
3, ,346, ,
3, ,346, ,
3, ,349, ,
1, ,349, ,
4, ,348, ,
1, ,345, ,
3, ,346, ,
3, ,344, ,
3, ,344, ,
1, ,344, ,
4, ,345, ,
3, ,346, ,
1, ,348, ,
3, ,344, ,
3, ,346, ,
1, ,346, ,
4, ,346, ,
1, ,345, ,
1, ,347, ,
3, ,345, ,
3, ,346, ,
1, ,344, ,
3, ,345, ,
1, ,345, ,
3, ,347, ,
3, ,344, ,
3, ,346, ,
1, ,346, ,
3, ,346, ,
1, ,345, ,
1, ,346, ,
3, ,346, ,
3, ,346, ,
1, ,345, ,
4, ,345, ,
1, ,346, ,
3, ,347, ,
3, ,345, ,
3, ,346, ,
1, ,346, ,
3, ,345, ,
1, ,344, ,
3, ,346, ,
3, ,345, ,
3, ,347, ,
1, ,345, ,
4, ,346, ,
3, ,346, ,
1, ,348, ,
3, ,344, ,
1, ,345, ,
1, ,345, ,
3, ,346, ,
1, ,345, ,
1, ,348, ,
3, ,345, ,
3, ,346, ,
1, ,346, ,
3, ,345, ,
1, ,346, ,
1, ,348, ,
3, ,344, ,
1, ,345, ,
1, ,346, ,
3, ,346, ,
1, ,345, ,
3, ,348, ,
3, ,344, ,
3, ,347, ,
0, ,345, ,
3, ,345, ,
1, ,345, ,
1, ,349, ,
1, ,344, ,
1, ,346, ,
1, ,347, ,
3, ,345, ,
1, ,345, ,
3, ,346, ,
3, ,345, ,
3, ,346, ,
1, ,345, ,
3, ,345, ,
1, ,346, ,
3, ,348, ,
3, ,344, ,
3, ,346, ,
1, ,346, ,
3, ,346, ,
1, ,345, ,
1, ,348, ,
3, ,345, ,
3, ,348, ,
1, ,345, ,
3, ,345, ,
1, ,346, ,
1, ,347, ,
3, ,345, ,
1, ,346, ,
1, ,345, ,
3, ,346, ,
3, ,345, ,
3, ,347, ,
3, ,345, ,
3, ,347, ,
1, ,346, ,
3, ,347, ,
1, ,346, ,
1, ,347, ,
3, ,344, ,
1, ,346, ,
1, ,345, ,
3, ,345, ,
1, ,344, ,
3, ,348, ,
3, ,347, ,
3, ,348, ,
1, ,345, ,
4, ,345, ,
1, ,346, ,
1, ,349, ,
3, ,344, ,
1, ,346, ,
1, ,347, ,
3, ,347, ,
1, ,346, ,
1, ,348, ,
3, ,346, ,
1, ,348, ,
1, ,346, ,
3, ,346, ,
1, ,346, ,
3, ,348, ,
3, ,345, ,
1, ,347, ,
1, ,346, ,
3, ,345, ,
1, ,345, ,
3, ,348, ,
3, ,345, ,
1, ,346, ,
0, ,346, ,
3, ,346, ,
1, ,346, ,
1, ,347, ,
3, ,344, ,
1, ,346, ,
1, ,346, ,
3, ,345, ,
1, ,346, ,
1, ,347, ,
3, ,345, ,
1, ,346, ,
0, ,345, ,
3, ,345, ,
1, ,345, ,
1, ,346, ,
3, ,345, ,
1, ,347, ,
1, ,348, ,
3, ,346, ,
1, ,346, ,
1, ,347, ,
3, ,345, ,
1, ,348, ,
1, ,345, ,
3, ,345, ,
1, ,346, ,
1, ,348, ,
3, ,344, ,
1, ,346, ,
0, ,347, ,
3, ,346, ,
1, ,345, ,
1, ,348, ,
3, ,346, ,
1, ,348, ,
0, ,346, ,
3, ,346, ,
1, ,346, ,
1, ,348, ,
3, ,344, ,
1, ,346, ,
1, ,346, ,
3, ,347, ,
1, ,345, ,
1, ,348, ,
3, ,345, ,
1, ,347, ,
0, ,344, ,
3, ,345, ,
1, ,346, ,
1, ,348, ,
1, ,345, ,
1, ,346, ,
1, ,347, ,
3, ,346, ,
1, ,345, ,
1, ,347, ,
1, ,345, ,
1, ,348, ,
0, ,345, ,
3, ,345, ,
1, ,345, ,
1, ,348, ,
3, ,345, ,
1, ,346, ,
0, ,346, ,
3, ,345, ,
1, ,345, ,
1, ,347, ,
3, ,345, ,
1, ,347, ,
0, ,345, ,
3, ,345, ,
1, ,346, ,
1, ,348, ,
3, ,344, ,
1, ,346, ,
0, ,346, ,
3, ,346, ,
1, ,346, ,
1, ,348, ,
3, ,346, ,
1, ,347, ,
0, ,345, ,
3, ,346, ,
1, ,346, ,
1, ,348, ,
1, ,345, ,
1, ,346, ,
1, ,346, ,
3, ,346, ,
1, ,346, ,
1, ,348, ,
3, ,345, ,
1, ,346, ,
0, ,345, ,
3, ,346, ,
1, ,346, ,
1, ,347, ,
3, ,344, ,
1, ,347, ,
0, ,347, ,
3, ,346, ,
1, ,345, ,
1, ,347, ,
3, ,346, ,
1, ,346, ,
0, ,346, ,
3, ,345, ,
1, ,346, ,
1, ,346, ,
1, ,345, ,
1, ,346, ,
0, ,345, ,
3, ,346, ,
1, ,345, ,
1, ,347, ,
3, ,345, ,
1, ,346, ,
0, ,346, ,
3, ,346, ,
1, ,346, ,
1, ,347, ,
1, ,345, ,
1, ,346, ,
0, ,346, ,
3, ,346, ,
1, ,346, ,
1, ,347, ,
3, ,346, ,
3, ,346, ,
0, ,345, ,
3, ,346, ,
1, ,346, ,
1, ,348, ,
1, ,344, ,
1, ,347, ,
1, ,347, ,
3, ,347, ,
1, ,346, ,
1, ,347, ,
3, ,345, ,
3, ,346, ,
0, ,345, ,
3, ,345, ,
1, ,346, ,
1, ,348, ,
3, ,344, ,
1, ,346, ,
0, ,347, ,
3, ,346, ,
1, ,345, ,
1, ,348, ,
3, ,345, ,
1, ,347, ,
0, ,345, ,
3, ,345, ,
1, ,346, ,
1, ,347, ,
3, ,344, ,
1, ,346, ,
0, ,346, ,
3, ,346, ,
1, ,345, ,
1, ,346, ,
3, ,345, ,
1, ,346, ,
0, ,346, ,
3, ,346, ,
1, ,345, ,
1, ,347, ,
1, ,345, ,
1, ,346, ,
0, ,347, ,
3, ,346, ,
1, ,345, ,
1, ,347, ,
3, ,345, ,
3, ,346, ,
0, ,341, ,
3, ,345, ,
1, ,349, ,
1, ,352, ,
3, ,346, ,
1, ,346, ,
0, ,345, ,
3, ,347, ,
1, ,345, ,
1, ,348, ,
3, ,346, ,
1, ,348, ,
0, ,345, ,
3, ,345, ,
1, ,346, ,
1, ,349, ,
3, ,345, ,
1, ,346, ,
0, ,346, ,
3, ,347, ,
1, ,345, ,
1, ,346, ,
3, ,345, ,
1, ,347, ,
0, ,345, ,
3, ,345, ,
1, ,346, ,
1, ,348, ,
3, ,345, ,
1, ,346, ,
0, ,346, ,
3, ,346, ,
1, ,345, ,
1, ,346, ,
3, ,344, ,
1, ,348, ,
0, ,346, ,
3, ,346, ,
1, ,345, ,
1, ,348, ,
3, ,344, ,
1, ,346, ,
0, ,346, ,
3, ,346, ,
1, ,345, ,
1, ,348, ,
1, ,345, ,
1, ,348, ,
0, ,344, ,
3, ,345, ,
1, ,346, ,
1, ,348, ,
3, ,344, ,
1, ,346, ,
0, ,346, ,
3, ,348, ,
1, ,346, ,
1, ,348, ,
3, ,345, ,
1, ,346, ,
0, ,345, ,
3, ,345, ,
1, ,346, ,
1, ,347, ,
3, ,344, ,
1, ,346, ,
0, ,346, ,
3, ,346, ,
1, ,345, ,
1, ,347, ,
3, ,345, ,
1, ,348, ,
0, ,346, ,
3, ,346, ,
1, ,346, ,
1, ,348, ,
1, ,344, ,
1, ,346, ,
0, ,346, ,
3, ,346, ,
1, ,345, ,
1, ,346, ,
3, ,345, ,
3, ,346, ,
0, ,346, ,
3, ,345, ,
1, ,345, ,
1, ,346, ,
3, ,344, ,
1, ,347, ,
0, ,346, ,
3, ,345, ,
1, ,345, ,
0, ,347, ,
3, ,344, ,
1, ,346, ,
0, ,345, ,
3, ,345, ,
1, ,345, ,
1, ,347, ,
3, ,345, ,
1, ,346, ,
0, ,345, ,
3, ,346, ,
1, ,346, ,
1, ,347, ,
1, ,346, ,
1, ,346, ,
0, ,345, ,
3, ,347, ,
1, ,346, ,
1, ,346, ,
3, ,344, ,
1, ,346, ,
0, ,346, ,
3, ,346, ,
1, ,345, ,
1, ,346, ,
3, ,345, ,
1, ,347, ,
0, ,346, ,
3, ,345, ,
1, ,346, ,
1, ,347, ,
1, ,344, ,
1, ,344, ,
0, ,346, ,
3, ,346, ,
1, ,346, ,
1, ,347, ,
1, ,345, ,
1, ,347, ,
0, ,346, ,
3, ,346, ,
1, ,346, ,
1, ,347, ,
1, ,345, ,
1, ,346, ,
0, ,346, ,
3, ,346, ,
1, ,344, ,
1, ,346, ,
1, ,344, ,
1, ,346, ,
0, ,345, ,
3, ,345, ,
1, ,345, ,
1, ,348, ,
1, ,345, ,
1, ,346, ,
0, ,346, ,
3, ,346, ,
1, ,345, ,
1, ,347, ,
3, ,344, ,
1, ,346, ,
0, ,345, ,
3, ,345, ,
1, ,345, ,
1, ,346, ,
3, ,344, ,
1, ,346, ,
0, ,345, ,
3, ,346, ,
1, ,345, ,
1, ,347, ,
3, ,345, ,
1, ,348, ,
0, ,345, ,
3, ,346, ,
1, ,346, ,
0, ,348, ,
1, ,344, ,
1, ,346, ,
0, ,347, ,
3, ,346, ,
1, ,345, ,
0, ,346, ,
3, ,345, ,
1, ,346, ,
0, ,345, ,
3, ,345, ,
1, ,346, ,
1, ,348, ,
3, ,344, ,
1, ,346, ,
0, ,345, ,
3, ,346, ,
1, ,345, ,
0, ,346, ,
3, ,344, ,
1, ,346, ,
0, ,345, ,
3, ,345, ,
1, ,345, ,
1, ,348, ,
3, ,344, ,
1, ,346, ,
0, ,346, ,
3, ,345, ,
0, ,345, ,
1, ,347, ,
3, ,344, ,
1, ,346, ,
0, ,345, ,
3, ,346, ,
1, ,346, ,
0, ,348, ,
1, ,345, ,
1, ,345, ,
0, ,346, ,
3, ,346, ,
0, ,345, ,
0, ,346, ,
3, ,345, ,
1, ,346, ,
0, ,345, ,
3, ,345, ,
1, ,346, ,
0, ,348, ,
1, ,344, ,
1, ,346, ,
-1, ,346, ,
1, ,347, ,
0, ,345, ,
1, ,346, ,
3, ,345, ,
3, ,348, ,
0, ,345, ,
3, ,345, ,
0, ,346, ,
0, ,346, ,
3, ,344, ,
1, ,346, ,
0, ,345, ,
3, ,346, ,
1, ,345, ,
0, ,346, ,
1, ,345, ,
1, ,348, ,
-1, ,346, ,
3, ,346, ,
0, ,345, ,
0, ,348, ,
1, ,344, ,
1, ,346, ,
0, ,346, ,
3, ,346, ,
1, ,344, ,
0, ,348, ,
3, ,345, ,
1, ,348, ,
-1, ,344, ,
3, ,345, ,
1, ,346, ,
0, ,348, ,
3, ,345, ,
1, ,346, ,
0, ,346, ,
3, ,346, ,
0, ,344, ,
0, ,345, ,
3, ,344, ,
1, ,348, ,
0, ,346, ,
3, ,346, ,
0, ,346, ,
0, ,348, ,
3, ,344, ,
1, ,346, ,
0, ,345, ,
3, ,346, ,
0, ,345, ,
0, ,348, ,
3, ,345, ,
1, ,347, ,
0, ,345, ,
3, ,346, ,
0, ,346, ,
0, ,348, ,
3, ,344, ,
1, ,346, ,
0, ,346, ,
1, ,346, ,
0, ,345, ,
0, ,347, ,
3, ,345, ,
1, ,346, ,
0, ,345, ,
3, ,346, ,
0, ,345, ,
0, ,348, ,
3, ,344, ,
1, ,346, ,
0, ,346, ,
3, ,346, ,
0, ,345, ,
0, ,348, ,
3, ,345, ,
1, ,347, ,
-1, ,345, ,
3, ,345, ,
0, ,347, ,
0, ,347, ,
3, ,344, ,
1, ,347, ,
0, ,346, ,
3, ,346, ,
0, ,345, ,
0, ,345, ,
3, ,345, ,
1, ,348, ,
0, ,346, ,
3, ,345, ,
0, ,346, ,
0, ,348, ,
1, ,344, ,
1, ,346, ,
0, ,346, ,
3, ,346, ,
0, ,345, ,
0, ,346, ,
3, ,345, ,
1, ,348, ,
-1, ,346, ,
3, ,346, ,
0, ,345, ,
0, ,348, ,
3, ,344, ,
1, ,346, ,
0, ,345, ,
3, ,345, ,
0, ,345, ,
0, ,347, ,
3, ,345, ,
1, ,347, ,
0, ,346, ,
3, ,346, ,
1, ,346, ,
0, ,347, ,
3, ,344, ,
1, ,346, ,
0, ,346, ,
3, ,345, ,
0, ,345, ,
0, ,347, ,
3, ,345, ,
0, ,346, ,
-1, ,346, ,
3, ,345, ,
0, ,346, ,
0, ,347, ,
3, ,344, ,
1, ,346, ,
0, ,346, ,
3, ,345, ,
0, ,344, ,
0, ,346, ,
3, ,346, ,
1, ,346, ,
-1, ,345, ,
3, ,345, ,
0, ,346, ,
0, ,348, ,
3, ,345, ,
1, ,345, ,
0, ,346, ,
3, ,346, ,
0, ,345, ,
0, ,346, ,
111, ,345, ,
67, ,346, ,
36, ,345, ,
25, ,345, ,
20, ,345, ,
13, ,347, ,
8, ,344, ,
5, ,347, ,
5, ,346, ,
6, ,345, ,
3, ,345, ,
1, ,346, ,
5, ,345, ,
4, ,347, ,
1, ,344, ,
5, ,345, ,
3, ,346, ,
3, ,348, ,
4, ,345, ,
3, ,346, ,
1, ,346, ,
5, ,346, ,
3, ,345, ,
1, ,347, ,
4, ,345, ,
4, ,346, ,
1, ,346, ,
5, ,346, ,
1, ,346, ,
1, ,347, ,
4, ,345, ,
4, ,346, ,
1, ,346, ,
5, ,346, ,
3, ,346, ,
1, ,348, ,
4, ,346, ,
3, ,347, ,
1, ,345, ,
5, ,345, ,
3, ,346, ,
3, ,348, ,
4, ,345, ,
3, ,346, ,
1, ,346, ,
5, ,346, ,
1, ,345, ,
1, ,346, ,
4, ,345, ,
3, ,347, ,
1, ,346, ,
5, ,346, ,
1, ,347, ,
1, ,348, ,
4, ,344, ,
3, ,346, ,
1, ,346, ,
5, ,347, ,
1, ,346, ,
1, ,347, ,
4, ,345, ,
3, ,346, ,
1, ,346, ,
5, ,345, ,
3, ,346, ,
1, ,347, ,
4, ,345, ,
3, ,346, ,
1, ,346, ,
4, ,341, ,
1, ,345, ,
1, ,353, ,
4, ,349, ,
3, ,347, ,
1, ,343, ,
5, ,346, ,
1, ,348, ,
1, ,348, ,
4, ,344, ,
3, ,348, ,
1, ,348, ,
5, ,346, ,
1, ,345, ,
1, ,348, ,
4, ,345, ,
3, ,348, ,
1, ,345, ,
5, ,346, ,
3, ,346, ,
1, ,347, ,
4, ,344, ,
3, ,346, ,
1, ,348, ,
4, ,346, ,
1, ,345, ,
1, ,347, ,
4, ,345, ,
3, ,348, ,
1, ,346, ,
5, ,346, ,
1, ,345, ,
1, ,348, ,
3, ,345, ,
3, ,347, ,
1, ,345, ,
4, ,345, ,
1, ,345, ,
1, ,347, ,
4, ,345, ,
3, ,347, ,
1, ,346, ,
4, ,345, ,
3, ,345, ,
1, ,348, ,
3, ,345, ,
3, ,346, ,
1, ,345, ,
4, ,346, ,
1, ,345, ,
1, ,347, ,
4, ,345, ,
3, ,346, ,
1, ,346, ,
4, ,345, ,
1, ,346, ,
1, ,346, ,
3, ,345, ,
3, ,347, ,
1, ,346, ,
4, ,346, ,
1, ,345, ,
1, ,346, ,
3, ,345, ,
3, ,347, ,
1, ,345, ,
4, ,346, ,
3, ,346, ,
1, ,348, ,
3, ,344, ,
3, ,347, ,
1, ,346, ,
4, ,346, ,
1, ,344, ,
1, ,346, ,
3, ,345, ,
3, ,346, ,
1, ,346, ,
4, ,345, ,
1, ,345, ,
1, ,347, ,
3, ,345, ,
3, ,348, ,
0, ,346, ,
4, ,346, ,
1, ,346, ,
1, ,347, ,
3, ,345, ,
3, ,347, ,
0, ,345, ,
4, ,346, ,
1, ,345, ,
1, ,348, ,
3, ,344, ,
3, ,346, ,
1, ,346, ,
3, ,345, ,
1, ,345, ,
1, ,347, ,
3, ,346, ,
3, ,347, ,
0, ,344, ,
4, ,346, ,
1, ,346, ,
1, ,347, ,
3, ,344, ,
3, ,348, ,
1, ,346, ,
4, ,347, ,
1, ,345, ,
1, ,348, ,
3, ,345, ,
3, ,346, ,
0, ,346, ,
4, ,345, ,
1, ,346, ,
1, ,347, ,
3, ,345, ,
3, ,346, ,
0, ,346, ,
4, ,346, ,
1, ,345, ,
1, ,346, ,
3, ,344, ,
3, ,347, ,
0, ,345, ,
4, ,345, ,
1, ,346, ,
1, ,348, ,
3, ,344, ,
3, ,348, ,
0, ,346, ,
4, ,346, ,
1, ,345, ,
1, ,348, ,
3, ,344, ,
3, ,347, ,
0, ,345, ,
4, ,346, ,
1, ,346, ,
1, ,347, ,
3, ,344, ,
3, ,345, ,
0, ,345, ,
4, ,346, ,
1, ,346, ,
1, ,347, ,
3, ,344, ,
3, ,347, ,
0, ,345, ,
4, ,346, ,
1, ,345, ,
1, ,348, ,
3, ,344, ,
3, ,346, ,
0, ,347, ,
3, ,346, ,
1, ,345, ,
1, ,346, ,
3, ,344, ,
3, ,348, ,
0, ,345, ,
4, ,346, ,
1, ,346, ,
1, ,347, ,
3, ,344, ,
3, ,347, ,
0, ,346, ,
4, ,345, ,
1, ,345, ,
1, ,347, ,
3, ,345, ,
3, ,346, ,
0, ,346, ,
3, ,346, ,
1, ,346, ,
1, ,348, ,
3, ,344, ,
3, ,346, ,
0, ,346, ,
4, ,347, ,
1, ,345, ,
1, ,348, ,
3, ,345, ,
3, ,347, ,
0, ,345, ,
4, ,346, ,
1, ,346, ,
1, ,346, ,
3, ,345, ,
3, ,346, ,
0, ,346, ,
3, ,346, ,
1, ,345, ,
1, ,348, ,
3, ,345, ,
3, ,346, ,
0, ,345, ,
3, ,346, ,
1, ,346, ,
1, ,346, ,
3, ,344, ,
1, ,347, ,
0, ,346, ,
3, ,346, ,
1, ,346, ,
1, ,346, ,
3, ,345, ,
3, ,347, ,
0, ,346, ,
4, ,346, ,
1, ,346, ,
0, ,347, ,
3, ,344, ,
3, ,347, ,
0, ,345, ,
3, ,347, ,
1, ,345, ,
1, ,346, ,
3, ,345, ,
1, ,346, ,
0, ,345, ,
3, ,346, ,
1, ,346, ,
1, ,347, ,
3, ,344, ,
1, ,346, ,
0, ,346, ,
3, ,346, ,
1, ,345, ,
1, ,347, ,
3, ,345, ,
1, ,347, ,
0, ,345, ,
4, ,346, ,
1, ,345, ,
1, ,348, ,
3, ,344, ,
3, ,346, ,
0, ,346, ,
3, ,346, ,
1, ,345, ,
1, ,347, ,
3, ,345, ,
1, ,346, ,
0, ,345, ,
3, ,346, ,
1, ,346, ,
1, ,346, ,
3, ,342, ,
3, ,346, ,
0, ,346, ,
3, ,347, ,
1, ,346, ,
1, ,347, ,
3, ,345, ,
1, ,346, ,
0, ,343, ,
3, ,343, ,
1, ,342, ,
1, ,347, ,
3, ,347, ,
3, ,349, ,
0, ,348, ,
3, ,348, ,
1, ,344, ,
1, ,345, ,
3, ,343, ,
1, ,346, ,
0, ,344, ,
3, ,346, ,
1, ,346, ,
1, ,347, ,
3, ,344, ,
1, ,345, ,
0, ,344, ,
3, ,345, ,
1, ,345, ,
1, ,348, ,
3, ,345, ,
1, ,348, ,
0, ,345, ,
3, ,346, ,
1, ,345, ,
1, ,347, ,
3, ,344, ,
1, ,346, ,
0, ,346, ,
3, ,346, ,
1, ,345, ,
0, ,347, ,
3, ,344, ,
1, ,347, ,
0, ,345, ,
3, ,345, ,
1, ,345, ,
0, ,347, ,
3, ,344, ,
1, ,346, ,
0, ,346, ,
3, ,346, ,
1, ,345, ,
78, ,346, ,
55, ,345, ,
38, ,346, ,
24, ,345, ,
16, ,346, ,
9, ,346, ,
6, ,348, ,
6, ,345, ,
5, ,346, ,
3, ,345, ,
4, ,346, ,
3, ,345, ,
3, ,348, ,
5, ,345, ,
3, ,346, ,
1, ,345, ,
5, ,346, ,
3, ,346, ,
1, ,348, ,
4, ,344, ,
4, ,345, ,
1, ,346, ,
5, ,345, ,
1, ,345, ,
1, ,347, ,
4, ,345, ,
4, ,346, ,
1, ,344, ,
5, ,346, ,
3, ,345, ,
3, ,347, ,
4, ,345, ,
3, ,346, ,
1, ,345, ,
4, ,346, ,
3, ,344, ,
1, ,348, ,
4, ,345, ,
4, ,347, ,
1, ,344, ,
5, ,345, ,
1, ,345, ,
1, ,348, ,
4, ,345, ,
3, ,346, ,
1, ,345, ,
4, ,346, ,
1, ,345, ,
1, ,348, ,
4, ,345, ,
3, ,346, ,
1, ,345, ,
5, ,345, ,
3, ,345, ,
3, ,347, ,
4, ,344, ,
3, ,346, ,
1, ,346, ,
4, ,346, ,
3, ,345, ,
1, ,346, ,
4, ,345, ,
3, ,346, ,
1, ,346, ,
4, ,347, ,
1, ,346, ,
1, ,348, ,
3, ,345, ,
3, ,346, ,
1, ,346, ,
4, ,347, ,
3, ,346, ,
1, ,347, ,
4, ,346, ,
3, ,348, ,
1, ,345, ,
4, ,345, ,
3, ,346, ,
1, ,348, ,
4, ,345, ,
3, ,346, ,
1, ,345, ,
4, ,347, ,
1, ,346, ,
1, ,348, ,
4, ,346, ,
3, ,346, ,
1, ,345, ,
4, ,346, ,
3, ,346, ,
3, ,348, ,
4, ,344, ,
4, ,346, ,
1, ,346, ,
4, ,346, ,
1, ,345, ,
1, ,346, ,
4, ,345, ,
3, ,346, ,
1, ,345, ,
4, ,346, ,
3, ,346, ,
1, ,349, ,
3, ,345, ,
3, ,347, ,
1, ,346, ,
4, ,347, ,
1, ,345, ,
1, ,346, ,
4, ,345, ,
3, ,346, ,
1, ,346, ,
4, ,346, ,
3, ,346, ,
3, ,348, ,
3, ,345, ,
3, ,346, ,
1, ,346, ,
4, ,346, ,
1, ,345, ,
1, ,348, ,
3, ,346, ,
3, ,346, ,
1, ,344, ,
4, ,346, ,
1, ,346, ,
1, ,347, ,
3, ,344, ,
3, ,347, ,
1, ,346, ,
4, ,345, ,
1, ,345, ,
1, ,348, ,
3, ,345, ,
3, ,347, ,
1, ,346, ,
4, ,346, ,
1, ,345, ,
1, ,347, ,
3, ,344, ,
3, ,346, ,
1, ,346, ,
4, ,346, ,
1, ,345, ,
1, ,347, ,
4, ,345, ,
3, ,347, ,
1, ,345, ,
4, ,346, ,
1, ,346, ,
1, ,347, ,
3, ,345, ,
3, ,346, ,
1, ,346, ,
4, ,347, ,
1, ,346, ,
1, ,347, ,
3, ,346, ,
3, ,347, ,
0, ,345, ,
4, ,346, ,
1, ,345, ,
1, ,349, ,
3, ,345, ,
3, ,346, ,
1, ,346, ,
4, ,346, ,
1, ,345, ,
1, ,348, ,
3, ,345, ,
3, ,346, ,
1, ,345, ,
4, ,346, ,
1, ,346, ,
1, ,348, ,
3, ,345, ,
3, ,346, ,
1, ,345, ,
4, ,346, ,
1, ,345, ,
1, ,348, ,
4, ,345, ,
3, ,347, ,
0, ,345, ,
4, ,345, ,
3, ,345, ,
1, ,348, ,
3, ,345, ,
3, ,347, ,
1, ,346, ,
4, ,346, ,
1, ,345, ,
1, ,346, ,
3, ,345, ,
3, ,346, ,
1, ,345, ,
4, ,346, ,
1, ,346, ,
1, ,348, ,
3, ,344, ,
3, ,347, ,
1, ,346, ,
4, ,346, ,
1, ,346, ,
1, ,348, ,
4, ,345, ,
3, ,347, ,
0, ,346, ,
4, ,346, ,
1, ,346, ,
1, ,348, ,
3, ,344, ,
3, ,346, ,
1, ,346, ,
3, ,346, ,
1, ,346, ,
1, ,348, ,
3, ,345, ,
3, ,346, ,
0, ,346, ,
4, ,345, ,
1, ,345, ,
1, ,347, ,
3, ,344, ,
3, ,346, ,
0, ,346, ,
3, ,346, ,
1, ,346, ,
1, ,348, ,
3, ,345, ,
3, ,348, ,
0, ,345, ,
4, ,346, ,
1, ,346, ,
1, ,348, ,
3, ,345, ,
3, ,345, ,
0, ,346, ,
3, ,347, ,
1, ,345, ,
1, ,348, ,
3, ,345, ,
3, ,348, ,
0, ,345, ,
4, ,345, ,
1, ,346, ,
1, ,348, ,
3, ,345, ,
1, ,346, ,
0, ,345, ,
3, ,347, ,
1, ,346, ,
1, ,348, ,
3, ,346, ,
3, ,347, ,
0, ,346, ,
4, ,345, ,
64, ,346, ,
41, ,348, ,
25, ,344, ,
18, ,345, ,
13, ,345, ,
10, ,346, ,
5, ,345, ,
3, ,348, ,
6, ,344, ,
4, ,346, ,
1, ,346, ,
4, ,346, ,
3, ,346, ,
1, ,348, ,
4, ,344, ,
3, ,346, ,
1, ,346, ,
5, ,346, ,
3, ,340, ,
1, ,346, ,
4, ,349, ,
4, ,351, ,
1, ,346, ,
5, ,345, ,
1, ,346, ,
3, ,348, ,
4, ,344, ,
3, ,347, ,
1, ,348, ,
5, ,348, ,
3, ,344, ,
3, ,348, ,
4, ,345, ,
3, ,348, ,
1, ,345, ,
5, ,345, ,
3, ,345, ,
3, ,348, ,
4, ,343, ,
4, ,347, ,
1, ,346, ,
4, ,346, ,
1, ,345, ,
1, ,346, ,
4, ,346, ,
3, ,347, ,
1, ,346, ,
5, ,346, ,
1, ,346, ,
3, ,348, ,
4, ,344, ,
3, ,346, ,
1, ,346, ,
4, ,347, ,
1, ,345, ,
1, ,348, ,
4, ,346, ,
4, ,347, ,
1, ,345, ,
5, ,346, ,
3, ,346, ,
1, ,348, ,
4, ,344, ,
3, ,348, ,
1, ,346, ,
4, ,347, ,
3, ,346, ,
1, ,346, ,
4, ,345, ,
3, ,346, ,
1, ,346, ,
4, ,346, ,
1, ,345, ,
1, ,348, ,
4, ,345, ,
4, ,346, ,
1, ,346, ,
4, ,346, ,
3, ,345, ,
1, ,348, ,
4, ,344, ,
3, ,348, ,
1, ,346, ,
5, ,345, ,
3, ,346, ,
1, ,348, ,
4, ,344, ,
3, ,346, ,
1, ,346, ,
4, ,347, ,
1, ,345, ,
1, ,348, ,
4, ,345, ,
3, ,346, ,
1, ,346, ,
4, ,346, ,
1, ,346, ,
1, ,348, ,
4, ,345, ,
3, ,347, ,
1, ,347, ,
4, ,346, ,
1, ,346, ,
1, ,347, ,
3, ,345, ,
3, ,346, ,
1, ,346, ,
4, ,345, ,
3, ,346, ,
3, ,348, ,
4, ,344, ,
3, ,346, ,
1, ,346, ,
4, ,346, ,
1, ,346, ,
1, ,348, ,
3, ,345, ,
3, ,346, ,
1, ,346, ,
4, ,346, ,
1, ,347, ,
1, ,348, ,
3, ,345, ,
3, ,346, ,
1, ,346, ,
4, ,346, ,
1, ,345, ,
1, ,346, ,
3, ,345, ,
3, ,347, ,
1, ,347, ,
4, ,346, ,
1, ,347, ,
1, ,348, ,
3, ,344, ,
3, ,346, ,
1, ,346, ,
4, ,346, ,
1, ,345, ,
1, ,348, ,
3, ,345, ,
3, ,347, ,
1, ,345, ,
4, ,346, ,
1, ,345, ,
1, ,348, ,
3, ,345, ,
3, ,347, ,
1, ,345, ,
4, ,346, ,
3, ,344, ,
1, ,346, ,
4, ,345, ,
3, ,346, ,
1, ,345, ,
4, ,346, ,
3, ,346, ,
1, ,346, ,
3, ,344, ,
3, ,346, ,
1, ,347, ,
4, ,346, ,
1, ,345, ,
1, ,347, ,
3, ,345, ,
3, ,347, ,
1, ,344, ,
4, ,346, ,
1, ,346, ,
1, ,348, ,
3, ,344, ,
3, ,346, ,
1, ,346, ,
4, ,346, ,
1, ,345, ,
1, ,346, ,
3, ,346, ,
3, ,347, ,
1, ,345, ,
4, ,346, ,
1, ,346, ,
1, ,348, ,
3, ,344, ,
3, ,347, ,
1, ,345, ,
4, ,346, ,
1, ,345, ,
1, ,346, ,
3, ,345, ,
3, ,346, ,
1, ,346, ,
4, ,345, ,
1, ,345, ,
1, ,348, ,
3, ,344, ,
3, ,347, ,
0, ,346, ,
4, ,347, ,
1, ,345, ,
1, ,347, ,
3, ,345, ,
3, ,347, ,
0, ,345, ,
4, ,346, ,
1, ,345, ,
1, ,348, ,
3, ,344, ,
3, ,346, ,
1, ,346, ,
3, ,346, ,
1, ,345, ,
1, ,347, ,
4, ,344, ,
3, ,346, ,
0, ,345, ,
4, ,346, ,
1, ,345, ,
1, ,347, ,
3, ,344, ,
3, ,346, ,
0, ,345, ,
3, ,346, ,
1, ,345, ,
1, ,347, ,
4, ,345, ,
3, ,346, ,
0, ,346, ,
3, ,345, ,
1, ,345, ,
1, ,347, ,
3, ,345, ,
3, ,346, ,
0, ,346, ,
3, ,346, ,
1, ,346, ,
1, ,346, ,
3, ,345, ,
3, ,347, ,
0, ,345, ,
4, ,346, ,
1, ,346, ,
1, ,348, ,
3, ,344, ,
3, ,346, ,
1, ,345, ,
3, ,347, ,
1, ,345, ,
1, ,347, ,
3, ,345, ,
1, ,346, ,
0, ,345, ,
4, ,346, ,
1, ,345, ,
1, ,347, ,
3, ,344, ,
3, ,346, ,
1, ,345, ,
3, ,346, ,
1, ,345, ,
1, ,347, ,
4, ,345, ,
1, ,346, ,
0, ,346, ,
3, ,346, ,
1, ,346, ,
1, ,347, ,
3, ,344, ,
3, ,346, ,
1, ,346, ,
4, ,346, ,
1, ,346, ,
1, ,348, ,
3, ,345, ,
3, ,346, ,
0, ,345, ,
4, ,346, ,
1, ,346, ,
1, ,348, ,
1, ,345, ,
3, ,345, ,
0, ,346, ,
3, ,346, ,
1, ,345, ,
1, ,347, ,
3, ,345, ,
1, ,346, ,
0, ,345, ,
4, ,346, ,
1, ,346, ,
1, ,347, ,
3, ,344, ,
1, ,346, ,
0, ,345, ,
3, ,346, ,
1, ,346, ,
1, ,347, ,
3, ,345, ,
3, ,347, ,
0, ,346, ,
3, ,345, ,
1, ,346, ,
1, ,348, ,
3, ,344, ,
1, ,346, ,
0, ,345, ,
3, ,346, ,
1, ,345, ,
1, ,346, ,
4, ,345, ,
1, ,346, ,
0, ,345, ,
3, ,346, ,
1, ,345, ,
1, ,347, ,
3, ,345, ,
3, ,345, ,
0, ,345, ,
3, ,346, ,
1, ,345, ,
1, ,348, ,
3, ,344, ,
3, ,346, ,
0, ,345, ,
4, ,346, ,
1, ,346, ,
1, ,347, ,
3, ,345, ,
3, ,346, ,
0, ,346, ,
3, ,345, ,
1, ,344, ,
1, ,347, ,
3, ,345, ,
1, ,346, ,
0, ,345, ,
3, ,345, ,
1, ,346, ,
1, ,347, ,
3, ,345, ,
1, ,346, ,
0, ,346, ,
3, ,346, ,
1, ,345, ,
1, ,346, ,
3, ,344, ,
3, ,346, ,
0, ,345, ,
4, ,345, ,
1, ,346, ,
1, ,348, ,
3, ,344, ,
3, ,345, ,
0, ,347, ,
3, ,346, ,
1, ,345, ,
1, ,347, ,
3, ,345, ,
1, ,347, ,
0, ,345, ,
3, ,345, ,
1, ,345, ,
1, ,347, ,
3, ,345, ,
1, ,346, ,
0, ,346, ,
3, ,346, ,
1, ,345, ,
1, ,346, ,
3, ,345, ,
3, ,346, ,
0, ,345, ,
3, ,346, ,
1, ,346, ,
1, ,347, ,
3, ,344, ,
1, ,345, ,
0, ,345, ,
3, ,346, ,
1, ,345, ,
1, ,346, ,
3, ,345, ,
1, ,347, ,
0, ,345, ,
3, ,346, ,
1, ,346, ,
1, ,348, ,
3, ,345, ,
1, ,346, ,
0, ,345, ,
3, ,346, ,
1, ,345, ,
0, ,347, ,
3, ,345, ,
1, ,347, ,
0, ,344, ,
3, ,346, ,
1, ,346, ,
1, ,346, ,
3, ,345, ,
1, ,346, ,
0, ,346, ,
3, ,345, ,
1, ,344, ,
0, ,348, ,
3, ,344, ,
1, ,347, ,
0, ,345, ,
3, ,346, ,
1, ,346, ,
0, ,347, ,
3, ,344, ,
1, ,346, ,
0, ,345, ,
3, ,346, ,
1, ,345, ,
1, ,347, ,
3, ,345, ,
1, ,346, ,
0, ,345, ,
3, ,345, ,
1, ,346, ,
0, ,348, ,
3, ,345, ,
1, ,346, ,
0, ,345, ,
3, ,346, ,
1, ,345, ,
0, ,346, ,
3, ,345, ,
1, ,346, ,
0, ,345, ,
3, ,345, ,
1, ,345, ,
0, ,347, ,
3, ,345, ,
1, ,346, ,
0, ,346, ,
3, ,347, ,
1, ,346, ,
0, ,347, ,
3, ,345, ,
1, ,346, ,
0, ,345, ,
3, ,345, ,
1, ,345, ,
0, ,348, ,
3, ,344, ,
1, ,346, ,
0, ,346, ,
3, ,346, ,
1, ,346, ,
0, ,347, ,
3, ,345, ,
1, ,347, ,
0, ,344, ,
3, ,346, ,
1, ,346, ,
1, ,348, ,
3, ,345, ,
1, ,346, ,
0, ,345, ,
3, ,347, ,
1, ,345, ,
0, ,348, ,
3, ,345, ,
1, ,346, ,
0, ,345, ,
3, ,345, ,
1, ,345, ,
1, ,348, ,
3, ,345, ,
1, ,346, ,
0, ,346, ,
3, ,347, ,
1, ,345, ,
0, ,347, ,
3, ,345, ,
1, ,346, ,
0, ,345, ,
3, ,346, ,
92, ,340, ,
58, ,347, ,
41, ,350, ,
28, ,350, ,
16, ,346, ,
11, ,344, ,
6, ,345, ,
5, ,348, ,
8, ,345, ,
4, ,347, ,
1, ,346, ,
5, ,347, ,
4, ,345, ,
1, ,346, ,
4, ,345, ,
3, ,347, ,
1, ,346, ,
5, ,346, ,
1, ,344, ,
3, ,347, ,
4, ,345, ,
4, ,348, ,
1, ,345, ,
5, ,346, ,
3, ,345, ,
3, ,346, ,
4, ,344, ,
3, ,346, ,
1, ,346, ,
4, ,346, ,
3, ,344, ,
3, ,348, ,
4, ,345, ,
3, ,347, ,
1, ,346, ,
4, ,346, ,
3, ,345, ,
3, ,347, ,
4, ,344, ,
3, ,346, ,
1, ,345, ,
5, ,346, ,
3, ,345, ,
1, ,346, ,
4, ,345, ,
4, ,348, ,
1, ,346, ,
4, ,346, ,
3, ,346, ,
3, ,348, ,
4, ,344, ,
3, ,346, ,
1, ,345, ,
4, ,346, ,
3, ,345, ,
1, ,346, ,
4, ,344, ,
4, ,347, ,
1, ,345, ,
5, ,345, ,
1, ,346, ,
1, ,346, ,
4, ,344, ,
3, ,346, ,
1, ,344, ,
4, ,346, ,
1, ,346, ,
1, ,348, ,
4, ,345, ,
3, ,346, ,
1, ,345, ,
5, ,346, ,
1, ,346, ,
1, ,346, ,
4, ,344, ,
3, ,346, ,
1, ,346, ,
4, ,346, ,
1, ,346, ,
1, ,346, ,
4, ,345, ,
4, ,346, ,
1, ,344, ,
4, ,345, ,
3, ,346, ,
3, ,347, ,
3, ,344, ,
3, ,347, ,
1, ,346, ,
4, ,346, ,
1, ,345, ,
1, ,347, ,
4, ,345, ,
3, ,348, ,
1, ,346, ,
4, ,346, ,
3, ,345, ,
1, ,348, ,
3, ,344, ,
3, ,346, ,
1, ,346, ,
4, ,346, ,
1, ,345, ,
1, ,348, ,
4, ,345, ,
3, ,347, ,
1, ,346, ,
4, ,346, ,
1, ,346, ,
3, ,348, ,
3, ,345, ,
3, ,347, ,
1, ,345, ,
4, ,346, ,
3, ,345, ,
1, ,346, ,
4, ,345, ,
3, ,347, ,
1, ,346, ,
4, ,345, ,
1, ,346, ,
1, ,348, ,
3, ,344, ,
3, ,346, ,
1, ,346, ,
4, ,346, ,
1, ,345, ,
1, ,347, ,
4, ,345, ,
3, ,347, ,
1, ,345, ,
4, ,346, ,
1, ,345, ,
1, ,347, ,
3, ,344, ,
3, ,348, ,
1, ,346, ,
4, ,345, ,
1, ,344, ,
1, ,347, ,
4, ,345, ,
3, ,346, ,
1, ,345, ,
4, ,346, ,
3, ,346, ,
1, ,348, ,
3, ,345, ,
3, ,346, ,
1, ,345, ,
4, ,346, ,
1, ,345, ,
1, ,347, ,
3, ,345, ,
3, ,346, ,
1, ,345, ,
4, ,346, ,
3, ,345, ,
1, ,348, ,
3, ,345, ,
3, ,346, ,
1, ,345, ,
4, ,346, ,
1, ,345, ,
1, ,347, ,
3, ,345, ,
3, ,346, ,
1, ,345, ,
4, ,346, ,
1, ,346, ,
1, ,348, ,
3, ,344, ,
3, ,346, ,
1, ,346, ,
4, ,346, ,
1, ,345, ,
1, ,348, ,
3, ,345, ,
3, ,347, ,
1, ,346, ,
4, ,346, ,
1, ,346, ,
1, ,348, ,
3, ,344, ,
3, ,347, ,
0, ,346, ,
3, ,347, ,
1, ,344, ,
1, ,346, ,
3, ,346, ,
3, ,348, ,
0, ,345, ,
3, ,346, ,
1, ,346, ,
1, ,348, ,
3, ,344, ,
3, ,346, ,
1, ,345, ,
3, ,346, ,
1, ,345, ,
1, ,346, ,
3, ,345, ,
3, ,347, ,
0, ,345, ,
4, ,345, ,
1, ,345, ,
1, ,348, ,
3, ,344, ,
3, ,346, ,
1, ,347, ,
3, ,346, ,
1, ,345, ,
1, ,346, ,
3, ,345, ,
3, ,346, ,
0, ,345, ,
4, ,346, ,
50, ,346, ,
41, ,347, ,
29, ,344, ,
19, ,346, ,
10, ,346, ,
9, ,346, ,
5, ,345, ,
4, ,346, ,
5, ,344, ,
3, ,346, ,
1, ,346, ,
4, ,345, ,
3, ,345, ,
1, ,347, ,
4, ,345, ,
4, ,346, ,
1, ,345, ,
5, ,346, ,
1, ,346, ,
1, ,347, ,
4, ,345, ,
4, ,347, ,
1, ,345, ,
5, ,345, ,
3, ,344, ,
3, ,345, ,
4, ,342, ,
4, ,345, ,
1, ,348, ,
5, ,348, ,
3, ,348, ,
1, ,347, ,
4, ,345, ,
4, ,345, ,
1, ,344, ,
4, ,344, ,
3, ,346, ,
3, ,347, ,
4, ,344, ,
4, ,347, ,
1, ,346, ,
5, ,345, ,
3, ,345, ,
3, ,345, ,
4, ,344, ,
3, ,346, ,
1, ,345, ,
4, ,345, ,
3, ,344, ,
1, ,346, ,
3, ,344, ,
4, ,347, ,
1, ,346, ,
4, ,346, ,
3, ,345, ,
1, ,347, ,
4, ,345, ,
4, ,347, ,
1, ,345, ,
4, ,346, ,
1, ,346, ,
1, ,347, ,
4, ,343, ,
3, ,346, ,
1, ,345, ,
4, ,346, ,
3, ,344, ,
1, ,346, ,
4, ,345, ,
4, ,347, ,
1, ,345, ,
4, ,345, ,
1, ,345, ,
1, ,347, ,
4, ,344, ,
3, ,346, ,
1, ,346, ,
4, ,345, ,
1, ,344, ,
1, ,346, ,
3, ,345, ,
3, ,346, ,
1, ,345, ,
4, ,346, ,
1, ,346, ,
1, ,347, ,
3, ,344, ,
3, ,345, ,
1, ,346, ,
4, ,346, ,
1, ,345, ,
1, ,346, ,
3, ,345, ,
3, ,346, ,
1, ,345, ,
4, ,345, ,
3, ,345, ,
1, ,346, ,
3, ,344, ,
3, ,346, ,
1, ,346, ,
4, ,346, ,
1, ,345, ,
1, ,346, ,
4, ,345, ,
3, ,346, ,
1, ,346, ,
5, ,346, ,
1, ,346, ,
1, ,348, ,
3, ,344, ,
3, ,347, ,
1, ,346, ,
4, ,346, ,
1, ,345, ,
1, ,348, ,
4, ,345, ,
3, ,346, ,
1, ,344, ,
4, ,345, ,
1, ,345, ,
1, ,346, ,
3, ,345, ,
3, ,346, ,
1, ,346, ,
4, ,346, ,
1, ,345, ,
1, ,346, ,
4, ,345, ,
3, ,346, ,
1, ,345, ,
4, ,346, ,
3, ,346, ,
1, ,348, ,
3, ,344, ,
3, ,346, ,
1, ,346, ,
4, ,345, ,
3, ,346, ,
1, ,346, ,
4, ,345, ,
3, ,348, ,
1, ,346, ,
4, ,345, ,
1, ,345, ,
1, ,348, ,
3, ,344, ,
3, ,346, ,
1, ,345, ,
4, ,346, ,
1, ,346, ,
1, ,346, ,
4, ,345, ,
3, ,348, ,
1, ,345, ,
4, ,345, ,
1, ,346, ,
1, ,347, ,
3, ,345, ,
3, ,346, ,
1, ,346, ,
4, ,346, ,
1, ,345, ,
1, ,346, ,
4, ,345, ,
3, ,347, ,
1, ,344, ,
4, ,346, ,
1, ,346, ,
1, ,348, ,
3, ,344, ,
3, ,347, ,
1, ,346, ,
4, ,347, ,
1, ,345, ,
1, ,348, ,
3, ,346, ,
3, ,346, ,
0, ,346, ,
4, ,346, ,
1, ,345, ,
1, ,348, ,
3, ,345, ,
3, ,346, ,
1, ,346, ,
4, ,346, ,
1, ,345, ,
1, ,348, ,
4, ,345, ,
3, ,348, ,
1, ,345, ,
4, ,346, ,
3, ,345, ,
1, ,349, ,
3, ,344, ,
3, ,346, ,
0, ,346, ,
4, ,346, ,
1, ,345, ,
1, ,347, ,
3, ,345, ,
3, ,347, ,
1, ,345, ,
3, ,346, ,
1, ,346, ,
1, ,348, ,
3, ,344, ,
3, ,347, ,
0, ,347, ,
4, ,346, ,
1, ,346, ,
1, ,346, ,
3, ,345, ,
3, ,346, ,
0, ,345, ,
3, ,345, ,
1, ,346, ,
1, ,348, ,
3, ,344, ,
3, ,346, ,
1, ,346, ,
4, ,345, ,
1, ,346, ,
1, ,347, ,
4, ,345, ,
3, ,347, ,
0, ,345, ,
4, ,346, ,
1, ,346, ,
1, ,347, ,
3, ,345, ,
3, ,346, ,
0, ,346, ,
3, ,346, ,
1, ,346, ,
1, ,348, ,
3, ,345, ,
3, ,346, ,
0, ,346, ,
3, ,346, ,
1, ,346, ,
1, ,348, ,
3, ,344, ,
3, ,346, ,
0, ,346, ,
3, ,346, ,
1, ,345, ,
1, ,348, ,
3, ,345, ,
3, ,346, ,
0, ,345, ,
3, ,345, ,
1, ,346, ,
1, ,348, ,
3, ,345, ,
3, ,346, ,
0, ,346, ,
3, ,347, ,
1, ,345, ,
1, ,348, ,
4, ,346, ,
3, ,346, ,
0, ,344, ,
4, ,346, ,
1, ,345, ,
1, ,348, ,
3, ,345, ,
3, ,346, ,
0, ,346, ,
3, ,346, ,
1, ,346, ,
1, ,346, ,
3, ,345, ,
3, ,348, ,
0, ,344, ,
4, ,345, ,
1, ,346, ,
1, ,348, ,
3, ,345, ,
3, ,347, ,
0, ,346, ,
3, ,347, ,
1, ,346, ,
1, ,346, ,
3, ,344, ,
3, ,346, ,
0, ,346, ,
4, ,346, ,
1, ,346, ,
1, ,347, ,
3, ,345, ,
3, ,346, ,
0, ,345, ,
3, ,346, ,
1, ,345, ,
1, ,347, ,
3, ,345, ,
3, ,347, ,
0, ,346, ,
3, ,346, ,
1, ,346, ,
1, ,347, ,
3, ,344, ,
3, ,347, ,
0, ,346, ,
3, ,347, ,
1, ,345, ,
1, ,347, ,
3, ,345, ,
1, ,347, ,
0, ,346, ,
3, ,345, ,
1, ,346, ,
1, ,348, ,
3, ,345, ,
1, ,347, ,
0, ,346, ,
3, ,346, ,
1, ,346, ,
1, ,348, ,
3, ,345, ,
3, ,346, ,
0, ,346, ,
3, ,346, ,
1, ,346, ,
1, ,348, ,
3, ,345, ,
1, ,346, ,
0, ,346, ,
3, ,346, ,
1, ,347, ,
1, ,347, ,
3, ,346, ,
3, ,347, ,
0, ,345, ,
3, ,346, ,
1, ,345, ,
1, ,347, ,
3, ,345, ,
1, ,348, ,
0, ,346, ,
3, ,346, ,
1, ,345, ,
1, ,347, ,
3, ,345, ,
1, ,347, ,
0, ,346, ,
3, ,346, ,
1, ,346, ,
1, ,347, ,
3, ,344, ,
1, ,347, ,
0, ,346, ,
3, ,346, ,
1, ,346, ,
1, ,346, ,
3, ,345, ,
1, ,347, ,
0, ,345, ,
3, ,346, ,
1, ,346, ,
1, ,347, ,
3, ,344, ,
1, ,347, ,
0, ,345, ,
3, ,346, ,
1, ,345, ,
1, ,347, ,
3, ,345, ,
1, ,346, ,
0, ,345, ,
3, ,345, ,
1, ,346, ,
1, ,348, ,
3, ,344, ,
1, ,346, ,
0, ,346, ,
3, ,346, ,
1, ,346, ,
1, ,348, ,
3, ,346, ,
1, ,346, ,
0, ,345, ,
3, ,345, ,
1, ,344, ,
1, ,348, ,
3, ,345, ,
1, ,346, ,
0, ,346, ,
3, ,347, ,
1, ,345, ,
0, ,347, ,
3, ,346, ,
1, ,347, ,
0, ,345, ,
3, ,345, ,
1, ,346, ,
1, ,348, ,
3, ,345, ,
1, ,347, ,
0, ,347, ,
3, ,345, ,
1, ,346, ,
1, ,346, ,
3, ,345, ,
1, ,346, ,
0, ,346, ,
3, ,346, ,
1, ,346, ,
1, ,348, ,
3, ,345, ,
1, ,346, ,
0, ,346, ,
3, ,346, ,
1, ,346, ,
1, ,348, ,
4, ,345, ,
1, ,347, ,
0, ,346, ,
3, ,345, ,
1, ,345, ,
1, ,347, ,
3, ,344, ,
1, ,347, ,
0, ,346, ,
3, ,345, ,
1, ,345, ,
1, ,348, ,
3, ,345, ,
1, ,347, ,
0, ,345, ,
3, ,345, ,
1, ,345, ,
0, ,346, ,
3, ,344, ,
1, ,346, ,
0, ,347, ,
3, ,346, ,
0, ,345, ,
0, ,347, ,
3, ,346, ,
1, ,346, ,
0, ,345, ,
3, ,346, ,
1, ,345, ,
1, ,347, ,
3, ,345, ,
1, ,346, ,
0, ,345, ,
3, ,346, ,
1, ,345, ,
1, ,348, ,
3, ,345, ,
1, ,348, ,
0, ,345, ,
3, ,346, ,
1, ,346, ,
1, ,348, ,
3, ,344, ,
1, ,346, ,
0, ,346, ,
3, ,345, ,
1, ,345, ,
1, ,348, ,
3, ,345, ,
1, ,347, ,
0, ,346, ,
3, ,346, ,
1, ,346, ,
0, ,348, ,
3, ,344, ,
1, ,346, ,
0, ,345, ,
3, ,345, ,
1, ,345, ,
1, ,347, ,
3, ,345, ,
1, ,346, ,
0, ,345, ,
3, ,345, ,
1, ,345, ,
0, ,348, ,
3, ,344, ,
1, ,346, ,
0, ,345, ,
3, ,347, ,
1, ,345, ,
1, ,348, ,
3, ,345, ,
1, ,346, ,
0, ,346, ,
3, ,345, ,
1, ,346, ,
0, ,347, ,
3, ,345, ,
1, ,347, ,
0, ,347, ,
3, ,346, ,
1, ,345, ,
0, ,347, ,
3, ,345, ,
1, ,346, ,
0, ,345, ,
3, ,346, ,
1, ,346, ,
0, ,347, ,
3, ,344, ,
1, ,346, ,
0, ,346, ,
3, ,346, ,
1, ,345, ,
0, ,348, ,
3, ,345, ,
1, ,346, ,
0, ,345, ,
3, ,345, ,
1, ,346, ,
0, ,348, ,
3, ,345, ,
1, ,346, ,
0, ,346, ,
3, ,346, ,
0, ,345, ,
1, ,348, ,
3, ,345, ,
1, ,346, ,
0, ,346, ,
3, ,346, ,
1, ,346, ,
0, ,348, ,
3, ,344, ,
1, ,346, ,
0, ,346, ,
3, ,346, ,
1, ,345, ,
0, ,347, ,
3, ,345, ,
1, ,346, ,
0, ,345, ,
3, ,345, ,
0, ,346, ,
1, ,347, ,
3, ,344, ,
1, ,346, ,
0, ,346, ,
3, ,346, ,
0, ,345, ,
0, ,348, ,
3, ,345, ,
1, ,348, ,
0, ,345, ,
3, ,345, ,
1, ,346, ,
0, ,348, ,
3, ,344, ,
1, ,346, ,
0, ,346, ,
3, ,346, ,
1, ,346, ,
0, ,347, ,
3, ,345, ,
1, ,346, ,
0, ,345, ,
3, ,346, ,
0, ,346, ,
0, ,348, ,
3, ,344, ,
1, ,347, ,
0, ,346, ,
3, ,345, ,
1, ,345, ,
0, ,348, ,
3, ,345, ,
1, ,348, ,
0, ,345, ,
3, ,345, ,
1, ,346, ,
0, ,349, ,
3, ,345, ,
102, ,346, ,
61, ,346, ,
37, ,345, ,
25, ,345, ,
19, ,347, ,
14, ,345, ,
6, ,347, ,
4, ,344, ,
6, ,346, ,
4, ,346, ,
3, ,348, ,
5, ,344, ,
4, ,347, ,
3, ,346, ,
4, ,345, ,
1, ,345, ,
3, ,348, ,
4, ,345, ,
3, ,346, ,
1, ,344, ,
5, ,346, ,
3, ,346, ,
3, ,348, ,
4, ,344, ,
4, ,346, ,
1, ,346, ,
4, ,345, ,
1, ,346, ,
3, ,346, ,
4, ,345, ,
4, ,346, ,
1, ,345, ,
5, ,345, ,
3, ,346, ,
3, ,348, ,
4, ,344, ,
3, ,346, ,
1, ,347, ,
5, ,345, ,
1, ,345, ,
1, ,348, ,
4, ,345, ,
4, ,346, ,
1, ,346, ,
5, ,346, ,
1, ,346, ,
3, ,348, ,
4, ,344, ,
4, ,347, ,
1, ,347, ,
4, ,346, ,
3, ,345, ,
1, ,348, ,
4, ,345, ,
3, ,347, ,
1, ,345, ,
4, ,346, ,
1, ,345, ,
3, ,348, ,
4, ,344, ,
4, ,346, ,
1, ,345, ,
4, ,346, ,
3, ,346, ,
1, ,347, ,
4, ,345, ,
4, ,346, ,
1, ,345, ,
4, ,346, ,
1, ,346, ,
3, ,348, ,
3, ,344, ,
3, ,346, ,
1, ,346, ,
4, ,346, ,
1, ,345, ,
1, ,346, ,
4, ,345, ,
3, ,346, ,
1, ,345, ,
4, ,346, ,
3, ,346, ,
3, ,348, ,
3, ,345, ,
3, ,347, ,
1, ,347, ,
4, ,345, ,
1, ,345, ,
1, ,347, ,
4, ,345, ,
3, ,346, ,
1, ,346, ,
4, ,345, ,
3, ,346, ,
1, ,348, ,
3, ,344, ,
3, ,346, ,
1, ,345, ,
4, ,346, ,
1, ,346, ,
1, ,348, ,
4, ,345, ,
3, ,346, ,
1, ,346, ,
4, ,345, ,
3, ,346, ,
3, ,349, ,
3, ,344, ,
3, ,346, ,
1, ,346, ,
4, ,346, ,
3, ,344, ,
1, ,348, ,
4, ,345, ,
3, ,348, ,
1, ,344, ,
4, ,345, ,
3, ,345, ,
1, ,347, ,
3, ,345, ,
3, ,345, ,
1, ,345, ,
4, ,345, ,
1, ,345, ,
1, ,348, ,
3, ,346, ,
3, ,347, ,
1, ,346, ,
4, ,345, ,
1, ,346, ,
1, ,348, ,
3, ,344, ,
3, ,345, ,
1, ,346, ,
4, ,346, ,
1, ,346, ,
1, ,348, ,
4, ,345, ,
3, ,346, ,
1, ,344, ,
4, ,344, ,
3, ,346, ,
3, ,347, ,
3, ,345, ,
3, ,346, ,
1, ,346, ,
4, ,346, ,
1, ,345, ,
1, ,348, ,
4, ,345, ,
3, ,347, ,
1, ,345, ,
4, ,346, ,
3, ,346, ,
3, ,348, ,
3, ,344, ,
3, ,345, ,
1, ,346, ,
4, ,345, ,
1, ,345, ,
1, ,347, ,
3, ,345, ,
3, ,348, ,
0, ,345, ,
4, ,346, ,
1, ,346, ,
1, ,348, ,
3, ,344, ,
3, ,347, ,
0, ,346, ,
4, ,346, ,
1, ,345, ,
1, ,348, ,
4, ,346, ,
3, ,348, ,
0, ,344, ,
4, ,345, ,
1, ,346, ,
1, ,348, ,
3, ,345, ,
3, ,346, ,
0, ,346, ,
3, ,346, ,
1, ,345, ,
1, ,348, ,
3, ,345, ,
3, ,346, ,
0, ,345, ,
4, ,345, ,
1, ,345, ,
1, ,348, ,
3, ,344, ,
3, ,346, ,
0, ,346, ,
3, ,346, ,
1, ,345, ,
1, ,348, ,
3, ,345, ,
3, ,348, ,
0, ,346, ,
3, ,346, ,
1, ,346, ,
1, ,348, ,
3, ,344, ,
3, ,347, ,
1, ,346, ,
3, ,345, ,
1, ,345, ,
1, ,346, ,
3, ,344, ,
3, ,347, ,
0, ,344, ,
4, ,346, ,
1, ,347, ,
1, ,348, ,
3, ,347, ,
3, ,348, ,
1, ,348, ,
3, ,347, ,
1, ,345, ,
1, ,346, ,
3, ,345, ,
3, ,347, ,
0, ,345, ,
4, ,345, ,
1, ,344, ,
1, ,347, ,
3, ,344, ,
3, ,345, ,
1, ,346, ,
3, ,345, ,
1, ,345, ,
1, ,348, ,
3, ,345, ,
3, ,348, ,
0, ,346, ,
4, ,346, ,
1, ,346, ,
1, ,348, ,
3, ,345, ,
3, ,348, ,
1, ,346, ,
3, ,347, ,
1, ,345, ,
1, ,348, ,
3, ,345, ,
3, ,346, ,
0, ,344, ,
4, ,345, ,
1, ,345, ,
1, ,348, ,
3, ,344, ,
3, ,346, ,
1, ,346, ,
3, ,345, ,
1, ,344, ,
1, ,347, ,
3, ,345, ,
3, ,346, ,
0, ,346, ,
4, ,345, ,
1, ,345, ,
1, ,346, ,
3, ,344, ,
3, ,344, ,
0, ,345, ,
3, ,346, ,
1, ,345, ,
1, ,348, ,
3, ,345, ,
3, ,346, ,
0, ,346, ,
3, ,347, ,
1, ,346, ,
1, ,348, ,
3, ,345, ,
3, ,347, ,
0, ,346, ,
3, ,346, ,
1, ,345, ,
1, ,346, ,
3, ,342, ,
3, ,346, ,
0, ,344, ,
3, ,344, ,
1, ,345, ,
1, ,347, ,
3, ,344, ,
3, ,346, ,
0, ,345, ,
3, ,346, ,
1, ,346, ,
1, ,348, ,
3, ,346, ,
3, ,348, ,
0, ,346, ,
3, ,345, ,
1, ,345, ,
1, ,348, ,
3, ,344, ,
3, ,346, ,
0, ,346, ,
3, ,346, ,
1, ,345, ,
1, ,348, ,
3, ,346, ,
1, ,346, ,
0, ,346, ,
3, ,345, ,
1, ,346, ,
1, ,348, ,
3, ,344, ,
1, ,345, ,
0, ,346, ,
3, ,346, ,
1, ,345, ,
1, ,347, ,
3, ,344, ,
3, ,346, ,
0, ,344, ,
3, ,345, ,
1, ,345, ,
1, ,347, ,
3, ,345, ,
1, ,348, ,
0, ,347, ,
3, ,346, ,
1, ,346, ,
1, ,348, ,
3, ,347, ,
1, ,348, ,
0, ,346, ,
3, ,345, ,
1, ,346, ,
1, ,348, ,
3, ,344, ,
3, ,346, ,
0, ,346, ,
3, ,346, ,
1, ,345, ,
1, ,346, ,
4, ,344, ,
3, ,346, ,
0, ,345, ,
3, ,346, ,
1, ,346, ,
1, ,349, ,
3, ,344, ,
3, ,348, ,
0, ,347, ,
3, ,347, ,
1, ,346, ,
1, ,347, ,
3, ,345, ,
1, ,346, ,
0, ,345, ,
3, ,345, ,
1, ,345, ,
1, ,346, ,
3, ,344, ,
1, ,346, ,
0, ,346, ,
3, ,346, ,
1, ,346, ,
1, ,348, ,
3, ,346, ,
1, ,347, ,
0, ,345, ,
3, ,345, ,
1, ,346, ,
1, ,348, ,
3, ,344, ,
1, ,346, ,
0, ,346, ,
3, ,346, ,
1, ,345, ,
1, ,347, ,
3, ,345, ,
1, ,347, ,
0, ,346, ,
3, ,346, ,
1, ,346, ,
0, ,348, ,
3, ,345, ,
1, ,346, ,
0, ,346, ,
3, ,346, ,
1, ,346, ,
1, ,348, ,
3, ,345, ,
1, ,347, ,
0, ,345, ,
3, ,345, ,
1, ,346, ,
1, ,348, ,
3, ,344, ,
1, ,347, ,
0, ,346, ,
3, ,346, ,
1, ,345, ,
0, ,348, ,
3, ,345, ,
1, ,347, ,
0, ,345, ,
3, ,345, ,
1, ,347, ,
1, ,349, ,
3, ,344, ,
1, ,347, ,
0, ,346, ,
3, ,346, ,
0, ,345, ,
0, ,347, ,
3, ,345, ,
1, ,347, ,
0, ,345, ,
3, ,345, ,
1, ,345, ,
0, ,348, ,
3, ,345, ,
3, ,346, ,
0, ,346, ,
3, ,346, ,
1, ,346, ,
0, ,349, ,
3, ,345, ,
1, ,347, ,
0, ,345, ,
3, ,345, ,
1, ,345, ,
1, ,348, ,
3, ,345, ,
1, ,346, ,
0, ,346, ,
3, ,347, ,
0, ,346, ,
0, ,348, ,
3, ,346, ,
1, ,348, ,
0, ,346, ,
3, ,345, ,
1, ,346, ,
0, ,348, ,
3, ,344, ,
1, ,346, ,
0, ,345, ,
3, ,345, ,
1, ,344, ,
1, ,347, ,
3, ,345, ,
1, ,346, ,
0, ,345, ,
3, ,345, ,
1, ,345, ,
1, ,348, ,
3, ,345, ,
1, ,346, ,
0, ,347, ,
3, ,346, ,
1, ,346, ,
0, ,348, ,
3, ,345, ,
1, ,346, ,
0, ,345, ,
3, ,346, ,
1, ,345, ,
0, ,348, ,
3, ,344, ,
1, ,346, ,
0, ,345, ,
3, ,344, ,
1, ,343, ,
1, ,346, ,
3, ,346, ,
1, ,348, ,
0, ,348, ,
3, ,348, ,
1, ,345, ,
1, ,347, ,
3, ,343, ,
1, ,346, ,
0, ,345, ,
3, ,346, ,
1, ,345, ,
1, ,347, ,
3, ,346, ,
1, ,346, ,
0, ,345, ,
3, ,346, ,
0, ,346, ,
0, ,349, ,
3, ,344, ,
1, ,346, ,
0, ,346, ,
3, ,346, ,
1, ,345, ,
0, ,348, ,
3, ,345, ,
1, ,347, ,
0, ,345, ,
3, ,346, ,
1, ,347, ,
1, ,347, ,
3, ,344, ,
1, ,345, ,
0, ,346, ,
3, ,346, ,
0, ,345, ,
0, ,347, ,
3, ,345, ,
1, ,346, ,
0, ,345, ,
3, ,345, ,
1, ,345, ,
0, ,348, ,
3, ,345, ,
1, ,346, ,
0, ,345, ,
3, ,346, ,
1, ,345, ,
0, ,347, ,
3, ,345, ,
1, ,346, ,
0, ,346, ,
3, ,345, ,
0, ,346, ,
0, ,348, ,
3, ,344, ,
1, ,346, ,
0, ,346, ,
3, ,345, ,
1, ,344, ,
0, ,347, ,
3, ,345, ,
1, ,347, ,
0, ,345, ,
3, ,345, ,
1, ,345, ,
0, ,348, ,
3, ,345, ,
1, ,346, ,
0, ,346, ,
3, ,346, ,
0, ,345, ,
0, ,348, ,
3, ,345, ,
1, ,346, ,
-1, ,346, ,
3, ,344, ,
1, ,344, ,
0, ,347, ,
3, ,344, ,
1, ,347, ,
0, ,346, ,
3, ,347, ,
0, ,345, ,
0, ,348, ,
3, ,344, ,
1, ,346, ,
0, ,345, ,
3, ,345, ,
1, ,346, ,
0, ,348, ,
3, ,344, ,
1, ,346, ,
0, ,346, ,
3, ,346, ,
1, ,345, ,
0, ,346, ,
3, ,344, ,
1, ,347, ,
0, ,346, ,
3, ,345, ,
1, ,345, ,
0, ,348, ,
3, ,344, ,
1, ,347, ,
0, ,347, ,
3, ,347, ,
0, ,343, ,
0, ,344, ,
3, ,345, ,
1, ,351, ,
0, ,349, ,
3, ,344, ,
0, ,344, ,
0, ,348, ,
3, ,345, ,
1, ,348, ,
0, ,347, ,
3, ,346, ,
0, ,346, ,
0, ,348, ,
3, ,346, ,
1, ,348, ,
0, ,346, ,
3, ,345, ,
1, ,346, ,
0, ,349, ,
1, ,344, ,
1, ,348, ,
0, ,346, ,
3, ,346, ,
0, ,346, ,
0, ,346, ,
3, ,345, ,
1, ,348, ,
0, ,344, ,
3, ,346, ,
1, ,346, ,
0, ,348, ,
3, ,345, ,
1, ,346, ,
0, ,346, ,
3, ,346, ,
0, ,345, ,
0, ,348, ,
3, ,344, ,
1, ,348, ,
0, ,345, ,
3, ,346, ,
1, ,346, ,
0, ,347, ,
3, ,344, ,
1, ,347, ,
0, ,346, ,
3, ,346, ,
1, ,346, ,
0, ,347, ,
3, ,344, ,
1, ,347, ,
0, ,345, ,
3, ,346, ,
1, ,345, ,
1, ,348, ,
3, ,345, ,
1, ,348, ,
0, ,346, ,
3, ,346, ,
0, ,345, ,
0, ,346, ,
3, ,344, ,
1, ,347, ,
0, ,345, ,
3, ,346, ,
1, ,345, ,
0, ,349, ,
3, ,345, ,
1, ,346, ,
0, ,346, ,
3, ,347, ,
0, ,345, ,
0, ,348, ,
3, ,345, ,
1, ,346, ,
0, ,345, ,
3, ,346, ,
0, ,346, ,
0, ,347, ,
3, ,344, ,
1, ,346, ,
0, ,346, ,
3, ,347, ,
0, ,345, ,
0, ,347, ,
3, ,345, ,
1, ,348, ,
-1, ,345, ,
3, ,346, ,
1, ,345, ,
0, ,346, ,
3, ,344, ,
1, ,346, ,
0, ,346, ,
3, ,346, ,
0, ,345, ,
0, ,347, ,
3, ,345, ,
1, ,348, ,
0, ,346, ,
3, ,345, ,
1, ,345, ,
0, ,348, ,
3, ,344, ,
1, ,348, ,
0, ,345, ,
3, ,346, ,
0, ,344, ,
0, ,347, ,
3, ,345, ,
1, ,348, ,
0, ,345, ,
3, ,345, ,
0, ,345, ,
0, ,348, ,
3, ,344, ,
1, ,348, ,
0, ,346, ,
3, ,346, ,
0, ,345, ,
0, ,346, ,
3, ,346, ,
1, ,346, ,
0, ,345, ,
3, ,346, ,
0, ,346, ,
0, ,348, ,
3, ,344, ,
1, ,347, ,
0, ,346, ,
3, ,346, ,
0, ,345, ,
0, ,348, ,
3, ,344, ,
1, ,347, ,
0, ,345, ,
3, ,345, ,
0, ,346, ,
0, ,348, ,
1, ,345, ,
1, ,347, ,
0, ,346, ,
3, ,347, ,
0, ,344, ,
0, ,346, ,
3, ,346, ,
1, ,348, ,
0, ,345, ,
3, ,345, ,
0, ,345, ,
0, ,348, ,
3, ,345, ,
1, ,348, ,
0, ,346, ,
3, ,346, ,
0, ,346, ,
0, ,348, ,
3, ,345, ,
1, ,348, ,
0, ,345, ,
3, ,346, ,
0, ,346, ,
0, ,348, ,
1, ,344, ,
1, ,346, ,
0, ,346, ,
3, ,346, ,
0, ,345, ,
0, ,346, ,
3, ,345, ,
1, ,347, ,
-1, ,346, ,
3, ,345, ,
0, ,345, ,
0, ,347, ,
1, ,344, ,
1, ,348, ,
0, ,346, ,
3, ,346, ,
0, ,346, ,
0, ,348, ,
3, ,346, ,
1, ,346, ,
0, ,345, ,
3, ,345, ,
0, ,345, ,
0, ,348, ,
3, ,343, ,
1, ,346, ,
0, ,346, ,
3, ,346, ,
0, ,346, ,
0, ,347, ,
3, ,345, ,
1, ,348, ,
0, ,344, ,
3, ,346, ,
0, ,347, ,
0, ,348, ,
3, ,344, ,
1, ,346, ,
0, ,346, ,
3, ,346, ,
0, ,345, ,
0, ,346, ,
3, ,345, ,
1, ,348, ,
0, ,345, ,
3, ,345, ,
0, ,347, ,
0, ,348, ,
3, ,344, ,
1, ,346, ,
0, ,346, ,
3, ,346, ,
0, ,345, ,
0, ,346, ,
3, ,345, ,
1, ,348, ,
-1, ,345, ,
3, ,346, ,
0, ,346, ,
0, ,348, ,
3, ,344, ,
0, ,348, ,
0, ,346, ,
3, ,346, ,
0, ,345, ,
0, ,346, ,
3, ,345, ,
1, ,348, ,
0, ,345, ,
3, ,346, ,
0, ,346, ,
0, ,348, ,
3, ,344, ,
1, ,346, ,
0, ,347, ,
3, ,346, ,
0, ,345, ,
0, ,347, ,
3, ,346, ,
1, ,347, ,
0, ,345, ,
3, ,345, ,
0, ,346, ,
0, ,349, ,
3, ,344, ,
1, ,346, ,
0, ,346, ,
3, ,346, ,
0, ,345, ,
0, ,347, ,
3, ,345, ,
1, ,346, ,
-1, ,345, ,
3, ,346, ,
0, ,345, ,
0, ,347, ,
3, ,344, ,
1, ,346, ,
0, ,346, ,
3, ,346, ,
0, ,344, ,
0, ,346, ,
3, ,345, ,
1, ,347, ,
-1, ,346, ,
3, ,346, ,
0, ,346, ,
0, ,348, ,
3, ,344, ,
1, ,348, ,
0, ,346, ,
3, ,346, ,
0, ,345, ,
0, ,346, ,
3, ,345, ,
1, ,346, ,
0, ,345, ,
3, ,345, ,
0, ,345, ,
0, ,347, ,
3, ,344, ,
1, ,346, ,
0, ,346, ,
3, ,346, ,
0, ,345, ,
0, ,346, ,
3, ,345, ,
1, ,347, ,
0, ,346, ,
3, ,346, ,
0, ,346, ,
0, ,348, ,
1, ,344, ,
1, ,346, ,
0, ,346, ,
3, ,346, ,
0, ,345, ,
0, ,346, ,
3, ,345, ,
1, ,346, ,
0, ,345, ,
3, ,346, ,
0, ,346, ,
0, ,348, ,
3, ,344, ,
1, ,346, ,
0, ,346, ,
3, ,346, ,
0, ,345, ,
0, ,346, ,
3, ,345, ,
1, ,346, ,
-1, ,346, ,
3, ,346, ,
0, ,346, ,
0, ,348, ,
3, ,345, ,
1, ,347, ,
0, ,346, ,
3, ,346, ,
0, ,345, ,
0, ,346, ,
3, ,345, ,
1, ,346, ,
-1, ,346, ,
3, ,345, ,
0, ,346, ,
0, ,347, ,
3, ,344, ,
1, ,347, ,
0, ,346, ,
3, ,346, ,
0, ,345, ,
0, ,347, ,
3, ,344, ,
1, ,347, ,
-1, ,345, ,
3, ,346, ,
0, ,346, ,
0, ,348, ,
3, ,344, ,
1, ,346, ,
0, ,346, ,
3, ,346, ,
0, ,345, ,
0, ,347, ,
3, ,345, ,
1, ,347, ,
0, ,345, ,
3, ,345, ,
1, ,345, ,
0, ,348, ,
1, ,345, ,
1, ,346, ,
0, ,346, ,
3, ,346, ,
0, ,345, ,
0, ,346, ,
3, ,345, ,
1, ,348, ,
-1, ,346, ,
3, ,345, ,
0, ,346, ,
0, ,348, ,
3, ,344, ,
1, ,346, ,
-1, ,345, ,
3, ,346, ,
0, ,345, ,
0, ,346, ,
3, ,345, ,
1, ,347, ,
-1, ,345, ,
3, ,345, ,
0, ,346, ,
0, ,347, ,
3, ,345, ,
1, ,346, ,
0, ,345, ,
3, ,346, ,
0, ,345, ,
0, ,347, ,
3, ,345, ,
1, ,346, ,
0, ,344, ,
3, ,345, ,
0, ,346, ,
0, ,347, ,
3, ,344, ,
1, ,346, ,
-1, ,345, ,
3, ,346, ,
0, ,344, ,
0, ,346, ,
3, ,345, ,
1, ,347, ,
-1, ,346, ,
3, ,347, ,
1, ,346, ,
1, ,348, ,
1, ,344, ,
1, ,346, ,
0, ,345, ,
3, ,346, ,
0, ,345, ,
1, ,347, ,
1, ,345, ,
1, ,348, ,
0, ,345, ,
3, ,345, ,
0, ,347, ,
0, ,348, ,
1, ,344, ,
1, ,346, ,
0, ,346, ,
3, ,346, ,
0, ,346, ,
0, ,348, ,
1, ,345, ,
1, ,346, ,
-1, ,344, ,
1, ,346, ,
0, ,345, ,
0, ,348, ,
3, ,345, ,
1, ,347, ,
0, ,346, ,
3, ,346, ,
0, ,345, ,
0, ,347, ,
3, ,345, ,
1, ,347, ,
107, ,345, ,
66, ,345, ,
34, ,346, ,
22, ,348, ,
19, ,345, ,
14, ,345, ,
6, ,345, ,
6, ,346, ,
5, ,345, ,
5, ,346, ,
5, ,346, ,
3, ,348, ,
1, ,345, ,
5, ,345, ,
3, ,346, ,
1, ,348, ,
4, ,344, ,
4, ,346, ,
3, ,346, ,
4, ,346, ,
1, ,345, ,
1, ,348, ,
4, ,346, ,
4, ,346, ,
1, ,345, ,
4, ,345, ,
3, ,347, ,
3, ,347, ,
4, ,344, ,
3, ,346, ,
1, ,345, ,
4, ,346, ,
1, ,345, ,
1, ,346, ,
4, ,345, ,
3, ,348, ,
1, ,346, ,
4, ,346, ,
3, ,348, ,
3, ,349, ,
4, ,345, ,
4, ,346, ,
3, ,346, ,
4, ,346, ,
1, ,345, ,
1, ,346, ,
4, ,343, ,
4, ,344, ,
1, ,344, ,
4, ,344, ,
1, ,346, ,
3, ,348, ,
3, ,345, ,
3, ,346, ,
1, ,347, ,
4, ,346, ,
3, ,345, ,
3, ,346, ,
4, ,344, ,
3, ,348, ,
1, ,345, ,
4, ,345, ,
3, ,347, ,
1, ,348, ,
4, ,344, ,
3, ,346, ,
1, ,346, ,
4, ,347, ,
3, ,345, ,
1, ,348, ,
4, ,345, ,
3, ,347, ,
1, ,345, ,
4, ,346, ,
1, ,346, ,
3, ,348, ,
3, ,345, ,
3, ,345, ,
1, ,346, ,
4, ,346, ,
3, ,344, ,
1, ,346, ,
3, ,345, ,
3, ,346, ,
1, ,345, ,
4, ,344, ,
3, ,346, ,
1, ,347, ,
3, ,344, ,
3, ,346, ,
1, ,346, ,
4, ,348, ,
1, ,346, ,
1, ,347, ,
4, ,345, ,
3, ,347, ,
1, ,346, ,
4, ,345, ,
1, ,346, ,
1, ,348, ,
3, ,345, ,
3, ,346, ,
1, ,346, ,
4, ,346, ,
1, ,345, ,
1, ,346, ,
3, ,345, ,
3, ,346, ,
1, ,345, ,
4, ,345, ,
1, ,346, ,
1, ,348, ,
4, ,345, ,
3, ,346, ,
1, ,347, ,
4, ,346, ,
1, ,345, ,
1, ,346, ,
4, ,345, ,
3, ,346, ,
1, ,345, ,
4, ,345, ,
1, ,345, ,
1, ,348, ,
3, ,345, ,
3, ,346, ,
1, ,347, ,
4, ,347, ,
1, ,346, ,
3, ,348, ,
4, ,347, ,
3, ,348, ,
1, ,346, ,
4, ,345, ,
1, ,344, ,
1, ,348, ,
3, ,345, ,
3, ,345, ,
1, ,346, ,
4, ,346, ,
1, ,345, ,
1, ,346, ,
4, ,345, ,
3, ,347, ,
0, ,345, ,
4, ,346, ,
3, ,346, ,
1, ,349, ,
3, ,345, ,
3, ,347, ,
1, ,346, ,
3, ,346, ,
1, ,345, ,
1, ,347, ,
4, ,345, ,
3, ,346, ,
0, ,344, ,
4, ,344, ,
1, ,345, ,
1, ,347, ,
3, ,344, ,
3, ,346, ,
0, ,346, ,
4, ,347, ,
1, ,345, ,
1, ,346, ,
3, ,346, ,
3, ,348, ,
0, ,345, ,
3, ,345, ,
1, ,346, ,
1, ,348, ,
3, ,346, ,
3, ,346, ,
1, ,346, ,
3, ,346, ,
1, ,345, ,
1, ,348, ,
3, ,346, ,
3, ,346, ,
0, ,345, ,
4, ,346, ,
1, ,342, ,
1, ,347, ,
3, ,348, ,
3, ,350, ,
0, ,347, ,
4, ,345, ,
1, ,345, ,
1, ,347, ,
4, ,345, ,
3, ,348, ,
0, ,346, ,
3, ,346, ,
1, ,344, ,
1, ,346, ,
3, ,346, ,
1, ,347, ,
0, ,347, ,
3, ,347, ,
1, ,345, ,
1, ,348, ,
3, ,345, ,
3, ,349, ,
0, ,346, ,
3, ,346, ,
1, ,346, ,
1, ,348, ,
3, ,344, ,
3, ,347, ,
0, ,344, ,
3, ,346, ,
1, ,344, ,
1, ,347, ,
3, ,345, ,
3, ,348, ,
0, ,346, ,
3, ,346, ,
1, ,344, ,
1, ,348, ,
3, ,344, ,
3, ,346, ,
1, ,345, ,
4, ,346, ,
1, ,345, ,
1, ,348, ,
3, ,345, ,
3, ,346, ,
0, ,346, ,
3, ,346, ,
1, ,345, ,
1, ,348, ,
3, ,345, ,
1, ,347, ,
0, ,347, ,
3, ,346, ,
1, ,345, ,
1, ,348, ,
3, ,346, ,
1, ,348, ,
0, ,346, ,
3, ,345, ,
1, ,346, ,
1, ,347, ,
3, ,345, ,
3, ,348, ,
1, ,346, ,
3, ,346, ,
1, ,345, ,
1, ,346, ,
3, ,345, ,
3, ,347, ,
0, ,346, ,
3, ,345, ,
1, ,346, ,
1, ,348, ,
3, ,345, ,
1, ,347, ,
0, ,347, ,
3, ,346, ,
1, ,346, ,
1, ,347, ,
3, ,346, ,
1, ,347, ,
0, ,346, ,
3, ,346, ,
1, ,346, ,
1, ,347, ,
3, ,345, ,
1, ,348, ,
0, ,347, ,
3, ,346, ,
1, ,345, ,
1, ,347, ,
3, ,347, ,
1, ,346, ,
0, ,345, ,
3, ,345, ,
1, ,346, ,
1, ,348, ,
3, ,346, ,
1, ,345, ,
0, ,346, ,
3, ,346, ,
1, ,345, ,
1, ,346, ,
3, ,345, ,
1, ,347, ,
0, ,346, ,
3, ,346, ,
1, ,346, ,
1, ,348, ,
3, ,345, ,
1, ,347, ,
0, ,345, ,
3, ,346, ,
1, ,345, ,
1, ,346, ,
3, ,346, ,
1, ,348, ,
0, ,345, ,
3, ,346, ,
1, ,346, ,
1, ,348, ,
3, ,344, ,
1, ,347, ,
0, ,346, ,
3, ,345, ,
1, ,345, ,
1, ,346, ,
3, ,345, ,
1, ,348, ,
0, ,345, ,
3, ,346, ,
1, ,346, ,
1, ,346, ,
3, ,344, ,
1, ,346, ,
0, ,345, ,
3, ,346, ,
1, ,344, ,
1, ,347, ,
3, ,345, ,
3, ,347, ,
0, ,344, ,
3, ,345, ,
1, ,345, ,
1, ,348, ,
3, ,344, ,
1, ,347, ,
0, ,346, ,
3, ,347, ,
1, ,344, ,
1, ,348, ,
3, ,344, ,
1, ,347, ,
0, ,345, ,
3, ,346, ,
1, ,345, ,
1, ,347, ,
3, ,344, ,
1, ,347, ,
0, ,345, ,
3, ,346, ,
1, ,346, ,
1, ,346, ,
3, ,345, ,
1, ,347, ,
0, ,345, ,
3, ,345, ,
1, ,346, ,
1, ,347, ,
3, ,344, ,
1, ,346, ,
0, ,346, ,
3, ,346, ,
1, ,345, ,
1, ,346, ,
80, ,345, ,
51, ,346, ,
33, ,344, ,
24, ,345, ,
15, ,346, ,
9, ,346, ,
8, ,345, ,
5, ,347, ,
4, ,346, ,
5, ,346, ,
1, ,346, ,
1, ,346, ,
5, ,345, ,
3, ,347, ,
1, ,346, ,
4, ,346, ,
3, ,346, ,
3, ,347, ,
4, ,344, ,
3, ,345, ,
1, ,346, ,
4, ,346, ,
1, ,344, ,
1, ,346, ,
4, ,345, ,
3, ,346, ,
1, ,345, ,
4, ,345, ,
3, ,344, ,
3, ,346, ,
3, ,343, ,
3, ,346, ,
1, ,346, ,
4, ,347, ,
3, ,346, ,
1, ,348, ,
4, ,344, ,
4, ,346, ,
1, ,345, ,
4, ,345, ,
1, ,345, ,
3, ,347, ,
4, ,344, ,
3, ,346, ,
1, ,346, ,
4, ,346, ,
3, ,345, ,
1, ,346, ,
4, ,345, ,
3, ,346, ,
1, ,345, ,
4, ,347, ,
1, ,346, ,
3, ,348, ,
3, ,345, ,
3, ,345, ,
1, ,346, ,
5, ,345, ,
3, ,345, ,
1, ,348, ,
4, ,345, ,
3, ,348, ,
1, ,345, ,
4, ,345, ,
1, ,346, ,
1, ,348, ,
4, ,343, ,
3, ,346, ,
1, ,347, ,
4, ,346, ,
1, ,346, ,
1, ,346, ,
4, ,345, ,
3, ,347, ,
1, ,345, ,
4, ,346, ,
3, ,346, ,
1, ,348, ,
3, ,344, ,
3, ,346, ,
1, ,346, ,
4, ,346, ,
3, ,346, ,
1, ,348, ,
4, ,345, ,
3, ,347, ,
1, ,345, ,
4, ,346, ,
1, ,346, ,
3, ,348, ,
3, ,344, ,
3, ,346, ,
1, ,346, ,
4, ,346, ,
1, ,345, ,
1, ,346, ,
4, ,345, ,
3, ,346, ,
1, ,344, ,
4, ,345, ,
3, ,346, ,
3, ,348, ,
3, ,344, ,
3, ,346, ,
1, ,345, ,
4, ,346, ,
1, ,345, ,
1, ,346, ,
4, ,344, ,
3, ,347, ,
1, ,346, ,
4, ,346, ,
1, ,346, ,
1, ,348, ,
3, ,344, ,
3, ,346, ,
1, ,346, ,
4, ,346, ,
1, ,346, ,
1, ,345, ,
3, ,344, ,
3, ,344, ,
1, ,343, ,
4, ,344, ,
3, ,348, ,
3, ,350, ,
3, ,348, ,
3, ,347, ,
1, ,345, ,
4, ,344, ,
1, ,344, ,
1, ,345, ,
4, ,344, ,
3, ,346, ,
1, ,346, ,
4, ,346, ,
1, ,345, ,
3, ,348, ,
3, ,344, ,
3, ,347, ,
1, ,347, ,
4, ,346, ,
1, ,345, ,
1, ,346, ,
3, ,345, ,
3, ,346, ,
1, ,344, ,
4, ,345, ,
1, ,346, ,
1, ,348, ,
3, ,345, ,
3, ,346, ,
1, ,345, ,
4, ,346, ,
1, ,344, ,
1, ,348, ,
3, ,345, ,
3, ,346, ,
1, ,346, ,
4, ,345, ,
1, ,346, ,
1, ,346, ,
3, ,344, ,
3, ,346, ,
1, ,345, ,
4, ,347, ,
1, ,345, ,
1, ,346, ,
4, ,345, ,
3, ,346, ,
0, ,344, ,
4, ,345, ,
1, ,346, ,
1, ,348, ,
3, ,344, ,
3, ,346, ,
0, ,346, ,
4, ,346, ,
1, ,345, ,
1, ,346, ,
3, ,345, ,
3, ,346, ,
0, ,344, ,
3, ,346, ,
1, ,345, ,
1, ,348, ,
3, ,345, ,
3, ,346, ,
0, ,346, ,
3, ,347, ,
1, ,345, ,
1, ,348, ,
3, ,345, ,
3, ,346, ,
0, ,344, ,
4, ,345, ,
1, ,346, ,
1, ,348, ,
3, ,345, ,
3, ,346, ,
0, ,345, ,
4, ,346, ,
1, ,345, ,
1, ,347, ,
3, ,345, ,
3, ,346, ,
0, ,345, ,
3, ,345, ,
1, ,345, ,
1, ,346, ,
3, ,344, ,
3, ,346, ,
1, ,342, ,
3, ,345, ,
1, ,348, ,
1, ,349, ,
3, ,346, ,
3, ,346, ,
0, ,344, ,
3, ,345, ,
1, ,346, ,
1, ,348, ,
3, ,345, ,
3, ,346, ,
0, ,346, ,
3, ,345, ,
1, ,345, ,
1, ,347, ,
4, ,345, ,
3, ,348, ,
0, ,346, ,
3, ,346, ,
1, ,346, ,
1, ,348, ,
3, ,345, ,
3, ,347, ,
0, ,346, ,
3, ,347, ,
1, ,346, ,
1, ,347, ,
3, ,345, ,
1, ,348, ,
0, ,346, ,
3, ,345, ,
1, ,345, ,
1, ,349, ,
3, ,345, ,
1, ,347, ,
1, ,346, ,
3, ,346, ,
1, ,346, ,
1, ,346, ,
3, ,345, ,
1, ,346, ,
0, ,346, ,
3, ,346, ,
1, ,345, ,
1, ,348, ,
3, ,345, ,
1, ,346, ,
0, ,345, ,
3, ,346, ,
1, ,345, ,
1, ,347, ,
3, ,346, ,
1, ,347, ,
0, ,346, ,
3, ,346, ,
1, ,345, ,
1, ,348, ,
3, ,344, ,
1, ,348, ,
0, ,347, ,
3, ,346, ,
1, ,346, ,
1, ,346, ,
3, ,344, ,
1, ,348, ,
0, ,345, ,
3, ,346, ,
1, ,346, ,
1, ,348, ,
3, ,344, ,
1, ,348, ,
0, ,346, ,
3, ,346, ,
1, ,346, ,
1, ,347, ,
3, ,346, ,
1, ,348, ,
0, ,345, ,
3, ,345, ,
1, ,346, ,
1, ,348, ,
3, ,345, ,
1, ,347, ,
0, ,346, ,
3, ,346, ,
1, ,346, ,
1, ,347, ,
3, ,345, ,
1, ,348, ,
0, ,346, ,
3, ,345, ,
1, ,346, ,
1, ,348, ,
3, ,344, ,
1, ,346, ,
0, ,347, ,
3, ,346, ,
1, ,345, ,
1, ,347, ,
3, ,345, ,
1, ,347, ,
0, ,345, ,
3, ,346, ,
1, ,346, ,
1, ,348, ,
3, ,345, ,
1, ,346, ,
0, ,347, ,
3, ,346, ,
1, ,346, ,
1, ,346, ,
3, ,345, ,
1, ,347, ,
0, ,345, ,
3, ,345, ,
1, ,346, ,
1, ,348, ,
3, ,344, ,
1, ,346, ,
0, ,346, ,
3, ,346, ,
1, ,345, ,
1, ,346, ,
3, ,345, ,
3, ,347, ,
0, ,345, ,
3, ,346, ,
1, ,346, ,
1, ,347, ,
3, ,345, ,
1, ,348, ,
0, ,346, ,
3, ,346, ,
1, ,345, ,
1, ,347, ,
3, ,345, ,
1, ,349, ,
0, ,346, ,
3, ,346, ,
1, ,346, ,
1, ,348, ,
3, ,344, ,
1, ,347, ,
0, ,346, ,
3, ,346, ,
1, ,345, ,
1, ,347, ,
3, ,345, ,
1, ,348, ,
0, ,345, ,
3, ,345, ,
1, ,346, ,
1, ,348, ,
3, ,344, ,
1, ,347, ,
0, ,346, ,
3, ,345, ,
1, ,345, ,
1, ,347, ,
3, ,345, ,
1, ,347, ,
0, ,344, ,
3, ,346, ,
1, ,346, ,
1, ,348, ,
3, ,345, ,
1, ,347, ,
0, ,346, ,
3, ,347, ,
1, ,346, ,
1, ,347, ,
3, ,345, ,
1, ,347, ,
0, ,346, ,
3, ,345, ,
1, ,346, ,
1, ,348, ,
3, ,344, ,
1, ,345, ,
0, ,346, ,
3, ,348, ,
1, ,346, ,
1, ,348, ,
3, ,345, ,
1, ,347, ,
0, ,345, ,
3, ,346, ,
1, ,346, ,
1, ,347, ,
3, ,344, ,
1, ,346, ,
0, ,346, ,
3, ,346, ,
1, ,346, ,
0, ,347, ,
3, ,345, ,
1, ,347, ,
0, ,345, ,
3, ,346, ,
1, ,346, ,
1, ,348, ,
1, ,345, ,
1, ,346, ,
0, ,347, ,
3, ,346, ,
1, ,346, ,
0, ,347, ,
3, ,345, ,
1, ,347, ,
0, ,345, ,
3, ,345, ,
1, ,346, ,
1, ,348, ,
3, ,344, ,
1, ,346, ,
0, ,346, ,
3, ,346, ,
1, ,345, ,
1, ,348, ,
3, ,345, ,
1, ,346, ,
0, ,346, ,
3, ,345, ,
1, ,347, ,
1, ,348, ,
3, ,344, ,
1, ,348, ,
0, ,346, ,
3, ,346, ,
1, ,346, ,
1, ,347, ,
3, ,345, ,
1, ,346, ,
0, ,345, ,
3, ,345, ,
1, ,346, ,
1, ,348, ,
3, ,345, ,
1, ,347, ,
0, ,346, ,
3, ,346, ,
0, ,345, ,
0, ,346, ,
3, ,344, ,
1, ,346, ,
-1, ,346, ,
1, ,346, ,
1, ,347, ,
0, ,348, ,
1, ,344, ,
1, ,346, ,
0, ,345, ,
3, ,345, ,
1, ,346, ,
0, ,346, ,
3, ,346, ,
1, ,347, ,
0, ,345, ,
3, ,346, ,
1, ,345, ,
0, ,348, ,
3, ,345, ,
1, ,346, ,
0, ,346, ,
3, ,346, ,
0, ,346, ,
1, ,348, ,
3, ,345, ,
1, ,348, ,
0, ,345, ,
3, ,346, ,
1, ,346, ,
0, ,348, ,
1, ,344, ,
1, ,346, ,
0, ,347, ,
3, ,347, ,
0, ,345, ,
1, ,346, ,
3, ,345, ,
1, ,347, ,
0, ,345, ,
3, ,345, ,
1, ,346, ,
0, ,348, ,
1, ,345, ,
1, ,348, ,
0, ,346, ,
3, ,346, ,
0, ,345, ,
0, ,346, ,
3, ,345, ,
1, ,347, ,
0, ,345, ,
3, ,345, ,
1, ,346, ,
0, ,348, ,
3, ,344, ,
1, ,346, ,
0, ,346, ,
3, ,347, ,
0, ,344, ,
1, ,346, ,
3, ,346, ,
1, ,346, ,
0, ,345, ,
3, ,345, ,
1, ,345, ,
0, ,348, ,
1, ,344, ,
1, ,346, ,
0, ,346, ,
3, ,347, ,
0, ,345, ,
0, ,347, ,
3, ,345, ,
1, ,347, ,
0, ,345, ,
3, ,345, ,
1, ,346, ,
0, ,347, ,
3, ,345, ,
1, ,346, ,
0, ,345, ,
3, ,346, ,
1, ,345, ,
0, ,347, ,
3, ,345, ,
1, ,346, ,
-1, ,345, ,
3, ,345, ,
1, ,346, ,
0, ,348, ,
3, ,344, ,
1, ,346, ,
0, ,346, ,
3, ,346, ,
0, ,345, ,
0, ,347, ,
3, ,345, ,
1, ,347, ,
0, ,346, ,
3, ,345, ,
1, ,346, ,
0, ,347, ,
1, ,345, ,
1, ,346, ,
0, ,346, ,
3, ,346, ,
1, ,346, ,
1, ,347, ,
3, ,345, ,
1, ,347, ,
-1, ,346, ,
3, ,346, ,
0, ,345, ,
1, ,348, ,
1, ,344, ,
1, ,346, ,
0, ,346, ,
3, ,346, ,
0, ,345, ,
0, ,346, ,
3, ,345, ,
1, ,346, ,
-1, ,346, ,
1, ,345, ,
1, ,346, ,
0, ,348, ,
1, ,345, ,
1, ,347, ,
0, ,346, ,
3, ,346, ,
1, ,346, ,
0, ,346, ,
3, ,345, ,
1, ,348, ,
0, ,345, ,
3, ,346, ,
1, ,346, ,
0, ,348, ,
1, ,344, ,
1, ,346, ,
0, ,346, ,
3, ,347, ,
1, ,346, ,
0, ,347, ,
3, ,345, ,
1, ,346, ,
0, ,346, ,
1, ,346, ,
0, ,346, ,
1, ,348, ,
1, ,345, ,
1, ,347, ,
0, ,346, ,
3, ,346, ,
0, ,345, ,
0, ,348, ,
3, ,345, ,
1, ,346, ,
-1, ,345, ,
20, ,345, ,
85, ,346, ,
56, ,348, ,
32, ,344, ,
18, ,346, ,
13, ,346, ,
13, ,346, ,
8, ,345, ,
4, ,348, ,
6, ,345, ,
4, ,346, ,
3, ,345, ,
5, ,345, ,
3, ,346, ,
1, ,348, ,
4, ,345, ,
4, ,346, ,
1, ,346, ,
4, ,346, ,
1, ,345, ,
3, ,348, ,
4, ,345, ,
4, ,347, ,
1, ,345, ,
4, ,346, ,
1, ,346, ,
3, ,348, ,
4, ,344, ,
4, ,346, ,
1, ,346, ,
4, ,346, ,
1, ,346, ,
3, ,347, ,
4, ,345, ,
4, ,347, ,
1, ,345, ,
4, ,346, ,
1, ,346, ,
1, ,349, ,
3, ,345, ,
3, ,346, ,
1, ,346, ,
4, ,347, ,
3, ,346, ,
3, ,347, ,
4, ,345, ,
3, ,346, ,
1, ,345, ,
4, ,345, ,
1, ,346, ,
3, ,348, ,
4, ,344, ,
3, ,348, ,
1, ,346, ,
4, ,346, ,
1, ,345, ,
3, ,347, ,
4, ,346, ,
3, ,346, ,
1, ,345, ,
4, ,345, ,
3, ,346, ,
1, ,348, ,
4, ,345, ,
3, ,346, ,
1, ,346, ,
4, ,345, ,
3, ,345, ,
1, ,347, ,
4, ,346, ,
3, ,347, ,
1, ,344, ,
4, ,345, ,
3, ,347, ,
1, ,348, ,
3, ,344, ,
3, ,347, ,
1, ,347, ,
4, ,346, ,
1, ,345, ,
1, ,348, ,
4, ,345, ,
3, ,347, ,
1, ,346, ,
4, ,346, ,
1, ,346, ,
1, ,348, ,
4, ,344, ,
3, ,346, ,
1, ,346, ,
4, ,346, ,
3, ,345, ,
1, ,346, ,
3, ,345, ,
3, ,346, ,
1, ,345, ,
4, ,345, ,
1, ,346, ,
1, ,347, ,
3, ,344, ,
3, ,345, ,
1, ,346, ,
4, ,346, ,
1, ,345, ,
1, ,347, ,
3, ,345, ,
3, ,346, ,
1, ,345, ,
4, ,345, ,
3, ,346, ,
1, ,348, ,
3, ,345, ,
3, ,347, ,
1, ,346, ,
4, ,346, ,
3, ,346, ,
1, ,347, ,
4, ,345, ,
3, ,347, ,
1, ,346, ,
4, ,346, ,
1, ,346, ,
1, ,347, ,
3, ,345, ,
3, ,346, ,
1, ,346, ,
4, ,345, ,
1, ,344, ,
1, ,346, ,
3, ,345, ,
3, ,346, ,
1, ,345, ,
4, ,346, ,
3, ,346, ,
1, ,347, ,
3, ,345, ,
3, ,347, ,
1, ,345, ,
4, ,346, ,
1, ,345, ,
1, ,346, ,
3, ,344, ,
3, ,348, ,
0, ,345, ,
4, ,346, ,
1, ,346, ,
1, ,348, ,
3, ,345, ,
3, ,346, ,
1, ,347, ,
3, ,346, ,
1, ,345, ,
1, ,347, ,
4, ,345, ,
3, ,346, ,
0, ,345, ,
4, ,345, ,
3, ,346, ,
1, ,347, ,
3, ,345, ,
3, ,345, ,
1, ,345, ,
4, ,345, ,
1, ,345, ,
1, ,347, ,
3, ,345, ,
3, ,348, ,
0, ,344, ,
4, ,345, ,
1, ,346, ,
1, ,348, ,
3, ,345, ,
3, ,345, ,
1, ,345, ,
3, ,347, ,
1, ,345, ,
1, ,346, ,
3, ,345, ,
3, ,346, ,
0, ,345, ,
3, ,345, ,
1, ,345, ,
1, ,348, ,
3, ,344, ,
3, ,346, ,
1, ,346, ,
3, ,345, ,
1, ,345, ,
1, ,347, ,
3, ,345, ,
3, ,347, ,
0, ,346, ,
3, ,345, ,
1, ,345, ,
1, ,348, ,
3, ,345, ,
3, ,345, ,
1, ,346, ,
3, ,347, ,
1, ,346, ,
1, ,347, ,
3, ,345, ,
3, ,346, ,
0, ,346, ,
3, ,345, ,
1, ,345, ,
1, ,346, ,
3, ,345, ,
3, ,345, ,
37, ,346, ,
44, ,346, ,
30, ,346, ,
19, ,348, ,
14, ,344, ,
9, ,347, ,
6, ,344, ,
6, ,345, ,
4, ,346, ,
3, ,348, ,
4, ,345, ,
4, ,346, ,
3, ,345, ,
4, ,345, ,
1, ,345, ,
3, ,347, ,
4, ,345, ,
4, ,347, ,
1, ,345, ,
4, ,345, ,
1, ,345, ,
1, ,348, ,
4, ,345, ,
4, ,346, ,
1, ,346, ,
4, ,346, ,
1, ,344, ,
3, ,347, ,
4, ,345, ,
4, ,346, ,
1, ,346, ,
4, ,346, ,
1, ,346, ,
3, ,347, ,
4, ,344, ,
4, ,345, ,
1, ,346, ,
4, ,346, ,
1, ,346, ,
3, ,348, ,
4, ,346, ,
4, ,346, ,
1, ,345, ,
5, ,345, ,
1, ,346, ,
3, ,348, ,
3, ,345, ,
4, ,346, ,
1, ,345, ,
4, ,347, ,
3, ,345, ,
1, ,347, ,
4, ,345, ,
4, ,347, ,
1, ,345, ,
4, ,345, ,
1, ,346, ,
1, ,348, ,
3, ,345, ,
3, ,345, ,
1, ,346, ,
4, ,346, ,
3, ,346, ,
3, ,348, ,
4, ,345, ,
3, ,346, ,
1, ,345, ,
4, ,345, ,
1, ,345, ,
1, ,347, ,
3, ,343, ,
3, ,346, ,
1, ,348, ,
4, ,347, ,
3, ,345, ,
3, ,346, ,
4, ,345, ,
3, ,345, ,
1, ,345, ,
4, ,345, ,
3, ,346, ,
1, ,348, ,
4, ,345, ,
3, ,346, ,
1, ,346, ,
4, ,346, ,
1, ,345, ,
1, ,348, ,
4, ,346, ,
3, ,348, ,
1, ,346, ,
4, ,346, ,
1, ,346, ,
1, ,349, ,
3, ,345, ,
3, ,346, ,
1, ,345, ,
4, ,345, ,
1, ,345, ,
3, ,348, ,
4, ,345, ,
3, ,347, ,
1, ,345, ,
4, ,345, ,
1, ,345, ,
1, ,347, ,
3, ,345, ,
3, ,346, ,
1, ,347, ,
4, ,346, ,
1, ,346, ,
1, ,348, ,
4, ,345, ,
3, ,346, ,
1, ,346, ,
4, ,345, ,
3, ,346, ,
1, ,348, ,
3, ,345, ,
3, ,346, ,
1, ,345, ,
4, ,346, ,
3, ,346, ,
1, ,348, ,
3, ,346, ,
3, ,347, ,
0, ,346, ,
4, ,346, ,
1, ,345, ,
1, ,347, ,
3, ,344, ,
3, ,346, ,
1, ,346, ,
4, ,346, ,
1, ,345, ,
1, ,347, ,
3, ,345, ,
3, ,346, ,
1, ,346, ,
4, ,345, ,
1, ,345, ,
3, ,346, ,
3, ,345, ,
3, ,347, ,
1, ,346, ,
4, ,345, ,
1, ,345, ,
1, ,348, ,
4, ,345, ,
3, ,347, ,
1, ,345, ,
4, ,345, ,
1, ,346, ,
1, ,348, ,
3, ,345, ,
3, ,346, ,
1, ,346, ,
4, ,346, ,
1, ,346, ,
1, ,348, ,
3, ,345, ,
3, ,346, ,
1, ,346, ,
4, ,346, ,
1, ,345, ,
1, ,348, ,
3, ,345, ,
3, ,346, ,
1, ,346, ,
4, ,346, ,
1, ,345, ,
1, ,346, ,
3, ,345, ,
3, ,347, ,
1, ,346, ,
4, ,346, ,
1, ,346, ,
1, ,348, ,
3, ,344, ,
3, ,346, ,
1, ,346, ,
4, ,346, ,
1, ,346, ,
1, ,348, ,
4, ,345, ,
3, ,347, ,
0, ,345, ,
4, ,346, ,
1, ,345, ,
1, ,348, ,
3, ,344, ,
3, ,346, ,
1, ,346, ,
3, ,345, ,
1, ,345, ,
1, ,347, ,
3, ,345, ,
3, ,346, ,
0, ,344, ,
4, ,345, ,
3, ,346, ,
1, ,348, ,
3, ,345, ,
3, ,346, ,
1, ,346, ,
3, ,345, ,
1, ,345, ,
1, ,347, ,
3, ,345, ,
3, ,347, ,
0, ,345, ,
4, ,346, ,
1, ,345, ,
1, ,348, ,
3, ,344, ,
3, ,347, ,
1, ,347, ,
3, ,346, ,
1, ,345, ,
1, ,347, ,
3, ,345, ,
1, ,347, ,
0, ,345, ,
3, ,346, ,
1, ,346, ,
1, ,347, ,
3, ,345, ,
1, ,347, ,
0, ,346, ,
3, ,345, ,
1, ,346, ,
1, ,346, ,
3, ,345, ,
1, ,347, ,
0, ,346, ,
3, ,345, ,
1, ,346, ,
1, ,346, ,
3, ,345, ,
1, ,347, ,
0, ,346, ,
3, ,346, ,
1, ,345, ,
1, ,348, ,
3, ,345, ,
1, ,347, ,
0, ,346, ,
3, ,346, ,
1, ,346, ,
1, ,348, ,
3, ,345, ,
1, ,346, ,
0, ,346, ,
3, ,346, ,
1, ,345, ,
1, ,347, ,
3, ,345, ,
1, ,346, ,
0, ,345, ,
3, ,346, ,
1, ,346, ,
1, ,347, ,
3, ,344, ,
1, ,346, ,
0, ,345, ,
3, ,346, ,
1, ,346, ,
1, ,346, ,
3, ,346, ,
1, ,348, ,
0, ,346, ,
3, ,345, ,
1, ,346, ,
1, ,346, ,
3, ,345, ,
1, ,346, ,
0, ,347, ,
3, ,346, ,
1, ,345, ,
1, ,346, ,
3, ,347, ,
1, ,347, ,
0, ,346, ,
3, ,345, ,
1, ,345, ,
1, ,347, ,
3, ,344, ,
1, ,346, ,
0, ,345, ,
3, ,346, ,
1, ,345, ,
1, ,348, ,
3, ,345, ,
1, ,347, ,
0, ,345, ,
3, ,346, ,
1, ,346, ,
1, ,347, ,
3, ,344, ,
1, ,348, ,
0, ,346, ,
3, ,346, ,
1, ,345, ,
1, ,346, ,
3, ,345, ,
1, ,346, ,
0, ,346, ,
3, ,345, ,
1, ,345, ,
1, ,347, ,
3, ,345, ,
1, ,346, ,
0, ,346, ,
3, ,346, ,
1, ,345, ,
1, ,348, ,
3, ,345, ,
1, ,346, ,
0, ,345, ,
3, ,345, ,
1, ,344, ,
1, ,345, ,
3, ,342, ,
1, ,345, ,
0, ,348, ,
3, ,349, ,
1, ,347, ,
1, ,348, ,
3, ,345, ,
1, ,346, ,
0, ,343, ,
3, ,345, ,
1, ,345, ,
1, ,348, ,
3, ,344, ,
1, ,346, ,
0, ,346, ,
3, ,345, ,
1, ,345, ,
1, ,346, ,
3, ,345, ,
1, ,348, ,
0, ,345, ,
3, ,345, ,
1, ,346, ,
1, ,346, ,
3, ,344, ,
1, ,346, ,
0, ,348, ,
3, ,346, ,
1, ,344, ,
1, ,347, ,
3, ,345, ,
1, ,347, ,
0, ,346, ,
3, ,345, ,
1, ,346, ,
1, ,348, ,
3, ,345, ,
1, ,346, ,
0, ,346, ,
3, ,346, ,
1, ,345, ,
1, ,346, ,
3, ,345, ,
1, ,346, ,
0, ,345, ,
3, ,345, ,
1, ,345, ,
1, ,348, ,
3, ,344, ,
1, ,346, ,
0, ,346, ,
3, ,344, ,
1, ,345, ,
0, ,348, ,
3, ,345, ,
1, ,346, ,
0, ,345, ,
3, ,345, ,
1, ,344, ,
1, ,347, ,
3, ,344, ,
1, ,346, ,
0, ,346, ,
3, ,345, ,
1, ,345, ,
1, ,346, ,
3, ,345, ,
1, ,347, ,
0, ,346, ,
3, ,345, ,
1, ,344, ,
1, ,346, ,
1, ,344, ,
1, ,346, ,
0, ,346, ,
3, ,346, ,
1, ,344, ,
1, ,348, ,
3, ,345, ,
1, ,347, ,
0, ,345, ,
3, ,346, ,
1, ,345, ,
1, ,348, ,
3, ,344, ,
1, ,346, ,
0, ,346, ,
3, ,346, ,
1, ,345, ,
1, ,346, ,
3, ,344, ,
1, ,346, ,
0, ,345, ,
3, ,346, ,
1, ,345, ,
1, ,348, ,
3, ,345, ,
1, ,346, ,
0, ,346, ,
3, ,346, ,
1, ,344, ,
1, ,346, ,
3, ,344, ,
1, ,347, ,
0, ,346, ,
3, ,346, ,
1, ,346, ,
1, ,348, ,
3, ,345, ,
1, ,346, ,
0, ,347, ,
3, ,346, ,
1, ,346, ,
1, ,347, ,
3, ,346, ,
1, ,347, ,
0, ,347, ,
3, ,346, ,
1, ,346, ,
0, ,346, ,
3, ,345, ,
1, ,346, ,
0, ,347, ,
3, ,346, ,
0, ,345, ,
1, ,347, ,
3, ,347, ,
1, ,348, ,
0, ,345, ,
3, ,346, ,
1, ,345, ,
0, ,347, ,
1, ,345, ,
1, ,347, ,
0, ,346, ,
3, ,346, ,
1, ,345, ,
0, ,346, ,
3, ,345, ,
1, ,347, ,
0, ,345, ,
3, ,345, ,
1, ,345, ,
0, ,348, ,
3, ,345, ,
1, ,346, ,
0, ,347, ,
3, ,347, ,
0, ,345, ,
1, ,347, ,
3, ,346, ,
1, ,347, ,
0, ,345, ,
3, ,346, ,
1, ,345, ,
0, ,348, ,
1, ,345, ,
1, ,346, ,
0, ,346, ,
3, ,347, ,
1, ,345, ,
1, ,348, ,
3, ,345, ,
1, ,346, ,
0, ,344, ,
3, ,346, ,
1, ,346, ,
1, ,348, ,
3, ,345, ,
1, ,346, ,
0, ,348, ,
3, ,346, ,
1, ,345, ,
1, ,346, ,
3, ,345, ,
1, ,347, ,
0, ,346, ,
3, ,346, ,
1, ,346, ,
0, ,348, ,
1, ,345, ,
1, ,347, ,
0, ,346, ,
3, ,346, ,
1, ,345, ,
0, ,348, ,
3, ,346, ,
1, ,348, ,
0, ,346, ,
3, ,346, ,
1, ,345, ,
1, ,348, ,
3, ,345, ,
1, ,347, ,
0, ,346, ,
3, ,347, ,
0, ,345, ,
1, ,347, ,
3, ,345, ,
1, ,346, ,
0, ,345, ,
3, ,345, ,
1, ,346, ,
0, ,348, ,
3, ,345, ,
1, ,347, ,
0, ,346, ,
3, ,345, ,
1, ,346, ,
0, ,347, ,
3, ,345, ,
1, ,347, ,
0, ,346, ,
3, ,345, ,
1, ,346, ,
1, ,347, ,
3, ,344, ,
1, ,348, ,
0, ,346, ,
3, ,345, ,
0, ,345, ,
0, ,346, ,
3, ,345, ,
1, ,347, ,
0, ,346, ,
3, ,346, ,
1, ,345, ,
0, ,348, ,
1, ,345, ,
1, ,346, ,
0, ,346, ,
3, ,346, ,
0, ,346, ,
0, ,348, ,
3, ,345, ,
1, ,347, ,
0, ,345, ,
3, ,346, ,
1, ,346, ,
0, ,347, ,
1, ,344, ,
1, ,348, ,
0, ,347, ,
3, ,346, ,
1, ,346, ,
0, ,348, ,
3, ,346, ,
1, ,348, ,
0, ,346, ,
3, ,345, ,
1, ,346, ,
0, ,346, ,
1, ,344, ,
1, ,346, ,
0, ,346, ,
3, ,346, ,
0, ,344, ,
1, ,346, ,
3, ,345, ,
1, ,347, ,
-1, ,345, ,
3, ,345, ,
1, ,346, ,
0, ,347, ,
1, ,344, ,
1, ,346, ,
0, ,348, ,
3, ,346, ,
0, ,346, ,
0, ,347, ,
3, ,346, ,
1, ,346, ,
-1, ,345, ,
3, ,345, ,
0, ,346, ,
0, ,347, ,
1, ,344, ,
1, ,347, ,
0, ,347, ,
3, ,345, ,
0, ,344, ,
0, ,348, ,
3, ,345, ,
1, ,347, ,
-1, ,346, ,
3, ,346, ,
1, ,346, ,
0, ,348, ,
1, ,344, ,
1, ,346, ,
0, ,346, ,
3, ,346, ,
0, ,346, ,
0, ,347, ,
3, ,345, ,
1, ,346, ,
-1, ,346, ,
3, ,346, ,
0, ,346, ,
0, ,348, ,
1, ,345, ,
1, ,347, ,
0, ,346, ,
3, ,346, ,
0, ,346, ,
0, ,348, ,
3, ,345, ,
1, ,347, ,
0, ,346, ,
3, ,346, ,
1, ,345, ,
0, ,347, ,
1, ,344, ,
1, ,346, ,
0, ,347, ,
3, ,346, ,
0, ,345, ,
1, ,347, ,
3, ,345, ,
1, ,348, ,
-1, ,345, ,
3, ,346, ,
1, ,346, ,
0, ,348, ,
1, ,344, ,
1, ,347, ,
0, ,346, ,
3, ,346, ,
0, ,345, ,
0, ,347, ,
3, ,346, ,
1, ,346, ,
-1, ,347, ,
3, ,346, ,
1, ,346, ,
0, ,346, ,
1, ,345, ,
1, ,348, ,
0, ,346, ,
3, ,346, ,
0, ,345, ,
0, ,347, ,
3, ,345, ,
1, ,347, ,
-1, ,346, ,
3, ,346, ,
0, ,346, ,
0, ,348, ,
1, ,346, ,
1, ,346, ,
0, ,346, ,
3, ,346, ,
0, ,345, ,
0, ,348, ,
3, ,345, ,
1, ,347, ,
-1, ,346, ,
1, ,346, ,
1, ,347, ,
0, ,348, ,
1, ,345, ,
1, ,346, ,
0, ,346, ,
3, ,346, ,
0, ,345, ,
0, ,348, ,
3, ,347, ,
1, ,348, ,
-1, ,346, ,
3, ,346, ,
1, ,346, ,
0, ,348, ,
1, ,345, ,
1, ,346, ,
0, ,346, ,
3, ,348, ,
0, ,346, ,
0, ,346, ,
3, ,345, ,
1, ,346, ,
-1, ,346, ,
3, ,346, ,
0, ,346, ,
0, ,348, ,
1, ,345, ,
1, ,346, ,
0, ,347, ,
3, ,346, ,
0, ,345, ,
0, ,348, ,
3, ,345, ,
1, ,348, ,
-1, ,346, ,
1, ,346, ,
0, ,346, ,
0, ,347, ,
1, ,344, ,
1, ,346, ,
0, ,347, ,
3, ,347, ,
0, ,346, ,
0, ,347, ,
3, ,345, ,
1, ,348, ,
-1, ,346, ,
1, ,345, ,
0, ,346, ,
0, ,348, ,
1, ,344, ,
1, ,346, ,
-1, ,347, ,
3, ,346, ,
0, ,345, ,
0, ,347, ,
3, ,346, ,
1, ,346, ,
0, ,346, ,
3, ,346, ,
0, ,345, ,
0, ,347, ,
1, ,345, ,
1, ,337, ,
0, ,345, ,
3, ,353, ,
0, ,350, ,
0, ,347, ,
3, ,342, ,
1, ,348, ,
-1, ,347, ,
1, ,345, ,
0, ,346, ,
0, ,349, ,
1, ,345, ,
1, ,346, ,
0, ,346, ,
3, ,346, ,
0, ,346, ,
0, ,348, ,
3, ,346, ,
1, ,348, ,
-1, ,346, ,
3, ,346, ,
0, ,346, ,
0, ,347, ,
1, ,344, ,
1, ,348, ,
0, ,347, ,
3, ,346, ,
0, ,345, ,
0, ,348, ,
3, ,346, ,
1, ,347, ,
-1, ,345, ,
3, ,346, ,
0, ,346, ,
0, ,348, ,
1, ,344, ,
1, ,346, ,
0, ,346, ,
3, ,346, ,
0, ,345, ,
0, ,347, ,
3, ,345, ,
1, ,346, ,
-1, ,346, ,
1, ,346, ,
0, ,345, ,
0, ,348, ,
1, ,345, ,
1, ,347, ,
0, ,346, ,
3, ,346, ,
0, ,345, ,
0, ,347, ,
1, ,344, ,
1, ,348, ,
-1, ,346, ,
1, ,346, ,
0, ,345, ,
0, ,348, ,
1, ,345, ,
1, ,347, ,
0, ,347, ,
3, ,348, ,
0, ,346, ,
0, ,347, ,
3, ,345, ,
1, ,348, ,
-1, ,346, ,
3, ,346, ,
0, ,346, ,
0, ,348, ,
1, ,345, ,
0, ,346, ,
0, ,346, ,
3, ,346, ,
0, ,345, ,
0, ,346, ,
3, ,345, ,
1, ,346, ,
-1, ,345, ,
3, ,345, ,
0, ,345, ,
0, ,348, ,
1, ,344, ,
1, ,346, ,
0, ,345, ,
3, ,346, ,
0, ,346, ,
0, ,348, ,
3, ,345, ,
1, ,347, ,
-1, ,345, ,
1, ,345, ,
0, ,346, ,
-1, ,348, ,
1, ,344, ,
1, ,346, ,
0, ,345, ,
3, ,346, ,
0, ,345, ,
0, ,348, ,
1, ,345, ,
1, ,346, ,
-1, ,345, ,
3, ,345, ,
0, ,345, ,
0, ,348, ,
1, ,345, ,
1, ,347, ,
-1, ,345, ,
3, ,345, ,
0, ,345, ,
0, ,346, ,
3, ,345, ,
1, ,348, ,
-1, ,346, ,
3, ,345, ,
0, ,345, ,
0, ,348, ,
1, ,345, ,
1, ,346, ,
0, ,345, ,
3, ,346, ,
0, ,346, ,
0, ,346, ,
3, ,345, ,
1, ,347, ,
-1, ,345, ,
1, ,346, ,
0, ,346, ,
0, ,348, ,
1, ,344, ,
1, ,346, ,
0, ,346, ,
3, ,346, ,
0, ,345, ,
0, ,346, ,
3, ,345, ,
1, ,348, ,
-1, ,346, ,
3, ,345, ,
0, ,346, ,
0, ,348, ,
1, ,344, ,
1, ,348, ,
0, ,346, ,
3, ,346, ,
0, ,345, ,
0, ,347, ,
1, ,345, ,
1, ,347, ,
-1, ,345, ,
1, ,345, ,
0, ,346, ,
0, ,347, ,
1, ,344, ,
1, ,346, ,
0, ,346, ,
3, ,346, ,
0, ,346, ,
0, ,348, ,
1, ,345, ,
0, ,348, ,
-1, ,344, ,
3, ,346, ,
1, ,346, ,
0, ,347, ,
1, ,345, ,
1, ,345, ,
0, ,344, ,
3, ,345, ,
0, ,345, ,
0, ,348, ,
3, ,345, ,
1, ,347, ,
-1, ,346, ,
1, ,345, ,
0, ,345, ,
0, ,346, ,
1, ,344, ,
1, ,346, ,
0, ,346, ,
3, ,346, ,
0, ,346, ,
0, ,348, ,
3, ,345, ,
1, ,347, ,
-1, ,345, ,
3, ,345, ,
0, ,346, ,
0, ,347, ,
1, ,345, ,
1, ,346, ,
0, ,346, ,
3, ,346, ,
0, ,345, ,
0, ,347, ,
1, ,345, ,
1, ,346, ,
-1, ,346, ,
1, ,346, ,
0, ,345, ,
0, ,348, ,
1, ,344, ,
1, ,346, ,
0, ,345, ,
3, ,347, ,
0, ,346, ,
0, ,347, ,
3, ,345, ,
1, ,347, ,
-1, ,345, ,
1, ,346, ,
1, ,347, ,
0, ,347, ,
1, ,344, ,
1, ,346, ,
0, ,346, ,
3, ,346, ,
0, ,345, ,
0, ,347, ,
3, ,345, ,
1, ,346, ,
0, ,345, ,
3, ,345, ,
0, ,345, ,
0, ,348, ,
1, ,344, ,
1, ,346, ,
0, ,346, ,
3, ,345, ,
0, ,345, ,
0, ,346, ,
3, ,345, ,
1, ,346, ,
-1, ,346, ,
1, ,346, ,
0, ,346, ,
0, ,346, ,
1, ,345, ,
1, ,346, ,
0, ,345, ,
3, ,345, ,
0, ,345, ,
0, ,347, ,
1, ,345, ,
1, ,346, ,
-1, ,345, ,
1, ,345, ,
0, ,345, ,
0, ,348, ,
1, ,345, ,
1, ,346, ,
-1, ,346, ,
3, ,346, ,
0, ,345, ,
0, ,348, ,
3, ,345, ,
1, ,346, ,
-1, ,345, ,
1, ,345, ,
0, ,345, ,
0, ,347, ,
1, ,344, ,
1, ,346, ,
-1, ,346, ,
3, ,346, ,
0, ,345, ,
0, ,346, ,
1, ,344, ,
1, ,348, ,
-1, ,346, ,
3, ,346, ,
0, ,346, ,
0, ,347, ,
1, ,344, ,
1, ,346, ,
0, ,346, ,
3, ,345, ,
0, ,345, ,
0, ,347, ,
3, ,345, ,
1, ,347, ,
-1, ,346, ,
1, ,346, ,
0, ,346, ,
0, ,347, ,
1, ,345, ,
0, ,346, ,
-1, ,346, ,
3, ,346, ,
0, ,345, ,
0, ,347, ,
1, ,345, ,
1, ,347, ,
-1, ,344, ,
3, ,346, ,
0, ,346, ,
0, ,348, ,
1, ,345, ,
1, ,346, ,
0, ,346, ,
3, ,346, ,
0, ,345, ,
0, ,347, ,
1, ,345, ,
1, ,346, ,
-1, ,345, ,
1, ,345, ,
0, ,346, ,
0, ,348, ,
1, ,344, ,
1, ,347, ,
0, ,347, ,
3, ,346, ,
0, ,346, ,
0, ,348, ,
3, ,345, ,
1, ,347, ,
-1, ,345, ,
1, ,344, ,
0, ,346, ,
0, ,348, ,
1, ,345, ,
1, ,346, ,
-1, ,346, ,
3, ,346, ,
0, ,345, ,
0, ,348, ,
3, ,345, ,
1, ,346, ,
-1, ,346, ,
3, ,346, ,
0, ,346, ,
0, ,347, ,
1, ,345, ,
1, ,346, ,
-1, ,346, ,
3, ,346, ,
0, ,345, ,
0, ,348, ,
1, ,345, ,
1, ,347, ,
-1, ,345, ,
1, ,345, ,
0, ,346, ,
0, ,348, ,
1, ,344, ,
0, ,346, ,
0, ,346, ,
3, ,346, ,
0, ,345, ,
0, ,346, ,
1, ,345, ,
1, ,346, ,
-1, ,345, ,
1, ,346, ,
0, ,346, ,
0, ,347, ,
1, ,345, ,
1, ,345, ,
-1, ,346, ,
3, ,346, ,
0, ,345, ,
0, ,346, ,
3, ,342, ,
1, ,346, ,
-1, ,350, ,
3, ,349, ,
0, ,345, ,
0, ,346, ,
1, ,345, ,
1, ,348, ,
0, ,346, ,
1, ,346, ,
0, ,345, ,
0, ,348, ,
1, ,345, ,
1, ,347, ,
-1, ,345, ,
1, ,346, ,
0, ,346, ,
0, ,349, ,
1, ,344, ,
1, ,346, ,
0, ,346, ,
3, ,346, ,
0, ,345, ,
0, ,346, ,
1, ,344, ,
1, ,348, ,
-1, ,346, ,
1, ,347, ,
0, ,346, ,
0, ,347, ,
1, ,344, ,
0, ,346, ,
0, ,346, ,
3, ,346, ,
0, ,345, ,
0, ,348, ,
1, ,345, ,
1, ,347, ,
-1, ,345, ,
1, ,346, ,
0, ,346, ,
0, ,347, ,
1, ,344, ,
1, ,345, ,
-1, ,345, ,
3, ,346, ,
0, ,345, ,
0, ,347, ,
1, ,345, ,
1, ,347, ,
-1, ,346, ,
1, ,346, ,
0, ,345, ,
0, ,348, ,
1, ,345, ,
0, ,347, ,
-1, ,346, ,
3, ,345, ,
0, ,345, ,
0, ,346, ,
3, ,346, ,
1, ,346, ,
-1, ,344, ,
3, ,346, ,
0, ,346, ,
0, ,347, ,
1, ,344, ,
1, ,346, ,
-1, ,345, ,
3, ,346, ,
0, ,345, ,
0, ,347, ,
3, ,345, ,
1, ,348, ,
-1, ,344, ,
3, ,346, ,
0, ,346, ,
0, ,348, ,
1, ,344, ,
113, ,348, ,
70, ,345, ,
38, ,346, ,
24, ,345, ,
20, ,346, ,
14, ,344, ,
6, ,346, ,
3, ,345, ,
6, ,345, ,
5, ,346, ,
3, ,347, ,
4, ,344, ,
3, ,346, ,
3, ,346, ,
4, ,347, ,
3, ,345, ,
3, ,347, ,
4, ,345, ,
4, ,348, ,
1, ,345, ,
4, ,346, ,
1, ,346, ,
1, ,348, ,
4, ,344, ,
4, ,346, ,
1, ,346, ,
4, ,346, ,
3, ,345, ,
3, ,348, ,
4, ,345, ,
4, ,347, ,
1, ,345, ,
4, ,346, ,
1, ,346, ,
1, ,348, ,
4, ,344, ,
3, ,346, ,
1, ,346, ,
4, ,346, ,
3, ,346, ,
1, ,347, ,
4, ,345, ,
4, ,347, ,
1, ,345, ,
4, ,346, ,
1, ,345, ,
1, ,347, ,
3, ,345, ,
3, ,347, ,
1, ,346, ,
4, ,347, ,
1, ,344, ,
3, ,347, ,
4, ,345, ,
4, ,348, ,
1, ,345, ,
4, ,346, ,
3, ,346, ,
3, ,348, ,
4, ,344, ,
3, ,346, ,
1, ,346, ,
4, ,346, ,
1, ,345, ,
1, ,347, ,
4, ,345, ,
3, ,347, ,
1, ,346, ,
4, ,345, ,
3, ,346, ,
3, ,348, ,
3, ,345, ,
3, ,346, ,
1, ,346, ,
4, ,346, ,
1, ,345, ,
1, ,346, ,
4, ,345, ,
4, ,348, ,
1, ,346, ,
4, ,345, ,
3, ,346, ,
3, ,348, ,
3, ,344, ,
3, ,347, ,
1, ,345, ,
4, ,346, ,
1, ,345, ,
1, ,346, ,
4, ,345, ,
3, ,346, ,
1, ,345, ,
4, ,345, ,
1, ,346, ,
3, ,348, ,
3, ,344, ,
3, ,348, ,
1, ,346, ,
4, ,346, ,
3, ,346, ,
3, ,346, ,
4, ,345, ,
3, ,348, ,
1, ,345, ,
4, ,346, ,
1, ,346, ,
1, ,348, ,
3, ,344, ,
3, ,346, ,
1, ,346, ,
4, ,346, ,
1, ,346, ,
1, ,347, ,
4, ,345, ,
3, ,346, ,
1, ,346, ,
4, ,345, ,
1, ,346, ,
1, ,348, ,
3, ,344, ,
3, ,346, ,
1, ,346, ,
4, ,346, ,
1, ,346, ,
1, ,346, ,
3, ,346, ,
3, ,346, ,
1, ,346, ,
4, ,345, ,
1, ,346, ,
1, ,348, ,
3, ,345, ,
3, ,346, ,
1, ,346, ,
4, ,347, ,
1, ,344, ,
1, ,346, ,
3, ,345, ,
3, ,347, ,
0, ,346, ,
4, ,346, ,
3, ,346, ,
1, ,348, ,
3, ,344, ,
3, ,346, ,
1, ,346, ,
4, ,346, ,
1, ,346, ,
1, ,346, ,
3, ,344, ,
3, ,347, ,
1, ,345, ,
4, ,344, ,
1, ,344, ,
1, ,347, ,
3, ,345, ,
3, ,346, ,
1, ,343, ,
4, ,344, ,
1, ,344, ,
1, ,348, ,
4, ,348, ,
3, ,348, ,
0, ,347, ,
4, ,345, ,
1, ,345, ,
1, ,346, ,
3, ,343, ,
3, ,345, ,
1, ,346, ,
3, ,346, ,
1, ,345, ,
1, ,346, ,
3, ,345, ,
3, ,345, ,
0, ,345, ,
3, ,345, ,
1, ,346, ,
1, ,348, ,
3, ,344, ,
3, ,346, ,
1, ,344, ,
3, ,345, ,
1, ,345, ,
1, ,347, ,
4, ,345, ,
3, ,346, ,
0, ,346, ,
4, ,345, ,
1, ,345, ,
1, ,348, ,
3, ,344, ,
3, ,346, ,
0, ,342, ,
3, ,345, ,
1, ,348, ,
1, ,349, ,
3, ,345, ,
3, ,344, ,
0, ,344, ,
3, ,347, ,
1, ,346, ,
1, ,347, ,
3, ,345, ,
3, ,347, ,
0, ,346, ,
3, ,345, ,
1, ,345, ,
1, ,346, ,
4, ,344, ,
3, ,347, ,
0, ,345, ,
3, ,345, ,
1, ,345, ,
1, ,348, ,
3, ,345, ,
3, ,347, ,
0, ,345, ,
3, ,346, ,
1, ,345, ,
1, ,348, ,
3, ,344, ,
3, ,347, ,
0, ,345, ,
3, ,346, ,
1, ,345, ,
1, ,348, ,
60, ,344, ,
41, ,347, ,
25, ,346, ,
19, ,346, ,
13, ,345, ,
8, ,346, ,
6, ,344, ,
4, ,347, ,
3, ,344, ,
5, ,345, ,
3, ,345, ,
1, ,348, ,
5, ,345, ,
4, ,346, ,
1, ,346, ,
4, ,346, ,
1, ,345, ,
3, ,346, ,
4, ,344, ,
4, ,345, ,
1, ,345, ,
4, ,346, ,
3, ,345, ,
3, ,346, ,
4, ,343, ,
3, ,346, ,
1, ,346, ,
5, ,346, ,
3, ,346, ,
3, ,347, ,
4, ,345, ,
4, ,348, ,
1, ,344, ,
4, ,344, ,
1, ,345, ,
3, ,348, ,
3, ,344, ,
3, ,346, ,
1, ,346, ,
4, ,346, ,
1, ,345, ,
3, ,346, ,
4, ,345, ,
4, ,347, ,
1, ,345, ,
4, ,346, ,
3, ,346, ,
3, ,348, ,
3, ,344, ,
3, ,346, ,
1, ,344, ,
4, ,346, ,
1, ,346, ,
1, ,346, ,
4, ,345, ,
3, ,348, ,
1, ,345, ,
4, ,346, ,
1, ,346, ,
3, ,348, ,
3, ,345, ,
3, ,347, ,
1, ,346, ,
4, ,347, ,
1, ,346, ,
1, ,347, ,
4, ,345, ,
4, ,346, ,
1, ,345, ,
4, ,345, ,
3, ,346, ,
1, ,348, ,
3, ,345, ,
3, ,346, ,
1, ,346, ,
4, ,346, ,
1, ,345, ,
1, ,346, ,
4, ,345, ,
3, ,347, ,
1, ,345, ,
4, ,346, ,
1, ,345, ,
3, ,348, ,
3, ,345, ,
3, ,347, ,
1, ,346, ,
4, ,346, ,
1, ,345, ,
1, ,348, ,
4, ,345, ,
3, ,346, ,
1, ,345, ,
4, ,345, ,
1, ,346, ,
3, ,348, ,
3, ,345, ,
3, ,346, ,
1, ,345, ,
4, ,346, ,
1, ,345, ,
1, ,346, ,
4, ,345, ,
3, ,346, ,
1, ,346, ,
4, ,346, ,
1, ,345, ,
3, ,348, ,
3, ,344, ,
3, ,346, ,
1, ,346, ,
4, ,346, ,
1, ,345, ,
1, ,347, ,
4, ,343, ,
3, ,347, ,
1, ,348, ,
4, ,348, ,
1, ,346, ,
3, ,347, ,
3, ,345, ,
3, ,347, ,
1, ,346, ,
4, ,346, ,
3, ,345, ,
3, ,347, ,
4, ,345, ,
3, ,348, ,
0, ,346, ,
4, ,345, ,
1, ,345, ,
1, ,348, ,
3, ,345, ,
3, ,347, ,
1, ,346, ,
3, ,346, ,
1, ,346, ,
1, ,348, ,
3, ,345, ,
3, ,347, ,
1, ,346, ,
4, ,347, ,
1, ,347, ,
1, ,348, ,
3, ,344, ,
3, ,346, ,
1, ,346, ,
4, ,347, ,
1, ,345, ,
1, ,347, ,
3, ,344, ,
3, ,347, ,
1, ,344, ,
3, ,345, ,
1, ,345, ,
1, ,349, ,
3, ,344, ,
3, ,347, ,
1, ,346, ,
4, ,346, ,
1, ,345, ,
1, ,347, ,
4, ,345, ,
3, ,347, ,
0, ,345, ,
4, ,345, ,
1, ,346, ,
1, ,347, ,
3, ,344, ,
3, ,348, ,
1, ,346, ,
4, ,346, ,
1, ,345, ,
1, ,348, ,
4, ,345, ,
3, ,347, ,
0, ,346, ,
4, ,346, ,
1, ,345, ,
1, ,348, ,
3, ,345, ,
3, ,347, ,
1, ,345, ,
3, ,346, ,
1, ,346, ,
1, ,346, ,
3, ,345, ,
3, ,348, ,
0, ,345, ,
3, ,346, ,
1, ,345, ,
1, ,347, ,
3, ,344, ,
3, ,347, ,
1, ,346, ,
3, ,346, ,
1, ,346, ,
1, ,348, ,
3, ,344, ,
3, ,346, ,
0, ,345, ,
3, ,345, ,
1, ,345, ,
1, ,348, ,
3, ,344, ,
1, ,347, ,
0, ,346, ,
3, ,346, ,
1, ,346, ,
1, ,348, ,
3, ,345, ,
3, ,347, ,
0, ,345, ,
3, ,345, ,
1, ,346, ,
1, ,348, ,
3, ,345, ,
1, ,346, ,
0, ,346, ,
3, ,346, ,
1, ,344, ,
1, ,347, ,
3, ,345, ,
1, ,346, ,
0, ,346, ,
3, ,345, ,
1, ,345, ,
1, ,347, ,
3, ,344, ,
3, ,346, ,
0, ,346, ,
3, ,347, ,
1, ,345, ,
1, ,348, ,
3, ,345, ,
3, ,347, ,
0, ,346, ,
3, ,345, ,
1, ,346, ,
1, ,347, ,
3, ,344, ,
3, ,346, ,
1, ,347, ,
4, ,346, ,
1, ,345, ,
1, ,347, ,
3, ,345, ,
3, ,348, ,
0, ,346, ,
3, ,346, ,
1, ,346, ,
1, ,347, ,
3, ,344, ,
1, ,346, ,
0, ,346, ,
3, ,346, ,
1, ,346, ,
1, ,346, ,
3, ,345, ,
1, ,346, ,
0, ,345, ,
3, ,346, ,
1, ,346, ,
1, ,347, ,
3, ,343, ,
3, ,345, ,
0, ,346, ,
3, ,346, ,
1, ,346, ,
1, ,346, ,
3, ,344, ,
1, ,347, ,
0, ,345, ,
3, ,346, ,
1, ,346, ,
1, ,347, ,
3, ,344, ,
3, ,347, ,
0, ,346, ,
3, ,346, ,
1, ,345, ,
1, ,348, ,
3, ,345, ,
3, ,347, ,
0, ,345, ,
3, ,346, ,
1, ,346, ,
1, ,348, ,
3, ,345, ,
1, ,346, ,
0, ,346, ,
3, ,346, ,
1, ,345, ,
1, ,346, ,
3, ,344, ,
1, ,347, ,
0, ,345, ,
3, ,346, ,
1, ,347, ,
1, ,348, ,
3, ,345, ,
1, ,346, ,
0, ,346, ,
71, ,346, ,
46, ,345, ,
27, ,346, ,
20, ,345, ,
15, ,346, ,
9, ,345, ,
8, ,346, ,
5, ,346, ,
5, ,348, ,
6, ,344, ,
4, ,346, ,
1, ,346, ,
5, ,346, ,
3, ,345, ,
1, ,348, ,
4, ,345, ,
4, ,346, ,
1, ,344, ,
4, ,346, ,
3, ,346, ,
3, ,349, ,
4, ,345, ,
4, ,346, ,
1, ,345, ,
4, ,346, ,
3, ,345, ,
3, ,346, ,
4, ,346, ,
4, ,348, ,
1, ,345, ,
4, ,346, ,
1, ,345, ,
1, ,348, ,
3, ,345, ,
3, ,346, ,
1, ,346, ,
4, ,346, ,
1, ,345, ,
3, ,347, ,
4, ,345, ,
4, ,346, ,
1, ,346, ,
4, ,345, ,
1, ,346, ,
3, ,348, ,
4, ,344, ,
3, ,346, ,
1, ,347, ,
4, ,345, ,
3, ,344, ,
3, ,345, ,
4, ,347, ,
3, ,348, ,
1, ,346, ,
4, ,345, ,
1, ,346, ,
3, ,348, ,
3, ,345, ,
4, ,345, ,
1, ,345, ,
4, ,346, ,
1, ,345, ,
3, ,347, ,
4, ,345, ,
4, ,348, ,
1, ,345, ,
4, ,345, ,
3, ,346, ,
3, ,348, ,
3, ,344, ,
3, ,346, ,
1, ,346, ,
4, ,348, ,
3, ,345, ,
1, ,346, ,
4, ,345, ,
3, ,347, ,
1, ,346, ,
4, ,346, ,
3, ,346, ,
3, ,348, ,
3, ,345, ,
3, ,346, ,
1, ,346, ,
4, ,346, ,
1, ,345, ,
1, ,347, ,
3, ,345, ,
3, ,346, ,
1, ,346, ,
4, ,346, ,
3, ,346, ,
3, ,348, ,
3, ,344, ,
3, ,346, ,
1, ,346, ,
4, ,346, ,
3, ,345, ,
3, ,347, ,
4, ,344, ,
3, ,347, ,
1, ,346, ,
4, ,346, ,
1, ,346, ,
3, ,346, ,
3, ,345, ,
3, ,346, ,
1, ,346, ,
4, ,346, ,
3, ,346, ,
3, ,348, ,
3, ,345, ,
3, ,348, ,
1, ,345, ,
4, ,345, ,
1, ,345, ,
1, ,347, ,
4, ,344, ,
3, ,346, ,
1, ,346, ,
4, ,347, ,
3, ,345, ,
3, ,346, ,
4, ,345, ,
3, ,347, ,
1, ,346, ,
4, ,346, ,
1, ,345, ,
1, ,347, ,
3, ,344, ,
3, ,347, ,
0, ,346, ,
