Format,1.0B,
Memory Length,10000,Memory Length,10000,
IntpDistance,0,IntpDistance,0,
Trigger Address,5159,Trigger Address,5159,
Trigger Level,3.000E-01,Trigger Level,3.000E-01,
Source,CH1,Source,CH2,
Vertical Units,V,Vertical Units,V,
Vertical Units Div,0,Vertical Units Div,0,
Vertical Units Extend Div,16,Vertical Units Extend Div,16,
Label,,Label,,
Probe Type,0,Probe Type,0,
Probe Ratio,1.000e+01,Probe Ratio,1.000e+00,
Vertical Scale,5.000e-01,Vertical Scale,2.000e-01,
Vertical Position,-1.780e+00,Vertical Position,-2.240e+00,
Horizontal Units,S,Horizontal Units,S,
Horizontal Scale,2.000E-05,Horizontal Scale,2.000E-05,
Horizontal Position,-3.200E-06,Horizontal Position,-3.200E-06,
Horizontal Mode,Main,Horizontal Mode,Main,
SincET Mode,Real Time,SincET Mode,Real Time,
Sampling Period,2.000e-08,Sampling Period,2.000e-08,
Horizontal Old Scale,2.000E-05,Horizontal Old Scale,2.000E-05,
Horizontal Old Position,-3.200E-06,Horizontal Old Position,-3.200E-06,
Firmware,V1.23,Firmware,V1.23,
Mode,Fast,Mode,Fast,
Waveform Data,,Waveform Data,,
0, ,325, ,
3, ,323, ,
1, ,323, ,
1, ,325, ,
3, ,324, ,
3, ,324, ,
0, ,323, ,
3, ,323, ,
1, ,324, ,
1, ,325, ,
3, ,324, ,
1, ,324, ,
0, ,323, ,
3, ,324, ,
1, ,324, ,
1, ,325, ,
1, ,324, ,
1, ,325, ,
0, ,324, ,
3, ,323, ,
1, ,324, ,
1, ,325, ,
1, ,323, ,
3, ,325, ,
0, ,324, ,
3, ,325, ,
1, ,323, ,
1, ,324, ,
3, ,324, ,
3, ,324, ,
0, ,323, ,
3, ,324, ,
1, ,324, ,
1, ,325, ,
3, ,323, ,
1, ,324, ,
0, ,324, ,
3, ,325, ,
1, ,324, ,
1, ,325, ,
1, ,325, ,
1, ,327, ,
0, ,325, ,
3, ,325, ,
1, ,324, ,
1, ,327, ,
1, ,324, ,
1, ,325, ,
0, ,325, ,
3, ,326, ,
1, ,325, ,
1, ,325, ,
3, ,323, ,
3, ,325, ,
0, ,323, ,
3, ,325, ,
1, ,324, ,
1, ,327, ,
3, ,323, ,
1, ,325, ,
0, ,325, ,
3, ,325, ,
1, ,324, ,
1, ,325, ,
1, ,325, ,
1, ,326, ,
0, ,324, ,
3, ,325, ,
1, ,324, ,
1, ,325, ,
3, ,324, ,
1, ,325, ,
0, ,325, ,
3, ,325, ,
1, ,324, ,
1, ,325, ,
3, ,324, ,
1, ,325, ,
0, ,324, ,
3, ,324, ,
1, ,325, ,
1, ,327, ,
3, ,324, ,
1, ,324, ,
0, ,325, ,
3, ,325, ,
1, ,324, ,
1, ,324, ,
1, ,324, ,
1, ,325, ,
0, ,324, ,
3, ,324, ,
1, ,324, ,
1, ,326, ,
1, ,324, ,
1, ,326, ,
0, ,325, ,
3, ,324, ,
1, ,324, ,
1, ,325, ,
3, ,324, ,
3, ,325, ,
0, ,324, ,
3, ,323, ,
1, ,324, ,
1, ,326, ,
3, ,324, ,
1, ,325, ,
0, ,325, ,
3, ,325, ,
1, ,324, ,
1, ,325, ,
1, ,324, ,
1, ,326, ,
0, ,324, ,
3, ,324, ,
1, ,325, ,
1, ,326, ,
3, ,323, ,
1, ,325, ,
0, ,325, ,
3, ,325, ,
1, ,324, ,
1, ,326, ,
3, ,325, ,
1, ,327, ,
0, ,324, ,
3, ,324, ,
1, ,325, ,
1, ,325, ,
3, ,324, ,
1, ,325, ,
0, ,325, ,
3, ,325, ,
1, ,324, ,
1, ,325, ,
1, ,324, ,
1, ,325, ,
0, ,324, ,
3, ,324, ,
1, ,325, ,
1, ,325, ,
1, ,324, ,
1, ,325, ,
0, ,325, ,
3, ,325, ,
1, ,323, ,
1, ,325, ,
3, ,325, ,
1, ,325, ,
0, ,324, ,
3, ,325, ,
1, ,324, ,
1, ,325, ,
1, ,324, ,
1, ,325, ,
0, ,323, ,
3, ,323, ,
1, ,323, ,
1, ,325, ,
3, ,325, ,
1, ,327, ,
0, ,325, ,
3, ,324, ,
1, ,324, ,
1, ,325, ,
1, ,323, ,
1, ,324, ,
0, ,324, ,
3, ,325, ,
1, ,324, ,
1, ,325, ,
3, ,324, ,
1, ,326, ,
0, ,323, ,
3, ,324, ,
1, ,324, ,
1, ,326, ,
1, ,323, ,
1, ,324, ,
0, ,325, ,
3, ,325, ,
0, ,323, ,
1, ,325, ,
1, ,323, ,
1, ,325, ,
0, ,324, ,
1, ,324, ,
1, ,325, ,
1, ,327, ,
3, ,323, ,
1, ,325, ,
0, ,324, ,
3, ,324, ,
1, ,324, ,
1, ,325, ,
1, ,324, ,
1, ,325, ,
0, ,324, ,
3, ,324, ,
1, ,325, ,
1, ,326, ,
3, ,323, ,
1, ,325, ,
0, ,325, ,
3, ,325, ,
1, ,324, ,
1, ,327, ,
1, ,325, ,
1, ,326, ,
0, ,324, ,
3, ,324, ,
1, ,325, ,
1, ,326, ,
3, ,323, ,
1, ,325, ,
0, ,325, ,
3, ,325, ,
1, ,324, ,
1, ,325, ,
1, ,325, ,
1, ,325, ,
0, ,323, ,
3, ,325, ,
0, ,325, ,
1, ,325, ,
1, ,323, ,
1, ,325, ,
0, ,325, ,
3, ,325, ,
1, ,324, ,
0, ,325, ,
3, ,324, ,
1, ,326, ,
0, ,324, ,
3, ,324, ,
0, ,325, ,
0, ,325, ,
1, ,324, ,
1, ,326, ,
0, ,326, ,
3, ,325, ,
0, ,324, ,
0, ,325, ,
3, ,324, ,
1, ,325, ,
0, ,323, ,
3, ,324, ,
1, ,324, ,
0, ,325, ,
1, ,323, ,
1, ,325, ,
0, ,324, ,
3, ,325, ,
1, ,323, ,
1, ,325, ,
1, ,324, ,
1, ,326, ,
0, ,324, ,
3, ,324, ,
1, ,324, ,
1, ,325, ,
1, ,323, ,
1, ,325, ,
0, ,325, ,
3, ,324, ,
0, ,324, ,
1, ,325, ,
1, ,324, ,
1, ,324, ,
0, ,324, ,
3, ,324, ,
1, ,324, ,
0, ,325, ,
1, ,323, ,
1, ,325, ,
0, ,323, ,
3, ,324, ,
1, ,324, ,
1, ,325, ,
1, ,324, ,
1, ,325, ,
0, ,325, ,
3, ,324, ,
1, ,325, ,
1, ,326, ,
1, ,324, ,
1, ,325, ,
0, ,325, ,
3, ,325, ,
1, ,324, ,
1, ,324, ,
3, ,323, ,
1, ,326, ,
0, ,324, ,
3, ,324, ,
1, ,324, ,
1, ,325, ,
1, ,324, ,
1, ,325, ,
0, ,323, ,
3, ,324, ,
1, ,323, ,
1, ,326, ,
3, ,324, ,
1, ,325, ,
0, ,324, ,
3, ,324, ,
1, ,324, ,
1, ,325, ,
3, ,324, ,
1, ,324, ,
0, ,324, ,
3, ,326, ,
1, ,324, ,
1, ,326, ,
3, ,324, ,
1, ,325, ,
0, ,324, ,
1, ,321, ,
1, ,320, ,
1, ,326, ,
3, ,328, ,
1, ,328, ,
0, ,323, ,
3, ,323, ,
1, ,323, ,
1, ,325, ,
1, ,324, ,
1, ,326, ,
0, ,325, ,
3, ,323, ,
1, ,325, ,
1, ,327, ,
1, ,323, ,
1, ,325, ,
0, ,325, ,
3, ,325, ,
0, ,324, ,
1, ,325, ,
1, ,324, ,
1, ,325, ,
0, ,324, ,
3, ,324, ,
1, ,325, ,
1, ,325, ,
1, ,324, ,
1, ,325, ,
0, ,325, ,
3, ,325, ,
0, ,323, ,
1, ,325, ,
1, ,324, ,
1, ,325, ,
0, ,323, ,
3, ,324, ,
1, ,325, ,
1, ,327, ,
1, ,323, ,
1, ,325, ,
0, ,325, ,
3, ,324, ,
0, ,324, ,
1, ,325, ,
3, ,325, ,
1, ,326, ,
0, ,324, ,
1, ,324, ,
0, ,324, ,
1, ,325, ,
3, ,321, ,
1, ,325, ,
0, ,325, ,
1, ,325, ,
1, ,324, ,
0, ,325, ,
3, ,323, ,
1, ,325, ,
0, ,325, ,
1, ,324, ,
1, ,324, ,
1, ,327, ,
3, ,324, ,
1, ,327, ,
0, ,325, ,
3, ,325, ,
1, ,324, ,
1, ,325, ,
1, ,324, ,
1, ,326, ,
0, ,324, ,
3, ,324, ,
0, ,324, ,
1, ,324, ,
1, ,321, ,
1, ,325, ,
0, ,325, ,
3, ,325, ,
0, ,324, ,
0, ,325, ,
3, ,324, ,
1, ,325, ,
0, ,323, ,
1, ,324, ,
1, ,324, ,
0, ,325, ,
3, ,323, ,
1, ,325, ,
0, ,323, ,
3, ,324, ,
0, ,324, ,
1, ,325, ,
1, ,325, ,
1, ,325, ,
0, ,324, ,
3, ,325, ,
0, ,325, ,
1, ,327, ,
1, ,325, ,
1, ,324, ,
0, ,324, ,
3, ,325, ,
0, ,324, ,
0, ,325, ,
1, ,324, ,
1, ,325, ,
0, ,323, ,
3, ,324, ,
1, ,324, ,
1, ,324, ,
1, ,323, ,
1, ,324, ,
0, ,325, ,
3, ,325, ,
0, ,323, ,
1, ,325, ,
1, ,324, ,
1, ,326, ,
0, ,324, ,
3, ,324, ,
1, ,325, ,
1, ,326, ,
1, ,323, ,
1, ,324, ,
0, ,324, ,
3, ,325, ,
0, ,324, ,
1, ,325, ,
3, ,324, ,
1, ,327, ,
0, ,324, ,
3, ,325, ,
0, ,324, ,
0, ,325, ,
1, ,324, ,
1, ,325, ,
0, ,325, ,
3, ,324, ,
0, ,324, ,
1, ,325, ,
1, ,324, ,
1, ,325, ,
0, ,323, ,
3, ,324, ,
1, ,324, ,
1, ,325, ,
1, ,323, ,
1, ,325, ,
0, ,325, ,
3, ,325, ,
0, ,324, ,
1, ,325, ,
1, ,324, ,
1, ,327, ,
0, ,324, ,
3, ,325, ,
0, ,325, ,
0, ,325, ,
1, ,324, ,
1, ,325, ,
0, ,325, ,
1, ,325, ,
0, ,323, ,
1, ,325, ,
1, ,323, ,
1, ,325, ,
0, ,324, ,
3, ,324, ,
1, ,324, ,
0, ,325, ,
1, ,323, ,
1, ,324, ,
0, ,325, ,
3, ,325, ,
0, ,324, ,
1, ,326, ,
1, ,324, ,
1, ,326, ,
-1, ,324, ,
3, ,325, ,
0, ,324, ,
1, ,324, ,
1, ,323, ,
1, ,323, ,
0, ,324, ,
1, ,324, ,
0, ,323, ,
1, ,325, ,
1, ,324, ,
1, ,325, ,
0, ,323, ,
3, ,324, ,
0, ,325, ,
0, ,325, ,
1, ,324, ,
1, ,324, ,
0, ,324, ,
3, ,325, ,
0, ,324, ,
0, ,324, ,
3, ,324, ,
1, ,324, ,
0, ,324, ,
1, ,325, ,
0, ,325, ,
1, ,326, ,
1, ,324, ,
1, ,325, ,
0, ,325, ,
3, ,325, ,
0, ,324, ,
1, ,325, ,
1, ,324, ,
1, ,324, ,
0, ,324, ,
3, ,325, ,
0, ,325, ,
1, ,325, ,
1, ,323, ,
1, ,324, ,
0, ,324, ,
3, ,325, ,
0, ,323, ,
1, ,325, ,
1, ,324, ,
1, ,325, ,
0, ,324, ,
1, ,325, ,
0, ,325, ,
0, ,326, ,
1, ,323, ,
1, ,325, ,
0, ,325, ,
3, ,325, ,
0, ,324, ,
1, ,325, ,
1, ,324, ,
1, ,325, ,
0, ,324, ,
3, ,325, ,
1, ,323, ,
0, ,326, ,
1, ,324, ,
1, ,324, ,
0, ,325, ,
1, ,325, ,
0, ,323, ,
1, ,325, ,
1, ,324, ,
1, ,325, ,
0, ,323, ,
1, ,324, ,
0, ,324, ,
0, ,327, ,
1, ,323, ,
1, ,325, ,
0, ,324, ,
3, ,325, ,
0, ,324, ,
1, ,325, ,
3, ,324, ,
1, ,325, ,
0, ,323, ,
1, ,323, ,
0, ,324, ,
1, ,325, ,
1, ,323, ,
1, ,324, ,
0, ,324, ,
1, ,324, ,
0, ,324, ,
0, ,325, ,
1, ,323, ,
1, ,323, ,
-1, ,323, ,
1, ,323, ,
0, ,325, ,
0, ,327, ,
1, ,324, ,
1, ,324, ,
0, ,324, ,
3, ,324, ,
0, ,324, ,
0, ,325, ,
1, ,323, ,
1, ,326, ,
0, ,325, ,
3, ,325, ,
0, ,324, ,
0, ,325, ,
1, ,323, ,
0, ,324, ,
0, ,325, ,
3, ,324, ,
1, ,324, ,
0, ,325, ,
1, ,324, ,
1, ,325, ,
0, ,324, ,
3, ,323, ,
0, ,323, ,
0, ,325, ,
1, ,324, ,
1, ,325, ,
0, ,325, ,
1, ,324, ,
0, ,323, ,
0, ,325, ,
1, ,323, ,
1, ,324, ,
0, ,323, ,
3, ,323, ,
0, ,323, ,
0, ,325, ,
1, ,323, ,
1, ,325, ,
0, ,325, ,
3, ,324, ,
0, ,324, ,
1, ,324, ,
1, ,323, ,
1, ,325, ,
0, ,324, ,
3, ,324, ,
0, ,325, ,
0, ,326, ,
1, ,323, ,
1, ,324, ,
0, ,324, ,
1, ,324, ,
0, ,323, ,
0, ,324, ,
3, ,324, ,
1, ,325, ,
0, ,324, ,
3, ,324, ,
0, ,324, ,
0, ,327, ,
1, ,323, ,
1, ,324, ,
0, ,325, ,
3, ,325, ,
0, ,324, ,
0, ,325, ,
1, ,324, ,
1, ,325, ,
0, ,324, ,
3, ,324, ,
0, ,324, ,
0, ,325, ,
3, ,323, ,
1, ,324, ,
0, ,325, ,
3, ,325, ,
0, ,324, ,
0, ,325, ,
1, ,323, ,
1, ,325, ,
0, ,324, ,
1, ,325, ,
0, ,324, ,
0, ,325, ,
1, ,323, ,
1, ,325, ,
0, ,324, ,
3, ,325, ,
0, ,324, ,
0, ,325, ,
3, ,324, ,
1, ,326, ,
0, ,324, ,
1, ,325, ,
0, ,324, ,
0, ,325, ,
1, ,324, ,
1, ,324, ,
0, ,324, ,
3, ,325, ,
0, ,324, ,
0, ,325, ,
1, ,324, ,
1, ,325, ,
0, ,324, ,
3, ,324, ,
1, ,324, ,
1, ,325, ,
1, ,324, ,
1, ,324, ,
0, ,325, ,
1, ,324, ,
0, ,324, ,
1, ,324, ,
1, ,324, ,
1, ,325, ,
0, ,324, ,
3, ,324, ,
0, ,324, ,
1, ,325, ,
1, ,323, ,
1, ,325, ,
0, ,324, ,
1, ,325, ,
0, ,324, ,
1, ,325, ,
1, ,324, ,
1, ,325, ,
0, ,323, ,
3, ,324, ,
0, ,324, ,
0, ,326, ,
1, ,324, ,
1, ,325, ,
0, ,324, ,
3, ,324, ,
0, ,324, ,
0, ,324, ,
1, ,324, ,
1, ,325, ,
0, ,324, ,
1, ,324, ,
0, ,324, ,
0, ,326, ,
1, ,324, ,
1, ,324, ,
0, ,325, ,
1, ,325, ,
0, ,324, ,
0, ,325, ,
1, ,324, ,
1, ,325, ,
0, ,323, ,
1, ,324, ,
0, ,325, ,
0, ,325, ,
1, ,323, ,
1, ,325, ,
0, ,325, ,
58, ,325, ,
97, ,323, ,
64, ,325, ,
36, ,324, ,
20, ,326, ,
14, ,323, ,
13, ,323, ,
9, ,324, ,
5, ,326, ,
4, ,324, ,
4, ,324, ,
4, ,325, ,
5, ,324, ,
3, ,324, ,
3, ,324, ,
4, ,324, ,
4, ,325, ,
1, ,325, ,
4, ,324, ,
3, ,324, ,
3, ,327, ,
3, ,323, ,
3, ,325, ,
1, ,325, ,
4, ,325, ,
3, ,324, ,
3, ,325, ,
4, ,324, ,
4, ,325, ,
3, ,323, ,
4, ,324, ,
3, ,324, ,
3, ,325, ,
4, ,323, ,
4, ,325, ,
1, ,324, ,
4, ,324, ,
1, ,324, ,
3, ,325, ,
4, ,324, ,
3, ,325, ,
1, ,323, ,
4, ,324, ,
3, ,324, ,
4, ,326, ,
4, ,323, ,
4, ,324, ,
3, ,325, ,
4, ,325, ,
3, ,324, ,
3, ,320, ,
3, ,323, ,
4, ,328, ,
1, ,328, ,
4, ,325, ,
1, ,321, ,
3, ,325, ,
3, ,323, ,
3, ,324, ,
1, ,324, ,
4, ,324, ,
3, ,323, ,
3, ,325, ,
4, ,324, ,
3, ,328, ,
1, ,324, ,
4, ,325, ,
3, ,324, ,
3, ,326, ,
4, ,323, ,
4, ,326, ,
1, ,325, ,
4, ,325, ,
1, ,323, ,
3, ,325, ,
3, ,324, ,
3, ,326, ,
1, ,324, ,
4, ,324, ,
1, ,324, ,
3, ,325, ,
4, ,324, ,
3, ,326, ,
1, ,325, ,
4, ,325, ,
1, ,323, ,
3, ,325, ,
3, ,324, ,
3, ,325, ,
1, ,323, ,
4, ,325, ,
1, ,323, ,
3, ,325, ,
3, ,323, ,
3, ,325, ,
1, ,325, ,
3, ,324, ,
1, ,324, ,
3, ,326, ,
3, ,324, ,
3, ,325, ,
1, ,323, ,
4, ,324, ,
3, ,324, ,
3, ,325, ,
3, ,323, ,
3, ,326, ,
1, ,325, ,
4, ,325, ,
1, ,324, ,
1, ,325, ,
3, ,324, ,
3, ,325, ,
1, ,323, ,
3, ,325, ,
1, ,324, ,
3, ,326, ,
3, ,323, ,
3, ,325, ,
1, ,325, ,
4, ,325, ,
3, ,324, ,
3, ,325, ,
3, ,324, ,
3, ,327, ,
1, ,324, ,
4, ,324, ,
1, ,324, ,
1, ,326, ,
3, ,323, ,
3, ,324, ,
1, ,325, ,
3, ,325, ,
1, ,324, ,
3, ,326, ,
3, ,324, ,
3, ,324, ,
1, ,323, ,
4, ,324, ,
1, ,324, ,
3, ,327, ,
3, ,324, ,
3, ,325, ,
1, ,323, ,
4, ,326, ,
3, ,324, ,
3, ,325, ,
3, ,324, ,
3, ,326, ,
1, ,324, ,
4, ,324, ,
1, ,324, ,
1, ,327, ,
3, ,324, ,
3, ,325, ,
1, ,324, ,
4, ,325, ,
3, ,324, ,
3, ,325, ,
3, ,323, ,
3, ,324, ,
1, ,324, ,
4, ,324, ,
1, ,324, ,
1, ,325, ,
3, ,323, ,
3, ,325, ,
1, ,324, ,
4, ,325, ,
1, ,324, ,
3, ,325, ,
3, ,324, ,
3, ,325, ,
1, ,324, ,
4, ,324, ,
1, ,324, ,
3, ,325, ,
3, ,323, ,
3, ,324, ,
1, ,325, ,
4, ,325, ,
1, ,324, ,
1, ,325, ,
3, ,324, ,
3, ,325, ,
1, ,324, ,
3, ,324, ,
1, ,325, ,
3, ,325, ,
3, ,323, ,
3, ,325, ,
1, ,325, ,
4, ,325, ,
1, ,324, ,
3, ,324, ,
3, ,324, ,
3, ,326, ,
1, ,324, ,
4, ,323, ,
1, ,321, ,
1, ,325, ,
3, ,323, ,
3, ,326, ,
1, ,327, ,
3, ,327, ,
1, ,325, ,
3, ,323, ,
3, ,320, ,
3, ,323, ,
1, ,324, ,
4, ,324, ,
1, ,325, ,
3, ,326, ,
3, ,323, ,
3, ,324, ,
1, ,324, ,
4, ,325, ,
3, ,324, ,
3, ,325, ,
3, ,324, ,
3, ,324, ,
1, ,324, ,
3, ,325, ,
1, ,324, ,
1, ,325, ,
1, ,323, ,
3, ,326, ,
1, ,324, ,
3, ,324, ,
1, ,323, ,
3, ,324, ,
3, ,323, ,
3, ,324, ,
1, ,323, ,
3, ,324, ,
1, ,324, ,
3, ,325, ,
3, ,324, ,
3, ,324, ,
1, ,325, ,
3, ,325, ,
1, ,323, ,
1, ,325, ,
3, ,323, ,
1, ,324, ,
1, ,323, ,
3, ,324, ,
1, ,323, ,
1, ,325, ,
3, ,323, ,
3, ,324, ,
1, ,325, ,
4, ,325, ,
64, ,323, ,
41, ,324, ,
24, ,323, ,
16, ,325, ,
13, ,323, ,
11, ,324, ,
6, ,324, ,
5, ,324, ,
6, ,323, ,
5, ,324, ,
3, ,325, ,
4, ,324, ,
3, ,323, ,
3, ,324, ,
4, ,324, ,
4, ,324, ,
3, ,324, ,
4, ,324, ,
3, ,323, ,
3, ,325, ,
4, ,321, ,
4, ,323, ,
3, ,325, ,
4, ,326, ,
1, ,325, ,
3, ,325, ,
4, ,324, ,
4, ,325, ,
1, ,323, ,
4, ,324, ,
3, ,323, ,
3, ,325, ,
4, ,323, ,
4, ,326, ,
3, ,325, ,
4, ,325, ,
3, ,324, ,
3, ,325, ,
4, ,323, ,
4, ,324, ,
1, ,323, ,
4, ,324, ,
1, ,325, ,
3, ,325, ,
4, ,323, ,
4, ,325, ,
1, ,323, ,
4, ,324, ,
3, ,324, ,
4, ,324, ,
4, ,323, ,
4, ,325, ,
3, ,324, ,
4, ,324, ,
3, ,324, ,
3, ,325, ,
3, ,323, ,
3, ,326, ,
1, ,325, ,
4, ,325, ,
3, ,324, ,
3, ,325, ,
3, ,324, ,
3, ,325, ,
1, ,324, ,
4, ,325, ,
1, ,325, ,
3, ,327, ,
4, ,323, ,
3, ,325, ,
3, ,325, ,
4, ,325, ,
3, ,324, ,
3, ,325, ,
3, ,324, ,
4, ,325, ,
1, ,324, ,
4, ,325, ,
1, ,325, ,
3, ,325, ,
3, ,324, ,
3, ,325, ,
1, ,325, ,
4, ,325, ,
1, ,324, ,
3, ,326, ,
3, ,323, ,
3, ,325, ,
1, ,324, ,
4, ,324, ,
1, ,325, ,
3, ,326, ,
3, ,324, ,
3, ,326, ,
1, ,325, ,
4, ,326, ,
1, ,324, ,
3, ,325, ,
3, ,324, ,
3, ,325, ,
1, ,324, ,
4, ,324, ,
3, ,325, ,
3, ,325, ,
3, ,323, ,
3, ,325, ,
1, ,324, ,
4, ,325, ,
3, ,324, ,
3, ,325, ,
3, ,325, ,
3, ,326, ,
1, ,324, ,
4, ,324, ,
3, ,325, ,
3, ,326, ,
3, ,323, ,
3, ,325, ,
1, ,324, ,
4, ,324, ,
3, ,324, ,
3, ,325, ,
3, ,324, ,
3, ,325, ,
1, ,324, ,
4, ,324, ,
3, ,325, ,
1, ,325, ,
3, ,324, ,
3, ,325, ,
1, ,325, ,
4, ,325, ,
3, ,324, ,
3, ,325, ,
3, ,324, ,
3, ,325, ,
1, ,323, ,
4, ,325, ,
1, ,324, ,
3, ,327, ,
3, ,323, ,
3, ,325, ,
1, ,324, ,
4, ,324, ,
3, ,324, ,
3, ,326, ,
3, ,325, ,
3, ,325, ,
1, ,325, ,
3, ,324, ,
3, ,323, ,
3, ,326, ,
3, ,324, ,
3, ,325, ,
1, ,325, ,
4, ,324, ,
1, ,324, ,
3, ,326, ,
3, ,324, ,
3, ,325, ,
1, ,324, ,
3, ,324, ,
1, ,325, ,
3, ,326, ,
3, ,324, ,
3, ,325, ,
3, ,325, ,
3, ,325, ,
1, ,324, ,
3, ,325, ,
3, ,325, ,
3, ,325, ,
1, ,324, ,
4, ,325, ,
1, ,324, ,
3, ,325, ,
3, ,323, ,
3, ,326, ,
1, ,324, ,
3, ,325, ,
1, ,324, ,
3, ,325, ,
3, ,325, ,
3, ,325, ,
1, ,324, ,
4, ,324, ,
1, ,325, ,
3, ,325, ,
3, ,323, ,
3, ,325, ,
1, ,325, ,
3, ,325, ,
1, ,324, ,
3, ,325, ,
3, ,325, ,
3, ,325, ,
1, ,324, ,
3, ,325, ,
1, ,325, ,
3, ,325, ,
3, ,324, ,
3, ,324, ,
1, ,325, ,
3, ,325, ,
1, ,324, ,
3, ,325, ,
3, ,324, ,
3, ,325, ,
1, ,324, ,
3, ,323, ,
1, ,325, ,
3, ,326, ,
3, ,323, ,
3, ,324, ,
1, ,325, ,
3, ,324, ,
1, ,324, ,
3, ,326, ,
3, ,324, ,
3, ,325, ,
1, ,324, ,
3, ,324, ,
1, ,324, ,
3, ,325, ,
1, ,323, ,
3, ,325, ,
1, ,325, ,
3, ,325, ,
1, ,323, ,
3, ,325, ,
3, ,324, ,
3, ,324, ,
1, ,324, ,
3, ,325, ,
1, ,325, ,
3, ,327, ,
3, ,324, ,
1, ,325, ,
1, ,324, ,
3, ,325, ,
1, ,325, ,
3, ,326, ,
3, ,324, ,
3, ,325, ,
1, ,323, ,
3, ,325, ,
1, ,326, ,
3, ,327, ,
3, ,323, ,
3, ,325, ,
1, ,325, ,
3, ,325, ,
1, ,324, ,
3, ,326, ,
3, ,324, ,
3, ,324, ,
1, ,323, ,
3, ,325, ,
1, ,325, ,
1, ,327, ,
3, ,325, ,
1, ,325, ,
1, ,324, ,
3, ,325, ,
1, ,323, ,
1, ,326, ,
3, ,324, ,
3, ,326, ,
1, ,323, ,
3, ,323, ,
1, ,324, ,
1, ,326, ,
3, ,324, ,
3, ,325, ,
1, ,325, ,
3, ,325, ,
1, ,323, ,
3, ,325, ,
3, ,324, ,
1, ,325, ,
1, ,324, ,
3, ,324, ,
1, ,325, ,
3, ,327, ,
3, ,323, ,
3, ,325, ,
1, ,325, ,
3, ,325, ,
1, ,324, ,
1, ,325, ,
3, ,325, ,
3, ,325, ,
1, ,324, ,
3, ,324, ,
1, ,325, ,
3, ,325, ,
1, ,323, ,
1, ,325, ,
1, ,325, ,
3, ,325, ,
1, ,324, ,
3, ,325, ,
3, ,324, ,
3, ,325, ,
1, ,324, ,
3, ,325, ,
1, ,324, ,
1, ,325, ,
3, ,324, ,
1, ,324, ,
1, ,323, ,
3, ,325, ,
1, ,324, ,
1, ,326, ,
3, ,324, ,
1, ,326, ,
1, ,324, ,
3, ,324, ,
1, ,324, ,
3, ,326, ,
3, ,324, ,
1, ,324, ,
1, ,325, ,
3, ,325, ,
1, ,324, ,
1, ,325, ,
3, ,324, ,
1, ,325, ,
0, ,324, ,
3, ,324, ,
1, ,317, ,
1, ,325, ,
3, ,329, ,
3, ,328, ,
0, ,323, ,
3, ,323, ,
1, ,324, ,
1, ,326, ,
1, ,324, ,
1, ,325, ,
0, ,325, ,
3, ,325, ,
1, ,324, ,
1, ,327, ,
3, ,324, ,
3, ,325, ,
0, ,324, ,
3, ,325, ,
1, ,324, ,
1, ,326, ,
3, ,324, ,
3, ,325, ,
0, ,324, ,
3, ,325, ,
1, ,325, ,
1, ,326, ,
1, ,324, ,
1, ,325, ,
1, ,325, ,
3, ,325, ,
1, ,324, ,
1, ,325, ,
1, ,325, ,
1, ,325, ,
0, ,324, ,
3, ,325, ,
1, ,324, ,
1, ,326, ,
3, ,323, ,
1, ,325, ,
1, ,324, ,
3, ,325, ,
1, ,324, ,
1, ,326, ,
3, ,323, ,
1, ,326, ,
0, ,324, ,
3, ,324, ,
1, ,324, ,
1, ,326, ,
3, ,323, ,
1, ,324, ,
1, ,325, ,
3, ,325, ,
1, ,324, ,
1, ,325, ,
1, ,324, ,
1, ,327, ,
0, ,324, ,
3, ,324, ,
1, ,324, ,
1, ,325, ,
3, ,324, ,
1, ,325, ,
0, ,324, ,
3, ,325, ,
1, ,324, ,
1, ,326, ,
3, ,323, ,
1, ,325, ,
0, ,325, ,
3, ,324, ,
1, ,324, ,
1, ,327, ,
1, ,323, ,
1, ,326, ,
0, ,325, ,
3, ,325, ,
1, ,324, ,
1, ,326, ,
3, ,324, ,
3, ,325, ,
0, ,324, ,
3, ,324, ,
1, ,325, ,
1, ,325, ,
1, ,323, ,
1, ,325, ,
1, ,326, ,
3, ,325, ,
1, ,324, ,
1, ,325, ,
1, ,324, ,
1, ,326, ,
0, ,325, ,
3, ,325, ,
1, ,324, ,
1, ,327, ,
1, ,323, ,
3, ,325, ,
0, ,325, ,
3, ,325, ,
1, ,324, ,
1, ,325, ,
3, ,325, ,
1, ,326, ,
0, ,324, ,
3, ,325, ,
1, ,325, ,
1, ,325, ,
1, ,323, ,
1, ,325, ,
0, ,325, ,
3, ,324, ,
1, ,323, ,
1, ,325, ,
1, ,324, ,
1, ,325, ,
0, ,325, ,
3, ,325, ,
1, ,325, ,
1, ,326, ,
3, ,323, ,
1, ,326, ,
0, ,323, ,
3, ,324, ,
1, ,323, ,
1, ,325, ,
3, ,325, ,
1, ,327, ,
0, ,325, ,
3, ,325, ,
1, ,325, ,
1, ,325, ,
3, ,323, ,
1, ,323, ,
0, ,323, ,
3, ,325, ,
1, ,324, ,
1, ,325, ,
1, ,324, ,
1, ,325, ,
0, ,323, ,
3, ,323, ,
1, ,323, ,
1, ,325, ,
3, ,323, ,
1, ,327, ,
0, ,325, ,
3, ,325, ,
1, ,324, ,
1, ,325, ,
3, ,324, ,
1, ,325, ,
0, ,324, ,
3, ,325, ,
1, ,324, ,
1, ,325, ,
1, ,324, ,
1, ,324, ,
0, ,324, ,
3, ,325, ,
1, ,324, ,
1, ,325, ,
1, ,324, ,
1, ,324, ,
0, ,325, ,
3, ,325, ,
1, ,324, ,
1, ,325, ,
1, ,323, ,
3, ,326, ,
0, ,325, ,
3, ,325, ,
1, ,324, ,
1, ,325, ,
1, ,324, ,
1, ,326, ,
0, ,324, ,
3, ,324, ,
1, ,325, ,
1, ,325, ,
1, ,323, ,
1, ,324, ,
0, ,324, ,
3, ,325, ,
1, ,324, ,
1, ,326, ,
3, ,324, ,
3, ,325, ,
0, ,323, ,
3, ,325, ,
1, ,325, ,
1, ,326, ,
3, ,323, ,
1, ,325, ,
0, ,325, ,
3, ,324, ,
1, ,324, ,
1, ,325, ,
3, ,324, ,
1, ,325, ,
0, ,323, ,
3, ,324, ,
1, ,324, ,
1, ,325, ,
3, ,323, ,
1, ,324, ,
0, ,325, ,
3, ,325, ,
1, ,323, ,
1, ,325, ,
3, ,324, ,
1, ,324, ,
0, ,324, ,
3, ,324, ,
1, ,324, ,
1, ,325, ,
3, ,323, ,
1, ,325, ,
0, ,324, ,
3, ,325, ,
1, ,323, ,
1, ,325, ,
3, ,324, ,
1, ,325, ,
0, ,324, ,
3, ,325, ,
1, ,324, ,
1, ,325, ,
1, ,323, ,
1, ,324, ,
0, ,325, ,
3, ,325, ,
1, ,324, ,
1, ,325, ,
1, ,324, ,
1, ,325, ,
0, ,324, ,
3, ,325, ,
1, ,325, ,
1, ,326, ,
1, ,323, ,
1, ,324, ,
0, ,325, ,
3, ,325, ,
1, ,324, ,
1, ,325, ,
1, ,324, ,
1, ,325, ,
0, ,324, ,
3, ,325, ,
0, ,324, ,
1, ,325, ,
1, ,323, ,
3, ,324, ,
0, ,325, ,
3, ,324, ,
1, ,324, ,
1, ,324, ,
1, ,324, ,
3, ,325, ,
0, ,323, ,
3, ,325, ,
1, ,324, ,
1, ,325, ,
1, ,323, ,
1, ,324, ,
0, ,325, ,
3, ,324, ,
1, ,324, ,
1, ,325, ,
3, ,324, ,
1, ,325, ,
0, ,324, ,
3, ,325, ,
1, ,325, ,
1, ,326, ,
3, ,323, ,
1, ,325, ,
0, ,325, ,
3, ,324, ,
1, ,323, ,
1, ,326, ,
3, ,324, ,
1, ,325, ,
0, ,323, ,
3, ,325, ,
1, ,324, ,
1, ,326, ,
3, ,323, ,
1, ,325, ,
0, ,325, ,
3, ,325, ,
1, ,324, ,
1, ,325, ,
3, ,324, ,
1, ,325, ,
0, ,324, ,
3, ,324, ,
1, ,324, ,
1, ,325, ,
3, ,323, ,
1, ,325, ,
0, ,324, ,
3, ,325, ,
1, ,324, ,
1, ,325, ,
1, ,323, ,
1, ,324, ,
0, ,323, ,
3, ,323, ,
1, ,324, ,
1, ,325, ,
1, ,323, ,
1, ,325, ,
0, ,325, ,
3, ,325, ,
1, ,323, ,
1, ,325, ,
1, ,324, ,
1, ,325, ,
0, ,323, ,
3, ,325, ,
1, ,324, ,
1, ,325, ,
1, ,324, ,
1, ,324, ,
0, ,324, ,
3, ,324, ,
1, ,324, ,
1, ,325, ,
1, ,324, ,
1, ,325, ,
0, ,324, ,
3, ,324, ,
1, ,324, ,
1, ,326, ,
1, ,323, ,
1, ,324, ,
0, ,324, ,
3, ,325, ,
0, ,324, ,
1, ,325, ,
3, ,323, ,
1, ,325, ,
0, ,323, ,
3, ,325, ,
0, ,324, ,
1, ,325, ,
3, ,324, ,
1, ,324, ,
0, ,325, ,
3, ,324, ,
0, ,324, ,
0, ,325, ,
3, ,324, ,
1, ,325, ,
0, ,323, ,
3, ,324, ,
1, ,325, ,
0, ,326, ,
1, ,323, ,
1, ,325, ,
0, ,325, ,
3, ,324, ,
0, ,324, ,
1, ,325, ,
3, ,324, ,
1, ,325, ,
0, ,324, ,
3, ,324, ,
1, ,325, ,
1, ,326, ,
3, ,323, ,
1, ,324, ,
0, ,325, ,
3, ,324, ,
1, ,324, ,
1, ,325, ,
3, ,324, ,
1, ,325, ,
0, ,324, ,
1, ,324, ,
1, ,325, ,
1, ,325, ,
1, ,323, ,
1, ,325, ,
0, ,324, ,
1, ,325, ,
0, ,324, ,
1, ,325, ,
1, ,324, ,
1, ,324, ,
0, ,324, ,
3, ,325, ,
1, ,323, ,
1, ,325, ,
3, ,324, ,
1, ,325, ,
0, ,325, ,
3, ,325, ,
1, ,324, ,
1, ,325, ,
1, ,324, ,
1, ,324, ,
0, ,324, ,
3, ,325, ,
1, ,325, ,
1, ,326, ,
1, ,323, ,
1, ,325, ,
0, ,324, ,
3, ,324, ,
1, ,324, ,
1, ,326, ,
1, ,324, ,
1, ,325, ,
0, ,324, ,
3, ,324, ,
0, ,325, ,
1, ,325, ,
1, ,323, ,
1, ,325, ,
0, ,324, ,
3, ,325, ,
0, ,324, ,
0, ,325, ,
1, ,325, ,
1, ,325, ,
0, ,324, ,
3, ,324, ,
0, ,324, ,
0, ,327, ,
1, ,324, ,
1, ,325, ,
0, ,325, ,
1, ,325, ,
1, ,324, ,
1, ,326, ,
3, ,324, ,
1, ,325, ,
0, ,323, ,
1, ,325, ,
0, ,324, ,
1, ,325, ,
1, ,323, ,
1, ,325, ,
0, ,325, ,
3, ,326, ,
1, ,323, ,
1, ,325, ,
1, ,324, ,
1, ,325, ,
0, ,324, ,
1, ,324, ,
1, ,325, ,
1, ,325, ,
1, ,323, ,
1, ,325, ,
0, ,324, ,
3, ,325, ,
0, ,324, ,
1, ,325, ,
3, ,324, ,
1, ,325, ,
0, ,324, ,
3, ,325, ,
1, ,324, ,
1, ,326, ,
3, ,324, ,
1, ,325, ,
0, ,325, ,
3, ,324, ,
1, ,324, ,
1, ,325, ,
1, ,323, ,
1, ,325, ,
0, ,324, ,
3, ,324, ,
1, ,324, ,
1, ,325, ,
3, ,323, ,
1, ,324, ,
0, ,324, ,
3, ,325, ,
1, ,324, ,
1, ,325, ,
3, ,324, ,
1, ,325, ,
0, ,324, ,
3, ,324, ,
0, ,324, ,
1, ,325, ,
1, ,324, ,
1, ,324, ,
0, ,324, ,
3, ,325, ,
0, ,324, ,
0, ,325, ,
3, ,324, ,
1, ,325, ,
0, ,324, ,
3, ,324, ,
0, ,324, ,
0, ,325, ,
3, ,324, ,
1, ,325, ,
0, ,324, ,
3, ,324, ,
0, ,324, ,
0, ,326, ,
1, ,324, ,
1, ,325, ,
0, ,324, ,
1, ,324, ,
0, ,324, ,
0, ,326, ,
1, ,323, ,
1, ,325, ,
0, ,324, ,
3, ,325, ,
0, ,324, ,
0, ,326, ,
1, ,324, ,
1, ,325, ,
0, ,324, ,
1, ,324, ,
1, ,324, ,
0, ,325, ,
3, ,323, ,
1, ,324, ,
0, ,325, ,
1, ,325, ,
0, ,324, ,
1, ,325, ,
1, ,324, ,
1, ,324, ,
0, ,323, ,
3, ,324, ,
0, ,324, ,
0, ,325, ,
1, ,323, ,
1, ,325, ,
0, ,324, ,
1, ,325, ,
0, ,324, ,
0, ,326, ,
1, ,324, ,
1, ,325, ,
0, ,323, ,
3, ,324, ,
0, ,324, ,
0, ,326, ,
1, ,323, ,
1, ,325, ,
0, ,325, ,
3, ,325, ,
0, ,324, ,
1, ,327, ,
3, ,324, ,
1, ,325, ,
0, ,323, ,
3, ,324, ,
1, ,325, ,
0, ,326, ,
1, ,323, ,
1, ,325, ,
0, ,325, ,
1, ,324, ,
0, ,323, ,
1, ,325, ,
3, ,324, ,
1, ,325, ,
0, ,324, ,
3, ,325, ,
0, ,325, ,
0, ,326, ,
3, ,323, ,
1, ,324, ,
0, ,324, ,
3, ,325, ,
0, ,324, ,
0, ,326, ,
1, ,324, ,
1, ,325, ,
0, ,324, ,
3, ,325, ,
0, ,324, ,
1, ,325, ,
3, ,324, ,
1, ,324, ,
0, ,324, ,
3, ,324, ,
0, ,325, ,
1, ,325, ,
1, ,324, ,
1, ,324, ,
0, ,324, ,
1, ,324, ,
1, ,325, ,
1, ,325, ,
1, ,324, ,
1, ,324, ,
0, ,324, ,
3, ,324, ,
0, ,323, ,
1, ,325, ,
3, ,324, ,
1, ,324, ,
0, ,324, ,
3, ,325, ,
0, ,325, ,
0, ,326, ,
1, ,324, ,
1, ,325, ,
0, ,324, ,
3, ,325, ,
0, ,324, ,
1, ,325, ,
1, ,323, ,
1, ,325, ,
0, ,324, ,
3, ,324, ,
1, ,325, ,
1, ,325, ,
1, ,323, ,
1, ,324, ,
0, ,324, ,
3, ,325, ,
0, ,323, ,
1, ,325, ,
3, ,323, ,
1, ,325, ,
0, ,324, ,
3, ,324, ,
0, ,324, ,
0, ,325, ,
1, ,323, ,
1, ,324, ,
0, ,325, ,
3, ,325, ,
0, ,324, ,
0, ,325, ,
1, ,324, ,
1, ,325, ,
0, ,321, ,
3, ,323, ,
0, ,321, ,
0, ,325, ,
1, ,324, ,
1, ,327, ,
0, ,327, ,
1, ,326, ,
0, ,323, ,
0, ,323, ,
1, ,323, ,
1, ,325, ,
0, ,324, ,
1, ,324, ,
0, ,324, ,
0, ,325, ,
1, ,323, ,
1, ,323, ,
0, ,324, ,
1, ,325, ,
0, ,324, ,
0, ,325, ,
1, ,324, ,
1, ,324, ,
0, ,324, ,
3, ,324, ,
0, ,319, ,
0, ,323, ,
1, ,324, ,
1, ,330, ,
0, ,327, ,
1, ,324, ,
0, ,321, ,
0, ,325, ,
3, ,323, ,
1, ,325, ,
0, ,324, ,
3, ,323, ,
0, ,323, ,
0, ,325, ,
3, ,323, ,
1, ,324, ,
0, ,324, ,
3, ,324, ,
1, ,323, ,
0, ,325, ,
1, ,323, ,
1, ,326, ,
0, ,324, ,
3, ,324, ,
0, ,324, ,
0, ,325, ,
1, ,323, ,
1, ,324, ,
0, ,324, ,
3, ,324, ,
0, ,323, ,
0, ,325, ,
1, ,323, ,
1, ,325, ,
0, ,324, ,
3, ,324, ,
1, ,323, ,
0, ,325, ,
1, ,324, ,
1, ,325, ,
0, ,325, ,
1, ,324, ,
0, ,323, ,
1, ,325, ,
3, ,323, ,
1, ,325, ,
0, ,323, ,
1, ,323, ,
0, ,324, ,
0, ,325, ,
1, ,323, ,
1, ,325, ,
0, ,323, ,
3, ,325, ,
0, ,324, ,
0, ,325, ,
1, ,324, ,
1, ,325, ,
0, ,324, ,
3, ,324, ,
0, ,324, ,
1, ,325, ,
1, ,323, ,
1, ,323, ,
0, ,324, ,
3, ,325, ,
0, ,324, ,
0, ,325, ,
3, ,323, ,
1, ,325, ,
0, ,324, ,
1, ,323, ,
0, ,324, ,
0, ,325, ,
1, ,323, ,
0, ,324, ,
0, ,323, ,
1, ,324, ,
0, ,323, ,
1, ,324, ,
1, ,324, ,
1, ,324, ,
0, ,324, ,
3, ,324, ,
0, ,325, ,
0, ,327, ,
1, ,324, ,
1, ,325, ,
0, ,325, ,
1, ,325, ,
0, ,324, ,
0, ,325, ,
3, ,324, ,
1, ,325, ,
-1, ,325, ,
1, ,325, ,
0, ,325, ,
0, ,325, ,
1, ,323, ,
1, ,325, ,
0, ,325, ,
1, ,325, ,
0, ,324, ,
0, ,325, ,
3, ,324, ,
1, ,327, ,
0, ,324, ,
1, ,325, ,
0, ,324, ,
1, ,324, ,
1, ,324, ,
1, ,326, ,
0, ,325, ,
3, ,324, ,
0, ,324, ,
0, ,326, ,
1, ,325, ,
1, ,327, ,
0, ,324, ,
3, ,324, ,
0, ,325, ,
1, ,325, ,
3, ,324, ,
1, ,325, ,
0, ,324, ,
1, ,325, ,
0, ,323, ,
0, ,325, ,
3, ,324, ,
1, ,325, ,
0, ,323, ,
1, ,324, ,
0, ,324, ,
0, ,325, ,
1, ,323, ,
1, ,325, ,
0, ,325, ,
1, ,326, ,
0, ,324, ,
1, ,325, ,
1, ,324, ,
1, ,325, ,
0, ,325, ,
1, ,325, ,
0, ,324, ,
0, ,327, ,
1, ,323, ,
1, ,325, ,
0, ,324, ,
1, ,325, ,
0, ,323, ,
0, ,325, ,
1, ,324, ,
1, ,326, ,
0, ,324, ,
3, ,324, ,
0, ,324, ,
0, ,326, ,
1, ,323, ,
1, ,325, ,
0, ,324, ,
1, ,325, ,
0, ,323, ,
0, ,325, ,
3, ,324, ,
1, ,327, ,
0, ,323, ,
1, ,324, ,
0, ,323, ,
0, ,326, ,
1, ,323, ,
1, ,325, ,
0, ,325, ,
3, ,324, ,
0, ,324, ,
0, ,326, ,
1, ,325, ,
1, ,326, ,
0, ,324, ,
1, ,325, ,
0, ,325, ,
0, ,325, ,
1, ,324, ,
1, ,324, ,
0, ,325, ,
3, ,326, ,
0, ,324, ,
0, ,325, ,
1, ,324, ,
1, ,325, ,
0, ,324, ,
1, ,324, ,
1, ,324, ,
0, ,326, ,
1, ,324, ,
1, ,325, ,
0, ,324, ,
3, ,324, ,
0, ,323, ,
0, ,325, ,
1, ,324, ,
1, ,325, ,
0, ,325, ,
3, ,324, ,
0, ,324, ,
0, ,325, ,
1, ,323, ,
1, ,325, ,
0, ,324, ,
3, ,325, ,
0, ,324, ,
0, ,325, ,
1, ,324, ,
1, ,325, ,
0, ,324, ,
3, ,324, ,
0, ,325, ,
0, ,325, ,
1, ,324, ,
1, ,323, ,
0, ,324, ,
1, ,325, ,
0, ,323, ,
1, ,325, ,
1, ,324, ,
1, ,325, ,
0, ,324, ,
3, ,324, ,
0, ,324, ,
0, ,326, ,
1, ,324, ,
1, ,324, ,
0, ,324, ,
1, ,325, ,
0, ,324, ,
0, ,325, ,
1, ,324, ,
1, ,325, ,
0, ,323, ,
1, ,324, ,
0, ,324, ,
0, ,325, ,
3, ,323, ,
1, ,325, ,
0, ,324, ,
3, ,325, ,
0, ,324, ,
0, ,325, ,
1, ,325, ,
1, ,324, ,
0, ,324, ,
1, ,324, ,
0, ,324, ,
1, ,326, ,
1, ,323, ,
1, ,325, ,
0, ,324, ,
3, ,325, ,
0, ,324, ,
0, ,326, ,
1, ,324, ,
1, ,325, ,
0, ,324, ,
1, ,325, ,
0, ,324, ,
0, ,326, ,
1, ,323, ,
1, ,325, ,
0, ,325, ,
3, ,325, ,
0, ,324, ,
0, ,325, ,
1, ,324, ,
1, ,325, ,
0, ,324, ,
1, ,324, ,
0, ,325, ,
0, ,325, ,
1, ,323, ,
1, ,325, ,
0, ,325, ,
3, ,325, ,
0, ,323, ,
1, ,325, ,
1, ,324, ,
1, ,325, ,
0, ,324, ,
1, ,323, ,
0, ,324, ,
0, ,326, ,
1, ,324, ,
1, ,324, ,
0, ,324, ,
3, ,325, ,
0, ,324, ,
0, ,325, ,
3, ,324, ,
1, ,325, ,
0, ,324, ,
1, ,324, ,
0, ,324, ,
0, ,325, ,
1, ,324, ,
1, ,324, ,
0, ,324, ,
3, ,325, ,
0, ,324, ,
1, ,325, ,
1, ,323, ,
1, ,325, ,
0, ,324, ,
1, ,325, ,
0, ,325, ,
0, ,325, ,
1, ,323, ,
1, ,325, ,
0, ,324, ,
1, ,325, ,
0, ,323, ,
0, ,324, ,
1, ,324, ,
1, ,324, ,
0, ,324, ,
1, ,323, ,
0, ,324, ,
0, ,323, ,
1, ,323, ,
1, ,324, ,
0, ,325, ,
3, ,326, ,
0, ,324, ,
0, ,325, ,
1, ,324, ,
1, ,325, ,
0, ,323, ,
3, ,323, ,
0, ,324, ,
0, ,325, ,
1, ,323, ,
1, ,325, ,
0, ,324, ,
3, ,325, ,
0, ,324, ,
0, ,324, ,
1, ,324, ,
1, ,326, ,
0, ,323, ,
3, ,323, ,
1, ,324, ,
0, ,325, ,
1, ,323, ,
1, ,325, ,
0, ,324, ,
3, ,324, ,
0, ,323, ,
1, ,326, ,
1, ,324, ,
1, ,325, ,
0, ,324, ,
3, ,324, ,
0, ,325, ,
0, ,325, ,
1, ,323, ,
1, ,325, ,
0, ,323, ,
3, ,325, ,
0, ,324, ,
0, ,325, ,
1, ,324, ,
1, ,325, ,
0, ,324, ,
1, ,325, ,
0, ,324, ,
0, ,326, ,
1, ,324, ,
1, ,325, ,
0, ,325, ,
1, ,325, ,
0, ,324, ,
0, ,325, ,
1, ,324, ,
1, ,327, ,
0, ,323, ,
1, ,325, ,
0, ,324, ,
0, ,326, ,
1, ,323, ,
1, ,325, ,
0, ,325, ,
1, ,324, ,
0, ,324, ,
0, ,325, ,
3, ,324, ,
1, ,325, ,
0, ,324, ,
1, ,325, ,
0, ,325, ,
0, ,325, ,
1, ,324, ,
1, ,325, ,
0, ,325, ,
3, ,325, ,
0, ,324, ,
0, ,326, ,
3, ,324, ,
1, ,325, ,
0, ,324, ,
1, ,325, ,
0, ,324, ,
0, ,326, ,
1, ,324, ,
1, ,324, ,
0, ,325, ,
3, ,325, ,
0, ,324, ,
1, ,325, ,
1, ,323, ,
1, ,325, ,
0, ,324, ,
3, ,325, ,
0, ,324, ,
0, ,326, ,
1, ,324, ,
1, ,325, ,
0, ,325, ,
1, ,325, ,
0, ,324, ,
0, ,325, ,
1, ,325, ,
1, ,325, ,
0, ,325, ,
1, ,324, ,
0, ,324, ,
1, ,325, ,
1, ,324, ,
1, ,324, ,
0, ,324, ,
3, ,325, ,
0, ,324, ,
0, ,325, ,
1, ,324, ,
1, ,325, ,
0, ,324, ,
3, ,324, ,
0, ,325, ,
0, ,325, ,
1, ,323, ,
1, ,324, ,
0, ,324, ,
1, ,325, ,
0, ,324, ,
0, ,325, ,
1, ,324, ,
1, ,326, ,
0, ,324, ,
3, ,325, ,
0, ,324, ,
0, ,325, ,
1, ,323, ,
1, ,325, ,
0, ,324, ,
1, ,325, ,
0, ,324, ,
1, ,325, ,
1, ,324, ,
1, ,325, ,
0, ,325, ,
1, ,324, ,
0, ,324, ,
0, ,326, ,
1, ,323, ,
1, ,325, ,
0, ,324, ,
3, ,324, ,
0, ,324, ,
0, ,325, ,
3, ,323, ,
1, ,327, ,
0, ,324, ,
1, ,325, ,
0, ,323, ,
0, ,325, ,
1, ,323, ,
1, ,325, ,
0, ,323, ,
1, ,325, ,
0, ,324, ,
0, ,324, ,
1, ,324, ,
1, ,324, ,
0, ,324, ,
1, ,325, ,
0, ,325, ,
0, ,327, ,
1, ,323, ,
1, ,324, ,
0, ,325, ,
1, ,324, ,
0, ,324, ,
0, ,324, ,
1, ,325, ,
1, ,326, ,
0, ,324, ,
1, ,325, ,
0, ,324, ,
0, ,326, ,
1, ,324, ,
1, ,325, ,
0, ,324, ,
3, ,324, ,
0, ,324, ,
1, ,325, ,
3, ,324, ,
1, ,325, ,
0, ,324, ,
3, ,324, ,
0, ,324, ,
0, ,325, ,
1, ,324, ,
1, ,325, ,
0, ,324, ,
1, ,324, ,
0, ,324, ,
0, ,325, ,
1, ,325, ,
1, ,325, ,
0, ,323, ,
1, ,325, ,
0, ,324, ,
0, ,326, ,
1, ,324, ,
1, ,325, ,
0, ,325, ,
1, ,324, ,
0, ,323, ,
0, ,324, ,
1, ,324, ,
1, ,325, ,
0, ,323, ,
1, ,323, ,
0, ,324, ,
0, ,326, ,
1, ,324, ,
1, ,324, ,
0, ,323, ,
1, ,324, ,
0, ,324, ,
1, ,325, ,
1, ,324, ,
1, ,324, ,
0, ,324, ,
1, ,325, ,
0, ,325, ,
0, ,326, ,
1, ,323, ,
1, ,323, ,
0, ,324, ,
3, ,325, ,
0, ,324, ,
0, ,326, ,
1, ,324, ,
1, ,325, ,
0, ,323, ,
3, ,324, ,
0, ,324, ,
1, ,325, ,
1, ,324, ,
1, ,325, ,
0, ,325, ,
3, ,324, ,
0, ,323, ,
0, ,326, ,
1, ,324, ,
1, ,325, ,
-1, ,323, ,
1, ,324, ,
0, ,324, ,
0, ,326, ,
1, ,324, ,
3, ,325, ,
0, ,325, ,
1, ,325, ,
0, ,323, ,
0, ,325, ,
1, ,324, ,
1, ,325, ,
0, ,323, ,
3, ,324, ,
0, ,325, ,
0, ,326, ,
1, ,323, ,
1, ,325, ,
0, ,325, ,
3, ,326, ,
0, ,324, ,
0, ,325, ,
1, ,324, ,
1, ,325, ,
0, ,324, ,
1, ,324, ,
0, ,323, ,
0, ,326, ,
1, ,324, ,
1, ,325, ,
0, ,324, ,
3, ,326, ,
0, ,323, ,
0, ,326, ,
1, ,324, ,
1, ,325, ,
0, ,324, ,
3, ,323, ,
0, ,324, ,
0, ,325, ,
1, ,323, ,
1, ,325, ,
0, ,325, ,
3, ,325, ,
0, ,324, ,
0, ,326, ,
1, ,324, ,
1, ,325, ,
0, ,324, ,
1, ,316, ,
0, ,323, ,
0, ,330, ,
1, ,328, ,
1, ,323, ,
0, ,323, ,
3, ,324, ,
0, ,324, ,
0, ,326, ,
1, ,324, ,
1, ,325, ,
0, ,325, ,
1, ,323, ,
0, ,324, ,
0, ,326, ,
1, ,324, ,
1, ,324, ,
0, ,323, ,
3, ,325, ,
0, ,323, ,
0, ,326, ,
1, ,324, ,
1, ,325, ,
0, ,324, ,
1, ,324, ,
0, ,325, ,
0, ,325, ,
1, ,321, ,
1, ,325, ,
0, ,325, ,
3, ,325, ,
0, ,324, ,
0, ,326, ,
1, ,324, ,
1, ,327, ,
0, ,324, ,
1, ,324, ,
0, ,324, ,
0, ,325, ,
1, ,323, ,
1, ,323, ,
0, ,324, ,
3, ,325, ,
0, ,323, ,
1, ,326, ,
1, ,324, ,
1, ,325, ,
0, ,325, ,
1, ,324, ,
0, ,325, ,
0, ,325, ,
1, ,323, ,
1, ,324, ,
0, ,325, ,
3, ,324, ,
0, ,323, ,
0, ,323, ,
1, ,325, ,
1, ,325, ,
0, ,324, ,
1, ,324, ,
0, ,324, ,
0, ,326, ,
3, ,323, ,
1, ,325, ,
0, ,325, ,
3, ,325, ,
0, ,324, ,
0, ,325, ,
1, ,324, ,
1, ,325, ,
0, ,323, ,
1, ,324, ,
1, ,324, ,
1, ,325, ,
3, ,323, ,
1, ,325, ,
0, ,323, ,
3, ,325, ,
0, ,324, ,
1, ,325, ,
3, ,324, ,
1, ,325, ,
0, ,323, ,
1, ,325, ,
0, ,323, ,
0, ,325, ,
1, ,323, ,
1, ,323, ,
0, ,325, ,
1, ,324, ,
0, ,323, ,
1, ,325, ,
1, ,324, ,
1, ,324, ,
0, ,324, ,
1, ,324, ,
0, ,324, ,
0, ,325, ,
1, ,323, ,
1, ,325, ,
0, ,324, ,
3, ,325, ,
0, ,324, ,
0, ,325, ,
1, ,324, ,
1, ,325, ,
0, ,324, ,
3, ,325, ,
0, ,325, ,
0, ,325, ,
1, ,323, ,
1, ,325, ,
0, ,324, ,
1, ,324, ,
0, ,324, ,
0, ,325, ,
1, ,324, ,
1, ,324, ,
0, ,323, ,
1, ,325, ,
0, ,324, ,
0, ,326, ,
1, ,324, ,
1, ,325, ,
0, ,325, ,
1, ,324, ,
0, ,324, ,
0, ,325, ,
1, ,324, ,
1, ,324, ,
0, ,324, ,
1, ,324, ,
0, ,324, ,
0, ,326, ,
1, ,323, ,
1, ,325, ,
0, ,323, ,
1, ,323, ,
0, ,323, ,
0, ,325, ,
1, ,324, ,
1, ,325, ,
0, ,324, ,
1, ,325, ,
0, ,324, ,
0, ,326, ,
1, ,323, ,
1, ,325, ,
0, ,323, ,
1, ,325, ,
0, ,324, ,
0, ,325, ,
1, ,324, ,
1, ,325, ,
0, ,323, ,
1, ,324, ,
0, ,324, ,
0, ,326, ,
1, ,323, ,
1, ,324, ,
0, ,325, ,
1, ,324, ,
0, ,324, ,
0, ,325, ,
1, ,324, ,
1, ,325, ,
-1, ,324, ,
3, ,324, ,
0, ,324, ,
0, ,325, ,
1, ,323, ,
1, ,324, ,
0, ,324, ,
1, ,324, ,
0, ,323, ,
0, ,325, ,
1, ,324, ,
1, ,325, ,
0, ,324, ,
1, ,325, ,
0, ,323, ,
0, ,325, ,
1, ,323, ,
1, ,324, ,
0, ,324, ,
3, ,325, ,
0, ,324, ,
0, ,325, ,
1, ,324, ,
1, ,324, ,
0, ,323, ,
3, ,323, ,
0, ,324, ,
1, ,325, ,
1, ,323, ,
1, ,325, ,
0, ,325, ,
3, ,324, ,
0, ,324, ,
0, ,325, ,
1, ,324, ,
1, ,325, ,
0, ,324, ,
1, ,324, ,
0, ,324, ,
1, ,325, ,
1, ,323, ,
1, ,325, ,
0, ,324, ,
3, ,325, ,
0, ,323, ,
1, ,325, ,
1, ,324, ,
1, ,324, ,
-1, ,324, ,
1, ,324, ,
0, ,324, ,
98, ,325, ,
94, ,323, ,
64, ,325, ,
36, ,324, ,
22, ,324, ,
13, ,324, ,
11, ,325, ,
10, ,325, ,
8, ,325, ,
4, ,324, ,
6, ,324, ,
5, ,324, ,
5, ,325, ,
5, ,323, ,
5, ,325, ,
4, ,325, ,
6, ,325, ,
4, ,324, ,
4, ,325, ,
5, ,323, ,
4, ,324, ,
3, ,324, ,
4, ,323, ,
3, ,324, ,
3, ,325, ,
4, ,323, ,
3, ,325, ,
1, ,325, ,
4, ,324, ,
3, ,324, ,
3, ,325, ,
4, ,324, ,
4, ,325, ,
3, ,324, ,
4, ,324, ,
3, ,324, ,
3, ,325, ,
4, ,323, ,
4, ,324, ,
1, ,324, ,
4, ,324, ,
3, ,324, ,
3, ,324, ,
4, ,324, ,
4, ,325, ,
3, ,325, ,
4, ,324, ,
1, ,325, ,
3, ,325, ,
4, ,323, ,
4, ,325, ,
3, ,325, ,
4, ,324, ,
3, ,324, ,
3, ,326, ,
3, ,324, ,
4, ,325, ,
3, ,324, ,
4, ,324, ,
3, ,324, ,
3, ,325, ,
3, ,323, ,
3, ,325, ,
3, ,324, ,
4, ,324, ,
3, ,324, ,
3, ,324, ,
4, ,323, ,
4, ,325, ,
3, ,323, ,
4, ,324, ,
1, ,325, ,
3, ,325, ,
4, ,323, ,
4, ,325, ,
3, ,325, ,
4, ,325, ,
1, ,324, ,
3, ,325, ,
3, ,324, ,
4, ,325, ,
1, ,324, ,
4, ,324, ,
1, ,324, ,
3, ,326, ,
3, ,324, ,
3, ,325, ,
1, ,325, ,
4, ,326, ,
3, ,325, ,
3, ,325, ,
3, ,325, ,
3, ,325, ,
1, ,324, ,
4, ,324, ,
1, ,325, ,
3, ,325, ,
3, ,323, ,
3, ,324, ,
1, ,323, ,
4, ,325, ,
1, ,324, ,
3, ,325, ,
3, ,324, ,
3, ,325, ,
1, ,324, ,
4, ,324, ,
3, ,325, ,
3, ,325, ,
3, ,323, ,
3, ,324, ,
1, ,324, ,
4, ,325, ,
3, ,324, ,
3, ,326, ,
3, ,324, ,
3, ,325, ,
1, ,324, ,
4, ,325, ,
3, ,325, ,
3, ,326, ,
3, ,324, ,
3, ,325, ,
1, ,324, ,
4, ,325, ,
1, ,324, ,
3, ,325, ,
3, ,323, ,
3, ,324, ,
1, ,323, ,
4, ,324, ,
1, ,324, ,
3, ,325, ,
3, ,323, ,
3, ,324, ,
1, ,324, ,
4, ,325, ,
3, ,324, ,
3, ,325, ,
3, ,324, ,
3, ,326, ,
1, ,324, ,
4, ,324, ,
1, ,323, ,
3, ,325, ,
3, ,324, ,
3, ,325, ,
1, ,326, ,
4, ,324, ,
1, ,324, ,
3, ,325, ,
3, ,324, ,
3, ,325, ,
1, ,324, ,
4, ,325, ,
1, ,324, ,
3, ,325, ,
3, ,324, ,
3, ,325, ,
1, ,325, ,
4, ,325, ,
3, ,324, ,
3, ,325, ,
3, ,324, ,
3, ,323, ,
1, ,323, ,
4, ,324, ,
1, ,323, ,
3, ,324, ,
3, ,321, ,
3, ,323, ,
1, ,326, ,
3, ,327, ,
1, ,328, ,
3, ,327, ,
3, ,323, ,
3, ,321, ,
1, ,321, ,
4, ,324, ,
1, ,325, ,
3, ,327, ,
3, ,323, ,
3, ,323, ,
1, ,324, ,
3, ,324, ,
1, ,323, ,
3, ,326, ,
3, ,323, ,
3, ,325, ,
1, ,323, ,
4, ,324, ,
1, ,324, ,
3, ,326, ,
3, ,323, ,
3, ,324, ,
1, ,323, ,
3, ,324, ,
1, ,324, ,
3, ,325, ,
3, ,324, ,
3, ,325, ,
1, ,323, ,
3, ,323, ,
1, ,324, ,
3, ,326, ,
3, ,324, ,
1, ,325, ,
1, ,324, ,
4, ,323, ,
1, ,323, ,
3, ,326, ,
3, ,321, ,
3, ,325, ,
1, ,323, ,
4, ,324, ,
1, ,324, ,
3, ,325, ,
3, ,323, ,
3, ,323, ,
1, ,325, ,
3, ,324, ,
1, ,324, ,
3, ,325, ,
3, ,324, ,
3, ,324, ,
1, ,324, ,
3, ,324, ,
1, ,325, ,
3, ,325, ,
3, ,321, ,
3, ,325, ,
1, ,323, ,
3, ,324, ,
1, ,324, ,
3, ,325, ,
3, ,324, ,
3, ,325, ,
1, ,324, ,
4, ,324, ,
1, ,324, ,
1, ,326, ,
3, ,323, ,
3, ,324, ,
1, ,324, ,
3, ,324, ,
1, ,324, ,
1, ,323, ,
3, ,324, ,
3, ,325, ,
1, ,323, ,
3, ,323, ,
1, ,324, ,
1, ,325, ,
3, ,323, ,
3, ,324, ,
1, ,325, ,
3, ,324, ,
1, ,324, ,
1, ,325, ,
3, ,323, ,
3, ,324, ,
1, ,324, ,
3, ,323, ,
1, ,324, ,
3, ,326, ,
3, ,323, ,
1, ,324, ,
1, ,323, ,
3, ,324, ,
1, ,324, ,
3, ,325, ,
3, ,324, ,
1, ,324, ,
1, ,324, ,
3, ,324, ,
1, ,324, ,
3, ,326, ,
3, ,323, ,
1, ,325, ,
1, ,325, ,
3, ,325, ,
1, ,324, ,
3, ,325, ,
3, ,323, ,
1, ,325, ,
1, ,324, ,
3, ,325, ,
1, ,327, ,
1, ,327, ,
3, ,324, ,
3, ,325, ,
1, ,325, ,
3, ,325, ,
1, ,324, ,
3, ,326, ,
3, ,324, ,
1, ,325, ,
0, ,324, ,
3, ,324, ,
1, ,325, ,
1, ,325, ,
3, ,323, ,
1, ,324, ,
1, ,326, ,
3, ,324, ,
1, ,324, ,
1, ,325, ,
3, ,324, ,
3, ,325, ,
0, ,324, ,
3, ,325, ,
1, ,325, ,
1, ,325, ,
3, ,323, ,
1, ,325, ,
1, ,323, ,
3, ,325, ,
1, ,324, ,
1, ,325, ,
3, ,324, ,
3, ,324, ,
1, ,324, ,
3, ,324, ,
1, ,324, ,
3, ,326, ,
3, ,323, ,
3, ,325, ,
1, ,325, ,
3, ,324, ,
1, ,324, ,
1, ,325, ,
3, ,324, ,
1, ,325, ,
0, ,324, ,
3, ,323, ,
1, ,324, ,
3, ,327, ,
3, ,324, ,
3, ,325, ,
1, ,325, ,
3, ,325, ,
1, ,324, ,
1, ,325, ,
1, ,324, ,
3, ,326, ,
0, ,324, ,
3, ,324, ,
1, ,324, ,
1, ,326, ,
3, ,324, ,
3, ,325, ,
1, ,325, ,
3, ,325, ,
1, ,324, ,
1, ,325, ,
3, ,324, ,
3, ,323, ,
0, ,324, ,
3, ,325, ,
1, ,325, ,
1, ,326, ,
1, ,323, ,
1, ,324, ,
0, ,325, ,
3, ,325, ,
1, ,324, ,
1, ,325, ,
3, ,324, ,
1, ,325, ,
0, ,324, ,
3, ,325, ,
1, ,325, ,
3, ,326, ,
3, ,323, ,
3, ,325, ,
0, ,324, ,
3, ,324, ,
1, ,324, ,
1, ,325, ,
1, ,324, ,
1, ,325, ,
0, ,324, ,
3, ,324, ,
1, ,324, ,
1, ,326, ,
3, ,324, ,
1, ,324, ,
0, ,324, ,
3, ,325, ,
1, ,324, ,
1, ,326, ,
1, ,324, ,
3, ,325, ,
1, ,324, ,
3, ,324, ,
1, ,325, ,
1, ,327, ,
3, ,323, ,
3, ,325, ,
0, ,325, ,
3, ,325, ,
1, ,324, ,
1, ,325, ,
1, ,324, ,
1, ,326, ,
0, ,324, ,
3, ,325, ,
1, ,325, ,
1, ,326, ,
3, ,324, ,
1, ,325, ,
0, ,325, ,
3, ,324, ,
1, ,324, ,
1, ,326, ,
1, ,324, ,
1, ,325, ,
0, ,323, ,
3, ,324, ,
1, ,324, ,
1, ,325, ,
3, ,324, ,
1, ,324, ,
0, ,325, ,
3, ,325, ,
1, ,324, ,
1, ,326, ,
3, ,324, ,
1, ,326, ,
0, ,323, ,
3, ,325, ,
1, ,325, ,
1, ,327, ,
1, ,323, ,
1, ,325, ,
0, ,325, ,
3, ,325, ,
1, ,324, ,
1, ,326, ,
3, ,324, ,
3, ,324, ,
0, ,324, ,
3, ,324, ,
1, ,325, ,
1, ,325, ,
3, ,323, ,
1, ,325, ,
0, ,324, ,
3, ,325, ,
1, ,324, ,
1, ,325, ,
3, ,324, ,
1, ,325, ,
0, ,324, ,
3, ,324, ,
1, ,324, ,
1, ,325, ,
3, ,323, ,
1, ,324, ,
0, ,325, ,
3, ,325, ,
1, ,324, ,
1, ,325, ,
3, ,324, ,
1, ,325, ,
0, ,323, ,
3, ,324, ,
1, ,325, ,
1, ,325, ,
3, ,323, ,
1, ,325, ,
0, ,324, ,
3, ,324, ,
1, ,324, ,
1, ,324, ,
3, ,324, ,
1, ,325, ,
0, ,323, ,
3, ,325, ,
1, ,325, ,
1, ,327, ,
3, ,323, ,
1, ,325, ,
0, ,325, ,
3, ,324, ,
1, ,324, ,
1, ,326, ,
1, ,324, ,
1, ,325, ,
0, ,324, ,
3, ,324, ,
1, ,324, ,
1, ,325, ,
1, ,324, ,
1, ,324, ,
0, ,325, ,
3, ,324, ,
1, ,325, ,
1, ,326, ,
3, ,323, ,
1, ,325, ,
0, ,324, ,
3, ,324, ,
1, ,324, ,
1, ,326, ,
1, ,323, ,
1, ,324, ,
0, ,325, ,
3, ,324, ,
1, ,324, ,
1, ,325, ,
1, ,324, ,
1, ,325, ,
0, ,324, ,
3, ,325, ,
1, ,324, ,
1, ,325, ,
3, ,323, ,
3, ,325, ,
0, ,325, ,
3, ,324, ,
1, ,324, ,
1, ,325, ,
3, ,324, ,
1, ,325, ,
0, ,324, ,
3, ,324, ,
1, ,324, ,
1, ,326, ,
1, ,324, ,
1, ,324, ,
0, ,325, ,
3, ,324, ,
1, ,323, ,
1, ,325, ,
3, ,324, ,
1, ,324, ,
0, ,323, ,
3, ,324, ,
1, ,324, ,
1, ,327, ,
3, ,324, ,
1, ,324, ,
0, ,325, ,
3, ,324, ,
1, ,324, ,
1, ,325, ,
3, ,324, ,
1, ,325, ,
0, ,324, ,
3, ,325, ,
1, ,325, ,
1, ,326, ,
1, ,324, ,
1, ,325, ,
0, ,325, ,
3, ,325, ,
1, ,324, ,
1, ,325, ,
1, ,324, ,
1, ,324, ,
0, ,324, ,
3, ,325, ,
1, ,325, ,
1, ,325, ,
1, ,323, ,
1, ,325, ,
0, ,324, ,
3, ,324, ,
1, ,324, ,
1, ,325, ,
1, ,324, ,
1, ,327, ,
0, ,324, ,
3, ,323, ,
1, ,323, ,
1, ,327, ,
1, ,324, ,
1, ,325, ,
0, ,324, ,
3, ,324, ,
1, ,324, ,
1, ,327, ,
1, ,324, ,
1, ,326, ,
0, ,324, ,
3, ,325, ,
1, ,324, ,
1, ,326, ,
3, ,323, ,
1, ,324, ,
0, ,324, ,
3, ,324, ,
1, ,324, ,
1, ,326, ,
1, ,324, ,
1, ,325, ,
0, ,325, ,
3, ,324, ,
1, ,324, ,
1, ,327, ,
1, ,324, ,
1, ,325, ,
0, ,325, ,
3, ,325, ,
1, ,324, ,
1, ,325, ,
3, ,325, ,
1, ,326, ,
0, ,324, ,
3, ,324, ,
1, ,324, ,
1, ,325, ,
3, ,323, ,
1, ,325, ,
0, ,325, ,
3, ,325, ,
1, ,324, ,
1, ,325, ,
3, ,324, ,
1, ,325, ,
0, ,324, ,
3, ,324, ,
1, ,325, ,
1, ,327, ,
1, ,323, ,
1, ,325, ,
0, ,326, ,
3, ,324, ,
1, ,324, ,
1, ,325, ,
3, ,324, ,
1, ,325, ,
0, ,324, ,
3, ,324, ,
1, ,325, ,
1, ,325, ,
3, ,323, ,
1, ,325, ,
0, ,325, ,
3, ,325, ,
1, ,323, ,
1, ,325, ,
1, ,324, ,
1, ,325, ,
0, ,324, ,
3, ,325, ,
1, ,325, ,
1, ,327, ,
1, ,324, ,
1, ,325, ,
0, ,323, ,
3, ,325, ,
1, ,324, ,
1, ,326, ,
3, ,324, ,
1, ,325, ,
0, ,324, ,
3, ,324, ,
0, ,324, ,
1, ,326, ,
3, ,323, ,
1, ,325, ,
0, ,324, ,
3, ,324, ,
1, ,324, ,
0, ,324, ,
1, ,324, ,
69, ,325, ,
83, ,324, ,
56, ,325, ,
32, ,324, ,
19, ,325, ,
14, ,323, ,
11, ,325, ,
8, ,325, ,
8, ,324, ,
4, ,324, ,
3, ,325, ,
5, ,324, ,
4, ,325, ,
1, ,324, ,
4, ,325, ,
3, ,324, ,
4, ,325, ,
4, ,323, ,
3, ,324, ,
1, ,325, ,
4, ,325, ,
3, ,324, ,
3, ,324, ,
4, ,324, ,
4, ,325, ,
1, ,323, ,
4, ,324, ,
1, ,325, ,
3, ,326, ,
3, ,323, ,
4, ,325, ,
1, ,325, ,
4, ,325, ,
3, ,324, ,
3, ,325, ,
4, ,323, ,
3, ,325, ,
3, ,323, ,
4, ,324, ,
3, ,323, ,
3, ,327, ,
4, ,324, ,
4, ,325, ,
1, ,325, ,
4, ,325, ,
3, ,323, ,
3, ,325, ,
4, ,324, ,
3, ,324, ,
1, ,323, ,
4, ,324, ,
3, ,325, ,
3, ,326, ,
4, ,323, ,
3, ,325, ,
1, ,325, ,
4, ,324, ,
1, ,324, ,
3, ,325, ,
4, ,324, ,
4, ,326, ,
1, ,324, ,
3, ,324, ,
1, ,324, ,
3, ,325, ,
3, ,324, ,
4, ,324, ,
3, ,324, ,
4, ,325, ,
3, ,324, ,
3, ,325, ,
3, ,324, ,
3, ,325, ,
1, ,324, ,
4, ,324, ,
1, ,324, ,
3, ,326, ,
3, ,323, ,
3, ,325, ,
1, ,325, ,
4, ,325, ,
1, ,323, ,
3, ,324, ,
3, ,324, ,
3, ,325, ,
1, ,325, ,
4, ,324, ,
1, ,323, ,
3, ,325, ,
3, ,324, ,
3, ,325, ,
1, ,324, ,
4, ,324, ,
3, ,324, ,
3, ,325, ,
4, ,324, ,
3, ,325, ,
1, ,324, ,
4, ,324, ,
3, ,324, ,
3, ,326, ,
3, ,323, ,
4, ,325, ,
1, ,325, ,
4, ,325, ,
1, ,324, ,
3, ,325, ,
3, ,323, ,
3, ,325, ,
1, ,324, ,
4, ,325, ,
3, ,325, ,
3, ,325, ,
3, ,323, ,
3, ,325, ,
1, ,324, ,
4, ,325, ,
3, ,323, ,
3, ,325, ,
3, ,324, ,
3, ,325, ,
1, ,323, ,
4, ,325, ,
3, ,323, ,
3, ,324, ,
3, ,323, ,
3, ,325, ,
1, ,325, ,
3, ,325, ,
1, ,324, ,
3, ,325, ,
3, ,323, ,
3, ,325, ,
1, ,323, ,
4, ,323, ,
1, ,323, ,
3, ,327, ,
3, ,324, ,
3, ,324, ,
1, ,325, ,
4, ,324, ,
1, ,323, ,
3, ,325, ,
3, ,324, ,
3, ,325, ,
1, ,324, ,
4, ,324, ,
1, ,324, ,
3, ,326, ,
3, ,323, ,
3, ,325, ,
1, ,325, ,
4, ,325, ,
1, ,324, ,
3, ,326, ,
3, ,324, ,
3, ,325, ,
1, ,324, ,
4, ,324, ,
3, ,324, ,
3, ,325, ,
3, ,323, ,
3, ,324, ,
1, ,325, ,
4, ,324, ,
1, ,324, ,
1, ,325, ,
3, ,323, ,
3, ,325, ,
1, ,324, ,
4, ,324, ,
1, ,324, ,
3, ,325, ,
3, ,323, ,
3, ,325, ,
1, ,325, ,
4, ,324, ,
1, ,323, ,
3, ,324, ,
3, ,324, ,
3, ,324, ,
1, ,323, ,
4, ,324, ,
1, ,325, ,
3, ,326, ,
3, ,323, ,
3, ,325, ,
1, ,325, ,
3, ,325, ,
1, ,324, ,
3, ,326, ,
3, ,324, ,
3, ,325, ,
1, ,324, ,
3, ,324, ,
1, ,324, ,
3, ,326, ,
3, ,323, ,
3, ,325, ,
1, ,325, ,
4, ,324, ,
1, ,323, ,
3, ,325, ,
3, ,324, ,
3, ,324, ,
1, ,324, ,
4, ,324, ,
1, ,325, ,
3, ,325, ,
3, ,323, ,
3, ,325, ,
1, ,325, ,
3, ,324, ,
1, ,324, ,
3, ,324, ,
3, ,323, ,
3, ,325, ,
1, ,324, ,
3, ,324, ,
1, ,323, ,
3, ,327, ,
3, ,323, ,
3, ,325, ,
1, ,325, ,
3, ,325, ,
1, ,324, ,
1, ,326, ,
3, ,324, ,
3, ,325, ,
1, ,323, ,
3, ,324, ,
1, ,324, ,
1, ,325, ,
3, ,323, ,
3, ,324, ,
0, ,325, ,
3, ,325, ,
1, ,324, ,
3, ,325, ,
3, ,324, ,
3, ,325, ,
1, ,324, ,
3, ,324, ,
1, ,325, ,
1, ,326, ,
3, ,324, ,
3, ,325, ,
1, ,325, ,
3, ,325, ,
1, ,324, ,
1, ,325, ,
3, ,325, ,
3, ,325, ,
1, ,324, ,
3, ,324, ,
1, ,324, ,
3, ,325, ,
3, ,324, ,
3, ,325, ,
1, ,326, ,
4, ,324, ,
1, ,324, ,
1, ,325, ,
65, ,325, ,
41, ,325, ,
23, ,323, ,
18, ,324, ,
14, ,324, ,
10, ,324, ,
8, ,323, ,
6, ,324, ,
5, ,325, ,
6, ,324, ,
4, ,324, ,
4, ,325, ,
5, ,324, ,
4, ,325, ,
3, ,324, ,
5, ,325, ,
3, ,324, ,
4, ,327, ,
4, ,323, ,
3, ,325, ,
1, ,326, ,
5, ,325, ,
3, ,324, ,
3, ,325, ,
4, ,325, ,
4, ,325, ,
3, ,324, ,
4, ,324, ,
1, ,324, ,
3, ,326, ,
4, ,324, ,
4, ,325, ,
1, ,325, ,
5, ,325, ,
1, ,324, ,
3, ,325, ,
4, ,324, ,
4, ,325, ,
3, ,324, ,
4, ,324, ,
3, ,324, ,
3, ,325, ,
4, ,314, ,
3, ,325, ,
3, ,332, ,
5, ,329, ,
1, ,323, ,
3, ,323, ,
4, ,324, ,
4, ,326, ,
1, ,323, ,
4, ,324, ,
1, ,325, ,
3, ,325, ,
4, ,323, ,
4, ,325, ,
1, ,325, ,
4, ,325, ,
1, ,323, ,
3, ,326, ,
4, ,324, ,
3, ,325, ,
1, ,323, ,
4, ,324, ,
3, ,324, ,
3, ,326, ,
3, ,323, ,
3, ,324, ,
1, ,326, ,
4, ,325, ,
1, ,323, ,
3, ,325, ,
3, ,324, ,
3, ,325, ,
1, ,323, ,
4, ,323, ,
1, ,324, ,
3, ,325, ,
4, ,324, ,
3, ,324, ,
1, ,324, ,
4, ,325, ,
3, ,324, ,
3, ,326, ,
4, ,324, ,
3, ,325, ,
1, ,324, ,
4, ,324, ,
3, ,325, ,
3, ,326, ,
3, ,323, ,
3, ,324, ,
1, ,324, ,
4, ,325, ,
3, ,324, ,
3, ,325, ,
4, ,323, ,
3, ,325, ,
1, ,323, ,
4, ,324, ,
1, ,324, ,
1, ,325, ,
4, ,323, ,
3, ,325, ,
1, ,324, ,
4, ,324, ,
1, ,324, ,
1, ,326, ,
3, ,324, ,
3, ,326, ,
1, ,324, ,
4, ,325, ,
3, ,325, ,
1, ,324, ,
3, ,323, ,
3, ,325, ,
1, ,325, ,
4, ,324, ,
3, ,324, ,
1, ,327, ,
3, ,324, ,
3, ,326, ,
1, ,323, ,
4, ,325, ,
1, ,324, ,
1, ,325, ,
3, ,323, ,
3, ,325, ,
1, ,324, ,
4, ,324, ,
3, ,324, ,
1, ,325, ,
3, ,323, ,
3, ,325, ,
1, ,324, ,
4, ,324, ,
1, ,324, ,
1, ,326, ,
3, ,323, ,
3, ,325, ,
1, ,325, ,
4, ,324, ,
1, ,324, ,
1, ,325, ,
3, ,324, ,
3, ,325, ,
1, ,323, ,
4, ,324, ,
1, ,325, ,
1, ,325, ,
3, ,323, ,
3, ,325, ,
1, ,324, ,
4, ,325, ,
1, ,324, ,
1, ,324, ,
3, ,324, ,
3, ,324, ,
1, ,323, ,
4, ,324, ,
3, ,325, ,
1, ,325, ,
3, ,323, ,
3, ,325, ,
1, ,326, ,
4, ,325, ,
1, ,324, ,
1, ,325, ,
3, ,324, ,
3, ,325, ,
1, ,324, ,
4, ,325, ,
1, ,324, ,
1, ,325, ,
3, ,324, ,
3, ,325, ,
0, ,325, ,
4, ,325, ,
1, ,324, ,
1, ,325, ,
3, ,325, ,
3, ,325, ,
0, ,324, ,
4, ,325, ,
1, ,324, ,
1, ,325, ,
3, ,323, ,
3, ,324, ,
1, ,324, ,
4, ,325, ,
1, ,324, ,
1, ,325, ,
3, ,324, ,
3, ,325, ,
0, ,324, ,
4, ,324, ,
1, ,325, ,
1, ,324, ,
3, ,324, ,
3, ,325, ,
0, ,325, ,
4, ,325, ,
1, ,324, ,
1, ,325, ,
3, ,324, ,
3, ,325, ,
0, ,325, ,
4, ,324, ,
1, ,323, ,
1, ,326, ,
3, ,323, ,
3, ,325, ,
0, ,325, ,
4, ,325, ,
1, ,324, ,
1, ,324, ,
3, ,324, ,
3, ,325, ,
1, ,324, ,
4, ,325, ,
1, ,324, ,
1, ,325, ,
3, ,323, ,
3, ,325, ,
0, ,325, ,
4, ,325, ,
1, ,324, ,
1, ,325, ,
3, ,324, ,
3, ,325, ,
0, ,324, ,
4, ,324, ,
1, ,324, ,
1, ,325, ,
3, ,324, ,
3, ,325, ,
0, ,324, ,
4, ,324, ,
1, ,323, ,
1, ,325, ,
3, ,325, ,
3, ,325, ,
0, ,324, ,
4, ,324, ,
1, ,325, ,
1, ,326, ,
3, ,323, ,
3, ,324, ,
0, ,325, ,
3, ,324, ,
1, ,324, ,
1, ,325, ,
3, ,324, ,
3, ,325, ,
0, ,324, ,
4, ,324, ,
1, ,324, ,
1, ,325, ,
3, ,323, ,
3, ,325, ,
0, ,324, ,
3, ,325, ,
1, ,323, ,
1, ,325, ,
3, ,324, ,
3, ,325, ,
0, ,321, ,
4, ,321, ,
1, ,321, ,
1, ,325, ,
3, ,324, ,
3, ,328, ,
0, ,328, ,
3, ,325, ,
1, ,320, ,
1, ,323, ,
4, ,321, ,
3, ,325, ,
0, ,324, ,
4, ,325, ,
1, ,325, ,
1, ,325, ,
3, ,323, ,
1, ,325, ,
0, ,325, ,
3, ,324, ,
1, ,324, ,
1, ,325, ,
3, ,323, ,
3, ,325, ,
0, ,323, ,
4, ,325, ,
1, ,323, ,
1, ,324, ,
3, ,323, ,
3, ,323, ,
0, ,323, ,
3, ,323, ,
1, ,323, ,
0, ,326, ,
3, ,325, ,
3, ,325, ,
0, ,324, ,
3, ,325, ,
1, ,323, ,
1, ,325, ,
3, ,321, ,
1, ,323, ,
0, ,325, ,
3, ,325, ,
1, ,324, ,
1, ,323, ,
3, ,324, ,
3, ,325, ,
0, ,323, ,
3, ,324, ,
1, ,323, ,
1, ,324, ,
3, ,323, ,
1, ,325, ,
0, ,324, ,
3, ,323, ,
1, ,323, ,
0, ,325, ,
3, ,323, ,
1, ,324, ,
0, ,324, ,
3, ,324, ,
1, ,324, ,
1, ,325, ,
3, ,323, ,
1, ,325, ,
0, ,323, ,
3, ,325, ,
1, ,323, ,
1, ,325, ,
3, ,324, ,
1, ,325, ,
0, ,323, ,
3, ,324, ,
1, ,323, ,
0, ,325, ,
3, ,323, ,
3, ,325, ,
0, ,324, ,
3, ,324, ,
1, ,323, ,
1, ,325, ,
3, ,324, ,
1, ,324, ,
0, ,323, ,
4, ,324, ,
1, ,324, ,
1, ,325, ,
3, ,323, ,
1, ,324, ,
0, ,324, ,
3, ,324, ,
1, ,323, ,
1, ,325, ,
3, ,323, ,
3, ,325, ,
0, ,324, ,
3, ,325, ,
1, ,324, ,
0, ,325, ,
3, ,323, ,
1, ,325, ,
0, ,324, ,
3, ,324, ,
1, ,323, ,
0, ,325, ,
3, ,323, ,
1, ,324, ,
0, ,324, ,
3, ,324, ,
1, ,324, ,
1, ,327, ,
3, ,324, ,
1, ,325, ,
0, ,324, ,
3, ,324, ,
1, ,324, ,
1, ,326, ,
3, ,324, ,
3, ,327, ,
0, ,324, ,
3, ,325, ,
1, ,324, ,
0, ,326, ,
3, ,323, ,
1, ,325, ,
0, ,325, ,
3, ,325, ,
1, ,324, ,
1, ,325, ,
3, ,324, ,
1, ,325, ,
0, ,324, ,
3, ,324, ,
1, ,323, ,
0, ,326, ,
3, ,323, ,
1, ,325, ,
0, ,325, ,
3, ,324, ,
1, ,323, ,
0, ,325, ,
3, ,324, ,
1, ,325, ,
0, ,324, ,
4, ,325, ,
1, ,324, ,
1, ,325, ,
1, ,324, ,
1, ,325, ,
0, ,324, ,
3, ,325, ,
1, ,324, ,
0, ,327, ,
3, ,324, ,
1, ,325, ,
0, ,324, ,
3, ,325, ,
1, ,324, ,
0, ,326, ,
3, ,323, ,
1, ,325, ,
0, ,325, ,
3, ,324, ,
1, ,325, ,
0, ,325, ,
3, ,324, ,
3, ,325, ,
0, ,324, ,
3, ,324, ,
1, ,325, ,
0, ,326, ,
3, ,324, ,
1, ,324, ,
0, ,325, ,
3, ,325, ,
1, ,324, ,
0, ,325, ,
3, ,324, ,
3, ,325, ,
0, ,325, ,
3, ,324, ,
1, ,324, ,
0, ,327, ,
3, ,323, ,
1, ,324, ,
0, ,325, ,
3, ,325, ,
1, ,324, ,
0, ,325, ,
3, ,324, ,
1, ,325, ,
0, ,324, ,
3, ,325, ,
0, ,325, ,
0, ,326, ,
3, ,323, ,
1, ,325, ,
0, ,325, ,
3, ,325, ,
1, ,324, ,
0, ,325, ,
3, ,324, ,
1, ,325, ,
0, ,323, ,
3, ,324, ,
1, ,324, ,
0, ,326, ,
1, ,323, ,
1, ,325, ,
0, ,324, ,
3, ,325, ,
0, ,324, ,
1, ,325, ,
3, ,324, ,
1, ,325, ,
0, ,324, ,
3, ,324, ,
1, ,324, ,
0, ,326, ,
3, ,323, ,
1, ,324, ,
0, ,324, ,
3, ,325, ,
1, ,324, ,
0, ,325, ,
3, ,324, ,
1, ,325, ,
0, ,323, ,
3, ,324, ,
1, ,325, ,
1, ,325, ,
3, ,323, ,
1, ,325, ,
0, ,323, ,
3, ,325, ,
1, ,324, ,
1, ,326, ,
3, ,324, ,
1, ,324, ,
0, ,324, ,
3, ,324, ,
1, ,325, ,
0, ,325, ,
3, ,323, ,
94, ,324, ,
58, ,324, ,
33, ,325, ,
20, ,323, ,
18, ,325, ,
13, ,325, ,
6, ,325, ,
4, ,324, ,
9, ,325, ,
6, ,325, ,
4, ,326, ,
6, ,324, ,
4, ,324, ,
3, ,325, ,
5, ,325, ,
3, ,323, ,
3, ,325, ,
4, ,324, ,
4, ,324, ,
1, ,324, ,
5, ,324, ,
3, ,325, ,
3, ,326, ,
4, ,324, ,
4, ,325, ,
1, ,325, ,
5, ,325, ,
1, ,324, ,
3, ,326, ,
4, ,324, ,
3, ,325, ,
1, ,324, ,
5, ,324, ,
3, ,325, ,
3, ,326, ,
4, ,323, ,
3, ,325, ,
1, ,325, ,
5, ,325, ,
1, ,324, ,
1, ,326, ,
4, ,325, ,
3, ,325, ,
1, ,325, ,
5, ,324, ,
1, ,325, ,
3, ,327, ,
4, ,323, ,
4, ,325, ,
1, ,324, ,
5, ,324, ,
3, ,324, ,
3, ,327, ,
4, ,324, ,
3, ,325, ,
1, ,323, ,
5, ,325, ,
1, ,324, ,
1, ,325, ,
3, ,324, ,
3, ,325, ,
1, ,325, ,
5, ,325, ,
3, ,323, ,
1, ,325, ,
4, ,324, ,
3, ,325, ,
1, ,324, ,
4, ,324, ,
1, ,324, ,
1, ,325, ,
4, ,324, ,
3, ,325, ,
1, ,324, ,
4, ,325, ,
3, ,324, ,
1, ,326, ,
4, ,325, ,
3, ,325, ,
1, ,324, ,
4, ,325, ,
3, ,324, ,
1, ,325, ,
4, ,324, ,
3, ,324, ,
1, ,324, ,
4, ,324, ,
1, ,324, ,
1, ,325, ,
4, ,324, ,
3, ,325, ,
1, ,323, ,
4, ,325, ,
3, ,325, ,
3, ,325, ,
3, ,323, ,
3, ,323, ,
1, ,325, ,
4, ,324, ,
3, ,324, ,
1, ,325, ,
3, ,324, ,
3, ,326, ,
1, ,324, ,
4, ,324, ,
3, ,324, ,
1, ,326, ,
3, ,323, ,
3, ,325, ,
1, ,325, ,
4, ,325, ,
1, ,324, ,
1, ,325, ,
3, ,324, ,
3, ,325, ,
1, ,324, ,
4, ,324, ,
1, ,324, ,
1, ,327, ,
3, ,324, ,
3, ,325, ,
1, ,324, ,
4, ,326, ,
3, ,324, ,
1, ,325, ,
3, ,324, ,
3, ,325, ,
1, ,325, ,
4, ,324, ,
1, ,324, ,
1, ,326, ,
3, ,324, ,
4, ,324, ,
1, ,325, ,
4, ,325, ,
1, ,324, ,
1, ,325, ,
4, ,324, ,
3, ,325, ,
0, ,324, ,
4, ,324, ,
1, ,324, ,
1, ,327, ,
3, ,323, ,
3, ,325, ,
1, ,324, ,
4, ,325, ,
1, ,324, ,
1, ,325, ,
4, ,324, ,
3, ,325, ,
1, ,324, ,
4, ,323, ,
1, ,324, ,
1, ,325, ,
3, ,323, ,
3, ,325, ,
1, ,324, ,
4, ,325, ,
1, ,323, ,
1, ,326, ,
4, ,323, ,
3, ,326, ,
0, ,323, ,
4, ,324, ,
1, ,325, ,
1, ,325, ,
3, ,323, ,
3, ,325, ,
1, ,325, ,
4, ,324, ,
1, ,324, ,
1, ,326, ,
4, ,323, ,
3, ,325, ,
1, ,324, ,
4, ,324, ,
1, ,324, ,
1, ,326, ,
3, ,323, ,
3, ,325, ,
1, ,325, ,
4, ,324, ,
1, ,324, ,
1, ,325, ,
4, ,324, ,
3, ,325, ,
0, ,323, ,
4, ,323, ,
1, ,325, ,
1, ,326, ,
3, ,323, ,
3, ,325, ,
1, ,323, ,
3, ,324, ,
1, ,325, ,
1, ,326, ,
4, ,323, ,
3, ,325, ,
1, ,323, ,
4, ,324, ,
1, ,324, ,
1, ,327, ,
3, ,324, ,
3, ,326, ,
1, ,324, ,
4, ,324, ,
1, ,324, ,
1, ,325, ,
4, ,324, ,
3, ,325, ,
0, ,324, ,
4, ,324, ,
1, ,324, ,
1, ,326, ,
3, ,324, ,
3, ,324, ,
0, ,325, ,
4, ,325, ,
1, ,324, ,
1, ,325, ,
3, ,323, ,
3, ,325, ,
0, ,324, ,
3, ,325, ,
1, ,326, ,
1, ,327, ,
3, ,323, ,
3, ,325, ,
0, ,325, ,
3, ,324, ,
1, ,324, ,
1, ,326, ,
4, ,324, ,
3, ,325, ,
0, ,324, ,
4, ,324, ,
1, ,325, ,
1, ,326, ,
3, ,323, ,
3, ,325, ,
0, ,324, ,
3, ,325, ,
1, ,325, ,
1, ,326, ,
3, ,324, ,
3, ,325, ,
0, ,323, ,
3, ,324, ,
1, ,324, ,
1, ,325, ,
3, ,324, ,
3, ,325, ,
0, ,325, ,
3, ,325, ,
1, ,324, ,
1, ,325, ,
3, ,324, ,
3, ,325, ,
0, ,323, ,
4, ,324, ,
1, ,325, ,
1, ,327, ,
3, ,323, ,
3, ,324, ,
0, ,324, ,
3, ,324, ,
1, ,324, ,
1, ,327, ,
3, ,325, ,
1, ,325, ,
0, ,323, ,
3, ,325, ,
1, ,325, ,
1, ,326, ,
3, ,323, ,
3, ,325, ,
0, ,325, ,
3, ,324, ,
1, ,324, ,
1, ,325, ,
3, ,324, ,
3, ,325, ,
0, ,323, ,
3, ,323, ,
1, ,324, ,
1, ,326, ,
3, ,324, ,
1, ,324, ,
0, ,325, ,
3, ,325, ,
1, ,323, ,
1, ,325, ,
4, ,324, ,
3, ,325, ,
0, ,324, ,
3, ,324, ,
1, ,324, ,
1, ,326, ,
3, ,324, ,
3, ,325, ,
0, ,325, ,
3, ,324, ,
1, ,324, ,
1, ,326, ,
3, ,324, ,
3, ,325, ,
0, ,324, ,
3, ,324, ,
1, ,324, ,
1, ,325, ,
3, ,323, ,
3, ,325, ,
0, ,324, ,
4, ,324, ,
1, ,324, ,
1, ,326, ,
3, ,324, ,
1, ,326, ,
0, ,324, ,
3, ,324, ,
1, ,324, ,
1, ,326, ,
3, ,323, ,
1, ,325, ,
0, ,324, ,
3, ,325, ,
1, ,324, ,
1, ,326, ,
3, ,323, ,
3, ,325, ,
0, ,323, ,
4, ,324, ,
1, ,325, ,
1, ,326, ,
3, ,323, ,
1, ,325, ,
0, ,324, ,
3, ,324, ,
1, ,324, ,
1, ,325, ,
3, ,323, ,
1, ,325, ,
0, ,323, ,
3, ,323, ,
1, ,324, ,
0, ,325, ,
3, ,323, ,
1, ,325, ,
0, ,325, ,
3, ,324, ,
1, ,324, ,
1, ,325, ,
3, ,324, ,
3, ,325, ,
0, ,324, ,
3, ,324, ,
1, ,324, ,
1, ,325, ,
3, ,324, ,
1, ,324, ,
0, ,324, ,
3, ,325, ,
1, ,323, ,
1, ,327, ,
3, ,324, ,
3, ,325, ,
0, ,324, ,
3, ,325, ,
1, ,325, ,
1, ,325, ,
3, ,323, ,
1, ,325, ,
0, ,324, ,
3, ,325, ,
1, ,324, ,
0, ,325, ,
3, ,323, ,
1, ,325, ,
0, ,323, ,
3, ,324, ,
1, ,324, ,
1, ,326, ,
3, ,323, ,
1, ,325, ,
0, ,324, ,
3, ,324, ,
1, ,323, ,
1, ,326, ,
3, ,324, ,
1, ,325, ,
0, ,324, ,
3, ,323, ,
1, ,325, ,
1, ,325, ,
3, ,323, ,
1, ,324, ,
0, ,324, ,
3, ,325, ,
1, ,323, ,
1, ,325, ,
3, ,324, ,
1, ,324, ,
0, ,323, ,
4, ,324, ,
1, ,324, ,
1, ,325, ,
3, ,323, ,
1, ,325, ,
0, ,325, ,
3, ,324, ,
1, ,324, ,
1, ,325, ,
3, ,324, ,
1, ,325, ,
0, ,324, ,
3, ,324, ,
1, ,325, ,
1, ,326, ,
3, ,323, ,
1, ,324, ,
0, ,325, ,
3, ,325, ,
1, ,323, ,
1, ,325, ,
3, ,323, ,
1, ,325, ,
0, ,324, ,
3, ,325, ,
1, ,324, ,
1, ,325, ,
3, ,323, ,
1, ,325, ,
0, ,324, ,
3, ,324, ,
0, ,324, ,
0, ,326, ,
3, ,325, ,
1, ,325, ,
0, ,323, ,
4, ,324, ,
1, ,325, ,
0, ,325, ,
3, ,324, ,
1, ,324, ,
0, ,323, ,
3, ,325, ,
0, ,324, ,
0, ,325, ,
3, ,324, ,
1, ,325, ,
0, ,324, ,
3, ,324, ,
1, ,324, ,
0, ,326, ,
3, ,323, ,
1, ,325, ,
0, ,324, ,
3, ,324, ,
1, ,323, ,
0, ,325, ,
3, ,325, ,
1, ,325, ,
0, ,323, ,
3, ,324, ,
1, ,324, ,
0, ,326, ,
3, ,323, ,
1, ,324, ,
0, ,323, ,
3, ,324, ,
0, ,323, ,
0, ,325, ,
3, ,324, ,
1, ,325, ,
0, ,324, ,
3, ,324, ,
1, ,324, ,
0, ,326, ,
1, ,323, ,
1, ,324, ,
0, ,323, ,
3, ,324, ,
0, ,324, ,
0, ,325, ,
3, ,324, ,
1, ,325, ,
0, ,324, ,
3, ,324, ,
0, ,325, ,
0, ,325, ,
3, ,323, ,
1, ,324, ,
0, ,325, ,
3, ,325, ,
1, ,323, ,
0, ,325, ,
3, ,324, ,
1, ,325, ,
-1, ,324, ,
3, ,325, ,
1, ,324, ,
1, ,326, ,
3, ,323, ,
1, ,325, ,
0, ,324, ,
4, ,325, ,
1, ,324, ,
0, ,325, ,
3, ,323, ,
1, ,325, ,
0, ,323, ,
3, ,324, ,
1, ,325, ,
1, ,325, ,
3, ,323, ,
1, ,325, ,
0, ,324, ,
3, ,324, ,
1, ,323, ,
1, ,326, ,
3, ,324, ,
1, ,325, ,
0, ,324, ,
3, ,324, ,
1, ,324, ,
1, ,326, ,
3, ,323, ,
1, ,325, ,
0, ,324, ,
3, ,325, ,
1, ,324, ,
1, ,325, ,
3, ,324, ,
1, ,325, ,
0, ,324, ,
3, ,324, ,
1, ,325, ,
0, ,325, ,
3, ,323, ,
1, ,324, ,
0, ,324, ,
3, ,325, ,
1, ,324, ,
0, ,325, ,
3, ,324, ,
1, ,326, ,
0, ,323, ,
3, ,324, ,
1, ,324, ,
0, ,324, ,
3, ,324, ,
1, ,324, ,
0, ,325, ,
3, ,324, ,
0, ,324, ,
0, ,326, ,
3, ,324, ,
1, ,325, ,
0, ,324, ,
3, ,324, ,
0, ,324, ,
0, ,326, ,
3, ,324, ,
1, ,324, ,
0, ,325, ,
3, ,324, ,
1, ,324, ,
0, ,325, ,
3, ,324, ,
1, ,325, ,
0, ,324, ,
3, ,324, ,
0, ,324, ,
0, ,325, ,
3, ,323, ,
1, ,324, ,
0, ,325, ,
3, ,324, ,
0, ,324, ,
0, ,325, ,
3, ,324, ,
1, ,324, ,
0, ,324, ,
3, ,324, ,
0, ,325, ,
0, ,326, ,
3, ,324, ,
1, ,324, ,
0, ,324, ,
3, ,325, ,
0, ,324, ,
0, ,325, ,
3, ,323, ,
1, ,325, ,
0, ,324, ,
3, ,324, ,
0, ,324, ,
0, ,327, ,
3, ,324, ,
1, ,324, ,
0, ,325, ,
3, ,325, ,
0, ,324, ,
0, ,325, ,
1, ,324, ,
1, ,325, ,
0, ,323, ,
3, ,324, ,
1, ,324, ,
0, ,327, ,
3, ,323, ,
1, ,324, ,
0, ,325, ,
3, ,325, ,
0, ,324, ,
1, ,326, ,
3, ,324, ,
1, ,325, ,
0, ,324, ,
3, ,324, ,
1, ,324, ,
0, ,325, ,
3, ,323, ,
1, ,324, ,
0, ,323, ,
3, ,324, ,
0, ,323, ,
0, ,326, ,
3, ,324, ,
1, ,324, ,
0, ,323, ,
3, ,324, ,
1, ,323, ,
0, ,325, ,
3, ,324, ,
1, ,324, ,
0, ,325, ,
3, ,324, ,
1, ,324, ,
0, ,325, ,
3, ,324, ,
1, ,325, ,
0, ,324, ,
3, ,324, ,
1, ,324, ,
0, ,325, ,
3, ,323, ,
1, ,324, ,
0, ,324, ,
3, ,324, ,
0, ,324, ,
1, ,325, ,
3, ,324, ,
1, ,324, ,
0, ,325, ,
3, ,323, ,
0, ,323, ,
0, ,325, ,
3, ,324, ,
1, ,326, ,
0, ,325, ,
3, ,325, ,
0, ,324, ,
0, ,326, ,
3, ,323, ,
1, ,324, ,
-1, ,323, ,
3, ,324, ,
1, ,325, ,
0, ,326, ,
3, ,323, ,
1, ,325, ,
0, ,324, ,
3, ,324, ,
1, ,323, ,
0, ,325, ,
1, ,324, ,
1, ,325, ,
-1, ,324, ,
3, ,324, ,
0, ,324, ,
0, ,325, ,
3, ,323, ,
1, ,325, ,
0, ,325, ,
3, ,324, ,
0, ,323, ,
0, ,326, ,
3, ,324, ,
1, ,325, ,
-1, ,324, ,
3, ,324, ,
0, ,325, ,
0, ,325, ,
1, ,324, ,
1, ,324, ,
0, ,325, ,
3, ,325, ,
0, ,324, ,
0, ,325, ,
3, ,324, ,
1, ,324, ,
-1, ,324, ,
3, ,324, ,
0, ,324, ,
0, ,325, ,
1, ,324, ,
1, ,325, ,
0, ,324, ,
3, ,325, ,
0, ,323, ,
0, ,324, ,
3, ,324, ,
1, ,325, ,
-1, ,323, ,
3, ,324, ,
0, ,324, ,
0, ,325, ,
3, ,324, ,
1, ,323, ,
0, ,325, ,
3, ,324, ,
0, ,324, ,
0, ,325, ,
3, ,324, ,
1, ,325, ,
0, ,324, ,
3, ,325, ,
0, ,324, ,
0, ,326, ,
3, ,323, ,
1, ,325, ,
0, ,325, ,
3, ,324, ,
0, ,324, ,
0, ,325, ,
3, ,324, ,
1, ,325, ,
0, ,324, ,
3, ,325, ,
0, ,323, ,
0, ,325, ,
3, ,323, ,
1, ,324, ,
0, ,324, ,
3, ,325, ,
0, ,324, ,
0, ,325, ,
3, ,324, ,
1, ,325, ,
-1, ,324, ,
3, ,323, ,
0, ,324, ,
0, ,326, ,
3, ,324, ,
1, ,324, ,
0, ,325, ,
3, ,325, ,
1, ,324, ,
0, ,324, ,
3, ,323, ,
1, ,325, ,
-1, ,324, ,
3, ,325, ,
1, ,323, ,
0, ,325, ,
3, ,324, ,
1, ,324, ,
0, ,324, ,
3, ,324, ,
0, ,324, ,
1, ,326, ,
3, ,324, ,
1, ,325, ,
0, ,324, ,
3, ,324, ,
0, ,324, ,
0, ,325, ,
3, ,323, ,
1, ,325, ,
0, ,325, ,
3, ,325, ,
0, ,324, ,
0, ,325, ,
1, ,323, ,
1, ,324, ,
-1, ,323, ,
3, ,323, ,
0, ,323, ,
0, ,323, ,
1, ,321, ,
1, ,323, ,
0, ,326, ,
3, ,328, ,
0, ,327, ,
0, ,325, ,
3, ,321, ,
1, ,321, ,
-1, ,323, ,
3, ,325, ,
0, ,325, ,
0, ,326, ,
3, ,323, ,
1, ,323, ,
0, ,323, ,
3, ,325, ,
0, ,324, ,
0, ,325, ,
3, ,324, ,
1, ,325, ,
-1, ,323, ,
3, ,324, ,
0, ,325, ,
0, ,326, ,
3, ,323, ,
1, ,324, ,
0, ,323, ,
3, ,323, ,
0, ,323, ,
0, ,325, ,
3, ,324, ,
1, ,325, ,
-1, ,323, ,
3, ,324, ,
0, ,325, ,
0, ,325, ,
3, ,324, ,
1, ,324, ,
0, ,325, ,
3, ,324, ,
0, ,324, ,
0, ,325, ,
3, ,324, ,
1, ,325, ,
-1, ,323, ,
3, ,324, ,
0, ,324, ,
0, ,326, ,
3, ,323, ,
1, ,325, ,
0, ,325, ,
3, ,324, ,
0, ,324, ,
0, ,325, ,
3, ,324, ,
1, ,325, ,
-1, ,324, ,
3, ,324, ,
0, ,325, ,
0, ,325, ,
3, ,323, ,
1, ,325, ,
0, ,325, ,
3, ,324, ,
0, ,323, ,
0, ,325, ,
3, ,323, ,
1, ,324, ,
-1, ,323, ,
3, ,324, ,
0, ,324, ,
0, ,326, ,
1, ,323, ,
88, ,315, ,
86, ,323, ,
58, ,330, ,
34, ,329, ,
18, ,325, ,
13, ,321, ,
10, ,324, ,
6, ,323, ,
6, ,323, ,
3, ,325, ,
3, ,326, ,
5, ,323, ,
4, ,323, ,
1, ,325, ,
4, ,325, ,
3, ,323, ,
1, ,324, ,
4, ,324, ,
3, ,325, ,
1, ,324, ,
5, ,324, ,
3, ,323, ,
3, ,325, ,
4, ,324, ,
3, ,324, ,
1, ,325, ,
4, ,325, ,
1, ,323, ,
3, ,325, ,
4, ,324, ,
3, ,325, ,
1, ,323, ,
4, ,325, ,
3, ,324, ,
3, ,325, ,
4, ,324, ,
4, ,325, ,
1, ,324, ,
4, ,324, ,
1, ,323, ,
3, ,325, ,
4, ,324, ,
4, ,325, ,
1, ,324, ,
5, ,325, ,
3, ,325, ,
3, ,326, ,
4, ,323, ,
3, ,325, ,
1, ,323, ,
4, ,324, ,
1, ,324, ,
3, ,326, ,
4, ,324, ,
3, ,325, ,
0, ,324, ,
5, ,325, ,
1, ,324, ,
3, ,326, ,
4, ,323, ,
3, ,325, ,
1, ,324, ,
4, ,325, ,
3, ,324, ,
3, ,326, ,
4, ,324, ,
3, ,326, ,
1, ,324, ,
4, ,323, ,
1, ,325, ,
1, ,325, ,
3, ,323, ,
3, ,325, ,
1, ,324, ,
4, ,325, ,
1, ,324, ,
1, ,325, ,
4, ,324, ,
3, ,325, ,
1, ,324, ,
4, ,324, ,
1, ,324, ,
3, ,326, ,
3, ,323, ,
3, ,325, ,
1, ,324, ,
4, ,324, ,
1, ,324, ,
1, ,326, ,
4, ,325, ,
3, ,325, ,
1, ,324, ,
4, ,324, ,
3, ,325, ,
1, ,326, ,
4, ,323, ,
3, ,326, ,
1, ,325, ,
4, ,325, ,
1, ,324, ,
1, ,325, ,
4, ,324, ,
3, ,325, ,
1, ,324, ,
4, ,325, ,
3, ,324, ,
1, ,325, ,
3, ,324, ,
3, ,324, ,
1, ,324, ,
4, ,324, ,
1, ,324, ,
1, ,325, ,
4, ,324, ,
4, ,326, ,
1, ,323, ,
4, ,324, ,
1, ,324, ,
1, ,325, ,
3, ,324, ,
3, ,324, ,
1, ,324, ,
4, ,325, ,
1, ,324, ,
1, ,325, ,
4, ,324, ,
3, ,326, ,
1, ,323, ,
4, ,324, ,
1, ,323, ,
1, ,325, ,
3, ,324, ,
3, ,325, ,
1, ,324, ,
4, ,324, ,
1, ,324, ,
1, ,325, ,
4, ,324, ,
3, ,325, ,
1, ,324, ,
4, ,325, ,
1, ,323, ,
1, ,325, ,
3, ,323, ,
3, ,324, ,
1, ,324, ,
4, ,325, ,
1, ,324, ,
1, ,325, ,
3, ,325, ,
3, ,325, ,
1, ,324, ,
4, ,324, ,
1, ,324, ,
1, ,326, ,
3, ,324, ,
3, ,325, ,
1, ,325, ,
4, ,324, ,
1, ,324, ,
1, ,325, ,
4, ,324, ,
3, ,325, ,
1, ,324, ,
4, ,324, ,
1, ,325, ,
1, ,325, ,
3, ,323, ,
3, ,325, ,
1, ,325, ,
4, ,325, ,
1, ,324, ,
1, ,325, ,
3, ,324, ,
3, ,325, ,
0, ,324, ,
4, ,325, ,
1, ,323, ,
1, ,325, ,
3, ,323, ,
3, ,325, ,
1, ,324, ,
3, ,325, ,
1, ,324, ,
1, ,325, ,
3, ,324, ,
3, ,325, ,
0, ,324, ,
4, ,325, ,
1, ,324, ,
1, ,326, ,
3, ,324, ,
3, ,324, ,
0, ,324, ,
3, ,325, ,
1, ,325, ,
1, ,325, ,
3, ,324, ,
1, ,325, ,
0, ,325, ,
3, ,324, ,
1, ,325, ,
1, ,325, ,
3, ,324, ,
1, ,324, ,
0, ,324, ,
3, ,325, ,
1, ,324, ,
1, ,325, ,
4, ,324, ,
3, ,326, ,
0, ,324, ,
3, ,323, ,
1, ,325, ,
1, ,327, ,
3, ,324, ,
3, ,325, ,
0, ,325, ,
3, ,325, ,
1, ,324, ,
1, ,325, ,
3, ,323, ,
3, ,325, ,
0, ,323, ,
3, ,324, ,
1, ,324, ,
1, ,325, ,
3, ,323, ,
3, ,323, ,
0, ,323, ,
3, ,325, ,
1, ,325, ,
1, ,327, ,
3, ,324, ,
3, ,326, ,
0, ,324, ,
3, ,325, ,
1, ,323, ,
1, ,324, ,
3, ,323, ,
1, ,325, ,
0, ,324, ,
3, ,325, ,
1, ,324, ,
1, ,325, ,
3, ,323, ,
3, ,325, ,
0, ,324, ,
3, ,325, ,
1, ,325, ,
1, ,326, ,
3, ,324, ,
3, ,325, ,
0, ,325, ,
3, ,324, ,
1, ,324, ,
1, ,325, ,
3, ,324, ,
3, ,325, ,
0, ,324, ,
3, ,324, ,
1, ,325, ,
1, ,326, ,
4, ,324, ,
3, ,324, ,
0, ,323, ,
3, ,325, ,
1, ,324, ,
1, ,325, ,
4, ,324, ,
3, ,326, ,
0, ,324, ,
3, ,324, ,
1, ,325, ,
1, ,325, ,
3, ,323, ,
3, ,325, ,
0, ,324, ,
3, ,325, ,
1, ,324, ,
1, ,325, ,
3, ,324, ,
1, ,325, ,
0, ,324, ,
3, ,324, ,
1, ,325, ,
1, ,325, ,
3, ,324, ,
1, ,325, ,
0, ,325, ,
3, ,325, ,
1, ,323, ,
1, ,325, ,
3, ,323, ,
1, ,324, ,
0, ,324, ,
3, ,324, ,
1, ,324, ,
1, ,326, ,
3, ,324, ,
1, ,324, ,
0, ,325, ,
3, ,325, ,
1, ,324, ,
1, ,325, ,
3, ,324, ,
3, ,325, ,
0, ,324, ,
3, ,323, ,
1, ,323, ,
1, ,326, ,
3, ,324, ,
1, ,324, ,
0, ,325, ,
3, ,325, ,
1, ,324, ,
1, ,325, ,
3, ,324, ,
1, ,324, ,
0, ,324, ,
3, ,324, ,
1, ,324, ,
1, ,325, ,
3, ,324, ,
1, ,325, ,
0, ,325, ,
3, ,324, ,
1, ,323, ,
1, ,325, ,
3, ,324, ,
1, ,324, ,
0, ,324, ,
3, ,325, ,
1, ,324, ,
1, ,325, ,
3, ,323, ,
1, ,325, ,
0, ,325, ,
3, ,325, ,
1, ,324, ,
1, ,326, ,
3, ,325, ,
1, ,324, ,
0, ,324, ,
3, ,325, ,
1, ,324, ,
1, ,325, ,
3, ,323, ,
1, ,325, ,
0, ,325, ,
3, ,325, ,
1, ,324, ,
1, ,325, ,
3, ,324, ,
1, ,325, ,
0, ,324, ,
3, ,324, ,
1, ,324, ,
1, ,325, ,
3, ,324, ,
1, ,325, ,
0, ,324, ,
3, ,325, ,
1, ,324, ,
1, ,326, ,
3, ,324, ,
1, ,325, ,
0, ,324, ,
3, ,325, ,
1, ,325, ,
1, ,325, ,
3, ,324, ,
1, ,324, ,
0, ,325, ,
3, ,325, ,
1, ,324, ,
1, ,325, ,
3, ,324, ,
1, ,324, ,
0, ,324, ,
3, ,324, ,
1, ,325, ,
1, ,325, ,
3, ,323, ,
1, ,325, ,
0, ,325, ,
3, ,325, ,
1, ,323, ,
1, ,326, ,
3, ,324, ,
1, ,325, ,
0, ,325, ,
3, ,325, ,
1, ,325, ,
1, ,325, ,
3, ,324, ,
1, ,325, ,
0, ,325, ,
3, ,325, ,
1, ,323, ,
1, ,324, ,
3, ,323, ,
1, ,326, ,
0, ,324, ,
3, ,325, ,
1, ,323, ,
1, ,325, ,
3, ,323, ,
1, ,326, ,
0, ,325, ,
3, ,325, ,
0, ,324, ,
1, ,325, ,
3, ,324, ,
1, ,326, ,
0, ,324, ,
3, ,325, ,
0, ,325, ,
0, ,325, ,
3, ,324, ,
1, ,324, ,
0, ,325, ,
3, ,324, ,
1, ,324, ,
0, ,325, ,
3, ,324, ,
1, ,325, ,
0, ,324, ,
3, ,324, ,
1, ,324, ,
1, ,325, ,
3, ,323, ,
1, ,324, ,
0, ,324, ,
3, ,325, ,
1, ,325, ,
0, ,324, ,
3, ,324, ,
1, ,325, ,
0, ,324, ,
3, ,325, ,
0, ,324, ,
1, ,325, ,
3, ,324, ,
1, ,325, ,
0, ,325, ,
3, ,324, ,
1, ,323, ,
0, ,325, ,
3, ,325, ,
1, ,325, ,
0, ,324, ,
3, ,323, ,
1, ,324, ,
1, ,327, ,
3, ,324, ,
1, ,325, ,
0, ,324, ,
3, ,325, ,
1, ,324, ,
0, ,325, ,
3, ,324, ,
1, ,325, ,
0, ,324, ,
3, ,324, ,
1, ,323, ,
1, ,326, ,
3, ,323, ,
1, ,325, ,
0, ,324, ,
3, ,325, ,
1, ,323, ,
1, ,325, ,
3, ,324, ,
1, ,325, ,
0, ,324, ,
3, ,324, ,
1, ,324, ,
0, ,327, ,
1, ,323, ,
1, ,325, ,
0, ,324, ,
3, ,324, ,
1, ,324, ,
1, ,325, ,
3, ,324, ,
1, ,325, ,
-1, ,324, ,
3, ,324, ,
1, ,324, ,
1, ,327, ,
3, ,324, ,
1, ,324, ,
0, ,325, ,
3, ,324, ,
1, ,324, ,
0, ,326, ,
3, ,324, ,
1, ,326, ,
-1, ,324, ,
3, ,325, ,
1, ,325, ,
0, ,326, ,
3, ,323, ,
1, ,325, ,
0, ,324, ,
3, ,324, ,
0, ,323, ,
0, ,325, ,
3, ,324, ,
1, ,325, ,
0, ,323, ,
3, ,325, ,
1, ,324, ,
0, ,326, ,
3, ,324, ,
1, ,325, ,
0, ,324, ,
3, ,325, ,
1, ,324, ,
1, ,325, ,
3, ,324, ,
1, ,325, ,
0, ,324, ,
3, ,324, ,
1, ,324, ,
1, ,325, ,
3, ,323, ,
1, ,325, ,
0, ,324, ,
3, ,325, ,
0, ,323, ,
0, ,325, ,
3, ,324, ,
3, ,325, ,
0, ,324, ,
3, ,324, ,
1, ,324, ,
0, ,326, ,
3, ,323, ,
1, ,325, ,
0, ,324, ,
3, ,325, ,
1, ,324, ,
1, ,325, ,
3, ,324, ,
1, ,326, ,
-1, ,324, ,
3, ,323, ,
1, ,325, ,
0, ,326, ,
3, ,321, ,
1, ,324, ,
0, ,325, ,
3, ,324, ,
0, ,323, ,
1, ,326, ,
3, ,323, ,
1, ,325, ,
0, ,324, ,
3, ,324, ,
0, ,324, ,
0, ,325, ,
3, ,324, ,
1, ,325, ,
0, ,325, ,
3, ,324, ,
0, ,324, ,
0, ,326, ,
3, ,324, ,
1, ,325, ,
0, ,324, ,
3, ,324, ,
1, ,324, ,
0, ,325, ,
3, ,323, ,
1, ,325, ,
0, ,324, ,
3, ,325, ,
0, ,324, ,
0, ,325, ,
3, ,324, ,
1, ,326, ,
-1, ,324, ,
3, ,324, ,
0, ,324, ,
0, ,326, ,
3, ,323, ,
1, ,324, ,
0, ,324, ,
3, ,325, ,
0, ,324, ,
0, ,325, ,
1, ,324, ,
1, ,326, ,
0, ,324, ,
3, ,324, ,
0, ,324, ,
0, ,326, ,
1, ,323, ,
1, ,325, ,
0, ,324, ,
3, ,325, ,
1, ,324, ,
0, ,325, ,
3, ,324, ,
1, ,325, ,
-1, ,323, ,
3, ,323, ,
0, ,324, ,
0, ,326, ,
3, ,323, ,
1, ,324, ,
0, ,325, ,
3, ,324, ,
0, ,324, ,
0, ,325, ,
3, ,324, ,
1, ,326, ,
-1, ,324, ,
3, ,324, ,
0, ,325, ,
0, ,325, ,
3, ,323, ,
1, ,325, ,
0, ,326, ,
3, ,324, ,
0, ,324, ,
0, ,326, ,
3, ,324, ,
1, ,325, ,
0, ,324, ,
3, ,324, ,
0, ,325, ,
0, ,325, ,
3, ,324, ,
1, ,325, ,
0, ,325, ,
3, ,324, ,
0, ,323, ,
0, ,325, ,
3, ,324, ,
1, ,325, ,
-1, ,324, ,
3, ,324, ,
1, ,324, ,
0, ,326, ,
3, ,323, ,
1, ,325, ,
0, ,325, ,
3, ,325, ,
1, ,324, ,
0, ,325, ,
3, ,324, ,
1, ,325, ,
0, ,325, ,
3, ,323, ,
0, ,324, ,
0, ,325, ,
3, ,323, ,
1, ,324, ,
0, ,324, ,
3, ,324, ,
0, ,321, ,
0, ,323, ,
3, ,323, ,
1, ,327, ,
0, ,325, ,
3, ,324, ,
0, ,325, ,
0, ,326, ,
3, ,324, ,
1, ,323, ,
0, ,323, ,
3, ,324, ,
0, ,324, ,
0, ,325, ,
3, ,324, ,
1, ,325, ,
-1, ,324, ,
3, ,325, ,
0, ,323, ,
0, ,325, ,
3, ,323, ,
1, ,325, ,
0, ,325, ,
3, ,325, ,
0, ,323, ,
0, ,325, ,
3, ,325, ,
1, ,325, ,
-1, ,324, ,
3, ,325, ,
0, ,324, ,
0, ,326, ,
1, ,323, ,
1, ,324, ,
0, ,323, ,
3, ,325, ,
0, ,323, ,
0, ,326, ,
1, ,325, ,
1, ,325, ,
-1, ,323, ,
3, ,325, ,
0, ,325, ,
0, ,325, ,
3, ,324, ,
1, ,325, ,
0, ,324, ,
3, ,324, ,
0, ,324, ,
0, ,325, ,
1, ,324, ,
1, ,325, ,
-1, ,324, ,
3, ,324, ,
0, ,325, ,
0, ,325, ,
3, ,324, ,
1, ,325, ,
0, ,325, ,
3, ,324, ,
0, ,324, ,
0, ,326, ,
3, ,324, ,
1, ,325, ,
-1, ,324, ,
3, ,324, ,
1, ,325, ,
0, ,325, ,
3, ,324, ,
1, ,325, ,
0, ,324, ,
3, ,325, ,
0, ,324, ,
0, ,324, ,
3, ,324, ,
1, ,325, ,
-1, ,323, ,
3, ,323, ,
0, ,324, ,
0, ,325, ,
3, ,324, ,
1, ,325, ,
0, ,325, ,
3, ,325, ,
0, ,324, ,
0, ,325, ,
3, ,324, ,
1, ,325, ,
0, ,324, ,
3, ,324, ,
0, ,324, ,
0, ,325, ,
3, ,323, ,
1, ,325, ,
0, ,324, ,
3, ,325, ,
0, ,324, ,
0, ,325, ,
3, ,324, ,
1, ,325, ,
-1, ,324, ,
3, ,324, ,
1, ,325, ,
0, ,325, ,
3, ,324, ,
1, ,325, ,
0, ,325, ,
3, ,325, ,
0, ,324, ,
0, ,325, ,
3, ,324, ,
1, ,325, ,
0, ,324, ,
3, ,323, ,
0, ,324, ,
0, ,325, ,
3, ,323, ,
1, ,324, ,
-1, ,324, ,
3, ,324, ,
0, ,323, ,
0, ,325, ,
3, ,324, ,
1, ,325, ,
-1, ,324, ,
3, ,324, ,
0, ,323, ,
0, ,325, ,
3, ,323, ,
1, ,325, ,
0, ,324, ,
3, ,325, ,
0, ,324, ,
0, ,325, ,
3, ,324, ,
1, ,325, ,
-1, ,323, ,
3, ,324, ,
0, ,324, ,
0, ,326, ,
3, ,323, ,
1, ,324, ,
0, ,325, ,
3, ,324, ,
0, ,323, ,
0, ,325, ,
1, ,324, ,
1, ,325, ,
0, ,324, ,
3, ,325, ,
0, ,325, ,
0, ,325, ,
3, ,324, ,
1, ,325, ,
0, ,325, ,
3, ,325, ,
0, ,323, ,
0, ,326, ,
3, ,323, ,
1, ,326, ,
-1, ,325, ,
3, ,324, ,
0, ,325, ,
0, ,327, ,
1, ,324, ,
1, ,325, ,
0, ,325, ,
3, ,325, ,
0, ,324, ,
0, ,325, ,
1, ,324, ,
1, ,325, ,
0, ,323, ,
3, ,325, ,
0, ,325, ,
0, ,325, ,
3, ,323, ,
1, ,325, ,
0, ,324, ,
3, ,325, ,
0, ,324, ,
0, ,325, ,
3, ,324, ,
1, ,325, ,
-1, ,324, ,
3, ,325, ,
0, ,323, ,
0, ,325, ,
3, ,324, ,
1, ,325, ,
0, ,325, ,
3, ,324, ,
0, ,324, ,
0, ,325, ,
1, ,324, ,
1, ,325, ,
-1, ,323, ,
3, ,323, ,
0, ,324, ,
0, ,325, ,
3, ,323, ,
1, ,324, ,
-1, ,325, ,
3, ,325, ,
0, ,323, ,
0, ,324, ,
1, ,324, ,
1, ,325, ,
-1, ,324, ,
3, ,324, ,
0, ,324, ,
0, ,326, ,
1, ,324, ,
1, ,325, ,
0, ,325, ,
3, ,324, ,
0, ,324, ,
0, ,325, ,
3, ,324, ,
1, ,325, ,
-1, ,324, ,
3, ,325, ,
0, ,325, ,
0, ,326, ,
1, ,323, ,
1, ,324, ,
0, ,325, ,
3, ,325, ,
0, ,324, ,
0, ,325, ,
1, ,324, ,
1, ,325, ,
0, ,323, ,
3, ,323, ,
0, ,324, ,
0, ,325, ,
3, ,323, ,
1, ,325, ,
0, ,324, ,
1, ,324, ,
0, ,324, ,
0, ,327, ,
3, ,324, ,
1, ,324, ,
-1, ,323, ,
3, ,324, ,
0, ,324, ,
0, ,325, ,
3, ,323, ,
1, ,325, ,
-1, ,324, ,
3, ,324, ,
0, ,324, ,
0, ,325, ,
1, ,324, ,
1, ,325, ,
-1, ,324, ,
3, ,324, ,
0, ,324, ,
0, ,325, ,
3, ,323, ,
1, ,324, ,
-1, ,324, ,
3, ,324, ,
0, ,323, ,
0, ,326, ,
1, ,324, ,
1, ,325, ,
0, ,324, ,
3, ,324, ,
0, ,325, ,
0, ,326, ,
1, ,324, ,
1, ,325, ,
0, ,325, ,
3, ,325, ,
0, ,324, ,
0, ,325, ,
3, ,324, ,
1, ,325, ,
-1, ,324, ,
3, ,324, ,
0, ,324, ,
0, ,325, ,
3, ,323, ,
0, ,324, ,
-1, ,325, ,
3, ,325, ,
0, ,324, ,
0, ,325, ,
3, ,324, ,
1, ,326, ,
-1, ,324, ,
3, ,324, ,
0, ,324, ,
0, ,326, ,
3, ,323, ,
1, ,325, ,
0, ,323, ,
3, ,321, ,
0, ,321, ,
0, ,325, ,
3, ,324, ,
1, ,321, ,
-1, ,326, ,
3, ,331, ,
0, ,326, ,
0, ,321, ,
3, ,318, ,
0, ,323, ,
-1, ,326, ,
3, ,325, ,
0, ,325, ,
0, ,325, ,
3, ,323, ,
1, ,325, ,
-1, ,324, ,
3, ,324, ,
0, ,324, ,
0, ,325, ,
3, ,323, ,
1, ,325, ,
0, ,323, ,
3, ,325, ,
0, ,323, ,
0, ,325, ,
3, ,323, ,
1, ,325, ,
-1, ,324, ,
3, ,324, ,
0, ,324, ,
0, ,325, ,
3, ,323, ,
1, ,324, ,
0, ,324, ,
3, ,324, ,
0, ,323, ,
0, ,325, ,
1, ,323, ,
1, ,325, ,
0, ,324, ,
3, ,323, ,
0, ,324, ,
0, ,325, ,
3, ,321, ,
1, ,325, ,
0, ,323, ,
1, ,325, ,
0, ,323, ,
0, ,325, ,
3, ,323, ,
1, ,325, ,
-1, ,323, ,
3, ,324, ,
0, ,323, ,
0, ,326, ,
1, ,321, ,
1, ,324, ,
-1, ,324, ,
3, ,325, ,
0, ,323, ,
0, ,325, ,
3, ,324, ,
1, ,325, ,
-1, ,323, ,
3, ,324, ,
0, ,325, ,
0, ,325, ,
3, ,323, ,
1, ,325, ,
-1, ,324, ,
3, ,324, ,
0, ,324, ,
0, ,324, ,
3, ,325, ,
1, ,325, ,
-1, ,324, ,
3, ,325, ,
0, ,324, ,
0, ,325, ,
3, ,323, ,
1, ,325, ,
0, ,324, ,
3, ,324, ,
0, ,323, ,
0, ,324, ,
1, ,323, ,
1, ,324, ,
-1, ,323, ,
1, ,324, ,
0, ,325, ,
0, ,326, ,
3, ,324, ,
1, ,325, ,
0, ,323, ,
3, ,324, ,
0, ,324, ,
0, ,325, ,
3, ,323, ,
1, ,325, ,
-1, ,324, ,
3, ,324, ,
0, ,323, ,
0, ,325, ,
1, ,323, ,
1, ,324, ,
-1, ,324, ,
3, ,325, ,
0, ,324, ,
0, ,327, ,
1, ,324, ,
1, ,325, ,
-1, ,323, ,
3, ,323, ,
0, ,323, ,
0, ,325, ,
3, ,324, ,
1, ,325, ,
0, ,326, ,
3, ,324, ,
0, ,324, ,
0, ,325, ,
1, ,324, ,
1, ,325, ,
-1, ,325, ,
3, ,324, ,
0, ,324, ,
0, ,325, ,
1, ,324, ,
1, ,324, ,
-1, ,324, ,
3, ,325, ,
0, ,324, ,
0, ,325, ,
1, ,324, ,
1, ,325, ,
-1, ,323, ,
3, ,323, ,
0, ,325, ,
0, ,326, ,
1, ,324, ,
1, ,326, ,
0, ,324, ,
3, ,325, ,
0, ,324, ,
0, ,325, ,
3, ,323, ,
1, ,325, ,
-1, ,325, ,
3, ,325, ,
0, ,325, ,
0, ,325, ,
3, ,323, ,
0, ,325, ,
0, ,324, ,
3, ,324, ,
0, ,323, ,
0, ,325, ,
3, ,324, ,
1, ,325, ,
-1, ,324, ,
3, ,325, ,
0, ,325, ,
0, ,326, ,
3, ,321, ,
1, ,325, ,
0, ,324, ,
3, ,325, ,
0, ,324, ,
0, ,326, ,
1, ,324, ,
0, ,326, ,
-1, ,324, ,
3, ,323, ,
0, ,325, ,
0, ,325, ,
3, ,323, ,
1, ,325, ,
-1, ,325, ,
3, ,325, ,
0, ,324, ,
0, ,325, ,
3, ,323, ,
0, ,325, ,
-1, ,324, ,
3, ,325, ,
0, ,325, ,
0, ,325, ,
1, ,324, ,
1, ,325, ,
-1, ,323, ,
3, ,325, ,
0, ,323, ,
0, ,325, ,
1, ,324, ,
1, ,325, ,
-1, ,325, ,
3, ,324, ,
0, ,324, ,
0, ,325, ,
1, ,323, ,
1, ,325, ,
0, ,325, ,
3, ,325, ,
0, ,324, ,
0, ,325, ,
3, ,324, ,
1, ,325, ,
-1, ,323, ,
1, ,324, ,
0, ,323, ,
0, ,326, ,
1, ,323, ,
1, ,325, ,
-1, ,324, ,
3, ,325, ,
0, ,324, ,
0, ,325, ,
3, ,324, ,
0, ,324, ,
-1, ,324, ,
3, ,324, ,
0, ,325, ,
0, ,325, ,
3, ,323, ,
1, ,324, ,
0, ,325, ,
1, ,324, ,
0, ,324, ,
0, ,324, ,
1, ,324, ,
1, ,324, ,
0, ,323, ,
3, ,324, ,
0, ,324, ,
0, ,326, ,
1, ,323, ,
0, ,325, ,
-1, ,325, ,
1, ,324, ,
0, ,324, ,
0, ,325, ,
3, ,324, ,
1, ,325, ,
-1, ,323, ,
3, ,324, ,
0, ,323, ,
0, ,326, ,
1, ,323, ,
1, ,325, ,
0, ,324, ,
3, ,324, ,
0, ,324, ,
0, ,325, ,
1, ,324, ,
1, ,325, ,
-1, ,324, ,
3, ,323, ,
0, ,325, ,
0, ,325, ,
1, ,323, ,
1, ,325, ,
-1, ,325, ,
3, ,324, ,
0, ,324, ,
0, ,325, ,
1, ,324, ,
1, ,325, ,
-1, ,324, ,
3, ,325, ,
0, ,324, ,
0, ,325, ,
3, ,323, ,
1, ,324, ,
0, ,325, ,
3, ,324, ,
0, ,324, ,
0, ,326, ,
1, ,324, ,
1, ,325, ,
-1, ,323, ,
3, ,325, ,
0, ,324, ,
0, ,326, ,
3, ,323, ,
1, ,325, ,
0, ,325, ,
3, ,325, ,
0, ,324, ,
0, ,325, ,
1, ,324, ,
1, ,325, ,
-1, ,324, ,
3, ,324, ,
0, ,323, ,
0, ,325, ,
3, ,321, ,
0, ,325, ,
-1, ,325, ,
3, ,325, ,
0, ,324, ,
0, ,325, ,
3, ,323, ,
1, ,325, ,
-1, ,324, ,
3, ,324, ,
1, ,324, ,
0, ,325, ,
3, ,323, ,
1, ,324, ,
0, ,324, ,
3, ,325, ,
0, ,325, ,
0, ,325, ,
1, ,324, ,
1, ,325, ,
-1, ,324, ,
1, ,324, ,
1, ,324, ,
0, ,327, ,
1, ,323, ,
1, ,324, ,
-1, ,325, ,
3, ,325, ,
0, ,324, ,
0, ,326, ,
1, ,324, ,
1, ,325, ,
-1, ,324, ,
3, ,324, ,
0, ,323, ,
0, ,325, ,
3, ,323, ,
1, ,325, ,
0, ,324, ,
3, ,325, ,
0, ,324, ,
0, ,325, ,
3, ,324, ,
1, ,325, ,
-1, ,323, ,
3, ,324, ,
0, ,325, ,
0, ,325, ,
1, ,323, ,
1, ,324, ,
-1, ,324, ,
3, ,325, ,
0, ,324, ,
0, ,325, ,
1, ,323, ,
1, ,326, ,
-1, ,324, ,
3, ,324, ,
1, ,323, ,
0, ,325, ,
3, ,323, ,
1, ,326, ,
-1, ,325, ,
3, ,324, ,
0, ,324, ,
0, ,326, ,
3, ,324, ,
1, ,326, ,
-1, ,325, ,
3, ,324, ,
0, ,324, ,
0, ,326, ,
3, ,324, ,
1, ,326, ,
-1, ,326, ,
3, ,324, ,
0, ,324, ,
0, ,325, ,
1, ,324, ,
1, ,325, ,
-1, ,325, ,
3, ,324, ,
0, ,325, ,
0, ,326, ,
3, ,324, ,
1, ,324, ,
0, ,325, ,
3, ,325, ,
0, ,323, ,
0, ,325, ,
3, ,324, ,
1, ,324, ,
-1, ,324, ,
3, ,324, ,
0, ,325, ,
0, ,326, ,
1, ,324, ,
1, ,325, ,
-1, ,325, ,
3, ,325, ,
0, ,323, ,
0, ,325, ,
3, ,323, ,
1, ,325, ,
-1, ,324, ,
3, ,324, ,
0, ,324, ,
0, ,326, ,
3, ,324, ,
1, ,325, ,
-1, ,325, ,
3, ,325, ,
0, ,324, ,
0, ,326, ,
3, ,325, ,
0, ,326, ,
-1, ,324, ,
3, ,325, ,
0, ,325, ,
0, ,326, ,
1, ,323, ,
1, ,324, ,
0, ,325, ,
3, ,325, ,
0, ,324, ,
0, ,325, ,
1, ,324, ,
1, ,325, ,
-1, ,324, ,
1, ,324, ,
0, ,325, ,
0, ,325, ,
3, ,323, ,
0, ,325, ,
0, ,325, ,
3, ,325, ,
0, ,324, ,
0, ,325, ,
3, ,324, ,
1, ,325, ,
-1, ,324, ,
3, ,324, ,
0, ,325, ,
0, ,327, ,
1, ,324, ,
0, ,324, ,
-1, ,324, ,
3, ,325, ,
0, ,324, ,
0, ,324, ,
3, ,324, ,
1, ,325, ,
-1, ,324, ,
3, ,325, ,
0, ,325, ,
0, ,325, ,
1, ,323, ,
1, ,324, ,
-1, ,325, ,
3, ,325, ,
0, ,324, ,
0, ,325, ,
1, ,324, ,
1, ,325, ,
-1, ,324, ,
3, ,324, ,
0, ,324, ,
0, ,325, ,
1, ,324, ,
1, ,325, ,
0, ,324, ,
3, ,325, ,
0, ,323, ,
0, ,326, ,
1, ,324, ,
1, ,325, ,
-1, ,324, ,
3, ,325, ,
0, ,324, ,
0, ,326, ,
1, ,323, ,
1, ,325, ,
-1, ,325, ,
3, ,325, ,
0, ,324, ,
0, ,325, ,
3, ,324, ,
1, ,325, ,
-1, ,324, ,
1, ,324, ,
0, ,324, ,
0, ,325, ,
1, ,324, ,
0, ,324, ,
-1, ,325, ,
3, ,325, ,
0, ,325, ,
0, ,327, ,
1, ,324, ,
1, ,325, ,
-1, ,324, ,
3, ,324, ,
0, ,325, ,
0, ,326, ,
1, ,324, ,
1, ,325, ,
0, ,324, ,
3, ,325, ,
0, ,324, ,
0, ,325, ,
1, ,324, ,
1, ,325, ,
-1, ,325, ,
3, ,323, ,
0, ,325, ,
0, ,325, ,
1, ,324, ,
1, ,325, ,
0, ,325, ,
3, ,324, ,
0, ,324, ,
0, ,325, ,
3, ,324, ,
1, ,325, ,
-1, ,324, ,
3, ,324, ,
0, ,324, ,
0, ,327, ,
1, ,324, ,
1, ,325, ,
0, ,325, ,
3, ,325, ,
0, ,324, ,
0, ,325, ,
3, ,324, ,
1, ,324, ,
-1, ,317, ,
3, ,323, ,
0, ,330, ,
0, ,330, ,
1, ,323, ,
1, ,321, ,
-1, ,325, ,
3, ,325, ,
0, ,324, ,
0, ,325, ,
1, ,324, ,
1, ,326, ,
-1, ,323, ,
3, ,324, ,
0, ,325, ,
0, ,327, ,
3, ,323, ,
1, ,326, ,
0, ,325, ,
3, ,325, ,
0, ,324, ,
0, ,325, ,
3, ,323, ,
1, ,326, ,
-1, ,324, ,
3, ,325, ,
0, ,325, ,
0, ,325, ,
1, ,323, ,
1, ,325, ,
-1, ,325, ,
3, ,324, ,
0, ,324, ,
0, ,326, ,
1, ,324, ,
1, ,325, ,
-1, ,324, ,
3, ,324, ,
0, ,324, ,
0, ,325, ,
3, ,323, ,
1, ,325, ,
0, ,325, ,
3, ,326, ,
0, ,325, ,
0, ,326, ,
1, ,325, ,
1, ,325, ,
-1, ,323, ,
3, ,324, ,
0, ,324, ,
0, ,326, ,
1, ,323, ,
1, ,326, ,
-1, ,325, ,
3, ,324, ,
0, ,324, ,
0, ,324, ,
1, ,324, ,
1, ,325, ,
-1, ,323, ,
3, ,325, ,
0, ,325, ,
0, ,325, ,
1, ,324, ,
1, ,324, ,
-1, ,324, ,
1, ,325, ,
0, ,324, ,
0, ,325, ,
1, ,324, ,
0, ,325, ,
-1, ,323, ,
3, ,324, ,
0, ,325, ,
0, ,325, ,
1, ,323, ,
0, ,324, ,
-1, ,325, ,
3, ,325, ,
0, ,324, ,
0, ,326, ,
1, ,324, ,
0, ,325, ,
-1, ,323, ,
3, ,324, ,
0, ,324, ,
0, ,325, ,
1, ,323, ,
1, ,325, ,
-1, ,325, ,
3, ,325, ,
0, ,324, ,
0, ,325, ,
1, ,324, ,
0, ,325, ,
-1, ,324, ,
3, ,324, ,
0, ,324, ,
0, ,326, ,
1, ,323, ,
1, ,325, ,
0, ,324, ,
3, ,324, ,
0, ,324, ,
0, ,325, ,
3, ,324, ,
1, ,324, ,
-1, ,324, ,
3, ,324, ,
0, ,324, ,
0, ,325, ,
3, ,323, ,
1, ,325, ,
0, ,325, ,
3, ,326, ,
0, ,323, ,
0, ,325, ,
1, ,324, ,
1, ,325, ,
-1, ,324, ,
1, ,324, ,
0, ,323, ,
0, ,326, ,
3, ,323, ,
1, ,325, ,
-1, ,325, ,
3, ,325, ,
0, ,323, ,
0, ,325, ,
1, ,324, ,
1, ,325, ,
-1, ,324, ,
3, ,324, ,
0, ,325, ,
0, ,326, ,
1, ,321, ,
1, ,325, ,
-1, ,325, ,
3, ,324, ,
0, ,324, ,
0, ,325, ,
3, ,324, ,
1, ,325, ,
-1, ,323, ,
3, ,324, ,
0, ,324, ,
0, ,327, ,
3, ,323, ,
1, ,325, ,
0, ,325, ,
3, ,324, ,
0, ,323, ,
0, ,326, ,
1, ,324, ,
1, ,326, ,
-1, ,324, ,
3, ,325, ,
0, ,325, ,
0, ,326, ,
3, ,323, ,
1, ,325, ,
0, ,323, ,
3, ,325, ,
0, ,323, ,
0, ,325, ,
3, ,324, ,
1, ,325, ,
-1, ,324, ,
1, ,325, ,
0, ,324, ,
0, ,325, ,
1, ,323, ,
0, ,325, ,
0, ,325, ,
3, ,324, ,
0, ,324, ,
0, ,325, ,
1, ,324, ,
1, ,325, ,
-1, ,323, ,
1, ,325, ,
0, ,324, ,
0, ,326, ,
3, ,324, ,
1, ,325, ,
-1, ,325, ,
3, ,325, ,
0, ,324, ,
0, ,324, ,
1, ,324, ,
0, ,325, ,
-1, ,324, ,
3, ,324, ,
0, ,323, ,
0, ,325, ,
1, ,323, ,
1, ,324, ,
0, ,324, ,
3, ,325, ,
0, ,324, ,
0, ,325, ,
1, ,324, ,
0, ,327, ,
-1, ,324, ,
3, ,324, ,
0, ,325, ,
0, ,326, ,
1, ,321, ,
0, ,325, ,
-1, ,325, ,
3, ,325, ,
0, ,324, ,
0, ,326, ,
1, ,324, ,
0, ,325, ,
-1, ,323, ,
3, ,325, ,
0, ,325, ,
0, ,325, ,
1, ,323, ,
1, ,325, ,
0, ,324, ,
3, ,324, ,
0, ,324, ,
0, ,325, ,
1, ,324, ,
0, ,325, ,
-1, ,323, ,
3, ,324, ,
0, ,324, ,
0, ,325, ,
3, ,323, ,
1, ,325, ,
0, ,325, ,
3, ,325, ,
0, ,324, ,
0, ,325, ,
1, ,324, ,
0, ,325, ,
-1, ,323, ,
3, ,325, ,
0, ,324, ,
0, ,325, ,
1, ,323, ,
1, ,325, ,
-1, ,325, ,
3, ,324, ,
0, ,324, ,
0, ,325, ,
1, ,325, ,
1, ,325, ,
-1, ,323, ,
3, ,325, ,
0, ,324, ,
0, ,325, ,
1, ,323, ,
1, ,323, ,
0, ,324, ,
3, ,325, ,
0, ,324, ,
1, ,325, ,
1, ,323, ,
1, ,325, ,
0, ,324, ,
1, ,325, ,
0, ,325, ,
1, ,325, ,
1, ,323, ,
1, ,324, ,
0, ,324, ,
3, ,325, ,
0, ,324, ,
0, ,325, ,
1, ,324, ,
1, ,325, ,
0, ,323, ,
1, ,323, ,
0, ,325, ,
0, ,326, ,
1, ,324, ,
1, ,325, ,
0, ,324, ,
3, ,324, ,
0, ,323, ,
0, ,324, ,
3, ,324, ,
1, ,325, ,
0, ,323, ,
1, ,323, ,
0, ,324, ,
0, ,325, ,
1, ,323, ,
0, ,324, ,
-1, ,324, ,
3, ,325, ,
0, ,324, ,
0, ,325, ,
1, ,325, ,
1, ,325, ,
0, ,323, ,
3, ,325, ,
0, ,325, ,
0, ,326, ,
1, ,323, ,
0, ,325, ,
0, ,325, ,
1, ,325, ,
0, ,323, ,
0, ,325, ,
1, ,324, ,
1, ,325, ,
-1, ,324, ,
3, ,324, ,
0, ,324, ,
0, ,326, ,
1, ,323, ,
1, ,324, ,
-1, ,325, ,
3, ,325, ,
0, ,324, ,
0, ,325, ,
1, ,324, ,
0, ,325, ,
-1, ,324, ,
3, ,324, ,
0, ,325, ,
0, ,325, ,
3, ,323, ,
1, ,324, ,
-1, ,324, ,
3, ,325, ,
0, ,324, ,
0, ,325, ,
1, ,324, ,
0, ,324, ,
-1, ,323, ,
3, ,324, ,
0, ,324, ,
0, ,325, ,
1, ,323, ,
1, ,324, ,
-1, ,325, ,
3, ,325, ,
0, ,324, ,
0, ,325, ,
1, ,324, ,
1, ,325, ,
-1, ,324, ,
3, ,324, ,
0, ,324, ,
0, ,325, ,
1, ,323, ,
1, ,325, ,
-1, ,325, ,
1, ,325, ,
0, ,324, ,
0, ,325, ,
1, ,324, ,
1, ,325, ,
-1, ,325, ,
3, ,324, ,
0, ,324, ,
0, ,325, ,
3, ,323, ,
1, ,324, ,
0, ,324, ,
3, ,325, ,
0, ,324, ,
0, ,325, ,
1, ,324, ,
1, ,325, ,
-1, ,324, ,
3, ,324, ,
0, ,325, ,
0, ,325, ,
1, ,323, ,
1, ,325, ,
-1, ,325, ,
1, ,324, ,
0, ,323, ,
0, ,326, ,
1, ,324, ,
1, ,325, ,
0, ,323, ,
3, ,324, ,
0, ,324, ,
0, ,325, ,
3, ,323, ,
1, ,325, ,
0, ,324, ,
1, ,324, ,
0, ,324, ,
0, ,325, ,
3, ,325, ,
1, ,325, ,
-1, ,324, ,
3, ,324, ,
0, ,323, ,
0, ,325, ,
3, ,324, ,
1, ,325, ,
-1, ,325, ,
3, ,325, ,
0, ,324, ,
0, ,325, ,
3, ,324, ,
1, ,325, ,
0, ,323, ,
3, ,324, ,
0, ,324, ,
0, ,325, ,
3, ,324, ,
1, ,324, ,
0, ,324, ,
1, ,324, ,
0, ,324, ,
0, ,325, ,
1, ,323, ,
1, ,325, ,
-1, ,324, ,
3, ,323, ,
0, ,324, ,
0, ,326, ,
1, ,324, ,
1, ,325, ,
-1, ,325, ,
1, ,324, ,
0, ,325, ,
0, ,325, ,
1, ,324, ,
1, ,325, ,
-1, ,324, ,
3, ,324, ,
0, ,324, ,
0, ,326, ,
1, ,323, ,
1, ,325, ,
-1, ,324, ,
3, ,324, ,
0, ,324, ,
0, ,326, ,
1, ,324, ,
0, ,325, ,
-1, ,324, ,
3, ,325, ,
0, ,324, ,
0, ,325, ,
3, ,323, ,
1, ,324, ,
0, ,325, ,
3, ,325, ,
0, ,323, ,
0, ,326, ,
1, ,324, ,
0, ,325, ,
-1, ,323, ,
3, ,324, ,
0, ,324, ,
0, ,325, ,
3, ,323, ,
1, ,325, ,
-1, ,324, ,
1, ,325, ,
0, ,324, ,
0, ,325, ,
1, ,324, ,
1, ,325, ,
-1, ,323, ,
3, ,325, ,
0, ,325, ,
0, ,326, ,
3, ,324, ,
1, ,325, ,
-1, ,323, ,
3, ,324, ,
0, ,323, ,
0, ,326, ,
1, ,325, ,
1, ,326, ,
-1, ,324, ,
3, ,324, ,
0, ,325, ,
0, ,326, ,
1, ,323, ,
1, ,324, ,
-1, ,324, ,
3, ,326, ,
0, ,324, ,
0, ,325, ,
1, ,324, ,
1, ,325, ,
-1, ,324, ,
3, ,325, ,
0, ,324, ,
0, ,326, ,
1, ,324, ,
1, ,325, ,
0, ,325, ,
1, ,325, ,
0, ,323, ,
0, ,325, ,
1, ,323, ,
0, ,325, ,
-1, ,323, ,
3, ,323, ,
0, ,321, ,
0, ,324, ,
1, ,323, ,
1, ,326, ,
0, ,328, ,
3, ,327, ,
0, ,323, ,
0, ,321, ,
1, ,320, ,
1, ,324, ,
-1, ,325, ,
1, ,325, ,
0, ,323, ,
0, ,325, ,
1, ,321, ,
1, ,324, ,
-1, ,324, ,
1, ,325, ,
0, ,324, ,
0, ,325, ,
1, ,323, ,
1, ,325, ,
-1, ,323, ,
3, ,324, ,
0, ,324, ,
0, ,325, ,
1, ,324, ,
1, ,325, ,
0, ,325, ,
3, ,325, ,
0, ,323, ,
0, ,325, ,
1, ,324, ,
1, ,325, ,
-1, ,323, ,
3, ,323, ,
0, ,323, ,
0, ,326, ,
1, ,323, ,
1, ,324, ,
-1, ,323, ,
3, ,324, ,
0, ,324, ,
0, ,325, ,
1, ,323, ,
0, ,325, ,
-1, ,324, ,
3, ,324, ,
0, ,324, ,
0, ,325, ,
1, ,323, ,
1, ,324, ,
0, ,324, ,
1, ,324, ,
0, ,323, ,
0, ,325, ,
1, ,323, ,
1, ,324, ,
-1, ,323, ,
1, ,324, ,
0, ,323, ,
0, ,325, ,
1, ,323, ,
1, ,324, ,
0, ,324, ,
1, ,325, ,
0, ,323, ,
0, ,325, ,
1, ,323, ,
0, ,325, ,
-1, ,323, ,
3, ,324, ,
0, ,324, ,
0, ,325, ,
1, ,323, ,
1, ,324, ,
0, ,323, ,
1, ,324, ,
0, ,323, ,
0, ,324, ,
1, ,323, ,
1, ,324, ,
-1, ,323, ,
3, ,324, ,
0, ,324, ,
0, ,325, ,
1, ,323, ,
1, ,323, ,
-1, ,324, ,
1, ,324, ,
0, ,323, ,
0, ,325, ,
3, ,323, ,
1, ,324, ,
-1, ,323, ,
3, ,324, ,
0, ,324, ,
0, ,325, ,
1, ,323, ,
1, ,324, ,
0, ,325, ,
3, ,324, ,
0, ,323, ,
0, ,325, ,
1, ,324, ,
1, ,324, ,
-1, ,323, ,
3, ,324, ,
0, ,323, ,
0, ,327, ,
1, ,324, ,
1, ,325, ,
0, ,324, ,
3, ,324, ,
0, ,323, ,
0, ,325, ,
1, ,324, ,
0, ,325, ,
-1, ,325, ,
3, ,324, ,
0, ,325, ,
0, ,325, ,
1, ,323, ,
1, ,325, ,
-1, ,325, ,
3, ,325, ,
0, ,323, ,
0, ,326, ,
3, ,325, ,
1, ,326, ,
-1, ,325, ,
3, ,324, ,
0, ,324, ,
0, ,325, ,
1, ,323, ,
1, ,325, ,
0, ,325, ,
1, ,324, ,
0, ,323, ,
0, ,325, ,
1, ,324, ,
1, ,325, ,
-1, ,324, ,
3, ,324, ,
0, ,325, ,
0, ,327, ,
3, ,323, ,
1, ,324, ,
0, ,325, ,
3, ,324, ,
0, ,324, ,
0, ,324, ,
1, ,324, ,
1, ,325, ,
-1, ,324, ,
1, ,323, ,
0, ,324, ,
0, ,326, ,
1, ,324, ,
1, ,324, ,
0, ,324, ,
1, ,325, ,
0, ,324, ,
0, ,324, ,
1, ,324, ,
1, ,325, ,
-1, ,324, ,
3, ,324, ,
0, ,324, ,
0, ,326, ,
1, ,323, ,
1, ,325, ,
0, ,325, ,
3, ,324, ,
0, ,324, ,
0, ,326, ,
1, ,325, ,
0, ,325, ,
-1, ,323, ,
3, ,325, ,
0, ,325, ,
0, ,326, ,
3, ,324, ,
1, ,325, ,
-1, ,326, ,
3, ,325, ,
0, ,323, ,
0, ,325, ,
1, ,324, ,
0, ,325, ,
-1, ,324, ,
3, ,323, ,
0, ,323, ,
0, ,325, ,
1, ,323, ,
1, ,324, ,
-1, ,325, ,
3, ,324, ,
0, ,324, ,
0, ,325, ,
1, ,325, ,
0, ,325, ,
-1, ,324, ,
3, ,324, ,
0, ,324, ,
0, ,326, ,
1, ,323, ,
1, ,325, ,
-1, ,325, ,
1, ,325, ,
0, ,324, ,
0, ,325, ,
1, ,323, ,
1, ,325, ,
-1, ,324, ,
3, ,324, ,
0, ,324, ,
0, ,325, ,
1, ,323, ,
1, ,324, ,
0, ,325, ,
3, ,324, ,
0, ,324, ,
0, ,325, ,
1, ,324, ,
1, ,325, ,
-1, ,324, ,
3, ,324, ,
0, ,326, ,
0, ,326, ,
1, ,323, ,
1, ,325, ,
0, ,324, ,
3, ,325, ,
0, ,325, ,
0, ,326, ,
130, ,324, ,
78, ,325, ,
51, ,324, ,
36, ,324, ,
22, ,324, ,
11, ,325, ,
9, ,324, ,
6, ,324, ,
6, ,324, ,
5, ,324, ,
1, ,324, ,
3, ,325, ,
5, ,324, ,
3, ,327, ,
1, ,324, ,
4, ,325, ,
3, ,324, ,
3, ,327, ,
4, ,324, ,
4, ,325, ,
3, ,324, ,
4, ,324, ,
1, ,324, ,
3, ,325, ,
4, ,324, ,
3, ,325, ,
1, ,324, ,
5, ,324, ,
3, ,324, ,
3, ,325, ,
4, ,324, ,
4, ,325, ,
1, ,325, ,
4, ,325, ,
3, ,323, ,
3, ,325, ,
4, ,324, ,
3, ,325, ,
1, ,323, ,
4, ,324, ,
1, ,324, ,
3, ,326, ,
4, ,323, ,
4, ,325, ,
1, ,325, ,
4, ,324, ,
1, ,324, ,
3, ,325, ,
4, ,324, ,
3, ,326, ,
1, ,324, ,
5, ,324, ,
3, ,325, ,
3, ,325, ,
4, ,323, ,
4, ,325, ,
1, ,323, ,
4, ,325, ,
3, ,324, ,
1, ,325, ,
4, ,325, ,
3, ,325, ,
1, ,324, ,
4, ,324, ,
3, ,325, ,
1, ,326, ,
4, ,324, ,
3, ,324, ,
1, ,325, ,
4, ,324, ,
1, ,324, ,
3, ,325, ,
4, ,324, ,
3, ,326, ,
1, ,323, ,
4, ,324, ,
1, ,324, ,
1, ,325, ,
3, ,323, ,
3, ,324, ,
1, ,324, ,
4, ,324, ,
1, ,324, ,
3, ,325, ,
4, ,325, ,
3, ,326, ,
1, ,324, ,
4, ,324, ,
3, ,324, ,
3, ,326, ,
4, ,323, ,
3, ,325, ,
1, ,324, ,
4, ,325, ,
1, ,324, ,
1, ,325, ,
4, ,325, ,
3, ,325, ,
1, ,324, ,
4, ,325, ,
3, ,324, ,
3, ,326, ,
4, ,323, ,
3, ,325, ,
1, ,324, ,
4, ,318, ,
1, ,323, ,
1, ,330, ,
4, ,328, ,
3, ,326, ,
1, ,321, ,
4, ,323, ,
1, ,324, ,
1, ,325, ,
4, ,324, ,
4, ,327, ,
1, ,325, ,
4, ,324, ,
1, ,324, ,
3, ,325, ,
3, ,325, ,
3, ,327, ,
1, ,324, ,
4, ,324, ,
3, ,324, ,
1, ,326, ,
3, ,324, ,
3, ,326, ,
1, ,325, ,
4, ,324, ,
1, ,324, ,
1, ,326, ,
4, ,324, ,
3, ,326, ,
1, ,324, ,
4, ,325, ,
1, ,324, ,
1, ,325, ,
4, ,323, ,
3, ,325, ,
1, ,324, ,
4, ,325, ,
1, ,324, ,
1, ,324, ,
3, ,323, ,
3, ,324, ,
1, ,324, ,
4, ,324, ,
1, ,324, ,
1, ,326, ,
4, ,323, ,
3, ,325, ,
1, ,324, ,
4, ,325, ,
1, ,324, ,
1, ,325, ,
4, ,324, ,
3, ,324, ,
1, ,324, ,
4, ,325, ,
1, ,324, ,
1, ,326, ,
4, ,324, ,
3, ,326, ,
0, ,325, ,
3, ,325, ,
1, ,323, ,
1, ,325, ,
4, ,323, ,
3, ,325, ,
1, ,325, ,
4, ,325, ,
1, ,325, ,
1, ,327, ,
3, ,324, ,
3, ,324, ,
1, ,323, ,
4, ,324, ,
1, ,323, ,
1, ,325, ,
3, ,324, ,
3, ,326, ,
1, ,324, ,
4, ,323, ,
1, ,325, ,
1, ,325, ,
3, ,323, ,
3, ,325, ,
0, ,324, ,
4, ,325, ,
1, ,324, ,
1, ,325, ,
3, ,324, ,
3, ,325, ,
1, ,323, ,
3, ,324, ,
1, ,324, ,
1, ,325, ,
4, ,324, ,
3, ,325, ,
1, ,324, ,
3, ,324, ,
1, ,324, ,
1, ,325, ,
3, ,324, ,
3, ,326, ,
0, ,323, ,
4, ,325, ,
1, ,324, ,
1, ,325, ,
3, ,323, ,
3, ,325, ,
0, ,325, ,
3, ,325, ,
1, ,324, ,
1, ,326, ,
3, ,324, ,
3, ,326, ,
0, ,324, ,
4, ,324, ,
1, ,325, ,
1, ,325, ,
3, ,324, ,
3, ,324, ,
0, ,324, ,
3, ,325, ,
1, ,324, ,
1, ,325, ,
3, ,324, ,
3, ,325, ,
0, ,325, ,
3, ,324, ,
1, ,325, ,
1, ,325, ,
4, ,323, ,
3, ,326, ,
0, ,324, ,
3, ,325, ,
1, ,324, ,
1, ,325, ,
3, ,324, ,
3, ,325, ,
0, ,324, ,
3, ,324, ,
1, ,324, ,
1, ,325, ,
4, ,323, ,
3, ,325, ,
0, ,324, ,
3, ,325, ,
1, ,324, ,
1, ,325, ,
3, ,324, ,
3, ,325, ,
0, ,324, ,
3, ,324, ,
1, ,324, ,
1, ,326, ,
3, ,323, ,
3, ,324, ,
0, ,325, ,
3, ,325, ,
1, ,324, ,
1, ,325, ,
3, ,324, ,
3, ,324, ,
0, ,324, ,
3, ,323, ,
1, ,325, ,
1, ,326, ,
3, ,323, ,
1, ,325, ,
0, ,324, ,
3, ,325, ,
1, ,324, ,
1, ,325, ,
3, ,324, ,
3, ,324, ,
0, ,324, ,
3, ,325, ,
1, ,324, ,
1, ,326, ,
3, ,323, ,
3, ,325, ,
0, ,323, ,
3, ,325, ,
1, ,323, ,
1, ,325, ,
3, ,323, ,
3, ,324, ,
0, ,324, ,
3, ,325, ,
1, ,324, ,
1, ,325, ,
3, ,323, ,
3, ,324, ,
0, ,325, ,
3, ,325, ,
1, ,324, ,
1, ,324, ,
3, ,323, ,
1, ,325, ,
0, ,324, ,
3, ,325, ,
1, ,325, ,
1, ,326, ,
3, ,324, ,
1, ,324, ,
0, ,325, ,
3, ,325, ,
1, ,324, ,
1, ,325, ,
3, ,324, ,
1, ,325, ,
0, ,324, ,
3, ,324, ,
1, ,323, ,
1, ,326, ,
3, ,324, ,
1, ,325, ,
0, ,324, ,
3, ,324, ,
1, ,323, ,
0, ,325, ,
3, ,324, ,
1, ,325, ,
0, ,324, ,
3, ,324, ,
1, ,325, ,
0, ,325, ,
3, ,323, ,
3, ,324, ,
0, ,325, ,
3, ,325, ,
1, ,323, ,
1, ,324, ,
3, ,324, ,
1, ,325, ,
0, ,323, ,
3, ,324, ,
1, ,324, ,
1, ,326, ,
3, ,323, ,
1, ,326, ,
0, ,325, ,
3, ,324, ,
1, ,324, ,
1, ,325, ,
3, ,324, ,
3, ,325, ,
0, ,324, ,
3, ,324, ,
1, ,326, ,
1, ,326, ,
3, ,323, ,
3, ,325, ,
0, ,325, ,
3, ,325, ,
1, ,324, ,
1, ,325, ,
3, ,324, ,
1, ,324, ,
0, ,323, ,
3, ,324, ,
1, ,325, ,
1, ,327, ,
3, ,323, ,
1, ,324, ,
0, ,324, ,
3, ,325, ,
1, ,324, ,
1, ,325, ,
3, ,324, ,
1, ,326, ,
0, ,324, ,
3, ,324, ,
1, ,323, ,
1, ,327, ,
3, ,323, ,
1, ,325, ,
0, ,324, ,
3, ,325, ,
1, ,324, ,
1, ,326, ,
3, ,324, ,
1, ,324, ,
0, ,323, ,
3, ,325, ,
1, ,324, ,
1, ,325, ,
3, ,323, ,
1, ,325, ,
0, ,325, ,
3, ,325, ,
1, ,324, ,
1, ,325, ,
3, ,324, ,
1, ,325, ,
0, ,324, ,
3, ,324, ,
1, ,325, ,
1, ,325, ,
3, ,323, ,
1, ,325, ,
0, ,324, ,
3, ,325, ,
1, ,324, ,
1, ,325, ,
3, ,324, ,
3, ,325, ,
0, ,323, ,
3, ,324, ,
1, ,324, ,
0, ,326, ,
3, ,324, ,
3, ,323, ,
0, ,323, ,
3, ,325, ,
1, ,324, ,
1, ,326, ,
3, ,324, ,
1, ,325, ,
0, ,325, ,
3, ,325, ,
1, ,325, ,
0, ,326, ,
3, ,324, ,
1, ,324, ,
0, ,324, ,
3, ,325, ,
1, ,324, ,
1, ,324, ,
3, ,323, ,
1, ,325, ,
0, ,323, ,
3, ,324, ,
0, ,324, ,
1, ,325, ,
3, ,323, ,
1, ,325, ,
0, ,324, ,
3, ,325, ,
1, ,323, ,
0, ,325, ,
3, ,324, ,
1, ,325, ,
0, ,324, ,
3, ,324, ,
0, ,324, ,
0, ,325, ,
3, ,323, ,
1, ,325, ,
0, ,324, ,
3, ,325, ,
0, ,324, ,
0, ,325, ,
3, ,323, ,
1, ,325, ,
0, ,323, ,
3, ,325, ,
1, ,325, ,
0, ,327, ,
3, ,324, ,
1, ,325, ,
0, ,325, ,
3, ,324, ,
0, ,323, ,
1, ,325, ,
3, ,324, ,
1, ,325, ,
0, ,325, ,
3, ,324, ,
1, ,325, ,
0, ,325, ,
3, ,323, ,
1, ,324, ,
0, ,325, ,
3, ,325, ,
0, ,324, ,
1, ,324, ,
3, ,324, ,
1, ,325, ,
0, ,324, ,
3, ,324, ,
1, ,324, ,
0, ,326, ,
3, ,324, ,
1, ,324, ,
0, ,325, ,
3, ,325, ,
0, ,324, ,
1, ,325, ,
3, ,324, ,
1, ,324, ,
0, ,324, ,
3, ,325, ,
94, ,324, ,
58, ,325, ,
33, ,324, ,
23, ,324, ,
18, ,325, ,
14, ,325, ,
6, ,324, ,
4, ,325, ,
6, ,324, ,
5, ,326, ,
1, ,324, ,
4, ,325, ,
4, ,324, ,
3, ,326, ,
5, ,323, ,
4, ,325, ,
1, ,324, ,
5, ,324, ,
3, ,323, ,
3, ,324, ,
4, ,324, ,
3, ,325, ,
1, ,324, ,
5, ,324, ,
1, ,325, ,
3, ,327, ,
4, ,324, ,
4, ,324, ,
1, ,323, ,
4, ,324, ,
1, ,324, ,
3, ,327, ,
4, ,324, ,
3, ,325, ,
1, ,324, ,
4, ,324, ,
3, ,324, ,
3, ,325, ,
4, ,323, ,
4, ,324, ,
1, ,325, ,
4, ,325, ,
3, ,324, ,
3, ,326, ,
4, ,324, ,
3, ,325, ,
1, ,323, ,
4, ,324, ,
3, ,324, ,
1, ,325, ,
4, ,323, ,
4, ,325, ,
1, ,326, ,
4, ,325, ,
1, ,324, ,
3, ,325, ,
4, ,324, ,
3, ,325, ,
1, ,324, ,
4, ,324, ,
3, ,325, ,
3, ,325, ,
4, ,323, ,
4, ,325, ,
1, ,325, ,
4, ,324, ,
1, ,324, ,
3, ,325, ,
4, ,325, ,
3, ,325, ,
1, ,323, ,
4, ,323, ,
1, ,325, ,
3, ,327, ,
4, ,323, ,
3, ,325, ,
1, ,325, ,
4, ,324, ,
3, ,325, ,
3, ,325, ,
3, ,324, ,
3, ,325, ,
1, ,324, ,
4, ,324, ,
1, ,324, ,
1, ,327, ,
4, ,323, ,
3, ,325, ,
1, ,325, ,
4, ,324, ,
1, ,324, ,
1, ,325, ,
4, ,324, ,
3, ,325, ,
1, ,323, ,
4, ,324, ,
1, ,324, ,
3, ,326, ,
4, ,323, ,
3, ,324, ,
1, ,324, ,
4, ,324, ,
1, ,323, ,
1, ,325, ,
3, ,324, ,
3, ,325, ,
1, ,324, ,
4, ,323, ,
1, ,325, ,
1, ,327, ,
4, ,324, ,
3, ,325, ,
1, ,324, ,
4, ,324, ,
1, ,323, ,
3, ,325, ,
4, ,323, ,
3, ,325, ,
1, ,324, ,
4, ,324, ,
1, ,324, ,
1, ,325, ,
3, ,323, ,
3, ,325, ,
1, ,323, ,
4, ,325, ,
1, ,324, ,
3, ,326, ,
4, ,324, ,
3, ,325, ,
1, ,324, ,
4, ,324, ,
1, ,324, ,
1, ,325, ,
3, ,323, ,
3, ,325, ,
1, ,324, ,
4, ,325, ,
1, ,323, ,
1, ,325, ,
4, ,324, ,
3, ,325, ,
1, ,324, ,
4, ,324, ,
1, ,325, ,
1, ,327, ,
4, ,323, ,
3, ,325, ,
1, ,324, ,
4, ,324, ,
1, ,323, ,
1, ,325, ,
3, ,323, ,
3, ,325, ,
0, ,324, ,
4, ,325, ,
1, ,325, ,
1, ,325, ,
4, ,323, ,
3, ,324, ,
1, ,324, ,
4, ,325, ,
1, ,324, ,
1, ,326, ,
3, ,324, ,
3, ,325, ,
1, ,324, ,
4, ,325, ,
1, ,324, ,
1, ,325, ,
4, ,323, ,
3, ,325, ,
1, ,324, ,
4, ,325, ,
1, ,323, ,
3, ,325, ,
4, ,324, ,
3, ,324, ,
1, ,323, ,
4, ,325, ,
1, ,325, ,
1, ,327, ,
4, ,324, ,
3, ,324, ,
1, ,325, ,
4, ,325, ,
1, ,324, ,
1, ,326, ,
3, ,324, ,
3, ,324, ,
0, ,324, ,
4, ,324, ,
1, ,324, ,
1, ,327, ,
4, ,324, ,
3, ,325, ,
0, ,325, ,
3, ,325, ,
1, ,324, ,
1, ,325, ,
3, ,324, ,
3, ,325, ,
0, ,323, ,
4, ,324, ,
3, ,325, ,
1, ,325, ,
3, ,323, ,
3, ,325, ,
1, ,325, ,
3, ,325, ,
1, ,323, ,
1, ,327, ,
3, ,323, ,
3, ,325, ,
0, ,325, ,
4, ,324, ,
1, ,325, ,
1, ,326, ,
3, ,323, ,
3, ,324, ,
0, ,324, ,
3, ,325, ,
1, ,324, ,
1, ,325, ,
3, ,324, ,
3, ,325, ,
0, ,325, ,
3, ,323, ,
1, ,324, ,
1, ,326, ,
4, ,323, ,
3, ,325, ,
1, ,325, ,
3, ,325, ,
1, ,323, ,
1, ,324, ,
3, ,324, ,
3, ,325, ,
0, ,324, ,
4, ,324, ,
1, ,324, ,
1, ,325, ,
4, ,323, ,
3, ,324, ,
0, ,323, ,
3, ,325, ,
1, ,324, ,
1, ,326, ,
3, ,324, ,
3, ,325, ,
0, ,324, ,
3, ,324, ,
1, ,325, ,
1, ,325, ,
4, ,323, ,
3, ,324, ,
0, ,324, ,
3, ,325, ,
1, ,324, ,
1, ,326, ,
3, ,324, ,
3, ,325, ,
0, ,323, ,
3, ,324, ,
1, ,325, ,
1, ,324, ,
3, ,323, ,
3, ,325, ,
1, ,324, ,
3, ,325, ,
1, ,324, ,
1, ,325, ,
3, ,324, ,
3, ,325, ,
0, ,323, ,
4, ,324, ,
1, ,324, ,
1, ,326, ,
3, ,323, ,
3, ,324, ,
0, ,325, ,
3, ,325, ,
1, ,323, ,
1, ,325, ,
3, ,324, ,
1, ,324, ,
0, ,323, ,
3, ,324, ,
1, ,324, ,
1, ,325, ,
4, ,324, ,
1, ,325, ,
0, ,324, ,
3, ,324, ,
1, ,324, ,
1, ,324, ,
3, ,324, ,
3, ,325, ,
0, ,324, ,
3, ,324, ,
1, ,324, ,
1, ,325, ,
3, ,323, ,
1, ,323, ,
0, ,323, ,
3, ,321, ,
1, ,320, ,
1, ,325, ,
3, ,326, ,
3, ,328, ,
0, ,326, ,
3, ,323, ,
1, ,321, ,
1, ,323, ,
4, ,323, ,
1, ,325, ,
0, ,325, ,
3, ,325, ,
1, ,323, ,
1, ,325, ,
3, ,324, ,
3, ,325, ,
0, ,324, ,
3, ,324, ,
1, ,323, ,
1, ,325, ,
3, ,323, ,
1, ,323, ,
0, ,324, ,
3, ,324, ,
1, ,323, ,
1, ,325, ,
3, ,324, ,
1, ,325, ,
0, ,324, ,
4, ,324, ,
1, ,324, ,
1, ,326, ,
3, ,323, ,
1, ,324, ,
0, ,325, ,
3, ,325, ,
1, ,323, ,
1, ,325, ,
3, ,324, ,
3, ,325, ,
0, ,324, ,
3, ,324, ,
1, ,325, ,
1, ,325, ,
3, ,323, ,
3, ,323, ,
0, ,323, ,
3, ,324, ,
1, ,324, ,
1, ,325, ,
3, ,323, ,
1, ,324, ,
0, ,324, ,
3, ,324, ,
1, ,323, ,
1, ,327, ,
3, ,323, ,
3, ,325, ,
0, ,324, ,
3, ,324, ,
1, ,324, ,
1, ,325, ,
3, ,324, ,
1, ,325, ,
0, ,323, ,
3, ,324, ,
1, ,324, ,
1, ,325, ,
3, ,323, ,
1, ,323, ,
0, ,324, ,
3, ,324, ,
1, ,323, ,
1, ,325, ,
3, ,324, ,
1, ,325, ,
0, ,323, ,
4, ,323, ,
1, ,324, ,
1, ,326, ,
3, ,323, ,
3, ,324, ,
0, ,324, ,
3, ,325, ,
1, ,324, ,
1, ,325, ,
3, ,324, ,
1, ,325, ,
0, ,323, ,
3, ,324, ,
1, ,324, ,
1, ,325, ,
3, ,323, ,
1, ,324, ,
0, ,324, ,
3, ,324, ,
1, ,324, ,
1, ,323, ,
3, ,323, ,
1, ,324, ,
0, ,324, ,
3, ,324, ,
1, ,325, ,
1, ,325, ,
3, ,324, ,
1, ,325, ,
0, ,324, ,
3, ,325, ,
0, ,324, ,
1, ,326, ,
3, ,325, ,
1, ,324, ,
0, ,324, ,
3, ,323, ,
1, ,323, ,
0, ,327, ,
3, ,324, ,
1, ,325, ,
0, ,325, ,
3, ,325, ,
1, ,324, ,
1, ,325, ,
3, ,323, ,
1, ,325, ,
0, ,324, ,
3, ,324, ,
1, ,324, ,
0, ,325, ,
3, ,323, ,
1, ,325, ,
0, ,324, ,
3, ,325, ,
0, ,324, ,
1, ,325, ,
3, ,324, ,
1, ,326, ,
0, ,324, ,
3, ,324, ,
0, ,324, ,
0, ,326, ,
3, ,323, ,
1, ,325, ,
0, ,324, ,
3, ,325, ,
0, ,324, ,
1, ,325, ,
3, ,325, ,
1, ,325, ,
0, ,324, ,
3, ,325, ,
1, ,323, ,
0, ,325, ,
3, ,323, ,
1, ,325, ,
0, ,325, ,
3, ,325, ,
0, ,324, ,
1, ,325, ,
3, ,324, ,
1, ,326, ,
0, ,324, ,
3, ,325, ,
1, ,324, ,
0, ,327, ,
3, ,324, ,
1, ,325, ,
0, ,325, ,
3, ,325, ,
1, ,324, ,
1, ,326, ,
3, ,324, ,
1, ,326, ,
0, ,324, ,
3, ,323, ,
0, ,324, ,
0, ,325, ,
3, ,323, ,
1, ,325, ,
0, ,325, ,
3, ,325, ,
0, ,324, ,
0, ,325, ,
3, ,324, ,
1, ,325, ,
0, ,324, ,
3, ,325, ,
1, ,325, ,
0, ,326, ,
3, ,323, ,
1, ,325, ,
0, ,324, ,
3, ,324, ,
0, ,324, ,
1, ,325, ,
3, ,324, ,
1, ,326, ,
0, ,324, ,
3, ,324, ,
1, ,325, ,
1, ,325, ,
3, ,324, ,
1, ,325, ,
0, ,325, ,
3, ,325, ,
0, ,324, ,
1, ,325, ,
3, ,324, ,
1, ,325, ,
0, ,325, ,
3, ,324, ,
1, ,324, ,
0, ,326, ,
3, ,323, ,
1, ,324, ,
0, ,325, ,
3, ,324, ,
0, ,324, ,
0, ,325, ,
3, ,324, ,
1, ,325, ,
0, ,324, ,
3, ,324, ,
1, ,324, ,
0, ,325, ,
3, ,323, ,
1, ,325, ,
0, ,325, ,
3, ,325, ,
0, ,323, ,
1, ,325, ,
3, ,324, ,
1, ,325, ,
-1, ,324, ,
3, ,324, ,
1, ,324, ,
0, ,326, ,
3, ,323, ,
1, ,325, ,
0, ,325, ,
3, ,326, ,
0, ,324, ,
0, ,327, ,
3, ,324, ,
1, ,326, ,
0, ,323, ,
3, ,324, ,
0, ,324, ,
0, ,325, ,
3, ,324, ,
1, ,324, ,
0, ,325, ,
3, ,325, ,
0, ,324, ,
1, ,325, ,
3, ,324, ,
1, ,325, ,
0, ,324, ,
3, ,325, ,
1, ,323, ,
0, ,327, ,
3, ,324, ,
1, ,325, ,
0, ,325, ,
3, ,325, ,
0, ,324, ,
0, ,325, ,
3, ,324, ,
1, ,325, ,
0, ,325, ,
3, ,325, ,
0, ,324, ,
0, ,325, ,
3, ,324, ,
1, ,325, ,
0, ,325, ,
3, ,325, ,
0, ,323, ,
0, ,327, ,
3, ,324, ,
1, ,327, ,
0, ,324, ,
3, ,324, ,
0, ,324, ,
0, ,327, ,
3, ,324, ,
1, ,325, ,
0, ,325, ,
3, ,324, ,
0, ,324, ,
0, ,326, ,
1, ,323, ,
1, ,325, ,
0, ,325, ,
3, ,324, ,
1, ,324, ,
0, ,326, ,
3, ,323, ,
1, ,325, ,
0, ,325, ,
3, ,324, ,
0, ,324, ,
1, ,325, ,
3, ,325, ,
1, ,325, ,
0, ,323, ,
3, ,324, ,
1, ,325, ,
0, ,325, ,
3, ,324, ,
1, ,324, ,
0, ,325, ,
3, ,325, ,
0, ,324, ,
0, ,324, ,
3, ,324, ,
1, ,325, ,
0, ,324, ,
3, ,324, ,
1, ,325, ,
0, ,327, ,
3, ,324, ,
1, ,326, ,
0, ,325, ,
3, ,324, ,
0, ,324, ,
1, ,326, ,
3, ,324, ,
1, ,325, ,
0, ,324, ,
3, ,325, ,
1, ,324, ,
0, ,326, ,
3, ,324, ,
1, ,325, ,
0, ,325, ,
3, ,325, ,
0, ,323, ,
1, ,326, ,
3, ,325, ,
1, ,326, ,
0, ,324, ,
3, ,325, ,
0, ,324, ,
0, ,325, ,
3, ,324, ,
1, ,325, ,
0, ,325, ,
3, ,324, ,
0, ,324, ,
0, ,326, ,
3, ,324, ,
1, ,325, ,
0, ,324, ,
1, ,325, ,
0, ,325, ,
0, ,325, ,
3, ,324, ,
1, ,325, ,
0, ,325, ,
3, ,324, ,
0, ,323, ,
0, ,326, ,
1, ,324, ,
1, ,325, ,
0, ,324, ,
3, ,324, ,
1, ,324, ,
0, ,325, ,
3, ,324, ,
1, ,325, ,
0, ,325, ,
3, ,326, ,
0, ,324, ,
1, ,326, ,
3, ,324, ,
1, ,326, ,
0, ,324, ,
3, ,324, ,
0, ,325, ,
0, ,325, ,
1, ,324, ,
1, ,325, ,
0, ,325, ,
3, ,325, ,
0, ,324, ,
0, ,326, ,
3, ,324, ,
1, ,325, ,
-1, ,324, ,
3, ,325, ,
0, ,325, ,
0, ,326, ,
3, ,324, ,
1, ,324, ,
0, ,325, ,
3, ,325, ,
0, ,324, ,
0, ,326, ,
1, ,324, ,
1, ,324, ,
0, ,324, ,
3, ,324, ,
0, ,319, ,
0, ,323, ,
3, ,326, ,
1, ,330, ,
0, ,326, ,
1, ,324, ,
0, ,323, ,
0, ,326, ,
1, ,324, ,
1, ,325, ,
0, ,325, ,
3, ,325, ,
0, ,323, ,
0, ,325, ,
3, ,324, ,
1, ,327, ,
0, ,325, ,
3, ,325, ,
0, ,324, ,
0, ,325, ,
3, ,325, ,
1, ,325, ,
-1, ,325, ,
3, ,324, ,
0, ,324, ,
0, ,325, ,
3, ,323, ,
1, ,325, ,
0, ,324, ,
3, ,325, ,
0, ,324, ,
0, ,325, ,
1, ,324, ,
1, ,326, ,
0, ,324, ,
3, ,324, ,
0, ,324, ,
0, ,325, ,
3, ,323, ,
1, ,326, ,
0, ,327, ,
3, ,325, ,
0, ,324, ,
0, ,325, ,
1, ,324, ,
1, ,325, ,
0, ,324, ,
3, ,324, ,
0, ,325, ,
0, ,327, ,
1, ,324, ,
1, ,325, ,
0, ,324, ,
3, ,326, ,
0, ,324, ,
0, ,325, ,
3, ,324, ,
1, ,325, ,
-1, ,324, ,
3, ,325, ,
1, ,325, ,
0, ,326, ,
3, ,323, ,
1, ,325, ,
0, ,325, ,
3, ,325, ,
0, ,324, ,
0, ,326, ,
3, ,324, ,
1, ,326, ,
0, ,324, ,
3, ,325, ,
0, ,325, ,
0, ,326, ,
1, ,323, ,
1, ,325, ,
0, ,324, ,
1, ,325, ,
0, ,324, ,
0, ,326, ,
3, ,324, ,
1, ,325, ,
-1, ,324, ,
3, ,326, ,
0, ,325, ,
0, ,326, ,
3, ,323, ,
1, ,326, ,
0, ,326, ,
3, ,325, ,
0, ,324, ,
0, ,325, ,
1, ,324, ,
1, ,325, ,
0, ,324, ,
3, ,324, ,
0, ,325, ,
0, ,326, ,
3, ,324, ,
1, ,325, ,
0, ,324, ,
3, ,325, ,
0, ,324, ,
0, ,325, ,
3, ,323, ,
1, ,325, ,
0, ,324, ,
3, ,325, ,
0, ,324, ,
0, ,325, ,
1, ,324, ,
1, ,325, ,
0, ,325, ,
1, ,325, ,
0, ,324, ,
0, ,325, ,
3, ,324, ,
1, ,327, ,
-1, ,324, ,
3, ,325, ,
0, ,325, ,
0, ,325, ,
3, ,323, ,
1, ,325, ,
-1, ,325, ,
3, ,325, ,
0, ,324, ,
0, ,326, ,
3, ,324, ,
1, ,327, ,
0, ,324, ,
3, ,325, ,
0, ,324, ,
0, ,325, ,
3, ,324, ,
1, ,325, ,
0, ,325, ,
1, ,325, ,
0, ,324, ,
0, ,325, ,
3, ,324, ,
1, ,326, ,
-1, ,324, ,
3, ,324, ,
0, ,324, ,
0, ,326, ,
3, ,323, ,
1, ,325, ,
0, ,325, ,
3, ,325, ,
0, ,323, ,
0, ,325, ,
3, ,324, ,
1, ,325, ,
0, ,325, ,
3, ,324, ,
0, ,325, ,
0, ,326, ,
3, ,323, ,
1, ,325, ,
0, ,324, ,
3, ,325, ,
0, ,324, ,
0, ,325, ,
1, ,324, ,
1, ,325, ,
-1, ,324, ,
3, ,324, ,
0, ,324, ,
0, ,325, ,
3, ,323, ,
1, ,325, ,
0, ,324, ,
3, ,324, ,
0, ,324, ,
0, ,324, ,
1, ,324, ,
1, ,325, ,
-1, ,324, ,
3, ,324, ,
0, ,324, ,
0, ,327, ,
3, ,323, ,
1, ,325, ,
0, ,324, ,
3, ,325, ,
0, ,324, ,
0, ,325, ,
1, ,324, ,
1, ,325, ,
0, ,324, ,
3, ,324, ,
0, ,325, ,
0, ,325, ,
1, ,323, ,
1, ,325, ,
0, ,325, ,
3, ,325, ,
0, ,324, ,
0, ,325, ,
1, ,324, ,
1, ,325, ,
0, ,324, ,
3, ,324, ,
0, ,324, ,
0, ,325, ,
1, ,324, ,
1, ,325, ,
0, ,325, ,
1, ,325, ,
0, ,324, ,
0, ,325, ,
1, ,325, ,
1, ,325, ,
0, ,324, ,
3, ,325, ,
0, ,324, ,
0, ,325, ,
3, ,324, ,
1, ,325, ,
0, ,324, ,
3, ,324, ,
0, ,324, ,
0, ,325, ,
1, ,323, ,
0, ,324, ,
-1, ,324, ,
3, ,325, ,
0, ,325, ,
0, ,326, ,
3, ,323, ,
1, ,325, ,
0, ,324, ,
3, ,325, ,
0, ,324, ,
0, ,325, ,
3, ,324, ,
1, ,326, ,
-1, ,324, ,
3, ,324, ,
0, ,324, ,
0, ,326, ,
1, ,324, ,
1, ,325, ,
0, ,324, ,
3, ,325, ,
0, ,323, ,
0, ,325, ,
1, ,324, ,
0, ,325, ,
-1, ,324, ,
3, ,324, ,
0, ,324, ,
0, ,325, ,
3, ,324, ,
1, ,325, ,
-1, ,323, ,
3, ,324, ,
0, ,323, ,
0, ,325, ,
1, ,324, ,
1, ,325, ,
-1, ,324, ,
3, ,325, ,
0, ,325, ,
0, ,325, ,
1, ,324, ,
1, ,323, ,
0, ,323, ,
3, ,325, ,
0, ,323, ,
0, ,326, ,
3, ,325, ,
1, ,326, ,
-1, ,324, ,
3, ,324, ,
0, ,325, ,
0, ,324, ,
1, ,321, ,
1, ,324, ,
-1, ,325, ,
1, ,325, ,
0, ,324, ,
0, ,325, ,
1, ,324, ,
1, ,324, ,
-1, ,323, ,
3, ,324, ,
0, ,324, ,
0, ,325, ,
3, ,324, ,
1, ,325, ,
0, ,325, ,
3, ,324, ,
0, ,325, ,
0, ,325, ,
1, ,324, ,
1, ,325, ,
-1, ,324, ,
3, ,324, ,
0, ,325, ,
0, ,326, ,
3, ,324, ,
1, ,325, ,
0, ,323, ,
3, ,324, ,
0, ,323, ,
0, ,325, ,
1, ,324, ,
1, ,325, ,
-1, ,324, ,
3, ,325, ,
0, ,325, ,
0, ,326, ,
3, ,324, ,
1, ,324, ,
0, ,324, ,
3, ,325, ,
0, ,324, ,
0, ,325, ,
1, ,324, ,
1, ,325, ,
-1, ,324, ,
3, ,324, ,
0, ,324, ,
0, ,326, ,
1, ,324, ,
1, ,324, ,
0, ,325, ,
3, ,325, ,
0, ,324, ,
0, ,325, ,
1, ,324, ,
1, ,325, ,
-1, ,324, ,
3, ,324, ,
0, ,325, ,
0, ,325, ,
3, ,324, ,
1, ,325, ,
0, ,323, ,
3, ,325, ,
0, ,324, ,
0, ,325, ,
1, ,324, ,
1, ,325, ,
-1, ,324, ,
3, ,323, ,
0, ,324, ,
0, ,326, ,
1, ,324, ,
1, ,324, ,
-1, ,325, ,
3, ,325, ,
0, ,324, ,
0, ,325, ,
1, ,325, ,
1, ,325, ,
-1, ,324, ,
3, ,324, ,
0, ,324, ,
0, ,327, ,
3, ,321, ,
1, ,325, ,
-1, ,325, ,
3, ,325, ,
0, ,324, ,
0, ,325, ,
1, ,324, ,
1, ,325, ,
-1, ,324, ,
3, ,324, ,
0, ,325, ,
120, ,325, ,
71, ,323, ,
38, ,325, ,
25, ,324, ,
23, ,325, ,
13, ,324, ,
6, ,325, ,
8, ,324, ,
8, ,325, ,
5, ,325, ,
5, ,325, ,
3, ,325, ,
3, ,326, ,
5, ,325, ,
4, ,324, ,
1, ,324, ,
4, ,324, ,
3, ,324, ,
3, ,325, ,
4, ,323, ,
4, ,324, ,
1, ,324, ,
5, ,324, ,
1, ,325, ,
3, ,326, ,
4, ,323, ,
4, ,325, ,
1, ,323, ,
4, ,325, ,
3, ,323, ,
3, ,327, ,
4, ,324, ,
3, ,325, ,
1, ,324, ,
4, ,324, ,
1, ,324, ,
3, ,325, ,
4, ,324, ,
4, ,325, ,
1, ,325, ,
4, ,325, ,
1, ,324, ,
3, ,325, ,
4, ,324, ,
3, ,325, ,
1, ,324, ,
5, ,323, ,
3, ,325, ,
3, ,325, ,
4, ,323, ,
4, ,324, ,
1, ,325, ,
4, ,325, ,
1, ,324, ,
1, ,326, ,
4, ,324, ,
3, ,326, ,
1, ,323, ,
5, ,324, ,
3, ,325, ,
1, ,326, ,
4, ,323, ,
4, ,325, ,
1, ,324, ,
4, ,325, ,
3, ,324, ,
1, ,325, ,
4, ,324, ,
3, ,325, ,
1, ,324, ,
4, ,324, ,
3, ,324, ,
3, ,325, ,
4, ,323, ,
4, ,324, ,
1, ,324, ,
4, ,324, ,
3, ,323, ,
1, ,325, ,
3, ,324, ,
3, ,325, ,
1, ,323, ,
4, ,324, ,
3, ,325, ,
1, ,326, ,
4, ,323, ,
3, ,325, ,
1, ,323, ,
4, ,324, ,
3, ,323, ,
1, ,325, ,
4, ,324, ,
3, ,325, ,
1, ,324, ,
4, ,324, ,
1, ,325, ,
1, ,326, ,
4, ,323, ,
3, ,323, ,
1, ,324, ,
4, ,325, ,
1, ,324, ,
3, ,326, ,
4, ,324, ,
3, ,325, ,
1, ,324, ,
4, ,324, ,
1, ,324, ,
1, ,325, ,
4, ,323, ,
4, ,325, ,
1, ,325, ,
4, ,325, ,
3, ,324, ,
3, ,325, ,
4, ,325, ,
3, ,325, ,
1, ,324, ,
4, ,324, ,
3, ,325, ,
1, ,326, ,
3, ,324, ,
3, ,325, ,
1, ,325, ,
4, ,324, ,
1, ,324, ,
1, ,325, ,
4, ,324, ,
3, ,325, ,
1, ,324, ,
4, ,325, ,
1, ,325, ,
1, ,325, ,
4, ,324, ,
3, ,325, ,
1, ,325, ,
4, ,325, ,
1, ,324, ,
1, ,325, ,
4, ,324, ,
3, ,325, ,
1, ,324, ,
4, ,324, ,
1, ,324, ,
1, ,327, ,
3, ,323, ,
3, ,325, ,
1, ,325, ,
4, ,325, ,
1, ,324, ,
1, ,325, ,
3, ,324, ,
3, ,325, ,
1, ,323, ,
4, ,325, ,
3, ,324, ,
1, ,326, ,
3, ,323, ,
3, ,325, ,
1, ,325, ,
3, ,325, ,
1, ,323, ,
1, ,326, ,
3, ,324, ,
3, ,326, ,
1, ,324, ,
4, ,325, ,
1, ,325, ,
1, ,326, ,
4, ,323, ,
3, ,325, ,
1, ,324, ,
3, ,324, ,
1, ,324, ,
1, ,326, ,
3, ,324, ,
3, ,325, ,
1, ,324, ,
4, ,324, ,
1, ,325, ,
1, ,326, ,
3, ,323, ,
3, ,325, ,
1, ,325, ,
4, ,325, ,
1, ,324, ,
1, ,325, ,
3, ,324, ,
3, ,325, ,
1, ,324, ,
4, ,324, ,
1, ,323, ,
1, ,326, ,
4, ,324, ,
3, ,325, ,
1, ,325, ,
3, ,325, ,
1, ,324, ,
1, ,325, ,
3, ,324, ,
3, ,326, ,
1, ,324, ,
4, ,324, ,
1, ,324, ,
1, ,326, ,
3, ,323, ,
3, ,325, ,
1, ,324, ,
4, ,325, ,
1, ,324, ,
1, ,324, ,
3, ,324, ,
3, ,325, ,
0, ,324, ,
4, ,324, ,
1, ,325, ,
1, ,327, ,
4, ,324, ,
3, ,325, ,
1, ,325, ,
4, ,325, ,
1, ,324, ,
1, ,326, ,
3, ,324, ,
3, ,325, ,
1, ,324, ,
4, ,324, ,
1, ,324, ,
1, ,327, ,
3, ,323, ,
1, ,325, ,
1, ,324, ,
3, ,325, ,
1, ,324, ,
1, ,325, ,
3, ,324, ,
3, ,325, ,
0, ,324, ,
4, ,324, ,
1, ,325, ,
1, ,326, ,
3, ,324, ,
3, ,325, ,
0, ,325, ,
3, ,325, ,
1, ,323, ,
1, ,325, ,
3, ,324, ,
3, ,325, ,
0, ,323, ,
3, ,324, ,
1, ,324, ,
1, ,325, ,
3, ,323, ,
3, ,325, ,
1, ,325, ,
3, ,325, ,
1, ,324, ,
1, ,325, ,
3, ,323, ,
3, ,325, ,
0, ,323, ,
4, ,323, ,
1, ,323, ,
1, ,325, ,
3, ,324, ,
1, ,327, ,
0, ,328, ,
3, ,327, ,
1, ,323, ,
1, ,323, ,
3, ,320, ,
3, ,325, ,
0, ,324, ,
3, ,325, ,
1, ,324, ,
1, ,325, ,
4, ,323, ,
3, ,325, ,
0, ,325, ,
3, ,325, ,
1, ,324, ,
1, ,325, ,
3, ,323, ,
1, ,325, ,
0, ,324, ,
3, ,325, ,
1, ,325, ,
1, ,326, ,
3, ,323, ,
3, ,323, ,
0, ,323, ,
3, ,324, ,
1, ,324, ,
1, ,325, ,
3, ,323, ,
3, ,324, ,
0, ,323, ,
3, ,323, ,
1, ,324, ,
1, ,325, ,
4, ,323, ,
3, ,324, ,
0, ,325, ,
3, ,325, ,
1, ,324, ,
1, ,325, ,
3, ,324, ,
3, ,325, ,
0, ,324, ,
3, ,325, ,
1, ,324, ,
1, ,326, ,
3, ,323, ,
3, ,325, ,
0, ,325, ,
3, ,325, ,
1, ,324, ,
1, ,325, ,
3, ,324, ,
3, ,324, ,
0, ,324, ,
3, ,324, ,
1, ,324, ,
1, ,325, ,
3, ,323, ,
3, ,325, ,
0, ,324, ,
3, ,324, ,
1, ,324, ,
1, ,325, ,
3, ,323, ,
1, ,324, ,
0, ,325, ,
3, ,325, ,
1, ,325, ,
0, ,326, ,
3, ,324, ,
3, ,325, ,
0, ,324, ,
3, ,325, ,
1, ,324, ,
1, ,326, ,
3, ,324, ,
3, ,327, ,
0, ,324, ,
3, ,324, ,
1, ,324, ,
1, ,325, ,
3, ,323, ,
3, ,324, ,
0, ,324, ,
3, ,325, ,
1, ,323, ,
1, ,325, ,
3, ,323, ,
1, ,325, ,
0, ,323, ,
3, ,324, ,
1, ,323, ,
1, ,326, ,
3, ,323, ,
1, ,325, ,
0, ,325, ,
3, ,325, ,
1, ,324, ,
1, ,324, ,
3, ,324, ,
1, ,324, ,
0, ,324, ,
3, ,325, ,
1, ,325, ,
0, ,327, ,
3, ,324, ,
1, ,325, ,
0, ,325, ,
3, ,324, ,
0, ,324, ,
1, ,325, ,
3, ,324, ,
1, ,327, ,
0, ,325, ,
3, ,325, ,
1, ,324, ,
1, ,326, ,
3, ,323, ,
1, ,325, ,
0, ,325, ,
3, ,325, ,
1, ,324, ,
1, ,326, ,
3, ,325, ,
1, ,326, ,
0, ,324, ,
3, ,324, ,
1, ,325, ,
1, ,326, ,
3, ,324, ,
1, ,325, ,
0, ,324, ,
3, ,325, ,
1, ,324, ,
1, ,325, ,
3, ,324, ,
3, ,325, ,
0, ,324, ,
4, ,325, ,
1, ,325, ,
1, ,326, ,
3, ,325, ,
1, ,326, ,
0, ,325, ,
3, ,324, ,
1, ,324, ,
1, ,326, ,
3, ,324, ,
1, ,325, ,
0, ,324, ,
3, ,323, ,
1, ,323, ,
1, ,324, ,
3, ,323, ,
1, ,325, ,
0, ,324, ,
3, ,325, ,
1, ,324, ,
1, ,326, ,
3, ,325, ,
1, ,325, ,
0, ,325, ,
3, ,324, ,
0, ,325, ,
1, ,326, ,
3, ,323, ,
1, ,325, ,
0, ,323, ,
3, ,325, ,
1, ,323, ,
1, ,326, ,
3, ,325, ,
1, ,325, ,
0, ,324, ,
3, ,324, ,
1, ,324, ,
1, ,325, ,
3, ,324, ,
1, ,325, ,
0, ,325, ,
3, ,325, ,
0, ,324, ,
1, ,325, ,
3, ,325, ,
1, ,325, ,
0, ,324, ,
3, ,324, ,
1, ,325, ,
0, ,327, ,
3, ,324, ,
1, ,325, ,
0, ,324, ,
3, ,325, ,
0, ,325, ,
1, ,325, ,
3, ,325, ,
1, ,325, ,
0, ,323, ,
3, ,325, ,
0, ,325, ,
0, ,326, ,
3, ,323, ,
1, ,325, ,
0, ,325, ,
3, ,325, ,
0, ,324, ,
0, ,325, ,
1, ,324, ,
1, ,324, ,
0, ,324, ,
3, ,324, ,
1, ,325, ,
0, ,325, ,
3, ,324, ,
1, ,325, ,
0, ,325, ,
3, ,325, ,
0, ,324, ,
0, ,325, ,
3, ,324, ,
1, ,325, ,
0, ,324, ,
3, ,325, ,
1, ,325, ,
1, ,326, ,
3, ,323, ,
1, ,324, ,
0, ,325, ,
3, ,325, ,
0, ,324, ,
0, ,325, ,
3, ,324, ,
1, ,325, ,
0, ,324, ,
3, ,325, ,
0, ,325, ,
0, ,327, ,
3, ,324, ,
1, ,326, ,
0, ,325, ,
3, ,325, ,
0, ,324, ,
0, ,327, ,
3, ,324, ,
1, ,324, ,
0, ,324, ,
3, ,324, ,
1, ,324, ,
0, ,326, ,
3, ,323, ,
1, ,325, ,
0, ,324, ,
3, ,325, ,
0, ,324, ,
1, ,325, ,
1, ,324, ,
1, ,326, ,
0, ,324, ,
3, ,324, ,
1, ,325, ,
0, ,325, ,
3, ,323, ,
1, ,324, ,
0, ,324, ,
3, ,323, ,
0, ,324, ,
0, ,324, ,
3, ,325, ,
1, ,325, ,
0, ,324, ,
3, ,325, ,
1, ,324, ,
0, ,326, ,
3, ,323, ,
1, ,324, ,
0, ,323, ,
3, ,325, ,
0, ,324, ,
0, ,325, ,
1, ,323, ,
1, ,326, ,
0, ,324, ,
3, ,325, ,
0, ,324, ,
0, ,326, ,
3, ,323, ,
1, ,325, ,
0, ,326, ,
3, ,325, ,
0, ,324, ,
0, ,325, ,
3, ,325, ,
1, ,326, ,
0, ,324, ,
3, ,325, ,
1, ,324, ,
0, ,327, ,
3, ,324, ,
1, ,324, ,
0, ,324, ,
3, ,324, ,
0, ,324, ,
0, ,326, ,
1, ,324, ,
1, ,325, ,
0, ,324, ,
3, ,324, ,
1, ,324, ,
1, ,326, ,
3, ,324, ,
1, ,324, ,
0, ,324, ,
3, ,324, ,
1, ,324, ,
1, ,325, ,
3, ,324, ,
1, ,325, ,
-1, ,324, ,
3, ,325, ,
0, ,324, ,
0, ,326, ,
3, ,324, ,
1, ,324, ,
0, ,325, ,
3, ,324, ,
0, ,324, ,
0, ,326, ,
3, ,324, ,
1, ,325, ,
0, ,323, ,
3, ,324, ,
0, ,324, ,
0, ,326, ,
3, ,324, ,
1, ,324, ,
0, ,325, ,
3, ,325, ,
0, ,324, ,
0, ,325, ,
3, ,324, ,
1, ,325, ,
0, ,324, ,
3, ,324, ,
0, ,325, ,
0, ,325, ,
3, ,324, ,
1, ,325, ,
0, ,325, ,
3, ,325, ,
0, ,325, ,
0, ,325, ,
3, ,324, ,
1, ,325, ,
0, ,324, ,
3, ,325, ,
0, ,325, ,
0, ,325, ,
3, ,323, ,
1, ,325, ,
0, ,324, ,
3, ,324, ,
0, ,324, ,
0, ,326, ,
3, ,324, ,
1, ,326, ,
0, ,324, ,
3, ,325, ,
0, ,324, ,
0, ,325, ,
3, ,324, ,
1, ,324, ,
0, ,325, ,
3, ,325, ,
0, ,324, ,
0, ,325, ,
3, ,324, ,
1, ,325, ,
0, ,324, ,
3, ,324, ,
0, ,324, ,
0, ,325, ,
3, ,324, ,
1, ,325, ,
0, ,325, ,
3, ,325, ,
0, ,325, ,
0, ,325, ,
3, ,323, ,
1, ,324, ,
0, ,324, ,
3, ,323, ,
0, ,324, ,
0, ,327, ,
3, ,323, ,
1, ,325, ,
0, ,324, ,
3, ,324, ,
0, ,324, ,
0, ,325, ,
3, ,325, ,
1, ,325, ,
-1, ,324, ,
3, ,324, ,
0, ,324, ,
0, ,326, ,
3, ,323, ,
1, ,324, ,
0, ,325, ,
3, ,325, ,
0, ,324, ,
0, ,326, ,
3, ,324, ,
1, ,325, ,
0, ,324, ,
3, ,324, ,
0, ,325, ,
0, ,325, ,
3, ,323, ,
1, ,325, ,
0, ,325, ,
3, ,325, ,
0, ,324, ,
1, ,325, ,
3, ,324, ,
1, ,325, ,
0, ,323, ,
3, ,324, ,
0, ,325, ,
0, ,326, ,
3, ,324, ,
1, ,324, ,
0, ,325, ,
3, ,325, ,
0, ,324, ,
0, ,325, ,
3, ,324, ,
1, ,325, ,
-1, ,323, ,
3, ,325, ,
0, ,324, ,
0, ,326, ,
3, ,323, ,
1, ,325, ,
0, ,325, ,
3, ,324, ,
0, ,324, ,
0, ,325, ,
1, ,324, ,
1, ,325, ,
0, ,324, ,
3, ,323, ,
0, ,324, ,
0, ,325, ,
3, ,324, ,
1, ,324, ,
0, ,324, ,
1, ,325, ,
0, ,324, ,
0, ,326, ,
1, ,324, ,
1, ,325, ,
-1, ,323, ,
3, ,325, ,
0, ,325, ,
0, ,325, ,
1, ,324, ,
1, ,324, ,
0, ,325, ,
3, ,324, ,
0, ,324, ,
0, ,325, ,
3, ,324, ,
1, ,325, ,
0, ,324, ,
3, ,324, ,
0, ,325, ,
0, ,326, ,
3, ,323, ,
1, ,324, ,
0, ,324, ,
3, ,325, ,
0, ,324, ,
0, ,326, ,
1, ,325, ,
1, ,326, ,
0, ,323, ,
3, ,324, ,
0, ,324, ,
0, ,325, ,
1, ,323, ,
1, ,325, ,
0, ,325, ,
3, ,325, ,
0, ,324, ,
0, ,326, ,
1, ,325, ,
1, ,324, ,
0, ,323, ,
3, ,323, ,
0, ,325, ,
0, ,326, ,
3, ,324, ,
1, ,325, ,
0, ,324, ,
3, ,324, ,
0, ,323, ,
0, ,325, ,
1, ,324, ,
1, ,325, ,
0, ,324, ,
3, ,325, ,
0, ,325, ,
0, ,325, ,
3, ,324, ,
1, ,324, ,
0, ,324, ,
3, ,325, ,
0, ,324, ,
0, ,325, ,
3, ,324, ,
1, ,325, ,
-1, ,324, ,
3, ,323, ,
0, ,324, ,
0, ,325, ,
1, ,324, ,
1, ,325, ,
0, ,325, ,
3, ,325, ,
0, ,324, ,
0, ,325, ,
3, ,324, ,
1, ,325, ,
0, ,324, ,
3, ,324, ,
0, ,324, ,
0, ,327, ,
1, ,323, ,
1, ,325, ,
0, ,325, ,
1, ,324, ,
0, ,323, ,
0, ,325, ,
1, ,324, ,
1, ,325, ,
-1, ,324, ,
3, ,324, ,
0, ,324, ,
0, ,326, ,
1, ,323, ,
1, ,324, ,
0, ,324, ,
3, ,324, ,
0, ,324, ,
0, ,325, ,
3, ,324, ,
1, ,325, ,
-1, ,323, ,
3, ,324, ,
0, ,324, ,
0, ,327, ,
3, ,323, ,
1, ,325, ,
0, ,325, ,
3, ,325, ,
0, ,325, ,
0, ,325, ,
1, ,324, ,
1, ,325, ,
0, ,324, ,
3, ,324, ,
0, ,325, ,
0, ,326, ,
3, ,323, ,
1, ,325, ,
-1, ,325, ,
3, ,324, ,
0, ,324, ,
0, ,325, ,
3, ,324, ,
1, ,325, ,
-1, ,324, ,
3, ,324, ,
0, ,323, ,
0, ,325, ,
3, ,324, ,
1, ,325, ,
0, ,325, ,
3, ,324, ,
0, ,324, ,
0, ,327, ,
1, ,323, ,
1, ,324, ,
-1, ,324, ,
3, ,324, ,
0, ,325, ,
0, ,325, ,
1, ,323, ,
1, ,324, ,
0, ,325, ,
3, ,324, ,
0, ,324, ,
0, ,325, ,
1, ,325, ,
1, ,327, ,
-1, ,324, ,
3, ,323, ,
0, ,325, ,
0, ,325, ,
1, ,324, ,
1, ,324, ,
0, ,324, ,
3, ,325, ,
0, ,324, ,
0, ,325, ,
1, ,324, ,
1, ,325, ,
-1, ,325, ,
3, ,325, ,
0, ,324, ,
0, ,325, ,
1, ,323, ,
1, ,325, ,
0, ,324, ,
1, ,324, ,
0, ,324, ,
0, ,327, ,
3, ,323, ,
1, ,316, ,
-1, ,323, ,
3, ,331, ,
0, ,329, ,
0, ,324, ,
1, ,319, ,
1, ,325, ,
0, ,325, ,
3, ,324, ,
0, ,323, ,
0, ,327, ,
3, ,324, ,
1, ,325, ,
-1, ,324, ,
3, ,325, ,
0, ,325, ,
0, ,326, ,
3, ,324, ,
1, ,325, ,
0, ,324, ,
3, ,325, ,
0, ,324, ,
0, ,325, ,
3, ,324, ,
1, ,325, ,
0, ,323, ,
3, ,323, ,
0, ,325, ,
0, ,325, ,
3, ,324, ,
1, ,325, ,
0, ,325, ,
3, ,324, ,
0, ,323, ,
0, ,325, ,
3, ,323, ,
1, ,326, ,
0, ,324, ,
3, ,325, ,
0, ,324, ,
0, ,325, ,
3, ,324, ,
1, ,324, ,
0, ,325, ,
3, ,324, ,
0, ,323, ,
0, ,325, ,
1, ,324, ,
1, ,325, ,
-1, ,324, ,
3, ,325, ,
0, ,323, ,
0, ,325, ,
1, ,323, ,
1, ,325, ,
0, ,324, ,
3, ,324, ,
0, ,324, ,
0, ,325, ,
1, ,324, ,
1, ,325, ,
-1, ,323, ,
3, ,325, ,
0, ,324, ,
0, ,324, ,
1, ,323, ,
1, ,324, ,
0, ,324, ,
3, ,325, ,
0, ,324, ,
0, ,325, ,
1, ,324, ,
1, ,326, ,
-1, ,325, ,
3, ,325, ,
0, ,324, ,
0, ,325, ,
1, ,323, ,
1, ,325, ,
0, ,325, ,
1, ,324, ,
0, ,324, ,
1, ,325, ,
1, ,324, ,
1, ,326, ,
0, ,324, ,
3, ,323, ,
0, ,323, ,
0, ,325, ,
1, ,323, ,
1, ,325, ,
0, ,323, ,
3, ,323, ,
0, ,323, ,
0, ,326, ,
1, ,324, ,
1, ,325, ,
-1, ,323, ,
3, ,324, ,
0, ,323, ,
0, ,325, ,
3, ,323, ,
0, ,324, ,
0, ,324, ,
3, ,325, ,
0, ,324, ,
0, ,324, ,
1, ,323, ,
1, ,325, ,
-1, ,325, ,
1, ,326, ,
0, ,324, ,
0, ,325, ,
1, ,323, ,
1, ,325, ,
0, ,325, ,
1, ,325, ,
0, ,325, ,
0, ,325, ,
3, ,324, ,
1, ,325, ,
0, ,324, ,
3, ,324, ,
0, ,323, ,
0, ,326, ,
3, ,323, ,
1, ,325, ,
0, ,325, ,
1, ,325, ,
0, ,324, ,
0, ,325, ,
