Format,1.0B,
Memory Length,10000,Memory Length,10000,
IntpDistance,0,IntpDistance,0,
Trigger Address,5159,Trigger Address,5159,
Trigger Level,3.000E-01,Trigger Level,3.000E-01,
Source,CH1,Source,CH2,
Vertical Units,V,Vertical Units,V,
Vertical Units Div,0,Vertical Units Div,0,
Vertical Units Extend Div,16,Vertical Units Extend Div,16,
Label,,Label,,
Probe Type,0,Probe Type,0,
Probe Ratio,1.000e+01,Probe Ratio,1.000e+00,
Vertical Scale,5.000e-01,Vertical Scale,2.000e-01,
Vertical Position,-1.780e+00,Vertical Position,-2.240e+00,
Horizontal Units,S,Horizontal Units,S,
Horizontal Scale,2.000E-05,Horizontal Scale,2.000E-05,
Horizontal Position,-3.200E-06,Horizontal Position,-3.200E-06,
Horizontal Mode,Main,Horizontal Mode,Main,
SincET Mode,Real Time,SincET Mode,Real Time,
Sampling Period,2.000e-08,Sampling Period,2.000e-08,
Horizontal Old Scale,2.000E-05,Horizontal Old Scale,2.000E-05,
Horizontal Old Position,-3.200E-06,Horizontal Old Position,-3.200E-06,
Firmware,V1.23,Firmware,V1.23,
Mode,Fast,Mode,Fast,
Waveform Data,,Waveform Data,,
1, ,269, ,
1, ,269, ,
0, ,269, ,
1, ,269, ,
0, ,269, ,
1, ,270, ,
1, ,269, ,
1, ,269, ,
0, ,269, ,
1, ,270, ,
1, ,267, ,
1, ,269, ,
1, ,269, ,
1, ,270, ,
0, ,269, ,
1, ,270, ,
1, ,269, ,
1, ,270, ,
1, ,269, ,
1, ,270, ,
0, ,269, ,
1, ,270, ,
1, ,269, ,
1, ,269, ,
1, ,269, ,
1, ,271, ,
0, ,269, ,
1, ,270, ,
0, ,269, ,
1, ,270, ,
1, ,269, ,
1, ,269, ,
0, ,269, ,
3, ,270, ,
1, ,269, ,
1, ,269, ,
1, ,269, ,
1, ,270, ,
0, ,269, ,
1, ,269, ,
1, ,269, ,
1, ,270, ,
1, ,269, ,
1, ,270, ,
0, ,269, ,
1, ,270, ,
1, ,269, ,
1, ,269, ,
1, ,269, ,
1, ,270, ,
0, ,269, ,
1, ,270, ,
1, ,269, ,
1, ,269, ,
1, ,269, ,
1, ,271, ,
0, ,270, ,
3, ,269, ,
1, ,269, ,
1, ,269, ,
1, ,269, ,
1, ,270, ,
0, ,269, ,
1, ,269, ,
0, ,269, ,
1, ,270, ,
1, ,269, ,
1, ,269, ,
0, ,269, ,
1, ,270, ,
0, ,270, ,
1, ,269, ,
1, ,269, ,
1, ,269, ,
0, ,269, ,
3, ,269, ,
1, ,270, ,
1, ,269, ,
1, ,269, ,
1, ,269, ,
0, ,269, ,
1, ,269, ,
1, ,269, ,
1, ,269, ,
1, ,271, ,
1, ,271, ,
0, ,269, ,
3, ,269, ,
0, ,269, ,
1, ,270, ,
1, ,269, ,
1, ,270, ,
0, ,270, ,
1, ,271, ,
1, ,271, ,
1, ,271, ,
1, ,269, ,
1, ,270, ,
0, ,269, ,
1, ,269, ,
0, ,270, ,
1, ,270, ,
1, ,269, ,
1, ,271, ,
0, ,271, ,
1, ,270, ,
1, ,270, ,
0, ,270, ,
1, ,270, ,
1, ,270, ,
0, ,270, ,
1, ,271, ,
0, ,271, ,
1, ,270, ,
1, ,269, ,
1, ,269, ,
0, ,269, ,
1, ,270, ,
1, ,270, ,
1, ,270, ,
1, ,270, ,
1, ,271, ,
0, ,270, ,
1, ,271, ,
1, ,270, ,
1, ,270, ,
1, ,269, ,
1, ,270, ,
0, ,270, ,
1, ,270, ,
1, ,270, ,
1, ,270, ,
1, ,270, ,
1, ,269, ,
0, ,269, ,
3, ,271, ,
0, ,270, ,
0, ,270, ,
1, ,269, ,
1, ,270, ,
0, ,270, ,
1, ,270, ,
1, ,269, ,
1, ,271, ,
1, ,270, ,
1, ,271, ,
0, ,270, ,
1, ,270, ,
1, ,269, ,
1, ,270, ,
1, ,270, ,
1, ,270, ,
0, ,270, ,
1, ,270, ,
0, ,270, ,
1, ,270, ,
1, ,270, ,
3, ,270, ,
0, ,269, ,
1, ,270, ,
1, ,269, ,
0, ,270, ,
1, ,269, ,
1, ,269, ,
0, ,270, ,
1, ,271, ,
1, ,270, ,
1, ,271, ,
1, ,270, ,
1, ,270, ,
0, ,270, ,
1, ,271, ,
1, ,269, ,
1, ,270, ,
1, ,270, ,
1, ,269, ,
0, ,270, ,
3, ,271, ,
1, ,270, ,
1, ,269, ,
1, ,269, ,
1, ,270, ,
0, ,269, ,
3, ,270, ,
1, ,270, ,
1, ,270, ,
1, ,269, ,
1, ,270, ,
0, ,269, ,
1, ,271, ,
1, ,269, ,
1, ,270, ,
1, ,270, ,
1, ,270, ,
0, ,269, ,
1, ,269, ,
1, ,269, ,
1, ,271, ,
1, ,270, ,
1, ,270, ,
0, ,269, ,
3, ,270, ,
1, ,270, ,
1, ,270, ,
1, ,269, ,
1, ,270, ,
0, ,270, ,
3, ,271, ,
1, ,269, ,
1, ,270, ,
1, ,269, ,
1, ,270, ,
0, ,269, ,
1, ,270, ,
1, ,269, ,
1, ,270, ,
1, ,269, ,
1, ,271, ,
0, ,269, ,
1, ,270, ,
1, ,270, ,
1, ,270, ,
1, ,270, ,
1, ,270, ,
0, ,269, ,
3, ,270, ,
1, ,270, ,
1, ,270, ,
1, ,270, ,
1, ,270, ,
0, ,270, ,
1, ,270, ,
0, ,270, ,
1, ,271, ,
1, ,269, ,
1, ,271, ,
0, ,269, ,
3, ,271, ,
1, ,269, ,
0, ,270, ,
1, ,270, ,
1, ,269, ,
0, ,270, ,
1, ,269, ,
1, ,270, ,
1, ,271, ,
1, ,270, ,
1, ,271, ,
0, ,270, ,
3, ,270, ,
1, ,269, ,
1, ,270, ,
1, ,269, ,
1, ,271, ,
0, ,270, ,
1, ,271, ,
1, ,270, ,
1, ,271, ,
1, ,270, ,
1, ,270, ,
0, ,270, ,
1, ,271, ,
1, ,270, ,
1, ,270, ,
1, ,270, ,
1, ,270, ,
0, ,269, ,
1, ,270, ,
1, ,269, ,
1, ,271, ,
1, ,269, ,
1, ,270, ,
0, ,269, ,
1, ,270, ,
0, ,270, ,
1, ,269, ,
1, ,269, ,
1, ,270, ,
0, ,270, ,
1, ,270, ,
1, ,270, ,
1, ,269, ,
1, ,270, ,
1, ,271, ,
0, ,270, ,
1, ,270, ,
1, ,269, ,
1, ,270, ,
1, ,270, ,
1, ,271, ,
0, ,270, ,
1, ,270, ,
1, ,270, ,
1, ,270, ,
1, ,270, ,
1, ,271, ,
0, ,269, ,
1, ,271, ,
1, ,270, ,
1, ,269, ,
1, ,271, ,
1, ,270, ,
0, ,269, ,
1, ,269, ,
0, ,269, ,
1, ,270, ,
1, ,269, ,
1, ,270, ,
0, ,270, ,
1, ,271, ,
0, ,270, ,
0, ,271, ,
1, ,269, ,
1, ,269, ,
0, ,268, ,
1, ,271, ,
1, ,270, ,
1, ,273, ,
1, ,270, ,
1, ,271, ,
0, ,269, ,
1, ,269, ,
1, ,269, ,
1, ,270, ,
1, ,269, ,
1, ,271, ,
0, ,270, ,
1, ,270, ,
0, ,270, ,
1, ,270, ,
1, ,270, ,
1, ,269, ,
0, ,269, ,
1, ,270, ,
0, ,269, ,
1, ,271, ,
1, ,270, ,
1, ,270, ,
0, ,269, ,
1, ,270, ,
0, ,269, ,
1, ,270, ,
1, ,270, ,
1, ,271, ,
0, ,271, ,
3, ,271, ,
1, ,270, ,
0, ,269, ,
1, ,270, ,
1, ,269, ,
0, ,269, ,
3, ,270, ,
0, ,269, ,
1, ,271, ,
1, ,270, ,
1, ,270, ,
0, ,269, ,
1, ,270, ,
1, ,269, ,
1, ,271, ,
1, ,269, ,
1, ,270, ,
0, ,270, ,
1, ,271, ,
1, ,270, ,
1, ,270, ,
1, ,269, ,
1, ,269, ,
0, ,269, ,
3, ,270, ,
1, ,269, ,
1, ,270, ,
1, ,269, ,
1, ,270, ,
0, ,269, ,
1, ,270, ,
1, ,269, ,
1, ,270, ,
1, ,269, ,
1, ,269, ,
0, ,270, ,
1, ,271, ,
1, ,269, ,
1, ,269, ,
1, ,269, ,
3, ,271, ,
0, ,270, ,
3, ,271, ,
1, ,269, ,
1, ,270, ,
1, ,270, ,
1, ,270, ,
0, ,269, ,
1, ,270, ,
1, ,269, ,
1, ,270, ,
1, ,271, ,
1, ,270, ,
0, ,269, ,
1, ,269, ,
1, ,269, ,
1, ,270, ,
1, ,269, ,
1, ,270, ,
0, ,270, ,
1, ,270, ,
1, ,270, ,
1, ,270, ,
1, ,269, ,
1, ,270, ,
0, ,269, ,
1, ,269, ,
1, ,269, ,
1, ,270, ,
1, ,269, ,
1, ,269, ,
0, ,269, ,
1, ,269, ,
1, ,270, ,
1, ,270, ,
1, ,270, ,
1, ,270, ,
0, ,270, ,
1, ,270, ,
1, ,270, ,
1, ,271, ,
1, ,269, ,
1, ,271, ,
0, ,269, ,
1, ,271, ,
1, ,270, ,
1, ,271, ,
1, ,269, ,
1, ,270, ,
0, ,270, ,
1, ,269, ,
0, ,269, ,
1, ,271, ,
1, ,270, ,
1, ,270, ,
0, ,269, ,
1, ,271, ,
1, ,269, ,
0, ,270, ,
1, ,270, ,
1, ,270, ,
0, ,269, ,
1, ,270, ,
0, ,270, ,
1, ,270, ,
1, ,270, ,
1, ,269, ,
0, ,269, ,
1, ,269, ,
0, ,269, ,
1, ,269, ,
1, ,270, ,
1, ,270, ,
0, ,270, ,
1, ,270, ,
1, ,269, ,
1, ,270, ,
1, ,269, ,
1, ,269, ,
0, ,271, ,
3, ,270, ,
1, ,270, ,
1, ,271, ,
1, ,270, ,
1, ,271, ,
0, ,269, ,
1, ,271, ,
1, ,271, ,
1, ,271, ,
1, ,269, ,
1, ,270, ,
0, ,269, ,
1, ,271, ,
1, ,269, ,
1, ,270, ,
1, ,269, ,
1, ,270, ,
0, ,270, ,
1, ,270, ,
0, ,269, ,
1, ,269, ,
1, ,269, ,
1, ,269, ,
0, ,269, ,
1, ,270, ,
1, ,269, ,
1, ,270, ,
1, ,269, ,
1, ,270, ,
0, ,269, ,
1, ,271, ,
0, ,270, ,
1, ,271, ,
1, ,269, ,
1, ,269, ,
0, ,270, ,
1, ,270, ,
1, ,269, ,
1, ,271, ,
1, ,270, ,
1, ,271, ,
0, ,270, ,
1, ,270, ,
0, ,270, ,
1, ,270, ,
1, ,270, ,
1, ,269, ,
0, ,269, ,
1, ,270, ,
1, ,269, ,
0, ,270, ,
1, ,269, ,
1, ,270, ,
0, ,269, ,
1, ,271, ,
0, ,270, ,
1, ,271, ,
1, ,269, ,
1, ,270, ,
0, ,270, ,
1, ,270, ,
1, ,270, ,
1, ,270, ,
1, ,269, ,
1, ,270, ,
0, ,269, ,
1, ,269, ,
0, ,270, ,
1, ,271, ,
1, ,270, ,
1, ,269, ,
0, ,269, ,
1, ,270, ,
1, ,270, ,
1, ,271, ,
1, ,270, ,
1, ,270, ,
0, ,269, ,
1, ,269, ,
0, ,269, ,
1, ,270, ,
1, ,270, ,
1, ,270, ,
0, ,270, ,
1, ,270, ,
1, ,270, ,
1, ,270, ,
1, ,270, ,
1, ,271, ,
0, ,269, ,
1, ,270, ,
0, ,269, ,
1, ,271, ,
1, ,269, ,
1, ,270, ,
0, ,270, ,
1, ,271, ,
1, ,269, ,
0, ,271, ,
1, ,270, ,
1, ,270, ,
0, ,270, ,
1, ,269, ,
1, ,269, ,
1, ,270, ,
1, ,269, ,
1, ,270, ,
0, ,270, ,
1, ,270, ,
0, ,269, ,
1, ,269, ,
1, ,270, ,
1, ,270, ,
0, ,270, ,
1, ,271, ,
0, ,269, ,
1, ,270, ,
1, ,270, ,
1, ,270, ,
0, ,269, ,
1, ,270, ,
1, ,269, ,
0, ,270, ,
1, ,269, ,
1, ,271, ,
0, ,269, ,
3, ,271, ,
0, ,270, ,
1, ,271, ,
1, ,269, ,
1, ,271, ,
0, ,269, ,
1, ,271, ,
0, ,269, ,
0, ,271, ,
1, ,269, ,
1, ,271, ,
0, ,269, ,
1, ,270, ,
1, ,270, ,
0, ,270, ,
1, ,269, ,
1, ,270, ,
0, ,269, ,
1, ,270, ,
1, ,269, ,
1, ,270, ,
1, ,269, ,
1, ,270, ,
0, ,269, ,
1, ,271, ,
0, ,269, ,
1, ,271, ,
1, ,269, ,
1, ,270, ,
0, ,269, ,
1, ,271, ,
1, ,269, ,
0, ,270, ,
1, ,269, ,
1, ,270, ,
0, ,270, ,
1, ,269, ,
1, ,269, ,
1, ,271, ,
1, ,269, ,
1, ,270, ,
0, ,269, ,
1, ,270, ,
1, ,269, ,
1, ,269, ,
1, ,270, ,
1, ,270, ,
0, ,269, ,
1, ,270, ,
1, ,269, ,
1, ,269, ,
1, ,269, ,
1, ,270, ,
0, ,269, ,
3, ,270, ,
1, ,268, ,
1, ,270, ,
1, ,269, ,
1, ,270, ,
0, ,269, ,
1, ,270, ,
1, ,269, ,
1, ,271, ,
1, ,269, ,
3, ,269, ,
0, ,269, ,
1, ,270, ,
0, ,269, ,
1, ,270, ,
1, ,269, ,
3, ,270, ,
0, ,269, ,
1, ,270, ,
1, ,270, ,
1, ,270, ,
1, ,269, ,
1, ,270, ,
0, ,269, ,
1, ,269, ,
1, ,270, ,
1, ,269, ,
1, ,269, ,
1, ,270, ,
0, ,270, ,
1, ,269, ,
1, ,269, ,
1, ,270, ,
1, ,269, ,
1, ,270, ,
0, ,271, ,
1, ,271, ,
1, ,269, ,
1, ,270, ,
1, ,269, ,
1, ,270, ,
0, ,269, ,
1, ,269, ,
1, ,269, ,
1, ,270, ,
1, ,269, ,
1, ,269, ,
0, ,269, ,
1, ,271, ,
1, ,269, ,
1, ,269, ,
1, ,269, ,
1, ,270, ,
0, ,269, ,
1, ,269, ,
1, ,269, ,
1, ,270, ,
1, ,269, ,
1, ,270, ,
0, ,269, ,
1, ,271, ,
1, ,269, ,
1, ,270, ,
1, ,270, ,
1, ,271, ,
0, ,270, ,
1, ,271, ,
1, ,269, ,
1, ,270, ,
1, ,269, ,
1, ,270, ,
0, ,270, ,
1, ,270, ,
1, ,269, ,
1, ,270, ,
1, ,269, ,
1, ,270, ,
0, ,269, ,
1, ,270, ,
1, ,269, ,
1, ,271, ,
1, ,270, ,
1, ,269, ,
0, ,270, ,
1, ,270, ,
1, ,269, ,
1, ,270, ,
1, ,269, ,
1, ,270, ,
0, ,269, ,
1, ,270, ,
1, ,269, ,
1, ,269, ,
1, ,269, ,
1, ,270, ,
0, ,269, ,
1, ,271, ,
1, ,270, ,
1, ,270, ,
1, ,269, ,
1, ,269, ,
0, ,270, ,
1, ,269, ,
1, ,268, ,
1, ,269, ,
1, ,270, ,
1, ,271, ,
0, ,271, ,
1, ,270, ,
1, ,269, ,
1, ,270, ,
1, ,269, ,
1, ,269, ,
0, ,269, ,
1, ,270, ,
1, ,270, ,
1, ,270, ,
1, ,269, ,
1, ,271, ,
0, ,270, ,
1, ,269, ,
1, ,269, ,
1, ,270, ,
1, ,270, ,
1, ,270, ,
0, ,269, ,
1, ,270, ,
1, ,270, ,
1, ,270, ,
1, ,269, ,
1, ,269, ,
0, ,270, ,
1, ,270, ,
0, ,270, ,
1, ,271, ,
1, ,270, ,
1, ,270, ,
0, ,270, ,
1, ,270, ,
0, ,270, ,
0, ,270, ,
1, ,268, ,
1, ,269, ,
0, ,271, ,
1, ,270, ,
1, ,270, ,
1, ,269, ,
1, ,269, ,
1, ,270, ,
0, ,269, ,
3, ,271, ,
1, ,269, ,
1, ,271, ,
1, ,269, ,
1, ,270, ,
0, ,270, ,
1, ,271, ,
1, ,269, ,
1, ,270, ,
1, ,270, ,
1, ,271, ,
0, ,269, ,
1, ,270, ,
1, ,270, ,
1, ,271, ,
1, ,270, ,
1, ,270, ,
0, ,270, ,
1, ,270, ,
1, ,269, ,
1, ,270, ,
1, ,269, ,
1, ,271, ,
0, ,269, ,
1, ,269, ,
0, ,269, ,
1, ,270, ,
1, ,269, ,
1, ,270, ,
0, ,270, ,
1, ,270, ,
1, ,269, ,
0, ,270, ,
1, ,269, ,
1, ,270, ,
0, ,269, ,
3, ,269, ,
1, ,269, ,
1, ,269, ,
1, ,269, ,
1, ,270, ,
0, ,270, ,
1, ,270, ,
1, ,269, ,
1, ,271, ,
1, ,270, ,
1, ,270, ,
0, ,269, ,
1, ,271, ,
1, ,270, ,
1, ,270, ,
1, ,269, ,
1, ,271, ,
0, ,270, ,
1, ,270, ,
1, ,269, ,
1, ,270, ,
1, ,269, ,
1, ,271, ,
0, ,269, ,
1, ,270, ,
1, ,270, ,
1, ,270, ,
1, ,269, ,
1, ,270, ,
0, ,269, ,
1, ,270, ,
1, ,269, ,
1, ,271, ,
1, ,269, ,
1, ,271, ,
0, ,270, ,
1, ,269, ,
1, ,270, ,
1, ,270, ,
1, ,270, ,
1, ,269, ,
0, ,270, ,
1, ,270, ,
1, ,270, ,
1, ,269, ,
1, ,270, ,
1, ,270, ,
0, ,269, ,
1, ,270, ,
1, ,269, ,
1, ,271, ,
1, ,269, ,
3, ,271, ,
0, ,271, ,
1, ,270, ,
1, ,269, ,
1, ,269, ,
1, ,269, ,
1, ,270, ,
0, ,269, ,
1, ,270, ,
0, ,269, ,
1, ,270, ,
1, ,269, ,
1, ,269, ,
0, ,271, ,
1, ,270, ,
0, ,270, ,
1, ,271, ,
1, ,270, ,
1, ,271, ,
0, ,270, ,
1, ,269, ,
0, ,269, ,
0, ,270, ,
1, ,270, ,
1, ,270, ,
0, ,269, ,
1, ,270, ,
1, ,270, ,
1, ,271, ,
1, ,270, ,
3, ,271, ,
0, ,270, ,
1, ,269, ,
1, ,269, ,
1, ,271, ,
1, ,270, ,
1, ,270, ,
0, ,269, ,
1, ,271, ,
1, ,269, ,
1, ,270, ,
1, ,269, ,
3, ,270, ,
0, ,270, ,
1, ,270, ,
0, ,269, ,
1, ,270, ,
1, ,270, ,
1, ,270, ,
0, ,269, ,
3, ,271, ,
0, ,269, ,
1, ,270, ,
1, ,269, ,
1, ,269, ,
0, ,269, ,
1, ,268, ,
0, ,267, ,
1, ,269, ,
1, ,270, ,
1, ,274, ,
0, ,274, ,
1, ,274, ,
0, ,270, ,
1, ,269, ,
1, ,268, ,
1, ,269, ,
0, ,269, ,
1, ,270, ,
1, ,270, ,
1, ,271, ,
1, ,270, ,
1, ,270, ,
0, ,269, ,
1, ,270, ,
1, ,270, ,
1, ,270, ,
1, ,270, ,
1, ,270, ,
0, ,269, ,
1, ,270, ,
1, ,270, ,
1, ,269, ,
1, ,269, ,
1, ,271, ,
0, ,270, ,
1, ,271, ,
1, ,269, ,
1, ,269, ,
1, ,269, ,
1, ,271, ,
0, ,269, ,
1, ,270, ,
0, ,269, ,
1, ,270, ,
1, ,269, ,
1, ,270, ,
0, ,269, ,
1, ,270, ,
1, ,269, ,
1, ,270, ,
1, ,269, ,
1, ,270, ,
0, ,269, ,
1, ,270, ,
1, ,269, ,
1, ,269, ,
1, ,269, ,
1, ,269, ,
0, ,270, ,
1, ,271, ,
1, ,270, ,
1, ,269, ,
1, ,269, ,
1, ,269, ,
0, ,269, ,
1, ,270, ,
1, ,270, ,
1, ,270, ,
1, ,269, ,
1, ,269, ,
0, ,269, ,
1, ,269, ,
1, ,260, ,
1, ,269, ,
1, ,277, ,
1, ,277, ,
0, ,268, ,
1, ,266, ,
0, ,269, ,
1, ,271, ,
1, ,269, ,
1, ,270, ,
0, ,270, ,
1, ,270, ,
0, ,268, ,
1, ,269, ,
1, ,270, ,
1, ,271, ,
0, ,270, ,
1, ,270, ,
0, ,269, ,
1, ,270, ,
1, ,270, ,
1, ,269, ,
0, ,269, ,
1, ,269, ,
1, ,270, ,
0, ,269, ,
1, ,269, ,
1, ,271, ,
0, ,269, ,
1, ,269, ,
1, ,269, ,
1, ,269, ,
1, ,269, ,
1, ,269, ,
0, ,269, ,
1, ,270, ,
1, ,270, ,
1, ,271, ,
1, ,270, ,
3, ,271, ,
0, ,270, ,
1, ,270, ,
1, ,270, ,
1, ,269, ,
1, ,270, ,
1, ,270, ,
0, ,270, ,
1, ,271, ,
0, ,271, ,
1, ,271, ,
1, ,270, ,
1, ,270, ,
0, ,270, ,
1, ,270, ,
1, ,270, ,
1, ,270, ,
1, ,270, ,
1, ,270, ,
0, ,271, ,
3, ,271, ,
1, ,270, ,
1, ,270, ,
1, ,269, ,
1, ,271, ,
0, ,270, ,
1, ,271, ,
0, ,270, ,
1, ,270, ,
1, ,269, ,
1, ,270, ,
0, ,269, ,
1, ,270, ,
0, ,269, ,
1, ,270, ,
1, ,270, ,
1, ,271, ,
0, ,270, ,
1, ,271, ,
1, ,270, ,
1, ,270, ,
1, ,270, ,
1, ,269, ,
0, ,270, ,
1, ,271, ,
0, ,270, ,
1, ,270, ,
1, ,270, ,
1, ,271, ,
0, ,269, ,
1, ,270, ,
0, ,270, ,
1, ,271, ,
1, ,269, ,
1, ,271, ,
0, ,270, ,
1, ,271, ,
1, ,270, ,
1, ,270, ,
1, ,270, ,
1, ,271, ,
0, ,270, ,
3, ,269, ,
1, ,269, ,
1, ,269, ,
1, ,270, ,
1, ,270, ,
0, ,271, ,
1, ,270, ,
0, ,270, ,
1, ,271, ,
1, ,269, ,
1, ,270, ,
0, ,270, ,
1, ,270, ,
0, ,270, ,
1, ,271, ,
1, ,270, ,
1, ,269, ,
0, ,271, ,
1, ,270, ,
1, ,270, ,
1, ,271, ,
1, ,270, ,
1, ,270, ,
0, ,270, ,
1, ,270, ,
1, ,270, ,
1, ,270, ,
1, ,269, ,
1, ,270, ,
0, ,270, ,
1, ,270, ,
1, ,269, ,
1, ,271, ,
1, ,269, ,
1, ,270, ,
0, ,269, ,
1, ,269, ,
1, ,270, ,
1, ,270, ,
1, ,269, ,
1, ,271, ,
0, ,270, ,
3, ,270, ,
1, ,270, ,
1, ,269, ,
1, ,269, ,
1, ,270, ,
0, ,269, ,
1, ,270, ,
1, ,270, ,
1, ,271, ,
1, ,269, ,
1, ,270, ,
0, ,269, ,
1, ,270, ,
1, ,269, ,
0, ,270, ,
0, ,270, ,
1, ,271, ,
0, ,270, ,
1, ,270, ,
1, ,269, ,
1, ,270, ,
1, ,270, ,
1, ,270, ,
0, ,270, ,
1, ,270, ,
0, ,269, ,
1, ,270, ,
1, ,270, ,
1, ,270, ,
0, ,270, ,
1, ,271, ,
1, ,269, ,
0, ,269, ,
1, ,269, ,
1, ,269, ,
0, ,271, ,
1, ,271, ,
0, ,270, ,
1, ,271, ,
1, ,270, ,
1, ,271, ,
0, ,270, ,
1, ,270, ,
1, ,269, ,
1, ,270, ,
1, ,270, ,
1, ,270, ,
0, ,271, ,
1, ,270, ,
1, ,270, ,
1, ,271, ,
1, ,271, ,
1, ,270, ,
0, ,270, ,
1, ,270, ,
1, ,269, ,
1, ,270, ,
1, ,270, ,
1, ,271, ,
0, ,270, ,
3, ,270, ,
1, ,270, ,
1, ,270, ,
1, ,270, ,
3, ,270, ,
0, ,270, ,
1, ,270, ,
1, ,270, ,
1, ,270, ,
1, ,269, ,
1, ,269, ,
0, ,270, ,
1, ,270, ,
1, ,269, ,
1, ,270, ,
1, ,270, ,
1, ,271, ,
0, ,270, ,
1, ,270, ,
1, ,270, ,
1, ,270, ,
3, ,269, ,
1, ,270, ,
0, ,270, ,
3, ,270, ,
1, ,270, ,
1, ,269, ,
1, ,270, ,
1, ,271, ,
0, ,270, ,
1, ,270, ,
1, ,270, ,
1, ,271, ,
1, ,270, ,
1, ,271, ,
0, ,270, ,
1, ,271, ,
1, ,269, ,
1, ,270, ,
1, ,269, ,
1, ,271, ,
0, ,269, ,
3, ,271, ,
1, ,270, ,
1, ,270, ,
1, ,269, ,
1, ,271, ,
0, ,270, ,
1, ,270, ,
1, ,269, ,
1, ,271, ,
1, ,271, ,
1, ,271, ,
0, ,269, ,
1, ,269, ,
1, ,270, ,
1, ,270, ,
1, ,269, ,
1, ,269, ,
0, ,269, ,
1, ,271, ,
1, ,269, ,
1, ,270, ,
1, ,269, ,
1, ,269, ,
0, ,270, ,
3, ,269, ,
1, ,270, ,
1, ,271, ,
1, ,270, ,
1, ,270, ,
0, ,271, ,
3, ,271, ,
1, ,269, ,
1, ,270, ,
1, ,270, ,
3, ,271, ,
0, ,270, ,
1, ,271, ,
1, ,270, ,
1, ,270, ,
1, ,270, ,
1, ,270, ,
0, ,271, ,
3, ,270, ,
1, ,270, ,
1, ,271, ,
1, ,270, ,
1, ,270, ,
0, ,270, ,
1, ,270, ,
1, ,270, ,
1, ,271, ,
1, ,269, ,
1, ,270, ,
0, ,270, ,
1, ,269, ,
1, ,270, ,
1, ,269, ,
1, ,271, ,
1, ,270, ,
0, ,270, ,
1, ,269, ,
0, ,270, ,
1, ,270, ,
1, ,269, ,
1, ,270, ,
0, ,271, ,
1, ,270, ,
1, ,269, ,
1, ,271, ,
1, ,271, ,
1, ,271, ,
0, ,270, ,
1, ,270, ,
1, ,270, ,
1, ,270, ,
1, ,269, ,
1, ,271, ,
0, ,270, ,
1, ,269, ,
1, ,270, ,
1, ,271, ,
1, ,270, ,
1, ,271, ,
0, ,270, ,
1, ,271, ,
1, ,269, ,
1, ,270, ,
1, ,269, ,
1, ,269, ,
0, ,270, ,
1, ,271, ,
1, ,269, ,
1, ,270, ,
1, ,271, ,
1, ,270, ,
0, ,270, ,
1, ,271, ,
1, ,269, ,
1, ,270, ,
1, ,269, ,
1, ,270, ,
0, ,271, ,
1, ,270, ,
0, ,269, ,
1, ,270, ,
1, ,270, ,
1, ,270, ,
0, ,269, ,
1, ,271, ,
1, ,269, ,
1, ,271, ,
1, ,269, ,
1, ,270, ,
0, ,270, ,
1, ,270, ,
1, ,269, ,
1, ,271, ,
1, ,269, ,
1, ,270, ,
0, ,269, ,
1, ,270, ,
1, ,270, ,
1, ,270, ,
1, ,269, ,
1, ,269, ,
0, ,270, ,
1, ,270, ,
0, ,269, ,
1, ,271, ,
1, ,270, ,
1, ,270, ,
0, ,269, ,
1, ,270, ,
0, ,269, ,
1, ,270, ,
1, ,269, ,
1, ,270, ,
0, ,269, ,
1, ,270, ,
1, ,269, ,
0, ,269, ,
1, ,270, ,
1, ,271, ,
0, ,269, ,
1, ,271, ,
1, ,270, ,
1, ,271, ,
1, ,270, ,
1, ,270, ,
0, ,269, ,
1, ,270, ,
1, ,270, ,
1, ,270, ,
1, ,270, ,
1, ,270, ,
0, ,270, ,
1, ,271, ,
1, ,269, ,
1, ,270, ,
1, ,269, ,
1, ,270, ,
0, ,270, ,
1, ,270, ,
1, ,269, ,
1, ,271, ,
1, ,269, ,
1, ,270, ,
0, ,268, ,
1, ,270, ,
1, ,269, ,
1, ,271, ,
1, ,270, ,
1, ,271, ,
0, ,269, ,
1, ,270, ,
1, ,270, ,
1, ,269, ,
1, ,269, ,
1, ,271, ,
0, ,270, ,
1, ,270, ,
0, ,270, ,
1, ,271, ,
1, ,269, ,
1, ,270, ,
0, ,269, ,
1, ,270, ,
1, ,269, ,
1, ,270, ,
1, ,269, ,
1, ,270, ,
0, ,269, ,
1, ,271, ,
1, ,270, ,
1, ,271, ,
1, ,270, ,
1, ,269, ,
0, ,271, ,
1, ,270, ,
1, ,269, ,
1, ,269, ,
1, ,270, ,
1, ,270, ,
0, ,269, ,
1, ,270, ,
1, ,270, ,
1, ,271, ,
1, ,269, ,
1, ,270, ,
0, ,269, ,
1, ,269, ,
1, ,269, ,
1, ,269, ,
1, ,269, ,
1, ,270, ,
0, ,269, ,
1, ,270, ,
1, ,270, ,
1, ,271, ,
1, ,269, ,
1, ,270, ,
0, ,270, ,
3, ,271, ,
1, ,270, ,
1, ,270, ,
1, ,270, ,
1, ,270, ,
0, ,269, ,
1, ,269, ,
0, ,270, ,
1, ,270, ,
1, ,269, ,
1, ,269, ,
0, ,270, ,
3, ,270, ,
1, ,269, ,
1, ,269, ,
1, ,270, ,
1, ,271, ,
0, ,270, ,
1, ,270, ,
1, ,269, ,
1, ,271, ,
1, ,269, ,
1, ,270, ,
0, ,270, ,
1, ,269, ,
0, ,269, ,
1, ,270, ,
1, ,269, ,
1, ,270, ,
0, ,270, ,
1, ,270, ,
1, ,269, ,
1, ,270, ,
1, ,270, ,
1, ,270, ,
0, ,269, ,
1, ,271, ,
1, ,269, ,
1, ,270, ,
1, ,269, ,
1, ,270, ,
0, ,270, ,
1, ,270, ,
1, ,270, ,
1, ,271, ,
1, ,269, ,
1, ,271, ,
0, ,269, ,
3, ,270, ,
1, ,269, ,
1, ,270, ,
1, ,270, ,
1, ,270, ,
0, ,269, ,
1, ,270, ,
1, ,269, ,
1, ,270, ,
1, ,269, ,
1, ,269, ,
0, ,269, ,
3, ,269, ,
1, ,269, ,
1, ,270, ,
1, ,270, ,
3, ,270, ,
0, ,270, ,
1, ,271, ,
1, ,270, ,
1, ,270, ,
1, ,269, ,
1, ,271, ,
0, ,270, ,
3, ,269, ,
1, ,270, ,
1, ,270, ,
1, ,270, ,
1, ,270, ,
0, ,269, ,
1, ,271, ,
1, ,269, ,
1, ,270, ,
1, ,269, ,
1, ,270, ,
0, ,269, ,
1, ,270, ,
1, ,270, ,
1, ,269, ,
1, ,270, ,
1, ,270, ,
0, ,269, ,
1, ,270, ,
1, ,269, ,
1, ,271, ,
1, ,270, ,
1, ,270, ,
0, ,269, ,
1, ,271, ,
1, ,269, ,
1, ,270, ,
1, ,270, ,
1, ,270, ,
0, ,270, ,
1, ,270, ,
1, ,269, ,
1, ,270, ,
1, ,269, ,
1, ,270, ,
0, ,269, ,
1, ,271, ,
1, ,269, ,
1, ,269, ,
1, ,269, ,
1, ,271, ,
0, ,269, ,
1, ,270, ,
1, ,270, ,
1, ,270, ,
1, ,269, ,
1, ,271, ,
0, ,271, ,
1, ,271, ,
1, ,269, ,
1, ,271, ,
1, ,270, ,
1, ,270, ,
0, ,270, ,
1, ,270, ,
1, ,269, ,
1, ,271, ,
1, ,270, ,
1, ,269, ,
0, ,270, ,
3, ,271, ,
1, ,269, ,
1, ,269, ,
1, ,270, ,
1, ,270, ,
0, ,270, ,
1, ,270, ,
1, ,269, ,
1, ,270, ,
1, ,269, ,
1, ,269, ,
0, ,269, ,
1, ,269, ,
1, ,269, ,
1, ,271, ,
1, ,270, ,
1, ,271, ,
0, ,270, ,
1, ,269, ,
1, ,269, ,
1, ,269, ,
1, ,268, ,
1, ,270, ,
0, ,270, ,
1, ,270, ,
1, ,269, ,
1, ,270, ,
1, ,269, ,
1, ,270, ,
0, ,269, ,
3, ,270, ,
1, ,270, ,
1, ,271, ,
1, ,270, ,
1, ,270, ,
0, ,270, ,
3, ,269, ,
1, ,269, ,
1, ,269, ,
1, ,269, ,
1, ,271, ,
0, ,269, ,
1, ,270, ,
1, ,270, ,
1, ,269, ,
1, ,269, ,
1, ,270, ,
0, ,270, ,
3, ,270, ,
1, ,269, ,
1, ,271, ,
1, ,270, ,
1, ,271, ,
0, ,270, ,
1, ,269, ,
1, ,270, ,
1, ,270, ,
1, ,269, ,
1, ,270, ,
0, ,271, ,
1, ,270, ,
1, ,269, ,
1, ,270, ,
1, ,269, ,
1, ,271, ,
0, ,269, ,
1, ,270, ,
1, ,270, ,
1, ,270, ,
1, ,269, ,
1, ,270, ,
0, ,270, ,
1, ,270, ,
1, ,270, ,
1, ,270, ,
1, ,269, ,
1, ,270, ,
0, ,269, ,
1, ,270, ,
1, ,270, ,
1, ,270, ,
1, ,269, ,
1, ,270, ,
0, ,270, ,
1, ,271, ,
1, ,269, ,
1, ,269, ,
1, ,270, ,
1, ,271, ,
0, ,270, ,
1, ,270, ,
1, ,269, ,
1, ,269, ,
1, ,269, ,
1, ,269, ,
0, ,270, ,
1, ,270, ,
1, ,269, ,
1, ,270, ,
1, ,270, ,
1, ,270, ,
0, ,270, ,
1, ,270, ,
1, ,270, ,
1, ,271, ,
1, ,269, ,
1, ,270, ,
0, ,270, ,
3, ,270, ,
1, ,269, ,
1, ,270, ,
1, ,269, ,
1, ,270, ,
0, ,269, ,
1, ,270, ,
0, ,269, ,
1, ,271, ,
1, ,270, ,
1, ,271, ,
0, ,269, ,
1, ,271, ,
1, ,270, ,
0, ,269, ,
1, ,270, ,
1, ,270, ,
0, ,269, ,
1, ,271, ,
1, ,269, ,
1, ,270, ,
1, ,269, ,
1, ,270, ,
0, ,269, ,
1, ,270, ,
1, ,270, ,
1, ,270, ,
1, ,270, ,
1, ,270, ,
0, ,269, ,
3, ,269, ,
1, ,270, ,
1, ,270, ,
1, ,269, ,
1, ,269, ,
0, ,269, ,
1, ,271, ,
1, ,269, ,
1, ,270, ,
1, ,269, ,
1, ,269, ,
0, ,270, ,
1, ,269, ,
1, ,269, ,
1, ,269, ,
1, ,269, ,
1, ,269, ,
0, ,269, ,
3, ,270, ,
1, ,269, ,
1, ,269, ,
1, ,270, ,
1, ,270, ,
0, ,269, ,
1, ,269, ,
1, ,269, ,
1, ,270, ,
1, ,269, ,
1, ,269, ,
0, ,269, ,
1, ,270, ,
1, ,270, ,
1, ,270, ,
1, ,270, ,
3, ,270, ,
0, ,270, ,
1, ,269, ,
1, ,269, ,
1, ,270, ,
1, ,269, ,
1, ,270, ,
0, ,270, ,
3, ,269, ,
1, ,270, ,
1, ,270, ,
1, ,269, ,
1, ,270, ,
0, ,270, ,
1, ,270, ,
0, ,270, ,
1, ,271, ,
1, ,269, ,
1, ,269, ,
0, ,269, ,
3, ,269, ,
0, ,270, ,
81, ,269, ,
99, ,270, ,
66, ,270, ,
37, ,270, ,
23, ,269, ,
15, ,270, ,
11, ,271, ,
9, ,269, ,
6, ,269, ,
4, ,270, ,
5, ,270, ,
3, ,270, ,
4, ,271, ,
4, ,269, ,
4, ,270, ,
1, ,269, ,
5, ,269, ,
3, ,269, ,
3, ,269, ,
4, ,269, ,
4, ,269, ,
1, ,269, ,
4, ,270, ,
3, ,269, ,
3, ,270, ,
4, ,269, ,
4, ,270, ,
3, ,270, ,
4, ,270, ,
4, ,270, ,
3, ,269, ,
4, ,269, ,
4, ,270, ,
1, ,269, ,
4, ,269, ,
3, ,269, ,
3, ,269, ,
4, ,270, ,
4, ,270, ,
1, ,269, ,
4, ,269, ,
3, ,269, ,
3, ,270, ,
4, ,270, ,
4, ,270, ,
1, ,270, ,
4, ,270, ,
3, ,270, ,
3, ,269, ,
4, ,270, ,
4, ,270, ,
3, ,269, ,
4, ,270, ,
3, ,269, ,
3, ,270, ,
4, ,270, ,
4, ,270, ,
3, ,270, ,
4, ,270, ,
3, ,269, ,
3, ,269, ,
3, ,270, ,
4, ,270, ,
1, ,270, ,
4, ,269, ,
3, ,269, ,
3, ,269, ,
3, ,269, ,
3, ,270, ,
1, ,269, ,
4, ,270, ,
3, ,269, ,
3, ,271, ,
4, ,270, ,
4, ,270, ,
3, ,269, ,
4, ,271, ,
3, ,270, ,
3, ,270, ,
4, ,269, ,
4, ,270, ,
3, ,270, ,
4, ,270, ,
3, ,269, ,
3, ,269, ,
4, ,269, ,
4, ,269, ,
1, ,269, ,
4, ,270, ,
3, ,270, ,
3, ,271, ,
3, ,270, ,
3, ,269, ,
1, ,270, ,
4, ,270, ,
1, ,269, ,
3, ,271, ,
4, ,270, ,
4, ,270, ,
1, ,270, ,
4, ,269, ,
3, ,269, ,
3, ,271, ,
4, ,269, ,
4, ,270, ,
1, ,269, ,
4, ,269, ,
1, ,266, ,
3, ,267, ,
3, ,269, ,
4, ,273, ,
1, ,273, ,
4, ,274, ,
3, ,271, ,
3, ,270, ,
3, ,268, ,
4, ,269, ,
1, ,269, ,
4, ,270, ,
1, ,269, ,
3, ,270, ,
3, ,269, ,
3, ,269, ,
1, ,269, ,
4, ,269, ,
1, ,269, ,
3, ,270, ,
3, ,269, ,
3, ,269, ,
1, ,269, ,
4, ,269, ,
3, ,269, ,
3, ,270, ,
3, ,270, ,
3, ,270, ,
1, ,269, ,
4, ,270, ,
1, ,270, ,
3, ,270, ,
3, ,269, ,
3, ,270, ,
1, ,269, ,
4, ,270, ,
3, ,270, ,
3, ,270, ,
3, ,269, ,
3, ,270, ,
1, ,269, ,
4, ,269, ,
1, ,270, ,
3, ,269, ,
3, ,269, ,
3, ,269, ,
1, ,269, ,
4, ,270, ,
3, ,269, ,
3, ,270, ,
3, ,269, ,
3, ,269, ,
1, ,269, ,
4, ,269, ,
3, ,269, ,
3, ,270, ,
3, ,269, ,
3, ,269, ,
1, ,271, ,
4, ,270, ,
1, ,269, ,
3, ,271, ,
3, ,269, ,
3, ,269, ,
1, ,269, ,
4, ,268, ,
3, ,269, ,
3, ,269, ,
3, ,269, ,
3, ,269, ,
1, ,269, ,
4, ,270, ,
1, ,269, ,
3, ,270, ,
3, ,269, ,
3, ,270, ,
1, ,270, ,
4, ,270, ,
1, ,270, ,
3, ,270, ,
3, ,269, ,
3, ,269, ,
1, ,269, ,
4, ,270, ,
1, ,269, ,
3, ,270, ,
3, ,269, ,
3, ,270, ,
1, ,269, ,
4, ,269, ,
1, ,269, ,
3, ,269, ,
3, ,269, ,
3, ,270, ,
1, ,269, ,
4, ,269, ,
3, ,269, ,
3, ,269, ,
3, ,269, ,
3, ,270, ,
1, ,269, ,
3, ,269, ,
1, ,269, ,
3, ,271, ,
3, ,269, ,
3, ,269, ,
1, ,270, ,
3, ,270, ,
3, ,269, ,
3, ,269, ,
3, ,269, ,
3, ,270, ,
1, ,270, ,
3, ,271, ,
3, ,270, ,
3, ,270, ,
3, ,270, ,
3, ,269, ,
1, ,270, ,
4, ,270, ,
3, ,270, ,
3, ,270, ,
3, ,270, ,
3, ,271, ,
1, ,270, ,
3, ,271, ,
1, ,270, ,
3, ,270, ,
3, ,270, ,
3, ,271, ,
1, ,270, ,
4, ,271, ,
1, ,269, ,
3, ,269, ,
3, ,269, ,
3, ,271, ,
1, ,270, ,
4, ,270, ,
1, ,269, ,
3, ,270, ,
3, ,269, ,
3, ,270, ,
1, ,270, ,
4, ,269, ,
1, ,268, ,
3, ,269, ,
3, ,271, ,
3, ,271, ,
1, ,270, ,
3, ,270, ,
1, ,270, ,
3, ,270, ,
3, ,269, ,
3, ,269, ,
1, ,269, ,
3, ,270, ,
1, ,269, ,
3, ,271, ,
3, ,271, ,
3, ,271, ,
1, ,270, ,
3, ,270, ,
3, ,270, ,
3, ,271, ,
3, ,269, ,
3, ,269, ,
1, ,270, ,
4, ,270, ,
1, ,269, ,
1, ,270, ,
3, ,269, ,
3, ,270, ,
1, ,269, ,
3, ,269, ,
1, ,270, ,
3, ,271, ,
3, ,270, ,
3, ,270, ,
1, ,270, ,
4, ,271, ,
3, ,269, ,
3, ,269, ,
3, ,270, ,
3, ,270, ,
1, ,269, ,
3, ,270, ,
3, ,269, ,
1, ,271, ,
3, ,270, ,
1, ,270, ,
1, ,270, ,
4, ,270, ,
1, ,269, ,
1, ,270, ,
3, ,269, ,
3, ,271, ,
1, ,269, ,
3, ,269, ,
1, ,269, ,
3, ,270, ,
3, ,269, ,
3, ,270, ,
1, ,271, ,
3, ,270, ,
1, ,270, ,
3, ,270, ,
3, ,270, ,
3, ,270, ,
1, ,269, ,
3, ,270, ,
1, ,270, ,
3, ,270, ,
3, ,270, ,
3, ,270, ,
1, ,271, ,
4, ,271, ,
1, ,269, ,
3, ,270, ,
3, ,270, ,
3, ,271, ,
1, ,269, ,
3, ,270, ,
1, ,270, ,
1, ,270, ,
3, ,269, ,
3, ,270, ,
1, ,270, ,
3, ,271, ,
1, ,269, ,
3, ,270, ,
3, ,270, ,
1, ,270, ,
1, ,269, ,
3, ,271, ,
1, ,270, ,
3, ,271, ,
3, ,269, ,
3, ,270, ,
1, ,270, ,
3, ,269, ,
1, ,270, ,
1, ,270, ,
3, ,270, ,
3, ,270, ,
1, ,269, ,
3, ,270, ,
3, ,270, ,
3, ,269, ,
3, ,269, ,
3, ,271, ,
0, ,270, ,
3, ,270, ,
1, ,269, ,
1, ,271, ,
3, ,270, ,
1, ,271, ,
1, ,269, ,
3, ,270, ,
1, ,269, ,
1, ,270, ,
3, ,269, ,
3, ,269, ,
1, ,269, ,
3, ,270, ,
1, ,270, ,
1, ,269, ,
1, ,269, ,
3, ,270, ,
1, ,270, ,
3, ,270, ,
1, ,270, ,
3, ,270, ,
3, ,270, ,
3, ,269, ,
1, ,270, ,
3, ,270, ,
1, ,269, ,
1, ,270, ,
3, ,270, ,
3, ,270, ,
1, ,269, ,
3, ,271, ,
3, ,269, ,
1, ,270, ,
3, ,269, ,
1, ,270, ,
0, ,270, ,
1, ,269, ,
1, ,269, ,
1, ,269, ,
3, ,269, ,
3, ,270, ,
1, ,269, ,
3, ,270, ,
1, ,269, ,
3, ,270, ,
3, ,270, ,
3, ,269, ,
0, ,269, ,
3, ,270, ,
1, ,270, ,
1, ,271, ,
3, ,271, ,
3, ,270, ,
1, ,270, ,
3, ,269, ,
1, ,269, ,
1, ,270, ,
1, ,269, ,
3, ,270, ,
1, ,269, ,
3, ,270, ,
1, ,269, ,
1, ,269, ,
3, ,269, ,
3, ,269, ,
1, ,269, ,
3, ,271, ,
1, ,270, ,
1, ,270, ,
3, ,261, ,
3, ,269, ,
1, ,277, ,
3, ,276, ,
1, ,269, ,
1, ,268, ,
3, ,269, ,
3, ,270, ,
1, ,269, ,
3, ,270, ,
1, ,270, ,
1, ,270, ,
3, ,269, ,
3, ,270, ,
1, ,270, ,
3, ,271, ,
1, ,269, ,
1, ,269, ,
3, ,270, ,
1, ,269, ,
1, ,269, ,
3, ,270, ,
1, ,270, ,
1, ,270, ,
3, ,269, ,
3, ,269, ,
1, ,269, ,
3, ,270, ,
1, ,269, ,
1, ,271, ,
3, ,270, ,
3, ,270, ,
1, ,269, ,
3, ,270, ,
1, ,269, ,
3, ,270, ,
3, ,269, ,
3, ,271, ,
1, ,270, ,
3, ,270, ,
1, ,270, ,
1, ,269, ,
3, ,269, ,
3, ,269, ,
1, ,270, ,
3, ,270, ,
1, ,269, ,
1, ,270, ,
3, ,270, ,
3, ,270, ,
1, ,270, ,
3, ,271, ,
1, ,269, ,
1, ,269, ,
1, ,269, ,
3, ,271, ,
0, ,270, ,
3, ,271, ,
1, ,269, ,
3, ,269, ,
3, ,269, ,
1, ,270, ,
0, ,269, ,
3, ,271, ,
1, ,270, ,
3, ,270, ,
1, ,269, ,
1, ,269, ,
0, ,269, ,
3, ,270, ,
1, ,270, ,
1, ,271, ,
1, ,269, ,
3, ,271, ,
1, ,270, ,
3, ,270, ,
1, ,270, ,
1, ,269, ,
1, ,270, ,
1, ,270, ,
0, ,269, ,
3, ,270, ,
1, ,269, ,
1, ,270, ,
3, ,270, ,
1, ,269, ,
0, ,270, ,
3, ,269, ,
1, ,269, ,
1, ,269, ,
1, ,270, ,
3, ,270, ,
0, ,269, ,
3, ,270, ,
1, ,269, ,
1, ,271, ,
3, ,270, ,
1, ,270, ,
1, ,269, ,
3, ,271, ,
1, ,270, ,
1, ,269, ,
3, ,269, ,
1, ,270, ,
0, ,269, ,
3, ,270, ,
1, ,270, ,
1, ,270, ,
1, ,269, ,
1, ,270, ,
0, ,271, ,
3, ,270, ,
1, ,270, ,
1, ,271, ,
1, ,270, ,
3, ,269, ,
0, ,269, ,
3, ,269, ,
1, ,270, ,
1, ,270, ,
1, ,269, ,
3, ,270, ,
0, ,270, ,
3, ,271, ,
1, ,270, ,
1, ,271, ,
1, ,269, ,
3, ,270, ,
0, ,269, ,
3, ,270, ,
1, ,269, ,
1, ,269, ,
3, ,269, ,
1, ,269, ,
1, ,270, ,
1, ,270, ,
1, ,269, ,
1, ,270, ,
1, ,269, ,
1, ,270, ,
0, ,269, ,
3, ,270, ,
1, ,269, ,
1, ,270, ,
1, ,269, ,
3, ,270, ,
0, ,269, ,
3, ,269, ,
1, ,269, ,
1, ,270, ,
1, ,269, ,
3, ,270, ,
0, ,269, ,
3, ,270, ,
1, ,270, ,
1, ,270, ,
1, ,269, ,
1, ,270, ,
0, ,269, ,
3, ,269, ,
1, ,269, ,
1, ,270, ,
3, ,269, ,
3, ,270, ,
0, ,269, ,
3, ,270, ,
1, ,269, ,
1, ,271, ,
1, ,269, ,
1, ,270, ,
0, ,270, ,
3, ,270, ,
1, ,270, ,
1, ,269, ,
1, ,270, ,
3, ,270, ,
0, ,270, ,
3, ,269, ,
1, ,269, ,
1, ,269, ,
1, ,270, ,
1, ,271, ,
0, ,270, ,
1, ,270, ,
1, ,269, ,
1, ,270, ,
1, ,269, ,
3, ,271, ,
0, ,270, ,
3, ,270, ,
1, ,270, ,
1, ,271, ,
3, ,269, ,
3, ,270, ,
0, ,270, ,
3, ,271, ,
1, ,269, ,
1, ,271, ,
1, ,269, ,
1, ,270, ,
0, ,270, ,
3, ,270, ,
1, ,270, ,
1, ,270, ,
1, ,270, ,
1, ,270, ,
0, ,269, ,
3, ,271, ,
1, ,270, ,
1, ,270, ,
1, ,269, ,
1, ,271, ,
0, ,269, ,
3, ,270, ,
1, ,271, ,
1, ,269, ,
1, ,269, ,
1, ,269, ,
0, ,270, ,
3, ,270, ,
1, ,270, ,
1, ,269, ,
1, ,269, ,
1, ,270, ,
0, ,269, ,
3, ,270, ,
1, ,269, ,
1, ,271, ,
1, ,270, ,
1, ,269, ,
0, ,271, ,
3, ,270, ,
1, ,270, ,
1, ,270, ,
1, ,269, ,
3, ,271, ,
0, ,270, ,
3, ,270, ,
1, ,270, ,
1, ,270, ,
1, ,269, ,
1, ,269, ,
0, ,269, ,
1, ,270, ,
1, ,270, ,
1, ,271, ,
1, ,269, ,
1, ,270, ,
0, ,269, ,
3, ,269, ,
1, ,270, ,
1, ,270, ,
1, ,269, ,
1, ,269, ,
0, ,270, ,
3, ,271, ,
1, ,269, ,
1, ,269, ,
1, ,268, ,
1, ,269, ,
0, ,269, ,
3, ,273, ,
1, ,271, ,
1, ,271, ,
1, ,269, ,
3, ,270, ,
0, ,269, ,
3, ,269, ,
1, ,269, ,
1, ,269, ,
1, ,270, ,
1, ,271, ,
0, ,269, ,
3, ,270, ,
0, ,269, ,
1, ,270, ,
1, ,270, ,
3, ,269, ,
0, ,271, ,
1, ,269, ,
1, ,270, ,
1, ,270, ,
1, ,269, ,
1, ,270, ,
0, ,269, ,
3, ,270, ,
1, ,270, ,
1, ,270, ,
1, ,269, ,
1, ,270, ,
0, ,270, ,
1, ,270, ,
1, ,269, ,
1, ,269, ,
1, ,269, ,
3, ,270, ,
0, ,270, ,
3, ,269, ,
1, ,269, ,
1, ,270, ,
1, ,270, ,
1, ,270, ,
0, ,270, ,
3, ,269, ,
1, ,269, ,
1, ,269, ,
1, ,269, ,
3, ,271, ,
0, ,269, ,
3, ,270, ,
1, ,269, ,
1, ,270, ,
3, ,270, ,
1, ,270, ,
0, ,270, ,
3, ,270, ,
1, ,269, ,
1, ,269, ,
1, ,269, ,
1, ,270, ,
0, ,269, ,
1, ,270, ,
1, ,270, ,
1, ,269, ,
1, ,269, ,
1, ,269, ,
0, ,270, ,
1, ,270, ,
1, ,269, ,
1, ,269, ,
1, ,270, ,
1, ,270, ,
0, ,270, ,
3, ,269, ,
1, ,270, ,
1, ,270, ,
1, ,269, ,
1, ,270, ,
0, ,269, ,
3, ,270, ,
1, ,269, ,
1, ,269, ,
1, ,269, ,
1, ,269, ,
0, ,269, ,
3, ,269, ,
1, ,269, ,
1, ,271, ,
1, ,269, ,
3, ,271, ,
0, ,269, ,
3, ,270, ,
1, ,269, ,
1, ,270, ,
1, ,269, ,
1, ,270, ,
0, ,270, ,
3, ,269, ,
1, ,270, ,
1, ,270, ,
1, ,269, ,
1, ,270, ,
0, ,269, ,
3, ,269, ,
1, ,269, ,
1, ,269, ,
1, ,269, ,
1, ,270, ,
0, ,269, ,
3, ,270, ,
1, ,269, ,
1, ,269, ,
1, ,269, ,
1, ,270, ,
0, ,269, ,
3, ,270, ,
1, ,269, ,
1, ,270, ,
1, ,269, ,
3, ,271, ,
0, ,269, ,
1, ,270, ,
1, ,269, ,
1, ,270, ,
1, ,269, ,
1, ,269, ,
0, ,269, ,
1, ,269, ,
1, ,269, ,
1, ,270, ,
1, ,269, ,
1, ,270, ,
0, ,269, ,
3, ,271, ,
1, ,269, ,
1, ,269, ,
1, ,270, ,
1, ,269, ,
0, ,270, ,
1, ,270, ,
1, ,269, ,
1, ,269, ,
1, ,270, ,
1, ,270, ,
0, ,270, ,
1, ,270, ,
1, ,269, ,
1, ,270, ,
1, ,269, ,
1, ,271, ,
0, ,269, ,
1, ,270, ,
1, ,269, ,
1, ,270, ,
1, ,269, ,
1, ,270, ,
0, ,269, ,
3, ,270, ,
0, ,269, ,
1, ,270, ,
1, ,269, ,
1, ,270, ,
0, ,269, ,
1, ,270, ,
1, ,270, ,
1, ,271, ,
1, ,269, ,
1, ,270, ,
0, ,269, ,
3, ,271, ,
1, ,270, ,
1, ,270, ,
1, ,269, ,
1, ,270, ,
0, ,269, ,
3, ,271, ,
1, ,269, ,
1, ,271, ,
1, ,269, ,
1, ,271, ,
0, ,269, ,
1, ,269, ,
1, ,270, ,
1, ,270, ,
3, ,269, ,
3, ,269, ,
0, ,270, ,
1, ,269, ,
1, ,269, ,
1, ,271, ,
1, ,269, ,
1, ,270, ,
0, ,270, ,
3, ,270, ,
1, ,270, ,
1, ,270, ,
1, ,269, ,
1, ,270, ,
0, ,269, ,
1, ,270, ,
1, ,269, ,
1, ,269, ,
1, ,269, ,
3, ,271, ,
0, ,270, ,
3, ,271, ,
1, ,270, ,
1, ,269, ,
1, ,270, ,
1, ,270, ,
0, ,270, ,
1, ,270, ,
1, ,269, ,
1, ,270, ,
1, ,269, ,
1, ,270, ,
0, ,269, ,
1, ,270, ,
1, ,270, ,
1, ,270, ,
1, ,270, ,
1, ,269, ,
0, ,269, ,
1, ,270, ,
1, ,270, ,
1, ,270, ,
1, ,269, ,
1, ,270, ,
0, ,269, ,
3, ,270, ,
1, ,269, ,
1, ,270, ,
1, ,269, ,
1, ,269, ,
0, ,269, ,
3, ,270, ,
1, ,270, ,
1, ,270, ,
1, ,271, ,
1, ,270, ,
0, ,269, ,
3, ,271, ,
1, ,269, ,
1, ,270, ,
1, ,269, ,
1, ,270, ,
0, ,270, ,
1, ,270, ,
1, ,269, ,
1, ,270, ,
1, ,270, ,
1, ,271, ,
0, ,270, ,
1, ,269, ,
1, ,269, ,
1, ,270, ,
1, ,269, ,
1, ,270, ,
0, ,269, ,
1, ,271, ,
1, ,269, ,
1, ,270, ,
1, ,270, ,
1, ,270, ,
0, ,269, ,
3, ,270, ,
1, ,269, ,
1, ,271, ,
1, ,269, ,
1, ,270, ,
0, ,269, ,
1, ,270, ,
1, ,270, ,
1, ,270, ,
1, ,269, ,
1, ,270, ,
0, ,270, ,
3, ,269, ,
1, ,269, ,
1, ,270, ,
1, ,269, ,
1, ,269, ,
0, ,270, ,
1, ,270, ,
1, ,270, ,
1, ,269, ,
1, ,269, ,
1, ,270, ,
0, ,269, ,
3, ,270, ,
1, ,270, ,
1, ,270, ,
1, ,269, ,
1, ,270, ,
0, ,269, ,
3, ,270, ,
1, ,269, ,
1, ,270, ,
1, ,269, ,
3, ,270, ,
0, ,269, ,
3, ,270, ,
1, ,270, ,
1, ,270, ,
1, ,269, ,
1, ,269, ,
0, ,269, ,
1, ,269, ,
1, ,269, ,
1, ,269, ,
1, ,269, ,
3, ,270, ,
0, ,269, ,
3, ,270, ,
1, ,269, ,
1, ,269, ,
1, ,269, ,
1, ,269, ,
0, ,270, ,
3, ,270, ,
0, ,269, ,
1, ,269, ,
1, ,270, ,
1, ,270, ,
0, ,269, ,
1, ,269, ,
1, ,270, ,
1, ,271, ,
1, ,269, ,
1, ,269, ,
0, ,269, ,
3, ,271, ,
1, ,269, ,
1, ,271, ,
1, ,269, ,
1, ,270, ,
0, ,269, ,
1, ,270, ,
1, ,269, ,
1, ,271, ,
1, ,269, ,
1, ,269, ,
0, ,269, ,
3, ,269, ,
1, ,269, ,
1, ,270, ,
1, ,269, ,
1, ,271, ,
0, ,269, ,
1, ,269, ,
1, ,270, ,
1, ,271, ,
1, ,269, ,
1, ,270, ,
0, ,269, ,
1, ,270, ,
1, ,270, ,
1, ,271, ,
1, ,271, ,
1, ,270, ,
0, ,269, ,
1, ,269, ,
1, ,269, ,
1, ,271, ,
1, ,269, ,
1, ,270, ,
0, ,270, ,
1, ,270, ,
1, ,269, ,
1, ,270, ,
1, ,269, ,
1, ,270, ,
0, ,270, ,
3, ,270, ,
1, ,269, ,
1, ,268, ,
1, ,267, ,
1, ,270, ,
0, ,275, ,
3, ,275, ,
1, ,269, ,
1, ,269, ,
1, ,269, ,
1, ,270, ,
0, ,270, ,
1, ,271, ,
1, ,270, ,
1, ,269, ,
1, ,269, ,
1, ,270, ,
0, ,269, ,
1, ,266, ,
1, ,266, ,
1, ,270, ,
1, ,273, ,
3, ,275, ,
0, ,273, ,
3, ,271, ,
1, ,268, ,
1, ,268, ,
1, ,267, ,
1, ,269, ,
0, ,269, ,
3, ,270, ,
1, ,270, ,
1, ,269, ,
1, ,269, ,
1, ,270, ,
0, ,269, ,
1, ,270, ,
1, ,270, ,
1, ,270, ,
1, ,269, ,
1, ,270, ,
0, ,269, ,
1, ,270, ,
1, ,269, ,
1, ,269, ,
1, ,269, ,
1, ,270, ,
0, ,269, ,
1, ,269, ,
0, ,269, ,
1, ,269, ,
1, ,269, ,
1, ,269, ,
0, ,269, ,
3, ,270, ,
1, ,270, ,
1, ,269, ,
1, ,269, ,
1, ,270, ,
0, ,268, ,
1, ,269, ,
1, ,269, ,
1, ,270, ,
1, ,270, ,
3, ,270, ,
0, ,269, ,
1, ,270, ,
1, ,267, ,
1, ,269, ,
1, ,268, ,
3, ,269, ,
0, ,269, ,
1, ,271, ,
1, ,270, ,
1, ,270, ,
1, ,269, ,
1, ,269, ,
0, ,269, ,
1, ,269, ,
1, ,269, ,
1, ,270, ,
1, ,270, ,
1, ,270, ,
0, ,269, ,
1, ,269, ,
1, ,269, ,
1, ,269, ,
1, ,269, ,
1, ,269, ,
0, ,269, ,
3, ,270, ,
1, ,269, ,
1, ,269, ,
1, ,269, ,
1, ,270, ,
0, ,269, ,
1, ,269, ,
1, ,269, ,
1, ,269, ,
1, ,269, ,
1, ,269, ,
0, ,269, ,
3, ,271, ,
0, ,269, ,
1, ,271, ,
1, ,270, ,
1, ,269, ,
0, ,269, ,
3, ,269, ,
1, ,269, ,
1, ,270, ,
1, ,269, ,
1, ,269, ,
0, ,269, ,
3, ,271, ,
1, ,269, ,
1, ,269, ,
1, ,269, ,
1, ,270, ,
0, ,269, ,
1, ,270, ,
1, ,269, ,
1, ,271, ,
1, ,270, ,
1, ,270, ,
0, ,271, ,
1, ,271, ,
1, ,270, ,
1, ,270, ,
1, ,269, ,
1, ,271, ,
0, ,269, ,
1, ,269, ,
0, ,270, ,
1, ,271, ,
1, ,270, ,
1, ,269, ,
0, ,271, ,
3, ,270, ,
1, ,270, ,
1, ,271, ,
1, ,271, ,
1, ,270, ,
0, ,269, ,
1, ,270, ,
1, ,270, ,
1, ,270, ,
1, ,270, ,
1, ,270, ,
0, ,270, ,
1, ,270, ,
1, ,270, ,
1, ,270, ,
1, ,269, ,
1, ,270, ,
0, ,269, ,
1, ,270, ,
1, ,269, ,
1, ,269, ,
1, ,269, ,
1, ,270, ,
0, ,270, ,
1, ,270, ,
1, ,270, ,
1, ,271, ,
1, ,271, ,
1, ,271, ,
0, ,269, ,
1, ,270, ,
1, ,269, ,
1, ,270, ,
1, ,270, ,
1, ,270, ,
0, ,270, ,
3, ,270, ,
1, ,270, ,
1, ,271, ,
1, ,269, ,
1, ,271, ,
0, ,270, ,
1, ,270, ,
1, ,269, ,
1, ,270, ,
1, ,269, ,
1, ,270, ,
0, ,269, ,
3, ,271, ,
1, ,269, ,
1, ,269, ,
1, ,270, ,
1, ,270, ,
0, ,270, ,
3, ,270, ,
1, ,270, ,
1, ,270, ,
1, ,270, ,
1, ,269, ,
0, ,269, ,
1, ,270, ,
1, ,269, ,
1, ,271, ,
1, ,269, ,
1, ,270, ,
0, ,269, ,
1, ,270, ,
1, ,269, ,
1, ,271, ,
1, ,270, ,
1, ,269, ,
0, ,271, ,
1, ,270, ,
1, ,269, ,
1, ,269, ,
1, ,269, ,
1, ,271, ,
0, ,270, ,
1, ,270, ,
1, ,269, ,
1, ,270, ,
1, ,270, ,
1, ,269, ,
0, ,270, ,
3, ,270, ,
1, ,269, ,
1, ,270, ,
1, ,269, ,
1, ,271, ,
0, ,270, ,
1, ,269, ,
1, ,269, ,
1, ,270, ,
1, ,269, ,
1, ,271, ,
0, ,269, ,
3, ,271, ,
1, ,269, ,
1, ,270, ,
1, ,270, ,
1, ,271, ,
0, ,269, ,
1, ,271, ,
1, ,269, ,
1, ,270, ,
1, ,269, ,
1, ,269, ,
0, ,270, ,
1, ,271, ,
1, ,269, ,
1, ,270, ,
1, ,270, ,
1, ,271, ,
0, ,269, ,
1, ,269, ,
1, ,270, ,
1, ,270, ,
1, ,269, ,
1, ,271, ,
0, ,271, ,
1, ,269, ,
1, ,269, ,
1, ,270, ,
1, ,269, ,
1, ,271, ,
0, ,269, ,
1, ,269, ,
1, ,270, ,
1, ,271, ,
1, ,269, ,
1, ,270, ,
0, ,271, ,
1, ,270, ,
1, ,269, ,
1, ,270, ,
1, ,270, ,
1, ,271, ,
0, ,270, ,
1, ,270, ,
1, ,269, ,
1, ,270, ,
1, ,269, ,
1, ,270, ,
0, ,269, ,
1, ,270, ,
1, ,270, ,
1, ,270, ,
1, ,270, ,
3, ,270, ,
0, ,269, ,
1, ,271, ,
1, ,269, ,
1, ,270, ,
1, ,269, ,
1, ,269, ,
0, ,269, ,
3, ,271, ,
1, ,269, ,
1, ,271, ,
1, ,270, ,
1, ,271, ,
0, ,269, ,
1, ,269, ,
1, ,270, ,
1, ,269, ,
1, ,270, ,
1, ,270, ,
0, ,269, ,
3, ,270, ,
1, ,269, ,
1, ,270, ,
1, ,270, ,
1, ,270, ,
0, ,270, ,
1, ,269, ,
1, ,270, ,
1, ,269, ,
1, ,269, ,
1, ,269, ,
0, ,271, ,
3, ,271, ,
1, ,269, ,
0, ,270, ,
1, ,270, ,
1, ,271, ,
0, ,269, ,
1, ,270, ,
1, ,269, ,
1, ,270, ,
1, ,269, ,
1, ,269, ,
0, ,269, ,
1, ,270, ,
0, ,269, ,
1, ,270, ,
1, ,269, ,
1, ,271, ,
0, ,269, ,
1, ,270, ,
1, ,269, ,
1, ,271, ,
1, ,269, ,
1, ,269, ,
0, ,269, ,
1, ,270, ,
1, ,269, ,
1, ,270, ,
1, ,270, ,
1, ,270, ,
0, ,269, ,
1, ,269, ,
1, ,269, ,
1, ,269, ,
1, ,269, ,
1, ,270, ,
0, ,269, ,
1, ,270, ,
1, ,269, ,
1, ,269, ,
1, ,269, ,
1, ,270, ,
0, ,270, ,
1, ,271, ,
0, ,269, ,
1, ,270, ,
1, ,269, ,
1, ,269, ,
0, ,269, ,
3, ,270, ,
1, ,269, ,
1, ,270, ,
1, ,269, ,
1, ,271, ,
0, ,269, ,
1, ,271, ,
1, ,269, ,
1, ,271, ,
1, ,269, ,
1, ,270, ,
0, ,269, ,
1, ,271, ,
1, ,269, ,
1, ,270, ,
1, ,269, ,
1, ,271, ,
0, ,269, ,
1, ,270, ,
1, ,270, ,
1, ,270, ,
1, ,269, ,
1, ,270, ,
0, ,269, ,
1, ,270, ,
1, ,269, ,
1, ,271, ,
1, ,269, ,
1, ,271, ,
0, ,269, ,
1, ,269, ,
1, ,269, ,
1, ,270, ,
1, ,269, ,
1, ,270, ,
0, ,269, ,
1, ,270, ,
1, ,269, ,
1, ,270, ,
1, ,269, ,
1, ,270, ,
0, ,269, ,
1, ,269, ,
1, ,270, ,
1, ,269, ,
1, ,269, ,
1, ,271, ,
0, ,269, ,
3, ,270, ,
1, ,269, ,
1, ,271, ,
3, ,270, ,
1, ,270, ,
0, ,269, ,
1, ,270, ,
1, ,270, ,
1, ,270, ,
1, ,269, ,
1, ,270, ,
0, ,270, ,
1, ,271, ,
1, ,269, ,
1, ,269, ,
1, ,270, ,
1, ,270, ,
0, ,269, ,
1, ,270, ,
1, ,269, ,
1, ,269, ,
1, ,270, ,
1, ,270, ,
0, ,269, ,
1, ,270, ,
1, ,269, ,
1, ,270, ,
1, ,269, ,
1, ,269, ,
0, ,269, ,
1, ,270, ,
1, ,269, ,
1, ,270, ,
1, ,269, ,
1, ,270, ,
0, ,270, ,
1, ,269, ,
1, ,269, ,
1, ,269, ,
1, ,269, ,
1, ,270, ,
0, ,269, ,
1, ,271, ,
1, ,269, ,
1, ,269, ,
1, ,269, ,
1, ,269, ,
0, ,271, ,
1, ,270, ,
1, ,270, ,
1, ,270, ,
1, ,270, ,
1, ,271, ,
0, ,269, ,
1, ,270, ,
1, ,270, ,
1, ,270, ,
3, ,270, ,
1, ,269, ,
0, ,269, ,
3, ,270, ,
1, ,270, ,
1, ,270, ,
1, ,269, ,
1, ,270, ,
0, ,270, ,
1, ,270, ,
1, ,270, ,
1, ,270, ,
1, ,269, ,
1, ,270, ,
0, ,269, ,
1, ,270, ,
1, ,270, ,
1, ,271, ,
1, ,270, ,
1, ,270, ,
0, ,269, ,
1, ,269, ,
1, ,268, ,
1, ,269, ,
1, ,269, ,
1, ,271, ,
0, ,270, ,
3, ,270, ,
1, ,270, ,
1, ,269, ,
1, ,269, ,
1, ,269, ,
0, ,269, ,
1, ,269, ,
1, ,270, ,
1, ,270, ,
1, ,270, ,
1, ,271, ,
0, ,270, ,
1, ,269, ,
1, ,269, ,
1, ,270, ,
1, ,270, ,
1, ,271, ,
0, ,269, ,
1, ,270, ,
1, ,269, ,
1, ,270, ,
1, ,269, ,
1, ,269, ,
0, ,270, ,
1, ,270, ,
1, ,269, ,
1, ,269, ,
1, ,270, ,
1, ,269, ,
0, ,269, ,
1, ,269, ,
1, ,269, ,
1, ,270, ,
1, ,270, ,
1, ,270, ,
0, ,269, ,
1, ,269, ,
1, ,269, ,
1, ,270, ,
1, ,269, ,
1, ,270, ,
0, ,269, ,
1, ,269, ,
1, ,269, ,
1, ,271, ,
1, ,269, ,
1, ,270, ,
0, ,270, ,
1, ,270, ,
1, ,269, ,
1, ,269, ,
1, ,270, ,
1, ,269, ,
0, ,270, ,
1, ,269, ,
1, ,270, ,
1, ,270, ,
1, ,269, ,
1, ,271, ,
126, ,270, ,
75, ,270, ,
39, ,270, ,
28, ,270, ,
24, ,269, ,
15, ,270, ,
8, ,270, ,
8, ,269, ,
8, ,269, ,
8, ,270, ,
5, ,269, ,
5, ,269, ,
4, ,270, ,
6, ,270, ,
4, ,269, ,
3, ,270, ,
5, ,270, ,
4, ,269, ,
3, ,269, ,
4, ,270, ,
3, ,269, ,
4, ,271, ,
4, ,269, ,
4, ,270, ,
3, ,270, ,
5, ,270, ,
3, ,269, ,
3, ,270, ,
4, ,270, ,
4, ,269, ,
1, ,270, ,
5, ,271, ,
3, ,269, ,
3, ,270, ,
4, ,270, ,
4, ,270, ,
3, ,269, ,
4, ,271, ,
3, ,269, ,
4, ,269, ,
4, ,269, ,
4, ,270, ,
3, ,269, ,
4, ,269, ,
3, ,270, ,
4, ,270, ,
4, ,270, ,
4, ,269, ,
3, ,270, ,
4, ,270, ,
3, ,269, ,
3, ,270, ,
4, ,269, ,
4, ,269, ,
1, ,269, ,
4, ,269, ,
3, ,269, ,
3, ,270, ,
4, ,268, ,
4, ,270, ,
1, ,269, ,
4, ,270, ,
3, ,269, ,
3, ,269, ,
4, ,270, ,
4, ,270, ,
3, ,269, ,
4, ,269, ,
3, ,269, ,
3, ,269, ,
4, ,269, ,
4, ,270, ,
3, ,269, ,
4, ,270, ,
1, ,269, ,
3, ,270, ,
4, ,270, ,
4, ,269, ,
1, ,269, ,
4, ,270, ,
3, ,269, ,
3, ,270, ,
4, ,269, ,
4, ,271, ,
1, ,270, ,
4, ,269, ,
3, ,269, ,
3, ,271, ,
4, ,269, ,
3, ,270, ,
1, ,269, ,
4, ,271, ,
3, ,269, ,
3, ,269, ,
4, ,269, ,
4, ,270, ,
1, ,269, ,
4, ,270, ,
3, ,269, ,
3, ,269, ,
3, ,269, ,
3, ,271, ,
1, ,269, ,
4, ,269, ,
1, ,269, ,
3, ,270, ,
3, ,269, ,
3, ,270, ,
1, ,269, ,
4, ,269, ,
3, ,269, ,
3, ,271, ,
3, ,269, ,
3, ,270, ,
1, ,269, ,
4, ,269, ,
3, ,271, ,
3, ,270, ,
4, ,270, ,
3, ,269, ,
1, ,271, ,
4, ,270, ,
1, ,269, ,
3, ,269, ,
3, ,269, ,
4, ,269, ,
1, ,269, ,
4, ,270, ,
1, ,269, ,
3, ,270, ,
4, ,270, ,
3, ,269, ,
1, ,269, ,
4, ,270, ,
1, ,269, ,
3, ,270, ,
3, ,269, ,
4, ,269, ,
1, ,269, ,
4, ,269, ,
3, ,269, ,
3, ,270, ,
4, ,269, ,
3, ,270, ,
3, ,269, ,
4, ,270, ,
1, ,269, ,
3, ,269, ,
3, ,269, ,
4, ,270, ,
1, ,269, ,
4, ,271, ,
1, ,269, ,
3, ,269, ,
3, ,269, ,
4, ,270, ,
1, ,270, ,
4, ,269, ,
3, ,269, ,
3, ,270, ,
3, ,269, ,
3, ,271, ,
1, ,270, ,
4, ,269, ,
3, ,269, ,
3, ,269, ,
4, ,269, ,
3, ,269, ,
1, ,269, ,
4, ,270, ,
1, ,269, ,
3, ,270, ,
3, ,269, ,
3, ,270, ,
1, ,270, ,
4, ,269, ,
1, ,269, ,
3, ,269, ,
3, ,269, ,
3, ,269, ,
1, ,269, ,
4, ,269, ,
3, ,270, ,
3, ,269, ,
3, ,270, ,
3, ,269, ,
1, ,269, ,
4, ,269, ,
3, ,270, ,
3, ,270, ,
3, ,269, ,
3, ,269, ,
1, ,270, ,
4, ,270, ,
1, ,269, ,
3, ,269, ,
3, ,269, ,
3, ,271, ,
1, ,269, ,
4, ,269, ,
1, ,269, ,
3, ,270, ,
3, ,269, ,
3, ,270, ,
1, ,269, ,
4, ,270, ,
3, ,269, ,
3, ,269, ,
3, ,269, ,
3, ,270, ,
1, ,270, ,
4, ,269, ,
3, ,270, ,
3, ,270, ,
3, ,269, ,
3, ,269, ,
1, ,269, ,
3, ,270, ,
1, ,269, ,
1, ,269, ,
3, ,269, ,
3, ,269, ,
1, ,269, ,
3, ,269, ,
1, ,269, ,
3, ,270, ,
3, ,270, ,
3, ,269, ,
1, ,270, ,
4, ,270, ,
1, ,269, ,
3, ,269, ,
3, ,269, ,
3, ,269, ,
1, ,269, ,
3, ,269, ,
1, ,269, ,
3, ,270, ,
3, ,269, ,
3, ,269, ,
1, ,271, ,
4, ,271, ,
1, ,269, ,
3, ,269, ,
3, ,268, ,
3, ,270, ,
1, ,269, ,
3, ,270, ,
1, ,269, ,
3, ,270, ,
3, ,269, ,
3, ,270, ,
1, ,270, ,
3, ,269, ,
1, ,269, ,
3, ,269, ,
3, ,269, ,
3, ,270, ,
1, ,270, ,
4, ,271, ,
1, ,269, ,
3, ,269, ,
3, ,270, ,
3, ,270, ,
1, ,269, ,
4, ,270, ,
0, ,269, ,
1, ,269, ,
3, ,270, ,
3, ,271, ,
1, ,269, ,
4, ,269, ,
3, ,269, ,
1, ,270, ,
3, ,269, ,
3, ,269, ,
1, ,269, ,
3, ,270, ,
1, ,269, ,
1, ,270, ,
3, ,269, ,
3, ,270, ,
1, ,269, ,
4, ,270, ,
1, ,269, ,
3, ,271, ,
3, ,269, ,
3, ,269, ,
1, ,269, ,
4, ,270, ,
1, ,270, ,
1, ,270, ,
3, ,270, ,
3, ,270, ,
1, ,269, ,
3, ,270, ,
1, ,269, ,
3, ,270, ,
3, ,269, ,
3, ,271, ,
1, ,269, ,
3, ,270, ,
1, ,269, ,
3, ,269, ,
3, ,269, ,
3, ,271, ,
1, ,270, ,
3, ,270, ,
1, ,269, ,
3, ,269, ,
3, ,269, ,
3, ,270, ,
1, ,269, ,
3, ,269, ,
1, ,269, ,
3, ,269, ,
3, ,269, ,
3, ,269, ,
1, ,269, ,
3, ,269, ,
1, ,270, ,
3, ,270, ,
3, ,269, ,
3, ,269, ,
1, ,270, ,
3, ,269, ,
1, ,269, ,
3, ,270, ,
3, ,269, ,
1, ,270, ,
1, ,269, ,
3, ,270, ,
3, ,269, ,
3, ,269, ,
3, ,269, ,
3, ,269, ,
1, ,270, ,
3, ,270, ,
1, ,269, ,
1, ,269, ,
3, ,269, ,
3, ,270, ,
1, ,269, ,
3, ,270, ,
1, ,270, ,
1, ,269, ,
3, ,269, ,
3, ,270, ,
1, ,270, ,
3, ,270, ,
1, ,269, ,
1, ,270, ,
3, ,269, ,
3, ,270, ,
1, ,270, ,
3, ,270, ,
1, ,269, ,
3, ,271, ,
3, ,269, ,
3, ,269, ,
1, ,269, ,
3, ,270, ,
1, ,269, ,
3, ,269, ,
3, ,270, ,
3, ,269, ,
1, ,269, ,
3, ,271, ,
1, ,269, ,
3, ,269, ,
3, ,268, ,
3, ,269, ,
1, ,270, ,
3, ,273, ,
1, ,270, ,
1, ,271, ,
3, ,269, ,
3, ,270, ,
1, ,269, ,
3, ,269, ,
0, ,269, ,
1, ,270, ,
3, ,270, ,
3, ,271, ,
1, ,270, ,
3, ,271, ,
1, ,268, ,
1, ,270, ,
3, ,269, ,
3, ,269, ,
1, ,270, ,
3, ,270, ,
1, ,269, ,
1, ,269, ,
3, ,269, ,
3, ,269, ,
1, ,270, ,
3, ,269, ,
1, ,270, ,
1, ,270, ,
3, ,270, ,
3, ,271, ,
1, ,269, ,
3, ,270, ,
1, ,269, ,
3, ,270, ,
3, ,269, ,
3, ,269, ,
1, ,269, ,
3, ,271, ,
1, ,269, ,
1, ,269, ,
3, ,269, ,
3, ,271, ,
1, ,270, ,
3, ,270, ,
1, ,269, ,
1, ,271, ,
1, ,270, ,
1, ,270, ,
1, ,269, ,
3, ,270, ,
1, ,270, ,
1, ,270, ,
3, ,270, ,
3, ,270, ,
1, ,269, ,
3, ,270, ,
1, ,270, ,
1, ,270, ,
3, ,269, ,
3, ,269, ,
1, ,269, ,
3, ,270, ,
1, ,269, ,
1, ,269, ,
1, ,269, ,
1, ,270, ,
1, ,270, ,
3, ,270, ,
1, ,269, ,
3, ,270, ,
3, ,270, ,
1, ,269, ,
0, ,270, ,
3, ,270, ,
1, ,269, ,
1, ,270, ,
3, ,269, ,
1, ,270, ,
1, ,269, ,
3, ,271, ,
1, ,270, ,
1, ,271, ,
3, ,269, ,
3, ,269, ,
1, ,268, ,
3, ,267, ,
1, ,267, ,
1, ,269, ,
1, ,273, ,
3, ,274, ,
1, ,273, ,
3, ,270, ,
1, ,269, ,
1, ,269, ,
3, ,269, ,
1, ,269, ,
0, ,269, ,
3, ,270, ,
1, ,270, ,
3, ,269, ,
3, ,269, ,
1, ,270, ,
1, ,269, ,
3, ,269, ,
1, ,269, ,
1, ,270, ,
1, ,269, ,
3, ,269, ,
1, ,269, ,
3, ,269, ,
1, ,269, ,
1, ,269, ,
1, ,269, ,
3, ,270, ,
0, ,269, ,
3, ,270, ,
1, ,269, ,
1, ,270, ,
3, ,269, ,
3, ,270, ,
1, ,270, ,
3, ,269, ,
1, ,269, ,
1, ,269, ,
1, ,269, ,
3, ,269, ,
0, ,269, ,
3, ,269, ,
1, ,269, ,
1, ,269, ,
1, ,269, ,
1, ,269, ,
1, ,269, ,
3, ,270, ,
1, ,269, ,
1, ,270, ,
3, ,269, ,
3, ,270, ,
0, ,269, ,
3, ,269, ,
1, ,269, ,
3, ,270, ,
3, ,269, ,
1, ,269, ,
0, ,270, ,
3, ,270, ,
1, ,269, ,
3, ,270, ,
1, ,268, ,
1, ,269, ,
1, ,269, ,
3, ,269, ,
1, ,268, ,
1, ,271, ,
3, ,269, ,
3, ,270, ,
0, ,269, ,
3, ,270, ,
1, ,269, ,
1, ,269, ,
3, ,269, ,
1, ,269, ,
0, ,269, ,
3, ,269, ,
1, ,269, ,
1, ,269, ,
3, ,269, ,
3, ,269, ,
0, ,269, ,
3, ,271, ,
1, ,269, ,
1, ,269, ,
3, ,269, ,
3, ,269, ,
0, ,269, ,
3, ,269, ,
1, ,269, ,
1, ,269, ,
3, ,269, ,
1, ,269, ,
1, ,269, ,
3, ,270, ,
1, ,269, ,
1, ,270, ,
1, ,269, ,
1, ,269, ,
0, ,269, ,
3, ,269, ,
1, ,269, ,
1, ,270, ,
1, ,268, ,
3, ,269, ,
1, ,269, ,
3, ,270, ,
1, ,270, ,
1, ,271, ,
1, ,269, ,
1, ,271, ,
0, ,269, ,
3, ,269, ,
1, ,269, ,
1, ,269, ,
1, ,270, ,
1, ,271, ,
0, ,273, ,
3, ,270, ,
1, ,269, ,
1, ,269, ,
1, ,269, ,
3, ,271, ,
0, ,269, ,
3, ,269, ,
1, ,270, ,
1, ,271, ,
1, ,270, ,
1, ,269, ,
1, ,269, ,
3, ,271, ,
1, ,270, ,
1, ,270, ,
1, ,269, ,
3, ,270, ,
0, ,269, ,
3, ,271, ,
1, ,270, ,
1, ,271, ,
1, ,269, ,
1, ,269, ,
1, ,270, ,
3, ,271, ,
1, ,270, ,
1, ,270, ,
1, ,270, ,
3, ,270, ,
1, ,269, ,
3, ,269, ,
1, ,269, ,
1, ,271, ,
3, ,270, ,
1, ,270, ,
0, ,269, ,
3, ,271, ,
1, ,269, ,
1, ,270, ,
1, ,269, ,
1, ,270, ,
0, ,270, ,
3, ,270, ,
1, ,270, ,
1, ,270, ,
3, ,270, ,
1, ,270, ,
0, ,270, ,
3, ,270, ,
1, ,269, ,
1, ,270, ,
1, ,270, ,
1, ,271, ,
0, ,270, ,
3, ,270, ,
1, ,269, ,
1, ,270, ,
1, ,269, ,
3, ,270, ,
0, ,269, ,
1, ,270, ,
1, ,269, ,
1, ,270, ,
1, ,270, ,
1, ,270, ,
0, ,269, ,
3, ,270, ,
1, ,270, ,
1, ,269, ,
1, ,269, ,
1, ,269, ,
0, ,270, ,
3, ,271, ,
1, ,270, ,
1, ,271, ,
3, ,270, ,
3, ,270, ,
0, ,269, ,
3, ,271, ,
1, ,269, ,
1, ,270, ,
1, ,269, ,
1, ,269, ,
1, ,270, ,
1, ,269, ,
1, ,270, ,
1, ,270, ,
1, ,269, ,
3, ,271, ,
0, ,270, ,
3, ,270, ,
1, ,269, ,
1, ,270, ,
1, ,269, ,
1, ,270, ,
0, ,270, ,
1, ,270, ,
1, ,269, ,
1, ,270, ,
1, ,270, ,
1, ,269, ,
0, ,270, ,
3, ,271, ,
1, ,270, ,
1, ,271, ,
1, ,269, ,
3, ,269, ,
0, ,269, ,
3, ,271, ,
1, ,269, ,
1, ,270, ,
3, ,269, ,
1, ,271, ,
0, ,269, ,
3, ,269, ,
1, ,269, ,
1, ,270, ,
1, ,269, ,
1, ,270, ,
0, ,269, ,
1, ,270, ,
1, ,269, ,
1, ,270, ,
1, ,270, ,
1, ,270, ,
0, ,269, ,
3, ,270, ,
1, ,269, ,
1, ,271, ,
1, ,270, ,
1, ,270, ,
0, ,270, ,
3, ,271, ,
1, ,269, ,
1, ,270, ,
1, ,271, ,
3, ,271, ,
0, ,270, ,
3, ,269, ,
1, ,270, ,
1, ,270, ,
1, ,269, ,
1, ,271, ,
0, ,271, ,
1, ,269, ,
1, ,270, ,
1, ,270, ,
1, ,270, ,
1, ,271, ,
0, ,269, ,
3, ,271, ,
1, ,269, ,
1, ,270, ,
1, ,269, ,
3, ,271, ,
0, ,270, ,
1, ,270, ,
1, ,269, ,
1, ,270, ,
1, ,270, ,
3, ,271, ,
0, ,269, ,
1, ,271, ,
1, ,270, ,
1, ,270, ,
3, ,269, ,
1, ,270, ,
0, ,270, ,
3, ,270, ,
1, ,270, ,
1, ,271, ,
1, ,270, ,
1, ,269, ,
0, ,269, ,
3, ,271, ,
1, ,270, ,
1, ,270, ,
1, ,269, ,
3, ,269, ,
0, ,269, ,
1, ,270, ,
1, ,270, ,
1, ,270, ,
1, ,269, ,
3, ,271, ,
0, ,270, ,
3, ,270, ,
1, ,269, ,
1, ,270, ,
1, ,269, ,
1, ,271, ,
0, ,271, ,
3, ,270, ,
1, ,269, ,
1, ,270, ,
1, ,270, ,
1, ,270, ,
0, ,269, ,
1, ,270, ,
1, ,269, ,
1, ,270, ,
1, ,270, ,
3, ,269, ,
1, ,270, ,
3, ,271, ,
1, ,270, ,
1, ,270, ,
3, ,270, ,
1, ,271, ,
0, ,270, ,
3, ,270, ,
1, ,269, ,
1, ,271, ,
1, ,270, ,
1, ,271, ,
0, ,269, ,
1, ,269, ,
1, ,269, ,
1, ,270, ,
1, ,269, ,
3, ,271, ,
0, ,269, ,
3, ,271, ,
1, ,270, ,
1, ,271, ,
1, ,269, ,
1, ,269, ,
0, ,269, ,
3, ,270, ,
1, ,269, ,
1, ,271, ,
1, ,270, ,
1, ,270, ,
0, ,271, ,
1, ,270, ,
1, ,270, ,
1, ,270, ,
1, ,269, ,
1, ,270, ,
0, ,271, ,
3, ,270, ,
1, ,270, ,
1, ,269, ,
1, ,270, ,
1, ,269, ,
0, ,270, ,
1, ,269, ,
1, ,270, ,
1, ,270, ,
1, ,270, ,
1, ,270, ,
0, ,270, ,
1, ,270, ,
1, ,269, ,
1, ,270, ,
1, ,269, ,
3, ,270, ,
0, ,270, ,
3, ,270, ,
1, ,270, ,
1, ,270, ,
1, ,269, ,
1, ,269, ,
0, ,271, ,
3, ,270, ,
0, ,270, ,
1, ,271, ,
1, ,269, ,
1, ,270, ,
0, ,269, ,
3, ,270, ,
1, ,269, ,
1, ,270, ,
1, ,269, ,
1, ,270, ,
0, ,270, ,
3, ,270, ,
1, ,270, ,
1, ,269, ,
1, ,270, ,
1, ,270, ,
0, ,269, ,
1, ,270, ,
1, ,269, ,
1, ,270, ,
1, ,269, ,
1, ,270, ,
121, ,270, ,
72, ,270, ,
46, ,269, ,
32, ,271, ,
22, ,269, ,
13, ,271, ,
6, ,270, ,
8, ,271, ,
6, ,271, ,
4, ,270, ,
4, ,270, ,
4, ,271, ,
4, ,270, ,
5, ,270, ,
3, ,269, ,
4, ,271, ,
4, ,270, ,
4, ,270, ,
1, ,269, ,
4, ,269, ,
3, ,269, ,
3, ,271, ,
4, ,269, ,
4, ,270, ,
3, ,269, ,
4, ,269, ,
3, ,270, ,
3, ,270, ,
4, ,269, ,
4, ,270, ,
3, ,269, ,
4, ,270, ,
3, ,269, ,
3, ,270, ,
4, ,269, ,
4, ,269, ,
3, ,270, ,
4, ,270, ,
3, ,269, ,
3, ,269, ,
4, ,269, ,
4, ,270, ,
3, ,269, ,
4, ,271, ,
3, ,270, ,
3, ,270, ,
4, ,270, ,
4, ,269, ,
3, ,269, ,
4, ,271, ,
3, ,269, ,
3, ,270, ,
4, ,269, ,
4, ,270, ,
3, ,269, ,
4, ,270, ,
3, ,269, ,
3, ,271, ,
4, ,270, ,
4, ,270, ,
1, ,270, ,
4, ,270, ,
3, ,269, ,
3, ,271, ,
4, ,270, ,
4, ,270, ,
1, ,270, ,
4, ,270, ,
1, ,269, ,
3, ,270, ,
4, ,269, ,
4, ,270, ,
3, ,270, ,
4, ,270, ,
3, ,269, ,
3, ,270, ,
3, ,269, ,
4, ,270, ,
1, ,269, ,
4, ,270, ,
3, ,269, ,
3, ,269, ,
4, ,270, ,
3, ,270, ,
1, ,270, ,
4, ,270, ,
3, ,269, ,
3, ,271, ,
4, ,269, ,
4, ,270, ,
3, ,269, ,
4, ,271, ,
1, ,270, ,
3, ,270, ,
4, ,270, ,
4, ,270, ,
3, ,270, ,
4, ,271, ,
3, ,269, ,
3, ,271, ,
3, ,269, ,
4, ,270, ,
1, ,269, ,
4, ,270, ,
3, ,270, ,
3, ,270, ,
4, ,270, ,
3, ,269, ,
1, ,271, ,
4, ,269, ,
3, ,270, ,
3, ,270, ,
4, ,269, ,
3, ,271, ,
1, ,269, ,
4, ,270, ,
1, ,270, ,
3, ,271, ,
4, ,270, ,
3, ,270, ,
3, ,270, ,
4, ,271, ,
3, ,269, ,
3, ,271, ,
3, ,270, ,
3, ,271, ,
1, ,269, ,
4, ,270, ,
3, ,270, ,
3, ,270, ,
3, ,270, ,
3, ,270, ,
1, ,270, ,
4, ,271, ,
1, ,269, ,
3, ,270, ,
3, ,270, ,
3, ,270, ,
1, ,269, ,
4, ,270, ,
3, ,269, ,
3, ,270, ,
3, ,269, ,
3, ,269, ,
1, ,269, ,
4, ,270, ,
1, ,270, ,
3, ,269, ,
3, ,270, ,
3, ,270, ,
1, ,269, ,
4, ,269, ,
3, ,269, ,
3, ,271, ,
3, ,270, ,
3, ,270, ,
1, ,269, ,
4, ,269, ,
1, ,270, ,
1, ,270, ,
3, ,269, ,
3, ,269, ,
1, ,269, ,
4, ,269, ,
1, ,270, ,
3, ,271, ,
3, ,270, ,
3, ,269, ,
1, ,269, ,
4, ,270, ,
3, ,269, ,
3, ,270, ,
3, ,269, ,
3, ,270, ,
1, ,269, ,
4, ,269, ,
1, ,269, ,
3, ,271, ,
3, ,270, ,
3, ,270, ,
1, ,269, ,
3, ,270, ,
3, ,270, ,
3, ,270, ,
3, ,271, ,
3, ,271, ,
1, ,271, ,
3, ,271, ,
1, ,270, ,
3, ,270, ,
3, ,269, ,
3, ,270, ,
1, ,268, ,
4, ,269, ,
3, ,268, ,
3, ,270, ,
3, ,269, ,
3, ,270, ,
1, ,269, ,
4, ,270, ,
1, ,270, ,
3, ,270, ,
3, ,269, ,
3, ,269, ,
1, ,271, ,
4, ,270, ,
3, ,269, ,
3, ,270, ,
3, ,270, ,
3, ,271, ,
1, ,269, ,
3, ,269, ,
1, ,269, ,
3, ,271, ,
3, ,269, ,
3, ,270, ,
1, ,270, ,
4, ,271, ,
1, ,270, ,
3, ,270, ,
3, ,269, ,
3, ,270, ,
1, ,269, ,
4, ,269, ,
3, ,269, ,
3, ,269, ,
3, ,270, ,
3, ,269, ,
1, ,269, ,
3, ,269, ,
1, ,268, ,
3, ,269, ,
3, ,269, ,
3, ,270, ,
1, ,269, ,
3, ,269, ,
3, ,269, ,
3, ,269, ,
3, ,270, ,
3, ,270, ,
1, ,271, ,
4, ,271, ,
1, ,270, ,
3, ,270, ,
3, ,269, ,
3, ,269, ,
1, ,270, ,
3, ,270, ,
1, ,269, ,
3, ,270, ,
3, ,269, ,
3, ,269, ,
1, ,270, ,
3, ,270, ,
1, ,270, ,
3, ,270, ,
3, ,269, ,
3, ,270, ,
1, ,269, ,
3, ,270, ,
1, ,269, ,
3, ,270, ,
3, ,269, ,
3, ,270, ,
1, ,270, ,
4, ,269, ,
1, ,269, ,
3, ,269, ,
3, ,269, ,
3, ,270, ,
1, ,269, ,
3, ,271, ,
1, ,270, ,
3, ,271, ,
3, ,270, ,
1, ,270, ,
1, ,270, ,
3, ,271, ,
1, ,270, ,
3, ,270, ,
3, ,269, ,
3, ,269, ,
1, ,269, ,
3, ,269, ,
1, ,269, ,
3, ,270, ,
3, ,269, ,
3, ,269, ,
1, ,270, ,
4, ,270, ,
1, ,269, ,
3, ,269, ,
3, ,269, ,
3, ,270, ,
1, ,270, ,
3, ,270, ,
1, ,269, ,
3, ,269, ,
3, ,269, ,
3, ,269, ,
1, ,269, ,
3, ,269, ,
1, ,269, ,
3, ,269, ,
3, ,269, ,
3, ,269, ,
1, ,270, ,
3, ,270, ,
0, ,269, ,
3, ,270, ,
3, ,269, ,
3, ,270, ,
1, ,270, ,
4, ,270, ,
1, ,269, ,
1, ,269, ,
3, ,269, ,
3, ,271, ,
1, ,269, ,
3, ,269, ,
1, ,269, ,
3, ,270, ,
3, ,269, ,
1, ,269, ,
1, ,269, ,
3, ,269, ,
1, ,269, ,
3, ,269, ,
3, ,270, ,
1, ,270, ,
1, ,270, ,
3, ,271, ,
1, ,269, ,
3, ,271, ,
3, ,269, ,
3, ,270, ,
1, ,270, ,
3, ,269, ,
1, ,269, ,
3, ,269, ,
3, ,269, ,
3, ,269, ,
53, ,269, ,
64, ,269, ,
43, ,270, ,
25, ,270, ,
16, ,270, ,
11, ,270, ,
9, ,270, ,
9, ,269, ,
6, ,270, ,
5, ,271, ,
5, ,270, ,
4, ,270, ,
3, ,269, ,
5, ,270, ,
3, ,269, ,
4, ,271, ,
4, ,269, ,
4, ,269, ,
1, ,269, ,
4, ,270, ,
3, ,269, ,
3, ,269, ,
4, ,270, ,
4, ,270, ,
1, ,269, ,
4, ,270, ,
1, ,270, ,
4, ,269, ,
4, ,269, ,
4, ,269, ,
1, ,269, ,
4, ,269, ,
3, ,269, ,
4, ,270, ,
4, ,270, ,
4, ,271, ,
3, ,270, ,
4, ,269, ,
3, ,269, ,
3, ,269, ,
4, ,269, ,
4, ,269, ,
3, ,270, ,
4, ,270, ,
3, ,270, ,
3, ,271, ,
4, ,269, ,
4, ,269, ,
1, ,269, ,
4, ,269, ,
3, ,269, ,
3, ,269, ,
4, ,269, ,
4, ,270, ,
3, ,269, ,
4, ,270, ,
3, ,269, ,
3, ,270, ,
4, ,269, ,
4, ,270, ,
3, ,269, ,
4, ,271, ,
3, ,270, ,
3, ,270, ,
4, ,269, ,
4, ,271, ,
3, ,270, ,
4, ,270, ,
3, ,269, ,
3, ,269, ,
4, ,270, ,
4, ,270, ,
1, ,270, ,
4, ,269, ,
1, ,269, ,
3, ,271, ,
3, ,269, ,
4, ,270, ,
1, ,269, ,
4, ,270, ,
3, ,270, ,
3, ,270, ,
4, ,270, ,
3, ,270, ,
1, ,269, ,
4, ,269, ,
1, ,270, ,
3, ,270, ,
4, ,268, ,
4, ,269, ,
3, ,269, ,
5, ,269, ,
3, ,269, ,
3, ,269, ,
4, ,270, ,
4, ,271, ,
1, ,269, ,
4, ,269, ,
1, ,269, ,
3, ,270, ,
3, ,269, ,
4, ,270, ,
1, ,270, ,
4, ,269, ,
1, ,269, ,
3, ,269, ,
4, ,269, ,
4, ,270, ,
1, ,269, ,
4, ,269, ,
3, ,269, ,
3, ,271, ,
3, ,269, ,
4, ,270, ,
3, ,271, ,
4, ,270, ,
1, ,269, ,
3, ,269, ,
3, ,269, ,
3, ,270, ,
1, ,269, ,
4, ,269, ,
3, ,269, ,
3, ,269, ,
4, ,269, ,
3, ,269, ,
1, ,269, ,
4, ,269, ,
1, ,269, ,
3, ,270, ,
4, ,269, ,
3, ,270, ,
1, ,269, ,
4, ,269, ,
3, ,269, ,
3, ,270, ,
3, ,269, ,
3, ,270, ,
1, ,269, ,
4, ,269, ,
3, ,270, ,
3, ,269, ,
3, ,270, ,
3, ,271, ,
1, ,269, ,
4, ,269, ,
1, ,269, ,
3, ,269, ,
4, ,269, ,
3, ,269, ,
1, ,269, ,
4, ,271, ,
1, ,269, ,
3, ,270, ,
3, ,269, ,
3, ,270, ,
1, ,269, ,
4, ,270, ,
1, ,270, ,
3, ,270, ,
3, ,269, ,
3, ,269, ,
1, ,271, ,
4, ,270, ,
3, ,269, ,
3, ,270, ,
3, ,269, ,
3, ,270, ,
1, ,269, ,
3, ,270, ,
1, ,269, ,
3, ,271, ,
3, ,270, ,
3, ,271, ,
1, ,269, ,
4, ,270, ,
1, ,269, ,
3, ,269, ,
3, ,269, ,
3, ,270, ,
1, ,268, ,
3, ,270, ,
3, ,270, ,
3, ,269, ,
3, ,269, ,
3, ,269, ,
1, ,269, ,
4, ,269, ,
1, ,269, ,
3, ,270, ,
3, ,270, ,
3, ,271, ,
1, ,269, ,
4, ,271, ,
3, ,269, ,
3, ,269, ,
3, ,269, ,
3, ,269, ,
1, ,270, ,
3, ,270, ,
1, ,269, ,
3, ,269, ,
3, ,269, ,
3, ,271, ,
1, ,269, ,
3, ,271, ,
3, ,270, ,
3, ,270, ,
3, ,269, ,
3, ,269, ,
1, ,269, ,
4, ,270, ,
1, ,269, ,
3, ,270, ,
3, ,270, ,
3, ,270, ,
1, ,269, ,
4, ,269, ,
1, ,269, ,
3, ,270, ,
3, ,269, ,
3, ,269, ,
1, ,270, ,
3, ,270, ,
3, ,269, ,
3, ,270, ,
3, ,269, ,
3, ,270, ,
1, ,269, ,
3, ,270, ,
1, ,269, ,
3, ,271, ,
3, ,269, ,
3, ,270, ,
1, ,269, ,
4, ,269, ,
3, ,270, ,
3, ,271, ,
3, ,270, ,
3, ,270, ,
1, ,269, ,
4, ,269, ,
1, ,269, ,
1, ,270, ,
3, ,268, ,
3, ,268, ,
1, ,267, ,
4, ,267, ,
3, ,267, ,
3, ,271, ,
3, ,274, ,
3, ,274, ,
1, ,271, ,
3, ,269, ,
3, ,268, ,
3, ,269, ,
3, ,269, ,
3, ,271, ,
1, ,270, ,
4, ,269, ,
3, ,269, ,
1, ,269, ,
3, ,269, ,
3, ,269, ,
1, ,269, ,
3, ,269, ,
3, ,269, ,
1, ,269, ,
3, ,268, ,
3, ,269, ,
1, ,269, ,
3, ,270, ,
1, ,269, ,
3, ,269, ,
3, ,269, ,
3, ,269, ,
1, ,269, ,
3, ,269, ,
3, ,269, ,
3, ,270, ,
3, ,269, ,
3, ,269, ,
1, ,269, ,
4, ,269, ,
1, ,269, ,
1, ,269, ,
3, ,269, ,
3, ,269, ,
1, ,269, ,
4, ,269, ,
3, ,269, ,
3, ,269, ,
3, ,269, ,
1, ,269, ,
1, ,270, ,
3, ,269, ,
1, ,269, ,
1, ,270, ,
3, ,269, ,
1, ,270, ,
1, ,269, ,
4, ,269, ,
1, ,270, ,
3, ,270, ,
3, ,269, ,
3, ,269, ,
1, ,269, ,
4, ,270, ,
1, ,269, ,
3, ,269, ,
3, ,268, ,
3, ,270, ,
1, ,269, ,
3, ,269, ,
3, ,269, ,
3, ,270, ,
3, ,269, ,
3, ,269, ,
1, ,269, ,
3, ,269, ,
1, ,269, ,
1, ,269, ,
3, ,269, ,
3, ,269, ,
1, ,270, ,
3, ,269, ,
3, ,269, ,
3, ,269, ,
3, ,269, ,
3, ,270, ,
1, ,269, ,
3, ,269, ,
1, ,269, ,
1, ,269, ,
3, ,269, ,
3, ,269, ,
1, ,269, ,
3, ,269, ,
1, ,269, ,
1, ,270, ,
3, ,269, ,
3, ,270, ,
1, ,270, ,
3, ,271, ,
1, ,269, ,
1, ,269, ,
3, ,269, ,
3, ,271, ,
1, ,270, ,
3, ,269, ,
3, ,269, ,
1, ,270, ,
3, ,270, ,
3, ,270, ,
1, ,270, ,
3, ,271, ,
1, ,270, ,
1, ,271, ,
3, ,269, ,
3, ,269, ,
0, ,269, ,
3, ,269, ,
1, ,270, ,
1, ,270, ,
3, ,271, ,
1, ,271, ,
1, ,270, ,
3, ,269, ,
1, ,269, ,
3, ,269, ,
3, ,270, ,
3, ,270, ,
0, ,269, ,
3, ,269, ,
1, ,269, ,
3, ,270, ,
3, ,270, ,
3, ,269, ,
1, ,269, ,
3, ,270, ,
1, ,269, ,
3, ,270, ,
3, ,270, ,
3, ,270, ,
0, ,269, ,
3, ,270, ,
1, ,270, ,
1, ,270, ,
3, ,269, ,
3, ,270, ,
1, ,270, ,
3, ,271, ,
1, ,270, ,
1, ,270, ,
1, ,270, ,
3, ,270, ,
1, ,270, ,
3, ,270, ,
1, ,269, ,
3, ,271, ,
3, ,270, ,
3, ,269, ,
1, ,271, ,
3, ,270, ,
1, ,269, ,
1, ,270, ,
3, ,270, ,
3, ,270, ,
0, ,269, ,
3, ,270, ,
1, ,270, ,
1, ,271, ,
3, ,269, ,
3, ,270, ,
1, ,269, ,
3, ,270, ,
1, ,269, ,
1, ,270, ,
3, ,269, ,
3, ,270, ,
1, ,269, ,
3, ,270, ,
1, ,269, ,
1, ,270, ,
3, ,270, ,
1, ,269, ,
1, ,269, ,
4, ,270, ,
1, ,270, ,
1, ,270, ,
3, ,269, ,
3, ,271, ,
1, ,270, ,
3, ,270, ,
1, ,270, ,
3, ,270, ,
3, ,269, ,
1, ,269, ,
1, ,269, ,
3, ,270, ,
1, ,269, ,
1, ,270, ,
3, ,269, ,
1, ,270, ,
1, ,269, ,
3, ,269, ,
1, ,269, ,
3, ,271, ,
3, ,270, ,
1, ,270, ,
0, ,270, ,
3, ,271, ,
1, ,270, ,
1, ,270, ,
3, ,269, ,
3, ,271, ,
0, ,269, ,
3, ,269, ,
1, ,269, ,
1, ,271, ,
3, ,270, ,
1, ,270, ,
0, ,269, ,
3, ,270, ,
1, ,269, ,
3, ,269, ,
3, ,269, ,
1, ,270, ,
0, ,269, ,
3, ,271, ,
1, ,270, ,
3, ,270, ,
3, ,269, ,
1, ,269, ,
1, ,269, ,
3, ,269, ,
1, ,269, ,
1, ,270, ,
3, ,269, ,
1, ,271, ,
0, ,270, ,
3, ,269, ,
1, ,269, ,
3, ,271, ,
3, ,269, ,
1, ,269, ,
0, ,270, ,
3, ,270, ,
1, ,269, ,
3, ,269, ,
1, ,269, ,
1, ,269, ,
0, ,270, ,
3, ,269, ,
1, ,270, ,
3, ,270, ,
3, ,270, ,
1, ,270, ,
0, ,271, ,
3, ,270, ,
1, ,269, ,
1, ,270, ,
3, ,269, ,
1, ,270, ,
0, ,269, ,
3, ,269, ,
1, ,269, ,
1, ,271, ,
3, ,269, ,
1, ,270, ,
0, ,269, ,
3, ,271, ,
1, ,270, ,
1, ,269, ,
3, ,270, ,
1, ,270, ,
0, ,270, ,
3, ,270, ,
1, ,269, ,
1, ,269, ,
1, ,270, ,
1, ,269, ,
0, ,270, ,
3, ,270, ,
1, ,269, ,
1, ,270, ,
1, ,269, ,
1, ,270, ,
0, ,269, ,
3, ,270, ,
1, ,269, ,
1, ,270, ,
1, ,270, ,
1, ,270, ,
0, ,269, ,
3, ,270, ,
1, ,269, ,
76, ,267, ,
75, ,266, ,
51, ,270, ,
29, ,276, ,
19, ,275, ,
13, ,269, ,
9, ,268, ,
8, ,268, ,
6, ,270, ,
3, ,271, ,
5, ,270, ,
3, ,270, ,
3, ,269, ,
5, ,269, ,
4, ,271, ,
1, ,270, ,
4, ,270, ,
3, ,269, ,
3, ,270, ,
4, ,269, ,
4, ,269, ,
1, ,269, ,
4, ,270, ,
3, ,269, ,
3, ,271, ,
4, ,269, ,
4, ,269, ,
1, ,269, ,
4, ,269, ,
3, ,269, ,
4, ,269, ,
4, ,269, ,
4, ,269, ,
1, ,270, ,
5, ,271, ,
3, ,270, ,
3, ,269, ,
4, ,270, ,
4, ,270, ,
1, ,269, ,
4, ,270, ,
3, ,270, ,
3, ,271, ,
4, ,267, ,
4, ,269, ,
1, ,271, ,
4, ,270, ,
1, ,270, ,
3, ,270, ,
4, ,269, ,
4, ,270, ,
1, ,270, ,
4, ,270, ,
3, ,269, ,
4, ,270, ,
4, ,270, ,
4, ,269, ,
1, ,270, ,
5, ,269, ,
1, ,270, ,
3, ,269, ,
4, ,269, ,
4, ,270, ,
1, ,270, ,
4, ,270, ,
3, ,269, ,
3, ,271, ,
4, ,269, ,
4, ,270, ,
1, ,270, ,
4, ,270, ,
3, ,270, ,
3, ,270, ,
3, ,269, ,
4, ,271, ,
1, ,269, ,
4, ,270, ,
1, ,270, ,
3, ,270, ,
4, ,269, ,
3, ,270, ,
3, ,270, ,
4, ,271, ,
1, ,269, ,
3, ,270, ,
4, ,269, ,
4, ,270, ,
1, ,269, ,
4, ,270, ,
3, ,269, ,
3, ,270, ,
3, ,269, ,
3, ,269, ,
1, ,269, ,
4, ,270, ,
3, ,269, ,
3, ,271, ,
3, ,269, ,
4, ,271, ,
1, ,270, ,
4, ,270, ,
1, ,270, ,
3, ,270, ,
4, ,269, ,
3, ,270, ,
1, ,270, ,
4, ,271, ,
1, ,269, ,
3, ,270, ,
4, ,269, ,
4, ,271, ,
1, ,269, ,
3, ,270, ,
1, ,269, ,
3, ,269, ,
3, ,269, ,
4, ,271, ,
3, ,269, ,
4, ,270, ,
3, ,270, ,
3, ,270, ,
4, ,270, ,
3, ,270, ,
1, ,269, ,
4, ,271, ,
1, ,270, ,
3, ,270, ,
3, ,269, ,
4, ,270, ,
3, ,270, ,
4, ,270, ,
3, ,269, ,
3, ,270, ,
3, ,270, ,
3, ,270, ,
1, ,269, ,
4, ,271, ,
1, ,269, ,
3, ,270, ,
3, ,269, ,
3, ,270, ,
1, ,270, ,
4, ,271, ,
3, ,269, ,
3, ,270, ,
3, ,269, ,
3, ,270, ,
1, ,270, ,
3, ,271, ,
3, ,269, ,
3, ,270, ,
4, ,269, ,
3, ,270, ,
1, ,271, ,
4, ,270, ,
1, ,269, ,
3, ,269, ,
3, ,270, ,
4, ,271, ,
1, ,269, ,
4, ,271, ,
1, ,270, ,
3, ,270, ,
3, ,269, ,
3, ,270, ,
1, ,270, ,
4, ,270, ,
1, ,269, ,
3, ,271, ,
3, ,269, ,
4, ,271, ,
1, ,270, ,
4, ,269, ,
3, ,269, ,
3, ,270, ,
3, ,269, ,
3, ,270, ,
1, ,269, ,
3, ,270, ,
1, ,269, ,
3, ,270, ,
3, ,269, ,
3, ,270, ,
1, ,270, ,
4, ,270, ,
1, ,269, ,
3, ,271, ,
3, ,269, ,
3, ,270, ,
1, ,269, ,
4, ,269, ,
3, ,270, ,
3, ,270, ,
3, ,269, ,
3, ,271, ,
1, ,270, ,
4, ,270, ,
3, ,269, ,
3, ,271, ,
3, ,269, ,
3, ,269, ,
1, ,270, ,
4, ,270, ,
3, ,270, ,
3, ,269, ,
3, ,270, ,
3, ,270, ,
1, ,270, ,
3, ,269, ,
1, ,270, ,
3, ,270, ,
3, ,270, ,
3, ,270, ,
1, ,270, ,
4, ,270, ,
3, ,269, ,
3, ,270, ,
3, ,270, ,
3, ,271, ,
1, ,270, ,
4, ,270, ,
3, ,269, ,
3, ,270, ,
3, ,269, ,
3, ,270, ,
1, ,269, ,
3, ,269, ,
1, ,269, ,
1, ,269, ,
3, ,269, ,
3, ,270, ,
1, ,270, ,
3, ,271, ,
1, ,270, ,
3, ,269, ,
3, ,269, ,
3, ,271, ,
1, ,270, ,
4, ,270, ,
1, ,269, ,
3, ,269, ,
3, ,270, ,
3, ,270, ,
1, ,270, ,
3, ,270, ,
1, ,269, ,
3, ,271, ,
3, ,270, ,
3, ,270, ,
1, ,269, ,
3, ,269, ,
3, ,269, ,
3, ,269, ,
3, ,269, ,
3, ,270, ,
1, ,269, ,
3, ,270, ,
1, ,270, ,
3, ,270, ,
3, ,269, ,
3, ,270, ,
1, ,271, ,
3, ,271, ,
3, ,269, ,
3, ,271, ,
3, ,270, ,
1, ,270, ,
1, ,269, ,
3, ,270, ,
3, ,269, ,
1, ,270, ,
3, ,269, ,
3, ,270, ,
1, ,270, ,
3, ,270, ,
1, ,269, ,
1, ,270, ,
3, ,269, ,
3, ,271, ,
1, ,269, ,
3, ,270, ,
1, ,270, ,
3, ,269, ,
3, ,269, ,
3, ,270, ,
1, ,269, ,
3, ,269, ,
3, ,269, ,
3, ,271, ,
3, ,269, ,
3, ,270, ,
1, ,270, ,
3, ,269, ,
1, ,269, ,
1, ,271, ,
3, ,270, ,
3, ,270, ,
1, ,270, ,
3, ,270, ,
1, ,269, ,
1, ,269, ,
3, ,270, ,
3, ,271, ,
1, ,269, ,
3, ,271, ,
1, ,269, ,
3, ,270, ,
3, ,269, ,
3, ,269, ,
1, ,270, ,
3, ,270, ,
1, ,269, ,
1, ,271, ,
3, ,270, ,
3, ,269, ,
1, ,269, ,
3, ,269, ,
1, ,269, ,
3, ,271, ,
3, ,270, ,
3, ,271, ,
1, ,269, ,
3, ,270, ,
1, ,270, ,
3, ,269, ,
3, ,269, ,
3, ,269, ,
1, ,269, ,
3, ,269, ,
3, ,269, ,
3, ,269, ,
3, ,270, ,
3, ,270, ,
1, ,269, ,
3, ,270, ,
1, ,269, ,
1, ,269, ,
3, ,269, ,
3, ,271, ,
1, ,269, ,
3, ,270, ,
1, ,270, ,
3, ,269, ,
3, ,269, ,
3, ,270, ,
1, ,269, ,
3, ,270, ,
0, ,269, ,
3, ,270, ,
3, ,269, ,
3, ,270, ,
1, ,269, ,
3, ,270, ,
3, ,269, ,
1, ,269, ,
3, ,269, ,
3, ,269, ,
1, ,269, ,
3, ,269, ,
1, ,269, ,
1, ,269, ,
3, ,268, ,
3, ,269, ,
1, ,269, ,
3, ,271, ,
1, ,271, ,
3, ,271, ,
3, ,269, ,
3, ,269, ,
1, ,269, ,
3, ,270, ,
1, ,269, ,
1, ,269, ,
3, ,269, ,
3, ,271, ,
1, ,269, ,
3, ,270, ,
1, ,269, ,
1, ,269, ,
3, ,268, ,
3, ,269, ,
1, ,269, ,
3, ,270, ,
1, ,270, ,
1, ,269, ,
1, ,270, ,
3, ,271, ,
0, ,270, ,
3, ,271, ,
1, ,269, ,
3, ,269, ,
1, ,269, ,
3, ,269, ,
1, ,268, ,
3, ,268, ,
1, ,267, ,
1, ,268, ,
1, ,269, ,
3, ,269, ,
1, ,270, ,
3, ,271, ,
1, ,271, ,
1, ,271, ,
3, ,270, ,
3, ,271, ,
1, ,269, ,
3, ,271, ,
1, ,269, ,
1, ,268, ,
3, ,269, ,
1, ,269, ,
0, ,268, ,
3, ,270, ,
1, ,269, ,
1, ,270, ,
1, ,269, ,
3, ,270, ,
1, ,270, ,
3, ,271, ,
1, ,269, ,
1, ,271, ,
3, ,271, ,
3, ,270, ,
0, ,269, ,
3, ,269, ,
1, ,269, ,
1, ,270, ,
3, ,269, ,
1, ,269, ,
1, ,269, ,
3, ,269, ,
1, ,270, ,
1, ,269, ,
3, ,269, ,
1, ,270, ,
1, ,269, ,
3, ,270, ,
1, ,268, ,
3, ,270, ,
1, ,270, ,
3, ,270, ,
1, ,270, ,
3, ,271, ,
1, ,270, ,
1, ,271, ,
3, ,270, ,
1, ,270, ,
1, ,269, ,
3, ,269, ,
1, ,269, ,
1, ,269, ,
1, ,269, ,
3, ,269, ,
1, ,270, ,
3, ,270, ,
1, ,269, ,
1, ,269, ,
3, ,269, ,
3, ,271, ,
1, ,270, ,
3, ,270, ,
1, ,269, ,
1, ,271, ,
3, ,269, ,
3, ,269, ,
1, ,269, ,
3, ,270, ,
1, ,269, ,
1, ,269, ,
3, ,269, ,
1, ,269, ,
1, ,269, ,
3, ,270, ,
1, ,270, ,
3, ,271, ,
1, ,269, ,
3, ,271, ,
1, ,270, ,
3, ,271, ,
1, ,270, ,
1, ,270, ,
1, ,269, ,
3, ,270, ,
1, ,269, ,
3, ,269, ,
1, ,268, ,
1, ,269, ,
3, ,267, ,
3, ,269, ,
0, ,268, ,
3, ,270, ,
1, ,270, ,
1, ,270, ,
1, ,271, ,
1, ,271, ,
0, ,270, ,
3, ,271, ,
1, ,270, ,
1, ,270, ,
1, ,269, ,
1, ,270, ,
1, ,270, ,
3, ,270, ,
1, ,269, ,
1, ,269, ,
1, ,269, ,
1, ,269, ,
1, ,269, ,
3, ,269, ,
1, ,269, ,
1, ,270, ,
1, ,269, ,
1, ,270, ,
0, ,270, ,
3, ,271, ,
1, ,269, ,
1, ,271, ,
1, ,269, ,
1, ,269, ,
0, ,269, ,
3, ,269, ,
1, ,269, ,
1, ,270, ,
1, ,269, ,
1, ,269, ,
0, ,269, ,
3, ,269, ,
1, ,269, ,
1, ,269, ,
1, ,269, ,
3, ,271, ,
1, ,270, ,
3, ,271, ,
1, ,269, ,
1, ,270, ,
1, ,269, ,
3, ,269, ,
0, ,269, ,
3, ,269, ,
1, ,269, ,
1, ,269, ,
1, ,269, ,
3, ,269, ,
1, ,269, ,
3, ,269, ,
1, ,269, ,
1, ,270, ,
1, ,269, ,
3, ,270, ,
0, ,269, ,
3, ,270, ,
1, ,270, ,
1, ,271, ,
1, ,269, ,
3, ,270, ,
0, ,269, ,
3, ,269, ,
1, ,269, ,
1, ,269, ,
1, ,269, ,
3, ,270, ,
0, ,269, ,
1, ,270, ,
1, ,269, ,
1, ,270, ,
1, ,269, ,
1, ,271, ,
0, ,270, ,
3, ,269, ,
1, ,269, ,
1, ,270, ,
1, ,269, ,
3, ,269, ,
1, ,269, ,
3, ,269, ,
1, ,269, ,
1, ,271, ,
3, ,269, ,
1, ,268, ,
0, ,269, ,
3, ,270, ,
1, ,270, ,
1, ,269, ,
1, ,269, ,
1, ,269, ,
0, ,271, ,
3, ,271, ,
1, ,270, ,
1, ,271, ,
3, ,269, ,
3, ,271, ,
0, ,269, ,
3, ,269, ,
1, ,269, ,
1, ,270, ,
3, ,269, ,
1, ,269, ,
1, ,269, ,
3, ,269, ,
1, ,269, ,
1, ,269, ,
3, ,269, ,
1, ,270, ,
0, ,270, ,
3, ,269, ,
1, ,269, ,
1, ,269, ,
1, ,269, ,
1, ,269, ,
0, ,269, ,
3, ,270, ,
1, ,269, ,
1, ,270, ,
1, ,269, ,
3, ,269, ,
1, ,269, ,
3, ,269, ,
1, ,269, ,
1, ,271, ,
1, ,269, ,
3, ,270, ,
0, ,269, ,
3, ,270, ,
1, ,269, ,
1, ,270, ,
1, ,271, ,
1, ,271, ,
0, ,269, ,
3, ,270, ,
1, ,270, ,
1, ,271, ,
1, ,269, ,
1, ,270, ,
0, ,269, ,
1, ,270, ,
1, ,269, ,
1, ,269, ,
3, ,270, ,
3, ,271, ,
0, ,270, ,
3, ,270, ,
1, ,270, ,
1, ,270, ,
1, ,269, ,
1, ,270, ,
0, ,269, ,
3, ,270, ,
1, ,269, ,
1, ,269, ,
1, ,269, ,
1, ,270, ,
0, ,269, ,
3, ,270, ,
1, ,269, ,
1, ,270, ,
1, ,269, ,
1, ,269, ,
0, ,271, ,
1, ,269, ,
1, ,269, ,
1, ,270, ,
1, ,270, ,
3, ,271, ,
0, ,269, ,
3, ,269, ,
1, ,269, ,
1, ,270, ,
1, ,269, ,
3, ,269, ,
0, ,270, ,
3, ,270, ,
1, ,269, ,
1, ,270, ,
1, ,270, ,
1, ,270, ,
0, ,269, ,
3, ,270, ,
1, ,270, ,
1, ,270, ,
1, ,269, ,
1, ,270, ,
0, ,269, ,
1, ,270, ,
1, ,269, ,
1, ,270, ,
1, ,270, ,
3, ,269, ,
0, ,269, ,
3, ,269, ,
1, ,269, ,
1, ,270, ,
1, ,269, ,
3, ,270, ,
0, ,269, ,
3, ,270, ,
1, ,269, ,
1, ,270, ,
1, ,269, ,
1, ,270, ,
0, ,269, ,
1, ,269, ,
1, ,270, ,
1, ,271, ,
3, ,269, ,
1, ,269, ,
0, ,270, ,
3, ,270, ,
1, ,269, ,
1, ,268, ,
1, ,266, ,
1, ,267, ,
0, ,268, ,
3, ,273, ,
1, ,274, ,
1, ,274, ,
1, ,270, ,
3, ,269, ,
0, ,269, ,
3, ,269, ,
1, ,269, ,
1, ,269, ,
1, ,269, ,
1, ,270, ,
0, ,269, ,
1, ,269, ,
1, ,269, ,
1, ,271, ,
1, ,269, ,
1, ,269, ,
0, ,270, ,
1, ,269, ,
1, ,269, ,
1, ,269, ,
1, ,270, ,
1, ,269, ,
0, ,269, ,
3, ,269, ,
1, ,269, ,
1, ,271, ,
1, ,269, ,
1, ,269, ,
0, ,269, ,
3, ,270, ,
1, ,269, ,
1, ,270, ,
1, ,269, ,
3, ,270, ,
0, ,269, ,
3, ,269, ,
1, ,269, ,
1, ,270, ,
1, ,268, ,
1, ,269, ,
0, ,269, ,
3, ,270, ,
1, ,269, ,
1, ,269, ,
1, ,269, ,
1, ,269, ,
0, ,268, ,
3, ,270, ,
1, ,269, ,
1, ,270, ,
1, ,269, ,
1, ,269, ,
0, ,269, ,
1, ,269, ,
1, ,269, ,
1, ,269, ,
3, ,269, ,
3, ,270, ,
0, ,269, ,
3, ,269, ,
1, ,269, ,
1, ,270, ,
1, ,269, ,
1, ,269, ,
0, ,269, ,
3, ,270, ,
1, ,269, ,
1, ,269, ,
1, ,269, ,
3, ,270, ,
0, ,269, ,
3, ,269, ,
1, ,269, ,
1, ,270, ,
1, ,269, ,
1, ,269, ,
0, ,270, ,
3, ,270, ,
1, ,269, ,
1, ,269, ,
1, ,268, ,
1, ,268, ,
0, ,268, ,
3, ,269, ,
1, ,270, ,
1, ,271, ,
1, ,269, ,
1, ,271, ,
0, ,269, ,
3, ,270, ,
1, ,269, ,
1, ,268, ,
1, ,268, ,
1, ,270, ,
0, ,269, ,
1, ,270, ,
1, ,269, ,
1, ,269, ,
1, ,269, ,
1, ,269, ,
0, ,268, ,
3, ,270, ,
1, ,269, ,
1, ,271, ,
1, ,270, ,
1, ,271, ,
0, ,270, ,
3, ,270, ,
1, ,269, ,
1, ,269, ,
1, ,269, ,
1, ,270, ,
0, ,270, ,
3, ,271, ,
1, ,270, ,
1, ,271, ,
1, ,270, ,
1, ,270, ,
0, ,269, ,
1, ,270, ,
1, ,270, ,
1, ,271, ,
1, ,270, ,
3, ,270, ,
0, ,270, ,
3, ,270, ,
1, ,269, ,
1, ,269, ,
1, ,270, ,
1, ,270, ,
0, ,270, ,
3, ,271, ,
1, ,269, ,
1, ,270, ,
1, ,269, ,
1, ,270, ,
0, ,270, ,
3, ,271, ,
1, ,269, ,
1, ,270, ,
1, ,269, ,
1, ,271, ,
0, ,270, ,
1, ,270, ,
1, ,270, ,
1, ,271, ,
1, ,270, ,
1, ,270, ,
0, ,270, ,
1, ,270, ,
1, ,269, ,
1, ,270, ,
1, ,270, ,
1, ,271, ,
0, ,270, ,
1, ,270, ,
1, ,270, ,
1, ,270, ,
1, ,270, ,
1, ,270, ,
0, ,270, ,
3, ,271, ,
1, ,270, ,
1, ,269, ,
1, ,269, ,
1, ,270, ,
0, ,270, ,
1, ,270, ,
1, ,270, ,
1, ,270, ,
1, ,269, ,
1, ,270, ,
0, ,269, ,
3, ,269, ,
1, ,270, ,
1, ,269, ,
1, ,270, ,
1, ,271, ,
0, ,269, ,
1, ,270, ,
0, ,269, ,
1, ,270, ,
1, ,269, ,
1, ,269, ,
0, ,270, ,
3, ,270, ,
1, ,269, ,
1, ,269, ,
1, ,269, ,
1, ,270, ,
0, ,269, ,
3, ,269, ,
0, ,269, ,
1, ,271, ,
1, ,270, ,
1, ,269, ,
0, ,270, ,
1, ,271, ,
1, ,269, ,
1, ,270, ,
1, ,270, ,
1, ,270, ,
0, ,269, ,
1, ,270, ,
1, ,270, ,
1, ,270, ,
1, ,269, ,
1, ,270, ,
0, ,270, ,
3, ,271, ,
1, ,269, ,
1, ,270, ,
1, ,269, ,
1, ,271, ,
0, ,269, ,
1, ,271, ,
1, ,270, ,
1, ,270, ,
1, ,270, ,
1, ,270, ,
0, ,270, ,
3, ,270, ,
1, ,269, ,
1, ,270, ,
1, ,270, ,
1, ,269, ,
0, ,269, ,
1, ,269, ,
1, ,270, ,
1, ,271, ,
1, ,269, ,
1, ,270, ,
0, ,271, ,
3, ,271, ,
1, ,269, ,
1, ,270, ,
1, ,269, ,
1, ,270, ,
0, ,269, ,
1, ,269, ,
1, ,270, ,
1, ,271, ,
1, ,269, ,
1, ,270, ,
0, ,270, ,
3, ,270, ,
1, ,269, ,
1, ,273, ,
1, ,270, ,
1, ,270, ,
0, ,269, ,
1, ,270, ,
1, ,269, ,
1, ,270, ,
1, ,269, ,
1, ,271, ,
0, ,269, ,
3, ,270, ,
1, ,269, ,
1, ,270, ,
3, ,270, ,
1, ,270, ,
0, ,269, ,
1, ,271, ,
1, ,269, ,
1, ,270, ,
1, ,269, ,
1, ,271, ,
0, ,269, ,
1, ,270, ,
1, ,270, ,
1, ,270, ,
1, ,270, ,
3, ,270, ,
0, ,270, ,
3, ,271, ,
1, ,270, ,
1, ,270, ,
1, ,269, ,
1, ,269, ,
0, ,270, ,
3, ,271, ,
1, ,269, ,
1, ,270, ,
1, ,270, ,
1, ,271, ,
0, ,269, ,
1, ,270, ,
1, ,270, ,
1, ,270, ,
1, ,269, ,
1, ,270, ,
0, ,269, ,
3, ,270, ,
1, ,269, ,
1, ,270, ,
1, ,270, ,
1, ,271, ,
0, ,269, ,
1, ,269, ,
1, ,270, ,
1, ,270, ,
1, ,270, ,
1, ,269, ,
0, ,269, ,
3, ,270, ,
1, ,269, ,
1, ,270, ,
1, ,270, ,
1, ,269, ,
0, ,269, ,
1, ,270, ,
1, ,270, ,
1, ,270, ,
3, ,269, ,
1, ,270, ,
0, ,269, ,
1, ,270, ,
1, ,269, ,
1, ,270, ,
1, ,270, ,
1, ,271, ,
0, ,270, ,
1, ,270, ,
1, ,269, ,
1, ,270, ,
1, ,269, ,
1, ,270, ,
0, ,269, ,
1, ,271, ,
1, ,269, ,
1, ,269, ,
1, ,269, ,
3, ,270, ,
0, ,269, ,
1, ,269, ,
0, ,269, ,
1, ,269, ,
1, ,270, ,
1, ,270, ,
0, ,270, ,
1, ,271, ,
1, ,269, ,
0, ,269, ,
1, ,269, ,
1, ,270, ,
0, ,269, ,
1, ,270, ,
1, ,270, ,
1, ,270, ,
1, ,270, ,
1, ,271, ,
0, ,270, ,
1, ,270, ,
1, ,270, ,
1, ,270, ,
1, ,269, ,
1, ,271, ,
0, ,269, ,
1, ,271, ,
1, ,269, ,
1, ,271, ,
1, ,268, ,
1, ,269, ,
0, ,270, ,
3, ,270, ,
1, ,269, ,
1, ,271, ,
1, ,270, ,
1, ,270, ,
0, ,269, ,
1, ,269, ,
1, ,270, ,
1, ,270, ,
1, ,269, ,
1, ,269, ,
0, ,270, ,
1, ,270, ,
1, ,269, ,
1, ,269, ,
1, ,269, ,
1, ,271, ,
0, ,269, ,
1, ,270, ,
1, ,270, ,
1, ,271, ,
1, ,269, ,
1, ,270, ,
0, ,269, ,
1, ,269, ,
1, ,269, ,
1, ,269, ,
1, ,269, ,
1, ,270, ,
0, ,270, ,
1, ,270, ,
1, ,269, ,
1, ,271, ,
1, ,269, ,
1, ,271, ,
0, ,270, ,
3, ,271, ,
1, ,269, ,
1, ,270, ,
1, ,270, ,
1, ,270, ,
0, ,269, ,
1, ,270, ,
0, ,269, ,
1, ,271, ,
1, ,269, ,
1, ,269, ,
0, ,269, ,
3, ,270, ,
1, ,269, ,
1, ,269, ,
1, ,270, ,
1, ,271, ,
0, ,270, ,
1, ,269, ,
0, ,269, ,
1, ,271, ,
1, ,269, ,
1, ,270, ,
0, ,271, ,
3, ,270, ,
1, ,269, ,
0, ,269, ,
1, ,269, ,
1, ,270, ,
0, ,269, ,
1, ,270, ,
1, ,269, ,
1, ,270, ,
3, ,269, ,
3, ,271, ,
0, ,269, ,
1, ,270, ,
0, ,269, ,
1, ,269, ,
1, ,270, ,
1, ,270, ,
0, ,269, ,
3, ,269, ,
0, ,270, ,
1, ,270, ,
1, ,269, ,
1, ,269, ,
0, ,271, ,
1, ,270, ,
1, ,269, ,
0, ,270, ,
1, ,269, ,
1, ,271, ,
0, ,269, ,
1, ,269, ,
1, ,269, ,
1, ,269, ,
1, ,270, ,
1, ,269, ,
0, ,271, ,
1, ,270, ,
1, ,269, ,
1, ,269, ,
1, ,270, ,
1, ,269, ,
0, ,269, ,
1, ,269, ,
1, ,270, ,
1, ,270, ,
1, ,270, ,
1, ,270, ,
0, ,269, ,
1, ,270, ,
1, ,269, ,
1, ,269, ,
1, ,270, ,
3, ,269, ,
0, ,270, ,
1, ,270, ,
1, ,269, ,
1, ,270, ,
1, ,269, ,
1, ,270, ,
0, ,262, ,
1, ,269, ,
1, ,278, ,
1, ,276, ,
1, ,268, ,
1, ,267, ,
0, ,269, ,
1, ,271, ,
1, ,269, ,
1, ,269, ,
1, ,270, ,
3, ,269, ,
0, ,269, ,
1, ,270, ,
1, ,270, ,
1, ,270, ,
1, ,269, ,
1, ,270, ,
0, ,269, ,
3, ,269, ,
1, ,269, ,
1, ,271, ,
1, ,269, ,
1, ,271, ,
0, ,270, ,
3, ,271, ,
1, ,269, ,
1, ,269, ,
1, ,269, ,
1, ,270, ,
0, ,267, ,
3, ,269, ,
1, ,268, ,
1, ,270, ,
1, ,270, ,
1, ,270, ,
0, ,269, ,
3, ,271, ,
1, ,269, ,
1, ,269, ,
1, ,269, ,
1, ,269, ,
0, ,269, ,
1, ,269, ,
1, ,270, ,
1, ,271, ,
1, ,269, ,
1, ,270, ,
0, ,269, ,
1, ,269, ,
1, ,269, ,
1, ,270, ,
1, ,269, ,
1, ,271, ,
0, ,270, ,
1, ,270, ,
1, ,269, ,
1, ,269, ,
1, ,269, ,
1, ,269, ,
0, ,269, ,
3, ,270, ,
1, ,269, ,
1, ,270, ,
1, ,269, ,
1, ,269, ,
0, ,269, ,
3, ,270, ,
1, ,269, ,
1, ,269, ,
1, ,270, ,
1, ,270, ,
0, ,271, ,
3, ,270, ,
1, ,269, ,
1, ,270, ,
1, ,269, ,
1, ,270, ,
0, ,269, ,
3, ,270, ,
0, ,270, ,
1, ,270, ,
1, ,269, ,
1, ,269, ,
0, ,270, ,
3, ,270, ,
1, ,269, ,
1, ,269, ,
1, ,270, ,
1, ,269, ,
0, ,269, ,
3, ,270, ,
1, ,270, ,
1, ,270, ,
1, ,269, ,
1, ,270, ,
0, ,270, ,
1, ,269, ,
0, ,269, ,
1, ,271, ,
1, ,270, ,
1, ,269, ,
0, ,270, ,
1, ,271, ,
1, ,269, ,
1, ,271, ,
1, ,269, ,
1, ,270, ,
0, ,271, ,
1, ,269, ,
1, ,269, ,
1, ,271, ,
1, ,269, ,
1, ,270, ,
0, ,270, ,
1, ,269, ,
1, ,269, ,
1, ,271, ,
1, ,269, ,
1, ,269, ,
0, ,269, ,
1, ,270, ,
0, ,269, ,
1, ,270, ,
1, ,270, ,
1, ,269, ,
0, ,269, ,
3, ,269, ,
1, ,269, ,
1, ,270, ,
1, ,269, ,
1, ,270, ,
0, ,269, ,
1, ,270, ,
1, ,269, ,
1, ,270, ,
1, ,269, ,
1, ,270, ,
0, ,269, ,
1, ,270, ,
1, ,269, ,
1, ,270, ,
131, ,269, ,
75, ,269, ,
42, ,269, ,
30, ,270, ,
23, ,270, ,
14, ,269, ,
9, ,270, ,
6, ,270, ,
6, ,269, ,
8, ,269, ,
4, ,269, ,
4, ,270, ,
8, ,269, ,
6, ,269, ,
3, ,270, ,
5, ,270, ,
4, ,269, ,
4, ,270, ,
4, ,270, ,
4, ,270, ,
3, ,269, ,
4, ,269, ,
3, ,270, ,
4, ,270, ,
4, ,269, ,
4, ,270, ,
3, ,270, ,
4, ,270, ,
3, ,269, ,
3, ,269, ,
4, ,269, ,
4, ,270, ,
1, ,269, ,
4, ,270, ,
3, ,269, ,
3, ,270, ,
4, ,269, ,
4, ,269, ,
1, ,269, ,
5, ,270, ,
3, ,269, ,
3, ,269, ,
4, ,271, ,
4, ,271, ,
1, ,269, ,
4, ,270, ,
3, ,270, ,
3, ,270, ,
4, ,269, ,
4, ,270, ,
1, ,270, ,
4, ,270, ,
3, ,269, ,
3, ,269, ,
4, ,269, ,
4, ,270, ,
1, ,269, ,
4, ,269, ,
3, ,269, ,
3, ,270, ,
4, ,269, ,
4, ,269, ,
1, ,269, ,
5, ,270, ,
3, ,269, ,
3, ,270, ,
4, ,269, ,
4, ,270, ,
1, ,269, ,
4, ,269, ,
1, ,269, ,
3, ,270, ,
4, ,269, ,
4, ,270, ,
1, ,270, ,
4, ,269, ,
1, ,269, ,
3, ,270, ,
3, ,269, ,
3, ,271, ,
1, ,269, ,
4, ,270, ,
3, ,269, ,
3, ,269, ,
4, ,270, ,
3, ,271, ,
1, ,270, ,
4, ,269, ,
3, ,269, ,
3, ,269, ,
4, ,269, ,
4, ,269, ,
1, ,269, ,
4, ,270, ,
3, ,270, ,
3, ,270, ,
3, ,268, ,
4, ,270, ,
1, ,271, ,
4, ,269, ,
3, ,269, ,
3, ,269, ,
3, ,269, ,
3, ,270, ,
1, ,269, ,
4, ,269, ,
1, ,269, ,
3, ,271, ,
4, ,269, ,
3, ,269, ,
1, ,269, ,
4, ,270, ,
3, ,269, ,
3, ,271, ,
4, ,270, ,
4, ,270, ,
1, ,269, ,
4, ,269, ,
1, ,269, ,
3, ,270, ,
3, ,270, ,
4, ,270, ,
3, ,269, ,
4, ,270, ,
3, ,269, ,
3, ,270, ,
3, ,270, ,
3, ,270, ,
3, ,269, ,
4, ,270, ,
1, ,269, ,
3, ,269, ,
4, ,269, ,
3, ,269, ,
1, ,269, ,
4, ,270, ,
1, ,269, ,
3, ,271, ,
3, ,269, ,
4, ,270, ,
1, ,269, ,
4, ,270, ,
3, ,269, ,
3, ,270, ,
3, ,269, ,
3, ,269, ,
1, ,269, ,
4, ,270, ,
1, ,269, ,
3, ,269, ,
3, ,269, ,
3, ,270, ,
1, ,269, ,
4, ,269, ,
3, ,269, ,
3, ,270, ,
3, ,269, ,
3, ,270, ,
1, ,270, ,
4, ,271, ,
1, ,269, ,
3, ,270, ,
4, ,270, ,
4, ,270, ,
1, ,269, ,
4, ,269, ,
3, ,269, ,
3, ,269, ,
3, ,269, ,
3, ,269, ,
1, ,270, ,
4, ,270, ,
3, ,269, ,
3, ,269, ,
3, ,270, ,
3, ,270, ,
1, ,269, ,
4, ,269, ,
1, ,269, ,
3, ,269, ,
3, ,269, ,
3, ,269, ,
1, ,271, ,
4, ,270, ,
3, ,269, ,
3, ,269, ,
3, ,269, ,
3, ,270, ,
1, ,269, ,
4, ,270, ,
1, ,270, ,
1, ,270, ,
3, ,269, ,
3, ,269, ,
1, ,270, ,
4, ,270, ,
3, ,268, ,
3, ,271, ,
3, ,269, ,
3, ,270, ,
1, ,269, ,
4, ,269, ,
1, ,269, ,
3, ,270, ,
3, ,269, ,
3, ,269, ,
1, ,269, ,
4, ,270, ,
1, ,269, ,
3, ,269, ,
3, ,269, ,
3, ,269, ,
1, ,269, ,
3, ,270, ,
1, ,270, ,
3, ,269, ,
3, ,269, ,
3, ,270, ,
1, ,269, ,
3, ,269, ,
1, ,269, ,
3, ,269, ,
3, ,269, ,
3, ,269, ,
1, ,269, ,
4, ,269, ,
1, ,269, ,
3, ,269, ,
3, ,269, ,
3, ,269, ,
1, ,269, ,
4, ,271, ,
3, ,268, ,
3, ,271, ,
3, ,269, ,
3, ,269, ,
1, ,269, ,
3, ,269, ,
3, ,269, ,
1, ,270, ,
3, ,269, ,
3, ,269, ,
1, ,270, ,
4, ,270, ,
1, ,269, ,
3, ,270, ,
3, ,269, ,
3, ,269, ,
1, ,269, ,
3, ,269, ,
3, ,270, ,
3, ,269, ,
3, ,269, ,
3, ,270, ,
1, ,269, ,
4, ,270, ,
3, ,268, ,
1, ,270, ,
3, ,269, ,
3, ,270, ,
1, ,269, ,
3, ,269, ,
3, ,269, ,
3, ,271, ,
3, ,269, ,
3, ,269, ,
1, ,269, ,
3, ,269, ,
1, ,269, ,
1, ,269, ,
3, ,269, ,
3, ,270, ,
1, ,269, ,
3, ,270, ,
1, ,269, ,
3, ,271, ,
3, ,269, ,
3, ,271, ,
1, ,270, ,
4, ,270, ,
3, ,269, ,
3, ,270, ,
3, ,269, ,
3, ,270, ,
1, ,269, ,
3, ,270, ,
1, ,269, ,
3, ,270, ,
3, ,269, ,
3, ,269, ,
1, ,269, ,
4, ,270, ,
1, ,269, ,
3, ,270, ,
3, ,269, ,
3, ,269, ,
1, ,270, ,
3, ,270, ,
1, ,269, ,
3, ,270, ,
3, ,270, ,
3, ,269, ,
1, ,269, ,
4, ,270, ,
1, ,270, ,
3, ,270, ,
3, ,269, ,
3, ,271, ,
1, ,269, ,
3, ,270, ,
1, ,269, ,
3, ,270, ,
3, ,269, ,
3, ,269, ,
1, ,269, ,
3, ,270, ,
1, ,269, ,
3, ,271, ,
3, ,269, ,
3, ,270, ,
1, ,269, ,
3, ,268, ,
1, ,268, ,
3, ,269, ,
3, ,270, ,
1, ,271, ,
1, ,271, ,
3, ,271, ,
1, ,269, ,
1, ,269, ,
1, ,268, ,
1, ,269, ,
1, ,269, ,
3, ,271, ,
1, ,269, ,
3, ,270, ,
3, ,270, ,
3, ,269, ,
1, ,269, ,
3, ,270, ,
1, ,269, ,
1, ,269, ,
3, ,270, ,
3, ,270, ,
1, ,270, ,
3, ,269, ,
1, ,269, ,
3, ,269, ,
3, ,269, ,
1, ,269, ,
1, ,270, ,
4, ,270, ,
3, ,269, ,
3, ,270, ,
3, ,270, ,
3, ,270, ,
1, ,269, ,
3, ,269, ,
1, ,269, ,
1, ,269, ,
3, ,269, ,
1, ,269, ,
1, ,270, ,
3, ,270, ,
1, ,268, ,
3, ,270, ,
3, ,269, ,
1, ,270, ,
0, ,269, ,
3, ,269, ,
1, ,270, ,
3, ,269, ,
3, ,269, ,
1, ,269, ,
1, ,267, ,
3, ,267, ,
1, ,267, ,
3, ,270, ,
3, ,273, ,
3, ,274, ,
1, ,271, ,
3, ,270, ,
1, ,268, ,
3, ,268, ,
3, ,267, ,
3, ,269, ,
1, ,269, ,
3, ,271, ,
1, ,269, ,
1, ,269, ,
3, ,269, ,
3, ,269, ,
1, ,269, ,
3, ,269, ,
1, ,269, ,
1, ,269, ,
3, ,269, ,
3, ,269, ,
1, ,269, ,
3, ,269, ,
1, ,269, ,
3, ,269, ,
3, ,269, ,
3, ,269, ,
1, ,269, ,
3, ,270, ,
1, ,269, ,
1, ,269, ,
3, ,269, ,
1, ,269, ,
1, ,269, ,
3, ,269, ,
1, ,269, ,
3, ,269, ,
3, ,269, ,
3, ,269, ,
1, ,269, ,
3, ,269, ,
1, ,269, ,
1, ,269, ,
1, ,269, ,
1, ,269, ,
1, ,269, ,
3, ,270, ,
1, ,269, ,
1, ,270, ,
3, ,269, ,
3, ,270, ,
1, ,269, ,
3, ,269, ,
1, ,269, ,
1, ,270, ,
3, ,269, ,
3, ,269, ,
1, ,271, ,
3, ,270, ,
1, ,269, ,
1, ,269, ,
3, ,268, ,
3, ,269, ,
1, ,269, ,
3, ,270, ,
1, ,269, ,
1, ,270, ,
3, ,269, ,
3, ,269, ,
0, ,269, ,
3, ,270, ,
1, ,269, ,
3, ,269, ,
3, ,269, ,
3, ,269, ,
0, ,268, ,
3, ,269, ,
1, ,269, ,
3, ,269, ,
1, ,269, ,
1, ,269, ,
1, ,269, ,
3, ,269, ,
1, ,269, ,
1, ,269, ,
3, ,269, ,
1, ,269, ,
1, ,269, ,
3, ,269, ,
1, ,269, ,
1, ,270, ,
3, ,269, ,
1, ,269, ,
1, ,269, ,
3, ,269, ,
1, ,268, ,
1, ,269, ,
1, ,269, ,
3, ,270, ,
1, ,269, ,
3, ,270, ,
1, ,269, ,
1, ,270, ,
3, ,268, ,
3, ,271, ,
1, ,269, ,
3, ,271, ,
1, ,270, ,
1, ,270, ,
3, ,269, ,
3, ,270, ,
1, ,269, ,
3, ,269, ,
1, ,269, ,
1, ,270, ,
3, ,270, ,
3, ,270, ,
1, ,270, ,
3, ,269, ,
1, ,269, ,
1, ,271, ,
1, ,269, ,
3, ,271, ,
1, ,270, ,
3, ,270, ,
1, ,269, ,
1, ,271, ,
3, ,269, ,
3, ,271, ,
1, ,270, ,
3, ,270, ,
1, ,270, ,
1, ,270, ,
1, ,269, ,
1, ,270, ,
1, ,269, ,
3, ,270, ,
1, ,269, ,
1, ,270, ,
3, ,269, ,
1, ,269, ,
1, ,270, ,
3, ,269, ,
1, ,270, ,
1, ,271, ,
3, ,270, ,
1, ,270, ,
1, ,270, ,
3, ,270, ,
1, ,271, ,
1, ,271, ,
1, ,269, ,
3, ,270, ,
0, ,269, ,
3, ,269, ,
1, ,269, ,
1, ,270, ,
1, ,269, ,
1, ,270, ,
0, ,270, ,
3, ,271, ,
1, ,269, ,
1, ,270, ,
3, ,270, ,
3, ,271, ,
1, ,270, ,
3, ,270, ,
1, ,269, ,
1, ,271, ,
3, ,270, ,
1, ,270, ,
0, ,270, ,
3, ,270, ,
1, ,269, ,
1, ,269, ,
3, ,269, ,
3, ,269, ,
1, ,270, ,
3, ,271, ,
1, ,269, ,
1, ,269, ,
3, ,269, ,
3, ,270, ,
1, ,269, ,
3, ,271, ,
1, ,269, ,
1, ,271, ,
1, ,269, ,
1, ,269, ,
0, ,270, ,
3, ,270, ,
1, ,270, ,
1, ,270, ,
3, ,269, ,
3, ,271, ,
1, ,269, ,
3, ,270, ,
1, ,269, ,
1, ,271, ,
1, ,269, ,
1, ,269, ,
1, ,269, ,
3, ,270, ,
1, ,269, ,
1, ,269, ,
1, ,269, ,
3, ,271, ,
0, ,269, ,
3, ,270, ,
1, ,269, ,
1, ,271, ,
1, ,270, ,
1, ,270, ,
0, ,269, ,
1, ,270, ,
1, ,270, ,
1, ,269, ,
1, ,269, ,
1, ,270, ,
1, ,269, ,
3, ,269, ,
1, ,269, ,
1, ,270, ,
1, ,269, ,
1, ,270, ,
0, ,271, ,
3, ,271, ,
1, ,269, ,
1, ,270, ,
1, ,270, ,
3, ,271, ,
0, ,269, ,
3, ,270, ,
1, ,270, ,
1, ,270, ,
1, ,269, ,
3, ,270, ,
0, ,270, ,
3, ,269, ,
1, ,269, ,
1, ,270, ,
1, ,269, ,
1, ,271, ,
0, ,269, ,
3, ,269, ,
1, ,269, ,
1, ,271, ,
1, ,269, ,
3, ,269, ,
0, ,270, ,
3, ,270, ,
1, ,269, ,
1, ,270, ,
1, ,269, ,
3, ,269, ,
0, ,269, ,
3, ,270, ,
1, ,270, ,
1, ,271, ,
1, ,270, ,
3, ,270, ,
0, ,269, ,
3, ,270, ,
1, ,269, ,
1, ,270, ,
1, ,271, ,
1, ,270, ,
0, ,269, ,
3, ,270, ,
1, ,269, ,
1, ,269, ,
1, ,269, ,
1, ,269, ,
0, ,271, ,
3, ,270, ,
1, ,269, ,
1, ,269, ,
1, ,269, ,
1, ,270, ,
0, ,270, ,
3, ,270, ,
1, ,269, ,
1, ,270, ,
3, ,270, ,
1, ,270, ,
0, ,269, ,
3, ,270, ,
1, ,270, ,
1, ,269, ,
1, ,269, ,
1, ,269, ,
0, ,270, ,
3, ,270, ,
1, ,269, ,
1, ,270, ,
1, ,269, ,
3, ,269, ,
0, ,269, ,
3, ,270, ,
1, ,270, ,
1, ,269, ,
1, ,269, ,
1, ,270, ,
0, ,269, ,
1, ,269, ,
1, ,269, ,
1, ,270, ,
1, ,269, ,
3, ,269, ,
0, ,269, ,
1, ,270, ,
1, ,269, ,
1, ,270, ,
1, ,269, ,
1, ,270, ,
0, ,269, ,
3, ,269, ,
1, ,269, ,
1, ,270, ,
1, ,269, ,
1, ,270, ,
0, ,269, ,
1, ,270, ,
1, ,269, ,
1, ,269, ,
3, ,270, ,
1, ,269, ,
0, ,269, ,
3, ,270, ,
1, ,269, ,
1, ,270, ,
1, ,270, ,
1, ,270, ,
0, ,270, ,
3, ,270, ,
1, ,269, ,
1, ,269, ,
1, ,269, ,
1, ,270, ,
0, ,269, ,
3, ,269, ,
1, ,269, ,
1, ,270, ,
1, ,269, ,
1, ,269, ,
1, ,269, ,
3, ,270, ,
1, ,269, ,
1, ,270, ,
1, ,269, ,
3, ,270, ,
0, ,269, ,
3, ,269, ,
1, ,270, ,
1, ,271, ,
1, ,269, ,
1, ,269, ,
0, ,270, ,
1, ,270, ,
1, ,270, ,
1, ,269, ,
1, ,269, ,
1, ,270, ,
0, ,270, ,
3, ,270, ,
1, ,270, ,
1, ,269, ,
1, ,269, ,
3, ,270, ,
0, ,270, ,
3, ,270, ,
1, ,269, ,
1, ,270, ,
1, ,269, ,
3, ,270, ,
0, ,269, ,
3, ,269, ,
1, ,269, ,
1, ,269, ,
1, ,269, ,
1, ,270, ,
0, ,273, ,
1, ,271, ,
1, ,269, ,
1, ,270, ,
3, ,269, ,
1, ,270, ,
0, ,269, ,
3, ,268, ,
1, ,269, ,
1, ,269, ,
1, ,269, ,
1, ,270, ,
0, ,270, ,
3, ,270, ,
1, ,269, ,
1, ,270, ,
1, ,269, ,
3, ,269, ,
0, ,270, ,
1, ,270, ,
1, ,270, ,
1, ,270, ,
1, ,269, ,
1, ,270, ,
0, ,270, ,
1, ,270, ,
1, ,269, ,
1, ,269, ,
1, ,269, ,
1, ,270, ,
0, ,269, ,
1, ,270, ,
1, ,269, ,
1, ,269, ,
1, ,269, ,
1, ,269, ,
0, ,269, ,
1, ,270, ,
1, ,269, ,
1, ,269, ,
1, ,269, ,
1, ,269, ,
0, ,269, ,
1, ,269, ,
1, ,270, ,
1, ,270, ,
1, ,269, ,
1, ,269, ,
0, ,269, ,
1, ,270, ,
1, ,269, ,
1, ,269, ,
1, ,269, ,
1, ,269, ,
0, ,269, ,
3, ,269, ,
1, ,269, ,
1, ,269, ,
1, ,269, ,
1, ,269, ,
0, ,269, ,
1, ,270, ,
1, ,269, ,
1, ,270, ,
1, ,269, ,
1, ,270, ,
0, ,270, ,
1, ,269, ,
1, ,270, ,
1, ,271, ,
1, ,269, ,
3, ,269, ,
0, ,271, ,
1, ,270, ,
1, ,269, ,
1, ,270, ,
1, ,269, ,
1, ,270, ,
0, ,269, ,
1, ,270, ,
0, ,269, ,
1, ,269, ,
1, ,269, ,
1, ,269, ,
0, ,270, ,
3, ,271, ,
1, ,269, ,
1, ,270, ,
1, ,269, ,
3, ,269, ,
0, ,268, ,
3, ,270, ,
1, ,270, ,
1, ,269, ,
1, ,269, ,
3, ,270, ,
0, ,269, ,
3, ,271, ,
1, ,269, ,
1, ,271, ,
1, ,270, ,
3, ,271, ,
0, ,269, ,
1, ,269, ,
1, ,270, ,
1, ,271, ,
1, ,269, ,
1, ,269, ,
0, ,270, ,
1, ,270, ,
1, ,269, ,
1, ,269, ,
1, ,269, ,
3, ,269, ,
0, ,269, ,
1, ,269, ,
1, ,269, ,
1, ,271, ,
1, ,269, ,
1, ,269, ,
0, ,270, ,
3, ,270, ,
1, ,269, ,
1, ,270, ,
1, ,269, ,
1, ,270, ,
0, ,269, ,
3, ,269, ,
1, ,269, ,
1, ,270, ,
1, ,269, ,
1, ,270, ,
0, ,270, ,
1, ,269, ,
1, ,269, ,
1, ,269, ,
1, ,269, ,
1, ,270, ,
0, ,269, ,
3, ,269, ,
1, ,269, ,
1, ,271, ,
1, ,267, ,
1, ,270, ,
0, ,270, ,
3, ,270, ,
1, ,269, ,
1, ,270, ,
1, ,269, ,
1, ,269, ,
0, ,269, ,
1, ,269, ,
1, ,268, ,
1, ,270, ,
1, ,269, ,
1, ,269, ,
0, ,270, ,
1, ,270, ,
1, ,269, ,
1, ,270, ,
1, ,269, ,
3, ,270, ,
0, ,269, ,
3, ,269, ,
1, ,269, ,
1, ,270, ,
1, ,269, ,
3, ,269, ,
0, ,269, ,
1, ,270, ,
1, ,269, ,
1, ,269, ,
1, ,269, ,
1, ,269, ,
0, ,269, ,
3, ,270, ,
1, ,269, ,
1, ,270, ,
1, ,269, ,
1, ,269, ,
0, ,269, ,
3, ,270, ,
1, ,269, ,
1, ,269, ,
1, ,269, ,
3, ,270, ,
0, ,269, ,
3, ,270, ,
0, ,269, ,
1, ,269, ,
1, ,269, ,
1, ,269, ,
0, ,269, ,
3, ,270, ,
1, ,269, ,
1, ,270, ,
1, ,270, ,
1, ,269, ,
0, ,269, ,
1, ,269, ,
1, ,269, ,
1, ,270, ,
1, ,269, ,
1, ,269, ,
0, ,269, ,
3, ,270, ,
0, ,269, ,
1, ,269, ,
1, ,269, ,
1, ,269, ,
0, ,269, ,
1, ,270, ,
1, ,270, ,
1, ,271, ,
1, ,269, ,
1, ,269, ,
0, ,270, ,
3, ,270, ,
1, ,269, ,
1, ,269, ,
1, ,269, ,
1, ,270, ,
0, ,270, ,
1, ,270, ,
0, ,269, ,
1, ,269, ,
1, ,269, ,
1, ,270, ,
0, ,269, ,
3, ,269, ,
1, ,269, ,
1, ,269, ,
1, ,269, ,
3, ,269, ,
0, ,269, ,
1, ,269, ,
0, ,269, ,
1, ,270, ,
1, ,269, ,
1, ,270, ,
0, ,270, ,
1, ,271, ,
0, ,270, ,
1, ,269, ,
1, ,270, ,
1, ,269, ,
0, ,269, ,
1, ,269, ,
1, ,269, ,
0, ,271, ,
1, ,269, ,
1, ,270, ,
0, ,269, ,
1, ,269, ,
1, ,269, ,
1, ,270, ,
1, ,270, ,
1, ,270, ,
0, ,269, ,
1, ,269, ,
1, ,269, ,
1, ,271, ,
1, ,269, ,
1, ,270, ,
0, ,271, ,
1, ,270, ,
1, ,268, ,
1, ,270, ,
1, ,270, ,
1, ,270, ,
0, ,269, ,
3, ,270, ,
1, ,270, ,
1, ,270, ,
1, ,269, ,
1, ,269, ,
0, ,269, ,
3, ,270, ,
1, ,269, ,
1, ,269, ,
1, ,269, ,
1, ,269, ,
0, ,269, ,
1, ,269, ,
1, ,269, ,
1, ,269, ,
1, ,269, ,
1, ,269, ,
0, ,269, ,
1, ,270, ,
1, ,269, ,
1, ,269, ,
1, ,269, ,
1, ,269, ,
0, ,270, ,
1, ,269, ,
1, ,269, ,
1, ,270, ,
1, ,269, ,
1, ,269, ,
0, ,269, ,
3, ,271, ,
1, ,269, ,
1, ,269, ,
1, ,269, ,
3, ,269, ,
0, ,269, ,
3, ,270, ,
1, ,269, ,
1, ,270, ,
1, ,269, ,
1, ,270, ,
0, ,270, ,
1, ,270, ,
1, ,269, ,
1, ,269, ,
3, ,269, ,
1, ,269, ,
0, ,269, ,
3, ,271, ,
1, ,270, ,
1, ,269, ,
1, ,269, ,
1, ,270, ,
0, ,269, ,
1, ,269, ,
1, ,269, ,
1, ,269, ,
1, ,269, ,
1, ,270, ,
0, ,269, ,
1, ,269, ,
1, ,270, ,
1, ,269, ,
1, ,268, ,
1, ,269, ,
0, ,269, ,
3, ,271, ,
1, ,269, ,
1, ,269, ,
1, ,269, ,
1, ,270, ,
0, ,269, ,
1, ,271, ,
1, ,269, ,
1, ,270, ,
1, ,269, ,
1, ,269, ,
0, ,269, ,
1, ,269, ,
1, ,269, ,
1, ,269, ,
1, ,269, ,
1, ,270, ,
0, ,269, ,
3, ,269, ,
1, ,269, ,
1, ,270, ,
1, ,269, ,
1, ,270, ,
0, ,270, ,
3, ,270, ,
1, ,269, ,
1, ,269, ,
1, ,270, ,
1, ,270, ,
0, ,269, ,
1, ,269, ,
1, ,269, ,
1, ,269, ,
1, ,269, ,
1, ,269, ,
0, ,269, ,
1, ,269, ,
1, ,269, ,
1, ,269, ,
1, ,270, ,
1, ,270, ,
0, ,269, ,
1, ,269, ,
1, ,270, ,
1, ,269, ,
1, ,269, ,
1, ,270, ,
0, ,270, ,
3, ,270, ,
1, ,269, ,
1, ,270, ,
1, ,269, ,
1, ,270, ,
0, ,269, ,
1, ,269, ,
0, ,269, ,
1, ,269, ,
1, ,268, ,
1, ,269, ,
0, ,270, ,
1, ,270, ,
1, ,269, ,
1, ,270, ,
1, ,269, ,
3, ,270, ,
0, ,269, ,
1, ,270, ,
1, ,270, ,
1, ,270, ,
1, ,269, ,
1, ,269, ,
0, ,270, ,
3, ,270, ,
1, ,269, ,
1, ,270, ,
1, ,270, ,
1, ,270, ,
0, ,269, ,
1, ,270, ,
0, ,269, ,
1, ,270, ,
1, ,269, ,
1, ,269, ,
0, ,270, ,
1, ,270, ,
1, ,269, ,
1, ,269, ,
1, ,269, ,
1, ,271, ,
0, ,270, ,
1, ,269, ,
1, ,269, ,
1, ,269, ,
1, ,268, ,
1, ,269, ,
0, ,271, ,
1, ,271, ,
1, ,270, ,
1, ,270, ,
1, ,269, ,
1, ,271, ,
0, ,269, ,
1, ,269, ,
1, ,269, ,
1, ,269, ,
1, ,270, ,
1, ,270, ,
0, ,270, ,
3, ,270, ,
0, ,270, ,
1, ,269, ,
1, ,269, ,
1, ,270, ,
0, ,269, ,
1, ,270, ,
0, ,270, ,
1, ,271, ,
1, ,270, ,
1, ,271, ,
0, ,270, ,
3, ,270, ,
1, ,269, ,
1, ,269, ,
1, ,270, ,
1, ,271, ,
0, ,270, ,
1, ,269, ,
1, ,269, ,
1, ,270, ,
1, ,269, ,
1, ,269, ,
0, ,269, ,
3, ,269, ,
1, ,269, ,
1, ,270, ,
1, ,270, ,
1, ,270, ,
0, ,269, ,
3, ,270, ,
1, ,270, ,
1, ,271, ,
1, ,269, ,
1, ,269, ,
0, ,269, ,
1, ,270, ,
1, ,269, ,
1, ,270, ,
1, ,269, ,
1, ,269, ,
0, ,269, ,
3, ,270, ,
1, ,270, ,
1, ,269, ,
1, ,269, ,
1, ,270, ,
0, ,270, ,
1, ,270, ,
0, ,269, ,
1, ,269, ,
1, ,269, ,
1, ,270, ,
0, ,269, ,
1, ,269, ,
0, ,269, ,
1, ,269, ,
1, ,269, ,
1, ,270, ,
0, ,269, ,
1, ,270, ,
1, ,269, ,
1, ,270, ,
1, ,270, ,
1, ,269, ,
0, ,270, ,
1, ,270, ,
1, ,270, ,
1, ,269, ,
1, ,269, ,
1, ,270, ,
0, ,269, ,
1, ,270, ,
1, ,269, ,
1, ,269, ,
1, ,269, ,
1, ,270, ,
0, ,269, ,
1, ,269, ,
1, ,269, ,
1, ,270, ,
1, ,270, ,
1, ,271, ,
0, ,270, ,
3, ,269, ,
1, ,269, ,
1, ,270, ,
1, ,269, ,
1, ,270, ,
0, ,269, ,
1, ,270, ,
1, ,269, ,
1, ,269, ,
1, ,269, ,
1, ,270, ,
0, ,269, ,
1, ,270, ,
1, ,269, ,
1, ,269, ,
1, ,270, ,
1, ,271, ,
0, ,270, ,
1, ,270, ,
1, ,269, ,
1, ,271, ,
1, ,270, ,
1, ,270, ,
0, ,270, ,
3, ,270, ,
1, ,269, ,
1, ,270, ,
1, ,269, ,
1, ,270, ,
0, ,270, ,
1, ,269, ,
1, ,270, ,
1, ,270, ,
1, ,270, ,
1, ,271, ,
0, ,269, ,
1, ,270, ,
1, ,269, ,
1, ,271, ,
1, ,269, ,
1, ,270, ,
0, ,270, ,
1, ,270, ,
1, ,269, ,
1, ,271, ,
1, ,270, ,
1, ,270, ,
0, ,269, ,
1, ,270, ,
1, ,270, ,
1, ,271, ,
1, ,270, ,
1, ,271, ,
0, ,269, ,
1, ,271, ,
1, ,269, ,
1, ,270, ,
1, ,269, ,
1, ,270, ,
0, ,269, ,
1, ,271, ,
0, ,269, ,
1, ,270, ,
1, ,270, ,
1, ,270, ,
0, ,269, ,
3, ,270, ,
1, ,269, ,
1, ,271, ,
1, ,269, ,
1, ,270, ,
0, ,269, ,
3, ,271, ,
1, ,269, ,
1, ,269, ,
1, ,269, ,
1, ,270, ,
0, ,269, ,
1, ,270, ,
0, ,269, ,
1, ,269, ,
1, ,269, ,
1, ,270, ,
0, ,270, ,
1, ,270, ,
1, ,269, ,
1, ,269, ,
1, ,270, ,
1, ,270, ,
0, ,269, ,
3, ,269, ,
1, ,269, ,
1, ,270, ,
1, ,268, ,
1, ,268, ,
0, ,267, ,
1, ,268, ,
1, ,269, ,
1, ,273, ,
1, ,273, ,
1, ,273, ,
0, ,270, ,
3, ,269, ,
1, ,268, ,
1, ,268, ,
1, ,269, ,
1, ,270, ,
0, ,271, ,
1, ,271, ,
1, ,269, ,
1, ,269, ,
1, ,269, ,
1, ,269, ,
0, ,269, ,
1, ,270, ,
1, ,270, ,
1, ,270, ,
1, ,268, ,
1, ,268, ,
0, ,269, ,
1, ,270, ,
1, ,269, ,
1, ,269, ,
1, ,269, ,
1, ,270, ,
0, ,269, ,
1, ,271, ,
0, ,270, ,
1, ,270, ,
1, ,268, ,
1, ,269, ,
0, ,269, ,
1, ,270, ,
1, ,269, ,
1, ,270, ,
1, ,269, ,
3, ,269, ,
0, ,269, ,
1, ,269, ,
0, ,269, ,
1, ,270, ,
1, ,269, ,
1, ,270, ,
0, ,269, ,
3, ,269, ,
1, ,269, ,
1, ,269, ,
1, ,269, ,
1, ,269, ,
0, ,269, ,
3, ,269, ,
1, ,269, ,
1, ,270, ,
1, ,270, ,
1, ,269, ,
0, ,269, ,
3, ,269, ,
1, ,269, ,
1, ,269, ,
1, ,269, ,
1, ,270, ,
0, ,269, ,
1, ,269, ,
0, ,269, ,
1, ,270, ,
1, ,269, ,
1, ,270, ,
0, ,269, ,
1, ,269, ,
1, ,270, ,
1, ,269, ,
1, ,270, ,
1, ,270, ,
0, ,269, ,
1, ,269, ,
1, ,269, ,
1, ,270, ,
1, ,269, ,
1, ,269, ,
0, ,269, ,
1, ,271, ,
1, ,268, ,
1, ,270, ,
1, ,269, ,
1, ,269, ,
0, ,269, ,
1, ,270, ,
0, ,270, ,
1, ,270, ,
1, ,269, ,
1, ,269, ,
0, ,269, ,
1, ,269, ,
1, ,269, ,
1, ,269, ,
1, ,269, ,
1, ,269, ,
0, ,270, ,
1, ,269, ,
1, ,269, ,
1, ,270, ,
1, ,269, ,
1, ,270, ,
0, ,271, ,
1, ,271, ,
0, ,270, ,
1, ,269, ,
1, ,269, ,
1, ,269, ,
0, ,269, ,
1, ,270, ,
1, ,270, ,
1, ,270, ,
1, ,270, ,
1, ,271, ,
0, ,270, ,
3, ,270, ,
1, ,269, ,
1, ,271, ,
1, ,269, ,
1, ,271, ,
0, ,269, ,
3, ,270, ,
1, ,270, ,
1, ,271, ,
1, ,270, ,
1, ,270, ,
0, ,271, ,
3, ,270, ,
1, ,269, ,
1, ,270, ,
1, ,270, ,
1, ,271, ,
0, ,269, ,
1, ,270, ,
1, ,270, ,
1, ,270, ,
1, ,269, ,
1, ,269, ,
0, ,269, ,
1, ,270, ,
1, ,270, ,
1, ,271, ,
1, ,270, ,
1, ,271, ,
0, ,270, ,
1, ,269, ,
1, ,269, ,
1, ,270, ,
1, ,269, ,
1, ,269, ,
0, ,270, ,
3, ,270, ,
1, ,269, ,
1, ,271, ,
1, ,270, ,
1, ,270, ,
0, ,269, ,
1, ,270, ,
1, ,269, ,
1, ,270, ,
1, ,269, ,
1, ,269, ,
0, ,271, ,
3, ,270, ,
1, ,270, ,
1, ,270, ,
1, ,270, ,
1, ,270, ,
0, ,269, ,
1, ,269, ,
1, ,269, ,
1, ,270, ,
1, ,269, ,
1, ,269, ,
0, ,271, ,
1, ,271, ,
1, ,269, ,
1, ,270, ,
1, ,269, ,
1, ,270, ,
0, ,269, ,
1, ,270, ,
1, ,269, ,
1, ,270, ,
1, ,269, ,
1, ,270, ,
0, ,269, ,
1, ,270, ,
1, ,269, ,
1, ,269, ,
1, ,269, ,
1, ,270, ,
0, ,269, ,
1, ,270, ,
0, ,270, ,
1, ,270, ,
1, ,269, ,
1, ,269, ,
0, ,269, ,
1, ,271, ,
1, ,270, ,
1, ,271, ,
1, ,269, ,
1, ,271, ,
0, ,269, ,
3, ,270, ,
0, ,270, ,
1, ,270, ,
1, ,269, ,
1, ,271, ,
0, ,269, ,
3, ,271, ,
1, ,269, ,
1, ,270, ,
1, ,269, ,
1, ,270, ,
0, ,270, ,
1, ,269, ,
1, ,270, ,
1, ,270, ,
1, ,270, ,
1, ,270, ,
0, ,270, ,
1, ,270, ,
1, ,269, ,
1, ,270, ,
1, ,270, ,
1, ,271, ,
0, ,269, ,
1, ,270, ,
1, ,269, ,
1, ,270, ,
1, ,269, ,
1, ,269, ,
0, ,269, ,
1, ,270, ,
1, ,270, ,
1, ,270, ,
1, ,271, ,
1, ,271, ,
0, ,269, ,
1, ,269, ,
0, ,268, ,
1, ,269, ,
1, ,269, ,
1, ,270, ,
0, ,271, ,
1, ,271, ,
1, ,270, ,
1, ,270, ,
1, ,270, ,
1, ,270, ,
0, ,269, ,
1, ,270, ,
1, ,270, ,
1, ,270, ,
1, ,269, ,
1, ,271, ,
0, ,270, ,
3, ,270, ,
1, ,269, ,
1, ,269, ,
1, ,269, ,
1, ,270, ,
0, ,269, ,
1, ,270, ,
0, ,269, ,
1, ,269, ,
1, ,269, ,
1, ,269, ,
0, ,270, ,
1, ,270, ,
1, ,269, ,
1, ,271, ,
1, ,269, ,
3, ,270, ,
0, ,270, ,
3, ,270, ,
1, ,269, ,
1, ,270, ,
1, ,269, ,
1, ,270, ,
0, ,270, ,
1, ,271, ,
1, ,269, ,
1, ,271, ,
1, ,270, ,
1, ,270, ,
0, ,269, ,
1, ,269, ,
0, ,270, ,
1, ,270, ,
1, ,269, ,
1, ,270, ,
0, ,271, ,
3, ,270, ,
0, ,269, ,
1, ,270, ,
1, ,269, ,
1, ,270, ,
0, ,270, ,
1, ,271, ,
0, ,269, ,
1, ,270, ,
1, ,270, ,
1, ,269, ,
0, ,269, ,
3, ,270, ,
1, ,269, ,
1, ,270, ,
1, ,270, ,
1, ,271, ,
0, ,269, ,
1, ,269, ,
0, ,269, ,
1, ,269, ,
1, ,269, ,
1, ,270, ,
0, ,269, ,
1, ,270, ,
0, ,269, ,
1, ,271, ,
1, ,269, ,
1, ,270, ,
0, ,269, ,
1, ,270, ,
1, ,269, ,
1, ,270, ,
1, ,270, ,
1, ,269, ,
0, ,270, ,
3, ,270, ,
1, ,270, ,
1, ,269, ,
1, ,270, ,
1, ,271, ,
0, ,269, ,
1, ,270, ,
0, ,269, ,
1, ,270, ,
1, ,269, ,
1, ,270, ,
0, ,270, ,
3, ,271, ,
1, ,269, ,
0, ,270, ,
1, ,269, ,
1, ,271, ,
0, ,269, ,
1, ,269, ,
1, ,269, ,
1, ,270, ,
1, ,269, ,
1, ,269, ,
0, ,270, ,
3, ,270, ,
1, ,269, ,
1, ,270, ,
1, ,270, ,
1, ,270, ,
0, ,269, ,
1, ,271, ,
0, ,269, ,
1, ,270, ,
1, ,269, ,
1, ,270, ,
0, ,270, ,
1, ,270, ,
0, ,269, ,
1, ,269, ,
1, ,269, ,
1, ,270, ,
0, ,269, ,
1, ,271, ,
1, ,269, ,
1, ,270, ,
1, ,269, ,
1, ,270, ,
0, ,269, ,
1, ,270, ,
1, ,269, ,
1, ,270, ,
1, ,269, ,
1, ,269, ,
0, ,270, ,
1, ,270, ,
1, ,270, ,
1, ,271, ,
1, ,270, ,
1, ,270, ,
0, ,269, ,
1, ,270, ,
1, ,269, ,
1, ,271, ,
1, ,269, ,
1, ,270, ,
0, ,269, ,
1, ,271, ,
1, ,270, ,
1, ,270, ,
1, ,270, ,
1, ,269, ,
0, ,270, ,
3, ,270, ,
1, ,270, ,
1, ,270, ,
1, ,270, ,
1, ,270, ,
0, ,269, ,
1, ,269, ,
0, ,270, ,
1, ,271, ,
1, ,269, ,
1, ,270, ,
0, ,271, ,
3, ,271, ,
0, ,270, ,
1, ,269, ,
1, ,269, ,
1, ,271, ,
0, ,270, ,
1, ,270, ,
0, ,270, ,
1, ,269, ,
1, ,270, ,
1, ,269, ,
0, ,270, ,
1, ,270, ,
1, ,269, ,
1, ,270, ,
1, ,269, ,
1, ,270, ,
0, ,269, ,
1, ,269, ,
1, ,269, ,
1, ,269, ,
1, ,269, ,
1, ,269, ,
0, ,270, ,
1, ,271, ,
1, ,270, ,
1, ,269, ,
1, ,270, ,
1, ,270, ,
0, ,269, ,
1, ,269, ,
1, ,270, ,
1, ,270, ,
1, ,269, ,
1, ,269, ,
0, ,269, ,
1, ,271, ,
1, ,270, ,
1, ,271, ,
1, ,270, ,
1, ,270, ,
0, ,270, ,
1, ,271, ,
1, ,269, ,
1, ,271, ,
1, ,269, ,
1, ,269, ,
0, ,270, ,
1, ,270, ,
0, ,269, ,
1, ,269, ,
1, ,269, ,
1, ,270, ,
0, ,269, ,
1, ,269, ,
1, ,269, ,
0, ,271, ,
1, ,270, ,
1, ,270, ,
0, ,269, ,
3, ,269, ,
1, ,269, ,
1, ,271, ,
1, ,269, ,
1, ,270, ,
0, ,269, ,
1, ,269, ,
1, ,269, ,
1, ,271, ,
1, ,269, ,
1, ,269, ,
-1, ,269, ,
1, ,270, ,
1, ,269, ,
1, ,269, ,
3, ,269, ,
3, ,270, ,
0, ,270, ,
3, ,270, ,
0, ,270, ,
1, ,269, ,
1, ,269, ,
1, ,270, ,
0, ,270, ,
3, ,270, ,
0, ,269, ,
0, ,270, ,
1, ,270, ,
1, ,270, ,
0, ,270, ,
1, ,270, ,
1, ,269, ,
0, ,271, ,
1, ,270, ,
1, ,270, ,
0, ,270, ,
1, ,270, ,
1, ,269, ,
1, ,270, ,
1, ,269, ,
1, ,270, ,
0, ,269, ,
1, ,269, ,
1, ,269, ,
1, ,270, ,
1, ,269, ,
1, ,269, ,
0, ,271, ,
1, ,271, ,
1, ,270, ,
1, ,270, ,
1, ,270, ,
1, ,270, ,
0, ,269, ,
1, ,269, ,
1, ,269, ,
1, ,270, ,
1, ,269, ,
1, ,269, ,
0, ,270, ,
1, ,271, ,
1, ,269, ,
1, ,269, ,
1, ,270, ,
1, ,271, ,
0, ,270, ,
3, ,269, ,
1, ,269, ,
1, ,270, ,
1, ,269, ,
1, ,270, ,
0, ,270, ,
3, ,269, ,
1, ,269, ,
1, ,270, ,
1, ,269, ,
1, ,270, ,
0, ,269, ,
3, ,271, ,
0, ,269, ,
1, ,270, ,
1, ,269, ,
1, ,270, ,
0, ,269, ,
1, ,270, ,
1, ,269, ,
1, ,269, ,
1, ,269, ,
1, ,270, ,
0, ,269, ,
1, ,270, ,
0, ,269, ,
1, ,270, ,
1, ,269, ,
1, ,269, ,
0, ,270, ,
1, ,270, ,
1, ,269, ,
0, ,270, ,
1, ,269, ,
1, ,270, ,
0, ,269, ,
1, ,269, ,
1, ,269, ,
1, ,271, ,
1, ,269, ,
1, ,269, ,
0, ,269, ,
1, ,270, ,
1, ,269, ,
1, ,270, ,
1, ,269, ,
1, ,269, ,
0, ,269, ,
1, ,271, ,
1, ,269, ,
1, ,270, ,
1, ,268, ,
3, ,270, ,
0, ,270, ,
1, ,270, ,
1, ,270, ,
1, ,270, ,
1, ,270, ,
1, ,271, ,
0, ,269, ,
3, ,270, ,
1, ,269, ,
1, ,269, ,
1, ,269, ,
1, ,270, ,
0, ,269, ,
3, ,270, ,
1, ,268, ,
1, ,270, ,
1, ,269, ,
1, ,270, ,
0, ,270, ,
1, ,269, ,
1, ,269, ,
1, ,270, ,
1, ,269, ,
1, ,269, ,
0, ,270, ,
3, ,270, ,
1, ,270, ,
1, ,269, ,
1, ,270, ,
1, ,269, ,
0, ,269, ,
1, ,269, ,
1, ,269, ,
1, ,270, ,
1, ,269, ,
1, ,269, ,
0, ,270, ,
1, ,269, ,
1, ,269, ,
1, ,269, ,
1, ,269, ,
1, ,270, ,
0, ,269, ,
1, ,270, ,
1, ,269, ,
1, ,269, ,
1, ,269, ,
1, ,271, ,
0, ,270, ,
3, ,270, ,
0, ,270, ,
1, ,269, ,
1, ,269, ,
1, ,270, ,
0, ,269, ,
1, ,270, ,
1, ,269, ,
0, ,270, ,
1, ,269, ,
1, ,270, ,
0, ,269, ,
1, ,270, ,
1, ,270, ,
1, ,270, ,
1, ,270, ,
1, ,269, ,
0, ,269, ,
1, ,269, ,
1, ,269, ,
1, ,270, ,
1, ,268, ,
1, ,269, ,
0, ,269, ,
1, ,270, ,
1, ,270, ,
1, ,271, ,
1, ,269, ,
1, ,271, ,
0, ,269, ,
1, ,270, ,
1, ,269, ,
1, ,269, ,
1, ,269, ,
1, ,269, ,
0, ,269, ,
1, ,271, ,
1, ,270, ,
1, ,270, ,
1, ,269, ,
1, ,269, ,
0, ,269, ,
3, ,270, ,
0, ,270, ,
1, ,270, ,
1, ,270, ,
1, ,271, ,
0, ,269, ,
1, ,270, ,
1, ,269, ,
1, ,269, ,
1, ,269, ,
1, ,271, ,
0, ,270, ,
1, ,270, ,
1, ,270, ,
1, ,269, ,
1, ,270, ,
1, ,269, ,
0, ,269, ,
1, ,270, ,
1, ,269, ,
1, ,269, ,
1, ,270, ,
1, ,270, ,
0, ,269, ,
1, ,269, ,
0, ,269, ,
1, ,270, ,
1, ,269, ,
1, ,269, ,
0, ,269, ,
3, ,269, ,
1, ,270, ,
1, ,270, ,
1, ,269, ,
1, ,270, ,
0, ,269, ,
1, ,270, ,
0, ,269, ,
1, ,270, ,
1, ,269, ,
1, ,270, ,
0, ,270, ,
1, ,270, ,
1, ,270, ,
1, ,270, ,
1, ,269, ,
1, ,270, ,
0, ,270, ,
1, ,271, ,
0, ,269, ,
1, ,270, ,
1, ,269, ,
3, ,269, ,
0, ,270, ,
1, ,270, ,
1, ,269, ,
0, ,269, ,
1, ,269, ,
1, ,270, ,
0, ,269, ,
1, ,271, ,
0, ,269, ,
1, ,269, ,
1, ,270, ,
1, ,270, ,
0, ,270, ,
3, ,271, ,
0, ,269, ,
0, ,270, ,
1, ,270, ,
1, ,269, ,
0, ,269, ,
1, ,271, ,
1, ,269, ,
1, ,270, ,
1, ,269, ,
1, ,269, ,
0, ,270, ,
1, ,270, ,
1, ,269, ,
1, ,270, ,
1, ,269, ,
1, ,269, ,
0, ,270, ,
1, ,271, ,
1, ,269, ,
1, ,271, ,
1, ,269, ,
1, ,269, ,
0, ,269, ,
1, ,270, ,
1, ,269, ,
1, ,270, ,
1, ,270, ,
1, ,270, ,
0, ,269, ,
1, ,270, ,
1, ,269, ,
0, ,270, ,
1, ,269, ,
1, ,269, ,
0, ,269, ,
1, ,269, ,
0, ,269, ,
1, ,269, ,
1, ,270, ,
1, ,271, ,
0, ,269, ,
1, ,269, ,
0, ,270, ,
0, ,270, ,
1, ,269, ,
1, ,269, ,
0, ,269, ,
1, ,270, ,
1, ,270, ,
0, ,269, ,
1, ,270, ,
1, ,271, ,
0, ,269, ,
1, ,270, ,
1, ,269, ,
1, ,270, ,
1, ,269, ,
1, ,269, ,
0, ,269, ,
1, ,269, ,
1, ,269, ,
1, ,269, ,
1, ,269, ,
1, ,270, ,
0, ,269, ,
3, ,270, ,
1, ,269, ,
1, ,270, ,
1, ,269, ,
1, ,270, ,
0, ,270, ,
3, ,270, ,
1, ,270, ,
1, ,270, ,
1, ,269, ,
1, ,270, ,
0, ,269, ,
1, ,269, ,
1, ,270, ,
1, ,270, ,
1, ,269, ,
1, ,270, ,
0, ,270, ,
1, ,270, ,
1, ,269, ,
1, ,269, ,
1, ,269, ,
1, ,270, ,
0, ,269, ,
1, ,269, ,
0, ,269, ,
1, ,270, ,
1, ,270, ,
1, ,269, ,
0, ,270, ,
1, ,271, ,
1, ,269, ,
1, ,269, ,
1, ,269, ,
1, ,270, ,
0, ,269, ,
1, ,270, ,
1, ,270, ,
1, ,270, ,
1, ,269, ,
1, ,270, ,
0, ,269, ,
3, ,270, ,
1, ,269, ,
1, ,269, ,
1, ,270, ,
1, ,270, ,
0, ,269, ,
1, ,270, ,
1, ,269, ,
1, ,270, ,
1, ,269, ,
1, ,271, ,
0, ,269, ,
1, ,270, ,
1, ,269, ,
1, ,270, ,
1, ,269, ,
1, ,269, ,
0, ,269, ,
1, ,269, ,
1, ,269, ,
1, ,270, ,
1, ,270, ,
1, ,269, ,
0, ,269, ,
1, ,270, ,
1, ,269, ,
1, ,270, ,
1, ,269, ,
1, ,270, ,
0, ,269, ,
1, ,271, ,
0, ,269, ,
1, ,270, ,
1, ,270, ,
1, ,269, ,
0, ,270, ,
1, ,269, ,
1, ,269, ,
0, ,269, ,
1, ,269, ,
1, ,270, ,
0, ,269, ,
1, ,269, ,
1, ,270, ,
1, ,269, ,
1, ,269, ,
1, ,270, ,
0, ,270, ,
1, ,270, ,
0, ,269, ,
1, ,270, ,
1, ,269, ,
1, ,270, ,
0, ,270, ,
1, ,270, ,
0, ,269, ,
0, ,271, ,
1, ,269, ,
1, ,270, ,
0, ,269, ,
1, ,270, ,
1, ,269, ,
0, ,269, ,
1, ,271, ,
1, ,270, ,
0, ,269, ,
1, ,270, ,
1, ,269, ,
1, ,270, ,
1, ,269, ,
1, ,271, ,
0, ,270, ,
1, ,269, ,
1, ,269, ,
1, ,270, ,
1, ,270, ,
1, ,269, ,
0, ,269, ,
1, ,270, ,
1, ,269, ,
1, ,271, ,
1, ,269, ,
1, ,270, ,
0, ,271, ,
1, ,270, ,
1, ,269, ,
1, ,270, ,
1, ,270, ,
1, ,270, ,
0, ,269, ,
1, ,270, ,
1, ,270, ,
1, ,269, ,
1, ,269, ,
1, ,269, ,
0, ,269, ,
1, ,270, ,
1, ,270, ,
1, ,269, ,
1, ,269, ,
1, ,271, ,
0, ,269, ,
3, ,270, ,
1, ,269, ,
1, ,269, ,
1, ,269, ,
1, ,270, ,
0, ,270, ,
1, ,270, ,
1, ,269, ,
1, ,270, ,
1, ,269, ,
1, ,270, ,
0, ,269, ,
1, ,270, ,
1, ,269, ,
1, ,271, ,
1, ,270, ,
1, ,270, ,
0, ,269, ,
1, ,270, ,
0, ,270, ,
1, ,269, ,
1, ,269, ,
1, ,271, ,
0, ,269, ,
1, ,269, ,
1, ,269, ,
1, ,270, ,
1, ,269, ,
1, ,269, ,
0, ,269, ,
1, ,271, ,
1, ,269, ,
1, ,270, ,
1, ,270, ,
1, ,270, ,
0, ,269, ,
1, ,270, ,
0, ,270, ,
1, ,269, ,
1, ,268, ,
1, ,267, ,
0, ,267, ,
1, ,269, ,
1, ,271, ,
1, ,273, ,
1, ,273, ,
3, ,271, ,
0, ,269, ,
1, ,268, ,
1, ,269, ,
1, ,269, ,
1, ,269, ,
1, ,270, ,
0, ,269, ,
1, ,271, ,
1, ,269, ,
1, ,270, ,
1, ,269, ,
1, ,270, ,
0, ,270, ,
1, ,270, ,
0, ,269, ,
1, ,270, ,
1, ,269, ,
1, ,269, ,
0, ,269, ,
3, ,269, ,
1, ,269, ,
0, ,271, ,
1, ,269, ,
1, ,270, ,
0, ,269, ,
1, ,269, ,
1, ,269, ,
1, ,270, ,
1, ,269, ,
1, ,270, ,
0, ,269, ,
1, ,269, ,
1, ,269, ,
1, ,270, ,
1, ,270, ,
1, ,269, ,
0, ,270, ,
3, ,269, ,
1, ,269, ,
1, ,269, ,
1, ,269, ,
1, ,269, ,
0, ,269, ,
1, ,269, ,
1, ,269, ,
1, ,269, ,
1, ,269, ,
1, ,269, ,
0, ,269, ,
1, ,269, ,
1, ,270, ,
1, ,269, ,
1, ,269, ,
1, ,269, ,
0, ,269, ,
1, ,270, ,
1, ,269, ,
1, ,269, ,
1, ,269, ,
1, ,270, ,
0, ,269, ,
1, ,269, ,
1, ,269, ,
1, ,270, ,
1, ,270, ,
1, ,270, ,
0, ,269, ,
1, ,269, ,
1, ,269, ,
1, ,270, ,
1, ,269, ,
1, ,269, ,
0, ,269, ,
1, ,270, ,
0, ,269, ,
1, ,270, ,
1, ,269, ,
1, ,270, ,
0, ,270, ,
1, ,269, ,
1, ,269, ,
0, ,270, ,
1, ,270, ,
1, ,269, ,
0, ,269, ,
1, ,270, ,
1, ,270, ,
1, ,270, ,
1, ,269, ,
3, ,269, ,
0, ,269, ,
1, ,269, ,
1, ,269, ,
1, ,269, ,
1, ,270, ,
3, ,269, ,
0, ,269, ,
1, ,270, ,
1, ,269, ,
1, ,269, ,
1, ,269, ,
1, ,269, ,
0, ,270, ,
1, ,271, ,
1, ,270, ,
1, ,270, ,
1, ,270, ,
1, ,269, ,
0, ,269, ,
3, ,270, ,
1, ,270, ,
1, ,270, ,
1, ,271, ,
1, ,271, ,
0, ,270, ,
1, ,269, ,
1, ,269, ,
1, ,269, ,
1, ,269, ,
1, ,270, ,
0, ,270, ,
1, ,271, ,
1, ,269, ,
1, ,271, ,
1, ,269, ,
1, ,269, ,
0, ,270, ,
3, ,270, ,
1, ,269, ,
1, ,270, ,
1, ,270, ,
1, ,270, ,
0, ,269, ,
1, ,269, ,
0, ,269, ,
1, ,269, ,
1, ,269, ,
1, ,269, ,
0, ,270, ,
1, ,271, ,
1, ,270, ,
1, ,270, ,
1, ,270, ,
1, ,270, ,
0, ,270, ,
1, ,270, ,
1, ,270, ,
1, ,270, ,
1, ,269, ,
1, ,270, ,
0, ,271, ,
1, ,270, ,
1, ,269, ,
1, ,269, ,
1, ,269, ,
1, ,269, ,
0, ,270, ,
1, ,270, ,
1, ,270, ,
1, ,271, ,
1, ,270, ,
1, ,270, ,
0, ,271, ,
1, ,271, ,
1, ,269, ,
1, ,269, ,
1, ,270, ,
1, ,269, ,
0, ,270, ,
1, ,270, ,
1, ,271, ,
1, ,270, ,
1, ,270, ,
1, ,270, ,
0, ,270, ,
1, ,270, ,
1, ,270, ,
1, ,270, ,
1, ,270, ,
1, ,270, ,
0, ,270, ,
1, ,269, ,
0, ,271, ,
1, ,270, ,
1, ,269, ,
1, ,269, ,
0, ,271, ,
1, ,270, ,
1, ,270, ,
1, ,271, ,
1, ,269, ,
1, ,269, ,
0, ,270, ,
1, ,270, ,
1, ,269, ,
1, ,271, ,
1, ,270, ,
1, ,269, ,
0, ,271, ,
1, ,270, ,
1, ,270, ,
1, ,269, ,
1, ,270, ,
1, ,271, ,
0, ,270, ,
1, ,269, ,
0, ,269, ,
1, ,269, ,
3, ,269, ,
1, ,269, ,
0, ,271, ,
3, ,270, ,
1, ,269, ,
0, ,270, ,
1, ,269, ,
1, ,270, ,
0, ,269, ,
1, ,270, ,
0, ,270, ,
1, ,270, ,
1, ,269, ,
1, ,270, ,
0, ,269, ,
1, ,269, ,
1, ,269, ,
0, ,270, ,
1, ,270, ,
1, ,270, ,
0, ,270, ,
1, ,271, ,
1, ,269, ,
1, ,270, ,
1, ,269, ,
1, ,269, ,
0, ,269, ,
3, ,270, ,
1, ,269, ,
1, ,270, ,
1, ,269, ,
1, ,271, ,
0, ,269, ,
1, ,270, ,
1, ,269, ,
1, ,271, ,
1, ,269, ,
1, ,271, ,
0, ,269, ,
1, ,270, ,
1, ,269, ,
1, ,269, ,
1, ,270, ,
1, ,270, ,
0, ,269, ,
3, ,270, ,
1, ,269, ,
1, ,270, ,
1, ,269, ,
1, ,271, ,
0, ,270, ,
1, ,270, ,
1, ,269, ,
1, ,271, ,
1, ,270, ,
1, ,270, ,
0, ,270, ,
1, ,269, ,
1, ,269, ,
1, ,271, ,
1, ,270, ,
1, ,270, ,
0, ,269, ,
1, ,270, ,
1, ,269, ,
1, ,269, ,
1, ,269, ,
1, ,270, ,
0, ,270, ,
1, ,271, ,
1, ,269, ,
1, ,271, ,
1, ,269, ,
1, ,270, ,
-1, ,271, ,
1, ,270, ,
1, ,269, ,
1, ,270, ,
1, ,270, ,
1, ,270, ,
0, ,270, ,
3, ,270, ,
0, ,270, ,
1, ,269, ,
1, ,269, ,
1, ,270, ,
0, ,269, ,
3, ,271, ,
1, ,269, ,
1, ,270, ,
1, ,269, ,
1, ,270, ,
0, ,270, ,
1, ,271, ,
0, ,270, ,
1, ,270, ,
1, ,270, ,
1, ,271, ,
0, ,270, ,
1, ,270, ,
1, ,269, ,
1, ,270, ,
1, ,270, ,
1, ,270, ,
0, ,269, ,
3, ,269, ,
1, ,270, ,
1, ,269, ,
1, ,270, ,
1, ,269, ,
0, ,271, ,
1, ,270, ,
1, ,269, ,
1, ,269, ,
1, ,270, ,
1, ,270, ,
0, ,269, ,
1, ,269, ,
1, ,270, ,
1, ,269, ,
1, ,269, ,
1, ,270, ,
0, ,271, ,
3, ,269, ,
1, ,270, ,
1, ,269, ,
3, ,269, ,
1, ,270, ,
0, ,269, ,
1, ,269, ,
1, ,269, ,
1, ,269, ,
1, ,270, ,
1, ,270, ,
0, ,271, ,
1, ,270, ,
1, ,270, ,
1, ,271, ,
1, ,270, ,
1, ,270, ,
0, ,270, ,
1, ,270, ,
0, ,269, ,
1, ,269, ,
1, ,269, ,
1, ,269, ,
0, ,270, ,
3, ,271, ,
0, ,269, ,
0, ,269, ,
1, ,269, ,
1, ,269, ,
0, ,269, ,
1, ,269, ,
1, ,270, ,
0, ,269, ,
1, ,269, ,
1, ,269, ,
0, ,270, ,
1, ,271, ,
1, ,269, ,
1, ,270, ,
1, ,270, ,
1, ,270, ,
0, ,270, ,
1, ,270, ,
1, ,269, ,
1, ,271, ,
1, ,269, ,
1, ,269, ,
0, ,271, ,
3, ,270, ,
1, ,269, ,
1, ,270, ,
1, ,270, ,
1, ,270, ,
0, ,269, ,
1, ,270, ,
1, ,270, ,
1, ,270, ,
1, ,269, ,
1, ,270, ,
0, ,269, ,
3, ,269, ,
1, ,270, ,
1, ,270, ,
1, ,269, ,
1, ,270, ,
0, ,269, ,
1, ,270, ,
1, ,270, ,
1, ,270, ,
1, ,269, ,
1, ,269, ,
0, ,270, ,
3, ,269, ,
1, ,270, ,
1, ,270, ,
1, ,270, ,
1, ,270, ,
0, ,269, ,
1, ,271, ,
1, ,270, ,
1, ,269, ,
1, ,269, ,
1, ,269, ,
0, ,270, ,
3, ,270, ,
1, ,269, ,
1, ,269, ,
1, ,270, ,
1, ,270, ,
0, ,269, ,
1, ,270, ,
1, ,269, ,
1, ,269, ,
1, ,269, ,
1, ,270, ,
0, ,270, ,
3, ,271, ,
1, ,269, ,
1, ,270, ,
1, ,269, ,
1, ,270, ,
0, ,269, ,
1, ,270, ,
1, ,269, ,
1, ,270, ,
1, ,269, ,
1, ,271, ,
0, ,270, ,
1, ,270, ,
1, ,269, ,
1, ,270, ,
1, ,269, ,
1, ,270, ,
0, ,270, ,
1, ,270, ,
0, ,270, ,
1, ,270, ,
1, ,269, ,
1, ,270, ,
0, ,270, ,
1, ,270, ,
1, ,269, ,
1, ,271, ,
1, ,269, ,
1, ,270, ,
0, ,269, ,
1, ,270, ,
1, ,269, ,
1, ,270, ,
1, ,269, ,
1, ,270, ,
0, ,270, ,
1, ,270, ,
1, ,269, ,
1, ,270, ,
1, ,270, ,
1, ,270, ,
0, ,270, ,
1, ,269, ,
1, ,269, ,
1, ,265, ,
1, ,267, ,
1, ,271, ,
0, ,276, ,
1, ,274, ,
1, ,269, ,
1, ,269, ,
1, ,268, ,
1, ,269, ,
0, ,269, ,
1, ,270, ,
1, ,269, ,
1, ,269, ,
1, ,269, ,
1, ,270, ,
0, ,270, ,
1, ,270, ,
1, ,270, ,
1, ,269, ,
1, ,270, ,
1, ,270, ,
0, ,270, ,
1, ,270, ,
1, ,269, ,
1, ,270, ,
1, ,269, ,
1, ,271, ,
0, ,269, ,
1, ,270, ,
0, ,270, ,
1, ,269, ,
1, ,269, ,
1, ,270, ,
0, ,269, ,
1, ,269, ,
0, ,270, ,
0, ,270, ,
1, ,270, ,
1, ,270, ,
0, ,270, ,
1, ,269, ,
1, ,269, ,
1, ,270, ,
1, ,270, ,
1, ,270, ,
0, ,270, ,
1, ,270, ,
0, ,270, ,
1, ,270, ,
1, ,269, ,
1, ,270, ,
0, ,269, ,
3, ,269, ,
1, ,268, ,
0, ,271, ,
1, ,271, ,
1, ,270, ,
0, ,269, ,
3, ,270, ,
0, ,269, ,
1, ,270, ,
1, ,269, ,
1, ,269, ,
0, ,269, ,
1, ,270, ,
1, ,270, ,
1, ,271, ,
1, ,270, ,
1, ,270, ,
0, ,269, ,
3, ,269, ,
1, ,269, ,
1, ,270, ,
1, ,269, ,
1, ,269, ,
0, ,269, ,
3, ,270, ,
1, ,269, ,
1, ,270, ,
1, ,269, ,
1, ,270, ,
0, ,269, ,
1, ,271, ,
1, ,269, ,
1, ,270, ,
1, ,268, ,
1, ,269, ,
0, ,269, ,
1, ,270, ,
1, ,269, ,
1, ,270, ,
1, ,269, ,
1, ,269, ,
0, ,269, ,
1, ,270, ,
1, ,270, ,
1, ,270, ,
1, ,270, ,
1, ,269, ,
0, ,269, ,
3, ,270, ,
1, ,269, ,
1, ,270, ,
1, ,269, ,
1, ,270, ,
0, ,270, ,
1, ,269, ,
1, ,269, ,
1, ,270, ,
1, ,269, ,
1, ,270, ,
0, ,269, ,
1, ,269, ,
1, ,270, ,
1, ,271, ,
1, ,270, ,
1, ,270, ,
0, ,269, ,
1, ,270, ,
1, ,269, ,
1, ,270, ,
1, ,269, ,
1, ,271, ,
0, ,270, ,
3, ,270, ,
0, ,270, ,
1, ,270, ,
1, ,269, ,
1, ,270, ,
0, ,270, ,
1, ,269, ,
1, ,270, ,
1, ,270, ,
1, ,269, ,
1, ,269, ,
0, ,270, ,
1, ,270, ,
1, ,269, ,
1, ,270, ,
1, ,269, ,
1, ,270, ,
0, ,269, ,
1, ,269, ,
0, ,269, ,
1, ,269, ,
1, ,269, ,
1, ,270, ,
0, ,270, ,
1, ,270, ,
1, ,269, ,
1, ,269, ,
1, ,269, ,
1, ,270, ,
0, ,269, ,
1, ,269, ,
1, ,269, ,
1, ,270, ,
1, ,269, ,
1, ,270, ,
0, ,270, ,
1, ,270, ,
1, ,269, ,
1, ,269, ,
1, ,270, ,
1, ,270, ,
0, ,270, ,
1, ,271, ,
1, ,270, ,
1, ,270, ,
1, ,270, ,
3, ,269, ,
0, ,269, ,
1, ,269, ,
1, ,270, ,
1, ,269, ,
1, ,269, ,
1, ,269, ,
0, ,269, ,
1, ,270, ,
0, ,269, ,
1, ,270, ,
1, ,269, ,
1, ,270, ,
0, ,270, ,
1, ,270, ,
1, ,269, ,
0, ,269, ,
1, ,269, ,
1, ,270, ,
0, ,270, ,
1, ,269, ,
0, ,269, ,
1, ,269, ,
1, ,269, ,
1, ,269, ,
0, ,269, ,
1, ,270, ,
1, ,269, ,
1, ,269, ,
1, ,269, ,
1, ,270, ,
0, ,269, ,
1, ,269, ,
1, ,269, ,
1, ,270, ,
1, ,269, ,
1, ,269, ,
0, ,269, ,
1, ,269, ,
1, ,270, ,
1, ,270, ,
1, ,270, ,
1, ,270, ,
0, ,269, ,
1, ,269, ,
0, ,270, ,
1, ,269, ,
1, ,269, ,
1, ,269, ,
0, ,270, ,
3, ,270, ,
1, ,269, ,
0, ,270, ,
1, ,270, ,
1, ,270, ,
0, ,269, ,
1, ,270, ,
0, ,269, ,
1, ,270, ,
1, ,269, ,
1, ,270, ,
0, ,269, ,
1, ,271, ,
0, ,270, ,
1, ,270, ,
1, ,270, ,
1, ,270, ,
0, ,269, ,
1, ,269, ,
1, ,269, ,
1, ,269, ,
1, ,269, ,
1, ,269, ,
0, ,269, ,
1, ,270, ,
1, ,270, ,
1, ,269, ,
1, ,269, ,
1, ,269, ,
0, ,270, ,
1, ,269, ,
0, ,269, ,
1, ,270, ,
1, ,269, ,
1, ,269, ,
0, ,269, ,
1, ,270, ,
1, ,270, ,
1, ,271, ,
1, ,269, ,
1, ,270, ,
0, ,270, ,
1, ,270, ,
1, ,269, ,
1, ,270, ,
1, ,270, ,
1, ,270, ,
0, ,269, ,
3, ,269, ,
1, ,269, ,
1, ,270, ,
1, ,270, ,
1, ,270, ,
0, ,269, ,
1, ,269, ,
1, ,269, ,
1, ,271, ,
1, ,269, ,
1, ,269, ,
0, ,269, ,
1, ,270, ,
1, ,269, ,
1, ,269, ,
1, ,270, ,
3, ,271, ,
0, ,270, ,
1, ,271, ,
1, ,270, ,
1, ,269, ,
1, ,270, ,
1, ,270, ,
0, ,270, ,
1, ,270, ,
0, ,269, ,
1, ,270, ,
1, ,271, ,
1, ,270, ,
0, ,270, ,
1, ,269, ,
1, ,269, ,
1, ,270, ,
1, ,269, ,
1, ,270, ,
0, ,270, ,
1, ,270, ,
1, ,269, ,
1, ,269, ,
1, ,270, ,
3, ,269, ,
0, ,270, ,
1, ,269, ,
1, ,269, ,
1, ,271, ,
1, ,269, ,
1, ,269, ,
0, ,270, ,
3, ,269, ,
0, ,270, ,
0, ,269, ,
1, ,269, ,
1, ,270, ,
0, ,270, ,
1, ,269, ,
1, ,269, ,
1, ,271, ,
1, ,270, ,
1, ,270, ,
0, ,270, ,
3, ,270, ,
0, ,270, ,
1, ,270, ,
1, ,270, ,
1, ,270, ,
0, ,270, ,
3, ,270, ,
1, ,270, ,
1, ,271, ,
1, ,269, ,
1, ,270, ,
0, ,269, ,
1, ,270, ,
0, ,270, ,
1, ,271, ,
1, ,269, ,
1, ,269, ,
-1, ,270, ,
1, ,269, ,
0, ,269, ,
0, ,270, ,
1, ,270, ,
1, ,269, ,
0, ,270, ,
3, ,270, ,
0, ,269, ,
0, ,270, ,
1, ,270, ,
1, ,270, ,
0, ,269, ,
1, ,270, ,
1, ,269, ,
1, ,270, ,
1, ,269, ,
1, ,270, ,
0, ,269, ,
3, ,270, ,
1, ,269, ,
1, ,270, ,
1, ,271, ,
1, ,270, ,
0, ,269, ,
1, ,269, ,
1, ,269, ,
1, ,270, ,
1, ,270, ,
1, ,270, ,
0, ,269, ,
1, ,269, ,
0, ,269, ,
1, ,269, ,
1, ,269, ,
1, ,270, ,
0, ,269, ,
1, ,269, ,
0, ,269, ,
1, ,270, ,
1, ,270, ,
1, ,271, ,
0, ,270, ,
3, ,270, ,
1, ,269, ,
1, ,270, ,
1, ,269, ,
1, ,269, ,
0, ,269, ,
1, ,270, ,
1, ,270, ,
1, ,269, ,
1, ,269, ,
1, ,269, ,
0, ,270, ,
1, ,270, ,
1, ,269, ,
1, ,269, ,
1, ,270, ,
1, ,270, ,
0, ,270, ,
1, ,270, ,
1, ,269, ,
1, ,269, ,
1, ,269, ,
1, ,269, ,
0, ,269, ,
1, ,270, ,
0, ,269, ,
1, ,269, ,
1, ,270, ,
1, ,270, ,
0, ,269, ,
1, ,269, ,
0, ,269, ,
1, ,270, ,
1, ,269, ,
1, ,269, ,
0, ,269, ,
3, ,269, ,
1, ,269, ,
1, ,269, ,
1, ,269, ,
1, ,270, ,
0, ,269, ,
1, ,270, ,
0, ,269, ,
1, ,271, ,
1, ,269, ,
1, ,270, ,
0, ,270, ,
1, ,270, ,
0, ,270, ,
1, ,269, ,
1, ,269, ,
1, ,270, ,
0, ,270, ,
1, ,269, ,
1, ,269, ,
1, ,271, ,
1, ,270, ,
1, ,269, ,
0, ,269, ,
1, ,270, ,
1, ,269, ,
1, ,270, ,
1, ,269, ,
1, ,271, ,
0, ,269, ,
1, ,271, ,
1, ,270, ,
1, ,270, ,
1, ,269, ,
1, ,270, ,
0, ,269, ,
1, ,270, ,
0, ,269, ,
1, ,269, ,
1, ,269, ,
1, ,270, ,
0, ,269, ,
1, ,269, ,
1, ,269, ,
0, ,270, ,
1, ,269, ,
1, ,270, ,
0, ,269, ,
1, ,270, ,
1, ,269, ,
0, ,269, ,
1, ,269, ,
1, ,270, ,
0, ,269, ,
1, ,269, ,
1, ,269, ,
1, ,269, ,
1, ,269, ,
1, ,270, ,
0, ,269, ,
3, ,269, ,
1, ,269, ,
1, ,269, ,
1, ,271, ,
1, ,271, ,
0, ,270, ,
1, ,270, ,
0, ,269, ,
0, ,271, ,
1, ,269, ,
1, ,269, ,
0, ,269, ,
1, ,269, ,
1, ,269, ,
1, ,269, ,
1, ,269, ,
1, ,270, ,
0, ,269, ,
3, ,269, ,
1, ,269, ,
1, ,269, ,
1, ,269, ,
1, ,269, ,
0, ,270, ,
1, ,271, ,
1, ,270, ,
1, ,270, ,
1, ,269, ,
1, ,270, ,
0, ,269, ,
1, ,270, ,
1, ,269, ,
1, ,271, ,
1, ,269, ,
1, ,269, ,
0, ,269, ,
1, ,270, ,
1, ,269, ,
1, ,269, ,
1, ,269, ,
1, ,271, ,
0, ,270, ,
1, ,270, ,
1, ,270, ,
1, ,270, ,
1, ,269, ,
1, ,269, ,
0, ,268, ,
3, ,267, ,
1, ,267, ,
1, ,269, ,
1, ,271, ,
1, ,274, ,
0, ,271, ,
1, ,271, ,
1, ,268, ,
1, ,268, ,
1, ,267, ,
1, ,268, ,
0, ,270, ,
1, ,270, ,
1, ,269, ,
1, ,269, ,
1, ,269, ,
1, ,269, ,
0, ,269, ,
1, ,269, ,
1, ,269, ,
1, ,269, ,
1, ,269, ,
1, ,269, ,
0, ,269, ,
3, ,270, ,
1, ,269, ,
1, ,268, ,
1, ,269, ,
1, ,270, ,
0, ,269, ,
1, ,269, ,
0, ,269, ,
1, ,269, ,
3, ,269, ,
1, ,269, ,
0, ,270, ,
1, ,269, ,
1, ,269, ,
1, ,269, ,
1, ,269, ,
1, ,269, ,
0, ,270, ,
1, ,269, ,
1, ,269, ,
1, ,269, ,
1, ,269, ,
1, ,269, ,
0, ,269, ,
3, ,269, ,
1, ,269, ,
1, ,269, ,
1, ,270, ,
1, ,270, ,
0, ,269, ,
1, ,269, ,
1, ,269, ,
1, ,269, ,
1, ,269, ,
1, ,269, ,
0, ,269, ,
1, ,269, ,
1, ,270, ,
1, ,269, ,
1, ,269, ,
1, ,270, ,
0, ,269, ,
1, ,269, ,
0, ,269, ,
1, ,269, ,
1, ,269, ,
1, ,269, ,
0, ,269, ,
1, ,270, ,
1, ,269, ,
0, ,269, ,
1, ,269, ,
1, ,271, ,
0, ,269, ,
1, ,269, ,
1, ,269, ,
1, ,269, ,
1, ,269, ,
1, ,269, ,
0, ,269, ,
1, ,270, ,
1, ,269, ,
1, ,270, ,
1, ,269, ,
1, ,270, ,
0, ,269, ,
1, ,271, ,
1, ,269, ,
1, ,270, ,
1, ,269, ,
1, ,269, ,
0, ,269, ,
1, ,269, ,
1, ,269, ,
1, ,269, ,
1, ,270, ,
1, ,270, ,
0, ,269, ,
1, ,269, ,
