Format,1.0B,
Memory Length,10000,Memory Length,10000,
IntpDistance,0,IntpDistance,0,
Trigger Address,5049,Trigger Address,5049,
Trigger Level,2.800E-01,Trigger Level,2.800E-01,
Source,CH1,Source,CH2,
Vertical Units,V,Vertical Units,V,
Vertical Units Div,0,Vertical Units Div,0,
Vertical Units Extend Div,16,Vertical Units Extend Div,16,
Label,,Label,,
Probe Type,0,Probe Type,0,
Probe Ratio,1.000e+01,Probe Ratio,1.000e+00,
Vertical Scale,5.000e-01,Vertical Scale,2.000e-01,
Vertical Position,-1.780e+00,Vertical Position,-2.240e+00,
Horizontal Units,S,Horizontal Units,S,
Horizontal Scale,2.000E-05,Horizontal Scale,2.000E-05,
Horizontal Position,-1.000E-06,Horizontal Position,-1.000E-06,
Horizontal Mode,Main,Horizontal Mode,Main,
SincET Mode,Real Time,SincET Mode,Real Time,
Sampling Period,2.000e-08,Sampling Period,2.000e-08,
Horizontal Old Scale,2.000E-05,Horizontal Old Scale,2.000E-05,
Horizontal Old Position,-1.000E-06,Horizontal Old Position,-1.000E-06,
Firmware,V1.23,Firmware,V1.23,
Mode,Fast,Mode,Fast,
Waveform Data,,Waveform Data,,
1, ,277, ,
1, ,279, ,
0, ,278, ,
3, ,278, ,
1, ,277, ,
1, ,278, ,
1, ,279, ,
1, ,278, ,
0, ,277, ,
3, ,279, ,
1, ,278, ,
1, ,279, ,
3, ,277, ,
1, ,279, ,
0, ,278, ,
3, ,279, ,
1, ,278, ,
1, ,279, ,
1, ,278, ,
3, ,278, ,
0, ,278, ,
3, ,278, ,
1, ,278, ,
1, ,278, ,
1, ,277, ,
1, ,279, ,
0, ,278, ,
3, ,279, ,
1, ,278, ,
1, ,278, ,
1, ,278, ,
1, ,279, ,
0, ,278, ,
3, ,278, ,
1, ,278, ,
3, ,279, ,
1, ,277, ,
3, ,279, ,
0, ,279, ,
3, ,280, ,
1, ,278, ,
1, ,279, ,
3, ,278, ,
1, ,279, ,
0, ,278, ,
3, ,280, ,
1, ,278, ,
1, ,280, ,
1, ,279, ,
1, ,280, ,
0, ,279, ,
3, ,279, ,
1, ,278, ,
1, ,278, ,
1, ,279, ,
3, ,279, ,
0, ,278, ,
3, ,279, ,
1, ,279, ,
1, ,279, ,
3, ,278, ,
1, ,279, ,
0, ,279, ,
3, ,279, ,
1, ,278, ,
1, ,279, ,
3, ,278, ,
1, ,279, ,
0, ,278, ,
3, ,279, ,
1, ,278, ,
1, ,279, ,
1, ,278, ,
1, ,278, ,
0, ,278, ,
3, ,279, ,
1, ,278, ,
1, ,279, ,
1, ,278, ,
3, ,279, ,
0, ,278, ,
3, ,279, ,
1, ,279, ,
1, ,279, ,
1, ,278, ,
1, ,279, ,
0, ,279, ,
3, ,279, ,
1, ,279, ,
1, ,279, ,
3, ,278, ,
1, ,279, ,
0, ,279, ,
3, ,279, ,
1, ,279, ,
1, ,279, ,
1, ,279, ,
1, ,279, ,
0, ,279, ,
3, ,279, ,
1, ,278, ,
1, ,279, ,
1, ,278, ,
3, ,279, ,
0, ,278, ,
3, ,279, ,
1, ,279, ,
3, ,279, ,
1, ,278, ,
3, ,279, ,
0, ,279, ,
3, ,279, ,
1, ,278, ,
1, ,279, ,
1, ,279, ,
1, ,279, ,
0, ,278, ,
3, ,279, ,
1, ,279, ,
1, ,279, ,
1, ,278, ,
1, ,279, ,
0, ,279, ,
3, ,279, ,
1, ,278, ,
1, ,279, ,
3, ,278, ,
3, ,279, ,
0, ,278, ,
3, ,279, ,
1, ,279, ,
1, ,279, ,
1, ,278, ,
1, ,279, ,
0, ,278, ,
3, ,279, ,
1, ,278, ,
1, ,279, ,
1, ,279, ,
1, ,279, ,
0, ,278, ,
3, ,279, ,
1, ,279, ,
1, ,279, ,
1, ,279, ,
1, ,278, ,
0, ,279, ,
3, ,279, ,
1, ,278, ,
1, ,279, ,
1, ,278, ,
1, ,279, ,
0, ,277, ,
1, ,278, ,
1, ,279, ,
1, ,280, ,
1, ,279, ,
1, ,279, ,
0, ,279, ,
3, ,279, ,
1, ,278, ,
1, ,278, ,
1, ,278, ,
1, ,279, ,
0, ,279, ,
3, ,279, ,
1, ,279, ,
1, ,280, ,
1, ,279, ,
1, ,278, ,
0, ,279, ,
3, ,279, ,
1, ,278, ,
1, ,279, ,
1, ,279, ,
1, ,279, ,
0, ,278, ,
1, ,279, ,
1, ,279, ,
1, ,279, ,
3, ,278, ,
3, ,278, ,
0, ,279, ,
3, ,280, ,
1, ,279, ,
1, ,279, ,
3, ,278, ,
1, ,279, ,
0, ,279, ,
3, ,279, ,
1, ,278, ,
1, ,279, ,
3, ,278, ,
1, ,279, ,
0, ,279, ,
3, ,279, ,
1, ,278, ,
1, ,278, ,
1, ,278, ,
1, ,279, ,
0, ,278, ,
3, ,279, ,
1, ,279, ,
1, ,279, ,
1, ,278, ,
1, ,279, ,
0, ,279, ,
3, ,279, ,
1, ,278, ,
1, ,279, ,
1, ,279, ,
1, ,279, ,
0, ,278, ,
1, ,279, ,
1, ,279, ,
1, ,279, ,
1, ,278, ,
1, ,278, ,
0, ,279, ,
3, ,279, ,
1, ,278, ,
1, ,279, ,
1, ,278, ,
1, ,279, ,
0, ,278, ,
3, ,279, ,
1, ,278, ,
1, ,279, ,
1, ,278, ,
3, ,278, ,
0, ,279, ,
3, ,279, ,
1, ,278, ,
1, ,279, ,
1, ,279, ,
1, ,279, ,
0, ,278, ,
1, ,279, ,
1, ,279, ,
1, ,278, ,
1, ,278, ,
1, ,279, ,
0, ,278, ,
3, ,279, ,
1, ,279, ,
1, ,279, ,
1, ,278, ,
3, ,279, ,
0, ,279, ,
3, ,279, ,
1, ,278, ,
1, ,279, ,
1, ,278, ,
3, ,279, ,
0, ,279, ,
3, ,279, ,
1, ,278, ,
1, ,279, ,
1, ,279, ,
1, ,279, ,
0, ,278, ,
1, ,279, ,
1, ,279, ,
1, ,279, ,
1, ,279, ,
1, ,279, ,
0, ,279, ,
3, ,279, ,
1, ,278, ,
1, ,278, ,
1, ,279, ,
1, ,279, ,
0, ,278, ,
3, ,279, ,
1, ,278, ,
1, ,279, ,
1, ,278, ,
1, ,279, ,
0, ,279, ,
3, ,280, ,
1, ,278, ,
1, ,279, ,
1, ,279, ,
1, ,279, ,
0, ,278, ,
3, ,279, ,
1, ,278, ,
1, ,279, ,
1, ,278, ,
1, ,279, ,
0, ,279, ,
3, ,279, ,
1, ,278, ,
1, ,279, ,
1, ,278, ,
1, ,279, ,
0, ,278, ,
3, ,279, ,
1, ,279, ,
1, ,279, ,
1, ,278, ,
3, ,268, ,
0, ,278, ,
3, ,287, ,
1, ,284, ,
1, ,278, ,
1, ,275, ,
1, ,279, ,
0, ,279, ,
1, ,279, ,
1, ,278, ,
1, ,280, ,
1, ,278, ,
1, ,277, ,
0, ,278, ,
1, ,280, ,
1, ,279, ,
1, ,278, ,
1, ,278, ,
1, ,279, ,
0, ,278, ,
1, ,279, ,
1, ,279, ,
1, ,279, ,
1, ,278, ,
1, ,279, ,
0, ,278, ,
3, ,280, ,
1, ,278, ,
1, ,278, ,
1, ,279, ,
3, ,280, ,
0, ,279, ,
1, ,278, ,
1, ,278, ,
1, ,279, ,
1, ,278, ,
1, ,278, ,
0, ,278, ,
3, ,279, ,
1, ,278, ,
1, ,278, ,
1, ,279, ,
1, ,280, ,
0, ,279, ,
1, ,280, ,
1, ,279, ,
1, ,279, ,
1, ,279, ,
1, ,279, ,
0, ,279, ,
3, ,279, ,
1, ,278, ,
1, ,279, ,
1, ,278, ,
1, ,280, ,
0, ,278, ,
1, ,278, ,
1, ,279, ,
1, ,279, ,
1, ,278, ,
1, ,279, ,
0, ,278, ,
1, ,278, ,
1, ,277, ,
1, ,279, ,
1, ,278, ,
1, ,279, ,
0, ,278, ,
1, ,279, ,
0, ,279, ,
1, ,278, ,
1, ,278, ,
1, ,279, ,
0, ,279, ,
3, ,279, ,
1, ,278, ,
1, ,279, ,
1, ,279, ,
1, ,279, ,
0, ,278, ,
3, ,278, ,
1, ,279, ,
1, ,279, ,
1, ,278, ,
1, ,278, ,
0, ,279, ,
1, ,279, ,
1, ,278, ,
1, ,279, ,
1, ,278, ,
3, ,279, ,
0, ,278, ,
1, ,279, ,
0, ,279, ,
1, ,279, ,
1, ,278, ,
1, ,278, ,
0, ,279, ,
1, ,280, ,
1, ,278, ,
1, ,279, ,
1, ,279, ,
1, ,279, ,
0, ,278, ,
3, ,279, ,
1, ,278, ,
1, ,279, ,
1, ,278, ,
1, ,278, ,
-1, ,279, ,
1, ,279, ,
1, ,278, ,
1, ,278, ,
1, ,279, ,
3, ,279, ,
0, ,278, ,
1, ,279, ,
0, ,279, ,
122, ,279, ,
71, ,278, ,
42, ,279, ,
29, ,278, ,
22, ,279, ,
11, ,278, ,
6, ,279, ,
6, ,278, ,
6, ,279, ,
4, ,278, ,
4, ,279, ,
3, ,279, ,
4, ,279, ,
5, ,278, ,
4, ,279, ,
1, ,279, ,
5, ,279, ,
3, ,278, ,
3, ,279, ,
4, ,278, ,
4, ,279, ,
3, ,278, ,
4, ,279, ,
3, ,278, ,
4, ,279, ,
4, ,278, ,
4, ,279, ,
3, ,277, ,
4, ,279, ,
3, ,278, ,
3, ,279, ,
4, ,279, ,
4, ,279, ,
3, ,278, ,
4, ,279, ,
3, ,278, ,
3, ,280, ,
4, ,278, ,
4, ,279, ,
3, ,278, ,
4, ,279, ,
3, ,278, ,
3, ,278, ,
4, ,279, ,
4, ,279, ,
1, ,278, ,
4, ,279, ,
3, ,278, ,
3, ,279, ,
4, ,278, ,
4, ,278, ,
3, ,278, ,
4, ,279, ,
3, ,278, ,
3, ,279, ,
4, ,278, ,
4, ,279, ,
3, ,277, ,
4, ,279, ,
3, ,278, ,
3, ,279, ,
4, ,279, ,
4, ,279, ,
1, ,278, ,
4, ,279, ,
3, ,278, ,
3, ,279, ,
3, ,278, ,
4, ,279, ,
1, ,277, ,
4, ,279, ,
3, ,279, ,
3, ,279, ,
3, ,278, ,
3, ,279, ,
3, ,279, ,
4, ,279, ,
3, ,278, ,
3, ,279, ,
3, ,279, ,
4, ,279, ,
1, ,278, ,
4, ,279, ,
1, ,278, ,
3, ,279, ,
3, ,278, ,
4, ,278, ,
1, ,278, ,
4, ,278, ,
3, ,278, ,
3, ,278, ,
3, ,278, ,
3, ,279, ,
1, ,278, ,
4, ,279, ,
1, ,278, ,
3, ,279, ,
4, ,278, ,
4, ,279, ,
3, ,278, ,
4, ,279, ,
1, ,278, ,
3, ,279, ,
3, ,278, ,
3, ,279, ,
1, ,278, ,
4, ,279, ,
1, ,278, ,
3, ,279, ,
3, ,278, ,
3, ,279, ,
1, ,278, ,
4, ,279, ,
1, ,278, ,
3, ,279, ,
3, ,279, ,
3, ,280, ,
1, ,278, ,
4, ,279, ,
3, ,279, ,
3, ,279, ,
3, ,278, ,
3, ,278, ,
1, ,279, ,
4, ,279, ,
3, ,278, ,
3, ,279, ,
3, ,279, ,
3, ,279, ,
1, ,278, ,
4, ,278, ,
1, ,279, ,
3, ,279, ,
3, ,278, ,
3, ,279, ,
1, ,278, ,
4, ,279, ,
3, ,278, ,
3, ,279, ,
3, ,279, ,
3, ,279, ,
1, ,278, ,
4, ,278, ,
1, ,278, ,
3, ,279, ,
3, ,277, ,
3, ,278, ,
1, ,278, ,
4, ,279, ,
1, ,278, ,
3, ,278, ,
3, ,278, ,
3, ,279, ,
1, ,278, ,
3, ,279, ,
1, ,279, ,
3, ,279, ,
3, ,278, ,
3, ,278, ,
1, ,278, ,
3, ,279, ,
3, ,278, ,
3, ,278, ,
3, ,278, ,
3, ,279, ,
1, ,278, ,
4, ,279, ,
3, ,279, ,
1, ,279, ,
3, ,277, ,
3, ,277, ,
1, ,278, ,
3, ,280, ,
1, ,279, ,
3, ,279, ,
3, ,279, ,
3, ,279, ,
1, ,278, ,
3, ,278, ,
1, ,277, ,
3, ,278, ,
3, ,278, ,
3, ,279, ,
1, ,279, ,
4, ,279, ,
1, ,278, ,
3, ,278, ,
3, ,278, ,
3, ,278, ,
1, ,278, ,
3, ,278, ,
1, ,279, ,
3, ,279, ,
3, ,278, ,
3, ,279, ,
1, ,278, ,
4, ,279, ,
3, ,278, ,
3, ,278, ,
3, ,279, ,
3, ,279, ,
1, ,278, ,
3, ,279, ,
1, ,278, ,
1, ,279, ,
3, ,278, ,
3, ,278, ,
1, ,278, ,
4, ,279, ,
1, ,278, ,
3, ,279, ,
3, ,278, ,
3, ,279, ,
1, ,278, ,
3, ,279, ,
3, ,278, ,
3, ,279, ,
3, ,278, ,
3, ,279, ,
1, ,279, ,
3, ,279, ,
1, ,277, ,
3, ,279, ,
3, ,279, ,
3, ,279, ,
1, ,278, ,
3, ,278, ,
3, ,279, ,
3, ,279, ,
3, ,278, ,
3, ,278, ,
1, ,279, ,
3, ,280, ,
1, ,278, ,
3, ,278, ,
3, ,278, ,
3, ,279, ,
1, ,278, ,
3, ,278, ,
1, ,278, ,
3, ,279, ,
3, ,278, ,
3, ,278, ,
1, ,278, ,
3, ,279, ,
1, ,278, ,
3, ,278, ,
3, ,279, ,
3, ,279, ,
1, ,278, ,
3, ,278, ,
1, ,279, ,
3, ,280, ,
3, ,278, ,
3, ,279, ,
1, ,278, ,
3, ,280, ,
1, ,277, ,
1, ,278, ,
3, ,278, ,
3, ,279, ,
1, ,278, ,
3, ,279, ,
1, ,279, ,
3, ,278, ,
3, ,278, ,
3, ,278, ,
1, ,278, ,
3, ,279, ,
1, ,278, ,
3, ,278, ,
3, ,279, ,
3, ,279, ,
1, ,278, ,
3, ,279, ,
1, ,278, ,
3, ,279, ,
3, ,278, ,
3, ,278, ,
1, ,279, ,
3, ,279, ,
1, ,278, ,
3, ,279, ,
3, ,278, ,
3, ,279, ,
1, ,278, ,
3, ,278, ,
1, ,279, ,
3, ,279, ,
3, ,278, ,
3, ,278, ,
1, ,279, ,
3, ,280, ,
1, ,278, ,
3, ,279, ,
3, ,278, ,
3, ,279, ,
1, ,278, ,
3, ,279, ,
1, ,278, ,
3, ,279, ,
1, ,278, ,
3, ,278, ,
1, ,278, ,
3, ,279, ,
1, ,279, ,
1, ,278, ,
3, ,278, ,
3, ,278, ,
1, ,278, ,
3, ,278, ,
1, ,278, ,
1, ,279, ,
3, ,278, ,
1, ,279, ,
0, ,279, ,
3, ,279, ,
1, ,278, ,
3, ,278, ,
1, ,279, ,
3, ,278, ,
1, ,278, ,
3, ,278, ,
1, ,279, ,
1, ,278, ,
3, ,277, ,
1, ,279, ,
1, ,278, ,
3, ,279, ,
1, ,278, ,
1, ,278, ,
3, ,278, ,
3, ,278, ,
1, ,278, ,
3, ,279, ,
1, ,278, ,
1, ,279, ,
3, ,278, ,
3, ,279, ,
1, ,278, ,
3, ,279, ,
1, ,279, ,
3, ,278, ,
3, ,278, ,
3, ,279, ,
1, ,278, ,
3, ,279, ,
1, ,278, ,
1, ,279, ,
3, ,278, ,
3, ,279, ,
1, ,279, ,
3, ,279, ,
1, ,279, ,
1, ,278, ,
3, ,279, ,
3, ,279, ,
0, ,277, ,
3, ,279, ,
1, ,278, ,
1, ,278, ,
1, ,278, ,
1, ,278, ,
1, ,278, ,
3, ,279, ,
1, ,278, ,
3, ,278, ,
3, ,279, ,
1, ,279, ,
1, ,278, ,
3, ,278, ,
1, ,279, ,
3, ,278, ,
1, ,278, ,
3, ,279, ,
0, ,278, ,
3, ,279, ,
1, ,278, ,
3, ,278, ,
3, ,279, ,
3, ,279, ,
0, ,278, ,
3, ,278, ,
1, ,279, ,
3, ,278, ,
3, ,278, ,
1, ,279, ,
0, ,278, ,
3, ,278, ,
1, ,278, ,
1, ,279, ,
1, ,279, ,
1, ,279, ,
0, ,278, ,
3, ,278, ,
1, ,279, ,
1, ,279, ,
3, ,278, ,
1, ,279, ,
0, ,278, ,
3, ,278, ,
1, ,278, ,
1, ,279, ,
3, ,279, ,
1, ,279, ,
0, ,278, ,
3, ,280, ,
1, ,277, ,
1, ,279, ,
1, ,278, ,
1, ,279, ,
1, ,278, ,
3, ,279, ,
1, ,278, ,
1, ,279, ,
1, ,278, ,
1, ,279, ,
0, ,278, ,
3, ,279, ,
1, ,278, ,
1, ,279, ,
1, ,278, ,
3, ,279, ,
0, ,279, ,
3, ,278, ,
1, ,278, ,
1, ,279, ,
3, ,278, ,
1, ,279, ,
0, ,278, ,
3, ,279, ,
1, ,278, ,
1, ,279, ,
1, ,277, ,
1, ,279, ,
0, ,278, ,
3, ,279, ,
1, ,278, ,
1, ,278, ,
3, ,278, ,
3, ,279, ,
0, ,278, ,
3, ,279, ,
1, ,278, ,
1, ,279, ,
1, ,278, ,
1, ,279, ,
0, ,278, ,
3, ,279, ,
1, ,278, ,
3, ,279, ,
3, ,279, ,
3, ,279, ,
0, ,278, ,
3, ,279, ,
1, ,278, ,
1, ,279, ,
3, ,278, ,
1, ,279, ,
0, ,278, ,
3, ,278, ,
1, ,278, ,
1, ,279, ,
1, ,280, ,
1, ,279, ,
0, ,278, ,
3, ,278, ,
1, ,279, ,
1, ,279, ,
1, ,278, ,
3, ,279, ,
0, ,278, ,
3, ,278, ,
1, ,278, ,
1, ,279, ,
3, ,279, ,
3, ,279, ,
0, ,278, ,
3, ,279, ,
1, ,279, ,
1, ,279, ,
3, ,278, ,
3, ,278, ,
0, ,278, ,
3, ,279, ,
1, ,278, ,
1, ,278, ,
1, ,279, ,
1, ,279, ,
0, ,278, ,
3, ,279, ,
1, ,278, ,
1, ,279, ,
1, ,279, ,
1, ,279, ,
0, ,279, ,
3, ,279, ,
1, ,278, ,
1, ,279, ,
1, ,278, ,
1, ,279, ,
0, ,278, ,
3, ,278, ,
1, ,279, ,
1, ,279, ,
3, ,278, ,
1, ,278, ,
0, ,278, ,
3, ,279, ,
1, ,278, ,
1, ,280, ,
3, ,279, ,
1, ,279, ,
0, ,278, ,
3, ,277, ,
1, ,275, ,
1, ,276, ,
1, ,278, ,
3, ,281, ,
0, ,281, ,
3, ,281, ,
1, ,279, ,
1, ,277, ,
1, ,277, ,
3, ,278, ,
0, ,278, ,
3, ,277, ,
1, ,278, ,
1, ,279, ,
1, ,278, ,
3, ,278, ,
0, ,277, ,
1, ,279, ,
1, ,278, ,
1, ,279, ,
3, ,278, ,
3, ,279, ,
0, ,277, ,
3, ,279, ,
1, ,278, ,
1, ,278, ,
1, ,278, ,
1, ,278, ,
0, ,279, ,
3, ,279, ,
1, ,278, ,
1, ,278, ,
1, ,278, ,
3, ,278, ,
0, ,278, ,
3, ,278, ,
1, ,279, ,
1, ,279, ,
1, ,277, ,
1, ,279, ,
0, ,278, ,
3, ,279, ,
1, ,278, ,
1, ,279, ,
3, ,278, ,
1, ,279, ,
0, ,278, ,
1, ,279, ,
1, ,278, ,
1, ,278, ,
1, ,278, ,
1, ,279, ,
0, ,278, ,
3, ,279, ,
1, ,278, ,
1, ,278, ,
1, ,278, ,
1, ,278, ,
0, ,278, ,
3, ,278, ,
1, ,277, ,
1, ,278, ,
3, ,278, ,
3, ,278, ,
0, ,278, ,
3, ,279, ,
1, ,278, ,
1, ,278, ,
1, ,278, ,
1, ,278, ,
0, ,278, ,
1, ,277, ,
1, ,279, ,
1, ,279, ,
1, ,278, ,
3, ,278, ,
0, ,279, ,
3, ,279, ,
1, ,278, ,
1, ,278, ,
1, ,277, ,
3, ,278, ,
0, ,278, ,
3, ,278, ,
1, ,279, ,
1, ,278, ,
3, ,278, ,
3, ,278, ,
0, ,278, ,
3, ,278, ,
1, ,277, ,
1, ,277, ,
1, ,277, ,
1, ,278, ,
0, ,279, ,
3, ,279, ,
1, ,279, ,
1, ,279, ,
1, ,278, ,
1, ,278, ,
0, ,277, ,
3, ,278, ,
1, ,277, ,
1, ,279, ,
1, ,279, ,
3, ,279, ,
0, ,279, ,
3, ,279, ,
1, ,279, ,
1, ,279, ,
1, ,278, ,
1, ,278, ,
0, ,278, ,
3, ,279, ,
1, ,278, ,
1, ,279, ,
1, ,279, ,
1, ,279, ,
0, ,278, ,
1, ,278, ,
1, ,274, ,
1, ,277, ,
1, ,280, ,
1, ,284, ,
0, ,281, ,
3, ,278, ,
1, ,277, ,
1, ,278, ,
1, ,278, ,
1, ,279, ,
0, ,279, ,
1, ,280, ,
1, ,278, ,
1, ,279, ,
3, ,280, ,
3, ,279, ,
0, ,278, ,
3, ,279, ,
1, ,279, ,
1, ,278, ,
1, ,278, ,
1, ,279, ,
0, ,278, ,
3, ,279, ,
1, ,279, ,
1, ,278, ,
1, ,278, ,
1, ,279, ,
0, ,278, ,
1, ,279, ,
1, ,278, ,
1, ,278, ,
1, ,279, ,
3, ,279, ,
0, ,277, ,
1, ,279, ,
1, ,279, ,
1, ,279, ,
1, ,278, ,
1, ,278, ,
0, ,278, ,
3, ,279, ,
1, ,279, ,
1, ,278, ,
1, ,279, ,
1, ,279, ,
0, ,278, ,
1, ,278, ,
1, ,278, ,
1, ,280, ,
1, ,278, ,
1, ,278, ,
0, ,278, ,
3, ,279, ,
1, ,278, ,
1, ,279, ,
3, ,278, ,
3, ,279, ,
0, ,278, ,
1, ,279, ,
1, ,279, ,
1, ,279, ,
1, ,278, ,
1, ,278, ,
0, ,279, ,
3, ,279, ,
1, ,278, ,
1, ,279, ,
1, ,278, ,
1, ,279, ,
0, ,278, ,
1, ,279, ,
1, ,278, ,
1, ,279, ,
1, ,278, ,
1, ,279, ,
0, ,279, ,
3, ,279, ,
1, ,278, ,
1, ,279, ,
1, ,278, ,
1, ,278, ,
0, ,278, ,
1, ,279, ,
0, ,279, ,
1, ,279, ,
1, ,278, ,
1, ,280, ,
0, ,279, ,
1, ,279, ,
1, ,278, ,
1, ,279, ,
1, ,279, ,
1, ,279, ,
0, ,278, ,
1, ,279, ,
1, ,279, ,
1, ,280, ,
18, ,279, ,
95, ,279, ,
61, ,278, ,
34, ,279, ,
19, ,278, ,
14, ,279, ,
11, ,278, ,
8, ,280, ,
3, ,278, ,
5, ,279, ,
4, ,279, ,
3, ,279, ,
4, ,278, ,
3, ,280, ,
1, ,278, ,
5, ,279, ,
3, ,278, ,
4, ,279, ,
4, ,279, ,
4, ,279, ,
1, ,278, ,
4, ,279, ,
3, ,279, ,
3, ,279, ,
4, ,279, ,
4, ,279, ,
1, ,278, ,
4, ,279, ,
3, ,278, ,
3, ,279, ,
3, ,279, ,
4, ,279, ,
3, ,278, ,
4, ,279, ,
3, ,278, ,
3, ,280, ,
4, ,278, ,
4, ,279, ,
1, ,279, ,
4, ,279, ,
3, ,278, ,
3, ,279, ,
4, ,278, ,
4, ,279, ,
1, ,278, ,
4, ,279, ,
3, ,279, ,
3, ,279, ,
4, ,278, ,
4, ,279, ,
3, ,279, ,
4, ,280, ,
3, ,278, ,
3, ,278, ,
4, ,278, ,
4, ,279, ,
1, ,278, ,
4, ,279, ,
1, ,279, ,
3, ,279, ,
4, ,279, ,
4, ,278, ,
1, ,278, ,
4, ,279, ,
3, ,278, ,
3, ,279, ,
3, ,279, ,
4, ,279, ,
1, ,278, ,
4, ,279, ,
3, ,278, ,
3, ,279, ,
3, ,278, ,
3, ,278, ,
1, ,278, ,
4, ,279, ,
1, ,277, ,
3, ,279, ,
3, ,278, ,
3, ,279, ,
1, ,279, ,
4, ,279, ,
1, ,278, ,
3, ,279, ,
3, ,278, ,
4, ,279, ,
1, ,278, ,
4, ,279, ,
1, ,278, ,
3, ,279, ,
3, ,279, ,
3, ,279, ,
1, ,277, ,
4, ,280, ,
3, ,279, ,
3, ,279, ,
3, ,277, ,
3, ,279, ,
1, ,279, ,
4, ,280, ,
1, ,279, ,
1, ,279, ,
3, ,279, ,
3, ,279, ,
1, ,278, ,
4, ,279, ,
1, ,279, ,
3, ,279, ,
3, ,278, ,
3, ,279, ,
1, ,279, ,
4, ,279, ,
3, ,278, ,
3, ,279, ,
3, ,279, ,
3, ,280, ,
1, ,277, ,
4, ,279, ,
3, ,279, ,
3, ,279, ,
3, ,278, ,
3, ,279, ,
1, ,278, ,
4, ,280, ,
3, ,278, ,
3, ,279, ,
3, ,279, ,
3, ,279, ,
1, ,278, ,
4, ,279, ,
1, ,279, ,
3, ,279, ,
3, ,278, ,
3, ,279, ,
1, ,279, ,
4, ,279, ,
1, ,278, ,
3, ,279, ,
3, ,278, ,
3, ,279, ,
1, ,279, ,
4, ,279, ,
3, ,279, ,
3, ,279, ,
3, ,278, ,
3, ,278, ,
1, ,279, ,
4, ,279, ,
1, ,278, ,
3, ,278, ,
3, ,278, ,
3, ,280, ,
1, ,278, ,
4, ,279, ,
3, ,278, ,
3, ,278, ,
3, ,278, ,
3, ,278, ,
1, ,279, ,
4, ,280, ,
3, ,279, ,
3, ,279, ,
3, ,279, ,
3, ,279, ,
1, ,278, ,
3, ,279, ,
3, ,278, ,
3, ,279, ,
3, ,278, ,
3, ,278, ,
1, ,278, ,
3, ,280, ,
1, ,278, ,
3, ,279, ,
3, ,278, ,
3, ,279, ,
1, ,278, ,
4, ,279, ,
1, ,279, ,
3, ,279, ,
3, ,278, ,
3, ,279, ,
1, ,278, ,
4, ,280, ,
3, ,278, ,
3, ,279, ,
3, ,279, ,
3, ,279, ,
1, ,278, ,
4, ,279, ,
3, ,279, ,
3, ,279, ,
3, ,278, ,
3, ,278, ,
1, ,279, ,
4, ,279, ,
1, ,278, ,
3, ,279, ,
3, ,278, ,
3, ,279, ,
1, ,279, ,
3, ,279, ,
3, ,278, ,
3, ,279, ,
3, ,278, ,
3, ,279, ,
1, ,278, ,
3, ,279, ,
1, ,278, ,
3, ,278, ,
3, ,278, ,
3, ,279, ,
1, ,278, ,
4, ,278, ,
3, ,278, ,
3, ,279, ,
3, ,278, ,
3, ,279, ,
1, ,278, ,
4, ,279, ,
1, ,278, ,
3, ,279, ,
3, ,279, ,
3, ,279, ,
1, ,278, ,
3, ,279, ,
1, ,279, ,
3, ,279, ,
3, ,278, ,
3, ,279, ,
1, ,279, ,
4, ,279, ,
1, ,278, ,
3, ,279, ,
3, ,279, ,
3, ,279, ,
1, ,278, ,
4, ,279, ,
3, ,279, ,
3, ,279, ,
3, ,278, ,
3, ,278, ,
1, ,278, ,
3, ,278, ,
1, ,278, ,
1, ,279, ,
3, ,279, ,
3, ,279, ,
1, ,278, ,
3, ,279, ,
3, ,279, ,
3, ,279, ,
3, ,278, ,
3, ,278, ,
1, ,278, ,
4, ,279, ,
1, ,278, ,
1, ,279, ,
3, ,278, ,
3, ,279, ,
1, ,278, ,
3, ,278, ,
1, ,278, ,
1, ,279, ,
3, ,278, ,
3, ,278, ,
1, ,278, ,
4, ,280, ,
1, ,279, ,
3, ,276, ,
3, ,275, ,
3, ,279, ,
0, ,282, ,
3, ,282, ,
1, ,278, ,
3, ,277, ,
3, ,278, ,
1, ,279, ,
1, ,278, ,
3, ,279, ,
1, ,278, ,
1, ,277, ,
3, ,277, ,
3, ,279, ,
1, ,278, ,
3, ,280, ,
1, ,279, ,
1, ,279, ,
3, ,278, ,
1, ,278, ,
0, ,278, ,
3, ,279, ,
1, ,278, ,
3, ,279, ,
3, ,279, ,
3, ,279, ,
1, ,278, ,
3, ,279, ,
1, ,278, ,
1, ,279, ,
3, ,278, ,
1, ,279, ,
1, ,279, ,
3, ,279, ,
1, ,278, ,
1, ,279, ,
3, ,278, ,
3, ,279, ,
0, ,278, ,
3, ,277, ,
1, ,277, ,
1, ,278, ,
3, ,279, ,
1, ,279, ,
0, ,279, ,
3, ,279, ,
1, ,279, ,
3, ,279, ,
3, ,277, ,
3, ,278, ,
1, ,278, ,
3, ,278, ,
1, ,279, ,
1, ,279, ,
3, ,278, ,
3, ,278, ,
0, ,278, ,
4, ,279, ,
1, ,277, ,
3, ,278, ,
3, ,279, ,
1, ,278, ,
0, ,278, ,
3, ,279, ,
1, ,278, ,
3, ,279, ,
3, ,277, ,
1, ,279, ,
1, ,277, ,
3, ,278, ,
1, ,278, ,
3, ,278, ,
3, ,279, ,
3, ,278, ,
0, ,278, ,
3, ,278, ,
1, ,278, ,
3, ,278, ,
3, ,278, ,
3, ,278, ,
0, ,278, ,
3, ,280, ,
1, ,278, ,
1, ,279, ,
3, ,279, ,
3, ,279, ,
0, ,278, ,
3, ,278, ,
1, ,278, ,
3, ,279, ,
3, ,278, ,
3, ,278, ,
0, ,278, ,
3, ,278, ,
1, ,278, ,
3, ,279, ,
3, ,279, ,
3, ,279, ,
0, ,278, ,
3, ,278, ,
1, ,279, ,
3, ,279, ,
3, ,278, ,
3, ,279, ,
1, ,278, ,
3, ,279, ,
1, ,278, ,
3, ,278, ,
3, ,278, ,
3, ,279, ,
0, ,278, ,
3, ,279, ,
1, ,278, ,
3, ,278, ,
3, ,278, ,
3, ,278, ,
0, ,279, ,
3, ,279, ,
1, ,278, ,
3, ,279, ,
3, ,279, ,
3, ,279, ,
0, ,277, ,
3, ,279, ,
1, ,279, ,
1, ,280, ,
1, ,278, ,
3, ,278, ,
0, ,278, ,
3, ,279, ,
1, ,278, ,
1, ,278, ,
3, ,278, ,
1, ,279, ,
0, ,278, ,
3, ,279, ,
1, ,279, ,
1, ,279, ,
3, ,278, ,
1, ,278, ,
1, ,278, ,
3, ,279, ,
1, ,278, ,
1, ,279, ,
3, ,278, ,
3, ,279, ,
0, ,278, ,
3, ,278, ,
1, ,278, ,
3, ,279, ,
3, ,278, ,
1, ,278, ,
0, ,278, ,
3, ,279, ,
1, ,278, ,
1, ,278, ,
1, ,278, ,
1, ,279, ,
0, ,278, ,
3, ,278, ,
1, ,278, ,
1, ,279, ,
3, ,276, ,
3, ,278, ,
0, ,278, ,
3, ,279, ,
1, ,277, ,
1, ,278, ,
1, ,279, ,
3, ,279, ,
0, ,278, ,
3, ,278, ,
1, ,277, ,
1, ,279, ,
3, ,278, ,
1, ,278, ,
0, ,278, ,
3, ,279, ,
1, ,278, ,
1, ,278, ,
3, ,278, ,
1, ,278, ,
0, ,278, ,
3, ,278, ,
1, ,278, ,
1, ,279, ,
3, ,278, ,
1, ,278, ,
0, ,278, ,
3, ,279, ,
1, ,278, ,
1, ,278, ,
1, ,279, ,
1, ,278, ,
0, ,277, ,
3, ,278, ,
1, ,278, ,
1, ,279, ,
1, ,278, ,
1, ,278, ,
0, ,278, ,
3, ,279, ,
1, ,278, ,
1, ,278, ,
1, ,278, ,
1, ,279, ,
0, ,278, ,
3, ,278, ,
1, ,278, ,
1, ,279, ,
1, ,278, ,
1, ,278, ,
0, ,278, ,
3, ,278, ,
1, ,277, ,
1, ,279, ,
1, ,278, ,
3, ,279, ,
0, ,278, ,
3, ,279, ,
1, ,278, ,
1, ,279, ,
3, ,278, ,
3, ,279, ,
0, ,278, ,
3, ,279, ,
1, ,278, ,
1, ,279, ,
3, ,278, ,
1, ,278, ,
0, ,277, ,
3, ,279, ,
1, ,278, ,
1, ,279, ,
1, ,278, ,
1, ,279, ,
0, ,278, ,
3, ,279, ,
1, ,277, ,
1, ,279, ,
3, ,278, ,
3, ,280, ,
0, ,278, ,
3, ,279, ,
1, ,277, ,
1, ,278, ,
3, ,278, ,
1, ,278, ,
0, ,278, ,
3, ,279, ,
1, ,278, ,
1, ,278, ,
1, ,278, ,
1, ,278, ,
0, ,278, ,
3, ,279, ,
1, ,279, ,
1, ,278, ,
1, ,277, ,
3, ,277, ,
0, ,279, ,
3, ,279, ,
1, ,278, ,
1, ,279, ,
1, ,278, ,
3, ,279, ,
0, ,279, ,
3, ,279, ,
1, ,278, ,
3, ,279, ,
1, ,278, ,
1, ,278, ,
0, ,279, ,
3, ,279, ,
1, ,278, ,
1, ,278, ,
1, ,278, ,
1, ,278, ,
0, ,278, ,
1, ,279, ,
1, ,279, ,
1, ,278, ,
1, ,278, ,
1, ,279, ,
0, ,278, ,
1, ,278, ,
1, ,278, ,
1, ,279, ,
1, ,278, ,
1, ,279, ,
0, ,278, ,
3, ,279, ,
1, ,279, ,
1, ,279, ,
1, ,278, ,
1, ,278, ,
0, ,278, ,
3, ,279, ,
1, ,278, ,
1, ,278, ,
1, ,278, ,
1, ,279, ,
0, ,277, ,
1, ,278, ,
1, ,278, ,
1, ,279, ,
1, ,278, ,
3, ,278, ,
0, ,279, ,
3, ,280, ,
1, ,277, ,
1, ,279, ,
1, ,278, ,
3, ,278, ,
0, ,278, ,
3, ,279, ,
1, ,278, ,
1, ,279, ,
1, ,277, ,
1, ,278, ,
0, ,279, ,
3, ,279, ,
1, ,278, ,
1, ,279, ,
1, ,278, ,
1, ,279, ,
0, ,278, ,
1, ,279, ,
1, ,279, ,
1, ,279, ,
1, ,278, ,
1, ,278, ,
0, ,278, ,
3, ,278, ,
1, ,277, ,
1, ,278, ,
3, ,279, ,
1, ,279, ,
0, ,278, ,
3, ,279, ,
1, ,278, ,
1, ,279, ,
3, ,277, ,
1, ,278, ,
0, ,279, ,
3, ,278, ,
1, ,278, ,
1, ,279, ,
1, ,278, ,
1, ,279, ,
0, ,278, ,
3, ,278, ,
1, ,278, ,
1, ,279, ,
1, ,277, ,
1, ,278, ,
0, ,278, ,
3, ,279, ,
1, ,278, ,
1, ,279, ,
1, ,279, ,
1, ,279, ,
0, ,278, ,
3, ,278, ,
1, ,278, ,
1, ,278, ,
1, ,278, ,
1, ,278, ,
0, ,278, ,
3, ,278, ,
1, ,277, ,
1, ,279, ,
1, ,278, ,
1, ,279, ,
0, ,278, ,
3, ,279, ,
1, ,278, ,
1, ,278, ,
1, ,278, ,
1, ,277, ,
0, ,279, ,
3, ,279, ,
1, ,278, ,
1, ,278, ,
1, ,277, ,
3, ,279, ,
0, ,278, ,
3, ,279, ,
1, ,278, ,
1, ,279, ,
1, ,278, ,
1, ,279, ,
0, ,278, ,
3, ,279, ,
1, ,278, ,
1, ,278, ,
1, ,279, ,
3, ,279, ,
0, ,278, ,
3, ,279, ,
1, ,278, ,
1, ,279, ,
1, ,278, ,
3, ,278, ,
0, ,278, ,
3, ,279, ,
1, ,278, ,
1, ,278, ,
1, ,279, ,
1, ,279, ,
0, ,278, ,
3, ,279, ,
1, ,278, ,
1, ,279, ,
1, ,278, ,
3, ,277, ,
0, ,278, ,
3, ,279, ,
0, ,278, ,
1, ,278, ,
1, ,278, ,
1, ,279, ,
0, ,278, ,
3, ,278, ,
1, ,279, ,
1, ,279, ,
1, ,278, ,
1, ,279, ,
0, ,278, ,
3, ,278, ,
1, ,278, ,
1, ,279, ,
1, ,279, ,
3, ,279, ,
0, ,277, ,
1, ,279, ,
1, ,278, ,
1, ,279, ,
1, ,278, ,
1, ,279, ,
0, ,278, ,
3, ,279, ,
1, ,279, ,
1, ,278, ,
1, ,279, ,
1, ,278, ,
0, ,278, ,
1, ,278, ,
1, ,278, ,
1, ,278, ,
1, ,278, ,
1, ,279, ,
0, ,278, ,
1, ,279, ,
1, ,278, ,
1, ,280, ,
1, ,278, ,
3, ,279, ,
0, ,278, ,
1, ,279, ,
0, ,278, ,
1, ,279, ,
1, ,278, ,
1, ,279, ,
0, ,277, ,
3, ,279, ,
1, ,278, ,
1, ,279, ,
1, ,278, ,
1, ,278, ,
0, ,278, ,
1, ,279, ,
1, ,278, ,
1, ,279, ,
1, ,279, ,
1, ,278, ,
0, ,277, ,
3, ,279, ,
1, ,278, ,
1, ,278, ,
1, ,279, ,
1, ,280, ,
0, ,278, ,
1, ,278, ,
1, ,277, ,
1, ,278, ,
1, ,277, ,
1, ,277, ,
0, ,279, ,
3, ,279, ,
1, ,279, ,
1, ,279, ,
1, ,278, ,
1, ,279, ,
0, ,278, ,
1, ,277, ,
0, ,278, ,
1, ,279, ,
1, ,279, ,
1, ,279, ,
0, ,278, ,
3, ,279, ,
1, ,278, ,
1, ,278, ,
1, ,278, ,
1, ,279, ,
0, ,278, ,
1, ,278, ,
1, ,279, ,
1, ,278, ,
1, ,277, ,
1, ,278, ,
0, ,275, ,
1, ,275, ,
0, ,277, ,
1, ,279, ,
1, ,281, ,
1, ,281, ,
0, ,280, ,
1, ,279, ,
1, ,277, ,
1, ,277, ,
1, ,277, ,
1, ,278, ,
0, ,278, ,
1, ,278, ,
0, ,278, ,
1, ,279, ,
1, ,278, ,
1, ,278, ,
0, ,277, ,
1, ,278, ,
1, ,277, ,
1, ,279, ,
1, ,278, ,
1, ,278, ,
0, ,278, ,
3, ,279, ,
1, ,278, ,
1, ,278, ,
1, ,279, ,
1, ,279, ,
0, ,278, ,
1, ,278, ,
0, ,278, ,
1, ,279, ,
1, ,278, ,
1, ,278, ,
0, ,278, ,
3, ,279, ,
1, ,278, ,
1, ,279, ,
1, ,277, ,
1, ,279, ,
0, ,277, ,
1, ,279, ,
1, ,278, ,
1, ,279, ,
1, ,278, ,
3, ,278, ,
0, ,278, ,
3, ,279, ,
0, ,278, ,
1, ,278, ,
1, ,278, ,
1, ,279, ,
0, ,278, ,
3, ,278, ,
0, ,278, ,
0, ,279, ,
1, ,278, ,
1, ,279, ,
0, ,278, ,
1, ,278, ,
1, ,278, ,
0, ,279, ,
1, ,278, ,
1, ,278, ,
0, ,278, ,
1, ,279, ,
0, ,278, ,
1, ,278, ,
1, ,278, ,
3, ,279, ,
0, ,278, ,
1, ,279, ,
0, ,277, ,
1, ,278, ,
1, ,277, ,
1, ,279, ,
0, ,277, ,
1, ,279, ,
1, ,277, ,
1, ,279, ,
1, ,278, ,
1, ,278, ,
0, ,278, ,
3, ,279, ,
0, ,277, ,
1, ,277, ,
1, ,278, ,
1, ,278, ,
0, ,277, ,
1, ,278, ,
1, ,278, ,
1, ,278, ,
1, ,278, ,
1, ,279, ,
0, ,277, ,
1, ,279, ,
1, ,278, ,
1, ,279, ,
1, ,279, ,
3, ,279, ,
0, ,278, ,
1, ,279, ,
0, ,278, ,
1, ,279, ,
1, ,278, ,
1, ,279, ,
0, ,279, ,
1, ,280, ,
1, ,278, ,
1, ,278, ,
1, ,278, ,
1, ,278, ,
0, ,278, ,
1, ,279, ,
1, ,279, ,
1, ,280, ,
1, ,280, ,
1, ,279, ,
0, ,278, ,
3, ,280, ,
1, ,278, ,
1, ,279, ,
1, ,279, ,
1, ,279, ,
0, ,278, ,
1, ,278, ,
1, ,278, ,
1, ,279, ,
1, ,278, ,
1, ,279, ,
0, ,278, ,
3, ,280, ,
1, ,278, ,
1, ,279, ,
1, ,278, ,
1, ,279, ,
0, ,278, ,
1, ,278, ,
1, ,278, ,
1, ,278, ,
1, ,278, ,
1, ,278, ,
0, ,279, ,
1, ,279, ,
0, ,278, ,
1, ,279, ,
1, ,279, ,
1, ,279, ,
0, ,278, ,
1, ,279, ,
0, ,278, ,
1, ,279, ,
1, ,278, ,
1, ,278, ,
0, ,278, ,
1, ,279, ,
0, ,278, ,
1, ,279, ,
1, ,278, ,
1, ,279, ,
0, ,279, ,
3, ,279, ,
0, ,280, ,
1, ,279, ,
1, ,278, ,
3, ,279, ,
0, ,277, ,
1, ,279, ,
0, ,278, ,
1, ,279, ,
1, ,279, ,
3, ,278, ,
0, ,278, ,
1, ,279, ,
0, ,279, ,
1, ,279, ,
1, ,278, ,
1, ,278, ,
0, ,279, ,
1, ,280, ,
0, ,278, ,
1, ,278, ,
1, ,278, ,
1, ,279, ,
0, ,278, ,
1, ,278, ,
1, ,277, ,
1, ,279, ,
1, ,278, ,
1, ,279, ,
0, ,279, ,
1, ,279, ,
1, ,278, ,
1, ,278, ,
1, ,278, ,
3, ,279, ,
0, ,279, ,
1, ,279, ,
0, ,279, ,
1, ,279, ,
1, ,277, ,
3, ,278, ,
0, ,279, ,
1, ,280, ,
1, ,278, ,
1, ,278, ,
1, ,279, ,
1, ,279, ,
0, ,278, ,
1, ,279, ,
0, ,278, ,
1, ,279, ,
1, ,278, ,
1, ,278, ,
0, ,279, ,
3, ,279, ,
0, ,278, ,
1, ,279, ,
1, ,279, ,
1, ,278, ,
0, ,278, ,
1, ,279, ,
0, ,278, ,
1, ,279, ,
1, ,278, ,
1, ,278, ,
0, ,278, ,
1, ,278, ,
1, ,278, ,
1, ,279, ,
1, ,278, ,
1, ,279, ,
0, ,278, ,
1, ,279, ,
1, ,278, ,
1, ,279, ,
1, ,278, ,
1, ,278, ,
0, ,278, ,
1, ,279, ,
1, ,278, ,
1, ,279, ,
1, ,278, ,
1, ,279, ,
0, ,278, ,
1, ,278, ,
1, ,279, ,
1, ,279, ,
1, ,278, ,
1, ,277, ,
0, ,279, ,
1, ,280, ,
1, ,278, ,
1, ,279, ,
1, ,279, ,
1, ,279, ,
0, ,278, ,
1, ,279, ,
0, ,279, ,
1, ,279, ,
1, ,278, ,
1, ,278, ,
0, ,279, ,
1, ,280, ,
1, ,278, ,
1, ,279, ,
1, ,278, ,
3, ,279, ,
0, ,278, ,
1, ,279, ,
1, ,278, ,
1, ,279, ,
1, ,278, ,
1, ,278, ,
0, ,278, ,
1, ,279, ,
0, ,278, ,
1, ,279, ,
1, ,279, ,
1, ,279, ,
0, ,278, ,
1, ,278, ,
1, ,279, ,
0, ,279, ,
1, ,278, ,
1, ,278, ,
0, ,278, ,
1, ,279, ,
0, ,278, ,
1, ,279, ,
1, ,278, ,
3, ,279, ,
0, ,278, ,
1, ,280, ,
1, ,279, ,
0, ,279, ,
1, ,278, ,
1, ,279, ,
0, ,277, ,
1, ,280, ,
0, ,278, ,
1, ,278, ,
1, ,278, ,
1, ,278, ,
0, ,278, ,
1, ,279, ,
1, ,278, ,
1, ,279, ,
1, ,278, ,
1, ,279, ,
0, ,279, ,
1, ,279, ,
1, ,278, ,
1, ,279, ,
1, ,278, ,
1, ,279, ,
0, ,278, ,
1, ,278, ,
1, ,279, ,
1, ,279, ,
1, ,278, ,
1, ,278, ,
0, ,278, ,
1, ,278, ,
0, ,278, ,
1, ,279, ,
1, ,278, ,
1, ,279, ,
0, ,278, ,
3, ,279, ,
0, ,279, ,
0, ,279, ,
1, ,277, ,
3, ,278, ,
0, ,278, ,
3, ,279, ,
0, ,278, ,
0, ,279, ,
1, ,279, ,
3, ,279, ,
0, ,278, ,
1, ,279, ,
0, ,278, ,
1, ,279, ,
1, ,278, ,
1, ,279, ,
0, ,279, ,
1, ,279, ,
0, ,278, ,
1, ,278, ,
1, ,277, ,
1, ,279, ,
0, ,278, ,
1, ,278, ,
0, ,278, ,
0, ,279, ,
1, ,278, ,
1, ,279, ,
0, ,278, ,
1, ,279, ,
1, ,277, ,
1, ,279, ,
1, ,279, ,
1, ,279, ,
0, ,278, ,
1, ,279, ,
0, ,280, ,
1, ,279, ,
1, ,278, ,
1, ,278, ,
0, ,278, ,
1, ,279, ,
0, ,278, ,
1, ,279, ,
1, ,278, ,
1, ,279, ,
0, ,278, ,
1, ,278, ,
0, ,279, ,
1, ,280, ,
1, ,278, ,
1, ,279, ,
0, ,278, ,
1, ,279, ,
0, ,278, ,
1, ,279, ,
1, ,279, ,
1, ,279, ,
0, ,278, ,
1, ,279, ,
0, ,278, ,
1, ,279, ,
1, ,278, ,
1, ,278, ,
0, ,279, ,
1, ,280, ,
1, ,279, ,
0, ,279, ,
1, ,278, ,
3, ,277, ,
0, ,277, ,
1, ,279, ,
0, ,279, ,
1, ,280, ,
1, ,278, ,
1, ,279, ,
0, ,279, ,
1, ,279, ,
1, ,277, ,
1, ,277, ,
1, ,278, ,
1, ,279, ,
0, ,280, ,
1, ,278, ,
1, ,278, ,
1, ,279, ,
1, ,278, ,
1, ,278, ,
0, ,279, ,
1, ,280, ,
1, ,278, ,
1, ,279, ,
1, ,279, ,
1, ,279, ,
0, ,278, ,
1, ,278, ,
1, ,279, ,
1, ,279, ,
1, ,278, ,
1, ,279, ,
0, ,278, ,
1, ,279, ,
0, ,278, ,
1, ,279, ,
1, ,278, ,
1, ,279, ,
0, ,278, ,
1, ,279, ,
0, ,279, ,
1, ,279, ,
1, ,278, ,
1, ,279, ,
0, ,278, ,
1, ,279, ,
0, ,278, ,
1, ,278, ,
1, ,279, ,
1, ,279, ,
0, ,278, ,
1, ,278, ,
0, ,278, ,
0, ,279, ,
1, ,279, ,
1, ,279, ,
0, ,278, ,
1, ,279, ,
1, ,278, ,
1, ,279, ,
1, ,279, ,
1, ,279, ,
0, ,278, ,
1, ,279, ,
1, ,278, ,
1, ,279, ,
1, ,278, ,
1, ,279, ,
0, ,279, ,
1, ,280, ,
1, ,278, ,
1, ,279, ,
1, ,279, ,
1, ,279, ,
0, ,278, ,
1, ,279, ,
0, ,278, ,
1, ,279, ,
1, ,278, ,
1, ,279, ,
0, ,278, ,
1, ,279, ,
0, ,278, ,
1, ,279, ,
1, ,278, ,
1, ,279, ,
0, ,279, ,
1, ,279, ,
0, ,278, ,
1, ,280, ,
1, ,278, ,
1, ,279, ,
0, ,278, ,
1, ,279, ,
0, ,278, ,
1, ,279, ,
1, ,279, ,
1, ,279, ,
0, ,278, ,
1, ,279, ,
0, ,279, ,
1, ,279, ,
1, ,277, ,
3, ,278, ,
0, ,278, ,
1, ,279, ,
0, ,278, ,
0, ,279, ,
1, ,278, ,
1, ,279, ,
0, ,278, ,
1, ,279, ,
1, ,278, ,
1, ,279, ,
1, ,278, ,
3, ,278, ,
0, ,278, ,
1, ,279, ,
0, ,278, ,
1, ,279, ,
1, ,278, ,
1, ,279, ,
0, ,278, ,
1, ,279, ,
1, ,278, ,
1, ,280, ,
1, ,278, ,
1, ,279, ,
0, ,279, ,
1, ,279, ,
1, ,278, ,
1, ,278, ,
1, ,279, ,
1, ,279, ,
0, ,278, ,
1, ,280, ,
0, ,279, ,
1, ,279, ,
1, ,277, ,
1, ,279, ,
0, ,279, ,
1, ,278, ,
0, ,278, ,
1, ,279, ,
1, ,279, ,
1, ,279, ,
0, ,278, ,
1, ,279, ,
0, ,279, ,
1, ,280, ,
1, ,278, ,
1, ,279, ,
0, ,279, ,
1, ,279, ,
0, ,277, ,
0, ,278, ,
1, ,278, ,
1, ,279, ,
0, ,278, ,
1, ,279, ,
0, ,279, ,
1, ,280, ,
1, ,278, ,
1, ,279, ,
0, ,279, ,
1, ,279, ,
0, ,278, ,
1, ,278, ,
1, ,278, ,
1, ,279, ,
0, ,278, ,
1, ,278, ,
0, ,278, ,
1, ,279, ,
1, ,278, ,
1, ,279, ,
0, ,278, ,
1, ,279, ,
0, ,277, ,
0, ,278, ,
1, ,279, ,
1, ,279, ,
0, ,278, ,
1, ,278, ,
1, ,278, ,
1, ,279, ,
1, ,278, ,
1, ,278, ,
0, ,278, ,
3, ,279, ,
1, ,278, ,
1, ,278, ,
1, ,278, ,
1, ,279, ,
0, ,278, ,
1, ,279, ,
0, ,279, ,
1, ,278, ,
1, ,278, ,
1, ,279, ,
0, ,278, ,
1, ,279, ,
0, ,278, ,
1, ,278, ,
1, ,278, ,
1, ,278, ,
0, ,278, ,
3, ,279, ,
0, ,278, ,
0, ,280, ,
1, ,278, ,
1, ,278, ,
0, ,278, ,
1, ,279, ,
0, ,278, ,
1, ,278, ,
1, ,278, ,
1, ,279, ,
0, ,278, ,
1, ,279, ,
0, ,277, ,
1, ,279, ,
1, ,278, ,
1, ,279, ,
0, ,278, ,
3, ,279, ,
0, ,278, ,
0, ,279, ,
1, ,279, ,
3, ,279, ,
0, ,277, ,
1, ,278, ,
0, ,278, ,
1, ,280, ,
1, ,278, ,
1, ,279, ,
0, ,278, ,
1, ,279, ,
0, ,277, ,
0, ,278, ,
1, ,278, ,
1, ,279, ,
0, ,279, ,
1, ,279, ,
0, ,278, ,
1, ,279, ,
1, ,278, ,
1, ,279, ,
0, ,278, ,
3, ,278, ,
0, ,278, ,
1, ,278, ,
1, ,279, ,
1, ,279, ,
0, ,278, ,
1, ,280, ,
0, ,278, ,
1, ,278, ,
1, ,278, ,
1, ,279, ,
0, ,278, ,
1, ,279, ,
0, ,278, ,
1, ,279, ,
1, ,279, ,
1, ,279, ,
0, ,278, ,
1, ,279, ,
0, ,279, ,
1, ,279, ,
1, ,278, ,
1, ,278, ,
0, ,279, ,
3, ,279, ,
0, ,278, ,
1, ,279, ,
1, ,279, ,
1, ,279, ,
0, ,278, ,
1, ,278, ,
0, ,278, ,
0, ,279, ,
1, ,278, ,
1, ,278, ,
0, ,278, ,
1, ,279, ,
0, ,278, ,
1, ,278, ,
1, ,278, ,
1, ,278, ,
0, ,278, ,
1, ,279, ,
0, ,278, ,
1, ,278, ,
1, ,278, ,
1, ,278, ,
0, ,278, ,
1, ,279, ,
0, ,278, ,
0, ,278, ,
1, ,278, ,
1, ,278, ,
0, ,277, ,
1, ,279, ,
0, ,278, ,
1, ,279, ,
1, ,278, ,
1, ,279, ,
0, ,279, ,
1, ,279, ,
0, ,278, ,
1, ,278, ,
1, ,278, ,
1, ,278, ,
0, ,278, ,
1, ,278, ,
0, ,279, ,
1, ,279, ,
1, ,278, ,
1, ,278, ,
0, ,278, ,
1, ,278, ,
0, ,278, ,
1, ,278, ,
1, ,278, ,
1, ,279, ,
-1, ,278, ,
1, ,279, ,
0, ,278, ,
0, ,279, ,
1, ,278, ,
1, ,279, ,
0, ,277, ,
1, ,279, ,
0, ,276, ,
0, ,278, ,
1, ,279, ,
1, ,278, ,
0, ,278, ,
1, ,279, ,
1, ,279, ,
1, ,279, ,
1, ,278, ,
1, ,278, ,
0, ,278, ,
3, ,279, ,
0, ,278, ,
1, ,279, ,
1, ,278, ,
1, ,279, ,
-1, ,278, ,
1, ,279, ,
0, ,279, ,
0, ,279, ,
1, ,278, ,
1, ,279, ,
0, ,279, ,
3, ,279, ,
1, ,279, ,
1, ,280, ,
1, ,278, ,
1, ,279, ,
0, ,278, ,
1, ,279, ,
0, ,279, ,
1, ,279, ,
1, ,278, ,
1, ,278, ,
0, ,278, ,
1, ,279, ,
1, ,278, ,
1, ,279, ,
1, ,278, ,
1, ,279, ,
0, ,278, ,
1, ,279, ,
0, ,278, ,
1, ,279, ,
1, ,278, ,
1, ,279, ,
0, ,279, ,
1, ,280, ,
0, ,278, ,
1, ,278, ,
1, ,279, ,
1, ,279, ,
0, ,278, ,
1, ,279, ,
0, ,278, ,
0, ,278, ,
1, ,278, ,
1, ,278, ,
0, ,278, ,
1, ,279, ,
1, ,278, ,
0, ,279, ,
1, ,278, ,
1, ,279, ,
0, ,277, ,
1, ,279, ,
1, ,278, ,
1, ,280, ,
1, ,278, ,
1, ,278, ,
0, ,278, ,
1, ,280, ,
1, ,278, ,
1, ,279, ,
1, ,278, ,
0, ,279, ,
0, ,278, ,
1, ,278, ,
1, ,279, ,
1, ,279, ,
1, ,278, ,
1, ,278, ,
0, ,278, ,
3, ,279, ,
0, ,278, ,
1, ,279, ,
1, ,279, ,
1, ,279, ,
0, ,278, ,
1, ,279, ,
0, ,279, ,
0, ,280, ,
1, ,278, ,
1, ,278, ,
0, ,279, ,
1, ,280, ,
0, ,277, ,
0, ,279, ,
1, ,278, ,
1, ,279, ,
0, ,278, ,
1, ,279, ,
0, ,279, ,
0, ,279, ,
1, ,277, ,
1, ,277, ,
0, ,278, ,
1, ,280, ,
0, ,280, ,
0, ,279, ,
1, ,278, ,
1, ,280, ,
0, ,278, ,
1, ,277, ,
0, ,278, ,
0, ,279, ,
1, ,278, ,
1, ,278, ,
0, ,278, ,
1, ,279, ,
0, ,278, ,
0, ,279, ,
1, ,278, ,
1, ,279, ,
0, ,278, ,
1, ,278, ,
0, ,278, ,
0, ,279, ,
1, ,279, ,
1, ,279, ,
0, ,279, ,
1, ,279, ,
0, ,278, ,
0, ,278, ,
1, ,279, ,
1, ,279, ,
0, ,278, ,
1, ,280, ,
0, ,279, ,
0, ,278, ,
1, ,278, ,
1, ,278, ,
0, ,278, ,
1, ,279, ,
0, ,279, ,
0, ,278, ,
1, ,279, ,
1, ,279, ,
0, ,278, ,
1, ,279, ,
0, ,279, ,
1, ,279, ,
1, ,278, ,
1, ,279, ,
0, ,278, ,
3, ,280, ,
1, ,278, ,
0, ,278, ,
1, ,278, ,
1, ,279, ,
0, ,278, ,
1, ,278, ,
0, ,278, ,
1, ,279, ,
1, ,278, ,
1, ,279, ,
0, ,278, ,
3, ,279, ,
0, ,278, ,
1, ,278, ,
1, ,278, ,
1, ,279, ,
0, ,279, ,
1, ,279, ,
0, ,278, ,
1, ,279, ,
1, ,278, ,
1, ,279, ,
0, ,279, ,
3, ,279, ,
0, ,278, ,
1, ,279, ,
1, ,279, ,
1, ,279, ,
0, ,278, ,
1, ,278, ,
0, ,279, ,
0, ,279, ,
1, ,278, ,
1, ,278, ,
0, ,278, ,
1, ,280, ,
1, ,278, ,
0, ,279, ,
1, ,278, ,
1, ,279, ,
0, ,277, ,
1, ,280, ,
0, ,278, ,
0, ,279, ,
1, ,278, ,
1, ,279, ,
0, ,278, ,
3, ,279, ,
0, ,278, ,
1, ,278, ,
1, ,279, ,
1, ,279, ,
0, ,278, ,
1, ,279, ,
0, ,278, ,
0, ,279, ,
1, ,279, ,
1, ,278, ,
0, ,278, ,
1, ,280, ,
0, ,278, ,
1, ,279, ,
1, ,278, ,
1, ,279, ,
0, ,279, ,
1, ,279, ,
0, ,279, ,
1, ,279, ,
1, ,278, ,
1, ,278, ,
0, ,278, ,
1, ,279, ,
0, ,278, ,
0, ,279, ,
1, ,278, ,
1, ,280, ,
0, ,278, ,
1, ,279, ,
0, ,279, ,
1, ,279, ,
3, ,278, ,
1, ,279, ,
0, ,278, ,
1, ,280, ,
0, ,278, ,
1, ,279, ,
1, ,278, ,
1, ,278, ,
0, ,278, ,
1, ,279, ,
0, ,280, ,
1, ,279, ,
1, ,278, ,
1, ,278, ,
0, ,278, ,
1, ,279, ,
0, ,278, ,
1, ,279, ,
1, ,279, ,
1, ,278, ,
0, ,278, ,
1, ,278, ,
0, ,277, ,
0, ,277, ,
1, ,275, ,
1, ,277, ,
0, ,280, ,
1, ,282, ,
0, ,281, ,
1, ,280, ,
1, ,278, ,
1, ,277, ,
0, ,276, ,
1, ,278, ,
0, ,278, ,
0, ,278, ,
1, ,279, ,
1, ,279, ,
0, ,278, ,
3, ,278, ,
0, ,278, ,
0, ,278, ,
1, ,278, ,
1, ,279, ,
0, ,278, ,
1, ,279, ,
1, ,278, ,
0, ,279, ,
1, ,278, ,
1, ,278, ,
0, ,278, ,
1, ,278, ,
0, ,277, ,
1, ,279, ,
1, ,278, ,
1, ,278, ,
0, ,278, ,
1, ,279, ,
1, ,278, ,
1, ,278, ,
1, ,277, ,
1, ,279, ,
0, ,278, ,
1, ,279, ,
0, ,277, ,
1, ,279, ,
1, ,279, ,
1, ,278, ,
0, ,278, ,
1, ,278, ,
0, ,278, ,
0, ,278, ,
1, ,278, ,
1, ,277, ,
0, ,278, ,
1, ,279, ,
1, ,278, ,
1, ,279, ,
1, ,278, ,
1, ,279, ,
0, ,278, ,
1, ,278, ,
0, ,277, ,
1, ,278, ,
1, ,278, ,
1, ,279, ,
0, ,278, ,
1, ,278, ,
0, ,277, ,
1, ,278, ,
1, ,279, ,
1, ,278, ,
0, ,277, ,
1, ,278, ,
0, ,278, ,
0, ,279, ,
1, ,278, ,
1, ,278, ,
0, ,278, ,
1, ,278, ,
0, ,277, ,
1, ,278, ,
1, ,278, ,
1, ,278, ,
0, ,278, ,
1, ,279, ,
0, ,278, ,
1, ,279, ,
1, ,277, ,
1, ,278, ,
0, ,278, ,
3, ,279, ,
0, ,278, ,
1, ,278, ,
1, ,278, ,
1, ,279, ,
0, ,278, ,
1, ,278, ,
0, ,279, ,
1, ,278, ,
1, ,278, ,
1, ,279, ,
0, ,278, ,
1, ,279, ,
0, ,277, ,
0, ,279, ,
1, ,278, ,
1, ,278, ,
0, ,277, ,
1, ,279, ,
0, ,279, ,
1, ,280, ,
1, ,278, ,
1, ,279, ,
0, ,278, ,
1, ,279, ,
0, ,278, ,
1, ,277, ,
1, ,279, ,
1, ,279, ,
0, ,279, ,
1, ,279, ,
0, ,279, ,
1, ,279, ,
1, ,278, ,
1, ,279, ,
0, ,279, ,
1, ,279, ,
0, ,277, ,
0, ,279, ,
1, ,279, ,
1, ,279, ,
0, ,278, ,
1, ,279, ,
0, ,278, ,
0, ,279, ,
1, ,279, ,
1, ,278, ,
0, ,279, ,
1, ,280, ,
0, ,278, ,
1, ,278, ,
1, ,278, ,
1, ,278, ,
0, ,278, ,
1, ,278, ,
0, ,279, ,
0, ,279, ,
1, ,279, ,
1, ,279, ,
0, ,279, ,
1, ,279, ,
0, ,278, ,
1, ,280, ,
1, ,279, ,
1, ,279, ,
0, ,278, ,
1, ,279, ,
1, ,279, ,
1, ,279, ,
1, ,278, ,
1, ,279, ,
0, ,278, ,
3, ,279, ,
0, ,278, ,
1, ,279, ,
1, ,278, ,
1, ,279, ,
0, ,278, ,
1, ,279, ,
0, ,279, ,
0, ,280, ,
1, ,279, ,
1, ,279, ,
0, ,278, ,
1, ,279, ,
0, ,278, ,
1, ,278, ,
1, ,278, ,
1, ,279, ,
0, ,278, ,
1, ,279, ,
0, ,279, ,
0, ,279, ,
1, ,278, ,
1, ,279, ,
0, ,279, ,
1, ,280, ,
0, ,278, ,
0, ,278, ,
1, ,279, ,
1, ,278, ,
0, ,278, ,
1, ,279, ,
0, ,278, ,
0, ,279, ,
1, ,278, ,
1, ,278, ,
0, ,278, ,
1, ,279, ,
0, ,278, ,
0, ,278, ,
1, ,278, ,
1, ,279, ,
0, ,278, ,
1, ,279, ,
0, ,278, ,
1, ,279, ,
1, ,279, ,
1, ,279, ,
0, ,278, ,
3, ,279, ,
0, ,278, ,
0, ,279, ,
1, ,279, ,
1, ,279, ,
0, ,278, ,
1, ,279, ,
0, ,279, ,
0, ,279, ,
1, ,278, ,
1, ,279, ,
0, ,278, ,
1, ,279, ,
0, ,278, ,
1, ,279, ,
1, ,278, ,
1, ,279, ,
0, ,278, ,
1, ,278, ,
0, ,279, ,
0, ,279, ,
1, ,278, ,
1, ,279, ,
0, ,279, ,
1, ,280, ,
0, ,278, ,
0, ,279, ,
1, ,279, ,
1, ,278, ,
-1, ,278, ,
1, ,278, ,
0, ,279, ,
1, ,279, ,
3, ,278, ,
1, ,278, ,
0, ,279, ,
3, ,279, ,
0, ,278, ,
0, ,279, ,
1, ,278, ,
1, ,279, ,
0, ,278, ,
1, ,278, ,
0, ,278, ,
1, ,279, ,
1, ,278, ,
1, ,278, ,
0, ,279, ,
1, ,279, ,
0, ,278, ,
1, ,279, ,
1, ,278, ,
1, ,279, ,
0, ,278, ,
1, ,279, ,
0, ,279, ,
1, ,279, ,
1, ,278, ,
1, ,279, ,
0, ,279, ,
1, ,280, ,
1, ,277, ,
1, ,278, ,
1, ,278, ,
1, ,279, ,
0, ,279, ,
1, ,279, ,
0, ,279, ,
1, ,279, ,
1, ,278, ,
1, ,278, ,
0, ,278, ,
1, ,280, ,
0, ,279, ,
0, ,280, ,
1, ,278, ,
1, ,278, ,
0, ,279, ,
1, ,280, ,
0, ,279, ,
0, ,279, ,
1, ,278, ,
1, ,277, ,
0, ,277, ,
1, ,277, ,
0, ,277, ,
1, ,279, ,
1, ,279, ,
1, ,280, ,
0, ,280, ,
1, ,280, ,
0, ,280, ,
1, ,279, ,
1, ,279, ,
1, ,278, ,
0, ,278, ,
1, ,278, ,
1, ,276, ,
1, ,278, ,
1, ,278, ,
1, ,278, ,
0, ,277, ,
1, ,277, ,
0, ,277, ,
1, ,280, ,
1, ,279, ,
1, ,279, ,
0, ,279, ,
1, ,279, ,
0, ,278, ,
0, ,279, ,
1, ,279, ,
1, ,279, ,
0, ,279, ,
1, ,279, ,
0, ,279, ,
0, ,280, ,
1, ,279, ,
3, ,279, ,
0, ,279, ,
3, ,280, ,
0, ,278, ,
1, ,279, ,
1, ,278, ,
1, ,279, ,
0, ,278, ,
1, ,279, ,
0, ,278, ,
0, ,280, ,
1, ,279, ,
1, ,279, ,
0, ,278, ,
3, ,279, ,
0, ,278, ,
1, ,279, ,
1, ,278, ,
1, ,279, ,
0, ,276, ,
1, ,279, ,
0, ,279, ,
1, ,280, ,
1, ,279, ,
1, ,279, ,
0, ,279, ,
3, ,280, ,
0, ,279, ,
0, ,280, ,
1, ,280, ,
1, ,279, ,
0, ,278, ,
1, ,280, ,
0, ,279, ,
0, ,279, ,
1, ,278, ,
1, ,278, ,
0, ,278, ,
3, ,279, ,
0, ,278, ,
0, ,279, ,
1, ,278, ,
1, ,279, ,
-1, ,278, ,
1, ,279, ,
0, ,278, ,
1, ,280, ,
1, ,279, ,
1, ,279, ,
0, ,279, ,
3, ,279, ,
0, ,278, ,
1, ,279, ,
1, ,279, ,
1, ,279, ,
0, ,278, ,
1, ,279, ,
0, ,279, ,
1, ,280, ,
1, ,278, ,
1, ,279, ,
0, ,279, ,
1, ,280, ,
0, ,279, ,
0, ,279, ,
1, ,279, ,
1, ,279, ,
0, ,278, ,
3, ,279, ,
0, ,278, ,
1, ,279, ,
1, ,278, ,
1, ,278, ,
0, ,278, ,
1, ,279, ,
0, ,278, ,
1, ,278, ,
1, ,277, ,
1, ,279, ,
0, ,277, ,
1, ,279, ,
0, ,278, ,
0, ,279, ,
1, ,278, ,
1, ,279, ,
0, ,279, ,
1, ,279, ,
1, ,279, ,
1, ,280, ,
1, ,279, ,
1, ,279, ,
0, ,279, ,
1, ,278, ,
0, ,278, ,
1, ,279, ,
1, ,278, ,
1, ,278, ,
0, ,278, ,
3, ,279, ,
0, ,277, ,
1, ,279, ,
1, ,279, ,
1, ,279, ,
0, ,278, ,
1, ,279, ,
0, ,279, ,
1, ,280, ,
1, ,278, ,
1, ,279, ,
0, ,278, ,
1, ,279, ,
0, ,278, ,
1, ,278, ,
1, ,277, ,
1, ,279, ,
0, ,277, ,
1, ,278, ,
0, ,280, ,
0, ,279, ,
1, ,278, ,
1, ,279, ,
0, ,279, ,
1, ,279, ,
0, ,278, ,
1, ,278, ,
1, ,278, ,
1, ,279, ,
0, ,278, ,
1, ,279, ,
0, ,278, ,
1, ,279, ,
1, ,278, ,
1, ,278, ,
0, ,279, ,
1, ,280, ,
1, ,279, ,
1, ,280, ,
1, ,279, ,
1, ,279, ,
0, ,278, ,
1, ,279, ,
0, ,278, ,
1, ,280, ,
1, ,279, ,
1, ,278, ,
0, ,278, ,
3, ,279, ,
0, ,278, ,
1, ,278, ,
1, ,278, ,
1, ,278, ,
-1, ,278, ,
1, ,279, ,
1, ,278, ,
1, ,279, ,
1, ,278, ,
1, ,278, ,
0, ,279, ,
1, ,279, ,
0, ,278, ,
1, ,279, ,
1, ,279, ,
1, ,278, ,
0, ,279, ,
1, ,280, ,
0, ,279, ,
1, ,280, ,
1, ,278, ,
1, ,279, ,
0, ,279, ,
1, ,280, ,
0, ,278, ,
0, ,279, ,
1, ,278, ,
1, ,279, ,
-1, ,277, ,
3, ,279, ,
0, ,279, ,
0, ,279, ,
1, ,278, ,
1, ,278, ,
0, ,278, ,
3, ,279, ,
0, ,278, ,
0, ,279, ,
1, ,278, ,
1, ,278, ,
0, ,277, ,
1, ,279, ,
0, ,278, ,
1, ,279, ,
1, ,278, ,
1, ,278, ,
0, ,278, ,
1, ,279, ,
0, ,278, ,
1, ,279, ,
1, ,279, ,
1, ,279, ,
0, ,278, ,
1, ,279, ,
0, ,278, ,
0, ,279, ,
1, ,278, ,
1, ,279, ,
0, ,278, ,
1, ,278, ,
0, ,277, ,
1, ,278, ,
1, ,279, ,
1, ,279, ,
0, ,279, ,
1, ,279, ,
1, ,279, ,
1, ,280, ,
1, ,278, ,
1, ,278, ,
0, ,278, ,
3, ,279, ,
0, ,278, ,
1, ,279, ,
1, ,278, ,
1, ,278, ,
0, ,277, ,
1, ,278, ,
0, ,279, ,
0, ,279, ,
1, ,278, ,
1, ,279, ,
-1, ,279, ,
1, ,280, ,
0, ,279, ,
0, ,279, ,
1, ,279, ,
1, ,279, ,
0, ,278, ,
3, ,279, ,
1, ,278, ,
0, ,279, ,
1, ,278, ,
1, ,279, ,
0, ,278, ,
1, ,279, ,
0, ,278, ,
0, ,279, ,
0, ,278, ,
1, ,279, ,
-1, ,278, ,
1, ,279, ,
0, ,279, ,
1, ,279, ,
1, ,278, ,
1, ,278, ,
0, ,278, ,
3, ,279, ,
0, ,279, ,
0, ,279, ,
1, ,279, ,
1, ,279, ,
0, ,278, ,
1, ,278, ,
0, ,278, ,
0, ,279, ,
1, ,278, ,
1, ,279, ,
0, ,279, ,
1, ,279, ,
0, ,279, ,
1, ,278, ,
1, ,279, ,
1, ,279, ,
0, ,278, ,
1, ,278, ,
0, ,278, ,
1, ,279, ,
1, ,277, ,
1, ,278, ,
0, ,278, ,
1, ,279, ,
0, ,277, ,
0, ,278, ,
1, ,278, ,
3, ,279, ,
0, ,278, ,
1, ,279, ,
0, ,278, ,
0, ,279, ,
1, ,278, ,
1, ,278, ,
0, ,279, ,
1, ,279, ,
1, ,279, ,
0, ,279, ,
1, ,279, ,
1, ,279, ,
0, ,278, ,
1, ,278, ,
0, ,279, ,
1, ,279, ,
1, ,278, ,
1, ,279, ,
0, ,278, ,
1, ,279, ,
0, ,278, ,
1, ,279, ,
1, ,278, ,
1, ,278, ,
0, ,278, ,
1, ,278, ,
0, ,278, ,
1, ,279, ,
1, ,278, ,
1, ,278, ,
0, ,278, ,
1, ,279, ,
0, ,278, ,
1, ,278, ,
1, ,278, ,
1, ,279, ,
0, ,278, ,
1, ,278, ,
0, ,278, ,
0, ,278, ,
1, ,279, ,
1, ,279, ,
0, ,278, ,
1, ,279, ,
0, ,278, ,
1, ,279, ,
1, ,279, ,
1, ,279, ,
0, ,278, ,
1, ,278, ,
0, ,278, ,
0, ,279, ,
1, ,278, ,
1, ,277, ,
0, ,278, ,
1, ,279, ,
1, ,278, ,
1, ,279, ,
1, ,279, ,
1, ,279, ,
0, ,278, ,
1, ,279, ,
0, ,278, ,
1, ,279, ,
1, ,278, ,
1, ,279, ,
0, ,278, ,
1, ,278, ,
0, ,278, ,
1, ,279, ,
1, ,278, ,
1, ,279, ,
0, ,278, ,
1, ,279, ,
0, ,279, ,
0, ,279, ,
1, ,278, ,
1, ,279, ,
0, ,279, ,
1, ,279, ,
0, ,278, ,
0, ,279, ,
1, ,279, ,
1, ,279, ,
0, ,278, ,
1, ,279, ,
0, ,278, ,
1, ,279, ,
1, ,278, ,
1, ,278, ,
0, ,278, ,
1, ,279, ,
0, ,278, ,
0, ,279, ,
1, ,279, ,
1, ,279, ,
0, ,277, ,
1, ,279, ,
1, ,278, ,
0, ,279, ,
1, ,277, ,
1, ,278, ,
0, ,278, ,
1, ,280, ,
0, ,278, ,
1, ,279, ,
1, ,279, ,
1, ,279, ,
0, ,278, ,
1, ,279, ,
0, ,278, ,
0, ,277, ,
1, ,277, ,
1, ,279, ,
0, ,279, ,
1, ,280, ,
0, ,280, ,
0, ,280, ,
1, ,278, ,
1, ,278, ,
0, ,278, ,
1, ,279, ,
0, ,277, ,
0, ,279, ,
1, ,279, ,
1, ,279, ,
0, ,279, ,
1, ,279, ,
0, ,278, ,
0, ,279, ,
1, ,278, ,
1, ,279, ,
0, ,278, ,
1, ,280, ,
0, ,279, ,
1, ,279, ,
1, ,278, ,
1, ,278, ,
0, ,279, ,
1, ,278, ,
0, ,278, ,
0, ,279, ,
1, ,279, ,
1, ,279, ,
0, ,278, ,
1, ,279, ,
0, ,278, ,
0, ,279, ,
1, ,278, ,
1, ,278, ,
0, ,279, ,
1, ,278, ,
0, ,278, ,
1, ,279, ,
1, ,279, ,
3, ,279, ,
0, ,278, ,
1, ,279, ,
1, ,278, ,
0, ,279, ,
1, ,278, ,
1, ,279, ,
0, ,279, ,
1, ,279, ,
0, ,278, ,
1, ,279, ,
1, ,278, ,
1, ,279, ,
0, ,278, ,
1, ,279, ,
1, ,278, ,
1, ,279, ,
1, ,278, ,
1, ,278, ,
0, ,278, ,
3, ,279, ,
0, ,278, ,
1, ,278, ,
1, ,279, ,
1, ,279, ,
0, ,278, ,
1, ,279, ,
0, ,278, ,
1, ,280, ,
1, ,279, ,
1, ,279, ,
0, ,278, ,
1, ,279, ,
1, ,279, ,
1, ,279, ,
1, ,278, ,
1, ,279, ,
0, ,278, ,
1, ,279, ,
0, ,279, ,
1, ,279, ,
1, ,278, ,
1, ,278, ,
0, ,278, ,
1, ,279, ,
0, ,278, ,
1, ,278, ,
1, ,278, ,
3, ,279, ,
0, ,277, ,
1, ,279, ,
0, ,278, ,
1, ,280, ,
1, ,278, ,
1, ,279, ,
0, ,280, ,
1, ,280, ,
0, ,279, ,
0, ,280, ,
1, ,279, ,
1, ,279, ,
0, ,277, ,
1, ,279, ,
0, ,277, ,
1, ,277, ,
1, ,276, ,
1, ,277, ,
0, ,277, ,
1, ,279, ,
0, ,278, ,
1, ,279, ,
1, ,279, ,
1, ,279, ,
-1, ,278, ,
1, ,279, ,
0, ,278, ,
0, ,279, ,
1, ,278, ,
1, ,279, ,
0, ,278, ,
1, ,279, ,
0, ,278, ,
0, ,278, ,
1, ,279, ,
1, ,279, ,
0, ,278, ,
1, ,279, ,
0, ,279, ,
0, ,280, ,
1, ,279, ,
1, ,279, ,
0, ,278, ,
1, ,279, ,
0, ,278, ,
0, ,278, ,
1, ,278, ,
1, ,279, ,
0, ,277, ,
1, ,278, ,
0, ,278, ,
0, ,279, ,
1, ,277, ,
1, ,278, ,
0, ,278, ,
1, ,280, ,
0, ,278, ,
0, ,278, ,
1, ,279, ,
1, ,279, ,
0, ,278, ,
1, ,278, ,
0, ,279, ,
1, ,280, ,
1, ,278, ,
1, ,279, ,
0, ,279, ,
1, ,279, ,
0, ,278, ,
0, ,279, ,
1, ,278, ,
1, ,278, ,
0, ,277, ,
1, ,278, ,
0, ,278, ,
0, ,279, ,
1, ,278, ,
1, ,278, ,
0, ,279, ,
1, ,278, ,
0, ,278, ,
1, ,279, ,
1, ,278, ,
1, ,279, ,
0, ,278, ,
1, ,279, ,
0, ,278, ,
0, ,278, ,
1, ,276, ,
1, ,279, ,
0, ,278, ,
1, ,280, ,
0, ,278, ,
0, ,279, ,
1, ,279, ,
3, ,279, ,
0, ,278, ,
1, ,279, ,
0, ,279, ,
0, ,280, ,
1, ,279, ,
3, ,279, ,
0, ,279, ,
3, ,279, ,
0, ,277, ,
1, ,278, ,
1, ,279, ,
1, ,279, ,
0, ,278, ,
1, ,279, ,
0, ,278, ,
0, ,279, ,
1, ,278, ,
1, ,278, ,
0, ,278, ,
1, ,279, ,
0, ,278, ,
1, ,279, ,
1, ,279, ,
1, ,280, ,
0, ,278, ,
1, ,279, ,
0, ,278, ,
1, ,278, ,
1, ,278, ,
3, ,279, ,
0, ,277, ,
1, ,279, ,
0, ,277, ,
0, ,279, ,
1, ,279, ,
1, ,279, ,
0, ,278, ,
1, ,278, ,
0, ,279, ,
1, ,280, ,
1, ,278, ,
1, ,279, ,
0, ,279, ,
1, ,279, ,
0, ,279, ,
1, ,279, ,
1, ,279, ,
1, ,278, ,
0, ,276, ,
1, ,278, ,
0, ,277, ,
0, ,278, ,
1, ,278, ,
1, ,279, ,
0, ,278, ,
1, ,279, ,
0, ,278, ,
0, ,279, ,
1, ,279, ,
1, ,279, ,
0, ,278, ,
1, ,279, ,
0, ,278, ,
0, ,277, ,
1, ,278, ,
1, ,278, ,
0, ,278, ,
1, ,278, ,
0, ,278, ,
0, ,279, ,
1, ,279, ,
1, ,279, ,
0, ,278, ,
1, ,279, ,
0, ,278, ,
1, ,279, ,
1, ,278, ,
1, ,278, ,
0, ,278, ,
1, ,277, ,
0, ,276, ,
0, ,279, ,
1, ,281, ,
3, ,282, ,
0, ,280, ,
1, ,279, ,
0, ,277, ,
0, ,277, ,
1, ,276, ,
1, ,278, ,
0, ,278, ,
1, ,279, ,
0, ,278, ,
0, ,279, ,
1, ,278, ,
1, ,278, ,
0, ,278, ,
1, ,278, ,
0, ,279, ,
0, ,279, ,
1, ,278, ,
1, ,278, ,
0, ,278, ,
1, ,278, ,
0, ,277, ,
1, ,278, ,
1, ,279, ,
1, ,278, ,
0, ,278, ,
1, ,278, ,
0, ,279, ,
1, ,279, ,
1, ,278, ,
1, ,278, ,
0, ,279, ,
1, ,279, ,
0, ,277, ,
0, ,279, ,
1, ,278, ,
1, ,279, ,
0, ,277, ,
1, ,277, ,
0, ,279, ,
1, ,279, ,
1, ,277, ,
1, ,279, ,
0, ,277, ,
108, ,279, ,
93, ,278, ,
62, ,278, ,
37, ,278, ,
23, ,279, ,
14, ,279, ,
11, ,278, ,
8, ,278, ,
6, ,279, ,
5, ,277, ,
3, ,278, ,
3, ,278, ,
5, ,279, ,
3, ,278, ,
3, ,279, ,
4, ,278, ,
4, ,278, ,
1, ,277, ,
4, ,278, ,
3, ,278, ,
3, ,279, ,
4, ,278, ,
4, ,278, ,
3, ,278, ,
4, ,279, ,
3, ,277, ,
3, ,278, ,
4, ,278, ,
4, ,279, ,
1, ,278, ,
4, ,278, ,
3, ,278, ,
3, ,278, ,
4, ,278, ,
4, ,278, ,
1, ,278, ,
4, ,279, ,
3, ,278, ,
3, ,278, ,
4, ,279, ,
4, ,279, ,
3, ,278, ,
4, ,279, ,
3, ,278, ,
3, ,279, ,
4, ,277, ,
4, ,278, ,
1, ,277, ,
4, ,279, ,
1, ,278, ,
3, ,279, ,
4, ,277, ,
4, ,278, ,
3, ,277, ,
4, ,279, ,
3, ,279, ,
3, ,279, ,
3, ,279, ,
4, ,279, ,
3, ,280, ,
4, ,280, ,
3, ,278, ,
3, ,278, ,
4, ,278, ,
3, ,278, ,
1, ,278, ,
4, ,279, ,
3, ,279, ,
3, ,279, ,
4, ,279, ,
4, ,278, ,
1, ,278, ,
4, ,279, ,
3, ,278, ,
3, ,278, ,
3, ,279, ,
4, ,279, ,
1, ,278, ,
4, ,279, ,
3, ,279, ,
3, ,279, ,
3, ,278, ,
3, ,279, ,
3, ,279, ,
4, ,279, ,
3, ,278, ,
3, ,279, ,
3, ,278, ,
4, ,279, ,
1, ,278, ,
4, ,278, ,
1, ,278, ,
3, ,279, ,
3, ,277, ,
3, ,278, ,
1, ,279, ,
4, ,279, ,
3, ,279, ,
3, ,279, ,
3, ,279, ,
3, ,279, ,
1, ,278, ,
4, ,279, ,
1, ,279, ,
3, ,280, ,
4, ,278, ,
3, ,278, ,
1, ,279, ,
4, ,280, ,
1, ,278, ,
3, ,278, ,
3, ,278, ,
4, ,279, ,
1, ,278, ,
4, ,278, ,
1, ,279, ,
3, ,279, ,
3, ,279, ,
3, ,279, ,
1, ,278, ,
4, ,280, ,
1, ,278, ,
3, ,278, ,
3, ,278, ,
3, ,279, ,
1, ,278, ,
4, ,279, ,
3, ,280, ,
3, ,279, ,
3, ,278, ,
3, ,278, ,
1, ,278, ,
3, ,279, ,
3, ,278, ,
3, ,279, ,
3, ,279, ,
3, ,279, ,
1, ,278, ,
4, ,279, ,
3, ,278, ,
3, ,279, ,
3, ,278, ,
3, ,278, ,
1, ,279, ,
4, ,279, ,
1, ,279, ,
3, ,279, ,
3, ,278, ,
3, ,279, ,
1, ,278, ,
4, ,279, ,
3, ,279, ,
3, ,279, ,
3, ,278, ,
3, ,279, ,
1, ,279, ,
4, ,279, ,
3, ,278, ,
3, ,279, ,
3, ,278, ,
3, ,279, ,
1, ,278, ,
3, ,279, ,
1, ,278, ,
1, ,279, ,
3, ,278, ,
3, ,278, ,
1, ,278, ,
4, ,279, ,
1, ,277, ,
3, ,279, ,
3, ,278, ,
3, ,279, ,
1, ,278, ,
3, ,278, ,
1, ,279, ,
3, ,279, ,
3, ,278, ,
3, ,278, ,
1, ,279, ,
4, ,280, ,
1, ,278, ,
3, ,279, ,
3, ,279, ,
3, ,279, ,
1, ,278, ,
4, ,277, ,
1, ,279, ,
3, ,279, ,
3, ,278, ,
3, ,279, ,
1, ,279, ,
4, ,280, ,
1, ,278, ,
3, ,279, ,
3, ,279, ,
3, ,279, ,
1, ,278, ,
3, ,279, ,
1, ,278, ,
3, ,279, ,
3, ,278, ,
3, ,278, ,
1, ,278, ,
4, ,279, ,
1, ,278, ,
3, ,278, ,
3, ,278, ,
3, ,278, ,
1, ,278, ,
4, ,278, ,
1, ,279, ,
3, ,280, ,
3, ,279, ,
3, ,279, ,
1, ,278, ,
4, ,279, ,
1, ,278, ,
3, ,278, ,
3, ,278, ,
3, ,279, ,
1, ,278, ,
4, ,279, ,
3, ,278, ,
3, ,279, ,
3, ,279, ,
3, ,279, ,
1, ,279, ,
4, ,279, ,
1, ,277, ,
1, ,278, ,
3, ,278, ,
3, ,278, ,
1, ,279, ,
3, ,277, ,
1, ,279, ,
3, ,279, ,
3, ,278, ,
3, ,279, ,
1, ,278, ,
3, ,279, ,
1, ,278, ,
3, ,279, ,
3, ,278, ,
3, ,279, ,
1, ,279, ,
4, ,280, ,
3, ,279, ,
3, ,279, ,
3, ,278, ,
3, ,279, ,
1, ,278, ,
4, ,279, ,
1, ,278, ,
1, ,279, ,
3, ,279, ,
3, ,279, ,
0, ,278, ,
3, ,277, ,
1, ,278, ,
3, ,278, ,
3, ,278, ,
3, ,278, ,
1, ,279, ,
3, ,280, ,
1, ,278, ,
3, ,278, ,
3, ,279, ,
3, ,279, ,
1, ,277, ,
3, ,279, ,
1, ,279, ,
3, ,279, ,
3, ,278, ,
3, ,278, ,
1, ,278, ,
3, ,279, ,
1, ,278, ,
3, ,278, ,
3, ,278, ,
3, ,278, ,
1, ,278, ,
3, ,280, ,
1, ,278, ,
3, ,279, ,
3, ,278, ,
3, ,279, ,
1, ,279, ,
3, ,280, ,
1, ,278, ,
1, ,280, ,
3, ,278, ,
3, ,278, ,
0, ,278, ,
3, ,278, ,
1, ,278, ,
3, ,279, ,
3, ,278, ,
3, ,279, ,
1, ,279, ,
3, ,279, ,
1, ,278, ,
1, ,278, ,
3, ,278, ,
3, ,278, ,
0, ,278, ,
3, ,279, ,
1, ,278, ,
3, ,280, ,
3, ,278, ,
1, ,279, ,
1, ,278, ,
3, ,279, ,
1, ,277, ,
3, ,279, ,
3, ,278, ,
3, ,279, ,
0, ,278, ,
3, ,279, ,
1, ,279, ,
3, ,279, ,
3, ,278, ,
3, ,279, ,
0, ,279, ,
3, ,279, ,
1, ,278, ,
3, ,279, ,
3, ,278, ,
3, ,279, ,
0, ,278, ,
3, ,280, ,
1, ,279, ,
3, ,279, ,
3, ,279, ,
3, ,279, ,
0, ,278, ,
3, ,279, ,
1, ,278, ,
3, ,279, ,
3, ,279, ,
1, ,279, ,
1, ,278, ,
3, ,278, ,
1, ,278, ,
3, ,279, ,
3, ,278, ,
1, ,278, ,
1, ,278, ,
3, ,279, ,
1, ,278, ,
1, ,279, ,
3, ,278, ,
3, ,279, ,
0, ,278, ,
3, ,278, ,
1, ,278, ,
3, ,279, ,
1, ,278, ,
3, ,279, ,
0, ,278, ,
3, ,279, ,
1, ,278, ,
1, ,278, ,
3, ,279, ,
3, ,279, ,
0, ,278, ,
3, ,280, ,
1, ,279, ,
3, ,278, ,
3, ,278, ,
3, ,278, ,
0, ,278, ,
3, ,279, ,
1, ,278, ,
3, ,279, ,
1, ,278, ,
3, ,279, ,
0, ,278, ,
3, ,279, ,
1, ,278, ,
1, ,279, ,
3, ,278, ,
1, ,279, ,
0, ,278, ,
3, ,279, ,
1, ,278, ,
1, ,279, ,
3, ,278, ,
1, ,279, ,
0, ,278, ,
3, ,279, ,
1, ,279, ,
3, ,279, ,
3, ,278, ,
3, ,278, ,
0, ,279, ,
3, ,279, ,
1, ,277, ,
1, ,279, ,
1, ,277, ,
3, ,279, ,
0, ,278, ,
3, ,279, ,
1, ,279, ,
1, ,278, ,
1, ,278, ,
3, ,279, ,
0, ,279, ,
3, ,279, ,
1, ,278, ,
1, ,279, ,
3, ,277, ,
1, ,279, ,
0, ,278, ,
3, ,279, ,
1, ,278, ,
3, ,279, ,
1, ,278, ,
3, ,279, ,
0, ,278, ,
3, ,279, ,
1, ,278, ,
1, ,279, ,
1, ,278, ,
3, ,279, ,
0, ,278, ,
3, ,279, ,
1, ,279, ,
1, ,279, ,
3, ,278, ,
3, ,279, ,
0, ,279, ,
3, ,279, ,
1, ,278, ,
1, ,279, ,
3, ,278, ,
3, ,279, ,
0, ,276, ,
3, ,278, ,
1, ,279, ,
3, ,278, ,
3, ,278, ,
1, ,278, ,
0, ,278, ,
3, ,279, ,
1, ,278, ,
1, ,278, ,
1, ,279, ,
1, ,278, ,
0, ,278, ,
3, ,278, ,
1, ,278, ,
1, ,279, ,
3, ,278, ,
3, ,279, ,
0, ,279, ,
3, ,279, ,
1, ,278, ,
1, ,279, ,
1, ,279, ,
1, ,278, ,
0, ,278, ,
3, ,279, ,
1, ,279, ,
1, ,279, ,
1, ,278, ,
1, ,279, ,
0, ,278, ,
3, ,279, ,
1, ,278, ,
1, ,279, ,
1, ,279, ,
1, ,279, ,
0, ,278, ,
3, ,279, ,
1, ,279, ,
1, ,278, ,
1, ,278, ,
3, ,279, ,
0, ,279, ,
3, ,279, ,
1, ,278, ,
1, ,279, ,
1, ,278, ,
3, ,279, ,
0, ,278, ,
3, ,279, ,
1, ,279, ,
1, ,279, ,
1, ,278, ,
1, ,279, ,
0, ,278, ,
3, ,279, ,
1, ,278, ,
1, ,279, ,
1, ,278, ,
1, ,279, ,
0, ,278, ,
3, ,279, ,
1, ,279, ,
1, ,280, ,
1, ,278, ,
3, ,278, ,
0, ,278, ,
3, ,279, ,
1, ,278, ,
1, ,279, ,
1, ,278, ,
3, ,279, ,
0, ,278, ,
3, ,279, ,
1, ,278, ,
1, ,278, ,
1, ,277, ,
1, ,279, ,
0, ,279, ,
3, ,279, ,
1, ,278, ,
1, ,279, ,
3, ,279, ,
1, ,279, ,
0, ,278, ,
3, ,279, ,
1, ,278, ,
1, ,279, ,
1, ,277, ,
1, ,278, ,
0, ,278, ,
3, ,279, ,
1, ,278, ,
1, ,279, ,
1, ,278, ,
1, ,279, ,
0, ,278, ,
1, ,279, ,
0, ,279, ,
0, ,279, ,
1, ,278, ,
1, ,277, ,
0, ,279, ,
3, ,279, ,
1, ,278, ,
1, ,278, ,
1, ,278, ,
1, ,278, ,
0, ,278, ,
3, ,279, ,
1, ,279, ,
1, ,279, ,
1, ,278, ,
1, ,278, ,
0, ,278, ,
1, ,279, ,
1, ,278, ,
1, ,279, ,
1, ,278, ,
1, ,279, ,
0, ,278, ,
3, ,279, ,
1, ,279, ,
1, ,279, ,
1, ,277, ,
1, ,279, ,
0, ,278, ,
3, ,280, ,
0, ,279, ,
1, ,279, ,
1, ,279, ,
3, ,278, ,
0, ,277, ,
3, ,278, ,
1, ,278, ,
1, ,279, ,
1, ,279, ,
1, ,279, ,
0, ,279, ,
3, ,280, ,
1, ,278, ,
1, ,279, ,
3, ,278, ,
1, ,278, ,
0, ,278, ,
3, ,279, ,
1, ,279, ,
1, ,278, ,
1, ,277, ,
1, ,278, ,
0, ,278, ,
3, ,279, ,
1, ,278, ,
1, ,278, ,
1, ,278, ,
3, ,279, ,
0, ,278, ,
3, ,279, ,
1, ,279, ,
1, ,279, ,
1, ,278, ,
1, ,279, ,
0, ,279, ,
3, ,279, ,
1, ,278, ,
1, ,278, ,
1, ,279, ,
3, ,279, ,
0, ,278, ,
3, ,279, ,
1, ,278, ,
1, ,279, ,
1, ,278, ,
1, ,279, ,
0, ,278, ,
3, ,278, ,
1, ,278, ,
1, ,279, ,
1, ,278, ,
3, ,279, ,
0, ,278, ,
3, ,278, ,
1, ,278, ,
1, ,280, ,
1, ,277, ,
3, ,278, ,
0, ,278, ,
1, ,279, ,
1, ,278, ,
1, ,280, ,
1, ,278, ,
1, ,279, ,
0, ,278, ,
3, ,279, ,
1, ,278, ,
1, ,279, ,
1, ,277, ,
3, ,278, ,
0, ,278, ,
3, ,280, ,
1, ,278, ,
1, ,278, ,
1, ,278, ,
1, ,279, ,
0, ,278, ,
3, ,279, ,
1, ,278, ,
1, ,279, ,
3, ,278, ,
3, ,278, ,
0, ,278, ,
3, ,279, ,
1, ,278, ,
1, ,278, ,
1, ,278, ,
1, ,279, ,
0, ,277, ,
3, ,279, ,
1, ,278, ,
1, ,279, ,
1, ,277, ,
1, ,279, ,
0, ,278, ,
3, ,279, ,
1, ,278, ,
1, ,278, ,
1, ,278, ,
3, ,279, ,
0, ,278, ,
1, ,278, ,
1, ,279, ,
1, ,279, ,
1, ,278, ,
1, ,278, ,
0, ,278, ,
3, ,279, ,
1, ,278, ,
1, ,278, ,
1, ,278, ,
3, ,279, ,
0, ,278, ,
3, ,279, ,
1, ,278, ,
1, ,279, ,
1, ,278, ,
1, ,278, ,
0, ,278, ,
3, ,280, ,
1, ,278, ,
1, ,279, ,
1, ,278, ,
1, ,279, ,
0, ,278, ,
1, ,279, ,
0, ,277, ,
1, ,278, ,
1, ,278, ,
1, ,278, ,
0, ,278, ,
3, ,279, ,
1, ,278, ,
1, ,278, ,
1, ,279, ,
1, ,279, ,
0, ,278, ,
3, ,279, ,
1, ,278, ,
1, ,279, ,
1, ,278, ,
3, ,279, ,
0, ,278, ,
3, ,279, ,
1, ,278, ,
1, ,279, ,
1, ,278, ,
1, ,279, ,
0, ,278, ,
1, ,278, ,
0, ,279, ,
1, ,279, ,
1, ,278, ,
1, ,278, ,
0, ,278, ,
1, ,280, ,
1, ,278, ,
1, ,278, ,
1, ,279, ,
3, ,279, ,
0, ,277, ,
1, ,279, ,
0, ,279, ,
1, ,279, ,
1, ,278, ,
1, ,278, ,
0, ,278, ,
1, ,279, ,
1, ,278, ,
1, ,279, ,
1, ,279, ,
1, ,278, ,
0, ,278, ,
3, ,278, ,
1, ,279, ,
1, ,279, ,
1, ,278, ,
1, ,278, ,
0, ,278, ,
3, ,278, ,
1, ,278, ,
1, ,279, ,
1, ,278, ,
1, ,279, ,
0, ,277, ,
3, ,279, ,
1, ,278, ,
1, ,279, ,
1, ,278, ,
1, ,278, ,
0, ,278, ,
3, ,279, ,
1, ,278, ,
1, ,279, ,
1, ,278, ,
1, ,279, ,
0, ,278, ,
1, ,278, ,
1, ,278, ,
1, ,279, ,
1, ,278, ,
1, ,278, ,
0, ,279, ,
3, ,279, ,
1, ,278, ,
1, ,279, ,
1, ,278, ,
1, ,278, ,
0, ,279, ,
3, ,278, ,
0, ,279, ,
1, ,279, ,
1, ,278, ,
1, ,279, ,
0, ,278, ,
3, ,279, ,
1, ,278, ,
1, ,279, ,
1, ,279, ,
1, ,278, ,
0, ,277, ,
3, ,278, ,
1, ,279, ,
1, ,279, ,
1, ,278, ,
1, ,278, ,
0, ,277, ,
1, ,277, ,
0, ,278, ,
1, ,279, ,
1, ,278, ,
1, ,279, ,
0, ,278, ,
1, ,279, ,
0, ,278, ,
1, ,278, ,
1, ,278, ,
1, ,278, ,
0, ,278, ,
3, ,279, ,
0, ,278, ,
1, ,278, ,
1, ,278, ,
1, ,279, ,
0, ,278, ,
3, ,278, ,
0, ,278, ,
0, ,278, ,
1, ,278, ,
1, ,278, ,
0, ,278, ,
3, ,279, ,
1, ,278, ,
1, ,279, ,
1, ,279, ,
1, ,278, ,
0, ,278, ,
1, ,278, ,
0, ,278, ,
1, ,279, ,
1, ,278, ,
1, ,278, ,
0, ,278, ,
3, ,279, ,
0, ,278, ,
1, ,279, ,
1, ,278, ,
1, ,278, ,
0, ,278, ,
1, ,279, ,
0, ,279, ,
1, ,279, ,
1, ,278, ,
1, ,279, ,
0, ,279, ,
3, ,279, ,
0, ,278, ,
1, ,280, ,
1, ,278, ,
1, ,279, ,
0, ,278, ,
1, ,279, ,
1, ,279, ,
0, ,279, ,
1, ,278, ,
1, ,279, ,
0, ,279, ,
3, ,279, ,
1, ,278, ,
1, ,279, ,
1, ,279, ,
1, ,278, ,
0, ,278, ,
1, ,279, ,
0, ,278, ,
1, ,279, ,
1, ,278, ,
1, ,278, ,
0, ,278, ,
1, ,279, ,
1, ,278, ,
1, ,278, ,
1, ,279, ,
1, ,280, ,
0, ,278, ,
3, ,278, ,
1, ,278, ,
1, ,278, ,
1, ,278, ,
1, ,278, ,
0, ,278, ,
1, ,279, ,
0, ,278, ,
1, ,280, ,
1, ,279, ,
1, ,279, ,
0, ,278, ,
3, ,278, ,
1, ,279, ,
0, ,279, ,
1, ,278, ,
1, ,279, ,
0, ,279, ,
3, ,280, ,
1, ,278, ,
1, ,279, ,
1, ,278, ,
1, ,279, ,
0, ,278, ,
3, ,279, ,
0, ,278, ,
1, ,279, ,
1, ,278, ,
1, ,278, ,
0, ,278, ,
3, ,279, ,
1, ,278, ,
1, ,278, ,
1, ,278, ,
1, ,279, ,
0, ,278, ,
1, ,278, ,
0, ,279, ,
1, ,278, ,
1, ,278, ,
1, ,279, ,
0, ,278, ,
1, ,279, ,
0, ,278, ,
1, ,278, ,
1, ,279, ,
1, ,279, ,
0, ,278, ,
1, ,279, ,
1, ,279, ,
0, ,279, ,
1, ,278, ,
1, ,279, ,
0, ,278, ,
3, ,279, ,
1, ,278, ,
1, ,278, ,
1, ,278, ,
1, ,278, ,
0, ,278, ,
1, ,279, ,
1, ,278, ,
1, ,279, ,
1, ,278, ,
1, ,278, ,
0, ,277, ,
1, ,277, ,
0, ,275, ,
1, ,275, ,
1, ,277, ,
1, ,280, ,
0, ,281, ,
1, ,282, ,
0, ,280, ,
1, ,278, ,
1, ,277, ,
1, ,276, ,
0, ,277, ,
3, ,279, ,
0, ,278, ,
1, ,279, ,
1, ,278, ,
1, ,279, ,
0, ,278, ,
1, ,279, ,
0, ,277, ,
0, ,280, ,
1, ,278, ,
1, ,278, ,
0, ,278, ,
1, ,279, ,
0, ,278, ,
1, ,278, ,
1, ,278, ,
1, ,279, ,
0, ,278, ,
1, ,278, ,
0, ,278, ,
1, ,278, ,
1, ,278, ,
1, ,279, ,
0, ,278, ,
1, ,278, ,
1, ,277, ,
1, ,278, ,
1, ,278, ,
1, ,278, ,
0, ,278, ,
1, ,278, ,
0, ,279, ,
1, ,279, ,
1, ,278, ,
1, ,279, ,
0, ,278, ,
1, ,279, ,
0, ,278, ,
1, ,278, ,
1, ,278, ,
3, ,278, ,
0, ,278, ,
1, ,278, ,
0, ,278, ,
1, ,278, ,
1, ,278, ,
1, ,279, ,
0, ,278, ,
1, ,279, ,
0, ,278, ,
1, ,277, ,
1, ,277, ,
1, ,278, ,
0, ,278, ,
1, ,279, ,
0, ,279, ,
1, ,279, ,
1, ,278, ,
1, ,278, ,
0, ,278, ,
1, ,277, ,
0, ,278, ,
1, ,278, ,
1, ,279, ,
1, ,279, ,
0, ,278, ,
1, ,278, ,
0, ,279, ,
1, ,278, ,
1, ,278, ,
3, ,277, ,
0, ,279, ,
3, ,278, ,
0, ,278, ,
1, ,279, ,
1, ,278, ,
1, ,279, ,
0, ,277, ,
1, ,279, ,
0, ,278, ,
1, ,279, ,
1, ,278, ,
1, ,279, ,
0, ,278, ,
3, ,278, ,
1, ,278, ,
1, ,278, ,
1, ,278, ,
1, ,279, ,
0, ,277, ,
1, ,278, ,
0, ,279, ,
1, ,279, ,
1, ,278, ,
1, ,278, ,
0, ,278, ,
3, ,280, ,
0, ,278, ,
1, ,278, ,
1, ,280, ,
1, ,278, ,
0, ,278, ,
1, ,279, ,
1, ,279, ,
1, ,280, ,
1, ,279, ,
1, ,279, ,
0, ,279, ,
1, ,279, ,
0, ,278, ,
1, ,279, ,
1, ,279, ,
3, ,280, ,
0, ,279, ,
1, ,279, ,
0, ,279, ,
0, ,279, ,
1, ,279, ,
1, ,279, ,
0, ,279, ,
3, ,280, ,
0, ,278, ,
1, ,279, ,
1, ,279, ,
1, ,279, ,
0, ,278, ,
1, ,279, ,
0, ,279, ,
0, ,280, ,
1, ,278, ,
1, ,278, ,
0, ,278, ,
3, ,279, ,
0, ,279, ,
1, ,279, ,
1, ,279, ,
1, ,279, ,
0, ,279, ,
126, ,277, ,
75, ,274, ,
51, ,279, ,
34, ,285, ,
23, ,283, ,
11, ,278, ,
9, ,276, ,
6, ,278, ,
6, ,279, ,
5, ,279, ,
3, ,279, ,
3, ,279, ,
5, ,279, ,
3, ,279, ,
3, ,279, ,
4, ,279, ,
4, ,278, ,
1, ,278, ,
4, ,280, ,
3, ,278, ,
4, ,279, ,
4, ,278, ,
4, ,279, ,
1, ,278, ,
4, ,279, ,
3, ,279, ,
3, ,280, ,
4, ,279, ,
4, ,279, ,
3, ,278, ,
5, ,279, ,
3, ,278, ,
4, ,279, ,
4, ,278, ,
4, ,279, ,
1, ,278, ,
4, ,279, ,
3, ,279, ,
3, ,279, ,
4, ,279, ,
4, ,279, ,
3, ,279, ,
4, ,279, ,
3, ,278, ,
3, ,279, ,
4, ,279, ,
3, ,279, ,
3, ,278, ,
4, ,279, ,
3, ,278, ,
3, ,279, ,
4, ,279, ,
4, ,279, ,
1, ,278, ,
4, ,279, ,
1, ,278, ,
3, ,278, ,
4, ,279, ,
4, ,279, ,
1, ,277, ,
4, ,279, ,
1, ,279, ,
4, ,279, ,
3, ,278, ,
4, ,279, ,
1, ,278, ,
4, ,279, ,
1, ,278, ,
3, ,279, ,
3, ,279, ,
4, ,279, ,
1, ,278, ,
4, ,279, ,
3, ,278, ,
3, ,279, ,
4, ,278, ,
3, ,278, ,
1, ,279, ,
4, ,279, ,
1, ,278, ,
3, ,279, ,
3, ,279, ,
4, ,279, ,
1, ,278, ,
4, ,279, ,
1, ,279, ,
3, ,279, ,
3, ,278, ,
3, ,279, ,
3, ,279, ,
4, ,279, ,
3, ,278, ,
3, ,278, ,
4, ,279, ,
3, ,279, ,
1, ,278, ,
4, ,279, ,
3, ,278, ,
3, ,279, ,
3, ,278, ,
3, ,279, ,
1, ,279, ,
4, ,279, ,
3, ,277, ,
3, ,279, ,
4, ,279, ,
3, ,279, ,
1, ,278, ,
4, ,279, ,
1, ,279, ,
3, ,280, ,
3, ,278, ,
4, ,278, ,
1, ,279, ,
4, ,279, ,
3, ,278, ,
3, ,279, ,
3, ,278, ,
4, ,278, ,
1, ,278, ,
4, ,279, ,
3, ,279, ,
3, ,279, ,
3, ,278, ,
3, ,279, ,
1, ,279, ,
4, ,280, ,
1, ,278, ,
3, ,279, ,
3, ,279, ,
3, ,280, ,
1, ,278, ,
4, ,279, ,
1, ,279, ,
3, ,279, ,
3, ,279, ,
3, ,279, ,
1, ,278, ,
4, ,279, ,
1, ,278, ,
3, ,279, ,
3, ,279, ,
3, ,279, ,
1, ,278, ,
4, ,279, ,
1, ,278, ,
3, ,279, ,
4, ,278, ,
3, ,279, ,
1, ,279, ,
4, ,279, ,
3, ,278, ,
3, ,279, ,
3, ,279, ,
4, ,279, ,
1, ,279, ,
3, ,278, ,
1, ,278, ,
3, ,279, ,
3, ,278, ,
3, ,279, ,
1, ,278, ,
4, ,279, ,
3, ,278, ,
3, ,278, ,
3, ,278, ,
3, ,279, ,
1, ,278, ,
3, ,279, ,
3, ,278, ,
3, ,279, ,
3, ,278, ,
3, ,279, ,
1, ,279, ,
3, ,279, ,
1, ,278, ,
3, ,279, ,
3, ,278, ,
3, ,279, ,
1, ,278, ,
4, ,279, ,
1, ,279, ,
3, ,279, ,
3, ,278, ,
3, ,279, ,
1, ,278, ,
4, ,279, ,
1, ,278, ,
3, ,279, ,
3, ,279, ,
3, ,279, ,
1, ,278, ,
4, ,278, ,
1, ,278, ,
3, ,279, ,
3, ,279, ,
3, ,279, ,
1, ,279, ,
4, ,278, ,
1, ,278, ,
3, ,279, ,
3, ,278, ,
3, ,278, ,
1, ,278, ,
3, ,279, ,
1, ,279, ,
3, ,279, ,
3, ,279, ,
3, ,278, ,
1, ,278, ,
3, ,280, ,
1, ,277, ,
3, ,279, ,
3, ,278, ,
3, ,279, ,
1, ,278, ,
4, ,279, ,
1, ,278, ,
3, ,279, ,
3, ,278, ,
3, ,278, ,
1, ,278, ,
4, ,279, ,
1, ,278, ,
3, ,279, ,
3, ,278, ,
3, ,279, ,
1, ,278, ,
3, ,279, ,
1, ,279, ,
3, ,279, ,
3, ,278, ,
3, ,279, ,
1, ,278, ,
3, ,280, ,
1, ,278, ,
3, ,279, ,
3, ,278, ,
3, ,279, ,
1, ,277, ,
3, ,279, ,
1, ,279, ,
3, ,279, ,
3, ,278, ,
3, ,279, ,
1, ,278, ,
3, ,279, ,
1, ,278, ,
3, ,278, ,
3, ,279, ,
3, ,279, ,
1, ,278, ,
3, ,279, ,
1, ,278, ,
3, ,279, ,
3, ,278, ,
3, ,279, ,
1, ,279, ,
3, ,279, ,
1, ,278, ,
3, ,278, ,
3, ,278, ,
3, ,279, ,
1, ,278, ,
3, ,279, ,
1, ,279, ,
3, ,279, ,
3, ,278, ,
3, ,278, ,
1, ,279, ,
3, ,279, ,
1, ,278, ,
3, ,278, ,
3, ,278, ,
3, ,279, ,
1, ,278, ,
3, ,279, ,
1, ,279, ,
3, ,279, ,
3, ,278, ,
3, ,279, ,
1, ,278, ,
3, ,279, ,
1, ,278, ,
1, ,278, ,
3, ,279, ,
3, ,279, ,
1, ,278, ,
3, ,278, ,
1, ,278, ,
3, ,279, ,
3, ,278, ,
3, ,279, ,
1, ,278, ,
3, ,279, ,
1, ,278, ,
1, ,279, ,
3, ,278, ,
3, ,279, ,
1, ,278, ,
3, ,279, ,
1, ,278, ,
3, ,279, ,
3, ,278, ,
3, ,278, ,
1, ,279, ,
3, ,279, ,
1, ,278, ,
3, ,278, ,
3, ,279, ,
3, ,279, ,
1, ,278, ,
3, ,279, ,
1, ,278, ,
3, ,279, ,
3, ,278, ,
3, ,278, ,
1, ,279, ,
3, ,279, ,
1, ,278, ,
3, ,279, ,
3, ,278, ,
3, ,279, ,
1, ,277, ,
3, ,279, ,
1, ,278, ,
3, ,279, ,
3, ,278, ,
3, ,278, ,
1, ,279, ,
3, ,279, ,
1, ,278, ,
3, ,279, ,
3, ,279, ,
3, ,279, ,
1, ,278, ,
3, ,279, ,
1, ,279, ,
1, ,279, ,
1, ,278, ,
3, ,277, ,
1, ,279, ,
3, ,279, ,
1, ,277, ,
3, ,279, ,
3, ,279, ,
3, ,279, ,
1, ,278, ,
3, ,279, ,
1, ,279, ,
3, ,278, ,
1, ,277, ,
3, ,277, ,
1, ,279, ,
3, ,281, ,
1, ,279, ,
3, ,279, ,
3, ,279, ,
3, ,279, ,
1, ,277, ,
3, ,279, ,
1, ,278, ,
1, ,279, ,
3, ,278, ,
1, ,279, ,
1, ,279, ,
3, ,279, ,
1, ,278, ,
1, ,279, ,
3, ,278, ,
3, ,278, ,
1, ,277, ,
3, ,279, ,
1, ,279, ,
1, ,279, ,
3, ,278, ,
3, ,279, ,
0, ,278, ,
3, ,279, ,
1, ,278, ,
1, ,279, ,
3, ,279, ,
3, ,279, ,
0, ,278, ,
3, ,279, ,
1, ,278, ,
3, ,279, ,
3, ,278, ,
1, ,278, ,
1, ,278, ,
3, ,279, ,
1, ,279, ,
1, ,279, ,
1, ,278, ,
3, ,278, ,
1, ,278, ,
3, ,278, ,
1, ,278, ,
1, ,278, ,
3, ,278, ,
3, ,279, ,
0, ,278, ,
3, ,280, ,
1, ,278, ,
1, ,278, ,
3, ,278, ,
1, ,279, ,
0, ,278, ,
3, ,279, ,
1, ,278, ,
1, ,279, ,
1, ,277, ,
1, ,278, ,
0, ,278, ,
3, ,278, ,
1, ,278, ,
1, ,279, ,
3, ,278, ,
3, ,279, ,
0, ,278, ,
3, ,278, ,
1, ,278, ,
1, ,278, ,
3, ,278, ,
1, ,279, ,
0, ,278, ,
3, ,279, ,
1, ,278, ,
1, ,279, ,
3, ,278, ,
1, ,278, ,
0, ,278, ,
3, ,278, ,
1, ,278, ,
1, ,279, ,
1, ,278, ,
3, ,278, ,
0, ,278, ,
3, ,279, ,
1, ,278, ,
1, ,278, ,
1, ,279, ,
3, ,280, ,
0, ,278, ,
3, ,279, ,
1, ,278, ,
1, ,278, ,
1, ,278, ,
3, ,278, ,
0, ,278, ,
3, ,279, ,
1, ,278, ,
1, ,279, ,
1, ,279, ,
3, ,278, ,
0, ,278, ,
1, ,279, ,
1, ,279, ,
1, ,278, ,
1, ,278, ,
3, ,279, ,
0, ,279, ,
3, ,279, ,
0, ,278, ,
1, ,279, ,
1, ,278, ,
3, ,279, ,
1, ,278, ,
4, ,279, ,
1, ,278, ,
1, ,279, ,
1, ,277, ,
3, ,278, ,
0, ,278, ,
3, ,279, ,
0, ,278, ,
1, ,278, ,
1, ,279, ,
1, ,278, ,
0, ,278, ,
3, ,279, ,
1, ,279, ,
1, ,279, ,
1, ,278, ,
3, ,278, ,
0, ,278, ,
3, ,279, ,
1, ,277, ,
1, ,278, ,
3, ,278, ,
3, ,279, ,
0, ,277, ,
3, ,277, ,
1, ,278, ,
1, ,279, ,
1, ,278, ,
1, ,279, ,
0, ,279, ,
3, ,279, ,
1, ,278, ,
1, ,279, ,
1, ,278, ,
1, ,278, ,
0, ,278, ,
1, ,279, ,
1, ,278, ,
1, ,279, ,
1, ,278, ,
1, ,278, ,
0, ,278, ,
3, ,278, ,
1, ,278, ,
1, ,278, ,
1, ,279, ,
3, ,279, ,
0, ,278, ,
1, ,279, ,
1, ,278, ,
1, ,279, ,
3, ,278, ,
3, ,278, ,
0, ,278, ,
3, ,279, ,
1, ,278, ,
1, ,278, ,
1, ,278, ,
1, ,278, ,
0, ,278, ,
3, ,279, ,
1, ,278, ,
1, ,279, ,
3, ,278, ,
1, ,278, ,
0, ,278, ,
3, ,279, ,
1, ,278, ,
1, ,279, ,
1, ,278, ,
3, ,279, ,
0, ,278, ,
3, ,279, ,
1, ,279, ,
1, ,279, ,
1, ,278, ,
3, ,279, ,
0, ,278, ,
3, ,279, ,
1, ,278, ,
1, ,278, ,
1, ,278, ,
1, ,278, ,
0, ,278, ,
3, ,279, ,
1, ,279, ,
1, ,279, ,
1, ,278, ,
3, ,279, ,
0, ,279, ,
3, ,279, ,
1, ,278, ,
1, ,278, ,
3, ,278, ,
1, ,279, ,
0, ,278, ,
3, ,279, ,
1, ,279, ,
1, ,278, ,
1, ,278, ,
1, ,280, ,
0, ,278, ,
3, ,279, ,
1, ,278, ,
1, ,279, ,
1, ,279, ,
3, ,278, ,
0, ,277, ,
3, ,279, ,
1, ,279, ,
1, ,279, ,
1, ,279, ,
1, ,279, ,
0, ,278, ,
3, ,279, ,
1, ,278, ,
1, ,279, ,
1, ,278, ,
3, ,278, ,
0, ,278, ,
3, ,279, ,
1, ,278, ,
1, ,279, ,
1, ,278, ,
3, ,279, ,
0, ,279, ,
3, ,279, ,
1, ,277, ,
1, ,279, ,
1, ,278, ,
1, ,279, ,
0, ,278, ,
3, ,278, ,
1, ,278, ,
1, ,278, ,
1, ,278, ,
3, ,278, ,
0, ,278, ,
3, ,279, ,
1, ,277, ,
1, ,279, ,
1, ,278, ,
1, ,278, ,
0, ,278, ,
3, ,279, ,
1, ,279, ,
1, ,278, ,
3, ,278, ,
3, ,278, ,
0, ,280, ,
3, ,279, ,
1, ,278, ,
1, ,279, ,
1, ,279, ,
1, ,279, ,
0, ,278, ,
3, ,279, ,
1, ,279, ,
1, ,279, ,
1, ,278, ,
1, ,279, ,
0, ,278, ,
3, ,279, ,
1, ,278, ,
1, ,279, ,
1, ,279, ,
3, ,279, ,
0, ,278, ,
1, ,279, ,
1, ,278, ,
1, ,279, ,
1, ,278, ,
1, ,278, ,
0, ,278, ,
3, ,280, ,
1, ,278, ,
1, ,279, ,
1, ,278, ,
1, ,279, ,
0, ,279, ,
3, ,279, ,
1, ,277, ,
1, ,279, ,
1, ,278, ,
1, ,278, ,
0, ,279, ,
3, ,279, ,
1, ,278, ,
1, ,278, ,
1, ,278, ,
3, ,279, ,
0, ,278, ,
1, ,278, ,
1, ,279, ,
1, ,279, ,
1, ,277, ,
1, ,279, ,
0, ,278, ,
1, ,280, ,
1, ,278, ,
1, ,279, ,
1, ,278, ,
1, ,279, ,
0, ,278, ,
3, ,278, ,
1, ,278, ,
1, ,279, ,
1, ,277, ,
1, ,278, ,
0, ,278, ,
1, ,280, ,
1, ,278, ,
1, ,279, ,
1, ,278, ,
1, ,279, ,
0, ,277, ,
3, ,278, ,
1, ,278, ,
1, ,279, ,
1, ,278, ,
3, ,278, ,
0, ,278, ,
3, ,279, ,
1, ,278, ,
1, ,278, ,
1, ,278, ,
1, ,279, ,
0, ,278, ,
1, ,279, ,
1, ,279, ,
1, ,279, ,
1, ,277, ,
3, ,279, ,
0, ,278, ,
3, ,279, ,
1, ,277, ,
1, ,279, ,
1, ,278, ,
3, ,278, ,
0, ,278, ,
3, ,279, ,
1, ,278, ,
1, ,279, ,
1, ,277, ,
1, ,279, ,
0, ,278, ,
3, ,279, ,
1, ,277, ,
1, ,278, ,
1, ,279, ,
1, ,279, ,
0, ,278, ,
103, ,279, ,
64, ,278, ,
36, ,279, ,
23, ,278, ,
19, ,278, ,
13, ,278, ,
9, ,279, ,
5, ,278, ,
5, ,278, ,
6, ,278, ,
4, ,278, ,
3, ,278, ,
5, ,278, ,
3, ,278, ,
3, ,279, ,
4, ,278, ,
4, ,278, ,
1, ,278, ,
4, ,279, ,
3, ,278, ,
3, ,278, ,
4, ,279, ,
4, ,279, ,
3, ,279, ,
4, ,278, ,
3, ,278, ,
3, ,278, ,
4, ,277, ,
4, ,279, ,
1, ,278, ,
4, ,279, ,
3, ,278, ,
3, ,278, ,
4, ,278, ,
4, ,279, ,
1, ,278, ,
4, ,279, ,
3, ,279, ,
3, ,279, ,
4, ,278, ,
4, ,278, ,
1, ,278, ,
4, ,279, ,
1, ,278, ,
3, ,279, ,
4, ,278, ,
4, ,278, ,
1, ,278, ,
4, ,279, ,
3, ,279, ,
4, ,279, ,
4, ,278, ,
4, ,279, ,
1, ,279, ,
4, ,280, ,
3, ,278, ,
3, ,279, ,
3, ,278, ,
4, ,279, ,
1, ,277, ,
4, ,279, ,
1, ,278, ,
3, ,279, ,
3, ,278, ,
3, ,278, ,
1, ,278, ,
4, ,279, ,
3, ,278, ,
3, ,277, ,
3, ,276, ,
4, ,278, ,
1, ,278, ,
4, ,279, ,
1, ,279, ,
3, ,280, ,
4, ,278, ,
3, ,278, ,
3, ,278, ,
4, ,278, ,
3, ,278, ,
3, ,278, ,
3, ,278, ,
4, ,279, ,
3, ,278, ,
4, ,278, ,
1, ,278, ,
3, ,279, ,
3, ,278, ,
3, ,279, ,
1, ,279, ,
4, ,280, ,
1, ,279, ,
3, ,279, ,
3, ,278, ,
3, ,279, ,
1, ,278, ,
4, ,278, ,
3, ,279, ,
3, ,278, ,
3, ,278, ,
3, ,279, ,
3, ,278, ,
4, ,279, ,
3, ,278, ,
3, ,279, ,
3, ,278, ,
3, ,279, ,
1, ,278, ,
4, ,278, ,
3, ,279, ,
3, ,279, ,
3, ,278, ,
3, ,278, ,
1, ,278, ,
4, ,279, ,
3, ,276, ,
3, ,275, ,
3, ,276, ,
3, ,279, ,
1, ,281, ,
4, ,283, ,
3, ,280, ,
3, ,280, ,
3, ,278, ,
3, ,277, ,
1, ,276, ,
4, ,278, ,
3, ,278, ,
3, ,278, ,
3, ,278, ,
3, ,279, ,
1, ,277, ,
4, ,279, ,
1, ,278, ,
3, ,278, ,
3, ,277, ,
3, ,278, ,
1, ,279, ,
4, ,279, ,
1, ,277, ,
3, ,278, ,
3, ,278, ,
3, ,279, ,
1, ,277, ,
4, ,279, ,
1, ,278, ,
3, ,279, ,
3, ,277, ,
3, ,277, ,
1, ,277, ,
4, ,279, ,
1, ,278, ,
3, ,279, ,
3, ,278, ,
3, ,279, ,
1, ,278, ,
4, ,279, ,
1, ,277, ,
3, ,279, ,
3, ,278, ,
3, ,278, ,
1, ,279, ,
4, ,278, ,
1, ,278, ,
3, ,278, ,
3, ,278, ,
3, ,279, ,
1, ,277, ,
3, ,278, ,
1, ,278, ,
3, ,279, ,
3, ,278, ,
3, ,279, ,
1, ,278, ,
4, ,278, ,
3, ,278, ,
3, ,278, ,
3, ,277, ,
3, ,279, ,
1, ,278, ,
4, ,279, ,
1, ,278, ,
3, ,278, ,
3, ,277, ,
3, ,278, ,
1, ,278, ,
4, ,279, ,
1, ,277, ,
3, ,278, ,
3, ,278, ,
3, ,278, ,
1, ,277, ,
3, ,278, ,
3, ,278, ,
3, ,279, ,
3, ,278, ,
3, ,279, ,
1, ,278, ,
3, ,279, ,
3, ,278, ,
3, ,278, ,
3, ,278, ,
3, ,278, ,
1, ,278, ,
3, ,278, ,
3, ,278, ,
3, ,279, ,
3, ,278, ,
3, ,279, ,
1, ,278, ,
4, ,278, ,
1, ,278, ,
3, ,278, ,
3, ,277, ,
3, ,279, ,
1, ,278, ,
3, ,279, ,
1, ,278, ,
3, ,277, ,
3, ,278, ,
3, ,279, ,
1, ,278, ,
3, ,279, ,
1, ,279, ,
1, ,279, ,
3, ,279, ,
3, ,279, ,
1, ,278, ,
4, ,279, ,
1, ,278, ,
3, ,279, ,
3, ,278, ,
3, ,279, ,
1, ,280, ,
3, ,280, ,
1, ,278, ,
3, ,278, ,
3, ,279, ,
3, ,279, ,
1, ,278, ,
4, ,279, ,
3, ,279, ,
3, ,280, ,
3, ,279, ,
1, ,279, ,
1, ,278, ,
4, ,280, ,
1, ,278, ,
1, ,279, ,
3, ,279, ,
3, ,279, ,
1, ,279, ,
3, ,278, ,
1, ,278, ,
3, ,279, ,
3, ,278, ,
3, ,279, ,
1, ,278, ,
3, ,279, ,
1, ,278, ,
3, ,279, ,
3, ,279, ,
3, ,279, ,
1, ,279, ,
3, ,278, ,
1, ,279, ,
3, ,279, ,
3, ,278, ,
3, ,279, ,
1, ,278, ,
4, ,279, ,
1, ,278, ,
1, ,277, ,
3, ,278, ,
3, ,278, ,
1, ,277, ,
3, ,279, ,
1, ,280, ,
3, ,280, ,
3, ,278, ,
3, ,278, ,
1, ,278, ,
3, ,279, ,
1, ,278, ,
3, ,279, ,
3, ,278, ,
3, ,280, ,
1, ,278, ,
3, ,279, ,
1, ,278, ,
3, ,279, ,
3, ,278, ,
1, ,278, ,
0, ,277, ,
3, ,278, ,
1, ,278, ,
3, ,279, ,
3, ,279, ,
3, ,280, ,
1, ,278, ,
3, ,279, ,
1, ,278, ,
3, ,279, ,
3, ,278, ,
3, ,279, ,
0, ,279, ,
3, ,278, ,
1, ,278, ,
3, ,278, ,
1, ,279, ,
1, ,279, ,
0, ,278, ,
3, ,279, ,
1, ,279, ,
3, ,278, ,
3, ,278, ,
3, ,279, ,
1, ,279, ,
3, ,279, ,
1, ,278, ,
1, ,279, ,
3, ,279, ,
3, ,280, ,
0, ,278, ,
3, ,279, ,
1, ,278, ,
3, ,279, ,
3, ,278, ,
1, ,278, ,
0, ,278, ,
3, ,279, ,
1, ,278, ,
3, ,279, ,
3, ,279, ,
1, ,280, ,
0, ,278, ,
3, ,279, ,
1, ,278, ,
3, ,278, ,
3, ,278, ,
3, ,279, ,
0, ,278, ,
3, ,279, ,
1, ,279, ,
3, ,279, ,
3, ,278, ,
1, ,279, ,
0, ,278, ,
3, ,279, ,
1, ,278, ,
1, ,278, ,
1, ,278, ,
3, ,279, ,
1, ,279, ,
3, ,279, ,
1, ,278, ,
1, ,279, ,
3, ,278, ,
3, ,279, ,
0, ,278, ,
3, ,279, ,
1, ,278, ,
1, ,279, ,
3, ,278, ,
3, ,278, ,
0, ,278, ,
3, ,279, ,
1, ,278, ,
3, ,279, ,
3, ,278, ,
3, ,279, ,
0, ,278, ,
3, ,280, ,
1, ,279, ,
3, ,279, ,
3, ,279, ,
3, ,279, ,
1, ,279, ,
3, ,279, ,
1, ,278, ,
3, ,278, ,
3, ,278, ,
3, ,279, ,
0, ,278, ,
3, ,278, ,
1, ,279, ,
1, ,278, ,
3, ,278, ,
3, ,279, ,
0, ,278, ,
3, ,279, ,
1, ,278, ,
3, ,279, ,
3, ,280, ,
3, ,279, ,
0, ,278, ,
3, ,278, ,
1, ,278, ,
1, ,279, ,
1, ,278, ,
3, ,278, ,
0, ,279, ,
3, ,279, ,
1, ,279, ,
1, ,278, ,
1, ,279, ,
3, ,279, ,
0, ,278, ,
3, ,279, ,
1, ,278, ,
3, ,279, ,
3, ,278, ,
3, ,279, ,
0, ,278, ,
3, ,280, ,
1, ,278, ,
1, ,278, ,
3, ,279, ,
3, ,279, ,
0, ,278, ,
3, ,278, ,
1, ,279, ,
3, ,279, ,
3, ,278, ,
1, ,277, ,
0, ,278, ,
3, ,279, ,
1, ,278, ,
1, ,279, ,
1, ,279, ,
1, ,279, ,
0, ,278, ,
3, ,279, ,
1, ,279, ,
1, ,280, ,
3, ,278, ,
3, ,279, ,
0, ,279, ,
3, ,279, ,
1, ,277, ,
1, ,279, ,
3, ,279, ,
1, ,279, ,
0, ,278, ,
3, ,279, ,
1, ,279, ,
1, ,279, ,
1, ,278, ,
1, ,278, ,
1, ,279, ,
3, ,279, ,
1, ,278, ,
3, ,279, ,
1, ,279, ,
3, ,279, ,
0, ,278, ,
3, ,279, ,
1, ,278, ,
3, ,279, ,
3, ,278, ,
3, ,278, ,
0, ,278, ,
3, ,279, ,
1, ,278, ,
1, ,279, ,
3, ,278, ,
3, ,279, ,
0, ,278, ,
3, ,279, ,
1, ,278, ,
1, ,279, ,
3, ,278, ,
1, ,279, ,
0, ,278, ,
3, ,279, ,
1, ,277, ,
1, ,279, ,
1, ,278, ,
1, ,278, ,
0, ,278, ,
3, ,279, ,
1, ,278, ,
1, ,279, ,
1, ,279, ,
3, ,279, ,
0, ,278, ,
3, ,279, ,
1, ,278, ,
1, ,279, ,
3, ,279, ,
1, ,278, ,
0, ,279, ,
3, ,279, ,
1, ,279, ,
1, ,279, ,
1, ,278, ,
3, ,278, ,
0, ,278, ,
3, ,279, ,
1, ,278, ,
1, ,279, ,
3, ,279, ,
3, ,279, ,
0, ,279, ,
3, ,279, ,
1, ,278, ,
1, ,278, ,
1, ,277, ,
1, ,277, ,
0, ,277, ,
3, ,279, ,
1, ,279, ,
1, ,280, ,
1, ,279, ,
1, ,279, ,
0, ,278, ,
3, ,279, ,
1, ,278, ,
1, ,278, ,
1, ,279, ,
3, ,278, ,
0, ,279, ,
3, ,279, ,
1, ,278, ,
1, ,279, ,
1, ,278, ,
1, ,279, ,
0, ,278, ,
3, ,278, ,
1, ,279, ,
1, ,279, ,
1, ,279, ,
3, ,279, ,
0, ,278, ,
3, ,280, ,
1, ,277, ,
1, ,278, ,
1, ,278, ,
1, ,279, ,
0, ,278, ,
3, ,279, ,
1, ,278, ,
1, ,279, ,
1, ,277, ,
1, ,278, ,
0, ,278, ,
1, ,279, ,
1, ,279, ,
1, ,279, ,
3, ,279, ,
3, ,279, ,
0, ,278, ,
3, ,278, ,
1, ,279, ,
1, ,279, ,
1, ,278, ,
1, ,279, ,
0, ,278, ,
3, ,279, ,
1, ,278, ,
1, ,279, ,
1, ,279, ,
3, ,278, ,
0, ,278, ,
3, ,279, ,
1, ,279, ,
1, ,279, ,
3, ,278, ,
3, ,278, ,
0, ,279, ,
3, ,279, ,
1, ,278, ,
1, ,279, ,
1, ,278, ,
1, ,278, ,
0, ,278, ,
3, ,279, ,
1, ,279, ,
1, ,279, ,
3, ,279, ,
1, ,279, ,
0, ,278, ,
3, ,279, ,
1, ,278, ,
1, ,279, ,
3, ,278, ,
1, ,279, ,
0, ,278, ,
3, ,278, ,
1, ,279, ,
1, ,279, ,
1, ,278, ,
1, ,278, ,
0, ,278, ,
3, ,279, ,
1, ,278, ,
1, ,279, ,
3, ,279, ,
1, ,279, ,
0, ,278, ,
1, ,279, ,
0, ,278, ,
1, ,279, ,
1, ,278, ,
1, ,278, ,
0, ,278, ,
3, ,279, ,
1, ,278, ,
1, ,279, ,
1, ,278, ,
3, ,279, ,
0, ,278, ,
3, ,278, ,
1, ,278, ,
1, ,279, ,
1, ,278, ,
1, ,278, ,
0, ,278, ,
3, ,278, ,
1, ,278, ,
1, ,278, ,
1, ,279, ,
3, ,279, ,
0, ,277, ,
3, ,278, ,
1, ,278, ,
1, ,279, ,
1, ,278, ,
1, ,279, ,
85, ,278, ,
79, ,279, ,
55, ,278, ,
32, ,278, ,
19, ,279, ,
11, ,279, ,
8, ,278, ,
8, ,279, ,
5, ,279, ,
4, ,279, ,
4, ,278, ,
3, ,278, ,
3, ,278, ,
5, ,279, ,
3, ,279, ,
3, ,279, ,
4, ,279, ,
4, ,279, ,
1, ,278, ,
4, ,279, ,
3, ,278, ,
3, ,279, ,
4, ,278, ,
4, ,278, ,
3, ,279, ,
5, ,279, ,
3, ,278, ,
3, ,278, ,
4, ,278, ,
4, ,279, ,
1, ,278, ,
4, ,279, ,
3, ,278, ,
3, ,279, ,
4, ,278, ,
4, ,278, ,
3, ,278, ,
4, ,279, ,
3, ,278, ,
3, ,278, ,
4, ,279, ,
4, ,279, ,
3, ,278, ,
4, ,278, ,
3, ,279, ,
3, ,278, ,
4, ,278, ,
4, ,278, ,
1, ,278, ,
4, ,278, ,
3, ,278, ,
3, ,279, ,
3, ,279, ,
4, ,279, ,
1, ,278, ,
4, ,279, ,
3, ,279, ,
3, ,278, ,
4, ,278, ,
4, ,278, ,
1, ,278, ,
4, ,279, ,
3, ,277, ,
3, ,279, ,
3, ,278, ,
4, ,278, ,
1, ,277, ,
4, ,278, ,
1, ,279, ,
3, ,279, ,
4, ,278, ,
4, ,279, ,
1, ,278, ,
5, ,278, ,
1, ,278, ,
3, ,278, ,
3, ,279, ,
4, ,279, ,
1, ,279, ,
4, ,279, ,
3, ,278, ,
3, ,279, ,
3, ,278, ,
3, ,278, ,
1, ,278, ,
4, ,279, ,
3, ,278, ,
3, ,279, ,
3, ,279, ,
3, ,278, ,
1, ,277, ,
4, ,279, ,
1, ,279, ,
3, ,279, ,
3, ,278, ,
4, ,279, ,
1, ,280, ,
4, ,279, ,
3, ,277, ,
3, ,279, ,
3, ,279, ,
3, ,280, ,
1, ,278, ,
4, ,278, ,
1, ,278, ,
3, ,279, ,
3, ,279, ,
3, ,278, ,
1, ,278, ,
4, ,278, ,
1, ,277, ,
3, ,279, ,
3, ,278, ,
3, ,279, ,
1, ,278, ,
4, ,279, ,
1, ,277, ,
3, ,279, ,
4, ,277, ,
3, ,278, ,
1, ,279, ,
4, ,279, ,
1, ,277, ,
3, ,278, ,
3, ,278, ,
3, ,279, ,
1, ,278, ,
4, ,279, ,
1, ,278, ,
4, ,278, ,
4, ,278, ,
3, ,279, ,
1, ,278, ,
3, ,279, ,
1, ,278, ,
3, ,280, ,
3, ,279, ,
3, ,279, ,
1, ,278, ,
4, ,278, ,
1, ,278, ,
3, ,279, ,
3, ,278, ,
3, ,279, ,
1, ,278, ,
4, ,279, ,
3, ,278, ,
3, ,278, ,
3, ,278, ,
3, ,279, ,
1, ,278, ,
4, ,279, ,
3, ,277, ,
3, ,279, ,
3, ,279, ,
3, ,279, ,
1, ,278, ,
4, ,280, ,
1, ,278, ,
3, ,279, ,
3, ,278, ,
3, ,279, ,
1, ,278, ,
4, ,278, ,
3, ,279, ,
3, ,279, ,
4, ,278, ,
3, ,278, ,
1, ,278, ,
4, ,279, ,
1, ,278, ,
3, ,278, ,
3, ,278, ,
3, ,279, ,
1, ,278, ,
3, ,278, ,
1, ,280, ,
3, ,279, ,
3, ,278, ,
3, ,279, ,
1, ,279, ,
4, ,278, ,
1, ,277, ,
3, ,279, ,
3, ,278, ,
3, ,279, ,
1, ,278, ,
4, ,278, ,
3, ,278, ,
3, ,278, ,
3, ,278, ,
3, ,279, ,
1, ,279, ,
4, ,279, ,
1, ,278, ,
3, ,278, ,
3, ,278, ,
3, ,278, ,
1, ,277, ,
3, ,279, ,
1, ,278, ,
3, ,278, ,
3, ,278, ,
3, ,278, ,
1, ,278, ,
3, ,279, ,
1, ,278, ,
3, ,279, ,
3, ,278, ,
3, ,278, ,
1, ,278, ,
3, ,278, ,
1, ,278, ,
3, ,279, ,
3, ,278, ,
3, ,279, ,
1, ,278, ,
4, ,279, ,
3, ,278, ,
3, ,278, ,
3, ,279, ,
3, ,278, ,
1, ,278, ,
4, ,278, ,
1, ,279, ,
3, ,279, ,
3, ,278, ,
3, ,278, ,
1, ,278, ,
4, ,279, ,
1, ,278, ,
3, ,279, ,
3, ,279, ,
3, ,278, ,
1, ,278, ,
3, ,279, ,
1, ,278, ,
3, ,279, ,
3, ,278, ,
3, ,279, ,
1, ,278, ,
4, ,279, ,
1, ,278, ,
3, ,279, ,
3, ,278, ,
3, ,278, ,
1, ,278, ,
3, ,280, ,
1, ,279, ,
3, ,278, ,
3, ,279, ,
3, ,278, ,
1, ,279, ,
3, ,279, ,
1, ,278, ,
3, ,278, ,
3, ,279, ,
3, ,278, ,
1, ,278, ,
3, ,278, ,
1, ,278, ,
3, ,279, ,
3, ,278, ,
3, ,279, ,
1, ,278, ,
3, ,279, ,
1, ,278, ,
3, ,279, ,
3, ,279, ,
1, ,279, ,
1, ,278, ,
3, ,279, ,
1, ,278, ,
3, ,279, ,
3, ,278, ,
3, ,278, ,
1, ,279, ,
3, ,279, ,
1, ,278, ,
1, ,279, ,
3, ,278, ,
1, ,279, ,
1, ,278, ,
3, ,278, ,
1, ,278, ,
3, ,278, ,
3, ,277, ,
3, ,278, ,
1, ,278, ,
3, ,279, ,
1, ,277, ,
3, ,279, ,
3, ,278, ,
3, ,279, ,
0, ,278, ,
3, ,279, ,
1, ,279, ,
1, ,278, ,
3, ,278, ,
1, ,278, ,
1, ,278, ,
3, ,279, ,
1, ,278, ,
3, ,279, ,
3, ,279, ,
3, ,278, ,
1, ,278, ,
3, ,279, ,
1, ,278, ,
1, ,279, ,
3, ,278, ,
3, ,278, ,
1, ,278, ,
3, ,279, ,
1, ,278, ,
1, ,278, ,
3, ,278, ,
1, ,278, ,
1, ,277, ,
3, ,278, ,
1, ,279, ,
3, ,280, ,
1, ,279, ,
3, ,279, ,
1, ,279, ,
3, ,278, ,
1, ,277, ,
1, ,278, ,
3, ,278, ,
3, ,279, ,
1, ,278, ,
3, ,279, ,
1, ,279, ,
3, ,279, ,
3, ,278, ,
3, ,279, ,
1, ,277, ,
3, ,278, ,
1, ,278, ,
3, ,278, ,
3, ,279, ,
3, ,279, ,
0, ,278, ,
3, ,277, ,
1, ,278, ,
1, ,279, ,
3, ,278, ,
3, ,279, ,
1, ,278, ,
3, ,278, ,
1, ,278, ,
1, ,276, ,
3, ,274, ,
3, ,278, ,
1, ,285, ,
3, ,284, ,
1, ,278, ,
3, ,276, ,
3, ,278, ,
3, ,279, ,
1, ,279, ,
3, ,279, ,
1, ,277, ,
3, ,278, ,
3, ,278, ,
3, ,279, ,
1, ,278, ,
3, ,279, ,
1, ,278, ,
1, ,280, ,
1, ,278, ,
3, ,278, ,
1, ,279, ,
3, ,279, ,
1, ,278, ,
1, ,279, ,
1, ,277, ,
3, ,280, ,
1, ,278, ,
3, ,278, ,
1, ,279, ,
1, ,279, ,
3, ,278, ,
3, ,278, ,
1, ,278, ,
3, ,279, ,
1, ,278, ,
1, ,279, ,
1, ,279, ,
3, ,278, ,
0, ,278, ,
3, ,278, ,
1, ,278, ,
1, ,280, ,
1, ,277, ,
1, ,278, ,
0, ,279, ,
3, ,279, ,
1, ,278, ,
1, ,278, ,
1, ,278, ,
1, ,279, ,
0, ,278, ,
3, ,278, ,
1, ,278, ,
1, ,279, ,
3, ,278, ,
3, ,279, ,
0, ,278, ,
3, ,280, ,
1, ,279, ,
1, ,279, ,
3, ,278, ,
1, ,279, ,
0, ,278, ,
3, ,280, ,
1, ,279, ,
1, ,279, ,
1, ,277, ,
1, ,278, ,
0, ,278, ,
3, ,279, ,
1, ,278, ,
1, ,279, ,
3, ,278, ,
1, ,279, ,
0, ,278, ,
3, ,278, ,
1, ,279, ,
1, ,279, ,
1, ,279, ,
1, ,279, ,
0, ,278, ,
3, ,279, ,
1, ,278, ,
1, ,279, ,
1, ,278, ,
3, ,279, ,
0, ,278, ,
3, ,278, ,
1, ,279, ,
1, ,279, ,
1, ,278, ,
3, ,279, ,
0, ,278, ,
3, ,279, ,
1, ,278, ,
1, ,278, ,
1, ,279, ,
1, ,278, ,
0, ,278, ,
3, ,279, ,
1, ,279, ,
1, ,279, ,
3, ,278, ,
3, ,279, ,
0, ,279, ,
3, ,280, ,
1, ,278, ,
1, ,279, ,
1, ,279, ,
1, ,279, ,
0, ,278, ,
3, ,278, ,
1, ,278, ,
1, ,279, ,
1, ,278, ,
1, ,278, ,
0, ,278, ,
3, ,277, ,
1, ,275, ,
1, ,277, ,
1, ,277, ,
1, ,281, ,
0, ,281, ,
3, ,282, ,
1, ,280, ,
1, ,278, ,
1, ,277, ,
3, ,277, ,
0, ,277, ,
3, ,277, ,
1, ,278, ,
1, ,278, ,
1, ,279, ,
1, ,278, ,
0, ,278, ,
3, ,278, ,
1, ,278, ,
1, ,278, ,
1, ,278, ,
3, ,277, ,
0, ,278, ,
3, ,279, ,
1, ,278, ,
1, ,278, ,
1, ,277, ,
3, ,278, ,
0, ,278, ,
3, ,277, ,
1, ,279, ,
1, ,278, ,
1, ,278, ,
1, ,278, ,
0, ,278, ,
3, ,279, ,
1, ,278, ,
1, ,277, ,
3, ,278, ,
1, ,279, ,
0, ,278, ,
3, ,278, ,
98, ,278, ,
61, ,279, ,
34, ,277, ,
23, ,278, ,
18, ,278, ,
13, ,280, ,
6, ,277, ,
5, ,278, ,
8, ,278, ,
5, ,278, ,
3, ,277, ,
4, ,278, ,
4, ,278, ,
4, ,278, ,
4, ,278, ,
4, ,279, ,
1, ,278, ,
4, ,279, ,
3, ,278, ,
3, ,278, ,
4, ,278, ,
4, ,279, ,
3, ,278, ,
4, ,279, ,
1, ,279, ,
3, ,278, ,
4, ,277, ,
4, ,278, ,
1, ,278, ,
5, ,279, ,
3, ,277, ,
4, ,279, ,
4, ,278, ,
4, ,279, ,
3, ,278, ,
4, ,279, ,
3, ,278, ,
3, ,277, ,
3, ,278, ,
4, ,278, ,
1, ,279, ,
4, ,279, ,
3, ,277, ,
3, ,278, ,
4, ,277, ,
4, ,278, ,
1, ,277, ,
4, ,279, ,
3, ,279, ,
3, ,279, ,
4, ,277, ,
4, ,278, ,
3, ,278, ,
4, ,279, ,
3, ,278, ,
3, ,279, ,
4, ,279, ,
3, ,279, ,
1, ,278, ,
4, ,279, ,
3, ,278, ,
3, ,278, ,
3, ,278, ,
4, ,278, ,
1, ,279, ,
4, ,280, ,
3, ,279, ,
3, ,279, ,
4, ,278, ,
4, ,278, ,
3, ,278, ,
4, ,278, ,
3, ,279, ,
3, ,279, ,
4, ,279, ,
4, ,280, ,
1, ,279, ,
4, ,278, ,
1, ,278, ,
3, ,279, ,
3, ,279, ,
4, ,279, ,
1, ,279, ,
4, ,279, ,
3, ,279, ,
3, ,280, ,
4, ,279, ,
4, ,279, ,
1, ,279, ,
4, ,279, ,
3, ,278, ,
3, ,279, ,
3, ,278, ,
4, ,279, ,
1, ,278, ,
4, ,279, ,
1, ,279, ,
3, ,279, ,
3, ,278, ,
3, ,278, ,
1, ,278, ,
4, ,279, ,
1, ,278, ,
3, ,279, ,
3, ,279, ,
3, ,280, ,
1, ,279, ,
4, ,279, ,
1, ,278, ,
3, ,279, ,
3, ,278, ,
3, ,277, ,
3, ,278, ,
4, ,278, ,
1, ,278, ,
3, ,278, ,
3, ,278, ,
3, ,279, ,
1, ,277, ,
4, ,278, ,
1, ,278, ,
3, ,279, ,
3, ,278, ,
3, ,279, ,
1, ,279, ,
4, ,279, ,
3, ,278, ,
3, ,279, ,
3, ,279, ,
3, ,279, ,
1, ,279, ,
4, ,279, ,
3, ,279, ,
3, ,279, ,
3, ,278, ,
3, ,278, ,
1, ,278, ,
4, ,279, ,
1, ,278, ,
3, ,278, ,
3, ,278, ,
3, ,279, ,
1, ,278, ,
4, ,279, ,
1, ,278, ,
3, ,279, ,
3, ,278, ,
3, ,279, ,
1, ,279, ,
4, ,279, ,
3, ,279, ,
3, ,279, ,
3, ,278, ,
3, ,279, ,
1, ,278, ,
3, ,278, ,
1, ,278, ,
3, ,279, ,
3, ,278, ,
3, ,278, ,
1, ,278, ,
3, ,279, ,
1, ,279, ,
3, ,278, ,
3, ,279, ,
3, ,279, ,
1, ,279, ,
3, ,279, ,
1, ,279, ,
3, ,279, ,
3, ,279, ,
3, ,279, ,
1, ,279, ,
3, ,279, ,
1, ,278, ,
3, ,279, ,
3, ,279, ,
3, ,279, ,
1, ,278, ,
4, ,278, ,
3, ,279, ,
3, ,279, ,
3, ,278, ,
3, ,279, ,
1, ,278, ,
3, ,279, ,
1, ,278, ,
3, ,279, ,
3, ,278, ,
3, ,279, ,
1, ,278, ,
4, ,279, ,
1, ,278, ,
3, ,279, ,
3, ,278, ,
3, ,279, ,
1, ,279, ,
4, ,280, ,
1, ,278, ,
3, ,279, ,
3, ,279, ,
3, ,279, ,
1, ,278, ,
3, ,279, ,
3, ,278, ,
3, ,279, ,
3, ,278, ,
1, ,279, ,
1, ,278, ,
3, ,279, ,
3, ,278, ,
3, ,279, ,
3, ,279, ,
3, ,279, ,
1, ,279, ,
3, ,279, ,
1, ,278, ,
3, ,279, ,
3, ,278, ,
3, ,278, ,
1, ,279, ,
4, ,279, ,
1, ,279, ,
3, ,279, ,
3, ,279, ,
3, ,279, ,
1, ,279, ,
3, ,279, ,
1, ,279, ,
3, ,280, ,
3, ,279, ,
3, ,278, ,
1, ,279, ,
3, ,279, ,
1, ,278, ,
3, ,279, ,
3, ,278, ,
3, ,279, ,
1, ,279, ,
3, ,279, ,
1, ,279, ,
3, ,280, ,
3, ,278, ,
3, ,279, ,
1, ,278, ,
3, ,278, ,
1, ,277, ,
1, ,279, ,
3, ,280, ,
3, ,280, ,
1, ,279, ,
3, ,279, ,
1, ,279, ,
3, ,278, ,
3, ,277, ,
3, ,278, ,
1, ,279, ,
3, ,280, ,
1, ,279, ,
3, ,279, ,
3, ,279, ,
3, ,279, ,
1, ,278, ,
3, ,280, ,
1, ,279, ,
3, ,279, ,
3, ,278, ,
3, ,279, ,
1, ,278, ,
3, ,279, ,
1, ,278, ,
3, ,278, ,
3, ,279, ,
3, ,279, ,
1, ,278, ,
3, ,279, ,
1, ,279, ,
3, ,279, ,
3, ,278, ,
3, ,279, ,
1, ,278, ,
3, ,280, ,
1, ,279, ,
3, ,278, ,
3, ,279, ,
3, ,279, ,
1, ,278, ,
3, ,279, ,
1, ,279, ,
3, ,280, ,
3, ,278, ,
3, ,279, ,
1, ,279, ,
3, ,279, ,
1, ,278, ,
3, ,279, ,
3, ,279, ,
3, ,279, ,
1, ,278, ,
3, ,279, ,
1, ,278, ,
3, ,279, ,
3, ,278, ,
3, ,278, ,
1, ,279, ,
3, ,279, ,
1, ,279, ,
3, ,278, ,
3, ,279, ,
3, ,279, ,
1, ,278, ,
3, ,279, ,
1, ,279, ,
3, ,279, ,
3, ,278, ,
3, ,280, ,
1, ,278, ,
3, ,280, ,
1, ,279, ,
1, ,279, ,
3, ,279, ,
3, ,279, ,
1, ,278, ,
3, ,278, ,
1, ,278, ,
3, ,279, ,
1, ,279, ,
3, ,279, ,
1, ,279, ,
4, ,279, ,
1, ,279, ,
3, ,279, ,
3, ,278, ,
3, ,279, ,
1, ,278, ,
3, ,279, ,
1, ,279, ,
1, ,279, ,
3, ,279, ,
3, ,278, ,
1, ,279, ,
3, ,279, ,
1, ,278, ,
1, ,279, ,
3, ,279, ,
3, ,279, ,
1, ,278, ,
3, ,279, ,
1, ,279, ,
3, ,279, ,
3, ,278, ,
3, ,279, ,
1, ,279, ,
3, ,279, ,
1, ,278, ,
1, ,279, ,
3, ,279, ,
3, ,279, ,
0, ,278, ,
3, ,279, ,
1, ,278, ,
3, ,280, ,
1, ,278, ,
3, ,279, ,
1, ,279, ,
3, ,280, ,
1, ,278, ,
1, ,279, ,
3, ,278, ,
3, ,279, ,
1, ,278, ,
3, ,279, ,
1, ,278, ,
1, ,279, ,
3, ,278, ,
3, ,279, ,
1, ,278, ,
3, ,279, ,
1, ,279, ,
3, ,279, ,
1, ,279, ,
3, ,279, ,
1, ,279, ,
3, ,279, ,
1, ,278, ,
1, ,279, ,
3, ,278, ,
1, ,279, ,
1, ,279, ,
3, ,279, ,
1, ,278, ,
1, ,279, ,
3, ,278, ,
3, ,279, ,
0, ,278, ,
3, ,278, ,
1, ,279, ,
1, ,279, ,
1, ,279, ,
3, ,279, ,
0, ,278, ,
3, ,279, ,
1, ,278, ,
1, ,278, ,
3, ,279, ,
3, ,279, ,
0, ,278, ,
3, ,279, ,
1, ,278, ,
1, ,279, ,
1, ,278, ,
3, ,278, ,
1, ,278, ,
3, ,279, ,
1, ,278, ,
1, ,279, ,
3, ,279, ,
3, ,279, ,
0, ,278, ,
3, ,279, ,
1, ,278, ,
1, ,279, ,
1, ,279, ,
1, ,279, ,
1, ,279, ,
3, ,279, ,
1, ,278, ,
1, ,280, ,
3, ,278, ,
3, ,279, ,
0, ,278, ,
3, ,279, ,
1, ,278, ,
1, ,279, ,
3, ,278, ,
1, ,278, ,
0, ,278, ,
3, ,279, ,
1, ,278, ,
1, ,279, ,
3, ,278, ,
3, ,279, ,
0, ,277, ,
3, ,279, ,
1, ,279, ,
1, ,279, ,
3, ,278, ,
1, ,279, ,
0, ,278, ,
3, ,279, ,
1, ,277, ,
1, ,278, ,
1, ,279, ,
1, ,279, ,
0, ,278, ,
3, ,277, ,
1, ,278, ,
1, ,279, ,
1, ,277, ,
3, ,279, ,
0, ,278, ,
3, ,280, ,
1, ,279, ,
1, ,278, ,
3, ,277, ,
3, ,278, ,
0, ,278, ,
3, ,279, ,
1, ,278, ,
1, ,279, ,
3, ,278, ,
1, ,279, ,
0, ,279, ,
3, ,280, ,
1, ,278, ,
1, ,278, ,
3, ,279, ,
1, ,279, ,
0, ,278, ,
3, ,279, ,
1, ,279, ,
3, ,279, ,
1, ,278, ,
1, ,278, ,
0, ,278, ,
3, ,279, ,
1, ,279, ,
1, ,278, ,
1, ,278, ,
3, ,279, ,
0, ,278, ,
3, ,278, ,
1, ,278, ,
1, ,278, ,
1, ,278, ,
3, ,278, ,
0, ,278, ,
3, ,280, ,
1, ,278, ,
1, ,279, ,
1, ,278, ,
3, ,279, ,
0, ,279, ,
3, ,279, ,
1, ,278, ,
1, ,279, ,
1, ,278, ,
1, ,278, ,
0, ,278, ,
3, ,279, ,
1, ,278, ,
1, ,278, ,
1, ,278, ,
3, ,279, ,
0, ,278, ,
3, ,279, ,
1, ,278, ,
1, ,279, ,
3, ,278, ,
3, ,278, ,
0, ,278, ,
3, ,279, ,
1, ,277, ,
1, ,279, ,
3, ,278, ,
3, ,278, ,
0, ,277, ,
3, ,278, ,
1, ,278, ,
1, ,279, ,
1, ,278, ,
1, ,279, ,
0, ,278, ,
3, ,279, ,
1, ,278, ,
1, ,279, ,
3, ,278, ,
3, ,279, ,
0, ,278, ,
1, ,279, ,
1, ,278, ,
1, ,279, ,
1, ,278, ,
1, ,278, ,
0, ,278, ,
3, ,279, ,
1, ,278, ,
1, ,279, ,
1, ,278, ,
1, ,279, ,
0, ,278, ,
3, ,279, ,
1, ,279, ,
1, ,279, ,
1, ,278, ,
1, ,278, ,
0, ,278, ,
3, ,279, ,
1, ,278, ,
1, ,278, ,
1, ,279, ,
3, ,278, ,
0, ,278, ,
3, ,279, ,
1, ,278, ,
1, ,279, ,
3, ,278, ,
3, ,278, ,
0, ,278, ,
3, ,279, ,
1, ,277, ,
1, ,278, ,
3, ,278, ,
1, ,279, ,
0, ,278, ,
1, ,278, ,
1, ,278, ,
1, ,279, ,
1, ,278, ,
1, ,279, ,
0, ,279, ,
3, ,279, ,
1, ,278, ,
1, ,278, ,
3, ,278, ,
3, ,279, ,
0, ,278, ,
3, ,278, ,
1, ,277, ,
1, ,279, ,
1, ,278, ,
1, ,279, ,
0, ,279, ,
3, ,279, ,
1, ,277, ,
1, ,278, ,
1, ,278, ,
1, ,279, ,
0, ,278, ,
3, ,278, ,
1, ,278, ,
1, ,279, ,
1, ,278, ,
1, ,278, ,
0, ,278, ,
3, ,279, ,
1, ,278, ,
1, ,278, ,
1, ,279, ,
3, ,279, ,
0, ,278, ,
3, ,278, ,
1, ,278, ,
1, ,279, ,
1, ,278, ,
3, ,278, ,
0, ,278, ,
3, ,279, ,
1, ,278, ,
1, ,279, ,
1, ,279, ,
1, ,279, ,
0, ,278, ,
3, ,278, ,
1, ,278, ,
1, ,279, ,
3, ,278, ,
1, ,278, ,
0, ,279, ,
3, ,278, ,
1, ,278, ,
1, ,278, ,
1, ,278, ,
1, ,279, ,
0, ,278, ,
1, ,279, ,
1, ,278, ,
1, ,279, ,
1, ,277, ,
3, ,278, ,
0, ,279, ,
3, ,279, ,
1, ,277, ,
1, ,279, ,
1, ,278, ,
1, ,279, ,
0, ,278, ,
3, ,279, ,
1, ,278, ,
1, ,278, ,
1, ,278, ,
3, ,278, ,
0, ,278, ,
3, ,279, ,
1, ,278, ,
1, ,279, ,
1, ,279, ,
1, ,278, ,
0, ,278, ,
3, ,279, ,
1, ,278, ,
1, ,279, ,
1, ,278, ,
1, ,279, ,
0, ,278, ,
3, ,279, ,
1, ,278, ,
1, ,279, ,
1, ,279, ,
1, ,279, ,
0, ,277, ,
3, ,278, ,
1, ,278, ,
1, ,278, ,
1, ,278, ,
1, ,278, ,
0, ,278, ,
3, ,280, ,
1, ,278, ,
1, ,277, ,
1, ,278, ,
1, ,278, ,
0, ,278, ,
3, ,277, ,
1, ,278, ,
1, ,280, ,
1, ,280, ,
1, ,280, ,
0, ,280, ,
3, ,279, ,
0, ,278, ,
1, ,279, ,
1, ,278, ,
3, ,278, ,
0, ,278, ,
3, ,279, ,
1, ,279, ,
1, ,279, ,
1, ,278, ,
1, ,279, ,
0, ,278, ,
1, ,279, ,
1, ,277, ,
1, ,278, ,
1, ,279, ,
3, ,279, ,
0, ,279, ,
3, ,279, ,
1, ,278, ,
1, ,279, ,
3, ,277, ,
3, ,279, ,
0, ,278, ,
3, ,279, ,
1, ,279, ,
1, ,279, ,
1, ,279, ,
1, ,279, ,
0, ,278, ,
3, ,279, ,
1, ,279, ,
1, ,279, ,
1, ,278, ,
1, ,278, ,
0, ,278, ,
3, ,280, ,
1, ,278, ,
1, ,279, ,
1, ,278, ,
3, ,279, ,
0, ,277, ,
3, ,279, ,
1, ,278, ,
1, ,279, ,
1, ,279, ,
3, ,279, ,
0, ,278, ,
3, ,279, ,
1, ,278, ,
1, ,277, ,
1, ,278, ,
1, ,279, ,
0, ,279, ,
1, ,279, ,
1, ,278, ,
1, ,280, ,
1, ,278, ,
1, ,279, ,
0, ,278, ,
3, ,279, ,
1, ,278, ,
1, ,278, ,
1, ,278, ,
3, ,279, ,
0, ,279, ,
3, ,279, ,
1, ,277, ,
1, ,279, ,
1, ,277, ,
1, ,278, ,
0, ,278, ,
3, ,279, ,
0, ,278, ,
1, ,279, ,
1, ,278, ,
1, ,278, ,
0, ,278, ,
3, ,277, ,
1, ,279, ,
1, ,279, ,
1, ,278, ,
1, ,278, ,
0, ,278, ,
1, ,279, ,
1, ,279, ,
1, ,279, ,
1, ,278, ,
1, ,279, ,
0, ,278, ,
1, ,279, ,
1, ,279, ,
1, ,279, ,
1, ,278, ,
1, ,278, ,
0, ,279, ,
3, ,279, ,
1, ,278, ,
1, ,279, ,
1, ,279, ,
1, ,279, ,
0, ,278, ,
1, ,279, ,
1, ,279, ,
1, ,278, ,
1, ,278, ,
1, ,278, ,
0, ,278, ,
1, ,279, ,
0, ,279, ,
1, ,279, ,
1, ,278, ,
1, ,279, ,
0, ,278, ,
1, ,279, ,
1, ,279, ,
1, ,279, ,
1, ,278, ,
1, ,278, ,
0, ,278, ,
3, ,279, ,
0, ,278, ,
1, ,278, ,
1, ,278, ,
1, ,279, ,
0, ,278, ,
1, ,279, ,
0, ,279, ,
0, ,279, ,
1, ,278, ,
3, ,279, ,
0, ,279, ,
3, ,279, ,
1, ,278, ,
1, ,279, ,
1, ,278, ,
1, ,279, ,
0, ,278, ,
3, ,279, ,
0, ,278, ,
1, ,279, ,
1, ,278, ,
1, ,279, ,
0, ,279, ,
1, ,279, ,
0, ,278, ,
1, ,279, ,
1, ,279, ,
3, ,278, ,
0, ,277, ,
1, ,279, ,
0, ,278, ,
1, ,279, ,
1, ,278, ,
1, ,278, ,
0, ,278, ,
3, ,279, ,
0, ,278, ,
1, ,279, ,
1, ,278, ,
3, ,277, ,
0, ,271, ,
3, ,278, ,
1, ,285, ,
1, ,284, ,
1, ,277, ,
1, ,276, ,
0, ,278, ,
3, ,280, ,
1, ,278, ,
1, ,279, ,
1, ,278, ,
1, ,279, ,
0, ,277, ,
1, ,279, ,
1, ,279, ,
1, ,279, ,
1, ,278, ,
1, ,279, ,
0, ,277, ,
1, ,279, ,
1, ,278, ,
1, ,279, ,
1, ,278, ,
1, ,279, ,
0, ,278, ,
1, ,279, ,
1, ,279, ,
1, ,279, ,
1, ,278, ,
3, ,279, ,
0, ,278, ,
3, ,278, ,
0, ,278, ,
1, ,279, ,
1, ,278, ,
1, ,279, ,
0, ,278, ,
1, ,279, ,
0, ,278, ,
0, ,279, ,
1, ,278, ,
1, ,278, ,
0, ,279, ,
3, ,279, ,
1, ,278, ,
1, ,278, ,
1, ,278, ,
3, ,279, ,
0, ,278, ,
1, ,279, ,
0, ,279, ,
1, ,279, ,
1, ,278, ,
1, ,277, ,
0, ,279, ,
3, ,279, ,
1, ,280, ,
1, ,279, ,
1, ,277, ,
1, ,278, ,
0, ,278, ,
1, ,279, ,
0, ,278, ,
1, ,279, ,
1, ,278, ,
1, ,278, ,
0, ,278, ,
1, ,279, ,
0, ,278, ,
1, ,278, ,
1, ,278, ,
1, ,278, ,
0, ,278, ,
1, ,279, ,
0, ,279, ,
1, ,279, ,
1, ,278, ,
1, ,279, ,
0, ,278, ,
3, ,279, ,
0, ,278, ,
1, ,279, ,
1, ,278, ,
1, ,279, ,
0, ,278, ,
1, ,279, ,
1, ,279, ,
1, ,279, ,
1, ,278, ,
1, ,279, ,
0, ,279, ,
1, ,279, ,
0, ,278, ,
1, ,278, ,
1, ,279, ,
1, ,279, ,
0, ,278, ,
1, ,279, ,
0, ,277, ,
0, ,277, ,
1, ,276, ,
1, ,276, ,
0, ,277, ,
1, ,280, ,
1, ,281, ,
1, ,281, ,
1, ,280, ,
1, ,279, ,
0, ,276, ,
1, ,277, ,
0, ,277, ,
1, ,279, ,
1, ,276, ,
1, ,278, ,
0, ,279, ,
3, ,279, ,
1, ,278, ,
1, ,278, ,
1, ,278, ,
1, ,278, ,
0, ,278, ,
1, ,278, ,
1, ,277, ,
1, ,279, ,
1, ,278, ,
1, ,277, ,
0, ,278, ,
1, ,279, ,
1, ,278, ,
1, ,279, ,
1, ,278, ,
1, ,278, ,
0, ,278, ,
1, ,279, ,
1, ,278, ,
1, ,278, ,
1, ,278, ,
1, ,278, ,
0, ,278, ,
1, ,279, ,
0, ,278, ,
1, ,279, ,
1, ,278, ,
1, ,279, ,
0, ,278, ,
1, ,278, ,
1, ,278, ,
1, ,278, ,
1, ,277, ,
1, ,278, ,
0, ,277, ,
1, ,279, ,
0, ,277, ,
1, ,278, ,
1, ,278, ,
1, ,278, ,
0, ,278, ,
1, ,278, ,
0, ,277, ,
1, ,279, ,
1, ,278, ,
3, ,278, ,
0, ,278, ,
1, ,278, ,
1, ,278, ,
1, ,278, ,
1, ,278, ,
1, ,278, ,
0, ,278, ,
1, ,278, ,
0, ,277, ,
1, ,279, ,
1, ,278, ,
1, ,278, ,
0, ,278, ,
1, ,278, ,
0, ,278, ,
1, ,278, ,
1, ,278, ,
1, ,279, ,
0, ,278, ,
1, ,278, ,
1, ,278, ,
1, ,279, ,
1, ,278, ,
1, ,277, ,
0, ,278, ,
1, ,279, ,
0, ,278, ,
1, ,278, ,
1, ,278, ,
3, ,278, ,
0, ,277, ,
1, ,277, ,
0, ,278, ,
1, ,279, ,
1, ,278, ,
1, ,278, ,
0, ,278, ,
1, ,279, ,
0, ,278, ,
1, ,278, ,
1, ,278, ,
1, ,278, ,
0, ,278, ,
1, ,279, ,
0, ,278, ,
1, ,280, ,
1, ,278, ,
1, ,279, ,
0, ,278, ,
3, ,279, ,
0, ,278, ,
1, ,279, ,
1, ,279, ,
3, ,279, ,
0, ,278, ,
1, ,279, ,
0, ,280, ,
1, ,279, ,
1, ,277, ,
3, ,278, ,
0, ,278, ,
3, ,279, ,
0, ,278, ,
1, ,279, ,
1, ,278, ,
1, ,278, ,
0, ,278, ,
1, ,278, ,
0, ,278, ,
1, ,280, ,
1, ,277, ,
1, ,279, ,
0, ,278, ,
1, ,279, ,
0, ,278, ,
1, ,279, ,
1, ,278, ,
3, ,279, ,
0, ,278, ,
1, ,279, ,
0, ,278, ,
1, ,279, ,
1, ,278, ,
1, ,279, ,
0, ,278, ,
1, ,279, ,
0, ,278, ,
1, ,279, ,
1, ,279, ,
1, ,279, ,
0, ,278, ,
1, ,279, ,
0, ,278, ,
1, ,279, ,
1, ,278, ,
1, ,278, ,
0, ,279, ,
1, ,279, ,
0, ,278, ,
1, ,278, ,
1, ,278, ,
1, ,279, ,
0, ,278, ,
1, ,279, ,
0, ,278, ,
1, ,279, ,
1, ,278, ,
1, ,279, ,
0, ,278, ,
1, ,279, ,
1, ,276, ,
1, ,277, ,
1, ,277, ,
1, ,279, ,
0, ,280, ,
1, ,280, ,
0, ,279, ,
1, ,279, ,
1, ,278, ,
1, ,278, ,
0, ,277, ,
1, ,279, ,
1, ,278, ,
1, ,278, ,
1, ,279, ,
1, ,279, ,
0, ,278, ,
1, ,279, ,
0, ,279, ,
1, ,279, ,
1, ,278, ,
1, ,279, ,
0, ,279, ,
1, ,279, ,
1, ,278, ,
1, ,279, ,
1, ,278, ,
1, ,279, ,
0, ,277, ,
3, ,279, ,
0, ,278, ,
1, ,279, ,
1, ,278, ,
1, ,279, ,
0, ,279, ,
1, ,279, ,
0, ,278, ,
0, ,278, ,
1, ,279, ,
3, ,279, ,
0, ,278, ,
1, ,279, ,
0, ,279, ,
1, ,279, ,
1, ,278, ,
1, ,278, ,
0, ,278, ,
1, ,279, ,
0, ,277, ,
1, ,279, ,
1, ,279, ,
1, ,279, ,
0, ,278, ,
1, ,279, ,
0, ,278, ,
0, ,280, ,
1, ,278, ,
1, ,278, ,
0, ,278, ,
1, ,280, ,
0, ,278, ,
1, ,279, ,
1, ,278, ,
1, ,279, ,
0, ,278, ,
1, ,279, ,
0, ,279, ,
0, ,279, ,
1, ,278, ,
1, ,279, ,
0, ,278, ,
3, ,279, ,
1, ,278, ,
0, ,279, ,
1, ,278, ,
1, ,279, ,
0, ,278, ,
1, ,279, ,
0, ,278, ,
1, ,279, ,
1, ,278, ,
1, ,279, ,
0, ,278, ,
1, ,279, ,
0, ,278, ,
1, ,278, ,
1, ,279, ,
3, ,279, ,
0, ,279, ,
1, ,279, ,
0, ,278, ,
1, ,279, ,
1, ,278, ,
1, ,278, ,
0, ,278, ,
1, ,279, ,
0, ,278, ,
1, ,278, ,
1, ,279, ,
1, ,279, ,
0, ,278, ,
1, ,279, ,
0, ,279, ,
1, ,279, ,
1, ,278, ,
1, ,279, ,
0, ,279, ,
3, ,280, ,
0, ,279, ,
1, ,279, ,
1, ,279, ,
1, ,279, ,
0, ,278, ,
1, ,279, ,
0, ,278, ,
1, ,279, ,
1, ,278, ,
1, ,278, ,
0, ,278, ,
1, ,279, ,
0, ,278, ,
1, ,279, ,
1, ,279, ,
1, ,280, ,
0, ,278, ,
1, ,278, ,
0, ,279, ,
1, ,279, ,
1, ,278, ,
1, ,278, ,
0, ,279, ,
1, ,279, ,
0, ,278, ,
1, ,279, ,
1, ,279, ,
1, ,279, ,
0, ,279, ,
1, ,279, ,
1, ,278, ,
1, ,279, ,
1, ,278, ,
1, ,278, ,
0, ,278, ,
1, ,278, ,
0, ,278, ,
1, ,279, ,
1, ,279, ,
1, ,279, ,
0, ,277, ,
1, ,279, ,
0, ,279, ,
1, ,279, ,
1, ,278, ,
1, ,278, ,
0, ,278, ,
1, ,279, ,
0, ,279, ,
1, ,278, ,
1, ,278, ,
1, ,279, ,
0, ,278, ,
1, ,279, ,
0, ,279, ,
1, ,279, ,
1, ,278, ,
1, ,279, ,
0, ,279, ,
1, ,278, ,
0, ,278, ,
1, ,279, ,
1, ,278, ,
1, ,279, ,
-1, ,278, ,
3, ,279, ,
0, ,279, ,
1, ,279, ,
1, ,278, ,
1, ,278, ,
0, ,278, ,
1, ,279, ,
1, ,278, ,
0, ,279, ,
1, ,278, ,
1, ,279, ,
0, ,278, ,
3, ,279, ,
0, ,278, ,
1, ,279, ,
1, ,278, ,
1, ,279, ,
0, ,279, ,
3, ,279, ,
0, ,278, ,
1, ,278, ,
1, ,277, ,
1, ,279, ,
-1, ,278, ,
3, ,279, ,
1, ,278, ,
0, ,279, ,
1, ,278, ,
1, ,279, ,
0, ,278, ,
3, ,279, ,
0, ,277, ,
1, ,278, ,
1, ,278, ,
1, ,279, ,
0, ,277, ,
3, ,279, ,
1, ,279, ,
0, ,278, ,
1, ,278, ,
1, ,279, ,
0, ,278, ,
1, ,279, ,
1, ,278, ,
1, ,279, ,
1, ,279, ,
3, ,279, ,
0, ,278, ,
1, ,279, ,
0, ,279, ,
1, ,279, ,
1, ,278, ,
1, ,279, ,
0, ,278, ,
3, ,279, ,
0, ,278, ,
1, ,279, ,
1, ,279, ,
1, ,279, ,
0, ,277, ,
1, ,279, ,
0, ,278, ,
1, ,278, ,
1, ,278, ,
1, ,278, ,
0, ,278, ,
1, ,279, ,
0, ,278, ,
0, ,279, ,
1, ,279, ,
1, ,278, ,
0, ,278, ,
1, ,279, ,
0, ,278, ,
1, ,279, ,
1, ,278, ,
1, ,279, ,
0, ,279, ,
1, ,279, ,
0, ,278, ,
0, ,279, ,
1, ,279, ,
1, ,279, ,
0, ,279, ,
1, ,279, ,
1, ,278, ,
1, ,279, ,
1, ,278, ,
1, ,278, ,
0, ,278, ,
1, ,280, ,
0, ,278, ,
1, ,278, ,
1, ,278, ,
1, ,279, ,
0, ,278, ,
1, ,279, ,
0, ,278, ,
0, ,279, ,
1, ,278, ,
1, ,279, ,
0, ,279, ,
1, ,280, ,
0, ,278, ,
1, ,279, ,
1, ,278, ,
1, ,279, ,
0, ,278, ,
1, ,279, ,
0, ,279, ,
0, ,279, ,
1, ,278, ,
1, ,279, ,
0, ,278, ,
1, ,279, ,
0, ,278, ,
0, ,279, ,
1, ,278, ,
1, ,279, ,
0, ,278, ,
1, ,278, ,
0, ,278, ,
1, ,280, ,
1, ,278, ,
3, ,278, ,
0, ,278, ,
1, ,279, ,
0, ,277, ,
0, ,279, ,
1, ,278, ,
1, ,279, ,
0, ,278, ,
1, ,278, ,
0, ,278, ,
1, ,279, ,
1, ,278, ,
1, ,279, ,
0, ,278, ,
1, ,279, ,
0, ,278, ,
1, ,278, ,
1, ,278, ,
1, ,279, ,
0, ,278, ,
1, ,278, ,
0, ,279, ,
1, ,279, ,
1, ,278, ,
1, ,279, ,
0, ,279, ,
1, ,280, ,
0, ,278, ,
1, ,279, ,
1, ,278, ,
1, ,280, ,
0, ,277, ,
1, ,279, ,
0, ,279, ,
1, ,279, ,
1, ,278, ,
1, ,279, ,
0, ,278, ,
1, ,279, ,
0, ,278, ,
1, ,278, ,
1, ,278, ,
1, ,279, ,
0, ,278, ,
1, ,279, ,
0, ,278, ,
1, ,279, ,
1, ,278, ,
1, ,279, ,
0, ,279, ,
1, ,280, ,
0, ,278, ,
1, ,278, ,
1, ,278, ,
1, ,279, ,
0, ,278, ,
1, ,279, ,
0, ,278, ,
1, ,279, ,
1, ,278, ,
1, ,279, ,
0, ,278, ,
1, ,280, ,
0, ,278, ,
1, ,279, ,
1, ,278, ,
3, ,280, ,
0, ,278, ,
1, ,279, ,
0, ,278, ,
0, ,279, ,
1, ,278, ,
1, ,279, ,
0, ,278, ,
1, ,280, ,
0, ,278, ,
0, ,278, ,
1, ,279, ,
1, ,279, ,
0, ,278, ,
1, ,278, ,
0, ,278, ,
1, ,280, ,
1, ,277, ,
1, ,278, ,
0, ,278, ,
1, ,279, ,
0, ,277, ,
1, ,278, ,
1, ,279, ,
1, ,279, ,
0, ,278, ,
1, ,278, ,
0, ,278, ,
0, ,279, ,
1, ,278, ,
1, ,279, ,
0, ,278, ,
1, ,279, ,
0, ,278, ,
0, ,279, ,
1, ,278, ,
3, ,279, ,
0, ,278, ,
1, ,279, ,
0, ,278, ,
0, ,279, ,
1, ,278, ,
1, ,279, ,
0, ,278, ,
1, ,279, ,
0, ,278, ,
1, ,279, ,
1, ,278, ,
1, ,279, ,
0, ,278, ,
1, ,279, ,
0, ,278, ,
1, ,279, ,
1, ,278, ,
1, ,279, ,
0, ,278, ,
1, ,279, ,
0, ,278, ,
0, ,279, ,
1, ,278, ,
1, ,279, ,
0, ,279, ,
1, ,279, ,
0, ,279, ,
1, ,278, ,
1, ,277, ,
1, ,278, ,
0, ,279, ,
1, ,279, ,
0, ,278, ,
1, ,279, ,
1, ,279, ,
1, ,279, ,
0, ,278, ,
1, ,279, ,
1, ,279, ,
1, ,278, ,
1, ,277, ,
1, ,278, ,
0, ,278, ,
1, ,280, ,
0, ,279, ,
1, ,279, ,
1, ,279, ,
1, ,278, ,
0, ,278, ,
1, ,277, ,
0, ,278, ,
1, ,279, ,
1, ,278, ,
1, ,279, ,
0, ,279, ,
1, ,279, ,
0, ,278, ,
1, ,279, ,
1, ,279, ,
1, ,279, ,
0, ,278, ,
1, ,279, ,
0, ,279, ,
0, ,279, ,
1, ,278, ,
1, ,278, ,
0, ,278, ,
1, ,278, ,
0, ,278, ,
0, ,279, ,
1, ,278, ,
1, ,279, ,
0, ,278, ,
1, ,278, ,
0, ,278, ,
1, ,279, ,
1, ,278, ,
1, ,278, ,
0, ,278, ,
1, ,279, ,
0, ,278, ,
1, ,279, ,
1, ,278, ,
1, ,279, ,
0, ,278, ,
1, ,279, ,
0, ,278, ,
1, ,279, ,
1, ,278, ,
1, ,278, ,
0, ,278, ,
1, ,280, ,
0, ,278, ,
1, ,278, ,
1, ,279, ,
1, ,279, ,
0, ,278, ,
1, ,279, ,
0, ,279, ,
0, ,278, ,
1, ,277, ,
1, ,278, ,
0, ,278, ,
1, ,279, ,
0, ,278, ,
0, ,278, ,
1, ,278, ,
1, ,279, ,
0, ,278, ,
3, ,279, ,
1, ,278, ,
1, ,279, ,
1, ,279, ,
1, ,278, ,
0, ,278, ,
3, ,279, ,
0, ,278, ,
0, ,279, ,
1, ,279, ,
1, ,279, ,
0, ,278, ,
1, ,278, ,
0, ,278, ,
1, ,279, ,
1, ,277, ,
1, ,278, ,
0, ,278, ,
1, ,279, ,
0, ,278, ,
1, ,279, ,
1, ,278, ,
1, ,279, ,
0, ,277, ,
1, ,278, ,
0, ,278, ,
0, ,279, ,
1, ,278, ,
1, ,279, ,
0, ,279, ,
1, ,279, ,
0, ,278, ,
0, ,279, ,
1, ,278, ,
1, ,278, ,
0, ,278, ,
1, ,278, ,
0, ,279, ,
1, ,279, ,
1, ,278, ,
3, ,278, ,
0, ,278, ,
1, ,279, ,
0, ,278, ,
1, ,279, ,
1, ,279, ,
3, ,279, ,
0, ,278, ,
1, ,278, ,
0, ,279, ,
1, ,279, ,
1, ,278, ,
1, ,279, ,
0, ,278, ,
1, ,279, ,
0, ,278, ,
0, ,279, ,
1, ,278, ,
1, ,279, ,
0, ,278, ,
1, ,279, ,
0, ,278, ,
1, ,279, ,
1, ,278, ,
1, ,279, ,
0, ,279, ,
1, ,279, ,
0, ,278, ,
0, ,278, ,
1, ,279, ,
3, ,279, ,
0, ,279, ,
1, ,279, ,
0, ,279, ,
1, ,279, ,
1, ,278, ,
1, ,279, ,
0, ,278, ,
1, ,279, ,
0, ,278, ,
1, ,279, ,
1, ,279, ,
1, ,279, ,
0, ,278, ,
1, ,279, ,
0, ,278, ,
0, ,279, ,
1, ,278, ,
1, ,279, ,
0, ,278, ,
1, ,280, ,
0, ,278, ,
0, ,279, ,
1, ,279, ,
3, ,279, ,
0, ,278, ,
1, ,279, ,
0, ,278, ,
0, ,279, ,
1, ,278, ,
3, ,280, ,
0, ,279, ,
3, ,279, ,
0, ,279, ,
1, ,279, ,
1, ,278, ,
1, ,278, ,
0, ,278, ,
1, ,279, ,
0, ,279, ,
0, ,279, ,
1, ,278, ,
1, ,278, ,
0, ,279, ,
1, ,279, ,
0, ,278, ,
0, ,278, ,
1, ,279, ,
1, ,280, ,
0, ,278, ,
1, ,279, ,
0, ,279, ,
0, ,279, ,
1, ,278, ,
1, ,278, ,
0, ,278, ,
1, ,279, ,
0, ,279, ,
1, ,278, ,
1, ,279, ,
1, ,279, ,
0, ,279, ,
3, ,279, ,
0, ,278, ,
0, ,279, ,
1, ,278, ,
3, ,278, ,
0, ,278, ,
1, ,279, ,
0, ,278, ,
0, ,279, ,
1, ,279, ,
1, ,279, ,
0, ,278, ,
1, ,279, ,
0, ,279, ,
0, ,279, ,
1, ,278, ,
1, ,279, ,
0, ,278, ,
3, ,278, ,
0, ,278, ,
1, ,278, ,
1, ,279, ,
1, ,279, ,
0, ,278, ,
1, ,279, ,
0, ,279, ,
0, ,280, ,
1, ,278, ,
1, ,279, ,
0, ,278, ,
1, ,279, ,
0, ,278, ,
0, ,278, ,
1, ,279, ,
1, ,279, ,
0, ,278, ,
1, ,278, ,
0, ,278, ,
0, ,279, ,
1, ,278, ,
1, ,279, ,
0, ,278, ,
1, ,280, ,
0, ,278, ,
0, ,279, ,
1, ,279, ,
1, ,279, ,
0, ,278, ,
1, ,279, ,
0, ,278, ,
0, ,279, ,
1, ,279, ,
1, ,279, ,
0, ,278, ,
1, ,279, ,
0, ,278, ,
1, ,279, ,
1, ,279, ,
1, ,279, ,
0, ,279, ,
1, ,279, ,
0, ,278, ,
1, ,279, ,
1, ,278, ,
1, ,278, ,
0, ,278, ,
1, ,279, ,
0, ,278, ,
1, ,279, ,
1, ,279, ,
3, ,279, ,
0, ,278, ,
1, ,279, ,
0, ,279, ,
0, ,279, ,
1, ,278, ,
1, ,278, ,
0, ,278, ,
1, ,280, ,
0, ,278, ,
1, ,278, ,
1, ,279, ,
3, ,279, ,
0, ,278, ,
1, ,279, ,
0, ,279, ,
1, ,279, ,
1, ,278, ,
1, ,279, ,
0, ,279, ,
1, ,279, ,
0, ,278, ,
1, ,278, ,
1, ,278, ,
1, ,279, ,
0, ,278, ,
1, ,278, ,
0, ,279, ,
1, ,279, ,
1, ,279, ,
1, ,279, ,
0, ,278, ,
1, ,279, ,
0, ,278, ,
0, ,279, ,
1, ,279, ,
1, ,278, ,
0, ,278, ,
1, ,278, ,
0, ,279, ,
0, ,279, ,
1, ,278, ,
1, ,279, ,
0, ,279, ,
1, ,279, ,
1, ,278, ,
1, ,278, ,
1, ,278, ,
1, ,279, ,
0, ,278, ,
1, ,279, ,
0, ,278, ,
1, ,279, ,
1, ,278, ,
1, ,279, ,
0, ,279, ,
1, ,280, ,
0, ,278, ,
0, ,279, ,
1, ,278, ,
1, ,279, ,
0, ,278, ,
1, ,278, ,
0, ,278, ,
0, ,279, ,
1, ,278, ,
1, ,278, ,
0, ,279, ,
1, ,280, ,
0, ,278, ,
0, ,279, ,
1, ,278, ,
1, ,279, ,
0, ,278, ,
1, ,280, ,
0, ,279, ,
0, ,276, ,
1, ,275, ,
1, ,279, ,
0, ,284, ,
1, ,284, ,
0, ,277, ,
1, ,277, ,
1, ,277, ,
1, ,280, ,
0, ,278, ,
1, ,280, ,
0, ,279, ,
0, ,279, ,
1, ,277, ,
1, ,279, ,
0, ,279, ,
3, ,279, ,
1, ,278, ,
0, ,279, ,
1, ,279, ,
1, ,279, ,
0, ,278, ,
1, ,278, ,
0, ,278, ,
1, ,279, ,
1, ,277, ,
1, ,278, ,
0, ,278, ,
1, ,279, ,
0, ,278, ,
0, ,276, ,
1, ,275, ,
1, ,278, ,
0, ,279, ,
3, ,282, ,
0, ,281, ,
0, ,280, ,
1, ,279, ,
1, ,278, ,
0, ,276, ,
1, ,277, ,
0, ,277, ,
1, ,278, ,
1, ,278, ,
1, ,279, ,
0, ,278, ,
1, ,278, ,
1, ,277, ,
0, ,279, ,
1, ,278, ,
1, ,279, ,
0, ,278, ,
1, ,279, ,
0, ,278, ,
1, ,278, ,
1, ,278, ,
1, ,279, ,
0, ,278, ,
1, ,279, ,
0, ,278, ,
0, ,279, ,
1, ,278, ,
1, ,277, ,
0, ,278, ,
1, ,279, ,
0, ,279, ,
0, ,278, ,
1, ,278, ,
1, ,279, ,
0, ,279, ,
3, ,278, ,
1, ,278, ,
1, ,279, ,
1, ,277, ,
1, ,278, ,
0, ,278, ,
3, ,279, ,
1, ,278, ,
1, ,278, ,
1, ,279, ,
1, ,279, ,
0, ,278, ,
1, ,278, ,
0, ,278, ,
1, ,278, ,
1, ,278, ,
1, ,279, ,
0, ,278, ,
1, ,279, ,
0, ,277, ,
0, ,278, ,
1, ,277, ,
1, ,278, ,
0, ,276, ,
1, ,278, ,
0, ,279, ,
0, ,280, ,
1, ,278, ,
1, ,279, ,
0, ,278, ,
1, ,278, ,
0, ,277, ,
1, ,277, ,
1, ,277, ,
1, ,279, ,
0, ,279, ,
1, ,279, ,
0, ,278, ,
1, ,279, ,
1, ,277, ,
1, ,278, ,
0, ,278, ,
3, ,279, ,
1, ,278, ,
0, ,278, ,
1, ,278, ,
1, ,279, ,
0, ,277, ,
1, ,279, ,
0, ,278, ,
1, ,279, ,
1, ,278, ,
1, ,278, ,
-1, ,278, ,
1, ,278, ,
0, ,278, ,
0, ,278, ,
1, ,278, ,
1, ,279, ,
0, ,278, ,
3, ,278, ,
0, ,278, ,
1, ,279, ,
1, ,278, ,
1, ,279, ,
0, ,278, ,
1, ,279, ,
0, ,279, ,
0, ,280, ,
1, ,279, ,
1, ,279, ,
0, ,278, ,
1, ,279, ,
0, ,278, ,
0, ,278, ,
1, ,278, ,
1, ,279, ,
0, ,279, ,
3, ,280, ,
0, ,279, ,
0, ,278, ,
1, ,279, ,
1, ,280, ,
0, ,278, ,
1, ,280, ,
0, ,279, ,
0, ,279, ,
1, ,277, ,
1, ,280, ,
0, ,278, ,
1, ,279, ,
0, ,278, ,
1, ,279, ,
1, ,279, ,
3, ,279, ,
0, ,279, ,
1, ,279, ,
0, ,278, ,
1, ,279, ,
1, ,278, ,
1, ,278, ,
0, ,278, ,
1, ,279, ,
0, ,278, ,
0, ,279, ,
1, ,279, ,
1, ,279, ,
0, ,279, ,
1, ,280, ,
0, ,278, ,
1, ,279, ,
1, ,279, ,
1, ,278, ,
0, ,279, ,
1, ,279, ,
0, ,278, ,
1, ,279, ,
1, ,279, ,
1, ,279, ,
0, ,278, ,
1, ,279, ,
0, ,278, ,
1, ,279, ,
1, ,279, ,
1, ,279, ,
0, ,278, ,
1, ,279, ,
0, ,278, ,
0, ,279, ,
1, ,279, ,
1, ,279, ,
0, ,278, ,
1, ,279, ,
0, ,278, ,
1, ,279, ,
1, ,279, ,
1, ,279, ,
0, ,279, ,
1, ,279, ,
1, ,278, ,
1, ,279, ,
1, ,279, ,
1, ,279, ,
0, ,278, ,
1, ,279, ,
0, ,278, ,
1, ,279, ,
1, ,278, ,
1, ,278, ,
0, ,278, ,
1, ,279, ,
1, ,279, ,
1, ,278, ,
1, ,278, ,
1, ,279, ,
0, ,278, ,
1, ,279, ,
0, ,279, ,
1, ,279, ,
1, ,278, ,
1, ,279, ,
0, ,279, ,
1, ,280, ,
0, ,278, ,
0, ,279, ,
1, ,279, ,
1, ,279, ,
0, ,278, ,
1, ,279, ,
0, ,279, ,
1, ,279, ,
1, ,278, ,
1, ,279, ,
0, ,278, ,
1, ,279, ,
0, ,278, ,
0, ,279, ,
1, ,278, ,
1, ,279, ,
0, ,278, ,
1, ,279, ,
0, ,279, ,
1, ,279, ,
1, ,278, ,
1, ,278, ,
0, ,278, ,
3, ,279, ,
0, ,278, ,
1, ,278, ,
1, ,279, ,
3, ,279, ,
0, ,278, ,
1, ,279, ,
1, ,278, ,
1, ,280, ,
1, ,278, ,
1, ,279, ,
0, ,279, ,
3, ,279, ,
0, ,278, ,
0, ,279, ,
1, ,278, ,
1, ,279, ,
0, ,278, ,
1, ,279, ,
1, ,278, ,
1, ,279, ,
1, ,279, ,
1, ,279, ,
-1, ,278, ,
1, ,279, ,
0, ,278, ,
1, ,279, ,
1, ,278, ,
1, ,279, ,
0, ,278, ,
3, ,279, ,
0, ,278, ,
1, ,279, ,
1, ,277, ,
1, ,279, ,
0, ,278, ,
1, ,279, ,
1, ,279, ,
0, ,278, ,
1, ,278, ,
1, ,279, ,
0, ,278, ,
1, ,279, ,
0, ,278, ,
1, ,279, ,
1, ,279, ,
1, ,279, ,
0, ,279, ,
1, ,279, ,
0, ,279, ,
1, ,279, ,
1, ,278, ,
1, ,279, ,
0, ,278, ,
1, ,279, ,
0, ,279, ,
1, ,279, ,
1, ,278, ,
1, ,278, ,
0, ,279, ,
1, ,280, ,
0, ,278, ,
0, ,278, ,
1, ,279, ,
1, ,279, ,
0, ,280, ,
1, ,279, ,
0, ,278, ,
0, ,279, ,
1, ,278, ,
1, ,278, ,
0, ,278, ,
1, ,279, ,
0, ,278, ,
0, ,278, ,
1, ,279, ,
1, ,279, ,
0, ,278, ,
1, ,279, ,
0, ,279, ,
1, ,279, ,
1, ,277, ,
1, ,279, ,
0, ,278, ,
1, ,279, ,
0, ,277, ,
0, ,278, ,
1, ,278, ,
1, ,278, ,
0, ,279, ,
1, ,280, ,
0, ,278, ,
1, ,280, ,
1, ,278, ,
1, ,279, ,
0, ,278, ,
1, ,279, ,
0, ,278, ,
1, ,279, ,
1, ,278, ,
1, ,278, ,
0, ,278, ,
1, ,279, ,
0, ,278, ,
1, ,279, ,
1, ,277, ,
1, ,278, ,
0, ,278, ,
1, ,279, ,
0, ,278, ,
1, ,277, ,
1, ,279, ,
1, ,279, ,
-1, ,278, ,
1, ,279, ,
0, ,278, ,
1, ,279, ,
1, ,278, ,
1, ,278, ,
0, ,278, ,
1, ,280, ,
1, ,278, ,
1, ,278, ,
1, ,278, ,
1, ,279, ,
0, ,278, ,
1, ,279, ,
0, ,278, ,
1, ,280, ,
1, ,278, ,
1, ,278, ,
0, ,278, ,
1, ,280, ,
0, ,278, ,
0, ,279, ,
1, ,279, ,
1, ,279, ,
0, ,278, ,
1, ,279, ,
0, ,278, ,
1, ,279, ,
1, ,278, ,
1, ,279, ,
0, ,279, ,
1, ,279, ,
0, ,278, ,
1, ,279, ,
1, ,279, ,
1, ,279, ,
0, ,278, ,
1, ,279, ,
0, ,279, ,
1, ,279, ,
1, ,278, ,
1, ,279, ,
0, ,278, ,
3, ,280, ,
0, ,278, ,
0, ,278, ,
1, ,278, ,
1, ,279, ,
0, ,278, ,
1, ,279, ,
0, ,279, ,
1, ,279, ,
1, ,278, ,
1, ,279, ,
0, ,279, ,
1, ,279, ,
0, ,278, ,
0, ,280, ,
1, ,280, ,
1, ,279, ,
0, ,278, ,
1, ,279, ,
0, ,279, ,
1, ,279, ,
1, ,279, ,
1, ,279, ,
0, ,279, ,
1, ,279, ,
0, ,278, ,
1, ,279, ,
1, ,278, ,
1, ,279, ,
0, ,278, ,
1, ,279, ,
0, ,279, ,
0, ,279, ,
1, ,278, ,
1, ,279, ,
0, ,278, ,
1, ,280, ,
0, ,278, ,
1, ,279, ,
1, ,278, ,
1, ,279, ,
0, ,278, ,
1, ,279, ,
0, ,278, ,
1, ,279, ,
1, ,278, ,
1, ,278, ,
0, ,278, ,
1, ,279, ,
0, ,278, ,
1, ,279, ,
1, ,278, ,
1, ,279, ,
0, ,278, ,
1, ,279, ,
0, ,279, ,
1, ,279, ,
1, ,278, ,
1, ,279, ,
0, ,279, ,
1, ,279, ,
0, ,278, ,
1, ,279, ,
1, ,278, ,
1, ,279, ,
0, ,278, ,
1, ,279, ,
0, ,279, ,
1, ,279, ,
1, ,278, ,
1, ,278, ,
0, ,279, ,
1, ,279, ,
0, ,278, ,
1, ,278, ,
1, ,278, ,
1, ,279, ,
0, ,277, ,
1, ,279, ,
0, ,278, ,
1, ,279, ,
1, ,279, ,
1, ,279, ,
0, ,278, ,
1, ,279, ,
0, ,278, ,
0, ,279, ,
1, ,278, ,
1, ,278, ,
0, ,278, ,
1, ,279, ,
0, ,278, ,
0, ,279, ,
1, ,278, ,
1, ,279, ,
0, ,278, ,
1, ,280, ,
0, ,279, ,
0, ,278, ,
1, ,278, ,
1, ,279, ,
0, ,278, ,
1, ,279, ,
0, ,278, ,
1, ,278, ,
1, ,278, ,
1, ,279, ,
0, ,278, ,
3, ,279, ,
0, ,277, ,
1, ,278, ,
1, ,279, ,
1, ,279, ,
0, ,279, ,
1, ,279, ,
0, ,279, ,
0, ,279, ,
1, ,278, ,
1, ,279, ,
0, ,277, ,
3, ,278, ,
0, ,277, ,
1, ,279, ,
1, ,279, ,
1, ,279, ,
0, ,279, ,
1, ,279, ,
0, ,279, ,
0, ,279, ,
1, ,276, ,
1, ,277, ,
0, ,278, ,
1, ,279, ,
0, ,278, ,
1, ,279, ,
1, ,279, ,
1, ,279, ,
0, ,278, ,
1, ,278, ,
0, ,279, ,
0, ,279, ,
1, ,278, ,
1, ,278, ,
0, ,279, ,
1, ,279, ,
1, ,277, ,
0, ,279, ,
1, ,277, ,
1, ,279, ,
0, ,277, ,
1, ,278, ,
1, ,279, ,
1, ,279, ,
1, ,278, ,
1, ,279, ,
0, ,278, ,
1, ,279, ,
0, ,278, ,
1, ,279, ,
1, ,278, ,
1, ,279, ,
0, ,278, ,
1, ,279, ,
0, ,279, ,
1, ,279, ,
1, ,278, ,
1, ,279, ,
0, ,278, ,
1, ,280, ,
0, ,278, ,
1, ,278, ,
1, ,279, ,
1, ,279, ,
0, ,277, ,
1, ,279, ,
0, ,278, ,
1, ,279, ,
1, ,278, ,
1, ,278, ,
0, ,279, ,
1, ,279, ,
0, ,278, ,
1, ,278, ,
1, ,279, ,
1, ,279, ,
0, ,278, ,
1, ,279, ,
0, ,279, ,
1, ,279, ,
1, ,278, ,
1, ,278, ,
0, ,278, ,
1, ,279, ,
0, ,278, ,
0, ,279, ,
1, ,279, ,
1, ,279, ,
0, ,278, ,
1, ,279, ,
0, ,278, ,
0, ,279, ,
1, ,279, ,
1, ,278, ,
0, ,279, ,
1, ,279, ,
0, ,278, ,
1, ,279, ,
1, ,278, ,
1, ,279, ,
0, ,279, ,
1, ,280, ,
0, ,279, ,
1, ,279, ,
1, ,279, ,
1, ,278, ,
0, ,278, ,
1, ,279, ,
0, ,278, ,
0, ,279, ,
1, ,278, ,
1, ,279, ,
-1, ,278, ,
1, ,279, ,
1, ,278, ,
1, ,280, ,
1, ,278, ,
1, ,278, ,
0, ,278, ,
3, ,279, ,
1, ,277, ,
1, ,279, ,
1, ,278, ,
1, ,279, ,
0, ,278, ,
1, ,278, ,
0, ,278, ,
1, ,279, ,
1, ,278, ,
1, ,279, ,
0, ,278, ,
3, ,279, ,
0, ,279, ,
1, ,279, ,
1, ,279, ,
1, ,279, ,
0, ,278, ,
1, ,279, ,
0, ,278, ,
0, ,279, ,
1, ,278, ,
1, ,279, ,
0, ,279, ,
1, ,279, ,
0, ,278, ,
1, ,278, ,
1, ,278, ,
1, ,279, ,
0, ,278, ,
1, ,278, ,
0, ,279, ,
1, ,280, ,
1, ,278, ,
1, ,279, ,
0, ,279, ,
1, ,279, ,
1, ,278, ,
0, ,278, ,
1, ,278, ,
1, ,279, ,
0, ,278, ,
1, ,278, ,
0, ,278, ,
1, ,279, ,
1, ,278, ,
1, ,278, ,
0, ,279, ,
1, ,278, ,
0, ,278, ,
1, ,278, ,
1, ,278, ,
3, ,278, ,
0, ,278, ,
1, ,279, ,
0, ,278, ,
0, ,279, ,
1, ,277, ,
1, ,278, ,
0, ,279, ,
3, ,279, ,
0, ,278, ,
1, ,279, ,
1, ,278, ,
1, ,279, ,
-1, ,278, ,
1, ,278, ,
0, ,278, ,
1, ,279, ,
1, ,277, ,
1, ,278, ,
0, ,278, ,
3, ,279, ,
1, ,278, ,
0, ,279, ,
1, ,278, ,
1, ,279, ,
0, ,278, ,
1, ,278, ,
0, ,278, ,
1, ,279, ,
1, ,278, ,
1, ,277, ,
0, ,278, ,
1, ,279, ,
0, ,278, ,
0, ,278, ,
0, ,278, ,
1, ,279, ,
-1, ,278, ,
3, ,278, ,
1, ,278, ,
1, ,279, ,
1, ,278, ,
1, ,277, ,
0, ,278, ,
3, ,279, ,
1, ,278, ,
0, ,278, ,
1, ,278, ,
1, ,279, ,
0, ,279, ,
1, ,274, ,
0, ,276, ,
1, ,280, ,
1, ,283, ,
1, ,280, ,
0, ,277, ,
1, ,278, ,
0, ,278, ,
1, ,279, ,
1, ,279, ,
1, ,279, ,
0, ,278, ,
1, ,277, ,
0, ,279, ,
1, ,280, ,
1, ,278, ,
1, ,277, ,
0, ,278, ,
1, ,280, ,
0, ,278, ,
1, ,279, ,
1, ,278, ,
1, ,278, ,
0, ,279, ,
1, ,279, ,
0, ,278, ,
0, ,280, ,
1, ,278, ,
1, ,278, ,
0, ,278, ,
3, ,278, ,
0, ,278, ,
0, ,279, ,
1, ,278, ,
1, ,279, ,
0, ,278, ,
1, ,278, ,
0, ,279, ,
1, ,279, ,
1, ,278, ,
1, ,279, ,
0, ,279, ,
1, ,278, ,
0, ,278, ,
0, ,279, ,
1, ,279, ,
1, ,279, ,
0, ,278, ,
1, ,278, ,
1, ,279, ,
1, ,279, ,
1, ,277, ,
1, ,279, ,
0, ,278, ,
1, ,278, ,
0, ,278, ,
1, ,279, ,
1, ,278, ,
1, ,279, ,
0, ,278, ,
3, ,279, ,
0, ,279, ,
1, ,278, ,
1, ,278, ,
1, ,279, ,
0, ,279, ,
1, ,279, ,
0, ,278, ,
1, ,279, ,
1, ,278, ,
1, ,279, ,
0, ,279, ,
1, ,279, ,
0, ,278, ,
1, ,279, ,
1, ,278, ,
1, ,278, ,
0, ,279, ,
1, ,279, ,
0, ,277, ,
1, ,279, ,
1, ,279, ,
1, ,279, ,
0, ,278, ,
1, ,279, ,
0, ,278, ,
0, ,279, ,
1, ,278, ,
1, ,279, ,
0, ,279, ,
1, ,279, ,
0, ,278, ,
1, ,280, ,
1, ,279, ,
3, ,278, ,
0, ,277, ,
1, ,279, ,
0, ,279, ,
1, ,280, ,
1, ,278, ,
1, ,279, ,
0, ,278, ,
1, ,279, ,
0, ,278, ,
0, ,279, ,
1, ,278, ,
1, ,279, ,
0, ,278, ,
1, ,278, ,
0, ,279, ,
1, ,279, ,
1, ,278, ,
1, ,279, ,
0, ,279, ,
1, ,279, ,
1, ,278, ,
0, ,279, ,
1, ,278, ,
1, ,278, ,
0, ,278, ,
1, ,279, ,
1, ,278, ,
1, ,279, ,
1, ,278, ,
1, ,278, ,
0, ,279, ,
1, ,279, ,
0, ,278, ,
1, ,278, ,
1, ,279, ,
1, ,279, ,
0, ,278, ,
1, ,278, ,
0, ,279, ,
0, ,279, ,
1, ,277, ,
1, ,278, ,
0, ,278, ,
1, ,279, ,
0, ,278, ,
1, ,278, ,
1, ,279, ,
1, ,278, ,
0, ,278, ,
1, ,279, ,
0, ,278, ,
0, ,278, ,
1, ,278, ,
1, ,279, ,
0, ,279, ,
1, ,279, ,
0, ,279, ,
0, ,279, ,
1, ,278, ,
1, ,278, ,
0, ,278, ,
1, ,279, ,
0, ,278, ,
0, ,280, ,
1, ,278, ,
1, ,279, ,
0, ,278, ,
1, ,280, ,
0, ,278, ,
1, ,279, ,
1, ,278, ,
1, ,279, ,
0, ,278, ,
1, ,279, ,
0, ,278, ,
1, ,279, ,
1, ,278, ,
1, ,278, ,
0, ,278, ,
3, ,279, ,
0, ,278, ,
1, ,279, ,
1, ,279, ,
1, ,279, ,
-1, ,278, ,
1, ,279, ,
0, ,279, ,
0, ,279, ,
1, ,278, ,
1, ,278, ,
0, ,278, ,
1, ,279, ,
0, ,278, ,
0, ,279, ,
1, ,279, ,
1, ,279, ,
0, ,278, ,
1, ,278, ,
1, ,278, ,
1, ,279, ,
1, ,278, ,
1, ,278, ,
0, ,278, ,
1, ,279, ,
0, ,278, ,
1, ,279, ,
1, ,278, ,
1, ,279, ,
0, ,278, ,
1, ,279, ,
1, ,278, ,
1, ,279, ,
1, ,278, ,
1, ,278, ,
0, ,278, ,
1, ,279, ,
0, ,278, ,
1, ,279, ,
1, ,279, ,
1, ,279, ,
0, ,278, ,
1, ,279, ,
0, ,280, ,
1, ,279, ,
1, ,278, ,
1, ,278, ,
0, ,278, ,
1, ,279, ,
0, ,278, ,
0, ,279, ,
1, ,278, ,
1, ,279, ,
0, ,278, ,
1, ,279, ,
1, ,278, ,
1, ,278, ,
1, ,277, ,
1, ,278, ,
0, ,278, ,
1, ,280, ,
1, ,279, ,
1, ,279, ,
1, ,279, ,
1, ,279, ,
0, ,277, ,
1, ,279, ,
0, ,278, ,
1, ,279, ,
1, ,278, ,
1, ,279, ,
0, ,278, ,
3, ,279, ,
0, ,278, ,
0, ,278, ,
1, ,278, ,
1, ,278, ,
0, ,277, ,
1, ,279, ,
0, ,278, ,
0, ,280, ,
1, ,278, ,
1, ,279, ,
0, ,279, ,
1, ,279, ,
0, ,279, ,
0, ,279, ,
1, ,279, ,
1, ,279, ,
0, ,278, ,
1, ,279, ,
0, ,278, ,
1, ,279, ,
1, ,278, ,
1, ,279, ,
0, ,278, ,
1, ,279, ,
0, ,278, ,
0, ,280, ,
1, ,279, ,
1, ,279, ,
0, ,278, ,
1, ,277, ,
0, ,275, ,
0, ,276, ,
1, ,277, ,
1, ,280, ,
0, ,282, ,
3, ,282, ,
1, ,280, ,
0, ,279, ,
1, ,277, ,
1, ,278, ,
0, ,277, ,
1, ,279, ,
0, ,278, ,
1, ,280, ,
1, ,278, ,
1, ,278, ,
0, ,278, ,
1, ,279, ,
0, ,278, ,
0, ,279, ,
1, ,278, ,
1, ,279, ,
0, ,278, ,
3, ,279, ,
0, ,278, ,
0, ,279, ,
1, ,278, ,
1, ,278, ,
0, ,279, ,
1, ,278, ,
0, ,278, ,
1, ,278, ,
1, ,278, ,
3, ,279, ,
0, ,278, ,
1, ,278, ,
0, ,278, ,
0, ,279, ,
1, ,278, ,
1, ,278, ,
0, ,278, ,
1, ,279, ,
0, ,278, ,
1, ,279, ,
1, ,278, ,
1, ,279, ,
0, ,278, ,
1, ,279, ,
0, ,278, ,
0, ,279, ,
1, ,278, ,
1, ,279, ,
0, ,278, ,
1, ,279, ,
0, ,278, ,
1, ,279, ,
1, ,277, ,
1, ,278, ,
0, ,278, ,
1, ,278, ,
0, ,277, ,
0, ,279, ,
1, ,278, ,
1, ,279, ,
0, ,278, ,
1, ,278, ,
0, ,278, ,
1, ,279, ,
1, ,278, ,
1, ,279, ,
0, ,278, ,
1, ,278, ,
0, ,277, ,
1, ,279, ,
1, ,278, ,
1, ,278, ,
0, ,278, ,
1, ,279, ,
0, ,277, ,
1, ,279, ,
1, ,277, ,
1, ,278, ,
0, ,278, ,
1, ,278, ,
0, ,278, ,
1, ,279, ,
1, ,278, ,
1, ,278, ,
0, ,277, ,
1, ,279, ,
0, ,278, ,
1, ,278, ,
1, ,278, ,
1, ,278, ,
0, ,278, ,
1, ,277, ,
0, ,278, ,
1, ,279, ,
1, ,278, ,
1, ,278, ,
0, ,278, ,
3, ,279, ,
0, ,278, ,
1, ,279, ,
1, ,278, ,
1, ,279, ,
0, ,278, ,
1, ,280, ,
0, ,280, ,
1, ,279, ,
1, ,278, ,
1, ,278, ,
0, ,278, ,
1, ,279, ,
0, ,278, ,
1, ,279, ,
1, ,279, ,
1, ,280, ,
0, ,280, ,
1, ,279, ,
0, ,277, ,
1, ,279, ,
1, ,278, ,
1, ,278, ,
0, ,278, ,
1, ,280, ,
0, ,278, ,
0, ,279, ,
1, ,278, ,
1, ,279, ,
0, ,278, ,
1, ,279, ,
0, ,279, ,
0, ,280, ,
1, ,278, ,
1, ,279, ,
0, ,279, ,
1, ,279, ,
0, ,277, ,
0, ,279, ,
1, ,278, ,
1, ,279, ,
0, ,278, ,
1, ,279, ,
0, ,279, ,
1, ,279, ,
1, ,279, ,
1, ,279, ,
0, ,279, ,
1, ,279, ,
0, ,278, ,
0, ,279, ,
1, ,278, ,
1, ,279, ,
0, ,278, ,
1, ,279, ,
0, ,279, ,
0, ,279, ,
1, ,278, ,
1, ,278, ,
0, ,278, ,
1, ,279, ,
