Format,1.0B,
Memory Length,10000,Memory Length,10000,
IntpDistance,0,IntpDistance,0,
Trigger Address,5049,Trigger Address,5049,
Trigger Level,2.600E-02,Trigger Level,2.600E-02,
Source,CH1,Source,CH2,
Vertical Units,V,Vertical Units,V,
Vertical Units Div,0,Vertical Units Div,0,
Vertical Units Extend Div,16,Vertical Units Extend Div,16,
Label,,Label,,
Probe Type,0,Probe Type,0,
Probe Ratio,1.000e+01,Probe Ratio,1.000e+00,
Vertical Scale,1.000e-01,Vertical Scale,5.000e-02,
Vertical Position,-3.280e-01,Vertical Position,-1.640e-01,
Horizontal Units,S,Horizontal Units,S,
Horizontal Scale,2.000E-05,Horizontal Scale,2.000E-05,
Horizontal Position,-1.000E-06,Horizontal Position,-1.000E-06,
Horizontal Mode,Main,Horizontal Mode,Main,
SincET Mode,Real Time,SincET Mode,Real Time,
Sampling Period,2.000e-08,Sampling Period,2.000e-08,
Horizontal Old Scale,2.000E-05,Horizontal Old Scale,2.000E-05,
Horizontal Old Position,-1.000E-06,Horizontal Old Position,-1.000E-06,
Firmware,V1.23,Firmware,V1.23,
Mode,Fast,Mode,Fast,
Waveform Data,,Waveform Data,,
2, ,1, ,
1, ,1, ,
-1, ,1, ,
3, ,-2, ,
0, ,1, ,
1, ,-1, ,
2, ,1, ,
2, ,1, ,
-1, ,1, ,
3, ,-2, ,
0, ,1, ,
1, ,-1, ,
2, ,1, ,
2, ,1, ,
0, ,1, ,
4, ,-2, ,
0, ,1, ,
-1, ,-1, ,
1, ,1, ,
1, ,1, ,
-1, ,1, ,
4, ,-2, ,
1, ,1, ,
3, ,-1, ,
3, ,-1, ,
2, ,1, ,
-2, ,1, ,
3, ,-1, ,
0, ,1, ,
1, ,-1, ,
3, ,1, ,
2, ,-1, ,
-1, ,1, ,
3, ,-2, ,
0, ,1, ,
1, ,-1, ,
2, ,1, ,
1, ,1, ,
-1, ,1, ,
3, ,-1, ,
-1, ,1, ,
0, ,-1, ,
2, ,-1, ,
2, ,1, ,
-1, ,1, ,
3, ,-2, ,
-1, ,1, ,
1, ,-1, ,
2, ,1, ,
1, ,1, ,
-1, ,-1, ,
3, ,-2, ,
0, ,1, ,
0, ,-1, ,
1, ,1, ,
2, ,1, ,
-1, ,1, ,
4, ,-2, ,
0, ,1, ,
1, ,-1, ,
2, ,1, ,
2, ,1, ,
-1, ,1, ,
3, ,-2, ,
-1, ,1, ,
2, ,-1, ,
2, ,1, ,
2, ,1, ,
-1, ,1, ,
4, ,-2, ,
0, ,1, ,
0, ,-1, ,
2, ,1, ,
2, ,1, ,
-1, ,-1, ,
3, ,-2, ,
0, ,1, ,
0, ,-1, ,
2, ,1, ,
1, ,1, ,
-1, ,1, ,
4, ,-2, ,
0, ,1, ,
1, ,-1, ,
2, ,1, ,
1, ,1, ,
-1, ,1, ,
3, ,-1, ,
0, ,1, ,
1, ,-1, ,
3, ,1, ,
2, ,-1, ,
-1, ,1, ,
4, ,-2, ,
0, ,2, ,
0, ,-1, ,
1, ,1, ,
1, ,-1, ,
-1, ,-1, ,
3, ,-2, ,
-1, ,1, ,
0, ,-1, ,
2, ,1, ,
1, ,1, ,
-1, ,1, ,
3, ,-2, ,
-1, ,1, ,
1, ,-1, ,
2, ,1, ,
2, ,1, ,
-2, ,1, ,
3, ,-1, ,
-1, ,1, ,
1, ,-1, ,
2, ,1, ,
2, ,1, ,
-2, ,1, ,
3, ,-2, ,
-1, ,1, ,
1, ,-1, ,
1, ,1, ,
1, ,-1, ,
-2, ,1, ,
2, ,-1, ,
-1, ,1, ,
1, ,-1, ,
2, ,-1, ,
2, ,1, ,
-1, ,1, ,
2, ,-1, ,
-1, ,1, ,
1, ,-1, ,
1, ,1, ,
1, ,1, ,
-1, ,1, ,
4, ,-1, ,
-1, ,2, ,
0, ,-1, ,
2, ,1, ,
1, ,1, ,
-1, ,1, ,
4, ,-2, ,
0, ,1, ,
1, ,-1, ,
2, ,1, ,
1, ,1, ,
-2, ,1, ,
2, ,-2, ,
-1, ,1, ,
0, ,-1, ,
1, ,1, ,
2, ,1, ,
-2, ,1, ,
2, ,-1, ,
-1, ,1, ,
1, ,-1, ,
1, ,1, ,
0, ,1, ,
-2, ,1, ,
2, ,-2, ,
-1, ,1, ,
0, ,-1, ,
1, ,-1, ,
1, ,1, ,
-2, ,1, ,
2, ,-2, ,
-1, ,1, ,
1, ,-1, ,
1, ,-1, ,
1, ,1, ,
-2, ,1, ,
3, ,-1, ,
-1, ,1, ,
0, ,-1, ,
1, ,-1, ,
0, ,1, ,
-2, ,1, ,
1, ,-1, ,
-1, ,1, ,
1, ,-1, ,
1, ,-1, ,
0, ,1, ,
-2, ,1, ,
2, ,-1, ,
-1, ,2, ,
0, ,-1, ,
2, ,1, ,
1, ,-1, ,
-1, ,1, ,
3, ,-2, ,
-1, ,1, ,
0, ,-1, ,
1, ,1, ,
1, ,1, ,
-1, ,1, ,
3, ,-2, ,
-1, ,1, ,
0, ,-1, ,
1, ,1, ,
1, ,-1, ,
-2, ,1, ,
2, ,-1, ,
-1, ,1, ,
0, ,-1, ,
1, ,1, ,
1, ,1, ,
-1, ,1, ,
2, ,-1, ,
-1, ,2, ,
0, ,-1, ,
2, ,-1, ,
2, ,-1, ,
-2, ,1, ,
3, ,-2, ,
0, ,1, ,
1, ,-1, ,
1, ,1, ,
2, ,1, ,
-2, ,1, ,
3, ,-1, ,
-1, ,1, ,
0, ,-1, ,
2, ,-1, ,
1, ,1, ,
-1, ,1, ,
3, ,-2, ,
-1, ,1, ,
0, ,-1, ,
1, ,1, ,
1, ,1, ,
-1, ,1, ,
3, ,-2, ,
0, ,1, ,
1, ,-1, ,
2, ,1, ,
0, ,-1, ,
-2, ,1, ,
3, ,-2, ,
-1, ,1, ,
0, ,-1, ,
1, ,1, ,
1, ,-1, ,
-2, ,1, ,
2, ,-2, ,
-1, ,1, ,
0, ,-1, ,
2, ,1, ,
2, ,-1, ,
-1, ,-1, ,
3, ,-2, ,
-1, ,1, ,
1, ,-1, ,
1, ,1, ,
1, ,1, ,
-2, ,1, ,
2, ,-1, ,
-2, ,1, ,
0, ,-1, ,
1, ,1, ,
0, ,1, ,
-2, ,1, ,
2, ,-2, ,
0, ,1, ,
1, ,-1, ,
1, ,1, ,
1, ,-1, ,
-1, ,-1, ,
2, ,-2, ,
0, ,1, ,
0, ,-1, ,
1, ,-1, ,
1, ,1, ,
-2, ,1, ,
2, ,-2, ,
-2, ,1, ,
0, ,-1, ,
1, ,1, ,
0, ,1, ,
-2, ,1, ,
2, ,-2, ,
-1, ,2, ,
0, ,-1, ,
1, ,1, ,
1, ,1, ,
-2, ,1, ,
3, ,-2, ,
-1, ,1, ,
0, ,-1, ,
1, ,1, ,
0, ,1, ,
-2, ,1, ,
2, ,-2, ,
-1, ,1, ,
-1, ,-1, ,
1, ,1, ,
0, ,1, ,
-3, ,1, ,
2, ,-1, ,
-1, ,1, ,
1, ,-1, ,
1, ,1, ,
1, ,-1, ,
-2, ,1, ,
2, ,-2, ,
-1, ,1, ,
0, ,-1, ,
1, ,1, ,
0, ,1, ,
-1, ,1, ,
3, ,-2, ,
-2, ,1, ,
-1, ,-1, ,
0, ,-1, ,
0, ,1, ,
-2, ,1, ,
2, ,-2, ,
-1, ,1, ,
0, ,-1, ,
1, ,-1, ,
0, ,1, ,
-2, ,1, ,
2, ,-2, ,
-1, ,1, ,
0, ,-1, ,
2, ,1, ,
1, ,-1, ,
-2, ,1, ,
2, ,-2, ,
-2, ,1, ,
-1, ,-1, ,
1, ,-1, ,
1, ,1, ,
-2, ,1, ,
2, ,-2, ,
-1, ,2, ,
0, ,-1, ,
2, ,1, ,
1, ,1, ,
-2, ,1, ,
2, ,-2, ,
-1, ,1, ,
0, ,-1, ,
2, ,1, ,
2, ,1, ,
-1, ,1, ,
2, ,-2, ,
-2, ,1, ,
-1, ,-1, ,
0, ,-1, ,
0, ,1, ,
-1, ,1, ,
3, ,-2, ,
-1, ,1, ,
0, ,-1, ,
1, ,1, ,
1, ,1, ,
-2, ,1, ,
3, ,-2, ,
0, ,1, ,
1, ,-1, ,
1, ,-1, ,
1, ,-1, ,
-1, ,1, ,
2, ,-2, ,
-1, ,1, ,
0, ,-1, ,
1, ,1, ,
1, ,1, ,
-1, ,1, ,
2, ,-2, ,
-1, ,1, ,
0, ,-1, ,
1, ,-1, ,
0, ,1, ,
-1, ,1, ,
3, ,-2, ,
-1, ,1, ,
0, ,-1, ,
1, ,1, ,
1, ,1, ,
-2, ,1, ,
3, ,-2, ,
-1, ,1, ,
0, ,-1, ,
1, ,1, ,
1, ,1, ,
-2, ,1, ,
2, ,-2, ,
-1, ,1, ,
0, ,-1, ,
1, ,-1, ,
1, ,-1, ,
-1, ,1, ,
2, ,-1, ,
-1, ,1, ,
0, ,-1, ,
1, ,1, ,
1, ,1, ,
-3, ,1, ,
2, ,-1, ,
-2, ,2, ,
-1, ,-1, ,
1, ,1, ,
1, ,1, ,
-2, ,1, ,
2, ,-2, ,
-2, ,1, ,
-1, ,-1, ,
1, ,1, ,
0, ,1, ,
-1, ,1, ,
3, ,-2, ,
-1, ,1, ,
-1, ,-1, ,
1, ,-1, ,
1, ,1, ,
-2, ,1, ,
2, ,-1, ,
-2, ,1, ,
0, ,-1, ,
1, ,1, ,
1, ,1, ,
-2, ,1, ,
1, ,-2, ,
-1, ,1, ,
-9, ,-1, ,
-7, ,-1, ,
-1, ,-1, ,
-5, ,1, ,
-1, ,-2, ,
-1, ,1, ,
-1, ,-1, ,
-1, ,1, ,
1, ,1, ,
-2, ,1, ,
2, ,-2, ,
-2, ,1, ,
-1, ,-1, ,
1, ,-1, ,
1, ,1, ,
-2, ,1, ,
2, ,-1, ,
-1, ,1, ,
0, ,-1, ,
1, ,-1, ,
1, ,1, ,
-2, ,1, ,
2, ,-1, ,
-1, ,2, ,
0, ,-1, ,
1, ,-1, ,
1, ,-1, ,
-2, ,1, ,
2, ,-2, ,
0, ,1, ,
0, ,-1, ,
0, ,-1, ,
1, ,1, ,
-2, ,1, ,
2, ,-1, ,
-2, ,1, ,
-1, ,-1, ,
2, ,1, ,
2, ,1, ,
-1, ,1, ,
2, ,-2, ,
-1, ,1, ,
0, ,-1, ,
1, ,1, ,
1, ,1, ,
-1, ,1, ,
3, ,-2, ,
-1, ,1, ,
0, ,-1, ,
1, ,-1, ,
0, ,1, ,
-2, ,1, ,
2, ,-1, ,
0, ,1, ,
1, ,-1, ,
1, ,1, ,
1, ,-1, ,
-2, ,1, ,
2, ,-2, ,
-1, ,1, ,
0, ,-1, ,
2, ,-1, ,
1, ,1, ,
-2, ,1, ,
2, ,-2, ,
-1, ,1, ,
0, ,-1, ,
1, ,1, ,
0, ,1, ,
-2, ,1, ,
2, ,-2, ,
-1, ,1, ,
0, ,-1, ,
1, ,1, ,
1, ,1, ,
-2, ,1, ,
3, ,-2, ,
-1, ,1, ,
0, ,-1, ,
1, ,1, ,
1, ,1, ,
-2, ,1, ,
2, ,-1, ,
-1, ,1, ,
-1, ,-1, ,
1, ,-1, ,
1, ,1, ,
-2, ,1, ,
1, ,-1, ,
-1, ,2, ,
1, ,-1, ,
1, ,1, ,
0, ,1, ,
-2, ,1, ,
2, ,-2, ,
-1, ,2, ,
0, ,-1, ,
1, ,1, ,
1, ,1, ,
-2, ,1, ,
2, ,-2, ,
-1, ,1, ,
0, ,-1, ,
1, ,1, ,
0, ,1, ,
-1, ,1, ,
2, ,-1, ,
-1, ,1, ,
0, ,-1, ,
1, ,1, ,
0, ,1, ,
-2, ,1, ,
2, ,-2, ,
-1, ,1, ,
0, ,-1, ,
1, ,1, ,
0, ,1, ,
-2, ,1, ,
2, ,-2, ,
-1, ,1, ,
0, ,-1, ,
1, ,-1, ,
2, ,1, ,
-2, ,1, ,
2, ,-2, ,
-1, ,1, ,
0, ,-1, ,
0, ,1, ,
2, ,1, ,
-2, ,-1, ,
1, ,-1, ,
-2, ,2, ,
0, ,-1, ,
1, ,1, ,
1, ,1, ,
-2, ,1, ,
3, ,-1, ,
-2, ,1, ,
-1, ,-1, ,
1, ,-1, ,
1, ,-1, ,
-2, ,1, ,
2, ,-1, ,
-1, ,2, ,
0, ,-1, ,
1, ,-1, ,
1, ,1, ,
-2, ,1, ,
2, ,-2, ,
-1, ,1, ,
1, ,-1, ,
1, ,-1, ,
1, ,1, ,
-2, ,-1, ,
1, ,-2, ,
-1, ,1, ,
0, ,-1, ,
1, ,1, ,
2, ,1, ,
-2, ,1, ,
2, ,-2, ,
-1, ,1, ,
0, ,-1, ,
0, ,1, ,
1, ,1, ,
-2, ,1, ,
2, ,-1, ,
-1, ,1, ,
0, ,-1, ,
1, ,-1, ,
1, ,-1, ,
-2, ,1, ,
2, ,-2, ,
-1, ,1, ,
1, ,-1, ,
1, ,1, ,
1, ,-1, ,
-1, ,1, ,
2, ,-2, ,
-2, ,1, ,
0, ,-1, ,
2, ,1, ,
1, ,1, ,
-1, ,1, ,
3, ,-2, ,
-1, ,1, ,
0, ,-1, ,
2, ,1, ,
1, ,1, ,
-2, ,1, ,
2, ,-2, ,
-1, ,1, ,
0, ,-1, ,
1, ,1, ,
1, ,1, ,
-2, ,1, ,
3, ,-2, ,
-1, ,1, ,
0, ,-1, ,
1, ,-1, ,
0, ,1, ,
-2, ,1, ,
2, ,-1, ,
-1, ,1, ,
0, ,-1, ,
1, ,1, ,
1, ,1, ,
-2, ,1, ,
2, ,-2, ,
-1, ,2, ,
1, ,-1, ,
1, ,1, ,
0, ,1, ,
-2, ,1, ,
2, ,-2, ,
-1, ,1, ,
1, ,-1, ,
2, ,1, ,
1, ,1, ,
-2, ,1, ,
2, ,-2, ,
-1, ,1, ,
0, ,-1, ,
1, ,1, ,
1, ,-1, ,
-2, ,1, ,
2, ,-1, ,
-1, ,1, ,
0, ,-1, ,
1, ,1, ,
1, ,-1, ,
-2, ,1, ,
2, ,-2, ,
-1, ,1, ,
1, ,-1, ,
1, ,1, ,
1, ,1, ,
-2, ,1, ,
2, ,-2, ,
-1, ,1, ,
0, ,-1, ,
2, ,-1, ,
1, ,-1, ,
-2, ,1, ,
2, ,-2, ,
-1, ,1, ,
0, ,-1, ,
1, ,-1, ,
1, ,1, ,
-2, ,1, ,
2, ,-2, ,
-2, ,1, ,
0, ,-1, ,
1, ,1, ,
1, ,1, ,
-1, ,1, ,
2, ,-2, ,
-1, ,1, ,
0, ,-1, ,
1, ,1, ,
0, ,1, ,
-2, ,1, ,
2, ,-2, ,
-1, ,1, ,
-1, ,-1, ,
0, ,1, ,
1, ,1, ,
-2, ,1, ,
2, ,-2, ,
-1, ,1, ,
0, ,-1, ,
1, ,-1, ,
1, ,-1, ,
-2, ,1, ,
2, ,-2, ,
-2, ,1, ,
-1, ,-1, ,
1, ,-1, ,
1, ,1, ,
-1, ,1, ,
2, ,-2, ,
-2, ,1, ,
0, ,-1, ,
0, ,1, ,
1, ,1, ,
-2, ,1, ,
2, ,-1, ,
-1, ,1, ,
0, ,-1, ,
1, ,1, ,
1, ,-1, ,
-2, ,1, ,
2, ,-2, ,
0, ,1, ,
1, ,-1, ,
1, ,-1, ,
1, ,-1, ,
-1, ,1, ,
1, ,-1, ,
-2, ,1, ,
0, ,-1, ,
1, ,-1, ,
1, ,1, ,
-2, ,1, ,
2, ,-2, ,
-1, ,1, ,
0, ,-1, ,
1, ,1, ,
0, ,1, ,
-2, ,1, ,
2, ,-2, ,
-1, ,1, ,
-1, ,-1, ,
1, ,-1, ,
1, ,1, ,
-2, ,1, ,
2, ,-2, ,
-1, ,1, ,
-1, ,-1, ,
1, ,1, ,
-3, ,1, ,
-4, ,1, ,
-2, ,-1, ,
-3, ,1, ,
-1, ,-1, ,
0, ,1, ,
0, ,-1, ,
-3, ,1, ,
2, ,-2, ,
-1, ,1, ,
1, ,-1, ,
1, ,1, ,
1, ,1, ,
-2, ,1, ,
2, ,-1, ,
-2, ,1, ,
0, ,-1, ,
1, ,1, ,
1, ,1, ,
-2, ,1, ,
2, ,-2, ,
-1, ,1, ,
0, ,-1, ,
0, ,1, ,
1, ,1, ,
-2, ,1, ,
2, ,-1, ,
-1, ,1, ,
0, ,-1, ,
1, ,1, ,
0, ,1, ,
-2, ,1, ,
2, ,-2, ,
-1, ,1, ,
0, ,-1, ,
1, ,-1, ,
0, ,-1, ,
-2, ,1, ,
1, ,-1, ,
-1, ,2, ,
-1, ,-1, ,
1, ,1, ,
1, ,1, ,
-2, ,1, ,
2, ,-2, ,
-1, ,1, ,
1, ,-1, ,
1, ,1, ,
1, ,1, ,
-1, ,1, ,
1, ,-2, ,
-1, ,1, ,
0, ,-1, ,
1, ,1, ,
0, ,1, ,
-2, ,1, ,
2, ,-1, ,
-1, ,1, ,
0, ,-1, ,
1, ,1, ,
1, ,1, ,
-1, ,1, ,
1, ,-2, ,
-1, ,1, ,
-1, ,-1, ,
0, ,1, ,
0, ,1, ,
-2, ,1, ,
3, ,-1, ,
-1, ,1, ,
0, ,-1, ,
1, ,-1, ,
1, ,1, ,
-2, ,1, ,
1, ,-2, ,
-2, ,1, ,
-1, ,-1, ,
1, ,1, ,
1, ,1, ,
-1, ,1, ,
2, ,-2, ,
-1, ,1, ,
0, ,-1, ,
0, ,-1, ,
1, ,1, ,
-1, ,1, ,
3, ,-1, ,
-1, ,1, ,
0, ,-1, ,
1, ,1, ,
1, ,1, ,
-2, ,1, ,
3, ,-1, ,
-1, ,1, ,
0, ,-1, ,
1, ,-1, ,
1, ,1, ,
-2, ,1, ,
2, ,-1, ,
-1, ,1, ,
0, ,-1, ,
1, ,1, ,
0, ,1, ,
-2, ,1, ,
2, ,-2, ,
-1, ,1, ,
1, ,-1, ,
1, ,1, ,
1, ,1, ,
-2, ,1, ,
1, ,-1, ,
-1, ,1, ,
-1, ,-1, ,
1, ,-1, ,
1, ,1, ,
-2, ,1, ,
3, ,-1, ,
-1, ,1, ,
0, ,-1, ,
1, ,-1, ,
1, ,1, ,
-1, ,1, ,
2, ,-2, ,
-1, ,1, ,
0, ,-1, ,
1, ,1, ,
1, ,-1, ,
-2, ,1, ,
2, ,-2, ,
-1, ,1, ,
1, ,-1, ,
1, ,1, ,
1, ,1, ,
-2, ,1, ,
1, ,-2, ,
-1, ,1, ,
-1, ,-1, ,
2, ,1, ,
2, ,1, ,
-2, ,1, ,
2, ,-2, ,
-1, ,1, ,
0, ,-1, ,
1, ,1, ,
1, ,-1, ,
-2, ,1, ,
2, ,-1, ,
-1, ,1, ,
-1, ,-1, ,
1, ,-1, ,
0, ,1, ,
-2, ,1, ,
1, ,-2, ,
-1, ,1, ,
1, ,-1, ,
1, ,1, ,
1, ,1, ,
-2, ,1, ,
2, ,-1, ,
-1, ,1, ,
0, ,-1, ,
1, ,1, ,
1, ,1, ,
-2, ,1, ,
2, ,-1, ,
-1, ,1, ,
1, ,-1, ,
1, ,1, ,
0, ,1, ,
-2, ,1, ,
1, ,-1, ,
-1, ,1, ,
0, ,-1, ,
1, ,1, ,
2, ,1, ,
-1, ,1, ,
3, ,-2, ,
-1, ,1, ,
0, ,-1, ,
1, ,1, ,
0, ,1, ,
-2, ,1, ,
2, ,-1, ,
-1, ,1, ,
0, ,-1, ,
1, ,-1, ,
1, ,1, ,
-3, ,1, ,
2, ,-2, ,
-1, ,1, ,
1, ,-1, ,
1, ,-1, ,
0, ,-1, ,
-2, ,1, ,
2, ,-1, ,
-1, ,1, ,
-1, ,-1, ,
1, ,1, ,
1, ,1, ,
-1, ,-1, ,
2, ,-2, ,
-1, ,1, ,
0, ,-1, ,
1, ,1, ,
1, ,1, ,
-2, ,1, ,
2, ,-2, ,
-1, ,1, ,
0, ,-1, ,
1, ,1, ,
1, ,1, ,
-1, ,1, ,
3, ,-2, ,
-1, ,1, ,
0, ,-1, ,
1, ,1, ,
0, ,1, ,
-2, ,1, ,
2, ,-1, ,
-1, ,1, ,
-1, ,-1, ,
1, ,1, ,
0, ,1, ,
-2, ,1, ,
2, ,-2, ,
-1, ,1, ,
1, ,-1, ,
1, ,1, ,
0, ,1, ,
-1, ,1, ,
1, ,-1, ,
-1, ,1, ,
-1, ,-1, ,
1, ,-1, ,
1, ,1, ,
-2, ,1, ,
3, ,-1, ,
-1, ,1, ,
0, ,-1, ,
1, ,1, ,
0, ,1, ,
-2, ,1, ,
2, ,-1, ,
-1, ,1, ,
0, ,-1, ,
1, ,1, ,
1, ,1, ,
-2, ,1, ,
2, ,-1, ,
0, ,1, ,
1, ,-1, ,
1, ,1, ,
1, ,1, ,
-2, ,1, ,
1, ,-1, ,
-2, ,1, ,
-1, ,-1, ,
2, ,-1, ,
1, ,1, ,
-2, ,1, ,
2, ,-1, ,
-2, ,1, ,
-1, ,-1, ,
0, ,1, ,
1, ,1, ,
-1, ,1, ,
2, ,-1, ,
-1, ,1, ,
-1, ,-1, ,
2, ,-1, ,
1, ,1, ,
-2, ,1, ,
2, ,-2, ,
-1, ,1, ,
0, ,-1, ,
0, ,-1, ,
1, ,1, ,
-1, ,1, ,
2, ,-2, ,
-1, ,1, ,
-1, ,-1, ,
1, ,1, ,
2, ,1, ,
-2, ,1, ,
2, ,-1, ,
-1, ,1, ,
1, ,-1, ,
1, ,-1, ,
1, ,1, ,
-2, ,1, ,
2, ,-1, ,
-2, ,1, ,
0, ,-1, ,
1, ,-1, ,
1, ,1, ,
-2, ,1, ,
2, ,-2, ,
0, ,1, ,
-1, ,-1, ,
0, ,-1, ,
0, ,1, ,
-2, ,1, ,
2, ,-2, ,
-1, ,1, ,
-1, ,-1, ,
1, ,1, ,
-1, ,1, ,
-4, ,1, ,
1, ,-1, ,
-1, ,1, ,
0, ,-1, ,
1, ,-1, ,
2, ,-1, ,
-1, ,1, ,
2, ,-1, ,
-2, ,1, ,
0, ,-1, ,
1, ,-1, ,
1, ,1, ,
-1, ,1, ,
3, ,-2, ,
-1, ,1, ,
-1, ,-1, ,
1, ,1, ,
1, ,-1, ,
-2, ,1, ,
2, ,-1, ,
-1, ,1, ,
0, ,-1, ,
1, ,1, ,
0, ,-1, ,
-2, ,1, ,
2, ,-2, ,
-1, ,1, ,
1, ,-1, ,
1, ,-1, ,
1, ,1, ,
-3, ,-1, ,
2, ,-2, ,
0, ,1, ,
0, ,-1, ,
1, ,1, ,
1, ,1, ,
-2, ,1, ,
3, ,-2, ,
-1, ,1, ,
0, ,-1, ,
1, ,1, ,
0, ,-1, ,
-1, ,1, ,
2, ,-2, ,
-2, ,1, ,
-1, ,-1, ,
1, ,1, ,
2, ,1, ,
-1, ,1, ,
4, ,-2, ,
-1, ,1, ,
0, ,-1, ,
1, ,1, ,
0, ,1, ,
-1, ,1, ,
3, ,-1, ,
-1, ,1, ,
0, ,-1, ,
1, ,-1, ,
1, ,1, ,
-2, ,1, ,
3, ,-2, ,
-1, ,1, ,
1, ,-1, ,
2, ,-1, ,
1, ,1, ,
-2, ,1, ,
3, ,-2, ,
-1, ,1, ,
0, ,-1, ,
2, ,1, ,
1, ,1, ,
-1, ,1, ,
3, ,-2, ,
-1, ,1, ,
0, ,-1, ,
1, ,1, ,
1, ,1, ,
-2, ,1, ,
3, ,-1, ,
-1, ,1, ,
0, ,-1, ,
1, ,1, ,
1, ,1, ,
-2, ,1, ,
2, ,-1, ,
-2, ,1, ,
0, ,-1, ,
1, ,1, ,
1, ,1, ,
-1, ,1, ,
2, ,-1, ,
-1, ,1, ,
0, ,-1, ,
1, ,1, ,
1, ,1, ,
-2, ,-1, ,
3, ,-1, ,
-1, ,1, ,
0, ,-1, ,
1, ,1, ,
1, ,1, ,
-2, ,1, ,
2, ,-1, ,
-2, ,1, ,
-1, ,-1, ,
1, ,1, ,
2, ,1, ,
-1, ,1, ,
3, ,-2, ,
-1, ,1, ,
0, ,-1, ,
1, ,-1, ,
0, ,1, ,
-1, ,1, ,
3, ,-2, ,
-1, ,1, ,
0, ,-1, ,
1, ,-1, ,
0, ,1, ,
-1, ,1, ,
3, ,-2, ,
-1, ,1, ,
0, ,-1, ,
2, ,1, ,
0, ,1, ,
-1, ,1, ,
3, ,-1, ,
-1, ,1, ,
0, ,-1, ,
2, ,1, ,
1, ,1, ,
-1, ,1, ,
3, ,-1, ,
-1, ,1, ,
0, ,-1, ,
1, ,-1, ,
1, ,1, ,
-2, ,1, ,
2, ,-1, ,
-1, ,1, ,
-1, ,-1, ,
1, ,-1, ,
1, ,1, ,
-3, ,1, ,
2, ,-2, ,
-1, ,1, ,
-1, ,-1, ,
0, ,-1, ,
0, ,1, ,
-3, ,2, ,
2, ,-1, ,
-1, ,1, ,
-1, ,-1, ,
1, ,-1, ,
0, ,1, ,
-3, ,1, ,
2, ,-1, ,
-1, ,1, ,
0, ,-1, ,
1, ,-1, ,
0, ,1, ,
-2, ,2, ,
2, ,-2, ,
-2, ,1, ,
-1, ,-1, ,
1, ,1, ,
1, ,1, ,
-1, ,1, ,
3, ,-1, ,
-2, ,1, ,
-1, ,-1, ,
1, ,-1, ,
-1, ,1, ,
-2, ,1, ,
3, ,-2, ,
-1, ,1, ,
-1, ,-1, ,
1, ,-1, ,
0, ,1, ,
-2, ,1, ,
2, ,-2, ,
-1, ,1, ,
0, ,-1, ,
0, ,1, ,
1, ,1, ,
-2, ,1, ,
1, ,-2, ,
-1, ,1, ,
0, ,-1, ,
1, ,1, ,
1, ,1, ,
-1, ,1, ,
3, ,-2, ,
-1, ,1, ,
0, ,-1, ,
1, ,1, ,
1, ,1, ,
-2, ,1, ,
2, ,-1, ,
-1, ,1, ,
0, ,-1, ,
2, ,1, ,
1, ,1, ,
-2, ,1, ,
2, ,-1, ,
-1, ,1, ,
0, ,-1, ,
1, ,1, ,
1, ,1, ,
-1, ,1, ,
2, ,-2, ,
-1, ,1, ,
0, ,-1, ,
1, ,1, ,
1, ,1, ,
-2, ,1, ,
3, ,-2, ,
-1, ,1, ,
1, ,-1, ,
1, ,1, ,
1, ,1, ,
-1, ,1, ,
2, ,-1, ,
-2, ,1, ,
-1, ,-1, ,
2, ,1, ,
2, ,-1, ,
-1, ,1, ,
3, ,-2, ,
-1, ,1, ,
0, ,-1, ,
1, ,1, ,
1, ,1, ,
-1, ,1, ,
2, ,-1, ,
-2, ,1, ,
0, ,-1, ,
1, ,-1, ,
1, ,1, ,
-2, ,1, ,
3, ,-1, ,
0, ,1, ,
0, ,-1, ,
1, ,-1, ,
1, ,1, ,
-3, ,1, ,
1, ,-1, ,
-2, ,1, ,
0, ,-1, ,
2, ,1, ,
1, ,1, ,
-1, ,1, ,
3, ,-1, ,
0, ,1, ,
0, ,-1, ,
0, ,1, ,
1, ,1, ,
-2, ,1, ,
2, ,-1, ,
-1, ,1, ,
-1, ,-1, ,
1, ,-1, ,
1, ,-1, ,
-2, ,1, ,
2, ,-1, ,
-1, ,1, ,
0, ,-1, ,
0, ,1, ,
0, ,1, ,
-2, ,1, ,
1, ,-2, ,
-1, ,1, ,
0, ,-1, ,
1, ,1, ,
0, ,1, ,
-3, ,1, ,
2, ,-2, ,
-1, ,1, ,
1, ,-1, ,
1, ,1, ,
0, ,1, ,
-2, ,1, ,
2, ,-2, ,
-2, ,1, ,
-1, ,-1, ,
1, ,1, ,
1, ,1, ,
-1, ,1, ,
2, ,-2, ,
-1, ,1, ,
-1, ,-1, ,
1, ,1, ,
-1, ,1, ,
-2, ,1, ,
2, ,-2, ,
-1, ,1, ,
0, ,-1, ,
1, ,-1, ,
1, ,1, ,
-3, ,1, ,
2, ,-2, ,
-1, ,1, ,
1, ,-1, ,
1, ,-1, ,
1, ,1, ,
-2, ,1, ,
2, ,-1, ,
-1, ,1, ,
0, ,-1, ,
2, ,1, ,
1, ,1, ,
-2, ,1, ,
3, ,-2, ,
-1, ,1, ,
0, ,-1, ,
1, ,1, ,
1, ,1, ,
-2, ,1, ,
3, ,-1, ,
-1, ,1, ,
0, ,-1, ,
1, ,1, ,
1, ,1, ,
-2, ,1, ,
2, ,-2, ,
-1, ,1, ,
0, ,-1, ,
1, ,-1, ,
0, ,1, ,
-1, ,1, ,
2, ,-2, ,
0, ,1, ,
0, ,-1, ,
1, ,-1, ,
1, ,1, ,
-2, ,-1, ,
3, ,-1, ,
-1, ,1, ,
0, ,-1, ,
1, ,-1, ,
0, ,1, ,
-2, ,1, ,
2, ,-1, ,
-2, ,1, ,
0, ,-1, ,
1, ,1, ,
1, ,1, ,
-1, ,1, ,
3, ,-1, ,
-1, ,1, ,
0, ,-1, ,
1, ,-1, ,
0, ,1, ,
-2, ,1, ,
3, ,-1, ,
-1, ,1, ,
0, ,-1, ,
2, ,1, ,
1, ,1, ,
-1, ,1, ,
2, ,-1, ,
-1, ,2, ,
1, ,-1, ,
1, ,-1, ,
1, ,1, ,
-2, ,1, ,
3, ,-2, ,
-2, ,1, ,
-1, ,-1, ,
1, ,1, ,
1, ,1, ,
-2, ,1, ,
2, ,-2, ,
-1, ,1, ,
0, ,-1, ,
1, ,1, ,
1, ,1, ,
-2, ,1, ,
2, ,-1, ,
-1, ,1, ,
0, ,-1, ,
1, ,1, ,
0, ,1, ,
-2, ,1, ,
2, ,-2, ,
-1, ,1, ,
0, ,-1, ,
0, ,1, ,
0, ,1, ,
-2, ,-1, ,
2, ,-1, ,
-1, ,1, ,
0, ,-1, ,
1, ,1, ,
0, ,1, ,
-3, ,1, ,
2, ,-1, ,
-1, ,1, ,
1, ,-1, ,
1, ,1, ,
0, ,1, ,
-2, ,1, ,
2, ,-2, ,
-1, ,1, ,
-1, ,-1, ,
1, ,1, ,
1, ,1, ,
-2, ,1, ,
2, ,-2, ,
-1, ,1, ,
0, ,-1, ,
1, ,1, ,
1, ,-1, ,
-2, ,1, ,
1, ,-1, ,
-1, ,1, ,
0, ,-1, ,
1, ,-1, ,
0, ,1, ,
-2, ,1, ,
1, ,-1, ,
-1, ,1, ,
0, ,-1, ,
1, ,1, ,
0, ,1, ,
-3, ,1, ,
2, ,-2, ,
-2, ,2, ,
0, ,-1, ,
1, ,-1, ,
1, ,1, ,
-2, ,1, ,
3, ,-2, ,
-1, ,1, ,
-1, ,-1, ,
1, ,-1, ,
1, ,1, ,
-2, ,1, ,
1, ,-2, ,
-1, ,1, ,
0, ,-1, ,
1, ,1, ,
0, ,1, ,
-2, ,1, ,
2, ,-2, ,
-2, ,1, ,
-1, ,-1, ,
0, ,1, ,
0, ,1, ,
-1, ,1, ,
2, ,-1, ,
-1, ,1, ,
0, ,-1, ,
2, ,1, ,
0, ,1, ,
-2, ,1, ,
3, ,-2, ,
-1, ,1, ,
1, ,-1, ,
1, ,1, ,
1, ,-1, ,
-2, ,1, ,
1, ,-1, ,
-1, ,1, ,
0, ,-1, ,
1, ,1, ,
1, ,1, ,
-2, ,1, ,
3, ,-2, ,
-1, ,1, ,
0, ,-1, ,
1, ,1, ,
0, ,1, ,
-2, ,1, ,
2, ,-1, ,
0, ,1, ,
0, ,-1, ,
2, ,1, ,
1, ,-1, ,
-2, ,1, ,
2, ,-2, ,
-1, ,2, ,
0, ,-1, ,
1, ,-1, ,
0, ,1, ,
-2, ,1, ,
1, ,-2, ,
-2, ,2, ,
0, ,-1, ,
2, ,1, ,
0, ,1, ,
-2, ,1, ,
2, ,-2, ,
-2, ,1, ,
-1, ,-1, ,
1, ,1, ,
1, ,1, ,
-2, ,1, ,
1, ,-2, ,
-2, ,1, ,
-1, ,-1, ,
1, ,1, ,
2, ,-1, ,
-2, ,1, ,
3, ,-2, ,
-1, ,1, ,
0, ,-1, ,
1, ,1, ,
1, ,1, ,
-1, ,1, ,
2, ,-2, ,
-1, ,2, ,
-1, ,-1, ,
1, ,1, ,
0, ,1, ,
-2, ,1, ,
2, ,-2, ,
-2, ,1, ,
0, ,-1, ,
1, ,1, ,
1, ,-1, ,
-2, ,1, ,
2, ,-2, ,
-1, ,1, ,
-1, ,-1, ,
1, ,1, ,
1, ,-1, ,
-2, ,1, ,
2, ,-2, ,
-1, ,1, ,
0, ,-1, ,
0, ,1, ,
0, ,1, ,
-2, ,1, ,
2, ,-1, ,
-1, ,1, ,
0, ,-1, ,
1, ,-1, ,
1, ,-1, ,
-2, ,1, ,
1, ,-2, ,
-1, ,1, ,
1, ,-1, ,
1, ,1, ,
1, ,1, ,
-2, ,1, ,
2, ,-2, ,
-1, ,1, ,
0, ,-1, ,
1, ,1, ,
0, ,-1, ,
-2, ,1, ,
2, ,-2, ,
-1, ,1, ,
0, ,-1, ,
1, ,-1, ,
1, ,1, ,
-2, ,1, ,
2, ,-1, ,
-1, ,1, ,
0, ,-1, ,
1, ,-1, ,
1, ,1, ,
-2, ,1, ,
2, ,-2, ,
-1, ,1, ,
0, ,-1, ,
1, ,-1, ,
0, ,-1, ,
-2, ,1, ,
2, ,-2, ,
-1, ,1, ,
0, ,-1, ,
1, ,-1, ,
1, ,-1, ,
-2, ,1, ,
2, ,-2, ,
-1, ,1, ,
0, ,-1, ,
1, ,1, ,
1, ,-1, ,
-2, ,1, ,
2, ,-2, ,
-2, ,1, ,
0, ,-1, ,
1, ,-1, ,
1, ,1, ,
-1, ,1, ,
3, ,-2, ,
-1, ,1, ,
0, ,-1, ,
1, ,-1, ,
0, ,1, ,
-1, ,1, ,
2, ,-2, ,
-1, ,2, ,
0, ,-1, ,
1, ,1, ,
1, ,1, ,
-2, ,1, ,
3, ,-2, ,
-1, ,1, ,
0, ,-1, ,
0, ,-1, ,
0, ,1, ,
-2, ,1, ,
2, ,-1, ,
-1, ,1, ,
0, ,-1, ,
1, ,1, ,
1, ,1, ,
-2, ,1, ,
2, ,-2, ,
-1, ,1, ,
0, ,-1, ,
1, ,1, ,
1, ,1, ,
-2, ,1, ,
2, ,-2, ,
-2, ,1, ,
-1, ,-1, ,
2, ,1, ,
1, ,1, ,
-2, ,1, ,
2, ,-2, ,
-2, ,1, ,
0, ,-1, ,
1, ,-1, ,
1, ,1, ,
-2, ,1, ,
2, ,-2, ,
-2, ,1, ,
0, ,-1, ,
2, ,-1, ,
1, ,1, ,
-3, ,1, ,
2, ,-2, ,
-2, ,1, ,
0, ,-1, ,
1, ,1, ,
1, ,1, ,
-1, ,1, ,
2, ,-2, ,
-2, ,1, ,
-1, ,-1, ,
1, ,-1, ,
1, ,-1, ,
-2, ,1, ,
3, ,-2, ,
-2, ,1, ,
0, ,-1, ,
1, ,1, ,
0, ,-1, ,
-2, ,1, ,
2, ,-1, ,
-1, ,1, ,
-1, ,-1, ,
1, ,1, ,
1, ,-1, ,
-1, ,1, ,
2, ,-2, ,
-1, ,1, ,
0, ,-1, ,
0, ,-1, ,
1, ,-1, ,
-2, ,1, ,
2, ,-2, ,
-1, ,1, ,
0, ,-1, ,
1, ,1, ,
1, ,1, ,
-2, ,1, ,
2, ,-2, ,
-1, ,1, ,
0, ,-1, ,
1, ,-1, ,
0, ,1, ,
-2, ,1, ,
2, ,-2, ,
-1, ,1, ,
0, ,-1, ,
1, ,1, ,
1, ,1, ,
-2, ,1, ,
2, ,-2, ,
-1, ,1, ,
0, ,-1, ,
1, ,-1, ,
0, ,1, ,
-2, ,1, ,
2, ,-1, ,
-1, ,2, ,
1, ,-1, ,
2, ,1, ,
1, ,1, ,
-2, ,1, ,
2, ,-2, ,
-1, ,1, ,
0, ,-1, ,
1, ,-1, ,
1, ,1, ,
-2, ,-1, ,
2, ,-2, ,
-1, ,1, ,
-1, ,-1, ,
2, ,1, ,
1, ,1, ,
-1, ,1, ,
3, ,-2, ,
-1, ,1, ,
1, ,-1, ,
2, ,1, ,
1, ,-1, ,
-1, ,1, ,
2, ,-2, ,
-2, ,1, ,
0, ,-1, ,
2, ,-1, ,
1, ,-1, ,
-1, ,1, ,
3, ,-2, ,
0, ,1, ,
0, ,-1, ,
0, ,-1, ,
0, ,1, ,
-2, ,-1, ,
2, ,-2, ,
-1, ,1, ,
0, ,-1, ,
2, ,1, ,
2, ,1, ,
-2, ,1, ,
2, ,-2, ,
-1, ,1, ,
0, ,-1, ,
1, ,1, ,
2, ,1, ,
-2, ,1, ,
2, ,-2, ,
-1, ,1, ,
0, ,-1, ,
1, ,-1, ,
0, ,1, ,
-2, ,1, ,
3, ,-2, ,
-1, ,1, ,
0, ,-1, ,
1, ,1, ,
0, ,-1, ,
-2, ,1, ,
2, ,-2, ,
-1, ,1, ,
0, ,-1, ,
2, ,1, ,
1, ,1, ,
-3, ,1, ,
2, ,-2, ,
-2, ,1, ,
0, ,-1, ,
1, ,1, ,
1, ,1, ,
-2, ,1, ,
2, ,-1, ,
-1, ,2, ,
0, ,-1, ,
2, ,-1, ,
1, ,-1, ,
-2, ,1, ,
2, ,-2, ,
-1, ,1, ,
0, ,-1, ,
1, ,-1, ,
1, ,-1, ,
-2, ,1, ,
2, ,-2, ,
-1, ,1, ,
0, ,-1, ,
1, ,1, ,
0, ,-1, ,
-2, ,1, ,
2, ,-2, ,
-1, ,1, ,
0, ,-1, ,
1, ,1, ,
0, ,1, ,
-1, ,-1, ,
3, ,-2, ,
-1, ,1, ,
0, ,-1, ,
1, ,1, ,
1, ,-1, ,
-2, ,1, ,
2, ,-2, ,
-1, ,1, ,
0, ,-1, ,
1, ,-1, ,
1, ,1, ,
-2, ,1, ,
2, ,-2, ,
-1, ,1, ,
-1, ,-1, ,
1, ,1, ,
1, ,1, ,
-2, ,1, ,
3, ,-2, ,
-1, ,1, ,
0, ,-1, ,
1, ,1, ,
1, ,1, ,
-2, ,1, ,
2, ,-2, ,
-1, ,1, ,
0, ,-1, ,
2, ,1, ,
1, ,1, ,
-2, ,1, ,
3, ,-2, ,
0, ,1, ,
1, ,-1, ,
1, ,1, ,
1, ,1, ,
-2, ,1, ,
2, ,-2, ,
-1, ,1, ,
-1, ,-1, ,
1, ,1, ,
1, ,1, ,
-2, ,1, ,
2, ,-2, ,
-1, ,1, ,
0, ,-1, ,
1, ,1, ,
1, ,1, ,
-1, ,1, ,
2, ,-2, ,
-1, ,2, ,
0, ,-1, ,
2, ,1, ,
1, ,1, ,
-1, ,1, ,
3, ,-2, ,
-1, ,2, ,
-1, ,-1, ,
1, ,1, ,
1, ,-1, ,
-2, ,1, ,
3, ,-1, ,
-1, ,1, ,
0, ,-1, ,
1, ,1, ,
1, ,1, ,
-2, ,1, ,
2, ,-2, ,
-1, ,1, ,
1, ,-1, ,
2, ,1, ,
2, ,1, ,
-1, ,1, ,
2, ,-1, ,
-2, ,1, ,
0, ,-1, ,
1, ,-1, ,
1, ,-1, ,
-1, ,1, ,
3, ,-2, ,
-1, ,1, ,
0, ,-1, ,
1, ,1, ,
0, ,1, ,
-2, ,1, ,
2, ,-2, ,
-1, ,1, ,
0, ,-1, ,
1, ,1, ,
1, ,1, ,
-2, ,1, ,
2, ,-2, ,
-1, ,1, ,
0, ,-1, ,
1, ,1, ,
0, ,-1, ,
-2, ,1, ,
2, ,-1, ,
-2, ,1, ,
-1, ,-1, ,
1, ,-1, ,
1, ,1, ,
-2, ,1, ,
2, ,-2, ,
-1, ,1, ,
0, ,-1, ,
1, ,-1, ,
0, ,1, ,
-1, ,1, ,
2, ,-2, ,
-2, ,1, ,
0, ,-1, ,
1, ,-1, ,
1, ,1, ,
-2, ,1, ,
2, ,-2, ,
-1, ,1, ,
0, ,-1, ,
1, ,1, ,
0, ,1, ,
-2, ,1, ,
2, ,-1, ,
-1, ,1, ,
0, ,-1, ,
1, ,1, ,
1, ,1, ,
-3, ,1, ,
2, ,-2, ,
-1, ,1, ,
0, ,-1, ,
1, ,-1, ,
1, ,1, ,
-2, ,1, ,
2, ,-2, ,
-2, ,1, ,
-1, ,-1, ,
1, ,-1, ,
1, ,1, ,
-1, ,1, ,
3, ,-2, ,
-1, ,1, ,
0, ,-1, ,
1, ,1, ,
0, ,1, ,
-1, ,1, ,
3, ,-2, ,
-1, ,2, ,
-1, ,-1, ,
1, ,1, ,
1, ,1, ,
-2, ,-1, ,
3, ,-2, ,
-1, ,1, ,
0, ,-1, ,
1, ,1, ,
1, ,1, ,
-2, ,1, ,
2, ,-2, ,
-1, ,1, ,
0, ,-1, ,
2, ,-1, ,
1, ,1, ,
-2, ,1, ,
3, ,-2, ,
-1, ,1, ,
-1, ,-1, ,
1, ,1, ,
1, ,1, ,
-2, ,1, ,
2, ,-1, ,
-2, ,1, ,
0, ,-1, ,
1, ,1, ,
1, ,1, ,
-1, ,1, ,
3, ,-2, ,
-1, ,1, ,
1, ,-1, ,
2, ,1, ,
1, ,1, ,
-1, ,1, ,
2, ,-2, ,
-2, ,1, ,
0, ,-1, ,
2, ,1, ,
0, ,1, ,
-2, ,1, ,
2, ,-2, ,
-1, ,1, ,
1, ,-1, ,
1, ,-1, ,
2, ,1, ,
-1, ,1, ,
1, ,-2, ,
-2, ,1, ,
-1, ,-1, ,
1, ,1, ,
2, ,-1, ,
-1, ,1, ,
3, ,-2, ,
-2, ,1, ,
0, ,-1, ,
0, ,-1, ,
1, ,1, ,
-2, ,1, ,
2, ,-1, ,
-1, ,1, ,
-1, ,-1, ,
1, ,1, ,
1, ,1, ,
-2, ,1, ,
2, ,-2, ,
-1, ,1, ,
0, ,-1, ,
1, ,1, ,
0, ,1, ,
-2, ,1, ,
2, ,-2, ,
-1, ,1, ,
0, ,-1, ,
1, ,-1, ,
1, ,-1, ,
-3, ,1, ,
2, ,-2, ,
-1, ,1, ,
1, ,-1, ,
1, ,1, ,
1, ,1, ,
-2, ,-1, ,
2, ,-2, ,
-1, ,1, ,
-1, ,-1, ,
1, ,-1, ,
2, ,-1, ,
-2, ,1, ,
2, ,-1, ,
-1, ,1, ,
0, ,-1, ,
-1, ,-1, ,
-1, ,1, ,
-3, ,1, ,
1, ,-2, ,
-2, ,1, ,
0, ,-1, ,
2, ,-1, ,
1, ,1, ,
-2, ,1, ,
2, ,-2, ,
-1, ,1, ,
0, ,-1, ,
1, ,1, ,
1, ,-1, ,
-1, ,1, ,
2, ,-1, ,
-2, ,1, ,
0, ,-1, ,
1, ,-1, ,
1, ,1, ,
-1, ,1, ,
2, ,-2, ,
-1, ,1, ,
0, ,-1, ,
1, ,1, ,
0, ,-1, ,
-1, ,1, ,
2, ,-2, ,
-1, ,1, ,
0, ,-1, ,
1, ,1, ,
0, ,1, ,
-2, ,1, ,
3, ,-2, ,
-1, ,1, ,
0, ,-1, ,
1, ,1, ,
0, ,1, ,
-1, ,1, ,
2, ,-2, ,
-1, ,1, ,
0, ,-1, ,
1, ,1, ,
2, ,1, ,
-2, ,1, ,
2, ,-2, ,
-1, ,1, ,
0, ,-1, ,
2, ,1, ,
1, ,-1, ,
-1, ,1, ,
2, ,-1, ,
-1, ,1, ,
-1, ,-1, ,
1, ,-1, ,
2, ,-1, ,
-1, ,1, ,
3, ,-2, ,
-1, ,1, ,
0, ,-1, ,
1, ,1, ,
0, ,1, ,
-1, ,1, ,
3, ,-2, ,
-1, ,1, ,
0, ,-1, ,
1, ,1, ,
1, ,1, ,
-3, ,1, ,
2, ,-2, ,
-1, ,1, ,
1, ,-1, ,
1, ,1, ,
1, ,1, ,
-2, ,1, ,
3, ,-1, ,
-1, ,1, ,
0, ,-1, ,
1, ,1, ,
1, ,-1, ,
-2, ,1, ,
2, ,-2, ,
-1, ,1, ,
1, ,-1, ,
1, ,1, ,
1, ,-1, ,
-2, ,1, ,
2, ,-2, ,
-1, ,2, ,
-1, ,-1, ,
2, ,1, ,
2, ,1, ,
-2, ,1, ,
2, ,-2, ,
-1, ,1, ,
0, ,-1, ,
1, ,1, ,
1, ,1, ,
-2, ,1, ,
2, ,-2, ,
0, ,1, ,
0, ,-1, ,
1, ,1, ,
1, ,1, ,
-2, ,1, ,
2, ,-2, ,
-1, ,1, ,
0, ,-1, ,
1, ,-1, ,
2, ,1, ,
-1, ,1, ,
2, ,-2, ,
-1, ,1, ,
-1, ,-1, ,
1, ,-1, ,
1, ,-1, ,
-2, ,1, ,
2, ,-2, ,
-1, ,1, ,
0, ,-1, ,
0, ,-1, ,
1, ,-1, ,
-2, ,1, ,
2, ,-2, ,
-1, ,1, ,
0, ,-1, ,
1, ,-1, ,
1, ,-1, ,
-2, ,1, ,
1, ,-2, ,
-1, ,1, ,
1, ,-1, ,
1, ,-1, ,
0, ,-1, ,
-2, ,1, ,
2, ,-2, ,
-1, ,1, ,
0, ,-1, ,
1, ,1, ,
1, ,1, ,
-2, ,1, ,
2, ,-2, ,
-1, ,1, ,
0, ,-1, ,
0, ,-1, ,
0, ,1, ,
-3, ,1, ,
1, ,-1, ,
-2, ,1, ,
-1, ,-1, ,
1, ,-1, ,
0, ,1, ,
-3, ,1, ,
3, ,-2, ,
-1, ,1, ,
0, ,-1, ,
1, ,-1, ,
0, ,1, ,
-3, ,1, ,
2, ,-2, ,
-1, ,1, ,
-1, ,-1, ,
0, ,-1, ,
1, ,1, ,
-2, ,1, ,
2, ,-1, ,
-2, ,1, ,
0, ,-1, ,
1, ,-1, ,
1, ,1, ,
-2, ,1, ,
1, ,-1, ,
-2, ,2, ,
-1, ,-1, ,
1, ,-1, ,
2, ,-1, ,
-1, ,1, ,
2, ,-2, ,
-1, ,1, ,
-1, ,-1, ,
0, ,-1, ,
0, ,-1, ,
-1, ,1, ,
2, ,-1, ,
-1, ,1, ,
0, ,-1, ,
1, ,1, ,
0, ,1, ,
-3, ,1, ,
2, ,-2, ,
-2, ,1, ,
0, ,-1, ,
2, ,1, ,
1, ,1, ,
-2, ,1, ,
3, ,-1, ,
-1, ,1, ,
-1, ,-1, ,
1, ,1, ,
1, ,1, ,
-2, ,1, ,
3, ,-2, ,
0, ,1, ,
0, ,-1, ,
1, ,1, ,
1, ,1, ,
-2, ,1, ,
2, ,-1, ,
-1, ,1, ,
0, ,-1, ,
1, ,1, ,
2, ,-1, ,
-1, ,1, ,
2, ,-2, ,
-1, ,1, ,
0, ,-1, ,
1, ,1, ,
1, ,1, ,
-2, ,-1, ,
2, ,-2, ,
0, ,1, ,
0, ,-1, ,
2, ,-1, ,
1, ,1, ,
-3, ,1, ,
2, ,-2, ,
-1, ,1, ,
0, ,-1, ,
1, ,1, ,
2, ,1, ,
-1, ,1, ,
2, ,-1, ,
-1, ,1, ,
0, ,-1, ,
2, ,1, ,
1, ,1, ,
-2, ,1, ,
2, ,-2, ,
-1, ,1, ,
0, ,-1, ,
1, ,1, ,
0, ,1, ,
-2, ,1, ,
2, ,-1, ,
-1, ,1, ,
0, ,-1, ,
1, ,-1, ,
0, ,1, ,
-2, ,1, ,
2, ,-2, ,
-1, ,1, ,
0, ,-1, ,
1, ,1, ,
0, ,1, ,
-2, ,1, ,
2, ,-2, ,
-2, ,1, ,
-1, ,-1, ,
1, ,1, ,
1, ,1, ,
-2, ,1, ,
2, ,-2, ,
-2, ,1, ,
0, ,-1, ,
1, ,1, ,
0, ,1, ,
-2, ,1, ,
1, ,-1, ,
-1, ,2, ,
-1, ,-1, ,
1, ,-1, ,
1, ,1, ,
-2, ,1, ,
2, ,-2, ,
-1, ,1, ,
0, ,-1, ,
0, ,1, ,
-1, ,1, ,
-2, ,1, ,
2, ,-2, ,
-1, ,1, ,
0, ,-1, ,
1, ,-1, ,
0, ,1, ,
-3, ,1, ,
2, ,-1, ,
-1, ,1, ,
0, ,-1, ,
1, ,1, ,
1, ,1, ,
-1, ,1, ,
2, ,-2, ,
-2, ,1, ,
-1, ,-1, ,
1, ,-1, ,
1, ,1, ,
-2, ,1, ,
3, ,-2, ,
-1, ,1, ,
0, ,-1, ,
1, ,-1, ,
1, ,1, ,
-2, ,-1, ,
1, ,-2, ,
-2, ,1, ,
0, ,-1, ,
2, ,1, ,
1, ,1, ,
-2, ,1, ,
2, ,-1, ,
-1, ,1, ,
-1, ,-1, ,
0, ,-1, ,
1, ,1, ,
-2, ,1, ,
2, ,-1, ,
-2, ,1, ,
-1, ,-1, ,
2, ,-1, ,
1, ,1, ,
-2, ,1, ,
2, ,-2, ,
-1, ,1, ,
0, ,-1, ,
1, ,-1, ,
0, ,1, ,
-1, ,1, ,
3, ,-2, ,
-1, ,1, ,
-1, ,-1, ,
1, ,-1, ,
1, ,1, ,
-2, ,1, ,
3, ,-1, ,
-1, ,1, ,
0, ,-1, ,
1, ,1, ,
0, ,-1, ,
-2, ,1, ,
3, ,-1, ,
0, ,1, ,
0, ,-1, ,
2, ,1, ,
1, ,1, ,
-2, ,1, ,
2, ,-1, ,
-1, ,1, ,
0, ,-1, ,
1, ,-1, ,
1, ,1, ,
-2, ,1, ,
2, ,-1, ,
-1, ,1, ,
-1, ,-1, ,
2, ,1, ,
1, ,1, ,
-2, ,1, ,
2, ,-2, ,
-1, ,1, ,
1, ,-1, ,
1, ,1, ,
1, ,1, ,
-2, ,1, ,
2, ,-1, ,
-1, ,1, ,
0, ,-1, ,
2, ,-1, ,
1, ,1, ,
-2, ,1, ,
2, ,-1, ,
-1, ,1, ,
0, ,-1, ,
1, ,1, ,
1, ,1, ,
-1, ,1, ,
2, ,-1, ,
-1, ,1, ,
0, ,-1, ,
1, ,1, ,
1, ,-1, ,
-2, ,1, ,
2, ,-1, ,
-1, ,1, ,
1, ,-1, ,
1, ,1, ,
0, ,1, ,
-3, ,1, ,
2, ,-1, ,
-2, ,1, ,
-1, ,-1, ,
1, ,1, ,
0, ,1, ,
-2, ,1, ,
3, ,-2, ,
-1, ,1, ,
-1, ,-1, ,
0, ,-1, ,
0, ,1, ,
-2, ,1, ,
1, ,-1, ,
-1, ,1, ,
0, ,-1, ,
1, ,1, ,
1, ,1, ,
-3, ,1, ,
1, ,-2, ,
-1, ,1, ,
0, ,-1, ,
1, ,1, ,
1, ,1, ,
-1, ,1, ,
2, ,-1, ,
-1, ,1, ,
-1, ,-1, ,
1, ,-1, ,
1, ,1, ,
-2, ,1, ,
2, ,-2, ,
-1, ,1, ,
0, ,-1, ,
1, ,1, ,
1, ,1, ,
-2, ,1, ,
2, ,-2, ,
-2, ,1, ,
-1, ,-1, ,
1, ,1, ,
1, ,1, ,
-2, ,1, ,
2, ,-2, ,
-1, ,1, ,
-1, ,-1, ,
0, ,1, ,
1, ,1, ,
-1, ,1, ,
1, ,-2, ,
-2, ,1, ,
0, ,-1, ,
1, ,1, ,
0, ,1, ,
-2, ,1, ,
3, ,-1, ,
-2, ,1, ,
0, ,-1, ,
1, ,-1, ,
1, ,1, ,
-1, ,1, ,
2, ,-1, ,
-1, ,1, ,
-1, ,-1, ,
1, ,-1, ,
1, ,-1, ,
-1, ,1, ,
2, ,-2, ,
-1, ,1, ,
1, ,-1, ,
0, ,1, ,
1, ,1, ,
-2, ,1, ,
2, ,-2, ,
-1, ,1, ,
0, ,-1, ,
1, ,-1, ,
1, ,1, ,
-2, ,1, ,
2, ,-2, ,
-1, ,1, ,
0, ,-1, ,
1, ,1, ,
1, ,1, ,
-2, ,1, ,
2, ,-1, ,
-1, ,1, ,
0, ,-1, ,
1, ,1, ,
0, ,1, ,
-2, ,1, ,
2, ,-1, ,
-1, ,1, ,
0, ,-1, ,
2, ,1, ,
1, ,1, ,
-2, ,1, ,
2, ,-1, ,
-1, ,1, ,
0, ,-1, ,
2, ,1, ,
1, ,1, ,
-1, ,1, ,
2, ,-2, ,
-1, ,1, ,
0, ,-1, ,
1, ,1, ,
0, ,1, ,
-3, ,1, ,
3, ,-1, ,
-1, ,1, ,
0, ,-1, ,
1, ,-1, ,
1, ,1, ,
-2, ,1, ,
1, ,-2, ,
-1, ,1, ,
1, ,-1, ,
1, ,1, ,
1, ,1, ,
-2, ,1, ,
1, ,-1, ,
-1, ,2, ,
-1, ,-1, ,
1, ,1, ,
1, ,1, ,
-1, ,1, ,
2, ,-1, ,
-1, ,1, ,
0, ,-1, ,
1, ,1, ,
0, ,1, ,
-2, ,1, ,
2, ,-1, ,
-1, ,1, ,
0, ,-1, ,
1, ,-1, ,
1, ,1, ,
-2, ,1, ,
1, ,-2, ,
-2, ,1, ,
0, ,-1, ,
1, ,1, ,
0, ,1, ,
-2, ,1, ,
2, ,-2, ,
-1, ,1, ,
-1, ,-1, ,
0, ,1, ,
1, ,1, ,
-2, ,1, ,
1, ,-2, ,
-1, ,1, ,
-1, ,-1, ,
1, ,-1, ,
1, ,1, ,
-2, ,1, ,
2, ,-1, ,
-1, ,1, ,
0, ,-1, ,
1, ,1, ,
1, ,1, ,
-2, ,1, ,
1, ,-2, ,
-1, ,1, ,
0, ,-1, ,
1, ,-1, ,
0, ,-1, ,
-2, ,1, ,
2, ,-1, ,
-1, ,1, ,
-1, ,-1, ,
2, ,-1, ,
2, ,1, ,
-2, ,1, ,
1, ,-2, ,
-1, ,1, ,
0, ,-1, ,
1, ,-1, ,
1, ,1, ,
-2, ,1, ,
2, ,-2, ,
-2, ,1, ,
0, ,-1, ,
1, ,1, ,
1, ,-1, ,
-1, ,1, ,
1, ,-2, ,
-2, ,1, ,
0, ,-1, ,
1, ,1, ,
1, ,1, ,
-2, ,1, ,
3, ,-1, ,
-2, ,1, ,
0, ,-1, ,
0, ,1, ,
1, ,-1, ,
-1, ,1, ,
1, ,-2, ,
-1, ,1, ,
-1, ,-1, ,
1, ,1, ,
1, ,1, ,
-2, ,1, ,
3, ,-1, ,
-1, ,1, ,
0, ,-1, ,
1, ,1, ,
1, ,1, ,
-2, ,1, ,
2, ,-1, ,
-1, ,1, ,
0, ,-1, ,
1, ,-1, ,
1, ,1, ,
-2, ,1, ,
3, ,-1, ,
-1, ,1, ,
0, ,-1, ,
1, ,1, ,
0, ,1, ,
-2, ,1, ,
2, ,-2, ,
-1, ,1, ,
1, ,-1, ,
1, ,1, ,
0, ,1, ,
-2, ,1, ,
2, ,-1, ,
-1, ,1, ,
1, ,-1, ,
1, ,1, ,
0, ,1, ,
-2, ,1, ,
1, ,-1, ,
-1, ,1, ,
1, ,-1, ,
1, ,1, ,
1, ,1, ,
-1, ,1, ,
1, ,-2, ,
-1, ,1, ,
0, ,-1, ,
1, ,1, ,
1, ,1, ,
-2, ,1, ,
3, ,-2, ,
-1, ,1, ,
0, ,-1, ,
1, ,1, ,
1, ,1, ,
-2, ,1, ,
2, ,-2, ,
-1, ,1, ,
0, ,-1, ,
1, ,-1, ,
1, ,1, ,
-2, ,1, ,
2, ,-2, ,
-1, ,1, ,
0, ,-1, ,
1, ,1, ,
1, ,1, ,
-2, ,1, ,
2, ,-1, ,
-1, ,1, ,
0, ,-1, ,
2, ,1, ,
1, ,1, ,
-2, ,1, ,
1, ,-1, ,
-2, ,2, ,
-1, ,-1, ,
2, ,-1, ,
1, ,1, ,
-2, ,-1, ,
2, ,-2, ,
-2, ,1, ,
-1, ,-1, ,
1, ,1, ,
1, ,1, ,
-2, ,1, ,
3, ,-2, ,
-1, ,1, ,
-1, ,-1, ,
1, ,1, ,
1, ,1, ,
-2, ,1, ,
2, ,-2, ,
-1, ,1, ,
0, ,-1, ,
0, ,-1, ,
0, ,1, ,
-2, ,1, ,
2, ,-2, ,
-1, ,1, ,
0, ,-1, ,
1, ,-1, ,
0, ,1, ,
-3, ,1, ,
1, ,-1, ,
-1, ,1, ,
0, ,-1, ,
1, ,1, ,
1, ,1, ,
-2, ,1, ,
1, ,-2, ,
-1, ,1, ,
1, ,-1, ,
2, ,1, ,
0, ,1, ,
-2, ,1, ,
2, ,-2, ,
-1, ,1, ,
0, ,-1, ,
1, ,1, ,
2, ,1, ,
-2, ,1, ,
2, ,-1, ,
-1, ,1, ,
0, ,-1, ,
1, ,1, ,
1, ,1, ,
-2, ,1, ,
2, ,-1, ,
-1, ,1, ,
1, ,-1, ,
2, ,-1, ,
0, ,1, ,
-2, ,1, ,
1, ,-1, ,
-1, ,1, ,
1, ,-1, ,
1, ,-1, ,
1, ,-1, ,
-2, ,-1, ,
3, ,-1, ,
-1, ,1, ,
0, ,-1, ,
1, ,1, ,
1, ,1, ,
-2, ,1, ,
1, ,-1, ,
-1, ,1, ,
0, ,-1, ,
0, ,1, ,
0, ,1, ,
-2, ,1, ,
2, ,-2, ,
-2, ,1, ,
1, ,-1, ,
0, ,1, ,
0, ,1, ,
-2, ,1, ,
2, ,-1, ,
-1, ,1, ,
0, ,-1, ,
2, ,1, ,
0, ,1, ,
-2, ,1, ,
2, ,-1, ,
-1, ,1, ,
0, ,-1, ,
1, ,1, ,
1, ,1, ,
-2, ,1, ,
1, ,-1, ,
-2, ,1, ,
0, ,-1, ,
1, ,1, ,
1, ,-1, ,
-2, ,1, ,
2, ,-1, ,
-1, ,1, ,
0, ,-1, ,
1, ,1, ,
1, ,1, ,
-2, ,1, ,
2, ,-2, ,
-1, ,1, ,
1, ,-1, ,
1, ,-1, ,
0, ,1, ,
-2, ,1, ,
2, ,-1, ,
-1, ,1, ,
0, ,-1, ,
1, ,-1, ,
1, ,1, ,
-2, ,1, ,
2, ,-2, ,
-2, ,1, ,
0, ,-1, ,
2, ,-1, ,
1, ,-1, ,
-2, ,1, ,
2, ,-1, ,
-1, ,1, ,
-1, ,-1, ,
1, ,1, ,
1, ,1, ,
-2, ,1, ,
2, ,-2, ,
-1, ,1, ,
-1, ,-1, ,
0, ,-1, ,
1, ,1, ,
-2, ,1, ,
2, ,-2, ,
-2, ,1, ,
0, ,-1, ,
1, ,1, ,
1, ,1, ,
-2, ,-1, ,
2, ,-2, ,
-2, ,1, ,
0, ,-1, ,
1, ,-1, ,
1, ,1, ,
-2, ,1, ,
1, ,-1, ,
-1, ,1, ,
0, ,-1, ,
0, ,1, ,
0, ,1, ,
-3, ,1, ,
2, ,-2, ,
-1, ,1, ,
0, ,-1, ,
1, ,1, ,
1, ,1, ,
-2, ,1, ,
1, ,-2, ,
-1, ,1, ,
-1, ,-1, ,
1, ,1, ,
1, ,1, ,
-2, ,1, ,
2, ,-2, ,
-1, ,1, ,
0, ,-1, ,
1, ,-1, ,
0, ,1, ,
-2, ,1, ,
1, ,-1, ,
-1, ,1, ,
1, ,-1, ,
1, ,-1, ,
0, ,1, ,
-2, ,1, ,
1, ,-2, ,
-1, ,1, ,
0, ,-1, ,
1, ,-1, ,
1, ,1, ,
-2, ,1, ,
2, ,-2, ,
-2, ,1, ,
1, ,-1, ,
1, ,1, ,
1, ,1, ,
-2, ,1, ,
2, ,-1, ,
-2, ,1, ,
0, ,-1, ,
1, ,1, ,
1, ,1, ,
-2, ,1, ,
2, ,-1, ,
-2, ,1, ,
0, ,-1, ,
1, ,1, ,
0, ,1, ,
-2, ,1, ,
1, ,-1, ,
-1, ,1, ,
1, ,-1, ,
1, ,1, ,
1, ,1, ,
-2, ,1, ,
2, ,-1, ,
-1, ,1, ,
0, ,-1, ,
1, ,1, ,
1, ,1, ,
-2, ,1, ,
1, ,-2, ,
-1, ,1, ,
1, ,-1, ,
1, ,1, ,
1, ,1, ,
-2, ,1, ,
3, ,-2, ,
-1, ,1, ,
-1, ,-1, ,
1, ,1, ,
1, ,1, ,
-2, ,1, ,
2, ,-2, ,
-1, ,1, ,
0, ,-1, ,
0, ,1, ,
0, ,1, ,
-2, ,1, ,
2, ,-1, ,
-1, ,1, ,
1, ,-1, ,
2, ,-1, ,
1, ,1, ,
-2, ,1, ,
2, ,-1, ,
-2, ,1, ,
0, ,-1, ,
2, ,1, ,
1, ,-1, ,
-2, ,1, ,
2, ,-1, ,
-1, ,1, ,
0, ,-1, ,
1, ,1, ,
1, ,1, ,
-1, ,1, ,
2, ,-2, ,
-1, ,1, ,
1, ,-1, ,
1, ,1, ,
1, ,1, ,
-1, ,1, ,
3, ,-1, ,
-2, ,1, ,
1, ,-1, ,
2, ,1, ,
0, ,1, ,
-2, ,1, ,
3, ,-1, ,
-1, ,1, ,
-1, ,-1, ,
1, ,1, ,
2, ,1, ,
-2, ,1, ,
3, ,-2, ,
0, ,1, ,
1, ,-1, ,
1, ,-1, ,
0, ,1, ,
-2, ,1, ,
1, ,-2, ,
-2, ,1, ,
0, ,-1, ,
1, ,1, ,
1, ,1, ,
-2, ,1, ,
1, ,-2, ,
-1, ,1, ,
-1, ,-1, ,
0, ,1, ,
1, ,1, ,
-1, ,1, ,
2, ,-2, ,
-1, ,1, ,
0, ,-1, ,
1, ,1, ,
0, ,1, ,
-2, ,1, ,
2, ,-2, ,
-1, ,1, ,
1, ,-1, ,
0, ,1, ,
0, ,1, ,
-2, ,1, ,
1, ,-2, ,
-1, ,1, ,
1, ,-1, ,
1, ,1, ,
1, ,1, ,
-2, ,1, ,
2, ,-2, ,
-1, ,1, ,
0, ,-1, ,
1, ,1, ,
1, ,1, ,
-2, ,1, ,
1, ,-2, ,
-1, ,1, ,
0, ,-1, ,
1, ,-1, ,
1, ,1, ,
-2, ,1, ,
2, ,-2, ,
-1, ,1, ,
0, ,-1, ,
1, ,-1, ,
2, ,1, ,
-1, ,1, ,
2, ,-2, ,
-2, ,1, ,
0, ,-1, ,
1, ,-1, ,
0, ,1, ,
-2, ,1, ,
2, ,-2, ,
-1, ,1, ,
0, ,-1, ,
0, ,1, ,
1, ,1, ,
-2, ,1, ,
1, ,-2, ,
-1, ,1, ,
1, ,-1, ,
0, ,1, ,
0, ,1, ,
-2, ,1, ,
2, ,-2, ,
-1, ,1, ,
0, ,-1, ,
0, ,1, ,
1, ,-1, ,
-1, ,1, ,
2, ,-2, ,
-1, ,1, ,
0, ,-1, ,
0, ,1, ,
0, ,1, ,
-3, ,1, ,
4, ,-1, ,
-1, ,1, ,
0, ,-1, ,
1, ,1, ,
1, ,1, ,
-2, ,1, ,
2, ,-1, ,
-1, ,1, ,
0, ,-1, ,
1, ,1, ,
0, ,-1, ,
-2, ,1, ,
1, ,-2, ,
-2, ,1, ,
-1, ,-1, ,
0, ,-1, ,
0, ,1, ,
-2, ,1, ,
3, ,-2, ,
1, ,1, ,
1, ,-1, ,
1, ,1, ,
1, ,1, ,
-2, ,1, ,
1, ,-1, ,
-1, ,1, ,
0, ,-1, ,
1, ,1, ,
1, ,1, ,
-3, ,1, ,
2, ,-1, ,
-1, ,1, ,
1, ,-1, ,
1, ,-1, ,
1, ,-1, ,
-2, ,1, ,
2, ,-1, ,
-1, ,1, ,
1, ,-1, ,
1, ,-1, ,
1, ,-1, ,
-2, ,1, ,
1, ,-2, ,
-1, ,1, ,
0, ,-1, ,
1, ,1, ,
2, ,1, ,
-1, ,1, ,
3, ,-2, ,
-1, ,1, ,
-1, ,-1, ,
1, ,-1, ,
1, ,1, ,
0, ,1, ,
2, ,-2, ,
0, ,1, ,
0, ,-1, ,
1, ,-1, ,
1, ,1, ,
-2, ,1, ,
3, ,-2, ,
-1, ,1, ,
-1, ,-1, ,
1, ,1, ,
2, ,1, ,
-2, ,1, ,
1, ,-2, ,
-1, ,1, ,
2, ,-1, ,
1, ,1, ,
0, ,1, ,
-1, ,1, ,
2, ,-1, ,
-1, ,1, ,
1, ,-1, ,
1, ,1, ,
2, ,1, ,
-2, ,1, ,
3, ,-2, ,
-1, ,1, ,
0, ,-1, ,
1, ,1, ,
1, ,1, ,
-2, ,-1, ,
2, ,-2, ,
-1, ,1, ,
1, ,-1, ,
2, ,-1, ,
1, ,1, ,
-2, ,1, ,
3, ,-2, ,
-1, ,1, ,
0, ,-1, ,
1, ,-1, ,
1, ,-1, ,
-2, ,1, ,
2, ,-1, ,
-1, ,2, ,
0, ,-1, ,
1, ,-1, ,
1, ,1, ,
-3, ,-1, ,
2, ,-2, ,
-1, ,1, ,
1, ,-1, ,
1, ,1, ,
1, ,1, ,
-1, ,-1, ,
1, ,-2, ,
-2, ,1, ,
1, ,-1, ,
0, ,-1, ,
1, ,1, ,
-2, ,1, ,
2, ,-1, ,
-1, ,1, ,
1, ,-1, ,
0, ,1, ,
1, ,1, ,
-1, ,1, ,
2, ,-1, ,
0, ,1, ,
1, ,-1, ,
1, ,-1, ,
2, ,1, ,
-1, ,1, ,
2, ,-2, ,
-1, ,1, ,
0, ,-1, ,
1, ,-1, ,
1, ,1, ,
-2, ,1, ,
2, ,-2, ,
0, ,1, ,
1, ,-1, ,
1, ,1, ,
1, ,1, ,
-2, ,1, ,
2, ,-2, ,
-1, ,1, ,
0, ,-1, ,
1, ,1, ,
0, ,1, ,
-2, ,1, ,
2, ,-2, ,
-1, ,1, ,
0, ,-1, ,
1, ,1, ,
1, ,1, ,
-2, ,1, ,
2, ,-2, ,
-1, ,1, ,
-1, ,-1, ,
0, ,1, ,
0, ,1, ,
-3, ,1, ,
3, ,-1, ,
-1, ,1, ,
1, ,-1, ,
1, ,1, ,
1, ,1, ,
-3, ,1, ,
1, ,-2, ,
-2, ,1, ,
0, ,-1, ,
2, ,1, ,
1, ,1, ,
-2, ,1, ,
2, ,-1, ,
-2, ,1, ,
-1, ,-1, ,
1, ,-1, ,
1, ,-1, ,
-3, ,1, ,
2, ,-2, ,
-1, ,1, ,
0, ,-1, ,
1, ,1, ,
0, ,1, ,
-2, ,1, ,
2, ,-2, ,
-1, ,1, ,
-1, ,-1, ,
1, ,1, ,
1, ,1, ,
-2, ,1, ,
1, ,-2, ,
-1, ,1, ,
0, ,-1, ,
1, ,1, ,
0, ,1, ,
-2, ,1, ,
3, ,-2, ,
-1, ,2, ,
0, ,-1, ,
1, ,-1, ,
1, ,1, ,
-2, ,1, ,
2, ,-2, ,
-2, ,1, ,
0, ,-1, ,
1, ,-1, ,
1, ,-1, ,
-2, ,1, ,
2, ,-2, ,
-2, ,1, ,
-1, ,-1, ,
2, ,1, ,
1, ,1, ,
-1, ,1, ,
2, ,-1, ,
-1, ,1, ,
0, ,-1, ,
2, ,1, ,
1, ,1, ,
-2, ,1, ,
3, ,-2, ,
0, ,1, ,
0, ,-1, ,
1, ,1, ,
1, ,1, ,
-2, ,1, ,
2, ,-2, ,
-1, ,1, ,
1, ,-1, ,
1, ,1, ,
1, ,1, ,
-1, ,1, ,
2, ,-1, ,
-2, ,1, ,
0, ,-1, ,
2, ,-1, ,
2, ,1, ,
-2, ,1, ,
2, ,-2, ,
-1, ,1, ,
0, ,-1, ,
1, ,-1, ,
1, ,1, ,
-2, ,1, ,
2, ,-2, ,
-1, ,1, ,
0, ,-1, ,
2, ,1, ,
1, ,1, ,
-2, ,1, ,
3, ,-2, ,
-1, ,2, ,
0, ,-1, ,
1, ,1, ,
1, ,1, ,
-2, ,1, ,
2, ,-2, ,
-1, ,1, ,
0, ,-1, ,
2, ,-1, ,
1, ,-1, ,
-3, ,-1, ,
1, ,-2, ,
-1, ,1, ,
0, ,-1, ,
1, ,1, ,
1, ,1, ,
-2, ,1, ,
2, ,-2, ,
-1, ,1, ,
0, ,-1, ,
0, ,1, ,
1, ,1, ,
-1, ,1, ,
3, ,-2, ,
-1, ,1, ,
0, ,-1, ,
1, ,-1, ,
0, ,1, ,
-2, ,1, ,
2, ,-2, ,
-1, ,1, ,
1, ,-1, ,
1, ,1, ,
1, ,1, ,
-2, ,1, ,
2, ,-2, ,
-1, ,1, ,
0, ,-1, ,
1, ,1, ,
0, ,-1, ,
-2, ,1, ,
2, ,-1, ,
-2, ,1, ,
-1, ,-1, ,
1, ,1, ,
2, ,-1, ,
-2, ,1, ,
1, ,-2, ,
-1, ,1, ,
-1, ,-1, ,
1, ,1, ,
0, ,-1, ,
-2, ,1, ,
1, ,-1, ,
-2, ,1, ,
-1, ,-1, ,
1, ,1, ,
0, ,1, ,
-2, ,1, ,
2, ,-1, ,
-1, ,2, ,
-1, ,-1, ,
1, ,-1, ,
0, ,-1, ,
-2, ,1, ,
2, ,-2, ,
-1, ,1, ,
0, ,-1, ,
1, ,-1, ,
1, ,-1, ,
-2, ,1, ,
2, ,-2, ,
-2, ,1, ,
0, ,-1, ,
1, ,1, ,
0, ,1, ,
-2, ,1, ,
2, ,-2, ,
-1, ,2, ,
-1, ,-1, ,
0, ,1, ,
1, ,1, ,
-1, ,1, ,
2, ,-2, ,
-1, ,1, ,
0, ,-1, ,
1, ,-1, ,
2, ,1, ,
-2, ,1, ,
2, ,-2, ,
-1, ,1, ,
0, ,-1, ,
2, ,-1, ,
1, ,1, ,
-2, ,1, ,
2, ,-2, ,
-1, ,1, ,
1, ,-1, ,
1, ,1, ,
0, ,1, ,
-2, ,1, ,
2, ,-1, ,
-1, ,1, ,
1, ,-1, ,
2, ,-1, ,
1, ,1, ,
-2, ,1, ,
1, ,-2, ,
-1, ,1, ,
1, ,-1, ,
2, ,1, ,
1, ,1, ,
-1, ,1, ,
2, ,-2, ,
-2, ,1, ,
0, ,-1, ,
2, ,1, ,
2, ,1, ,
-1, ,1, ,
3, ,-1, ,
-1, ,1, ,
-1, ,-1, ,
1, ,1, ,
1, ,1, ,
-2, ,1, ,
2, ,-1, ,
-1, ,2, ,
1, ,-1, ,
1, ,1, ,
1, ,1, ,
-2, ,1, ,
1, ,-2, ,
-2, ,1, ,
0, ,-1, ,
1, ,1, ,
0, ,1, ,
-2, ,1, ,
2, ,-1, ,
-1, ,2, ,
-1, ,-1, ,
1, ,1, ,
1, ,1, ,
-1, ,1, ,
2, ,-2, ,
0, ,1, ,
0, ,-1, ,
1, ,-1, ,
1, ,-1, ,
-2, ,1, ,
2, ,-2, ,
-2, ,1, ,
0, ,-1, ,
1, ,1, ,
1, ,-1, ,
-2, ,1, ,
1, ,-2, ,
-1, ,1, ,
0, ,1, ,
1, ,1, ,
1, ,1, ,
-2, ,1, ,
2, ,-2, ,
-1, ,1, ,
-1, ,-1, ,
0, ,1, ,
1, ,1, ,
-2, ,1, ,
1, ,-2, ,
-2, ,1, ,
0, ,-1, ,
0, ,1, ,
1, ,1, ,
-1, ,1, ,
1, ,-2, ,
-1, ,1, ,
-1, ,-1, ,
1, ,-1, ,
2, ,1, ,
-2, ,1, ,
2, ,-2, ,
-1, ,1, ,
0, ,-1, ,
0, ,-1, ,
0, ,-1, ,
-2, ,1, ,
1, ,-2, ,
-1, ,2, ,
0, ,-1, ,
1, ,-1, ,
0, ,1, ,
-3, ,1, ,
2, ,-2, ,
-2, ,1, ,
0, ,-1, ,
1, ,-1, ,
0, ,-1, ,
-2, ,1, ,
2, ,-2, ,
-1, ,1, ,
0, ,-1, ,
2, ,1, ,
0, ,1, ,
-2, ,1, ,
1, ,-1, ,
-2, ,1, ,
0, ,-1, ,
1, ,1, ,
1, ,1, ,
-2, ,1, ,
2, ,-1, ,
-1, ,1, ,
-1, ,-1, ,
1, ,-1, ,
1, ,1, ,
-2, ,1, ,
2, ,-2, ,
-1, ,1, ,
0, ,-1, ,
1, ,-1, ,
1, ,-1, ,
-1, ,1, ,
2, ,-1, ,
-1, ,1, ,
0, ,-1, ,
1, ,1, ,
1, ,1, ,
-2, ,1, ,
2, ,-1, ,
-2, ,1, ,
1, ,-1, ,
1, ,1, ,
1, ,1, ,
-2, ,1, ,
2, ,-2, ,
-1, ,1, ,
-1, ,-1, ,
2, ,1, ,
1, ,1, ,
-2, ,1, ,
2, ,-2, ,
-1, ,1, ,
0, ,-1, ,
1, ,-1, ,
1, ,1, ,
-2, ,-1, ,
2, ,-1, ,
-1, ,1, ,
0, ,-1, ,
1, ,1, ,
1, ,1, ,
-3, ,1, ,
2, ,-2, ,
-1, ,1, ,
0, ,-1, ,
2, ,1, ,
1, ,1, ,
-2, ,1, ,
3, ,-2, ,
-2, ,1, ,
0, ,-1, ,
1, ,1, ,
1, ,-1, ,
-1, ,1, ,
1, ,-2, ,
-2, ,1, ,
0, ,-1, ,
1, ,1, ,
1, ,1, ,
-2, ,1, ,
3, ,-2, ,
-1, ,1, ,
-1, ,-1, ,
1, ,-1, ,
1, ,1, ,
-2, ,1, ,
2, ,-1, ,
-1, ,1, ,
0, ,-1, ,
0, ,1, ,
1, ,1, ,
-2, ,1, ,
2, ,-1, ,
-1, ,2, ,
0, ,-1, ,
1, ,1, ,
0, ,1, ,
-3, ,1, ,
2, ,-2, ,
-1, ,1, ,
1, ,-1, ,
0, ,1, ,
1, ,-1, ,
-1, ,-1, ,
2, ,-2, ,
-1, ,1, ,
-1, ,-1, ,
0, ,1, ,
0, ,1, ,
-2, ,1, ,
2, ,-2, ,
-1, ,1, ,
0, ,-1, ,
0, ,1, ,
0, ,1, ,
-2, ,1, ,
2, ,-2, ,
-1, ,1, ,
0, ,-1, ,
1, ,-1, ,
1, ,1, ,
-2, ,1, ,
1, ,-2, ,
-1, ,1, ,
0, ,-1, ,
1, ,-1, ,
1, ,1, ,
-2, ,1, ,
2, ,-2, ,
-1, ,1, ,
0, ,-1, ,
1, ,1, ,
1, ,1, ,
-3, ,1, ,
1, ,-2, ,
-1, ,1, ,
1, ,-1, ,
1, ,-1, ,
1, ,1, ,
-2, ,1, ,
1, ,-2, ,
-1, ,1, ,
0, ,-1, ,
1, ,1, ,
1, ,-1, ,
-2, ,1, ,
2, ,-1, ,
-2, ,1, ,
0, ,-1, ,
1, ,-1, ,
1, ,-1, ,
-2, ,1, ,
3, ,-2, ,
-1, ,1, ,
0, ,-1, ,
0, ,-1, ,
1, ,1, ,
-2, ,1, ,
1, ,-2, ,
-1, ,1, ,
0, ,-1, ,
1, ,1, ,
1, ,1, ,
-2, ,1, ,
2, ,-2, ,
-2, ,2, ,
-1, ,-1, ,
1, ,1, ,
1, ,1, ,
-1, ,1, ,
2, ,-1, ,
-1, ,1, ,
1, ,-1, ,
1, ,1, ,
1, ,1, ,
-2, ,1, ,
2, ,-2, ,
0, ,1, ,
0, ,-1, ,
1, ,1, ,
1, ,1, ,
-2, ,1, ,
2, ,-1, ,
-1, ,1, ,
0, ,-1, ,
1, ,-1, ,
0, ,1, ,
-2, ,1, ,
2, ,-2, ,
-1, ,1, ,
1, ,-1, ,
1, ,1, ,
1, ,1, ,
-2, ,1, ,
2, ,-2, ,
-1, ,1, ,
0, ,-1, ,
2, ,-1, ,
2, ,1, ,
-2, ,1, ,
1, ,-2, ,
-2, ,1, ,
1, ,-1, ,
0, ,1, ,
0, ,1, ,
-1, ,1, ,
1, ,-2, ,
-2, ,1, ,
0, ,-1, ,
2, ,1, ,
2, ,1, ,
-1, ,1, ,
2, ,-1, ,
-1, ,2, ,
0, ,-1, ,
0, ,1, ,
0, ,1, ,
-2, ,1, ,
1, ,-2, ,
-1, ,1, ,
1, ,-1, ,
1, ,-1, ,
1, ,1, ,
-2, ,1, ,
2, ,-2, ,
-1, ,1, ,
0, ,-1, ,
1, ,1, ,
1, ,1, ,
-1, ,1, ,
2, ,-2, ,
-1, ,1, ,
0, ,-1, ,
1, ,1, ,
1, ,1, ,
-2, ,1, ,
2, ,-1, ,
-1, ,1, ,
-1, ,-1, ,
1, ,-1, ,
1, ,1, ,
-3, ,1, ,
2, ,-2, ,
-1, ,1, ,
0, ,1, ,
1, ,-1, ,
1, ,-1, ,
-2, ,-1, ,
3, ,-2, ,
-1, ,1, ,
0, ,1, ,
1, ,1, ,
1, ,1, ,
-2, ,-1, ,
1, ,-1, ,
-2, ,1, ,
1, ,1, ,
1, ,-1, ,
1, ,1, ,
-2, ,1, ,
2, ,-1, ,
-1, ,1, ,
0, ,-1, ,
2, ,1, ,
1, ,1, ,
-2, ,1, ,
2, ,-1, ,
-1, ,1, ,
0, ,1, ,
1, ,1, ,
1, ,1, ,
-2, ,1, ,
2, ,-1, ,
-1, ,1, ,
-1, ,1, ,
1, ,1, ,
0, ,1, ,
-2, ,1, ,
1, ,-1, ,
-1, ,1, ,
1, ,1, ,
2, ,1, ,
1, ,1, ,
-2, ,1, ,
2, ,-1, ,
-1, ,1, ,
0, ,1, ,
1, ,1, ,
1, ,1, ,
-1, ,1, ,
1, ,-1, ,
-1, ,1, ,
1, ,1, ,
1, ,-1, ,
0, ,1, ,
-2, ,1, ,
3, ,1, ,
-2, ,1, ,
-1, ,1, ,
1, ,1, ,
1, ,1, ,
-2, ,1, ,
2, ,-1, ,
-1, ,1, ,
0, ,1, ,
1, ,1, ,
1, ,1, ,
-2, ,1, ,
2, ,-1, ,
-1, ,1, ,
0, ,1, ,
1, ,1, ,
1, ,1, ,
-3, ,1, ,
2, ,-1, ,
-2, ,1, ,
1, ,1, ,
1, ,1, ,
1, ,1, ,
-3, ,-1, ,
2, ,-1, ,
-1, ,2, ,
-1, ,1, ,
1, ,1, ,
1, ,1, ,
-3, ,1, ,
2, ,-1, ,
-2, ,1, ,
0, ,1, ,
1, ,1, ,
1, ,1, ,
-2, ,1, ,
2, ,-1, ,
-1, ,1, ,
-1, ,1, ,
1, ,-1, ,
1, ,1, ,
-3, ,-1, ,
1, ,-1, ,
-2, ,2, ,
1, ,1, ,
1, ,1, ,
1, ,1, ,
-2, ,-1, ,
2, ,-1, ,
-2, ,2, ,
-1, ,1, ,
1, ,1, ,
1, ,1, ,
-1, ,1, ,
1, ,-1, ,
0, ,1, ,
0, ,1, ,
0, ,1, ,
1, ,1, ,
-2, ,1, ,
2, ,-1, ,
-2, ,1, ,
0, ,1, ,
1, ,-1, ,
1, ,1, ,
-1, ,1, ,
2, ,-1, ,
-1, ,1, ,
-1, ,1, ,
1, ,1, ,
1, ,1, ,
-2, ,-1, ,
3, ,-1, ,
-1, ,1, ,
0, ,1, ,
1, ,1, ,
0, ,1, ,
-2, ,1, ,
2, ,-1, ,
-1, ,1, ,
1, ,1, ,
1, ,1, ,
1, ,1, ,
-2, ,-1, ,
2, ,-1, ,
-1, ,1, ,
0, ,1, ,
1, ,1, ,
2, ,1, ,
-2, ,1, ,
2, ,-1, ,
-1, ,1, ,
1, ,1, ,
0, ,1, ,
1, ,1, ,
-2, ,1, ,
2, ,-1, ,
-1, ,2, ,
0, ,1, ,
1, ,1, ,
1, ,1, ,
-2, ,1, ,
2, ,-2, ,
-1, ,1, ,
0, ,1, ,
1, ,1, ,
1, ,1, ,
-2, ,1, ,
1, ,-1, ,
-1, ,2, ,
1, ,1, ,
1, ,1, ,
1, ,1, ,
-2, ,1, ,
2, ,-1, ,
-1, ,2, ,
0, ,1, ,
1, ,1, ,
1, ,1, ,
-2, ,1, ,
2, ,-1, ,
-2, ,2, ,
-1, ,1, ,
1, ,-1, ,
1, ,1, ,
-1, ,1, ,
3, ,-1, ,
106, ,1, ,
68, ,1, ,
43, ,1, ,
29, ,1, ,
19, ,1, ,
18, ,-1, ,
11, ,1, ,
10, ,1, ,
10, ,1, ,
8, ,1, ,
7, ,1, ,
9, ,-2, ,
6, ,1, ,
8, ,1, ,
8, ,1, ,
8, ,1, ,
6, ,1, ,
10, ,-1, ,
6, ,2, ,
7, ,1, ,
8, ,1, ,
8, ,1, ,
6, ,1, ,
10, ,-1, ,
7, ,1, ,
7, ,-1, ,
7, ,-1, ,
7, ,1, ,
5, ,1, ,
8, ,-1, ,
6, ,1, ,
7, ,-1, ,
6, ,1, ,
7, ,1, ,
6, ,1, ,
7, ,-1, ,
6, ,1, ,
6, ,-1, ,
7, ,-1, ,
6, ,1, ,
4, ,1, ,
8, ,-1, ,
5, ,1, ,
5, ,-1, ,
6, ,1, ,
7, ,1, ,
5, ,1, ,
6, ,-2, ,
5, ,1, ,
6, ,-1, ,
7, ,1, ,
6, ,1, ,
4, ,1, ,
7, ,-1, ,
4, ,1, ,
5, ,-1, ,
6, ,1, ,
6, ,1, ,
5, ,1, ,
6, ,-1, ,
4, ,1, ,
5, ,-1, ,
6, ,1, ,
6, ,1, ,
4, ,1, ,
8, ,-1, ,
5, ,1, ,
5, ,-1, ,
6, ,1, ,
6, ,1, ,
4, ,1, ,
5, ,-2, ,
4, ,1, ,
5, ,-1, ,
5, ,-1, ,
5, ,1, ,
3, ,1, ,
6, ,-1, ,
4, ,1, ,
4, ,-1, ,
5, ,1, ,
5, ,1, ,
4, ,1, ,
5, ,-1, ,
3, ,1, ,
4, ,-1, ,
4, ,-1, ,
5, ,1, ,
3, ,2, ,
6, ,-1, ,
4, ,1, ,
4, ,-1, ,
4, ,-1, ,
5, ,1, ,
3, ,1, ,
6, ,-1, ,
3, ,1, ,
4, ,-1, ,
5, ,-1, ,
5, ,1, ,
3, ,1, ,
7, ,-2, ,
4, ,1, ,
4, ,-1, ,
5, ,-1, ,
5, ,1, ,
3, ,-1, ,
5, ,-1, ,
3, ,1, ,
4, ,1, ,
5, ,-1, ,
5, ,-1, ,
1, ,1, ,
6, ,-1, ,
3, ,1, ,
4, ,1, ,
4, ,1, ,
5, ,1, ,
3, ,1, ,
5, ,-1, ,
3, ,1, ,
3, ,-1, ,
4, ,1, ,
4, ,1, ,
2, ,1, ,
6, ,1, ,
3, ,1, ,
2, ,-1, ,
3, ,1, ,
4, ,1, ,
2, ,1, ,
4, ,-1, ,
3, ,1, ,
3, ,1, ,
4, ,1, ,
4, ,1, ,
2, ,1, ,
5, ,1, ,
3, ,1, ,
4, ,1, ,
4, ,1, ,
4, ,1, ,
2, ,1, ,
4, ,-1, ,
2, ,1, ,
3, ,1, ,
4, ,1, ,
4, ,1, ,
1, ,-1, ,
5, ,1, ,
2, ,1, ,
2, ,1, ,
3, ,1, ,
3, ,1, ,
1, ,1, ,
5, ,-1, ,
2, ,2, ,
2, ,1, ,
3, ,1, ,
3, ,1, ,
1, ,1, ,
6, ,-1, ,
2, ,1, ,
2, ,1, ,
3, ,1, ,
3, ,1, ,
0, ,1, ,
4, ,-1, ,
2, ,1, ,
3, ,1, ,
4, ,1, ,
2, ,1, ,
-1, ,1, ,
3, ,-1, ,
0, ,1, ,
1, ,1, ,
3, ,1, ,
4, ,1, ,
2, ,1, ,
5, ,-1, ,
1, ,1, ,
1, ,1, ,
3, ,1, ,
3, ,1, ,
0, ,-1, ,
3, ,-1, ,
2, ,1, ,
2, ,1, ,
4, ,1, ,
3, ,1, ,
0, ,1, ,
3, ,-1, ,
2, ,2, ,
3, ,1, ,
3, ,-1, ,
2, ,1, ,
0, ,1, ,
3, ,-1, ,
1, ,1, ,
2, ,1, ,
3, ,-1, ,
3, ,1, ,
0, ,1, ,
3, ,-1, ,
1, ,1, ,
2, ,1, ,
3, ,1, ,
3, ,1, ,
0, ,1, ,
4, ,-1, ,
1, ,1, ,
2, ,1, ,
2, ,-1, ,
3, ,1, ,
1, ,1, ,
4, ,-1, ,
1, ,2, ,
1, ,1, ,
3, ,1, ,
2, ,1, ,
0, ,-1, ,
4, ,-1, ,
1, ,1, ,
1, ,1, ,
2, ,-1, ,
3, ,1, ,
0, ,1, ,
4, ,-1, ,
1, ,1, ,
3, ,1, ,
3, ,1, ,
2, ,1, ,
-1, ,1, ,
3, ,-1, ,
1, ,2, ,
2, ,1, ,
3, ,1, ,
2, ,1, ,
0, ,1, ,
2, ,-1, ,
1, ,1, ,
3, ,1, ,
3, ,1, ,
2, ,1, ,
0, ,1, ,
3, ,-1, ,
0, ,1, ,
2, ,1, ,
3, ,-1, ,
2, ,1, ,
-1, ,1, ,
3, ,-1, ,
1, ,1, ,
1, ,1, ,
3, ,-1, ,
2, ,1, ,
0, ,1, ,
3, ,-1, ,
0, ,1, ,
1, ,1, ,
3, ,1, ,
1, ,1, ,
0, ,1, ,
4, ,-1, ,
1, ,1, ,
1, ,1, ,
3, ,1, ,
3, ,1, ,
-1, ,1, ,
2, ,-1, ,
-1, ,1, ,
1, ,1, ,
3, ,-1, ,
2, ,1, ,
-1, ,1, ,
4, ,-1, ,
0, ,1, ,
0, ,1, ,
2, ,-1, ,
2, ,1, ,
0, ,1, ,
3, ,-1, ,
1, ,1, ,
1, ,1, ,
2, ,-1, ,
2, ,1, ,
-1, ,1, ,
3, ,-1, ,
1, ,2, ,
2, ,-1, ,
2, ,1, ,
2, ,1, ,
-1, ,1, ,
3, ,-2, ,
1, ,1, ,
2, ,-1, ,
2, ,1, ,
2, ,1, ,
0, ,1, ,
3, ,-2, ,
0, ,1, ,
2, ,1, ,
2, ,1, ,
1, ,1, ,
-1, ,1, ,
3, ,-1, ,
-1, ,1, ,
0, ,-1, ,
1, ,-1, ,
2, ,1, ,
0, ,1, ,
2, ,-2, ,
-1, ,1, ,
1, ,1, ,
2, ,1, ,
1, ,1, ,
-2, ,1, ,
3, ,-2, ,
0, ,1, ,
1, ,-1, ,
2, ,-1, ,
2, ,1, ,
-2, ,1, ,
3, ,-2, ,
0, ,1, ,
1, ,-1, ,
2, ,1, ,
2, ,1, ,
-2, ,1, ,
2, ,-1, ,
-1, ,1, ,
1, ,-1, ,
2, ,1, ,
2, ,1, ,
-1, ,1, ,
2, ,-1, ,
-1, ,1, ,
1, ,-1, ,
1, ,1, ,
2, ,1, ,
0, ,1, ,
3, ,-1, ,
-1, ,1, ,
1, ,-1, ,
0, ,1, ,
1, ,1, ,
-1, ,1, ,
2, ,-2, ,
-1, ,1, ,
1, ,-1, ,
1, ,-1, ,
0, ,1, ,
-2, ,1, ,
3, ,-1, ,
-1, ,1, ,
1, ,-1, ,
1, ,-1, ,
1, ,1, ,
-1, ,1, ,
2, ,-2, ,
0, ,1, ,
1, ,-1, ,
2, ,1, ,
1, ,1, ,
-2, ,1, ,
3, ,-1, ,
-1, ,1, ,
0, ,-1, ,
2, ,-1, ,
2, ,1, ,
-1, ,1, ,
2, ,-2, ,
0, ,1, ,
1, ,-1, ,
2, ,-1, ,
2, ,-1, ,
-1, ,1, ,
3, ,-1, ,
0, ,2, ,
1, ,-1, ,
1, ,1, ,
1, ,-1, ,
-1, ,-1, ,
2, ,-2, ,
0, ,1, ,
2, ,1, ,
1, ,1, ,
1, ,-1, ,
-2, ,1, ,
2, ,-2, ,
0, ,1, ,
1, ,-1, ,
2, ,1, ,
2, ,1, ,
-1, ,1, ,
2, ,-2, ,
-1, ,1, ,
1, ,-1, ,
2, ,1, ,
2, ,1, ,
-1, ,1, ,
3, ,-1, ,
-1, ,1, ,
1, ,-1, ,
1, ,-1, ,
1, ,1, ,
-1, ,1, ,
2, ,-1, ,
0, ,1, ,
1, ,-1, ,
2, ,-1, ,
2, ,1, ,
-1, ,1, ,
3, ,-2, ,
0, ,1, ,
0, ,-1, ,
2, ,1, ,
2, ,-1, ,
-1, ,1, ,
3, ,-2, ,
-1, ,1, ,
0, ,-1, ,
1, ,1, ,
1, ,1, ,
-2, ,-1, ,
3, ,-1, ,
-1, ,1, ,
0, ,-1, ,
1, ,-1, ,
2, ,-1, ,
-2, ,1, ,
2, ,-1, ,
-1, ,1, ,
1, ,-1, ,
1, ,-1, ,
1, ,-1, ,
-1, ,1, ,
3, ,-1, ,
-1, ,2, ,
0, ,-1, ,
1, ,1, ,
0, ,1, ,
-1, ,1, ,
3, ,-1, ,
-1, ,1, ,
1, ,-1, ,
1, ,1, ,
1, ,-1, ,
-2, ,-1, ,
2, ,-2, ,
-1, ,1, ,
1, ,-1, ,
1, ,1, ,
1, ,1, ,
-2, ,1, ,
1, ,-2, ,
-1, ,1, ,
1, ,-1, ,
1, ,1, ,
1, ,1, ,
-2, ,1, ,
2, ,-1, ,
-1, ,1, ,
0, ,-1, ,
1, ,-1, ,
1, ,1, ,
-1, ,1, ,
1, ,-2, ,
-1, ,1, ,
1, ,-1, ,
1, ,-1, ,
2, ,1, ,
-2, ,1, ,
1, ,-1, ,
-1, ,1, ,
1, ,-1, ,
0, ,-1, ,
1, ,1, ,
-1, ,1, ,
2, ,-1, ,
-1, ,1, ,
1, ,-1, ,
1, ,1, ,
1, ,1, ,
-1, ,1, ,
2, ,-1, ,
0, ,1, ,
0, ,-1, ,
2, ,1, ,
1, ,1, ,
-2, ,1, ,
3, ,-1, ,
-1, ,1, ,
-1, ,-1, ,
1, ,-1, ,
1, ,1, ,
-1, ,1, ,
2, ,-1, ,
-1, ,1, ,
-1, ,-1, ,
1, ,-1, ,
1, ,1, ,
-2, ,1, ,
2, ,-1, ,
0, ,1, ,
1, ,-1, ,
1, ,1, ,
0, ,1, ,
-2, ,-1, ,
2, ,-1, ,
-1, ,1, ,
1, ,-1, ,
2, ,-1, ,
0, ,1, ,
-1, ,1, ,
2, ,-2, ,
-1, ,1, ,
0, ,-1, ,
2, ,-1, ,
1, ,-1, ,
-2, ,1, ,
3, ,-1, ,
0, ,1, ,
1, ,-1, ,
1, ,-1, ,
2, ,1, ,
-2, ,1, ,
1, ,-2, ,
-1, ,1, ,
0, ,-1, ,
2, ,1, ,
1, ,1, ,
-2, ,1, ,
2, ,-1, ,
-1, ,1, ,
0, ,-1, ,
2, ,-1, ,
1, ,-1, ,
-1, ,1, ,
2, ,-2, ,
-1, ,1, ,
0, ,-1, ,
1, ,-1, ,
1, ,1, ,
-2, ,1, ,
2, ,-1, ,
-1, ,1, ,
0, ,-1, ,
1, ,-1, ,
0, ,1, ,
-2, ,1, ,
2, ,-1, ,
-2, ,1, ,
0, ,-1, ,
2, ,1, ,
1, ,-1, ,
117, ,1, ,
84, ,-2, ,
54, ,1, ,
34, ,-1, ,
24, ,-1, ,
18, ,1, ,
12, ,1, ,
13, ,-2, ,
9, ,1, ,
8, ,-1, ,
9, ,1, ,
7, ,1, ,
6, ,1, ,
9, ,-1, ,
8, ,1, ,
8, ,-1, ,
7, ,-1, ,
8, ,1, ,
6, ,1, ,
8, ,-1, ,
6, ,1, ,
7, ,-1, ,
8, ,1, ,
7, ,-1, ,
5, ,1, ,
9, ,-1, ,
6, ,1, ,
6, ,-1, ,
7, ,1, ,
7, ,-1, ,
6, ,1, ,
9, ,-1, ,
5, ,1, ,
6, ,-1, ,
6, ,1, ,
7, ,1, ,
5, ,1, ,
8, ,-2, ,
5, ,1, ,
5, ,-1, ,
7, ,1, ,
7, ,1, ,
5, ,1, ,
7, ,-2, ,
6, ,1, ,
6, ,-1, ,
7, ,-1, ,
7, ,1, ,
3, ,1, ,
7, ,-2, ,
5, ,1, ,
5, ,-1, ,
7, ,-1, ,
7, ,1, ,
5, ,1, ,
7, ,-1, ,
5, ,1, ,
5, ,-1, ,
6, ,-1, ,
6, ,1, ,
4, ,1, ,
7, ,-1, ,
4, ,1, ,
5, ,-1, ,
6, ,1, ,
6, ,1, ,
3, ,1, ,
7, ,-1, ,
4, ,1, ,
4, ,-1, ,
5, ,1, ,
5, ,1, ,
3, ,1, ,
7, ,-1, ,
4, ,1, ,
5, ,-1, ,
5, ,-1, ,
5, ,1, ,
3, ,1, ,
8, ,-2, ,
5, ,1, ,
4, ,-1, ,
5, ,1, ,
5, ,1, ,
3, ,1, ,
7, ,-2, ,
4, ,1, ,
4, ,-1, ,
5, ,-1, ,
6, ,1, ,
3, ,1, ,
6, ,-1, ,
4, ,1, ,
4, ,-1, ,
5, ,-1, ,
4, ,1, ,
3, ,1, ,
6, ,-2, ,
4, ,1, ,
4, ,-1, ,
5, ,1, ,
5, ,1, ,
3, ,1, ,
7, ,-2, ,
4, ,1, ,
4, ,-1, ,
5, ,-1, ,
5, ,-1, ,
1, ,1, ,
6, ,-2, ,
3, ,1, ,
3, ,-1, ,
4, ,-1, ,
5, ,1, ,
2, ,1, ,
4, ,-1, ,
3, ,1, ,
4, ,-1, ,
4, ,1, ,
4, ,-1, ,
2, ,1, ,
6, ,-2, ,
3, ,1, ,
3, ,-1, ,
4, ,-1, ,
5, ,1, ,
3, ,1, ,
5, ,-2, ,
3, ,1, ,
3, ,-1, ,
4, ,1, ,
4, ,1, ,
2, ,1, ,
5, ,-2, ,
2, ,1, ,
2, ,-1, ,
4, ,-1, ,
3, ,-1, ,
1, ,1, ,
4, ,-2, ,
3, ,1, ,
2, ,-1, ,
4, ,1, ,
3, ,-1, ,
1, ,1, ,
5, ,-2, ,
3, ,1, ,
3, ,-1, ,
3, ,1, ,
4, ,1, ,
1, ,1, ,
4, ,-2, ,
2, ,1, ,
3, ,-1, ,
4, ,1, ,
3, ,-1, ,
1, ,1, ,
6, ,-1, ,
3, ,1, ,
2, ,-1, ,
3, ,1, ,
3, ,1, ,
1, ,1, ,
4, ,-2, ,
2, ,2, ,
3, ,-1, ,
4, ,1, ,
3, ,1, ,
1, ,1, ,
4, ,-1, ,
2, ,1, ,
3, ,-1, ,
3, ,-1, ,
3, ,1, ,
0, ,1, ,
5, ,-2, ,
1, ,1, ,
2, ,-1, ,
4, ,-1, ,
2, ,-1, ,
0, ,1, ,
4, ,-2, ,
2, ,1, ,
2, ,-1, ,
3, ,-1, ,
3, ,1, ,
1, ,1, ,
4, ,-2, ,
2, ,1, ,
2, ,-1, ,
3, ,1, ,
3, ,1, ,
0, ,1, ,
4, ,-1, ,
1, ,1, ,
2, ,-1, ,
4, ,1, ,
3, ,-1, ,
1, ,1, ,
5, ,-2, ,
1, ,1, ,
2, ,-1, ,
2, ,1, ,
2, ,1, ,
0, ,1, ,
5, ,-2, ,
3, ,1, ,
3, ,-1, ,
3, ,-1, ,
3, ,-1, ,
0, ,1, ,
3, ,-2, ,
1, ,1, ,
2, ,-1, ,
4, ,1, ,
2, ,1, ,
0, ,1, ,
3, ,-1, ,
0, ,1, ,
2, ,-1, ,
3, ,-1, ,
2, ,-1, ,
0, ,1, ,
4, ,-2, ,
1, ,1, ,
2, ,-1, ,
3, ,-1, ,
1, ,1, ,
-1, ,1, ,
3, ,-2, ,
0, ,1, ,
2, ,-1, ,
3, ,1, ,
2, ,1, ,
-1, ,-1, ,
3, ,-2, ,
1, ,1, ,
2, ,-1, ,
3, ,1, ,
1, ,-1, ,
0, ,1, ,
3, ,-2, ,
1, ,1, ,
2, ,-1, ,
3, ,1, ,
2, ,1, ,
-1, ,-1, ,
3, ,-2, ,
0, ,1, ,
1, ,-1, ,
3, ,1, ,
2, ,-1, ,
0, ,1, ,
3, ,-1, ,
0, ,1, ,
1, ,-1, ,
2, ,-1, ,
2, ,1, ,
-1, ,1, ,
3, ,-2, ,
0, ,2, ,
1, ,-1, ,
2, ,1, ,
2, ,1, ,
-1, ,1, ,
4, ,-2, ,
0, ,1, ,
1, ,-1, ,
2, ,1, ,
2, ,1, ,
-1, ,1, ,
3, ,-2, ,
0, ,1, ,
1, ,-1, ,
3, ,1, ,
3, ,1, ,
0, ,1, ,
3, ,-1, ,
0, ,1, ,
0, ,-1, ,
2, ,1, ,
1, ,-1, ,
-1, ,1, ,
3, ,-2, ,
0, ,1, ,
1, ,-1, ,
1, ,1, ,
1, ,1, ,
-1, ,1, ,
3, ,-2, ,
0, ,1, ,
1, ,-1, ,
2, ,1, ,
1, ,1, ,
-1, ,1, ,
3, ,-2, ,
0, ,1, ,
1, ,-1, ,
2, ,1, ,
2, ,1, ,
-1, ,1, ,
3, ,-2, ,
0, ,1, ,
1, ,-1, ,
2, ,1, ,
2, ,1, ,
-1, ,1, ,
3, ,-1, ,
0, ,1, ,
1, ,-1, ,
2, ,1, ,
2, ,-1, ,
0, ,1, ,
3, ,-1, ,
0, ,2, ,
0, ,-1, ,
2, ,-1, ,
3, ,-1, ,
-1, ,1, ,
3, ,-2, ,
0, ,1, ,
1, ,-1, ,
2, ,1, ,
1, ,1, ,
-1, ,1, ,
3, ,-1, ,
0, ,1, ,
1, ,-1, ,
2, ,-1, ,
3, ,1, ,
-2, ,-1, ,
2, ,-2, ,
0, ,2, ,
0, ,-1, ,
2, ,-1, ,
2, ,-1, ,
-1, ,1, ,
3, ,-2, ,
-1, ,1, ,
0, ,-1, ,
2, ,1, ,
2, ,1, ,
-1, ,1, ,
3, ,-2, ,
0, ,1, ,
1, ,-1, ,
2, ,-1, ,
2, ,1, ,
-1, ,-1, ,
3, ,-2, ,
0, ,1, ,
0, ,-1, ,
3, ,1, ,
2, ,1, ,
0, ,1, ,
3, ,-2, ,
0, ,1, ,
1, ,-1, ,
1, ,1, ,
1, ,1, ,
-2, ,-1, ,
3, ,-2, ,
-1, ,1, ,
1, ,-1, ,
2, ,1, ,
1, ,1, ,
-2, ,1, ,
2, ,-2, ,
0, ,1, ,
2, ,-1, ,
2, ,-1, ,
1, ,1, ,
-1, ,1, ,
3, ,-1, ,
-1, ,1, ,
1, ,-1, ,
1, ,1, ,
2, ,1, ,
-1, ,1, ,
2, ,-2, ,
0, ,1, ,
1, ,-1, ,
1, ,1, ,
0, ,-1, ,
-2, ,1, ,
3, ,-2, ,
0, ,1, ,
0, ,-1, ,
2, ,-1, ,
1, ,1, ,
-1, ,1, ,
2, ,-2, ,
0, ,1, ,
1, ,-1, ,
2, ,1, ,
1, ,1, ,
-2, ,1, ,
3, ,-1, ,
-1, ,1, ,
0, ,-1, ,
2, ,-1, ,
2, ,1, ,
-1, ,1, ,
2, ,-2, ,
-1, ,1, ,
1, ,-1, ,
2, ,1, ,
2, ,1, ,
-1, ,1, ,
2, ,-1, ,
-1, ,1, ,
0, ,-1, ,
2, ,1, ,
1, ,1, ,
-1, ,1, ,
2, ,-2, ,
-1, ,1, ,
0, ,-1, ,
1, ,1, ,
1, ,1, ,
-2, ,1, ,
2, ,-2, ,
0, ,1, ,
1, ,-1, ,
1, ,1, ,
2, ,1, ,
-2, ,1, ,
2, ,-1, ,
-1, ,1, ,
0, ,-1, ,
1, ,1, ,
0, ,1, ,
-1, ,1, ,
3, ,-1, ,
-1, ,2, ,
1, ,-1, ,
2, ,-1, ,
1, ,-1, ,
-1, ,1, ,
3, ,-2, ,
-1, ,1, ,
0, ,-1, ,
2, ,1, ,
0, ,1, ,
-2, ,1, ,
2, ,-2, ,
-1, ,1, ,
1, ,-1, ,
1, ,1, ,
1, ,1, ,
-2, ,1, ,
1, ,-2, ,
-1, ,1, ,
1, ,-1, ,
2, ,1, ,
1, ,1, ,
-2, ,1, ,
2, ,-1, ,
-1, ,1, ,
0, ,-1, ,
2, ,1, ,
1, ,-1, ,
-2, ,1, ,
2, ,-2, ,
-1, ,1, ,
0, ,-1, ,
2, ,1, ,
2, ,1, ,
-1, ,1, ,
2, ,-2, ,
-1, ,1, ,
0, ,-1, ,
1, ,1, ,
1, ,1, ,
-1, ,1, ,
1, ,-2, ,
-1, ,1, ,
0, ,-1, ,
0, ,1, ,
1, ,1, ,
-1, ,-1, ,
2, ,-2, ,
-1, ,1, ,
1, ,-1, ,
1, ,1, ,
1, ,1, ,
-2, ,1, ,
2, ,-2, ,
-1, ,1, ,
0, ,-1, ,
2, ,-1, ,
1, ,-1, ,
-1, ,1, ,
2, ,-2, ,
-1, ,1, ,
0, ,-1, ,
1, ,1, ,
2, ,1, ,
-1, ,1, ,
2, ,-2, ,
-1, ,1, ,
1, ,-1, ,
1, ,1, ,
0, ,-1, ,
-2, ,1, ,
3, ,-2, ,
0, ,1, ,
1, ,-1, ,
1, ,-1, ,
1, ,1, ,
-2, ,1, ,
2, ,-2, ,
0, ,1, ,
0, ,-1, ,
1, ,1, ,
1, ,1, ,
-2, ,1, ,
2, ,-1, ,
-1, ,1, ,
0, ,-1, ,
1, ,-1, ,
1, ,1, ,
-2, ,1, ,
2, ,-1, ,
-1, ,1, ,
1, ,-1, ,
1, ,1, ,
1, ,1, ,
-2, ,1, ,
2, ,-2, ,
-1, ,1, ,
1, ,-1, ,
2, ,1, ,
1, ,1, ,
-1, ,1, ,
2, ,-2, ,
-1, ,1, ,
0, ,-1, ,
1, ,1, ,
0, ,1, ,
-2, ,1, ,
3, ,-2, ,
-1, ,1, ,
0, ,-1, ,
1, ,1, ,
1, ,1, ,
-2, ,1, ,
-9, ,52, ,
-8, ,75, ,
0, ,47, ,
-3, ,32, ,
-1, ,21, ,
-1, ,13, ,
0, ,9, ,
-2, ,9, ,
0, ,5, ,
0, ,5, ,
0, ,5, ,
-1, ,5, ,
3, ,2, ,
-1, ,3, ,
-1, ,2, ,
1, ,2, ,
0, ,2, ,
-2, ,2, ,
3, ,1, ,
-1, ,3, ,
0, ,2, ,
2, ,2, ,
2, ,3, ,
-1, ,3, ,
1, ,1, ,
-1, ,3, ,
0, ,2, ,
1, ,3, ,
1, ,2, ,
-1, ,2, ,
2, ,1, ,
0, ,3, ,
1, ,2, ,
1, ,2, ,
1, ,2, ,
-2, ,3, ,
2, ,1, ,
-1, ,3, ,
0, ,2, ,
1, ,2, ,
1, ,2, ,
-2, ,2, ,
1, ,1, ,
-1, ,3, ,
0, ,2, ,
1, ,3, ,
1, ,2, ,
-2, ,2, ,
2, ,1, ,
-1, ,3, ,
1, ,2, ,
1, ,2, ,
1, ,2, ,
-2, ,2, ,
2, ,1, ,
-1, ,2, ,
0, ,2, ,
1, ,2, ,
1, ,2, ,
-2, ,3, ,
2, ,1, ,
-1, ,2, ,
0, ,2, ,
1, ,2, ,
1, ,2, ,
-1, ,2, ,
2, ,1, ,
-2, ,2, ,
0, ,1, ,
0, ,2, ,
1, ,2, ,
-1, ,2, ,
3, ,1, ,
-1, ,2, ,
-1, ,1, ,
1, ,2, ,
1, ,2, ,
-2, ,2, ,
2, ,1, ,
-1, ,3, ,
-1, ,1, ,
0, ,2, ,
0, ,2, ,
-3, ,2, ,
1, ,1, ,
-1, ,3, ,
1, ,2, ,
2, ,2, ,
1, ,2, ,
-1, ,2, ,
2, ,1, ,
-1, ,2, ,
1, ,2, ,
1, ,2, ,
0, ,2, ,
-2, ,2, ,
2, ,1, ,
-1, ,2, ,
0, ,2, ,
1, ,2, ,
1, ,2, ,
-1, ,2, ,
1, ,1, ,
-2, ,3, ,
-1, ,1, ,
1, ,2, ,
2, ,2, ,
-1, ,2, ,
2, ,-1, ,
0, ,2, ,
0, ,2, ,
1, ,2, ,
1, ,2, ,
-2, ,2, ,
3, ,1, ,
0, ,2, ,
0, ,1, ,
1, ,2, ,
1, ,2, ,
-2, ,2, ,
1, ,-1, ,
-1, ,2, ,
0, ,1, ,
1, ,2, ,
1, ,2, ,
-2, ,2, ,
2, ,1, ,
-1, ,2, ,
1, ,1, ,
2, ,2, ,
1, ,2, ,
-2, ,2, ,
2, ,1, ,
-1, ,2, ,
1, ,1, ,
2, ,2, ,
1, ,2, ,
-2, ,2, ,
3, ,1, ,
-1, ,2, ,
-1, ,1, ,
1, ,2, ,
1, ,2, ,
-1, ,2, ,
3, ,1, ,
-1, ,3, ,
1, ,1, ,
1, ,2, ,
1, ,2, ,
-2, ,2, ,
3, ,1, ,
-1, ,3, ,
1, ,1, ,
1, ,2, ,
1, ,2, ,
-1, ,2, ,
2, ,1, ,
-1, ,2, ,
1, ,1, ,
0, ,2, ,
2, ,2, ,
-1, ,2, ,
2, ,1, ,
-1, ,2, ,
1, ,1, ,
1, ,2, ,
1, ,2, ,
-1, ,2, ,
2, ,1, ,
-1, ,2, ,
1, ,1, ,
1, ,2, ,
1, ,2, ,
-3, ,2, ,
3, ,-1, ,
0, ,3, ,
0, ,1, ,
1, ,2, ,
1, ,2, ,
-2, ,1, ,
2, ,-1, ,
-1, ,2, ,
1, ,1, ,
1, ,1, ,
1, ,2, ,
-2, ,2, ,
2, ,1, ,
-1, ,2, ,
1, ,1, ,
2, ,2, ,
2, ,2, ,
-2, ,2, ,
2, ,-1, ,
-1, ,3, ,
0, ,1, ,
1, ,2, ,
1, ,2, ,
-2, ,2, ,
3, ,1, ,
-1, ,2, ,
0, ,1, ,
1, ,1, ,
2, ,2, ,
-1, ,2, ,
2, ,-1, ,
-2, ,2, ,
0, ,1, ,
1, ,1, ,
0, ,2, ,
-2, ,2, ,
3, ,-1, ,
0, ,2, ,
0, ,1, ,
1, ,1, ,
0, ,1, ,
-3, ,2, ,
1, ,-1, ,
-1, ,2, ,
0, ,1, ,
1, ,1, ,
1, ,2, ,
-2, ,2, ,
1, ,-1, ,
-2, ,2, ,
0, ,1, ,
0, ,1, ,
1, ,2, ,
-1, ,2, ,
2, ,-1, ,
-1, ,3, ,
0, ,1, ,
1, ,1, ,
0, ,2, ,
-2, ,2, ,
2, ,-1, ,
-1, ,2, ,
0, ,1, ,
1, ,2, ,
1, ,1, ,
-2, ,2, ,
2, ,-1, ,
-1, ,2, ,
-1, ,1, ,
1, ,2, ,
1, ,1, ,
-2, ,2, ,
1, ,-1, ,
-2, ,2, ,
-1, ,1, ,
1, ,1, ,
1, ,1, ,
-3, ,2, ,
1, ,-1, ,
-1, ,2, ,
-1, ,1, ,
1, ,2, ,
1, ,1, ,
-2, ,2, ,
2, ,-1, ,
-1, ,2, ,
-1, ,1, ,
1, ,2, ,
1, ,1, ,
-1, ,2, ,
2, ,-1, ,
-1, ,2, ,
-1, ,1, ,
1, ,1, ,
1, ,1, ,
-1, ,2, ,
3, ,-1, ,
-1, ,2, ,
0, ,1, ,
1, ,1, ,
1, ,2, ,
-2, ,2, ,
2, ,1, ,
-1, ,2, ,
0, ,1, ,
1, ,1, ,
1, ,1, ,
-1, ,2, ,
2, ,-1, ,
-1, ,2, ,
0, ,1, ,
0, ,1, ,
1, ,1, ,
-2, ,2, ,
2, ,-1, ,
-1, ,2, ,
0, ,1, ,
1, ,1, ,
1, ,1, ,
-2, ,2, ,
2, ,-1, ,
-1, ,2, ,
1, ,1, ,
1, ,1, ,
1, ,1, ,
-1, ,2, ,
2, ,-1, ,
-1, ,2, ,
0, ,1, ,
1, ,1, ,
1, ,1, ,
-2, ,1, ,
2, ,-1, ,
0, ,2, ,
1, ,1, ,
1, ,2, ,
1, ,2, ,
-2, ,2, ,
2, ,-1, ,
-1, ,2, ,
0, ,1, ,
1, ,1, ,
1, ,1, ,
-2, ,2, ,
1, ,-1, ,
-1, ,2, ,
1, ,1, ,
1, ,1, ,
1, ,1, ,
-2, ,1, ,
2, ,-1, ,
-1, ,2, ,
-1, ,-1, ,
1, ,1, ,
0, ,1, ,
-1, ,1, ,
2, ,1, ,
-1, ,2, ,
1, ,1, ,
1, ,1, ,
1, ,1, ,
-2, ,2, ,
2, ,-1, ,
-1, ,2, ,
0, ,1, ,
1, ,1, ,
1, ,2, ,
-2, ,1, ,
2, ,-1, ,
-2, ,2, ,
-1, ,1, ,
1, ,1, ,
1, ,2, ,
-2, ,2, ,
2, ,-1, ,
-1, ,2, ,
0, ,1, ,
1, ,1, ,
1, ,1, ,
-2, ,1, ,
1, ,-1, ,
-1, ,2, ,
-1, ,1, ,
1, ,1, ,
0, ,1, ,
-2, ,2, ,
2, ,-1, ,
-1, ,1, ,
0, ,-1, ,
1, ,2, ,
0, ,2, ,
-2, ,2, ,
2, ,-1, ,
-1, ,1, ,
-1, ,1, ,
1, ,1, ,
0, ,1, ,
-3, ,1, ,
1, ,-1, ,
-1, ,1, ,
0, ,1, ,
1, ,1, ,
1, ,1, ,
-2, ,1, ,
1, ,-1, ,
-1, ,2, ,
1, ,1, ,
1, ,1, ,
2, ,1, ,
-1, ,2, ,
2, ,-1, ,
-2, ,2, ,
0, ,1, ,
1, ,2, ,
1, ,1, ,
-1, ,1, ,
2, ,-1, ,
-2, ,2, ,
0, ,1, ,
1, ,1, ,
1, ,1, ,
-2, ,1, ,
1, ,-1, ,
-1, ,1, ,
1, ,1, ,
1, ,1, ,
1, ,1, ,
-1, ,1, ,
3, ,-1, ,
-1, ,2, ,
0, ,1, ,
1, ,1, ,
1, ,1, ,
-2, ,1, ,
2, ,-1, ,
-1, ,2, ,
-1, ,1, ,
1, ,1, ,
1, ,1, ,
-2, ,2, ,
2, ,-1, ,
-1, ,2, ,
-1, ,-1, ,
1, ,1, ,
1, ,1, ,
-2, ,2, ,
3, ,-1, ,
-1, ,1, ,
0, ,1, ,
0, ,1, ,
0, ,1, ,
-2, ,2, ,
2, ,-1, ,
-1, ,1, ,
0, ,1, ,
1, ,1, ,
1, ,1, ,
-2, ,1, ,
2, ,-1, ,
-1, ,2, ,
0, ,1, ,
2, ,1, ,
1, ,1, ,
-2, ,2, ,
2, ,-1, ,
-1, ,2, ,
0, ,1, ,
2, ,1, ,
1, ,1, ,
-2, ,2, ,
2, ,-1, ,
-1, ,2, ,
-1, ,1, ,
1, ,1, ,
0, ,2, ,
-2, ,1, ,
2, ,-2, ,
-1, ,2, ,
0, ,1, ,
1, ,1, ,
1, ,1, ,
-2, ,1, ,
1, ,-1, ,
-1, ,2, ,
0, ,-1, ,
1, ,1, ,
1, ,1, ,
-1, ,2, ,
2, ,-1, ,
-1, ,2, ,
-1, ,1, ,
1, ,1, ,
0, ,1, ,
-2, ,1, ,
2, ,-1, ,
-1, ,1, ,
0, ,1, ,
1, ,1, ,
2, ,1, ,
-1, ,1, ,
2, ,-1, ,
-2, ,1, ,
0, ,-1, ,
1, ,1, ,
1, ,1, ,
-1, ,2, ,
3, ,-1, ,
-1, ,1, ,
-1, ,-1, ,
1, ,1, ,
0, ,1, ,
-3, ,2, ,
2, ,-1, ,
0, ,1, ,
0, ,-1, ,
1, ,1, ,
0, ,1, ,
-2, ,2, ,
2, ,-1, ,
-1, ,2, ,
0, ,-1, ,
1, ,1, ,
2, ,1, ,
-2, ,1, ,
1, ,-1, ,
-1, ,2, ,
0, ,1, ,
1, ,1, ,
1, ,1, ,
-2, ,2, ,
2, ,-1, ,
-1, ,1, ,
0, ,-1, ,
1, ,1, ,
1, ,1, ,
-2, ,1, ,
1, ,-1, ,
-1, ,1, ,
0, ,1, ,
1, ,1, ,
1, ,1, ,
-2, ,1, ,
2, ,-1, ,
-1, ,1, ,
0, ,-1, ,
1, ,1, ,
1, ,1, ,
-2, ,2, ,
1, ,-1, ,
-1, ,1, ,
0, ,-1, ,
1, ,1, ,
1, ,1, ,
-2, ,2, ,
1, ,-1, ,
-1, ,1, ,
0, ,-1, ,
1, ,1, ,
1, ,1, ,
-2, ,1, ,
2, ,-1, ,
-1, ,1, ,
0, ,-1, ,
2, ,1, ,
1, ,1, ,
-2, ,2, ,
2, ,-1, ,
-1, ,2, ,
0, ,-1, ,
1, ,1, ,
1, ,1, ,
-3, ,1, ,
2, ,-2, ,
-1, ,1, ,
0, ,-1, ,
0, ,1, ,
1, ,1, ,
-2, ,1, ,
2, ,-1, ,
-1, ,2, ,
0, ,1, ,
1, ,1, ,
2, ,1, ,
-2, ,1, ,
2, ,1, ,
-2, ,2, ,
-1, ,1, ,
1, ,1, ,
1, ,1, ,
-1, ,1, ,
2, ,-1, ,
-1, ,2, ,
0, ,1, ,
0, ,1, ,
1, ,1, ,
-2, ,1, ,
2, ,-1, ,
-1, ,2, ,
0, ,1, ,
1, ,1, ,
1, ,1, ,
-1, ,1, ,
2, ,-1, ,
-2, ,1, ,
0, ,1, ,
1, ,1, ,
0, ,1, ,
-2, ,1, ,
1, ,1, ,
-1, ,2, ,
0, ,1, ,
1, ,1, ,
0, ,1, ,
-2, ,1, ,
1, ,1, ,
-1, ,1, ,
0, ,1, ,
1, ,1, ,
0, ,1, ,
-2, ,1, ,
2, ,1, ,
-2, ,1, ,
0, ,1, ,
0, ,1, ,
1, ,1, ,
-2, ,1, ,
2, ,1, ,
-1, ,1, ,
-1, ,1, ,
1, ,1, ,
1, ,1, ,
-2, ,1, ,
3, ,1, ,
-1, ,2, ,
0, ,1, ,
1, ,1, ,
1, ,2, ,
-2, ,1, ,
1, ,1, ,
-1, ,1, ,
0, ,1, ,
1, ,1, ,
1, ,2, ,
-2, ,1, ,
2, ,1, ,
-1, ,1, ,
0, ,1, ,
1, ,1, ,
1, ,1, ,
-1, ,1, ,
1, ,1, ,
-1, ,1, ,
1, ,1, ,
1, ,1, ,
0, ,1, ,
-2, ,-1, ,
2, ,1, ,
-1, ,1, ,
0, ,1, ,
2, ,1, ,
2, ,1, ,
-2, ,1, ,
2, ,1, ,
-1, ,2, ,
0, ,1, ,
0, ,1, ,
0, ,2, ,
-2, ,1, ,
2, ,-1, ,
-1, ,2, ,
0, ,1, ,
1, ,1, ,
1, ,1, ,
-3, ,1, ,
1, ,1, ,
-1, ,2, ,
0, ,1, ,
2, ,1, ,
1, ,2, ,
-1, ,1, ,
3, ,1, ,
-2, ,2, ,
0, ,1, ,
2, ,1, ,
2, ,1, ,
-1, ,1, ,
3, ,1, ,
-1, ,2, ,
0, ,1, ,
1, ,1, ,
1, ,1, ,
-2, ,1, ,
2, ,1, ,
-1, ,2, ,
0, ,1, ,
1, ,1, ,
0, ,2, ,
-2, ,1, ,
1, ,1, ,
-1, ,1, ,
0, ,1, ,
2, ,1, ,
1, ,1, ,
-2, ,1, ,
2, ,1, ,
-1, ,2, ,
0, ,1, ,
2, ,1, ,
1, ,1, ,
-2, ,1, ,
2, ,1, ,
-1, ,2, ,
0, ,1, ,
1, ,1, ,
1, ,1, ,
-2, ,1, ,
-7, ,-1, ,
-4, ,2, ,
-2, ,1, ,
-3, ,1, ,
1, ,2, ,
-2, ,1, ,
1, ,1, ,
0, ,1, ,
-1, ,1, ,
0, ,1, ,
1, ,1, ,
-2, ,1, ,
2, ,1, ,
-1, ,1, ,
0, ,1, ,
1, ,1, ,
0, ,1, ,
-3, ,1, ,
1, ,-1, ,
-2, ,1, ,
1, ,1, ,
1, ,1, ,
2, ,1, ,
-2, ,1, ,
1, ,-1, ,
-2, ,1, ,
-1, ,1, ,
1, ,-1, ,
0, ,1, ,
-2, ,1, ,
2, ,1, ,
-1, ,2, ,
0, ,1, ,
1, ,1, ,
1, ,1, ,
-2, ,1, ,
2, ,1, ,
-1, ,1, ,
1, ,-1, ,
2, ,1, ,
1, ,1, ,
-2, ,2, ,
2, ,-1, ,
-1, ,1, ,
-1, ,-1, ,
1, ,1, ,
1, ,1, ,
-2, ,1, ,
1, ,-1, ,
-1, ,1, ,
0, ,1, ,
0, ,1, ,
1, ,1, ,
-2, ,1, ,
2, ,-1, ,
-2, ,1, ,
1, ,1, ,
0, ,1, ,
1, ,1, ,
-2, ,1, ,
2, ,-1, ,
-1, ,1, ,
0, ,-1, ,
1, ,1, ,
1, ,1, ,
-2, ,2, ,
1, ,-1, ,
-1, ,1, ,
0, ,-1, ,
0, ,1, ,
0, ,1, ,
-2, ,1, ,
2, ,-1, ,
0, ,1, ,
0, ,-1, ,
1, ,1, ,
0, ,1, ,
-2, ,1, ,
2, ,-1, ,
-1, ,1, ,
0, ,1, ,
1, ,1, ,
1, ,1, ,
-2, ,1, ,
2, ,-1, ,
-1, ,1, ,
0, ,-1, ,
1, ,1, ,
1, ,1, ,
-1, ,1, ,
2, ,-1, ,
-1, ,1, ,
0, ,1, ,
1, ,1, ,
1, ,1, ,
-2, ,1, ,
3, ,-1, ,
-1, ,2, ,
1, ,-1, ,
1, ,1, ,
1, ,1, ,
-1, ,1, ,
1, ,-1, ,
-1, ,1, ,
1, ,-1, ,
1, ,1, ,
1, ,1, ,
-1, ,1, ,
2, ,-1, ,
-1, ,1, ,
0, ,-1, ,
2, ,1, ,
2, ,1, ,
-1, ,1, ,
3, ,-1, ,
-1, ,1, ,
0, ,-1, ,
1, ,1, ,
2, ,1, ,
-2, ,1, ,
2, ,-1, ,
-1, ,1, ,
-1, ,-1, ,
1, ,1, ,
1, ,1, ,
-2, ,1, ,
2, ,-1, ,
-1, ,1, ,
0, ,-1, ,
1, ,1, ,
1, ,1, ,
-1, ,2, ,
2, ,-1, ,
-1, ,1, ,
0, ,-1, ,
2, ,1, ,
1, ,1, ,
-2, ,1, ,
2, ,-1, ,
-1, ,1, ,
0, ,-1, ,
1, ,-1, ,
2, ,1, ,
-2, ,1, ,
1, ,-1, ,
-1, ,2, ,
0, ,-1, ,
1, ,1, ,
1, ,1, ,
-2, ,1, ,
2, ,-1, ,
-1, ,1, ,
1, ,-1, ,
1, ,1, ,
0, ,1, ,
-2, ,1, ,
1, ,-1, ,
-1, ,1, ,
1, ,-1, ,
0, ,1, ,
1, ,1, ,
-2, ,1, ,
2, ,-1, ,
-1, ,1, ,
0, ,-1, ,
1, ,1, ,
0, ,1, ,
-3, ,1, ,
2, ,-1, ,
-1, ,1, ,
0, ,-1, ,
1, ,1, ,
1, ,1, ,
-2, ,1, ,
2, ,-1, ,
-2, ,1, ,
0, ,-1, ,
1, ,1, ,
1, ,1, ,
-2, ,1, ,
3, ,-1, ,
-1, ,1, ,
0, ,-1, ,
1, ,1, ,
1, ,1, ,
-1, ,1, ,
2, ,-1, ,
-2, ,1, ,
0, ,-1, ,
0, ,1, ,
1, ,1, ,
-1, ,1, ,
4, ,-1, ,
-1, ,1, ,
0, ,-1, ,
1, ,1, ,
1, ,1, ,
-3, ,1, ,
2, ,-1, ,
-1, ,1, ,
0, ,-1, ,
0, ,-1, ,
1, ,1, ,
-1, ,1, ,
2, ,-1, ,
-1, ,1, ,
0, ,-1, ,
2, ,1, ,
1, ,1, ,
-2, ,1, ,
3, ,-1, ,
-1, ,1, ,
0, ,-1, ,
1, ,1, ,
1, ,1, ,
-2, ,1, ,
2, ,-1, ,
-1, ,1, ,
0, ,-1, ,
1, ,1, ,
0, ,1, ,
-1, ,1, ,
3, ,-1, ,
-1, ,1, ,
0, ,-1, ,
1, ,1, ,
1, ,1, ,
-2, ,1, ,
2, ,-1, ,
-1, ,1, ,
0, ,-1, ,
1, ,1, ,
1, ,1, ,
-2, ,1, ,
2, ,-1, ,
-1, ,1, ,
0, ,-1, ,
1, ,1, ,
1, ,1, ,
-2, ,1, ,
1, ,-2, ,
-1, ,1, ,
0, ,-1, ,
1, ,-1, ,
1, ,-1, ,
-1, ,1, ,
2, ,-1, ,
-1, ,1, ,
0, ,-1, ,
1, ,1, ,
0, ,1, ,
-2, ,1, ,
2, ,-1, ,
-1, ,1, ,
0, ,-1, ,
2, ,-1, ,
1, ,1, ,
-2, ,1, ,
2, ,-1, ,
-1, ,1, ,
0, ,-1, ,
2, ,1, ,
2, ,1, ,
-1, ,1, ,
2, ,-1, ,
-1, ,1, ,
0, ,-1, ,
1, ,1, ,
1, ,1, ,
-2, ,1, ,
2, ,-1, ,
-1, ,1, ,
0, ,-1, ,
1, ,1, ,
2, ,1, ,
-1, ,1, ,
2, ,-2, ,
0, ,1, ,
0, ,-1, ,
2, ,1, ,
1, ,-1, ,
-2, ,1, ,
3, ,-1, ,
-1, ,1, ,
-1, ,-1, ,
1, ,1, ,
1, ,1, ,
-2, ,1, ,
2, ,-2, ,
-1, ,1, ,
1, ,-1, ,
1, ,-1, ,
0, ,-1, ,
-2, ,1, ,
1, ,-2, ,
-1, ,1, ,
0, ,-1, ,
2, ,1, ,
1, ,1, ,
-2, ,1, ,
2, ,-2, ,
-1, ,2, ,
1, ,-1, ,
1, ,-1, ,
2, ,1, ,
-2, ,1, ,
3, ,-1, ,
-1, ,1, ,
0, ,-1, ,
1, ,1, ,
0, ,1, ,
-2, ,1, ,
2, ,-1, ,
0, ,1, ,
1, ,-1, ,
1, ,1, ,
0, ,1, ,
-2, ,1, ,
2, ,-1, ,
-2, ,1, ,
0, ,-1, ,
1, ,1, ,
0, ,1, ,
-1, ,1, ,
2, ,-1, ,
-1, ,1, ,
0, ,-1, ,
1, ,1, ,
1, ,1, ,
-2, ,1, ,
3, ,-1, ,
-1, ,1, ,
0, ,-1, ,
1, ,1, ,
1, ,1, ,
-2, ,1, ,
2, ,-2, ,
-1, ,1, ,
0, ,-1, ,
0, ,1, ,
0, ,1, ,
-2, ,1, ,
2, ,-2, ,
-1, ,1, ,
-1, ,-1, ,
1, ,1, ,
1, ,1, ,
-1, ,1, ,
2, ,-2, ,
-1, ,1, ,
1, ,-1, ,
1, ,-1, ,
1, ,1, ,
-2, ,1, ,
1, ,-1, ,
-1, ,1, ,
102, ,-1, ,
90, ,-1, ,
59, ,1, ,
37, ,1, ,
28, ,-1, ,
17, ,2, ,
14, ,-1, ,
13, ,1, ,
11, ,-1, ,
7, ,1, ,
11, ,-1, ,
7, ,1, ,
7, ,-1, ,
8, ,1, ,
9, ,-1, ,
6, ,1, ,
9, ,-1, ,
7, ,1, ,
8, ,-1, ,
8, ,-1, ,
8, ,1, ,
5, ,1, ,
9, ,-1, ,
6, ,1, ,
7, ,-1, ,
8, ,1, ,
8, ,1, ,
6, ,1, ,
8, ,-1, ,
5, ,1, ,
6, ,-1, ,
7, ,1, ,
7, ,1, ,
5, ,1, ,
7, ,-2, ,
5, ,1, ,
5, ,-1, ,
6, ,1, ,
7, ,1, ,
5, ,1, ,
8, ,-1, ,
7, ,1, ,
6, ,-1, ,
7, ,1, ,
7, ,1, ,
5, ,1, ,
8, ,-1, ,
5, ,1, ,
5, ,-1, ,
6, ,1, ,
6, ,-1, ,
5, ,1, ,
8, ,-1, ,
4, ,1, ,
6, ,-1, ,
7, ,1, ,
6, ,1, ,
4, ,1, ,
6, ,-1, ,
4, ,1, ,
6, ,-1, ,
6, ,1, ,
6, ,1, ,
4, ,1, ,
7, ,-1, ,
5, ,2, ,
5, ,-1, ,
7, ,-1, ,
7, ,1, ,
3, ,1, ,
7, ,-1, ,
5, ,1, ,
5, ,-1, ,
5, ,1, ,
6, ,-1, ,
4, ,1, ,
6, ,-2, ,
4, ,1, ,
5, ,-1, ,
6, ,1, ,
5, ,1, ,
2, ,1, ,
6, ,-2, ,
5, ,1, ,
5, ,-1, ,
6, ,1, ,
6, ,1, ,
4, ,1, ,
5, ,-1, ,
5, ,1, ,
5, ,-1, ,
5, ,1, ,
5, ,1, ,
3, ,1, ,
7, ,-2, ,
4, ,1, ,
5, ,-1, ,
5, ,1, ,
6, ,1, ,
4, ,1, ,
5, ,-2, ,
4, ,1, ,
5, ,-1, ,
6, ,1, ,
6, ,1, ,
4, ,1, ,
7, ,-2, ,
4, ,1, ,
4, ,-1, ,
5, ,1, ,
5, ,1, ,
3, ,1, ,
6, ,-2, ,
4, ,1, ,
4, ,-1, ,
5, ,1, ,
4, ,1, ,
2, ,1, ,
6, ,-2, ,
4, ,1, ,
3, ,-1, ,
5, ,-1, ,
4, ,-1, ,
2, ,1, ,
6, ,-1, ,
3, ,1, ,
3, ,-1, ,
4, ,1, ,
4, ,1, ,
2, ,1, ,
5, ,-2, ,
3, ,1, ,
4, ,-1, ,
4, ,1, ,
4, ,1, ,
3, ,1, ,
5, ,-1, ,
3, ,1, ,
4, ,-1, ,
4, ,1, ,
4, ,-1, ,
2, ,1, ,
5, ,-1, ,
4, ,1, ,
4, ,-1, ,
4, ,1, ,
4, ,1, ,
2, ,1, ,
5, ,-2, ,
3, ,2, ,
2, ,-1, ,
5, ,-1, ,
4, ,1, ,
2, ,-1, ,
5, ,-2, ,
2, ,1, ,
4, ,-1, ,
4, ,1, ,
3, ,1, ,
1, ,1, ,
5, ,-2, ,
2, ,1, ,
2, ,-1, ,
4, ,-1, ,
4, ,1, ,
1, ,1, ,
5, ,-2, ,
2, ,1, ,
2, ,-1, ,
3, ,1, ,
3, ,1, ,
0, ,-1, ,
5, ,-2, ,
2, ,1, ,
2, ,-1, ,
3, ,-1, ,
3, ,1, ,
0, ,1, ,
4, ,-2, ,
2, ,1, ,
2, ,-1, ,
3, ,1, ,
3, ,1, ,
0, ,1, ,
4, ,-2, ,
2, ,2, ,
2, ,-1, ,
3, ,1, ,
3, ,1, ,
1, ,1, ,
4, ,-2, ,
1, ,1, ,
2, ,-1, ,
2, ,-1, ,
2, ,1, ,
0, ,1, ,
4, ,-2, ,
1, ,1, ,
2, ,-1, ,
3, ,1, ,
3, ,1, ,
0, ,1, ,
3, ,-2, ,
0, ,1, ,
3, ,-1, ,
2, ,1, ,
3, ,1, ,
0, ,1, ,
3, ,-2, ,
1, ,1, ,
1, ,-1, ,
3, ,-1, ,
3, ,1, ,
0, ,1, ,
4, ,-1, ,
2, ,1, ,
2, ,-1, ,
3, ,1, ,
3, ,1, ,
0, ,1, ,
3, ,-2, ,
0, ,2, ,
0, ,-1, ,
3, ,1, ,
3, ,1, ,
0, ,1, ,
3, ,-2, ,
0, ,1, ,
1, ,-1, ,
3, ,1, ,
2, ,1, ,
0, ,1, ,
4, ,-1, ,
1, ,1, ,
1, ,-1, ,
3, ,1, ,
2, ,1, ,
-1, ,1, ,
3, ,-1, ,
0, ,1, ,
2, ,-1, ,
3, ,-1, ,
2, ,1, ,
0, ,1, ,
4, ,-2, ,
0, ,1, ,
2, ,-1, ,
3, ,1, ,
3, ,1, ,
0, ,1, ,
4, ,-2, ,
1, ,1, ,
2, ,-1, ,
2, ,-1, ,
2, ,1, ,
0, ,1, ,
4, ,-2, ,
1, ,1, ,
1, ,-1, ,
3, ,1, ,
2, ,1, ,
0, ,1, ,
3, ,-2, ,
1, ,1, ,
2, ,-1, ,
3, ,1, ,
2, ,1, ,
0, ,1, ,
3, ,-2, ,
1, ,1, ,
1, ,-1, ,
2, ,1, ,
2, ,1, ,
-1, ,1, ,
3, ,-2, ,
0, ,1, ,
2, ,-1, ,
2, ,1, ,
1, ,1, ,
0, ,1, ,
3, ,-1, ,
0, ,1, ,
1, ,-1, ,
2, ,-1, ,
3, ,1, ,
-1, ,1, ,
3, ,-1, ,
0, ,1, ,
1, ,-1, ,
2, ,1, ,
2, ,1, ,
-1, ,1, ,
3, ,-1, ,
0, ,1, ,
1, ,-1, ,
3, ,1, ,
2, ,1, ,
-1, ,1, ,
3, ,-1, ,
0, ,1, ,
0, ,-1, ,
1, ,1, ,
2, ,1, ,
-1, ,1, ,
3, ,-2, ,
0, ,1, ,
1, ,-1, ,
1, ,1, ,
2, ,1, ,
-1, ,1, ,
3, ,-2, ,
0, ,1, ,
2, ,-1, ,
1, ,1, ,
1, ,-1, ,
-1, ,1, ,
3, ,-2, ,
-1, ,1, ,
0, ,-1, ,
2, ,1, ,
1, ,-1, ,
-1, ,-1, ,
3, ,-2, ,
0, ,1, ,
1, ,-1, ,
1, ,1, ,
2, ,1, ,
-1, ,1, ,
3, ,-2, ,
0, ,1, ,
0, ,-1, ,
2, ,-1, ,
1, ,1, ,
-2, ,1, ,
3, ,-2, ,
0, ,1, ,
2, ,-1, ,
2, ,1, ,
2, ,1, ,
-2, ,1, ,
2, ,-2, ,
-1, ,1, ,
0, ,1, ,
3, ,-1, ,
2, ,1, ,
-1, ,1, ,
2, ,-2, ,
-1, ,1, ,
1, ,-1, ,
1, ,-1, ,
0, ,1, ,
-2, ,1, ,
3, ,-2, ,
-1, ,1, ,
0, ,-1, ,
2, ,1, ,
1, ,1, ,
-1, ,1, ,
2, ,-2, ,
0, ,1, ,
1, ,-1, ,
2, ,1, ,
2, ,1, ,
-1, ,1, ,
2, ,-1, ,
-1, ,1, ,
1, ,-1, ,
2, ,-1, ,
2, ,1, ,
-1, ,1, ,
3, ,-2, ,
0, ,1, ,
1, ,-1, ,
1, ,1, ,
2, ,1, ,
0, ,1, ,
2, ,-2, ,
0, ,1, ,
1, ,-1, ,
2, ,1, ,
2, ,1, ,
0, ,1, ,
2, ,-2, ,
1, ,1, ,
1, ,-1, ,
1, ,-1, ,
1, ,1, ,
-1, ,1, ,
3, ,-2, ,
0, ,1, ,
0, ,-1, ,
2, ,-1, ,
1, ,1, ,
-2, ,1, ,
2, ,-2, ,
-1, ,1, ,
1, ,-1, ,
2, ,1, ,
2, ,-1, ,
-1, ,1, ,
2, ,-2, ,
0, ,1, ,
0, ,-1, ,
1, ,1, ,
2, ,-1, ,
-1, ,-1, ,
4, ,-2, ,
-1, ,1, ,
0, ,-1, ,
2, ,-1, ,
1, ,-1, ,
-2, ,1, ,
3, ,-2, ,
-1, ,1, ,
1, ,-1, ,
2, ,-1, ,
2, ,-1, ,
-2, ,1, ,
2, ,-2, ,
-1, ,1, ,
1, ,-1, ,
1, ,1, ,
1, ,1, ,
-2, ,1, ,
2, ,-2, ,
-1, ,1, ,
0, ,-1, ,
2, ,-1, ,
1, ,-1, ,
-2, ,1, ,
2, ,-2, ,
-1, ,1, ,
1, ,-1, ,
2, ,1, ,
1, ,1, ,
-2, ,-1, ,
2, ,-1, ,
-1, ,2, ,
0, ,-1, ,
2, ,1, ,
2, ,1, ,
-2, ,-1, ,
2, ,-2, ,
-1, ,1, ,
0, ,-1, ,
1, ,1, ,
2, ,-1, ,
-2, ,1, ,
3, ,-1, ,
-1, ,2, ,
0, ,-1, ,
1, ,1, ,
1, ,1, ,
-2, ,1, ,
2, ,-1, ,
-1, ,1, ,
1, ,-1, ,
2, ,-1, ,
0, ,-1, ,
-2, ,1, ,
2, ,-2, ,
-1, ,1, ,
0, ,-1, ,
1, ,1, ,
1, ,1, ,
-2, ,1, ,
2, ,-2, ,
-1, ,1, ,
0, ,-1, ,
1, ,1, ,
1, ,1, ,
-2, ,1, ,
2, ,-2, ,
-1, ,1, ,
0, ,-1, ,
1, ,1, ,
2, ,1, ,
-2, ,-1, ,
3, ,-2, ,
-1, ,1, ,
1, ,-1, ,
1, ,1, ,
1, ,1, ,
-2, ,-1, ,
3, ,-2, ,
-1, ,1, ,
0, ,-1, ,
2, ,-1, ,
1, ,1, ,
-2, ,1, ,
3, ,-1, ,
-1, ,1, ,
1, ,-1, ,
1, ,-1, ,
2, ,-1, ,
-1, ,1, ,
2, ,-2, ,
-1, ,1, ,
0, ,-1, ,
2, ,-1, ,
2, ,1, ,
-1, ,1, ,
2, ,-2, ,
-1, ,1, ,
1, ,-1, ,
1, ,1, ,
1, ,1, ,
-1, ,-1, ,
3, ,-2, ,
0, ,1, ,
-1, ,-1, ,
1, ,-1, ,
2, ,1, ,
-2, ,1, ,
2, ,-1, ,
-1, ,1, ,
0, ,-1, ,
1, ,1, ,
1, ,1, ,
-1, ,1, ,
1, ,-2, ,
-1, ,1, ,
1, ,-1, ,
1, ,-1, ,
1, ,1, ,
-1, ,1, ,
3, ,-2, ,
-1, ,1, ,
0, ,-1, ,
1, ,-1, ,
1, ,1, ,
-2, ,1, ,
2, ,-1, ,
-1, ,1, ,
18, ,-1, ,
97, ,1, ,
62, ,1, ,
40, ,1, ,
30, ,-2, ,
19, ,1, ,
16, ,-1, ,
13, ,1, ,
11, ,1, ,
8, ,1, ,
11, ,-2, ,
8, ,1, ,
8, ,-1, ,
8, ,-1, ,
8, ,1, ,
6, ,1, ,
9, ,-2, ,
7, ,1, ,
7, ,-1, ,
8, ,-1, ,
8, ,1, ,
5, ,1, ,
8, ,-1, ,
5, ,1, ,
7, ,-1, ,
9, ,1, ,
8, ,1, ,
7, ,1, ,
8, ,-2, ,
6, ,1, ,
6, ,-1, ,
7, ,1, ,
6, ,-1, ,
4, ,1, ,
9, ,-2, ,
6, ,1, ,
6, ,-1, ,
7, ,1, ,
7, ,1, ,
5, ,-1, ,
7, ,-2, ,
5, ,1, ,
6, ,-1, ,
7, ,1, ,
7, ,1, ,
5, ,1, ,
8, ,-2, ,
5, ,1, ,
6, ,-1, ,
6, ,1, ,
6, ,1, ,
4, ,1, ,
7, ,-2, ,
5, ,1, ,
6, ,-1, ,
6, ,1, ,
6, ,1, ,
4, ,1, ,
8, ,-1, ,
6, ,1, ,
5, ,-1, ,
6, ,1, ,
7, ,1, ,
5, ,1, ,
7, ,-2, ,
5, ,1, ,
6, ,-1, ,
6, ,1, ,
5, ,1, ,
4, ,-1, ,
7, ,-1, ,
5, ,1, ,
5, ,-1, ,
5, ,1, ,
5, ,1, ,
3, ,1, ,
7, ,-1, ,
5, ,1, ,
5, ,-1, ,
5, ,-1, ,
5, ,1, ,
4, ,1, ,
6, ,-1, ,
4, ,2, ,
5, ,-1, ,
6, ,1, ,
6, ,1, ,
3, ,1, ,
6, ,-2, ,
4, ,1, ,
4, ,-1, ,
5, ,-1, ,
5, ,1, ,
3, ,1, ,
7, ,-1, ,
4, ,1, ,
4, ,-1, ,
4, ,1, ,
5, ,1, ,
3, ,1, ,
6, ,-2, ,
4, ,1, ,
6, ,-1, ,
5, ,-1, ,
5, ,1, ,
2, ,1, ,
6, ,-1, ,
4, ,1, ,
3, ,-1, ,
4, ,-1, ,
5, ,1, ,
3, ,1, ,
5, ,-2, ,
3, ,1, ,
4, ,-1, ,
5, ,1, ,
4, ,1, ,
2, ,1, ,
5, ,-2, ,
3, ,1, ,
3, ,-1, ,
4, ,-1, ,
5, ,1, ,
2, ,-1, ,
5, ,-2, ,
3, ,1, ,
3, ,-1, ,
4, ,1, ,
4, ,1, ,
1, ,1, ,
5, ,-1, ,
3, ,1, ,
4, ,-1, ,
4, ,1, ,
3, ,1, ,
2, ,1, ,
5, ,-2, ,
4, ,1, ,
4, ,-1, ,
4, ,1, ,
3, ,1, ,
1, ,1, ,
5, ,-1, ,
3, ,1, ,
2, ,-1, ,
4, ,1, ,
4, ,1, ,
2, ,1, ,
4, ,-2, ,
2, ,1, ,
3, ,1, ,
5, ,1, ,
3, ,-1, ,
2, ,1, ,
5, ,-2, ,
2, ,2, ,
2, ,-1, ,
4, ,1, ,
3, ,-1, ,
1, ,1, ,
4, ,-2, ,
2, ,1, ,
3, ,-1, ,
3, ,1, ,
3, ,1, ,
0, ,1, ,
5, ,-2, ,
1, ,1, ,
2, ,-1, ,
4, ,-1, ,
3, ,1, ,
1, ,1, ,
3, ,-1, ,
3, ,1, ,
3, ,-1, ,
3, ,1, ,
2, ,-1, ,
1, ,1, ,
4, ,-2, ,
2, ,1, ,
3, ,-1, ,
4, ,-1, ,
4, ,1, ,
1, ,1, ,
4, ,-2, ,
2, ,1, ,
2, ,-1, ,
3, ,1, ,
3, ,1, ,
1, ,1, ,
5, ,-2, ,
2, ,1, ,
3, ,-1, ,
3, ,-1, ,
2, ,1, ,
0, ,-1, ,
4, ,-2, ,
1, ,1, ,
2, ,-1, ,
3, ,1, ,
2, ,1, ,
0, ,1, ,
4, ,-1, ,
2, ,2, ,
2, ,-1, ,
4, ,-1, ,
3, ,1, ,
0, ,1, ,
4, ,-1, ,
2, ,1, ,
2, ,-1, ,
3, ,-1, ,
3, ,1, ,
0, ,1, ,
5, ,-1, ,
1, ,2, ,
1, ,-1, ,
3, ,1, ,
3, ,1, ,
0, ,1, ,
3, ,-2, ,
2, ,1, ,
3, ,-1, ,
2, ,-1, ,
3, ,1, ,
1, ,1, ,
3, ,-1, ,
1, ,1, ,
1, ,-1, ,
3, ,1, ,
3, ,1, ,
0, ,1, ,
4, ,-2, ,
1, ,1, ,
3, ,-1, ,
2, ,1, ,
2, ,1, ,
-1, ,1, ,
3, ,-1, ,
0, ,1, ,
1, ,-1, ,
3, ,1, ,
3, ,1, ,
0, ,1, ,
3, ,-2, ,
0, ,1, ,
1, ,-1, ,
3, ,1, ,
2, ,1, ,
0, ,1, ,
3, ,-2, ,
1, ,1, ,
1, ,-1, ,
2, ,1, ,
1, ,1, ,
0, ,1, ,
4, ,-2, ,
1, ,1, ,
2, ,-1, ,
3, ,-1, ,
2, ,1, ,
-1, ,1, ,
3, ,-2, ,
1, ,1, ,
2, ,-1, ,
4, ,1, ,
2, ,1, ,
-1, ,1, ,
3, ,-2, ,
0, ,1, ,
1, ,-1, ,
2, ,-1, ,
2, ,-1, ,
-1, ,1, ,
3, ,-2, ,
0, ,1, ,
2, ,-1, ,
2, ,1, ,
2, ,1, ,
-1, ,1, ,
3, ,-1, ,
0, ,1, ,
2, ,-1, ,
2, ,-1, ,
2, ,1, ,
-1, ,1, ,
2, ,-1, ,
0, ,1, ,
1, ,-1, ,
2, ,-1, ,
2, ,1, ,
-1, ,1, ,
3, ,-2, ,
0, ,2, ,
1, ,-1, ,
3, ,1, ,
2, ,1, ,
-1, ,1, ,
2, ,-1, ,
0, ,1, ,
1, ,-1, ,
2, ,-1, ,
2, ,1, ,
-1, ,1, ,
3, ,-2, ,
-1, ,1, ,
0, ,-1, ,
2, ,1, ,
2, ,1, ,
-1, ,-1, ,
3, ,-2, ,
-1, ,1, ,
1, ,-1, ,
2, ,1, ,
1, ,1, ,
-1, ,-1, ,
3, ,-2, ,
0, ,1, ,
1, ,-1, ,
2, ,-1, ,
2, ,-1, ,
-1, ,1, ,
4, ,-1, ,
0, ,2, ,
0, ,-1, ,
2, ,-1, ,
2, ,1, ,
-1, ,1, ,
3, ,-2, ,
0, ,1, ,
1, ,-1, ,
2, ,-1, ,
1, ,-1, ,
-1, ,1, ,
3, ,-2, ,
0, ,1, ,
2, ,-1, ,
1, ,-1, ,
2, ,-1, ,
-1, ,-1, ,
3, ,-2, ,
-1, ,1, ,
2, ,-1, ,
2, ,1, ,
1, ,1, ,
0, ,1, ,
2, ,-2, ,
0, ,1, ,
0, ,-1, ,
1, ,-1, ,
1, ,1, ,
-1, ,1, ,
2, ,-1, ,
0, ,1, ,
1, ,-1, ,
2, ,-1, ,
1, ,1, ,
-2, ,1, ,
3, ,-1, ,
-1, ,1, ,
0, ,-1, ,
2, ,-1, ,
2, ,-1, ,
-1, ,1, ,
2, ,-2, ,
0, ,1, ,
1, ,-1, ,
3, ,-1, ,
2, ,1, ,
-1, ,1, ,
4, ,-1, ,
-1, ,2, ,
0, ,-1, ,
1, ,1, ,
2, ,-1, ,
-1, ,1, ,
3, ,-2, ,
0, ,1, ,
1, ,-1, ,
2, ,1, ,
1, ,1, ,
-2, ,1, ,
3, ,-1, ,
-1, ,1, ,
0, ,-1, ,
2, ,1, ,
1, ,1, ,
-1, ,1, ,
2, ,-1, ,
0, ,1, ,
1, ,-1, ,
1, ,1, ,
2, ,1, ,
-1, ,1, ,
3, ,-1, ,
0, ,2, ,
0, ,-1, ,
1, ,1, ,
1, ,1, ,
-2, ,1, ,
2, ,-2, ,
-1, ,1, ,
0, ,-1, ,
2, ,1, ,
1, ,1, ,
-1, ,1, ,
3, ,-1, ,
0, ,1, ,
0, ,-1, ,
1, ,-1, ,
1, ,1, ,
-1, ,1, ,
3, ,-2, ,
0, ,1, ,
1, ,-1, ,
1, ,1, ,
1, ,1, ,
-2, ,1, ,
2, ,-2, ,
-1, ,1, ,
0, ,-1, ,
2, ,1, ,
2, ,1, ,
-1, ,1, ,
2, ,-2, ,
0, ,1, ,
1, ,-1, ,
1, ,-1, ,
1, ,1, ,
-2, ,1, ,
3, ,-1, ,
-1, ,1, ,
0, ,-1, ,
1, ,1, ,
1, ,1, ,
-1, ,1, ,
2, ,-1, ,
-1, ,1, ,
1, ,-1, ,
1, ,1, ,
2, ,1, ,
-2, ,1, ,
2, ,-2, ,
-1, ,1, ,
0, ,-1, ,
2, ,-1, ,
2, ,1, ,
-1, ,-1, ,
3, ,-2, ,
-1, ,1, ,
1, ,-1, ,
1, ,-1, ,
1, ,1, ,
-2, ,1, ,
2, ,-2, ,
-1, ,1, ,
1, ,-1, ,
2, ,-1, ,
2, ,1, ,
-1, ,1, ,
2, ,-2, ,
-1, ,1, ,
1, ,-1, ,
1, ,1, ,
1, ,1, ,
-1, ,1, ,
3, ,-2, ,
-1, ,1, ,
-1, ,-1, ,
1, ,1, ,
1, ,1, ,
-2, ,1, ,
1, ,-2, ,
-1, ,1, ,
1, ,-1, ,
1, ,1, ,
1, ,1, ,
-2, ,1, ,
2, ,-2, ,
-1, ,1, ,
1, ,-1, ,
2, ,1, ,
1, ,1, ,
-2, ,1, ,
2, ,-2, ,
-1, ,1, ,
1, ,-1, ,
1, ,1, ,
1, ,-1, ,
-2, ,1, ,
2, ,-1, ,
-2, ,1, ,
-2, ,-1, ,
0, ,-1, ,
0, ,1, ,
-2, ,1, ,
2, ,-1, ,
0, ,1, ,
2, ,-1, ,
1, ,-1, ,
1, ,1, ,
-2, ,1, ,
2, ,-1, ,
-1, ,2, ,
0, ,-1, ,
2, ,1, ,
1, ,1, ,
-2, ,1, ,
2, ,-2, ,
-1, ,1, ,
0, ,-1, ,
1, ,1, ,
1, ,-1, ,
-2, ,1, ,
2, ,-2, ,
0, ,1, ,
1, ,-1, ,
1, ,-1, ,
2, ,-1, ,
-2, ,1, ,
2, ,-1, ,
-2, ,1, ,
0, ,-1, ,
1, ,1, ,
2, ,1, ,
-1, ,1, ,
3, ,-2, ,
-1, ,1, ,
0, ,-1, ,
1, ,1, ,
1, ,1, ,
-2, ,1, ,
3, ,-2, ,
-1, ,1, ,
1, ,-1, ,
1, ,-1, ,
1, ,1, ,
-2, ,1, ,
2, ,-2, ,
-1, ,1, ,
0, ,-1, ,
1, ,-1, ,
2, ,1, ,
-1, ,1, ,
2, ,-2, ,
-1, ,1, ,
1, ,-1, ,
1, ,1, ,
1, ,1, ,
-2, ,1, ,
3, ,-2, ,
-1, ,1, ,
0, ,-1, ,
2, ,1, ,
2, ,1, ,
-1, ,1, ,
2, ,-2, ,
-1, ,1, ,
1, ,-1, ,
1, ,1, ,
2, ,1, ,
-1, ,1, ,
3, ,-1, ,
-1, ,1, ,
1, ,-1, ,
2, ,1, ,
1, ,1, ,
-2, ,1, ,
3, ,-2, ,
0, ,1, ,
1, ,-1, ,
1, ,-1, ,
1, ,1, ,
-1, ,1, ,
1, ,-2, ,
-1, ,1, ,
0, ,-1, ,
1, ,1, ,
2, ,1, ,
-2, ,1, ,
1, ,-1, ,
-2, ,1, ,
0, ,-1, ,
1, ,-1, ,
1, ,-1, ,
-2, ,1, ,
2, ,-2, ,
-1, ,1, ,
0, ,-1, ,
1, ,1, ,
1, ,1, ,
-2, ,1, ,
3, ,-2, ,
-1, ,1, ,
0, ,-1, ,
1, ,-1, ,
0, ,1, ,
-1, ,1, ,
2, ,-1, ,
-1, ,1, ,
0, ,-1, ,
2, ,1, ,
2, ,1, ,
-1, ,1, ,
3, ,-2, ,
-1, ,1, ,
0, ,-1, ,
1, ,1, ,
1, ,1, ,
-1, ,1, ,
2, ,-1, ,
0, ,1, ,
1, ,-1, ,
2, ,1, ,
1, ,1, ,
-2, ,1, ,
2, ,-2, ,
-1, ,1, ,
1, ,-1, ,
1, ,1, ,
1, ,1, ,
-2, ,1, ,
1, ,-1, ,
0, ,1, ,
1, ,-1, ,
1, ,-1, ,
1, ,1, ,
-2, ,1, ,
2, ,-1, ,
-1, ,1, ,
0, ,-1, ,
1, ,-1, ,
0, ,1, ,
-2, ,1, ,
1, ,-1, ,
-2, ,1, ,
0, ,-1, ,
1, ,-1, ,
1, ,1, ,
-2, ,1, ,
1, ,-2, ,
-2, ,1, ,
0, ,-1, ,
1, ,1, ,
1, ,1, ,
-2, ,1, ,
2, ,-1, ,
-1, ,1, ,
-1, ,-1, ,
1, ,-1, ,
0, ,1, ,
-3, ,1, ,
1, ,-1, ,
-1, ,1, ,
0, ,-1, ,
0, ,1, ,
0, ,1, ,
-2, ,1, ,
2, ,-1, ,
-2, ,1, ,
0, ,-1, ,
0, ,1, ,
1, ,1, ,
-2, ,1, ,
1, ,-1, ,
-1, ,1, ,
0, ,-1, ,
1, ,85, ,
0, ,56, ,
-3, ,34, ,
2, ,21, ,
-1, ,15, ,
0, ,10, ,
1, ,7, ,
1, ,6, ,
-2, ,5, ,
1, ,2, ,
-1, ,3, ,
-1, ,2, ,
1, ,2, ,
1, ,3, ,
-2, ,3, ,
3, ,2, ,
-1, ,3, ,
0, ,3, ,
1, ,2, ,
1, ,2, ,
-2, ,3, ,
3, ,2, ,
-1, ,3, ,
1, ,2, ,
1, ,2, ,
1, ,2, ,
-2, ,3, ,
2, ,2, ,
-1, ,3, ,
1, ,2, ,
2, ,2, ,
2, ,2, ,
-2, ,2, ,
2, ,2, ,
-1, ,3, ,
1, ,2, ,
1, ,2, ,
2, ,2, ,
-1, ,2, ,
2, ,2, ,
-1, ,2, ,
1, ,2, ,
2, ,2, ,
1, ,2, ,
-2, ,2, ,
3, ,2, ,
0, ,3, ,
1, ,2, ,
1, ,2, ,
1, ,2, ,
-1, ,2, ,
3, ,2, ,
-1, ,3, ,
0, ,2, ,
1, ,2, ,
2, ,2, ,
-1, ,2, ,
2, ,2, ,
-1, ,2, ,
1, ,2, ,
1, ,2, ,
0, ,2, ,
-2, ,2, ,
3, ,2, ,
-1, ,3, ,
0, ,2, ,
2, ,2, ,
1, ,2, ,
-2, ,2, ,
2, ,2, ,
-1, ,3, ,
0, ,2, ,
1, ,2, ,
1, ,2, ,
-2, ,2, ,
2, ,2, ,
-2, ,2, ,
-1, ,2, ,
1, ,2, ,
1, ,2, ,
-3, ,2, ,
1, ,2, ,
-1, ,2, ,
0, ,2, ,
1, ,2, ,
1, ,3, ,
-3, ,2, ,
2, ,2, ,
-1, ,3, ,
0, ,2, ,
1, ,2, ,
0, ,2, ,
-2, ,2, ,
1, ,2, ,
-2, ,2, ,
1, ,2, ,
1, ,2, ,
1, ,2, ,
-2, ,2, ,
1, ,2, ,
-1, ,2, ,
0, ,2, ,
0, ,2, ,
1, ,3, ,
-2, ,2, ,
1, ,2, ,
-2, ,2, ,
0, ,2, ,
1, ,2, ,
0, ,2, ,
-3, ,2, ,
2, ,2, ,
-2, ,3, ,
0, ,2, ,
0, ,2, ,
1, ,3, ,
-2, ,2, ,
2, ,2, ,
-1, ,3, ,
0, ,2, ,
1, ,2, ,
0, ,2, ,
-2, ,2, ,
2, ,2, ,
-2, ,3, ,
1, ,2, ,
1, ,2, ,
1, ,2, ,
-2, ,2, ,
2, ,2, ,
-2, ,2, ,
0, ,2, ,
1, ,2, ,
1, ,2, ,
-1, ,2, ,
2, ,2, ,
-1, ,2, ,
0, ,2, ,
1, ,2, ,
1, ,2, ,
-2, ,2, ,
3, ,1, ,
-1, ,2, ,
0, ,2, ,
1, ,2, ,
0, ,2, ,
-2, ,2, ,
2, ,2, ,
-1, ,2, ,
1, ,2, ,
1, ,2, ,
1, ,2, ,
-3, ,2, ,
2, ,1, ,
-1, ,2, ,
0, ,2, ,
1, ,2, ,
1, ,2, ,
-1, ,2, ,
2, ,1, ,
-1, ,2, ,
1, ,2, ,
2, ,2, ,
1, ,2, ,
-2, ,2, ,
2, ,1, ,
-1, ,2, ,
0, ,2, ,
1, ,1, ,
2, ,2, ,
-2, ,2, ,
2, ,1, ,
-1, ,2, ,
1, ,2, ,
1, ,2, ,
1, ,2, ,
-1, ,2, ,
2, ,1, ,
-1, ,2, ,
0, ,2, ,
0, ,1, ,
1, ,2, ,
-1, ,2, ,
2, ,1, ,
-1, ,2, ,
1, ,2, ,
1, ,2, ,
2, ,2, ,
-2, ,2, ,
2, ,1, ,
-2, ,2, ,
0, ,1, ,
1, ,2, ,
1, ,2, ,
-1, ,2, ,
3, ,1, ,
-1, ,2, ,
-1, ,1, ,
1, ,2, ,
1, ,2, ,
-1, ,2, ,
2, ,1, ,
-1, ,2, ,
0, ,1, ,
1, ,2, ,
0, ,2, ,
-2, ,2, ,
3, ,1, ,
-1, ,2, ,
1, ,1, ,
2, ,2, ,
1, ,2, ,
-2, ,2, ,
2, ,1, ,
-1, ,2, ,
0, ,1, ,
1, ,2, ,
0, ,2, ,
-3, ,2, ,
2, ,1, ,
-1, ,2, ,
0, ,2, ,
1, ,2, ,
0, ,2, ,
-3, ,2, ,
2, ,1, ,
-1, ,2, ,
0, ,1, ,
1, ,1, ,
0, ,2, ,
-3, ,2, ,
2, ,1, ,
-1, ,2, ,
-1, ,1, ,
1, ,2, ,
0, ,2, ,
-2, ,2, ,
2, ,1, ,
-1, ,2, ,
0, ,2, ,
1, ,1, ,
0, ,2, ,
-3, ,2, ,
2, ,1, ,
-2, ,2, ,
1, ,1, ,
2, ,1, ,
1, ,2, ,
-2, ,2, ,
1, ,1, ,
-2, ,2, ,
0, ,1, ,
1, ,2, ,
1, ,2, ,
-1, ,2, ,
2, ,-1, ,
-2, ,2, ,
-1, ,1, ,
1, ,2, ,
1, ,2, ,
-2, ,2, ,
3, ,1, ,
-1, ,2, ,
0, ,1, ,
1, ,1, ,
0, ,2, ,
-3, ,2, ,
2, ,-1, ,
-1, ,2, ,
0, ,1, ,
0, ,1, ,
1, ,2, ,
-2, ,2, ,
2, ,-1, ,
-2, ,2, ,
1, ,1, ,
1, ,2, ,
1, ,2, ,
-2, ,2, ,
2, ,1, ,
-1, ,2, ,
0, ,1, ,
1, ,1, ,
1, ,2, ,
-1, ,2, ,
2, ,-1, ,
-1, ,2, ,
0, ,1, ,
1, ,2, ,
1, ,2, ,
-2, ,2, ,
3, ,-1, ,
-2, ,2, ,
0, ,1, ,
1, ,2, ,
1, ,2, ,
-2, ,2, ,
2, ,1, ,
0, ,2, ,
0, ,1, ,
1, ,1, ,
0, ,1, ,
-2, ,2, ,
2, ,1, ,
-1, ,2, ,
0, ,1, ,
2, ,1, ,
1, ,2, ,
-2, ,2, ,
1, ,1, ,
-1, ,1, ,
1, ,1, ,
1, ,1, ,
1, ,2, ,
-2, ,1, ,
3, ,-1, ,
-1, ,1, ,
0, ,-1, ,
1, ,1, ,
1, ,2, ,
-2, ,2, ,
2, ,-1, ,
-1, ,1, ,
1, ,1, ,
1, ,1, ,
1, ,2, ,
-2, ,1, ,
2, ,-1, ,
-1, ,1, ,
0, ,1, ,
1, ,1, ,
1, ,2, ,
-2, ,2, ,
2, ,-1, ,
-1, ,1, ,
1, ,1, ,
1, ,1, ,
1, ,1, ,
-2, ,2, ,
2, ,-1, ,
-2, ,2, ,
0, ,1, ,
1, ,1, ,
0, ,1, ,
-2, ,2, ,
2, ,-1, ,
-1, ,2, ,
-1, ,1, ,
1, ,1, ,
1, ,1, ,
-2, ,2, ,
2, ,-1, ,
-2, ,2, ,
-1, ,-1, ,
1, ,1, ,
2, ,1, ,
-2, ,2, ,
3, ,-1, ,
-1, ,2, ,
0, ,1, ,
0, ,1, ,
0, ,1, ,
-3, ,1, ,
3, ,-1, ,
-1, ,2, ,
0, ,1, ,
1, ,1, ,
0, ,1, ,
-3, ,2, ,
2, ,-1, ,
-1, ,2, ,
0, ,-1, ,
1, ,1, ,
1, ,1, ,
-2, ,2, ,
2, ,-1, ,
-1, ,2, ,
1, ,-1, ,
1, ,1, ,
1, ,1, ,
-3, ,2, ,
3, ,-1, ,
-1, ,2, ,
0, ,1, ,
1, ,1, ,
1, ,1, ,
-2, ,2, ,
3, ,-1, ,
-1, ,2, ,
0, ,1, ,
1, ,1, ,
0, ,2, ,
-2, ,2, ,
2, ,-1, ,
-1, ,1, ,
1, ,1, ,
1, ,1, ,
0, ,1, ,
-2, ,2, ,
2, ,-1, ,
-1, ,2, ,
1, ,1, ,
1, ,1, ,
1, ,1, ,
-2, ,2, ,
2, ,-1, ,
-1, ,2, ,
0, ,1, ,
1, ,1, ,
2, ,1, ,
-1, ,2, ,
1, ,-1, ,
-1, ,1, ,
0, ,1, ,
1, ,1, ,
1, ,1, ,
-2, ,2, ,
3, ,-1, ,
-1, ,2, ,
0, ,1, ,
1, ,1, ,
0, ,2, ,
-2, ,2, ,
2, ,-1, ,
-1, ,1, ,
1, ,1, ,
1, ,1, ,
0, ,1, ,
-2, ,1, ,
2, ,-1, ,
-1, ,2, ,
0, ,1, ,
1, ,1, ,
1, ,1, ,
-2, ,2, ,
2, ,-1, ,
-1, ,1, ,
1, ,-1, ,
1, ,1, ,
1, ,1, ,
-2, ,1, ,
2, ,-1, ,
-1, ,2, ,
0, ,1, ,
1, ,1, ,
1, ,1, ,
-2, ,1, ,
2, ,-1, ,
-1, ,2, ,
0, ,1, ,
1, ,1, ,
0, ,1, ,
-2, ,1, ,
2, ,-1, ,
-2, ,2, ,
0, ,-1, ,
0, ,1, ,
1, ,-1, ,
-2, ,1, ,
2, ,-1, ,
-1, ,1, ,
1, ,-1, ,
1, ,1, ,
2, ,1, ,
-2, ,1, ,
1, ,-1, ,
-1, ,1, ,
-1, ,1, ,
1, ,2, ,
1, ,1, ,
-1, ,1, ,
1, ,-1, ,
-2, ,2, ,
0, ,-1, ,
0, ,1, ,
1, ,1, ,
-1, ,1, ,
2, ,-1, ,
-1, ,2, ,
1, ,1, ,
1, ,1, ,
1, ,1, ,
-2, ,1, ,
2, ,-1, ,
-1, ,2, ,
0, ,1, ,
1, ,1, ,
1, ,1, ,
-2, ,1, ,
2, ,-1, ,
-1, ,1, ,
0, ,1, ,
1, ,1, ,
1, ,1, ,
-2, ,1, ,
1, ,-1, ,
-1, ,1, ,
0, ,-1, ,
1, ,1, ,
1, ,1, ,
-2, ,1, ,
2, ,-1, ,
-2, ,1, ,
0, ,-1, ,
2, ,1, ,
1, ,1, ,
-3, ,1, ,
2, ,-1, ,
-1, ,1, ,
-1, ,1, ,
1, ,1, ,
1, ,1, ,
-1, ,1, ,
3, ,-1, ,
-1, ,1, ,
1, ,1, ,
1, ,2, ,
1, ,1, ,
-1, ,1, ,
2, ,-1, ,
-1, ,2, ,
1, ,1, ,
2, ,1, ,
1, ,1, ,
-3, ,1, ,
3, ,-1, ,
-1, ,1, ,
0, ,1, ,
1, ,1, ,
1, ,1, ,
-1, ,1, ,
2, ,-1, ,
-1, ,2, ,
-1, ,1, ,
1, ,1, ,
1, ,1, ,
-2, ,1, ,
3, ,-1, ,
-1, ,2, ,
0, ,1, ,
2, ,2, ,
1, ,1, ,
-2, ,1, ,
2, ,-1, ,
-1, ,1, ,
0, ,-1, ,
0, ,1, ,
1, ,1, ,
-2, ,1, ,
2, ,-1, ,
-1, ,2, ,
1, ,-1, ,
1, ,1, ,
1, ,1, ,
-2, ,2, ,
3, ,-2, ,
-1, ,1, ,
0, ,1, ,
1, ,1, ,
1, ,1, ,
-3, ,1, ,
2, ,-2, ,
-1, ,1, ,
1, ,1, ,
1, ,1, ,
2, ,1, ,
-2, ,1, ,
2, ,-1, ,
-1, ,2, ,
1, ,1, ,
2, ,1, ,
1, ,1, ,
-1, ,2, ,
2, ,-1, ,
-2, ,1, ,
0, ,-1, ,
0, ,-1, ,
0, ,-1, ,
-2, ,1, ,
2, ,-1, ,
-2, ,1, ,
0, ,1, ,
1, ,1, ,
1, ,1, ,
-2, ,1, ,
1, ,-1, ,
-1, ,1, ,
1, ,-1, ,
1, ,1, ,
1, ,1, ,
-1, ,1, ,
3, ,-1, ,
-2, ,1, ,
-1, ,-1, ,
2, ,1, ,
1, ,1, ,
-2, ,1, ,
3, ,-1, ,
-1, ,1, ,
0, ,-1, ,
1, ,1, ,
1, ,1, ,
-2, ,1, ,
2, ,-1, ,
-1, ,1, ,
-1, ,-1, ,
1, ,1, ,
2, ,1, ,
-1, ,1, ,
2, ,-1, ,
-1, ,1, ,
0, ,1, ,
1, ,1, ,
0, ,1, ,
-2, ,2, ,
3, ,-1, ,
-1, ,1, ,
0, ,-1, ,
0, ,1, ,
2, ,1, ,
-2, ,1, ,
1, ,-1, ,
-1, ,1, ,
1, ,-1, ,
1, ,1, ,
1, ,1, ,
-2, ,2, ,
2, ,-1, ,
-1, ,1, ,
0, ,-1, ,
1, ,1, ,
1, ,1, ,
-1, ,1, ,
1, ,-2, ,
-1, ,1, ,
0, ,-1, ,
1, ,1, ,
0, ,1, ,
-2, ,1, ,
3, ,-1, ,
-1, ,1, ,
1, ,1, ,
1, ,1, ,
1, ,1, ,
-2, ,1, ,
2, ,-1, ,
-1, ,2, ,
0, ,1, ,
1, ,1, ,
1, ,1, ,
-1, ,1, ,
1, ,-1, ,
-1, ,1, ,
1, ,1, ,
1, ,1, ,
2, ,1, ,
-2, ,-1, ,
2, ,-1, ,
-1, ,1, ,
1, ,1, ,
1, ,1, ,
1, ,1, ,
-2, ,1, ,
1, ,-1, ,
-2, ,2, ,
0, ,1, ,
1, ,1, ,
1, ,1, ,
-1, ,1, ,
2, ,-1, ,
-1, ,2, ,
0, ,1, ,
1, ,1, ,
1, ,1, ,
-2, ,1, ,
3, ,-1, ,
0, ,1, ,
0, ,2, ,
1, ,1, ,
1, ,1, ,
-2, ,1, ,
2, ,1, ,
-2, ,2, ,
0, ,1, ,
1, ,1, ,
1, ,2, ,
-2, ,1, ,
1, ,1, ,
-2, ,2, ,
0, ,1, ,
1, ,1, ,
0, ,1, ,
-2, ,1, ,
2, ,-1, ,
118, ,1, ,
84, ,1, ,
54, ,1, ,
35, ,1, ,
22, ,1, ,
19, ,1, ,
13, ,2, ,
12, ,1, ,
10, ,1, ,
9, ,1, ,
7, ,1, ,
9, ,-1, ,
7, ,1, ,
8, ,1, ,
8, ,1, ,
8, ,1, ,
6, ,1, ,
8, ,1, ,
6, ,2, ,
8, ,1, ,
8, ,1, ,
7, ,1, ,
5, ,1, ,
8, ,-1, ,
6, ,1, ,
8, ,1, ,
8, ,1, ,
7, ,1, ,
6, ,1, ,
9, ,-1, ,
5, ,2, ,
6, ,1, ,
7, ,1, ,
7, ,1, ,
5, ,1, ,
8, ,1, ,
6, ,1, ,
6, ,1, ,
7, ,1, ,
7, ,2, ,
5, ,1, ,
8, ,1, ,
6, ,1, ,
5, ,1, ,
6, ,1, ,
6, ,1, ,
5, ,1, ,
7, ,-1, ,
6, ,2, ,
6, ,1, ,
6, ,1, ,
7, ,1, ,
4, ,1, ,
7, ,-1, ,
4, ,2, ,
5, ,1, ,
6, ,1, ,
7, ,1, ,
4, ,1, ,
6, ,-1, ,
4, ,2, ,
6, ,1, ,
6, ,1, ,
6, ,1, ,
3, ,1, ,
7, ,1, ,
5, ,2, ,
5, ,1, ,
6, ,1, ,
6, ,2, ,
4, ,1, ,
7, ,-1, ,
4, ,1, ,
5, ,1, ,
5, ,1, ,
5, ,1, ,
4, ,-1, ,
7, ,-1, ,
5, ,1, ,
4, ,1, ,
5, ,1, ,
5, ,1, ,
3, ,1, ,
5, ,-1, ,
4, ,1, ,
6, ,1, ,
5, ,1, ,
5, ,2, ,
3, ,1, ,
7, ,-1, ,
4, ,2, ,
4, ,1, ,
6, ,1, ,
6, ,1, ,
4, ,1, ,
6, ,-1, ,
4, ,2, ,
4, ,1, ,
5, ,1, ,
5, ,1, ,
2, ,1, ,
6, ,-1, ,
3, ,1, ,
4, ,1, ,
5, ,1, ,
4, ,1, ,
3, ,1, ,
5, ,-1, ,
4, ,1, ,
5, ,1, ,
5, ,1, ,
4, ,1, ,
3, ,1, ,
5, ,-1, ,
3, ,2, ,
2, ,-1, ,
3, ,1, ,
4, ,1, ,
1, ,1, ,
6, ,-1, ,
4, ,2, ,
6, ,1, ,
5, ,1, ,
3, ,1, ,
1, ,1, ,
5, ,-1, ,
2, ,1, ,
3, ,1, ,
4, ,1, ,
5, ,1, ,
2, ,1, ,
6, ,-1, ,
2, ,1, ,
2, ,-1, ,
3, ,1, ,
4, ,1, ,
2, ,1, ,
6, ,-1, ,
2, ,1, ,
3, ,-1, ,
3, ,1, ,
3, ,1, ,
1, ,1, ,
5, ,-1, ,
2, ,1, ,
3, ,-1, ,
4, ,1, ,
4, ,1, ,
1, ,1, ,
4, ,-1, ,
3, ,1, ,
3, ,-1, ,
3, ,1, ,
4, ,1, ,
1, ,1, ,
4, ,-1, ,
3, ,1, ,
3, ,-1, ,
4, ,-1, ,
3, ,1, ,
0, ,1, ,
5, ,-1, ,
2, ,1, ,
3, ,-1, ,
4, ,1, ,
3, ,1, ,
0, ,1, ,
5, ,-1, ,
2, ,1, ,
3, ,1, ,
3, ,1, ,
3, ,1, ,
1, ,1, ,
4, ,-1, ,
2, ,1, ,
2, ,-1, ,
4, ,1, ,
4, ,1, ,
1, ,1, ,
5, ,-2, ,
2, ,1, ,
2, ,-1, ,
3, ,1, ,
3, ,2, ,
0, ,1, ,
4, ,-1, ,
1, ,2, ,
2, ,-1, ,
3, ,1, ,
3, ,1, ,
1, ,1, ,
4, ,-2, ,
1, ,1, ,
1, ,1, ,
3, ,1, ,
3, ,1, ,
1, ,1, ,
5, ,-1, ,
2, ,1, ,
3, ,-1, ,
3, ,1, ,
2, ,1, ,
0, ,1, ,
4, ,-2, ,
2, ,1, ,
2, ,-1, ,
3, ,1, ,
3, ,1, ,
0, ,1, ,
4, ,-2, ,
1, ,2, ,
2, ,1, ,
3, ,1, ,
3, ,1, ,
1, ,1, ,
4, ,-2, ,
1, ,1, ,
2, ,-1, ,
2, ,1, ,
3, ,1, ,
0, ,1, ,
4, ,-1, ,
1, ,1, ,
3, ,-1, ,
4, ,1, ,
3, ,1, ,
0, ,1, ,
4, ,-1, ,
0, ,1, ,
2, ,-1, ,
3, ,1, ,
3, ,1, ,
0, ,1, ,
3, ,-2, ,
0, ,2, ,
2, ,-1, ,
3, ,-1, ,
3, ,1, ,
0, ,1, ,
4, ,-2, ,
1, ,1, ,
1, ,-1, ,
3, ,1, ,
2, ,1, ,
-1, ,1, ,
3, ,-2, ,
1, ,2, ,
1, ,-1, ,
2, ,-1, ,
3, ,1, ,
0, ,1, ,
3, ,-1, ,
0, ,1, ,
2, ,-1, ,
2, ,-1, ,
2, ,1, ,
0, ,1, ,
3, ,-1, ,
0, ,1, ,
0, ,-1, ,
1, ,-1, ,
2, ,1, ,
-1, ,1, ,
3, ,-1, ,
0, ,1, ,
1, ,-1, ,
2, ,1, ,
1, ,1, ,
-1, ,1, ,
3, ,-2, ,
0, ,1, ,
1, ,-1, ,
2, ,1, ,
1, ,1, ,
-1, ,1, ,
3, ,-1, ,
0, ,1, ,
1, ,-1, ,
1, ,1, ,
1, ,1, ,
-1, ,1, ,
3, ,-1, ,
0, ,1, ,
0, ,-1, ,
2, ,1, ,
2, ,1, ,
-1, ,1, ,
3, ,-2, ,
0, ,1, ,
2, ,-1, ,
2, ,1, ,
1, ,1, ,
-2, ,1, ,
3, ,-1, ,
0, ,1, ,
0, ,-1, ,
2, ,-1, ,
1, ,1, ,
-1, ,1, ,
3, ,-2, ,
0, ,1, ,
1, ,-1, ,
2, ,1, ,
2, ,1, ,
-1, ,1, ,
2, ,-2, ,
-1, ,2, ,
0, ,-1, ,
3, ,-1, ,
2, ,1, ,
-1, ,1, ,
3, ,-2, ,
-1, ,1, ,
1, ,-1, ,
2, ,1, ,
1, ,-1, ,
-1, ,1, ,
4, ,-2, ,
0, ,1, ,
1, ,1, ,
2, ,-1, ,
2, ,1, ,
-1, ,1, ,
3, ,-1, ,
0, ,1, ,
1, ,1, ,
1, ,1, ,
2, ,1, ,
-1, ,1, ,
3, ,-1, ,
0, ,2, ,
0, ,1, ,
2, ,1, ,
2, ,1, ,
-1, ,1, ,
4, ,-1, ,
0, ,1, ,
1, ,1, ,
2, ,1, ,
1, ,-1, ,
-1, ,1, ,
3, ,-1, ,
0, ,2, ,
1, ,1, ,
1, ,-1, ,
3, ,1, ,
-2, ,1, ,
3, ,-1, ,
0, ,1, ,
1, ,1, ,
2, ,-1, ,
2, ,1, ,
-1, ,1, ,
2, ,-1, ,
0, ,2, ,
1, ,1, ,
3, ,1, ,
1, ,1, ,
-1, ,-1, ,
3, ,-1, ,
0, ,2, ,
1, ,1, ,
2, ,-1, ,
1, ,1, ,
-1, ,1, ,
3, ,-1, ,
-1, ,1, ,
1, ,1, ,
3, ,1, ,
3, ,1, ,
-1, ,1, ,
3, ,-1, ,
-1, ,1, ,
0, ,1, ,
1, ,-1, ,
1, ,1, ,
-1, ,1, ,
3, ,-1, ,
-1, ,2, ,
1, ,1, ,
1, ,1, ,
1, ,1, ,
-1, ,1, ,
2, ,-1, ,
-1, ,1, ,
0, ,1, ,
1, ,1, ,
1, ,1, ,
-1, ,-1, ,
1, ,-1, ,
-1, ,1, ,
0, ,1, ,
1, ,1, ,
2, ,1, ,
-1, ,1, ,
2, ,-1, ,
-1, ,2, ,
1, ,1, ,
1, ,1, ,
1, ,1, ,
-2, ,1, ,
3, ,-1, ,
-1, ,2, ,
0, ,1, ,
1, ,-1, ,
1, ,1, ,
-1, ,1, ,
2, ,-1, ,
-1, ,1, ,
1, ,1, ,
1, ,1, ,
1, ,1, ,
-2, ,-1, ,
3, ,-1, ,
-1, ,2, ,
1, ,1, ,
1, ,1, ,
1, ,2, ,
-2, ,-1, ,
2, ,-1, ,
-1, ,1, ,
1, ,1, ,
1, ,1, ,
0, ,1, ,
-2, ,1, ,
2, ,-1, ,
-1, ,1, ,
1, ,1, ,
2, ,1, ,
2, ,1, ,
-1, ,-1, ,
2, ,-1, ,
-1, ,1, ,
1, ,1, ,
1, ,1, ,
1, ,1, ,
-1, ,1, ,
3, ,-1, ,
0, ,1, ,
0, ,1, ,
1, ,1, ,
2, ,1, ,
-2, ,1, ,
1, ,-1, ,
-1, ,1, ,
1, ,1, ,
1, ,1, ,
1, ,1, ,
-2, ,1, ,
3, ,-1, ,
-1, ,1, ,
1, ,1, ,
2, ,1, ,
1, ,1, ,
-2, ,1, ,
3, ,-1, ,
-1, ,1, ,
0, ,1, ,
1, ,1, ,
0, ,1, ,
-2, ,1, ,
2, ,-1, ,
-1, ,2, ,
0, ,1, ,
2, ,-1, ,
2, ,1, ,
-1, ,1, ,
2, ,-1, ,
-1, ,2, ,
1, ,1, ,
1, ,1, ,
2, ,1, ,
-1, ,1, ,
2, ,-1, ,
0, ,1, ,
1, ,1, ,
1, ,1, ,
1, ,1, ,
-1, ,1, ,
2, ,-2, ,
0, ,1, ,
1, ,1, ,
0, ,1, ,
1, ,1, ,
-1, ,-1, ,
2, ,-1, ,
0, ,1, ,
0, ,1, ,
1, ,1, ,
2, ,1, ,
-2, ,-1, ,
3, ,-2, ,
-1, ,1, ,
-1, ,1, ,
2, ,1, ,
1, ,1, ,
-2, ,1, ,
3, ,-1, ,
-1, ,2, ,
0, ,1, ,
1, ,1, ,
1, ,1, ,
-2, ,1, ,
2, ,-2, ,
-1, ,2, ,
0, ,1, ,
2, ,-1, ,
1, ,1, ,
-2, ,1, ,
2, ,-1, ,
-1, ,1, ,
0, ,-1, ,
1, ,1, ,
1, ,1, ,
-1, ,-1, ,
2, ,-2, ,
-1, ,1, ,
0, ,-1, ,
1, ,1, ,
1, ,1, ,
-2, ,1, ,
2, ,-1, ,
-1, ,1, ,
1, ,1, ,
1, ,-1, ,
2, ,1, ,
-1, ,1, ,
2, ,-1, ,
-1, ,1, ,
1, ,1, ,
0, ,1, ,
2, ,1, ,
-1, ,-1, ,
2, ,-1, ,
-1, ,1, ,
0, ,1, ,
1, ,1, ,
0, ,1, ,
-1, ,-1, ,
2, ,-2, ,
-1, ,2, ,
0, ,1, ,
1, ,1, ,
1, ,1, ,
-1, ,1, ,
3, ,-1, ,
0, ,1, ,
0, ,1, ,
1, ,1, ,
1, ,1, ,
-2, ,-1, ,
2, ,-1, ,
-1, ,1, ,
0, ,-1, ,
1, ,1, ,
1, ,1, ,
-2, ,1, ,
2, ,-1, ,
-1, ,2, ,
0, ,-1, ,
2, ,1, ,
1, ,1, ,
-2, ,1, ,
1, ,-1, ,
-1, ,1, ,
1, ,1, ,
1, ,1, ,
1, ,1, ,
-1, ,1, ,
2, ,1, ,
-1, ,2, ,
1, ,1, ,
1, ,1, ,
1, ,1, ,
-1, ,1, ,
2, ,-1, ,
-1, ,1, ,
0, ,1, ,
1, ,1, ,
1, ,1, ,
-2, ,1, ,
1, ,-1, ,
-1, ,1, ,
0, ,1, ,
1, ,1, ,
1, ,1, ,
-2, ,1, ,
2, ,-1, ,
-1, ,1, ,
0, ,1, ,
2, ,1, ,
1, ,1, ,
-1, ,-1, ,
2, ,-1, ,
-1, ,2, ,
0, ,1, ,
1, ,1, ,
1, ,1, ,
-1, ,1, ,
3, ,-1, ,
-1, ,1, ,
1, ,1, ,
0, ,1, ,
0, ,1, ,
-1, ,-1, ,
1, ,-1, ,
-1, ,1, ,
0, ,1, ,
2, ,1, ,
1, ,1, ,
-3, ,1, ,
1, ,-1, ,
-1, ,2, ,
0, ,1, ,
1, ,1, ,
1, ,1, ,
-1, ,1, ,
2, ,-1, ,
-1, ,1, ,
1, ,1, ,
1, ,-1, ,
1, ,1, ,
-2, ,-1, ,
3, ,-1, ,
-1, ,1, ,
1, ,1, ,
1, ,-1, ,
1, ,1, ,
-2, ,-1, ,
3, ,-1, ,
-1, ,1, ,
1, ,1, ,
0, ,1, ,
0, ,1, ,
-2, ,1, ,
2, ,-1, ,
-1, ,1, ,
0, ,1, ,
0, ,1, ,
1, ,1, ,
-2, ,1, ,
2, ,-1, ,
-1, ,2, ,
1, ,1, ,
1, ,1, ,
0, ,1, ,
-2, ,1, ,
2, ,17, ,
-2, ,77, ,
0, ,47, ,
1, ,32, ,
1, ,21, ,
-2, ,14, ,
2, ,10, ,
-1, ,9, ,
-1, ,6, ,
1, ,5, ,
1, ,5, ,
-2, ,3, ,
2, ,2, ,
-1, ,5, ,
0, ,3, ,
1, ,2, ,
1, ,3, ,
-2, ,3, ,
3, ,1, ,
-1, ,3, ,
0, ,3, ,
2, ,2, ,
2, ,3, ,
-2, ,2, ,
2, ,2, ,
-1, ,3, ,
0, ,2, ,
1, ,2, ,
1, ,3, ,
-2, ,2, ,
2, ,1, ,
-1, ,3, ,
1, ,2, ,
1, ,2, ,
2, ,3, ,
-1, ,2, ,
2, ,1, ,
-1, ,3, ,
0, ,2, ,
1, ,2, ,
0, ,3, ,
-2, ,3, ,
3, ,1, ,
-1, ,2, ,
0, ,2, ,
1, ,2, ,
1, ,3, ,
-1, ,3, ,
2, ,1, ,
-1, ,2, ,
1, ,2, ,
1, ,2, ,
1, ,3, ,
-2, ,3, ,
3, ,1, ,
-1, ,2, ,
0, ,2, ,
2, ,2, ,
2, ,3, ,
-1, ,2, ,
2, ,1, ,
-1, ,2, ,
0, ,2, ,
1, ,2, ,
1, ,2, ,
-2, ,3, ,
3, ,1, ,
-1, ,3, ,
0, ,1, ,
1, ,2, ,
1, ,3, ,
-1, ,3, ,
2, ,1, ,
-1, ,2, ,
0, ,2, ,
2, ,2, ,
1, ,2, ,
-1, ,2, ,
2, ,1, ,
-1, ,2, ,
0, ,2, ,
1, ,2, ,
1, ,2, ,
-2, ,2, ,
2, ,1, ,
-1, ,2, ,
0, ,2, ,
1, ,2, ,
1, ,2, ,
-2, ,2, ,
3, ,1, ,
-1, ,3, ,
0, ,2, ,
1, ,2, ,
1, ,3, ,
-2, ,2, ,
2, ,1, ,
-1, ,2, ,
0, ,2, ,
0, ,2, ,
1, ,2, ,
-1, ,2, ,
2, ,1, ,
-1, ,2, ,
0, ,2, ,
1, ,2, ,
0, ,3, ,
-2, ,2, ,
3, ,1, ,
-1, ,2, ,
1, ,2, ,
1, ,2, ,
1, ,2, ,
-3, ,2, ,
1, ,1, ,
-2, ,2, ,
0, ,1, ,
1, ,2, ,
1, ,2, ,
-2, ,3, ,
1, ,1, ,
-1, ,2, ,
0, ,1, ,
1, ,2, ,
1, ,2, ,
-2, ,2, ,
1, ,1, ,
-1, ,2, ,
1, ,2, ,
1, ,2, ,
1, ,2, ,
-1, ,2, ,
2, ,1, ,
-1, ,2, ,
0, ,2, ,
1, ,2, ,
0, ,2, ,
-2, ,2, ,
3, ,1, ,
-1, ,2, ,
0, ,1, ,
1, ,2, ,
1, ,2, ,
-2, ,2, ,
2, ,1, ,
-1, ,2, ,
0, ,1, ,
1, ,2, ,
1, ,2, ,
-2, ,2, ,
2, ,1, ,
-1, ,2, ,
0, ,1, ,
2, ,2, ,
1, ,2, ,
-2, ,2, ,
2, ,1, ,
-2, ,1, ,
0, ,-1, ,
1, ,1, ,
2, ,2, ,
-1, ,2, ,
2, ,1, ,
-2, ,2, ,
0, ,1, ,
1, ,1, ,
2, ,2, ,
-2, ,2, ,
1, ,1, ,
-1, ,2, ,
1, ,2, ,
1, ,2, ,
0, ,2, ,
-2, ,2, ,
2, ,1, ,
0, ,2, ,
1, ,2, ,
1, ,2, ,
1, ,2, ,
-1, ,2, ,
2, ,1, ,
-1, ,2, ,
0, ,2, ,
1, ,2, ,
1, ,2, ,
-2, ,2, ,
1, ,1, ,
-1, ,2, ,
1, ,2, ,
1, ,1, ,
2, ,2, ,
-3, ,2, ,
1, ,2, ,
-1, ,2, ,
0, ,2, ,
1, ,1, ,
2, ,2, ,
-1, ,2, ,
3, ,1, ,
-1, ,2, ,
-1, ,2, ,
1, ,1, ,
1, ,2, ,
-1, ,1, ,
2, ,1, ,
-1, ,2, ,
0, ,2, ,
1, ,2, ,
1, ,2, ,
-2, ,2, ,
3, ,2, ,
-1, ,2, ,
1, ,2, ,
1, ,1, ,
1, ,2, ,
-2, ,2, ,
2, ,2, ,
-1, ,2, ,
0, ,2, ,
1, ,1, ,
1, ,2, ,
-2, ,2, ,
2, ,2, ,
-1, ,3, ,
0, ,2, ,
0, ,2, ,
1, ,2, ,
-2, ,2, ,
1, ,1, ,
-1, ,2, ,
0, ,2, ,
1, ,1, ,
0, ,2, ,
-2, ,2, ,
2, ,1, ,
-1, ,2, ,
0, ,2, ,
1, ,2, ,
0, ,2, ,
-2, ,2, ,
2, ,1, ,
-1, ,2, ,
0, ,2, ,
0, ,1, ,
0, ,2, ,
-2, ,2, ,
2, ,2, ,
-1, ,2, ,
0, ,2, ,
2, ,2, ,
1, ,2, ,
-3, ,1, ,
2, ,1, ,
-1, ,1, ,
0, ,2, ,
1, ,1, ,
1, ,2, ,
-2, ,1, ,
1, ,1, ,
-1, ,2, ,
0, ,1, ,
1, ,1, ,
1, ,2, ,
-2, ,1, ,
2, ,1, ,
-1, ,2, ,
1, ,2, ,
0, ,2, ,
1, ,2, ,
-2, ,1, ,
2, ,1, ,
-2, ,2, ,
0, ,2, ,
1, ,1, ,
0, ,2, ,
-2, ,1, ,
2, ,1, ,
-1, ,2, ,
0, ,1, ,
1, ,1, ,
1, ,2, ,
-1, ,1, ,
2, ,1, ,
-1, ,2, ,
0, ,2, ,
1, ,2, ,
1, ,2, ,
-2, ,1, ,
3, ,1, ,
-1, ,2, ,
1, ,2, ,
1, ,1, ,
1, ,1, ,
-2, ,1, ,
2, ,1, ,
-1, ,2, ,
0, ,1, ,
1, ,2, ,
1, ,2, ,
-2, ,2, ,
2, ,1, ,
-1, ,1, ,
0, ,1, ,
1, ,1, ,
0, ,2, ,
-2, ,1, ,
2, ,1, ,
-1, ,1, ,
0, ,2, ,
2, ,1, ,
1, ,2, ,
-3, ,1, ,
2, ,1, ,
-2, ,2, ,
0, ,2, ,
1, ,2, ,
1, ,2, ,
-2, ,1, ,
3, ,1, ,
-1, ,2, ,
0, ,1, ,
2, ,1, ,
1, ,2, ,
-1, ,1, ,
2, ,-1, ,
-1, ,2, ,
1, ,2, ,
1, ,2, ,
1, ,2, ,
-2, ,1, ,
2, ,1, ,
-1, ,2, ,
1, ,1, ,
1, ,1, ,
1, ,2, ,
-2, ,2, ,
1, ,1, ,
-1, ,2, ,
1, ,1, ,
1, ,1, ,
1, ,1, ,
-2, ,1, ,
2, ,1, ,
-1, ,2, ,
0, ,2, ,
1, ,1, ,
1, ,2, ,
-1, ,2, ,
2, ,-1, ,
-1, ,2, ,
0, ,2, ,
1, ,1, ,
1, ,2, ,
-2, ,2, ,
3, ,-1, ,
-1, ,2, ,
0, ,1, ,
1, ,1, ,
1, ,2, ,
-2, ,2, ,
3, ,1, ,
-1, ,1, ,
0, ,2, ,
1, ,1, ,
1, ,1, ,
-2, ,2, ,
2, ,1, ,
-1, ,2, ,
0, ,1, ,
0, ,1, ,
0, ,2, ,
-2, ,2, ,
2, ,-1, ,
-1, ,2, ,
0, ,1, ,
1, ,1, ,
1, ,1, ,
-2, ,1, ,
2, ,-1, ,
-1, ,2, ,
0, ,1, ,
1, ,2, ,
0, ,1, ,
-1, ,2, ,
3, ,-1, ,
-1, ,1, ,
0, ,1, ,
1, ,1, ,
1, ,1, ,
-2, ,2, ,
2, ,-1, ,
-1, ,2, ,
1, ,1, ,
1, ,1, ,
1, ,2, ,
-2, ,1, ,
1, ,-1, ,
-1, ,2, ,
1, ,1, ,
1, ,1, ,
0, ,1, ,
-2, ,2, ,
2, ,-1, ,
-1, ,2, ,
0, ,1, ,
1, ,1, ,
1, ,2, ,
-2, ,2, ,
1, ,1, ,
-1, ,1, ,
0, ,1, ,
1, ,1, ,
1, ,1, ,
-2, ,1, ,
2, ,-1, ,
-1, ,1, ,
0, ,1, ,
1, ,1, ,
1, ,1, ,
-2, ,2, ,
1, ,-1, ,
-2, ,2, ,
0, ,1, ,
0, ,1, ,
1, ,1, ,
-2, ,1, ,
2, ,-1, ,
-2, ,1, ,
-1, ,1, ,
-1, ,1, ,
0, ,1, ,
-3, ,2, ,
2, ,-1, ,
-1, ,1, ,
2, ,64, ,
2, ,43, ,
1, ,28, ,
-2, ,18, ,
3, ,11, ,
-2, ,10, ,
-1, ,6, ,
0, ,5, ,
1, ,5, ,
-3, ,5, ,
1, ,2, ,
-1, ,3, ,
-1, ,2, ,
2, ,3, ,
2, ,2, ,
-2, ,2, ,
2, ,2, ,
-2, ,3, ,
0, ,2, ,
1, ,2, ,
2, ,2, ,
-1, ,3, ,
2, ,1, ,
-2, ,3, ,
-1, ,2, ,
0, ,2, ,
0, ,3, ,
-3, ,3, ,
2, ,1, ,
-1, ,3, ,
0, ,2, ,
1, ,2, ,
1, ,3, ,
-2, ,2, ,
2, ,1, ,
-1, ,2, ,
1, ,2, ,
1, ,2, ,
2, ,3, ,
-2, ,2, ,
2, ,1, ,
-2, ,2, ,
1, ,2, ,
1, ,2, ,
2, ,3, ,
-2, ,3, ,
1, ,1, ,
-1, ,3, ,
0, ,2, ,
1, ,2, ,
1, ,2, ,
-1, ,2, ,
3, ,1, ,
-1, ,2, ,
0, ,1, ,
0, ,2, ,
1, ,2, ,
-2, ,3, ,
2, ,1, ,
-1, ,3, ,
0, ,2, ,
1, ,2, ,
1, ,2, ,
-2, ,2, ,
2, ,1, ,
-1, ,3, ,
1, ,2, ,
1, ,2, ,
1, ,2, ,
-2, ,2, ,
2, ,1, ,
-1, ,2, ,
1, ,2, ,
1, ,2, ,
0, ,2, ,
-2, ,2, ,
2, ,1, ,
-1, ,3, ,
0, ,2, ,
0, ,2, ,
1, ,2, ,
-2, ,2, ,
1, ,1, ,
-1, ,2, ,
0, ,1, ,
2, ,2, ,
2, ,2, ,
-2, ,2, ,
3, ,1, ,
0, ,2, ,
1, ,1, ,
1, ,1, ,
1, ,2, ,
-2, ,3, ,
1, ,1, ,
-1, ,2, ,
0, ,1, ,
1, ,2, ,
1, ,2, ,
-1, ,2, ,
2, ,1, ,
-1, ,3, ,
0, ,1, ,
2, ,2, ,
2, ,2, ,
-1, ,2, ,
2, ,1, ,
-1, ,2, ,
0, ,1, ,
1, ,2, ,
1, ,2, ,
-1, ,2, ,
2, ,1, ,
-1, ,2, ,
0, ,1, ,
2, ,2, ,
0, ,2, ,
-2, ,2, ,
2, ,1, ,
-1, ,2, ,
0, ,1, ,
2, ,1, ,
1, ,2, ,
-2, ,2, ,
2, ,1, ,
-2, ,2, ,
0, ,1, ,
1, ,2, ,
1, ,2, ,
-2, ,2, ,
1, ,1, ,
-2, ,2, ,
0, ,2, ,
0, ,2, ,
0, ,2, ,
-3, ,2, ,
2, ,1, ,
-1, ,2, ,
0, ,2, ,
0, ,2, ,
1, ,2, ,
-2, ,2, ,
1, ,1, ,
-1, ,2, ,
0, ,2, ,
0, ,2, ,
0, ,2, ,
-2, ,1, ,
2, ,1, ,
-2, ,2, ,
0, ,2, ,
0, ,2, ,
0, ,2, ,
-3, ,2, ,
1, ,1, ,
-1, ,2, ,
0, ,2, ,
1, ,2, ,
0, ,2, ,
-2, ,2, ,
1, ,2, ,
-1, ,2, ,
0, ,2, ,
1, ,2, ,
2, ,2, ,
-1, ,2, ,
1, ,2, ,
-2, ,2, ,
0, ,2, ,
1, ,1, ,
2, ,2, ,
-1, ,2, ,
2, ,2, ,
-2, ,2, ,
0, ,2, ,
1, ,1, ,
1, ,2, ,
-3, ,2, ,
2, ,2, ,
-1, ,2, ,
1, ,2, ,
1, ,2, ,
1, ,2, ,
-2, ,2, ,
3, ,2, ,
-1, ,2, ,
0, ,1, ,
1, ,2, ,
1, ,2, ,
-2, ,2, ,
3, ,2, ,
-1, ,2, ,
0, ,2, ,
1, ,2, ,
1, ,2, ,
-1, ,2, ,
3, ,1, ,
-1, ,1, ,
1, ,2, ,
1, ,2, ,
1, ,2, ,
-2, ,2, ,
3, ,2, ,
-1, ,2, ,
1, ,2, ,
1, ,1, ,
1, ,2, ,
-1, ,2, ,
2, ,1, ,
-1, ,2, ,
1, ,2, ,
1, ,1, ,
1, ,2, ,
-1, ,2, ,
2, ,1, ,
0, ,2, ,
2, ,2, ,
1, ,1, ,
1, ,2, ,
-2, ,1, ,
3, ,1, ,
-1, ,2, ,
0, ,2, ,
2, ,2, ,
1, ,2, ,
-1, ,1, ,
1, ,1, ,
-1, ,2, ,
0, ,2, ,
1, ,1, ,
1, ,2, ,
-1, ,2, ,
3, ,2, ,
-1, ,2, ,
0, ,2, ,
1, ,2, ,
1, ,2, ,
-2, ,2, ,
2, ,1, ,
-2, ,2, ,
0, ,2, ,
1, ,2, ,
1, ,2, ,
-1, ,1, ,
2, ,1, ,
-1, ,2, ,
-1, ,1, ,
1, ,1, ,
1, ,2, ,
-2, ,1, ,
2, ,1, ,
-1, ,2, ,
0, ,2, ,
0, ,1, ,
0, ,2, ,
-2, ,1, ,
1, ,1, ,
-2, ,2, ,
1, ,2, ,
1, ,2, ,
0, ,2, ,
-1, ,1, ,
2, ,1, ,
-2, ,2, ,
-1, ,2, ,
1, ,2, ,
1, ,2, ,
-2, ,1, ,
2, ,1, ,
-1, ,2, ,
-1, ,2, ,
0, ,1, ,
0, ,2, ,
-2, ,1, ,
1, ,1, ,
-1, ,2, ,
1, ,2, ,
1, ,1, ,
0, ,2, ,
-3, ,2, ,
1, ,1, ,
-1, ,3, ,
0, ,2, ,
1, ,1, ,
1, ,2, ,
-2, ,1, ,
1, ,-1, ,
-1, ,2, ,
0, ,2, ,
0, ,1, ,
0, ,2, ,
-2, ,2, ,
2, ,1, ,
-2, ,2, ,
-1, ,2, ,
1, ,2, ,
0, ,2, ,
-3, ,2, ,
1, ,-1, ,
-3, ,2, ,
-1, ,2, ,
1, ,2, ,
1, ,2, ,
-2, ,2, ,
2, ,-1, ,
-1, ,2, ,
0, ,2, ,
2, ,1, ,
1, ,2, ,
-1, ,2, ,
3, ,-1, ,
-1, ,2, ,
0, ,1, ,
1, ,1, ,
1, ,2, ,
-2, ,2, ,
2, ,1, ,
-1, ,2, ,
1, ,1, ,
1, ,2, ,
1, ,2, ,
-2, ,2, ,
2, ,-1, ,
-1, ,2, ,
0, ,2, ,
1, ,1, ,
0, ,2, ,
-1, ,2, ,
2, ,-1, ,
-1, ,2, ,
0, ,2, ,
1, ,1, ,
0, ,2, ,
-1, ,2, ,
3, ,-1, ,
-1, ,2, ,
0, ,1, ,
1, ,2, ,
0, ,2, ,
-2, ,1, ,
3, ,-1, ,
-1, ,2, ,
1, ,1, ,
1, ,1, ,
1, ,1, ,
-2, ,2, ,
2, ,-1, ,
-1, ,2, ,
0, ,1, ,
1, ,2, ,
1, ,2, ,
-2, ,2, ,
2, ,-1, ,
-1, ,2, ,
1, ,1, ,
1, ,2, ,
1, ,2, ,
-2, ,2, ,
1, ,-1, ,
-1, ,2, ,
0, ,1, ,
1, ,1, ,
0, ,2, ,
-1, ,1, ,
2, ,-1, ,
-1, ,2, ,
1, ,1, ,
1, ,1, ,
1, ,2, ,
-2, ,2, ,
2, ,-1, ,
-1, ,1, ,
0, ,1, ,
1, ,1, ,
1, ,2, ,
-2, ,2, ,
2, ,-1, ,
-1, ,2, ,
0, ,1, ,
1, ,1, ,
2, ,2, ,
-1, ,2, ,
1, ,-1, ,
-1, ,1, ,
0, ,1, ,
1, ,1, ,
1, ,2, ,
-2, ,1, ,
3, ,-1, ,
-1, ,1, ,
0, ,-1, ,
1, ,1, ,
0, ,1, ,
-1, ,1, ,
2, ,-1, ,
-1, ,2, ,
0, ,1, ,
1, ,1, ,
1, ,2, ,
-2, ,1, ,
2, ,-1, ,
-2, ,2, ,
0, ,1, ,
1, ,1, ,
1, ,2, ,
-2, ,1, ,
2, ,-1, ,
-1, ,1, ,
-1, ,1, ,
1, ,1, ,
0, ,2, ,
-2, ,1, ,
2, ,-1, ,
-1, ,2, ,
1, ,1, ,
1, ,1, ,
1, ,2, ,
-2, ,1, ,
2, ,-1, ,
-1, ,2, ,
0, ,1, ,
1, ,1, ,
1, ,1, ,
-1, ,2, ,
2, ,-1, ,
-2, ,1, ,
0, ,1, ,
1, ,1, ,
1, ,2, ,
-2, ,2, ,
2, ,-1, ,
-1, ,1, ,
1, ,1, ,
1, ,1, ,
1, ,1, ,
-2, ,1, ,
2, ,-1, ,
-1, ,1, ,
1, ,1, ,
1, ,1, ,
2, ,1, ,
-2, ,2, ,
1, ,-1, ,
-2, ,2, ,
1, ,-1, ,
1, ,1, ,
2, ,2, ,
-2, ,2, ,
2, ,-1, ,
-1, ,2, ,
0, ,-1, ,
1, ,1, ,
1, ,1, ,
-2, ,1, ,
3, ,-1, ,
-1, ,2, ,
0, ,1, ,
1, ,1, ,
1, ,1, ,
-2, ,1, ,
2, ,-1, ,
-1, ,2, ,
0, ,-1, ,
1, ,1, ,
2, ,1, ,
-1, ,1, ,
2, ,-1, ,
-1, ,2, ,
1, ,1, ,
1, ,1, ,
0, ,1, ,
-1, ,1, ,
2, ,-1, ,
-1, ,2, ,
1, ,1, ,
1, ,1, ,
1, ,1, ,
-2, ,1, ,
2, ,-1, ,
-1, ,2, ,
1, ,1, ,
1, ,1, ,
1, ,1, ,
-1, ,2, ,
3, ,-1, ,
-1, ,2, ,
0, ,1, ,
1, ,1, ,
1, ,2, ,
-2, ,1, ,
2, ,-1, ,
-1, ,2, ,
0, ,1, ,
1, ,1, ,
0, ,1, ,
-3, ,1, ,
3, ,-1, ,
-1, ,2, ,
0, ,1, ,
1, ,1, ,
1, ,1, ,
-2, ,1, ,
1, ,-1, ,
-2, ,1, ,
1, ,1, ,
0, ,1, ,
1, ,1, ,
-1, ,1, ,
2, ,-1, ,
-1, ,2, ,
-1, ,1, ,
1, ,1, ,
1, ,2, ,
-2, ,1, ,
1, ,-1, ,
-2, ,1, ,
1, ,1, ,
0, ,1, ,
1, ,2, ,
-1, ,1, ,
1, ,-1, ,
-2, ,2, ,
0, ,-1, ,
0, ,1, ,
1, ,1, ,
-1, ,1, ,
1, ,-1, ,
-1, ,2, ,
0, ,-1, ,
0, ,-1, ,
0, ,1, ,
-2, ,1, ,
3, ,-1, ,
-1, ,2, ,
1, ,-1, ,
1, ,1, ,
0, ,1, ,
-2, ,2, ,
2, ,-1, ,
-1, ,2, ,
1, ,1, ,
0, ,1, ,
1, ,2, ,
-2, ,1, ,
2, ,-1, ,
-1, ,2, ,
-1, ,-1, ,
1, ,1, ,
1, ,1, ,
-1, ,1, ,
2, ,-1, ,
-1, ,2, ,
1, ,-1, ,
1, ,1, ,
0, ,1, ,
-2, ,1, ,
2, ,-1, ,
-1, ,2, ,
0, ,-1, ,
1, ,1, ,
1, ,1, ,
-2, ,1, ,
2, ,-1, ,
-1, ,2, ,
1, ,1, ,
1, ,1, ,
1, ,1, ,
-2, ,1, ,
2, ,-1, ,
-1, ,2, ,
0, ,-1, ,
1, ,1, ,
1, ,-1, ,
-2, ,1, ,
2, ,-1, ,
-1, ,1, ,
1, ,-1, ,
1, ,1, ,
0, ,1, ,
-2, ,1, ,
2, ,-1, ,
-1, ,2, ,
1, ,-1, ,
1, ,1, ,
2, ,1, ,
-1, ,1, ,
2, ,-1, ,
-1, ,2, ,
1, ,1, ,
1, ,1, ,
1, ,1, ,
-1, ,1, ,
1, ,-1, ,
-1, ,2, ,
0, ,-1, ,
1, ,1, ,
1, ,1, ,
-3, ,1, ,
2, ,-1, ,
-1, ,1, ,
1, ,-1, ,
1, ,1, ,
1, ,1, ,
-2, ,1, ,
2, ,-1, ,
-2, ,1, ,
-1, ,-1, ,
1, ,1, ,
1, ,1, ,
-2, ,1, ,
2, ,-1, ,
-1, ,1, ,
0, ,-1, ,
1, ,1, ,
1, ,1, ,
-2, ,1, ,
2, ,-1, ,
-1, ,2, ,
0, ,-1, ,
1, ,1, ,
1, ,1, ,
-2, ,2, ,
2, ,-1, ,
-1, ,2, ,
0, ,-1, ,
0, ,1, ,
1, ,1, ,
-2, ,1, ,
1, ,-1, ,
-1, ,1, ,
0, ,-1, ,
1, ,1, ,
1, ,1, ,
-2, ,1, ,
1, ,-1, ,
-1, ,1, ,
1, ,-1, ,
1, ,1, ,
1, ,1, ,
-2, ,1, ,
2, ,-2, ,
-2, ,1, ,
0, ,-1, ,
1, ,1, ,
1, ,1, ,
-1, ,1, ,
1, ,-2, ,
-1, ,1, ,
0, ,-1, ,
0, ,1, ,
1, ,1, ,
-2, ,1, ,
1, ,-1, ,
-1, ,1, ,
0, ,-1, ,
1, ,-1, ,
0, ,1, ,
-2, ,1, ,
2, ,-2, ,
-1, ,1, ,
1, ,-1, ,
1, ,1, ,
1, ,1, ,
-1, ,1, ,
2, ,-1, ,
-1, ,1, ,
-1, ,-1, ,
1, ,1, ,
1, ,1, ,
-2, ,1, ,
3, ,-1, ,
-1, ,1, ,
0, ,-1, ,
1, ,1, ,
0, ,1, ,
-2, ,1, ,
2, ,-1, ,
-1, ,1, ,
0, ,-1, ,
1, ,1, ,
1, ,1, ,
-2, ,1, ,
1, ,-2, ,
-1, ,1, ,
0, ,-1, ,
1, ,1, ,
1, ,1, ,
-1, ,1, ,
2, ,-1, ,
-1, ,1, ,
1, ,-1, ,
1, ,1, ,
1, ,1, ,
-2, ,1, ,
2, ,-1, ,
0, ,1, ,
1, ,-1, ,
1, ,1, ,
1, ,1, ,
-3, ,1, ,
2, ,-1, ,
-2, ,1, ,
0, ,-1, ,
1, ,1, ,
1, ,1, ,
-3, ,1, ,
2, ,-1, ,
-1, ,2, ,
-1, ,-1, ,
2, ,1, ,
1, ,1, ,
-1, ,1, ,
2, ,-1, ,
-1, ,2, ,
1, ,-1, ,
1, ,1, ,
1, ,1, ,
-2, ,2, ,
2, ,-2, ,
-1, ,1, ,
0, ,-1, ,
1, ,1, ,
1, ,1, ,
-2, ,1, ,
2, ,-1, ,
-1, ,1, ,
0, ,-1, ,
1, ,1, ,
1, ,1, ,
-2, ,1, ,
1, ,-1, ,
-1, ,1, ,
0, ,-1, ,
1, ,1, ,
1, ,1, ,
-1, ,2, ,
2, ,-1, ,
-1, ,1, ,
-1, ,-1, ,
1, ,-1, ,
1, ,1, ,
-1, ,1, ,
2, ,-1, ,
-1, ,1, ,
1, ,-1, ,
1, ,1, ,
0, ,1, ,
-2, ,1, ,
3, ,-1, ,
-1, ,1, ,
0, ,-1, ,
0, ,1, ,
1, ,1, ,
-2, ,1, ,
1, ,-2, ,
-1, ,2, ,
1, ,-1, ,
0, ,1, ,
0, ,1, ,
-2, ,1, ,
2, ,-1, ,
-1, ,1, ,
0, ,-1, ,
1, ,1, ,
1, ,1, ,
-2, ,1, ,
1, ,-2, ,
-1, ,1, ,
1, ,-1, ,
0, ,1, ,
1, ,1, ,
-1, ,1, ,
1, ,-2, ,
-1, ,1, ,
-1, ,-1, ,
1, ,1, ,
1, ,1, ,
-1, ,-1, ,
1, ,-2, ,
-2, ,1, ,
1, ,-1, ,
1, ,1, ,
1, ,1, ,
-2, ,1, ,
3, ,-1, ,
-1, ,1, ,
-1, ,-1, ,
0, ,1, ,
1, ,1, ,
-2, ,1, ,
1, ,-2, ,
-1, ,1, ,
0, ,-1, ,
1, ,-1, ,
1, ,1, ,
-2, ,1, ,
1, ,-1, ,
-2, ,1, ,
0, ,-1, ,
0, ,-1, ,
1, ,1, ,
-2, ,1, ,
2, ,-1, ,
-1, ,1, ,
0, ,-1, ,
0, ,1, ,
1, ,1, ,
-2, ,1, ,
3, ,-1, ,
-1, ,1, ,
0, ,-1, ,
0, ,1, ,
0, ,1, ,
-2, ,1, ,
1, ,-2, ,
-1, ,1, ,
1, ,-1, ,
1, ,-1, ,
0, ,1, ,
-2, ,1, ,
1, ,-1, ,
-1, ,1, ,
0, ,-1, ,
1, ,1, ,
1, ,1, ,
-1, ,1, ,
1, ,-2, ,
-1, ,1, ,
1, ,-1, ,
1, ,1, ,
1, ,1, ,
-2, ,1, ,
2, ,-2, ,
-1, ,1, ,
1, ,-1, ,
1, ,1, ,
2, ,1, ,
-1, ,1, ,
1, ,-1, ,
-1, ,1, ,
0, ,-1, ,
1, ,1, ,
1, ,1, ,
-2, ,1, ,
2, ,-1, ,
0, ,1, ,
1, ,-1, ,
2, ,-1, ,
1, ,1, ,
-2, ,1, ,
2, ,-1, ,
-1, ,2, ,
0, ,-1, ,
1, ,1, ,
0, ,1, ,
-2, ,1, ,
2, ,-1, ,
-2, ,1, ,
-1, ,-1, ,
1, ,1, ,
2, ,1, ,
-2, ,1, ,
2, ,-1, ,
-2, ,1, ,
0, ,-1, ,
1, ,1, ,
1, ,1, ,
-2, ,-1, ,
2, ,-2, ,
-1, ,1, ,
0, ,-1, ,
0, ,1, ,
1, ,1, ,
-1, ,1, ,
2, ,-1, ,
-1, ,1, ,
0, ,-1, ,
1, ,1, ,
1, ,1, ,
-2, ,1, ,
2, ,-2, ,
-1, ,1, ,
0, ,-1, ,
1, ,1, ,
1, ,1, ,
-2, ,1, ,
2, ,-1, ,
-1, ,1, ,
0, ,-1, ,
1, ,1, ,
0, ,-1, ,
-1, ,1, ,
2, ,-1, ,
-1, ,1, ,
-1, ,-1, ,
1, ,1, ,
0, ,1, ,
-2, ,1, ,
2, ,-2, ,
-2, ,2, ,
-1, ,-1, ,
1, ,1, ,
1, ,1, ,
-1, ,1, ,
2, ,-2, ,
-1, ,1, ,
-1, ,-1, ,
1, ,1, ,
0, ,1, ,
-3, ,1, ,
2, ,-1, ,
-1, ,1, ,
0, ,-1, ,
1, ,1, ,
1, ,1, ,
-3, ,1, ,
2, ,-2, ,
-2, ,1, ,
0, ,-1, ,
2, ,-1, ,
1, ,1, ,
-1, ,1, ,
2, ,-1, ,
-2, ,1, ,
0, ,-1, ,
0, ,1, ,
1, ,1, ,
-1, ,1, ,
2, ,-2, ,
