Format,1.0B,
Memory Length,10000,Memory Length,10000,
IntpDistance,0,IntpDistance,0,
Trigger Address,5049,Trigger Address,5049,
Trigger Level,2.600E-02,Trigger Level,2.600E-02,
Source,CH1,Source,CH2,
Vertical Units,V,Vertical Units,V,
Vertical Units Div,0,Vertical Units Div,0,
Vertical Units Extend Div,16,Vertical Units Extend Div,16,
Label,,Label,,
Probe Type,0,Probe Type,0,
Probe Ratio,1.000e+01,Probe Ratio,1.000e+00,
Vertical Scale,1.000e-01,Vertical Scale,5.000e-02,
Vertical Position,-3.280e-01,Vertical Position,-1.640e-01,
Horizontal Units,S,Horizontal Units,S,
Horizontal Scale,2.000E-05,Horizontal Scale,2.000E-05,
Horizontal Position,-1.000E-06,Horizontal Position,-1.000E-06,
Horizontal Mode,Main,Horizontal Mode,Main,
SincET Mode,Real Time,SincET Mode,Real Time,
Sampling Period,2.000e-08,Sampling Period,2.000e-08,
Horizontal Old Scale,2.000E-05,Horizontal Old Scale,2.000E-05,
Horizontal Old Position,-1.000E-06,Horizontal Old Position,-1.000E-06,
Firmware,V1.23,Firmware,V1.23,
Mode,Fast,Mode,Fast,
Waveform Data,,Waveform Data,,
-1, ,1, ,
0, ,1, ,
2, ,2, ,
1, ,1, ,
-2, ,-1, ,
2, ,2, ,
-1, ,1, ,
0, ,1, ,
1, ,2, ,
1, ,1, ,
-2, ,-1, ,
2, ,2, ,
-1, ,1, ,
0, ,-1, ,
1, ,2, ,
0, ,1, ,
-2, ,-1, ,
2, ,2, ,
-1, ,-1, ,
0, ,-1, ,
1, ,1, ,
1, ,1, ,
-2, ,-1, ,
1, ,2, ,
-2, ,1, ,
0, ,1, ,
1, ,2, ,
0, ,1, ,
-2, ,-1, ,
2, ,2, ,
0, ,1, ,
0, ,-1, ,
2, ,1, ,
1, ,1, ,
-1, ,-1, ,
2, ,2, ,
-1, ,1, ,
0, ,1, ,
0, ,1, ,
1, ,1, ,
-3, ,-1, ,
2, ,2, ,
-1, ,1, ,
0, ,-1, ,
1, ,1, ,
1, ,1, ,
-2, ,-1, ,
1, ,2, ,
-2, ,1, ,
0, ,-1, ,
1, ,1, ,
1, ,1, ,
-1, ,-1, ,
2, ,2, ,
-1, ,1, ,
0, ,-1, ,
1, ,1, ,
1, ,1, ,
-2, ,-1, ,
2, ,2, ,
-1, ,1, ,
0, ,1, ,
1, ,2, ,
1, ,1, ,
-2, ,-1, ,
2, ,2, ,
0, ,1, ,
0, ,-1, ,
1, ,1, ,
1, ,1, ,
-2, ,-1, ,
2, ,1, ,
-1, ,1, ,
0, ,-1, ,
1, ,1, ,
0, ,1, ,
-3, ,-1, ,
2, ,2, ,
-1, ,1, ,
0, ,-1, ,
1, ,2, ,
1, ,1, ,
-2, ,-1, ,
2, ,2, ,
0, ,1, ,
0, ,1, ,
0, ,2, ,
0, ,1, ,
-2, ,-1, ,
2, ,2, ,
-2, ,1, ,
-1, ,-1, ,
1, ,2, ,
1, ,1, ,
-2, ,-1, ,
2, ,2, ,
-1, ,1, ,
0, ,-1, ,
1, ,2, ,
0, ,1, ,
-2, ,-1, ,
2, ,1, ,
0, ,-1, ,
0, ,1, ,
2, ,2, ,
1, ,1, ,
-2, ,-1, ,
2, ,2, ,
-2, ,1, ,
0, ,1, ,
1, ,2, ,
1, ,1, ,
-2, ,-1, ,
2, ,2, ,
-2, ,1, ,
-1, ,1, ,
1, ,2, ,
1, ,1, ,
-2, ,-2, ,
1, ,2, ,
-1, ,1, ,
0, ,1, ,
1, ,2, ,
1, ,1, ,
-2, ,-1, ,
2, ,2, ,
-1, ,1, ,
-1, ,-1, ,
1, ,1, ,
1, ,1, ,
-1, ,-2, ,
2, ,2, ,
-1, ,1, ,
0, ,1, ,
1, ,2, ,
0, ,1, ,
-2, ,-1, ,
2, ,2, ,
-1, ,1, ,
0, ,-1, ,
1, ,1, ,
1, ,1, ,
-2, ,-2, ,
1, ,2, ,
-2, ,1, ,
0, ,-1, ,
2, ,2, ,
1, ,1, ,
-2, ,-2, ,
2, ,2, ,
-1, ,1, ,
-1, ,1, ,
1, ,1, ,
1, ,1, ,
-2, ,-2, ,
2, ,2, ,
-1, ,1, ,
1, ,-1, ,
1, ,2, ,
0, ,1, ,
-3, ,-2, ,
2, ,2, ,
-1, ,1, ,
1, ,-1, ,
1, ,2, ,
1, ,1, ,
-2, ,-2, ,
2, ,2, ,
-2, ,1, ,
0, ,-1, ,
1, ,2, ,
1, ,1, ,
-2, ,-2, ,
2, ,2, ,
-1, ,-1, ,
-1, ,1, ,
1, ,1, ,
0, ,1, ,
-2, ,-2, ,
1, ,2, ,
-2, ,-1, ,
1, ,-1, ,
2, ,1, ,
2, ,1, ,
-1, ,-2, ,
2, ,1, ,
-1, ,-1, ,
-1, ,-1, ,
1, ,1, ,
2, ,1, ,
-1, ,-2, ,
3, ,1, ,
-14, ,-1, ,
-4, ,-1, ,
-3, ,1, ,
-4, ,1, ,
-2, ,-2, ,
2, ,2, ,
-2, ,-1, ,
0, ,-1, ,
0, ,1, ,
0, ,1, ,
-2, ,-2, ,
1, ,1, ,
-2, ,1, ,
0, ,-1, ,
1, ,2, ,
1, ,1, ,
-1, ,-2, ,
3, ,2, ,
-1, ,-1, ,
0, ,-1, ,
0, ,1, ,
1, ,1, ,
-1, ,-2, ,
3, ,2, ,
0, ,-1, ,
1, ,-1, ,
1, ,1, ,
0, ,1, ,
-2, ,-2, ,
3, ,2, ,
0, ,-1, ,
0, ,1, ,
2, ,1, ,
1, ,1, ,
-2, ,-2, ,
1, ,2, ,
-1, ,-1, ,
1, ,-1, ,
1, ,1, ,
2, ,1, ,
-1, ,-2, ,
2, ,1, ,
-1, ,-1, ,
1, ,-1, ,
2, ,1, ,
1, ,1, ,
-2, ,-2, ,
2, ,2, ,
-1, ,-1, ,
1, ,-1, ,
2, ,2, ,
1, ,1, ,
-2, ,-2, ,
2, ,2, ,
-1, ,-1, ,
0, ,-1, ,
1, ,1, ,
1, ,1, ,
-1, ,-2, ,
2, ,2, ,
0, ,-1, ,
1, ,-1, ,
1, ,2, ,
1, ,1, ,
-2, ,-2, ,
2, ,2, ,
-1, ,-1, ,
0, ,-1, ,
2, ,1, ,
2, ,1, ,
-1, ,-2, ,
2, ,2, ,
-1, ,-1, ,
1, ,-1, ,
1, ,2, ,
1, ,1, ,
-1, ,-2, ,
2, ,2, ,
-1, ,-1, ,
0, ,1, ,
1, ,2, ,
0, ,1, ,
-2, ,-2, ,
2, ,2, ,
-1, ,-1, ,
0, ,-1, ,
1, ,2, ,
0, ,1, ,
-2, ,-2, ,
2, ,2, ,
0, ,-1, ,
1, ,-1, ,
2, ,1, ,
1, ,1, ,
-1, ,-2, ,
2, ,2, ,
0, ,-1, ,
1, ,-1, ,
1, ,2, ,
1, ,1, ,
-2, ,-2, ,
3, ,2, ,
0, ,-1, ,
0, ,-1, ,
1, ,1, ,
1, ,1, ,
-1, ,-2, ,
1, ,2, ,
-1, ,-1, ,
0, ,-1, ,
1, ,1, ,
1, ,1, ,
-2, ,-2, ,
3, ,2, ,
-1, ,-1, ,
0, ,-1, ,
1, ,2, ,
0, ,1, ,
-2, ,-2, ,
2, ,2, ,
-1, ,-1, ,
1, ,-1, ,
1, ,2, ,
0, ,1, ,
-3, ,-2, ,
2, ,2, ,
-1, ,-1, ,
0, ,-1, ,
1, ,1, ,
1, ,1, ,
-2, ,-2, ,
2, ,2, ,
-1, ,-1, ,
1, ,-1, ,
1, ,2, ,
0, ,1, ,
-3, ,-2, ,
2, ,2, ,
-1, ,-1, ,
0, ,-1, ,
0, ,1, ,
1, ,1, ,
-2, ,-2, ,
3, ,2, ,
-1, ,-1, ,
0, ,-1, ,
1, ,1, ,
0, ,-1, ,
-2, ,-2, ,
2, ,1, ,
-1, ,-1, ,
0, ,-1, ,
1, ,2, ,
1, ,1, ,
-2, ,-2, ,
2, ,2, ,
-2, ,-1, ,
0, ,-1, ,
1, ,2, ,
0, ,1, ,
-2, ,-2, ,
2, ,2, ,
0, ,-1, ,
-1, ,-1, ,
1, ,2, ,
0, ,1, ,
-2, ,-2, ,
2, ,2, ,
-1, ,-1, ,
0, ,1, ,
1, ,2, ,
1, ,1, ,
-2, ,-2, ,
2, ,1, ,
-1, ,-1, ,
0, ,-1, ,
1, ,1, ,
1, ,1, ,
-2, ,-2, ,
2, ,2, ,
0, ,-1, ,
1, ,1, ,
2, ,1, ,
0, ,1, ,
-2, ,-2, ,
3, ,2, ,
0, ,-1, ,
0, ,-1, ,
1, ,2, ,
1, ,1, ,
-2, ,-2, ,
2, ,2, ,
-1, ,-1, ,
0, ,-1, ,
1, ,2, ,
1, ,1, ,
-2, ,-2, ,
2, ,2, ,
-1, ,-1, ,
0, ,-1, ,
2, ,1, ,
1, ,1, ,
-2, ,-2, ,
2, ,2, ,
-1, ,-1, ,
1, ,-1, ,
2, ,2, ,
2, ,-1, ,
-2, ,-2, ,
2, ,2, ,
0, ,-1, ,
0, ,-1, ,
2, ,1, ,
1, ,1, ,
-2, ,-2, ,
3, ,1, ,
-1, ,-1, ,
0, ,-1, ,
2, ,2, ,
1, ,-1, ,
-2, ,-2, ,
3, ,2, ,
0, ,-1, ,
1, ,1, ,
2, ,1, ,
1, ,1, ,
-2, ,-2, ,
2, ,1, ,
-1, ,-1, ,
1, ,-1, ,
2, ,2, ,
1, ,-1, ,
-2, ,-2, ,
2, ,1, ,
-2, ,-1, ,
0, ,-1, ,
1, ,2, ,
1, ,1, ,
-2, ,-2, ,
2, ,2, ,
-1, ,-1, ,
0, ,-1, ,
1, ,1, ,
1, ,-1, ,
-3, ,-2, ,
2, ,2, ,
0, ,-1, ,
0, ,-1, ,
1, ,2, ,
1, ,1, ,
-2, ,-2, ,
2, ,2, ,
0, ,-1, ,
0, ,-1, ,
0, ,1, ,
1, ,-1, ,
-2, ,-2, ,
2, ,1, ,
-1, ,-1, ,
-1, ,-1, ,
2, ,1, ,
0, ,1, ,
-2, ,-2, ,
2, ,2, ,
-1, ,-1, ,
0, ,-1, ,
1, ,2, ,
1, ,1, ,
-3, ,-2, ,
3, ,2, ,
-1, ,-1, ,
0, ,-1, ,
0, ,1, ,
1, ,1, ,
-1, ,-2, ,
3, ,2, ,
-1, ,-1, ,
0, ,-1, ,
1, ,1, ,
1, ,-1, ,
-2, ,-2, ,
2, ,2, ,
-1, ,-1, ,
0, ,-1, ,
2, ,1, ,
1, ,1, ,
-2, ,-2, ,
1, ,2, ,
-1, ,-1, ,
1, ,-1, ,
1, ,1, ,
1, ,-1, ,
-2, ,-2, ,
2, ,2, ,
-1, ,-1, ,
-1, ,-1, ,
1, ,1, ,
1, ,1, ,
-2, ,-2, ,
2, ,2, ,
-1, ,-1, ,
0, ,-1, ,
0, ,1, ,
0, ,-1, ,
-2, ,-2, ,
2, ,1, ,
-1, ,-1, ,
0, ,-1, ,
2, ,1, ,
1, ,1, ,
-2, ,-2, ,
2, ,1, ,
-1, ,-1, ,
0, ,-1, ,
1, ,2, ,
1, ,1, ,
-2, ,-2, ,
2, ,2, ,
-1, ,-1, ,
0, ,-1, ,
1, ,1, ,
1, ,1, ,
-2, ,-2, ,
1, ,2, ,
-1, ,-1, ,
0, ,-1, ,
1, ,1, ,
1, ,1, ,
-2, ,-2, ,
2, ,2, ,
-1, ,-1, ,
0, ,-1, ,
2, ,2, ,
1, ,1, ,
-1, ,-2, ,
2, ,2, ,
-1, ,-1, ,
0, ,-1, ,
1, ,1, ,
1, ,1, ,
-2, ,-2, ,
3, ,1, ,
-1, ,-1, ,
1, ,1, ,
2, ,1, ,
1, ,1, ,
-2, ,-2, ,
1, ,2, ,
-1, ,-1, ,
0, ,1, ,
2, ,1, ,
0, ,1, ,
-2, ,-2, ,
2, ,2, ,
-1, ,-1, ,
0, ,-1, ,
1, ,2, ,
1, ,1, ,
-2, ,-2, ,
2, ,2, ,
0, ,-1, ,
1, ,1, ,
1, ,1, ,
0, ,1, ,
-2, ,-2, ,
2, ,2, ,
-1, ,-1, ,
0, ,-1, ,
1, ,1, ,
1, ,1, ,
-2, ,-2, ,
2, ,2, ,
-1, ,-1, ,
0, ,-1, ,
1, ,2, ,
1, ,1, ,
-2, ,-2, ,
2, ,1, ,
-1, ,-1, ,
0, ,-1, ,
1, ,1, ,
0, ,1, ,
-2, ,-2, ,
2, ,2, ,
-1, ,-1, ,
0, ,1, ,
1, ,1, ,
0, ,1, ,
-2, ,-2, ,
2, ,2, ,
-1, ,-1, ,
0, ,-1, ,
1, ,1, ,
0, ,1, ,
-2, ,-2, ,
2, ,2, ,
-1, ,-1, ,
0, ,-1, ,
0, ,1, ,
0, ,-1, ,
-2, ,-2, ,
2, ,2, ,
-1, ,-1, ,
0, ,1, ,
1, ,1, ,
1, ,1, ,
-2, ,-2, ,
1, ,2, ,
-2, ,-1, ,
0, ,1, ,
1, ,1, ,
1, ,-1, ,
-2, ,-2, ,
2, ,2, ,
-1, ,-1, ,
-1, ,-1, ,
1, ,1, ,
1, ,1, ,
-1, ,-2, ,
2, ,2, ,
-1, ,-1, ,
0, ,-1, ,
1, ,2, ,
1, ,1, ,
-2, ,-2, ,
3, ,1, ,
-1, ,-1, ,
0, ,-1, ,
1, ,1, ,
0, ,1, ,
-2, ,-2, ,
2, ,2, ,
-1, ,-1, ,
0, ,-1, ,
1, ,2, ,
0, ,1, ,
-2, ,-2, ,
2, ,2, ,
-1, ,-1, ,
0, ,1, ,
1, ,1, ,
0, ,1, ,
-2, ,-2, ,
2, ,2, ,
-1, ,-1, ,
1, ,-1, ,
1, ,1, ,
0, ,-1, ,
-1, ,-2, ,
3, ,1, ,
-1, ,-1, ,
0, ,-1, ,
2, ,1, ,
1, ,1, ,
-1, ,-2, ,
3, ,1, ,
0, ,-1, ,
0, ,-1, ,
1, ,2, ,
1, ,1, ,
-2, ,-2, ,
2, ,1, ,
-1, ,-1, ,
0, ,-1, ,
1, ,1, ,
1, ,-1, ,
-2, ,-2, ,
1, ,1, ,
-2, ,-1, ,
1, ,-1, ,
1, ,1, ,
1, ,-1, ,
-1, ,-2, ,
2, ,1, ,
-1, ,-1, ,
0, ,-1, ,
2, ,1, ,
1, ,1, ,
-2, ,-2, ,
3, ,1, ,
-1, ,-1, ,
1, ,-1, ,
1, ,1, ,
1, ,-1, ,
-2, ,-2, ,
2, ,1, ,
-1, ,-1, ,
0, ,-1, ,
2, ,1, ,
0, ,1, ,
-2, ,-2, ,
2, ,2, ,
-1, ,-1, ,
1, ,-1, ,
2, ,1, ,
1, ,-1, ,
-3, ,-2, ,
2, ,1, ,
-1, ,-1, ,
0, ,1, ,
2, ,1, ,
1, ,1, ,
-2, ,-2, ,
2, ,2, ,
-1, ,-1, ,
1, ,-1, ,
1, ,1, ,
0, ,-1, ,
-2, ,-2, ,
2, ,1, ,
-1, ,-1, ,
0, ,-1, ,
2, ,-1, ,
1, ,1, ,
-1, ,-2, ,
2, ,2, ,
-1, ,-1, ,
0, ,-1, ,
1, ,1, ,
0, ,1, ,
-2, ,-2, ,
3, ,1, ,
0, ,-1, ,
1, ,-1, ,
1, ,1, ,
0, ,1, ,
-2, ,-2, ,
1, ,2, ,
-1, ,-1, ,
0, ,-1, ,
1, ,1, ,
1, ,1, ,
-2, ,-2, ,
2, ,2, ,
-1, ,-1, ,
0, ,-1, ,
1, ,1, ,
0, ,1, ,
-2, ,-2, ,
2, ,2, ,
-1, ,-1, ,
0, ,-1, ,
1, ,1, ,
1, ,-1, ,
-2, ,-2, ,
2, ,1, ,
-1, ,-1, ,
0, ,-1, ,
1, ,1, ,
2, ,1, ,
-2, ,-2, ,
2, ,2, ,
-1, ,-1, ,
0, ,-1, ,
1, ,2, ,
0, ,1, ,
-2, ,-2, ,
2, ,2, ,
-1, ,-1, ,
0, ,-1, ,
1, ,2, ,
1, ,1, ,
-2, ,-2, ,
2, ,2, ,
-1, ,-1, ,
1, ,-1, ,
1, ,2, ,
1, ,1, ,
-2, ,-2, ,
2, ,1, ,
-1, ,-1, ,
0, ,-1, ,
2, ,1, ,
1, ,1, ,
-1, ,-2, ,
3, ,2, ,
-1, ,-1, ,
1, ,-1, ,
1, ,1, ,
1, ,1, ,
-2, ,-2, ,
2, ,2, ,
-1, ,-2, ,
0, ,-1, ,
2, ,2, ,
0, ,1, ,
-2, ,-2, ,
1, ,1, ,
-1, ,-1, ,
1, ,-1, ,
1, ,2, ,
1, ,1, ,
-2, ,-2, ,
2, ,1, ,
-1, ,-1, ,
0, ,-1, ,
2, ,1, ,
1, ,1, ,
-2, ,-2, ,
2, ,1, ,
-2, ,-1, ,
1, ,-1, ,
2, ,2, ,
1, ,-1, ,
-2, ,-2, ,
2, ,2, ,
-1, ,-1, ,
-1, ,-1, ,
1, ,2, ,
1, ,1, ,
-2, ,-2, ,
2, ,2, ,
-1, ,-1, ,
0, ,-1, ,
1, ,1, ,
1, ,-1, ,
-2, ,-2, ,
2, ,1, ,
-1, ,-1, ,
0, ,-1, ,
1, ,2, ,
1, ,1, ,
-2, ,-2, ,
2, ,2, ,
-2, ,-1, ,
0, ,-1, ,
1, ,1, ,
0, ,1, ,
-2, ,-2, ,
2, ,2, ,
-1, ,-1, ,
-1, ,-1, ,
1, ,1, ,
0, ,1, ,
-1, ,-2, ,
2, ,1, ,
-1, ,-1, ,
0, ,-1, ,
1, ,1, ,
0, ,1, ,
-3, ,-2, ,
2, ,2, ,
-1, ,-1, ,
1, ,-1, ,
2, ,2, ,
1, ,1, ,
-2, ,-2, ,
3, ,2, ,
-1, ,-2, ,
1, ,-1, ,
1, ,1, ,
1, ,-1, ,
-2, ,-2, ,
2, ,2, ,
-1, ,-1, ,
1, ,-1, ,
1, ,1, ,
1, ,1, ,
-2, ,-2, ,
1, ,2, ,
-1, ,-1, ,
0, ,-1, ,
1, ,1, ,
0, ,-1, ,
-2, ,-2, ,
2, ,1, ,
-1, ,-1, ,
0, ,-1, ,
1, ,1, ,
1, ,1, ,
-1, ,-2, ,
3, ,2, ,
-1, ,-1, ,
0, ,1, ,
1, ,1, ,
0, ,-1, ,
-2, ,-2, ,
3, ,2, ,
0, ,-1, ,
0, ,-1, ,
2, ,2, ,
1, ,1, ,
-2, ,-2, ,
2, ,2, ,
-1, ,-1, ,
0, ,-1, ,
1, ,1, ,
1, ,-1, ,
-2, ,-2, ,
2, ,2, ,
-1, ,-1, ,
0, ,-1, ,
1, ,1, ,
1, ,1, ,
-1, ,-2, ,
3, ,2, ,
-1, ,-1, ,
0, ,-1, ,
1, ,2, ,
1, ,1, ,
-2, ,-2, ,
3, ,2, ,
-1, ,-1, ,
0, ,-1, ,
2, ,1, ,
1, ,1, ,
-2, ,-2, ,
3, ,2, ,
-1, ,-1, ,
1, ,-1, ,
1, ,1, ,
1, ,1, ,
-3, ,-2, ,
2, ,1, ,
-1, ,-1, ,
0, ,-1, ,
2, ,1, ,
1, ,1, ,
-2, ,-2, ,
2, ,2, ,
-1, ,-1, ,
1, ,1, ,
2, ,2, ,
1, ,1, ,
-1, ,-2, ,
3, ,2, ,
-1, ,-1, ,
0, ,-1, ,
0, ,1, ,
1, ,1, ,
-1, ,-2, ,
2, ,2, ,
-1, ,-1, ,
0, ,-1, ,
1, ,2, ,
1, ,1, ,
-2, ,-2, ,
2, ,1, ,
-1, ,-1, ,
0, ,-1, ,
2, ,1, ,
1, ,1, ,
-2, ,-2, ,
1, ,2, ,
-2, ,-1, ,
0, ,-1, ,
2, ,1, ,
1, ,1, ,
-2, ,-2, ,
2, ,1, ,
-1, ,-1, ,
0, ,-1, ,
2, ,2, ,
1, ,1, ,
-2, ,-2, ,
2, ,1, ,
-1, ,-1, ,
0, ,-1, ,
1, ,1, ,
1, ,-1, ,
-2, ,-2, ,
1, ,1, ,
-1, ,-1, ,
0, ,-1, ,
1, ,1, ,
1, ,1, ,
-2, ,-2, ,
2, ,2, ,
-1, ,-1, ,
0, ,-1, ,
1, ,1, ,
1, ,1, ,
-3, ,-2, ,
2, ,1, ,
-1, ,-1, ,
0, ,-1, ,
1, ,1, ,
1, ,-1, ,
-2, ,-2, ,
2, ,2, ,
-2, ,-1, ,
0, ,-1, ,
1, ,1, ,
1, ,1, ,
-2, ,-2, ,
2, ,1, ,
-1, ,-1, ,
-1, ,-1, ,
1, ,1, ,
0, ,1, ,
-2, ,-2, ,
2, ,2, ,
0, ,-1, ,
1, ,-1, ,
1, ,1, ,
0, ,-1, ,
-2, ,-2, ,
2, ,2, ,
-1, ,-1, ,
1, ,-1, ,
1, ,2, ,
0, ,1, ,
-2, ,-2, ,
2, ,1, ,
-1, ,-1, ,
0, ,-1, ,
1, ,1, ,
1, ,-1, ,
-2, ,-1, ,
2, ,2, ,
-1, ,-1, ,
0, ,-1, ,
1, ,1, ,
0, ,1, ,
-2, ,-2, ,
2, ,2, ,
-1, ,-1, ,
0, ,-1, ,
1, ,2, ,
1, ,-1, ,
-2, ,-2, ,
2, ,2, ,
-2, ,-1, ,
0, ,1, ,
2, ,1, ,
0, ,1, ,
-2, ,-2, ,
2, ,2, ,
-1, ,-1, ,
0, ,-1, ,
1, ,2, ,
1, ,1, ,
-2, ,-2, ,
2, ,2, ,
-1, ,-1, ,
1, ,-1, ,
2, ,2, ,
1, ,1, ,
-2, ,-2, ,
2, ,2, ,
-1, ,-1, ,
0, ,1, ,
1, ,2, ,
1, ,1, ,
-1, ,-2, ,
3, ,2, ,
-1, ,-1, ,
0, ,-1, ,
1, ,1, ,
1, ,1, ,
-2, ,-2, ,
3, ,2, ,
-1, ,-1, ,
1, ,-1, ,
1, ,1, ,
0, ,1, ,
-2, ,-2, ,
2, ,1, ,
-1, ,-1, ,
0, ,-1, ,
1, ,1, ,
0, ,1, ,
-2, ,-2, ,
2, ,1, ,
-2, ,-1, ,
0, ,-1, ,
1, ,-1, ,
0, ,-1, ,
-2, ,-2, ,
2, ,1, ,
-1, ,-1, ,
0, ,-1, ,
2, ,1, ,
1, ,-1, ,
-2, ,-2, ,
2, ,2, ,
-1, ,1, ,
1, ,-1, ,
1, ,1, ,
1, ,1, ,
-2, ,-2, ,
3, ,1, ,
-1, ,-1, ,
0, ,-1, ,
2, ,1, ,
1, ,1, ,
-1, ,-2, ,
2, ,1, ,
-1, ,-1, ,
0, ,-1, ,
1, ,2, ,
1, ,1, ,
-2, ,-1, ,
2, ,2, ,
-1, ,-1, ,
0, ,-1, ,
2, ,1, ,
1, ,1, ,
-2, ,-2, ,
2, ,2, ,
-1, ,-1, ,
0, ,-1, ,
1, ,1, ,
1, ,1, ,
-2, ,-1, ,
3, ,2, ,
-1, ,-1, ,
-1, ,-1, ,
2, ,1, ,
0, ,1, ,
-1, ,-1, ,
2, ,2, ,
-1, ,-1, ,
0, ,-1, ,
1, ,2, ,
1, ,1, ,
-2, ,-1, ,
2, ,2, ,
-1, ,-1, ,
0, ,-1, ,
2, ,1, ,
1, ,1, ,
-2, ,-2, ,
2, ,2, ,
-1, ,-1, ,
1, ,-1, ,
1, ,1, ,
1, ,1, ,
-2, ,-1, ,
2, ,2, ,
-1, ,1, ,
0, ,-1, ,
1, ,1, ,
0, ,1, ,
-2, ,-1, ,
1, ,2, ,
-1, ,1, ,
0, ,-1, ,
1, ,1, ,
0, ,1, ,
-2, ,-2, ,
2, ,2, ,
-1, ,1, ,
0, ,-1, ,
1, ,1, ,
1, ,1, ,
-2, ,-1, ,
2, ,2, ,
-1, ,1, ,
0, ,-1, ,
1, ,2, ,
0, ,1, ,
-2, ,-1, ,
2, ,2, ,
-1, ,1, ,
1, ,-1, ,
2, ,1, ,
1, ,1, ,
-2, ,-1, ,
2, ,2, ,
-2, ,1, ,
0, ,-1, ,
1, ,1, ,
1, ,1, ,
-2, ,-1, ,
3, ,2, ,
-1, ,1, ,
-1, ,-1, ,
1, ,1, ,
0, ,1, ,
-2, ,-2, ,
3, ,2, ,
-1, ,1, ,
1, ,-1, ,
1, ,1, ,
0, ,1, ,
-2, ,-1, ,
2, ,1, ,
-1, ,-1, ,
0, ,-1, ,
1, ,2, ,
0, ,1, ,
-2, ,-1, ,
2, ,2, ,
-1, ,1, ,
0, ,-1, ,
1, ,2, ,
0, ,1, ,
-3, ,-1, ,
2, ,2, ,
0, ,1, ,
0, ,-1, ,
1, ,1, ,
1, ,-1, ,
-1, ,-1, ,
2, ,2, ,
-1, ,-1, ,
-1, ,-1, ,
1, ,1, ,
1, ,-1, ,
-2, ,-2, ,
2, ,1, ,
-1, ,1, ,
0, ,-1, ,
1, ,1, ,
1, ,1, ,
-2, ,-2, ,
2, ,2, ,
-1, ,1, ,
0, ,1, ,
0, ,1, ,
0, ,1, ,
-2, ,-2, ,
1, ,2, ,
-3, ,1, ,
1, ,-1, ,
2, ,1, ,
2, ,1, ,
-2, ,-2, ,
1, ,2, ,
-2, ,1, ,
-1, ,1, ,
1, ,1, ,
1, ,-1, ,
-2, ,-2, ,
2, ,2, ,
-2, ,1, ,
0, ,-1, ,
1, ,1, ,
1, ,1, ,
-2, ,-2, ,
2, ,2, ,
-1, ,1, ,
0, ,-1, ,
1, ,1, ,
1, ,-1, ,
-2, ,-2, ,
2, ,2, ,
0, ,-1, ,
-1, ,1, ,
1, ,2, ,
1, ,1, ,
-1, ,-2, ,
2, ,1, ,
-1, ,1, ,
0, ,-1, ,
1, ,2, ,
0, ,1, ,
-2, ,-2, ,
4, ,1, ,
-1, ,-1, ,
0, ,-1, ,
1, ,1, ,
1, ,1, ,
-2, ,-2, ,
2, ,2, ,
-1, ,1, ,
1, ,-1, ,
1, ,2, ,
1, ,-1, ,
-1, ,-2, ,
2, ,1, ,
-1, ,-1, ,
0, ,-1, ,
2, ,1, ,
1, ,1, ,
-1, ,-2, ,
3, ,1, ,
-1, ,-1, ,
1, ,-1, ,
1, ,1, ,
0, ,-1, ,
-2, ,-2, ,
3, ,2, ,
0, ,-1, ,
1, ,1, ,
1, ,2, ,
2, ,1, ,
-1, ,-2, ,
2, ,2, ,
-1, ,-1, ,
0, ,-1, ,
2, ,2, ,
1, ,1, ,
-2, ,-2, ,
2, ,2, ,
-1, ,-1, ,
0, ,-1, ,
2, ,1, ,
1, ,-1, ,
-2, ,-2, ,
2, ,2, ,
-1, ,-1, ,
0, ,-1, ,
1, ,1, ,
1, ,1, ,
-1, ,-2, ,
2, ,1, ,
-1, ,-1, ,
0, ,-1, ,
1, ,2, ,
1, ,1, ,
-1, ,-2, ,
2, ,2, ,
-1, ,-1, ,
0, ,-1, ,
1, ,2, ,
1, ,1, ,
-2, ,-2, ,
2, ,2, ,
0, ,-1, ,
0, ,-1, ,
1, ,1, ,
1, ,-1, ,
-2, ,-2, ,
1, ,1, ,
-1, ,-1, ,
0, ,-1, ,
1, ,2, ,
1, ,-1, ,
-1, ,-2, ,
3, ,1, ,
0, ,-1, ,
0, ,-1, ,
1, ,2, ,
1, ,1, ,
-1, ,-2, ,
3, ,1, ,
-1, ,-1, ,
0, ,-1, ,
1, ,2, ,
1, ,1, ,
-2, ,-2, ,
2, ,2, ,
0, ,-1, ,
1, ,-1, ,
1, ,2, ,
1, ,1, ,
-2, ,-2, ,
1, ,2, ,
-2, ,-1, ,
0, ,-1, ,
1, ,1, ,
0, ,1, ,
-2, ,-2, ,
2, ,2, ,
-1, ,-1, ,
-1, ,-1, ,
2, ,2, ,
0, ,1, ,
-2, ,-2, ,
1, ,1, ,
-1, ,-1, ,
0, ,-1, ,
1, ,1, ,
1, ,1, ,
-2, ,-2, ,
2, ,1, ,
-1, ,-1, ,
-1, ,1, ,
1, ,-1, ,
0, ,1, ,
-2, ,-2, ,
2, ,1, ,
-1, ,-1, ,
0, ,1, ,
0, ,1, ,
0, ,-1, ,
-2, ,-2, ,
2, ,1, ,
-1, ,-1, ,
0, ,-1, ,
1, ,1, ,
1, ,1, ,
-2, ,-1, ,
1, ,2, ,
-2, ,1, ,
0, ,-1, ,
1, ,1, ,
0, ,1, ,
-2, ,-2, ,
2, ,1, ,
-2, ,-1, ,
-2, ,1, ,
1, ,2, ,
1, ,1, ,
-2, ,-1, ,
2, ,2, ,
-2, ,-1, ,
0, ,-1, ,
1, ,1, ,
0, ,1, ,
-2, ,-1, ,
2, ,1, ,
-1, ,-1, ,
0, ,-1, ,
1, ,2, ,
0, ,2, ,
-2, ,-1, ,
1, ,2, ,
-1, ,-1, ,
-1, ,-1, ,
1, ,1, ,
0, ,1, ,
-2, ,-1, ,
2, ,2, ,
-1, ,1, ,
0, ,-1, ,
1, ,2, ,
1, ,1, ,
-2, ,-1, ,
2, ,2, ,
-1, ,1, ,
1, ,-1, ,
1, ,1, ,
1, ,1, ,
-2, ,-1, ,
2, ,2, ,
-1, ,1, ,
0, ,-1, ,
1, ,2, ,
1, ,1, ,
-1, ,-1, ,
2, ,2, ,
-1, ,1, ,
0, ,-1, ,
2, ,1, ,
0, ,1, ,
-2, ,-1, ,
3, ,2, ,
-1, ,1, ,
1, ,-1, ,
1, ,2, ,
2, ,1, ,
-1, ,-1, ,
1, ,1, ,
-1, ,1, ,
0, ,-1, ,
1, ,1, ,
0, ,1, ,
-2, ,-1, ,
3, ,2, ,
0, ,-1, ,
0, ,-1, ,
1, ,2, ,
1, ,1, ,
-1, ,-1, ,
2, ,2, ,
-1, ,1, ,
0, ,-1, ,
1, ,1, ,
0, ,1, ,
-2, ,-2, ,
2, ,2, ,
-1, ,1, ,
-1, ,-1, ,
1, ,2, ,
1, ,1, ,
-2, ,-1, ,
2, ,1, ,
0, ,-1, ,
1, ,1, ,
1, ,1, ,
0, ,1, ,
-2, ,-1, ,
2, ,2, ,
0, ,1, ,
0, ,-1, ,
1, ,2, ,
0, ,1, ,
-1, ,-1, ,
2, ,2, ,
-2, ,1, ,
0, ,-1, ,
1, ,1, ,
0, ,1, ,
-2, ,-1, ,
2, ,2, ,
-1, ,-1, ,
-1, ,-1, ,
1, ,2, ,
0, ,1, ,
-2, ,-1, ,
2, ,2, ,
-1, ,1, ,
0, ,-1, ,
1, ,1, ,
0, ,1, ,
-3, ,-1, ,
2, ,2, ,
-1, ,-1, ,
0, ,-1, ,
1, ,2, ,
1, ,1, ,
-2, ,-2, ,
1, ,1, ,
-2, ,1, ,
0, ,-1, ,
1, ,1, ,
1, ,-1, ,
-2, ,-2, ,
2, ,2, ,
-1, ,1, ,
-1, ,-1, ,
1, ,2, ,
1, ,1, ,
-1, ,-2, ,
2, ,2, ,
-1, ,1, ,
0, ,-1, ,
1, ,1, ,
0, ,1, ,
-2, ,-2, ,
2, ,2, ,
-1, ,1, ,
0, ,1, ,
1, ,2, ,
1, ,1, ,
-2, ,-2, ,
2, ,2, ,
-2, ,1, ,
0, ,-1, ,
1, ,1, ,
1, ,1, ,
-2, ,-2, ,
2, ,2, ,
-1, ,-1, ,
1, ,-1, ,
1, ,2, ,
0, ,1, ,
-2, ,-2, ,
1, ,2, ,
-1, ,-1, ,
0, ,-1, ,
1, ,1, ,
1, ,-1, ,
-2, ,-2, ,
2, ,2, ,
-1, ,-1, ,
0, ,1, ,
1, ,2, ,
0, ,1, ,
-2, ,-2, ,
2, ,1, ,
-1, ,-1, ,
1, ,-1, ,
1, ,1, ,
0, ,1, ,
-2, ,-2, ,
3, ,2, ,
-1, ,1, ,
1, ,-1, ,
1, ,2, ,
1, ,1, ,
-2, ,-2, ,
2, ,1, ,
-1, ,1, ,
0, ,-1, ,
1, ,1, ,
1, ,1, ,
-2, ,-2, ,
2, ,2, ,
-2, ,-1, ,
0, ,1, ,
2, ,2, ,
1, ,1, ,
-2, ,-2, ,
1, ,1, ,
-1, ,-1, ,
0, ,-1, ,
1, ,1, ,
1, ,-1, ,
-2, ,-2, ,
2, ,2, ,
-1, ,-1, ,
0, ,-1, ,
1, ,2, ,
1, ,1, ,
-2, ,-2, ,
2, ,1, ,
-2, ,-1, ,
1, ,-1, ,
1, ,1, ,
1, ,1, ,
-2, ,-2, ,
2, ,2, ,
0, ,-1, ,
1, ,-1, ,
1, ,2, ,
0, ,1, ,
-2, ,-2, ,
2, ,1, ,
-2, ,-1, ,
0, ,-1, ,
1, ,1, ,
0, ,1, ,
-2, ,-2, ,
2, ,2, ,
-2, ,-1, ,
-1, ,-1, ,
0, ,2, ,
0, ,1, ,
-1, ,-2, ,
2, ,2, ,
-1, ,-1, ,
0, ,-1, ,
1, ,1, ,
0, ,1, ,
-3, ,-2, ,
2, ,2, ,
-1, ,-1, ,
0, ,-1, ,
1, ,2, ,
1, ,1, ,
-2, ,-2, ,
2, ,2, ,
-2, ,-1, ,
0, ,-1, ,
1, ,1, ,
1, ,-1, ,
-2, ,-2, ,
2, ,2, ,
-1, ,-1, ,
0, ,-1, ,
2, ,2, ,
1, ,1, ,
-2, ,-2, ,
2, ,1, ,
-2, ,-1, ,
1, ,-1, ,
1, ,1, ,
1, ,1, ,
-2, ,-2, ,
2, ,2, ,
-1, ,-1, ,
-1, ,-1, ,
1, ,2, ,
1, ,1, ,
-2, ,-2, ,
2, ,1, ,
-1, ,-2, ,
0, ,-1, ,
1, ,2, ,
0, ,1, ,
-3, ,-2, ,
2, ,1, ,
-1, ,-1, ,
0, ,-1, ,
1, ,2, ,
1, ,1, ,
-2, ,-2, ,
2, ,1, ,
-2, ,-1, ,
0, ,-1, ,
1, ,1, ,
1, ,1, ,
-1, ,-2, ,
2, ,1, ,
-1, ,-1, ,
-1, ,-1, ,
1, ,2, ,
1, ,1, ,
-2, ,-2, ,
3, ,2, ,
-1, ,-1, ,
1, ,-1, ,
1, ,1, ,
1, ,1, ,
-2, ,-2, ,
2, ,2, ,
-1, ,-1, ,
1, ,-1, ,
2, ,2, ,
0, ,1, ,
-2, ,-2, ,
1, ,2, ,
-1, ,-1, ,
0, ,-1, ,
1, ,1, ,
1, ,1, ,
-2, ,-2, ,
2, ,2, ,
-1, ,-1, ,
0, ,-1, ,
1, ,2, ,
1, ,1, ,
-2, ,-2, ,
1, ,2, ,
-1, ,-1, ,
1, ,-1, ,
2, ,1, ,
1, ,1, ,
-2, ,-2, ,
2, ,2, ,
-1, ,-1, ,
0, ,-1, ,
2, ,2, ,
1, ,1, ,
-1, ,-2, ,
3, ,2, ,
-1, ,-1, ,
0, ,-1, ,
1, ,1, ,
1, ,-1, ,
-2, ,-2, ,
2, ,2, ,
-1, ,-1, ,
0, ,-1, ,
3, ,2, ,
2, ,1, ,
-2, ,-2, ,
1, ,2, ,
-2, ,-1, ,
0, ,-1, ,
2, ,2, ,
1, ,1, ,
-2, ,-2, ,
2, ,2, ,
-1, ,-1, ,
-1, ,-1, ,
2, ,2, ,
1, ,1, ,
-3, ,-2, ,
2, ,1, ,
-1, ,-1, ,
1, ,-1, ,
1, ,1, ,
0, ,1, ,
-2, ,-2, ,
2, ,1, ,
-1, ,-2, ,
0, ,-1, ,
1, ,2, ,
0, ,1, ,
-2, ,-2, ,
2, ,1, ,
0, ,-1, ,
0, ,-1, ,
1, ,-1, ,
0, ,1, ,
-2, ,-2, ,
2, ,2, ,
-1, ,-1, ,
0, ,-1, ,
2, ,1, ,
1, ,1, ,
-2, ,-2, ,
1, ,2, ,
-2, ,-1, ,
1, ,-1, ,
1, ,1, ,
0, ,1, ,
-2, ,-2, ,
1, ,2, ,
-2, ,-1, ,
-1, ,-1, ,
0, ,2, ,
1, ,1, ,
-2, ,-2, ,
2, ,2, ,
-1, ,-1, ,
0, ,-1, ,
1, ,1, ,
0, ,1, ,
-2, ,-2, ,
2, ,2, ,
-1, ,-1, ,
0, ,-1, ,
1, ,2, ,
0, ,1, ,
-2, ,-2, ,
1, ,1, ,
-2, ,-1, ,
-1, ,-1, ,
0, ,1, ,
2, ,1, ,
-1, ,-2, ,
2, ,2, ,
-1, ,-1, ,
0, ,1, ,
1, ,2, ,
2, ,1, ,
-1, ,-2, ,
3, ,2, ,
-1, ,-1, ,
0, ,-1, ,
1, ,1, ,
1, ,-1, ,
-2, ,-2, ,
2, ,1, ,
-1, ,-1, ,
0, ,-1, ,
1, ,2, ,
0, ,2, ,
-2, ,-2, ,
2, ,1, ,
-1, ,-1, ,
1, ,1, ,
2, ,1, ,
1, ,1, ,
-2, ,-2, ,
2, ,2, ,
0, ,-1, ,
1, ,-1, ,
2, ,2, ,
2, ,1, ,
-2, ,-2, ,
2, ,2, ,
-1, ,-1, ,
0, ,-1, ,
1, ,1, ,
1, ,1, ,
-1, ,-2, ,
2, ,1, ,
-1, ,-1, ,
1, ,-1, ,
2, ,2, ,
1, ,1, ,
-2, ,-2, ,
3, ,1, ,
-1, ,-1, ,
1, ,-1, ,
1, ,-1, ,
0, ,1, ,
-2, ,-2, ,
2, ,2, ,
-1, ,-1, ,
0, ,-1, ,
1, ,1, ,
1, ,1, ,
-2, ,-2, ,
2, ,2, ,
-1, ,-1, ,
0, ,-1, ,
1, ,1, ,
1, ,1, ,
-2, ,-2, ,
2, ,2, ,
-1, ,-1, ,
0, ,-1, ,
1, ,2, ,
0, ,1, ,
-2, ,-2, ,
2, ,1, ,
-1, ,-1, ,
0, ,-1, ,
1, ,1, ,
0, ,1, ,
-2, ,-2, ,
2, ,1, ,
-1, ,-1, ,
0, ,-1, ,
1, ,2, ,
1, ,1, ,
-2, ,-2, ,
2, ,1, ,
0, ,-1, ,
1, ,-1, ,
1, ,1, ,
1, ,1, ,
-3, ,-2, ,
2, ,1, ,
-1, ,-1, ,
0, ,-1, ,
1, ,2, ,
1, ,1, ,
-2, ,-2, ,
2, ,1, ,
-1, ,-1, ,
0, ,-1, ,
1, ,1, ,
0, ,1, ,
-2, ,-2, ,
2, ,1, ,
-1, ,-1, ,
0, ,-1, ,
-4, ,1, ,
-3, ,1, ,
-9, ,-2, ,
-1, ,1, ,
-2, ,-1, ,
-2, ,-1, ,
0, ,-1, ,
0, ,-1, ,
-3, ,-2, ,
2, ,1, ,
-1, ,-1, ,
0, ,-1, ,
2, ,1, ,
1, ,1, ,
-1, ,-2, ,
2, ,1, ,
-1, ,-1, ,
1, ,-1, ,
1, ,1, ,
1, ,1, ,
-1, ,-2, ,
3, ,1, ,
-1, ,-1, ,
0, ,-1, ,
1, ,1, ,
0, ,1, ,
-1, ,-2, ,
2, ,1, ,
0, ,-1, ,
0, ,1, ,
1, ,1, ,
1, ,1, ,
-1, ,-2, ,
3, ,1, ,
0, ,-1, ,
0, ,-1, ,
1, ,1, ,
1, ,1, ,
-1, ,-2, ,
2, ,1, ,
-1, ,-1, ,
0, ,-1, ,
1, ,1, ,
0, ,1, ,
-2, ,-2, ,
3, ,1, ,
-1, ,-1, ,
0, ,-1, ,
2, ,2, ,
1, ,1, ,
-2, ,-2, ,
3, ,1, ,
-1, ,-1, ,
1, ,-1, ,
1, ,1, ,
1, ,1, ,
-1, ,-2, ,
2, ,2, ,
0, ,-1, ,
0, ,-1, ,
1, ,1, ,
1, ,1, ,
-1, ,-2, ,
4, ,1, ,
0, ,-1, ,
0, ,-1, ,
1, ,2, ,
0, ,1, ,
-2, ,-2, ,
2, ,1, ,
-1, ,-1, ,
0, ,-1, ,
2, ,2, ,
1, ,1, ,
-2, ,-2, ,
2, ,2, ,
-1, ,-1, ,
0, ,-1, ,
1, ,1, ,
1, ,1, ,
-2, ,-2, ,
2, ,2, ,
-1, ,-1, ,
0, ,-1, ,
2, ,1, ,
2, ,1, ,
-2, ,-2, ,
1, ,1, ,
-1, ,-1, ,
1, ,-1, ,
1, ,1, ,
1, ,1, ,
-1, ,-2, ,
2, ,2, ,
-1, ,-1, ,
0, ,-1, ,
1, ,1, ,
0, ,1, ,
-1, ,-2, ,
3, ,1, ,
0, ,-1, ,
0, ,-1, ,
1, ,1, ,
1, ,1, ,
-3, ,-2, ,
1, ,2, ,
-1, ,-1, ,
-1, ,-1, ,
1, ,2, ,
1, ,1, ,
-2, ,-2, ,
2, ,2, ,
-1, ,-1, ,
0, ,1, ,
0, ,1, ,
0, ,1, ,
-2, ,-2, ,
2, ,2, ,
-1, ,-1, ,
-1, ,-1, ,
1, ,1, ,
0, ,1, ,
-2, ,-2, ,
3, ,1, ,
0, ,-1, ,
1, ,-1, ,
1, ,1, ,
1, ,1, ,
-2, ,-2, ,
2, ,2, ,
0, ,-1, ,
0, ,-1, ,
1, ,1, ,
1, ,1, ,
-2, ,-2, ,
2, ,1, ,
-1, ,-1, ,
0, ,-1, ,
1, ,1, ,
0, ,1, ,
-2, ,-2, ,
2, ,2, ,
-1, ,-1, ,
0, ,-1, ,
2, ,2, ,
1, ,1, ,
-2, ,-2, ,
1, ,1, ,
-1, ,-1, ,
0, ,-1, ,
1, ,1, ,
1, ,-1, ,
-2, ,-2, ,
2, ,2, ,
0, ,-1, ,
0, ,-1, ,
2, ,1, ,
1, ,1, ,
-2, ,-2, ,
3, ,1, ,
0, ,-1, ,
0, ,-1, ,
1, ,1, ,
1, ,-1, ,
-1, ,-2, ,
2, ,1, ,
-1, ,-1, ,
0, ,-1, ,
1, ,2, ,
1, ,1, ,
-1, ,-2, ,
3, ,1, ,
-1, ,-1, ,
0, ,1, ,
1, ,2, ,
1, ,1, ,
-1, ,-2, ,
3, ,2, ,
-1, ,-1, ,
0, ,-1, ,
1, ,2, ,
0, ,1, ,
-1, ,-2, ,
3, ,1, ,
0, ,-1, ,
0, ,1, ,
1, ,2, ,
0, ,1, ,
-2, ,-2, ,
3, ,2, ,
-1, ,-1, ,
0, ,-1, ,
2, ,2, ,
1, ,1, ,
-2, ,-2, ,
2, ,1, ,
0, ,-1, ,
1, ,-1, ,
1, ,1, ,
0, ,1, ,
-2, ,-2, ,
2, ,2, ,
-1, ,-1, ,
-1, ,-1, ,
2, ,2, ,
1, ,1, ,
-1, ,-2, ,
2, ,2, ,
-1, ,-1, ,
0, ,-1, ,
1, ,2, ,
1, ,1, ,
-1, ,-2, ,
3, ,2, ,
-1, ,-1, ,
0, ,-1, ,
2, ,2, ,
1, ,1, ,
-2, ,-2, ,
3, ,1, ,
0, ,-2, ,
1, ,-1, ,
1, ,-1, ,
1, ,-1, ,
-2, ,-2, ,
2, ,2, ,
-1, ,-1, ,
0, ,-1, ,
1, ,2, ,
1, ,1, ,
-1, ,-2, ,
2, ,2, ,
-1, ,-1, ,
0, ,-1, ,
1, ,1, ,
1, ,1, ,
-1, ,-2, ,
2, ,2, ,
-1, ,-1, ,
0, ,-1, ,
1, ,2, ,
0, ,1, ,
-2, ,-1, ,
3, ,2, ,
-1, ,1, ,
0, ,-1, ,
1, ,2, ,
0, ,1, ,
-1, ,-1, ,
2, ,2, ,
-1, ,-1, ,
0, ,-1, ,
1, ,2, ,
1, ,1, ,
-2, ,-1, ,
2, ,2, ,
-1, ,-1, ,
1, ,-1, ,
1, ,1, ,
0, ,1, ,
-2, ,-1, ,
2, ,2, ,
0, ,1, ,
0, ,-1, ,
2, ,2, ,
1, ,1, ,
-2, ,-1, ,
3, ,2, ,
-1, ,-1, ,
-1, ,-1, ,
1, ,1, ,
1, ,1, ,
-1, ,-1, ,
2, ,2, ,
-1, ,-1, ,
0, ,-1, ,
1, ,2, ,
0, ,1, ,
-2, ,-1, ,
2, ,2, ,
-1, ,1, ,
0, ,-1, ,
1, ,1, ,
1, ,1, ,
-2, ,-2, ,
2, ,2, ,
-1, ,1, ,
-1, ,-1, ,
2, ,1, ,
2, ,1, ,
-1, ,-1, ,
3, ,2, ,
-1, ,1, ,
0, ,-1, ,
1, ,1, ,
1, ,1, ,
-2, ,-1, ,
2, ,3, ,
-1, ,1, ,
0, ,-1, ,
1, ,2, ,
1, ,1, ,
-2, ,-2, ,
2, ,2, ,
0, ,1, ,
0, ,-1, ,
1, ,1, ,
1, ,1, ,
-1, ,-1, ,
2, ,2, ,
-1, ,-1, ,
-1, ,-1, ,
1, ,2, ,
0, ,1, ,
-2, ,-1, ,
3, ,2, ,
-1, ,1, ,
0, ,-1, ,
1, ,1, ,
0, ,1, ,
-2, ,-1, ,
2, ,2, ,
-1, ,1, ,
0, ,-1, ,
1, ,2, ,
0, ,1, ,
-2, ,-1, ,
2, ,2, ,
-1, ,1, ,
0, ,-1, ,
1, ,1, ,
0, ,1, ,
-1, ,-1, ,
3, ,2, ,
-1, ,1, ,
0, ,-1, ,
1, ,2, ,
1, ,1, ,
-2, ,-2, ,
3, ,1, ,
0, ,-1, ,
1, ,1, ,
1, ,1, ,
0, ,1, ,
-2, ,-1, ,
1, ,2, ,
-1, ,1, ,
0, ,-1, ,
2, ,2, ,
0, ,1, ,
-2, ,-2, ,
2, ,1, ,
-1, ,1, ,
-1, ,-1, ,
0, ,1, ,
0, ,1, ,
-2, ,-1, ,
1, ,2, ,
-1, ,1, ,
-1, ,-1, ,
3, ,2, ,
-3, ,1, ,
-5, ,-2, ,
1, ,1, ,
-4, ,1, ,
-2, ,1, ,
1, ,1, ,
0, ,1, ,
-1, ,-2, ,
3, ,2, ,
-1, ,1, ,
-1, ,-1, ,
1, ,2, ,
0, ,1, ,
-1, ,-2, ,
3, ,1, ,
-1, ,-1, ,
0, ,-1, ,
1, ,1, ,
120, ,1, ,
75, ,-2, ,
48, ,2, ,
32, ,1, ,
22, ,-1, ,
17, ,2, ,
14, ,1, ,
9, ,-2, ,
12, ,1, ,
9, ,1, ,
8, ,-1, ,
9, ,2, ,
8, ,1, ,
6, ,-2, ,
10, ,2, ,
7, ,1, ,
7, ,-1, ,
9, ,2, ,
8, ,1, ,
5, ,-2, ,
9, ,2, ,
7, ,-1, ,
7, ,-1, ,
8, ,1, ,
8, ,-1, ,
5, ,-2, ,
9, ,2, ,
6, ,-1, ,
7, ,-1, ,
8, ,2, ,
8, ,1, ,
6, ,-1, ,
10, ,2, ,
6, ,1, ,
6, ,-1, ,
7, ,1, ,
7, ,1, ,
5, ,-1, ,
8, ,2, ,
6, ,-1, ,
6, ,-1, ,
7, ,2, ,
7, ,1, ,
5, ,-2, ,
8, ,2, ,
5, ,1, ,
6, ,1, ,
6, ,1, ,
6, ,-1, ,
5, ,-2, ,
8, ,1, ,
6, ,1, ,
6, ,-1, ,
7, ,2, ,
7, ,1, ,
4, ,-2, ,
8, ,1, ,
5, ,-1, ,
6, ,-1, ,
6, ,1, ,
6, ,1, ,
4, ,-1, ,
7, ,2, ,
5, ,-1, ,
5, ,-1, ,
7, ,2, ,
6, ,1, ,
4, ,-2, ,
7, ,1, ,
5, ,-1, ,
5, ,-1, ,
5, ,1, ,
5, ,-1, ,
4, ,-2, ,
7, ,1, ,
5, ,-1, ,
4, ,-1, ,
5, ,2, ,
5, ,1, ,
3, ,-2, ,
7, ,1, ,
5, ,-1, ,
4, ,-1, ,
5, ,1, ,
5, ,1, ,
4, ,-2, ,
7, ,2, ,
5, ,-1, ,
5, ,-1, ,
6, ,2, ,
5, ,1, ,
2, ,-2, ,
6, ,1, ,
5, ,-1, ,
5, ,-1, ,
5, ,1, ,
5, ,-1, ,
3, ,-2, ,
6, ,1, ,
4, ,-1, ,
4, ,-1, ,
6, ,2, ,
5, ,1, ,
3, ,-2, ,
7, ,1, ,
4, ,-1, ,
3, ,1, ,
4, ,2, ,
5, ,-1, ,
2, ,-2, ,
7, ,2, ,
4, ,-1, ,
3, ,-1, ,
4, ,2, ,
5, ,1, ,
2, ,-2, ,
5, ,1, ,
3, ,-1, ,
2, ,-1, ,
5, ,1, ,
4, ,-1, ,
2, ,-2, ,
4, ,2, ,
2, ,-1, ,
3, ,-1, ,
5, ,1, ,
4, ,1, ,
2, ,-2, ,
5, ,1, ,
3, ,-1, ,
2, ,-1, ,
4, ,1, ,
3, ,1, ,
2, ,-2, ,
5, ,2, ,
2, ,-1, ,
3, ,-1, ,
4, ,2, ,
3, ,1, ,
1, ,-2, ,
5, ,2, ,
3, ,-1, ,
3, ,-1, ,
4, ,1, ,
3, ,1, ,
2, ,-2, ,
5, ,2, ,
2, ,-1, ,
2, ,-1, ,
4, ,2, ,
3, ,1, ,
1, ,-2, ,
5, ,1, ,
3, ,-1, ,
2, ,-1, ,
4, ,1, ,
4, ,1, ,
0, ,-2, ,
4, ,2, ,
3, ,-1, ,
3, ,-1, ,
4, ,2, ,
3, ,1, ,
1, ,-2, ,
5, ,2, ,
2, ,-1, ,
2, ,-1, ,
3, ,1, ,
3, ,1, ,
1, ,-2, ,
5, ,2, ,
2, ,-1, ,
2, ,-1, ,
4, ,2, ,
3, ,1, ,
0, ,-2, ,
5, ,2, ,
2, ,-1, ,
3, ,-1, ,
4, ,1, ,
4, ,-1, ,
1, ,-2, ,
4, ,2, ,
2, ,-1, ,
1, ,-1, ,
4, ,2, ,
3, ,1, ,
1, ,-2, ,
6, ,2, ,
2, ,-1, ,
2, ,-1, ,
3, ,2, ,
3, ,1, ,
1, ,-2, ,
5, ,2, ,
2, ,-1, ,
1, ,-1, ,
3, ,2, ,
2, ,1, ,
0, ,-2, ,
5, ,2, ,
2, ,-1, ,
2, ,-1, ,
3, ,2, ,
2, ,1, ,
0, ,-2, ,
4, ,2, ,
2, ,-1, ,
2, ,-1, ,
3, ,2, ,
2, ,1, ,
1, ,-2, ,
5, ,1, ,
2, ,-1, ,
2, ,-1, ,
3, ,1, ,
2, ,-1, ,
0, ,-2, ,
4, ,2, ,
1, ,-1, ,
1, ,-1, ,
3, ,2, ,
2, ,1, ,
0, ,-2, ,
5, ,1, ,
2, ,-1, ,
2, ,-1, ,
3, ,1, ,
2, ,1, ,
0, ,-2, ,
3, ,2, ,
1, ,-1, ,
2, ,-1, ,
3, ,2, ,
2, ,1, ,
0, ,-2, ,
3, ,1, ,
0, ,-1, ,
2, ,-1, ,
3, ,1, ,
2, ,1, ,
0, ,-2, ,
3, ,2, ,
0, ,-1, ,
1, ,-1, ,
3, ,2, ,
2, ,1, ,
96, ,-2, ,
65, ,1, ,
41, ,-1, ,
28, ,-1, ,
20, ,94, ,
15, ,70, ,
11, ,44, ,
12, ,28, ,
8, ,18, ,
8, ,11, ,
9, ,10, ,
8, ,7, ,
6, ,3, ,
10, ,5, ,
6, ,2, ,
7, ,2, ,
7, ,3, ,
7, ,2, ,
6, ,1, ,
9, ,3, ,
6, ,1, ,
6, ,2, ,
8, ,3, ,
7, ,3, ,
5, ,1, ,
8, ,3, ,
6, ,2, ,
6, ,2, ,
7, ,3, ,
7, ,2, ,
5, ,1, ,
8, ,5, ,
5, ,2, ,
5, ,2, ,
7, ,3, ,
8, ,2, ,
5, ,1, ,
9, ,3, ,
5, ,1, ,
6, ,2, ,
6, ,3, ,
6, ,2, ,
5, ,1, ,
8, ,3, ,
6, ,1, ,
6, ,2, ,
7, ,3, ,
7, ,3, ,
4, ,1, ,
8, ,3, ,
5, ,1, ,
5, ,2, ,
6, ,3, ,
6, ,2, ,
5, ,1, ,
7, ,3, ,
4, ,1, ,
5, ,2, ,
7, ,3, ,
6, ,2, ,
4, ,1, ,
8, ,3, ,
5, ,1, ,
5, ,2, ,
6, ,3, ,
5, ,2, ,
5, ,-1, ,
7, ,3, ,
4, ,1, ,
4, ,2, ,
6, ,3, ,
6, ,2, ,
3, ,-1, ,
7, ,3, ,
4, ,2, ,
4, ,2, ,
6, ,2, ,
6, ,2, ,
4, ,-1, ,
7, ,3, ,
4, ,1, ,
4, ,2, ,
5, ,3, ,
5, ,3, ,
3, ,1, ,
6, ,3, ,
4, ,1, ,
4, ,1, ,
6, ,3, ,
6, ,2, ,
4, ,1, ,
7, ,3, ,
4, ,1, ,
3, ,2, ,
5, ,3, ,
5, ,3, ,
3, ,-1, ,
7, ,3, ,
4, ,1, ,
4, ,2, ,
4, ,3, ,
3, ,2, ,
2, ,-1, ,
7, ,3, ,
4, ,1, ,
4, ,1, ,
4, ,3, ,
4, ,2, ,
3, ,-1, ,
6, ,2, ,
3, ,1, ,
4, ,1, ,
5, ,3, ,
5, ,2, ,
2, ,-1, ,
6, ,3, ,
3, ,1, ,
3, ,2, ,
5, ,3, ,
5, ,3, ,
2, ,-1, ,
6, ,3, ,
3, ,1, ,
3, ,2, ,
5, ,2, ,
4, ,2, ,
2, ,-1, ,
5, ,3, ,
3, ,1, ,
3, ,2, ,
4, ,3, ,
4, ,2, ,
2, ,-1, ,
5, ,3, ,
3, ,1, ,
3, ,2, ,
4, ,2, ,
4, ,2, ,
2, ,-1, ,
5, ,3, ,
3, ,1, ,
3, ,2, ,
4, ,3, ,
3, ,2, ,
1, ,-1, ,
5, ,2, ,
3, ,1, ,
3, ,2, ,
4, ,3, ,
4, ,2, ,
1, ,-1, ,
6, ,3, ,
2, ,1, ,
2, ,2, ,
4, ,3, ,
4, ,2, ,
1, ,-1, ,
6, ,3, ,
3, ,1, ,
2, ,1, ,
3, ,2, ,
4, ,1, ,
1, ,-1, ,
5, ,3, ,
2, ,1, ,
3, ,2, ,
4, ,2, ,
3, ,2, ,
0, ,-1, ,
5, ,3, ,
2, ,1, ,
2, ,1, ,
3, ,2, ,
3, ,2, ,
0, ,-1, ,
4, ,3, ,
2, ,1, ,
2, ,2, ,
4, ,3, ,
3, ,2, ,
0, ,-1, ,
5, ,2, ,
2, ,1, ,
2, ,1, ,
3, ,2, ,
3, ,2, ,
0, ,-1, ,
4, ,2, ,
2, ,1, ,
2, ,1, ,
4, ,3, ,
3, ,2, ,
1, ,-1, ,
5, ,3, ,
2, ,1, ,
2, ,2, ,
3, ,2, ,
3, ,2, ,
1, ,-1, ,
4, ,3, ,
1, ,1, ,
2, ,1, ,
3, ,3, ,
3, ,2, ,
0, ,-1, ,
4, ,2, ,
1, ,1, ,
2, ,1, ,
3, ,2, ,
3, ,2, ,
0, ,-1, ,
4, ,3, ,
1, ,1, ,
2, ,1, ,
3, ,3, ,
2, ,2, ,
0, ,-1, ,
5, ,2, ,
1, ,1, ,
1, ,1, ,
2, ,2, ,
2, ,2, ,
0, ,-1, ,
4, ,3, ,
1, ,1, ,
1, ,1, ,
2, ,3, ,
2, ,2, ,
-1, ,-1, ,
4, ,2, ,
1, ,1, ,
1, ,1, ,
2, ,2, ,
3, ,1, ,
1, ,-1, ,
3, ,2, ,
0, ,1, ,
1, ,1, ,
3, ,3, ,
2, ,2, ,
0, ,-1, ,
5, ,3, ,
1, ,1, ,
1, ,1, ,
3, ,1, ,
2, ,1, ,
-1, ,-1, ,
3, ,3, ,
0, ,1, ,
1, ,1, ,
3, ,2, ,
2, ,2, ,
0, ,-1, ,
4, ,2, ,
0, ,1, ,
1, ,1, ,
2, ,2, ,
2, ,2, ,
0, ,-1, ,
3, ,2, ,
0, ,1, ,
1, ,1, ,
2, ,3, ,
2, ,2, ,
-1, ,-1, ,
3, ,2, ,
0, ,1, ,
1, ,1, ,
2, ,1, ,
2, ,2, ,
-1, ,-1, ,
4, ,3, ,
0, ,1, ,
0, ,1, ,
2, ,2, ,
2, ,2, ,
0, ,-1, ,
4, ,2, ,
1, ,1, ,
1, ,1, ,
2, ,2, ,
1, ,2, ,
-1, ,-1, ,
3, ,3, ,
0, ,1, ,
1, ,1, ,
2, ,2, ,
3, ,2, ,
0, ,-1, ,
4, ,2, ,
0, ,1, ,
1, ,1, ,
2, ,2, ,
2, ,2, ,
-1, ,-1, ,
3, ,3, ,
0, ,-1, ,
0, ,1, ,
2, ,2, ,
1, ,2, ,
-1, ,-1, ,
3, ,2, ,
0, ,1, ,
1, ,1, ,
2, ,2, ,
2, ,1, ,
0, ,-1, ,
3, ,3, ,
0, ,1, ,
0, ,1, ,
3, ,2, ,
2, ,2, ,
-1, ,-1, ,
3, ,2, ,
0, ,1, ,
1, ,1, ,
2, ,2, ,
1, ,1, ,
-1, ,-1, ,
4, ,3, ,
0, ,1, ,
1, ,1, ,
2, ,3, ,
1, ,2, ,
-1, ,-1, ,
4, ,2, ,
0, ,1, ,
1, ,1, ,
3, ,2, ,
2, ,1, ,
-1, ,-1, ,
3, ,2, ,
-1, ,-1, ,
1, ,1, ,
2, ,2, ,
2, ,2, ,
-1, ,-2, ,
3, ,2, ,
0, ,1, ,
1, ,1, ,
1, ,2, ,
1, ,1, ,
-1, ,-1, ,
3, ,2, ,
0, ,-1, ,
1, ,1, ,
2, ,2, ,
2, ,1, ,
-1, ,-2, ,
3, ,2, ,
0, ,1, ,
1, ,1, ,
2, ,2, ,
1, ,1, ,
-1, ,-1, ,
3, ,2, ,
0, ,-1, ,
0, ,1, ,
2, ,1, ,
2, ,2, ,
-1, ,-1, ,
3, ,2, ,
0, ,1, ,
0, ,1, ,
2, ,2, ,
2, ,1, ,
-1, ,-1, ,
3, ,2, ,
-1, ,1, ,
0, ,-1, ,
2, ,3, ,
2, ,1, ,
-1, ,-2, ,
3, ,2, ,
0, ,1, ,
0, ,1, ,
1, ,1, ,
1, ,1, ,
-1, ,-1, ,
3, ,2, ,
0, ,-1, ,
0, ,1, ,
2, ,2, ,
1, ,2, ,
-2, ,-2, ,
3, ,2, ,
-1, ,1, ,
1, ,1, ,
2, ,2, ,
2, ,1, ,
-2, ,-1, ,
2, ,2, ,
-1, ,-1, ,
1, ,1, ,
3, ,2, ,
2, ,2, ,
-1, ,-1, ,
3, ,2, ,
0, ,1, ,
1, ,1, ,
2, ,1, ,
1, ,1, ,
-2, ,-2, ,
3, ,2, ,
-1, ,-1, ,
0, ,1, ,
1, ,2, ,
1, ,2, ,
-1, ,-2, ,
3, ,2, ,
-1, ,-1, ,
0, ,1, ,
1, ,1, ,
0, ,1, ,
-2, ,-2, ,
3, ,2, ,
0, ,-1, ,
0, ,1, ,
2, ,2, ,
1, ,2, ,
-1, ,-2, ,
3, ,2, ,
-1, ,-1, ,
1, ,-1, ,
2, ,2, ,
2, ,1, ,
-1, ,-1, ,
3, ,2, ,
-1, ,-1, ,
0, ,1, ,
2, ,2, ,
2, ,1, ,
-1, ,-1, ,
4, ,2, ,
0, ,-1, ,
0, ,1, ,
1, ,2, ,
1, ,1, ,
-1, ,-1, ,
3, ,2, ,
0, ,-1, ,
0, ,-1, ,
2, ,2, ,
0, ,1, ,
-1, ,-2, ,
3, ,2, ,
0, ,-1, ,
1, ,1, ,
1, ,2, ,
2, ,1, ,
-1, ,-1, ,
2, ,70, ,
-1, ,52, ,
0, ,34, ,
2, ,24, ,
2, ,15, ,
-1, ,9, ,
3, ,9, ,
-1, ,5, ,
0, ,3, ,
1, ,3, ,
1, ,3, ,
-2, ,1, ,
2, ,5, ,
-1, ,2, ,
0, ,2, ,
2, ,3, ,
2, ,3, ,
-1, ,1, ,
3, ,3, ,
0, ,2, ,
0, ,3, ,
2, ,2, ,
1, ,3, ,
-1, ,1, ,
3, ,3, ,
-1, ,2, ,
0, ,2, ,
1, ,3, ,
1, ,3, ,
-2, ,1, ,
2, ,3, ,
-1, ,1, ,
1, ,2, ,
1, ,3, ,
1, ,2, ,
-1, ,1, ,
2, ,3, ,
-1, ,1, ,
0, ,1, ,
1, ,3, ,
0, ,3, ,
0, ,1, ,
4, ,3, ,
-1, ,2, ,
0, ,2, ,
1, ,3, ,
1, ,2, ,
-2, ,1, ,
2, ,3, ,
-1, ,1, ,
0, ,2, ,
1, ,3, ,
0, ,3, ,
-1, ,1, ,
2, ,3, ,
-1, ,1, ,
1, ,2, ,
2, ,3, ,
1, ,3, ,
-2, ,1, ,
3, ,3, ,
-1, ,1, ,
0, ,2, ,
2, ,3, ,
1, ,3, ,
-2, ,1, ,
2, ,3, ,
-1, ,1, ,
1, ,2, ,
1, ,2, ,
1, ,2, ,
-2, ,1, ,
1, ,3, ,
-1, ,1, ,
0, ,2, ,
2, ,2, ,
1, ,3, ,
-2, ,-1, ,
2, ,3, ,
-1, ,2, ,
0, ,2, ,
1, ,2, ,
1, ,2, ,
-2, ,1, ,
2, ,3, ,
0, ,1, ,
0, ,1, ,
2, ,3, ,
2, ,2, ,
-1, ,-1, ,
2, ,2, ,
-1, ,1, ,
1, ,2, ,
1, ,2, ,
2, ,2, ,
-1, ,1, ,
3, ,3, ,
0, ,1, ,
0, ,1, ,
1, ,3, ,
1, ,3, ,
-1, ,1, ,
4, ,3, ,
0, ,1, ,
0, ,2, ,
1, ,2, ,
1, ,2, ,
-1, ,-1, ,
2, ,3, ,
-1, ,1, ,
0, ,1, ,
2, ,3, ,
1, ,2, ,
-2, ,-1, ,
3, ,3, ,
-1, ,1, ,
1, ,2, ,
1, ,2, ,
1, ,2, ,
-2, ,-1, ,
3, ,3, ,
-1, ,1, ,
0, ,1, ,
1, ,3, ,
1, ,3, ,
-1, ,1, ,
2, ,3, ,
0, ,1, ,
1, ,2, ,
1, ,2, ,
1, ,2, ,
-1, ,-1, ,
3, ,3, ,
-1, ,2, ,
0, ,1, ,
2, ,3, ,
1, ,2, ,
-2, ,-1, ,
3, ,3, ,
0, ,1, ,
0, ,1, ,
1, ,2, ,
0, ,2, ,
-2, ,-1, ,
2, ,3, ,
-1, ,1, ,
0, ,1, ,
2, ,3, ,
1, ,2, ,
-2, ,-1, ,
2, ,2, ,
-1, ,2, ,
0, ,1, ,
1, ,2, ,
2, ,1, ,
-2, ,-1, ,
2, ,3, ,
-1, ,1, ,
0, ,2, ,
1, ,3, ,
1, ,2, ,
-1, ,-1, ,
2, ,2, ,
-1, ,1, ,
0, ,2, ,
1, ,3, ,
0, ,2, ,
-1, ,-1, ,
3, ,2, ,
-1, ,-1, ,
0, ,1, ,
2, ,3, ,
1, ,2, ,
-1, ,-1, ,
2, ,2, ,
-1, ,1, ,
0, ,1, ,
1, ,3, ,
1, ,2, ,
-1, ,-1, ,
3, ,2, ,
-1, ,1, ,
0, ,1, ,
1, ,3, ,
0, ,2, ,
-1, ,-1, ,
3, ,2, ,
-1, ,1, ,
0, ,1, ,
1, ,2, ,
0, ,2, ,
-2, ,-1, ,
2, ,3, ,
-1, ,1, ,
-1, ,1, ,
2, ,3, ,
1, ,2, ,
-1, ,-1, ,
2, ,2, ,
-1, ,1, ,
0, ,1, ,
1, ,2, ,
0, ,2, ,
-2, ,-1, ,
3, ,3, ,
-1, ,1, ,
0, ,1, ,
1, ,2, ,
1, ,2, ,
-2, ,-1, ,
2, ,2, ,
-1, ,1, ,
0, ,1, ,
1, ,2, ,
0, ,1, ,
-1, ,-1, ,
2, ,3, ,
-1, ,1, ,
-1, ,1, ,
2, ,2, ,
1, ,2, ,
-1, ,-1, ,
3, ,2, ,
-1, ,1, ,
0, ,1, ,
1, ,2, ,
1, ,1, ,
-2, ,-1, ,
2, ,3, ,
-1, ,1, ,
0, ,1, ,
2, ,2, ,
1, ,2, ,
-2, ,-1, ,
2, ,2, ,
-1, ,1, ,
0, ,1, ,
1, ,2, ,
1, ,2, ,
-2, ,-1, ,
2, ,2, ,
-1, ,1, ,
0, ,1, ,
2, ,2, ,
1, ,3, ,
-2, ,-1, ,
2, ,2, ,
0, ,1, ,
1, ,1, ,
1, ,2, ,
2, ,1, ,
-2, ,-1, ,
3, ,2, ,
-1, ,1, ,
-1, ,1, ,
1, ,2, ,
1, ,2, ,
-2, ,-1, ,
2, ,2, ,
-1, ,1, ,
0, ,1, ,
1, ,1, ,
0, ,2, ,
-2, ,-1, ,
2, ,3, ,
-1, ,1, ,
0, ,1, ,
1, ,3, ,
1, ,2, ,
-2, ,-1, ,
2, ,2, ,
-1, ,1, ,
0, ,1, ,
1, ,2, ,
1, ,1, ,
-1, ,-1, ,
2, ,3, ,
-1, ,1, ,
0, ,1, ,
1, ,3, ,
1, ,2, ,
-1, ,-1, ,
2, ,2, ,
-1, ,1, ,
0, ,1, ,
1, ,2, ,
1, ,1, ,
-1, ,-1, ,
3, ,2, ,
-1, ,1, ,
0, ,1, ,
2, ,3, ,
1, ,2, ,
-2, ,-1, ,
2, ,2, ,
-2, ,1, ,
-1, ,1, ,
0, ,2, ,
0, ,2, ,
-1, ,-1, ,
1, ,2, ,
-1, ,1, ,
0, ,1, ,
2, ,3, ,
1, ,2, ,
-2, ,-1, ,
2, ,2, ,
-1, ,-1, ,
0, ,1, ,
2, ,1, ,
1, ,1, ,
-2, ,-1, ,
1, ,2, ,
-2, ,-1, ,
-1, ,-1, ,
1, ,3, ,
2, ,2, ,
-1, ,-1, ,
2, ,3, ,
-1, ,1, ,
-1, ,1, ,
0, ,2, ,
1, ,2, ,
-2, ,-1, ,
3, ,2, ,
0, ,-1, ,
0, ,1, ,
0, ,2, ,
1, ,2, ,
-2, ,-1, ,
3, ,2, ,
0, ,1, ,
0, ,1, ,
1, ,2, ,
1, ,1, ,
-1, ,-1, ,
2, ,3, ,
-1, ,-1, ,
0, ,1, ,
1, ,3, ,
1, ,1, ,
-1, ,-1, ,
3, ,2, ,
-1, ,1, ,
0, ,-1, ,
2, ,1, ,
1, ,1, ,
-1, ,-1, ,
2, ,2, ,
-1, ,1, ,
0, ,1, ,
2, ,2, ,
1, ,2, ,
-2, ,-2, ,
2, ,2, ,
0, ,1, ,
0, ,1, ,
1, ,2, ,
1, ,1, ,
-1, ,-2, ,
3, ,2, ,
-1, ,-1, ,
0, ,1, ,
2, ,2, ,
1, ,2, ,
-2, ,-1, ,
3, ,2, ,
-1, ,1, ,
1, ,1, ,
1, ,2, ,
2, ,1, ,
-2, ,-1, ,
2, ,2, ,
-1, ,-1, ,
-1, ,1, ,
1, ,2, ,
1, ,2, ,
-1, ,-1, ,
3, ,2, ,
-1, ,-1, ,
0, ,1, ,
1, ,2, ,
0, ,1, ,
-2, ,-1, ,
3, ,2, ,
0, ,-1, ,
0, ,1, ,
2, ,3, ,
0, ,1, ,
-2, ,-1, ,
2, ,2, ,
-1, ,-1, ,
0, ,1, ,
1, ,2, ,
1, ,1, ,
-2, ,-1, ,
2, ,2, ,
0, ,-1, ,
0, ,-1, ,
1, ,1, ,
1, ,1, ,
-2, ,-1, ,
2, ,2, ,
0, ,-1, ,
0, ,1, ,
1, ,2, ,
1, ,1, ,
-1, ,-1, ,
3, ,3, ,
-1, ,-1, ,
0, ,1, ,
1, ,2, ,
1, ,1, ,
-2, ,-1, ,
3, ,2, ,
0, ,1, ,
1, ,1, ,
1, ,2, ,
1, ,1, ,
-2, ,-1, ,
1, ,2, ,
-1, ,-1, ,
0, ,1, ,
1, ,2, ,
1, ,1, ,
-2, ,-1, ,
1, ,1, ,
-1, ,1, ,
1, ,-1, ,
2, ,1, ,
1, ,1, ,
-2, ,-1, ,
2, ,2, ,
-1, ,-1, ,
-1, ,1, ,
2, ,2, ,
1, ,2, ,
-1, ,-1, ,
3, ,2, ,
-1, ,-1, ,
0, ,1, ,
0, ,2, ,
0, ,1, ,
-2, ,-1, ,
2, ,2, ,
-1, ,-1, ,
0, ,1, ,
1, ,2, ,
1, ,1, ,
-2, ,-1, ,
2, ,2, ,
-1, ,-1, ,
0, ,1, ,
0, ,2, ,
0, ,1, ,
-2, ,-1, ,
1, ,3, ,
-1, ,-1, ,
0, ,1, ,
1, ,2, ,
0, ,2, ,
-2, ,-1, ,
2, ,2, ,
-1, ,-1, ,
-1, ,-1, ,
0, ,2, ,
1, ,2, ,
-2, ,-1, ,
2, ,2, ,
-2, ,-1, ,
-1, ,1, ,
2, ,2, ,
1, ,1, ,
-2, ,-2, ,
2, ,2, ,
-1, ,1, ,
0, ,1, ,
1, ,2, ,
1, ,1, ,
-2, ,-1, ,
2, ,2, ,
0, ,-1, ,
0, ,-1, ,
2, ,2, ,
1, ,2, ,
-2, ,-1, ,
2, ,2, ,
-1, ,-1, ,
0, ,1, ,
2, ,2, ,
1, ,1, ,
-2, ,-2, ,
2, ,2, ,
-1, ,-1, ,
-1, ,1, ,
1, ,2, ,
1, ,1, ,
-2, ,-2, ,
2, ,2, ,
-1, ,-1, ,
0, ,1, ,
1, ,2, ,
1, ,1, ,
-1, ,-1, ,
2, ,2, ,
-1, ,1, ,
0, ,1, ,
2, ,2, ,
1, ,1, ,
-1, ,-2, ,
3, ,2, ,
-1, ,-1, ,
0, ,-1, ,
1, ,2, ,
1, ,1, ,
-1, ,-1, ,
2, ,2, ,
0, ,-1, ,
1, ,-1, ,
2, ,2, ,
1, ,1, ,
-2, ,-1, ,
3, ,2, ,
-1, ,-1, ,
0, ,1, ,
1, ,1, ,
1, ,1, ,
-2, ,-1, ,
3, ,2, ,
-1, ,-1, ,
0, ,1, ,
2, ,2, ,
1, ,1, ,
-2, ,-2, ,
3, ,2, ,
-1, ,-1, ,
0, ,1, ,
1, ,2, ,
1, ,1, ,
-2, ,-1, ,
2, ,2, ,
-1, ,-1, ,
0, ,1, ,
2, ,2, ,
1, ,1, ,
-2, ,-2, ,
3, ,1, ,
-1, ,-1, ,
0, ,1, ,
1, ,1, ,
1, ,1, ,
-2, ,-2, ,
2, ,2, ,
-1, ,-1, ,
0, ,-1, ,
1, ,1, ,
1, ,1, ,
-1, ,-2, ,
4, ,1, ,
-1, ,-1, ,
1, ,-1, ,
1, ,1, ,
0, ,1, ,
-2, ,-2, ,
2, ,2, ,
-1, ,-1, ,
-1, ,1, ,
1, ,2, ,
0, ,1, ,
-2, ,-2, ,
2, ,2, ,
-1, ,-1, ,
0, ,1, ,
0, ,1, ,
1, ,1, ,
-2, ,-2, ,
2, ,2, ,
-1, ,-1, ,
0, ,-1, ,
2, ,2, ,
0, ,2, ,
-3, ,-2, ,
2, ,1, ,
-2, ,-1, ,
-1, ,-1, ,
1, ,1, ,
1, ,1, ,
-2, ,-1, ,
2, ,2, ,
-1, ,-1, ,
-1, ,1, ,
1, ,2, ,
1, ,2, ,
-2, ,-2, ,
3, ,2, ,
-1, ,-1, ,
0, ,1, ,
1, ,1, ,
0, ,1, ,
-3, ,-2, ,
2, ,2, ,
-1, ,-1, ,
0, ,-1, ,
1, ,2, ,
0, ,1, ,
-2, ,-2, ,
2, ,2, ,
-1, ,-1, ,
0, ,1, ,
1, ,1, ,
1, ,1, ,
-2, ,-2, ,
2, ,2, ,
-1, ,-1, ,
0, ,-1, ,
1, ,2, ,
1, ,2, ,
-2, ,-2, ,
2, ,2, ,
-1, ,-1, ,
0, ,1, ,
1, ,2, ,
0, ,1, ,
-2, ,-2, ,
2, ,2, ,
-1, ,-1, ,
-1, ,1, ,
1, ,2, ,
1, ,1, ,
-2, ,-2, ,
2, ,2, ,
-1, ,1, ,
0, ,1, ,
1, ,2, ,
0, ,-1, ,
-2, ,-2, ,
2, ,2, ,
-1, ,-1, ,
0, ,-1, ,
2, ,2, ,
1, ,1, ,
-2, ,-2, ,
2, ,1, ,
-1, ,-1, ,
0, ,-1, ,
1, ,1, ,
2, ,1, ,
-1, ,-1, ,
2, ,2, ,
-1, ,1, ,
-1, ,-1, ,
1, ,2, ,
1, ,1, ,
-1, ,-1, ,
4, ,2, ,
-1, ,1, ,
0, ,1, ,
1, ,1, ,
1, ,1, ,
-2, ,-2, ,
2, ,2, ,
-1, ,1, ,
0, ,-1, ,
1, ,2, ,
0, ,1, ,
-2, ,-2, ,
2, ,1, ,
0, ,1, ,
1, ,1, ,
1, ,2, ,
1, ,1, ,
-1, ,-1, ,
1, ,2, ,
-1, ,-1, ,
-1, ,-1, ,
1, ,2, ,
0, ,1, ,
-2, ,-1, ,
3, ,2, ,
0, ,1, ,
0, ,1, ,
1, ,2, ,
0, ,1, ,
-3, ,-1, ,
2, ,3, ,
-1, ,1, ,
0, ,-1, ,
1, ,2, ,
1, ,1, ,
-2, ,-1, ,
3, ,2, ,
-1, ,1, ,
0, ,1, ,
1, ,1, ,
-1, ,1, ,
-2, ,-1, ,
1, ,2, ,
-1, ,-1, ,
-1, ,-1, ,
1, ,2, ,
1, ,1, ,
-2, ,-1, ,
2, ,2, ,
-1, ,1, ,
0, ,-1, ,
1, ,2, ,
1, ,1, ,
-1, ,-1, ,
2, ,3, ,
-1, ,1, ,
-1, ,-1, ,
1, ,2, ,
1, ,1, ,
-2, ,-1, ,
3, ,2, ,
-1, ,1, ,
0, ,-1, ,
1, ,1, ,
1, ,1, ,
-2, ,-1, ,
2, ,2, ,
-1, ,1, ,
0, ,-1, ,
2, ,2, ,
1, ,1, ,
-2, ,-1, ,
3, ,2, ,
-1, ,1, ,
1, ,-1, ,
1, ,1, ,
1, ,1, ,
-2, ,-1, ,
2, ,3, ,
-1, ,1, ,
-1, ,-1, ,
0, ,2, ,
1, ,1, ,
-2, ,-1, ,
3, ,2, ,
-1, ,1, ,
0, ,1, ,
1, ,1, ,
1, ,1, ,
-2, ,-1, ,
2, ,2, ,
-1, ,1, ,
0, ,-1, ,
1, ,2, ,
1, ,1, ,
-2, ,-1, ,
3, ,2, ,
-1, ,1, ,
0, ,1, ,
0, ,2, ,
1, ,1, ,
-2, ,-1, ,
2, ,2, ,
-1, ,1, ,
0, ,1, ,
2, ,2, ,
2, ,1, ,
-2, ,-1, ,
1, ,1, ,
-2, ,1, ,
1, ,-1, ,
1, ,1, ,
1, ,1, ,
-1, ,-1, ,
2, ,2, ,
-1, ,1, ,
-1, ,1, ,
1, ,3, ,
1, ,1, ,
-2, ,-2, ,
3, ,1, ,
-1, ,1, ,
0, ,-1, ,
1, ,2, ,
1, ,1, ,
-2, ,-2, ,
2, ,3, ,
-1, ,1, ,
-1, ,1, ,
2, ,2, ,
1, ,1, ,
-2, ,-2, ,
2, ,1, ,
0, ,1, ,
0, ,1, ,
1, ,2, ,
2, ,1, ,
-1, ,-1, ,
2, ,2, ,
-1, ,1, ,
-1, ,1, ,
2, ,2, ,
1, ,1, ,
-2, ,-2, ,
3, ,2, ,
-2, ,1, ,
0, ,-1, ,
1, ,2, ,
1, ,1, ,
-3, ,-1, ,
2, ,2, ,
-2, ,1, ,
-1, ,-1, ,
2, ,2, ,
1, ,1, ,
-1, ,-2, ,
3, ,2, ,
0, ,1, ,
0, ,1, ,
0, ,1, ,
0, ,1, ,
-2, ,-2, ,
2, ,2, ,
-1, ,-1, ,
0, ,-1, ,
1, ,2, ,
1, ,1, ,
-2, ,-2, ,
2, ,2, ,
-1, ,-1, ,
0, ,-1, ,
1, ,2, ,
1, ,1, ,
-2, ,-2, ,
2, ,2, ,
-1, ,1, ,
-1, ,-1, ,
1, ,2, ,
1, ,1, ,
-2, ,-2, ,
3, ,1, ,
-1, ,1, ,
0, ,-1, ,
1, ,1, ,
0, ,-1, ,
-2, ,-2, ,
2, ,2, ,
-1, ,-1, ,
0, ,-1, ,
1, ,2, ,
1, ,1, ,
-2, ,-2, ,
2, ,1, ,
-2, ,-1, ,
0, ,-1, ,
1, ,2, ,
1, ,1, ,
-2, ,-2, ,
2, ,2, ,
-1, ,-1, ,
0, ,-1, ,
1, ,3, ,
1, ,1, ,
-2, ,-2, ,
3, ,1, ,
0, ,-1, ,
1, ,-1, ,
1, ,1, ,
1, ,-1, ,
-1, ,-2, ,
2, ,2, ,
-1, ,-1, ,
0, ,-1, ,
1, ,2, ,
1, ,1, ,
-1, ,-2, ,
3, ,1, ,
-1, ,-1, ,
0, ,-1, ,
1, ,1, ,
0, ,1, ,
-2, ,-2, ,
2, ,2, ,
0, ,-1, ,
0, ,-1, ,
1, ,2, ,
1, ,1, ,
-2, ,-2, ,
2, ,1, ,
-1, ,-1, ,
0, ,1, ,
1, ,2, ,
1, ,1, ,
-2, ,-2, ,
2, ,2, ,
-1, ,-1, ,
0, ,-1, ,
2, ,2, ,
1, ,1, ,
-2, ,-2, ,
2, ,2, ,
-1, ,-1, ,
1, ,-1, ,
1, ,2, ,
1, ,-1, ,
-2, ,-2, ,
2, ,2, ,
-1, ,-1, ,
0, ,-1, ,
2, ,2, ,
1, ,1, ,
-2, ,-2, ,
2, ,2, ,
-1, ,1, ,
0, ,1, ,
1, ,1, ,
0, ,1, ,
-2, ,-2, ,
2, ,2, ,
-1, ,-1, ,
0, ,-1, ,
2, ,2, ,
1, ,1, ,
-2, ,-2, ,
2, ,2, ,
-1, ,-1, ,
0, ,-1, ,
1, ,1, ,
1, ,1, ,
-1, ,-2, ,
1, ,3, ,
-1, ,-1, ,
0, ,-1, ,
1, ,2, ,
1, ,1, ,
-2, ,-2, ,
3, ,1, ,
0, ,-1, ,
1, ,1, ,
1, ,2, ,
0, ,-1, ,
-2, ,-2, ,
1, ,2, ,
-1, ,-1, ,
0, ,-1, ,
2, ,2, ,
0, ,1, ,
-2, ,-2, ,
3, ,2, ,
-1, ,-1, ,
0, ,-1, ,
1, ,2, ,
1, ,1, ,
-2, ,-2, ,
2, ,2, ,
-1, ,-1, ,
-1, ,-1, ,
1, ,2, ,
1, ,1, ,
-2, ,-2, ,
1, ,1, ,
-1, ,-1, ,
1, ,-1, ,
1, ,1, ,
0, ,1, ,
-2, ,-2, ,
2, ,2, ,
-1, ,-1, ,
-1, ,-1, ,
1, ,2, ,
0, ,1, ,
-2, ,-2, ,
2, ,1, ,
-1, ,-1, ,
0, ,-1, ,
1, ,1, ,
0, ,1, ,
-2, ,-2, ,
1, ,2, ,
-1, ,-1, ,
0, ,-1, ,
2, ,2, ,
1, ,1, ,
-2, ,-2, ,
2, ,1, ,
-1, ,-1, ,
1, ,-1, ,
1, ,1, ,
2, ,1, ,
0, ,-2, ,
2, ,2, ,
-1, ,-1, ,
0, ,-1, ,
2, ,2, ,
1, ,1, ,
-1, ,-2, ,
3, ,1, ,
-1, ,-1, ,
0, ,-1, ,
1, ,1, ,
1, ,1, ,
-2, ,-2, ,
2, ,2, ,
-1, ,-1, ,
0, ,-1, ,
1, ,2, ,
0, ,1, ,
-2, ,-2, ,
2, ,2, ,
-1, ,-1, ,
0, ,-1, ,
1, ,1, ,
1, ,1, ,
-1, ,-2, ,
2, ,2, ,
-1, ,-1, ,
1, ,-1, ,
2, ,2, ,
1, ,1, ,
-2, ,-2, ,
3, ,2, ,
-1, ,-1, ,
0, ,-1, ,
1, ,1, ,
1, ,1, ,
-2, ,-2, ,
2, ,3, ,
-1, ,-1, ,
0, ,-1, ,
2, ,2, ,
0, ,1, ,
-2, ,-2, ,
3, ,2, ,
-1, ,-1, ,
1, ,-1, ,
1, ,1, ,
0, ,1, ,
-2, ,-2, ,
2, ,2, ,
-1, ,-1, ,
0, ,-1, ,
1, ,2, ,
1, ,1, ,
-2, ,-2, ,
2, ,2, ,
-1, ,-1, ,
1, ,1, ,
1, ,2, ,
0, ,1, ,
-2, ,-2, ,
2, ,2, ,
-1, ,-1, ,
0, ,-1, ,
1, ,2, ,
0, ,1, ,
-1, ,-2, ,
2, ,2, ,
-1, ,-1, ,
0, ,-1, ,
1, ,1, ,
1, ,-1, ,
-1, ,-2, ,
2, ,2, ,
-2, ,-1, ,
0, ,-1, ,
2, ,2, ,
1, ,1, ,
-2, ,-2, ,
3, ,2, ,
-1, ,-1, ,
0, ,1, ,
1, ,2, ,
1, ,1, ,
-2, ,-2, ,
2, ,2, ,
-1, ,-1, ,
0, ,-1, ,
1, ,2, ,
1, ,1, ,
-2, ,-2, ,
2, ,2, ,
-1, ,-1, ,
0, ,-1, ,
1, ,1, ,
1, ,-1, ,
-2, ,-2, ,
3, ,2, ,
0, ,-1, ,
0, ,-1, ,
1, ,2, ,
0, ,1, ,
-2, ,-2, ,
2, ,2, ,
-1, ,-1, ,
0, ,-1, ,
1, ,1, ,
0, ,1, ,
-2, ,-2, ,
2, ,2, ,
-1, ,-1, ,
0, ,-1, ,
2, ,1, ,
1, ,1, ,
-2, ,-4, ,
2, ,1, ,
-2, ,-1, ,
0, ,-1, ,
1, ,1, ,
2, ,-1, ,
-1, ,-2, ,
2, ,2, ,
-2, ,-1, ,
-1, ,-1, ,
2, ,1, ,
1, ,2, ,
-2, ,-2, ,
3, ,2, ,
0, ,-1, ,
0, ,-1, ,
1, ,1, ,
0, ,1, ,
-2, ,-2, ,
2, ,2, ,
-1, ,-1, ,
-1, ,-1, ,
1, ,2, ,
1, ,1, ,
-2, ,-1, ,
2, ,2, ,
-2, ,1, ,
0, ,-1, ,
1, ,1, ,
1, ,1, ,
-1, ,-1, ,
2, ,2, ,
-1, ,-1, ,
0, ,-1, ,
2, ,2, ,
0, ,1, ,
-1, ,-1, ,
3, ,2, ,
-1, ,-1, ,
0, ,1, ,
1, ,1, ,
1, ,1, ,
-1, ,-1, ,
3, ,2, ,
-1, ,-1, ,
0, ,1, ,
1, ,2, ,
1, ,1, ,
-2, ,-1, ,
3, ,2, ,
-1, ,1, ,
1, ,-1, ,
1, ,1, ,
1, ,1, ,
-2, ,-1, ,
2, ,2, ,
-1, ,-1, ,
0, ,-1, ,
2, ,2, ,
1, ,1, ,
-2, ,-1, ,
2, ,2, ,
-1, ,1, ,
0, ,-1, ,
1, ,2, ,
2, ,1, ,
-2, ,-1, ,
2, ,2, ,
-1, ,1, ,
0, ,-1, ,
2, ,2, ,
1, ,1, ,
-2, ,-1, ,
3, ,2, ,
-1, ,1, ,
1, ,-1, ,
1, ,1, ,
1, ,1, ,
-2, ,-1, ,
2, ,3, ,
-1, ,1, ,
-1, ,-1, ,
1, ,1, ,
1, ,1, ,
-2, ,-1, ,
3, ,2, ,
-1, ,1, ,
0, ,-1, ,
1, ,1, ,
0, ,1, ,
-2, ,-1, ,
2, ,2, ,
-1, ,1, ,
0, ,-1, ,
1, ,2, ,
1, ,1, ,
-2, ,-1, ,
2, ,2, ,
-2, ,1, ,
-1, ,1, ,
1, ,1, ,
1, ,1, ,
-2, ,-1, ,
2, ,2, ,
-1, ,1, ,
0, ,-1, ,
2, ,2, ,
0, ,1, ,
-2, ,-1, ,
3, ,2, ,
-1, ,1, ,
1, ,1, ,
1, ,2, ,
0, ,1, ,
-2, ,-1, ,
2, ,2, ,
0, ,1, ,
0, ,1, ,
1, ,2, ,
1, ,1, ,
-2, ,-2, ,
2, ,2, ,
-1, ,1, ,
-1, ,-1, ,
1, ,2, ,
0, ,1, ,
-1, ,-2, ,
2, ,2, ,
-1, ,1, ,
-1, ,-1, ,
2, ,2, ,
1, ,1, ,
-3, ,-2, ,
2, ,2, ,
-1, ,1, ,
0, ,-1, ,
1, ,2, ,
1, ,1, ,
-2, ,-2, ,
2, ,2, ,
0, ,1, ,
0, ,-1, ,
1, ,2, ,
1, ,1, ,
-1, ,-2, ,
3, ,2, ,
-1, ,1, ,
0, ,1, ,
1, ,1, ,
1, ,-1, ,
-2, ,-2, ,
2, ,2, ,
-2, ,1, ,
0, ,-1, ,
1, ,2, ,
1, ,1, ,
-2, ,-2, ,
2, ,2, ,
-1, ,1, ,
0, ,-1, ,
0, ,2, ,
1, ,1, ,
-1, ,-2, ,
2, ,2, ,
-1, ,1, ,
-2, ,-1, ,
2, ,2, ,
1, ,1, ,
-2, ,-2, ,
3, ,2, ,
-1, ,1, ,
0, ,-1, ,
1, ,1, ,
1, ,1, ,
-2, ,-2, ,
1, ,2, ,
-1, ,1, ,
0, ,-1, ,
2, ,2, ,
1, ,1, ,
-2, ,-2, ,
2, ,2, ,
-1, ,-1, ,
0, ,-1, ,
1, ,1, ,
1, ,1, ,
-2, ,-2, ,
2, ,3, ,
-1, ,-1, ,
0, ,-1, ,
1, ,2, ,
1, ,1, ,
-2, ,-2, ,
2, ,1, ,
0, ,-1, ,
0, ,-1, ,
1, ,1, ,
0, ,1, ,
-3, ,-2, ,
2, ,2, ,
-1, ,-1, ,
-1, ,-1, ,
1, ,2, ,
0, ,1, ,
-3, ,-2, ,
2, ,1, ,
-2, ,-1, ,
0, ,-1, ,
2, ,1, ,
1, ,1, ,
-1, ,-2, ,
2, ,3, ,
-1, ,-1, ,
-1, ,-1, ,
1, ,2, ,
1, ,1, ,
-2, ,-2, ,
2, ,1, ,
-1, ,-1, ,
0, ,1, ,
2, ,1, ,
1, ,-1, ,
-2, ,-2, ,
2, ,1, ,
-1, ,-1, ,
-1, ,1, ,
1, ,2, ,
0, ,1, ,
-2, ,-2, ,
4, ,1, ,
0, ,-1, ,
1, ,-1, ,
1, ,1, ,
0, ,1, ,
-2, ,-2, ,
2, ,2, ,
0, ,-1, ,
1, ,-1, ,
1, ,2, ,
1, ,1, ,
-2, ,-2, ,
2, ,1, ,
-1, ,-1, ,
0, ,1, ,
1, ,1, ,
1, ,-1, ,
-2, ,-2, ,
2, ,1, ,
-1, ,-1, ,
0, ,-1, ,
1, ,2, ,
1, ,1, ,
-2, ,-2, ,
3, ,2, ,
-1, ,-1, ,
0, ,-1, ,
2, ,2, ,
1, ,1, ,
-1, ,-2, ,
1, ,2, ,
-1, ,-1, ,
-1, ,-1, ,
1, ,2, ,
0, ,1, ,
-1, ,-2, ,
3, ,1, ,
0, ,-1, ,
1, ,-1, ,
1, ,1, ,
1, ,1, ,
-2, ,-2, ,
2, ,2, ,
-1, ,-1, ,
-1, ,-1, ,
1, ,2, ,
1, ,1, ,
-1, ,-2, ,
2, ,2, ,
-2, ,-1, ,
0, ,-1, ,
1, ,1, ,
1, ,1, ,
-2, ,-2, ,
3, ,2, ,
-1, ,-1, ,
-1, ,-1, ,
1, ,2, ,
1, ,1, ,
-1, ,-2, ,
2, ,1, ,
-1, ,-1, ,
0, ,-1, ,
1, ,1, ,
1, ,1, ,
-2, ,-2, ,
2, ,2, ,
-1, ,-1, ,
0, ,-1, ,
2, ,2, ,
1, ,1, ,
-1, ,-2, ,
2, ,1, ,
-2, ,-1, ,
0, ,-1, ,
1, ,1, ,
1, ,1, ,
-2, ,-2, ,
3, ,2, ,
-1, ,-1, ,
-1, ,-1, ,
1, ,2, ,
1, ,1, ,
-2, ,-2, ,
3, ,2, ,
-1, ,-1, ,
0, ,1, ,
1, ,1, ,
0, ,-1, ,
-2, ,-2, ,
2, ,2, ,
-1, ,-1, ,
0, ,-1, ,
1, ,2, ,
1, ,1, ,
-1, ,-2, ,
2, ,2, ,
-1, ,-1, ,
1, ,-1, ,
1, ,1, ,
1, ,1, ,
-2, ,-2, ,
2, ,2, ,
-1, ,-1, ,
0, ,1, ,
2, ,2, ,
1, ,1, ,
-2, ,-2, ,
1, ,1, ,
-1, ,-1, ,
0, ,1, ,
1, ,1, ,
1, ,1, ,
-2, ,-2, ,
2, ,2, ,
-2, ,-1, ,
0, ,1, ,
1, ,-1, ,
0, ,1, ,
-2, ,-2, ,
2, ,1, ,
-1, ,-1, ,
0, ,-1, ,
0, ,1, ,
0, ,1, ,
-3, ,-2, ,
2, ,2, ,
-1, ,-1, ,
-1, ,-1, ,
1, ,1, ,
0, ,1, ,
-2, ,-2, ,
2, ,1, ,
-1, ,-1, ,
-1, ,-1, ,
1, ,1, ,
1, ,1, ,
-2, ,-2, ,
2, ,1, ,
-1, ,-1, ,
-1, ,-1, ,
1, ,1, ,
1, ,1, ,
-2, ,-2, ,
2, ,2, ,
-1, ,-1, ,
0, ,-1, ,
0, ,1, ,
1, ,1, ,
-2, ,-2, ,
2, ,2, ,
-1, ,-1, ,
0, ,-1, ,
1, ,1, ,
1, ,1, ,
-2, ,-2, ,
2, ,1, ,
0, ,-1, ,
1, ,-1, ,
1, ,1, ,
1, ,-1, ,
-2, ,-2, ,
2, ,1, ,
0, ,-1, ,
0, ,-1, ,
1, ,1, ,
1, ,-1, ,
-1, ,-2, ,
2, ,1, ,
-1, ,-1, ,
0, ,1, ,
1, ,1, ,
1, ,1, ,
-1, ,-2, ,
2, ,2, ,
0, ,-1, ,
0, ,-1, ,
1, ,1, ,
1, ,-1, ,
-1, ,-2, ,
3, ,1, ,
0, ,-1, ,
1, ,-1, ,
1, ,1, ,
1, ,1, ,
-1, ,-2, ,
3, ,2, ,
-1, ,-1, ,
0, ,-1, ,
1, ,2, ,
1, ,-1, ,
-1, ,-2, ,
3, ,1, ,
-1, ,-1, ,
0, ,1, ,
1, ,1, ,
1, ,1, ,
-1, ,-2, ,
2, ,2, ,
-1, ,-1, ,
0, ,-1, ,
2, ,1, ,
1, ,1, ,
-1, ,-2, ,
3, ,2, ,
-1, ,-1, ,
0, ,-1, ,
1, ,1, ,
1, ,-1, ,
-1, ,-2, ,
3, ,1, ,
-1, ,-1, ,
-1, ,-1, ,
1, ,2, ,
1, ,1, ,
-1, ,-2, ,
3, ,2, ,
-1, ,-1, ,
1, ,-1, ,
1, ,1, ,
0, ,1, ,
-2, ,-2, ,
2, ,2, ,
-1, ,-1, ,
0, ,-1, ,
1, ,1, ,
1, ,-1, ,
-2, ,-2, ,
2, ,1, ,
-1, ,-1, ,
0, ,-1, ,
1, ,2, ,
1, ,1, ,
-1, ,-2, ,
2, ,1, ,
-1, ,-1, ,
0, ,-1, ,
1, ,2, ,
2, ,1, ,
-2, ,-2, ,
2, ,1, ,
-1, ,-1, ,
0, ,-1, ,
1, ,1, ,
0, ,1, ,
-3, ,-2, ,
1, ,1, ,
-1, ,-1, ,
-1, ,-1, ,
1, ,1, ,
1, ,-1, ,
-2, ,-2, ,
2, ,2, ,
-1, ,-1, ,
0, ,1, ,
1, ,1, ,
1, ,1, ,
-2, ,-2, ,
1, ,1, ,
-2, ,-1, ,
-1, ,-1, ,
1, ,2, ,
1, ,-1, ,
-2, ,-2, ,
2, ,1, ,
-2, ,-1, ,
-1, ,-1, ,
1, ,1, ,
2, ,-1, ,
-1, ,-2, ,
2, ,1, ,
-1, ,-2, ,
-1, ,-1, ,
1, ,1, ,
0, ,1, ,
-2, ,-2, ,
2, ,1, ,
-1, ,-1, ,
0, ,-1, ,
1, ,1, ,
0, ,1, ,
-2, ,-2, ,
1, ,2, ,
-2, ,-1, ,
0, ,-1, ,
1, ,1, ,
2, ,1, ,
-2, ,-2, ,
2, ,1, ,
-1, ,-1, ,
0, ,-1, ,
1, ,1, ,
0, ,-1, ,
-2, ,-2, ,
2, ,1, ,
-1, ,-1, ,
0, ,-1, ,
1, ,1, ,
1, ,1, ,
-2, ,-2, ,
2, ,1, ,
-1, ,-1, ,
0, ,-1, ,
1, ,1, ,
1, ,1, ,
-2, ,-2, ,
2, ,2, ,
0, ,-1, ,
0, ,-1, ,
1, ,1, ,
1, ,1, ,
-2, ,-2, ,
2, ,1, ,
-1, ,-1, ,
0, ,-1, ,
1, ,1, ,
1, ,1, ,
-2, ,-2, ,
1, ,1, ,
-2, ,-1, ,
0, ,-1, ,
2, ,1, ,
1, ,1, ,
-1, ,-2, ,
2, ,1, ,
-1, ,-1, ,
-1, ,-1, ,
1, ,2, ,
2, ,1, ,
-2, ,-2, ,
3, ,1, ,
-1, ,-1, ,
0, ,-1, ,
1, ,2, ,
0, ,1, ,
-2, ,-2, ,
2, ,1, ,
0, ,-1, ,
0, ,-1, ,
1, ,1, ,
1, ,1, ,
-2, ,-2, ,
2, ,2, ,
-1, ,-1, ,
0, ,-1, ,
1, ,1, ,
1, ,-1, ,
-1, ,-2, ,
2, ,1, ,
-1, ,-1, ,
0, ,-1, ,
1, ,1, ,
0, ,-1, ,
-2, ,-2, ,
2, ,2, ,
-1, ,-1, ,
-1, ,-1, ,
1, ,2, ,
1, ,1, ,
-2, ,-2, ,
2, ,1, ,
-1, ,-1, ,
0, ,-1, ,
1, ,1, ,
1, ,1, ,
-2, ,-2, ,
2, ,2, ,
-1, ,-1, ,
-1, ,-1, ,
1, ,1, ,
0, ,1, ,
-3, ,-2, ,
2, ,1, ,
-1, ,-1, ,
0, ,-1, ,
1, ,1, ,
1, ,1, ,
-2, ,-2, ,
2, ,1, ,
-2, ,-1, ,
-1, ,-1, ,
1, ,1, ,
1, ,1, ,
-1, ,-2, ,
2, ,1, ,
-1, ,-1, ,
0, ,-1, ,
0, ,1, ,
1, ,1, ,
-1, ,-2, ,
2, ,2, ,
-1, ,-1, ,
-1, ,-1, ,
1, ,1, ,
1, ,1, ,
-1, ,-2, ,
3, ,1, ,
-1, ,-1, ,
0, ,-1, ,
1, ,1, ,
1, ,1, ,
-2, ,-2, ,
2, ,2, ,
-1, ,-1, ,
-1, ,-1, ,
1, ,1, ,
1, ,-1, ,
-2, ,-2, ,
2, ,1, ,
-1, ,-1, ,
0, ,-1, ,
1, ,-1, ,
1, ,-1, ,
-2, ,-2, ,
2, ,1, ,
-1, ,-1, ,
0, ,-1, ,
2, ,1, ,
1, ,1, ,
-1, ,-2, ,
2, ,2, ,
-1, ,-1, ,
0, ,-1, ,
1, ,1, ,
1, ,1, ,
-2, ,-2, ,
2, ,1, ,
-1, ,-1, ,
0, ,-1, ,
0, ,1, ,
0, ,1, ,
-2, ,-2, ,
2, ,1, ,
-1, ,-1, ,
0, ,1, ,
1, ,1, ,
1, ,1, ,
-2, ,-2, ,
2, ,2, ,
-1, ,-1, ,
-1, ,-1, ,
1, ,1, ,
1, ,1, ,
-2, ,-2, ,
2, ,1, ,
-2, ,-1, ,
0, ,-1, ,
1, ,1, ,
1, ,-1, ,
-2, ,-2, ,
2, ,2, ,
-1, ,-1, ,
0, ,-1, ,
2, ,2, ,
1, ,1, ,
-2, ,-2, ,
2, ,1, ,
-1, ,-1, ,
1, ,-1, ,
2, ,1, ,
1, ,1, ,
-2, ,-2, ,
2, ,2, ,
-1, ,-1, ,
-1, ,-1, ,
1, ,2, ,
2, ,1, ,
-1, ,-2, ,
2, ,1, ,
-1, ,-1, ,
0, ,-1, ,
1, ,1, ,
0, ,-1, ,
-2, ,-2, ,
2, ,2, ,
-1, ,-1, ,
0, ,-1, ,
1, ,1, ,
1, ,1, ,
-2, ,-2, ,
2, ,1, ,
-1, ,-1, ,
0, ,-1, ,
0, ,2, ,
1, ,1, ,
-2, ,-2, ,
2, ,2, ,
-1, ,-1, ,
0, ,-1, ,
1, ,1, ,
0, ,-1, ,
-2, ,-2, ,
2, ,1, ,
-1, ,-1, ,
0, ,1, ,
0, ,2, ,
0, ,1, ,
-3, ,-2, ,
1, ,1, ,
-1, ,-1, ,
0, ,-1, ,
2, ,2, ,
1, ,1, ,
-1, ,-2, ,
2, ,2, ,
-1, ,-1, ,
0, ,-1, ,
1, ,1, ,
1, ,1, ,
-1, ,-2, ,
3, ,1, ,
-1, ,-1, ,
-1, ,-1, ,
1, ,1, ,
1, ,1, ,
-3, ,-2, ,
2, ,1, ,
-1, ,-1, ,
0, ,-1, ,
1, ,1, ,
1, ,1, ,
-2, ,-2, ,
2, ,2, ,
-1, ,-2, ,
-1, ,-1, ,
1, ,1, ,
1, ,1, ,
-1, ,-2, ,
2, ,2, ,
-1, ,-1, ,
0, ,-1, ,
1, ,1, ,
1, ,1, ,
-2, ,-2, ,
2, ,1, ,
-1, ,-2, ,
0, ,-1, ,
1, ,2, ,
2, ,-1, ,
-2, ,-2, ,
2, ,1, ,
0, ,-1, ,
0, ,-1, ,
1, ,1, ,
0, ,1, ,
-1, ,-2, ,
2, ,2, ,
0, ,-1, ,
0, ,-1, ,
1, ,-1, ,
0, ,1, ,
-2, ,-2, ,
2, ,1, ,
-1, ,-1, ,
0, ,1, ,
1, ,1, ,
1, ,-1, ,
-2, ,-1, ,
2, ,1, ,
-1, ,-1, ,
-1, ,-1, ,
1, ,1, ,
1, ,1, ,
-1, ,-2, ,
3, ,2, ,
-1, ,-1, ,
0, ,-1, ,
1, ,1, ,
1, ,1, ,
-2, ,-2, ,
3, ,2, ,
-1, ,-1, ,
0, ,-1, ,
2, ,2, ,
1, ,1, ,
-1, ,-2, ,
2, ,2, ,
-1, ,-1, ,
0, ,-2, ,
1, ,1, ,
1, ,1, ,
-1, ,-2, ,
2, ,2, ,
-1, ,-1, ,
0, ,-1, ,
1, ,1, ,
0, ,1, ,
-2, ,-2, ,
3, ,1, ,
-1, ,-1, ,
1, ,-1, ,
1, ,1, ,
0, ,1, ,
-1, ,-2, ,
2, ,1, ,
-1, ,-1, ,
-1, ,-1, ,
1, ,1, ,
2, ,1, ,
-1, ,-2, ,
2, ,1, ,
-1, ,-1, ,
-1, ,-1, ,
1, ,1, ,
1, ,1, ,
-1, ,-2, ,
3, ,2, ,
-1, ,-1, ,
0, ,-1, ,
0, ,2, ,
0, ,1, ,
-2, ,-2, ,
2, ,1, ,
-1, ,-1, ,
0, ,-1, ,
1, ,1, ,
1, ,1, ,
-1, ,-2, ,
2, ,2, ,
-2, ,-1, ,
0, ,-1, ,
1, ,1, ,
1, ,1, ,
-2, ,-2, ,
2, ,1, ,
-1, ,-1, ,
0, ,1, ,
1, ,1, ,
0, ,1, ,
-2, ,-2, ,
1, ,2, ,
0, ,-1, ,
0, ,-1, ,
1, ,1, ,
1, ,1, ,
-2, ,-2, ,
2, ,1, ,
-1, ,-1, ,
0, ,-1, ,
-1, ,1, ,
1, ,1, ,
-2, ,-2, ,
2, ,1, ,
-1, ,-1, ,
0, ,-1, ,
1, ,2, ,
1, ,1, ,
-2, ,-2, ,
2, ,1, ,
-1, ,-2, ,
0, ,-1, ,
1, ,1, ,
1, ,1, ,
-2, ,-2, ,
1, ,2, ,
-2, ,-1, ,
0, ,-1, ,
1, ,1, ,
2, ,1, ,
-2, ,-2, ,
1, ,1, ,
-2, ,-1, ,
0, ,-1, ,
1, ,1, ,
1, ,1, ,
-3, ,-2, ,
2, ,2, ,
-1, ,-1, ,
0, ,-1, ,
2, ,1, ,
1, ,1, ,
-2, ,-2, ,
2, ,2, ,
-1, ,-1, ,
0, ,-1, ,
1, ,1, ,
1, ,1, ,
-2, ,-2, ,
2, ,1, ,
-1, ,-1, ,
0, ,-1, ,
1, ,1, ,
1, ,-1, ,
-2, ,-2, ,
2, ,1, ,
-1, ,-1, ,
1, ,-1, ,
1, ,1, ,
0, ,1, ,
-1, ,-2, ,
2, ,1, ,
-1, ,-1, ,
0, ,-1, ,
2, ,1, ,
1, ,1, ,
-1, ,-2, ,
3, ,1, ,
-1, ,-1, ,
0, ,-1, ,
1, ,1, ,
1, ,1, ,
-2, ,-2, ,
3, ,1, ,
-1, ,-1, ,
1, ,-1, ,
2, ,1, ,
1, ,1, ,
-2, ,-2, ,
1, ,1, ,
-1, ,-1, ,
1, ,-1, ,
2, ,1, ,
0, ,1, ,
-3, ,-2, ,
2, ,1, ,
-1, ,-1, ,
0, ,-1, ,
1, ,1, ,
2, ,1, ,
-2, ,-2, ,
3, ,1, ,
-1, ,-1, ,
0, ,-1, ,
1, ,1, ,
0, ,1, ,
-2, ,-2, ,
3, ,1, ,
-1, ,-1, ,
0, ,-1, ,
2, ,1, ,
1, ,1, ,
-2, ,-2, ,
1, ,2, ,
-2, ,-1, ,
0, ,-1, ,
1, ,1, ,
1, ,1, ,
-2, ,-2, ,
3, ,2, ,
-1, ,-1, ,
-1, ,-1, ,
2, ,1, ,
1, ,1, ,
-2, ,-2, ,
1, ,1, ,
-1, ,-1, ,
1, ,1, ,
2, ,1, ,
2, ,1, ,
-2, ,-2, ,
1, ,2, ,
-1, ,-1, ,
0, ,-1, ,
1, ,1, ,
1, ,1, ,
-1, ,-2, ,
1, ,2, ,
-2, ,-1, ,
1, ,-1, ,
1, ,1, ,
0, ,1, ,
-2, ,-2, ,
3, ,2, ,
-1, ,-1, ,
0, ,1, ,
1, ,1, ,
0, ,-1, ,
-2, ,-2, ,
2, ,1, ,
-2, ,-1, ,
1, ,1, ,
1, ,1, ,
1, ,1, ,
-2, ,-2, ,
2, ,2, ,
-1, ,-1, ,
0, ,1, ,
1, ,3, ,
-7, ,81, ,
-9, ,49, ,
-1, ,33, ,
-4, ,21, ,
-3, ,14, ,
0, ,10, ,
0, ,7, ,
-3, ,5, ,
3, ,6, ,
-1, ,3, ,
-1, ,2, ,
2, ,3, ,
1, ,2, ,
-2, ,1, ,
2, ,3, ,
-1, ,2, ,
1, ,2, ,
1, ,2, ,
1, ,3, ,
-2, ,1, ,
2, ,3, ,
-1, ,2, ,
0, ,2, ,
1, ,3, ,
1, ,2, ,
-2, ,1, ,
2, ,6, ,
-1, ,7, ,
0, ,7, ,
1, ,6, ,
0, ,6, ,
-2, ,2, ,
2, ,5, ,
-1, ,2, ,
1, ,2, ,
1, ,2, ,
1, ,3, ,
-1, ,1, ,
2, ,3, ,
0, ,2, ,
0, ,1, ,
1, ,2, ,
0, ,3, ,
-2, ,1, ,
3, ,3, ,
-1, ,1, ,
0, ,2, ,
1, ,3, ,
0, ,2, ,
-2, ,1, ,
1, ,3, ,
-1, ,2, ,
1, ,2, ,
1, ,3, ,
1, ,3, ,
-2, ,1, ,
2, ,3, ,
-1, ,1, ,
1, ,2, ,
2, ,2, ,
1, ,3, ,
-2, ,1, ,
2, ,2, ,
-1, ,1, ,
1, ,2, ,
1, ,2, ,
1, ,2, ,
-2, ,1, ,
2, ,3, ,
-1, ,1, ,
0, ,1, ,
2, ,2, ,
1, ,2, ,
-1, ,1, ,
2, ,3, ,
-1, ,1, ,
1, ,2, ,
1, ,2, ,
1, ,2, ,
-2, ,1, ,
2, ,3, ,
-1, ,1, ,
0, ,2, ,
2, ,2, ,
1, ,2, ,
-2, ,1, ,
2, ,3, ,
-1, ,2, ,
0, ,2, ,
1, ,2, ,
1, ,2, ,
-2, ,1, ,
2, ,3, ,
-2, ,1, ,
0, ,2, ,
2, ,2, ,
1, ,2, ,
-2, ,-1, ,
2, ,2, ,
-1, ,2, ,
0, ,2, ,
1, ,3, ,
0, ,2, ,
-2, ,-1, ,
2, ,3, ,
-1, ,1, ,
0, ,2, ,
2, ,2, ,
1, ,2, ,
-2, ,1, ,
1, ,3, ,
-1, ,1, ,
1, ,2, ,
1, ,3, ,
1, ,2, ,
-2, ,1, ,
2, ,5, ,
-1, ,1, ,
0, ,2, ,
1, ,3, ,
1, ,2, ,
-1, ,-1, ,
1, ,2, ,
-1, ,1, ,
1, ,2, ,
1, ,2, ,
0, ,2, ,
-2, ,-1, ,
3, ,3, ,
-1, ,1, ,
0, ,2, ,
2, ,3, ,
1, ,2, ,
-2, ,-1, ,
2, ,3, ,
-1, ,1, ,
1, ,2, ,
1, ,3, ,
1, ,2, ,
-2, ,1, ,
2, ,3, ,
-1, ,1, ,
1, ,2, ,
2, ,2, ,
1, ,2, ,
-2, ,-1, ,
2, ,3, ,
0, ,1, ,
1, ,2, ,
1, ,3, ,
1, ,2, ,
-2, ,-1, ,
1, ,3, ,
-1, ,1, ,
0, ,2, ,
1, ,3, ,
1, ,2, ,
-1, ,-1, ,
2, ,2, ,
-1, ,1, ,
0, ,2, ,
1, ,2, ,
1, ,2, ,
-2, ,-1, ,
3, ,3, ,
-1, ,1, ,
0, ,1, ,
2, ,2, ,
1, ,2, ,
-2, ,-1, ,
2, ,2, ,
-1, ,1, ,
1, ,1, ,
1, ,2, ,
1, ,2, ,
-1, ,-1, ,
2, ,3, ,
-1, ,1, ,
0, ,1, ,
2, ,2, ,
1, ,1, ,
-2, ,-1, ,
3, ,2, ,
-1, ,1, ,
1, ,1, ,
1, ,2, ,
1, ,2, ,
-2, ,-1, ,
2, ,3, ,
-1, ,1, ,
0, ,2, ,
1, ,2, ,
1, ,1, ,
-1, ,-1, ,
2, ,2, ,
0, ,1, ,
1, ,1, ,
1, ,2, ,
1, ,1, ,
-2, ,-1, ,
2, ,3, ,
-1, ,1, ,
-1, ,1, ,
1, ,2, ,
-1, ,2, ,
-3, ,-1, ,
2, ,2, ,
1, ,1, ,
2, ,2, ,
1, ,2, ,
0, ,2, ,
-2, ,-1, ,
2, ,3, ,
-1, ,1, ,
0, ,1, ,
1, ,2, ,
1, ,1, ,
-1, ,-1, ,
2, ,3, ,
-1, ,1, ,
1, ,1, ,
1, ,2, ,
0, ,2, ,
-2, ,-1, ,
2, ,3, ,
0, ,1, ,
-1, ,1, ,
2, ,3, ,
1, ,2, ,
-2, ,-1, ,
2, ,2, ,
-2, ,1, ,
0, ,1, ,
1, ,2, ,
1, ,1, ,
-2, ,-1, ,
2, ,3, ,
-2, ,1, ,
-1, ,1, ,
2, ,3, ,
1, ,2, ,
-1, ,-1, ,
2, ,3, ,
-1, ,1, ,
0, ,1, ,
1, ,2, ,
1, ,1, ,
-2, ,-1, ,
3, ,2, ,
-1, ,1, ,
1, ,1, ,
2, ,3, ,
1, ,1, ,
-2, ,-1, ,
2, ,2, ,
0, ,1, ,
1, ,1, ,
1, ,2, ,
1, ,2, ,
-2, ,-1, ,
3, ,2, ,
0, ,1, ,
0, ,1, ,
2, ,2, ,
1, ,1, ,
-2, ,-1, ,
2, ,2, ,
0, ,1, ,
1, ,1, ,
2, ,2, ,
1, ,1, ,
-2, ,-1, ,
2, ,2, ,
-1, ,-1, ,
0, ,1, ,
1, ,2, ,
2, ,1, ,
-1, ,-1, ,
3, ,2, ,
-1, ,1, ,
1, ,1, ,
1, ,2, ,
0, ,1, ,
-2, ,-1, ,
2, ,3, ,
-1, ,1, ,
0, ,1, ,
2, ,2, ,
1, ,1, ,
-2, ,-1, ,
2, ,2, ,
-1, ,1, ,
1, ,1, ,
1, ,2, ,
1, ,1, ,
-2, ,-1, ,
2, ,2, ,
-1, ,1, ,
0, ,1, ,
2, ,2, ,
1, ,1, ,
-2, ,-1, ,
2, ,3, ,
-1, ,-1, ,
0, ,1, ,
1, ,2, ,
1, ,1, ,
-2, ,-1, ,
3, ,2, ,
-1, ,1, ,
0, ,-1, ,
1, ,3, ,
1, ,1, ,
-1, ,-2, ,
2, ,1, ,
-1, ,1, ,
0, ,1, ,
1, ,2, ,
0, ,2, ,
-2, ,-1, ,
3, ,2, ,
-1, ,-1, ,
0, ,1, ,
2, ,1, ,
0, ,1, ,
-1, ,-1, ,
3, ,3, ,
-1, ,1, ,
1, ,1, ,
1, ,2, ,
1, ,2, ,
-2, ,-1, ,
3, ,3, ,
-1, ,1, ,
-1, ,1, ,
1, ,1, ,
1, ,1, ,
-2, ,-2, ,
2, ,2, ,
-1, ,-1, ,
0, ,1, ,
1, ,2, ,
0, ,1, ,
-3, ,-1, ,
2, ,2, ,
-1, ,-1, ,
-1, ,1, ,
2, ,2, ,
1, ,1, ,
-2, ,-1, ,
2, ,2, ,
-1, ,1, ,
0, ,1, ,
0, ,2, ,
0, ,2, ,
-2, ,-1, ,
1, ,3, ,
-1, ,-1, ,
0, ,-1, ,
1, ,2, ,
1, ,2, ,
-3, ,-1, ,
1, ,2, ,
-2, ,1, ,
0, ,1, ,
1, ,2, ,
0, ,1, ,
-2, ,-1, ,
2, ,2, ,
-2, ,1, ,
-1, ,1, ,
1, ,2, ,
1, ,1, ,
-1, ,-1, ,
2, ,2, ,
-1, ,-1, ,
0, ,1, ,
1, ,2, ,
0, ,1, ,
-2, ,-1, ,
3, ,3, ,
-1, ,-1, ,
0, ,1, ,
2, ,2, ,
0, ,1, ,
-2, ,-1, ,
1, ,2, ,
-2, ,-1, ,
0, ,-1, ,
1, ,2, ,
1, ,1, ,
-2, ,-1, ,
2, ,2, ,
-1, ,-1, ,
0, ,-1, ,
2, ,2, ,
1, ,1, ,
-1, ,-1, ,
2, ,2, ,
-1, ,1, ,
1, ,1, ,
1, ,2, ,
1, ,2, ,
-2, ,-1, ,
3, ,3, ,
-1, ,-1, ,
0, ,1, ,
2, ,1, ,
2, ,1, ,
-1, ,-2, ,
2, ,2, ,
-1, ,-1, ,
1, ,1, ,
2, ,2, ,
1, ,1, ,
-2, ,-1, ,
3, ,2, ,
-1, ,-1, ,
1, ,1, ,
2, ,2, ,
1, ,1, ,
-2, ,-1, ,
2, ,1, ,
-1, ,-1, ,
1, ,1, ,
2, ,2, ,
1, ,1, ,
-1, ,-1, ,
2, ,2, ,
-1, ,-1, ,
0, ,-1, ,
2, ,1, ,
2, ,1, ,
-1, ,-1, ,
2, ,2, ,
-1, ,1, ,
1, ,1, ,
1, ,2, ,
1, ,1, ,
-2, ,-2, ,
3, ,2, ,
0, ,-1, ,
0, ,1, ,
2, ,2, ,
0, ,1, ,
-1, ,-1, ,
2, ,2, ,
-1, ,-1, ,
0, ,-1, ,
1, ,2, ,
2, ,1, ,
-1, ,-1, ,
2, ,3, ,
-1, ,-1, ,
-1, ,-1, ,
1, ,2, ,
1, ,1, ,
-2, ,-2, ,
2, ,2, ,
-1, ,-1, ,
0, ,1, ,
1, ,2, ,
0, ,1, ,
-2, ,-2, ,
2, ,2, ,
-1, ,-1, ,
0, ,-1, ,
1, ,2, ,
0, ,1, ,
-2, ,-2, ,
2, ,2, ,
-1, ,1, ,
0, ,1, ,
1, ,2, ,
-1, ,1, ,
-3, ,-2, ,
2, ,2, ,
-1, ,1, ,
0, ,1, ,
2, ,2, ,
1, ,1, ,
-2, ,-1, ,
1, ,2, ,
-1, ,-1, ,
1, ,1, ,
1, ,1, ,
1, ,1, ,
-2, ,-2, ,
1, ,2, ,
-1, ,-1, ,
0, ,1, ,
2, ,2, ,
1, ,1, ,
-2, ,-1, ,
2, ,2, ,
-2, ,-1, ,
0, ,1, ,
0, ,2, ,
1, ,2, ,
-2, ,-1, ,
2, ,2, ,
-1, ,-1, ,
0, ,-1, ,
1, ,2, ,
1, ,1, ,
-2, ,-2, ,
1, ,2, ,
-1, ,-1, ,
1, ,-1, ,
1, ,1, ,
0, ,1, ,
-2, ,-1, ,
2, ,2, ,
-2, ,-1, ,
-1, ,-1, ,
2, ,2, ,
2, ,1, ,
-2, ,-2, ,
2, ,2, ,
-1, ,-1, ,
0, ,1, ,
1, ,2, ,
1, ,1, ,
-1, ,-1, ,
2, ,2, ,
-1, ,-1, ,
1, ,1, ,
2, ,2, ,
1, ,1, ,
-2, ,-2, ,
3, ,2, ,
-1, ,-1, ,
0, ,-1, ,
1, ,1, ,
0, ,1, ,
-2, ,-2, ,
2, ,2, ,
0, ,-1, ,
0, ,1, ,
2, ,2, ,
1, ,1, ,
-2, ,-2, ,
2, ,2, ,
-1, ,-1, ,
1, ,1, ,
2, ,2, ,
1, ,1, ,
-2, ,-2, ,
1, ,2, ,
-2, ,-1, ,
0, ,1, ,
2, ,2, ,
2, ,1, ,
-2, ,-2, ,
2, ,2, ,
-1, ,-1, ,
0, ,-1, ,
1, ,1, ,
1, ,-1, ,
-2, ,-2, ,
2, ,2, ,
-1, ,-1, ,
1, ,1, ,
2, ,2, ,
1, ,1, ,
-2, ,-2, ,
2, ,1, ,
-1, ,-1, ,
1, ,1, ,
1, ,1, ,
1, ,1, ,
-2, ,-1, ,
2, ,2, ,
-1, ,-1, ,
0, ,-1, ,
1, ,2, ,
1, ,1, ,
-1, ,-2, ,
2, ,2, ,
-1, ,-1, ,
0, ,-1, ,
1, ,2, ,
0, ,1, ,
-2, ,-2, ,
2, ,2, ,
-2, ,-1, ,
0, ,1, ,
2, ,1, ,
1, ,1, ,
-2, ,-2, ,
2, ,1, ,
-1, ,-1, ,
0, ,1, ,
1, ,2, ,
1, ,1, ,
-2, ,-1, ,
2, ,2, ,
-1, ,-1, ,
0, ,1, ,
2, ,2, ,
0, ,1, ,
-2, ,-2, ,
1, ,1, ,
-1, ,-1, ,
1, ,1, ,
1, ,2, ,
1, ,1, ,
-2, ,-1, ,
2, ,2, ,
-1, ,-1, ,
0, ,-1, ,
1, ,2, ,
1, ,1, ,
-1, ,-2, ,
2, ,2, ,
-1, ,-1, ,
0, ,1, ,
1, ,2, ,
0, ,-1, ,
-2, ,-2, ,
3, ,2, ,
-1, ,-1, ,
0, ,-1, ,
2, ,1, ,
1, ,1, ,
-1, ,-2, ,
1, ,2, ,
-1, ,-1, ,
0, ,1, ,
1, ,2, ,
1, ,1, ,
-1, ,-2, ,
3, ,2, ,
-1, ,-1, ,
0, ,1, ,
2, ,2, ,
1, ,1, ,
-2, ,-2, ,
2, ,2, ,
-1, ,-1, ,
0, ,-1, ,
1, ,2, ,
1, ,1, ,
-2, ,-1, ,
2, ,2, ,
-2, ,-1, ,
0, ,-1, ,
2, ,1, ,
1, ,1, ,
-2, ,-2, ,
2, ,2, ,
-1, ,-1, ,
1, ,1, ,
1, ,1, ,
0, ,1, ,
-2, ,-2, ,
3, ,1, ,
0, ,-1, ,
0, ,-1, ,
2, ,2, ,
1, ,1, ,
-2, ,-2, ,
2, ,2, ,
-1, ,-1, ,
0, ,1, ,
1, ,2, ,
1, ,75, ,
-2, ,49, ,
2, ,32, ,
-2, ,21, ,
0, ,14, ,
2, ,10, ,
1, ,7, ,
-2, ,3, ,
2, ,5, ,
-1, ,3, ,
0, ,2, ,
1, ,3, ,
1, ,2, ,
-2, ,1, ,
2, ,3, ,
0, ,2, ,
0, ,2, ,
3, ,2, ,
1, ,3, ,
-2, ,1, ,
2, ,3, ,
-1, ,1, ,
0, ,2, ,
1, ,2, ,
1, ,3, ,
-2, ,1, ,
2, ,3, ,
-1, ,1, ,
-1, ,2, ,
2, ,2, ,
1, ,2, ,
-2, ,1, ,
2, ,3, ,
-1, ,1, ,
0, ,2, ,
1, ,3, ,
1, ,2, ,
-2, ,1, ,
2, ,3, ,
-2, ,1, ,
-1, ,2, ,
2, ,3, ,
1, ,2, ,
-2, ,1, ,
2, ,3, ,
-1, ,1, ,
0, ,2, ,
1, ,2, ,
1, ,2, ,
-2, ,1, ,
2, ,3, ,
-1, ,2, ,
1, ,2, ,
1, ,2, ,
1, ,2, ,
-2, ,-1, ,
2, ,3, ,
-1, ,1, ,
1, ,2, ,
1, ,3, ,
0, ,2, ,
-2, ,1, ,
2, ,3, ,
-1, ,1, ,
0, ,2, ,
2, ,3, ,
1, ,2, ,
-2, ,-1, ,
2, ,3, ,
-1, ,1, ,
-1, ,2, ,
0, ,3, ,
0, ,2, ,
-2, ,1, ,
2, ,3, ,
-1, ,1, ,
1, ,2, ,
1, ,3, ,
1, ,2, ,
-2, ,-1, ,
1, ,3, ,
-1, ,2, ,
0, ,2, ,
1, ,2, ,
1, ,1, ,
-2, ,-1, ,
2, ,3, ,
-1, ,1, ,
0, ,2, ,
2, ,3, ,
1, ,2, ,
-2, ,-1, ,
2, ,3, ,
-1, ,1, ,
1, ,2, ,
1, ,3, ,
1, ,2, ,
-2, ,1, ,
2, ,5, ,
-2, ,1, ,
-1, ,2, ,
1, ,2, ,
2, ,2, ,
-2, ,-1, ,
2, ,2, ,
-1, ,1, ,
0, ,1, ,
1, ,3, ,
0, ,2, ,
-2, ,-1, ,
2, ,3, ,
-1, ,1, ,
1, ,1, ,
2, ,3, ,
2, ,2, ,
-1, ,-1, ,
2, ,3, ,
-1, ,1, ,
0, ,1, ,
1, ,2, ,
1, ,2, ,
-1, ,-1, ,
3, ,3, ,
-1, ,1, ,
0, ,1, ,
2, ,2, ,
1, ,2, ,
-2, ,-1, ,
2, ,3, ,
-1, ,1, ,
1, ,2, ,
1, ,2, ,
1, ,2, ,
-2, ,-1, ,
2, ,3, ,
-1, ,1, ,
0, ,1, ,
2, ,3, ,
1, ,2, ,
-2, ,-1, ,
2, ,3, ,
-1, ,1, ,
1, ,2, ,
1, ,3, ,
1, ,2, ,
-2, ,-1, ,
2, ,3, ,
-1, ,1, ,
1, ,2, ,
2, ,2, ,
1, ,1, ,
-2, ,-1, ,
1, ,2, ,
-1, ,1, ,
1, ,1, ,
1, ,2, ,
1, ,2, ,
-2, ,1, ,
2, ,3, ,
-2, ,1, ,
-1, ,1, ,
2, ,3, ,
2, ,2, ,
-1, ,-1, ,
2, ,2, ,
0, ,1, ,
0, ,1, ,
1, ,2, ,
1, ,2, ,
-2, ,-1, ,
2, ,3, ,
-1, ,1, ,
0, ,1, ,
2, ,2, ,
1, ,1, ,
-2, ,-1, ,
1, ,2, ,
-1, ,1, ,
0, ,1, ,
1, ,2, ,
1, ,1, ,
-2, ,1, ,
2, ,3, ,
-1, ,1, ,
0, ,2, ,
1, ,2, ,
1, ,1, ,
-2, ,1, ,
1, ,3, ,
-1, ,1, ,
0, ,1, ,
1, ,2, ,
1, ,2, ,
-2, ,-1, ,
2, ,3, ,
-1, ,1, ,
0, ,1, ,
1, ,2, ,
1, ,1, ,
-2, ,-1, ,
2, ,3, ,
-1, ,1, ,
0, ,2, ,
1, ,2, ,
0, ,2, ,
-2, ,-1, ,
2, ,3, ,
-1, ,1, ,
0, ,2, ,
1, ,2, ,
1, ,2, ,
-2, ,-1, ,
1, ,2, ,
-1, ,1, ,
1, ,1, ,
1, ,2, ,
1, ,1, ,
-2, ,-1, ,
2, ,3, ,
-2, ,1, ,
-1, ,1, ,
2, ,3, ,
1, ,1, ,
-1, ,-1, ,
2, ,2, ,
-1, ,1, ,
1, ,1, ,
1, ,2, ,
1, ,1, ,
-2, ,-1, ,
2, ,3, ,
-2, ,1, ,
0, ,1, ,
2, ,2, ,
1, ,1, ,
-2, ,-1, ,
2, ,2, ,
-1, ,1, ,
0, ,1, ,
1, ,3, ,
1, ,2, ,
-1, ,-1, ,
2, ,3, ,
-1, ,1, ,
0, ,1, ,
2, ,2, ,
1, ,1, ,
-1, ,-1, ,
2, ,2, ,
0, ,1, ,
-5, ,1, ,
-2, ,2, ,
-4, ,1, ,
-3, ,-1, ,
2, ,2, ,
-4, ,1, ,
-1, ,1, ,
1, ,2, ,
1, ,1, ,
-2, ,-1, ,
2, ,2, ,
-1, ,1, ,
1, ,1, ,
1, ,2, ,
0, ,1, ,
-1, ,-1, ,
2, ,3, ,
-1, ,1, ,
0, ,1, ,
1, ,2, ,
1, ,1, ,
-2, ,-1, ,
1, ,2, ,
-1, ,1, ,
1, ,1, ,
2, ,2, ,
1, ,2, ,
-2, ,-1, ,
2, ,2, ,
-1, ,1, ,
0, ,1, ,
1, ,2, ,
1, ,1, ,
-1, ,-1, ,
2, ,2, ,
-1, ,1, ,
0, ,1, ,
1, ,2, ,
1, ,2, ,
-2, ,-1, ,
2, ,2, ,
-1, ,-1, ,
0, ,1, ,
1, ,1, ,
1, ,1, ,
-2, ,-1, ,
1, ,2, ,
-2, ,-1, ,
0, ,-1, ,
1, ,2, ,
0, ,1, ,
-2, ,-1, ,
2, ,3, ,
-1, ,-1, ,
0, ,1, ,
1, ,1, ,
1, ,1, ,
-2, ,-1, ,
1, ,1, ,
-1, ,-1, ,
0, ,-1, ,
1, ,2, ,
0, ,2, ,
-2, ,-1, ,
2, ,3, ,
-1, ,-1, ,
0, ,1, ,
2, ,2, ,
1, ,1, ,
-1, ,-1, ,
1, ,2, ,
-1, ,-1, ,
0, ,1, ,
1, ,2, ,
0, ,1, ,
-2, ,-1, ,
3, ,2, ,
0, ,1, ,
0, ,1, ,
0, ,2, ,
0, ,1, ,
-2, ,-1, ,
1, ,2, ,
-2, ,-1, ,
0, ,1, ,
1, ,2, ,
1, ,1, ,
-2, ,-1, ,
2, ,3, ,
-1, ,1, ,
0, ,-1, ,
1, ,1, ,
1, ,1, ,
-2, ,-1, ,
2, ,2, ,
-1, ,-1, ,
1, ,1, ,
1, ,1, ,
0, ,1, ,
-1, ,-1, ,
2, ,3, ,
-1, ,1, ,
0, ,1, ,
1, ,2, ,
1, ,1, ,
-1, ,-1, ,
2, ,1, ,
-1, ,-1, ,
1, ,-1, ,
1, ,1, ,
1, ,1, ,
-2, ,-1, ,
2, ,2, ,
-1, ,1, ,
0, ,1, ,
2, ,2, ,
1, ,2, ,
-1, ,-1, ,
1, ,2, ,
-1, ,1, ,
1, ,1, ,
1, ,2, ,
1, ,1, ,
-1, ,-1, ,
3, ,3, ,
-1, ,1, ,
0, ,1, ,
1, ,2, ,
1, ,1, ,
-2, ,-1, ,
2, ,2, ,
-1, ,1, ,
0, ,1, ,
1, ,2, ,
0, ,1, ,
-2, ,-1, ,
2, ,2, ,
-1, ,1, ,
0, ,1, ,
2, ,2, ,
1, ,1, ,
-2, ,-1, ,
2, ,2, ,
-1, ,1, ,
1, ,-1, ,
1, ,2, ,
2, ,1, ,
-1, ,1, ,
2, ,2, ,
-1, ,1, ,
1, ,1, ,
2, ,2, ,
1, ,1, ,
-2, ,-1, ,
2, ,2, ,
0, ,1, ,
1, ,1, ,
1, ,2, ,
1, ,1, ,
-2, ,1, ,
2, ,3, ,
-1, ,1, ,
0, ,-1, ,
2, ,2, ,
1, ,1, ,
-1, ,-1, ,
2, ,2, ,
-1, ,1, ,
1, ,1, ,
1, ,2, ,
1, ,1, ,
-2, ,-1, ,
2, ,2, ,
0, ,1, ,
1, ,-1, ,
2, ,2, ,
2, ,1, ,
-1, ,-1, ,
1, ,3, ,
-1, ,1, ,
1, ,-1, ,
1, ,1, ,
2, ,1, ,
-2, ,-1, ,
1, ,2, ,
-2, ,1, ,
0, ,1, ,
1, ,2, ,
1, ,1, ,
-1, ,-1, ,
1, ,2, ,
-1, ,1, ,
0, ,-1, ,
1, ,2, ,
0, ,1, ,
-2, ,-1, ,
3, ,2, ,
-1, ,1, ,
0, ,-1, ,
1, ,3, ,
0, ,1, ,
-2, ,-1, ,
1, ,2, ,
-1, ,-1, ,
0, ,-1, ,
1, ,1, ,
0, ,2, ,
-2, ,-1, ,
2, ,2, ,
-1, ,1, ,
-1, ,1, ,
1, ,2, ,
2, ,1, ,
-1, ,-1, ,
2, ,2, ,
-1, ,1, ,
1, ,1, ,
1, ,2, ,
1, ,1, ,
-2, ,-1, ,
2, ,2, ,
-1, ,1, ,
0, ,1, ,
1, ,2, ,
1, ,1, ,
-1, ,-1, ,
2, ,2, ,
-1, ,1, ,
0, ,1, ,
1, ,2, ,
0, ,1, ,
-2, ,1, ,
3, ,2, ,
0, ,1, ,
0, ,1, ,
1, ,2, ,
1, ,1, ,
-2, ,-1, ,
2, ,2, ,
-1, ,1, ,
0, ,-1, ,
1, ,2, ,
0, ,1, ,
-2, ,-1, ,
2, ,2, ,
-1, ,1, ,
0, ,-1, ,
1, ,2, ,
2, ,1, ,
-1, ,-1, ,
2, ,2, ,
-2, ,1, ,
0, ,1, ,
1, ,1, ,
1, ,1, ,
-2, ,-1, ,
2, ,2, ,
-1, ,1, ,
0, ,1, ,
2, ,2, ,
1, ,1, ,
-3, ,-1, ,
1, ,2, ,
-1, ,1, ,
0, ,1, ,
1, ,2, ,
1, ,1, ,
-2, ,-1, ,
3, ,2, ,
-1, ,1, ,
0, ,1, ,
2, ,2, ,
1, ,1, ,
-2, ,-2, ,
2, ,1, ,
-1, ,1, ,
0, ,1, ,
1, ,2, ,
1, ,1, ,
-2, ,-1, ,
2, ,2, ,
-2, ,1, ,
-1, ,1, ,
1, ,2, ,
0, ,1, ,
-2, ,-2, ,
2, ,2, ,
-1, ,-1, ,
-1, ,-1, ,
1, ,2, ,
0, ,1, ,
-2, ,-1, ,
1, ,2, ,
-1, ,1, ,
1, ,1, ,
3, ,2, ,
2, ,1, ,
-2, ,-2, ,
1, ,2, ,
-2, ,-1, ,
0, ,1, ,
2, ,1, ,
1, ,2, ,
-1, ,-1, ,
2, ,2, ,
-2, ,1, ,
0, ,1, ,
2, ,2, ,
2, ,1, ,
-2, ,-2, ,
2, ,2, ,
-1, ,-1, ,
1, ,-1, ,
1, ,2, ,
1, ,1, ,
-2, ,-2, ,
2, ,1, ,
-1, ,-1, ,
0, ,1, ,
0, ,2, ,
1, ,1, ,
-2, ,-2, ,
2, ,1, ,
0, ,-1, ,
1, ,1, ,
1, ,2, ,
1, ,1, ,
-1, ,-1, ,
3, ,2, ,
-1, ,-1, ,
-1, ,-1, ,
1, ,2, ,
1, ,1, ,
-2, ,-2, ,
3, ,1, ,
-1, ,-1, ,
1, ,-1, ,
1, ,2, ,
1, ,1, ,
-1, ,-2, ,
2, ,2, ,
-1, ,-1, ,
0, ,-1, ,
2, ,2, ,
2, ,1, ,
-1, ,-1, ,
2, ,1, ,
-1, ,-1, ,
0, ,-1, ,
1, ,2, ,
1, ,1, ,
-2, ,-2, ,
3, ,1, ,
-1, ,-1, ,
0, ,1, ,
1, ,2, ,
1, ,1, ,
-2, ,-1, ,
2, ,2, ,
-1, ,-1, ,
1, ,-1, ,
2, ,2, ,
1, ,1, ,
-2, ,-1, ,
2, ,2, ,
-1, ,-1, ,
0, ,-1, ,
2, ,2, ,
1, ,1, ,
-2, ,-2, ,
2, ,1, ,
-1, ,-1, ,
1, ,-1, ,
1, ,2, ,
1, ,1, ,
-2, ,-2, ,
3, ,2, ,
0, ,-1, ,
-1, ,1, ,
1, ,2, ,
1, ,1, ,
-1, ,-2, ,
2, ,2, ,
-1, ,1, ,
0, ,1, ,
1, ,2, ,
1, ,1, ,
-1, ,-2, ,
2, ,2, ,
-1, ,-1, ,
0, ,-1, ,
2, ,2, ,
1, ,1, ,
-2, ,-2, ,
1, ,1, ,
-2, ,-1, ,
1, ,-1, ,
2, ,1, ,
2, ,1, ,
-1, ,-2, ,
2, ,2, ,
-1, ,-1, ,
-1, ,-1, ,
1, ,2, ,
1, ,1, ,
-1, ,-2, ,
2, ,2, ,
-1, ,-1, ,
0, ,-1, ,
1, ,1, ,
1, ,1, ,
-2, ,-2, ,
2, ,2, ,
0, ,-1, ,
0, ,-1, ,
1, ,2, ,
2, ,1, ,
-1, ,-2, ,
1, ,2, ,
-1, ,-1, ,
0, ,-1, ,
1, ,1, ,
0, ,1, ,
-2, ,-2, ,
3, ,2, ,
-2, ,-1, ,
0, ,-1, ,
1, ,2, ,
0, ,1, ,
-2, ,-2, ,
1, ,2, ,
-2, ,-1, ,
0, ,-1, ,
1, ,1, ,
0, ,1, ,
-2, ,-2, ,
2, ,2, ,
-2, ,-1, ,
-1, ,-1, ,
1, ,2, ,
1, ,1, ,
-1, ,-2, ,
2, ,2, ,
-2, ,-1, ,
-1, ,1, ,
1, ,2, ,
0, ,1, ,
-3, ,-2, ,
2, ,2, ,
-1, ,-1, ,
0, ,-1, ,
1, ,1, ,
0, ,1, ,
-3, ,-2, ,
2, ,1, ,
-1, ,-1, ,
0, ,-1, ,
1, ,2, ,
0, ,1, ,
-2, ,-1, ,
2, ,2, ,
-2, ,-1, ,
-1, ,-1, ,
0, ,2, ,
1, ,1, ,
-1, ,-2, ,
2, ,2, ,
-1, ,-1, ,
0, ,-1, ,
1, ,1, ,
0, ,1, ,
16, ,-2, ,
98, ,2, ,
60, ,-1, ,
41, ,-1, ,
29, ,2, ,
21, ,1, ,
14, ,-2, ,
13, ,2, ,
9, ,-1, ,
9, ,-1, ,
9, ,2, ,
8, ,1, ,
7, ,-2, ,
10, ,2, ,
8, ,-1, ,
7, ,-1, ,
9, ,2, ,
9, ,1, ,
6, ,-2, ,
9, ,2, ,
6, ,-1, ,
7, ,-1, ,
8, ,2, ,
7, ,1, ,
6, ,-2, ,
9, ,2, ,
6, ,-1, ,
6, ,1, ,
7, ,2, ,
8, ,1, ,
6, ,-2, ,
9, ,2, ,
6, ,-1, ,
6, ,1, ,
7, ,1, ,
7, ,1, ,
5, ,-2, ,
8, ,2, ,
6, ,-1, ,
6, ,-1, ,
7, ,2, ,
7, ,-1, ,
4, ,-2, ,
8, ,1, ,
5, ,-1, ,
6, ,-1, ,
8, ,1, ,
7, ,1, ,
5, ,-2, ,
8, ,2, ,
5, ,-1, ,
6, ,-1, ,
7, ,1, ,
7, ,1, ,
5, ,-2, ,
8, ,1, ,
5, ,-1, ,
6, ,-1, ,
6, ,1, ,
6, ,1, ,
4, ,-2, ,
8, ,1, ,
5, ,-1, ,
5, ,1, ,
7, ,2, ,
6, ,1, ,
4, ,-2, ,
7, ,1, ,
4, ,-1, ,
5, ,1, ,
5, ,2, ,
5, ,1, ,
4, ,-2, ,
7, ,2, ,
5, ,-1, ,
4, ,-1, ,
5, ,1, ,
6, ,1, ,
3, ,-2, ,
6, ,1, ,
4, ,-1, ,
4, ,-1, ,
5, ,2, ,
5, ,1, ,
4, ,-2, ,
6, ,2, ,
3, ,-1, ,
3, ,-1, ,
5, ,2, ,
5, ,1, ,
3, ,-2, ,
6, ,2, ,
4, ,-1, ,
4, ,-1, ,
4, ,1, ,
4, ,1, ,
3, ,-2, ,
6, ,2, ,
3, ,-1, ,
4, ,-1, ,
5, ,2, ,
4, ,1, ,
2, ,-2, ,
6, ,1, ,
4, ,-1, ,
4, ,-1, ,
6, ,1, ,
4, ,1, ,
1, ,-2, ,
6, ,2, ,
3, ,-1, ,
3, ,-1, ,
5, ,2, ,
5, ,-1, ,
2, ,-2, ,
5, ,2, ,
4, ,-1, ,
4, ,1, ,
4, ,2, ,
4, ,1, ,
2, ,-2, ,
5, ,2, ,
3, ,-1, ,
3, ,-1, ,
6, ,2, ,
5, ,1, ,
2, ,-2, ,
5, ,2, ,
3, ,-1, ,
3, ,-1, ,
4, ,1, ,
4, ,1, ,
1, ,-2, ,
5, ,2, ,
3, ,-1, ,
3, ,-1, ,
5, ,2, ,
4, ,1, ,
2, ,-2, ,
5, ,1, ,
3, ,-1, ,
4, ,-1, ,
5, ,2, ,
4, ,1, ,
1, ,-2, ,
5, ,2, ,
2, ,-1, ,
2, ,-1, ,
4, ,2, ,
4, ,1, ,
2, ,-2, ,
6, ,1, ,
3, ,-1, ,
3, ,1, ,
3, ,1, ,
3, ,1, ,
1, ,-2, ,
5, ,2, ,
3, ,-1, ,
3, ,1, ,
5, ,2, ,
3, ,1, ,
0, ,-2, ,
5, ,1, ,
2, ,-1, ,
3, ,-1, ,
4, ,1, ,
3, ,1, ,
0, ,-2, ,
5, ,2, ,
2, ,-1, ,
2, ,-1, ,
4, ,2, ,
3, ,1, ,
1, ,-2, ,
4, ,1, ,
3, ,-1, ,
3, ,-1, ,
3, ,1, ,
3, ,1, ,
0, ,-2, ,
5, ,2, ,
2, ,-1, ,
2, ,-1, ,
3, ,1, ,
3, ,1, ,
0, ,-2, ,
4, ,1, ,
2, ,-1, ,
2, ,1, ,
3, ,1, ,
2, ,1, ,
-1, ,-2, ,
4, ,2, ,
2, ,-1, ,
2, ,-1, ,
4, ,2, ,
3, ,1, ,
-1, ,-2, ,
4, ,1, ,
1, ,-1, ,
1, ,-1, ,
3, ,1, ,
3, ,1, ,
0, ,-2, ,
4, ,2, ,
1, ,-1, ,
2, ,-1, ,
4, ,2, ,
3, ,1, ,
1, ,-2, ,
4, ,1, ,
0, ,-1, ,
2, ,-1, ,
3, ,1, ,
2, ,1, ,
-1, ,-2, ,
4, ,2, ,
0, ,-1, ,
1, ,-1, ,
3, ,2, ,
3, ,1, ,
0, ,-2, ,
3, ,1, ,
0, ,-1, ,
2, ,-1, ,
2, ,2, ,
2, ,1, ,
0, ,-2, ,
3, ,2, ,
0, ,-1, ,
1, ,-1, ,
3, ,2, ,
2, ,1, ,
0, ,-2, ,
3, ,1, ,
1, ,-1, ,
1, ,-1, ,
3, ,1, ,
2, ,1, ,
-1, ,-2, ,
4, ,2, ,
0, ,-1, ,
1, ,1, ,
3, ,2, ,
2, ,1, ,
1, ,-2, ,
3, ,2, ,
1, ,-1, ,
2, ,1, ,
2, ,1, ,
2, ,1, ,
-1, ,-2, ,
3, ,1, ,
1, ,-1, ,
2, ,-1, ,
3, ,1, ,
3, ,1, ,
-1, ,-2, ,
3, ,1, ,
0, ,-1, ,
1, ,-1, ,
3, ,2, ,
2, ,-1, ,
-1, ,-2, ,
4, ,2, ,
0, ,-1, ,
1, ,-1, ,
2, ,1, ,
2, ,1, ,
0, ,-2, ,
3, ,1, ,
0, ,-1, ,
1, ,-1, ,
2, ,1, ,
2, ,-1, ,
-1, ,-2, ,
3, ,1, ,
0, ,-1, ,
2, ,-1, ,
3, ,1, ,
3, ,1, ,
0, ,-2, ,
4, ,1, ,
0, ,-1, ,
2, ,1, ,
2, ,2, ,
2, ,1, ,
-1, ,-2, ,
3, ,2, ,
0, ,-1, ,
0, ,-1, ,
3, ,2, ,
2, ,-1, ,
-1, ,-2, ,
3, ,2, ,
0, ,-1, ,
1, ,-1, ,
2, ,1, ,
1, ,1, ,
-1, ,-2, ,
4, ,2, ,
0, ,-1, ,
1, ,-1, ,
3, ,1, ,
2, ,-1, ,
0, ,-2, ,
3, ,2, ,
0, ,-1, ,
1, ,-1, ,
2, ,1, ,
1, ,1, ,
-1, ,-2, ,
2, ,2, ,
0, ,-1, ,
1, ,1, ,
3, ,1, ,
2, ,1, ,
-1, ,-2, ,
3, ,1, ,
0, ,-1, ,
1, ,-1, ,
1, ,2, ,
1, ,1, ,
-1, ,-2, ,
3, ,2, ,
0, ,-1, ,
0, ,-1, ,
3, ,2, ,
2, ,1, ,
-1, ,-2, ,
3, ,1, ,
-1, ,-1, ,
1, ,-1, ,
2, ,2, ,
2, ,1, ,
-1, ,-2, ,
3, ,2, ,
-1, ,-1, ,
0, ,-1, ,
3, ,1, ,
2, ,-1, ,
-1, ,-2, ,
2, ,1, ,
-1, ,-1, ,
1, ,1, ,
2, ,2, ,
1, ,1, ,
-1, ,-2, ,
3, ,2, ,
0, ,-2, ,
0, ,1, ,
2, ,2, ,
2, ,1, ,
-1, ,-2, ,
3, ,1, ,
-1, ,-1, ,
1, ,-1, ,
2, ,1, ,
2, ,-1, ,
-2, ,-2, ,
3, ,2, ,
-1, ,-1, ,
0, ,-1, ,
1, ,1, ,
2, ,1, ,
-1, ,-2, ,
3, ,2, ,
-1, ,-1, ,
0, ,-1, ,
1, ,1, ,
1, ,-1, ,
-2, ,-2, ,
3, ,2, ,
0, ,-1, ,
1, ,-1, ,
2, ,1, ,
2, ,1, ,
-2, ,-2, ,
1, ,1, ,
-2, ,-1, ,
0, ,-1, ,
2, ,1, ,
1, ,-1, ,
-2, ,-2, ,
3, ,2, ,
-1, ,-1, ,
0, ,-1, ,
2, ,2, ,
2, ,1, ,
-1, ,-2, ,
2, ,1, ,
0, ,-1, ,
1, ,1, ,
2, ,1, ,
1, ,-1, ,
-1, ,-2, ,
2, ,2, ,
-1, ,-1, ,
1, ,1, ,
2, ,2, ,
2, ,1, ,
-1, ,-2, ,
2, ,1, ,
-1, ,-1, ,
1, ,-1, ,
2, ,1, ,
1, ,1, ,
-1, ,-2, ,
3, ,3, ,
0, ,-1, ,
1, ,-1, ,
2, ,1, ,
1, ,1, ,
-1, ,-2, ,
2, ,1, ,
-1, ,-1, ,
1, ,-1, ,
2, ,1, ,
2, ,-1, ,
-1, ,-1, ,
3, ,1, ,
-1, ,-1, ,
0, ,-1, ,
2, ,1, ,
2, ,-1, ,
-1, ,-2, ,
3, ,2, ,
-1, ,-1, ,
1, ,1, ,
1, ,2, ,
0, ,1, ,
-2, ,-2, ,
3, ,2, ,
0, ,-1, ,
1, ,-1, ,
2, ,2, ,
2, ,1, ,
-2, ,-2, ,
2, ,1, ,
-1, ,-1, ,
0, ,-1, ,
2, ,1, ,
1, ,1, ,
-2, ,-2, ,
2, ,2, ,
-1, ,-1, ,
1, ,-1, ,
2, ,1, ,
1, ,1, ,
-2, ,-2, ,
2, ,1, ,
-1, ,-1, ,
0, ,-1, ,
1, ,2, ,
1, ,1, ,
-2, ,-2, ,
2, ,2, ,
-1, ,-1, ,
0, ,-1, ,
1, ,1, ,
1, ,-1, ,
-2, ,-2, ,
2, ,1, ,
-1, ,-1, ,
1, ,1, ,
2, ,1, ,
1, ,1, ,
-2, ,-2, ,
2, ,1, ,
-1, ,-1, ,
1, ,-1, ,
2, ,1, ,
1, ,1, ,
-2, ,-2, ,
2, ,1, ,
-1, ,-1, ,
0, ,1, ,
2, ,1, ,
2, ,1, ,
-1, ,-2, ,
2, ,2, ,
-1, ,-1, ,
0, ,-1, ,
2, ,1, ,
1, ,1, ,
-1, ,-2, ,
3, ,2, ,
-1, ,-1, ,
1, ,1, ,
1, ,1, ,
1, ,1, ,
-2, ,-2, ,
3, ,2, ,
-1, ,-1, ,
1, ,-1, ,
2, ,1, ,
1, ,-1, ,
-10, ,-2, ,
-5, ,1, ,
-3, ,-1, ,
-2, ,-1, ,
-1, ,1, ,
2, ,1, ,
-2, ,-1, ,
2, ,2, ,
0, ,-1, ,
0, ,-1, ,
1, ,2, ,
2, ,1, ,
-1, ,-2, ,
2, ,2, ,
-1, ,-1, ,
1, ,-1, ,
2, ,1, ,
1, ,-1, ,
-1, ,-2, ,
3, ,2, ,
-1, ,-1, ,
1, ,-1, ,
2, ,1, ,
1, ,1, ,
-1, ,-2, ,
3, ,1, ,
-1, ,-1, ,
1, ,1, ,
1, ,2, ,
1, ,-1, ,
-2, ,-2, ,
2, ,2, ,
0, ,-1, ,
1, ,1, ,
2, ,1, ,
1, ,-1, ,
-2, ,-2, ,
2, ,1, ,
-1, ,-1, ,
1, ,-1, ,
1, ,1, ,
1, ,-1, ,
-1, ,-2, ,
2, ,2, ,
-1, ,-1, ,
0, ,1, ,
2, ,1, ,
1, ,1, ,
-1, ,-2, ,
3, ,1, ,
-1, ,-1, ,
1, ,-1, ,
1, ,1, ,
1, ,1, ,
-2, ,-2, ,
3, ,2, ,
-1, ,-1, ,
0, ,-1, ,
2, ,2, ,
1, ,-1, ,
-2, ,-2, ,
2, ,1, ,
-1, ,-1, ,
1, ,-1, ,
2, ,1, ,
1, ,1, ,
-2, ,-2, ,
2, ,2, ,
-1, ,-1, ,
0, ,-1, ,
2, ,1, ,
1, ,-1, ,
-2, ,-2, ,
2, ,2, ,
-1, ,-1, ,
1, ,-1, ,
1, ,1, ,
1, ,1, ,
-2, ,-2, ,
2, ,2, ,
-1, ,-1, ,
0, ,1, ,
1, ,2, ,
1, ,1, ,
-1, ,-2, ,
2, ,2, ,
-1, ,-1, ,
1, ,-1, ,
1, ,1, ,
0, ,1, ,
-2, ,-2, ,
2, ,2, ,
-1, ,-1, ,
1, ,-1, ,
2, ,2, ,
1, ,1, ,
-2, ,-2, ,
2, ,1, ,
-1, ,-1, ,
0, ,-1, ,
1, ,2, ,
1, ,1, ,
-1, ,-2, ,
2, ,2, ,
-1, ,-1, ,
0, ,-1, ,
1, ,1, ,
1, ,1, ,
-1, ,-2, ,
2, ,1, ,
-1, ,-1, ,
0, ,-1, ,
1, ,1, ,
0, ,-1, ,
-2, ,-2, ,
2, ,1, ,
-1, ,-1, ,
0, ,-1, ,
2, ,2, ,
1, ,1, ,
-2, ,-2, ,
2, ,1, ,
-1, ,-1, ,
0, ,-1, ,
2, ,1, ,
1, ,1, ,
-2, ,-2, ,
2, ,2, ,
0, ,-1, ,
0, ,-1, ,
2, ,1, ,
1, ,-1, ,
-1, ,-2, ,
1, ,1, ,
-2, ,-1, ,
1, ,-1, ,
2, ,1, ,
2, ,1, ,
-2, ,-2, ,
3, ,2, ,
-1, ,-1, ,
0, ,-1, ,
2, ,1, ,
2, ,1, ,
-2, ,-2, ,
2, ,1, ,
0, ,-1, ,
1, ,-1, ,
1, ,2, ,
0, ,1, ,
-2, ,-2, ,
2, ,2, ,
-1, ,-1, ,
0, ,-1, ,
2, ,1, ,
2, ,1, ,
-2, ,-2, ,
2, ,1, ,
-1, ,-1, ,
0, ,-1, ,
2, ,1, ,
1, ,1, ,
-2, ,-2, ,
3, ,2, ,
-1, ,-1, ,
0, ,-1, ,
1, ,2, ,
1, ,-1, ,
-1, ,-2, ,
3, ,2, ,
0, ,-1, ,
1, ,1, ,
1, ,2, ,
0, ,1, ,
-2, ,-2, ,
2, ,3, ,
-1, ,-1, ,
0, ,-1, ,
1, ,2, ,
2, ,1, ,
-1, ,-2, ,
2, ,1, ,
-1, ,-1, ,
1, ,-1, ,
1, ,-1, ,
0, ,1, ,
-2, ,-2, ,
3, ,2, ,
-1, ,-1, ,
1, ,-1, ,
2, ,1, ,
1, ,1, ,
-2, ,-2, ,
2, ,1, ,
-1, ,-1, ,
0, ,-1, ,
1, ,1, ,
2, ,1, ,
-2, ,-2, ,
3, ,2, ,
-1, ,-1, ,
0, ,1, ,
1, ,1, ,
1, ,1, ,
-2, ,-2, ,
3, ,2, ,
-1, ,-1, ,
1, ,-1, ,
1, ,1, ,
1, ,-1, ,
-2, ,-2, ,
2, ,2, ,
0, ,-1, ,
1, ,1, ,
2, ,1, ,
1, ,1, ,
-1, ,-2, ,
2, ,1, ,
-1, ,-1, ,
1, ,-1, ,
1, ,1, ,
1, ,1, ,
-2, ,-2, ,
3, ,2, ,
-1, ,-1, ,
-1, ,-1, ,
2, ,2, ,
1, ,1, ,
-2, ,-2, ,
2, ,2, ,
-1, ,-1, ,
1, ,-1, ,
1, ,1, ,
2, ,-1, ,
-2, ,-2, ,
2, ,2, ,
-1, ,-1, ,
0, ,-1, ,
2, ,1, ,
1, ,1, ,
-2, ,-2, ,
2, ,2, ,
-1, ,-1, ,
1, ,-1, ,
1, ,1, ,
1, ,1, ,
-2, ,-2, ,
2, ,2, ,
-1, ,-1, ,
0, ,-1, ,
2, ,1, ,
1, ,1, ,
-2, ,-2, ,
2, ,1, ,
-1, ,-1, ,
0, ,-1, ,
1, ,1, ,
1, ,1, ,
-1, ,-2, ,
2, ,1, ,
-1, ,-1, ,
0, ,-1, ,
1, ,1, ,
1, ,1, ,
-2, ,-2, ,
3, ,1, ,
-1, ,-1, ,
1, ,-1, ,
1, ,1, ,
0, ,1, ,
-2, ,-2, ,
2, ,2, ,
-1, ,-1, ,
0, ,-1, ,
2, ,1, ,
1, ,-1, ,
-2, ,-2, ,
1, ,1, ,
-2, ,-1, ,
0, ,-1, ,
1, ,1, ,
1, ,1, ,
-2, ,-2, ,
2, ,2, ,
-1, ,-1, ,
0, ,-1, ,
2, ,1, ,
1, ,1, ,
-2, ,-2, ,
2, ,1, ,
-1, ,-1, ,
1, ,-1, ,
2, ,1, ,
1, ,1, ,
-2, ,-2, ,
2, ,2, ,
-1, ,-1, ,
0, ,-1, ,
2, ,1, ,
2, ,1, ,
-2, ,-2, ,
2, ,2, ,
-2, ,-1, ,
1, ,1, ,
1, ,1, ,
1, ,1, ,
-3, ,-2, ,
2, ,1, ,
-1, ,-1, ,
0, ,1, ,
2, ,1, ,
1, ,1, ,
-2, ,-2, ,
2, ,1, ,
-2, ,-1, ,
0, ,-1, ,
1, ,1, ,
1, ,1, ,
-1, ,-2, ,
2, ,2, ,
-1, ,-1, ,
-1, ,-1, ,
1, ,1, ,
0, ,-1, ,
-2, ,-2, ,
2, ,2, ,
-1, ,-1, ,
0, ,-1, ,
1, ,1, ,
1, ,-1, ,
-1, ,-2, ,
3, ,1, ,
-1, ,-1, ,
-1, ,-1, ,
0, ,1, ,
0, ,1, ,
-1, ,-2, ,
3, ,1, ,
-1, ,-1, ,
0, ,-1, ,
1, ,1, ,
1, ,1, ,
-2, ,-1, ,
3, ,2, ,
0, ,-1, ,
0, ,-1, ,
1, ,1, ,
1, ,-1, ,
-2, ,-2, ,
2, ,2, ,
-1, ,-1, ,
0, ,-1, ,
1, ,1, ,
-1, ,-1, ,
-2, ,-2, ,
2, ,1, ,
-1, ,-1, ,
0, ,-1, ,
3, ,1, ,
1, ,1, ,
-2, ,-2, ,
2, ,1, ,
-1, ,-1, ,
1, ,-1, ,
2, ,1, ,
0, ,1, ,
-2, ,-2, ,
2, ,2, ,
-1, ,-1, ,
0, ,-1, ,
2, ,1, ,
2, ,1, ,
-2, ,-2, ,
2, ,1, ,
-1, ,-1, ,
1, ,-1, ,
2, ,1, ,
1, ,1, ,
-1, ,-2, ,
3, ,1, ,
-1, ,-1, ,
-1, ,-1, ,
1, ,1, ,
1, ,1, ,
-2, ,-2, ,
2, ,2, ,
0, ,-1, ,
1, ,1, ,
1, ,1, ,
0, ,-1, ,
-2, ,-2, ,
2, ,2, ,
-1, ,-1, ,
0, ,-1, ,
2, ,1, ,
1, ,1, ,
-1, ,-2, ,
2, ,1, ,
-1, ,-1, ,
0, ,-1, ,
1, ,2, ,
1, ,1, ,
-1, ,-2, ,
2, ,2, ,
-1, ,-1, ,
0, ,-1, ,
3, ,1, ,
1, ,-1, ,
-2, ,-2, ,
2, ,1, ,
-1, ,-1, ,
0, ,-1, ,
2, ,1, ,
1, ,1, ,
-2, ,-2, ,
2, ,3, ,
-1, ,-1, ,
0, ,-1, ,
2, ,1, ,
0, ,-1, ,
-2, ,-2, ,
2, ,2, ,
-1, ,-1, ,
1, ,-1, ,
1, ,1, ,
0, ,1, ,
-2, ,-2, ,
2, ,2, ,
-2, ,-1, ,
1, ,-1, ,
-5, ,1, ,
-1, ,1, ,
-4, ,-2, ,
-1, ,1, ,
-2, ,-1, ,
-1, ,-1, ,
0, ,1, ,
1, ,-1, ,
-2, ,-2, ,
2, ,2, ,
-1, ,-1, ,
-1, ,-1, ,
1, ,1, ,
1, ,1, ,
-2, ,-2, ,
2, ,1, ,
-1, ,-1, ,
0, ,-1, ,
2, ,1, ,
1, ,-1, ,
-2, ,-2, ,
2, ,2, ,
-1, ,-1, ,
0, ,-1, ,
2, ,1, ,
2, ,1, ,
-2, ,-2, ,
2, ,1, ,
-1, ,-1, ,
0, ,-1, ,
1, ,1, ,
1, ,1, ,
-2, ,-1, ,
2, ,2, ,
-1, ,-1, ,
-1, ,-1, ,
1, ,1, ,
1, ,1, ,
-2, ,-2, ,
2, ,2, ,
-1, ,-1, ,
0, ,-1, ,
1, ,1, ,
0, ,1, ,
-2, ,-2, ,
1, ,-1, ,
-1, ,-1, ,
0, ,-1, ,
1, ,1, ,
0, ,1, ,
-2, ,-2, ,
2, ,1, ,
0, ,-1, ,
0, ,1, ,
0, ,1, ,
0, ,1, ,
-2, ,-2, ,
1, ,1, ,
-1, ,-1, ,
0, ,1, ,
1, ,1, ,
1, ,1, ,
-2, ,-2, ,
1, ,1, ,
-2, ,-1, ,
0, ,-1, ,
1, ,1, ,
0, ,1, ,
-2, ,-2, ,
2, ,1, ,
-1, ,-1, ,
0, ,-1, ,
2, ,1, ,
1, ,1, ,
-2, ,-2, ,
1, ,1, ,
-1, ,-1, ,
0, ,-1, ,
1, ,1, ,
0, ,1, ,
-2, ,-2, ,
2, ,1, ,
-1, ,-1, ,
0, ,-1, ,
1, ,1, ,
1, ,1, ,
-2, ,-2, ,
2, ,2, ,
-1, ,-1, ,
1, ,-1, ,
1, ,1, ,
1, ,1, ,
-2, ,-2, ,
2, ,2, ,
-1, ,-1, ,
0, ,-1, ,
2, ,2, ,
2, ,1, ,
-1, ,-2, ,
2, ,1, ,
-1, ,-1, ,
0, ,-1, ,
1, ,-1, ,
2, ,1, ,
-2, ,-2, ,
3, ,2, ,
0, ,-1, ,
0, ,-1, ,
1, ,1, ,
1, ,1, ,
-1, ,-2, ,
2, ,1, ,
0, ,-1, ,
1, ,-1, ,
2, ,1, ,
0, ,-1, ,
-2, ,-2, ,
2, ,1, ,
-1, ,-1, ,
0, ,-1, ,
2, ,1, ,
2, ,1, ,
-1, ,-2, ,
2, ,1, ,
-1, ,-1, ,
1, ,-1, ,
1, ,1, ,
1, ,-1, ,
-1, ,-2, ,
2, ,2, ,
0, ,-1, ,
1, ,-1, ,
1, ,2, ,
2, ,1, ,
-2, ,-2, ,
2, ,1, ,
-1, ,-1, ,
0, ,1, ,
1, ,1, ,
1, ,1, ,
-2, ,-2, ,
2, ,2, ,
-1, ,-1, ,
0, ,-1, ,
2, ,1, ,
1, ,1, ,
-1, ,-2, ,
2, ,1, ,
-1, ,-1, ,
0, ,1, ,
2, ,-1, ,
1, ,-1, ,
-2, ,-2, ,
2, ,2, ,
-1, ,-1, ,
0, ,-1, ,
2, ,1, ,
2, ,1, ,
-2, ,-2, ,
2, ,1, ,
-1, ,-2, ,
0, ,-1, ,
1, ,1, ,
1, ,-1, ,
-1, ,-2, ,
3, ,2, ,
0, ,-1, ,
0, ,-1, ,
1, ,1, ,
1, ,1, ,
-2, ,-2, ,
2, ,2, ,
-1, ,-1, ,
0, ,1, ,
1, ,-1, ,
0, ,-1, ,
-2, ,-2, ,
2, ,2, ,
-1, ,-1, ,
0, ,-1, ,
1, ,1, ,
1, ,1, ,
-2, ,-2, ,
2, ,1, ,
-1, ,-1, ,
0, ,-1, ,
0, ,-1, ,
0, ,1, ,
-1, ,-2, ,
2, ,1, ,
-1, ,-2, ,
-1, ,-1, ,
1, ,2, ,
1, ,1, ,
-1, ,-4, ,
2, ,1, ,
-1, ,-1, ,
1, ,-1, ,
2, ,1, ,
1, ,1, ,
-3, ,-2, ,
3, ,2, ,
0, ,-1, ,
0, ,-1, ,
2, ,1, ,
1, ,1, ,
-2, ,-2, ,
1, ,2, ,
-1, ,-1, ,
1, ,-1, ,
1, ,-1, ,
1, ,-1, ,
-2, ,-2, ,
2, ,2, ,
-1, ,-1, ,
0, ,-1, ,
3, ,1, ,
1, ,1, ,
-2, ,-2, ,
2, ,1, ,
-1, ,-1, ,
0, ,-1, ,
1, ,1, ,
1, ,1, ,
-2, ,-2, ,
3, ,2, ,
-1, ,-1, ,
-1, ,-1, ,
1, ,2, ,
1, ,1, ,
-1, ,-2, ,
2, ,2, ,
-1, ,-1, ,
1, ,-1, ,
2, ,1, ,
1, ,-1, ,
-2, ,-2, ,
3, ,2, ,
-1, ,-1, ,
0, ,-1, ,
2, ,1, ,
2, ,1, ,
-1, ,-4, ,
2, ,1, ,
-1, ,-1, ,
0, ,-1, ,
1, ,1, ,
1, ,-1, ,
-2, ,-2, ,
3, ,2, ,
-1, ,-1, ,
0, ,-1, ,
2, ,2, ,
1, ,1, ,
-2, ,-2, ,
2, ,2, ,
-1, ,-1, ,
0, ,-1, ,
1, ,1, ,
0, ,-1, ,
-2, ,-2, ,
2, ,2, ,
-1, ,-2, ,
0, ,-1, ,
1, ,2, ,
0, ,1, ,
-2, ,-2, ,
2, ,2, ,
-1, ,-1, ,
0, ,-1, ,
1, ,1, ,
1, ,-1, ,
-2, ,-2, ,
2, ,2, ,
-1, ,-1, ,
0, ,-1, ,
2, ,1, ,
2, ,1, ,
-2, ,-2, ,
2, ,1, ,
-2, ,-1, ,
0, ,-1, ,
1, ,1, ,
1, ,1, ,
-2, ,-2, ,
1, ,2, ,
-1, ,-2, ,
-1, ,-1, ,
2, ,2, ,
1, ,1, ,
-2, ,-4, ,
1, ,1, ,
-1, ,-1, ,
0, ,-1, ,
1, ,1, ,
1, ,-1, ,
-2, ,-2, ,
2, ,2, ,
-2, ,-1, ,
0, ,-1, ,
1, ,2, ,
1, ,1, ,
-2, ,-2, ,
1, ,2, ,
-1, ,-1, ,
-1, ,-1, ,
0, ,1, ,
0, ,1, ,
-2, ,-2, ,
2, ,2, ,
-1, ,-2, ,
0, ,-1, ,
1, ,1, ,
1, ,1, ,
-2, ,-2, ,
1, ,1, ,
-2, ,-1, ,
-1, ,-1, ,
1, ,1, ,
1, ,1, ,
-1, ,-2, ,
3, ,2, ,
-1, ,-1, ,
0, ,-1, ,
1, ,1, ,
1, ,1, ,
-2, ,-4, ,
2, ,1, ,
-1, ,-1, ,
1, ,-1, ,
1, ,-1, ,
0, ,-1, ,
-2, ,-2, ,
2, ,1, ,
-1, ,-1, ,
0, ,-1, ,
1, ,2, ,
2, ,1, ,
-1, ,-2, ,
1, ,2, ,
-1, ,-1, ,
0, ,-1, ,
1, ,-1, ,
0, ,1, ,
-2, ,-2, ,
3, ,2, ,
-1, ,-2, ,
0, ,-1, ,
1, ,1, ,
1, ,1, ,
-2, ,-2, ,
-4, ,2, ,
-6, ,-1, ,
-1, ,-1, ,
0, ,1, ,
-1, ,-1, ,
-2, ,-2, ,
1, ,2, ,
-1, ,-1, ,
0, ,-1, ,
1, ,1, ,
2, ,1, ,
-1, ,-2, ,
2, ,1, ,
-2, ,-1, ,
0, ,-1, ,
1, ,1, ,
1, ,1, ,
-1, ,-2, ,
3, ,2, ,
-1, ,-1, ,
0, ,-1, ,
1, ,1, ,
2, ,1, ,
-1, ,-2, ,
2, ,2, ,
-1, ,-1, ,
0, ,-1, ,
1, ,1, ,
1, ,1, ,
-1, ,-2, ,
2, ,2, ,
-1, ,-2, ,
0, ,-1, ,
1, ,1, ,
1, ,1, ,
-2, ,-2, ,
1, ,2, ,
0, ,-1, ,
1, ,-1, ,
1, ,1, ,
0, ,-1, ,
-2, ,-2, ,
2, ,2, ,
-1, ,-2, ,
0, ,-1, ,
1, ,1, ,
2, ,1, ,
-1, ,-2, ,
2, ,1, ,
-1, ,-1, ,
0, ,-1, ,
1, ,1, ,
0, ,1, ,
-2, ,-2, ,
2, ,2, ,
-1, ,-1, ,
0, ,-1, ,
1, ,1, ,
0, ,1, ,
-2, ,-2, ,
1, ,1, ,
-1, ,-1, ,
1, ,-1, ,
1, ,1, ,
0, ,1, ,
-2, ,-2, ,
2, ,2, ,
-1, ,-1, ,
0, ,-1, ,
1, ,1, ,
1, ,1, ,
-2, ,-2, ,
1, ,1, ,
-1, ,-1, ,
0, ,-1, ,
1, ,-1, ,
1, ,1, ,
-2, ,-2, ,
1, ,1, ,
-1, ,-1, ,
0, ,-1, ,
1, ,2, ,
1, ,1, ,
-1, ,-2, ,
1, ,1, ,
-2, ,-1, ,
0, ,-1, ,
1, ,1, ,
1, ,1, ,
-1, ,-1, ,
3, ,2, ,
-1, ,-2, ,
-1, ,-1, ,
1, ,1, ,
1, ,1, ,
-2, ,-2, ,
2, ,1, ,
-1, ,-1, ,
1, ,-1, ,
1, ,1, ,
0, ,-1, ,
-2, ,-2, ,
1, ,1, ,
-1, ,-1, ,
0, ,-1, ,
1, ,1, ,
0, ,1, ,
-1, ,-2, ,
2, ,1, ,
-1, ,-1, ,
-1, ,-1, ,
0, ,1, ,
0, ,1, ,
-2, ,-2, ,
2, ,2, ,
-1, ,-1, ,
1, ,-1, ,
1, ,1, ,
1, ,1, ,
-2, ,-2, ,
2, ,1, ,
-1, ,-1, ,
1, ,-1, ,
1, ,-1, ,
0, ,1, ,
-2, ,-2, ,
2, ,1, ,
-1, ,-1, ,
0, ,-1, ,
1, ,1, ,
0, ,1, ,
-2, ,-2, ,
2, ,1, ,
-1, ,-1, ,
1, ,-1, ,
1, ,1, ,
0, ,1, ,
-2, ,-2, ,
2, ,2, ,
-1, ,-1, ,
0, ,-1, ,
1, ,1, ,
2, ,1, ,
-2, ,-2, ,
1, ,1, ,
-1, ,-1, ,
0, ,-1, ,
1, ,1, ,
1, ,1, ,
-2, ,-2, ,
2, ,1, ,
0, ,-1, ,
0, ,-1, ,
2, ,1, ,
1, ,1, ,
-1, ,-2, ,
2, ,1, ,
0, ,-1, ,
0, ,1, ,
2, ,-1, ,
1, ,1, ,
-2, ,-2, ,
2, ,1, ,
-1, ,-2, ,
0, ,-1, ,
1, ,1, ,
1, ,1, ,
-1, ,-2, ,
2, ,1, ,
-1, ,-1, ,
1, ,-1, ,
1, ,-1, ,
1, ,1, ,
-1, ,-2, ,
3, ,1, ,
-1, ,-1, ,
-1, ,-1, ,
1, ,1, ,
79, ,1, ,
91, ,-2, ,
57, ,2, ,
37, ,-1, ,
28, ,-1, ,
21, ,1, ,
16, ,-1, ,
11, ,-2, ,
12, ,2, ,
8, ,-1, ,
8, ,-1, ,
9, ,2, ,
9, ,1, ,
6, ,-2, ,
9, ,1, ,
7, ,-1, ,
8, ,-1, ,
8, ,-1, ,
8, ,1, ,
5, ,-2, ,
9, ,1, ,
6, ,-2, ,
7, ,-1, ,
9, ,1, ,
9, ,1, ,
6, ,-2, ,
8, ,1, ,
5, ,-1, ,
7, ,-1, ,
8, ,1, ,
7, ,1, ,
6, ,-2, ,
9, ,93, ,
6, ,59, ,
6, ,37, ,
7, ,25, ,
7, ,15, ,
5, ,7, ,
7, ,9, ,
6, ,5, ,
7, ,3, ,
7, ,3, ,
7, ,3, ,
5, ,1, ,
7, ,3, ,
5, ,1, ,
6, ,1, ,
7, ,2, ,
7, ,2, ,
5, ,1, ,
7, ,3, ,
5, ,2, ,
6, ,2, ,
6, ,2, ,
6, ,3, ,
5, ,1, ,
7, ,3, ,
6, ,1, ,
5, ,1, ,
6, ,2, ,
6, ,2, ,
5, ,-1, ,
7, ,3, ,
5, ,1, ,
5, ,2, ,
6, ,2, ,
6, ,3, ,
4, ,1, ,
7, ,3, ,
4, ,1, ,
5, ,2, ,
6, ,2, ,
6, ,2, ,
3, ,-1, ,
7, ,3, ,
6, ,2, ,
5, ,2, ,
5, ,2, ,
6, ,2, ,
4, ,1, ,
7, ,3, ,
5, ,1, ,
4, ,2, ,
6, ,2, ,
6, ,3, ,
4, ,-1, ,
6, ,2, ,
4, ,1, ,
4, ,2, ,
5, ,2, ,
6, ,2, ,
4, ,1, ,
6, ,3, ,
4, ,1, ,
4, ,2, ,
5, ,3, ,
5, ,3, ,
3, ,-1, ,
6, ,3, ,
4, ,2, ,
4, ,2, ,
5, ,2, ,
5, ,2, ,
3, ,1, ,
6, ,3, ,
3, ,1, ,
3, ,1, ,
5, ,3, ,
5, ,2, ,
3, ,-1, ,
6, ,3, ,
3, ,2, ,
3, ,1, ,
4, ,1, ,
4, ,2, ,
3, ,1, ,
6, ,3, ,
3, ,1, ,
3, ,1, ,
4, ,3, ,
5, ,2, ,
3, ,-1, ,
6, ,3, ,
4, ,1, ,
4, ,1, ,
4, ,1, ,
4, ,2, ,
3, ,1, ,
5, ,3, ,
3, ,1, ,
3, ,1, ,
4, ,3, ,
4, ,3, ,
2, ,-1, ,
6, ,2, ,
3, ,1, ,
4, ,2, ,
4, ,2, ,
4, ,2, ,
1, ,1, ,
5, ,3, ,
2, ,1, ,
2, ,1, ,
4, ,3, ,
4, ,2, ,
1, ,-1, ,
5, ,2, ,
2, ,1, ,
3, ,2, ,
4, ,1, ,
4, ,2, ,
1, ,1, ,
5, ,3, ,
2, ,1, ,
3, ,2, ,
3, ,2, ,
3, ,2, ,
1, ,-1, ,
5, ,3, ,
2, ,1, ,
3, ,2, ,
3, ,2, ,
3, ,2, ,
1, ,-1, ,
5, ,3, ,
2, ,1, ,
1, ,1, ,
4, ,3, ,
3, ,2, ,
1, ,-1, ,
5, ,2, ,
2, ,1, ,
2, ,1, ,
5, ,2, ,
3, ,2, ,
0, ,-1, ,
5, ,3, ,
2, ,1, ,
1, ,1, ,
4, ,2, ,
3, ,2, ,
0, ,-1, ,
5, ,2, ,
2, ,1, ,
2, ,1, ,
3, ,2, ,
3, ,2, ,
1, ,-1, ,
4, ,3, ,
1, ,1, ,
2, ,1, ,
4, ,3, ,
2, ,2, ,
0, ,-1, ,
5, ,2, ,
2, ,1, ,
3, ,1, ,
4, ,1, ,
4, ,2, ,
0, ,-1, ,
4, ,2, ,
2, ,1, ,
2, ,1, ,
3, ,2, ,
4, ,2, ,
1, ,-1, ,
4, ,2, ,
1, ,1, ,
2, ,1, ,
3, ,1, ,
2, ,2, ,
1, ,1, ,
5, ,2, ,
2, ,1, ,
2, ,1, ,
3, ,2, ,
2, ,2, ,
0, ,-1, ,
4, ,2, ,
1, ,1, ,
2, ,1, ,
3, ,1, ,
3, ,2, ,
0, ,-1, ,
4, ,3, ,
0, ,1, ,
1, ,1, ,
3, ,2, ,
2, ,2, ,
1, ,-1, ,
4, ,2, ,
1, ,1, ,
2, ,1, ,
3, ,1, ,
2, ,2, ,
0, ,-1, ,
4, ,2, ,
0, ,1, ,
1, ,1, ,
3, ,2, ,
2, ,2, ,
0, ,-1, ,
4, ,2, ,
1, ,1, ,
1, ,1, ,
3, ,1, ,
2, ,2, ,
0, ,-1, ,
4, ,3, ,
1, ,-1, ,
1, ,1, ,
2, ,2, ,
1, ,2, ,
0, ,-1, ,
4, ,3, ,
1, ,1, ,
2, ,1, ,
2, ,1, ,
2, ,2, ,
-1, ,-1, ,
3, ,3, ,
0, ,1, ,
2, ,1, ,
3, ,2, ,
2, ,2, ,
-1, ,-1, ,
4, ,2, ,
1, ,1, ,
0, ,1, ,
1, ,2, ,
1, ,1, ,
-1, ,-1, ,
4, ,2, ,
0, ,-1, ,
1, ,1, ,
2, ,2, ,
2, ,2, ,
-1, ,-1, ,
3, ,3, ,
0, ,1, ,
2, ,1, ,
2, ,1, ,
2, ,2, ,
0, ,-1, ,
4, ,3, ,
0, ,-1, ,
1, ,1, ,
3, ,2, ,
2, ,2, ,
-1, ,-1, ,
4, ,3, ,
0, ,1, ,
1, ,1, ,
2, ,1, ,
2, ,2, ,
-1, ,-1, ,
3, ,2, ,
-1, ,-1, ,
0, ,1, ,
2, ,2, ,
2, ,2, ,
-1, ,-1, ,
4, ,2, ,
0, ,1, ,
1, ,1, ,
2, ,1, ,
2, ,1, ,
-1, ,-1, ,
3, ,2, ,
0, ,-1, ,
0, ,1, ,
2, ,2, ,
2, ,2, ,
-1, ,-1, ,
4, ,2, ,
0, ,1, ,
1, ,1, ,
2, ,1, ,
2, ,1, ,
-1, ,-1, ,
3, ,2, ,
-1, ,-1, ,
0, ,1, ,
2, ,1, ,
2, ,2, ,
-1, ,-1, ,
4, ,2, ,
0, ,1, ,
1, ,1, ,
1, ,1, ,
2, ,2, ,
-1, ,-1, ,
3, ,2, ,
0, ,-1, ,
0, ,-1, ,
2, ,2, ,
1, ,2, ,
-1, ,-1, ,
4, ,2, ,
0, ,-1, ,
1, ,1, ,
2, ,1, ,
2, ,1, ,
-2, ,-1, ,
3, ,2, ,
-1, ,-1, ,
0, ,-1, ,
1, ,2, ,
2, ,2, ,
-1, ,-1, ,
3, ,2, ,
0, ,1, ,
2, ,1, ,
2, ,1, ,
1, ,1, ,
-1, ,-1, ,
2, ,2, ,
0, ,-1, ,
0, ,1, ,
3, ,1, ,
2, ,2, ,
-1, ,-2, ,
4, ,2, ,
-1, ,-1, ,
0, ,1, ,
2, ,1, ,
2, ,1, ,
-1, ,-1, ,
3, ,2, ,
-2, ,-1, ,
0, ,-1, ,
1, ,2, ,
1, ,1, ,
-2, ,-2, ,
3, ,2, ,
1, ,1, ,
2, ,1, ,
2, ,1, ,
1, ,1, ,
-2, ,-1, ,
1, ,2, ,
-1, ,-1, ,
1, ,-1, ,
2, ,2, ,
2, ,2, ,
-1, ,-1, ,
2, ,2, ,
-2, ,-1, ,
0, ,1, ,
2, ,1, ,
2, ,1, ,
-1, ,-1, ,
3, ,2, ,
-1, ,-1, ,
-1, ,1, ,
2, ,2, ,
1, ,2, ,
-1, ,-2, ,
3, ,2, ,
-1, ,1, ,
0, ,1, ,
1, ,1, ,
2, ,1, ,
0, ,-1, ,
4, ,2, ,
-1, ,-1, ,
0, ,-1, ,
2, ,2, ,
1, ,1, ,
-1, ,-2, ,
3, ,2, ,
0, ,1, ,
1, ,1, ,
2, ,1, ,
2, ,1, ,
-2, ,-1, ,
2, ,3, ,
-1, ,-1, ,
0, ,1, ,
1, ,2, ,
2, ,1, ,
-1, ,-2, ,
2, ,2, ,
-1, ,1, ,
2, ,1, ,
2, ,1, ,
2, ,1, ,
-2, ,-1, ,
3, ,2, ,
0, ,-1, ,
1, ,-1, ,
3, ,2, ,
1, ,1, ,
-2, ,-2, ,
3, ,2, ,
-1, ,-1, ,
1, ,1, ,
2, ,1, ,
1, ,1, ,
-1, ,-1, ,
2, ,2, ,
0, ,-1, ,
1, ,-1, ,
2, ,2, ,
2, ,1, ,
-1, ,-2, ,
3, ,2, ,
0, ,-1, ,
1, ,1, ,
2, ,1, ,
2, ,1, ,
-1, ,-1, ,
3, ,2, ,
-1, ,-1, ,
-1, ,-1, ,
1, ,2, ,
1, ,2, ,
-1, ,-2, ,
3, ,2, ,
0, ,-1, ,
1, ,1, ,
1, ,1, ,
1, ,1, ,
-2, ,-1, ,
3, ,2, ,
-1, ,-1, ,
-1, ,1, ,
1, ,2, ,
0, ,1, ,
-2, ,-2, ,
2, ,2, ,
-1, ,1, ,
1, ,1, ,
2, ,1, ,
1, ,1, ,
-2, ,-2, ,
2, ,2, ,
0, ,-1, ,
0, ,1, ,
2, ,2, ,
2, ,1, ,
-1, ,-2, ,
3, ,2, ,
-1, ,-1, ,
0, ,1, ,
1, ,1, ,
2, ,1, ,
-1, ,-2, ,
3, ,2, ,
0, ,-1, ,
0, ,-1, ,
2, ,2, ,
0, ,1, ,
-2, ,-2, ,
3, ,2, ,
0, ,-1, ,
0, ,1, ,
1, ,1, ,
1, ,1, ,
-2, ,-1, ,
2, ,2, ,
-1, ,-1, ,
0, ,1, ,
1, ,2, ,
1, ,1, ,
-1, ,-2, ,
3, ,2, ,
-1, ,1, ,
0, ,1, ,
1, ,1, ,
0, ,1, ,
-2, ,-2, ,
3, ,2, ,
-1, ,-1, ,
0, ,1, ,
2, ,2, ,
1, ,1, ,
-2, ,-2, ,
2, ,2, ,
-1, ,-1, ,
0, ,1, ,
1, ,1, ,
1, ,1, ,
-2, ,-1, ,
2, ,2, ,
-1, ,-1, ,
-1, ,1, ,
1, ,2, ,
0, ,1, ,
-1, ,-2, ,
3, ,2, ,
-1, ,-1, ,
0, ,1, ,
1, ,2, ,
1, ,1, ,
-2, ,-1, ,
2, ,2, ,
-1, ,-1, ,
-1, ,-1, ,
2, ,2, ,
1, ,1, ,
-2, ,-2, ,
2, ,2, ,
-2, ,1, ,
0, ,1, ,
1, ,1, ,
1, ,1, ,
-2, ,-1, ,
3, ,2, ,
-1, ,-1, ,
-1, ,-1, ,
2, ,2, ,
1, ,1, ,
-2, ,-2, ,
3, ,2, ,
0, ,-1, ,
1, ,-1, ,
1, ,1, ,
1, ,1, ,
-3, ,-2, ,
2, ,2, ,
-1, ,-1, ,
-1, ,-1, ,
1, ,2, ,
1, ,1, ,
-2, ,-2, ,
3, ,2, ,
-1, ,-1, ,
1, ,-1, ,
1, ,1, ,
1, ,1, ,
-1, ,-2, ,
2, ,2, ,
-1, ,-1, ,
0, ,-1, ,
2, ,2, ,
1, ,1, ,
-2, ,-2, ,
3, ,1, ,
-1, ,-1, ,
0, ,1, ,
2, ,1, ,
2, ,1, ,
-1, ,-1, ,
3, ,2, ,
-1, ,-1, ,
0, ,1, ,
2, ,2, ,
1, ,1, ,
-1, ,-2, ,
3, ,2, ,
0, ,-1, ,
1, ,1, ,
2, ,1, ,
1, ,1, ,
-2, ,-2, ,
3, ,2, ,
-1, ,-1, ,
0, ,1, ,
1, ,2, ,
1, ,1, ,
-1, ,-2, ,
3, ,1, ,
0, ,-1, ,
0, ,-1, ,
1, ,1, ,
0, ,1, ,
-2, ,-1, ,
3, ,2, ,
-1, ,-1, ,
0, ,1, ,
1, ,2, ,
1, ,1, ,
-1, ,-2, ,
3, ,2, ,
-1, ,-1, ,
0, ,1, ,
1, ,1, ,
1, ,1, ,
-2, ,-2, ,
2, ,2, ,
-1, ,-1, ,
0, ,-1, ,
2, ,2, ,
1, ,1, ,
-2, ,-2, ,
3, ,2, ,
-1, ,-1, ,
0, ,1, ,
1, ,1, ,
1, ,1, ,
-2, ,-2, ,
2, ,3, ,
-1, ,-1, ,
0, ,-1, ,
2, ,2, ,
1, ,1, ,
-2, ,-2, ,
2, ,1, ,
-2, ,-1, ,
0, ,-1, ,
1, ,1, ,
1, ,1, ,
-2, ,-2, ,
2, ,2, ,
-1, ,-1, ,
-1, ,-1, ,
1, ,2, ,
0, ,1, ,
-2, ,-2, ,
3, ,2, ,
-1, ,-1, ,
0, ,1, ,
1, ,1, ,
1, ,1, ,
-2, ,-1, ,
1, ,2, ,
-2, ,-1, ,
0, ,1, ,
2, ,2, ,
1, ,1, ,
-2, ,-2, ,
2, ,2, ,
-1, ,-1, ,
0, ,1, ,
1, ,1, ,
1, ,1, ,
-2, ,-2, ,
2, ,2, ,
-1, ,-1, ,
0, ,1, ,
2, ,2, ,
1, ,1, ,
-2, ,-2, ,
3, ,2, ,
-1, ,-1, ,
0, ,1, ,
2, ,2, ,
0, ,1, ,
-2, ,-2, ,
2, ,2, ,
-1, ,-1, ,
-1, ,-1, ,
1, ,2, ,
0, ,1, ,
-2, ,-2, ,
2, ,2, ,
0, ,-1, ,
0, ,-1, ,
1, ,1, ,
1, ,1, ,
-2, ,-2, ,
1, ,2, ,
-1, ,-1, ,
-1, ,-1, ,
3, ,2, ,
2, ,1, ,
-1, ,-2, ,
3, ,2, ,
-2, ,-1, ,
0, ,-1, ,
2, ,1, ,
1, ,1, ,
-1, ,-1, ,
3, ,3, ,
-1, ,-1, ,
-1, ,-1, ,
1, ,2, ,
2, ,1, ,
-2, ,-2, ,
2, ,2, ,
0, ,-1, ,
1, ,-1, ,
2, ,1, ,
1, ,1, ,
-2, ,-2, ,
2, ,2, ,
-1, ,-1, ,
-1, ,1, ,
2, ,2, ,
2, ,1, ,
-2, ,-2, ,
3, ,1, ,
-1, ,-1, ,
0, ,-1, ,
1, ,1, ,
1, ,1, ,
-2, ,-2, ,
2, ,2, ,
0, ,-1, ,
0, ,1, ,
1, ,1, ,
1, ,1, ,
-2, ,-2, ,
3, ,1, ,
-1, ,-1, ,
0, ,-1, ,
1, ,1, ,
1, ,-1, ,
-2, ,-2, ,
2, ,2, ,
-1, ,-1, ,
0, ,-1, ,
1, ,2, ,
1, ,1, ,
-2, ,-2, ,
3, ,2, ,
-1, ,1, ,
1, ,-1, ,
2, ,1, ,
0, ,1, ,
-2, ,-1, ,
1, ,2, ,
-1, ,1, ,
0, ,-1, ,
2, ,1, ,
1, ,1, ,
-2, ,-2, ,
2, ,1, ,
-1, ,1, ,
-1, ,1, ,
1, ,1, ,
0, ,1, ,
-2, ,-1, ,
2, ,3, ,
-1, ,-1, ,
0, ,-1, ,
2, ,1, ,
0, ,1, ,
-2, ,-1, ,
3, ,2, ,
-1, ,1, ,
1, ,1, ,
1, ,1, ,
0, ,1, ,
-2, ,-1, ,
2, ,3, ,
-1, ,-1, ,
-1, ,1, ,
1, ,2, ,
1, ,1, ,
-1, ,-2, ,
2, ,2, ,
-1, ,1, ,
0, ,1, ,
1, ,1, ,
0, ,1, ,
-2, ,-1, ,
2, ,2, ,
-2, ,1, ,
0, ,1, ,
1, ,1, ,
0, ,1, ,
-2, ,-1, ,
2, ,2, ,
-1, ,1, ,
0, ,-1, ,
1, ,1, ,
1, ,1, ,
-2, ,-1, ,
2, ,2, ,
-1, ,-1, ,
-1, ,-1, ,
1, ,1, ,
1, ,1, ,
-1, ,-2, ,
2, ,2, ,
-1, ,1, ,
1, ,-1, ,
2, ,1, ,
1, ,1, ,
-2, ,-1, ,
2, ,2, ,
-1, ,1, ,
0, ,-1, ,
2, ,1, ,
2, ,1, ,
-1, ,-1, ,
2, ,2, ,
0, ,1, ,
0, ,1, ,
1, ,1, ,
1, ,1, ,
-1, ,-1, ,
3, ,3, ,
0, ,1, ,
0, ,-1, ,
1, ,1, ,
1, ,1, ,
-2, ,-2, ,
3, ,2, ,
-1, ,1, ,
0, ,-1, ,
1, ,1, ,
1, ,1, ,
-2, ,-1, ,
2, ,2, ,
-1, ,1, ,
0, ,-1, ,
2, ,1, ,
1, ,1, ,
-2, ,-1, ,
3, ,2, ,
-1, ,1, ,
0, ,1, ,
2, ,1, ,
2, ,1, ,
-1, ,-1, ,
2, ,2, ,
-2, ,1, ,
0, ,-1, ,
2, ,2, ,
1, ,1, ,
-2, ,-2, ,
3, ,2, ,
-1, ,1, ,
0, ,1, ,
2, ,1, ,
1, ,1, ,
-2, ,-1, ,
2, ,2, ,
-1, ,1, ,
0, ,-1, ,
1, ,2, ,
1, ,1, ,
-1, ,-2, ,
3, ,2, ,
-1, ,1, ,
0, ,1, ,
1, ,1, ,
0, ,1, ,
-2, ,-1, ,
2, ,2, ,
-2, ,1, ,
0, ,-1, ,
2, ,2, ,
1, ,1, ,
-2, ,-2, ,
2, ,2, ,
-1, ,1, ,
-1, ,1, ,
1, ,1, ,
1, ,1, ,
-1, ,-2, ,
2, ,2, ,
-1, ,1, ,
-1, ,-1, ,
1, ,2, ,
1, ,1, ,
-2, ,-1, ,
2, ,2, ,
-1, ,1, ,
1, ,-1, ,
1, ,1, ,
1, ,1, ,
-2, ,-2, ,
2, ,2, ,
-1, ,1, ,
0, ,-1, ,
1, ,2, ,
1, ,1, ,
-2, ,-2, ,
2, ,2, ,
0, ,1, ,
1, ,-1, ,
1, ,1, ,
0, ,-1, ,
-2, ,-2, ,
2, ,2, ,
-1, ,-1, ,
-1, ,1, ,
2, ,2, ,
1, ,1, ,
-2, ,-2, ,
2, ,2, ,
-1, ,1, ,
-1, ,1, ,
1, ,1, ,
1, ,1, ,
-1, ,-2, ,
2, ,2, ,
-1, ,1, ,
-1, ,-1, ,
1, ,2, ,
1, ,1, ,
-2, ,-2, ,
3, ,2, ,
-1, ,1, ,
0, ,-1, ,
2, ,1, ,
0, ,1, ,
-2, ,-2, ,
2, ,2, ,
-2, ,-1, ,
0, ,-1, ,
1, ,2, ,
1, ,1, ,
-1, ,-2, ,
2, ,1, ,
-1, ,-1, ,
0, ,1, ,
1, ,1, ,
0, ,1, ,
-2, ,-2, ,
2, ,2, ,
-1, ,-1, ,
0, ,-1, ,
1, ,2, ,
0, ,1, ,
-3, ,-2, ,
2, ,1, ,
-1, ,1, ,
0, ,-1, ,
0, ,1, ,
0, ,1, ,
-2, ,-2, ,
2, ,2, ,
-1, ,-1, ,
0, ,-1, ,
2, ,1, ,
1, ,1, ,
-2, ,-2, ,
2, ,1, ,
-1, ,-1, ,
0, ,-1, ,
1, ,1, ,
1, ,1, ,
-2, ,-2, ,
2, ,2, ,
-1, ,-1, ,
0, ,-1, ,
1, ,2, ,
1, ,1, ,
-2, ,-2, ,
2, ,2, ,
-2, ,-1, ,
0, ,1, ,
1, ,1, ,
1, ,1, ,
-2, ,-2, ,
2, ,2, ,
-1, ,-1, ,
-1, ,-1, ,
1, ,2, ,
1, ,1, ,
-2, ,-2, ,
3, ,1, ,
-1, ,-1, ,
0, ,-1, ,
1, ,1, ,
0, ,1, ,
-2, ,-2, ,
1, ,2, ,
-2, ,-1, ,
0, ,-1, ,
1, ,2, ,
1, ,1, ,
-2, ,-2, ,
2, ,2, ,
-2, ,-1, ,
0, ,-1, ,
1, ,1, ,
0, ,-1, ,
-2, ,-2, ,
2, ,2, ,
-1, ,-1, ,
-1, ,-1, ,
1, ,2, ,
0, ,1, ,
-2, ,-2, ,
2, ,2, ,
-1, ,-1, ,
0, ,-1, ,
1, ,1, ,
1, ,1, ,
-2, ,-2, ,
2, ,2, ,
-1, ,-1, ,
0, ,-1, ,
1, ,1, ,
0, ,1, ,
-2, ,-2, ,
2, ,2, ,
-1, ,-1, ,
0, ,1, ,
1, ,1, ,
0, ,1, ,
-2, ,-2, ,
1, ,2, ,
-1, ,-1, ,
0, ,-1, ,
1, ,1, ,
0, ,1, ,
-2, ,-2, ,
2, ,2, ,
0, ,-1, ,
1, ,1, ,
1, ,1, ,
1, ,1, ,
-2, ,-2, ,
2, ,2, ,
-1, ,-1, ,
-1, ,-1, ,
1, ,2, ,
0, ,1, ,
-2, ,-2, ,
3, ,2, ,
0, ,-1, ,
1, ,-1, ,
1, ,1, ,
0, ,1, ,
-2, ,-2, ,
2, ,2, ,
-1, ,-1, ,
0, ,-1, ,
1, ,2, ,
1, ,1, ,
-1, ,-2, ,
3, ,2, ,
-1, ,-1, ,
0, ,-1, ,
1, ,1, ,
1, ,1, ,
-1, ,-2, ,
2, ,2, ,
-1, ,-1, ,
0, ,-1, ,
2, ,1, ,
1, ,1, ,
-2, ,-2, ,
3, ,1, ,
-1, ,-2, ,
0, ,-1, ,
1, ,1, ,
2, ,1, ,
-1, ,-2, ,
2, ,2, ,
-1, ,-1, ,
0, ,-1, ,
1, ,1, ,
1, ,1, ,
-2, ,-2, ,
3, ,2, ,
-1, ,-1, ,
1, ,-1, ,
1, ,1, ,
0, ,-1, ,
-2, ,-2, ,
2, ,2, ,
0, ,-1, ,
0, ,-1, ,
2, ,1, ,
2, ,1, ,
-1, ,-2, ,
2, ,1, ,
-1, ,-1, ,
0, ,-1, ,
1, ,1, ,
1, ,1, ,
-2, ,-2, ,
2, ,1, ,
-2, ,-1, ,
-1, ,-1, ,
2, ,2, ,
1, ,1, ,
-2, ,-2, ,
2, ,2, ,
-1, ,-1, ,
0, ,-1, ,
2, ,1, ,
1, ,1, ,
-2, ,-2, ,
1, ,2, ,
-1, ,-1, ,
0, ,-1, ,
1, ,1, ,
1, ,1, ,
-2, ,-2, ,
2, ,2, ,
-1, ,-1, ,
0, ,-1, ,
1, ,1, ,
1, ,1, ,
-1, ,-2, ,
2, ,2, ,
-1, ,-1, ,
0, ,-1, ,
1, ,2, ,
0, ,1, ,
-2, ,-2, ,
3, ,2, ,
-1, ,-1, ,
0, ,-1, ,
1, ,1, ,
1, ,1, ,
-2, ,-2, ,
2, ,2, ,
-1, ,-1, ,
-1, ,-1, ,
1, ,1, ,
1, ,1, ,
-2, ,-2, ,
2, ,2, ,
-1, ,-1, ,
1, ,1, ,
2, ,1, ,
1, ,1, ,
-2, ,-2, ,
2, ,2, ,
-2, ,-1, ,
-1, ,-1, ,
1, ,1, ,
1, ,1, ,
-3, ,-2, ,
2, ,2, ,
-1, ,-1, ,
0, ,-1, ,
1, ,1, ,
0, ,1, ,
-1, ,-2, ,
3, ,2, ,
-1, ,-1, ,
-1, ,-1, ,
1, ,1, ,
0, ,1, ,
-2, ,-2, ,
3, ,2, ,
-1, ,-1, ,
0, ,1, ,
1, ,1, ,
0, ,1, ,
-2, ,-2, ,
2, ,2, ,
-1, ,-1, ,
0, ,-1, ,
1, ,1, ,
0, ,1, ,
-1, ,-2, ,
3, ,2, ,
-1, ,-1, ,
0, ,-1, ,
1, ,1, ,
0, ,1, ,
-1, ,-2, ,
2, ,2, ,
-1, ,-1, ,
-1, ,-1, ,
1, ,1, ,
1, ,1, ,
-2, ,-2, ,
3, ,1, ,
-2, ,-1, ,
0, ,-1, ,
1, ,1, ,
0, ,-1, ,
-1, ,-2, ,
3, ,2, ,
0, ,-1, ,
-1, ,-1, ,
1, ,1, ,
1, ,1, ,
-2, ,-2, ,
2, ,1, ,
-1, ,-1, ,
1, ,-1, ,
1, ,1, ,
2, ,1, ,
-2, ,-2, ,
1, ,2, ,
-1, ,-1, ,
0, ,-1, ,
1, ,1, ,
1, ,1, ,
-1, ,-2, ,
2, ,1, ,
-1, ,-1, ,
0, ,1, ,
2, ,1, ,
1, ,1, ,
-2, ,-2, ,
3, ,1, ,
0, ,-1, ,
-1, ,-1, ,
1, ,1, ,
1, ,1, ,
-2, ,-2, ,
2, ,1, ,
-1, ,-1, ,
0, ,-1, ,
1, ,1, ,
1, ,1, ,
-2, ,-2, ,
1, ,2, ,
-1, ,-1, ,
0, ,-1, ,
1, ,1, ,
1, ,-1, ,
-2, ,-2, ,
2, ,1, ,
0, ,-1, ,
0, ,-1, ,
1, ,1, ,
0, ,1, ,
-2, ,-2, ,
2, ,2, ,
-1, ,-1, ,
-1, ,-1, ,
2, ,1, ,
1, ,1, ,
-2, ,-2, ,
2, ,2, ,
-1, ,-1, ,
0, ,1, ,
1, ,1, ,
1, ,1, ,
-2, ,-2, ,
2, ,2, ,
-2, ,-1, ,
-1, ,-1, ,
1, ,1, ,
0, ,1, ,
-2, ,-2, ,
2, ,1, ,
-1, ,-1, ,
0, ,-1, ,
1, ,1, ,
1, ,1, ,
-2, ,-2, ,
2, ,2, ,
-1, ,-1, ,
0, ,-1, ,
1, ,2, ,
1, ,1, ,
-2, ,-2, ,
2, ,1, ,
-2, ,-1, ,
0, ,-1, ,
1, ,1, ,
0, ,1, ,
-1, ,-2, ,
2, ,2, ,
-1, ,-1, ,
-1, ,-1, ,
1, ,2, ,
1, ,1, ,
-2, ,-2, ,
3, ,1, ,
0, ,-1, ,
0, ,-1, ,
1, ,1, ,
0, ,1, ,
-2, ,-2, ,
2, ,1, ,
0, ,-1, ,
-1, ,-1, ,
1, ,2, ,
1, ,1, ,
-2, ,-2, ,
3, ,2, ,
-1, ,-1, ,
0, ,1, ,
0, ,1, ,
0, ,1, ,
-2, ,-2, ,
2, ,2, ,
-1, ,-1, ,
0, ,-1, ,
1, ,1, ,
1, ,1, ,
-2, ,-2, ,
2, ,1, ,
-1, ,-1, ,
0, ,1, ,
1, ,1, ,
1, ,1, ,
-2, ,-2, ,
2, ,1, ,
-1, ,-1, ,
0, ,-1, ,
2, ,2, ,
1, ,1, ,
-2, ,-2, ,
2, ,1, ,
-1, ,-1, ,
0, ,-1, ,
1, ,-1, ,
1, ,1, ,
-2, ,-2, ,
1, ,2, ,
-2, ,-1, ,
-1, ,-1, ,
1, ,1, ,
1, ,1, ,
-1, ,-2, ,
2, ,1, ,
-1, ,-1, ,
-1, ,-1, ,
1, ,1, ,
1, ,1, ,
-2, ,-2, ,
2, ,2, ,
-1, ,-1, ,
-1, ,-1, ,
2, ,1, ,
0, ,1, ,
-2, ,-2, ,
2, ,1, ,
-1, ,-1, ,
0, ,-1, ,
1, ,1, ,
1, ,1, ,
-2, ,-2, ,
2, ,1, ,
-2, ,-2, ,
-1, ,-1, ,
1, ,1, ,
1, ,1, ,
-2, ,-2, ,
2, ,1, ,
0, ,-1, ,
0, ,-1, ,
1, ,-1, ,
0, ,1, ,
-2, ,-2, ,
2, ,1, ,
-1, ,-1, ,
-1, ,-1, ,
1, ,1, ,
1, ,1, ,
-2, ,-2, ,
2, ,1, ,
-1, ,-1, ,
0, ,-1, ,
1, ,-1, ,
0, ,1, ,
-2, ,-2, ,
1, ,2, ,
-11, ,-2, ,
-3, ,-1, ,
-4, ,1, ,
-5, ,1, ,
-2, ,-2, ,
1, ,1, ,
-2, ,-1, ,
1, ,-1, ,
0, ,-1, ,
-1, ,1, ,
-3, ,-2, ,
1, ,2, ,
-1, ,-2, ,
-1, ,-1, ,
1, ,2, ,
0, ,1, ,
-2, ,-2, ,
2, ,1, ,
-1, ,-1, ,
0, ,-1, ,
1, ,1, ,
1, ,1, ,
-1, ,-2, ,
1, ,1, ,
-1, ,-1, ,
-1, ,-1, ,
1, ,2, ,
1, ,1, ,
-2, ,-2, ,
1, ,1, ,
-1, ,-1, ,
1, ,1, ,
1, ,1, ,
2, ,1, ,
-2, ,-2, ,
2, ,2, ,
-1, ,-1, ,
0, ,-1, ,
2, ,1, ,
2, ,1, ,
-2, ,-2, ,
2, ,1, ,
-1, ,-1, ,
1, ,-1, ,
1, ,1, ,
0, ,1, ,
-2, ,-2, ,
2, ,1, ,
-1, ,-1, ,
0, ,-1, ,
1, ,1, ,
2, ,1, ,
-1, ,-2, ,
3, ,1, ,
-1, ,-1, ,
1, ,-1, ,
2, ,1, ,
1, ,1, ,
-1, ,-2, ,
3, ,1, ,
0, ,-2, ,
0, ,-1, ,
1, ,1, ,
1, ,1, ,
-2, ,-2, ,
2, ,2, ,
0, ,-1, ,
1, ,-1, ,
1, ,1, ,
0, ,-1, ,
-1, ,-2, ,
2, ,2, ,
0, ,-1, ,
0, ,-1, ,
1, ,1, ,
1, ,1, ,
-2, ,-2, ,
2, ,1, ,
0, ,-1, ,
0, ,-1, ,
1, ,1, ,
1, ,1, ,
-1, ,-2, ,
3, ,1, ,
-2, ,-1, ,
-2, ,-1, ,
1, ,1, ,
1, ,1, ,
-2, ,-2, ,
2, ,1, ,
0, ,-1, ,
1, ,-1, ,
2, ,-1, ,
1, ,1, ,
-2, ,-2, ,
2, ,2, ,
-1, ,-1, ,
-1, ,-1, ,
1, ,1, ,
1, ,1, ,
-1, ,-2, ,
2, ,2, ,
-1, ,-1, ,
0, ,-1, ,
1, ,1, ,
1, ,1, ,
-1, ,-2, ,
2, ,1, ,
-1, ,-1, ,
0, ,-1, ,
2, ,1, ,
2, ,1, ,
-1, ,-2, ,
2, ,1, ,
-1, ,-1, ,
0, ,-1, ,
1, ,-1, ,
1, ,1, ,
-1, ,-2, ,
2, ,2, ,
0, ,-1, ,
0, ,-1, ,
1, ,1, ,
1, ,1, ,
-1, ,-2, ,
3, ,1, ,
-1, ,-1, ,
1, ,-1, ,
1, ,-1, ,
0, ,1, ,
-2, ,-2, ,
2, ,2, ,
-1, ,-1, ,
0, ,-1, ,
2, ,1, ,
1, ,1, ,
-2, ,-2, ,
3, ,1, ,
-1, ,-1, ,
1, ,-1, ,
1, ,1, ,
1, ,1, ,
-2, ,-2, ,
2, ,2, ,
-1, ,-2, ,
-1, ,-1, ,
1, ,2, ,
1, ,1, ,
-2, ,-2, ,
1, ,1, ,
-1, ,-1, ,
0, ,-1, ,
1, ,-1, ,
0, ,1, ,
-2, ,-2, ,
1, ,2, ,
-2, ,-1, ,
0, ,-1, ,
1, ,2, ,
0, ,1, ,
-1, ,-2, ,
2, ,1, ,
-1, ,-1, ,
-1, ,-1, ,
1, ,1, ,
0, ,1, ,
-2, ,-2, ,
2, ,2, ,
-1, ,-2, ,
-1, ,-1, ,
1, ,1, ,
1, ,1, ,
-2, ,-2, ,
2, ,1, ,
-2, ,-1, ,
-1, ,-1, ,
1, ,1, ,
0, ,1, ,
-2, ,-2, ,
2, ,1, ,
-1, ,-2, ,
-1, ,-1, ,
1, ,2, ,
1, ,1, ,
-2, ,-2, ,
2, ,1, ,
-1, ,-1, ,
0, ,-1, ,
0, ,1, ,
1, ,1, ,
-2, ,-2, ,
1, ,2, ,
-1, ,-1, ,
0, ,-1, ,
1, ,1, ,
1, ,1, ,
-1, ,-2, ,
2, ,2, ,
-1, ,-1, ,
1, ,-1, ,
1, ,1, ,
1, ,1, ,
-2, ,-2, ,
2, ,1, ,
-1, ,-1, ,
0, ,-1, ,
1, ,2, ,
1, ,1, ,
-1, ,-2, ,
3, ,1, ,
-1, ,-1, ,
0, ,-1, ,
1, ,1, ,
2, ,1, ,
-1, ,-2, ,
3, ,2, ,
-1, ,-1, ,
0, ,-2, ,
1, ,1, ,
1, ,1, ,
-1, ,-2, ,
3, ,1, ,
-1, ,-1, ,
0, ,-1, ,
1, ,-1, ,
0, ,1, ,
-2, ,-2, ,
2, ,1, ,
-1, ,-2, ,
0, ,-1, ,
1, ,2, ,
1, ,1, ,
-1, ,-2, ,
2, ,1, ,
-2, ,-1, ,
1, ,-1, ,
2, ,1, ,
1, ,-1, ,
-1, ,-2, ,
2, ,2, ,
-1, ,-1, ,
-1, ,-1, ,
1, ,1, ,
1, ,1, ,
-2, ,-2, ,
3, ,1, ,
0, ,-1, ,
0, ,-1, ,
1, ,-1, ,
1, ,1, ,
-1, ,-2, ,
2, ,2, ,
-1, ,-1, ,
0, ,-1, ,
2, ,1, ,
1, ,1, ,
-1, ,-2, ,
2, ,1, ,
-1, ,-1, ,
0, ,-1, ,
1, ,-1, ,
1, ,-1, ,
-2, ,-2, ,
2, ,2, ,
-1, ,-1, ,
0, ,-1, ,
1, ,1, ,
1, ,1, ,
-2, ,-2, ,
2, ,2, ,
-1, ,-1, ,
0, ,-1, ,
1, ,-1, ,
1, ,1, ,
-2, ,-2, ,
1, ,2, ,
-1, ,-1, ,
-1, ,-1, ,
2, ,1, ,
0, ,1, ,
-2, ,-2, ,
2, ,1, ,
-1, ,-1, ,
1, ,-1, ,
1, ,1, ,
0, ,1, ,
-2, ,-2, ,
2, ,1, ,
-1, ,-2, ,
0, ,-1, ,
2, ,1, ,
1, ,1, ,
-1, ,-2, ,
2, ,1, ,
-2, ,-1, ,
-1, ,-1, ,
1, ,1, ,
1, ,1, ,
-1, ,-2, ,
2, ,1, ,
-1, ,-2, ,
-2, ,-1, ,
1, ,1, ,
1, ,1, ,
-2, ,-2, ,
3, ,2, ,
-1, ,-1, ,
0, ,-1, ,
1, ,-1, ,
1, ,1, ,
-2, ,-2, ,
1, ,2, ,
-1, ,-2, ,
-1, ,-1, ,
1, ,1, ,
1, ,1, ,
-2, ,-2, ,
3, ,2, ,
-1, ,-1, ,
1, ,-1, ,
1, ,-1, ,
1, ,1, ,
-1, ,-2, ,
2, ,1, ,
-1, ,-2, ,
0, ,-1, ,
1, ,1, ,
0, ,1, ,
-2, ,-2, ,
3, ,1, ,
0, ,-1, ,
0, ,-1, ,
1, ,1, ,
0, ,1, ,
-2, ,-2, ,
2, ,1, ,
-1, ,-1, ,
-1, ,-1, ,
1, ,1, ,
1, ,1, ,
-2, ,-2, ,
3, ,1, ,
0, ,-1, ,
1, ,-1, ,
1, ,-1, ,
0, ,1, ,
-2, ,-2, ,
2, ,1, ,
-1, ,-1, ,
0, ,-1, ,
2, ,1, ,
0, ,1, ,
-2, ,-2, ,
2, ,1, ,
-1, ,-1, ,
1, ,-1, ,
1, ,-1, ,
1, ,1, ,
-1, ,-2, ,
2, ,1, ,
-1, ,-1, ,
0, ,-1, ,
1, ,1, ,
1, ,1, ,
-2, ,-2, ,
2, ,1, ,
-1, ,-1, ,
0, ,-1, ,
2, ,-1, ,
0, ,1, ,
-1, ,-2, ,
2, ,2, ,
-1, ,-2, ,
-1, ,-1, ,
1, ,1, ,
1, ,1, ,
-2, ,-2, ,
3, ,1, ,
-1, ,-1, ,
0, ,-1, ,
1, ,-1, ,
1, ,1, ,
-2, ,-2, ,
2, ,2, ,
-2, ,-1, ,
-1, ,-1, ,
1, ,1, ,
1, ,1, ,
-2, ,-2, ,
2, ,1, ,
-2, ,-1, ,
-1, ,-1, ,
1, ,1, ,
1, ,1, ,
-2, ,-2, ,
2, ,2, ,
-1, ,-1, ,
-1, ,-1, ,
1, ,1, ,
1, ,1, ,
-2, ,-2, ,
2, ,1, ,
-1, ,-1, ,
0, ,-1, ,
1, ,1, ,
0, ,1, ,
-2, ,-2, ,
1, ,2, ,
-1, ,-1, ,
0, ,-1, ,
1, ,1, ,
1, ,1, ,
-2, ,-2, ,
2, ,2, ,
-2, ,-1, ,
0, ,1, ,
0, ,1, ,
0, ,1, ,
-2, ,-2, ,
2, ,1, ,
-1, ,-1, ,
-1, ,-1, ,
1, ,1, ,
1, ,1, ,
-1, ,-2, ,
2, ,1, ,
-1, ,-1, ,
0, ,-1, ,
1, ,1, ,
1, ,-1, ,
-1, ,-2, ,
2, ,2, ,
-1, ,-1, ,
0, ,-1, ,
1, ,1, ,
0, ,1, ,
-1, ,-2, ,
3, ,1, ,
-1, ,-1, ,
1, ,-1, ,
1, ,1, ,
1, ,1, ,
-2, ,-2, ,
2, ,1, ,
-1, ,-1, ,
0, ,-1, ,
1, ,1, ,
1, ,1, ,
-2, ,-2, ,
3, ,1, ,
-1, ,-1, ,
0, ,-1, ,
1, ,-1, ,
1, ,1, ,
-1, ,-1, ,
2, ,2, ,
-1, ,-1, ,
0, ,-1, ,
1, ,1, ,
0, ,1, ,
-2, ,-2, ,
3, ,1, ,
0, ,-1, ,
1, ,-1, ,
1, ,1, ,
0, ,1, ,
-1, ,-2, ,
2, ,2, ,
-1, ,-2, ,
0, ,-1, ,
2, ,1, ,
1, ,1, ,
-1, ,-2, ,
2, ,1, ,
-1, ,-1, ,
1, ,-1, ,
1, ,1, ,
0, ,1, ,
-2, ,-2, ,
3, ,2, ,
-1, ,-1, ,
0, ,-1, ,
1, ,1, ,
1, ,1, ,
-2, ,-2, ,
3, ,1, ,
0, ,-1, ,
0, ,-1, ,
1, ,-1, ,
1, ,1, ,
-1, ,-2, ,
2, ,2, ,
-1, ,-1, ,
-1, ,-1, ,
1, ,1, ,
1, ,1, ,
-2, ,-2, ,
3, ,1, ,
-1, ,-1, ,
1, ,-1, ,
2, ,1, ,
1, ,1, ,
-2, ,-2, ,
2, ,1, ,
-1, ,-1, ,
0, ,-1, ,
1, ,2, ,
2, ,1, ,
-2, ,-2, ,
2, ,1, ,
-1, ,-1, ,
0, ,-1, ,
1, ,1, ,
1, ,-1, ,
-2, ,-2, ,
2, ,1, ,
-1, ,-1, ,
-1, ,-1, ,
1, ,1, ,
1, ,1, ,
-2, ,-2, ,
3, ,1, ,
-1, ,-1, ,
1, ,-1, ,
1, ,-1, ,
1, ,1, ,
-2, ,-2, ,
2, ,2, ,
-1, ,-2, ,
0, ,-1, ,
1, ,1, ,
0, ,1, ,
-2, ,-2, ,
2, ,2, ,
-1, ,-1, ,
1, ,-1, ,
1, ,1, ,
1, ,1, ,
-2, ,-2, ,
1, ,2, ,
-1, ,-1, ,
0, ,-1, ,
2, ,2, ,
1, ,1, ,
-2, ,-2, ,
2, ,1, ,
-1, ,-1, ,
0, ,-1, ,
1, ,-1, ,
0, ,1, ,
-1, ,-2, ,
2, ,2, ,
-1, ,-1, ,
0, ,-1, ,
2, ,1, ,
1, ,1, ,
-2, ,-2, ,
3, ,1, ,
-1, ,-1, ,
0, ,-1, ,
2, ,-1, ,
1, ,1, ,
-2, ,-2, ,
1, ,2, ,
-1, ,-1, ,
0, ,-1, ,
1, ,1, ,
2, ,1, ,
-1, ,-2, ,
3, ,1, ,
-2, ,-1, ,
-1, ,-1, ,
1, ,1, ,
1, ,1, ,
-1, ,-2, ,
3, ,2, ,
-1, ,-1, ,
-1, ,-1, ,
1, ,1, ,
1, ,1, ,
-2, ,-2, ,
3, ,1, ,
-1, ,-1, ,
0, ,-1, ,
1, ,-1, ,
0, ,1, ,
-2, ,-2, ,
2, ,1, ,
-1, ,-1, ,
-1, ,-1, ,
1, ,1, ,
1, ,1, ,
-1, ,-2, ,
3, ,1, ,
-1, ,-1, ,
-1, ,-1, ,
1, ,-1, ,
1, ,1, ,
-1, ,-2, ,
2, ,2, ,
-1, ,-1, ,
0, ,-1, ,
2, ,1, ,
1, ,1, ,
-2, ,-2, ,
2, ,1, ,
-1, ,-1, ,
0, ,-1, ,
1, ,1, ,
1, ,-1, ,
-1, ,-2, ,
2, ,1, ,
-1, ,-1, ,
0, ,-1, ,
2, ,1, ,
0, ,1, ,
-2, ,-2, ,
2, ,1, ,
-1, ,-1, ,
1, ,-1, ,
1, ,1, ,
1, ,-1, ,
-2, ,-2, ,
2, ,2, ,
-2, ,-1, ,
-1, ,-1, ,
1, ,1, ,
1, ,1, ,
-2, ,-2, ,
2, ,1, ,
-1, ,-1, ,
0, ,-1, ,
1, ,-1, ,
0, ,1, ,
-1, ,-2, ,
2, ,2, ,
-1, ,-1, ,
-1, ,-1, ,
1, ,1, ,
0, ,1, ,
-2, ,-2, ,
2, ,1, ,
-1, ,-1, ,
-1, ,-1, ,
1, ,1, ,
0, ,1, ,
-2, ,-2, ,
1, ,2, ,
-2, ,-1, ,
-1, ,-1, ,
1, ,1, ,
1, ,1, ,
-2, ,-2, ,
3, ,1, ,
-1, ,-1, ,
0, ,-1, ,
1, ,1, ,
0, ,1, ,
-2, ,-2, ,
1, ,1, ,
-2, ,-1, ,
-1, ,-1, ,
2, ,1, ,
1, ,1, ,
-2, ,-2, ,
2, ,2, ,
-1, ,-1, ,
0, ,1, ,
1, ,1, ,
1, ,1, ,
-2, ,-2, ,
2, ,2, ,
0, ,-1, ,
0, ,-1, ,
1, ,1, ,
0, ,1, ,
-2, ,-2, ,
2, ,2, ,
0, ,-1, ,
1, ,-1, ,
2, ,1, ,
1, ,-1, ,
-2, ,-2, ,
2, ,2, ,
-1, ,-2, ,
0, ,-1, ,
2, ,1, ,
2, ,1, ,
-2, ,-2, ,
2, ,1, ,
-1, ,-1, ,
1, ,-1, ,
1, ,1, ,
1, ,-1, ,
-1, ,-2, ,
3, ,2, ,
-1, ,-1, ,
-1, ,-1, ,
1, ,2, ,
1, ,1, ,
-1, ,-2, ,
3, ,1, ,
-1, ,-1, ,
1, ,-1, ,
1, ,1, ,
1, ,1, ,
0, ,-2, ,
2, ,2, ,
-1, ,-2, ,
0, ,-1, ,
2, ,1, ,
1, ,1, ,
-2, ,-2, ,
3, ,1, ,
0, ,-1, ,
0, ,-1, ,
1, ,1, ,
1, ,-1, ,
-2, ,-2, ,
2, ,2, ,
-1, ,-1, ,
0, ,-1, ,
2, ,1, ,
1, ,1, ,
-2, ,-2, ,
3, ,1, ,
-1, ,-1, ,
0, ,-1, ,
1, ,1, ,
1, ,-1, ,
