Format,1.0B,
Memory Length,10000,Memory Length,10000,
IntpDistance,0,IntpDistance,0,
Trigger Address,4999,Trigger Address,4999,
Trigger Level,1.040E+00,Trigger Level,1.040E+00,
Source,CH1,Source,CH2,
Vertical Units,V,Vertical Units,V,
Vertical Units Div,0,Vertical Units Div,0,
Vertical Units Extend Div,16,Vertical Units Extend Div,16,
Label,,Label,,
Probe Type,0,Probe Type,0,
Probe Ratio,1.000e+01,Probe Ratio,1.000e+00,
Vertical Scale,5.000e-01,Vertical Scale,1.000e+00,
Vertical Position,-1.820e+00,Vertical Position,0.000e+00,
Horizontal Units,S,Horizontal Units,S,
Horizontal Scale,2.000E-05,Horizontal Scale,2.000E-05,
Horizontal Position,0.000E+00,Horizontal Position,0.000E+00,
Horizontal Mode,Main,Horizontal Mode,Main,
SincET Mode,Real Time,SincET Mode,Real Time,
Sampling Period,2.000e-08,Sampling Period,2.000e-08,
Horizontal Old Scale,2.000E-05,Horizontal Old Scale,2.000E-05,
Horizontal Old Position,0.000E+00,Horizontal Old Position,0.000E+00,
Firmware,V1.23,Firmware,V1.23,
Mode,Fast,Mode,Fast,
Waveform Data,,Waveform Data,,
-1, ,-55, ,
1, ,-54, ,
1, ,-54, ,
-1, ,-54, ,
1, ,-54, ,
-1, ,-54, ,
1, ,-55, ,
1, ,-54, ,
1, ,-54, ,
-1, ,-54, ,
1, ,-54, ,
-1, ,-54, ,
-1, ,-54, ,
1, ,-54, ,
1, ,-54, ,
-1, ,-54, ,
1, ,-54, ,
-1, ,-54, ,
-1, ,-54, ,
1, ,-54, ,
1, ,-54, ,
-1, ,-54, ,
1, ,-54, ,
-1, ,-54, ,
-1, ,-55, ,
1, ,-54, ,
1, ,-54, ,
-1, ,-54, ,
1, ,-54, ,
-1, ,-54, ,
-1, ,-55, ,
1, ,-54, ,
1, ,-55, ,
-1, ,-54, ,
1, ,-54, ,
-1, ,-54, ,
-1, ,-54, ,
1, ,-54, ,
1, ,-54, ,
-1, ,-54, ,
1, ,-54, ,
1, ,-54, ,
-1, ,-55, ,
1, ,-54, ,
2, ,-54, ,
-1, ,-54, ,
1, ,-54, ,
-1, ,-54, ,
1, ,-54, ,
1, ,-54, ,
1, ,-54, ,
-1, ,-54, ,
1, ,-55, ,
-1, ,-54, ,
1, ,-55, ,
1, ,-54, ,
1, ,-54, ,
-1, ,-54, ,
1, ,-54, ,
-1, ,-54, ,
-1, ,-55, ,
1, ,-54, ,
1, ,-54, ,
-1, ,-54, ,
1, ,-54, ,
-1, ,-54, ,
-1, ,-55, ,
1, ,-54, ,
1, ,-54, ,
-1, ,-54, ,
1, ,-54, ,
-1, ,-54, ,
-1, ,-54, ,
1, ,-54, ,
1, ,-54, ,
-1, ,-54, ,
1, ,-54, ,
1, ,-54, ,
1, ,-55, ,
1, ,-54, ,
1, ,-54, ,
-1, ,-54, ,
1, ,-54, ,
-1, ,-54, ,
1, ,-55, ,
1, ,-54, ,
1, ,-54, ,
-1, ,-54, ,
1, ,-54, ,
-1, ,-54, ,
-1, ,-54, ,
1, ,-54, ,
1, ,-54, ,
-1, ,-54, ,
1, ,-54, ,
-1, ,-54, ,
1, ,-55, ,
1, ,-54, ,
1, ,-54, ,
-1, ,-54, ,
1, ,-54, ,
-1, ,-54, ,
-1, ,-54, ,
1, ,-54, ,
1, ,-54, ,
-1, ,-54, ,
1, ,-54, ,
-1, ,-54, ,
-1, ,-55, ,
1, ,-54, ,
1, ,-54, ,
-1, ,-54, ,
1, ,-54, ,
-1, ,-54, ,
-1, ,-54, ,
1, ,-54, ,
1, ,-54, ,
-1, ,-54, ,
1, ,-54, ,
-1, ,-54, ,
-1, ,-55, ,
1, ,-54, ,
1, ,-54, ,
-1, ,-54, ,
1, ,-54, ,
-1, ,-54, ,
-1, ,-55, ,
1, ,-54, ,
1, ,-54, ,
-1, ,-54, ,
1, ,-54, ,
1, ,-54, ,
-1, ,-55, ,
1, ,-54, ,
1, ,-54, ,
-1, ,-54, ,
1, ,-54, ,
-1, ,-54, ,
1, ,-54, ,
1, ,-54, ,
1, ,-54, ,
-1, ,-54, ,
1, ,-54, ,
-1, ,-54, ,
1, ,-55, ,
1, ,-54, ,
1, ,-54, ,
-1, ,-54, ,
1, ,-54, ,
-1, ,-54, ,
-1, ,-55, ,
1, ,-54, ,
1, ,-54, ,
-1, ,-54, ,
2, ,-54, ,
-1, ,-54, ,
1, ,-54, ,
1, ,-54, ,
1, ,-54, ,
-1, ,-55, ,
1, ,-54, ,
-1, ,-54, ,
1, ,-54, ,
1, ,-54, ,
1, ,-54, ,
-1, ,-54, ,
1, ,-54, ,
-1, ,-54, ,
1, ,-55, ,
1, ,-54, ,
1, ,-54, ,
-1, ,-54, ,
1, ,-54, ,
-1, ,-54, ,
1, ,-55, ,
1, ,-54, ,
1, ,-54, ,
-1, ,-54, ,
1, ,-54, ,
-1, ,-54, ,
-1, ,-55, ,
1, ,-54, ,
1, ,-54, ,
-1, ,-54, ,
1, ,-54, ,
-1, ,-54, ,
-1, ,-55, ,
1, ,-54, ,
1, ,-54, ,
-1, ,-54, ,
1, ,-54, ,
-1, ,-54, ,
1, ,-55, ,
1, ,-54, ,
1, ,-54, ,
-1, ,-54, ,
1, ,-54, ,
-1, ,-54, ,
1, ,-54, ,
1, ,-54, ,
1, ,-54, ,
-1, ,-54, ,
1, ,-54, ,
-1, ,-54, ,
1, ,-55, ,
1, ,-54, ,
1, ,-54, ,
-1, ,-54, ,
2, ,-54, ,
-1, ,-54, ,
-1, ,-54, ,
1, ,-54, ,
1, ,-54, ,
-1, ,-54, ,
1, ,-54, ,
-1, ,-54, ,
-1, ,-55, ,
1, ,-54, ,
1, ,-54, ,
-1, ,-54, ,
1, ,-54, ,
-1, ,-54, ,
1, ,-55, ,
1, ,-54, ,
1, ,-54, ,
-1, ,-54, ,
1, ,-54, ,
-1, ,-54, ,
1, ,-55, ,
1, ,-54, ,
1, ,-54, ,
-1, ,-54, ,
1, ,-54, ,
-1, ,-54, ,
-1, ,-55, ,
1, ,-54, ,
2, ,-54, ,
-1, ,-54, ,
1, ,-54, ,
-1, ,-54, ,
-1, ,-55, ,
1, ,-54, ,
1, ,-54, ,
-1, ,-54, ,
1, ,-54, ,
-1, ,-54, ,
-1, ,-55, ,
1, ,-54, ,
1, ,-54, ,
-1, ,-54, ,
1, ,-55, ,
-1, ,-54, ,
-1, ,-55, ,
1, ,-54, ,
1, ,-54, ,
-1, ,-54, ,
1, ,-54, ,
-1, ,-54, ,
-1, ,-55, ,
1, ,-54, ,
1, ,-54, ,
-1, ,-54, ,
1, ,-54, ,
-1, ,-54, ,
-1, ,-55, ,
1, ,-54, ,
1, ,-54, ,
-1, ,-54, ,
1, ,-54, ,
-1, ,-54, ,
-1, ,-54, ,
1, ,-54, ,
1, ,-54, ,
-1, ,-54, ,
1, ,-54, ,
-1, ,-54, ,
-1, ,-55, ,
1, ,-54, ,
1, ,-54, ,
-1, ,-54, ,
1, ,-54, ,
-1, ,-54, ,
1, ,-55, ,
1, ,-54, ,
1, ,-54, ,
-1, ,-54, ,
1, ,-54, ,
-1, ,-54, ,
-1, ,-54, ,
1, ,-54, ,
1, ,-54, ,
-1, ,-54, ,
1, ,-54, ,
-1, ,-54, ,
1, ,-55, ,
1, ,-54, ,
1, ,-54, ,
-1, ,-54, ,
1, ,-54, ,
-1, ,-54, ,
-1, ,-55, ,
1, ,-54, ,
2, ,-54, ,
-1, ,-54, ,
1, ,-54, ,
1, ,-44, ,
1, ,-24, ,
1, ,-8, ,
1, ,4, ,
-1, ,14, ,
2, ,20, ,
-1, ,25, ,
1, ,28, ,
1, ,32, ,
1, ,34, ,
-1, ,35, ,
1, ,37, ,
1, ,37, ,
-1, ,38, ,
1, ,39, ,
1, ,39, ,
-1, ,39, ,
1, ,39, ,
-1, ,39, ,
-1, ,39, ,
1, ,40, ,
1, ,39, ,
-1, ,39, ,
1, ,39, ,
1, ,39, ,
-1, ,39, ,
1, ,39, ,
1, ,39, ,
-1, ,39, ,
1, ,40, ,
-1, ,39, ,
-1, ,39, ,
1, ,39, ,
1, ,39, ,
-1, ,39, ,
1, ,39, ,
-1, ,39, ,
-1, ,40, ,
1, ,39, ,
1, ,39, ,
-1, ,39, ,
1, ,39, ,
1, ,39, ,
-1, ,39, ,
1, ,39, ,
1, ,39, ,
-1, ,39, ,
1, ,39, ,
1, ,39, ,
1, ,39, ,
1, ,39, ,
-1, ,39, ,
-1, ,39, ,
2, ,39, ,
1, ,39, ,
-1, ,39, ,
1, ,39, ,
-1, ,39, ,
-1, ,39, ,
1, ,39, ,
1, ,39, ,
-1, ,39, ,
1, ,39, ,
1, ,39, ,
-1, ,39, ,
1, ,39, ,
-1, ,39, ,
-1, ,39, ,
1, ,39, ,
1, ,39, ,
-1, ,39, ,
1, ,39, ,
-1, ,39, ,
-1, ,39, ,
1, ,39, ,
-1, ,39, ,
-1, ,39, ,
1, ,39, ,
-1, ,39, ,
-1, ,39, ,
1, ,39, ,
1, ,39, ,
-1, ,39, ,
1, ,39, ,
-1, ,39, ,
-1, ,39, ,
1, ,39, ,
-1, ,39, ,
-1, ,39, ,
1, ,39, ,
1, ,39, ,
-1, ,39, ,
1, ,39, ,
1, ,39, ,
-1, ,39, ,
1, ,39, ,
1, ,39, ,
-1, ,39, ,
1, ,38, ,
1, ,39, ,
-1, ,39, ,
1, ,39, ,
1, ,39, ,
-1, ,39, ,
1, ,39, ,
1, ,39, ,
-1, ,39, ,
1, ,39, ,
-1, ,39, ,
-1, ,39, ,
1, ,38, ,
1, ,39, ,
-1, ,39, ,
1, ,39, ,
-1, ,39, ,
-1, ,39, ,
1, ,39, ,
1, ,39, ,
-1, ,39, ,
1, ,39, ,
-1, ,39, ,
-1, ,39, ,
1, ,39, ,
1, ,39, ,
-1, ,39, ,
1, ,39, ,
1, ,38, ,
-1, ,39, ,
1, ,39, ,
-1, ,39, ,
-1, ,39, ,
1, ,39, ,
-1, ,39, ,
-1, ,39, ,
1, ,39, ,
1, ,39, ,
-1, ,39, ,
1, ,39, ,
-1, ,38, ,
-1, ,39, ,
1, ,39, ,
1, ,38, ,
-1, ,39, ,
1, ,39, ,
-1, ,39, ,
-1, ,39, ,
1, ,39, ,
1, ,39, ,
-1, ,39, ,
1, ,39, ,
1, ,39, ,
-1, ,39, ,
1, ,39, ,
-1, ,39, ,
-1, ,36, ,
1, ,19, ,
-1, ,0, ,
-1, ,-14, ,
1, ,-24, ,
-1, ,-32, ,
-1, ,-38, ,
1, ,-42, ,
-1, ,-46, ,
-1, ,-49, ,
1, ,-50, ,
1, ,-52, ,
-1, ,-53, ,
1, ,-53, ,
-1, ,-53, ,
-1, ,-54, ,
1, ,-54, ,
1, ,-55, ,
-1, ,-55, ,
1, ,-55, ,
-1, ,-55, ,
-1, ,-55, ,
1, ,-55, ,
1, ,-55, ,
-1, ,-55, ,
1, ,-55, ,
-1, ,-55, ,
-1, ,-55, ,
1, ,-55, ,
1, ,-55, ,
-1, ,-55, ,
1, ,-55, ,
-1, ,-55, ,
-1, ,-55, ,
1, ,-54, ,
1, ,-55, ,
-1, ,-55, ,
1, ,-55, ,
-1, ,-55, ,
-1, ,-55, ,
1, ,-55, ,
1, ,-55, ,
-1, ,-54, ,
1, ,-54, ,
-1, ,-54, ,
-1, ,-55, ,
1, ,-54, ,
1, ,-54, ,
-1, ,-55, ,
1, ,-54, ,
-1, ,-54, ,
-1, ,-55, ,
1, ,-54, ,
1, ,-54, ,
-1, ,-54, ,
1, ,-54, ,
-1, ,-54, ,
-1, ,-55, ,
1, ,-54, ,
1, ,-54, ,
-1, ,-55, ,
1, ,-54, ,
-1, ,-54, ,
-1, ,-55, ,
1, ,-54, ,
1, ,-54, ,
-1, ,-54, ,
2, ,-54, ,
-1, ,-54, ,
-1, ,-55, ,
1, ,-54, ,
1, ,-55, ,
-1, ,-54, ,
1, ,-54, ,
-1, ,-54, ,
-1, ,-55, ,
1, ,-54, ,
1, ,-54, ,
-1, ,-54, ,
1, ,-54, ,
-1, ,-54, ,
-1, ,-55, ,
1, ,-54, ,
1, ,-54, ,
-1, ,-55, ,
1, ,-54, ,
-1, ,-54, ,
1, ,-54, ,
1, ,-54, ,
1, ,-54, ,
-1, ,-54, ,
1, ,-54, ,
-1, ,-54, ,
-1, ,-55, ,
1, ,-54, ,
1, ,-54, ,
-1, ,-54, ,
1, ,-54, ,
-1, ,-55, ,
-1, ,-55, ,
1, ,-54, ,
1, ,-54, ,
-1, ,-54, ,
1, ,-54, ,
-1, ,-54, ,
1, ,-55, ,
1, ,-54, ,
1, ,-54, ,
-1, ,-54, ,
1, ,-54, ,
-1, ,-54, ,
-1, ,-54, ,
1, ,-54, ,
1, ,-54, ,
-1, ,-54, ,
1, ,-54, ,
-1, ,-54, ,
-1, ,-55, ,
1, ,-54, ,
1, ,-54, ,
-1, ,-54, ,
1, ,-54, ,
-1, ,-54, ,
1, ,-55, ,
1, ,-54, ,
1, ,-54, ,
-1, ,-54, ,
1, ,-54, ,
-1, ,-54, ,
-1, ,-55, ,
1, ,-54, ,
1, ,-54, ,
-1, ,-54, ,
1, ,-54, ,
-1, ,-54, ,
1, ,-55, ,
1, ,-54, ,
1, ,-54, ,
-1, ,-54, ,
1, ,-54, ,
-1, ,-54, ,
1, ,-55, ,
1, ,-54, ,
1, ,-54, ,
-1, ,-54, ,
1, ,-54, ,
-1, ,-54, ,
-1, ,-55, ,
1, ,-54, ,
1, ,-54, ,
-1, ,-54, ,
1, ,-54, ,
-1, ,-54, ,
1, ,-55, ,
1, ,-54, ,
2, ,-54, ,
-1, ,-54, ,
1, ,-54, ,
-1, ,-54, ,
-1, ,-54, ,
1, ,-54, ,
1, ,-54, ,
-1, ,-54, ,
1, ,-54, ,
-1, ,-54, ,
-1, ,-55, ,
1, ,-54, ,
1, ,-54, ,
-1, ,-55, ,
1, ,-54, ,
-1, ,-54, ,
-1, ,-55, ,
1, ,-54, ,
1, ,-54, ,
-1, ,-54, ,
1, ,-54, ,
-1, ,-54, ,
-1, ,-55, ,
1, ,-54, ,
1, ,-54, ,
-1, ,-54, ,
1, ,-54, ,
-1, ,-54, ,
-1, ,-54, ,
1, ,-54, ,
1, ,-54, ,
-2, ,-54, ,
1, ,-54, ,
-1, ,-54, ,
-1, ,-54, ,
1, ,-54, ,
1, ,-54, ,
-1, ,-54, ,
1, ,-54, ,
-1, ,-54, ,
-1, ,-55, ,
1, ,-54, ,
1, ,-54, ,
-1, ,-54, ,
1, ,-54, ,
-1, ,-54, ,
-1, ,-54, ,
1, ,-54, ,
1, ,-54, ,
-2, ,-54, ,
1, ,-54, ,
-1, ,-54, ,
-1, ,-54, ,
1, ,-54, ,
1, ,-54, ,
-1, ,-54, ,
1, ,-54, ,
-1, ,-54, ,
-1, ,-55, ,
1, ,-54, ,
1, ,-54, ,
-1, ,-54, ,
1, ,-54, ,
-1, ,-54, ,
-1, ,-55, ,
1, ,-54, ,
1, ,-54, ,
-1, ,-54, ,
1, ,-54, ,
-1, ,-54, ,
1, ,-55, ,
1, ,-54, ,
1, ,-54, ,
-1, ,-55, ,
1, ,-54, ,
-1, ,-54, ,
-1, ,-55, ,
1, ,-54, ,
1, ,-54, ,
-1, ,-54, ,
1, ,-54, ,
-1, ,-54, ,
1, ,-55, ,
1, ,-54, ,
1, ,-54, ,
-1, ,-54, ,
1, ,-54, ,
-1, ,-54, ,
-1, ,-54, ,
1, ,-54, ,
1, ,-54, ,
-1, ,-54, ,
1, ,-54, ,
-1, ,-55, ,
1, ,-54, ,
1, ,-54, ,
1, ,-54, ,
-1, ,-54, ,
1, ,-54, ,
-1, ,-54, ,
-1, ,-54, ,
1, ,-54, ,
1, ,-54, ,
-1, ,-54, ,
1, ,-54, ,
-1, ,-54, ,
-1, ,-55, ,
1, ,-54, ,
1, ,-54, ,
-1, ,-54, ,
1, ,-54, ,
-1, ,-54, ,
1, ,-54, ,
1, ,-54, ,
1, ,-54, ,
-1, ,-54, ,
1, ,-54, ,
-1, ,-54, ,
1, ,-55, ,
1, ,-54, ,
1, ,-54, ,
-1, ,-54, ,
2, ,-54, ,
-1, ,-54, ,
-1, ,-54, ,
1, ,-54, ,
1, ,-54, ,
-1, ,-54, ,
1, ,-54, ,
-1, ,-54, ,
-1, ,-54, ,
1, ,-54, ,
1, ,-54, ,
-1, ,-54, ,
1, ,-54, ,
-1, ,-54, ,
1, ,-55, ,
1, ,-54, ,
1, ,-54, ,
-1, ,-54, ,
1, ,-54, ,
-1, ,-54, ,
1, ,-55, ,
1, ,-54, ,
1, ,-54, ,
-1, ,-54, ,
1, ,-54, ,
-1, ,-54, ,
-1, ,-55, ,
1, ,-54, ,
1, ,-54, ,
-1, ,-54, ,
1, ,-55, ,
-1, ,-54, ,
1, ,-55, ,
1, ,-54, ,
1, ,-54, ,
-1, ,-54, ,
1, ,-54, ,
97, ,-54, ,
69, ,-54, ,
41, ,-54, ,
27, ,-54, ,
16, ,-54, ,
12, ,-54, ,
7, ,-54, ,
5, ,-54, ,
6, ,-54, ,
5, ,-54, ,
2, ,-54, ,
5, ,-54, ,
2, ,-54, ,
2, ,-54, ,
3, ,-54, ,
3, ,-54, ,
2, ,-54, ,
3, ,-54, ,
2, ,-54, ,
2, ,-54, ,
2, ,-54, ,
3, ,-54, ,
1, ,-54, ,
3, ,-54, ,
2, ,-54, ,
2, ,-55, ,
2, ,-54, ,
3, ,-54, ,
1, ,-54, ,
2, ,-54, ,
2, ,-54, ,
2, ,-55, ,
2, ,-54, ,
3, ,-54, ,
1, ,-54, ,
3, ,-54, ,
2, ,-54, ,
2, ,-54, ,
2, ,-54, ,
3, ,-54, ,
1, ,-54, ,
2, ,-54, ,
2, ,-54, ,
2, ,-55, ,
2, ,-54, ,
2, ,-54, ,
1, ,-54, ,
3, ,-54, ,
2, ,-54, ,
2, ,-55, ,
2, ,-54, ,
2, ,-54, ,
1, ,-54, ,
3, ,-54, ,
2, ,-54, ,
2, ,-55, ,
2, ,-54, ,
2, ,-54, ,
1, ,-54, ,
2, ,-54, ,
2, ,-54, ,
2, ,-55, ,
2, ,-54, ,
2, ,-54, ,
1, ,-54, ,
3, ,-54, ,
2, ,-54, ,
1, ,-54, ,
3, ,-54, ,
3, ,-54, ,
1, ,-54, ,
3, ,-54, ,
2, ,-54, ,
2, ,-54, ,
2, ,-54, ,
3, ,-54, ,
1, ,-54, ,
2, ,-54, ,
2, ,-54, ,
2, ,-55, ,
2, ,-54, ,
3, ,-54, ,
1, ,-54, ,
3, ,-55, ,
2, ,-54, ,
2, ,-54, ,
2, ,-54, ,
3, ,-54, ,
1, ,-54, ,
3, ,-54, ,
2, ,-54, ,
2, ,-55, ,
2, ,-54, ,
2, ,-54, ,
1, ,-54, ,
2, ,-54, ,
2, ,-54, ,
2, ,-54, ,
2, ,-54, ,
3, ,-54, ,
1, ,-55, ,
2, ,-54, ,
2, ,-54, ,
2, ,-55, ,
2, ,-54, ,
2, ,-54, ,
1, ,-54, ,
3, ,-54, ,
2, ,-54, ,
2, ,-54, ,
2, ,-54, ,
2, ,-54, ,
1, ,-54, ,
2, ,-54, ,
2, ,-54, ,
2, ,-55, ,
2, ,-54, ,
2, ,-54, ,
1, ,-54, ,
2, ,-54, ,
2, ,-54, ,
2, ,-54, ,
2, ,-54, ,
3, ,-54, ,
1, ,-54, ,
2, ,-55, ,
1, ,-54, ,
2, ,-54, ,
2, ,-54, ,
2, ,-54, ,
1, ,-54, ,
3, ,-54, ,
1, ,-54, ,
2, ,-55, ,
2, ,-54, ,
2, ,-54, ,
1, ,-54, ,
2, ,-54, ,
2, ,-54, ,
2, ,-55, ,
2, ,-54, ,
2, ,-54, ,
1, ,-54, ,
2, ,-54, ,
1, ,-54, ,
1, ,-54, ,
2, ,-54, ,
2, ,-54, ,
1, ,-54, ,
2, ,-54, ,
1, ,-54, ,
2, ,-55, ,
2, ,-54, ,
2, ,-54, ,
1, ,-54, ,
2, ,-54, ,
1, ,-54, ,
1, ,-54, ,
2, ,-54, ,
3, ,-54, ,
1, ,-54, ,
2, ,-54, ,
1, ,-54, ,
1, ,-55, ,
2, ,-54, ,
2, ,-54, ,
1, ,-54, ,
2, ,-54, ,
1, ,-54, ,
1, ,-55, ,
2, ,-54, ,
2, ,-54, ,
1, ,-54, ,
2, ,-55, ,
1, ,-54, ,
1, ,-54, ,
2, ,-54, ,
2, ,-54, ,
1, ,-54, ,
2, ,-54, ,
1, ,-54, ,
1, ,-55, ,
2, ,-54, ,
2, ,-54, ,
1, ,-54, ,
2, ,-54, ,
1, ,-54, ,
1, ,-54, ,
2, ,-54, ,
2, ,-54, ,
1, ,-54, ,
2, ,-54, ,
1, ,-54, ,
1, ,-55, ,
2, ,-54, ,
2, ,-54, ,
1, ,-54, ,
2, ,-54, ,
1, ,-54, ,
1, ,-55, ,
2, ,-54, ,
2, ,-54, ,
1, ,-54, ,
2, ,-54, ,
1, ,-54, ,
1, ,-54, ,
2, ,-54, ,
2, ,-54, ,
1, ,-54, ,
2, ,-54, ,
1, ,-54, ,
2, ,-55, ,
2, ,-54, ,
2, ,-54, ,
1, ,-54, ,
2, ,-54, ,
1, ,-54, ,
1, ,-54, ,
2, ,-54, ,
2, ,-54, ,
1, ,-54, ,
2, ,-55, ,
1, ,-54, ,
1, ,-55, ,
2, ,-54, ,
2, ,-54, ,
1, ,-54, ,
2, ,-54, ,
1, ,-54, ,
1, ,-55, ,
2, ,-54, ,
2, ,-54, ,
1, ,-54, ,
2, ,-54, ,
1, ,-54, ,
2, ,-55, ,
2, ,-54, ,
2, ,-54, ,
1, ,-54, ,
2, ,-54, ,
1, ,-54, ,
1, ,-55, ,
2, ,-54, ,
2, ,-54, ,
1, ,-54, ,
2, ,-54, ,
1, ,-54, ,
1, ,-54, ,
2, ,-54, ,
2, ,-54, ,
1, ,-55, ,
2, ,-54, ,
1, ,-54, ,
2, ,-55, ,
2, ,-54, ,
2, ,-54, ,
1, ,-54, ,
2, ,-54, ,
1, ,-54, ,
1, ,-55, ,
2, ,-54, ,
2, ,-54, ,
1, ,-54, ,
2, ,-54, ,
1, ,-54, ,
1, ,-54, ,
2, ,-54, ,
2, ,-54, ,
1, ,-54, ,
2, ,-54, ,
1, ,-54, ,
1, ,-55, ,
2, ,-54, ,
2, ,-54, ,
-1, ,-54, ,
2, ,-55, ,
1, ,-54, ,
1, ,-55, ,
2, ,-54, ,
2, ,-54, ,
1, ,-55, ,
2, ,-54, ,
1, ,-54, ,
1, ,-54, ,
2, ,-54, ,
2, ,-54, ,
1, ,-54, ,
2, ,-54, ,
1, ,-54, ,
1, ,-54, ,
2, ,-54, ,
1, ,-54, ,
1, ,-54, ,
2, ,-55, ,
1, ,-54, ,
1, ,-55, ,
2, ,-54, ,
1, ,-54, ,
-1, ,-54, ,
2, ,-54, ,
1, ,-54, ,
1, ,-54, ,
2, ,-54, ,
2, ,-54, ,
1, ,-54, ,
2, ,-54, ,
1, ,-54, ,
1, ,-54, ,
2, ,-53, ,
2, ,-54, ,
-1, ,-54, ,
2, ,-54, ,
1, ,-54, ,
1, ,-49, ,
2, ,-30, ,
2, ,-12, ,
1, ,1, ,
2, ,12, ,
1, ,19, ,
2, ,24, ,
2, ,27, ,
2, ,31, ,
1, ,33, ,
2, ,35, ,
1, ,36, ,
1, ,37, ,
2, ,38, ,
1, ,38, ,
-1, ,39, ,
2, ,39, ,
1, ,39, ,
1, ,39, ,
2, ,39, ,
1, ,39, ,
1, ,40, ,
2, ,39, ,
1, ,40, ,
1, ,40, ,
2, ,39, ,
1, ,39, ,
1, ,39, ,
2, ,39, ,
1, ,39, ,
1, ,39, ,
2, ,39, ,
1, ,39, ,
1, ,39, ,
2, ,39, ,
1, ,39, ,
1, ,39, ,
2, ,39, ,
1, ,39, ,
1, ,39, ,
2, ,39, ,
1, ,39, ,
1, ,39, ,
2, ,39, ,
1, ,39, ,
1, ,39, ,
2, ,39, ,
1, ,39, ,
1, ,39, ,
2, ,39, ,
1, ,39, ,
1, ,39, ,
2, ,39, ,
1, ,39, ,
1, ,39, ,
2, ,39, ,
1, ,39, ,
1, ,39, ,
2, ,39, ,
1, ,39, ,
1, ,39, ,
2, ,39, ,
1, ,39, ,
1, ,39, ,
1, ,39, ,
1, ,39, ,
1, ,39, ,
2, ,39, ,
1, ,39, ,
-1, ,39, ,
2, ,39, ,
1, ,39, ,
1, ,39, ,
2, ,39, ,
1, ,39, ,
1, ,39, ,
2, ,39, ,
1, ,38, ,
1, ,39, ,
2, ,39, ,
1, ,39, ,
1, ,39, ,
2, ,39, ,
1, ,39, ,
1, ,39, ,
2, ,39, ,
1, ,39, ,
1, ,39, ,
1, ,39, ,
1, ,39, ,
1, ,39, ,
1, ,39, ,
1, ,38, ,
-1, ,39, ,
2, ,39, ,
1, ,39, ,
1, ,39, ,
1, ,39, ,
1, ,39, ,
1, ,39, ,
2, ,39, ,
1, ,39, ,
1, ,39, ,
1, ,38, ,
1, ,39, ,
1, ,39, ,
2, ,39, ,
1, ,39, ,
1, ,39, ,
1, ,39, ,
2, ,38, ,
1, ,39, ,
1, ,39, ,
1, ,39, ,
1, ,39, ,
1, ,38, ,
1, ,39, ,
-1, ,39, ,
1, ,39, ,
1, ,39, ,
1, ,39, ,
1, ,38, ,
1, ,38, ,
1, ,39, ,
2, ,39, ,
1, ,39, ,
1, ,39, ,
2, ,39, ,
1, ,38, ,
-1, ,39, ,
1, ,39, ,
1, ,39, ,
1, ,39, ,
2, ,39, ,
1, ,39, ,
1, ,39, ,
1, ,39, ,
1, ,39, ,
1, ,39, ,
2, ,39, ,
1, ,39, ,
-1, ,39, ,
1, ,39, ,
1, ,39, ,
1, ,39, ,
2, ,38, ,
1, ,39, ,
1, ,39, ,
1, ,39, ,
1, ,39, ,
1, ,39, ,
2, ,39, ,
1, ,39, ,
-1, ,39, ,
1, ,38, ,
1, ,23, ,
-1, ,4, ,
1, ,-11, ,
1, ,-22, ,
-1, ,-31, ,
2, ,-37, ,
1, ,-41, ,
1, ,-45, ,
1, ,-47, ,
1, ,-50, ,
-1, ,-52, ,
2, ,-53, ,
1, ,-53, ,
1, ,-54, ,
1, ,-54, ,
2, ,-55, ,
-1, ,-55, ,
2, ,-54, ,
-1, ,-55, ,
1, ,-55, ,
2, ,-54, ,
2, ,-55, ,
-1, ,-55, ,
2, ,-55, ,
1, ,-55, ,
1, ,-55, ,
2, ,-54, ,
1, ,-55, ,
-1, ,-55, ,
2, ,-55, ,
1, ,-54, ,
1, ,-55, ,
1, ,-54, ,
1, ,-54, ,
-1, ,-55, ,
2, ,-54, ,
1, ,-54, ,
1, ,-55, ,
1, ,-54, ,
1, ,-54, ,
-1, ,-55, ,
2, ,-55, ,
1, ,-54, ,
1, ,-55, ,
1, ,-54, ,
1, ,-54, ,
-1, ,-55, ,
2, ,-54, ,
1, ,-54, ,
1, ,-55, ,
1, ,-54, ,
1, ,-54, ,
-1, ,-54, ,
2, ,-54, ,
1, ,-54, ,
1, ,-55, ,
1, ,-54, ,
1, ,-54, ,
-1, ,-55, ,
1, ,-54, ,
1, ,-54, ,
1, ,-55, ,
1, ,-54, ,
1, ,-54, ,
-1, ,-54, ,
2, ,-54, ,
1, ,-54, ,
1, ,-55, ,
2, ,-54, ,
1, ,-54, ,
-1, ,-54, ,
2, ,-54, ,
1, ,-54, ,
1, ,-55, ,
1, ,-54, ,
1, ,-54, ,
-1, ,-54, ,
2, ,-55, ,
1, ,-54, ,
1, ,-55, ,
1, ,-54, ,
1, ,-54, ,
-1, ,-54, ,
1, ,-54, ,
1, ,-54, ,
1, ,-54, ,
1, ,-54, ,
1, ,-54, ,
-1, ,-54, ,
2, ,-54, ,
1, ,-54, ,
1, ,-55, ,
1, ,-54, ,
2, ,-54, ,
-1, ,-55, ,
1, ,-54, ,
1, ,-54, ,
1, ,-54, ,
1, ,-54, ,
1, ,-54, ,
-1, ,-54, ,
2, ,-54, ,
1, ,-54, ,
1, ,-54, ,
1, ,-54, ,
1, ,-54, ,
-1, ,-54, ,
2, ,-54, ,
1, ,-54, ,
1, ,-54, ,
1, ,-54, ,
1, ,-54, ,
-1, ,-54, ,
2, ,-54, ,
-1, ,-54, ,
1, ,-55, ,
2, ,-54, ,
1, ,-54, ,
-1, ,-55, ,
2, ,-54, ,
1, ,-54, ,
1, ,-54, ,
1, ,-54, ,
1, ,-54, ,
-1, ,-54, ,
2, ,-54, ,
1, ,-54, ,
1, ,-55, ,
1, ,-54, ,
1, ,-54, ,
-1, ,-54, ,
2, ,-54, ,
1, ,-54, ,
1, ,-55, ,
2, ,-54, ,
2, ,-54, ,
-1, ,-54, ,
2, ,-54, ,
1, ,-54, ,
1, ,-55, ,
2, ,-54, ,
1, ,-54, ,
-1, ,-54, ,
1, ,-54, ,
1, ,-54, ,
1, ,-54, ,
1, ,-54, ,
1, ,-54, ,
-1, ,-54, ,
2, ,-54, ,
1, ,-54, ,
1, ,-54, ,
1, ,-54, ,
1, ,-54, ,
-1, ,-54, ,
2, ,-54, ,
1, ,-54, ,
1, ,-55, ,
1, ,-54, ,
2, ,-54, ,
-1, ,-54, ,
2, ,-54, ,
1, ,-54, ,
1, ,-54, ,
2, ,-54, ,
2, ,-54, ,
-1, ,-54, ,
2, ,-54, ,
1, ,-54, ,
1, ,-55, ,
1, ,-54, ,
1, ,-54, ,
-1, ,-54, ,
2, ,-54, ,
1, ,-54, ,
1, ,-55, ,
1, ,-54, ,
2, ,-54, ,
-1, ,-54, ,
2, ,-54, ,
1, ,-54, ,
1, ,-55, ,
1, ,-54, ,
2, ,-54, ,
-1, ,-54, ,
1, ,-54, ,
1, ,-54, ,
1, ,-55, ,
1, ,-54, ,
1, ,-54, ,
-1, ,-54, ,
2, ,-54, ,
1, ,-54, ,
1, ,-55, ,
1, ,-54, ,
1, ,-54, ,
-1, ,-54, ,
2, ,-54, ,
1, ,-54, ,
1, ,-54, ,
1, ,-54, ,
1, ,-54, ,
-1, ,-54, ,
1, ,-54, ,
1, ,-54, ,
1, ,-54, ,
1, ,-54, ,
1, ,-54, ,
-1, ,-54, ,
1, ,-54, ,
-1, ,-54, ,
1, ,-55, ,
1, ,-54, ,
2, ,-54, ,
-1, ,-55, ,
2, ,-54, ,
1, ,-54, ,
1, ,-54, ,
1, ,-54, ,
1, ,-54, ,
-1, ,-54, ,
1, ,-54, ,
-1, ,-54, ,
1, ,-55, ,
1, ,-54, ,
1, ,-54, ,
-1, ,-54, ,
2, ,-54, ,
1, ,-54, ,
1, ,-54, ,
1, ,-54, ,
1, ,-54, ,
-1, ,-54, ,
2, ,-54, ,
-1, ,-54, ,
1, ,-54, ,
1, ,-54, ,
1, ,-54, ,
-1, ,-55, ,
1, ,-54, ,
1, ,-54, ,
1, ,-54, ,
1, ,-54, ,
1, ,-54, ,
-1, ,-54, ,
2, ,-54, ,
-1, ,-54, ,
1, ,-55, ,
1, ,-54, ,
1, ,-54, ,
-1, ,-54, ,
1, ,-54, ,
-1, ,-54, ,
1, ,-54, ,
1, ,-54, ,
1, ,-54, ,
-1, ,-54, ,
1, ,-54, ,
-1, ,-54, ,
1, ,-55, ,
1, ,-54, ,
2, ,-54, ,
-1, ,-54, ,
1, ,-54, ,
-1, ,-54, ,
1, ,-55, ,
1, ,-54, ,
1, ,-54, ,
-1, ,-54, ,
1, ,-54, ,
-1, ,-54, ,
1, ,-55, ,
1, ,-54, ,
1, ,-54, ,
-1, ,-54, ,
2, ,-54, ,
1, ,-54, ,
1, ,-55, ,
1, ,-54, ,
1, ,-54, ,
-1, ,-54, ,
2, ,-54, ,
-1, ,-54, ,
1, ,-54, ,
1, ,-54, ,
2, ,-54, ,
-1, ,-54, ,
2, ,-54, ,
-1, ,-54, ,
1, ,-55, ,
1, ,-54, ,
1, ,-54, ,
-1, ,-54, ,
2, ,-54, ,
-1, ,-54, ,
-1, ,-55, ,
1, ,-54, ,
1, ,-54, ,
-1, ,-54, ,
1, ,-54, ,
1, ,-54, ,
1, ,-55, ,
1, ,-54, ,
1, ,-54, ,
-1, ,-54, ,
2, ,-54, ,
-1, ,-54, ,
1, ,-55, ,
1, ,-54, ,
1, ,-54, ,
-1, ,-54, ,
1, ,-54, ,
1, ,-54, ,
1, ,-55, ,
1, ,-54, ,
1, ,-54, ,
-1, ,-54, ,
1, ,-54, ,
1, ,-54, ,
1, ,-55, ,
1, ,-54, ,
1, ,-54, ,
-1, ,-54, ,
2, ,-54, ,
1, ,-54, ,
1, ,-54, ,
1, ,-54, ,
1, ,-54, ,
-1, ,-54, ,
1, ,-54, ,
1, ,-54, ,
1, ,-55, ,
1, ,-54, ,
1, ,-54, ,
-1, ,-54, ,
1, ,-54, ,
-1, ,-54, ,
1, ,-54, ,
1, ,-54, ,
1, ,-54, ,
-1, ,-54, ,
2, ,-54, ,
-1, ,-54, ,
-1, ,-54, ,
1, ,-54, ,
2, ,-54, ,
-1, ,-54, ,
1, ,-54, ,
-1, ,-54, ,
1, ,-55, ,
1, ,-54, ,
1, ,-54, ,
-1, ,-54, ,
1, ,-54, ,
-1, ,-54, ,
1, ,-55, ,
1, ,-54, ,
1, ,-54, ,
-1, ,-54, ,
1, ,-54, ,
-1, ,-54, ,
-1, ,-55, ,
1, ,-54, ,
1, ,-54, ,
-1, ,-54, ,
1, ,-54, ,
-1, ,-54, ,
1, ,-55, ,
1, ,-54, ,
1, ,-54, ,
-1, ,-54, ,
1, ,-55, ,
-1, ,-54, ,
-1, ,-54, ,
1, ,-54, ,
1, ,-54, ,
-2, ,-54, ,
1, ,-54, ,
1, ,-54, ,
1, ,-55, ,
1, ,-54, ,
1, ,-54, ,
-1, ,-54, ,
1, ,-54, ,
-1, ,-54, ,
1, ,-54, ,
1, ,-54, ,
1, ,-54, ,
-1, ,-54, ,
1, ,-54, ,
-1, ,-54, ,
-1, ,-55, ,
1, ,-54, ,
1, ,-54, ,
-1, ,-54, ,
1, ,-54, ,
-1, ,-54, ,
-1, ,-55, ,
1, ,-54, ,
1, ,-54, ,
-1, ,-54, ,
1, ,-54, ,
-1, ,-54, ,
-1, ,-55, ,
1, ,-54, ,
1, ,-54, ,
-1, ,-54, ,
1, ,-54, ,
1, ,-54, ,
-1, ,-54, ,
1, ,-54, ,
1, ,-54, ,
-1, ,-54, ,
2, ,-54, ,
-1, ,-54, ,
1, ,-55, ,
1, ,-54, ,
1, ,-54, ,
-1, ,-54, ,
2, ,-54, ,
-1, ,-54, ,
-1, ,-54, ,
1, ,-54, ,
1, ,-54, ,
-1, ,-54, ,
2, ,-54, ,
1, ,-54, ,
1, ,-55, ,
1, ,-54, ,
1, ,-54, ,
-1, ,-54, ,
2, ,-54, ,
1, ,-54, ,
1, ,-55, ,
1, ,-54, ,
1, ,-54, ,
-1, ,-54, ,
2, ,-54, ,
-1, ,-54, ,
1, ,-55, ,
1, ,-54, ,
1, ,-54, ,
-1, ,-54, ,
1, ,-54, ,
-1, ,-54, ,
1, ,-54, ,
1, ,-54, ,
1, ,-54, ,
-1, ,-54, ,
1, ,-54, ,
-1, ,-54, ,
1, ,-55, ,
1, ,-54, ,
1, ,-54, ,
-1, ,-54, ,
1, ,-54, ,
-1, ,-54, ,
-1, ,-54, ,
1, ,-54, ,
1, ,-54, ,
-1, ,-54, ,
1, ,-54, ,
1, ,-54, ,
-1, ,-55, ,
1, ,-54, ,
1, ,-54, ,
-1, ,-54, ,
1, ,-54, ,
1, ,-54, ,
1, ,-54, ,
1, ,-54, ,
1, ,-54, ,
-1, ,-54, ,
1, ,-54, ,
-1, ,-54, ,
1, ,-55, ,
1, ,-54, ,
2, ,-54, ,
-1, ,-54, ,
2, ,-54, ,
-1, ,-54, ,
1, ,-55, ,
1, ,-54, ,
1, ,-54, ,
-1, ,-54, ,
2, ,-54, ,
-1, ,-54, ,
1, ,-54, ,
1, ,-54, ,
1, ,-54, ,
-1, ,-54, ,
2, ,-54, ,
1, ,-54, ,
1, ,-55, ,
1, ,-54, ,
1, ,-54, ,
-1, ,-54, ,
1, ,-54, ,
-1, ,-54, ,
1, ,-54, ,
1, ,-54, ,
1, ,-54, ,
-1, ,-54, ,
1, ,-54, ,
-1, ,-54, ,
1, ,-55, ,
1, ,-54, ,
1, ,-54, ,
-1, ,-54, ,
1, ,-54, ,
-1, ,-54, ,
-1, ,-55, ,
1, ,-54, ,
1, ,-54, ,
-1, ,-54, ,
1, ,-54, ,
-1, ,-54, ,
1, ,-55, ,
1, ,-54, ,
1, ,-54, ,
-1, ,-54, ,
1, ,-54, ,
-1, ,-54, ,
-1, ,-54, ,
1, ,-54, ,
1, ,-54, ,
-1, ,-54, ,
1, ,-54, ,
-1, ,-54, ,
-1, ,-55, ,
1, ,-54, ,
1, ,-54, ,
-1, ,-54, ,
1, ,-54, ,
-1, ,-54, ,
-1, ,-54, ,
1, ,-54, ,
1, ,-54, ,
-1, ,-54, ,
1, ,-54, ,
-1, ,-54, ,
-1, ,-55, ,
1, ,-54, ,
1, ,-54, ,
-1, ,-54, ,
1, ,-54, ,
-1, ,-54, ,
-1, ,-55, ,
1, ,-54, ,
1, ,-54, ,
-1, ,-54, ,
1, ,-54, ,
-1, ,-54, ,
-1, ,-55, ,
1, ,-54, ,
1, ,-54, ,
-1, ,-54, ,
1, ,-54, ,
-1, ,-54, ,
-1, ,-55, ,
1, ,-54, ,
1, ,-54, ,
-1, ,-54, ,
1, ,-54, ,
-1, ,-54, ,
-1, ,-54, ,
1, ,-54, ,
1, ,-54, ,
-1, ,-54, ,
2, ,-54, ,
-1, ,-54, ,
-1, ,-55, ,
1, ,-54, ,
1, ,-54, ,
-1, ,-54, ,
1, ,-54, ,
-1, ,-54, ,
1, ,-55, ,
1, ,-54, ,
1, ,-54, ,
-1, ,-54, ,
2, ,-54, ,
-1, ,-54, ,
1, ,-55, ,
1, ,-54, ,
1, ,-54, ,
-1, ,-54, ,
1, ,-54, ,
-1, ,-54, ,
1, ,-54, ,
1, ,-54, ,
1, ,-54, ,
-1, ,-54, ,
1, ,-54, ,
-1, ,-54, ,
-1, ,-55, ,
1, ,-54, ,
1, ,-54, ,
-1, ,-54, ,
2, ,-54, ,
-1, ,-54, ,
-1, ,-55, ,
1, ,-54, ,
1, ,-54, ,
-1, ,-54, ,
1, ,-54, ,
1, ,-54, ,
1, ,-54, ,
1, ,-54, ,
1, ,-54, ,
-1, ,-54, ,
1, ,-54, ,
-1, ,-54, ,
1, ,-55, ,
1, ,-54, ,
1, ,-54, ,
-1, ,-54, ,
2, ,-54, ,
1, ,-54, ,
1, ,-55, ,
1, ,-54, ,
1, ,-54, ,
-1, ,-54, ,
1, ,-54, ,
-1, ,-54, ,
1, ,-54, ,
1, ,-52, ,
2, ,-34, ,
-1, ,-15, ,
2, ,-1, ,
-1, ,9, ,
1, ,17, ,
1, ,23, ,
1, ,27, ,
-1, ,31, ,
1, ,33, ,
-1, ,35, ,
-1, ,36, ,
1, ,37, ,
1, ,38, ,
-1, ,38, ,
1, ,39, ,
-1, ,38, ,
-1, ,39, ,
1, ,39, ,
1, ,39, ,
-1, ,39, ,
1, ,39, ,
-1, ,39, ,
-1, ,39, ,
1, ,39, ,
1, ,39, ,
-1, ,39, ,
1, ,39, ,
-1, ,39, ,
-1, ,39, ,
1, ,39, ,
1, ,39, ,
-1, ,39, ,
1, ,39, ,
1, ,39, ,
-1, ,39, ,
1, ,39, ,
-1, ,39, ,
-1, ,39, ,
1, ,39, ,
1, ,39, ,
-1, ,39, ,
1, ,39, ,
1, ,39, ,
-1, ,39, ,
1, ,39, ,
1, ,39, ,
-1, ,39, ,
1, ,39, ,
1, ,39, ,
-1, ,39, ,
1, ,39, ,
-1, ,39, ,
-1, ,39, ,
1, ,39, ,
1, ,39, ,
-1, ,39, ,
1, ,39, ,
-1, ,39, ,
-1, ,39, ,
1, ,39, ,
-1, ,39, ,
-1, ,39, ,
1, ,39, ,
-1, ,39, ,
-1, ,39, ,
1, ,39, ,
1, ,39, ,
-1, ,39, ,
1, ,39, ,
1, ,39, ,
-1, ,39, ,
1, ,39, ,
1, ,39, ,
-1, ,39, ,
1, ,39, ,
1, ,39, ,
-1, ,39, ,
1, ,38, ,
1, ,39, ,
-1, ,39, ,
1, ,39, ,
-1, ,39, ,
-1, ,39, ,
1, ,39, ,
1, ,39, ,
-1, ,39, ,
1, ,39, ,
-1, ,39, ,
-1, ,39, ,
1, ,39, ,
1, ,39, ,
-1, ,39, ,
1, ,39, ,
1, ,39, ,
-1, ,39, ,
1, ,38, ,
1, ,39, ,
-1, ,39, ,
1, ,39, ,
1, ,39, ,
-1, ,39, ,
1, ,39, ,
1, ,39, ,
-1, ,39, ,
1, ,39, ,
1, ,39, ,
-1, ,39, ,
1, ,39, ,
1, ,39, ,
-1, ,39, ,
1, ,39, ,
1, ,39, ,
-1, ,39, ,
1, ,39, ,
1, ,39, ,
-1, ,39, ,
1, ,39, ,
1, ,39, ,
-1, ,39, ,
1, ,39, ,
1, ,39, ,
-1, ,39, ,
1, ,39, ,
-1, ,39, ,
-1, ,39, ,
1, ,39, ,
1, ,39, ,
-1, ,39, ,
1, ,39, ,
1, ,39, ,
-1, ,39, ,
1, ,39, ,
1, ,39, ,
-1, ,39, ,
2, ,39, ,
1, ,39, ,
-1, ,39, ,
1, ,39, ,
1, ,39, ,
-1, ,39, ,
1, ,39, ,
1, ,39, ,
-1, ,39, ,
1, ,39, ,
1, ,39, ,
-1, ,39, ,
1, ,39, ,
-1, ,39, ,
-1, ,39, ,
1, ,39, ,
1, ,39, ,
-1, ,38, ,
1, ,39, ,
1, ,39, ,
-1, ,28, ,
1, ,8, ,
-1, ,-8, ,
-1, ,-20, ,
1, ,-28, ,
-1, ,-36, ,
-1, ,-40, ,
1, ,-44, ,
97, ,-46, ,
66, ,-50, ,
39, ,-51, ,
25, ,-52, ,
16, ,-53, ,
11, ,-53, ,
8, ,-54, ,
5, ,-54, ,
6, ,-55, ,
3, ,-55, ,
2, ,-55, ,
3, ,-55, ,
2, ,-55, ,
1, ,-55, ,
3, ,-55, ,
2, ,-55, ,
2, ,-55, ,
2, ,-55, ,
3, ,-55, ,
2, ,-55, ,
3, ,-55, ,
2, ,-54, ,
2, ,-55, ,
2, ,-54, ,
3, ,-55, ,
2, ,-55, ,
3, ,-55, ,
2, ,-55, ,
2, ,-55, ,
2, ,-55, ,
3, ,-55, ,
2, ,-54, ,
3, ,-55, ,
2, ,-54, ,
2, ,-55, ,
2, ,-54, ,
3, ,-54, ,
2, ,-55, ,
3, ,-54, ,
2, ,-54, ,
2, ,-55, ,
3, ,-54, ,
3, ,-54, ,
2, ,-55, ,
3, ,-55, ,
2, ,-54, ,
2, ,-55, ,
2, ,-54, ,
3, ,-55, ,
2, ,-55, ,
3, ,-55, ,
2, ,-54, ,
2, ,-55, ,
3, ,-54, ,
2, ,-54, ,
1, ,-54, ,
3, ,-54, ,
2, ,-54, ,
2, ,-55, ,
2, ,-54, ,
2, ,-54, ,
1, ,-55, ,
3, ,-54, ,
2, ,-54, ,
2, ,-54, ,
2, ,-54, ,
3, ,-55, ,
2, ,-55, ,
2, ,-54, ,
2, ,-54, ,
2, ,-55, ,
2, ,-54, ,
3, ,-55, ,
1, ,-54, ,
3, ,-54, ,
2, ,-54, ,
2, ,-55, ,
2, ,-54, ,
2, ,-54, ,
1, ,-54, ,
3, ,-54, ,
2, ,-54, ,
2, ,-55, ,
2, ,-54, ,
2, ,-54, ,
1, ,-55, ,
2, ,-54, ,
2, ,-54, ,
1, ,-54, ,
2, ,-54, ,
2, ,-54, ,
1, ,-54, ,
2, ,-54, ,
2, ,-54, ,
2, ,-54, ,
2, ,-54, ,
2, ,-54, ,
1, ,-54, ,
2, ,-54, ,
2, ,-54, ,
2, ,-54, ,
2, ,-54, ,
3, ,-54, ,
1, ,-54, ,
2, ,-54, ,
1, ,-54, ,
1, ,-55, ,
2, ,-54, ,
2, ,-54, ,
1, ,-54, ,
2, ,-54, ,
2, ,-54, ,
1, ,-55, ,
2, ,-54, ,
2, ,-54, ,
1, ,-54, ,
2, ,-54, ,
1, ,-54, ,
2, ,-54, ,
2, ,-54, ,
2, ,-54, ,
1, ,-54, ,
2, ,-54, ,
1, ,-54, ,
1, ,-54, ,
2, ,-54, ,
3, ,-54, ,
1, ,-54, ,
2, ,-54, ,
1, ,-54, ,
2, ,-55, ,
2, ,-54, ,
2, ,-54, ,
1, ,-54, ,
2, ,-54, ,
2, ,-54, ,
2, ,-54, ,
2, ,-54, ,
2, ,-54, ,
1, ,-54, ,
2, ,-55, ,
1, ,-54, ,
1, ,-55, ,
2, ,-54, ,
2, ,-54, ,
1, ,-55, ,
2, ,-54, ,
2, ,-54, ,
2, ,-54, ,
2, ,-54, ,
2, ,-54, ,
1, ,-54, ,
2, ,-54, ,
1, ,-54, ,
1, ,-54, ,
2, ,-54, ,
2, ,-54, ,
1, ,-54, ,
2, ,-54, ,
1, ,-54, ,
1, ,-54, ,
2, ,-54, ,
2, ,-54, ,
1, ,-54, ,
2, ,-54, ,
1, ,-54, ,
1, ,-55, ,
2, ,-54, ,
2, ,-54, ,
1, ,-54, ,
2, ,-54, ,
1, ,-54, ,
1, ,-54, ,
2, ,-54, ,
2, ,-54, ,
1, ,-54, ,
2, ,-54, ,
1, ,-54, ,
2, ,-54, ,
2, ,-54, ,
2, ,-54, ,
1, ,-54, ,
2, ,-54, ,
1, ,-54, ,
1, ,-54, ,
2, ,-54, ,
2, ,-54, ,
1, ,-54, ,
2, ,-54, ,
1, ,-54, ,
1, ,-55, ,
2, ,-54, ,
2, ,-54, ,
1, ,-54, ,
2, ,-54, ,
1, ,-54, ,
2, ,-54, ,
2, ,-54, ,
2, ,-54, ,
1, ,-54, ,
2, ,-54, ,
1, ,-54, ,
1, ,-55, ,
2, ,-53, ,
2, ,-54, ,
1, ,-54, ,
2, ,-54, ,
1, ,-54, ,
1, ,-54, ,
2, ,-54, ,
2, ,-54, ,
1, ,-54, ,
2, ,-54, ,
1, ,-54, ,
1, ,-54, ,
2, ,-54, ,
2, ,-54, ,
1, ,-54, ,
2, ,-54, ,
1, ,-53, ,
1, ,-54, ,
2, ,-54, ,
2, ,-54, ,
1, ,-54, ,
2, ,-54, ,
1, ,-54, ,
1, ,-55, ,
2, ,-54, ,
2, ,-54, ,
1, ,-54, ,
2, ,-54, ,
1, ,-54, ,
1, ,-54, ,
2, ,-54, ,
2, ,-54, ,
1, ,-54, ,
2, ,-54, ,
1, ,-54, ,
1, ,-55, ,
2, ,-54, ,
2, ,-54, ,
1, ,-54, ,
2, ,-54, ,
1, ,-54, ,
1, ,-54, ,
2, ,-54, ,
2, ,-54, ,
1, ,-54, ,
2, ,-54, ,
1, ,-54, ,
1, ,-55, ,
2, ,-54, ,
2, ,-54, ,
1, ,-55, ,
2, ,-54, ,
1, ,-54, ,
1, ,-54, ,
2, ,-54, ,
2, ,-54, ,
1, ,-54, ,
2, ,-54, ,
1, ,-54, ,
1, ,-55, ,
2, ,-54, ,
1, ,-54, ,
-1, ,-55, ,
2, ,-54, ,
1, ,-54, ,
1, ,-54, ,
2, ,-54, ,
2, ,-54, ,
1, ,-54, ,
2, ,-54, ,
1, ,-54, ,
1, ,-54, ,
2, ,-53, ,
2, ,-54, ,
1, ,-54, ,
2, ,-54, ,
1, ,-54, ,
1, ,-54, ,
2, ,-54, ,
2, ,-54, ,
1, ,-54, ,
2, ,-54, ,
1, ,-54, ,
1, ,-55, ,
2, ,-54, ,
2, ,-54, ,
1, ,-55, ,
2, ,-54, ,
1, ,-54, ,
1, ,-54, ,
2, ,-54, ,
2, ,-54, ,
1, ,-54, ,
2, ,-54, ,
1, ,-54, ,
1, ,-55, ,
2, ,-54, ,
2, ,-54, ,
22, ,-54, ,
46, ,-54, ,
29, ,-54, ,
20, ,-54, ,
13, ,-54, ,
10, ,-54, ,
6, ,-54, ,
6, ,-54, ,
3, ,-54, ,
3, ,-55, ,
3, ,-54, ,
3, ,-54, ,
2, ,-54, ,
3, ,-54, ,
2, ,-54, ,
2, ,-54, ,
2, ,-54, ,
3, ,-54, ,
2, ,-54, ,
3, ,-54, ,
2, ,-54, ,
2, ,-55, ,
3, ,-54, ,
2, ,-54, ,
2, ,-54, ,
3, ,-54, ,
2, ,-54, ,
2, ,-54, ,
3, ,-54, ,
3, ,-54, ,
1, ,-54, ,
3, ,-54, ,
2, ,-54, ,
2, ,-54, ,
2, ,-54, ,
3, ,-54, ,
1, ,-54, ,
3, ,-54, ,
2, ,-54, ,
2, ,-54, ,
2, ,-54, ,
3, ,-54, ,
2, ,-54, ,
3, ,-54, ,
2, ,-54, ,
2, ,-54, ,
2, ,-54, ,
3, ,-54, ,
1, ,-54, ,
3, ,-54, ,
2, ,-54, ,
2, ,-54, ,
3, ,-54, ,
3, ,-54, ,
1, ,-54, ,
2, ,-54, ,
2, ,-54, ,
2, ,-54, ,
2, ,-54, ,
3, ,-54, ,
1, ,-54, ,
2, ,-54, ,
2, ,-54, ,
2, ,-54, ,
2, ,-54, ,
3, ,-54, ,
1, ,-54, ,
3, ,-54, ,
2, ,-54, ,
2, ,-55, ,
2, ,-53, ,
2, ,-54, ,
1, ,-54, ,
3, ,-54, ,
2, ,-54, ,
2, ,-55, ,
2, ,-54, ,
2, ,-54, ,
1, ,-54, ,
2, ,-54, ,
2, ,-54, ,
2, ,-55, ,
2, ,-54, ,
2, ,-54, ,
1, ,-54, ,
2, ,-54, ,
2, ,-54, ,
2, ,-55, ,
2, ,-54, ,
3, ,-54, ,
1, ,-54, ,
3, ,-54, ,
1, ,-54, ,
1, ,-54, ,
2, ,-54, ,
3, ,-54, ,
1, ,-54, ,
2, ,-54, ,
2, ,-54, ,
2, ,-55, ,
2, ,-54, ,
3, ,-54, ,
1, ,-54, ,
2, ,-54, ,
2, ,-54, ,
1, ,-55, ,
2, ,-54, ,
3, ,-54, ,
1, ,-54, ,
2, ,-54, ,
1, ,-54, ,
1, ,-55, ,
2, ,-54, ,
2, ,-54, ,
1, ,-55, ,
2, ,-54, ,
2, ,-54, ,
2, ,-55, ,
3, ,-54, ,
2, ,-54, ,
1, ,-54, ,
2, ,-54, ,
2, ,-54, ,
1, ,-54, ,
2, ,-54, ,
2, ,-54, ,
1, ,-54, ,
2, ,-54, ,
1, ,-54, ,
1, ,-55, ,
2, ,-54, ,
2, ,-54, ,
1, ,-54, ,
2, ,-54, ,
1, ,-54, ,
2, ,-55, ,
2, ,-54, ,
2, ,-54, ,
1, ,-54, ,
2, ,-54, ,
1, ,-54, ,
2, ,-55, ,
2, ,-54, ,
2, ,-54, ,
1, ,-54, ,
2, ,-54, ,
1, ,-54, ,
2, ,-54, ,
2, ,-54, ,
2, ,-54, ,
1, ,-54, ,
3, ,-55, ,
1, ,-54, ,
2, ,-55, ,
3, ,-54, ,
2, ,-54, ,
1, ,-54, ,
2, ,-54, ,
1, ,-54, ,
2, ,-54, ,
2, ,-54, ,
2, ,-54, ,
1, ,-54, ,
2, ,-54, ,
1, ,-54, ,
2, ,-55, ,
2, ,-54, ,
2, ,-54, ,
1, ,-54, ,
2, ,-54, ,
1, ,-54, ,
2, ,-55, ,
2, ,-54, ,
2, ,-54, ,
1, ,-54, ,
2, ,-54, ,
1, ,-54, ,
2, ,-54, ,
2, ,-54, ,
2, ,-54, ,
1, ,-54, ,
2, ,-54, ,
1, ,-54, ,
1, ,-54, ,
2, ,-54, ,
2, ,-54, ,
1, ,-54, ,
2, ,-54, ,
1, ,-54, ,
1, ,-55, ,
2, ,-54, ,
2, ,-54, ,
1, ,-54, ,
2, ,-54, ,
1, ,-54, ,
1, ,-54, ,
2, ,-54, ,
2, ,-54, ,
1, ,-54, ,
2, ,-54, ,
1, ,-54, ,
2, ,-55, ,
2, ,-54, ,
2, ,-54, ,
1, ,-54, ,
2, ,-54, ,
1, ,-54, ,
1, ,-54, ,
2, ,-54, ,
2, ,-54, ,
1, ,-54, ,
2, ,-54, ,
1, ,-54, ,
1, ,-55, ,
2, ,-54, ,
2, ,-54, ,
1, ,-54, ,
2, ,-54, ,
1, ,-54, ,
1, ,-55, ,
2, ,-54, ,
2, ,-54, ,
1, ,-54, ,
2, ,-54, ,
1, ,-54, ,
1, ,-55, ,
2, ,-54, ,
2, ,-54, ,
1, ,-54, ,
2, ,-54, ,
1, ,-54, ,
1, ,-55, ,
2, ,-54, ,
2, ,-54, ,
1, ,-54, ,
2, ,-54, ,
1, ,-54, ,
1, ,-55, ,
2, ,-54, ,
2, ,-54, ,
1, ,-54, ,
2, ,-54, ,
1, ,-54, ,
2, ,-55, ,
2, ,-54, ,
2, ,-54, ,
1, ,-54, ,
2, ,-54, ,
1, ,-54, ,
2, ,-55, ,
2, ,-54, ,
1, ,-54, ,
-1, ,-54, ,
2, ,-54, ,
1, ,-54, ,
1, ,-54, ,
2, ,-54, ,
2, ,-54, ,
1, ,-54, ,
2, ,-54, ,
1, ,-54, ,
1, ,-54, ,
2, ,-54, ,
2, ,-54, ,
1, ,-54, ,
2, ,-55, ,
1, ,-54, ,
1, ,-55, ,
2, ,-54, ,
2, ,-54, ,
1, ,-54, ,
2, ,-54, ,
1, ,-54, ,
1, ,-55, ,
2, ,-54, ,
2, ,-54, ,
1, ,-54, ,
2, ,-54, ,
1, ,-54, ,
1, ,-55, ,
2, ,-54, ,
2, ,-54, ,
1, ,-54, ,
2, ,-54, ,
1, ,-54, ,
1, ,-55, ,
2, ,-54, ,
2, ,-54, ,
1, ,-54, ,
2, ,-54, ,
1, ,-54, ,
1, ,-55, ,
2, ,-54, ,
1, ,-54, ,
1, ,-54, ,
2, ,-54, ,
1, ,-54, ,
1, ,-55, ,
2, ,-54, ,
2, ,-54, ,
1, ,-54, ,
2, ,-54, ,
1, ,-54, ,
2, ,-55, ,
2, ,-54, ,
2, ,-54, ,
-1, ,-54, ,
2, ,-54, ,
1, ,-54, ,
1, ,-55, ,
2, ,-54, ,
2, ,-54, ,
1, ,-54, ,
2, ,-54, ,
1, ,-54, ,
1, ,-55, ,
2, ,-54, ,
2, ,-54, ,
1, ,-39, ,
2, ,-20, ,
1, ,-4, ,
1, ,6, ,
2, ,15, ,
2, ,21, ,
1, ,26, ,
2, ,30, ,
1, ,33, ,
1, ,35, ,
2, ,36, ,
1, ,37, ,
1, ,38, ,
2, ,38, ,
1, ,38, ,
1, ,39, ,
2, ,39, ,
1, ,39, ,
1, ,39, ,
2, ,39, ,
1, ,39, ,
1, ,40, ,
2, ,39, ,
1, ,39, ,
1, ,40, ,
2, ,40, ,
1, ,39, ,
1, ,39, ,
2, ,39, ,
1, ,39, ,
1, ,39, ,
2, ,39, ,
1, ,39, ,
1, ,39, ,
2, ,39, ,
1, ,39, ,
1, ,39, ,
2, ,39, ,
1, ,39, ,
1, ,39, ,
2, ,39, ,
1, ,39, ,
1, ,39, ,
2, ,39, ,
1, ,39, ,
1, ,39, ,
2, ,39, ,
1, ,39, ,
1, ,39, ,
2, ,39, ,
1, ,39, ,
1, ,39, ,
2, ,39, ,
1, ,39, ,
1, ,39, ,
1, ,39, ,
1, ,39, ,
1, ,39, ,
1, ,38, ,
1, ,39, ,
1, ,39, ,
2, ,39, ,
1, ,39, ,
1, ,39, ,
2, ,39, ,
1, ,39, ,
1, ,39, ,
1, ,39, ,
1, ,39, ,
1, ,39, ,
2, ,39, ,
1, ,39, ,
-1, ,39, ,
1, ,39, ,
1, ,39, ,
1, ,39, ,
2, ,39, ,
1, ,39, ,
1, ,39, ,
2, ,39, ,
1, ,39, ,
1, ,39, ,
2, ,39, ,
1, ,39, ,
-1, ,39, ,
2, ,39, ,
1, ,39, ,
1, ,39, ,
2, ,39, ,
1, ,39, ,
-1, ,39, ,
2, ,39, ,
1, ,39, ,
1, ,39, ,
2, ,39, ,
1, ,39, ,
-1, ,39, ,
2, ,39, ,
1, ,39, ,
1, ,39, ,
2, ,39, ,
1, ,39, ,
-1, ,39, ,
2, ,39, ,
1, ,38, ,
1, ,39, ,
2, ,39, ,
1, ,39, ,
1, ,39, ,
2, ,39, ,
1, ,39, ,
1, ,39, ,
2, ,39, ,
1, ,38, ,
1, ,39, ,
2, ,39, ,
1, ,39, ,
1, ,39, ,
2, ,39, ,
1, ,39, ,
1, ,39, ,
2, ,39, ,
1, ,39, ,
1, ,39, ,
2, ,39, ,
1, ,39, ,
1, ,39, ,
2, ,39, ,
1, ,39, ,
1, ,39, ,
2, ,38, ,
1, ,39, ,
1, ,39, ,
1, ,39, ,
1, ,38, ,
1, ,38, ,
2, ,38, ,
1, ,38, ,
1, ,39, ,
1, ,39, ,
1, ,39, ,
-1, ,39, ,
2, ,39, ,
1, ,39, ,
1, ,39, ,
1, ,39, ,
1, ,39, ,
1, ,39, ,
2, ,39, ,
1, ,39, ,
1, ,39, ,
1, ,39, ,
1, ,39, ,
1, ,39, ,
2, ,33, ,
1, ,14, ,
-1, ,-3, ,
2, ,-17, ,
1, ,-26, ,
-1, ,-34, ,
1, ,-39, ,
1, ,-43, ,
-1, ,-46, ,
2, ,-49, ,
1, ,-51, ,
1, ,-52, ,
1, ,-53, ,
2, ,-54, ,
-1, ,-54, ,
1, ,-54, ,
1, ,-54, ,
1, ,-55, ,
1, ,-54, ,
1, ,-55, ,
-1, ,-55, ,
2, ,-55, ,
1, ,-55, ,
1, ,-55, ,
1, ,-55, ,
2, ,-55, ,
-1, ,-55, ,
2, ,-55, ,
1, ,-55, ,
1, ,-55, ,
1, ,-54, ,
1, ,-55, ,
-1, ,-55, ,
2, ,-55, ,
1, ,-55, ,
1, ,-55, ,
1, ,-55, ,
1, ,-55, ,
-1, ,-54, ,
2, ,-55, ,
1, ,-55, ,
1, ,-55, ,
1, ,-54, ,
2, ,-54, ,
-1, ,-55, ,
2, ,-54, ,
1, ,-54, ,
1, ,-55, ,
1, ,-54, ,
2, ,-54, ,
-1, ,-54, ,
2, ,-54, ,
1, ,-54, ,
1, ,-55, ,
2, ,-54, ,
1, ,-54, ,
-1, ,-55, ,
2, ,-55, ,
1, ,-54, ,
1, ,-55, ,
1, ,-54, ,
1, ,-54, ,
-1, ,-54, ,
2, ,-54, ,
-1, ,-54, ,
1, ,-55, ,
1, ,-54, ,
1, ,-54, ,
-1, ,-54, ,
2, ,-54, ,
1, ,-54, ,
1, ,-55, ,
1, ,-54, ,
1, ,-54, ,
-1, ,-54, ,
2, ,-54, ,
-1, ,-54, ,
1, ,-55, ,
1, ,-54, ,
1, ,-54, ,
-1, ,-54, ,
1, ,-54, ,
1, ,-54, ,
1, ,-55, ,
1, ,-54, ,
1, ,-54, ,
-1, ,-54, ,
2, ,-54, ,
1, ,-54, ,
1, ,-55, ,
2, ,-54, ,
1, ,-54, ,
-1, ,-54, ,
2, ,-54, ,
1, ,-54, ,
1, ,-55, ,
1, ,-54, ,
1, ,-54, ,
-1, ,-54, ,
2, ,-55, ,
1, ,-54, ,
1, ,-55, ,
2, ,-54, ,
1, ,-54, ,
-1, ,-55, ,
2, ,-54, ,
1, ,-54, ,
1, ,-54, ,
1, ,-54, ,
1, ,-54, ,
-1, ,-54, ,
2, ,-54, ,
1, ,-54, ,
1, ,-55, ,
1, ,-54, ,
2, ,-54, ,
-1, ,-54, ,
2, ,-54, ,
1, ,-54, ,
1, ,-54, ,
1, ,-54, ,
1, ,-54, ,
-1, ,-54, ,
2, ,-54, ,
1, ,-54, ,
1, ,-55, ,
2, ,-54, ,
1, ,-54, ,
-1, ,-55, ,
2, ,-54, ,
1, ,-54, ,
1, ,-55, ,
1, ,-54, ,
1, ,-54, ,
-1, ,-54, ,
2, ,-54, ,
-1, ,-54, ,
1, ,-54, ,
1, ,-54, ,
1, ,-54, ,
-1, ,-55, ,
2, ,-54, ,
1, ,-54, ,
1, ,-55, ,
1, ,-54, ,
1, ,-54, ,
-1, ,-54, ,
2, ,-54, ,
1, ,-54, ,
1, ,-55, ,
1, ,-53, ,
1, ,-54, ,
-1, ,-55, ,
2, ,-54, ,
1, ,-54, ,
1, ,-55, ,
1, ,-54, ,
1, ,-54, ,
-1, ,-54, ,
2, ,-54, ,
1, ,-54, ,
1, ,-54, ,
2, ,-53, ,
2, ,-54, ,
-1, ,-54, ,
2, ,-54, ,
1, ,-54, ,
1, ,-55, ,
1, ,-54, ,
1, ,-54, ,
-1, ,-54, ,
2, ,-54, ,
1, ,-54, ,
1, ,-54, ,
1, ,-53, ,
1, ,-54, ,
-1, ,-54, ,
1, ,-54, ,
1, ,-54, ,
1, ,-54, ,
1, ,-54, ,
1, ,-54, ,
-1, ,-54, ,
2, ,-54, ,
1, ,-54, ,
1, ,-55, ,
1, ,-54, ,
1, ,-54, ,
-1, ,-55, ,
1, ,-54, ,
-1, ,-54, ,
1, ,-55, ,
1, ,-54, ,
1, ,-54, ,
-1, ,-54, ,
1, ,-54, ,
1, ,-54, ,
1, ,-54, ,
1, ,-53, ,
1, ,-54, ,
-1, ,-54, ,
2, ,-54, ,
-1, ,-54, ,
1, ,-54, ,
1, ,-54, ,
1, ,-54, ,
-1, ,-54, ,
2, ,-54, ,
1, ,-54, ,
1, ,-55, ,
1, ,-54, ,
1, ,-54, ,
-1, ,-55, ,
2, ,-54, ,
1, ,-54, ,
1, ,-54, ,
1, ,-54, ,
1, ,-54, ,
-1, ,-54, ,
2, ,-54, ,
-1, ,-54, ,
1, ,-54, ,
1, ,-54, ,
1, ,-54, ,
-1, ,-55, ,
1, ,-54, ,
1, ,-54, ,
1, ,-54, ,
1, ,-54, ,
1, ,-54, ,
-1, ,-54, ,
1, ,-54, ,
1, ,-54, ,
1, ,-55, ,
1, ,-54, ,
2, ,-54, ,
-1, ,-54, ,
2, ,-54, ,
1, ,-54, ,
1, ,-54, ,
1, ,-54, ,
2, ,-54, ,
-1, ,-54, ,
2, ,-54, ,
1, ,-54, ,
1, ,-54, ,
1, ,-53, ,
1, ,-54, ,
-1, ,-55, ,
2, ,-54, ,
1, ,-54, ,
1, ,-54, ,
1, ,-54, ,
1, ,-54, ,
-1, ,-54, ,
1, ,-54, ,
1, ,-54, ,
-1, ,-55, ,
1, ,-54, ,
1, ,-54, ,
-1, ,-55, ,
1, ,-54, ,
-1, ,-54, ,
1, ,-54, ,
1, ,-54, ,
1, ,-54, ,
-1, ,-54, ,
2, ,-54, ,
-1, ,-54, ,
1, ,-54, ,
1, ,-53, ,
1, ,-54, ,
-1, ,-54, ,
1, ,-54, ,
1, ,-54, ,
1, ,-54, ,
1, ,-54, ,
1, ,-54, ,
-1, ,-54, ,
1, ,-54, ,
-1, ,-54, ,
1, ,-55, ,
1, ,-53, ,
1, ,-54, ,
-1, ,-54, ,
1, ,-54, ,
1, ,-54, ,
1, ,-54, ,
1, ,-54, ,
1, ,-54, ,
-1, ,-54, ,
1, ,-54, ,
-1, ,-54, ,
1, ,-55, ,
1, ,-53, ,
1, ,-54, ,
-1, ,-54, ,
1, ,-54, ,
-1, ,-54, ,
1, ,-54, ,
1, ,-54, ,
1, ,-54, ,
-1, ,-54, ,
1, ,-54, ,
1, ,-54, ,
1, ,-55, ,
1, ,-54, ,
1, ,-54, ,
-1, ,-55, ,
1, ,-54, ,
1, ,-54, ,
1, ,-54, ,
1, ,-54, ,
1, ,-54, ,
-1, ,-54, ,
1, ,-54, ,
-1, ,-54, ,
1, ,-54, ,
1, ,-54, ,
1, ,-54, ,
-1, ,-54, ,
2, ,-54, ,
-1, ,-54, ,
1, ,-54, ,
1, ,-54, ,
1, ,-54, ,
-1, ,-54, ,
2, ,-54, ,
-1, ,-54, ,
-1, ,-55, ,
1, ,-54, ,
1, ,-54, ,
-1, ,-54, ,
1, ,-54, ,
-1, ,-54, ,
1, ,-55, ,
1, ,-54, ,
1, ,-54, ,
-1, ,-54, ,
2, ,-54, ,
-1, ,-54, ,
1, ,-54, ,
1, ,-54, ,
1, ,-54, ,
-1, ,-54, ,
1, ,-54, ,
1, ,-54, ,
1, ,-55, ,
1, ,-54, ,
1, ,-54, ,
-1, ,-54, ,
1, ,-54, ,
-1, ,-54, ,
1, ,-55, ,
1, ,-54, ,
1, ,-54, ,
-1, ,-54, ,
1, ,-54, ,
1, ,-54, ,
1, ,-54, ,
1, ,-54, ,
1, ,-54, ,
-1, ,-54, ,
2, ,-54, ,
1, ,-54, ,
1, ,-54, ,
1, ,-54, ,
1, ,-54, ,
-1, ,-54, ,
1, ,-54, ,
-1, ,-54, ,
1, ,-54, ,
1, ,-54, ,
1, ,-54, ,
-1, ,-54, ,
1, ,-54, ,
-1, ,-54, ,
1, ,-55, ,
1, ,-54, ,
1, ,-54, ,
-1, ,-54, ,
1, ,-54, ,
-1, ,-54, ,
-1, ,-54, ,
1, ,-54, ,
1, ,-54, ,
-1, ,-54, ,
1, ,-54, ,
-1, ,-54, ,
-1, ,-54, ,
1, ,-54, ,
1, ,-54, ,
-1, ,-54, ,
1, ,-54, ,
-1, ,-54, ,
1, ,-54, ,
1, ,-54, ,
1, ,-54, ,
-1, ,-54, ,
1, ,-54, ,
1, ,-54, ,
1, ,-54, ,
1, ,-54, ,
1, ,-54, ,
-1, ,-54, ,
1, ,-54, ,
-1, ,-54, ,
1, ,-54, ,
1, ,-54, ,
1, ,-54, ,
-1, ,-54, ,
1, ,-54, ,
-1, ,-54, ,
1, ,-54, ,
1, ,-54, ,
1, ,-54, ,
-1, ,-54, ,
1, ,-54, ,
-1, ,-54, ,
-1, ,-54, ,
1, ,-54, ,
1, ,-54, ,
-1, ,-54, ,
1, ,-54, ,
-1, ,-54, ,
1, ,-54, ,
1, ,-54, ,
1, ,-54, ,
-1, ,-54, ,
2, ,-54, ,
-1, ,-54, ,
-1, ,-55, ,
1, ,-54, ,
1, ,-54, ,
-1, ,-54, ,
1, ,-54, ,
-1, ,-54, ,
1, ,-55, ,
1, ,-54, ,
1, ,-54, ,
-1, ,-54, ,
1, ,-54, ,
-1, ,-54, ,
1, ,-54, ,
1, ,-54, ,
1, ,-54, ,
-1, ,-54, ,
1, ,-54, ,
-1, ,-54, ,
-1, ,-55, ,
1, ,-54, ,
1, ,-54, ,
-1, ,-54, ,
1, ,-54, ,
-1, ,-54, ,
-1, ,-54, ,
1, ,-54, ,
1, ,-54, ,
-1, ,-54, ,
1, ,-54, ,
-1, ,-54, ,
-1, ,-54, ,
1, ,-54, ,
1, ,-54, ,
-1, ,-54, ,
1, ,-54, ,
-1, ,-54, ,
1, ,-54, ,
1, ,-54, ,
1, ,-54, ,
-1, ,-54, ,
1, ,-54, ,
-1, ,-54, ,
-1, ,-54, ,
1, ,-54, ,
1, ,-54, ,
-1, ,-54, ,
2, ,-54, ,
-1, ,-54, ,
-1, ,-54, ,
1, ,-54, ,
2, ,-54, ,
-1, ,-54, ,
1, ,-54, ,
-1, ,-54, ,
-1, ,-54, ,
1, ,-54, ,
1, ,-54, ,
-1, ,-54, ,
2, ,-54, ,
1, ,-54, ,
-1, ,-55, ,
1, ,-54, ,
1, ,-54, ,
-1, ,-54, ,
1, ,-54, ,
-1, ,-54, ,
1, ,-55, ,
1, ,-54, ,
1, ,-54, ,
-1, ,-54, ,
1, ,-54, ,
1, ,-54, ,
1, ,-55, ,
1, ,-55, ,
1, ,-54, ,
-1, ,-54, ,
1, ,-54, ,
-1, ,-54, ,
1, ,-54, ,
1, ,-54, ,
1, ,-54, ,
-1, ,-54, ,
1, ,-54, ,
1, ,-54, ,
1, ,-54, ,
1, ,-54, ,
1, ,-54, ,
-1, ,-54, ,
1, ,-54, ,
-1, ,-54, ,
1, ,-54, ,
1, ,-54, ,
1, ,-54, ,
-1, ,-54, ,
1, ,-54, ,
-1, ,-54, ,
1, ,-55, ,
1, ,-54, ,
1, ,-54, ,
-1, ,-54, ,
1, ,-54, ,
-1, ,-54, ,
1, ,-55, ,
1, ,-54, ,
1, ,-54, ,
-1, ,-54, ,
1, ,-54, ,
-1, ,-54, ,
-1, ,-55, ,
1, ,-54, ,
1, ,-54, ,
-1, ,-54, ,
1, ,-54, ,
-1, ,-54, ,
1, ,-54, ,
1, ,-54, ,
1, ,-54, ,
-1, ,-54, ,
1, ,-54, ,
-1, ,-54, ,
1, ,-55, ,
1, ,-54, ,
1, ,-54, ,
-1, ,-54, ,
1, ,-54, ,
-1, ,-54, ,
-1, ,-54, ,
1, ,-54, ,
1, ,-54, ,
-1, ,-54, ,
1, ,-54, ,
-1, ,-54, ,
-1, ,-55, ,
1, ,-54, ,
1, ,-54, ,
-1, ,-54, ,
1, ,-54, ,
-1, ,-54, ,
1, ,-55, ,
1, ,-54, ,
1, ,-54, ,
-1, ,-54, ,
1, ,-54, ,
1, ,-54, ,
-1, ,-54, ,
1, ,-54, ,
1, ,-54, ,
-1, ,-54, ,
2, ,-54, ,
-1, ,-54, ,
1, ,-55, ,
1, ,-54, ,
1, ,-54, ,
-1, ,-54, ,
1, ,-54, ,
-1, ,-54, ,
-1, ,-54, ,
1, ,-54, ,
1, ,-55, ,
-1, ,-54, ,
1, ,-54, ,
-1, ,-54, ,
-1, ,-55, ,
1, ,-54, ,
1, ,-54, ,
-1, ,-54, ,
1, ,-54, ,
-1, ,-54, ,
1, ,-54, ,
1, ,-54, ,
1, ,-54, ,
-1, ,-54, ,
1, ,-54, ,
-1, ,-54, ,
-1, ,-55, ,
1, ,-54, ,
1, ,-54, ,
-1, ,-54, ,
1, ,-54, ,
-1, ,-54, ,
1, ,-54, ,
1, ,-54, ,
1, ,-54, ,
-1, ,-54, ,
1, ,-54, ,
-1, ,-54, ,
-1, ,-54, ,
1, ,-54, ,
1, ,-54, ,
-1, ,-54, ,
1, ,-54, ,
-1, ,-54, ,
-1, ,-54, ,
1, ,-54, ,
1, ,-54, ,
-1, ,-54, ,
2, ,-44, ,
-1, ,-23, ,
1, ,-7, ,
1, ,4, ,
1, ,14, ,
-1, ,20, ,
1, ,25, ,
-1, ,28, ,
1, ,32, ,
1, ,34, ,
1, ,35, ,
-1, ,37, ,
1, ,38, ,
-1, ,38, ,
-1, ,39, ,
1, ,39, ,
1, ,39, ,
-1, ,39, ,
1, ,39, ,
1, ,39, ,
-1, ,39, ,
1, ,39, ,
1, ,39, ,
-1, ,39, ,
1, ,40, ,
1, ,39, ,
-1, ,39, ,
1, ,39, ,
-1, ,39, ,
-1, ,39, ,
1, ,39, ,
1, ,39, ,
1, ,39, ,
1, ,39, ,
1, ,39, ,
-1, ,39, ,
1, ,39, ,
1, ,39, ,
1, ,39, ,
1, ,39, ,
1, ,39, ,
-1, ,39, ,
1, ,39, ,
1, ,39, ,
-1, ,39, ,
1, ,39, ,
1, ,39, ,
-1, ,39, ,
1, ,39, ,
1, ,39, ,
-1, ,39, ,
1, ,39, ,
1, ,39, ,
-1, ,39, ,
1, ,39, ,
-1, ,39, ,
-1, ,39, ,
1, ,39, ,
-1, ,39, ,
-1, ,39, ,
1, ,39, ,
-1, ,39, ,
-1, ,39, ,
1, ,39, ,
1, ,39, ,
-1, ,39, ,
1, ,39, ,
1, ,39, ,
-1, ,39, ,
1, ,39, ,
-1, ,39, ,
-1, ,39, ,
1, ,39, ,
1, ,39, ,
-1, ,39, ,
1, ,39, ,
-1, ,39, ,
-1, ,39, ,
1, ,39, ,
1, ,39, ,
-1, ,39, ,
1, ,39, ,
1, ,39, ,
-1, ,39, ,
1, ,39, ,
1, ,38, ,
-1, ,39, ,
1, ,39, ,
1, ,39, ,
-1, ,39, ,
1, ,39, ,
-1, ,39, ,
-1, ,39, ,
1, ,38, ,
1, ,39, ,
-1, ,39, ,
2, ,39, ,
1, ,38, ,
-1, ,39, ,
1, ,39, ,
1, ,39, ,
-1, ,39, ,
1, ,39, ,
-1, ,39, ,
-1, ,39, ,
1, ,39, ,
1, ,39, ,
-1, ,39, ,
1, ,39, ,
1, ,39, ,
-1, ,39, ,
1, ,39, ,
1, ,39, ,
-1, ,39, ,
1, ,39, ,
1, ,39, ,
-1, ,39, ,
1, ,39, ,
1, ,39, ,
-1, ,39, ,
1, ,39, ,
1, ,39, ,
-1, ,39, ,
1, ,39, ,
1, ,39, ,
-1, ,39, ,
1, ,39, ,
1, ,39, ,
-1, ,39, ,
1, ,39, ,
1, ,39, ,
-1, ,39, ,
1, ,39, ,
-1, ,39, ,
-1, ,39, ,
1, ,39, ,
1, ,39, ,
-1, ,39, ,
1, ,39, ,
1, ,39, ,
-1, ,39, ,
1, ,39, ,
1, ,39, ,
-1, ,39, ,
1, ,39, ,
-1, ,39, ,
-1, ,39, ,
1, ,39, ,
1, ,39, ,
-1, ,39, ,
1, ,39, ,
1, ,39, ,
-1, ,39, ,
1, ,39, ,
1, ,36, ,
-1, ,19, ,
1, ,0, ,
-1, ,-14, ,
-1, ,-24, ,
1, ,-33, ,
1, ,-38, ,
-1, ,-42, ,
1, ,-45, ,
-1, ,-47, ,
-1, ,-50, ,
1, ,-52, ,
1, ,-52, ,
-1, ,-53, ,
1, ,-54, ,
-1, ,-54, ,
-1, ,-55, ,
1, ,-54, ,
1, ,-55, ,
-1, ,-55, ,
1, ,-55, ,
-1, ,-55, ,
-1, ,-55, ,
1, ,-55, ,
1, ,-55, ,
-1, ,-55, ,
1, ,-55, ,
-1, ,-55, ,
-1, ,-55, ,
1, ,-54, ,
1, ,-54, ,
-1, ,-55, ,
1, ,-55, ,
-1, ,-54, ,
-1, ,-55, ,
1, ,-55, ,
1, ,-55, ,
-1, ,-54, ,
1, ,-55, ,
-1, ,-54, ,
1, ,-55, ,
1, ,-54, ,
1, ,-54, ,
-1, ,-55, ,
1, ,-54, ,
-1, ,-54, ,
1, ,-55, ,
1, ,-54, ,
1, ,-54, ,
-1, ,-55, ,
1, ,-54, ,
-1, ,-54, ,
-1, ,-55, ,
1, ,-54, ,
1, ,-54, ,
-1, ,-55, ,
1, ,-54, ,
-1, ,-54, ,
-1, ,-55, ,
1, ,-54, ,
1, ,-54, ,
-1, ,-54, ,
2, ,-54, ,
-1, ,-54, ,
-1, ,-55, ,
1, ,-54, ,
1, ,-54, ,
-1, ,-54, ,
1, ,-54, ,
-1, ,-54, ,
-1, ,-55, ,
1, ,-54, ,
1, ,-54, ,
-1, ,-54, ,
1, ,-54, ,
-1, ,-54, ,
-1, ,-55, ,
1, ,-54, ,
1, ,-54, ,
-1, ,-54, ,
1, ,-54, ,
-1, ,-54, ,
-1, ,-55, ,
1, ,-54, ,
1, ,-54, ,
-1, ,-54, ,
1, ,-54, ,
-1, ,-54, ,
-1, ,-55, ,
1, ,-54, ,
1, ,-54, ,
-1, ,-54, ,
1, ,-54, ,
-1, ,-54, ,
-1, ,-54, ,
1, ,-54, ,
1, ,-54, ,
-1, ,-54, ,
1, ,-54, ,
-1, ,-54, ,
-1, ,-55, ,
1, ,-54, ,
1, ,-54, ,
-1, ,-54, ,
1, ,-54, ,
-1, ,-54, ,
-1, ,-54, ,
1, ,-54, ,
1, ,-54, ,
-1, ,-54, ,
1, ,-54, ,
-1, ,-54, ,
-1, ,-55, ,
1, ,-54, ,
1, ,-54, ,
-1, ,-54, ,
1, ,-54, ,
-1, ,-54, ,
-1, ,-55, ,
1, ,-54, ,
1, ,-54, ,
-1, ,-54, ,
1, ,-54, ,
-1, ,-54, ,
-1, ,-55, ,
1, ,-54, ,
1, ,-54, ,
-1, ,-54, ,
1, ,-54, ,
1, ,-54, ,
1, ,-54, ,
1, ,-54, ,
1, ,-54, ,
-1, ,-54, ,
1, ,-54, ,
-1, ,-54, ,
1, ,-55, ,
1, ,-54, ,
1, ,-54, ,
-1, ,-54, ,
1, ,-54, ,
-1, ,-54, ,
-1, ,-54, ,
1, ,-54, ,
1, ,-54, ,
-1, ,-54, ,
1, ,-54, ,
-1, ,-54, ,
1, ,-54, ,
1, ,-54, ,
1, ,-54, ,
-1, ,-54, ,
1, ,-54, ,
-1, ,-54, ,
1, ,-54, ,
1, ,-54, ,
1, ,-54, ,
-1, ,-54, ,
1, ,-54, ,
-1, ,-54, ,
-1, ,-55, ,
1, ,-54, ,
1, ,-54, ,
-1, ,-54, ,
1, ,-54, ,
-1, ,-54, ,
1, ,-55, ,
1, ,-54, ,
1, ,-54, ,
-1, ,-54, ,
1, ,-54, ,
-1, ,-54, ,
1, ,-55, ,
1, ,-54, ,
1, ,-54, ,
-1, ,-54, ,
1, ,-54, ,
-1, ,-54, ,
-1, ,-55, ,
1, ,-54, ,
1, ,-54, ,
-1, ,-54, ,
1, ,-54, ,
-1, ,-54, ,
1, ,-54, ,
1, ,-54, ,
1, ,-54, ,
-1, ,-54, ,
1, ,-54, ,
-1, ,-54, ,
-1, ,-54, ,
1, ,-54, ,
1, ,-54, ,
-1, ,-54, ,
1, ,-54, ,
-1, ,-54, ,
1, ,-54, ,
1, ,-54, ,
1, ,-54, ,
-1, ,-54, ,
1, ,-54, ,
-1, ,-54, ,
-1, ,-54, ,
1, ,-54, ,
1, ,-54, ,
-1, ,-54, ,
1, ,-54, ,
-1, ,-54, ,
-1, ,-55, ,
1, ,-54, ,
1, ,-54, ,
-1, ,-54, ,
1, ,-54, ,
-1, ,-54, ,
-1, ,-54, ,
1, ,-54, ,
1, ,-54, ,
-1, ,-54, ,
1, ,-54, ,
-1, ,-54, ,
-1, ,-55, ,
1, ,-54, ,
1, ,-54, ,
-1, ,-54, ,
1, ,-54, ,
-1, ,-54, ,
-1, ,-54, ,
1, ,-54, ,
1, ,-54, ,
-1, ,-54, ,
1, ,-54, ,
-1, ,-54, ,
-1, ,-55, ,
1, ,-54, ,
1, ,-54, ,
-1, ,-54, ,
1, ,-54, ,
-1, ,-54, ,
-1, ,-55, ,
1, ,-54, ,
1, ,-54, ,
-1, ,-54, ,
1, ,-54, ,
-1, ,-54, ,
-1, ,-55, ,
1, ,-54, ,
1, ,-54, ,
-1, ,-54, ,
1, ,-54, ,
-1, ,-54, ,
-1, ,-55, ,
1, ,-54, ,
1, ,-54, ,
-1, ,-54, ,
1, ,-54, ,
-1, ,-54, ,
-1, ,-55, ,
1, ,-54, ,
1, ,-54, ,
-1, ,-54, ,
1, ,-54, ,
-1, ,-54, ,
-1, ,-55, ,
1, ,-54, ,
1, ,-54, ,
-1, ,-54, ,
2, ,-54, ,
-1, ,-54, ,
-1, ,-55, ,
1, ,-54, ,
1, ,-54, ,
-1, ,-54, ,
1, ,-54, ,
1, ,-54, ,
1, ,-54, ,
1, ,-54, ,
1, ,-54, ,
-1, ,-54, ,
2, ,-54, ,
-1, ,-54, ,
1, ,-54, ,
1, ,-54, ,
1, ,-54, ,
-1, ,-55, ,
1, ,-54, ,
-1, ,-54, ,
1, ,-54, ,
1, ,-54, ,
1, ,-54, ,
-1, ,-54, ,
1, ,-54, ,
-1, ,-54, ,
-1, ,-55, ,
1, ,-54, ,
1, ,-54, ,
-1, ,-54, ,
1, ,-54, ,
-1, ,-54, ,
-1, ,-55, ,
1, ,-54, ,
1, ,-54, ,
-1, ,-54, ,
1, ,-54, ,
-1, ,-54, ,
1, ,-55, ,
1, ,-54, ,
1, ,-54, ,
-1, ,-54, ,
1, ,-54, ,
-1, ,-54, ,
1, ,-55, ,
1, ,-54, ,
1, ,-54, ,
-1, ,-54, ,
1, ,-54, ,
-1, ,-54, ,
1, ,-55, ,
1, ,-54, ,
1, ,-54, ,
-1, ,-54, ,
1, ,-54, ,
-1, ,-54, ,
1, ,-55, ,
1, ,-54, ,
1, ,-54, ,
-1, ,-54, ,
1, ,-54, ,
-1, ,-54, ,
-1, ,-55, ,
1, ,-54, ,
1, ,-54, ,
-1, ,-54, ,
1, ,-54, ,
-1, ,-54, ,
-1, ,-54, ,
1, ,-54, ,
1, ,-54, ,
-1, ,-54, ,
1, ,-54, ,
-1, ,-54, ,
1, ,-54, ,
1, ,-54, ,
1, ,-54, ,
-1, ,-55, ,
1, ,-54, ,
-1, ,-54, ,
-1, ,-55, ,
1, ,-54, ,
1, ,-54, ,
-1, ,-54, ,
1, ,-54, ,
-1, ,-54, ,
-1, ,-55, ,
1, ,-54, ,
1, ,-54, ,
-1, ,-54, ,
1, ,-54, ,
-1, ,-54, ,
-1, ,-55, ,
1, ,-54, ,
1, ,-54, ,
-1, ,-54, ,
1, ,-54, ,
-1, ,-54, ,
-1, ,-54, ,
1, ,-54, ,
1, ,-54, ,
-1, ,-54, ,
1, ,-54, ,
-1, ,-54, ,
-1, ,-54, ,
1, ,-54, ,
1, ,-54, ,
-1, ,-54, ,
1, ,-54, ,
-1, ,-54, ,
-1, ,-54, ,
1, ,-54, ,
1, ,-54, ,
-1, ,-54, ,
1, ,-54, ,
-1, ,-54, ,
-1, ,-54, ,
1, ,-54, ,
1, ,-54, ,
-1, ,-54, ,
1, ,-54, ,
-1, ,-54, ,
-1, ,-55, ,
1, ,-53, ,
1, ,-54, ,
-1, ,-54, ,
1, ,-54, ,
-1, ,-54, ,
-1, ,-55, ,
1, ,-53, ,
1, ,-54, ,
-1, ,-54, ,
1, ,-54, ,
-1, ,-54, ,
1, ,-55, ,
1, ,-54, ,
1, ,-54, ,
-1, ,-55, ,
1, ,-54, ,
-1, ,-54, ,
-1, ,-54, ,
1, ,-54, ,
1, ,-54, ,
-1, ,-54, ,
1, ,-54, ,
-1, ,-54, ,
-1, ,-54, ,
1, ,-54, ,
1, ,-54, ,
-1, ,-55, ,
2, ,-54, ,
-1, ,-54, ,
1, ,-54, ,
1, ,-54, ,
1, ,-54, ,
-1, ,-54, ,
1, ,-54, ,
-1, ,-54, ,
1, ,-54, ,
1, ,-54, ,
1, ,-54, ,
-1, ,-54, ,
1, ,-54, ,
-1, ,-54, ,
1, ,-55, ,
1, ,-54, ,
1, ,-54, ,
-1, ,-54, ,
1, ,-54, ,
-1, ,-54, ,
-1, ,-54, ,
1, ,-54, ,
1, ,-54, ,
-1, ,-54, ,
1, ,-54, ,
-1, ,-54, ,
-1, ,-54, ,
1, ,-54, ,
1, ,-54, ,
-1, ,-54, ,
1, ,-54, ,
-1, ,-54, ,
1, ,-55, ,
1, ,-54, ,
1, ,-54, ,
-1, ,-54, ,
1, ,-54, ,
-1, ,-54, ,
-1, ,-54, ,
1, ,-54, ,
1, ,-54, ,
-1, ,-54, ,
1, ,-54, ,
-1, ,-54, ,
1, ,-55, ,
1, ,-54, ,
1, ,-54, ,
-1, ,-54, ,
1, ,-54, ,
-1, ,-54, ,
-1, ,-55, ,
1, ,-54, ,
1, ,-54, ,
-1, ,-54, ,
1, ,-54, ,
-1, ,-54, ,
-1, ,-54, ,
1, ,-54, ,
1, ,-54, ,
-1, ,-54, ,
1, ,-54, ,
-1, ,-54, ,
-1, ,-54, ,
1, ,-54, ,
1, ,-54, ,
-1, ,-54, ,
1, ,-54, ,
-1, ,-54, ,
-1, ,-54, ,
1, ,-54, ,
1, ,-54, ,
-1, ,-54, ,
1, ,-54, ,
-1, ,-54, ,
-1, ,-54, ,
1, ,-54, ,
1, ,-54, ,
-1, ,-54, ,
1, ,-54, ,
-1, ,-54, ,
-1, ,-55, ,
1, ,-53, ,
1, ,-54, ,
-1, ,-54, ,
1, ,-54, ,
-1, ,-54, ,
-1, ,-54, ,
1, ,-54, ,
1, ,-54, ,
-1, ,-54, ,
1, ,-54, ,
-1, ,-54, ,
-1, ,-54, ,
1, ,-54, ,
1, ,-54, ,
-1, ,-54, ,
1, ,-54, ,
-1, ,-54, ,
-1, ,-54, ,
1, ,-54, ,
1, ,-54, ,
-1, ,-54, ,
1, ,-54, ,
-1, ,-54, ,
-1, ,-55, ,
1, ,-53, ,
1, ,-54, ,
-1, ,-54, ,
1, ,-54, ,
-1, ,-54, ,
1, ,-54, ,
1, ,-54, ,
1, ,-54, ,
-1, ,-54, ,
1, ,-54, ,
-1, ,-54, ,
-1, ,-55, ,
1, ,-54, ,
1, ,-54, ,
-1, ,-54, ,
1, ,-54, ,
-1, ,-54, ,
-1, ,-54, ,
1, ,-54, ,
1, ,-54, ,
-1, ,-54, ,
2, ,-54, ,
-1, ,-54, ,
-1, ,-54, ,
1, ,-53, ,
1, ,-54, ,
-1, ,-54, ,
1, ,-54, ,
-1, ,-54, ,
1, ,-54, ,
1, ,-54, ,
1, ,-54, ,
-1, ,-54, ,
1, ,-54, ,
-1, ,-54, ,
-1, ,-55, ,
1, ,-53, ,
2, ,-54, ,
-1, ,-54, ,
1, ,-54, ,
-1, ,-54, ,
-1, ,-55, ,
1, ,-54, ,
1, ,-54, ,
-1, ,-54, ,
1, ,-54, ,
-1, ,-54, ,
-1, ,-55, ,
1, ,-54, ,
1, ,-54, ,
-1, ,-54, ,
1, ,-54, ,
-1, ,-54, ,
1, ,-54, ,
1, ,-54, ,
1, ,-54, ,
-1, ,-54, ,
2, ,-54, ,
-1, ,-54, ,
-1, ,-54, ,
1, ,-54, ,
1, ,-54, ,
-1, ,-54, ,
1, ,-54, ,
-1, ,-54, ,
-1, ,-54, ,
1, ,-54, ,
1, ,-54, ,
-1, ,-54, ,
50, ,-54, ,
73, ,-54, ,
45, ,-54, ,
29, ,-54, ,
18, ,-54, ,
11, ,-54, ,
10, ,-54, ,
6, ,-54, ,
5, ,-54, ,
5, ,-54, ,
5, ,-54, ,
2, ,-54, ,
5, ,-54, ,
3, ,-54, ,
3, ,-55, ,
5, ,-54, ,
3, ,-54, ,
3, ,-54, ,
5, ,-54, ,
3, ,-54, ,
3, ,-55, ,
3, ,-54, ,
3, ,-54, ,
2, ,-54, ,
3, ,-54, ,
2, ,-54, ,
3, ,-55, ,
2, ,-53, ,
3, ,-54, ,
1, ,-54, ,
3, ,-54, ,
2, ,-54, ,
2, ,-55, ,
3, ,-54, ,
3, ,-54, ,
2, ,-54, ,
3, ,-54, ,
2, ,-49, ,
2, ,-30, ,
3, ,-13, ,
3, ,1, ,
1, ,11, ,
3, ,18, ,
2, ,24, ,
2, ,27, ,
3, ,31, ,
3, ,33, ,
1, ,35, ,
3, ,36, ,
2, ,37, ,
2, ,38, ,
3, ,38, ,
2, ,39, ,
2, ,39, ,
3, ,39, ,
2, ,39, ,
2, ,40, ,
3, ,39, ,
3, ,39, ,
2, ,39, ,
3, ,40, ,
2, ,39, ,
2, ,39, ,
3, ,39, ,
2, ,40, ,
1, ,39, ,
3, ,39, ,
2, ,39, ,
2, ,39, ,
3, ,39, ,
2, ,39, ,
1, ,39, ,
3, ,40, ,
2, ,39, ,
2, ,39, ,
3, ,39, ,
2, ,39, ,
2, ,39, ,
2, ,39, ,
2, ,39, ,
2, ,39, ,
3, ,38, ,
2, ,39, ,
2, ,39, ,
2, ,39, ,
2, ,39, ,
1, ,39, ,
3, ,39, ,
2, ,39, ,
2, ,39, ,
2, ,39, ,
2, ,39, ,
2, ,39, ,
3, ,38, ,
2, ,39, ,
2, ,39, ,
3, ,39, ,
2, ,39, ,
2, ,39, ,
3, ,38, ,
2, ,39, ,
2, ,39, ,
3, ,39, ,
2, ,39, ,
2, ,39, ,
3, ,39, ,
2, ,39, ,
2, ,39, ,
3, ,39, ,
2, ,38, ,
2, ,39, ,
3, ,39, ,
2, ,39, ,
1, ,39, ,
2, ,39, ,
2, ,39, ,
2, ,39, ,
2, ,38, ,
2, ,39, ,
1, ,39, ,
2, ,39, ,
2, ,39, ,
1, ,39, ,
2, ,39, ,
2, ,39, ,
1, ,39, ,
2, ,39, ,
2, ,39, ,
1, ,39, ,
2, ,39, ,
2, ,39, ,
2, ,39, ,
2, ,39, ,
2, ,39, ,
1, ,39, ,
2, ,39, ,
2, ,39, ,
1, ,39, ,
3, ,39, ,
2, ,39, ,
1, ,39, ,
2, ,38, ,
2, ,39, ,
1, ,39, ,
2, ,39, ,
2, ,38, ,
1, ,38, ,
3, ,38, ,
2, ,39, ,
1, ,39, ,
2, ,39, ,
2, ,39, ,
1, ,39, ,
2, ,39, ,
2, ,39, ,
1, ,39, ,
2, ,39, ,
1, ,39, ,
1, ,39, ,
2, ,39, ,
2, ,39, ,
1, ,39, ,
2, ,39, ,
1, ,39, ,
2, ,39, ,
2, ,38, ,
2, ,39, ,
1, ,39, ,
2, ,39, ,
2, ,39, ,
2, ,39, ,
2, ,39, ,
2, ,39, ,
1, ,39, ,
2, ,39, ,
2, ,39, ,
1, ,39, ,
2, ,38, ,
2, ,39, ,
1, ,39, ,
2, ,39, ,
2, ,39, ,
1, ,39, ,
2, ,39, ,
2, ,39, ,
1, ,39, ,
2, ,39, ,
1, ,39, ,
1, ,39, ,
2, ,38, ,
1, ,39, ,
1, ,38, ,
2, ,23, ,
1, ,3, ,
1, ,-12, ,
2, ,-23, ,
2, ,-31, ,
1, ,-37, ,
2, ,-42, ,
1, ,-44, ,
1, ,-47, ,
2, ,-50, ,
2, ,-51, ,
1, ,-52, ,
2, ,-53, ,
1, ,-53, ,
2, ,-54, ,
2, ,-54, ,
2, ,-55, ,
1, ,-55, ,
2, ,-54, ,
1, ,-55, ,
2, ,-55, ,
2, ,-55, ,
2, ,-55, ,
1, ,-55, ,
2, ,-55, ,
1, ,-55, ,
1, ,-55, ,
2, ,-55, ,
2, ,-55, ,
1, ,-55, ,
2, ,-55, ,
1, ,-55, ,
1, ,-55, ,
2, ,-55, ,
2, ,-55, ,
1, ,-55, ,
2, ,-54, ,
1, ,-54, ,
1, ,-55, ,
2, ,-54, ,
2, ,-54, ,
1, ,-55, ,
2, ,-54, ,
1, ,-54, ,
1, ,-55, ,
2, ,-54, ,
2, ,-54, ,
1, ,-54, ,
2, ,-55, ,
1, ,-54, ,
1, ,-55, ,
2, ,-54, ,
2, ,-54, ,
1, ,-54, ,
2, ,-55, ,
1, ,-54, ,
1, ,-55, ,
2, ,-55, ,
2, ,-54, ,
1, ,-54, ,
2, ,-54, ,
1, ,-54, ,
1, ,-55, ,
2, ,-54, ,
2, ,-54, ,
1, ,-54, ,
2, ,-54, ,
1, ,-54, ,
1, ,-55, ,
2, ,-54, ,
2, ,-54, ,
1, ,-54, ,
2, ,-54, ,
1, ,-54, ,
1, ,-55, ,
2, ,-54, ,
2, ,-54, ,
1, ,-54, ,
2, ,-54, ,
1, ,-54, ,
1, ,-55, ,
2, ,-54, ,
2, ,-54, ,
1, ,-54, ,
2, ,-54, ,
1, ,-54, ,
1, ,-55, ,
2, ,-54, ,
1, ,-54, ,
-1, ,-54, ,
2, ,-54, ,
1, ,-54, ,
1, ,-54, ,
2, ,-54, ,
2, ,-54, ,
1, ,-54, ,
2, ,-54, ,
1, ,-54, ,
1, ,-55, ,
2, ,-54, ,
2, ,-54, ,
-1, ,-54, ,
2, ,-54, ,
1, ,-54, ,
1, ,-55, ,
1, ,-54, ,
1, ,-54, ,
-1, ,-54, ,
2, ,-55, ,
1, ,-54, ,
2, ,-55, ,
2, ,-54, ,
2, ,-54, ,
1, ,-54, ,
2, ,-55, ,
1, ,-54, ,
1, ,-55, ,
2, ,-54, ,
2, ,-54, ,
1, ,-54, ,
2, ,-54, ,
1, ,-54, ,
1, ,-54, ,
2, ,-54, ,
2, ,-54, ,
-1, ,-54, ,
2, ,-55, ,
1, ,-54, ,
1, ,-55, ,
2, ,-54, ,
2, ,-54, ,
1, ,-54, ,
2, ,-54, ,
1, ,-54, ,
1, ,-55, ,
2, ,-54, ,
2, ,-54, ,
-1, ,-54, ,
2, ,-54, ,
1, ,-54, ,
1, ,-55, ,
2, ,-54, ,
2, ,-54, ,
1, ,-54, ,
2, ,-54, ,
1, ,-54, ,
1, ,-54, ,
2, ,-54, ,
2, ,-54, ,
-1, ,-54, ,
2, ,-55, ,
1, ,-54, ,
1, ,-55, ,
2, ,-54, ,
2, ,-54, ,
1, ,-54, ,
2, ,-54, ,
1, ,-54, ,
1, ,-54, ,
2, ,-54, ,
2, ,-54, ,
-1, ,-54, ,
2, ,-54, ,
1, ,-54, ,
1, ,-55, ,
2, ,-54, ,
2, ,-54, ,
1, ,-54, ,
2, ,-54, ,
1, ,-54, ,
1, ,-55, ,
2, ,-54, ,
1, ,-54, ,
-1, ,-55, ,
2, ,-54, ,
1, ,-54, ,
1, ,-55, ,
2, ,-54, ,
2, ,-54, ,
-1, ,-54, ,
2, ,-54, ,
1, ,-54, ,
1, ,-54, ,
2, ,-54, ,
2, ,-54, ,
-1, ,-54, ,
2, ,-54, ,
1, ,-54, ,
1, ,-55, ,
1, ,-54, ,
2, ,-54, ,
1, ,-54, ,
2, ,-54, ,
1, ,-54, ,
1, ,-54, ,
2, ,-54, ,
2, ,-54, ,
-1, ,-54, ,
2, ,-54, ,
1, ,-54, ,
1, ,-55, ,
1, ,-54, ,
2, ,-54, ,
-1, ,-54, ,
2, ,-54, ,
1, ,-54, ,
1, ,-55, ,
2, ,-54, ,
2, ,-54, ,
-1, ,-54, ,
2, ,-54, ,
1, ,-54, ,
1, ,-54, ,
2, ,-54, ,
1, ,-54, ,
-1, ,-54, ,
2, ,-54, ,
1, ,-54, ,
1, ,-55, ,
2, ,-54, ,
1, ,-54, ,
1, ,-54, ,
2, ,-54, ,
1, ,-54, ,
1, ,-55, ,
2, ,-54, ,
2, ,-54, ,
1, ,-54, ,
2, ,-54, ,
1, ,-54, ,
1, ,-55, ,
2, ,-54, ,
1, ,-54, ,
-1, ,-54, ,
2, ,-54, ,
1, ,-54, ,
1, ,-55, ,
1, ,-54, ,
1, ,-54, ,
-1, ,-54, ,
2, ,-54, ,
1, ,-54, ,
1, ,-55, ,
2, ,-54, ,
1, ,-54, ,
-1, ,-54, ,
1, ,-54, ,
1, ,-54, ,
1, ,-54, ,
1, ,-54, ,
1, ,-54, ,
-1, ,-54, ,
2, ,-55, ,
1, ,-54, ,
1, ,-55, ,
2, ,-54, ,
2, ,-54, ,
-1, ,-54, ,
2, ,-54, ,
1, ,-54, ,
1, ,-54, ,
1, ,-54, ,
1, ,-54, ,
-1, ,-54, ,
2, ,-54, ,
1, ,-54, ,
1, ,-55, ,
1, ,-54, ,
1, ,-54, ,
-1, ,-54, ,
2, ,-54, ,
1, ,-54, ,
1, ,-55, ,
2, ,-54, ,
1, ,-54, ,
-1, ,-54, ,
2, ,-54, ,
1, ,-54, ,
1, ,-55, ,
1, ,-54, ,
1, ,-54, ,
-1, ,-54, ,
2, ,-54, ,
1, ,-54, ,
1, ,-54, ,
1, ,-54, ,
2, ,-54, ,
-1, ,-54, ,
2, ,-54, ,
1, ,-54, ,
1, ,-54, ,
1, ,-54, ,
1, ,-54, ,
-1, ,-54, ,
2, ,-54, ,
1, ,-54, ,
1, ,-55, ,
2, ,-54, ,
1, ,-54, ,
-1, ,-54, ,
2, ,-54, ,
1, ,-54, ,
1, ,-55, ,
2, ,-54, ,
1, ,-54, ,
-1, ,-54, ,
2, ,-54, ,
1, ,-54, ,
1, ,-54, ,
1, ,-54, ,
2, ,-54, ,
-1, ,-54, ,
2, ,-54, ,
1, ,-54, ,
1, ,-55, ,
2, ,-54, ,
1, ,-54, ,
-1, ,-54, ,
2, ,-55, ,
1, ,-54, ,
1, ,-55, ,
1, ,-54, ,
1, ,-54, ,
-1, ,-54, ,
2, ,-54, ,
1, ,-54, ,
1, ,-54, ,
2, ,-54, ,
2, ,-54, ,
-1, ,-54, ,
2, ,-54, ,
1, ,-54, ,
1, ,-55, ,
1, ,-54, ,
2, ,-54, ,
-1, ,-54, ,
2, ,-54, ,
1, ,-54, ,
1, ,-55, ,
2, ,-54, ,
1, ,-54, ,
-1, ,-54, ,
2, ,-54, ,
1, ,-54, ,
1, ,-54, ,
1, ,-54, ,
1, ,-54, ,
-1, ,-54, ,
2, ,-54, ,
1, ,-54, ,
1, ,-55, ,
2, ,-54, ,
2, ,-54, ,
-1, ,-54, ,
2, ,-54, ,
1, ,-54, ,
1, ,-55, ,
1, ,-54, ,
1, ,-54, ,
-1, ,-55, ,
2, ,-54, ,
1, ,-54, ,
1, ,-55, ,
1, ,-54, ,
1, ,-54, ,
-1, ,-54, ,
1, ,-54, ,
1, ,-54, ,
1, ,-55, ,
1, ,-54, ,
1, ,-54, ,
-1, ,-54, ,
2, ,-55, ,
-1, ,-54, ,
1, ,-55, ,
2, ,-54, ,
2, ,-54, ,
-1, ,-54, ,
2, ,-54, ,
1, ,-54, ,
1, ,-55, ,
1, ,-54, ,
1, ,-54, ,
-1, ,-54, ,
2, ,-54, ,
1, ,-54, ,
1, ,-55, ,
1, ,-54, ,
1, ,-54, ,
-1, ,-55, ,
1, ,-54, ,
-1, ,-54, ,
1, ,-55, ,
1, ,-54, ,
1, ,-54, ,
-1, ,-54, ,
1, ,-54, ,
-1, ,-54, ,
1, ,-55, ,
1, ,-54, ,
1, ,-54, ,
-1, ,-54, ,
2, ,-54, ,
1, ,-54, ,
1, ,-54, ,
1, ,-54, ,
1, ,-54, ,
-1, ,-54, ,
2, ,-54, ,
1, ,-54, ,
1, ,-54, ,
1, ,-54, ,
1, ,-54, ,
-1, ,-55, ,
2, ,-54, ,
1, ,-54, ,
1, ,-55, ,
1, ,-54, ,
2, ,-54, ,
-1, ,-54, ,
2, ,-54, ,
1, ,-54, ,
1, ,-55, ,
1, ,-54, ,
1, ,-54, ,
-1, ,-54, ,
2, ,-54, ,
1, ,-54, ,
1, ,-55, ,
1, ,-54, ,
1, ,-54, ,
-1, ,-54, ,
2, ,-54, ,
1, ,-54, ,
1, ,-55, ,
1, ,-54, ,
2, ,-54, ,
-1, ,-54, ,
2, ,-54, ,
1, ,-54, ,
1, ,-55, ,
1, ,-54, ,
2, ,-54, ,
-1, ,-54, ,
2, ,-54, ,
1, ,-54, ,
1, ,-55, ,
1, ,-54, ,
1, ,-54, ,
-1, ,-54, ,
2, ,-54, ,
1, ,-54, ,
1, ,-55, ,
1, ,-54, ,
1, ,-54, ,
-1, ,-54, ,
2, ,-54, ,
-1, ,-54, ,
1, ,-55, ,
1, ,-54, ,
2, ,-54, ,
-1, ,-55, ,
2, ,-54, ,
1, ,-54, ,
1, ,-55, ,
2, ,-54, ,
1, ,-54, ,
-1, ,-54, ,
2, ,-54, ,
1, ,-54, ,
1, ,-55, ,
1, ,-54, ,
1, ,-54, ,
-1, ,-54, ,
1, ,-54, ,
1, ,-54, ,
1, ,-54, ,
1, ,-54, ,
2, ,-54, ,
-1, ,-54, ,
2, ,-54, ,
-1, ,-54, ,
1, ,-55, ,
1, ,-54, ,
1, ,-54, ,
-1, ,-54, ,
1, ,-54, ,
1, ,-54, ,
1, ,-55, ,
1, ,-54, ,
1, ,-54, ,
-1, ,-54, ,
2, ,-54, ,
-1, ,-54, ,
1, ,-55, ,
1, ,-54, ,
2, ,-54, ,
-1, ,-54, ,
1, ,-54, ,
-1, ,-54, ,
-1, ,-55, ,
2, ,-54, ,
1, ,-54, ,
-1, ,-55, ,
2, ,-54, ,
-1, ,-54, ,
1, ,-55, ,
1, ,-54, ,
1, ,-54, ,
-1, ,-54, ,
1, ,-54, ,
-1, ,-54, ,
1, ,-55, ,
1, ,-54, ,
1, ,-54, ,
-1, ,-54, ,
2, ,-54, ,
-1, ,-54, ,
1, ,-54, ,
1, ,-54, ,
1, ,-54, ,
-1, ,-55, ,
1, ,-54, ,
-1, ,-54, ,
1, ,-55, ,
1, ,-54, ,
2, ,-54, ,
-1, ,-54, ,
2, ,-54, ,
1, ,-54, ,
1, ,-55, ,
1, ,-54, ,
1, ,-54, ,
-1, ,-54, ,
2, ,-54, ,
-1, ,-54, ,
1, ,-55, ,
1, ,-54, ,
1, ,-54, ,
-1, ,-54, ,
1, ,-54, ,
-1, ,-54, ,
-1, ,-55, ,
1, ,-54, ,
1, ,-54, ,
-1, ,-54, ,
1, ,-54, ,
1, ,-54, ,
1, ,-55, ,
1, ,-54, ,
1, ,-54, ,
-1, ,-54, ,
2, ,-54, ,
-1, ,-54, ,
1, ,-55, ,
1, ,-54, ,
1, ,-54, ,
-1, ,-54, ,
1, ,-54, ,
1, ,-54, ,
1, ,-55, ,
1, ,-54, ,
1, ,-54, ,
-1, ,-54, ,
2, ,-54, ,
1, ,-54, ,
1, ,-55, ,
1, ,-54, ,
2, ,-54, ,
-1, ,-54, ,
2, ,-54, ,
1, ,-54, ,
1, ,-55, ,
1, ,-54, ,
1, ,-54, ,
-1, ,-54, ,
2, ,-55, ,
-1, ,-54, ,
1, ,-55, ,
1, ,-54, ,
2, ,-54, ,
-1, ,-54, ,
1, ,-54, ,
1, ,-54, ,
1, ,-55, ,
1, ,-54, ,
1, ,-54, ,
-1, ,-54, ,
2, ,-54, ,
-1, ,-54, ,
1, ,-55, ,
1, ,-54, ,
1, ,-54, ,
-1, ,-55, ,
1, ,-55, ,
1, ,-54, ,
1, ,-55, ,
1, ,-54, ,
2, ,-54, ,
-1, ,-54, ,
1, ,-54, ,
1, ,-54, ,
1, ,-55, ,
1, ,-54, ,
1, ,-54, ,
-1, ,-54, ,
1, ,-54, ,
1, ,-54, ,
1, ,-55, ,
2, ,-54, ,
1, ,-54, ,
-1, ,-54, ,
1, ,-54, ,
1, ,-54, ,
1, ,-55, ,
1, ,-54, ,
1, ,-54, ,
-1, ,-54, ,
1, ,-54, ,
-1, ,-54, ,
1, ,-55, ,
1, ,-54, ,
1, ,-54, ,
-1, ,-54, ,
1, ,-54, ,
-1, ,-54, ,
-1, ,-53, ,
1, ,-35, ,
2, ,-16, ,
-1, ,-2, ,
1, ,8, ,
1, ,17, ,
1, ,22, ,
1, ,26, ,
1, ,31, ,
-1, ,33, ,
1, ,35, ,
-1, ,36, ,
1, ,37, ,
1, ,38, ,
1, ,38, ,
-1, ,38, ,
1, ,39, ,
1, ,39, ,
-1, ,39, ,
1, ,39, ,
1, ,39, ,
-1, ,39, ,
1, ,39, ,
1, ,39, ,
-1, ,39, ,
1, ,39, ,
1, ,39, ,
-1, ,39, ,
1, ,39, ,
1, ,39, ,
1, ,39, ,
1, ,39, ,
1, ,39, ,
-1, ,39, ,
1, ,39, ,
1, ,39, ,
1, ,39, ,
1, ,39, ,
1, ,39, ,
-1, ,39, ,
1, ,39, ,
1, ,39, ,
1, ,39, ,
1, ,39, ,
1, ,39, ,
-1, ,39, ,
1, ,39, ,
1, ,39, ,
1, ,39, ,
1, ,39, ,
1, ,39, ,
-1, ,39, ,
1, ,39, ,
1, ,39, ,
1, ,39, ,
1, ,39, ,
1, ,39, ,
-1, ,39, ,
1, ,39, ,
1, ,39, ,
-1, ,39, ,
1, ,39, ,
1, ,39, ,
-1, ,39, ,
2, ,39, ,
1, ,39, ,
1, ,39, ,
1, ,39, ,
-1, ,39, ,
-1, ,39, ,
1, ,39, ,
-1, ,39, ,
-1, ,39, ,
1, ,39, ,
1, ,39, ,
-1, ,39, ,
1, ,39, ,
1, ,39, ,
-1, ,39, ,
1, ,39, ,
1, ,39, ,
-1, ,39, ,
1, ,39, ,
1, ,38, ,
-1, ,39, ,
1, ,39, ,
1, ,39, ,
-1, ,39, ,
1, ,39, ,
1, ,39, ,
1, ,39, ,
2, ,39, ,
1, ,39, ,
-1, ,39, ,
1, ,39, ,
1, ,38, ,
-1, ,39, ,
1, ,39, ,
-1, ,39, ,
-1, ,39, ,
1, ,39, ,
1, ,39, ,
-1, ,39, ,
1, ,39, ,
-1, ,39, ,
-1, ,39, ,
1, ,39, ,
-1, ,39, ,
-1, ,39, ,
1, ,39, ,
1, ,38, ,
-1, ,39, ,
2, ,39, ,
1, ,39, ,
-1, ,39, ,
1, ,39, ,
1, ,38, ,
-1, ,39, ,
1, ,39, ,
1, ,39, ,
-1, ,39, ,
1, ,39, ,
1, ,38, ,
-1, ,39, ,
1, ,39, ,
1, ,39, ,
-1, ,39, ,
1, ,38, ,
1, ,39, ,
-1, ,39, ,
1, ,39, ,
1, ,39, ,
-1, ,38, ,
1, ,39, ,
1, ,39, ,
-1, ,39, ,
1, ,38, ,
1, ,38, ,
-1, ,39, ,
1, ,39, ,
1, ,38, ,
-1, ,39, ,
1, ,39, ,
-1, ,39, ,
-1, ,39, ,
1, ,39, ,
-1, ,38, ,
-1, ,39, ,
1, ,39, ,
1, ,38, ,
-1, ,39, ,
1, ,38, ,
1, ,39, ,
-1, ,39, ,
1, ,39, ,
-1, ,27, ,
-1, ,7, ,
1, ,-8, ,
1, ,-20, ,
-1, ,-30, ,
1, ,-36, ,
-1, ,-40, ,
-1, ,-44, ,
1, ,-47, ,
1, ,-49, ,
-1, ,-51, ,
1, ,-52, ,
-1, ,-53, ,
-1, ,-54, ,
1, ,-54, ,
1, ,-54, ,
-1, ,-55, ,
1, ,-55, ,
-1, ,-55, ,
-1, ,-55, ,
1, ,-55, ,
1, ,-55, ,
-1, ,-55, ,
1, ,-55, ,
-1, ,-55, ,
-1, ,-55, ,
1, ,-54, ,
1, ,-55, ,
-1, ,-55, ,
1, ,-55, ,
-1, ,-55, ,
-1, ,-55, ,
1, ,-55, ,
1, ,-55, ,
-1, ,-55, ,
1, ,-55, ,
-1, ,-54, ,
-1, ,-55, ,
1, ,-54, ,
1, ,-55, ,
-1, ,-55, ,
1, ,-55, ,
-1, ,-55, ,
-1, ,-55, ,
1, ,-54, ,
1, ,-54, ,
-1, ,-55, ,
1, ,-55, ,
-1, ,-54, ,
1, ,-55, ,
1, ,-54, ,
1, ,-54, ,
-1, ,-54, ,
1, ,-54, ,
-1, ,-54, ,
-1, ,-55, ,
1, ,-54, ,
1, ,-54, ,
-1, ,-54, ,
1, ,-54, ,
-1, ,-55, ,
1, ,-55, ,
1, ,-54, ,
1, ,-54, ,
-1, ,-55, ,
1, ,-54, ,
-1, ,-54, ,
-1, ,-55, ,
1, ,-54, ,
1, ,-54, ,
-1, ,-54, ,
1, ,-54, ,
-1, ,-54, ,
-1, ,-55, ,
1, ,-54, ,
1, ,-54, ,
-1, ,-54, ,
1, ,-54, ,
-1, ,-54, ,
-1, ,-55, ,
1, ,-54, ,
2, ,-54, ,
-1, ,-54, ,
1, ,-54, ,
-1, ,-54, ,
1, ,-55, ,
1, ,-54, ,
1, ,-54, ,
-1, ,-54, ,
1, ,-54, ,
-1, ,-54, ,
-1, ,-55, ,
1, ,-54, ,
1, ,-54, ,
-1, ,-54, ,
1, ,-54, ,
-1, ,-54, ,
-1, ,-55, ,
1, ,-54, ,
1, ,-54, ,
-1, ,-54, ,
1, ,-54, ,
-1, ,-54, ,
-1, ,-55, ,
1, ,-54, ,
1, ,-54, ,
-1, ,-54, ,
2, ,-54, ,
-1, ,-54, ,
1, ,-55, ,
1, ,-54, ,
1, ,-54, ,
-1, ,-55, ,
1, ,-54, ,
-1, ,-54, ,
-1, ,-55, ,
1, ,-54, ,
1, ,-54, ,
-1, ,-54, ,
1, ,-54, ,
-1, ,-54, ,
-1, ,-55, ,
1, ,-54, ,
1, ,-54, ,
-1, ,-55, ,
1, ,-54, ,
-1, ,-54, ,
-1, ,-55, ,
1, ,-54, ,
1, ,-54, ,
-1, ,-54, ,
1, ,-54, ,
-1, ,-54, ,
-1, ,-54, ,
1, ,-54, ,
1, ,-54, ,
-1, ,-54, ,
1, ,-54, ,
-1, ,-54, ,
-1, ,-55, ,
1, ,-54, ,
1, ,-54, ,
-1, ,-54, ,
2, ,-54, ,
-1, ,-54, ,
-1, ,-55, ,
1, ,-54, ,
1, ,-54, ,
-1, ,-54, ,
2, ,-54, ,
-1, ,-54, ,
-1, ,-55, ,
1, ,-54, ,
1, ,-54, ,
-1, ,-54, ,
1, ,-54, ,
-1, ,-54, ,
-1, ,-55, ,
1, ,-54, ,
1, ,-54, ,
-1, ,-54, ,
1, ,-54, ,
-1, ,-54, ,
-1, ,-55, ,
1, ,-54, ,
1, ,-54, ,
-1, ,-54, ,
1, ,-54, ,
-1, ,-54, ,
1, ,-55, ,
1, ,-54, ,
1, ,-54, ,
-1, ,-54, ,
1, ,-54, ,
-1, ,-54, ,
-1, ,-54, ,
1, ,-54, ,
1, ,-54, ,
-1, ,-54, ,
1, ,-54, ,
-1, ,-54, ,
-1, ,-55, ,
1, ,-54, ,
1, ,-54, ,
-1, ,-54, ,
1, ,-54, ,
-1, ,-54, ,
-1, ,-55, ,
1, ,-54, ,
1, ,-54, ,
-1, ,-54, ,
1, ,-54, ,
-1, ,-54, ,
1, ,-55, ,
1, ,-54, ,
1, ,-54, ,
-1, ,-54, ,
2, ,-54, ,
1, ,-54, ,
-1, ,-54, ,
1, ,-54, ,
1, ,-54, ,
-1, ,-54, ,
1, ,-54, ,
-1, ,-54, ,
1, ,-54, ,
1, ,-54, ,
1, ,-54, ,
-1, ,-54, ,
1, ,-54, ,
-1, ,-54, ,
1, ,-55, ,
1, ,-54, ,
1, ,-54, ,
-1, ,-54, ,
1, ,-54, ,
-1, ,-54, ,
-1, ,-55, ,
1, ,-54, ,
1, ,-54, ,
-1, ,-54, ,
1, ,-54, ,
-1, ,-54, ,
1, ,-55, ,
1, ,-54, ,
1, ,-54, ,
-1, ,-54, ,
2, ,-54, ,
-1, ,-54, ,
1, ,-54, ,
1, ,-54, ,
1, ,-54, ,
-1, ,-54, ,
1, ,-54, ,
-1, ,-54, ,
-1, ,-54, ,
1, ,-54, ,
1, ,-54, ,
-1, ,-54, ,
1, ,-54, ,
-1, ,-54, ,
-1, ,-55, ,
1, ,-54, ,
1, ,-54, ,
-1, ,-54, ,
1, ,-54, ,
-1, ,-54, ,
-1, ,-55, ,
1, ,-54, ,
1, ,-54, ,
-1, ,-54, ,
1, ,-54, ,
-1, ,-54, ,
-1, ,-55, ,
1, ,-54, ,
1, ,-54, ,
-1, ,-54, ,
1, ,-54, ,
-1, ,-54, ,
-1, ,-54, ,
1, ,-54, ,
1, ,-54, ,
-1, ,-54, ,
1, ,-54, ,
-1, ,-54, ,
1, ,-55, ,
1, ,-54, ,
1, ,-54, ,
-1, ,-55, ,
1, ,-54, ,
-1, ,-54, ,
-1, ,-55, ,
1, ,-54, ,
1, ,-54, ,
-2, ,-54, ,
1, ,-54, ,
-1, ,-54, ,
-1, ,-54, ,
1, ,-54, ,
1, ,-54, ,
-1, ,-54, ,
2, ,-54, ,
-1, ,-54, ,
-1, ,-55, ,
1, ,-54, ,
1, ,-54, ,
-1, ,-54, ,
2, ,-54, ,
-1, ,-54, ,
-1, ,-55, ,
1, ,-54, ,
1, ,-54, ,
-1, ,-54, ,
1, ,-54, ,
-1, ,-54, ,
-1, ,-54, ,
1, ,-54, ,
1, ,-54, ,
-1, ,-54, ,
1, ,-54, ,
-1, ,-54, ,
-1, ,-54, ,
1, ,-54, ,
1, ,-54, ,
-1, ,-54, ,
1, ,-54, ,
1, ,-54, ,
-1, ,-54, ,
1, ,-54, ,
1, ,-54, ,
-1, ,-54, ,
1, ,-54, ,
-1, ,-55, ,
1, ,-55, ,
1, ,-54, ,
1, ,-54, ,
-1, ,-54, ,
1, ,-54, ,
-1, ,-54, ,
-1, ,-54, ,
1, ,-54, ,
1, ,-54, ,
-1, ,-54, ,
1, ,-54, ,
-1, ,-54, ,
-1, ,-54, ,
1, ,-54, ,
1, ,-54, ,
-1, ,-55, ,
1, ,-54, ,
1, ,-54, ,
1, ,-54, ,
1, ,-54, ,
1, ,-54, ,
-1, ,-54, ,
1, ,-54, ,
-1, ,-54, ,
1, ,-54, ,
1, ,-54, ,
1, ,-54, ,
-1, ,-55, ,
1, ,-54, ,
-1, ,-54, ,
-1, ,-54, ,
1, ,-54, ,
1, ,-54, ,
-1, ,-54, ,
2, ,-54, ,
-1, ,-54, ,
1, ,-55, ,
1, ,-54, ,
1, ,-54, ,
-1, ,-54, ,
1, ,-54, ,
-1, ,-54, ,
-1, ,-54, ,
1, ,-54, ,
1, ,-54, ,
-1, ,-54, ,
1, ,-54, ,
-1, ,-54, ,
-1, ,-54, ,
1, ,-54, ,
1, ,-54, ,
-1, ,-55, ,
1, ,-54, ,
-1, ,-54, ,
-1, ,-54, ,
1, ,-54, ,
1, ,-54, ,
-1, ,-54, ,
1, ,-54, ,
-1, ,-54, ,
-1, ,-54, ,
1, ,-54, ,
1, ,-54, ,
-1, ,-54, ,
1, ,-54, ,
-1, ,-54, ,
1, ,-54, ,
1, ,-54, ,
1, ,-54, ,
-1, ,-54, ,
1, ,-54, ,
1, ,-54, ,
1, ,-55, ,
1, ,-54, ,
1, ,-54, ,
-1, ,-55, ,
1, ,-54, ,
1, ,-54, ,
1, ,-54, ,
1, ,-54, ,
1, ,-54, ,
-1, ,-54, ,
1, ,-54, ,
-1, ,-54, ,
1, ,-54, ,
1, ,-54, ,
1, ,-54, ,
-1, ,-55, ,
1, ,-54, ,
-1, ,-54, ,
-1, ,-55, ,
1, ,-54, ,
1, ,-54, ,
-1, ,-54, ,
1, ,-54, ,
-1, ,-54, ,
-1, ,-54, ,
-1, ,-54, ,
1, ,-54, ,
-1, ,-55, ,
1, ,-54, ,
-1, ,-54, ,
-1, ,-54, ,
1, ,-54, ,
1, ,-54, ,
-1, ,-54, ,
1, ,-54, ,
-1, ,-54, ,
-1, ,-54, ,
1, ,-54, ,
1, ,-54, ,
-1, ,-54, ,
1, ,-54, ,
-1, ,-54, ,
-1, ,-54, ,
1, ,-54, ,
1, ,-54, ,
-1, ,-54, ,
1, ,-54, ,
-1, ,-54, ,
-1, ,-54, ,
1, ,-54, ,
1, ,-54, ,
-1, ,-54, ,
1, ,-54, ,
-1, ,-54, ,
-1, ,-54, ,
1, ,-54, ,
1, ,-54, ,
-1, ,-54, ,
1, ,-54, ,
-1, ,-54, ,
-1, ,-54, ,
1, ,-54, ,
1, ,-54, ,
-1, ,-54, ,
1, ,-54, ,
-1, ,-54, ,
1, ,-54, ,
1, ,-54, ,
1, ,-54, ,
-1, ,-54, ,
1, ,-54, ,
-1, ,-54, ,
-1, ,-55, ,
1, ,-54, ,
1, ,-54, ,
-1, ,-55, ,
1, ,-54, ,
-1, ,-54, ,
-1, ,-54, ,
1, ,-54, ,
1, ,-54, ,
-1, ,-54, ,
1, ,-54, ,
-1, ,-54, ,
1, ,-55, ,
1, ,-54, ,
1, ,-54, ,
-1, ,-54, ,
1, ,-54, ,
-1, ,-54, ,
-1, ,-54, ,
1, ,-54, ,
1, ,-54, ,
-1, ,-54, ,
2, ,-54, ,
-1, ,-54, ,
1, ,-55, ,
1, ,-54, ,
1, ,-54, ,
-1, ,-55, ,
1, ,-54, ,
-1, ,-54, ,
-1, ,-54, ,
1, ,-54, ,
1, ,-54, ,
-1, ,-54, ,
1, ,-54, ,
-1, ,-54, ,
1, ,-55, ,
1, ,-53, ,
1, ,-54, ,
-1, ,-54, ,
1, ,-54, ,
-1, ,-54, ,
1, ,-54, ,
1, ,-54, ,
1, ,-54, ,
-1, ,-54, ,
1, ,-54, ,
-1, ,-54, ,
1, ,-54, ,
1, ,-54, ,
1, ,-54, ,
-1, ,-55, ,
1, ,-54, ,
-1, ,-54, ,
-1, ,-55, ,
1, ,-54, ,
1, ,-54, ,
-1, ,-54, ,
1, ,-54, ,
-1, ,-54, ,
1, ,-54, ,
1, ,-54, ,
1, ,-54, ,
-1, ,-54, ,
1, ,-54, ,
-1, ,-54, ,
-1, ,-54, ,
1, ,-54, ,
1, ,-54, ,
-1, ,-54, ,
1, ,-54, ,
-1, ,-54, ,
-1, ,-54, ,
1, ,-54, ,
1, ,-54, ,
-1, ,-55, ,
1, ,-54, ,
-1, ,-54, ,
-1, ,-55, ,
1, ,-54, ,
1, ,-54, ,
-1, ,-54, ,
1, ,-54, ,
-1, ,-54, ,
-1, ,-55, ,
1, ,-54, ,
1, ,-54, ,
-1, ,-54, ,
1, ,-54, ,
-1, ,-54, ,
-1, ,-54, ,
1, ,-54, ,
1, ,-54, ,
-1, ,-54, ,
1, ,-54, ,
-1, ,-54, ,
-1, ,-55, ,
1, ,-54, ,
1, ,-54, ,
-1, ,-54, ,
1, ,-54, ,
-1, ,-54, ,
-1, ,-55, ,
1, ,-54, ,
1, ,-54, ,
-1, ,-54, ,
1, ,-54, ,
-1, ,-54, ,
-1, ,-55, ,
1, ,-54, ,
1, ,-54, ,
-1, ,-55, ,
1, ,-54, ,
-1, ,-54, ,
-1, ,-55, ,
1, ,-54, ,
1, ,-54, ,
-1, ,-54, ,
1, ,-54, ,
-1, ,-54, ,
-1, ,-54, ,
1, ,-54, ,
1, ,-54, ,
-1, ,-55, ,
1, ,-54, ,
-1, ,-54, ,
-1, ,-54, ,
1, ,-54, ,
1, ,-54, ,
-1, ,-55, ,
1, ,-54, ,
-1, ,-54, ,
-1, ,-55, ,
1, ,-54, ,
1, ,-54, ,
-1, ,-54, ,
1, ,-54, ,
-1, ,-54, ,
-1, ,-54, ,
1, ,-54, ,
1, ,-54, ,
-1, ,-54, ,
1, ,-54, ,
-1, ,-54, ,
1, ,-54, ,
1, ,-54, ,
1, ,-54, ,
-1, ,-54, ,
1, ,-54, ,
-1, ,-54, ,
-1, ,-54, ,
1, ,-54, ,
1, ,-54, ,
-1, ,-54, ,
1, ,-54, ,
-1, ,-54, ,
-1, ,-55, ,
1, ,-54, ,
1, ,-54, ,
-1, ,-54, ,
1, ,-54, ,
-1, ,-54, ,
1, ,-55, ,
1, ,-54, ,
1, ,-54, ,
-1, ,-54, ,
1, ,-54, ,
-1, ,-54, ,
-1, ,-55, ,
1, ,-54, ,
1, ,-41, ,
-1, ,-21, ,
2, ,-5, ,
-1, ,6, ,
1, ,14, ,
1, ,21, ,
1, ,25, ,
-1, ,30, ,
1, ,33, ,
-1, ,34, ,
-1, ,36, ,
1, ,36, ,
1, ,37, ,
-1, ,38, ,
1, ,39, ,
-1, ,38, ,
-1, ,39, ,
1, ,39, ,
1, ,39, ,
-1, ,39, ,
1, ,40, ,
-1, ,39, ,
-1, ,39, ,
1, ,39, ,
1, ,40, ,
-1, ,39, ,
1, ,40, ,
1, ,39, ,
-1, ,39, ,
1, ,39, ,
1, ,39, ,
-1, ,39, ,
1, ,40, ,
1, ,39, ,
-1, ,39, ,
1, ,39, ,
-1, ,39, ,
-1, ,39, ,
1, ,39, ,
-1, ,39, ,
-1, ,39, ,
1, ,39, ,
-1, ,39, ,
-1, ,39, ,
1, ,39, ,
-1, ,39, ,
-1, ,39, ,
1, ,39, ,
1, ,39, ,
-1, ,39, ,
1, ,39, ,
-1, ,39, ,
-1, ,39, ,
1, ,39, ,
1, ,39, ,
76, ,39, ,
72, ,39, ,
43, ,39, ,
27, ,39, ,
17, ,39, ,
12, ,39, ,
8, ,39, ,
7, ,39, ,
6, ,39, ,
5, ,39, ,
6, ,39, ,
3, ,39, ,
2, ,39, ,
3, ,39, ,
2, ,39, ,
2, ,39, ,
3, ,38, ,
2, ,39, ,
2, ,39, ,
3, ,39, ,
2, ,39, ,
2, ,39, ,
3, ,39, ,
2, ,39, ,
2, ,39, ,
3, ,39, ,
2, ,39, ,
2, ,39, ,
3, ,39, ,
2, ,39, ,
2, ,39, ,
3, ,39, ,
2, ,39, ,
2, ,39, ,
3, ,39, ,
2, ,39, ,
2, ,39, ,
3, ,39, ,
2, ,38, ,
2, ,39, ,
3, ,39, ,
3, ,39, ,
2, ,39, ,
3, ,39, ,
2, ,39, ,
2, ,39, ,
3, ,39, ,
3, ,39, ,
2, ,39, ,
3, ,39, ,
2, ,39, ,
2, ,38, ,
3, ,39, ,
3, ,39, ,
2, ,39, ,
3, ,39, ,
2, ,39, ,
2, ,39, ,
3, ,39, ,
3, ,39, ,
2, ,39, ,
3, ,39, ,
2, ,38, ,
2, ,39, ,
3, ,39, ,
2, ,39, ,
2, ,39, ,
3, ,39, ,
2, ,39, ,
2, ,39, ,
3, ,38, ,
2, ,39, ,
2, ,39, ,
2, ,39, ,
2, ,39, ,
2, ,39, ,
3, ,39, ,
3, ,39, ,
1, ,39, ,
3, ,39, ,
2, ,39, ,
2, ,39, ,
3, ,39, ,
3, ,39, ,
1, ,39, ,
2, ,39, ,
2, ,39, ,
2, ,39, ,
2, ,39, ,
2, ,39, ,
1, ,39, ,
2, ,39, ,
2, ,39, ,
1, ,39, ,
2, ,38, ,
2, ,39, ,
1, ,39, ,
2, ,39, ,
2, ,38, ,
1, ,33, ,
2, ,14, ,
2, ,-4, ,
1, ,-17, ,
2, ,-26, ,
1, ,-34, ,
1, ,-39, ,
2, ,-43, ,
2, ,-46, ,
1, ,-49, ,
2, ,-51, ,
2, ,-52, ,
2, ,-53, ,
2, ,-53, ,
2, ,-54, ,
1, ,-54, ,
3, ,-54, ,
1, ,-54, ,
2, ,-55, ,
2, ,-54, ,
2, ,-55, ,
1, ,-55, ,
2, ,-55, ,
1, ,-55, ,
2, ,-56, ,
2, ,-54, ,
2, ,-55, ,
1, ,-55, ,
2, ,-55, ,
2, ,-54, ,
2, ,-55, ,
2, ,-55, ,
2, ,-55, ,
1, ,-55, ,
2, ,-55, ,
1, ,-55, ,
1, ,-55, ,
2, ,-55, ,
2, ,-54, ,
1, ,-55, ,
2, ,-54, ,
2, ,-54, ,
2, ,-55, ,
2, ,-54, ,
2, ,-55, ,
1, ,-54, ,
2, ,-54, ,
1, ,-54, ,
1, ,-55, ,
2, ,-54, ,
2, ,-54, ,
1, ,-54, ,
2, ,-54, ,
2, ,-54, ,
2, ,-55, ,
2, ,-54, ,
2, ,-54, ,
1, ,-54, ,
2, ,-54, ,
1, ,-54, ,
1, ,-55, ,
2, ,-54, ,
2, ,-54, ,
1, ,-54, ,
2, ,-54, ,
1, ,-54, ,
2, ,-55, ,
2, ,-54, ,
2, ,-54, ,
1, ,-54, ,
2, ,-54, ,
1, ,-54, ,
2, ,-55, ,
2, ,-54, ,
2, ,-54, ,
1, ,-54, ,
2, ,-54, ,
1, ,-54, ,
1, ,-55, ,
2, ,-54, ,
2, ,-54, ,
1, ,-54, ,
2, ,-54, ,
1, ,-54, ,
2, ,-55, ,
2, ,-54, ,
2, ,-54, ,
1, ,-54, ,
2, ,-54, ,
1, ,-54, ,
2, ,-55, ,
2, ,-54, ,
2, ,-54, ,
1, ,-54, ,
2, ,-54, ,
1, ,-54, ,
2, ,-55, ,
2, ,-54, ,
2, ,-54, ,
1, ,-55, ,
2, ,-54, ,
1, ,-54, ,
2, ,-55, ,
2, ,-54, ,
2, ,-54, ,
1, ,-54, ,
2, ,-54, ,
1, ,-54, ,
2, ,-55, ,
2, ,-54, ,
2, ,-54, ,
1, ,-54, ,
2, ,-54, ,
1, ,-54, ,
2, ,-55, ,
2, ,-54, ,
2, ,-54, ,
1, ,-54, ,
2, ,-54, ,
1, ,-54, ,
2, ,-55, ,
2, ,-54, ,
2, ,-54, ,
1, ,-54, ,
2, ,-54, ,
1, ,-54, ,
1, ,-54, ,
2, ,-54, ,
2, ,-54, ,
1, ,-54, ,
2, ,-54, ,
1, ,-54, ,
1, ,-55, ,
2, ,-54, ,
2, ,-54, ,
1, ,-54, ,
2, ,-54, ,
1, ,-54, ,
2, ,-55, ,
2, ,-54, ,
2, ,-54, ,
1, ,-54, ,
2, ,-54, ,
1, ,-54, ,
1, ,-55, ,
2, ,-54, ,
2, ,-54, ,
1, ,-54, ,
2, ,-54, ,
1, ,-54, ,
1, ,-55, ,
2, ,-54, ,
2, ,-54, ,
1, ,-54, ,
2, ,-54, ,
1, ,-54, ,
1, ,-55, ,
2, ,-54, ,
2, ,-54, ,
1, ,-54, ,
2, ,-54, ,
1, ,-54, ,
1, ,-54, ,
2, ,-54, ,
2, ,-54, ,
1, ,-54, ,
2, ,-54, ,
1, ,-54, ,
1, ,-54, ,
2, ,-54, ,
2, ,-54, ,
1, ,-54, ,
2, ,-54, ,
1, ,-54, ,
1, ,-55, ,
2, ,-54, ,
2, ,-54, ,
1, ,-54, ,
2, ,-54, ,
1, ,-54, ,
2, ,-55, ,
2, ,-54, ,
1, ,-54, ,
-1, ,-54, ,
2, ,-54, ,
1, ,-54, ,
1, ,-54, ,
2, ,-54, ,
2, ,-54, ,
1, ,-54, ,
2, ,-54, ,
1, ,-54, ,
1, ,-55, ,
2, ,-54, ,
1, ,-54, ,
-1, ,-54, ,
2, ,-54, ,
1, ,-54, ,
1, ,-54, ,
2, ,-54, ,
2, ,-54, ,
1, ,-54, ,
2, ,-54, ,
1, ,-54, ,
1, ,-55, ,
2, ,-54, ,
2, ,-54, ,
1, ,-54, ,
2, ,-54, ,
1, ,-54, ,
1, ,-54, ,
2, ,-54, ,
2, ,-54, ,
1, ,-54, ,
2, ,-54, ,
1, ,-54, ,
1, ,-55, ,
2, ,-54, ,
1, ,-54, ,
-1, ,-54, ,
2, ,-54, ,
1, ,-54, ,
1, ,-54, ,
1, ,-54, ,
2, ,-54, ,
-1, ,-54, ,
2, ,-54, ,
1, ,-54, ,
1, ,-55, ,
2, ,-54, ,
2, ,-54, ,
1, ,-54, ,
2, ,-54, ,
1, ,-54, ,
1, ,-54, ,
2, ,-54, ,
2, ,-54, ,
1, ,-54, ,
2, ,-54, ,
1, ,-54, ,
2, ,-55, ,
2, ,-54, ,
1, ,-54, ,
-1, ,-54, ,
2, ,-54, ,
1, ,-54, ,
1, ,-54, ,
2, ,-54, ,
1, ,-54, ,
1, ,-54, ,
44, ,-54, ,
48, ,-54, ,
30, ,-54, ,
18, ,-54, ,
12, ,-54, ,
7, ,-54, ,
6, ,-54, ,
3, ,-54, ,
3, ,-54, ,
3, ,-54, ,
2, ,-54, ,
2, ,-54, ,
3, ,-54, ,
2, ,-54, ,
2, ,-55, ,
3, ,-54, ,
3, ,-54, ,
2, ,-54, ,
3, ,-54, ,
2, ,-54, ,
2, ,-55, ,
3, ,-54, ,
3, ,-54, ,
1, ,-54, ,
3, ,-54, ,
2, ,-54, ,
2, ,-54, ,
2, ,-54, ,
3, ,-54, ,
1, ,-54, ,
3, ,-54, ,
2, ,-54, ,
2, ,-54, ,
3, ,-54, ,
3, ,-54, ,
2, ,-54, ,
3, ,-54, ,
2, ,-54, ,
2, ,-55, ,
2, ,-54, ,
2, ,-54, ,
1, ,-54, ,
3, ,-54, ,
2, ,-54, ,
2, ,-54, ,
2, ,-54, ,
3, ,-54, ,
2, ,-54, ,
2, ,-54, ,
2, ,-54, ,
2, ,-54, ,
2, ,-54, ,
3, ,-54, ,
1, ,-54, ,
3, ,-54, ,
2, ,-54, ,
2, ,-55, ,
2, ,-54, ,
2, ,-54, ,
1, ,-54, ,
3, ,-54, ,
2, ,-54, ,
2, ,-55, ,
2, ,-54, ,
2, ,-54, ,
1, ,-54, ,
2, ,-54, ,
2, ,-54, ,
2, ,-55, ,
2, ,-54, ,
3, ,-54, ,
1, ,-54, ,
2, ,-54, ,
2, ,-54, ,
2, ,-54, ,
2, ,-54, ,
2, ,-54, ,
1, ,-54, ,
3, ,-54, ,
2, ,-54, ,
2, ,-54, ,
2, ,-54, ,
2, ,-54, ,
1, ,-54, ,
2, ,-54, ,
2, ,-54, ,
2, ,-54, ,
3, ,-54, ,
2, ,-54, ,
1, ,-54, ,
2, ,-55, ,
2, ,-54, ,
2, ,-55, ,
2, ,-54, ,
2, ,-54, ,
1, ,-54, ,
2, ,-54, ,
1, ,-54, ,
2, ,-55, ,
2, ,-54, ,
2, ,-54, ,
1, ,-54, ,
2, ,-54, ,
2, ,-54, ,
2, ,-54, ,
3, ,-54, ,
2, ,-54, ,
1, ,-54, ,
3, ,-54, ,
2, ,-54, ,
1, ,-55, ,
3, ,-54, ,
2, ,-54, ,
1, ,-54, ,
2, ,-54, ,
2, ,-54, ,
2, ,-55, ,
2, ,-54, ,
2, ,-54, ,
1, ,-54, ,
2, ,-54, ,
2, ,-54, ,
1, ,-55, ,
2, ,-54, ,
2, ,-54, ,
1, ,-54, ,
2, ,-54, ,
2, ,-54, ,
1, ,-54, ,
2, ,-54, ,
2, ,-54, ,
1, ,-54, ,
2, ,-54, ,
1, ,-54, ,
1, ,-54, ,
2, ,-54, ,
2, ,-54, ,
1, ,-54, ,
2, ,-54, ,
1, ,-54, ,
2, ,-54, ,
2, ,-54, ,
2, ,-54, ,
1, ,-54, ,
2, ,-54, ,
2, ,-54, ,
2, ,-54, ,
2, ,-54, ,
2, ,-54, ,
1, ,-54, ,
2, ,-54, ,
1, ,-54, ,
2, ,-54, ,
2, ,-54, ,
2, ,-54, ,
1, ,-54, ,
2, ,-54, ,
1, ,-54, ,
2, ,-55, ,
2, ,-54, ,
2, ,-54, ,
1, ,-54, ,
2, ,-54, ,
1, ,-54, ,
2, ,-54, ,
2, ,-54, ,
2, ,-54, ,
1, ,-54, ,
2, ,-54, ,
1, ,-54, ,
2, ,-54, ,
2, ,-54, ,
2, ,-54, ,
1, ,-54, ,
2, ,-54, ,
1, ,-54, ,
2, ,-55, ,
2, ,-54, ,
2, ,-54, ,
1, ,-54, ,
2, ,-54, ,
1, ,-54, ,
1, ,-55, ,
2, ,-54, ,
2, ,-54, ,
25, ,-54, ,
32, ,-54, ,
21, ,-54, ,
15, ,-55, ,
11, ,-54, ,
8, ,-54, ,
5, ,-54, ,
6, ,-55, ,
3, ,-54, ,
2, ,-55, ,
3, ,-54, ,
2, ,-54, ,
1, ,-54, ,
3, ,-54, ,
2, ,-54, ,
3, ,-55, ,
3, ,-54, ,
3, ,-54, ,
2, ,-54, ,
3, ,-54, ,
2, ,-54, ,
2, ,-55, ,
2, ,-54, ,
3, ,-54, ,
2, ,-54, ,
3, ,-54, ,
2, ,-54, ,
2, ,-54, ,
2, ,-54, ,
3, ,-54, ,
2, ,-54, ,
3, ,-54, ,
2, ,-54, ,
2, ,-55, ,
3, ,-54, ,
3, ,-54, ,
2, ,-54, ,
3, ,-54, ,
2, ,-54, ,
2, ,-55, ,
3, ,-54, ,
3, ,-54, ,
2, ,-54, ,
3, ,-54, ,
2, ,-54, ,
2, ,-55, ,
3, ,-54, ,
2, ,-54, ,
2, ,-54, ,
3, ,-54, ,
2, ,-54, ,
2, ,-55, ,
2, ,-54, ,
3, ,-54, ,
2, ,-54, ,
3, ,-54, ,
2, ,-54, ,
2, ,-55, ,
2, ,-54, ,
2, ,-54, ,
1, ,-54, ,
3, ,-54, ,
2, ,-54, ,
2, ,-54, ,
2, ,-54, ,
3, ,-54, ,
1, ,-54, ,
3, ,-54, ,
2, ,-54, ,
2, ,-55, ,
3, ,-54, ,
3, ,-54, ,
1, ,-54, ,
3, ,-54, ,
2, ,-54, ,
2, ,-55, ,
2, ,-54, ,
3, ,-54, ,
1, ,-54, ,
3, ,-54, ,
2, ,-54, ,
2, ,-55, ,
2, ,-54, ,
3, ,-54, ,
1, ,-54, ,
3, ,-54, ,
2, ,-54, ,
2, ,-55, ,
2, ,-54, ,
2, ,-54, ,
1, ,-54, ,
3, ,-54, ,
2, ,-54, ,
2, ,-55, ,
2, ,-54, ,
2, ,-54, ,
1, ,-54, ,
2, ,-54, ,
2, ,-54, ,
2, ,-55, ,
2, ,-54, ,
3, ,-54, ,
1, ,-54, ,
2, ,-54, ,
1, ,-54, ,
2, ,-55, ,
2, ,-54, ,
2, ,-54, ,
1, ,-54, ,
2, ,-54, ,
2, ,-54, ,
2, ,-54, ,
2, ,-54, ,
3, ,-54, ,
1, ,-54, ,
2, ,-54, ,
2, ,-54, ,
2, ,-54, ,
2, ,-54, ,
2, ,-54, ,
1, ,-54, ,
3, ,-54, ,
2, ,-54, ,
2, ,-55, ,
2, ,-54, ,
2, ,-54, ,
1, ,-54, ,
2, ,-54, ,
1, ,-54, ,
1, ,-55, ,
2, ,-54, ,
3, ,-54, ,
1, ,-54, ,
2, ,-54, ,
2, ,-54, ,
2, ,-55, ,
3, ,-54, ,
2, ,-54, ,
1, ,-54, ,
2, ,-54, ,
1, ,-54, ,
1, ,-55, ,
2, ,-54, ,
2, ,-54, ,
1, ,-54, ,
2, ,-54, ,
1, ,-54, ,
1, ,-55, ,
2, ,-54, ,
2, ,-54, ,
1, ,-54, ,
2, ,-54, ,
1, ,-54, ,
1, ,-54, ,
2, ,-54, ,
2, ,-54, ,
1, ,-54, ,
2, ,-54, ,
1, ,-54, ,
1, ,-54, ,
2, ,-54, ,
2, ,-54, ,
1, ,-54, ,
2, ,-54, ,
1, ,-54, ,
2, ,-54, ,
2, ,-54, ,
2, ,-54, ,
1, ,-54, ,
2, ,-54, ,
1, ,-54, ,
1, ,-55, ,
2, ,-54, ,
2, ,-54, ,
1, ,-54, ,
2, ,-54, ,
1, ,-54, ,
1, ,-55, ,
2, ,-54, ,
2, ,-54, ,
1, ,-54, ,
2, ,-54, ,
1, ,-54, ,
1, ,-55, ,
2, ,-54, ,
2, ,-54, ,
1, ,-54, ,
2, ,-54, ,
1, ,-54, ,
2, ,-54, ,
2, ,-54, ,
2, ,-54, ,
1, ,-46, ,
2, ,-26, ,
2, ,-9, ,
2, ,3, ,
2, ,13, ,
2, ,20, ,
1, ,24, ,
2, ,28, ,
1, ,32, ,
2, ,34, ,
2, ,35, ,
2, ,36, ,
1, ,37, ,
3, ,38, ,
1, ,38, ,
1, ,39, ,
2, ,39, ,
1, ,39, ,
1, ,39, ,
2, ,39, ,
2, ,39, ,
2, ,39, ,
2, ,40, ,
1, ,39, ,
1, ,39, ,
43, ,39, ,
31, ,39, ,
20, ,39, ,
15, ,39, ,
10, ,39, ,
6, ,39, ,
7, ,40, ,
5, ,39, ,
3, ,39, ,
5, ,39, ,
3, ,39, ,
2, ,39, ,
3, ,39, ,
2, ,39, ,
2, ,39, ,
3, ,39, ,
2, ,39, ,
2, ,39, ,
3, ,39, ,
2, ,39, ,
2, ,39, ,
3, ,39, ,
3, ,39, ,
2, ,39, ,
3, ,39, ,
2, ,39, ,
2, ,39, ,
3, ,39, ,
2, ,39, ,
2, ,39, ,
3, ,39, ,
2, ,39, ,
2, ,39, ,
3, ,39, ,
2, ,39, ,
2, ,39, ,
3, ,39, ,
2, ,39, ,
2, ,39, ,
3, ,39, ,
2, ,39, ,
2, ,39, ,
3, ,39, ,
2, ,39, ,
2, ,39, ,
3, ,39, ,
2, ,39, ,
2, ,39, ,
3, ,39, ,
2, ,39, ,
2, ,39, ,
3, ,39, ,
2, ,39, ,
2, ,39, ,
3, ,39, ,
2, ,39, ,
1, ,39, ,
3, ,39, ,
2, ,39, ,
2, ,39, ,
3, ,39, ,
2, ,39, ,
2, ,39, ,
3, ,39, ,
2, ,39, ,
1, ,39, ,
2, ,39, ,
1, ,39, ,
2, ,39, ,
2, ,39, ,
2, ,39, ,
2, ,39, ,
2, ,39, ,
2, ,39, ,
2, ,39, ,
2, ,38, ,
2, ,39, ,
2, ,39, ,
3, ,39, ,
2, ,39, ,
2, ,39, ,
3, ,39, ,
2, ,39, ,
1, ,39, ,
2, ,39, ,
2, ,39, ,
1, ,39, ,
2, ,39, ,
2, ,39, ,
1, ,39, ,
2, ,39, ,
2, ,39, ,
1, ,39, ,
2, ,39, ,
2, ,39, ,
1, ,39, ,
2, ,39, ,
2, ,39, ,
2, ,39, ,
2, ,39, ,
2, ,39, ,
2, ,39, ,
2, ,39, ,
2, ,39, ,
2, ,39, ,
2, ,39, ,
2, ,38, ,
2, ,39, ,
3, ,39, ,
2, ,39, ,
2, ,39, ,
2, ,39, ,
2, ,39, ,
2, ,39, ,
3, ,39, ,
2, ,39, ,
1, ,39, ,
2, ,39, ,
2, ,38, ,
1, ,39, ,
3, ,39, ,
2, ,39, ,
2, ,39, ,
2, ,38, ,
2, ,39, ,
1, ,39, ,
2, ,39, ,
2, ,38, ,
1, ,39, ,
2, ,36, ,
2, ,19, ,
1, ,0, ,
2, ,-14, ,
2, ,-24, ,
1, ,-32, ,
2, ,-38, ,
2, ,-42, ,
1, ,-45, ,
2, ,-49, ,
2, ,-50, ,
2, ,-52, ,
2, ,-52, ,
2, ,-53, ,
1, ,-54, ,
2, ,-54, ,
1, ,-54, ,
2, ,-55, ,
2, ,-54, ,
2, ,-55, ,
1, ,-55, ,
2, ,-55, ,
1, ,-55, ,
2, ,-55, ,
2, ,-55, ,
2, ,-55, ,
1, ,-55, ,
2, ,-55, ,
1, ,-55, ,
2, ,-55, ,
2, ,-55, ,
2, ,-55, ,
1, ,-55, ,
2, ,-54, ,
2, ,-55, ,
2, ,-55, ,
2, ,-54, ,
2, ,-54, ,
1, ,-55, ,
2, ,-55, ,
1, ,-55, ,
1, ,-55, ,
2, ,-54, ,
2, ,-54, ,
1, ,-55, ,
2, ,-54, ,
1, ,-54, ,
2, ,-55, ,
2, ,-54, ,
2, ,-54, ,
1, ,-55, ,
2, ,-54, ,
1, ,-54, ,
1, ,-55, ,
2, ,-54, ,
2, ,-54, ,
1, ,-54, ,
2, ,-54, ,
1, ,-54, ,
1, ,-55, ,
2, ,-54, ,
2, ,-54, ,
1, ,-55, ,
2, ,-54, ,
1, ,-54, ,
1, ,-55, ,
2, ,-54, ,
2, ,-54, ,
1, ,-55, ,
2, ,-55, ,
1, ,-54, ,
1, ,-55, ,
2, ,-54, ,
2, ,-54, ,
1, ,-54, ,
2, ,-54, ,
1, ,-54, ,
1, ,-55, ,
2, ,-54, ,
2, ,-54, ,
1, ,-54, ,
2, ,-54, ,
1, ,-54, ,
1, ,-55, ,
2, ,-54, ,
2, ,-54, ,
1, ,-54, ,
2, ,-54, ,
1, ,-54, ,
1, ,-54, ,
2, ,-54, ,
2, ,-54, ,
1, ,-54, ,
2, ,-54, ,
1, ,-54, ,
1, ,-55, ,
2, ,-54, ,
2, ,-54, ,
1, ,-54, ,
2, ,-54, ,
1, ,-54, ,
1, ,-54, ,
2, ,-54, ,
2, ,-54, ,
1, ,-54, ,
2, ,-54, ,
1, ,-54, ,
1, ,-54, ,
2, ,-54, ,
2, ,-54, ,
1, ,-54, ,
2, ,-54, ,
1, ,-54, ,
1, ,-55, ,
2, ,-54, ,
2, ,-54, ,
1, ,-54, ,
2, ,-54, ,
1, ,-54, ,
1, ,-55, ,
2, ,-54, ,
2, ,-54, ,
1, ,-54, ,
2, ,-54, ,
1, ,-54, ,
1, ,-54, ,
2, ,-54, ,
2, ,-54, ,
1, ,-54, ,
2, ,-54, ,
1, ,-54, ,
1, ,-54, ,
2, ,-54, ,
2, ,-55, ,
1, ,-54, ,
2, ,-54, ,
1, ,-54, ,
1, ,-54, ,
2, ,-54, ,
2, ,-54, ,
1, ,-54, ,
2, ,-54, ,
1, ,-54, ,
1, ,-55, ,
2, ,-54, ,
2, ,-54, ,
1, ,-54, ,
2, ,-54, ,
1, ,-54, ,
2, ,-54, ,
2, ,-54, ,
2, ,-54, ,
1, ,-54, ,
2, ,-54, ,
1, ,-54, ,
2, ,-54, ,
2, ,-54, ,
2, ,-54, ,
1, ,-54, ,
2, ,-54, ,
1, ,-54, ,
1, ,-54, ,
2, ,-54, ,
2, ,-54, ,
1, ,-54, ,
2, ,-54, ,
1, ,-54, ,
2, ,-54, ,
2, ,-54, ,
2, ,-54, ,
1, ,-54, ,
2, ,-54, ,
1, ,-54, ,
2, ,-54, ,
2, ,-54, ,
2, ,-54, ,
1, ,-54, ,
2, ,-54, ,
1, ,-54, ,
1, ,-55, ,
2, ,-54, ,
1, ,-54, ,
1, ,-54, ,
2, ,-54, ,
1, ,-54, ,
1, ,-55, ,
2, ,-54, ,
1, ,-54, ,
1, ,-54, ,
2, ,-54, ,
1, ,-54, ,
1, ,-55, ,
2, ,-54, ,
1, ,-54, ,
-1, ,-54, ,
2, ,-54, ,
1, ,-54, ,
1, ,-55, ,
2, ,-54, ,
2, ,-54, ,
-1, ,-54, ,
2, ,-54, ,
1, ,-54, ,
1, ,-55, ,
2, ,-54, ,
1, ,-54, ,
-1, ,-54, ,
2, ,-54, ,
1, ,-54, ,
1, ,-55, ,
2, ,-54, ,
2, ,-54, ,
-1, ,-54, ,
2, ,-55, ,
1, ,-54, ,
1, ,-55, ,
2, ,-54, ,
2, ,-54, ,
-1, ,-54, ,
2, ,-54, ,
1, ,-54, ,
1, ,-54, ,
2, ,-54, ,
2, ,-54, ,
-1, ,-54, ,
2, ,-54, ,
1, ,-54, ,
1, ,-55, ,
2, ,-54, ,
2, ,-54, ,
-1, ,-54, ,
2, ,-54, ,
1, ,-54, ,
1, ,-54, ,
2, ,-54, ,
2, ,-54, ,
-1, ,-54, ,
2, ,-54, ,
1, ,-54, ,
1, ,-54, ,
2, ,-54, ,
2, ,-54, ,
-1, ,-54, ,
2, ,-54, ,
1, ,-54, ,
1, ,-54, ,
2, ,-54, ,
2, ,-54, ,
1, ,-54, ,
2, ,-54, ,
1, ,-54, ,
1, ,-54, ,
2, ,-54, ,
2, ,-54, ,
-1, ,-54, ,
2, ,-54, ,
1, ,-54, ,
1, ,-55, ,
2, ,-54, ,
1, ,-54, ,
1, ,-54, ,
2, ,-54, ,
1, ,-54, ,
1, ,-55, ,
2, ,-54, ,
2, ,-54, ,
-1, ,-54, ,
2, ,-54, ,
1, ,-54, ,
1, ,-54, ,
2, ,-54, ,
1, ,-54, ,
1, ,-54, ,
2, ,-54, ,
1, ,-54, ,
1, ,-55, ,
2, ,-54, ,
1, ,-54, ,
-1, ,-54, ,
2, ,-54, ,
1, ,-54, ,
1, ,-55, ,
2, ,-54, ,
1, ,-54, ,
-1, ,-54, ,
2, ,-54, ,
1, ,-54, ,
1, ,-55, ,
2, ,-54, ,
1, ,-54, ,
1, ,-54, ,
2, ,-54, ,
1, ,-54, ,
1, ,-54, ,
2, ,-54, ,
1, ,-54, ,
-1, ,-54, ,
2, ,-54, ,
1, ,-54, ,
1, ,-55, ,
2, ,-54, ,
1, ,-54, ,
-1, ,-54, ,
2, ,-54, ,
1, ,-54, ,
1, ,-55, ,
2, ,-54, ,
1, ,-54, ,
-1, ,-54, ,
2, ,-54, ,
1, ,-54, ,
1, ,-55, ,
2, ,-54, ,
1, ,-54, ,
-1, ,-54, ,
2, ,-54, ,
1, ,-54, ,
1, ,-54, ,
1, ,-54, ,
1, ,-54, ,
-1, ,-54, ,
2, ,-54, ,
1, ,-54, ,
1, ,-55, ,
2, ,-54, ,
2, ,-54, ,
-1, ,-54, ,
2, ,-54, ,
1, ,-54, ,
1, ,-54, ,
2, ,-54, ,
1, ,-54, ,
-1, ,-54, ,
2, ,-54, ,
1, ,-54, ,
1, ,-54, ,
1, ,-54, ,
1, ,-54, ,
-1, ,-55, ,
2, ,-54, ,
1, ,-54, ,
1, ,-55, ,
2, ,-54, ,
2, ,-54, ,
-1, ,-54, ,
2, ,-54, ,
1, ,-54, ,
1, ,-55, ,
1, ,-54, ,
1, ,-54, ,
-1, ,-54, ,
2, ,-54, ,
1, ,-54, ,
1, ,-55, ,
2, ,-54, ,
1, ,-54, ,
-1, ,-54, ,
2, ,-54, ,
-1, ,-54, ,
1, ,-55, ,
2, ,-54, ,
1, ,-54, ,
-1, ,-55, ,
2, ,-54, ,
1, ,-54, ,
1, ,-54, ,
1, ,-54, ,
1, ,-54, ,
-1, ,-54, ,
2, ,-54, ,
1, ,-54, ,
1, ,-54, ,
2, ,-54, ,
2, ,-54, ,
-1, ,-54, ,
2, ,-54, ,
1, ,-54, ,
1, ,-54, ,
2, ,-54, ,
1, ,-54, ,
-1, ,-54, ,
2, ,-54, ,
1, ,-54, ,
1, ,-55, ,
1, ,-54, ,
1, ,-54, ,
-1, ,-54, ,
2, ,-54, ,
1, ,-54, ,
1, ,-54, ,
1, ,-54, ,
2, ,-54, ,
-1, ,-54, ,
2, ,-54, ,
1, ,-54, ,
1, ,-55, ,
1, ,-54, ,
2, ,-54, ,
-1, ,-54, ,
2, ,-54, ,
1, ,-54, ,
1, ,-55, ,
1, ,-54, ,
1, ,-54, ,
-1, ,-54, ,
2, ,-54, ,
1, ,-54, ,
1, ,-55, ,
2, ,-54, ,
2, ,-54, ,
-1, ,-54, ,
2, ,-54, ,
1, ,-54, ,
1, ,-54, ,
1, ,-54, ,
1, ,-54, ,
-1, ,-54, ,
2, ,-54, ,
1, ,-54, ,
1, ,-55, ,
2, ,-54, ,
1, ,-54, ,
-1, ,-54, ,
2, ,-55, ,
-1, ,-54, ,
1, ,-54, ,
1, ,-54, ,
1, ,-54, ,
-1, ,-54, ,
2, ,-54, ,
1, ,-54, ,
1, ,-55, ,
2, ,-54, ,
1, ,-54, ,
-1, ,-54, ,
2, ,-54, ,
1, ,-54, ,
1, ,-55, ,
1, ,-54, ,
1, ,-54, ,
-1, ,-54, ,
2, ,-54, ,
1, ,-54, ,
1, ,-55, ,
1, ,-54, ,
1, ,-54, ,
-1, ,-54, ,
2, ,-54, ,
1, ,-54, ,
1, ,-54, ,
2, ,-54, ,
1, ,-54, ,
-1, ,-54, ,
1, ,-54, ,
-1, ,-54, ,
1, ,-55, ,
2, ,-54, ,
1, ,-54, ,
-1, ,-54, ,
2, ,-54, ,
1, ,-54, ,
-1, ,-54, ,
1, ,-54, ,
1, ,-54, ,
-1, ,-54, ,
1, ,-54, ,
1, ,-54, ,
1, ,-54, ,
2, ,-54, ,
2, ,-54, ,
-1, ,-54, ,
1, ,-54, ,
1, ,-54, ,
1, ,-55, ,
1, ,-54, ,
1, ,-54, ,
-1, ,-54, ,
2, ,-54, ,
1, ,-54, ,
1, ,-55, ,
1, ,-54, ,
1, ,-54, ,
-1, ,-54, ,
2, ,-55, ,
1, ,-54, ,
1, ,-54, ,
1, ,-54, ,
1, ,-54, ,
-1, ,-54, ,
2, ,-54, ,
1, ,-54, ,
1, ,-54, ,
1, ,-54, ,
1, ,-54, ,
-1, ,-54, ,
1, ,-54, ,
1, ,-54, ,
1, ,-55, ,
2, ,-54, ,
1, ,-54, ,
-1, ,-54, ,
2, ,-54, ,
-1, ,-54, ,
1, ,-54, ,
2, ,-54, ,
1, ,-54, ,
-1, ,-54, ,
2, ,-54, ,
1, ,-54, ,
1, ,-54, ,
2, ,-54, ,
1, ,-54, ,
-1, ,-54, ,
1, ,-54, ,
-1, ,-54, ,
1, ,-55, ,
1, ,-54, ,
1, ,-54, ,
-1, ,-54, ,
2, ,-54, ,
1, ,-54, ,
1, ,-55, ,
1, ,-54, ,
2, ,-54, ,
-1, ,-54, ,
2, ,-54, ,
-1, ,-54, ,
1, ,-55, ,
1, ,-54, ,
2, ,-54, ,
-1, ,-55, ,
1, ,-54, ,
1, ,-54, ,
1, ,-55, ,
1, ,-54, ,
1, ,-54, ,
-1, ,-54, ,
2, ,-54, ,
1, ,-54, ,
1, ,-54, ,
1, ,-54, ,
1, ,-54, ,
-1, ,-54, ,
2, ,-54, ,
1, ,-54, ,
1, ,-55, ,
1, ,-54, ,
2, ,-54, ,
-1, ,-54, ,
2, ,-54, ,
1, ,-54, ,
1, ,-55, ,
1, ,-54, ,
1, ,-54, ,
-1, ,-54, ,
2, ,-54, ,
1, ,-54, ,
1, ,-55, ,
1, ,-54, ,
1, ,-54, ,
-1, ,-54, ,
2, ,-54, ,
1, ,-54, ,
1, ,-55, ,
1, ,-54, ,
1, ,-54, ,
-1, ,-54, ,
1, ,-54, ,
1, ,-54, ,
1, ,-55, ,
1, ,-54, ,
1, ,-54, ,
-1, ,-54, ,
2, ,-54, ,
-1, ,-54, ,
1, ,-54, ,
1, ,-54, ,
1, ,-54, ,
-1, ,-54, ,
1, ,-55, ,
1, ,-54, ,
1, ,-55, ,
1, ,-54, ,
1, ,-54, ,
-1, ,-54, ,
1, ,-54, ,
-1, ,-54, ,
1, ,-54, ,
1, ,-54, ,
1, ,-54, ,
-1, ,-54, ,
1, ,-54, ,
1, ,-54, ,
1, ,-55, ,
1, ,-54, ,
1, ,-54, ,
-1, ,-54, ,
1, ,-55, ,
-1, ,-54, ,
1, ,-55, ,
1, ,-54, ,
1, ,-54, ,
-1, ,-54, ,
1, ,-54, ,
-1, ,-54, ,
1, ,-55, ,
1, ,-54, ,
1, ,-54, ,
-1, ,-54, ,
1, ,-54, ,
1, ,-54, ,
1, ,-55, ,
1, ,-54, ,
1, ,-54, ,
-1, ,-54, ,
1, ,-54, ,
-1, ,-54, ,
1, ,-55, ,
1, ,-54, ,
2, ,-54, ,
-1, ,-54, ,
2, ,-54, ,
-1, ,-54, ,
1, ,-55, ,
1, ,-54, ,
1, ,-54, ,
-1, ,-54, ,
2, ,-51, ,
1, ,-32, ,
1, ,-14, ,
2, ,0, ,
1, ,11, ,
-1, ,18, ,
2, ,23, ,
-1, ,27, ,
1, ,31, ,
1, ,33, ,
1, ,35, ,
-1, ,36, ,
2, ,37, ,
1, ,38, ,
-1, ,39, ,
1, ,38, ,
1, ,39, ,
-1, ,39, ,
1, ,39, ,
1, ,39, ,
1, ,39, ,
1, ,40, ,
1, ,39, ,
-1, ,40, ,
1, ,39, ,
1, ,39, ,
1, ,39, ,
1, ,39, ,
1, ,39, ,
-1, ,39, ,
1, ,39, ,
1, ,39, ,
1, ,39, ,
1, ,39, ,
1, ,39, ,
-1, ,39, ,
1, ,39, ,
1, ,39, ,
1, ,39, ,
1, ,39, ,
1, ,39, ,
-1, ,39, ,
1, ,39, ,
1, ,39, ,
-1, ,39, ,
1, ,39, ,
1, ,39, ,
-1, ,39, ,
1, ,39, ,
1, ,39, ,
1, ,39, ,
1, ,39, ,
1, ,39, ,
-1, ,39, ,
1, ,39, ,
1, ,39, ,
1, ,39, ,
2, ,39, ,
1, ,39, ,
-1, ,39, ,
1, ,39, ,
1, ,39, ,
1, ,39, ,
2, ,39, ,
1, ,39, ,
-1, ,39, ,
1, ,39, ,
1, ,39, ,
-1, ,39, ,
1, ,39, ,
1, ,39, ,
-1, ,39, ,
2, ,39, ,
1, ,39, ,
-1, ,39, ,
1, ,39, ,
1, ,39, ,
-1, ,39, ,
1, ,39, ,
1, ,39, ,
1, ,39, ,
1, ,39, ,
1, ,39, ,
-1, ,39, ,
1, ,39, ,
1, ,39, ,
-1, ,39, ,
2, ,38, ,
1, ,39, ,
-1, ,39, ,
2, ,39, ,
1, ,38, ,
-1, ,39, ,
2, ,39, ,
1, ,39, ,
1, ,39, ,
1, ,39, ,
1, ,39, ,
1, ,39, ,
1, ,38, ,
1, ,39, ,
-1, ,39, ,
1, ,39, ,
1, ,39, ,
-1, ,39, ,
1, ,38, ,
1, ,39, ,
-1, ,39, ,
1, ,39, ,
1, ,39, ,
1, ,39, ,
1, ,39, ,
1, ,39, ,
-1, ,39, ,
1, ,39, ,
-1, ,38, ,
1, ,39, ,
1, ,39, ,
1, ,39, ,
-1, ,38, ,
1, ,39, ,
1, ,39, ,
-1, ,39, ,
1, ,39, ,
1, ,39, ,
-1, ,39, ,
1, ,39, ,
1, ,39, ,
-1, ,39, ,
1, ,39, ,
-1, ,38, ,
-1, ,39, ,
1, ,39, ,
-1, ,39, ,
-1, ,39, ,
2, ,39, ,
1, ,39, ,
-1, ,39, ,
1, ,39, ,
1, ,39, ,
-1, ,39, ,
1, ,39, ,
-1, ,39, ,
-1, ,39, ,
1, ,39, ,
1, ,39, ,
-1, ,39, ,
1, ,38, ,
1, ,38, ,
-1, ,39, ,
1, ,39, ,
-1, ,39, ,
-1, ,39, ,
1, ,39, ,
1, ,38, ,
-1, ,25, ,
1, ,5, ,
-1, ,-9, ,
-1, ,-21, ,
1, ,-31, ,
1, ,-37, ,
-1, ,-41, ,
1, ,-45, ,
-1, ,-47, ,
-1, ,-50, ,
1, ,-51, ,
1, ,-52, ,
-1, ,-53, ,
2, ,-54, ,
-1, ,-54, ,
-1, ,-54, ,
1, ,-55, ,
1, ,-54, ,
-1, ,-55, ,
1, ,-55, ,
-1, ,-55, ,
1, ,-55, ,
1, ,-55, ,
1, ,-55, ,
-1, ,-55, ,
2, ,-55, ,
-1, ,-55, ,
-1, ,-55, ,
1, ,-55, ,
1, ,-55, ,
-1, ,-55, ,
1, ,-55, ,
-1, ,-55, ,
-1, ,-55, ,
1, ,-54, ,
1, ,-55, ,
-1, ,-55, ,
1, ,-55, ,
-1, ,-55, ,
-1, ,-55, ,
1, ,-54, ,
1, ,-54, ,
-1, ,-54, ,
2, ,-55, ,
-1, ,-54, ,
1, ,-55, ,
1, ,-54, ,
1, ,-54, ,
-1, ,-55, ,
1, ,-54, ,
-1, ,-54, ,
-1, ,-55, ,
1, ,-54, ,
1, ,-54, ,
-1, ,-54, ,
1, ,-54, ,
1, ,-55, ,
-1, ,-54, ,
1, ,-54, ,
1, ,-54, ,
-1, ,-55, ,
2, ,-55, ,
-1, ,-54, ,
1, ,-54, ,
1, ,-54, ,
2, ,-54, ,
-1, ,-55, ,
2, ,-54, ,
1, ,-54, ,
-1, ,-54, ,
1, ,-54, ,
1, ,-54, ,
-1, ,-55, ,
2, ,-55, ,
1, ,-54, ,
1, ,-55, ,
1, ,-54, ,
1, ,-54, ,
-1, ,-54, ,
1, ,-54, ,
-1, ,-54, ,
1, ,-55, ,
1, ,-54, ,
1, ,-54, ,
-1, ,-54, ,
1, ,-54, ,
-1, ,-54, ,
1, ,-55, ,
1, ,-54, ,
1, ,-54, ,
-1, ,-54, ,
1, ,-54, ,
-1, ,-54, ,
1, ,-55, ,
1, ,-54, ,
1, ,-54, ,
-1, ,-54, ,
1, ,-54, ,
-1, ,-54, ,
-1, ,-54, ,
1, ,-54, ,
1, ,-54, ,
-1, ,-54, ,
1, ,-54, ,
-1, ,-54, ,
-1, ,-55, ,
1, ,-54, ,
1, ,-54, ,
-1, ,-54, ,
1, ,-54, ,
-1, ,-54, ,
1, ,-55, ,
1, ,-54, ,
1, ,-54, ,
-1, ,-54, ,
1, ,-54, ,
-1, ,-54, ,
-1, ,-55, ,
1, ,-54, ,
1, ,-54, ,
-1, ,-54, ,
1, ,-54, ,
-1, ,-54, ,
-1, ,-55, ,
1, ,-54, ,
1, ,-54, ,
-1, ,-54, ,
2, ,-55, ,
-1, ,-54, ,
-1, ,-54, ,
1, ,-54, ,
1, ,-54, ,
-1, ,-54, ,
1, ,-54, ,
-1, ,-54, ,
-1, ,-54, ,
1, ,-54, ,
1, ,-54, ,
-1, ,-54, ,
2, ,-54, ,
-1, ,-54, ,
-1, ,-55, ,
1, ,-54, ,
1, ,-54, ,
-1, ,-54, ,
1, ,-54, ,
-1, ,-54, ,
-1, ,-54, ,
1, ,-54, ,
1, ,-54, ,
-1, ,-54, ,
2, ,-54, ,
-1, ,-54, ,
-1, ,-54, ,
1, ,-54, ,
1, ,-54, ,
-1, ,-54, ,
2, ,-54, ,
-1, ,-54, ,
1, ,-55, ,
1, ,-54, ,
1, ,-54, ,
-1, ,-54, ,
2, ,-54, ,
-1, ,-54, ,
-1, ,-55, ,
1, ,-54, ,
1, ,-54, ,
-1, ,-54, ,
1, ,-54, ,
-1, ,-54, ,
1, ,-55, ,
1, ,-54, ,
1, ,-54, ,
-1, ,-54, ,
2, ,-54, ,
-1, ,-54, ,
1, ,-55, ,
1, ,-54, ,
1, ,-54, ,
-1, ,-54, ,
1, ,-54, ,
-1, ,-54, ,
1, ,-54, ,
1, ,-54, ,
1, ,-54, ,
-1, ,-54, ,
2, ,-54, ,
-1, ,-54, ,
1, ,-54, ,
1, ,-54, ,
2, ,-54, ,
-1, ,-54, ,
1, ,-54, ,
-1, ,-54, ,
1, ,-54, ,
1, ,-54, ,
1, ,-54, ,
-1, ,-54, ,
2, ,-54, ,
-1, ,-54, ,
1, ,-54, ,
1, ,-54, ,
1, ,-54, ,
-1, ,-55, ,
1, ,-54, ,
-1, ,-54, ,
-1, ,-55, ,
1, ,-54, ,
1, ,-54, ,
-1, ,-54, ,
2, ,-54, ,
-1, ,-54, ,
-1, ,-55, ,
1, ,-54, ,
1, ,-54, ,
-1, ,-54, ,
1, ,-54, ,
1, ,-54, ,
-1, ,-54, ,
1, ,-54, ,
1, ,-54, ,
-1, ,-54, ,
1, ,-54, ,
-1, ,-54, ,
1, ,-54, ,
1, ,-54, ,
1, ,-54, ,
-1, ,-54, ,
1, ,-54, ,
-1, ,-54, ,
-1, ,-54, ,
1, ,-54, ,
1, ,-54, ,
-1, ,-54, ,
1, ,-54, ,
-1, ,-54, ,
-1, ,-55, ,
1, ,-54, ,
1, ,-54, ,
-1, ,-54, ,
1, ,-54, ,
-1, ,-54, ,
-1, ,-54, ,
1, ,-54, ,
1, ,-54, ,
-1, ,-54, ,
1, ,-54, ,
-1, ,-54, ,
-1, ,-54, ,
1, ,-54, ,
1, ,-54, ,
-1, ,-55, ,
1, ,-54, ,
-1, ,-54, ,
-1, ,-54, ,
1, ,-54, ,
1, ,-54, ,
-1, ,-54, ,
1, ,-54, ,
-1, ,-54, ,
1, ,-54, ,
1, ,-53, ,
1, ,-54, ,
-1, ,-54, ,
1, ,-54, ,
-1, ,-54, ,
-1, ,-54, ,
1, ,-54, ,
1, ,-54, ,
-1, ,-54, ,
1, ,-54, ,
-1, ,-54, ,
1, ,-54, ,
-1, ,-54, ,
1, ,-54, ,
-1, ,-54, ,
1, ,-54, ,
-1, ,-54, ,
-1, ,-55, ,
1, ,-54, ,
2, ,-54, ,
-1, ,-54, ,
1, ,-54, ,
-1, ,-54, ,
1, ,-54, ,
1, ,-54, ,
1, ,-54, ,
-1, ,-54, ,
1, ,-54, ,
1, ,-54, ,
-1, ,-54, ,
1, ,-54, ,
1, ,-54, ,
-1, ,-54, ,
1, ,-54, ,
-1, ,-54, ,
1, ,-55, ,
1, ,-54, ,
1, ,-54, ,
-1, ,-54, ,
1, ,-54, ,
-1, ,-54, ,
-1, ,-54, ,
1, ,-54, ,
1, ,-54, ,
-1, ,-54, ,
1, ,-54, ,
-1, ,-54, ,
-1, ,-55, ,
1, ,-53, ,
1, ,-54, ,
-1, ,-54, ,
1, ,-54, ,
1, ,-54, ,
1, ,-54, ,
1, ,-54, ,
1, ,-54, ,
-1, ,-54, ,
2, ,-54, ,
-1, ,-54, ,
1, ,-54, ,
1, ,-54, ,
1, ,-54, ,
-1, ,-55, ,
1, ,-54, ,
1, ,-54, ,
-1, ,-54, ,
1, ,-54, ,
1, ,-54, ,
-1, ,-54, ,
1, ,-54, ,
-1, ,-54, ,
1, ,-54, ,
1, ,-54, ,
1, ,-54, ,
-1, ,-54, ,
1, ,-54, ,
-1, ,-54, ,
-1, ,-55, ,
1, ,-54, ,
1, ,-54, ,
-1, ,-54, ,
1, ,-54, ,
-1, ,-54, ,
1, ,-55, ,
1, ,-54, ,
1, ,-54, ,
-1, ,-54, ,
1, ,-54, ,
-1, ,-54, ,
-1, ,-55, ,
1, ,-54, ,
1, ,-54, ,
-1, ,-54, ,
1, ,-54, ,
-1, ,-54, ,
-1, ,-54, ,
1, ,-53, ,
1, ,-54, ,
-1, ,-54, ,
1, ,-54, ,
-1, ,-54, ,
-1, ,-54, ,
1, ,-54, ,
1, ,-54, ,
-1, ,-54, ,
1, ,-54, ,
-1, ,-54, ,
-1, ,-54, ,
1, ,-53, ,
1, ,-54, ,
-1, ,-54, ,
1, ,-54, ,
-1, ,-54, ,
-1, ,-54, ,
1, ,-54, ,
1, ,-54, ,
-1, ,-54, ,
1, ,-54, ,
-1, ,-54, ,
-1, ,-55, ,
1, ,-54, ,
1, ,-54, ,
-1, ,-54, ,
1, ,-54, ,
-1, ,-54, ,
1, ,-54, ,
1, ,-54, ,
1, ,-54, ,
-1, ,-54, ,
1, ,-54, ,
-1, ,-54, ,
1, ,-55, ,
1, ,-54, ,
1, ,-54, ,
-1, ,-54, ,
1, ,-54, ,
-1, ,-54, ,
-1, ,-54, ,
1, ,-54, ,
1, ,-54, ,
-1, ,-54, ,
1, ,-54, ,
-1, ,-54, ,
-1, ,-55, ,
1, ,-54, ,
1, ,-54, ,
-1, ,-54, ,
1, ,-54, ,
-1, ,-54, ,
-1, ,-55, ,
1, ,-54, ,
1, ,-54, ,
-1, ,-54, ,
1, ,-54, ,
-1, ,-54, ,
1, ,-55, ,
1, ,-54, ,
1, ,-54, ,
-1, ,-54, ,
1, ,-54, ,
-1, ,-54, ,
-1, ,-54, ,
1, ,-54, ,
1, ,-54, ,
-1, ,-54, ,
2, ,-54, ,
-1, ,-54, ,
-1, ,-55, ,
1, ,-54, ,
1, ,-54, ,
-1, ,-54, ,
1, ,-54, ,
-1, ,-54, ,
1, ,-55, ,
1, ,-54, ,
1, ,-54, ,
-1, ,-54, ,
1, ,-54, ,
-1, ,-54, ,
-1, ,-55, ,
1, ,-54, ,
1, ,-54, ,
-1, ,-54, ,
2, ,-54, ,
-1, ,-54, ,
1, ,-54, ,
1, ,-54, ,
1, ,-54, ,
-1, ,-54, ,
1, ,-54, ,
-1, ,-54, ,
-1, ,-54, ,
1, ,-54, ,
1, ,-54, ,
-1, ,-55, ,
1, ,-54, ,
-1, ,-54, ,
-1, ,-55, ,
1, ,-54, ,
1, ,-54, ,
-1, ,-54, ,
2, ,-54, ,
-1, ,-54, ,
-1, ,-54, ,
1, ,-54, ,
1, ,-54, ,
-1, ,-54, ,
2, ,-54, ,
-1, ,-54, ,
-1, ,-55, ,
1, ,-54, ,
1, ,-54, ,
-1, ,-54, ,
1, ,-54, ,
-1, ,-54, ,
1, ,-55, ,
1, ,-54, ,
1, ,-54, ,
-1, ,-54, ,
1, ,-54, ,
-1, ,-54, ,
-1, ,-55, ,
1, ,-54, ,
1, ,-54, ,
-1, ,-54, ,
1, ,-54, ,
-1, ,-54, ,
1, ,-54, ,
1, ,-54, ,
1, ,-54, ,
-1, ,-54, ,
1, ,-54, ,
-1, ,-54, ,
-1, ,-55, ,
1, ,-54, ,
1, ,-54, ,
-1, ,-54, ,
1, ,-54, ,
-1, ,-54, ,
-1, ,-55, ,
1, ,-54, ,
1, ,-54, ,
-1, ,-54, ,
1, ,-54, ,
-1, ,-54, ,
-1, ,-55, ,
1, ,-54, ,
1, ,-54, ,
-1, ,-54, ,
1, ,-54, ,
-1, ,-54, ,
-1, ,-55, ,
1, ,-54, ,
1, ,-54, ,
-1, ,-54, ,
1, ,-54, ,
-1, ,-54, ,
-1, ,-55, ,
1, ,-54, ,
1, ,-54, ,
-1, ,-54, ,
1, ,-54, ,
-1, ,-54, ,
-1, ,-54, ,
1, ,-54, ,
1, ,-54, ,
-1, ,-54, ,
1, ,-54, ,
-1, ,-54, ,
-1, ,-55, ,
1, ,-54, ,
1, ,-54, ,
-1, ,-54, ,
1, ,-54, ,
-1, ,-54, ,
-1, ,-55, ,
1, ,-54, ,
1, ,-54, ,
-1, ,-54, ,
2, ,-54, ,
-1, ,-54, ,
1, ,-55, ,
1, ,-54, ,
1, ,-54, ,
-1, ,-54, ,
2, ,-54, ,
-1, ,-54, ,
1, ,-55, ,
1, ,-54, ,
1, ,-54, ,
-1, ,-54, ,
1, ,-54, ,
-1, ,-54, ,
1, ,-54, ,
1, ,-54, ,
1, ,-54, ,
-1, ,-54, ,
1, ,-54, ,
-1, ,-54, ,
1, ,-54, ,
1, ,-54, ,
1, ,-54, ,
-1, ,-54, ,
1, ,-54, ,
1, ,-54, ,
1, ,-54, ,
1, ,-54, ,
1, ,-54, ,
-1, ,-54, ,
1, ,-54, ,
-1, ,-54, ,
1, ,-55, ,
1, ,-54, ,
1, ,-54, ,
-1, ,-54, ,
1, ,-54, ,
-1, ,-54, ,
1, ,-55, ,
1, ,-54, ,
1, ,-54, ,
-1, ,-54, ,
1, ,-54, ,
-1, ,-54, ,
-1, ,-55, ,
1, ,-54, ,
1, ,-54, ,
-1, ,-54, ,
1, ,-54, ,
-1, ,-54, ,
1, ,-55, ,
1, ,-54, ,
1, ,-54, ,
-1, ,-54, ,
1, ,-54, ,
-1, ,-54, ,
-1, ,-55, ,
1, ,-54, ,
1, ,-55, ,
-1, ,-54, ,
1, ,-54, ,
-1, ,-54, ,
-1, ,-54, ,
1, ,-54, ,
1, ,-54, ,
-1, ,-54, ,
1, ,-54, ,
-1, ,-54, ,
-1, ,-55, ,
1, ,-54, ,
1, ,-54, ,
-1, ,-54, ,
1, ,-54, ,
-1, ,-54, ,
-1, ,-55, ,
1, ,-54, ,
1, ,-54, ,
-1, ,-54, ,
1, ,-54, ,
-1, ,-54, ,
-1, ,-55, ,
1, ,-54, ,
1, ,-54, ,
-1, ,-54, ,
1, ,-54, ,
-1, ,-52, ,
-1, ,-37, ,
2, ,-17, ,
1, ,-2, ,
-1, ,8, ,
1, ,16, ,
-1, ,22, ,
1, ,26, ,
1, ,30, ,
1, ,33, ,
-1, ,35, ,
1, ,36, ,
-1, ,37, ,
-1, ,38, ,
1, ,38, ,
1, ,38, ,
-1, ,39, ,
1, ,39, ,
-1, ,39, ,
-1, ,39, ,
1, ,40, ,
1, ,39, ,
-1, ,39, ,
1, ,39, ,
1, ,39, ,
-1, ,40, ,
1, ,39, ,
1, ,40, ,
-1, ,39, ,
1, ,39, ,
-1, ,39, ,
-1, ,39, ,
1, ,39, ,
1, ,39, ,
-1, ,39, ,
1, ,39, ,
-1, ,39, ,
-1, ,39, ,
1, ,39, ,
1, ,39, ,
-1, ,39, ,
1, ,39, ,
1, ,39, ,
-1, ,39, ,
1, ,39, ,
-1, ,39, ,
-1, ,39, ,
1, ,39, ,
1, ,39, ,
-1, ,39, ,
1, ,39, ,
1, ,39, ,
-1, ,39, ,
1, ,39, ,
-1, ,39, ,
-1, ,39, ,
1, ,39, ,
1, ,39, ,
-1, ,39, ,
1, ,39, ,
-1, ,39, ,
-1, ,39, ,
1, ,39, ,
1, ,39, ,
-1, ,39, ,
1, ,39, ,
-1, ,39, ,
-1, ,39, ,
1, ,39, ,
-1, ,39, ,
-1, ,39, ,
1, ,39, ,
-1, ,39, ,
-1, ,39, ,
1, ,39, ,
1, ,39, ,
-1, ,39, ,
1, ,39, ,
-1, ,38, ,
-1, ,39, ,
1, ,39, ,
1, ,39, ,
-1, ,39, ,
1, ,39, ,
1, ,39, ,
-1, ,39, ,
1, ,39, ,
1, ,39, ,
-1, ,39, ,
1, ,39, ,
1, ,39, ,
-1, ,39, ,
1, ,39, ,
1, ,39, ,
-1, ,39, ,
1, ,39, ,
-1, ,39, ,
-1, ,39, ,
1, ,39, ,
1, ,39, ,
-1, ,39, ,
1, ,39, ,
-1, ,39, ,
-1, ,39, ,
1, ,39, ,
1, ,39, ,
-1, ,39, ,
1, ,39, ,
1, ,39, ,
-1, ,39, ,
1, ,39, ,
1, ,39, ,
-1, ,39, ,
1, ,39, ,
-1, ,39, ,
-1, ,39, ,
1, ,39, ,
1, ,39, ,
-1, ,39, ,
1, ,39, ,
-1, ,39, ,
-1, ,39, ,
1, ,39, ,
1, ,39, ,
-1, ,39, ,
1, ,39, ,
-1, ,39, ,
-1, ,39, ,
1, ,39, ,
1, ,39, ,
-1, ,39, ,
1, ,39, ,
1, ,39, ,
-1, ,39, ,
1, ,39, ,
1, ,39, ,
-1, ,39, ,
1, ,39, ,
-1, ,39, ,
-1, ,39, ,
1, ,39, ,
-1, ,38, ,
-1, ,39, ,
1, ,39, ,
-1, ,39, ,
-1, ,39, ,
1, ,38, ,
1, ,39, ,
-1, ,39, ,
1, ,39, ,
-1, ,38, ,
-1, ,39, ,
1, ,38, ,
-1, ,39, ,
-1, ,38, ,
1, ,31, ,
-1, ,9, ,
-1, ,-6, ,
1, ,-19, ,
1, ,-27, ,
-1, ,-35, ,
1, ,-40, ,
-1, ,-44, ,
-1, ,-47, ,
1, ,-49, ,
1, ,-51, ,
-1, ,-52, ,
1, ,-53, ,
-1, ,-53, ,
-1, ,-54, ,
1, ,-54, ,
1, ,-54, ,
-1, ,-54, ,
1, ,-55, ,
-1, ,-55, ,
-1, ,-55, ,
1, ,-55, ,
1, ,-55, ,
-1, ,-55, ,
1, ,-55, ,
-1, ,-55, ,
-1, ,-55, ,
1, ,-55, ,
1, ,-55, ,
-1, ,-55, ,
1, ,-54, ,
-1, ,-54, ,
-1, ,-55, ,
1, ,-55, ,
1, ,-55, ,
-1, ,-55, ,
1, ,-55, ,
-1, ,-55, ,
1, ,-55, ,
1, ,-55, ,
1, ,-55, ,
-1, ,-55, ,
1, ,-54, ,
-1, ,-54, ,
-1, ,-55, ,
1, ,-54, ,
1, ,-54, ,
-1, ,-55, ,
1, ,-54, ,
-1, ,-54, ,
-1, ,-55, ,
1, ,-54, ,
1, ,-54, ,
-1, ,-54, ,
2, ,-54, ,
-1, ,-54, ,
-1, ,-55, ,
1, ,-54, ,
1, ,-54, ,
-1, ,-55, ,
1, ,-55, ,
-1, ,-54, ,
-1, ,-55, ,
1, ,-54, ,
100, ,-54, ,
67, ,-54, ,
40, ,-54, ,
25, ,-54, ,
16, ,-55, ,
11, ,-54, ,
8, ,-54, ,
5, ,-54, ,
5, ,-54, ,
3, ,-54, ,
2, ,-54, ,
3, ,-54, ,
2, ,-54, ,
1, ,-54, ,
3, ,-54, ,
2, ,-54, ,
2, ,-55, ,
3, ,-54, ,
3, ,-54, ,
1, ,-54, ,
3, ,-54, ,
2, ,-54, ,
2, ,-55, ,
3, ,-54, ,
3, ,-54, ,
2, ,-54, ,
3, ,-54, ,
2, ,-54, ,
2, ,-54, ,
2, ,-54, ,
3, ,-54, ,
1, ,-54, ,
3, ,-54, ,
2, ,-54, ,
2, ,-54, ,
2, ,-54, ,
3, ,-54, ,
1, ,-54, ,
3, ,-54, ,
2, ,-54, ,
2, ,-54, ,
2, ,-54, ,
3, ,-54, ,
1, ,-54, ,
3, ,-54, ,
2, ,-54, ,
2, ,-55, ,
2, ,-54, ,
3, ,-54, ,
1, ,-54, ,
2, ,-54, ,
2, ,-54, ,
2, ,-55, ,
2, ,-54, ,
3, ,-54, ,
1, ,-54, ,
2, ,-54, ,
2, ,-54, ,
2, ,-55, ,
2, ,-54, ,
3, ,-54, ,
1, ,-54, ,
2, ,-54, ,
1, ,-54, ,
2, ,-55, ,
2, ,-54, ,
2, ,-54, ,
1, ,-54, ,
2, ,-54, ,
1, ,-54, ,
2, ,-54, ,
2, ,-54, ,
2, ,-54, ,
1, ,-54, ,
2, ,-54, ,
1, ,-54, ,
2, ,-54, ,
2, ,-54, ,
2, ,-54, ,
1, ,-54, ,
2, ,-54, ,
1, ,-54, ,
2, ,-55, ,
2, ,-54, ,
2, ,-54, ,
1, ,-54, ,
2, ,-54, ,
2, ,-54, ,
2, ,-54, ,
2, ,-54, ,
2, ,-54, ,
1, ,-54, ,
2, ,-54, ,
2, ,-54, ,
1, ,-55, ,
2, ,-54, ,
2, ,-54, ,
1, ,-54, ,
2, ,-54, ,
2, ,-54, ,
2, ,-55, ,
2, ,-54, ,
2, ,-54, ,
1, ,-54, ,
2, ,-54, ,
1, ,-54, ,
2, ,-55, ,
3, ,-54, ,
2, ,-54, ,
1, ,-54, ,
3, ,-54, ,
2, ,-54, ,
2, ,-54, ,
2, ,-54, ,
2, ,-54, ,
1, ,-54, ,
2, ,-54, ,
2, ,-54, ,
2, ,-55, ,
2, ,-54, ,
2, ,-54, ,
1, ,-54, ,
2, ,-54, ,
2, ,-54, ,
1, ,-54, ,
2, ,-54, ,
2, ,-54, ,
1, ,-54, ,
2, ,-54, ,
2, ,-54, ,
2, ,-54, ,
2, ,-54, ,
2, ,-54, ,
1, ,-54, ,
2, ,-54, ,
1, ,-54, ,
2, ,-55, ,
2, ,-54, ,
2, ,-54, ,
1, ,-55, ,
2, ,-54, ,
2, ,-54, ,
2, ,-55, ,
2, ,-54, ,
2, ,-54, ,
1, ,-54, ,
2, ,-54, ,
1, ,-54, ,
1, ,-55, ,
2, ,-54, ,
2, ,-54, ,
1, ,-54, ,
2, ,-54, ,
1, ,-54, ,
2, ,-54, ,
2, ,-54, ,
2, ,-54, ,
1, ,-54, ,
2, ,-54, ,
1, ,-54, ,
2, ,-55, ,
2, ,-54, ,
2, ,-54, ,
1, ,-54, ,
2, ,-54, ,
1, ,-54, ,
2, ,-54, ,
2, ,-54, ,
2, ,-54, ,
1, ,-54, ,
2, ,-54, ,
1, ,-54, ,
2, ,-54, ,
2, ,-54, ,
2, ,-54, ,
1, ,-54, ,
2, ,-54, ,
1, ,-54, ,
1, ,-54, ,
2, ,-54, ,
2, ,-54, ,
1, ,-54, ,
2, ,-54, ,
1, ,-54, ,
2, ,-54, ,
2, ,-54, ,
2, ,-54, ,
1, ,-54, ,
2, ,-54, ,
1, ,-54, ,
1, ,-54, ,
2, ,-54, ,
2, ,-54, ,
1, ,-54, ,
2, ,-54, ,
1, ,-54, ,
1, ,-54, ,
2, ,-54, ,
2, ,-54, ,
1, ,-54, ,
2, ,-54, ,
1, ,-54, ,
1, ,-54, ,
2, ,-54, ,
2, ,-54, ,
1, ,-54, ,
2, ,-54, ,
1, ,-54, ,
1, ,-55, ,
2, ,-54, ,
2, ,-54, ,
1, ,-54, ,
2, ,-54, ,
1, ,-54, ,
1, ,-54, ,
2, ,-54, ,
2, ,-54, ,
1, ,-54, ,
2, ,-54, ,
1, ,-54, ,
2, ,-55, ,
2, ,-54, ,
2, ,-54, ,
1, ,-54, ,
2, ,-54, ,
1, ,-54, ,
1, ,-54, ,
2, ,-54, ,
2, ,-54, ,
1, ,-54, ,
2, ,-54, ,
1, ,-54, ,
1, ,-54, ,
2, ,-54, ,
2, ,-54, ,
1, ,-54, ,
2, ,-54, ,
1, ,-54, ,
1, ,-54, ,
2, ,-54, ,
2, ,-54, ,
1, ,-54, ,
2, ,-54, ,
1, ,-54, ,
1, ,-55, ,
2, ,-54, ,
2, ,-54, ,
1, ,-54, ,
2, ,-54, ,
1, ,-54, ,
1, ,-55, ,
2, ,-54, ,
2, ,-54, ,
1, ,-54, ,
2, ,-54, ,
1, ,-54, ,
1, ,-55, ,
2, ,-54, ,
2, ,-54, ,
1, ,-54, ,
2, ,-54, ,
1, ,-54, ,
1, ,-54, ,
2, ,-54, ,
2, ,-54, ,
1, ,-54, ,
2, ,-54, ,
1, ,-54, ,
1, ,-55, ,
2, ,-54, ,
2, ,-54, ,
1, ,-54, ,
2, ,-54, ,
1, ,-54, ,
1, ,-54, ,
2, ,-54, ,
2, ,-54, ,
1, ,-54, ,
2, ,-54, ,
1, ,-54, ,
1, ,-55, ,
2, ,-54, ,
2, ,-54, ,
1, ,-54, ,
2, ,-54, ,
1, ,-54, ,
1, ,-55, ,
2, ,-54, ,
2, ,-54, ,
1, ,-54, ,
2, ,-54, ,
1, ,-54, ,
1, ,-54, ,
2, ,-54, ,
2, ,-54, ,
1, ,-54, ,
2, ,-54, ,
1, ,-54, ,
2, ,-54, ,
2, ,-54, ,
1, ,-54, ,
1, ,-54, ,
2, ,-54, ,
1, ,-54, ,
1, ,-54, ,
2, ,-54, ,
2, ,-54, ,
1, ,-54, ,
2, ,-54, ,
1, ,-54, ,
1, ,-54, ,
2, ,-54, ,
1, ,-54, ,
1, ,-54, ,
2, ,-54, ,
1, ,-54, ,
1, ,-55, ,
2, ,-54, ,
2, ,-54, ,
-1, ,-54, ,
2, ,-54, ,
1, ,-54, ,
1, ,-54, ,
2, ,-54, ,
2, ,-54, ,
-1, ,-54, ,
2, ,-54, ,
1, ,-54, ,
1, ,-54, ,
2, ,-54, ,
1, ,-54, ,
-1, ,-54, ,
2, ,-54, ,
1, ,-54, ,
1, ,-55, ,
2, ,-54, ,
2, ,-54, ,
-1, ,-54, ,
2, ,-54, ,
1, ,-54, ,
1, ,-55, ,
2, ,-54, ,
2, ,-54, ,
1, ,-54, ,
2, ,-54, ,
1, ,-54, ,
1, ,-54, ,
2, ,-54, ,
1, ,-54, ,
-1, ,-54, ,
2, ,-54, ,
1, ,-54, ,
1, ,-55, ,
2, ,-54, ,
1, ,-54, ,
-1, ,-54, ,
2, ,-54, ,
1, ,-54, ,
1, ,-55, ,
1, ,-54, ,
1, ,-54, ,
1, ,-54, ,
2, ,-54, ,
1, ,-54, ,
1, ,-55, ,
2, ,-54, ,
2, ,-54, ,
-1, ,-54, ,
2, ,-54, ,
1, ,-54, ,
1, ,-55, ,
2, ,-54, ,
1, ,-54, ,
-1, ,-54, ,
2, ,-54, ,
1, ,-54, ,
1, ,-55, ,
2, ,-54, ,
1, ,-54, ,
-1, ,-54, ,
2, ,-54, ,
1, ,-54, ,
1, ,-55, ,
2, ,-54, ,
2, ,-54, ,
-1, ,-54, ,
2, ,-55, ,
1, ,-54, ,
1, ,-55, ,
2, ,-54, ,
2, ,-54, ,
-1, ,-54, ,
2, ,-54, ,
1, ,-54, ,
1, ,-55, ,
2, ,-54, ,
1, ,-54, ,
-1, ,-54, ,
2, ,-54, ,
1, ,-54, ,
1, ,-54, ,
2, ,-54, ,
1, ,-54, ,
-1, ,-54, ,
2, ,-54, ,
1, ,-54, ,
1, ,-55, ,
2, ,-54, ,
2, ,-54, ,
-1, ,-54, ,
2, ,-55, ,
1, ,-54, ,
1, ,-55, ,
2, ,-54, ,
2, ,-54, ,
-1, ,-55, ,
2, ,-55, ,
1, ,-54, ,
1, ,-54, ,
2, ,-54, ,
1, ,-54, ,
-1, ,-54, ,
2, ,-54, ,
1, ,-54, ,
1, ,-54, ,
1, ,-54, ,
2, ,-54, ,
-1, ,-55, ,
2, ,-54, ,
1, ,-54, ,
1, ,-54, ,
2, ,-54, ,
1, ,-54, ,
-1, ,-54, ,
2, ,-54, ,
1, ,-54, ,
1, ,-55, ,
2, ,-54, ,
1, ,-54, ,
-1, ,-54, ,
2, ,-54, ,
1, ,-54, ,
1, ,-54, ,
1, ,-54, ,
1, ,-54, ,
-1, ,-54, ,
2, ,-54, ,
-1, ,-54, ,
1, ,-55, ,
2, ,-54, ,
2, ,-54, ,
-1, ,-54, ,
2, ,-54, ,
1, ,-54, ,
1, ,-55, ,
1, ,-54, ,
1, ,-54, ,
-1, ,-54, ,
2, ,-54, ,
1, ,-54, ,
1, ,-55, ,
2, ,-54, ,
2, ,-54, ,
-1, ,-55, ,
2, ,-54, ,
1, ,-54, ,
1, ,-54, ,
2, ,-54, ,
1, ,-54, ,
-1, ,-54, ,
2, ,-54, ,
1, ,-54, ,
1, ,-55, ,
2, ,-53, ,
1, ,-54, ,
-1, ,-54, ,
2, ,-54, ,
1, ,-54, ,
1, ,-54, ,
2, ,-54, ,
1, ,-54, ,
-1, ,-54, ,
2, ,-54, ,
1, ,-54, ,
1, ,-55, ,
2, ,-54, ,
1, ,-54, ,
-1, ,-54, ,
1, ,-54, ,
1, ,-54, ,
1, ,-54, ,
2, ,-54, ,
1, ,-54, ,
-1, ,-54, ,
2, ,-54, ,
1, ,-54, ,
1, ,-54, ,
2, ,-54, ,
1, ,-54, ,
-1, ,-55, ,
2, ,-54, ,
1, ,-54, ,
1, ,-55, ,
1, ,-54, ,
1, ,-54, ,
-1, ,-54, ,
2, ,-54, ,
1, ,-54, ,
1, ,-55, ,
2, ,-54, ,
2, ,-54, ,
-1, ,-54, ,
1, ,-54, ,
1, ,-54, ,
1, ,-55, ,
1, ,-54, ,
8, ,-54, ,
62, ,-54, ,
40, ,-54, ,
25, ,-54, ,
16, ,-55, ,
12, ,-54, ,
8, ,-54, ,
5, ,-54, ,
6, ,-54, ,
3, ,-54, ,
3, ,-54, ,
3, ,-54, ,
2, ,-54, ,
2, ,-54, ,
3, ,-54, ,
2, ,-54, ,
3, ,-55, ,
3, ,-54, ,
3, ,-54, ,
1, ,-54, ,
3, ,-54, ,
2, ,-54, ,
2, ,-54, ,
3, ,-54, ,
3, ,-54, ,
1, ,-54, ,
3, ,-54, ,
2, ,-54, ,
2, ,-55, ,
2, ,-54, ,
3, ,-54, ,
1, ,-54, ,
3, ,-54, ,
2, ,-54, ,
2, ,-55, ,
2, ,-54, ,
3, ,-54, ,
1, ,-54, ,
3, ,-54, ,
2, ,-54, ,
2, ,-55, ,
2, ,-54, ,
3, ,-54, ,
1, ,-54, ,
3, ,-54, ,
2, ,-54, ,
2, ,-54, ,
3, ,-42, ,
3, ,-22, ,
2, ,-6, ,
3, ,5, ,
2, ,15, ,
2, ,21, ,
3, ,25, ,
3, ,28, ,
2, ,33, ,
3, ,35, ,
2, ,35, ,
2, ,37, ,
3, ,37, ,
2, ,38, ,
1, ,38, ,
3, ,39, ,
2, ,39, ,
2, ,39, ,
3, ,39, ,
2, ,39, ,
1, ,39, ,
2, ,40, ,
2, ,39, ,
2, ,39, ,
3, ,39, ,
2, ,39, ,
1, ,40, ,
2, ,40, ,
2, ,39, ,
2, ,39, ,
3, ,39, ,
2, ,39, ,
1, ,39, ,
2, ,39, ,
2, ,39, ,
2, ,39, ,
2, ,39, ,
2, ,39, ,
2, ,39, ,
2, ,40, ,
2, ,39, ,
2, ,39, ,
3, ,39, ,
2, ,39, ,
2, ,39, ,
3, ,39, ,
2, ,39, ,
2, ,39, ,
3, ,39, ,
2, ,39, ,
2, ,39, ,
3, ,39, ,
2, ,39, ,
2, ,39, ,
2, ,39, ,
2, ,39, ,
1, ,39, ,
3, ,39, ,
2, ,39, ,
1, ,39, ,
3, ,39, ,
2, ,39, ,
2, ,39, ,
2, ,39, ,
2, ,39, ,
1, ,39, ,
2, ,39, ,
2, ,39, ,
1, ,39, ,
2, ,39, ,
2, ,39, ,
1, ,39, ,
2, ,39, ,
2, ,39, ,
2, ,39, ,
2, ,39, ,
1, ,39, ,
1, ,38, ,
3, ,39, ,
2, ,39, ,
1, ,39, ,
2, ,39, ,
2, ,39, ,
2, ,39, ,
3, ,39, ,
2, ,39, ,
1, ,39, ,
2, ,39, ,
2, ,39, ,
1, ,39, ,
2, ,39, ,
2, ,39, ,
1, ,39, ,
2, ,39, ,
2, ,39, ,
1, ,39, ,
2, ,38, ,
2, ,39, ,
1, ,39, ,
2, ,39, ,
1, ,38, ,
1, ,39, ,
2, ,39, ,
2, ,39, ,
1, ,39, ,
2, ,39, ,
2, ,39, ,
2, ,39, ,
2, ,39, ,
2, ,39, ,
1, ,39, ,
2, ,39, ,
2, ,39, ,
1, ,39, ,
2, ,39, ,
2, ,39, ,
1, ,39, ,
2, ,39, ,
1, ,38, ,
1, ,39, ,
2, ,39, ,
2, ,39, ,
1, ,39, ,
2, ,39, ,
2, ,39, ,
1, ,39, ,
2, ,39, ,
2, ,39, ,
1, ,39, ,
2, ,39, ,
1, ,39, ,
1, ,39, ,
2, ,38, ,
2, ,39, ,
1, ,39, ,
2, ,39, ,
2, ,39, ,
1, ,39, ,
2, ,39, ,
1, ,39, ,
1, ,39, ,
2, ,39, ,
1, ,38, ,
1, ,39, ,
2, ,38, ,
1, ,39, ,
1, ,39, ,
2, ,39, ,
1, ,39, ,
1, ,38, ,
2, ,39, ,
2, ,39, ,
1, ,39, ,
2, ,39, ,
2, ,34, ,
1, ,15, ,
2, ,-3, ,
1, ,-17, ,
1, ,-26, ,
2, ,-34, ,
1, ,-39, ,
1, ,-43, ,
2, ,-45, ,
2, ,-49, ,
1, ,-51, ,
2, ,-52, ,
1, ,-53, ,
2, ,-54, ,
2, ,-54, ,
2, ,-54, ,
1, ,-54, ,
2, ,-55, ,
1, ,-54, ,
1, ,-55, ,
2, ,-54, ,
2, ,-55, ,
1, ,-55, ,
2, ,-55, ,
1, ,-55, ,
1, ,-55, ,
2, ,-54, ,
2, ,-55, ,
1, ,-55, ,
2, ,-55, ,
1, ,-55, ,
1, ,-55, ,
2, ,-54, ,
2, ,-55, ,
1, ,-55, ,
2, ,-55, ,
1, ,-54, ,
1, ,-55, ,
2, ,-54, ,
1, ,-54, ,
1, ,-55, ,
2, ,-54, ,
1, ,-54, ,
1, ,-55, ,
2, ,-54, ,
2, ,-54, ,
1, ,-54, ,
2, ,-54, ,
1, ,-54, ,
1, ,-55, ,
2, ,-54, ,
2, ,-54, ,
1, ,-54, ,
2, ,-55, ,
1, ,-54, ,
1, ,-55, ,
2, ,-54, ,
2, ,-54, ,
1, ,-54, ,
2, ,-54, ,
1, ,-54, ,
1, ,-55, ,
2, ,-54, ,
2, ,-54, ,
1, ,-54, ,
2, ,-54, ,
1, ,-54, ,
1, ,-55, ,
2, ,-54, ,
2, ,-54, ,
1, ,-54, ,
2, ,-54, ,
1, ,-54, ,
1, ,-55, ,
2, ,-54, ,
2, ,-54, ,
1, ,-54, ,
2, ,-54, ,
1, ,-54, ,
2, ,-55, ,
2, ,-54, ,
2, ,-54, ,
1, ,-55, ,
2, ,-54, ,
1, ,-54, ,
1, ,-55, ,
2, ,-54, ,
2, ,-54, ,
1, ,-54, ,
2, ,-54, ,
1, ,-54, ,
1, ,-54, ,
2, ,-54, ,
2, ,-54, ,
1, ,-54, ,
2, ,-54, ,
1, ,-54, ,
1, ,-55, ,
2, ,-54, ,
2, ,-54, ,
1, ,-54, ,
2, ,-54, ,
1, ,-54, ,
1, ,-55, ,
2, ,-54, ,
1, ,-54, ,
1, ,-54, ,
2, ,-54, ,
1, ,-54, ,
2, ,-54, ,
2, ,-54, ,
2, ,-54, ,
1, ,-54, ,
2, ,-54, ,
1, ,-54, ,
1, ,-55, ,
2, ,-54, ,
1, ,-54, ,
-1, ,-54, ,
2, ,-54, ,
1, ,-54, ,
1, ,-54, ,
2, ,-54, ,
1, ,-54, ,
-1, ,-54, ,
2, ,-54, ,
1, ,-54, ,
1, ,-55, ,
2, ,-54, ,
2, ,-54, ,
-1, ,-54, ,
2, ,-54, ,
1, ,-54, ,
1, ,-55, ,
2, ,-54, ,
2, ,-54, ,
-1, ,-54, ,
2, ,-54, ,
1, ,-54, ,
1, ,-54, ,
2, ,-54, ,
1, ,-54, ,
-1, ,-54, ,
2, ,-54, ,
1, ,-54, ,
1, ,-55, ,
2, ,-54, ,
1, ,-54, ,
-1, ,-54, ,
2, ,-54, ,
1, ,-54, ,
1, ,-55, ,
2, ,-54, ,
2, ,-54, ,
1, ,-54, ,
2, ,-54, ,
1, ,-54, ,
1, ,-54, ,
2, ,-54, ,
1, ,-54, ,
-1, ,-54, ,
2, ,-54, ,
1, ,-54, ,
1, ,-54, ,
2, ,-54, ,
1, ,-54, ,
-1, ,-54, ,
2, ,-54, ,
1, ,-54, ,
1, ,-54, ,
1, ,-54, ,
1, ,-54, ,
1, ,-54, ,
2, ,-54, ,
1, ,-54, ,
1, ,-54, ,
2, ,-54, ,
2, ,-54, ,
-1, ,-54, ,
2, ,-54, ,
1, ,-54, ,
1, ,-54, ,
2, ,-54, ,
2, ,-54, ,
-1, ,-54, ,
2, ,-54, ,
1, ,-54, ,
1, ,-54, ,
2, ,-54, ,
1, ,-54, ,
-1, ,-54, ,
2, ,-54, ,
1, ,-54, ,
1, ,-55, ,
2, ,-54, ,
2, ,-54, ,
-1, ,-54, ,
2, ,-54, ,
1, ,-54, ,
1, ,-55, ,
2, ,-54, ,
2, ,-54, ,
-1, ,-54, ,
2, ,-54, ,
1, ,-54, ,
1, ,-54, ,
1, ,-54, ,
1, ,-54, ,
-1, ,-54, ,
2, ,-54, ,
1, ,-54, ,
1, ,-54, ,
1, ,-54, ,
2, ,-54, ,
-1, ,-54, ,
2, ,-54, ,
1, ,-54, ,
1, ,-54, ,
1, ,-54, ,
1, ,-54, ,
-1, ,-54, ,
2, ,-54, ,
1, ,-54, ,
1, ,-54, ,
2, ,-54, ,
2, ,-54, ,
-1, ,-54, ,
2, ,-54, ,
1, ,-54, ,
1, ,-55, ,
1, ,-54, ,
2, ,-54, ,
-1, ,-54, ,
2, ,-54, ,
1, ,-54, ,
1, ,-55, ,
1, ,-54, ,
1, ,-54, ,
-1, ,-54, ,
2, ,-54, ,
1, ,-54, ,
1, ,-55, ,
2, ,-54, ,
2, ,-54, ,
-1, ,-54, ,
2, ,-54, ,
1, ,-54, ,
1, ,-55, ,
2, ,-54, ,
1, ,-54, ,
-1, ,-54, ,
2, ,-54, ,
1, ,-54, ,
1, ,-55, ,
1, ,-54, ,
1, ,-54, ,
-1, ,-54, ,
2, ,-54, ,
1, ,-54, ,
1, ,-55, ,
1, ,-54, ,
2, ,-54, ,
-1, ,-54, ,
2, ,-54, ,
1, ,-54, ,
1, ,-54, ,
2, ,-54, ,
1, ,-54, ,
-1, ,-54, ,
2, ,-54, ,
1, ,-54, ,
1, ,-54, ,
1, ,-54, ,
1, ,-54, ,
-1, ,-54, ,
2, ,-54, ,
1, ,-54, ,
1, ,-54, ,
2, ,-54, ,
2, ,-54, ,
-1, ,-54, ,
2, ,-54, ,
1, ,-54, ,
1, ,-55, ,
1, ,-54, ,
1, ,-54, ,
-1, ,-54, ,
2, ,-54, ,
1, ,-54, ,
1, ,-55, ,
1, ,-54, ,
2, ,-54, ,
-1, ,-54, ,
2, ,-54, ,
1, ,-54, ,
1, ,-54, ,
1, ,-54, ,
1, ,-54, ,
-1, ,-54, ,
2, ,-54, ,
1, ,-54, ,
1, ,-55, ,
1, ,-54, ,
2, ,-54, ,
-1, ,-54, ,
2, ,-54, ,
1, ,-54, ,
1, ,-54, ,
1, ,-54, ,
1, ,-54, ,
-1, ,-54, ,
2, ,-54, ,
1, ,-54, ,
1, ,-55, ,
1, ,-54, ,
1, ,-54, ,
-1, ,-54, ,
2, ,-54, ,
1, ,-54, ,
1, ,-55, ,
2, ,-54, ,
2, ,-54, ,
-1, ,-54, ,
2, ,-54, ,
1, ,-54, ,
1, ,-54, ,
1, ,-54, ,
1, ,-54, ,
-1, ,-54, ,
2, ,-54, ,
1, ,-54, ,
1, ,-55, ,
1, ,-54, ,
1, ,-54, ,
-1, ,-54, ,
2, ,-54, ,
1, ,-54, ,
1, ,-54, ,
1, ,-54, ,
2, ,-54, ,
-1, ,-54, ,
2, ,-54, ,
1, ,-54, ,
1, ,-54, ,
2, ,-54, ,
2, ,-54, ,
-1, ,-54, ,
2, ,-55, ,
1, ,-54, ,
1, ,-54, ,
1, ,-54, ,
1, ,-54, ,
-1, ,-54, ,
2, ,-54, ,
1, ,-54, ,
1, ,-55, ,
1, ,-54, ,
1, ,-54, ,
-1, ,-54, ,
2, ,-54, ,
1, ,-54, ,
1, ,-55, ,
1, ,-54, ,
2, ,-54, ,
-1, ,-54, ,
2, ,-54, ,
1, ,-54, ,
1, ,-55, ,
1, ,-54, ,
1, ,-54, ,
-1, ,-54, ,
2, ,-54, ,
1, ,-54, ,
1, ,-54, ,
1, ,-54, ,
1, ,-54, ,
-1, ,-54, ,
2, ,-54, ,
1, ,-54, ,
1, ,-54, ,
1, ,-54, ,
2, ,-54, ,
-1, ,-54, ,
2, ,-54, ,
1, ,-54, ,
1, ,-55, ,
1, ,-54, ,
1, ,-54, ,
-1, ,-54, ,
2, ,-54, ,
1, ,-54, ,
1, ,-54, ,
1, ,-54, ,
2, ,-54, ,
-1, ,-55, ,
2, ,-54, ,
1, ,-54, ,
1, ,-55, ,
1, ,-54, ,
1, ,-54, ,
-1, ,-54, ,
2, ,-54, ,
-1, ,-54, ,
1, ,-55, ,
1, ,-54, ,
1, ,-54, ,
-1, ,-54, ,
1, ,-54, ,
1, ,-54, ,
1, ,-54, ,
1, ,-54, ,
1, ,-54, ,
-1, ,-54, ,
1, ,-54, ,
-1, ,-54, ,
1, ,-55, ,
1, ,-54, ,
1, ,-54, ,
-1, ,-54, ,
2, ,-54, ,
1, ,-54, ,
1, ,-54, ,
1, ,-54, ,
1, ,-54, ,
-1, ,-54, ,
1, ,-54, ,
1, ,-54, ,
1, ,-55, ,
1, ,-53, ,
1, ,-54, ,
-1, ,-55, ,
1, ,-54, ,
-1, ,-54, ,
1, ,-55, ,
1, ,-54, ,
1, ,-54, ,
-1, ,-54, ,
2, ,-54, ,
1, ,-54, ,
-1, ,-54, ,
1, ,-54, ,
1, ,-54, ,
-1, ,-54, ,
2, ,-54, ,
-1, ,-54, ,
1, ,-54, ,
1, ,-54, ,
1, ,-54, ,
-1, ,-54, ,
1, ,-54, ,
1, ,-54, ,
1, ,-54, ,
1, ,-53, ,
1, ,-54, ,
-1, ,-54, ,
2, ,-54, ,
1, ,-54, ,
1, ,-55, ,
1, ,-54, ,
1, ,-54, ,
-1, ,-54, ,
2, ,-54, ,
-1, ,-54, ,
1, ,-55, ,
1, ,-54, ,
1, ,-54, ,
-1, ,-55, ,
2, ,-54, ,
1, ,-54, ,
1, ,-55, ,
1, ,-54, ,
1, ,-54, ,
-1, ,-54, ,
1, ,-54, ,
1, ,-54, ,
1, ,-54, ,
1, ,-54, ,
85, ,-54, ,
54, ,-54, ,
34, ,-54, ,
21, ,-54, ,
13, ,-54, ,
10, ,-54, ,
7, ,-54, ,
5, ,-54, ,
6, ,-54, ,
3, ,-54, ,
2, ,-55, ,
3, ,-54, ,
2, ,-54, ,
2, ,-54, ,
3, ,-54, ,
2, ,-54, ,
2, ,-54, ,
3, ,-54, ,
3, ,-54, ,
1, ,-54, ,
3, ,-54, ,
2, ,-54, ,
2, ,-54, ,
3, ,-54, ,
3, ,-54, ,
2, ,-54, ,
3, ,-54, ,
2, ,-54, ,
2, ,-54, ,
2, ,-54, ,
3, ,-54, ,
1, ,-54, ,
3, ,-54, ,
2, ,-54, ,
2, ,-54, ,
3, ,-54, ,
3, ,-54, ,
1, ,-54, ,
3, ,-54, ,
2, ,-54, ,
2, ,-54, ,
2, ,-54, ,
3, ,-54, ,
1, ,-54, ,
3, ,-54, ,
2, ,-54, ,
2, ,-54, ,
2, ,-54, ,
2, ,-54, ,
1, ,-54, ,
3, ,-54, ,
2, ,-54, ,
2, ,-54, ,
2, ,-54, ,
3, ,-54, ,
1, ,-54, ,
2, ,-54, ,
2, ,-54, ,
2, ,-54, ,
2, ,-54, ,
2, ,-54, ,
1, ,-54, ,
3, ,-54, ,
2, ,-54, ,
2, ,-54, ,
2, ,-54, ,
2, ,-54, ,
1, ,-54, ,
3, ,-54, ,
2, ,-54, ,
1, ,-55, ,
2, ,-54, ,
3, ,-54, ,
1, ,-54, ,
3, ,-54, ,
1, ,-54, ,
2, ,-55, ,
2, ,-54, ,
2, ,-54, ,
1, ,-54, ,
2, ,-54, ,
2, ,-54, ,
2, ,-54, ,
2, ,-54, ,
2, ,-54, ,
1, ,-54, ,
3, ,-54, ,
2, ,-54, ,
2, ,-55, ,
2, ,-54, ,
2, ,-54, ,
1, ,-54, ,
3, ,-54, ,
2, ,-54, ,
1, ,-55, ,
2, ,-54, ,
2, ,-54, ,
1, ,-54, ,
2, ,-54, ,
1, ,-54, ,
1, ,-55, ,
3, ,-54, ,
3, ,-54, ,
1, ,-54, ,
2, ,-54, ,
1, ,-54, ,
2, ,-55, ,
2, ,-54, ,
2, ,-54, ,
1, ,-54, ,
2, ,-54, ,
2, ,-54, ,
2, ,-54, ,
2, ,-54, ,
3, ,-54, ,
1, ,-54, ,
2, ,-54, ,
1, ,-54, ,
1, ,-54, ,
2, ,-54, ,
2, ,-54, ,
1, ,-54, ,
2, ,-54, ,
2, ,-54, ,
2, ,-55, ,
2, ,-54, ,
2, ,-54, ,
1, ,-54, ,
2, ,-54, ,
2, ,-54, ,
1, ,-55, ,
2, ,-54, ,
2, ,-54, ,
1, ,-54, ,
2, ,-54, ,
2, ,-54, ,
1, ,-55, ,
2, ,-54, ,
2, ,-54, ,
1, ,-54, ,
2, ,-54, ,
2, ,-54, ,
1, ,-55, ,
2, ,-54, ,
3, ,-54, ,
1, ,-54, ,
2, ,-54, ,
2, ,-54, ,
2, ,-55, ,
2, ,-54, ,
2, ,-47, ,
1, ,-27, ,
3, ,-11, ,
1, ,2, ,
2, ,12, ,
2, ,19, ,
2, ,24, ,
1, ,28, ,
3, ,32, ,
1, ,33, ,
1, ,35, ,
2, ,36, ,
2, ,38, ,
1, ,38, ,
3, ,38, ,
1, ,38, ,
1, ,39, ,
2, ,39, ,
2, ,39, ,
1, ,39, ,
2, ,40, ,
2, ,39, ,
1, ,39, ,
2, ,39, ,
1, ,39, ,
1, ,39, ,
2, ,40, ,
2, ,39, ,
1, ,39, ,
2, ,39, ,
1, ,39, ,
1, ,39, ,
2, ,39, ,
2, ,39, ,
1, ,39, ,
2, ,39, ,
2, ,39, ,
1, ,39, ,
2, ,39, ,
1, ,39, ,
1, ,39, ,
2, ,39, ,
1, ,39, ,
1, ,39, ,
2, ,39, ,
1, ,39, ,
1, ,39, ,
2, ,39, ,
1, ,39, ,
1, ,39, ,
2, ,39, ,
1, ,39, ,
2, ,39, ,
2, ,39, ,
2, ,39, ,
1, ,39, ,
2, ,39, ,
1, ,39, ,
2, ,39, ,
2, ,38, ,
1, ,39, ,
1, ,39, ,
2, ,39, ,
1, ,39, ,
1, ,39, ,
2, ,39, ,
1, ,39, ,
1, ,39, ,
2, ,39, ,
1, ,39, ,
1, ,39, ,
2, ,38, ,
1, ,39, ,
1, ,39, ,
2, ,39, ,
1, ,39, ,
1, ,39, ,
2, ,39, ,
1, ,39, ,
1, ,39, ,
2, ,39, ,
2, ,39, ,
1, ,39, ,
2, ,38, ,
1, ,39, ,
1, ,39, ,
2, ,39, ,
1, ,38, ,
1, ,39, ,
2, ,39, ,
1, ,39, ,
1, ,39, ,
2, ,39, ,
1, ,39, ,
1, ,39, ,
2, ,39, ,
1, ,39, ,
1, ,39, ,
2, ,39, ,
1, ,39, ,
1, ,39, ,
2, ,39, ,
2, ,39, ,
1, ,39, ,
2, ,39, ,
1, ,38, ,
1, ,39, ,
2, ,38, ,
1, ,39, ,
1, ,39, ,
2, ,39, ,
1, ,38, ,
1, ,39, ,
2, ,39, ,
1, ,39, ,
1, ,39, ,
2, ,39, ,
1, ,39, ,
1, ,39, ,
2, ,38, ,
1, ,39, ,
1, ,39, ,
2, ,39, ,
1, ,38, ,
1, ,39, ,
2, ,39, ,
1, ,39, ,
1, ,39, ,
2, ,39, ,
2, ,39, ,
1, ,39, ,
2, ,39, ,
1, ,39, ,
1, ,39, ,
2, ,39, ,
1, ,39, ,
1, ,39, ,
2, ,39, ,
1, ,39, ,
1, ,39, ,
2, ,39, ,
1, ,39, ,
1, ,39, ,
2, ,38, ,
1, ,39, ,
1, ,39, ,
2, ,39, ,
1, ,39, ,
1, ,39, ,
2, ,39, ,
1, ,39, ,
1, ,39, ,
2, ,39, ,
1, ,39, ,
1, ,37, ,
2, ,20, ,
1, ,1, ,
1, ,-13, ,
2, ,-23, ,
1, ,-32, ,
1, ,-38, ,
2, ,-42, ,
1, ,-45, ,
1, ,-49, ,
2, ,-50, ,
1, ,-52, ,
1, ,-53, ,
1, ,-53, ,
1, ,-54, ,
-1, ,-54, ,
2, ,-54, ,
1, ,-54, ,
1, ,-55, ,
2, ,-55, ,
2, ,-55, ,
1, ,-55, ,
2, ,-55, ,
1, ,-55, ,
1, ,-55, ,
2, ,-55, ,
1, ,-55, ,
1, ,-55, ,
2, ,-55, ,
1, ,-55, ,
1, ,-55, ,
2, ,-54, ,
2, ,-55, ,
-1, ,-55, ,
2, ,-55, ,
1, ,-54, ,
1, ,-55, ,
2, ,-55, ,
1, ,-55, ,
1, ,-54, ,
2, ,-54, ,
1, ,-54, ,
1, ,-55, ,
2, ,-54, ,
2, ,-54, ,
1, ,-55, ,
2, ,-54, ,
1, ,-54, ,
1, ,-55, ,
2, ,-54, ,
2, ,-54, ,
1, ,-54, ,
2, ,-54, ,
1, ,-54, ,
1, ,-55, ,
2, ,-54, ,
1, ,-54, ,
-1, ,-54, ,
2, ,-55, ,
1, ,-54, ,
1, ,-55, ,
1, ,-54, ,
1, ,-54, ,
-1, ,-54, ,
2, ,-54, ,
1, ,-54, ,
1, ,-55, ,
1, ,-54, ,
1, ,-54, ,
-1, ,-54, ,
2, ,-54, ,
1, ,-54, ,
1, ,-55, ,
2, ,-54, ,
1, ,-54, ,
-1, ,-54, ,
2, ,-54, ,
1, ,-54, ,
1, ,-55, ,
2, ,-54, ,
1, ,-54, ,
-1, ,-54, ,
2, ,-54, ,
1, ,-54, ,
1, ,-55, ,
1, ,-54, ,
1, ,-54, ,
1, ,-54, ,
2, ,-54, ,
1, ,-54, ,
1, ,-55, ,
2, ,-54, ,
2, ,-54, ,
-1, ,-54, ,
2, ,-54, ,
1, ,-54, ,
1, ,-54, ,
2, ,-54, ,
2, ,-54, ,
-1, ,-54, ,
2, ,-54, ,
1, ,-54, ,
1, ,-55, ,
2, ,-54, ,
1, ,-54, ,
-1, ,-54, ,
2, ,-54, ,
1, ,-54, ,
1, ,-55, ,
2, ,-54, ,
1, ,-54, ,
-1, ,-54, ,
2, ,-54, ,
1, ,-54, ,
68, ,-54, ,
43, ,-54, ,
26, ,-54, ,
16, ,-54, ,
12, ,-54, ,
8, ,-54, ,
6, ,-55, ,
5, ,-54, ,
3, ,-54, ,
2, ,-54, ,
3, ,-54, ,
2, ,-54, ,
2, ,-55, ,
3, ,-54, ,
3, ,-54, ,
2, ,-54, ,
3, ,-54, ,
2, ,-54, ,
2, ,-55, ,
3, ,-54, ,
3, ,-54, ,
1, ,-54, ,
3, ,-54, ,
2, ,-54, ,
2, ,-55, ,
2, ,-54, ,
3, ,-54, ,
2, ,-54, ,
3, ,-54, ,
2, ,-54, ,
2, ,-54, ,
3, ,-54, ,
3, ,-54, ,
2, ,-54, ,
3, ,-55, ,
2, ,-54, ,
2, ,-55, ,
2, ,-54, ,
3, ,-54, ,
1, ,-54, ,
3, ,-54, ,
2, ,-54, ,
1, ,-55, ,
2, ,-54, ,
2, ,-54, ,
1, ,-54, ,
3, ,-54, ,
2, ,-54, ,
2, ,-55, ,
2, ,-54, ,
2, ,-54, ,
1, ,-54, ,
