Format,1.0B,
Memory Length,10000,Memory Length,10000,
IntpDistance,0,IntpDistance,0,
Trigger Address,4999,Trigger Address,4999,
Trigger Level,1.040E+00,Trigger Level,1.040E+00,
Source,CH1,Source,CH2,
Vertical Units,V,Vertical Units,V,
Vertical Units Div,0,Vertical Units Div,0,
Vertical Units Extend Div,16,Vertical Units Extend Div,16,
Label,,Label,,
Probe Type,0,Probe Type,0,
Probe Ratio,1.000e+01,Probe Ratio,1.000e+00,
Vertical Scale,5.000e-01,Vertical Scale,1.000e+00,
Vertical Position,-1.820e+00,Vertical Position,0.000e+00,
Horizontal Units,S,Horizontal Units,S,
Horizontal Scale,2.000E-05,Horizontal Scale,2.000E-05,
Horizontal Position,0.000E+00,Horizontal Position,0.000E+00,
Horizontal Mode,Main,Horizontal Mode,Main,
SincET Mode,Real Time,SincET Mode,Real Time,
Sampling Period,2.000e-08,Sampling Period,2.000e-08,
Horizontal Old Scale,2.000E-05,Horizontal Old Scale,2.000E-05,
Horizontal Old Position,0.000E+00,Horizontal Old Position,0.000E+00,
Firmware,V1.23,Firmware,V1.23,
Mode,Fast,Mode,Fast,
Waveform Data,,Waveform Data,,
-1, ,-57, ,
2, ,-57, ,
-1, ,-57, ,
1, ,-56, ,
1, ,-57, ,
1, ,-56, ,
-1, ,-56, ,
2, ,-56, ,
-1, ,-57, ,
1, ,-56, ,
1, ,-57, ,
1, ,-56, ,
-1, ,-57, ,
1, ,-57, ,
-1, ,-56, ,
1, ,-56, ,
1, ,-57, ,
1, ,-56, ,
-1, ,-57, ,
1, ,-57, ,
-1, ,-57, ,
-1, ,-57, ,
2, ,-57, ,
1, ,-56, ,
-1, ,-57, ,
2, ,-57, ,
-1, ,-56, ,
1, ,-56, ,
1, ,-57, ,
1, ,-56, ,
-1, ,-57, ,
1, ,-57, ,
-1, ,-56, ,
1, ,-56, ,
1, ,-57, ,
1, ,-56, ,
-1, ,-56, ,
2, ,-57, ,
-1, ,-57, ,
1, ,-56, ,
1, ,-57, ,
1, ,-56, ,
-1, ,-57, ,
1, ,-57, ,
-1, ,-57, ,
1, ,-57, ,
1, ,-57, ,
1, ,-56, ,
-1, ,-57, ,
1, ,-57, ,
-1, ,-57, ,
1, ,-57, ,
1, ,-57, ,
1, ,-56, ,
-1, ,-56, ,
2, ,-57, ,
-1, ,-57, ,
1, ,-57, ,
1, ,-57, ,
1, ,-56, ,
-1, ,-56, ,
2, ,-57, ,
-1, ,-57, ,
-1, ,-56, ,
1, ,-57, ,
1, ,-56, ,
-1, ,-57, ,
1, ,-57, ,
-1, ,-57, ,
1, ,-57, ,
1, ,-57, ,
1, ,-56, ,
-1, ,-57, ,
1, ,-57, ,
-1, ,-57, ,
1, ,-56, ,
1, ,-57, ,
1, ,-56, ,
-1, ,-57, ,
2, ,-56, ,
-1, ,-56, ,
1, ,-57, ,
1, ,-57, ,
1, ,-56, ,
-1, ,-57, ,
2, ,-57, ,
-1, ,-57, ,
1, ,-56, ,
1, ,-57, ,
1, ,-56, ,
-1, ,-57, ,
2, ,-57, ,
-1, ,-57, ,
-1, ,-56, ,
1, ,-57, ,
1, ,-56, ,
-1, ,-56, ,
2, ,-57, ,
-1, ,-56, ,
-1, ,-56, ,
1, ,-57, ,
1, ,-56, ,
-1, ,-57, ,
2, ,-57, ,
-1, ,-56, ,
1, ,-56, ,
1, ,-57, ,
1, ,-56, ,
-1, ,-57, ,
2, ,-57, ,
-1, ,-56, ,
1, ,-56, ,
1, ,-57, ,
1, ,-56, ,
-1, ,-57, ,
2, ,-56, ,
-1, ,-56, ,
1, ,-57, ,
1, ,-57, ,
1, ,-55, ,
-1, ,-57, ,
1, ,-57, ,
-1, ,-56, ,
-1, ,-56, ,
1, ,-57, ,
1, ,-56, ,
-1, ,-57, ,
1, ,-56, ,
-1, ,-56, ,
1, ,-56, ,
1, ,-57, ,
1, ,-56, ,
-1, ,-57, ,
2, ,-57, ,
-1, ,-56, ,
1, ,-56, ,
1, ,-57, ,
1, ,-56, ,
-1, ,-57, ,
2, ,-56, ,
-1, ,-56, ,
-1, ,-56, ,
1, ,-57, ,
1, ,-56, ,
-1, ,-57, ,
1, ,-57, ,
-1, ,-56, ,
1, ,-56, ,
1, ,-57, ,
1, ,-56, ,
-1, ,-57, ,
2, ,-56, ,
-1, ,-56, ,
-1, ,-56, ,
1, ,-57, ,
1, ,-56, ,
-1, ,-57, ,
2, ,-57, ,
-1, ,-56, ,
1, ,-56, ,
1, ,-57, ,
1, ,-56, ,
-1, ,-57, ,
1, ,-56, ,
-1, ,-57, ,
-1, ,-56, ,
1, ,-57, ,
2, ,-56, ,
-1, ,-57, ,
2, ,-57, ,
-1, ,-56, ,
1, ,-56, ,
1, ,-57, ,
1, ,-56, ,
-1, ,-57, ,
1, ,-57, ,
-1, ,-57, ,
1, ,-56, ,
1, ,-57, ,
1, ,-56, ,
-1, ,-57, ,
1, ,-57, ,
-1, ,-56, ,
1, ,-56, ,
1, ,-57, ,
1, ,-56, ,
-1, ,-57, ,
1, ,-56, ,
-1, ,-57, ,
1, ,-56, ,
1, ,-57, ,
1, ,-56, ,
-1, ,-57, ,
2, ,-57, ,
-1, ,-56, ,
-1, ,-56, ,
1, ,-57, ,
1, ,-56, ,
-1, ,-57, ,
2, ,-56, ,
-1, ,-56, ,
1, ,-56, ,
1, ,-57, ,
1, ,-56, ,
-1, ,-57, ,
2, ,-56, ,
-1, ,-56, ,
1, ,-56, ,
1, ,-57, ,
1, ,-56, ,
-1, ,-56, ,
1, ,-56, ,
-1, ,-56, ,
-1, ,-56, ,
1, ,-57, ,
1, ,-56, ,
-1, ,-57, ,
2, ,-57, ,
-1, ,-57, ,
-1, ,-56, ,
1, ,-57, ,
1, ,-56, ,
-1, ,-57, ,
2, ,-56, ,
-1, ,-56, ,
1, ,-56, ,
1, ,-57, ,
1, ,-56, ,
-1, ,-57, ,
1, ,-57, ,
-1, ,-57, ,
-1, ,-56, ,
1, ,-57, ,
1, ,-57, ,
-1, ,-57, ,
1, ,-56, ,
-1, ,-57, ,
1, ,-57, ,
1, ,-57, ,
1, ,-56, ,
-1, ,-57, ,
2, ,-57, ,
-1, ,-56, ,
-1, ,-56, ,
1, ,-57, ,
1, ,-57, ,
-1, ,-57, ,
1, ,-57, ,
-1, ,-57, ,
-1, ,-56, ,
1, ,-57, ,
1, ,-56, ,
-1, ,-57, ,
1, ,-57, ,
-1, ,-56, ,
1, ,-56, ,
1, ,-57, ,
1, ,-57, ,
-1, ,-57, ,
1, ,-56, ,
-1, ,-57, ,
-1, ,-56, ,
1, ,-57, ,
1, ,-56, ,
-1, ,-57, ,
1, ,-56, ,
-1, ,-56, ,
-1, ,-56, ,
1, ,-57, ,
1, ,-56, ,
-1, ,-57, ,
2, ,-56, ,
-1, ,-57, ,
-1, ,-56, ,
1, ,-57, ,
1, ,-56, ,
-1, ,-57, ,
1, ,-56, ,
-1, ,-57, ,
-1, ,-56, ,
1, ,-57, ,
1, ,-56, ,
-1, ,-57, ,
1, ,-56, ,
-1, ,-57, ,
-1, ,-56, ,
1, ,-57, ,
1, ,-56, ,
-1, ,-57, ,
1, ,-56, ,
-1, ,-57, ,
-1, ,-56, ,
1, ,-57, ,
1, ,-56, ,
-1, ,-57, ,
2, ,-56, ,
-1, ,-56, ,
-1, ,-56, ,
1, ,-57, ,
1, ,-56, ,
-1, ,-57, ,
1, ,-57, ,
-1, ,-57, ,
-1, ,-56, ,
1, ,-44, ,
1, ,-24, ,
-1, ,-8, ,
2, ,3, ,
1, ,12, ,
1, ,18, ,
1, ,23, ,
1, ,26, ,
-1, ,30, ,
2, ,32, ,
-1, ,33, ,
1, ,34, ,
2, ,35, ,
1, ,35, ,
-1, ,36, ,
2, ,36, ,
1, ,37, ,
-1, ,36, ,
1, ,37, ,
-1, ,37, ,
-1, ,37, ,
2, ,37, ,
1, ,37, ,
1, ,37, ,
1, ,37, ,
1, ,37, ,
-1, ,37, ,
1, ,37, ,
-1, ,37, ,
1, ,37, ,
1, ,37, ,
1, ,37, ,
-1, ,37, ,
1, ,37, ,
1, ,37, ,
-1, ,37, ,
1, ,37, ,
1, ,37, ,
-1, ,37, ,
1, ,37, ,
-1, ,37, ,
1, ,36, ,
1, ,37, ,
1, ,36, ,
-1, ,36, ,
1, ,37, ,
1, ,37, ,
-1, ,36, ,
1, ,36, ,
1, ,36, ,
-1, ,36, ,
1, ,37, ,
-1, ,37, ,
-1, ,36, ,
1, ,36, ,
1, ,36, ,
-1, ,36, ,
1, ,36, ,
1, ,37, ,
-1, ,37, ,
2, ,37, ,
1, ,36, ,
-1, ,36, ,
2, ,36, ,
-1, ,37, ,
-1, ,36, ,
1, ,36, ,
1, ,36, ,
-1, ,36, ,
2, ,36, ,
-1, ,37, ,
-1, ,37, ,
1, ,37, ,
1, ,36, ,
-1, ,36, ,
1, ,36, ,
-1, ,37, ,
-1, ,36, ,
1, ,36, ,
1, ,36, ,
-1, ,36, ,
1, ,36, ,
-1, ,36, ,
-1, ,36, ,
1, ,36, ,
1, ,36, ,
-1, ,37, ,
1, ,36, ,
-1, ,37, ,
-1, ,36, ,
1, ,37, ,
1, ,36, ,
-1, ,36, ,
1, ,36, ,
-1, ,37, ,
-1, ,36, ,
1, ,36, ,
1, ,36, ,
-1, ,37, ,
1, ,36, ,
-1, ,37, ,
-1, ,36, ,
1, ,36, ,
1, ,36, ,
-1, ,36, ,
1, ,36, ,
-1, ,37, ,
-1, ,36, ,
1, ,37, ,
1, ,36, ,
-1, ,36, ,
1, ,36, ,
-1, ,37, ,
-1, ,36, ,
1, ,36, ,
1, ,36, ,
-1, ,36, ,
1, ,36, ,
-1, ,37, ,
-1, ,36, ,
1, ,36, ,
1, ,36, ,
-1, ,36, ,
1, ,36, ,
-1, ,37, ,
-1, ,36, ,
1, ,36, ,
1, ,36, ,
-1, ,36, ,
1, ,36, ,
-1, ,37, ,
-1, ,36, ,
1, ,37, ,
1, ,36, ,
-1, ,36, ,
1, ,36, ,
-1, ,37, ,
-1, ,36, ,
1, ,36, ,
1, ,36, ,
-1, ,36, ,
1, ,36, ,
-1, ,36, ,
-1, ,36, ,
1, ,37, ,
1, ,36, ,
-1, ,36, ,
1, ,36, ,
-1, ,37, ,
-1, ,36, ,
1, ,36, ,
1, ,37, ,
-1, ,36, ,
1, ,36, ,
-1, ,33, ,
-1, ,14, ,
1, ,-4, ,
1, ,-18, ,
-1, ,-27, ,
1, ,-35, ,
-1, ,-41, ,
-1, ,-45, ,
1, ,-49, ,
1, ,-51, ,
-1, ,-53, ,
1, ,-54, ,
-1, ,-55, ,
-1, ,-55, ,
1, ,-57, ,
1, ,-57, ,
-1, ,-57, ,
1, ,-57, ,
-1, ,-57, ,
-1, ,-57, ,
1, ,-58, ,
1, ,-57, ,
-1, ,-58, ,
2, ,-57, ,
-1, ,-57, ,
-1, ,-57, ,
1, ,-58, ,
1, ,-57, ,
-1, ,-57, ,
2, ,-57, ,
-1, ,-57, ,
1, ,-57, ,
1, ,-58, ,
1, ,-57, ,
-1, ,-57, ,
1, ,-57, ,
-1, ,-57, ,
-1, ,-56, ,
1, ,-57, ,
1, ,-57, ,
-1, ,-57, ,
1, ,-57, ,
-1, ,-57, ,
-1, ,-57, ,
1, ,-57, ,
1, ,-57, ,
-1, ,-57, ,
1, ,-57, ,
-1, ,-57, ,
1, ,-57, ,
1, ,-57, ,
1, ,-57, ,
-1, ,-57, ,
1, ,-56, ,
-1, ,-57, ,
-1, ,-56, ,
1, ,-57, ,
1, ,-56, ,
-1, ,-57, ,
1, ,-57, ,
-1, ,-57, ,
-1, ,-56, ,
1, ,-57, ,
1, ,-57, ,
-1, ,-57, ,
1, ,-57, ,
-1, ,-57, ,
-1, ,-57, ,
1, ,-57, ,
1, ,-56, ,
-1, ,-57, ,
1, ,-57, ,
-1, ,-57, ,
-1, ,-57, ,
1, ,-57, ,
1, ,-57, ,
-1, ,-57, ,
1, ,-57, ,
-1, ,-57, ,
-1, ,-57, ,
1, ,-57, ,
1, ,-56, ,
-1, ,-57, ,
1, ,-57, ,
-1, ,-57, ,
-1, ,-57, ,
1, ,-57, ,
1, ,-57, ,
-1, ,-57, ,
1, ,-57, ,
-1, ,-57, ,
-1, ,-57, ,
1, ,-57, ,
1, ,-56, ,
-1, ,-57, ,
1, ,-57, ,
-1, ,-57, ,
-1, ,-57, ,
1, ,-57, ,
1, ,-57, ,
-1, ,-57, ,
1, ,-56, ,
-1, ,-57, ,
-1, ,-57, ,
1, ,-57, ,
1, ,-57, ,
-2, ,-56, ,
1, ,-56, ,
-1, ,-57, ,
1, ,-56, ,
1, ,-57, ,
1, ,-56, ,
-1, ,-57, ,
1, ,-57, ,
-1, ,-57, ,
-1, ,-57, ,
1, ,-57, ,
1, ,-56, ,
-1, ,-57, ,
1, ,-57, ,
-1, ,-57, ,
-1, ,-56, ,
1, ,-57, ,
1, ,-57, ,
-1, ,-57, ,
1, ,-57, ,
-1, ,-57, ,
-1, ,-56, ,
1, ,-57, ,
1, ,-56, ,
-1, ,-56, ,
1, ,-57, ,
-1, ,-57, ,
-1, ,-56, ,
1, ,-57, ,
1, ,-56, ,
-1, ,-57, ,
2, ,-57, ,
-1, ,-57, ,
-1, ,-57, ,
1, ,-57, ,
1, ,-56, ,
-1, ,-57, ,
1, ,-57, ,
-1, ,-57, ,
-1, ,-57, ,
1, ,-57, ,
1, ,-56, ,
-1, ,-57, ,
1, ,-57, ,
-1, ,-57, ,
-1, ,-57, ,
1, ,-57, ,
1, ,-56, ,
-1, ,-57, ,
2, ,-57, ,
-1, ,-56, ,
-1, ,-57, ,
1, ,-57, ,
1, ,-56, ,
-1, ,-57, ,
2, ,-57, ,
-1, ,-57, ,
-1, ,-56, ,
1, ,-57, ,
1, ,-56, ,
-1, ,-57, ,
2, ,-57, ,
-1, ,-57, ,
-1, ,-56, ,
1, ,-57, ,
1, ,-57, ,
-1, ,-57, ,
2, ,-57, ,
-1, ,-57, ,
-1, ,-56, ,
1, ,-57, ,
1, ,-56, ,
-1, ,-57, ,
2, ,-57, ,
-1, ,-56, ,
-1, ,-56, ,
1, ,-57, ,
1, ,-56, ,
-1, ,-57, ,
1, ,-57, ,
-1, ,-57, ,
-1, ,-57, ,
1, ,-57, ,
1, ,-56, ,
-1, ,-57, ,
1, ,-57, ,
-1, ,-57, ,
1, ,-57, ,
1, ,-57, ,
1, ,-57, ,
-1, ,-57, ,
1, ,-57, ,
-1, ,-57, ,
-1, ,-57, ,
1, ,-57, ,
1, ,-57, ,
-1, ,-57, ,
1, ,-57, ,
-1, ,-57, ,
-1, ,-56, ,
1, ,-57, ,
1, ,-57, ,
-1, ,-57, ,
1, ,-57, ,
-1, ,-56, ,
-1, ,-56, ,
1, ,-57, ,
1, ,-56, ,
-1, ,-56, ,
1, ,-57, ,
-1, ,-57, ,
1, ,-57, ,
1, ,-57, ,
1, ,-57, ,
-1, ,-57, ,
1, ,-56, ,
-1, ,-57, ,
-1, ,-56, ,
1, ,-57, ,
1, ,-57, ,
-1, ,-57, ,
1, ,-57, ,
-1, ,-56, ,
-1, ,-56, ,
1, ,-57, ,
1, ,-56, ,
-1, ,-57, ,
1, ,-57, ,
-1, ,-56, ,
-1, ,-56, ,
1, ,-57, ,
1, ,-56, ,
-1, ,-57, ,
1, ,-57, ,
-1, ,-56, ,
-1, ,-56, ,
1, ,-57, ,
1, ,-57, ,
-1, ,-57, ,
1, ,-56, ,
-1, ,-57, ,
-1, ,-56, ,
1, ,-57, ,
1, ,-56, ,
-1, ,-57, ,
1, ,-57, ,
-1, ,-57, ,
-1, ,-56, ,
1, ,-57, ,
1, ,-57, ,
-1, ,-57, ,
1, ,-57, ,
-1, ,-57, ,
-1, ,-56, ,
1, ,-57, ,
1, ,-56, ,
-1, ,-57, ,
1, ,-57, ,
-1, ,-57, ,
-1, ,-56, ,
1, ,-57, ,
1, ,-57, ,
-1, ,-57, ,
1, ,-57, ,
-1, ,-57, ,
-1, ,-56, ,
1, ,-57, ,
1, ,-56, ,
-1, ,-57, ,
1, ,-57, ,
-1, ,-56, ,
-1, ,-57, ,
1, ,-57, ,
1, ,-56, ,
-1, ,-57, ,
1, ,-57, ,
-1, ,-57, ,
-1, ,-57, ,
1, ,-57, ,
1, ,-56, ,
-1, ,-57, ,
1, ,-57, ,
-1, ,-56, ,
-1, ,-56, ,
1, ,-57, ,
1, ,-57, ,
-1, ,-57, ,
1, ,-57, ,
-1, ,-56, ,
-1, ,-56, ,
1, ,-57, ,
1, ,-56, ,
-1, ,-57, ,
1, ,-57, ,
-1, ,-56, ,
-1, ,-56, ,
1, ,-57, ,
1, ,-56, ,
-1, ,-57, ,
1, ,-56, ,
-1, ,-57, ,
-1, ,-56, ,
1, ,-57, ,
1, ,-56, ,
-1, ,-57, ,
2, ,-57, ,
-1, ,-57, ,
-1, ,-57, ,
1, ,-57, ,
1, ,-56, ,
-1, ,-57, ,
2, ,-57, ,
-1, ,-56, ,
-1, ,-56, ,
1, ,-57, ,
1, ,-56, ,
-1, ,-57, ,
1, ,-57, ,
-1, ,-56, ,
-1, ,-57, ,
1, ,-57, ,
1, ,-57, ,
-1, ,-57, ,
1, ,-57, ,
-1, ,-57, ,
-1, ,-56, ,
1, ,-57, ,
1, ,-56, ,
-1, ,-57, ,
1, ,-57, ,
-1, ,-57, ,
-1, ,-56, ,
1, ,-57, ,
1, ,-57, ,
-1, ,-57, ,
1, ,-57, ,
-1, ,-57, ,
-1, ,-56, ,
1, ,-57, ,
1, ,-57, ,
-1, ,-57, ,
1, ,-57, ,
-1, ,-57, ,
-1, ,-56, ,
1, ,-57, ,
1, ,-56, ,
-1, ,-56, ,
1, ,-57, ,
-1, ,-57, ,
-1, ,-56, ,
1, ,-57, ,
1, ,-56, ,
-1, ,-57, ,
1, ,-57, ,
-1, ,-56, ,
-1, ,-57, ,
1, ,-57, ,
1, ,-56, ,
-1, ,-57, ,
1, ,-56, ,
-1, ,-57, ,
-1, ,-56, ,
1, ,-57, ,
1, ,-56, ,
-1, ,-57, ,
1, ,-57, ,
-1, ,-56, ,
-1, ,-56, ,
1, ,-57, ,
1, ,-57, ,
-1, ,-57, ,
1, ,-57, ,
-1, ,-57, ,
-1, ,-56, ,
1, ,-57, ,
1, ,-56, ,
-1, ,-57, ,
1, ,-56, ,
-1, ,-57, ,
-1, ,-56, ,
1, ,-57, ,
1, ,-56, ,
-1, ,-57, ,
1, ,-57, ,
-1, ,-56, ,
-1, ,-57, ,
1, ,-57, ,
1, ,-56, ,
-1, ,-56, ,
1, ,-57, ,
-1, ,-56, ,
-1, ,-57, ,
1, ,-57, ,
1, ,-57, ,
-1, ,-57, ,
1, ,-57, ,
-1, ,-57, ,
-1, ,-56, ,
1, ,-57, ,
1, ,-56, ,
-1, ,-57, ,
1, ,-57, ,
-1, ,-57, ,
-1, ,-56, ,
1, ,-57, ,
1, ,-57, ,
-1, ,-57, ,
1, ,-57, ,
-1, ,-57, ,
-1, ,-57, ,
1, ,-57, ,
1, ,-56, ,
-1, ,-57, ,
1, ,-57, ,
-1, ,-57, ,
-1, ,-56, ,
1, ,-57, ,
1, ,-57, ,
-1, ,-57, ,
1, ,-57, ,
-1, ,-57, ,
-1, ,-57, ,
1, ,-57, ,
1, ,-56, ,
-1, ,-56, ,
1, ,-57, ,
-1, ,-57, ,
-1, ,-57, ,
1, ,-57, ,
1, ,-57, ,
-1, ,-57, ,
1, ,-57, ,
-1, ,-57, ,
-1, ,-56, ,
1, ,-57, ,
1, ,-56, ,
-1, ,-57, ,
2, ,-57, ,
-1, ,-57, ,
-1, ,-57, ,
1, ,-57, ,
1, ,-57, ,
-1, ,-57, ,
1, ,-56, ,
-1, ,-56, ,
-1, ,-56, ,
1, ,-57, ,
1, ,-56, ,
-1, ,-57, ,
1, ,-57, ,
-1, ,-56, ,
-1, ,-57, ,
1, ,-57, ,
1, ,-56, ,
-1, ,-57, ,
2, ,-56, ,
-1, ,-57, ,
-1, ,-56, ,
1, ,-57, ,
1, ,-56, ,
-1, ,-57, ,
2, ,-57, ,
-1, ,-56, ,
-1, ,-57, ,
1, ,-57, ,
1, ,-57, ,
-1, ,-57, ,
1, ,-56, ,
-1, ,-57, ,
-1, ,-57, ,
1, ,-57, ,
1, ,-57, ,
-1, ,-57, ,
1, ,-57, ,
-1, ,-57, ,
-1, ,-56, ,
1, ,-57, ,
1, ,-56, ,
-1, ,-57, ,
1, ,-57, ,
-1, ,-57, ,
-1, ,-56, ,
1, ,-57, ,
1, ,-56, ,
-1, ,-57, ,
1, ,-57, ,
-1, ,-57, ,
1, ,-56, ,
1, ,-57, ,
1, ,-56, ,
-1, ,-57, ,
1, ,-56, ,
-1, ,-56, ,
-1, ,-57, ,
1, ,-57, ,
1, ,-56, ,
-1, ,-57, ,
1, ,-57, ,
-1, ,-56, ,
-1, ,-56, ,
1, ,-57, ,
1, ,-57, ,
-1, ,-57, ,
1, ,-56, ,
-1, ,-57, ,
-1, ,-56, ,
1, ,-57, ,
1, ,-56, ,
-1, ,-57, ,
1, ,-57, ,
-1, ,-57, ,
-1, ,-57, ,
1, ,-57, ,
1, ,-56, ,
-1, ,-57, ,
1, ,-57, ,
-1, ,-56, ,
-1, ,-56, ,
1, ,-57, ,
1, ,-56, ,
-1, ,-57, ,
1, ,-57, ,
-1, ,-56, ,
-1, ,-56, ,
1, ,-57, ,
1, ,-57, ,
-1, ,-57, ,
1, ,-57, ,
-1, ,-56, ,
-1, ,-57, ,
1, ,-57, ,
1, ,-56, ,
-1, ,-57, ,
1, ,-57, ,
-1, ,-57, ,
-1, ,-56, ,
1, ,-57, ,
1, ,-56, ,
-1, ,-57, ,
1, ,-57, ,
-1, ,-57, ,
-1, ,-56, ,
1, ,-57, ,
1, ,-56, ,
-1, ,-57, ,
1, ,-57, ,
-1, ,-57, ,
-1, ,-57, ,
1, ,-57, ,
1, ,-56, ,
-1, ,-57, ,
1, ,-56, ,
-1, ,-57, ,
-1, ,-57, ,
1, ,-57, ,
1, ,-56, ,
-1, ,-57, ,
1, ,-57, ,
-1, ,-57, ,
-1, ,-56, ,
1, ,-57, ,
1, ,-56, ,
-1, ,-57, ,
1, ,-57, ,
-1, ,-56, ,
-1, ,-57, ,
1, ,-57, ,
1, ,-56, ,
-1, ,-57, ,
1, ,-57, ,
-1, ,-56, ,
-1, ,-56, ,
1, ,-57, ,
1, ,-57, ,
-1, ,-57, ,
2, ,-57, ,
-1, ,-57, ,
1, ,-56, ,
1, ,-57, ,
1, ,-56, ,
-1, ,-57, ,
1, ,-57, ,
-1, ,-57, ,
-1, ,-56, ,
1, ,-57, ,
1, ,-57, ,
-1, ,-57, ,
1, ,-57, ,
-1, ,-57, ,
-1, ,-57, ,
1, ,-57, ,
1, ,-56, ,
-1, ,-57, ,
2, ,-57, ,
-1, ,-57, ,
-1, ,-56, ,
1, ,-57, ,
1, ,-56, ,
-1, ,-57, ,
1, ,-56, ,
-1, ,-57, ,
-1, ,-56, ,
1, ,-57, ,
1, ,-56, ,
-1, ,-57, ,
2, ,-57, ,
-1, ,-57, ,
-1, ,-56, ,
1, ,-57, ,
1, ,-56, ,
-1, ,-57, ,
1, ,-56, ,
-1, ,-57, ,
-1, ,-57, ,
1, ,-57, ,
1, ,-57, ,
-1, ,-57, ,
1, ,-57, ,
-1, ,-56, ,
-1, ,-56, ,
1, ,-57, ,
1, ,-49, ,
-1, ,-28, ,
2, ,-12, ,
-1, ,1, ,
-1, ,11, ,
1, ,17, ,
1, ,22, ,
-1, ,26, ,
1, ,30, ,
-1, ,32, ,
-1, ,33, ,
1, ,34, ,
1, ,35, ,
-1, ,35, ,
1, ,36, ,
-1, ,36, ,
-1, ,37, ,
1, ,37, ,
1, ,37, ,
-1, ,37, ,
1, ,37, ,
-1, ,37, ,
-1, ,37, ,
1, ,37, ,
1, ,37, ,
-1, ,37, ,
1, ,37, ,
-1, ,37, ,
-1, ,37, ,
1, ,37, ,
1, ,37, ,
-1, ,37, ,
1, ,37, ,
-1, ,37, ,
-1, ,37, ,
1, ,37, ,
1, ,37, ,
-1, ,37, ,
1, ,37, ,
-1, ,37, ,
-1, ,37, ,
1, ,37, ,
1, ,37, ,
-1, ,36, ,
1, ,37, ,
-1, ,37, ,
-1, ,37, ,
1, ,37, ,
1, ,37, ,
-1, ,36, ,
1, ,37, ,
-1, ,37, ,
-1, ,36, ,
1, ,36, ,
1, ,37, ,
-1, ,36, ,
1, ,36, ,
-1, ,37, ,
-1, ,36, ,
1, ,37, ,
1, ,36, ,
-1, ,36, ,
2, ,37, ,
-1, ,37, ,
-1, ,36, ,
1, ,36, ,
1, ,37, ,
-1, ,36, ,
1, ,37, ,
-1, ,37, ,
-1, ,36, ,
1, ,37, ,
1, ,36, ,
-1, ,36, ,
1, ,36, ,
-1, ,37, ,
-1, ,36, ,
1, ,37, ,
1, ,36, ,
-1, ,36, ,
1, ,36, ,
-1, ,37, ,
-1, ,36, ,
1, ,36, ,
1, ,36, ,
-1, ,36, ,
1, ,36, ,
-1, ,37, ,
-1, ,37, ,
1, ,36, ,
1, ,37, ,
-1, ,36, ,
1, ,36, ,
-1, ,37, ,
-1, ,36, ,
1, ,36, ,
1, ,36, ,
-1, ,36, ,
1, ,37, ,
-1, ,36, ,
-1, ,36, ,
1, ,37, ,
1, ,37, ,
-1, ,36, ,
1, ,36, ,
-1, ,37, ,
-1, ,36, ,
1, ,37, ,
-1, ,36, ,
-1, ,36, ,
2, ,37, ,
-1, ,37, ,
-1, ,36, ,
1, ,36, ,
1, ,36, ,
-1, ,36, ,
1, ,36, ,
1, ,37, ,
-1, ,36, ,
1, ,37, ,
1, ,36, ,
-1, ,36, ,
1, ,37, ,
-1, ,37, ,
-1, ,36, ,
1, ,36, ,
1, ,37, ,
-1, ,36, ,
1, ,36, ,
-1, ,36, ,
-1, ,36, ,
1, ,37, ,
1, ,36, ,
-1, ,36, ,
1, ,36, ,
-1, ,37, ,
-1, ,36, ,
1, ,36, ,
-1, ,36, ,
-1, ,36, ,
1, ,36, ,
-1, ,36, ,
-1, ,36, ,
1, ,36, ,
1, ,37, ,
-1, ,36, ,
1, ,36, ,
-1, ,36, ,
-1, ,36, ,
1, ,36, ,
1, ,37, ,
-1, ,36, ,
1, ,36, ,
-1, ,36, ,
-1, ,35, ,
1, ,19, ,
1, ,0, ,
-1, ,-15, ,
1, ,-25, ,
-1, ,-34, ,
-1, ,-40, ,
1, ,-44, ,
1, ,-47, ,
-1, ,-51, ,
1, ,-53, ,
-1, ,-54, ,
-1, ,-55, ,
1, ,-56, ,
1, ,-56, ,
-1, ,-56, ,
1, ,-57, ,
-1, ,-57, ,
1, ,-57, ,
1, ,-57, ,
1, ,-57, ,
-1, ,-57, ,
1, ,-57, ,
-1, ,-57, ,
-1, ,-57, ,
1, ,-58, ,
1, ,-57, ,
-1, ,-57, ,
1, ,-57, ,
-1, ,-57, ,
-1, ,-57, ,
1, ,-58, ,
1, ,-57, ,
-1, ,-57, ,
1, ,-57, ,
-1, ,-57, ,
-1, ,-56, ,
1, ,-58, ,
1, ,-57, ,
-1, ,-57, ,
1, ,-57, ,
-1, ,-57, ,
-1, ,-56, ,
1, ,-57, ,
1, ,-56, ,
-1, ,-57, ,
1, ,-57, ,
-1, ,-57, ,
-1, ,-56, ,
1, ,-57, ,
1, ,-57, ,
-1, ,-57, ,
1, ,-57, ,
-1, ,-57, ,
-1, ,-57, ,
1, ,-57, ,
1, ,-56, ,
-1, ,-57, ,
1, ,-57, ,
-1, ,-57, ,
-1, ,-56, ,
1, ,-57, ,
1, ,-56, ,
-1, ,-57, ,
1, ,-57, ,
-1, ,-57, ,
-1, ,-57, ,
1, ,-57, ,
1, ,-56, ,
-1, ,-57, ,
2, ,-57, ,
-1, ,-57, ,
-1, ,-56, ,
1, ,-57, ,
1, ,-56, ,
-1, ,-57, ,
1, ,-57, ,
-1, ,-57, ,
-1, ,-57, ,
1, ,-57, ,
1, ,-56, ,
-1, ,-57, ,
1, ,-57, ,
-1, ,-57, ,
-1, ,-57, ,
1, ,-57, ,
1, ,-56, ,
-1, ,-56, ,
1, ,-56, ,
-1, ,-57, ,
-1, ,-57, ,
1, ,-57, ,
1, ,-56, ,
-1, ,-57, ,
1, ,-57, ,
-1, ,-57, ,
-1, ,-56, ,
1, ,-57, ,
1, ,-56, ,
-1, ,-57, ,
1, ,-57, ,
-1, ,-57, ,
-1, ,-56, ,
1, ,-57, ,
1, ,-56, ,
-1, ,-57, ,
1, ,-57, ,
-1, ,-57, ,
-1, ,-56, ,
1, ,-57, ,
1, ,-56, ,
-1, ,-57, ,
1, ,-57, ,
-1, ,-57, ,
-1, ,-57, ,
1, ,-57, ,
1, ,-55, ,
-1, ,-56, ,
1, ,-56, ,
-1, ,-56, ,
-1, ,-56, ,
1, ,-57, ,
1, ,-56, ,
-1, ,-57, ,
1, ,-57, ,
-1, ,-57, ,
-1, ,-57, ,
1, ,-57, ,
1, ,-56, ,
-1, ,-56, ,
1, ,-57, ,
-1, ,-57, ,
-1, ,-56, ,
1, ,-57, ,
1, ,-56, ,
-1, ,-57, ,
1, ,-56, ,
-1, ,-57, ,
-1, ,-57, ,
1, ,-57, ,
1, ,-56, ,
-1, ,-57, ,
1, ,-56, ,
-1, ,-56, ,
-1, ,-56, ,
1, ,-57, ,
1, ,-56, ,
-1, ,-57, ,
1, ,-56, ,
-1, ,-57, ,
1, ,-56, ,
1, ,-57, ,
1, ,-56, ,
-1, ,-57, ,
1, ,-57, ,
-1, ,-56, ,
-1, ,-56, ,
1, ,-57, ,
1, ,-56, ,
-1, ,-57, ,
1, ,-56, ,
-1, ,-56, ,
1, ,-56, ,
1, ,-57, ,
1, ,-56, ,
-1, ,-57, ,
1, ,-56, ,
-1, ,-56, ,
-1, ,-56, ,
1, ,-57, ,
1, ,-56, ,
-1, ,-56, ,
1, ,-56, ,
-1, ,-56, ,
-1, ,-56, ,
1, ,-57, ,
1, ,-56, ,
-1, ,-56, ,
2, ,-57, ,
-1, ,-56, ,
-1, ,-56, ,
1, ,-57, ,
1, ,-57, ,
-1, ,-57, ,
1, ,-56, ,
-1, ,-56, ,
-1, ,-56, ,
1, ,-57, ,
1, ,-56, ,
-1, ,-56, ,
1, ,-56, ,
-1, ,-56, ,
-1, ,-56, ,
1, ,-57, ,
1, ,-56, ,
-1, ,-57, ,
1, ,-57, ,
-1, ,-56, ,
-1, ,-56, ,
1, ,-57, ,
1, ,-56, ,
-1, ,-57, ,
1, ,-57, ,
-1, ,-56, ,
1, ,-56, ,
1, ,-57, ,
1, ,-56, ,
-1, ,-56, ,
1, ,-56, ,
-1, ,-56, ,
-1, ,-56, ,
1, ,-57, ,
1, ,-56, ,
-1, ,-57, ,
1, ,-57, ,
-1, ,-56, ,
-1, ,-56, ,
1, ,-57, ,
1, ,-57, ,
-1, ,-57, ,
1, ,-56, ,
-1, ,-57, ,
-1, ,-56, ,
1, ,-57, ,
1, ,-56, ,
-1, ,-57, ,
1, ,-56, ,
-1, ,-56, ,
1, ,-57, ,
1, ,-57, ,
1, ,-56, ,
-1, ,-57, ,
1, ,-57, ,
-1, ,-56, ,
-1, ,-56, ,
1, ,-57, ,
1, ,-56, ,
-1, ,-57, ,
1, ,-56, ,
-1, ,-56, ,
-1, ,-56, ,
1, ,-57, ,
1, ,-57, ,
-1, ,-57, ,
1, ,-57, ,
-1, ,-57, ,
-1, ,-57, ,
1, ,-57, ,
1, ,-56, ,
-1, ,-57, ,
1, ,-57, ,
-1, ,-56, ,
-1, ,-56, ,
1, ,-57, ,
1, ,-57, ,
-1, ,-57, ,
1, ,-57, ,
-1, ,-57, ,
-1, ,-56, ,
1, ,-57, ,
1, ,-56, ,
-1, ,-57, ,
1, ,-57, ,
-1, ,-56, ,
-1, ,-56, ,
1, ,-57, ,
1, ,-56, ,
-1, ,-57, ,
1, ,-56, ,
-1, ,-57, ,
-1, ,-57, ,
1, ,-57, ,
1, ,-56, ,
-1, ,-57, ,
1, ,-56, ,
1, ,-56, ,
1, ,-56, ,
1, ,-57, ,
1, ,-56, ,
-2, ,-56, ,
1, ,-56, ,
-1, ,-56, ,
1, ,-56, ,
1, ,-57, ,
1, ,-56, ,
-1, ,-57, ,
1, ,-56, ,
-1, ,-57, ,
-1, ,-56, ,
1, ,-57, ,
1, ,-56, ,
-1, ,-57, ,
1, ,-57, ,
-1, ,-56, ,
-1, ,-56, ,
1, ,-57, ,
1, ,-56, ,
-1, ,-57, ,
1, ,-57, ,
-1, ,-56, ,
-1, ,-56, ,
1, ,-57, ,
1, ,-56, ,
-1, ,-57, ,
1, ,-56, ,
-1, ,-56, ,
-1, ,-56, ,
1, ,-57, ,
1, ,-56, ,
-1, ,-56, ,
1, ,-56, ,
-1, ,-56, ,
-1, ,-56, ,
1, ,-57, ,
1, ,-57, ,
-1, ,-57, ,
2, ,-56, ,
-1, ,-57, ,
-1, ,-56, ,
1, ,-57, ,
1, ,-56, ,
-1, ,-57, ,
2, ,-57, ,
-1, ,-56, ,
-1, ,-56, ,
1, ,-57, ,
1, ,-56, ,
-1, ,-56, ,
1, ,-56, ,
-1, ,-56, ,
-1, ,-57, ,
1, ,-57, ,
1, ,-56, ,
-1, ,-57, ,
1, ,-56, ,
-1, ,-56, ,
-1, ,-56, ,
1, ,-57, ,
1, ,-56, ,
-1, ,-57, ,
1, ,-56, ,
-1, ,-56, ,
-1, ,-56, ,
1, ,-57, ,
1, ,-56, ,
-1, ,-57, ,
1, ,-57, ,
-1, ,-57, ,
1, ,-57, ,
1, ,-57, ,
1, ,-57, ,
-1, ,-57, ,
1, ,-56, ,
-1, ,-56, ,
-1, ,-56, ,
1, ,-57, ,
1, ,-56, ,
-1, ,-57, ,
1, ,-57, ,
-1, ,-56, ,
-1, ,-56, ,
1, ,-57, ,
1, ,-56, ,
-1, ,-57, ,
1, ,-56, ,
-1, ,-57, ,
-1, ,-56, ,
1, ,-57, ,
1, ,-56, ,
-1, ,-56, ,
1, ,-57, ,
-1, ,-57, ,
-1, ,-56, ,
1, ,-57, ,
1, ,-57, ,
-1, ,-57, ,
2, ,-56, ,
-1, ,-57, ,
1, ,-56, ,
1, ,-57, ,
1, ,-56, ,
-1, ,-57, ,
2, ,-56, ,
-1, ,-57, ,
1, ,-56, ,
1, ,-57, ,
2, ,-57, ,
-1, ,-57, ,
1, ,-57, ,
-1, ,-57, ,
-1, ,-56, ,
1, ,-57, ,
1, ,-56, ,
-1, ,-57, ,
1, ,-57, ,
-1, ,-57, ,
-1, ,-56, ,
1, ,-57, ,
1, ,-57, ,
-1, ,-57, ,
1, ,-57, ,
-1, ,-56, ,
-1, ,-56, ,
1, ,-57, ,
1, ,-56, ,
-1, ,-57, ,
1, ,-57, ,
-1, ,-57, ,
-1, ,-56, ,
1, ,-57, ,
1, ,-57, ,
-1, ,-57, ,
1, ,-56, ,
-1, ,-57, ,
-1, ,-56, ,
1, ,-57, ,
1, ,-56, ,
-1, ,-57, ,
1, ,-56, ,
-1, ,-57, ,
-1, ,-57, ,
1, ,-57, ,
1, ,-57, ,
-1, ,-57, ,
1, ,-56, ,
-1, ,-57, ,
-1, ,-56, ,
1, ,-57, ,
1, ,-56, ,
-2, ,-57, ,
1, ,-57, ,
-1, ,-57, ,
-1, ,-56, ,
1, ,-57, ,
1, ,-57, ,
-1, ,-57, ,
1, ,-57, ,
-1, ,-57, ,
-1, ,-56, ,
1, ,-57, ,
1, ,-56, ,
-1, ,-57, ,
1, ,-57, ,
-1, ,-57, ,
-1, ,-57, ,
1, ,-57, ,
1, ,-57, ,
-1, ,-56, ,
1, ,-56, ,
-1, ,-57, ,
-1, ,-56, ,
1, ,-57, ,
1, ,-56, ,
-1, ,-57, ,
1, ,-57, ,
-1, ,-57, ,
-1, ,-56, ,
1, ,-57, ,
1, ,-57, ,
-1, ,-57, ,
1, ,-57, ,
-1, ,-57, ,
-1, ,-57, ,
1, ,-57, ,
1, ,-56, ,
-1, ,-57, ,
2, ,-57, ,
-1, ,-56, ,
-1, ,-56, ,
1, ,-57, ,
1, ,-56, ,
-1, ,-57, ,
2, ,-57, ,
-1, ,-57, ,
-1, ,-57, ,
1, ,-57, ,
1, ,-56, ,
-1, ,-57, ,
1, ,-56, ,
-1, ,-56, ,
-1, ,-56, ,
1, ,-57, ,
1, ,-57, ,
-1, ,-57, ,
1, ,-57, ,
-1, ,-57, ,
-1, ,-56, ,
1, ,-57, ,
1, ,-56, ,
-1, ,-57, ,
2, ,-57, ,
-1, ,-56, ,
-1, ,-56, ,
1, ,-57, ,
1, ,-57, ,
-1, ,-57, ,
1, ,-57, ,
-1, ,-57, ,
-1, ,-56, ,
1, ,-57, ,
1, ,-56, ,
-1, ,-57, ,
1, ,-57, ,
-1, ,-56, ,
-1, ,-56, ,
1, ,-57, ,
1, ,-57, ,
-1, ,-57, ,
1, ,-56, ,
-1, ,-57, ,
-1, ,-57, ,
1, ,-57, ,
1, ,-57, ,
-1, ,-57, ,
1, ,-57, ,
-1, ,-56, ,
-1, ,-57, ,
1, ,-57, ,
1, ,-56, ,
-1, ,-57, ,
2, ,-57, ,
-1, ,-57, ,
-1, ,-56, ,
1, ,-57, ,
1, ,-56, ,
-1, ,-57, ,
1, ,-57, ,
-1, ,-57, ,
1, ,-56, ,
1, ,-57, ,
1, ,-57, ,
-1, ,-57, ,
1, ,-57, ,
-1, ,-56, ,
-1, ,-56, ,
1, ,-58, ,
1, ,-56, ,
-1, ,-57, ,
1, ,-57, ,
-1, ,-57, ,
-1, ,-56, ,
1, ,-57, ,
1, ,-56, ,
-1, ,-57, ,
1, ,-57, ,
-1, ,-57, ,
-1, ,-57, ,
1, ,-57, ,
1, ,-56, ,
-1, ,-57, ,
1, ,-57, ,
-1, ,-57, ,
-1, ,-56, ,
1, ,-57, ,
1, ,-56, ,
-2, ,-57, ,
1, ,-57, ,
-1, ,-57, ,
-1, ,-56, ,
1, ,-57, ,
1, ,-57, ,
-1, ,-57, ,
1, ,-56, ,
-1, ,-57, ,
-1, ,-57, ,
1, ,-57, ,
1, ,-57, ,
-1, ,-57, ,
1, ,-57, ,
-1, ,-57, ,
-1, ,-57, ,
1, ,-57, ,
1, ,-56, ,
-1, ,-57, ,
1, ,-57, ,
-1, ,-56, ,
-1, ,-56, ,
1, ,-57, ,
1, ,-56, ,
-1, ,-57, ,
1, ,-57, ,
-1, ,-57, ,
-1, ,-56, ,
1, ,-57, ,
1, ,-56, ,
-1, ,-57, ,
1, ,-57, ,
-1, ,-57, ,
-1, ,-56, ,
1, ,-57, ,
1, ,-56, ,
-1, ,-57, ,
1, ,-56, ,
-1, ,-56, ,
1, ,-56, ,
1, ,-57, ,
1, ,-56, ,
-1, ,-57, ,
1, ,-57, ,
-1, ,-56, ,
-1, ,-56, ,
1, ,-57, ,
1, ,-56, ,
-1, ,-57, ,
1, ,-57, ,
-1, ,-57, ,
1, ,-56, ,
1, ,-57, ,
1, ,-56, ,
-1, ,-57, ,
2, ,-57, ,
-1, ,-57, ,
-1, ,-56, ,
1, ,-57, ,
1, ,-56, ,
-1, ,-57, ,
1, ,-57, ,
-1, ,-57, ,
-1, ,-56, ,
1, ,-57, ,
1, ,-56, ,
-1, ,-57, ,
2, ,-57, ,
-1, ,-57, ,
-1, ,-57, ,
1, ,-57, ,
1, ,-57, ,
-1, ,-54, ,
2, ,-36, ,
-1, ,-18, ,
1, ,-3, ,
1, ,6, ,
1, ,15, ,
-1, ,20, ,
2, ,24, ,
-1, ,28, ,
1, ,31, ,
1, ,32, ,
1, ,34, ,
-1, ,34, ,
2, ,36, ,
-1, ,36, ,
-1, ,36, ,
1, ,37, ,
1, ,37, ,
-1, ,36, ,
1, ,37, ,
-1, ,37, ,
-1, ,37, ,
1, ,37, ,
-1, ,37, ,
-1, ,37, ,
1, ,37, ,
-1, ,37, ,
-1, ,37, ,
1, ,37, ,
1, ,37, ,
-1, ,37, ,
1, ,37, ,
-1, ,37, ,
-1, ,37, ,
1, ,37, ,
1, ,37, ,
-1, ,37, ,
1, ,37, ,
-1, ,37, ,
-1, ,37, ,
1, ,37, ,
1, ,37, ,
-1, ,36, ,
1, ,36, ,
-1, ,37, ,
-1, ,36, ,
1, ,37, ,
1, ,36, ,
-1, ,36, ,
1, ,36, ,
-1, ,37, ,
-1, ,36, ,
1, ,37, ,
1, ,37, ,
-1, ,37, ,
1, ,36, ,
-1, ,37, ,
-1, ,36, ,
1, ,37, ,
-1, ,36, ,
-1, ,36, ,
1, ,37, ,
-1, ,37, ,
-1, ,36, ,
1, ,36, ,
1, ,36, ,
-1, ,36, ,
1, ,36, ,
-1, ,37, ,
-1, ,36, ,
1, ,37, ,
1, ,36, ,
-1, ,36, ,
1, ,36, ,
-1, ,37, ,
-1, ,36, ,
1, ,37, ,
1, ,36, ,
-1, ,36, ,
1, ,36, ,
-1, ,37, ,
-1, ,36, ,
1, ,37, ,
1, ,36, ,
-1, ,37, ,
1, ,36, ,
-1, ,37, ,
-1, ,36, ,
1, ,37, ,
1, ,37, ,
-1, ,36, ,
1, ,36, ,
-1, ,36, ,
-1, ,37, ,
1, ,36, ,
1, ,36, ,
-1, ,36, ,
1, ,37, ,
-1, ,37, ,
-1, ,36, ,
1, ,36, ,
1, ,36, ,
-1, ,36, ,
2, ,37, ,
1, ,36, ,
-1, ,36, ,
1, ,37, ,
1, ,36, ,
-1, ,36, ,
1, ,36, ,
-1, ,37, ,
-1, ,36, ,
1, ,36, ,
1, ,36, ,
-1, ,36, ,
1, ,36, ,
1, ,36, ,
-1, ,36, ,
1, ,36, ,
1, ,36, ,
-1, ,36, ,
1, ,36, ,
-1, ,37, ,
1, ,36, ,
1, ,36, ,
1, ,37, ,
-1, ,36, ,
1, ,36, ,
-1, ,36, ,
-1, ,36, ,
1, ,37, ,
1, ,36, ,
-1, ,36, ,
1, ,36, ,
-1, ,37, ,
-1, ,36, ,
1, ,36, ,
1, ,36, ,
-1, ,36, ,
1, ,36, ,
-1, ,36, ,
-1, ,36, ,
1, ,36, ,
1, ,36, ,
-1, ,36, ,
1, ,36, ,
-1, ,36, ,
-1, ,37, ,
1, ,36, ,
1, ,36, ,
-1, ,36, ,
1, ,36, ,
-1, ,37, ,
-1, ,36, ,
1, ,36, ,
1, ,24, ,
-1, ,4, ,
1, ,-11, ,
-1, ,-23, ,
-1, ,-32, ,
1, ,-39, ,
1, ,-43, ,
-2, ,-46, ,
1, ,-50, ,
-1, ,-52, ,
-1, ,-53, ,
1, ,-55, ,
1, ,-56, ,
-1, ,-57, ,
1, ,-57, ,
-1, ,-57, ,
-1, ,-57, ,
1, ,-57, ,
1, ,-57, ,
-1, ,-57, ,
1, ,-57, ,
-1, ,-57, ,
-1, ,-57, ,
1, ,-58, ,
1, ,-57, ,
-1, ,-58, ,
1, ,-57, ,
-1, ,-57, ,
-1, ,-57, ,
1, ,-57, ,
1, ,-56, ,
-1, ,-57, ,
1, ,-57, ,
-1, ,-57, ,
-1, ,-57, ,
1, ,-57, ,
1, ,-57, ,
-1, ,-57, ,
1, ,-57, ,
-1, ,-57, ,
-1, ,-57, ,
1, ,-58, ,
1, ,-57, ,
-1, ,-57, ,
2, ,-57, ,
-1, ,-57, ,
-1, ,-57, ,
1, ,-57, ,
1, ,-57, ,
-1, ,-57, ,
1, ,-57, ,
-1, ,-57, ,
-1, ,-56, ,
1, ,-57, ,
1, ,-56, ,
-1, ,-57, ,
1, ,-57, ,
-1, ,-57, ,
-1, ,-57, ,
1, ,-57, ,
1, ,-57, ,
-1, ,-57, ,
1, ,-57, ,
-1, ,-57, ,
-1, ,-57, ,
1, ,-57, ,
1, ,-56, ,
-1, ,-57, ,
1, ,-57, ,
-1, ,-57, ,
-1, ,-57, ,
1, ,-57, ,
1, ,-57, ,
-1, ,-57, ,
1, ,-57, ,
-1, ,-57, ,
-1, ,-57, ,
1, ,-57, ,
1, ,-56, ,
-1, ,-57, ,
1, ,-57, ,
-1, ,-56, ,
-1, ,-56, ,
1, ,-57, ,
1, ,-57, ,
-1, ,-57, ,
1, ,-57, ,
-1, ,-57, ,
-1, ,-57, ,
1, ,-57, ,
1, ,-56, ,
-1, ,-57, ,
2, ,-57, ,
-1, ,-57, ,
-1, ,-56, ,
1, ,-57, ,
1, ,-57, ,
-1, ,-57, ,
2, ,-57, ,
-1, ,-57, ,
-1, ,-56, ,
1, ,-57, ,
1, ,-56, ,
-1, ,-57, ,
1, ,-57, ,
-1, ,-57, ,
-1, ,-57, ,
1, ,-57, ,
1, ,-57, ,
-1, ,-57, ,
1, ,-57, ,
-1, ,-57, ,
1, ,-57, ,
1, ,-57, ,
1, ,-56, ,
-1, ,-57, ,
1, ,-57, ,
-1, ,-57, ,
-1, ,-56, ,
1, ,-57, ,
1, ,-56, ,
-1, ,-57, ,
1, ,-56, ,
-1, ,-57, ,
-1, ,-56, ,
1, ,-57, ,
1, ,-56, ,
-1, ,-57, ,
1, ,-57, ,
-1, ,-57, ,
-1, ,-56, ,
1, ,-57, ,
1, ,-57, ,
-1, ,-57, ,
1, ,-56, ,
-1, ,-57, ,
-1, ,-56, ,
1, ,-57, ,
1, ,-56, ,
-1, ,-57, ,
1, ,-57, ,
-1, ,-57, ,
-1, ,-56, ,
1, ,-57, ,
1, ,-56, ,
-1, ,-57, ,
1, ,-57, ,
-1, ,-57, ,
-1, ,-56, ,
1, ,-57, ,
1, ,-56, ,
-1, ,-57, ,
1, ,-57, ,
-1, ,-57, ,
-1, ,-56, ,
1, ,-57, ,
1, ,-56, ,
-1, ,-57, ,
1, ,-57, ,
-1, ,-57, ,
-1, ,-56, ,
1, ,-57, ,
1, ,-56, ,
-1, ,-56, ,
1, ,-57, ,
-1, ,-57, ,
-1, ,-56, ,
1, ,-57, ,
1, ,-57, ,
-1, ,-57, ,
1, ,-56, ,
-1, ,-57, ,
-1, ,-56, ,
1, ,-57, ,
1, ,-56, ,
-1, ,-57, ,
1, ,-57, ,
-1, ,-56, ,
-1, ,-56, ,
1, ,-57, ,
1, ,-56, ,
-1, ,-57, ,
1, ,-57, ,
-1, ,-57, ,
-1, ,-57, ,
1, ,-57, ,
1, ,-56, ,
-1, ,-57, ,
1, ,-57, ,
-1, ,-57, ,
-1, ,-57, ,
1, ,-57, ,
1, ,-56, ,
-1, ,-57, ,
1, ,-57, ,
-1, ,-57, ,
-1, ,-56, ,
1, ,-57, ,
1, ,-56, ,
-1, ,-57, ,
1, ,-57, ,
-1, ,-57, ,
-1, ,-56, ,
1, ,-57, ,
1, ,-56, ,
-1, ,-57, ,
1, ,-57, ,
-1, ,-57, ,
-1, ,-56, ,
1, ,-57, ,
1, ,-56, ,
-1, ,-57, ,
1, ,-57, ,
-1, ,-56, ,
-1, ,-57, ,
1, ,-57, ,
1, ,-57, ,
-1, ,-57, ,
1, ,-57, ,
-1, ,-57, ,
-1, ,-57, ,
1, ,-57, ,
1, ,-56, ,
-1, ,-57, ,
1, ,-57, ,
-1, ,-57, ,
-1, ,-56, ,
1, ,-57, ,
1, ,-57, ,
-1, ,-57, ,
1, ,-57, ,
-1, ,-57, ,
-1, ,-56, ,
1, ,-57, ,
1, ,-56, ,
-1, ,-57, ,
1, ,-57, ,
-1, ,-56, ,
-1, ,-56, ,
1, ,-57, ,
1, ,-56, ,
-1, ,-57, ,
2, ,-57, ,
-1, ,-57, ,
-1, ,-57, ,
1, ,-57, ,
1, ,-56, ,
-1, ,-56, ,
1, ,-57, ,
-1, ,-57, ,
-1, ,-56, ,
1, ,-57, ,
1, ,-56, ,
-1, ,-57, ,
1, ,-57, ,
-1, ,-57, ,
-1, ,-56, ,
1, ,-57, ,
1, ,-56, ,
-1, ,-57, ,
1, ,-57, ,
-1, ,-57, ,
-1, ,-56, ,
1, ,-57, ,
1, ,-57, ,
-1, ,-57, ,
1, ,-57, ,
-1, ,-57, ,
-1, ,-57, ,
1, ,-57, ,
1, ,-56, ,
-1, ,-56, ,
1, ,-57, ,
-1, ,-56, ,
-1, ,-57, ,
1, ,-57, ,
1, ,-57, ,
-1, ,-57, ,
1, ,-57, ,
-1, ,-57, ,
-1, ,-56, ,
1, ,-57, ,
1, ,-56, ,
-1, ,-57, ,
1, ,-57, ,
-1, ,-57, ,
-1, ,-57, ,
1, ,-57, ,
1, ,-56, ,
-1, ,-57, ,
1, ,-57, ,
-1, ,-56, ,
-1, ,-56, ,
1, ,-57, ,
1, ,-56, ,
-1, ,-57, ,
1, ,-57, ,
-1, ,-56, ,
-1, ,-57, ,
1, ,-57, ,
1, ,-57, ,
-1, ,-57, ,
1, ,-57, ,
-1, ,-57, ,
-1, ,-56, ,
1, ,-57, ,
1, ,-56, ,
-1, ,-57, ,
1, ,-57, ,
-1, ,-57, ,
-1, ,-56, ,
1, ,-57, ,
1, ,-56, ,
-1, ,-57, ,
1, ,-57, ,
-1, ,-57, ,
-1, ,-56, ,
1, ,-57, ,
1, ,-56, ,
-1, ,-57, ,
1, ,-57, ,
-1, ,-57, ,
-1, ,-56, ,
1, ,-57, ,
1, ,-56, ,
-1, ,-57, ,
1, ,-57, ,
-1, ,-57, ,
-1, ,-56, ,
1, ,-57, ,
1, ,-57, ,
-1, ,-57, ,
1, ,-57, ,
-1, ,-56, ,
-1, ,-57, ,
1, ,-57, ,
1, ,-56, ,
-1, ,-57, ,
1, ,-57, ,
-1, ,-57, ,
-1, ,-56, ,
1, ,-57, ,
1, ,-56, ,
-1, ,-57, ,
1, ,-57, ,
-1, ,-57, ,
-1, ,-56, ,
1, ,-57, ,
1, ,-57, ,
-1, ,-57, ,
1, ,-57, ,
-1, ,-57, ,
-1, ,-57, ,
1, ,-57, ,
1, ,-56, ,
-1, ,-57, ,
1, ,-57, ,
-1, ,-57, ,
-1, ,-57, ,
1, ,-57, ,
1, ,-56, ,
-1, ,-57, ,
1, ,-56, ,
-1, ,-57, ,
-1, ,-57, ,
1, ,-57, ,
1, ,-56, ,
-1, ,-57, ,
1, ,-57, ,
-1, ,-57, ,
-1, ,-56, ,
1, ,-57, ,
1, ,-56, ,
-1, ,-57, ,
1, ,-57, ,
-1, ,-57, ,
-1, ,-57, ,
1, ,-57, ,
1, ,-57, ,
-1, ,-57, ,
1, ,-57, ,
-1, ,-57, ,
-1, ,-56, ,
1, ,-57, ,
1, ,-57, ,
-1, ,-57, ,
2, ,-57, ,
-1, ,-57, ,
-1, ,-56, ,
1, ,-57, ,
1, ,-56, ,
-1, ,-57, ,
1, ,-57, ,
-1, ,-56, ,
-1, ,-56, ,
1, ,-57, ,
1, ,-56, ,
-1, ,-57, ,
1, ,-57, ,
-1, ,-57, ,
-1, ,-57, ,
1, ,-57, ,
1, ,-56, ,
-1, ,-57, ,
1, ,-57, ,
-1, ,-57, ,
-1, ,-57, ,
1, ,-57, ,
1, ,-57, ,
-1, ,-57, ,
2, ,-57, ,
-1, ,-57, ,
-1, ,-57, ,
1, ,-57, ,
1, ,-56, ,
-1, ,-57, ,
1, ,-57, ,
-1, ,-57, ,
-1, ,-56, ,
1, ,-57, ,
1, ,-56, ,
-1, ,-57, ,
1, ,-57, ,
-1, ,-57, ,
-1, ,-56, ,
1, ,-57, ,
1, ,-56, ,
-1, ,-57, ,
1, ,-57, ,
-1, ,-56, ,
-1, ,-57, ,
1, ,-57, ,
1, ,-57, ,
-1, ,-57, ,
1, ,-57, ,
-1, ,-57, ,
-1, ,-56, ,
1, ,-57, ,
-1, ,-57, ,
-1, ,-57, ,
1, ,-57, ,
1, ,-56, ,
1, ,-56, ,
1, ,-57, ,
1, ,-56, ,
-1, ,-57, ,
1, ,-57, ,
-1, ,-57, ,
1, ,-56, ,
1, ,-57, ,
1, ,-56, ,
-1, ,-57, ,
1, ,-57, ,
-1, ,-57, ,
-1, ,-56, ,
1, ,-57, ,
1, ,-57, ,
-1, ,-57, ,
1, ,-57, ,
-1, ,-57, ,
-1, ,-56, ,
1, ,-57, ,
1, ,-56, ,
-1, ,-57, ,
1, ,-57, ,
-1, ,-57, ,
-1, ,-56, ,
1, ,-57, ,
1, ,-56, ,
-1, ,-57, ,
1, ,-57, ,
-1, ,-57, ,
-1, ,-56, ,
1, ,-57, ,
1, ,-56, ,
-1, ,-57, ,
1, ,-57, ,
-1, ,-57, ,
-1, ,-56, ,
1, ,-57, ,
1, ,-57, ,
-1, ,-57, ,
1, ,-57, ,
-1, ,-57, ,
-1, ,-57, ,
1, ,-57, ,
1, ,-56, ,
94, ,-57, ,
57, ,-57, ,
34, ,-57, ,
22, ,-57, ,
15, ,-57, ,
10, ,-56, ,
6, ,-57, ,
6, ,-57, ,
3, ,-56, ,
3, ,-56, ,
3, ,-57, ,
3, ,-56, ,
2, ,-57, ,
3, ,-57, ,
2, ,-57, ,
2, ,-57, ,
2, ,-57, ,
3, ,-57, ,
2, ,-57, ,
3, ,-57, ,
2, ,-57, ,
2, ,-57, ,
3, ,-57, ,
2, ,-56, ,
1, ,-56, ,
3, ,-57, ,
2, ,-57, ,
2, ,-57, ,
3, ,-57, ,
3, ,-56, ,
2, ,-57, ,
3, ,-57, ,
2, ,-57, ,
2, ,-56, ,
3, ,-57, ,
2, ,-56, ,
1, ,-57, ,
3, ,-57, ,
2, ,-57, ,
2, ,-56, ,
3, ,-57, ,
3, ,-56, ,
1, ,-57, ,
3, ,-56, ,
2, ,-57, ,
2, ,-57, ,
2, ,-57, ,
2, ,-56, ,
1, ,-57, ,
3, ,-57, ,
2, ,-57, ,
2, ,-57, ,
2, ,-57, ,
2, ,-57, ,
1, ,-57, ,
3, ,-57, ,
2, ,-57, ,
2, ,-56, ,
2, ,-57, ,
3, ,-56, ,
1, ,-57, ,
3, ,-57, ,
2, ,-57, ,
2, ,-56, ,
3, ,-57, ,
3, ,-56, ,
1, ,-57, ,
3, ,-57, ,
2, ,-57, ,
2, ,-56, ,
2, ,-57, ,
2, ,-57, ,
1, ,-57, ,
3, ,-57, ,
2, ,-56, ,
2, ,-56, ,
2, ,-57, ,
3, ,-57, ,
1, ,-57, ,
3, ,-56, ,
1, ,-57, ,
1, ,-57, ,
2, ,-57, ,
2, ,-56, ,
1, ,-57, ,
3, ,-57, ,
1, ,-56, ,
2, ,-56, ,
2, ,-57, ,
2, ,-56, ,
1, ,-57, ,
3, ,-56, ,
1, ,-57, ,
2, ,-56, ,
2, ,-57, ,
2, ,-56, ,
1, ,-57, ,
2, ,-57, ,
1, ,-56, ,
2, ,-57, ,
2, ,-57, ,
2, ,-56, ,
1, ,-57, ,
3, ,-56, ,
1, ,-57, ,
2, ,-56, ,
2, ,-57, ,
2, ,-56, ,
1, ,-57, ,
2, ,-57, ,
1, ,-56, ,
2, ,-57, ,
2, ,-57, ,
2, ,-57, ,
1, ,-57, ,
3, ,-57, ,
1, ,-57, ,
2, ,-56, ,
2, ,-57, ,
2, ,-56, ,
1, ,-57, ,
2, ,-57, ,
1, ,-57, ,
2, ,-57, ,
2, ,-57, ,
2, ,-57, ,
1, ,-57, ,
2, ,-56, ,
1, ,-57, ,
2, ,-56, ,
2, ,-57, ,
2, ,-56, ,
1, ,-57, ,
2, ,-57, ,
2, ,-57, ,
2, ,-56, ,
2, ,-57, ,
2, ,-57, ,
1, ,-57, ,
3, ,-56, ,
1, ,-41, ,
2, ,-21, ,
3, ,-6, ,
2, ,4, ,
1, ,13, ,
3, ,19, ,
2, ,24, ,
2, ,27, ,
2, ,30, ,
3, ,32, ,
1, ,33, ,
3, ,34, ,
2, ,35, ,
1, ,36, ,
2, ,36, ,
2, ,37, ,
1, ,37, ,
3, ,37, ,
2, ,37, ,
2, ,37, ,
2, ,37, ,
2, ,37, ,
1, ,37, ,
2, ,37, ,
2, ,37, ,
1, ,37, ,
2, ,37, ,
2, ,37, ,
1, ,37, ,
2, ,37, ,
2, ,37, ,
1, ,37, ,
2, ,37, ,
2, ,36, ,
1, ,37, ,
2, ,37, ,
2, ,37, ,
1, ,37, ,
3, ,37, ,
2, ,37, ,
1, ,36, ,
2, ,37, ,
1, ,36, ,
1, ,36, ,
3, ,37, ,
2, ,36, ,
1, ,36, ,
2, ,37, ,
1, ,37, ,
1, ,37, ,
2, ,37, ,
2, ,37, ,
1, ,36, ,
2, ,36, ,
2, ,37, ,
1, ,36, ,
2, ,37, ,
1, ,36, ,
1, ,36, ,
2, ,37, ,
1, ,37, ,
1, ,37, ,
2, ,36, ,
2, ,36, ,
1, ,37, ,
2, ,36, ,
1, ,37, ,
1, ,36, ,
2, ,36, ,
2, ,37, ,
1, ,36, ,
2, ,36, ,
1, ,37, ,
1, ,36, ,
2, ,36, ,
1, ,36, ,
1, ,36, ,
2, ,36, ,
1, ,37, ,
1, ,36, ,
2, ,36, ,
1, ,36, ,
1, ,36, ,
2, ,36, ,
1, ,37, ,
1, ,36, ,
2, ,36, ,
1, ,37, ,
1, ,36, ,
2, ,37, ,
1, ,36, ,
1, ,36, ,
2, ,37, ,
1, ,36, ,
1, ,36, ,
2, ,37, ,
1, ,37, ,
1, ,37, ,
2, ,36, ,
1, ,36, ,
1, ,36, ,
2, ,36, ,
1, ,36, ,
1, ,36, ,
2, ,36, ,
1, ,36, ,
1, ,36, ,
2, ,36, ,
1, ,37, ,
1, ,36, ,
2, ,36, ,
1, ,37, ,
1, ,36, ,
2, ,36, ,
1, ,36, ,
1, ,36, ,
2, ,37, ,
1, ,37, ,
1, ,36, ,
2, ,36, ,
1, ,37, ,
1, ,36, ,
2, ,37, ,
2, ,37, ,
1, ,36, ,
2, ,36, ,
1, ,37, ,
1, ,36, ,
2, ,37, ,
1, ,36, ,
1, ,36, ,
2, ,37, ,
1, ,37, ,
1, ,37, ,
2, ,36, ,
1, ,37, ,
1, ,36, ,
2, ,36, ,
1, ,36, ,
1, ,36, ,
2, ,36, ,
1, ,36, ,
1, ,36, ,
2, ,36, ,
1, ,36, ,
1, ,36, ,
2, ,36, ,
1, ,37, ,
1, ,36, ,
2, ,36, ,
1, ,36, ,
1, ,36, ,
2, ,37, ,
1, ,36, ,
1, ,30, ,
2, ,11, ,
1, ,-7, ,
1, ,-20, ,
2, ,-30, ,
1, ,-37, ,
1, ,-42, ,
2, ,-46, ,
1, ,-50, ,
1, ,-52, ,
2, ,-53, ,
2, ,-54, ,
-1, ,-55, ,
2, ,-56, ,
1, ,-56, ,
1, ,-56, ,
2, ,-57, ,
1, ,-57, ,
-1, ,-57, ,
2, ,-57, ,
1, ,-57, ,
2, ,-57, ,
2, ,-58, ,
1, ,-57, ,
1, ,-58, ,
2, ,-57, ,
1, ,-57, ,
1, ,-57, ,
2, ,-58, ,
1, ,-57, ,
-1, ,-57, ,
2, ,-57, ,
1, ,-57, ,
1, ,-57, ,
2, ,-57, ,
2, ,-57, ,
1, ,-57, ,
2, ,-57, ,
1, ,-57, ,
1, ,-57, ,
2, ,-57, ,
1, ,-57, ,
-1, ,-57, ,
2, ,-57, ,
1, ,-57, ,
1, ,-57, ,
2, ,-57, ,
1, ,-57, ,
-1, ,-57, ,
2, ,-57, ,
1, ,-57, ,
1, ,-57, ,
2, ,-57, ,
1, ,-57, ,
-1, ,-57, ,
2, ,-57, ,
1, ,-57, ,
1, ,-57, ,
2, ,-57, ,
1, ,-57, ,
-1, ,-57, ,
2, ,-57, ,
1, ,-57, ,
1, ,-57, ,
2, ,-57, ,
1, ,-57, ,
-1, ,-57, ,
2, ,-57, ,
1, ,-57, ,
1, ,-56, ,
2, ,-57, ,
1, ,-56, ,
-1, ,-57, ,
2, ,-57, ,
1, ,-57, ,
1, ,-57, ,
2, ,-57, ,
1, ,-56, ,
-1, ,-57, ,
2, ,-57, ,
1, ,-57, ,
1, ,-57, ,
2, ,-57, ,
1, ,-56, ,
-1, ,-57, ,
2, ,-57, ,
1, ,-57, ,
1, ,-57, ,
1, ,-57, ,
1, ,-56, ,
-1, ,-57, ,
2, ,-57, ,
1, ,-57, ,
1, ,-56, ,
1, ,-57, ,
1, ,-57, ,
-1, ,-57, ,
2, ,-57, ,
1, ,-57, ,
1, ,-56, ,
2, ,-57, ,
2, ,-56, ,
-1, ,-56, ,
2, ,-57, ,
1, ,-57, ,
1, ,-56, ,
1, ,-57, ,
1, ,-57, ,
-1, ,-57, ,
2, ,-57, ,
1, ,-57, ,
1, ,-56, ,
2, ,-57, ,
1, ,-56, ,
-1, ,-56, ,
2, ,-57, ,
1, ,-57, ,
1, ,-56, ,
2, ,-57, ,
1, ,-57, ,
-1, ,-57, ,
2, ,-57, ,
1, ,-57, ,
1, ,-57, ,
1, ,-57, ,
1, ,-56, ,
-1, ,-57, ,
2, ,-57, ,
1, ,-57, ,
1, ,-57, ,
2, ,-57, ,
2, ,-56, ,
-1, ,-57, ,
2, ,-57, ,
-1, ,-57, ,
1, ,-57, ,
2, ,-57, ,
1, ,-56, ,
-1, ,-57, ,
2, ,-57, ,
1, ,-57, ,
1, ,-56, ,
2, ,-57, ,
1, ,-57, ,
-1, ,-57, ,
2, ,-57, ,
1, ,-57, ,
1, ,-56, ,
1, ,-57, ,
1, ,-56, ,
-1, ,-57, ,
2, ,-57, ,
1, ,-57, ,
1, ,-57, ,
1, ,-57, ,
1, ,-56, ,
-1, ,-57, ,
2, ,-56, ,
1, ,-57, ,
1, ,-56, ,
1, ,-57, ,
1, ,-56, ,
-1, ,-57, ,
2, ,-57, ,
1, ,-57, ,
1, ,-56, ,
2, ,-57, ,
1, ,-57, ,
-1, ,-57, ,
2, ,-57, ,
1, ,-57, ,
1, ,-57, ,
2, ,-57, ,
1, ,-56, ,
-1, ,-57, ,
2, ,-57, ,
1, ,-57, ,
1, ,-56, ,
1, ,-57, ,
1, ,-56, ,
-1, ,-57, ,
2, ,-56, ,
-1, ,-56, ,
1, ,-56, ,
2, ,-57, ,
1, ,-56, ,
-1, ,-57, ,
2, ,-57, ,
-1, ,-56, ,
1, ,-56, ,
1, ,-57, ,
1, ,-56, ,
-1, ,-57, ,
1, ,-57, ,
-1, ,-57, ,
1, ,-57, ,
1, ,-57, ,
1, ,-56, ,
-1, ,-57, ,
2, ,-57, ,
-1, ,-57, ,
-1, ,-57, ,
1, ,-57, ,
1, ,-56, ,
-1, ,-57, ,
2, ,-57, ,
-1, ,-57, ,
1, ,-56, ,
1, ,-57, ,
1, ,-56, ,
-1, ,-57, ,
2, ,-57, ,
1, ,-56, ,
1, ,-56, ,
1, ,-57, ,
1, ,-56, ,
-1, ,-57, ,
2, ,-57, ,
-1, ,-56, ,
1, ,-56, ,
1, ,-57, ,
1, ,-56, ,
-1, ,-57, ,
2, ,-57, ,
-1, ,-57, ,
1, ,-57, ,
1, ,-57, ,
1, ,-56, ,
-1, ,-57, ,
2, ,-57, ,
-1, ,-56, ,
1, ,-57, ,
1, ,-57, ,
1, ,-56, ,
-1, ,-57, ,
2, ,-57, ,
-1, ,-57, ,
1, ,-56, ,
2, ,-57, ,
2, ,-56, ,
-1, ,-57, ,
2, ,-57, ,
-1, ,-57, ,
1, ,-56, ,
1, ,-57, ,
1, ,-56, ,
-1, ,-57, ,
2, ,-57, ,
-1, ,-56, ,
1, ,-57, ,
1, ,-57, ,
1, ,-56, ,
-1, ,-57, ,
2, ,-57, ,
-1, ,-57, ,
1, ,-57, ,
1, ,-57, ,
1, ,-56, ,
-1, ,-57, ,
2, ,-57, ,
1, ,-57, ,
-1, ,-56, ,
1, ,-57, ,
1, ,-57, ,
-1, ,-57, ,
2, ,-57, ,
-1, ,-57, ,
1, ,-57, ,
2, ,-57, ,
1, ,-56, ,
-1, ,-57, ,
2, ,-57, ,
1, ,-57, ,
1, ,-57, ,
1, ,-57, ,
1, ,-56, ,
-1, ,-57, ,
2, ,-57, ,
-1, ,-57, ,
1, ,-57, ,
1, ,-57, ,
1, ,-56, ,
-1, ,-56, ,
2, ,-57, ,
-1, ,-57, ,
1, ,-57, ,
1, ,-57, ,
1, ,-56, ,
-1, ,-57, ,
2, ,-56, ,
-1, ,-57, ,
1, ,-56, ,
1, ,-57, ,
1, ,-56, ,
-1, ,-57, ,
2, ,-57, ,
1, ,-57, ,
1, ,-57, ,
1, ,-57, ,
1, ,-57, ,
-1, ,-57, ,
1, ,-57, ,
-1, ,-57, ,
1, ,-56, ,
1, ,-57, ,
1, ,-56, ,
-1, ,-57, ,
2, ,-57, ,
-1, ,-56, ,
1, ,-56, ,
1, ,-57, ,
1, ,-56, ,
-1, ,-57, ,
2, ,-57, ,
-1, ,-56, ,
1, ,-56, ,
1, ,-57, ,
1, ,-56, ,
-1, ,-57, ,
2, ,-57, ,
1, ,-57, ,
1, ,-56, ,
1, ,-57, ,
1, ,-57, ,
-1, ,-57, ,
2, ,-56, ,
-1, ,-56, ,
1, ,-57, ,
1, ,-57, ,
1, ,-56, ,
-1, ,-57, ,
2, ,-57, ,
-1, ,-57, ,
1, ,-56, ,
1, ,-57, ,
1, ,-57, ,
-1, ,-57, ,
2, ,-57, ,
-1, ,-57, ,
1, ,-57, ,
1, ,-57, ,
1, ,-56, ,
-1, ,-57, ,
2, ,-57, ,
-1, ,-56, ,
-1, ,-56, ,
1, ,-57, ,
1, ,-56, ,
-1, ,-57, ,
1, ,-57, ,
-1, ,-57, ,
1, ,-57, ,
1, ,-57, ,
2, ,-56, ,
-1, ,-57, ,
2, ,-57, ,
-1, ,-57, ,
1, ,-56, ,
1, ,-57, ,
1, ,-56, ,
-1, ,-57, ,
2, ,-57, ,
-1, ,-57, ,
1, ,-57, ,
1, ,-57, ,
1, ,-56, ,
-1, ,-57, ,
2, ,-57, ,
-1, ,-57, ,
-1, ,-57, ,
1, ,-57, ,
1, ,-56, ,
-1, ,-57, ,
2, ,-57, ,
-1, ,-57, ,
1, ,-56, ,
1, ,-57, ,
1, ,-56, ,
-1, ,-57, ,
2, ,-57, ,
-1, ,-57, ,
-1, ,-56, ,
1, ,-57, ,
1, ,-56, ,
-1, ,-57, ,
2, ,-57, ,
-1, ,-57, ,
1, ,-56, ,
1, ,-57, ,
1, ,-56, ,
-1, ,-57, ,
2, ,-57, ,
-1, ,-57, ,
-1, ,-56, ,
1, ,-57, ,
1, ,-56, ,
-1, ,-57, ,
2, ,-57, ,
-1, ,-57, ,
1, ,-56, ,
1, ,-57, ,
1, ,-56, ,
-1, ,-57, ,
2, ,-57, ,
-1, ,-57, ,
1, ,-56, ,
1, ,-57, ,
1, ,-56, ,
-1, ,-57, ,
1, ,-57, ,
-1, ,-57, ,
1, ,-56, ,
1, ,-57, ,
1, ,-56, ,
-1, ,-57, ,
2, ,-57, ,
-1, ,-57, ,
-1, ,-57, ,
1, ,-57, ,
1, ,-57, ,
-1, ,-57, ,
1, ,-57, ,
-1, ,-57, ,
-1, ,-56, ,
1, ,-57, ,
1, ,-56, ,
-1, ,-57, ,
2, ,-57, ,
1, ,-57, ,
1, ,-56, ,
1, ,-57, ,
1, ,-57, ,
-1, ,-57, ,
1, ,-57, ,
-1, ,-57, ,
1, ,-56, ,
1, ,-57, ,
1, ,-56, ,
-1, ,-57, ,
2, ,-57, ,
-1, ,-57, ,
1, ,-56, ,
1, ,-57, ,
1, ,-57, ,
-1, ,-57, ,
1, ,-57, ,
-1, ,-57, ,
-1, ,-56, ,
1, ,-57, ,
1, ,-56, ,
-1, ,-57, ,
1, ,-57, ,
-1, ,-57, ,
-1, ,-56, ,
1, ,-57, ,
1, ,-56, ,
-1, ,-57, ,
1, ,-57, ,
-1, ,-57, ,
1, ,-57, ,
1, ,-57, ,
1, ,-56, ,
-1, ,-57, ,
2, ,-57, ,
-1, ,-57, ,
1, ,-57, ,
1, ,-57, ,
1, ,-57, ,
-1, ,-57, ,
1, ,-57, ,
-1, ,-56, ,
1, ,-57, ,
1, ,-57, ,
1, ,-56, ,
-1, ,-57, ,
1, ,-57, ,
-1, ,-56, ,
1, ,-56, ,
1, ,-57, ,
1, ,-57, ,
-1, ,-57, ,
1, ,-57, ,
-1, ,-57, ,
1, ,-57, ,
1, ,-57, ,
1, ,-56, ,
-1, ,-57, ,
2, ,-57, ,
-1, ,-57, ,
-1, ,-56, ,
1, ,-57, ,
1, ,-56, ,
-1, ,-57, ,
1, ,-57, ,
-1, ,-57, ,
-1, ,-56, ,
1, ,-57, ,
1, ,-56, ,
-1, ,-57, ,
1, ,-57, ,
-1, ,-57, ,
-1, ,-56, ,
1, ,-57, ,
1, ,-57, ,
-1, ,-57, ,
2, ,-57, ,
-1, ,-57, ,
-1, ,-57, ,
1, ,-57, ,
1, ,-56, ,
-1, ,-57, ,
2, ,-57, ,
1, ,-57, ,
-1, ,-56, ,
1, ,-57, ,
1, ,-56, ,
-1, ,-57, ,
2, ,-56, ,
-1, ,-57, ,
1, ,-57, ,
1, ,-57, ,
1, ,-56, ,
-1, ,-57, ,
1, ,-57, ,
1, ,-57, ,
1, ,-56, ,
1, ,-57, ,
1, ,-56, ,
-1, ,-57, ,
1, ,-57, ,
-1, ,-57, ,
1, ,-57, ,
1, ,-57, ,
1, ,-56, ,
-1, ,-57, ,
1, ,-57, ,
-1, ,-57, ,
82, ,-56, ,
50, ,-57, ,
31, ,-56, ,
20, ,-57, ,
15, ,-56, ,
8, ,-57, ,
7, ,-56, ,
6, ,-57, ,
5, ,-56, ,
3, ,-57, ,
5, ,-57, ,
3, ,-57, ,
2, ,-56, ,
3, ,-57, ,
3, ,-57, ,
2, ,-57, ,
3, ,-57, ,
2, ,-57, ,
2, ,-57, ,
3, ,-57, ,
3, ,-56, ,
2, ,-57, ,
3, ,-56, ,
2, ,-56, ,
2, ,-56, ,
3, ,-57, ,
3, ,-56, ,
2, ,-57, ,
3, ,-56, ,
2, ,-57, ,
2, ,-57, ,
3, ,-57, ,
3, ,-56, ,
1, ,-57, ,
3, ,-57, ,
2, ,-56, ,
2, ,-56, ,
3, ,-57, ,
3, ,-56, ,
1, ,-57, ,
3, ,-56, ,
2, ,-57, ,
2, ,-57, ,
3, ,-57, ,
3, ,-56, ,
1, ,-57, ,
3, ,-57, ,
2, ,-56, ,
2, ,-56, ,
3, ,-57, ,
3, ,-56, ,
1, ,-56, ,
3, ,-56, ,
2, ,-57, ,
2, ,-56, ,
3, ,-57, ,
2, ,-56, ,
1, ,-57, ,
3, ,-57, ,
2, ,-56, ,
2, ,-56, ,
2, ,-57, ,
2, ,-56, ,
1, ,-57, ,
3, ,-56, ,
2, ,-57, ,
2, ,-57, ,
2, ,-57, ,
2, ,-56, ,
1, ,-57, ,
2, ,-57, ,
1, ,-56, ,
2, ,-56, ,
3, ,-57, ,
3, ,-56, ,
1, ,-57, ,
2, ,-56, ,
2, ,-56, ,
2, ,-56, ,
2, ,-57, ,
2, ,-56, ,
1, ,-57, ,
3, ,-57, ,
1, ,-56, ,
2, ,-56, ,
2, ,-57, ,
2, ,-56, ,
1, ,-57, ,
3, ,-56, ,
1, ,-57, ,
2, ,-47, ,
3, ,-27, ,
2, ,-11, ,
1, ,2, ,
3, ,11, ,
2, ,18, ,
2, ,22, ,
2, ,26, ,
3, ,28, ,
1, ,32, ,
3, ,33, ,
1, ,34, ,
2, ,35, ,
2, ,36, ,
2, ,36, ,
1, ,36, ,
3, ,37, ,
2, ,37, ,
1, ,37, ,
2, ,37, ,
2, ,36, ,
1, ,37, ,
2, ,37, ,
1, ,38, ,
1, ,37, ,
2, ,37, ,
2, ,37, ,
1, ,37, ,
2, ,37, ,
2, ,37, ,
1, ,37, ,
2, ,37, ,
2, ,37, ,
2, ,37, ,
3, ,37, ,
2, ,37, ,
1, ,36, ,
2, ,37, ,
2, ,36, ,
1, ,36, ,
3, ,37, ,
2, ,37, ,
1, ,36, ,
2, ,37, ,
2, ,36, ,
1, ,36, ,
2, ,36, ,
2, ,37, ,
1, ,36, ,
2, ,36, ,
2, ,37, ,
1, ,36, ,
2, ,36, ,
2, ,37, ,
1, ,36, ,
2, ,37, ,
2, ,36, ,
1, ,37, ,
2, ,36, ,
1, ,37, ,
1, ,36, ,
2, ,36, ,
2, ,36, ,
1, ,36, ,
2, ,36, ,
1, ,37, ,
1, ,36, ,
2, ,37, ,
2, ,36, ,
1, ,36, ,
2, ,36, ,
1, ,37, ,
2, ,36, ,
2, ,36, ,
2, ,36, ,
1, ,36, ,
2, ,36, ,
2, ,37, ,
1, ,36, ,
2, ,36, ,
2, ,36, ,
1, ,36, ,
2, ,36, ,
2, ,37, ,
1, ,36, ,
2, ,37, ,
2, ,36, ,
1, ,36, ,
2, ,37, ,
1, ,37, ,
1, ,36, ,
2, ,37, ,
2, ,36, ,
1, ,36, ,
2, ,36, ,
2, ,37, ,
1, ,36, ,
2, ,36, ,
2, ,36, ,
1, ,36, ,
2, ,37, ,
2, ,36, ,
1, ,36, ,
2, ,36, ,
2, ,36, ,
1, ,36, ,
2, ,36, ,
1, ,36, ,
1, ,36, ,
2, ,36, ,
1, ,36, ,
1, ,36, ,
2, ,36, ,
2, ,37, ,
1, ,36, ,
2, ,36, ,
2, ,36, ,
1, ,36, ,
2, ,36, ,
1, ,37, ,
1, ,36, ,
2, ,36, ,
2, ,36, ,
1, ,36, ,
2, ,36, ,
1, ,37, ,
1, ,36, ,
2, ,36, ,
2, ,36, ,
1, ,37, ,
2, ,36, ,
1, ,37, ,
1, ,36, ,
2, ,36, ,
1, ,36, ,
1, ,36, ,
2, ,37, ,
1, ,36, ,
1, ,36, ,
2, ,36, ,
1, ,36, ,
1, ,36, ,
2, ,36, ,
1, ,37, ,
1, ,36, ,
2, ,36, ,
1, ,36, ,
1, ,36, ,
2, ,36, ,
1, ,36, ,
1, ,36, ,
2, ,36, ,
1, ,36, ,
1, ,36, ,
2, ,34, ,
1, ,16, ,
1, ,-3, ,
2, ,-17, ,
1, ,-27, ,
1, ,-35, ,
2, ,-40, ,
1, ,-45, ,
1, ,-47, ,
2, ,-51, ,
2, ,-53, ,
1, ,-54, ,
2, ,-55, ,
1, ,-56, ,
1, ,-56, ,
2, ,-57, ,
1, ,-56, ,
1, ,-57, ,
2, ,-57, ,
1, ,-57, ,
1, ,-57, ,
2, ,-58, ,
2, ,-57, ,
1, ,-57, ,
2, ,-57, ,
1, ,-57, ,
1, ,-57, ,
2, ,-58, ,
2, ,-57, ,
1, ,-57, ,
2, ,-57, ,
1, ,-57, ,
1, ,-57, ,
2, ,-58, ,
2, ,-57, ,
1, ,-57, ,
2, ,-57, ,
1, ,-57, ,
2, ,-57, ,
2, ,-57, ,
2, ,-57, ,
1, ,-57, ,
2, ,-57, ,
1, ,-57, ,
1, ,-56, ,
2, ,-57, ,
2, ,-57, ,
1, ,-57, ,
2, ,-57, ,
1, ,-57, ,
1, ,-57, ,
2, ,-57, ,
2, ,-56, ,
1, ,-57, ,
2, ,-57, ,
1, ,-57, ,
1, ,-56, ,
2, ,-57, ,
2, ,-56, ,
-1, ,-57, ,
2, ,-57, ,
1, ,-57, ,
2, ,-57, ,
2, ,-57, ,
2, ,-56, ,
1, ,-57, ,
2, ,-57, ,
1, ,-57, ,
1, ,-57, ,
2, ,-58, ,
1, ,-57, ,
-1, ,-57, ,
2, ,-56, ,
1, ,-57, ,
1, ,-56, ,
2, ,-57, ,
1, ,-56, ,
-1, ,-57, ,
2, ,-57, ,
1, ,-56, ,
1, ,-56, ,
2, ,-57, ,
1, ,-57, ,
-1, ,-57, ,
2, ,-57, ,
1, ,-57, ,
1, ,-57, ,
2, ,-57, ,
1, ,-56, ,
-1, ,-57, ,
2, ,-57, ,
1, ,-57, ,
1, ,-57, ,
1, ,-57, ,
1, ,-56, ,
-1, ,-56, ,
2, ,-56, ,
1, ,-57, ,
1, ,-57, ,
2, ,-57, ,
1, ,-56, ,
-1, ,-57, ,
2, ,-57, ,
1, ,-56, ,
1, ,-56, ,
2, ,-57, ,
1, ,-57, ,
-1, ,-57, ,
2, ,-57, ,
1, ,-57, ,
1, ,-56, ,
2, ,-57, ,
1, ,-56, ,
-1, ,-57, ,
2, ,-57, ,
1, ,-57, ,
1, ,-57, ,
2, ,-57, ,
1, ,-57, ,
-1, ,-57, ,
2, ,-56, ,
1, ,-57, ,
1, ,-57, ,
2, ,-57, ,
1, ,-56, ,
-1, ,-57, ,
2, ,-57, ,
1, ,-56, ,
1, ,-56, ,
2, ,-57, ,
1, ,-57, ,
-1, ,-56, ,
2, ,-57, ,
1, ,-57, ,
1, ,-57, ,
1, ,-57, ,
1, ,-56, ,
-1, ,-56, ,
2, ,-57, ,
1, ,-57, ,
1, ,-56, ,
2, ,-57, ,
2, ,-56, ,
-1, ,-57, ,
2, ,-57, ,
1, ,-56, ,
1, ,-57, ,
2, ,-57, ,
1, ,-56, ,
-1, ,-57, ,
2, ,-57, ,
1, ,-57, ,
1, ,-56, ,
1, ,-57, ,
1, ,-56, ,
-1, ,-56, ,
2, ,-57, ,
1, ,-57, ,
1, ,-57, ,
2, ,-57, ,
2, ,-56, ,
-1, ,-57, ,
2, ,-57, ,
1, ,-57, ,
1, ,-56, ,
2, ,-57, ,
1, ,-56, ,
-1, ,-57, ,
2, ,-56, ,
1, ,-57, ,
1, ,-57, ,
2, ,-57, ,
1, ,-56, ,
-1, ,-57, ,
2, ,-57, ,
1, ,-57, ,
1, ,-56, ,
2, ,-57, ,
1, ,-56, ,
-1, ,-57, ,
2, ,-57, ,
1, ,-57, ,
1, ,-56, ,
2, ,-57, ,
2, ,-56, ,
-1, ,-56, ,
2, ,-57, ,
1, ,-56, ,
1, ,-57, ,
2, ,-57, ,
1, ,-56, ,
-1, ,-57, ,
2, ,-57, ,
1, ,-57, ,
1, ,-56, ,
2, ,-57, ,
1, ,-56, ,
-1, ,-57, ,
2, ,-57, ,
1, ,-56, ,
1, ,-56, ,
1, ,-57, ,
1, ,-56, ,
-1, ,-57, ,
2, ,-57, ,
-1, ,-57, ,
1, ,-56, ,
2, ,-57, ,
1, ,-56, ,
-1, ,-57, ,
2, ,-57, ,
1, ,-56, ,
1, ,-56, ,
1, ,-57, ,
1, ,-56, ,
-1, ,-57, ,
2, ,-57, ,
-1, ,-56, ,
1, ,-56, ,
2, ,-57, ,
2, ,-56, ,
-1, ,-57, ,
2, ,-57, ,
-1, ,-56, ,
1, ,-57, ,
1, ,-57, ,
1, ,-56, ,
-1, ,-57, ,
2, ,-56, ,
1, ,-56, ,
1, ,-56, ,
1, ,-57, ,
2, ,-56, ,
-1, ,-56, ,
2, ,-57, ,
-1, ,-56, ,
1, ,-56, ,
1, ,-57, ,
1, ,-56, ,
-1, ,-57, ,
2, ,-56, ,
-1, ,-56, ,
1, ,-56, ,
1, ,-57, ,
1, ,-56, ,
-1, ,-57, ,
2, ,-56, ,
1, ,-56, ,
1, ,-56, ,
1, ,-57, ,
1, ,-56, ,
-1, ,-57, ,
2, ,-57, ,
-1, ,-57, ,
1, ,-57, ,
1, ,-57, ,
2, ,-56, ,
-1, ,-57, ,
2, ,-57, ,
-1, ,-56, ,
-1, ,-56, ,
2, ,-57, ,
1, ,-56, ,
-1, ,-57, ,
2, ,-56, ,
-1, ,-57, ,
1, ,-56, ,
1, ,-57, ,
1, ,-56, ,
-1, ,-57, ,
2, ,-56, ,
-1, ,-56, ,
1, ,-56, ,
1, ,-57, ,
1, ,-56, ,
-1, ,-57, ,
2, ,-56, ,
-1, ,-56, ,
1, ,-56, ,
1, ,-57, ,
2, ,-56, ,
-1, ,-56, ,
2, ,-56, ,
1, ,-56, ,
1, ,-56, ,
1, ,-57, ,
1, ,-56, ,
-1, ,-57, ,
2, ,-56, ,
1, ,-56, ,
1, ,-56, ,
1, ,-57, ,
1, ,-56, ,
-1, ,-57, ,
2, ,-56, ,
1, ,-56, ,
1, ,-56, ,
2, ,-57, ,
1, ,-56, ,
-1, ,-57, ,
2, ,-56, ,
1, ,-56, ,
1, ,-56, ,
1, ,-57, ,
1, ,-56, ,
-1, ,-57, ,
2, ,-57, ,
1, ,-56, ,
1, ,-56, ,
1, ,-57, ,
1, ,-56, ,
-1, ,-57, ,
2, ,-56, ,
-1, ,-56, ,
1, ,-56, ,
1, ,-57, ,
1, ,-56, ,
-1, ,-57, ,
2, ,-57, ,
1, ,-56, ,
1, ,-56, ,
1, ,-57, ,
1, ,-56, ,
-1, ,-57, ,
2, ,-56, ,
-1, ,-56, ,
1, ,-56, ,
1, ,-57, ,
1, ,-56, ,
-1, ,-57, ,
2, ,-56, ,
-1, ,-56, ,
1, ,-56, ,
1, ,-57, ,
2, ,-57, ,
-1, ,-57, ,
2, ,-57, ,
-1, ,-57, ,
1, ,-57, ,
1, ,-57, ,
1, ,-56, ,
-1, ,-57, ,
2, ,-57, ,
-1, ,-57, ,
1, ,-56, ,
1, ,-57, ,
1, ,-56, ,
-1, ,-57, ,
2, ,-56, ,
-1, ,-57, ,
1, ,-56, ,
1, ,-57, ,
1, ,-56, ,
-1, ,-57, ,
2, ,-57, ,
-1, ,-57, ,
-1, ,-57, ,
1, ,-57, ,
1, ,-57, ,
-1, ,-57, ,
2, ,-57, ,
-1, ,-57, ,
1, ,-56, ,
1, ,-57, ,
1, ,-56, ,
-1, ,-57, ,
2, ,-57, ,
-1, ,-56, ,
1, ,-56, ,
1, ,-57, ,
1, ,-56, ,
-1, ,-57, ,
1, ,-57, ,
-1, ,-57, ,
1, ,-56, ,
1, ,-57, ,
2, ,-56, ,
-1, ,-57, ,
2, ,-57, ,
1, ,-56, ,
1, ,-56, ,
1, ,-57, ,
1, ,-56, ,
-1, ,-57, ,
2, ,-57, ,
-1, ,-57, ,
1, ,-56, ,
1, ,-57, ,
1, ,-56, ,
-1, ,-57, ,
1, ,-57, ,
-1, ,-56, ,
-1, ,-56, ,
1, ,-57, ,
1, ,-56, ,
-1, ,-57, ,
2, ,-56, ,
-1, ,-57, ,
1, ,-56, ,
1, ,-57, ,
1, ,-56, ,
-1, ,-56, ,
1, ,-57, ,
1, ,-57, ,
1, ,-56, ,
1, ,-57, ,
1, ,-56, ,
-1, ,-57, ,
2, ,-56, ,
-1, ,-57, ,
1, ,-57, ,
2, ,-57, ,
1, ,-56, ,
-1, ,-57, ,
2, ,-57, ,
-1, ,-56, ,
-1, ,-56, ,
1, ,-57, ,
1, ,-56, ,
-1, ,-57, ,
2, ,-56, ,
-1, ,-57, ,
1, ,-57, ,
1, ,-57, ,
1, ,-56, ,
-1, ,-57, ,
2, ,-57, ,
-1, ,-57, ,
1, ,-57, ,
1, ,-57, ,
1, ,-56, ,
-1, ,-57, ,
2, ,-56, ,
-1, ,-56, ,
1, ,-57, ,
1, ,-57, ,
1, ,-56, ,
-1, ,-57, ,
2, ,-57, ,
-1, ,-57, ,
1, ,-56, ,
1, ,-57, ,
1, ,-56, ,
-1, ,-57, ,
2, ,-56, ,
-1, ,-57, ,
1, ,-56, ,
1, ,-57, ,
1, ,-56, ,
-1, ,-57, ,
2, ,-57, ,
-1, ,-56, ,
-1, ,-56, ,
1, ,-57, ,
1, ,-57, ,
-1, ,-57, ,
2, ,-56, ,
-1, ,-57, ,
1, ,-56, ,
1, ,-57, ,
1, ,-56, ,
-1, ,-57, ,
1, ,-57, ,
-1, ,-56, ,
1, ,-56, ,
1, ,-57, ,
1, ,-56, ,
-1, ,-57, ,
2, ,-56, ,
-1, ,-57, ,
-1, ,-57, ,
1, ,-57, ,
1, ,-56, ,
-1, ,-56, ,
1, ,-57, ,
-1, ,-56, ,
1, ,-56, ,
1, ,-57, ,
1, ,-57, ,
-1, ,-57, ,
1, ,-56, ,
-1, ,-56, ,
-1, ,-56, ,
1, ,-57, ,
1, ,-56, ,
-1, ,-57, ,
2, ,-56, ,
-1, ,-56, ,
-1, ,-56, ,
1, ,-57, ,
1, ,-56, ,
-1, ,-57, ,
1, ,-57, ,
-1, ,-56, ,
1, ,-56, ,
2, ,-57, ,
1, ,-56, ,
-1, ,-57, ,
1, ,-56, ,
-1, ,-56, ,
-1, ,-56, ,
1, ,-57, ,
1, ,-56, ,
-1, ,-57, ,
1, ,-57, ,
-1, ,-57, ,
-1, ,-57, ,
1, ,-57, ,
1, ,-56, ,
-1, ,-57, ,
1, ,-57, ,
-1, ,-56, ,
-1, ,-56, ,
1, ,-57, ,
1, ,-56, ,
-1, ,-57, ,
1, ,-56, ,
-1, ,-57, ,
-1, ,-56, ,
1, ,-57, ,
1, ,-56, ,
-1, ,-57, ,
2, ,-57, ,
1, ,-56, ,
1, ,-56, ,
1, ,-57, ,
1, ,-56, ,
-1, ,-57, ,
1, ,-56, ,
-1, ,-56, ,
1, ,-57, ,
1, ,-57, ,
1, ,-56, ,
-1, ,-57, ,
1, ,-57, ,
-1, ,-57, ,
-1, ,-56, ,
1, ,-57, ,
1, ,-56, ,
-1, ,-57, ,
1, ,-56, ,
-1, ,-56, ,
1, ,-56, ,
1, ,-57, ,
1, ,-56, ,
-1, ,-57, ,
1, ,-56, ,
-1, ,-56, ,
-1, ,-56, ,
1, ,-57, ,
1, ,-56, ,
-1, ,-57, ,
2, ,-56, ,
-1, ,-56, ,
-1, ,-57, ,
1, ,-57, ,
1, ,-56, ,
-1, ,-57, ,
2, ,-57, ,
-1, ,-56, ,
-1, ,-56, ,
1, ,-57, ,
1, ,-57, ,
-1, ,-57, ,
1, ,-56, ,
-1, ,-56, ,
1, ,-56, ,
1, ,-57, ,
1, ,-56, ,
-1, ,-57, ,
2, ,-56, ,
-1, ,-56, ,
-1, ,-56, ,
1, ,-57, ,
1, ,-56, ,
-1, ,-57, ,
1, ,-56, ,
-1, ,-57, ,
1, ,-57, ,
1, ,-57, ,
1, ,-56, ,
-1, ,-57, ,
2, ,-57, ,
-1, ,-57, ,
1, ,-56, ,
1, ,-57, ,
1, ,-56, ,
-1, ,-57, ,
1, ,-56, ,
-1, ,-57, ,
1, ,-56, ,
1, ,-57, ,
1, ,-56, ,
-1, ,-57, ,
2, ,-57, ,
-1, ,-56, ,
-1, ,-56, ,
1, ,-57, ,
1, ,-56, ,
-1, ,-57, ,
1, ,-56, ,
-1, ,-56, ,
1, ,-56, ,
1, ,-57, ,
1, ,-57, ,
-1, ,-57, ,
1, ,-57, ,
-1, ,-56, ,
1, ,-56, ,
1, ,-57, ,
1, ,-57, ,
-1, ,-57, ,
2, ,-56, ,
-1, ,-56, ,
-1, ,-57, ,
1, ,-57, ,
1, ,-56, ,
-1, ,-57, ,
1, ,-56, ,
-1, ,-56, ,
-1, ,-56, ,
1, ,-57, ,
1, ,-57, ,
-1, ,-57, ,
1, ,-56, ,
-1, ,-57, ,
-1, ,-57, ,
1, ,-53, ,
1, ,-33, ,
-1, ,-15, ,
2, ,-1, ,
-1, ,8, ,
1, ,16, ,
1, ,21, ,
1, ,25, ,
-1, ,28, ,
1, ,31, ,
-1, ,33, ,
-1, ,34, ,
1, ,35, ,
1, ,36, ,
-1, ,36, ,
2, ,36, ,
-1, ,37, ,
-1, ,36, ,
2, ,37, ,
1, ,37, ,
-1, ,37, ,
1, ,37, ,
-1, ,37, ,
-1, ,37, ,
1, ,37, ,
1, ,37, ,
-1, ,37, ,
1, ,37, ,
1, ,37, ,
-1, ,37, ,
1, ,37, ,
1, ,37, ,
-1, ,37, ,
2, ,37, ,
-1, ,37, ,
-1, ,37, ,
1, ,36, ,
1, ,37, ,
-1, ,37, ,
1, ,37, ,
1, ,37, ,
-1, ,36, ,
1, ,36, ,
1, ,36, ,
-1, ,37, ,
2, ,37, ,
-1, ,37, ,
-1, ,36, ,
1, ,37, ,
1, ,37, ,
-1, ,37, ,
1, ,37, ,
-1, ,37, ,
-1, ,36, ,
1, ,37, ,
1, ,36, ,
-1, ,36, ,
1, ,36, ,
-1, ,37, ,
-1, ,36, ,
1, ,37, ,
1, ,36, ,
-1, ,36, ,
1, ,36, ,
-1, ,37, ,
-1, ,36, ,
1, ,37, ,
1, ,36, ,
-1, ,36, ,
2, ,36, ,
1, ,37, ,
-1, ,36, ,
1, ,36, ,
1, ,36, ,
-1, ,36, ,
1, ,36, ,
1, ,37, ,
1, ,36, ,
1, ,37, ,
1, ,36, ,
-1, ,37, ,
2, ,36, ,
1, ,37, ,
1, ,36, ,
1, ,36, ,
1, ,36, ,
-1, ,36, ,
1, ,36, ,
1, ,37, ,
1, ,36, ,
1, ,37, ,
1, ,36, ,
-1, ,36, ,
2, ,36, ,
-1, ,37, ,
1, ,37, ,
1, ,36, ,
1, ,36, ,
-1, ,36, ,
1, ,37, ,
-1, ,36, ,
-1, ,36, ,
1, ,37, ,
1, ,36, ,
-1, ,36, ,
1, ,36, ,
-1, ,37, ,
-1, ,36, ,
1, ,36, ,
1, ,37, ,
-1, ,36, ,
1, ,36, ,
1, ,36, ,
-1, ,36, ,
1, ,37, ,
1, ,36, ,
-1, ,36, ,
1, ,36, ,
-1, ,37, ,
-1, ,36, ,
1, ,36, ,
1, ,36, ,
-1, ,36, ,
1, ,36, ,
-1, ,37, ,
-1, ,36, ,
1, ,37, ,
1, ,36, ,
-1, ,36, ,
1, ,36, ,
-1, ,37, ,
-1, ,36, ,
1, ,36, ,
1, ,36, ,
-1, ,36, ,
1, ,36, ,
1, ,36, ,
-1, ,36, ,
1, ,36, ,
1, ,36, ,
-1, ,37, ,
2, ,36, ,
-1, ,37, ,
-1, ,36, ,
1, ,36, ,
1, ,36, ,
-1, ,36, ,
1, ,36, ,
-1, ,36, ,
-1, ,36, ,
1, ,36, ,
-1, ,36, ,
-1, ,36, ,
2, ,36, ,
1, ,36, ,
-1, ,21, ,
1, ,2, ,
1, ,-14, ,
-1, ,-24, ,
1, ,-33, ,
-1, ,-39, ,
-1, ,-44, ,
1, ,-47, ,
1, ,-50, ,
-1, ,-52, ,
1, ,-54, ,
-1, ,-55, ,
1, ,-55, ,
1, ,-56, ,
1, ,-56, ,
-1, ,-57, ,
1, ,-57, ,
-1, ,-57, ,
-1, ,-57, ,
2, ,-58, ,
1, ,-57, ,
-1, ,-58, ,
1, ,-57, ,
-1, ,-57, ,
-1, ,-57, ,
1, ,-58, ,
1, ,-57, ,
-1, ,-57, ,
1, ,-57, ,
-1, ,-57, ,
-1, ,-57, ,
1, ,-58, ,
1, ,-57, ,
-1, ,-57, ,
1, ,-57, ,
-1, ,-57, ,
1, ,-57, ,
1, ,-57, ,
1, ,-57, ,
-1, ,-57, ,
2, ,-57, ,
-1, ,-57, ,
-1, ,-57, ,
1, ,-57, ,
1, ,-57, ,
-1, ,-57, ,
1, ,-57, ,
-1, ,-56, ,
-1, ,-57, ,
1, ,-57, ,
1, ,-56, ,
-1, ,-57, ,
1, ,-57, ,
-1, ,-57, ,
-1, ,-57, ,
1, ,-57, ,
1, ,-57, ,
-1, ,-57, ,
1, ,-57, ,
-1, ,-57, ,
-1, ,-57, ,
1, ,-57, ,
1, ,-56, ,
-1, ,-57, ,
2, ,-57, ,
-1, ,-57, ,
-1, ,-56, ,
1, ,-57, ,
1, ,-57, ,
-1, ,-57, ,
1, ,-57, ,
-1, ,-57, ,
-1, ,-57, ,
1, ,-57, ,
1, ,-56, ,
-1, ,-57, ,
1, ,-57, ,
-1, ,-57, ,
-1, ,-56, ,
1, ,-57, ,
1, ,-57, ,
-1, ,-57, ,
1, ,-57, ,
-1, ,-57, ,
-1, ,-56, ,
1, ,-57, ,
1, ,-56, ,
-1, ,-57, ,
1, ,-57, ,
-1, ,-57, ,
-1, ,-57, ,
1, ,-57, ,
1, ,-56, ,
-1, ,-57, ,
1, ,-57, ,
-1, ,-57, ,
-1, ,-57, ,
1, ,-57, ,
1, ,-56, ,
-1, ,-57, ,
2, ,-57, ,
-1, ,-57, ,
1, ,-56, ,
1, ,-57, ,
1, ,-56, ,
-1, ,-57, ,
2, ,-56, ,
-1, ,-57, ,
-1, ,-56, ,
1, ,-57, ,
1, ,-56, ,
-1, ,-57, ,
2, ,-57, ,
-1, ,-57, ,
-1, ,-56, ,
1, ,-57, ,
1, ,-56, ,
-1, ,-57, ,
1, ,-57, ,
-1, ,-57, ,
-1, ,-57, ,
1, ,-57, ,
1, ,-56, ,
-1, ,-56, ,
1, ,-57, ,
-1, ,-57, ,
-1, ,-57, ,
1, ,-57, ,
1, ,-56, ,
-1, ,-57, ,
1, ,-57, ,
-1, ,-56, ,
-1, ,-57, ,
1, ,-57, ,
1, ,-56, ,
-2, ,-57, ,
1, ,-57, ,
-1, ,-57, ,
1, ,-57, ,
1, ,-57, ,
1, ,-56, ,
-1, ,-57, ,
1, ,-57, ,
-1, ,-56, ,
-1, ,-56, ,
1, ,-57, ,
1, ,-56, ,
-1, ,-57, ,
1, ,-57, ,
-1, ,-57, ,
-1, ,-56, ,
1, ,-57, ,
1, ,-56, ,
-1, ,-57, ,
1, ,-56, ,
-1, ,-56, ,
-1, ,-57, ,
1, ,-58, ,
1, ,-56, ,
-1, ,-56, ,
1, ,-57, ,
-1, ,-56, ,
-1, ,-56, ,
1, ,-57, ,
1, ,-56, ,
-1, ,-57, ,
1, ,-57, ,
-1, ,-57, ,
-1, ,-57, ,
1, ,-57, ,
1, ,-56, ,
-1, ,-57, ,
1, ,-57, ,
-1, ,-56, ,
-1, ,-56, ,
1, ,-57, ,
1, ,-56, ,
-1, ,-57, ,
1, ,-56, ,
-1, ,-57, ,
-1, ,-56, ,
1, ,-57, ,
1, ,-56, ,
-1, ,-56, ,
1, ,-57, ,
-1, ,-56, ,
-1, ,-56, ,
1, ,-57, ,
1, ,-56, ,
-1, ,-57, ,
1, ,-56, ,
-1, ,-57, ,
-1, ,-56, ,
1, ,-57, ,
1, ,-56, ,
-1, ,-57, ,
1, ,-57, ,
-1, ,-56, ,
-1, ,-56, ,
1, ,-57, ,
1, ,-56, ,
-1, ,-57, ,
1, ,-57, ,
-1, ,-57, ,
-1, ,-57, ,
1, ,-57, ,
1, ,-56, ,
-1, ,-57, ,
1, ,-57, ,
-1, ,-56, ,
1, ,-56, ,
1, ,-57, ,
1, ,-56, ,
-1, ,-57, ,
1, ,-56, ,
-1, ,-57, ,
1, ,-57, ,
1, ,-57, ,
1, ,-56, ,
-1, ,-57, ,
2, ,-57, ,
-1, ,-57, ,
-1, ,-56, ,
1, ,-57, ,
1, ,-56, ,
-1, ,-57, ,
2, ,-56, ,
-1, ,-56, ,
1, ,-56, ,
1, ,-57, ,
1, ,-56, ,
-1, ,-57, ,
1, ,-57, ,
-1, ,-56, ,
-1, ,-56, ,
1, ,-57, ,
1, ,-56, ,
-1, ,-57, ,
1, ,-57, ,
-1, ,-57, ,
-1, ,-56, ,
1, ,-57, ,
1, ,-56, ,
-1, ,-57, ,
1, ,-57, ,
-1, ,-56, ,
-1, ,-56, ,
1, ,-57, ,
1, ,-56, ,
-1, ,-56, ,
1, ,-56, ,
-1, ,-56, ,
1, ,-57, ,
1, ,-57, ,
1, ,-56, ,
-1, ,-57, ,
1, ,-57, ,
-1, ,-56, ,
-1, ,-56, ,
1, ,-57, ,
1, ,-56, ,
-1, ,-57, ,
1, ,-56, ,
-1, ,-57, ,
-1, ,-56, ,
1, ,-57, ,
1, ,-56, ,
-1, ,-57, ,
1, ,-57, ,
-1, ,-56, ,
-1, ,-56, ,
1, ,-57, ,
1, ,-56, ,
-1, ,-57, ,
1, ,-56, ,
-1, ,-56, ,
-1, ,-56, ,
1, ,-57, ,
1, ,-56, ,
-1, ,-57, ,
1, ,-57, ,
-1, ,-56, ,
-1, ,-56, ,
1, ,-57, ,
1, ,-56, ,
-1, ,-57, ,
1, ,-56, ,
-1, ,-56, ,
-1, ,-57, ,
1, ,-57, ,
1, ,-56, ,
-1, ,-57, ,
1, ,-56, ,
-1, ,-56, ,
-1, ,-56, ,
1, ,-57, ,
1, ,-56, ,
-1, ,-57, ,
1, ,-56, ,
-1, ,-56, ,
-1, ,-56, ,
1, ,-57, ,
1, ,-56, ,
-1, ,-56, ,
2, ,-56, ,
-1, ,-56, ,
-1, ,-56, ,
1, ,-57, ,
1, ,-56, ,
-1, ,-57, ,
1, ,-57, ,
-1, ,-57, ,
-1, ,-57, ,
1, ,-57, ,
1, ,-56, ,
-1, ,-56, ,
1, ,-57, ,
-1, ,-56, ,
-1, ,-56, ,
1, ,-57, ,
1, ,-56, ,
-1, ,-56, ,
1, ,-56, ,
-1, ,-56, ,
-1, ,-56, ,
1, ,-57, ,
1, ,-56, ,
-1, ,-57, ,
1, ,-57, ,
-1, ,-56, ,
-1, ,-56, ,
1, ,-57, ,
1, ,-56, ,
-1, ,-56, ,
1, ,-57, ,
-1, ,-57, ,
-1, ,-57, ,
1, ,-57, ,
1, ,-56, ,
-1, ,-57, ,
1, ,-57, ,
-1, ,-56, ,
-1, ,-56, ,
1, ,-57, ,
1, ,-57, ,
-1, ,-57, ,
1, ,-56, ,
-1, ,-56, ,
-1, ,-56, ,
1, ,-57, ,
1, ,-56, ,
-1, ,-57, ,
1, ,-57, ,
-1, ,-56, ,
1, ,-56, ,
1, ,-57, ,
1, ,-56, ,
-1, ,-57, ,
1, ,-56, ,
-1, ,-57, ,
-1, ,-56, ,
1, ,-57, ,
1, ,-56, ,
-1, ,-57, ,
1, ,-56, ,
-1, ,-57, ,
-1, ,-56, ,
1, ,-57, ,
1, ,-56, ,
-1, ,-56, ,
1, ,-56, ,
-1, ,-57, ,
-1, ,-57, ,
1, ,-57, ,
1, ,-56, ,
-1, ,-57, ,
1, ,-56, ,
-1, ,-56, ,
-1, ,-56, ,
1, ,-57, ,
1, ,-56, ,
-1, ,-57, ,
1, ,-56, ,
-1, ,-57, ,
-1, ,-56, ,
1, ,-57, ,
1, ,-56, ,
-1, ,-57, ,
1, ,-56, ,
-1, ,-57, ,
-1, ,-56, ,
1, ,-57, ,
1, ,-56, ,
-1, ,-57, ,
1, ,-56, ,
-1, ,-57, ,
-1, ,-56, ,
1, ,-57, ,
1, ,-56, ,
-1, ,-57, ,
1, ,-56, ,
-1, ,-56, ,
1, ,-56, ,
1, ,-57, ,
1, ,-57, ,
-1, ,-56, ,
1, ,-56, ,
-1, ,-57, ,
-1, ,-56, ,
1, ,-57, ,
1, ,-56, ,
-1, ,-57, ,
1, ,-57, ,
-1, ,-57, ,
-1, ,-56, ,
1, ,-57, ,
1, ,-57, ,
-1, ,-57, ,
1, ,-57, ,
-1, ,-56, ,
-1, ,-56, ,
1, ,-57, ,
1, ,-56, ,
-1, ,-57, ,
1, ,-57, ,
-1, ,-56, ,
-1, ,-56, ,
1, ,-57, ,
1, ,-56, ,
-1, ,-56, ,
1, ,-56, ,
-1, ,-57, ,
1, ,-56, ,
1, ,-57, ,
1, ,-56, ,
-1, ,-57, ,
1, ,-57, ,
-1, ,-56, ,
-1, ,-57, ,
1, ,-57, ,
1, ,-57, ,
-1, ,-57, ,
2, ,-56, ,
-1, ,-57, ,
-1, ,-56, ,
1, ,-57, ,
1, ,-56, ,
-1, ,-57, ,
1, ,-56, ,
-1, ,-56, ,
-1, ,-56, ,
1, ,-57, ,
1, ,-57, ,
-1, ,-57, ,
1, ,-56, ,
-1, ,-57, ,
-1, ,-56, ,
1, ,-57, ,
1, ,-57, ,
-1, ,-57, ,
1, ,-57, ,
-1, ,-57, ,
-1, ,-57, ,
1, ,-57, ,
1, ,-56, ,
-1, ,-57, ,
1, ,-56, ,
-1, ,-57, ,
-1, ,-56, ,
1, ,-57, ,
1, ,-56, ,
-1, ,-57, ,
1, ,-57, ,
-1, ,-57, ,
-1, ,-56, ,
1, ,-57, ,
1, ,-56, ,
-1, ,-57, ,
1, ,-56, ,
-1, ,-57, ,
-1, ,-56, ,
1, ,-57, ,
1, ,-56, ,
-1, ,-56, ,
1, ,-57, ,
-1, ,-56, ,
-1, ,-57, ,
1, ,-57, ,
1, ,-56, ,
-1, ,-57, ,
1, ,-56, ,
-1, ,-57, ,
-1, ,-56, ,
1, ,-57, ,
1, ,-56, ,
-1, ,-57, ,
1, ,-56, ,
-1, ,-57, ,
-1, ,-57, ,
1, ,-57, ,
1, ,-57, ,
-1, ,-57, ,
1, ,-57, ,
-1, ,-56, ,
-1, ,-57, ,
1, ,-57, ,
1, ,-56, ,
-1, ,-57, ,
1, ,-57, ,
-1, ,-56, ,
-1, ,-56, ,
1, ,-57, ,
1, ,-57, ,
-1, ,-57, ,
1, ,-57, ,
-1, ,-57, ,
-1, ,-56, ,
1, ,-57, ,
1, ,-56, ,
-1, ,-57, ,
1, ,-57, ,
-1, ,-57, ,
-1, ,-56, ,
1, ,-57, ,
1, ,-56, ,
-1, ,-57, ,
1, ,-57, ,
-1, ,-57, ,
-1, ,-57, ,
1, ,-57, ,
1, ,-56, ,
-1, ,-57, ,
1, ,-57, ,
-1, ,-57, ,
-1, ,-56, ,
1, ,-57, ,
1, ,-56, ,
-1, ,-57, ,
1, ,-57, ,
-1, ,-57, ,
-1, ,-56, ,
1, ,-57, ,
1, ,-56, ,
-1, ,-57, ,
1, ,-56, ,
-1, ,-57, ,
-1, ,-56, ,
1, ,-57, ,
1, ,-57, ,
-1, ,-57, ,
1, ,-57, ,
-1, ,-57, ,
-1, ,-56, ,
1, ,-57, ,
1, ,-57, ,
-1, ,-57, ,
1, ,-57, ,
-1, ,-57, ,
-1, ,-56, ,
1, ,-57, ,
1, ,-56, ,
-1, ,-57, ,
2, ,-57, ,
-1, ,-57, ,
-1, ,-57, ,
1, ,-57, ,
1, ,-56, ,
-1, ,-57, ,
1, ,-57, ,
-1, ,-57, ,
-1, ,-56, ,
1, ,-57, ,
1, ,-57, ,
-1, ,-56, ,
1, ,-57, ,
-1, ,-57, ,
-1, ,-57, ,
1, ,-57, ,
1, ,-56, ,
-1, ,-57, ,
1, ,-57, ,
-1, ,-57, ,
-1, ,-56, ,
1, ,-57, ,
1, ,-56, ,
-1, ,-56, ,
1, ,-56, ,
-1, ,-56, ,
-1, ,-56, ,
1, ,-57, ,
1, ,-56, ,
-1, ,-57, ,
1, ,-56, ,
-1, ,-57, ,
-1, ,-56, ,
1, ,-57, ,
1, ,-57, ,
-1, ,-57, ,
1, ,-57, ,
-1, ,-57, ,
-1, ,-56, ,
1, ,-57, ,
1, ,-56, ,
-1, ,-57, ,
2, ,-57, ,
-1, ,-56, ,
-1, ,-56, ,
1, ,-57, ,
1, ,-57, ,
-1, ,-57, ,
2, ,-57, ,
-1, ,-57, ,
-1, ,-56, ,
1, ,-57, ,
1, ,-56, ,
-1, ,-56, ,
1, ,-56, ,
-1, ,-57, ,
-1, ,-56, ,
1, ,-57, ,
1, ,-56, ,
-1, ,-57, ,
1, ,-57, ,
-1, ,-57, ,
-1, ,-57, ,
1, ,-57, ,
1, ,-55, ,
-1, ,-38, ,
2, ,-19, ,
-1, ,-4, ,
1, ,6, ,
1, ,14, ,
1, ,20, ,
-1, ,24, ,
2, ,27, ,
-1, ,31, ,
-1, ,32, ,
1, ,34, ,
1, ,35, ,
-1, ,35, ,
1, ,36, ,
-1, ,36, ,
-1, ,36, ,
1, ,37, ,
1, ,37, ,
-1, ,37, ,
1, ,37, ,
-1, ,37, ,
-1, ,37, ,
1, ,37, ,
1, ,37, ,
-1, ,37, ,
1, ,37, ,
-1, ,37, ,
-1, ,37, ,
1, ,37, ,
1, ,37, ,
-1, ,37, ,
1, ,37, ,
-1, ,37, ,
-1, ,37, ,
1, ,37, ,
1, ,37, ,
-1, ,37, ,
1, ,37, ,
-1, ,37, ,
-1, ,36, ,
1, ,37, ,
1, ,36, ,
-1, ,37, ,
1, ,37, ,
-1, ,37, ,
-1, ,36, ,
1, ,37, ,
1, ,37, ,
-1, ,36, ,
1, ,36, ,
1, ,37, ,
-1, ,36, ,
1, ,37, ,
1, ,37, ,
-1, ,36, ,
1, ,36, ,
-1, ,37, ,
-1, ,37, ,
1, ,37, ,
1, ,37, ,
-1, ,36, ,
1, ,36, ,
-1, ,37, ,
-1, ,36, ,
1, ,37, ,
1, ,36, ,
-1, ,36, ,
1, ,37, ,
-1, ,37, ,
-1, ,36, ,
1, ,37, ,
1, ,36, ,
-1, ,36, ,
1, ,36, ,
-1, ,37, ,
-1, ,36, ,
1, ,37, ,
1, ,36, ,
-1, ,37, ,
1, ,36, ,
-1, ,37, ,
-1, ,36, ,
1, ,36, ,
1, ,36, ,
-1, ,36, ,
1, ,36, ,
-1, ,36, ,
-1, ,36, ,
1, ,37, ,
1, ,37, ,
-1, ,36, ,
1, ,37, ,
-1, ,37, ,
-1, ,36, ,
1, ,36, ,
1, ,36, ,
-1, ,36, ,
1, ,36, ,
-1, ,37, ,
-1, ,36, ,
1, ,37, ,
1, ,36, ,
-1, ,37, ,
1, ,37, ,
-1, ,36, ,
-1, ,36, ,
1, ,36, ,
-1, ,36, ,
-1, ,36, ,
1, ,36, ,
-1, ,36, ,
-1, ,36, ,
1, ,36, ,
1, ,36, ,
-1, ,36, ,
1, ,36, ,
-1, ,37, ,
-1, ,36, ,
1, ,36, ,
1, ,36, ,
-1, ,36, ,
1, ,36, ,
-1, ,36, ,
-1, ,36, ,
1, ,37, ,
1, ,36, ,
-1, ,36, ,
2, ,36, ,
-1, ,37, ,
-1, ,36, ,
1, ,36, ,
1, ,36, ,
-1, ,36, ,
1, ,36, ,
-1, ,37, ,
-1, ,36, ,
1, ,37, ,
1, ,36, ,
-1, ,37, ,
2, ,36, ,
-1, ,37, ,
-1, ,36, ,
1, ,36, ,
1, ,36, ,
-1, ,36, ,
1, ,36, ,
1, ,37, ,
-1, ,36, ,
1, ,36, ,
1, ,36, ,
-1, ,36, ,
1, ,36, ,
-1, ,37, ,
-1, ,36, ,
1, ,25, ,
1, ,5, ,
-1, ,-11, ,
1, ,-22, ,
-1, ,-32, ,
-1, ,-38, ,
1, ,-43, ,
-1, ,-46, ,
-1, ,-50, ,
1, ,-52, ,
-1, ,-54, ,
-1, ,-54, ,
1, ,-56, ,
1, ,-55, ,
-1, ,-56, ,
1, ,-57, ,
-1, ,-57, ,
-1, ,-57, ,
1, ,-57, ,
1, ,-57, ,
-1, ,-57, ,
1, ,-57, ,
-1, ,-57, ,
-1, ,-57, ,
1, ,-58, ,
1, ,-57, ,
-1, ,-58, ,
1, ,-57, ,
-1, ,-57, ,
-1, ,-57, ,
1, ,-58, ,
1, ,-57, ,
-1, ,-57, ,
1, ,-57, ,
-1, ,-57, ,
-1, ,-57, ,
1, ,-57, ,
1, ,-57, ,
-1, ,-57, ,
2, ,-57, ,
-1, ,-57, ,
-1, ,-57, ,
1, ,-57, ,
1, ,-57, ,
-1, ,-57, ,
2, ,-57, ,
-1, ,-57, ,
-1, ,-56, ,
1, ,-57, ,
1, ,-56, ,
-1, ,-57, ,
1, ,-57, ,
-1, ,-57, ,
-1, ,-57, ,
1, ,-57, ,
1, ,-57, ,
-1, ,-57, ,
1, ,-57, ,
-1, ,-57, ,
-1, ,-57, ,
1, ,-57, ,
1, ,-56, ,
-1, ,-57, ,
1, ,-57, ,
-1, ,-57, ,
-1, ,-56, ,
1, ,-57, ,
1, ,-56, ,
-1, ,-57, ,
1, ,-57, ,
-1, ,-57, ,
1, ,-57, ,
1, ,-57, ,
1, ,-56, ,
-1, ,-57, ,
1, ,-57, ,
-1, ,-57, ,
-1, ,-56, ,
1, ,-57, ,
1, ,-56, ,
-1, ,-57, ,
1, ,-57, ,
-1, ,-57, ,
-1, ,-57, ,
1, ,-57, ,
1, ,-56, ,
-1, ,-57, ,
1, ,-57, ,
-1, ,-57, ,
-1, ,-57, ,
1, ,-57, ,
1, ,-57, ,
-1, ,-57, ,
1, ,-57, ,
-1, ,-57, ,
-1, ,-57, ,
1, ,-57, ,
1, ,-56, ,
-1, ,-57, ,
1, ,-57, ,
-1, ,-57, ,
1, ,-56, ,
1, ,-57, ,
-1, ,-56, ,
-1, ,-57, ,
1, ,-57, ,
-1, ,-57, ,
-1, ,-57, ,
1, ,-57, ,
1, ,-56, ,
-1, ,-57, ,
1, ,-57, ,
-1, ,-57, ,
-1, ,-57, ,
1, ,-57, ,
1, ,-57, ,
-1, ,-57, ,
2, ,-57, ,
-1, ,-57, ,
-1, ,-56, ,
1, ,-57, ,
1, ,-56, ,
-1, ,-57, ,
2, ,-57, ,
-1, ,-57, ,
-1, ,-56, ,
1, ,-57, ,
1, ,-57, ,
-1, ,-57, ,
1, ,-57, ,
-1, ,-57, ,
-1, ,-57, ,
1, ,-57, ,
1, ,-56, ,
-1, ,-57, ,
1, ,-57, ,
-1, ,-57, ,
-1, ,-56, ,
1, ,-57, ,
1, ,-56, ,
-1, ,-56, ,
1, ,-57, ,
-1, ,-57, ,
-1, ,-57, ,
1, ,-57, ,
1, ,-56, ,
-1, ,-57, ,
1, ,-57, ,
-1, ,-57, ,
-1, ,-56, ,
1, ,-57, ,
1, ,-56, ,
-1, ,-57, ,
1, ,-57, ,
-1, ,-57, ,
-1, ,-57, ,
1, ,-57, ,
1, ,-56, ,
-1, ,-56, ,
1, ,-57, ,
-1, ,-56, ,
-1, ,-56, ,
1, ,-57, ,
1, ,-57, ,
-1, ,-57, ,
1, ,-57, ,
-2, ,-56, ,
-1, ,-57, ,
1, ,-57, ,
1, ,-56, ,
-1, ,-57, ,
1, ,-57, ,
-1, ,-57, ,
-1, ,-56, ,
1, ,-57, ,
1, ,-56, ,
-1, ,-56, ,
1, ,-57, ,
-1, ,-57, ,
-1, ,-56, ,
1, ,-57, ,
1, ,-56, ,
-1, ,-57, ,
1, ,-57, ,
-1, ,-57, ,
-1, ,-57, ,
1, ,-57, ,
1, ,-56, ,
-1, ,-57, ,
1, ,-56, ,
-1, ,-56, ,
-1, ,-56, ,
1, ,-57, ,
1, ,-56, ,
-1, ,-57, ,
1, ,-57, ,
-1, ,-57, ,
-1, ,-56, ,
1, ,-57, ,
1, ,-57, ,
-1, ,-57, ,
1, ,-56, ,
-1, ,-57, ,
-1, ,-56, ,
1, ,-57, ,
1, ,-56, ,
-1, ,-57, ,
1, ,-57, ,
-1, ,-57, ,
-1, ,-56, ,
1, ,-57, ,
1, ,-57, ,
-1, ,-56, ,
1, ,-56, ,
-1, ,-57, ,
-1, ,-57, ,
1, ,-57, ,
1, ,-56, ,
-1, ,-57, ,
1, ,-57, ,
-1, ,-56, ,
-1, ,-56, ,
1, ,-57, ,
1, ,-57, ,
-1, ,-57, ,
1, ,-56, ,
-1, ,-57, ,
-1, ,-57, ,
1, ,-57, ,
1, ,-56, ,
-1, ,-57, ,
1, ,-57, ,
-1, ,-57, ,
-1, ,-56, ,
1, ,-57, ,
1, ,-56, ,
-1, ,-57, ,
1, ,-56, ,
-1, ,-57, ,
-1, ,-57, ,
1, ,-57, ,
1, ,-56, ,
-1, ,-57, ,
1, ,-57, ,
-1, ,-56, ,
1, ,-56, ,
1, ,-57, ,
1, ,-56, ,
-1, ,-57, ,
1, ,-57, ,
-1, ,-56, ,
-1, ,-56, ,
1, ,-57, ,
1, ,-56, ,
-1, ,-57, ,
2, ,-57, ,
-1, ,-56, ,
-1, ,-57, ,
1, ,-57, ,
1, ,-57, ,
-1, ,-57, ,
1, ,-57, ,
-1, ,-57, ,
-1, ,-56, ,
1, ,-57, ,
1, ,-56, ,
-2, ,-57, ,
1, ,-57, ,
-1, ,-56, ,
-1, ,-56, ,
1, ,-57, ,
1, ,-56, ,
-1, ,-57, ,
2, ,-57, ,
-1, ,-57, ,
-1, ,-57, ,
1, ,-57, ,
1, ,-56, ,
-1, ,-57, ,
1, ,-57, ,
-1, ,-56, ,
-1, ,-57, ,
1, ,-57, ,
1, ,-56, ,
-1, ,-57, ,
1, ,-56, ,
-1, ,-57, ,
-1, ,-56, ,
1, ,-57, ,
1, ,-56, ,
-1, ,-57, ,
1, ,-57, ,
-1, ,-57, ,
-1, ,-56, ,
1, ,-57, ,
1, ,-56, ,
-1, ,-57, ,
1, ,-57, ,
-1, ,-57, ,
-1, ,-57, ,
1, ,-57, ,
1, ,-56, ,
-1, ,-57, ,
1, ,-57, ,
-1, ,-57, ,
-1, ,-56, ,
1, ,-57, ,
1, ,-57, ,
-1, ,-57, ,
1, ,-57, ,
-1, ,-57, ,
-1, ,-56, ,
1, ,-57, ,
1, ,-56, ,
-1, ,-57, ,
1, ,-57, ,
-1, ,-56, ,
-1, ,-56, ,
1, ,-57, ,
1, ,-57, ,
-1, ,-57, ,
1, ,-57, ,
-1, ,-57, ,
-1, ,-56, ,
1, ,-57, ,
1, ,-56, ,
-1, ,-57, ,
1, ,-57, ,
-1, ,-56, ,
-1, ,-56, ,
1, ,-57, ,
1, ,-57, ,
-1, ,-57, ,
1, ,-56, ,
-1, ,-57, ,
-1, ,-57, ,
1, ,-57, ,
1, ,-56, ,
-1, ,-57, ,
1, ,-57, ,
-1, ,-57, ,
-1, ,-56, ,
1, ,-57, ,
1, ,-57, ,
-1, ,-57, ,
1, ,-57, ,
-1, ,-57, ,
-1, ,-56, ,
1, ,-57, ,
1, ,-56, ,
-1, ,-57, ,
1, ,-57, ,
-1, ,-57, ,
-1, ,-56, ,
1, ,-57, ,
1, ,-56, ,
-1, ,-57, ,
1, ,-56, ,
-1, ,-57, ,
-1, ,-56, ,
1, ,-57, ,
1, ,-56, ,
-1, ,-57, ,
1, ,-57, ,
-1, ,-57, ,
-1, ,-57, ,
1, ,-57, ,
1, ,-57, ,
-1, ,-57, ,
1, ,-56, ,
-1, ,-57, ,
1, ,-56, ,
1, ,-57, ,
1, ,-56, ,
-1, ,-57, ,
1, ,-57, ,
-1, ,-56, ,
-1, ,-57, ,
1, ,-57, ,
1, ,-56, ,
-1, ,-57, ,
1, ,-57, ,
-1, ,-57, ,
-1, ,-56, ,
1, ,-57, ,
1, ,-57, ,
-1, ,-57, ,
1, ,-57, ,
-1, ,-57, ,
1, ,-57, ,
1, ,-57, ,
1, ,-57, ,
-1, ,-57, ,
1, ,-57, ,
-1, ,-57, ,
-1, ,-57, ,
1, ,-57, ,
1, ,-56, ,
-1, ,-57, ,
1, ,-57, ,
-1, ,-56, ,
1, ,-56, ,
1, ,-57, ,
1, ,-56, ,
-1, ,-57, ,
1, ,-57, ,
-1, ,-57, ,
-1, ,-57, ,
1, ,-57, ,
1, ,-57, ,
-1, ,-57, ,
1, ,-57, ,
-1, ,-56, ,
-1, ,-56, ,
1, ,-57, ,
1, ,-56, ,
-1, ,-57, ,
1, ,-56, ,
-1, ,-57, ,
-1, ,-56, ,
1, ,-57, ,
1, ,-57, ,
-1, ,-57, ,
2, ,-57, ,
-1, ,-56, ,
-1, ,-57, ,
1, ,-57, ,
1, ,-57, ,
-1, ,-57, ,
1, ,-57, ,
-1, ,-57, ,
-1, ,-56, ,
1, ,-57, ,
1, ,-56, ,
-1, ,-56, ,
1, ,-57, ,
-1, ,-57, ,
-1, ,-56, ,
1, ,-57, ,
1, ,-56, ,
-1, ,-57, ,
1, ,-57, ,
-1, ,-57, ,
-1, ,-57, ,
1, ,-57, ,
1, ,-56, ,
-1, ,-57, ,
1, ,-57, ,
-1, ,-57, ,
-1, ,-56, ,
1, ,-57, ,
1, ,-56, ,
-1, ,-57, ,
1, ,-57, ,
-1, ,-56, ,
-1, ,-57, ,
1, ,-57, ,
1, ,-56, ,
-1, ,-57, ,
1, ,-57, ,
-1, ,-57, ,
-1, ,-57, ,
1, ,-57, ,
1, ,-56, ,
-1, ,-57, ,
1, ,-57, ,
-1, ,-56, ,
-1, ,-57, ,
1, ,-57, ,
1, ,-56, ,
-1, ,-56, ,
1, ,-57, ,
-1, ,-56, ,
-1, ,-56, ,
1, ,-57, ,
1, ,-56, ,
-1, ,-57, ,
1, ,-57, ,
-1, ,-57, ,
-1, ,-57, ,
1, ,-57, ,
1, ,-56, ,
-1, ,-57, ,
1, ,-57, ,
-1, ,-56, ,
-1, ,-56, ,
1, ,-57, ,
1, ,-56, ,
-1, ,-56, ,
1, ,-56, ,
-1, ,-57, ,
-1, ,-57, ,
1, ,-57, ,
1, ,-56, ,
-1, ,-57, ,
1, ,-57, ,
-1, ,-57, ,
-1, ,-57, ,
1, ,-57, ,
1, ,-56, ,
-1, ,-57, ,
1, ,-56, ,
-1, ,-56, ,
-1, ,-57, ,
1, ,-57, ,
1, ,-56, ,
-1, ,-57, ,
1, ,-57, ,
-1, ,-57, ,
-1, ,-56, ,
1, ,-57, ,
1, ,-56, ,
-1, ,-57, ,
1, ,-56, ,
-1, ,-56, ,
-1, ,-56, ,
1, ,-57, ,
1, ,-56, ,
-1, ,-57, ,
2, ,-57, ,
1, ,-57, ,
-1, ,-56, ,
1, ,-57, ,
1, ,-56, ,
-1, ,-57, ,
1, ,-57, ,
-1, ,-56, ,
1, ,-56, ,
1, ,-57, ,
1, ,-56, ,
-1, ,-57, ,
1, ,-56, ,
-1, ,-57, ,
-1, ,-56, ,
1, ,-57, ,
1, ,-57, ,
-1, ,-57, ,
2, ,-57, ,
-1, ,-57, ,
-1, ,-57, ,
1, ,-57, ,
1, ,-57, ,
-1, ,-57, ,
1, ,-57, ,
-1, ,-56, ,
-1, ,-56, ,
1, ,-57, ,
1, ,-56, ,
-1, ,-57, ,
1, ,-56, ,
-1, ,-56, ,
-1, ,-56, ,
1, ,-57, ,
1, ,-56, ,
-1, ,-57, ,
1, ,-57, ,
-1, ,-56, ,
1, ,-56, ,
1, ,-57, ,
1, ,-56, ,
-1, ,-57, ,
1, ,-56, ,
-1, ,-57, ,
-1, ,-56, ,
1, ,-57, ,
1, ,-56, ,
-1, ,-57, ,
1, ,-56, ,
-1, ,-56, ,
-1, ,-56, ,
1, ,-57, ,
1, ,-56, ,
-1, ,-57, ,
1, ,-56, ,
-1, ,-57, ,
-1, ,-56, ,
1, ,-57, ,
1, ,-56, ,
-2, ,-57, ,
1, ,-57, ,
-1, ,-56, ,
-1, ,-56, ,
1, ,-57, ,
1, ,-56, ,
-1, ,-57, ,
1, ,-56, ,
-1, ,-57, ,
-1, ,-56, ,
1, ,-57, ,
1, ,-56, ,
-1, ,-57, ,
1, ,-57, ,
-1, ,-57, ,
-1, ,-56, ,
1, ,-57, ,
1, ,-56, ,
-1, ,-57, ,
2, ,-56, ,
-1, ,-56, ,
-1, ,-56, ,
1, ,-57, ,
1, ,-56, ,
-1, ,-56, ,
1, ,-57, ,
-1, ,-56, ,
-1, ,-56, ,
1, ,-57, ,
1, ,-56, ,
-1, ,-57, ,
1, ,-57, ,
-1, ,-56, ,
-1, ,-56, ,
1, ,-57, ,
1, ,-56, ,
-1, ,-57, ,
1, ,-56, ,
-1, ,-56, ,
-1, ,-56, ,
1, ,-57, ,
1, ,-56, ,
-1, ,-56, ,
1, ,-56, ,
-1, ,-57, ,
-1, ,-57, ,
1, ,-57, ,
1, ,-56, ,
-1, ,-56, ,
1, ,-42, ,
-1, ,-23, ,
1, ,-7, ,
1, ,4, ,
1, ,13, ,
-1, ,19, ,
1, ,23, ,
-1, ,27, ,
-1, ,30, ,
1, ,32, ,
1, ,33, ,
-1, ,34, ,
2, ,35, ,
-1, ,36, ,
-1, ,36, ,
1, ,37, ,
1, ,36, ,
-1, ,37, ,
1, ,37, ,
-1, ,37, ,
-1, ,37, ,
1, ,37, ,
1, ,37, ,
-1, ,37, ,
1, ,37, ,
-1, ,37, ,
-1, ,37, ,
1, ,37, ,
1, ,37, ,
-1, ,37, ,
1, ,37, ,
-1, ,37, ,
-1, ,37, ,
1, ,37, ,
1, ,37, ,
-1, ,37, ,
1, ,37, ,
-1, ,37, ,
-1, ,37, ,
1, ,37, ,
1, ,36, ,
-1, ,37, ,
1, ,37, ,
-1, ,37, ,
-1, ,36, ,
1, ,36, ,
1, ,36, ,
-1, ,37, ,
1, ,36, ,
-1, ,37, ,
-1, ,37, ,
1, ,37, ,
1, ,36, ,
-1, ,36, ,
1, ,36, ,
-1, ,37, ,
-1, ,36, ,
1, ,36, ,
1, ,37, ,
-1, ,37, ,
1, ,37, ,
-1, ,37, ,
-1, ,36, ,
1, ,37, ,
1, ,37, ,
-1, ,37, ,
1, ,36, ,
-1, ,37, ,
-1, ,36, ,
1, ,37, ,
1, ,37, ,
-1, ,37, ,
1, ,37, ,
-1, ,37, ,
-1, ,37, ,
1, ,36, ,
1, ,36, ,
-1, ,36, ,
1, ,36, ,
-1, ,37, ,
-1, ,36, ,
1, ,36, ,
1, ,36, ,
-1, ,36, ,
1, ,37, ,
-1, ,37, ,
-1, ,36, ,
1, ,37, ,
1, ,36, ,
-1, ,36, ,
1, ,36, ,
-1, ,37, ,
-1, ,37, ,
1, ,36, ,
1, ,37, ,
-1, ,36, ,
1, ,37, ,
-1, ,36, ,
-1, ,36, ,
1, ,36, ,
1, ,36, ,
-1, ,36, ,
1, ,36, ,
-1, ,37, ,
-1, ,36, ,
1, ,36, ,
1, ,36, ,
-1, ,36, ,
1, ,36, ,
-1, ,36, ,
-1, ,36, ,
1, ,37, ,
1, ,36, ,
-1, ,36, ,
1, ,36, ,
-1, ,37, ,
-1, ,36, ,
1, ,36, ,
1, ,37, ,
-1, ,36, ,
1, ,36, ,
-1, ,37, ,
-1, ,36, ,
1, ,36, ,
1, ,36, ,
-1, ,36, ,
1, ,36, ,
-1, ,37, ,
-1, ,36, ,
1, ,37, ,
1, ,36, ,
-1, ,36, ,
1, ,36, ,
46, ,36, ,
74, ,36, ,
48, ,36, ,
29, ,36, ,
18, ,36, ,
13, ,36, ,
8, ,36, ,
6, ,36, ,
6, ,36, ,
3, ,36, ,
2, ,37, ,
5, ,36, ,
2, ,36, ,
2, ,36, ,
3, ,36, ,
3, ,36, ,
2, ,36, ,
3, ,36, ,
2, ,36, ,
2, ,36, ,
3, ,36, ,
3, ,30, ,
1, ,11, ,
3, ,-6, ,
2, ,-20, ,
2, ,-28, ,
3, ,-37, ,
2, ,-42, ,
1, ,-46, ,
3, ,-50, ,
2, ,-52, ,
2, ,-53, ,
2, ,-54, ,
3, ,-55, ,
1, ,-56, ,
3, ,-56, ,
2, ,-56, ,
2, ,-56, ,
3, ,-57, ,
3, ,-57, ,
2, ,-58, ,
3, ,-57, ,
2, ,-57, ,
2, ,-57, ,
3, ,-58, ,
3, ,-56, ,
2, ,-58, ,
3, ,-57, ,
2, ,-57, ,
2, ,-57, ,
3, ,-58, ,
2, ,-57, ,
1, ,-57, ,
3, ,-57, ,
2, ,-57, ,
2, ,-57, ,
2, ,-58, ,
2, ,-57, ,
1, ,-57, ,
3, ,-57, ,
2, ,-57, ,
2, ,-57, ,
2, ,-57, ,
2, ,-57, ,
1, ,-57, ,
3, ,-57, ,
2, ,-57, ,
2, ,-57, ,
3, ,-58, ,
2, ,-56, ,
1, ,-57, ,
3, ,-57, ,
2, ,-57, ,
2, ,-56, ,
2, ,-57, ,
2, ,-56, ,
1, ,-57, ,
3, ,-56, ,
2, ,-57, ,
2, ,-56, ,
2, ,-57, ,
2, ,-56, ,
2, ,-57, ,
3, ,-57, ,
1, ,-57, ,
2, ,-57, ,
3, ,-57, ,
2, ,-57, ,
1, ,-57, ,
3, ,-57, ,
2, ,-57, ,
2, ,-57, ,
2, ,-57, ,
2, ,-56, ,
1, ,-57, ,
3, ,-57, ,
1, ,-56, ,
2, ,-56, ,
2, ,-57, ,
2, ,-56, ,
1, ,-57, ,
3, ,-57, ,
2, ,-56, ,
2, ,-56, ,
2, ,-57, ,
2, ,-56, ,
1, ,-57, ,
3, ,-57, ,
2, ,-56, ,
2, ,-56, ,
3, ,-57, ,
2, ,-56, ,
1, ,-57, ,
3, ,-56, ,
1, ,-57, ,
2, ,-57, ,
2, ,-57, ,
2, ,-56, ,
1, ,-57, ,
3, ,-57, ,
1, ,-57, ,
2, ,-56, ,
2, ,-57, ,
2, ,-56, ,
1, ,-57, ,
3, ,-57, ,
1, ,-56, ,
2, ,-56, ,
2, ,-57, ,
2, ,-56, ,
1, ,-57, ,
3, ,-57, ,
1, ,-57, ,
2, ,-56, ,
2, ,-57, ,
2, ,-56, ,
1, ,-57, ,
3, ,-57, ,
1, ,-57, ,
2, ,-57, ,
2, ,-57, ,
2, ,-56, ,
1, ,-57, ,
3, ,-57, ,
1, ,-57, ,
2, ,-56, ,
2, ,-57, ,
2, ,-56, ,
1, ,-57, ,
2, ,-56, ,
1, ,-56, ,
2, ,-57, ,
2, ,-57, ,
2, ,-57, ,
1, ,-57, ,
3, ,-57, ,
1, ,-57, ,
2, ,-56, ,
2, ,-57, ,
2, ,-56, ,
1, ,-57, ,
2, ,-57, ,
1, ,-57, ,
2, ,-56, ,
2, ,-57, ,
2, ,-56, ,
1, ,-57, ,
2, ,-57, ,
1, ,-56, ,
1, ,-57, ,
2, ,-57, ,
2, ,-56, ,
1, ,-56, ,
2, ,-56, ,
1, ,-57, ,
2, ,-56, ,
2, ,-57, ,
2, ,-56, ,
1, ,-57, ,
2, ,-57, ,
1, ,-57, ,
2, ,-56, ,
2, ,-57, ,
2, ,-56, ,
1, ,-57, ,
2, ,-57, ,
1, ,-57, ,
2, ,-57, ,
2, ,-57, ,
2, ,-56, ,
1, ,-57, ,
2, ,-57, ,
1, ,-56, ,
1, ,-56, ,
2, ,-57, ,
2, ,-56, ,
1, ,-57, ,
2, ,-56, ,
1, ,-57, ,
2, ,-57, ,
2, ,-57, ,
2, ,-56, ,
1, ,-56, ,
2, ,-57, ,
1, ,-57, ,
1, ,-56, ,
2, ,-57, ,
2, ,-56, ,
1, ,-57, ,
2, ,-56, ,
1, ,-57, ,
1, ,-57, ,
2, ,-57, ,
2, ,-56, ,
1, ,-57, ,
2, ,-57, ,
1, ,-56, ,
1, ,-56, ,
2, ,-57, ,
2, ,-56, ,
1, ,-57, ,
2, ,-56, ,
1, ,-56, ,
1, ,-56, ,
2, ,-57, ,
2, ,-56, ,
1, ,-57, ,
2, ,-57, ,
1, ,-56, ,
1, ,-56, ,
2, ,-57, ,
2, ,-56, ,
1, ,-56, ,
2, ,-57, ,
1, ,-57, ,
1, ,-57, ,
2, ,-58, ,
2, ,-56, ,
-1, ,-57, ,
2, ,-57, ,
1, ,-56, ,
1, ,-56, ,
2, ,-57, ,
1, ,-56, ,
1, ,-57, ,
2, ,-56, ,
1, ,-56, ,
2, ,-56, ,
2, ,-57, ,
2, ,-56, ,
1, ,-57, ,
2, ,-56, ,
1, ,-56, ,
1, ,-56, ,
2, ,-57, ,
1, ,-56, ,
1, ,-57, ,
2, ,-56, ,
1, ,-57, ,
1, ,-56, ,
2, ,-57, ,
2, ,-56, ,
1, ,-57, ,
2, ,-57, ,
1, ,-56, ,
1, ,-56, ,
2, ,-57, ,
1, ,-56, ,
1, ,-57, ,
2, ,-56, ,
1, ,-56, ,
1, ,-57, ,
2, ,-57, ,
2, ,-56, ,
1, ,-57, ,
2, ,-57, ,
1, ,-56, ,
1, ,-56, ,
2, ,-57, ,
1, ,-56, ,
-1, ,-57, ,
2, ,-57, ,
1, ,-57, ,
1, ,-57, ,
2, ,-57, ,
1, ,-56, ,
1, ,-57, ,
2, ,-57, ,
1, ,-56, ,
1, ,-56, ,
2, ,-57, ,
2, ,-56, ,
1, ,-57, ,
2, ,-56, ,
1, ,-56, ,
1, ,-56, ,
2, ,-57, ,
2, ,-56, ,
-1, ,-57, ,
2, ,-57, ,
1, ,-56, ,
1, ,-56, ,
2, ,-57, ,
1, ,-56, ,
-1, ,-57, ,
2, ,-56, ,
1, ,-56, ,
1, ,-56, ,
2, ,-57, ,
1, ,-56, ,
-1, ,-57, ,
2, ,-57, ,
1, ,-56, ,
1, ,-56, ,
2, ,-57, ,
1, ,-56, ,
1, ,-57, ,
2, ,-56, ,
1, ,-56, ,
1, ,-57, ,
2, ,-57, ,
1, ,-56, ,
-1, ,-56, ,
2, ,-56, ,
1, ,-56, ,
1, ,-56, ,
2, ,-57, ,
1, ,-56, ,
-1, ,-57, ,
2, ,-56, ,
1, ,-57, ,
1, ,-56, ,
2, ,-57, ,
2, ,-56, ,
-1, ,-57, ,
2, ,-57, ,
1, ,-56, ,
1, ,-56, ,
2, ,-57, ,
1, ,-56, ,
-1, ,-57, ,
2, ,-56, ,
1, ,-56, ,
1, ,-56, ,
2, ,-57, ,
1, ,-56, ,
-1, ,-56, ,
2, ,-56, ,
1, ,-56, ,
1, ,-56, ,
2, ,-57, ,
1, ,-56, ,
-1, ,-57, ,
2, ,-56, ,
1, ,-57, ,
1, ,-56, ,
1, ,-57, ,
1, ,-56, ,
-1, ,-57, ,
2, ,-56, ,
1, ,-56, ,
2, ,-56, ,
2, ,-57, ,
2, ,-56, ,
-1, ,-57, ,
2, ,-56, ,
1, ,-56, ,
1, ,-56, ,
2, ,-57, ,
1, ,-56, ,
-1, ,-57, ,
2, ,-57, ,
1, ,-56, ,
1, ,-56, ,
2, ,-57, ,
1, ,-56, ,
-1, ,-57, ,
2, ,-56, ,
1, ,-57, ,
1, ,-56, ,
2, ,-57, ,
2, ,-56, ,
-1, ,-57, ,
2, ,-57, ,
1, ,-56, ,
1, ,-56, ,
2, ,-57, ,
1, ,-56, ,
-1, ,-57, ,
2, ,-56, ,
1, ,-56, ,
1, ,-56, ,
1, ,-57, ,
1, ,-56, ,
-1, ,-56, ,
2, ,-57, ,
1, ,-56, ,
1, ,-56, ,
2, ,-57, ,
1, ,-56, ,
-1, ,-57, ,
2, ,-56, ,
1, ,-56, ,
1, ,-56, ,
2, ,-57, ,
1, ,-56, ,
-1, ,-57, ,
2, ,-57, ,
1, ,-56, ,
1, ,-56, ,
2, ,-57, ,
1, ,-57, ,
-1, ,-56, ,
2, ,-56, ,
1, ,-56, ,
1, ,-56, ,
2, ,-57, ,
1, ,-56, ,
-1, ,-57, ,
2, ,-57, ,
1, ,-57, ,
1, ,-56, ,
2, ,-57, ,
1, ,-57, ,
-1, ,-57, ,
2, ,-56, ,
-1, ,-56, ,
1, ,-56, ,
2, ,-57, ,
1, ,-56, ,
-1, ,-56, ,
2, ,-57, ,
1, ,-57, ,
1, ,-56, ,
2, ,-57, ,
1, ,-56, ,
-1, ,-57, ,
2, ,-56, ,
1, ,-57, ,
1, ,-56, ,
2, ,-57, ,
1, ,-56, ,
-1, ,-57, ,
2, ,-57, ,
-1, ,-57, ,
1, ,-56, ,
2, ,-57, ,
1, ,-56, ,
-1, ,-57, ,
2, ,-56, ,
-1, ,-57, ,
1, ,-56, ,
2, ,-57, ,
1, ,-56, ,
-1, ,-57, ,
2, ,-57, ,
-1, ,-56, ,
1, ,-57, ,
2, ,-57, ,
1, ,-56, ,
-1, ,-56, ,
2, ,-56, ,
1, ,-57, ,
1, ,-57, ,
2, ,-57, ,
1, ,-56, ,
-1, ,-57, ,
2, ,-57, ,
1, ,-57, ,
1, ,-56, ,
1, ,-57, ,
1, ,-57, ,
-1, ,-57, ,
2, ,-56, ,
1, ,-57, ,
1, ,-56, ,
2, ,-57, ,
1, ,-56, ,
-1, ,-57, ,
2, ,-57, ,
1, ,-56, ,
1, ,-57, ,
2, ,-57, ,
1, ,-56, ,
-1, ,-57, ,
2, ,-56, ,
1, ,-57, ,
1, ,-57, ,
2, ,-57, ,
1, ,-56, ,
-1, ,-56, ,
2, ,-56, ,
-1, ,-56, ,
1, ,-56, ,
1, ,-57, ,
1, ,-57, ,
-1, ,-57, ,
1, ,-57, ,
-1, ,-57, ,
1, ,-57, ,
1, ,-57, ,
1, ,-56, ,
-1, ,-57, ,
2, ,-57, ,
-1, ,-57, ,
1, ,-56, ,
1, ,-57, ,
1, ,-56, ,
-1, ,-57, ,
2, ,-56, ,
-1, ,-57, ,
1, ,-56, ,
1, ,-57, ,
1, ,-56, ,
-1, ,-57, ,
2, ,-56, ,
1, ,-56, ,
1, ,-56, ,
1, ,-57, ,
1, ,-56, ,
-1, ,-57, ,
2, ,-56, ,
71, ,-57, ,
44, ,-57, ,
27, ,-57, ,
18, ,-56, ,
11, ,-57, ,
8, ,-57, ,
5, ,-56, ,
3, ,-56, ,
5, ,-57, ,
3, ,-56, ,
2, ,-57, ,
3, ,-57, ,
2, ,-57, ,
2, ,-56, ,
3, ,-57, ,
2, ,-56, ,
1, ,-56, ,
3, ,-56, ,
2, ,-57, ,
2, ,-56, ,
3, ,-57, ,
3, ,-57, ,
2, ,-57, ,
3, ,-56, ,
2, ,-56, ,
2, ,-56, ,
3, ,-57, ,
3, ,-56, ,
1, ,-57, ,
3, ,-56, ,
2, ,-56, ,
2, ,-57, ,
3, ,-57, ,
3, ,-57, ,
1, ,-57, ,
3, ,-57, ,
2, ,-57, ,
2, ,-56, ,
3, ,-57, ,
3, ,-56, ,
1, ,-57, ,
3, ,-57, ,
2, ,-57, ,
2, ,-56, ,
2, ,-57, ,
3, ,-56, ,
2, ,-56, ,
3, ,-57, ,
2, ,-57, ,
2, ,-56, ,
3, ,-57, ,
3, ,-56, ,
1, ,-56, ,
3, ,-57, ,
2, ,-57, ,
2, ,-57, ,
3, ,-57, ,
3, ,-57, ,
2, ,-57, ,
3, ,-56, ,
2, ,-57, ,
2, ,-56, ,
2, ,-57, ,
2, ,-56, ,
1, ,-57, ,
3, ,-56, ,
2, ,-57, ,
2, ,-56, ,
2, ,-57, ,
2, ,-56, ,
1, ,-57, ,
3, ,-57, ,
2, ,-57, ,
2, ,-57, ,
2, ,-57, ,
2, ,-56, ,
1, ,-57, ,
3, ,-57, ,
2, ,-57, ,
2, ,-56, ,
3, ,-57, ,
3, ,-56, ,
1, ,-57, ,
2, ,-56, ,
1, ,-56, ,
2, ,-56, ,
2, ,-57, ,
2, ,-56, ,
1, ,-57, ,
3, ,-57, ,
1, ,-57, ,
2, ,-56, ,
2, ,-57, ,
2, ,-56, ,
1, ,-57, ,
2, ,-56, ,
1, ,-57, ,
2, ,-57, ,
2, ,-57, ,
2, ,-56, ,
1, ,-57, ,
3, ,-56, ,
2, ,-57, ,
2, ,-57, ,
2, ,-57, ,
2, ,-56, ,
1, ,-57, ,
2, ,-57, ,
1, ,-57, ,
2, ,-56, ,
2, ,-57, ,
2, ,-56, ,
1, ,-57, ,
2, ,-56, ,
1, ,-56, ,
2, ,-56, ,
2, ,-57, ,
2, ,-57, ,
1, ,-57, ,
2, ,-57, ,
1, ,-57, ,
2, ,-56, ,
2, ,-57, ,
2, ,-56, ,
1, ,-57, ,
2, ,-56, ,
1, ,-47, ,
2, ,-28, ,
2, ,-12, ,
2, ,1, ,
1, ,11, ,
3, ,17, ,
1, ,22, ,
2, ,26, ,
2, ,28, ,
2, ,31, ,
1, ,33, ,
2, ,34, ,
1, ,35, ,
2, ,35, ,
2, ,36, ,
2, ,36, ,
1, ,37, ,
2, ,37, ,
2, ,37, ,
1, ,37, ,
2, ,37, ,
2, ,37, ,
1, ,37, ,
2, ,37, ,
1, ,37, ,
1, ,37, ,
2, ,37, ,
2, ,37, ,
1, ,37, ,
2, ,37, ,
1, ,37, ,
2, ,37, ,
2, ,37, ,
2, ,37, ,
1, ,37, ,
2, ,37, ,
2, ,37, ,
1, ,37, ,
2, ,37, ,
2, ,37, ,
1, ,37, ,
2, ,37, ,
1, ,37, ,
1, ,36, ,
2, ,37, ,
2, ,37, ,
1, ,36, ,
2, ,36, ,
1, ,37, ,
1, ,36, ,
2, ,37, ,
2, ,37, ,
1, ,36, ,
2, ,37, ,
1, ,37, ,
1, ,37, ,
2, ,37, ,
2, ,37, ,
1, ,36, ,
2, ,36, ,
1, ,37, ,
2, ,36, ,
2, ,37, ,
2, ,37, ,
1, ,36, ,
2, ,36, ,
1, ,37, ,
1, ,36, ,
2, ,37, ,
2, ,37, ,
1, ,36, ,
2, ,36, ,
1, ,37, ,
1, ,36, ,
2, ,37, ,
2, ,37, ,
1, ,37, ,
2, ,36, ,
2, ,37, ,
2, ,36, ,
2, ,37, ,
2, ,37, ,
1, ,36, ,
2, ,37, ,
1, ,37, ,
1, ,36, ,
2, ,37, ,
2, ,36, ,
1, ,36, ,
2, ,36, ,
1, ,37, ,
1, ,36, ,
2, ,37, ,
2, ,36, ,
1, ,36, ,
2, ,36, ,
1, ,36, ,
1, ,36, ,
2, ,37, ,
2, ,36, ,
1, ,36, ,
2, ,36, ,
1, ,37, ,
1, ,36, ,
2, ,37, ,
1, ,37, ,
1, ,36, ,
2, ,36, ,
1, ,36, ,
1, ,36, ,
2, ,36, ,
1, ,36, ,
1, ,36, ,
2, ,36, ,
1, ,37, ,
1, ,37, ,
2, ,37, ,
1, ,36, ,
1, ,36, ,
2, ,36, ,
1, ,36, ,
1, ,36, ,
2, ,37, ,
1, ,36, ,
1, ,36, ,
2, ,36, ,
1, ,37, ,
1, ,36, ,
2, ,36, ,
1, ,37, ,
1, ,36, ,
2, ,36, ,
1, ,37, ,
1, ,36, ,
2, ,36, ,
1, ,36, ,
1, ,36, ,
2, ,36, ,
1, ,37, ,
1, ,37, ,
2, ,36, ,
1, ,37, ,
1, ,36, ,
2, ,36, ,
1, ,37, ,
1, ,36, ,
2, ,36, ,
1, ,36, ,
1, ,36, ,
2, ,36, ,
1, ,37, ,
1, ,36, ,
2, ,36, ,
1, ,36, ,
1, ,34, ,
2, ,17, ,
1, ,-2, ,
1, ,-16, ,
2, ,-26, ,
1, ,-35, ,
-1, ,-40, ,
2, ,-45, ,
1, ,-49, ,
1, ,-51, ,
2, ,-53, ,
1, ,-54, ,
-1, ,-55, ,
2, ,-56, ,
1, ,-56, ,
1, ,-56, ,
2, ,-57, ,
2, ,-57, ,
1, ,-57, ,
2, ,-57, ,
1, ,-57, ,
1, ,-57, ,
2, ,-58, ,
1, ,-56, ,
-1, ,-57, ,
2, ,-57, ,
1, ,-57, ,
1, ,-57, ,
2, ,-58, ,
1, ,-57, ,
1, ,-57, ,
2, ,-57, ,
1, ,-57, ,
1, ,-57, ,
2, ,-58, ,
1, ,-57, ,
1, ,-57, ,
2, ,-57, ,
1, ,-57, ,
1, ,-57, ,
2, ,-57, ,
1, ,-57, ,
-1, ,-57, ,
2, ,-57, ,
1, ,-57, ,
1, ,-57, ,
1, ,-57, ,
2, ,-56, ,
1, ,-57, ,
2, ,-57, ,
1, ,-57, ,
1, ,-57, ,
2, ,-57, ,
1, ,-57, ,
-1, ,-57, ,
2, ,-57, ,
1, ,-57, ,
1, ,-57, ,
2, ,-57, ,
2, ,-56, ,
-1, ,-57, ,
2, ,-57, ,
1, ,-57, ,
1, ,-57, ,
2, ,-57, ,
1, ,-57, ,
-1, ,-57, ,
2, ,-57, ,
1, ,-57, ,
1, ,-57, ,
2, ,-57, ,
1, ,-57, ,
-1, ,-57, ,
2, ,-57, ,
1, ,-57, ,
1, ,-56, ,
2, ,-57, ,
1, ,-57, ,
-1, ,-57, ,
2, ,-57, ,
1, ,-57, ,
1, ,-56, ,
2, ,-57, ,
1, ,-56, ,
-1, ,-57, ,
2, ,-57, ,
1, ,-57, ,
1, ,-57, ,
2, ,-57, ,
1, ,-57, ,
-1, ,-57, ,
2, ,-57, ,
1, ,-57, ,
1, ,-57, ,
1, ,-57, ,
1, ,-56, ,
-1, ,-57, ,
2, ,-57, ,
1, ,-57, ,
1, ,-56, ,
1, ,-57, ,
1, ,-56, ,
1, ,-57, ,
2, ,-57, ,
1, ,-57, ,
1, ,-57, ,
2, ,-57, ,
2, ,-56, ,
-1, ,-57, ,
2, ,-57, ,
1, ,-57, ,
1, ,-56, ,
2, ,-57, ,
1, ,-57, ,
-1, ,-57, ,
2, ,-57, ,
-1, ,-57, ,
1, ,-56, ,
2, ,-57, ,
1, ,-56, ,
-1, ,-57, ,
2, ,-57, ,
1, ,-57, ,
1, ,-57, ,
2, ,-57, ,
1, ,-57, ,
-1, ,-57, ,
2, ,-57, ,
-1, ,-57, ,
1, ,-57, ,
2, ,-57, ,
1, ,-56, ,
-1, ,-57, ,
2, ,-57, ,
1, ,-57, ,
1, ,-56, ,
2, ,-57, ,
2, ,-56, ,
-1, ,-57, ,
2, ,-57, ,
1, ,-57, ,
1, ,-56, ,
1, ,-58, ,
1, ,-56, ,
-1, ,-57, ,
2, ,-57, ,
1, ,-57, ,
1, ,-56, ,
1, ,-57, ,
1, ,-56, ,
-1, ,-57, ,
2, ,-57, ,
1, ,-57, ,
1, ,-57, ,
2, ,-57, ,
2, ,-56, ,
-1, ,-56, ,
2, ,-57, ,
1, ,-57, ,
2, ,-57, ,
1, ,-57, ,
1, ,-57, ,
-1, ,-57, ,
2, ,-57, ,
1, ,-57, ,
1, ,-56, ,
1, ,-57, ,
2, ,-56, ,
-1, ,-56, ,
2, ,-57, ,
1, ,-57, ,
1, ,-56, ,
1, ,-57, ,
1, ,-57, ,
-1, ,-57, ,
2, ,-57, ,
1, ,-57, ,
1, ,-57, ,
1, ,-57, ,
2, ,-56, ,
-1, ,-57, ,
2, ,-57, ,
1, ,-57, ,
1, ,-56, ,
2, ,-58, ,
1, ,-56, ,
-1, ,-57, ,
2, ,-57, ,
1, ,-57, ,
1, ,-56, ,
1, ,-57, ,
1, ,-56, ,
-1, ,-57, ,
2, ,-57, ,
1, ,-57, ,
1, ,-56, ,
1, ,-57, ,
1, ,-56, ,
-1, ,-57, ,
2, ,-57, ,
-1, ,-57, ,
1, ,-57, ,
1, ,-57, ,
1, ,-56, ,
-1, ,-57, ,
2, ,-57, ,
-1, ,-57, ,
-1, ,-57, ,
1, ,-57, ,
1, ,-56, ,
-1, ,-57, ,
2, ,-57, ,
-1, ,-57, ,
1, ,-56, ,
1, ,-57, ,
1, ,-56, ,
-1, ,-57, ,
2, ,-57, ,
1, ,-57, ,
1, ,-56, ,
1, ,-57, ,
1, ,-56, ,
-1, ,-57, ,
2, ,-57, ,
-1, ,-57, ,
1, ,-57, ,
1, ,-57, ,
1, ,-56, ,
-1, ,-56, ,
2, ,-57, ,
-1, ,-57, ,
1, ,-56, ,
1, ,-57, ,
1, ,-56, ,
-1, ,-57, ,
2, ,-57, ,
-1, ,-57, ,
1, ,-56, ,
1, ,-57, ,
1, ,-56, ,
-1, ,-56, ,
2, ,-57, ,
-1, ,-57, ,
1, ,-56, ,
1, ,-57, ,
1, ,-56, ,
-1, ,-57, ,
2, ,-56, ,
-1, ,-57, ,
1, ,-56, ,
1, ,-57, ,
1, ,-56, ,
-1, ,-57, ,
1, ,-57, ,
-1, ,-56, ,
1, ,-57, ,
1, ,-57, ,
1, ,-57, ,
-1, ,-57, ,
2, ,-56, ,
-1, ,-57, ,
1, ,-56, ,
1, ,-57, ,
1, ,-56, ,
-1, ,-57, ,
2, ,-56, ,
-1, ,-56, ,
1, ,-57, ,
1, ,-57, ,
1, ,-56, ,
-1, ,-57, ,
2, ,-57, ,
1, ,-57, ,
1, ,-56, ,
1, ,-57, ,
1, ,-56, ,
-1, ,-57, ,
2, ,-57, ,
-1, ,-57, ,
1, ,-56, ,
1, ,-57, ,
1, ,-56, ,
-1, ,-57, ,
2, ,-57, ,
1, ,-56, ,
1, ,-56, ,
2, ,-57, ,
1, ,-56, ,
-1, ,-57, ,
2, ,-57, ,
-1, ,-57, ,
1, ,-56, ,
1, ,-57, ,
1, ,-56, ,
-1, ,-57, ,
2, ,-56, ,
-1, ,-57, ,
1, ,-56, ,
1, ,-57, ,
1, ,-56, ,
-1, ,-57, ,
2, ,-57, ,
1, ,-56, ,
1, ,-56, ,
1, ,-57, ,
1, ,-56, ,
-1, ,-57, ,
2, ,-56, ,
1, ,-57, ,
1, ,-57, ,
1, ,-57, ,
1, ,-56, ,
-1, ,-57, ,
2, ,-56, ,
-1, ,-56, ,
1, ,-56, ,
1, ,-57, ,
1, ,-56, ,
-1, ,-57, ,
2, ,-57, ,
1, ,-56, ,
1, ,-56, ,
1, ,-57, ,
1, ,-56, ,
-1, ,-57, ,
2, ,-56, ,
-1, ,-56, ,
1, ,-56, ,
1, ,-57, ,
1, ,-56, ,
-1, ,-57, ,
2, ,-56, ,
1, ,-56, ,
1, ,-56, ,
1, ,-57, ,
1, ,-56, ,
-1, ,-57, ,
2, ,-57, ,
-1, ,-56, ,
1, ,-56, ,
1, ,-57, ,
1, ,-56, ,
-1, ,-57, ,
2, ,-56, ,
-1, ,-56, ,
1, ,-56, ,
1, ,-57, ,
1, ,-56, ,
-1, ,-57, ,
2, ,-57, ,
-1, ,-56, ,
1, ,-56, ,
1, ,-57, ,
1, ,-56, ,
-1, ,-57, ,
2, ,-56, ,
-1, ,-56, ,
-1, ,-56, ,
1, ,-57, ,
2, ,-56, ,
-1, ,-57, ,
2, ,-56, ,
-1, ,-56, ,
-1, ,-56, ,
1, ,-57, ,
1, ,-56, ,
-1, ,-57, ,
1, ,-56, ,
-1, ,-57, ,
1, ,-56, ,
1, ,-57, ,
1, ,-56, ,
-1, ,-57, ,
2, ,-56, ,
-1, ,-56, ,
-1, ,-56, ,
1, ,-57, ,
2, ,-56, ,
-1, ,-57, ,
2, ,-56, ,
-1, ,-56, ,
1, ,-56, ,
1, ,-57, ,
1, ,-56, ,
-1, ,-57, ,
1, ,-56, ,
-1, ,-56, ,
1, ,-56, ,
1, ,-57, ,
1, ,-56, ,
-1, ,-57, ,
2, ,-56, ,
-1, ,-56, ,
-1, ,-56, ,
1, ,-57, ,
1, ,-56, ,
-1, ,-57, ,
2, ,-57, ,
-1, ,-56, ,
1, ,-56, ,
1, ,-57, ,
1, ,-57, ,
-1, ,-57, ,
2, ,-56, ,
-1, ,-56, ,
1, ,-56, ,
1, ,-57, ,
1, ,-56, ,
-1, ,-57, ,
2, ,-57, ,
-1, ,-56, ,
1, ,-56, ,
1, ,-57, ,
1, ,-56, ,
-1, ,-57, ,
1, ,-56, ,
-1, ,-56, ,
1, ,-56, ,
1, ,-57, ,
2, ,-56, ,
-1, ,-57, ,
1, ,-57, ,
-1, ,-56, ,
1, ,-56, ,
1, ,-57, ,
1, ,-57, ,
-1, ,-57, ,
1, ,-56, ,
-1, ,-56, ,
1, ,-56, ,
1, ,-57, ,
1, ,-56, ,
-1, ,-57, ,
2, ,-57, ,
1, ,-56, ,
-1, ,-56, ,
1, ,-57, ,
1, ,-56, ,
-1, ,-57, ,
1, ,-57, ,
-1, ,-56, ,
1, ,-57, ,
1, ,-57, ,
1, ,-56, ,
-1, ,-57, ,
2, ,-57, ,
-1, ,-56, ,
-1, ,-56, ,
1, ,-57, ,
1, ,-56, ,
-1, ,-57, ,
2, ,-56, ,
-1, ,-57, ,
1, ,-56, ,
1, ,-57, ,
1, ,-56, ,
-1, ,-57, ,
2, ,-56, ,
-1, ,-56, ,
1, ,-56, ,
1, ,-57, ,
1, ,-56, ,
-1, ,-57, ,
1, ,-56, ,
-1, ,-57, ,
-1, ,-56, ,
1, ,-57, ,
1, ,-57, ,
-1, ,-57, ,
2, ,-57, ,
-1, ,-56, ,
-1, ,-56, ,
1, ,-57, ,
1, ,-57, ,
-1, ,-57, ,
2, ,-57, ,
-1, ,-56, ,
-1, ,-56, ,
1, ,-57, ,
1, ,-56, ,
-1, ,-57, ,
2, ,-57, ,
-1, ,-56, ,
-1, ,-56, ,
1, ,-57, ,
1, ,-57, ,
-1, ,-57, ,
1, ,-57, ,
-1, ,-57, ,
-1, ,-57, ,
1, ,-57, ,
1, ,-56, ,
-1, ,-56, ,
2, ,-57, ,
-1, ,-56, ,
-1, ,-57, ,
1, ,-57, ,
1, ,-56, ,
-1, ,-57, ,
1, ,-56, ,
-1, ,-57, ,
-1, ,-56, ,
1, ,-57, ,
1, ,-57, ,
-1, ,-57, ,
1, ,-56, ,
-1, ,-56, ,
-1, ,-56, ,
1, ,-57, ,
1, ,-56, ,
-1, ,-57, ,
2, ,-56, ,
-1, ,-56, ,
-1, ,-56, ,
1, ,-57, ,
1, ,-56, ,
-1, ,-57, ,
2, ,-57, ,
-1, ,-56, ,
-1, ,-56, ,
1, ,-57, ,
1, ,-56, ,
-1, ,-57, ,
1, ,-56, ,
-1, ,-56, ,
1, ,-56, ,
1, ,-57, ,
1, ,-57, ,
-1, ,-57, ,
2, ,-57, ,
-1, ,-56, ,
-1, ,-56, ,
1, ,-57, ,
1, ,-56, ,
-1, ,-57, ,
1, ,-56, ,
-1, ,-56, ,
-1, ,-56, ,
1, ,-57, ,
1, ,-56, ,
-1, ,-57, ,
1, ,-57, ,
-1, ,-56, ,
-1, ,-56, ,
1, ,-57, ,
1, ,-57, ,
-1, ,-57, ,
2, ,-56, ,
-1, ,-57, ,
-1, ,-56, ,
1, ,-57, ,
1, ,-56, ,
-1, ,-57, ,
1, ,-56, ,
-1, ,-56, ,
1, ,-56, ,
1, ,-57, ,
1, ,-56, ,
-1, ,-57, ,
2, ,-57, ,
-1, ,-57, ,
1, ,-56, ,
1, ,-57, ,
1, ,-57, ,
-1, ,-57, ,
1, ,-56, ,
-1, ,-56, ,
1, ,-56, ,
1, ,-57, ,
1, ,-56, ,
-1, ,-57, ,
2, ,-56, ,
-1, ,-56, ,
1, ,-56, ,
1, ,-57, ,
1, ,-56, ,
-1, ,-57, ,
1, ,-57, ,
-1, ,-57, ,
-1, ,-56, ,
1, ,-57, ,
1, ,-57, ,
-1, ,-57, ,
2, ,-57, ,
-1, ,-57, ,
-1, ,-56, ,
1, ,-57, ,
1, ,-56, ,
-1, ,-57, ,
1, ,-57, ,
-1, ,-56, ,
1, ,-56, ,
1, ,-57, ,
1, ,-56, ,
-1, ,-57, ,
1, ,-57, ,
-1, ,-57, ,
1, ,-57, ,
1, ,-57, ,
1, ,-56, ,
-1, ,-57, ,
2, ,-57, ,
-1, ,-57, ,
-1, ,-56, ,
1, ,-57, ,
1, ,-56, ,
-1, ,-57, ,
2, ,-57, ,
-1, ,-57, ,
-1, ,-56, ,
2, ,-57, ,
1, ,-56, ,
-1, ,-57, ,
2, ,-57, ,
-1, ,-57, ,
-1, ,-57, ,
1, ,-57, ,
1, ,-56, ,
-1, ,-57, ,
2, ,-56, ,
-1, ,-57, ,
1, ,-56, ,
1, ,-57, ,
1, ,-56, ,
-1, ,-57, ,
2, ,-57, ,
-1, ,-56, ,
-1, ,-52, ,
1, ,-33, ,
1, ,-15, ,
-1, ,-1, ,
2, ,8, ,
-1, ,16, ,
1, ,21, ,
1, ,25, ,
1, ,28, ,
-1, ,31, ,
2, ,33, ,
-1, ,34, ,
-1, ,34, ,
1, ,36, ,
-1, ,36, ,
-1, ,36, ,
1, ,37, ,
-1, ,37, ,
-1, ,37, ,
1, ,37, ,
1, ,37, ,
-1, ,37, ,
1, ,37, ,
1, ,37, ,
-1, ,37, ,
1, ,37, ,
1, ,37, ,
-1, ,37, ,
1, ,37, ,
-1, ,37, ,
-1, ,37, ,
1, ,37, ,
1, ,37, ,
-1, ,37, ,
1, ,37, ,
-1, ,37, ,
-1, ,37, ,
1, ,37, ,
1, ,37, ,
-1, ,36, ,
1, ,37, ,
-1, ,37, ,
-1, ,36, ,
1, ,37, ,
1, ,36, ,
-1, ,36, ,
1, ,37, ,
-1, ,37, ,
-1, ,37, ,
1, ,37, ,
1, ,37, ,
-1, ,37, ,
1, ,37, ,
-1, ,37, ,
-1, ,37, ,
1, ,36, ,
1, ,36, ,
-1, ,37, ,
1, ,37, ,
-1, ,37, ,
-1, ,36, ,
1, ,36, ,
1, ,36, ,
-1, ,36, ,
1, ,36, ,
-1, ,37, ,
-1, ,37, ,
1, ,36, ,
1, ,36, ,
-1, ,36, ,
1, ,36, ,
-1, ,36, ,
-1, ,36, ,
1, ,36, ,
1, ,36, ,
-1, ,36, ,
2, ,37, ,
1, ,37, ,
-1, ,37, ,
1, ,36, ,
1, ,36, ,
-1, ,36, ,
1, ,36, ,
-1, ,37, ,
-1, ,37, ,
1, ,36, ,
1, ,36, ,
-1, ,36, ,
2, ,36, ,
-1, ,36, ,
-1, ,36, ,
1, ,36, ,
1, ,36, ,
-1, ,36, ,
1, ,37, ,
1, ,36, ,
-1, ,37, ,
1, ,36, ,
1, ,36, ,
-1, ,36, ,
1, ,36, ,
-1, ,37, ,
1, ,36, ,
1, ,36, ,
1, ,36, ,
-1, ,36, ,
1, ,36, ,
1, ,36, ,
-1, ,36, ,
1, ,36, ,
1, ,36, ,
-1, ,36, ,
1, ,36, ,
-1, ,36, ,
1, ,36, ,
2, ,36, ,
1, ,36, ,
-1, ,36, ,
1, ,36, ,
-1, ,37, ,
-1, ,37, ,
1, ,36, ,
1, ,36, ,
-1, ,36, ,
1, ,36, ,
-1, ,36, ,
-1, ,36, ,
1, ,36, ,
1, ,36, ,
-1, ,36, ,
1, ,36, ,
-1, ,36, ,
-1, ,36, ,
1, ,36, ,
1, ,36, ,
-1, ,37, ,
1, ,36, ,
-1, ,37, ,
-1, ,37, ,
1, ,36, ,
1, ,36, ,
-1, ,36, ,
1, ,36, ,
-1, ,36, ,
-1, ,37, ,
1, ,36, ,
1, ,36, ,
-1, ,36, ,
1, ,36, ,
-1, ,37, ,
-1, ,36, ,
1, ,36, ,
1, ,36, ,
-1, ,36, ,
1, ,35, ,
-1, ,22, ,
-1, ,2, ,
1, ,-13, ,
1, ,-24, ,
-1, ,-33, ,
1, ,-39, ,
-1, ,-44, ,
-1, ,-47, ,
1, ,-51, ,
1, ,-52, ,
-1, ,-54, ,
1, ,-55, ,
-1, ,-55, ,
-1, ,-56, ,
1, ,-57, ,
1, ,-56, ,
-1, ,-57, ,
1, ,-57, ,
-1, ,-57, ,
-1, ,-57, ,
1, ,-58, ,
1, ,-57, ,
-1, ,-58, ,
1, ,-57, ,
-1, ,-57, ,
-1, ,-57, ,
1, ,-57, ,
1, ,-57, ,
-1, ,-57, ,
1, ,-57, ,
-1, ,-57, ,
-1, ,-57, ,
1, ,-58, ,
1, ,-56, ,
-1, ,-57, ,
1, ,-57, ,
-1, ,-57, ,
-1, ,-57, ,
1, ,-57, ,
1, ,-57, ,
-1, ,-57, ,
1, ,-56, ,
-1, ,-57, ,
-1, ,-57, ,
1, ,-57, ,
1, ,-56, ,
-1, ,-57, ,
1, ,-57, ,
-1, ,-56, ,
1, ,-56, ,
1, ,-57, ,
1, ,-56, ,
-1, ,-57, ,
1, ,-57, ,
-1, ,-57, ,
-1, ,-56, ,
1, ,-57, ,
1, ,-57, ,
-1, ,-57, ,
2, ,-57, ,
-1, ,-56, ,
-1, ,-56, ,
1, ,-57, ,
1, ,-57, ,
-1, ,-57, ,
2, ,-57, ,
-1, ,-56, ,
-1, ,-56, ,
1, ,-57, ,
1, ,-56, ,
-1, ,-57, ,
2, ,-57, ,
-1, ,-56, ,
-1, ,-57, ,
1, ,-57, ,
1, ,-57, ,
-1, ,-57, ,
2, ,-56, ,
-1, ,-57, ,
-1, ,-57, ,
1, ,-57, ,
1, ,-56, ,
-1, ,-57, ,
68, ,-57, ,
71, ,-57, ,
43, ,-56, ,
26, ,-57, ,
17, ,-56, ,
11, ,-57, ,
10, ,-56, ,
6, ,-57, ,
5, ,-57, ,
5, ,-57, ,
5, ,-56, ,
2, ,-57, ,
5, ,-57, ,
2, ,-56, ,
2, ,-56, ,
3, ,-57, ,
3, ,-56, ,
2, ,-57, ,
3, ,-56, ,
2, ,-57, ,
2, ,-56, ,
3, ,-57, ,
3, ,-56, ,
1, ,-57, ,
3, ,-57, ,
2, ,-56, ,
2, ,-56, ,
3, ,-57, ,
3, ,-56, ,
1, ,-57, ,
3, ,-57, ,
2, ,-57, ,
2, ,-57, ,
3, ,-57, ,
3, ,-56, ,
1, ,-57, ,
3, ,-56, ,
2, ,-56, ,
2, ,-56, ,
2, ,-57, ,
3, ,-57, ,
1, ,-57, ,
3, ,-56, ,
2, ,-56, ,
2, ,-56, ,
2, ,-57, ,
2, ,-56, ,
1, ,-57, ,
3, ,-57, ,
2, ,-56, ,
2, ,-56, ,
3, ,-57, ,
2, ,-57, ,
1, ,-57, ,
3, ,-57, ,
2, ,-57, ,
2, ,-56, ,
2, ,-57, ,
2, ,-56, ,
1, ,-57, ,
3, ,-57, ,
2, ,-56, ,
2, ,-57, ,
2, ,-57, ,
3, ,-57, ,
1, ,-57, ,
3, ,-56, ,
1, ,-57, ,
2, ,-57, ,
2, ,-57, ,
2, ,-57, ,
1, ,-57, ,
3, ,-57, ,
2, ,-56, ,
2, ,-56, ,
2, ,-57, ,
2, ,-56, ,
1, ,-57, ,
3, ,-56, ,
2, ,-57, ,
2, ,-56, ,
2, ,-57, ,
3, ,-56, ,
1, ,-56, ,
3, ,-57, ,
1, ,-56, ,
2, ,-56, ,
2, ,-57, ,
2, ,-57, ,
1, ,-57, ,
3, ,-56, ,
2, ,-57, ,
2, ,-56, ,
2, ,-57, ,
2, ,-56, ,
1, ,-57, ,
3, ,-57, ,
1, ,-57, ,
2, ,-56, ,
2, ,-57, ,
2, ,-56, ,
1, ,-57, ,
3, ,-56, ,
1, ,-57, ,
2, ,-57, ,
2, ,-57, ,
2, ,-56, ,
1, ,-56, ,
3, ,-56, ,
1, ,-57, ,
2, ,-57, ,
2, ,-57, ,
2, ,-56, ,
1, ,-57, ,
3, ,-57, ,
1, ,-57, ,
2, ,-56, ,
2, ,-57, ,
2, ,-56, ,
1, ,-57, ,
2, ,-57, ,
1, ,-56, ,
2, ,-56, ,
2, ,-57, ,
2, ,-57, ,
1, ,-57, ,
3, ,-56, ,
1, ,-57, ,
2, ,-56, ,
2, ,-57, ,
2, ,-56, ,
1, ,-56, ,
3, ,-56, ,
2, ,-56, ,
2, ,-56, ,
2, ,-57, ,
2, ,-57, ,
1, ,-57, ,
2, ,-56, ,
1, ,-56, ,
2, ,-57, ,
2, ,-57, ,
2, ,-56, ,
1, ,-56, ,
3, ,-56, ,
1, ,-56, ,
2, ,-56, ,
2, ,-57, ,
2, ,-57, ,
1, ,-57, ,
2, ,-57, ,
1, ,-57, ,
2, ,-56, ,
2, ,-57, ,
2, ,-56, ,
1, ,-57, ,
3, ,-56, ,
1, ,-57, ,
2, ,-56, ,
2, ,-57, ,
2, ,-57, ,
1, ,-57, ,
2, ,-56, ,
1, ,-57, ,
2, ,-56, ,
2, ,-57, ,
2, ,-56, ,
1, ,-57, ,
2, ,-57, ,
1, ,-56, ,
1, ,-56, ,
2, ,-57, ,
2, ,-56, ,
1, ,-57, ,
2, ,-56, ,
1, ,-57, ,
2, ,-56, ,
2, ,-57, ,
2, ,-56, ,
1, ,-57, ,
2, ,-56, ,
1, ,-56, ,
1, ,-57, ,
2, ,-57, ,
2, ,-56, ,
1, ,-57, ,
2, ,-56, ,
1, ,-57, ,
1, ,-56, ,
2, ,-57, ,
2, ,-56, ,
1, ,-57, ,
2, ,-57, ,
1, ,-56, ,
2, ,-56, ,
2, ,-57, ,
2, ,-57, ,
1, ,-57, ,
2, ,-57, ,
1, ,-57, ,
2, ,-57, ,
2, ,-57, ,
2, ,-56, ,
1, ,-56, ,
2, ,-57, ,
1, ,-57, ,
1, ,-56, ,
2, ,-57, ,
2, ,-56, ,
1, ,-57, ,
2, ,-56, ,
1, ,-57, ,
2, ,-56, ,
2, ,-57, ,
2, ,-56, ,
1, ,-57, ,
2, ,-57, ,
1, ,-56, ,
1, ,-56, ,
2, ,-57, ,
2, ,-56, ,
1, ,-56, ,
2, ,-57, ,
1, ,-57, ,
2, ,-56, ,
2, ,-57, ,
2, ,-56, ,
1, ,-56, ,
2, ,-56, ,
1, ,-56, ,
1, ,-56, ,
2, ,-57, ,
2, ,-57, ,
1, ,-57, ,
2, ,-56, ,
1, ,-57, ,
2, ,-56, ,
2, ,-57, ,
2, ,-56, ,
-1, ,-57, ,
2, ,-56, ,
1, ,-56, ,
2, ,-56, ,
2, ,-57, ,
2, ,-56, ,
1, ,-57, ,
2, ,-57, ,
1, ,-57, ,
1, ,-56, ,
2, ,-57, ,
2, ,-57, ,
-1, ,-57, ,
2, ,-57, ,
1, ,-56, ,
2, ,-56, ,
2, ,-57, ,
2, ,-57, ,
1, ,-57, ,
2, ,-56, ,
1, ,-56, ,
1, ,-56, ,
2, ,-57, ,
2, ,-56, ,
1, ,-57, ,
2, ,-57, ,
1, ,-56, ,
2, ,-56, ,
2, ,-57, ,
2, ,-56, ,
1, ,-57, ,
2, ,-57, ,
1, ,-57, ,
1, ,-57, ,
2, ,-57, ,
2, ,-56, ,
-1, ,-57, ,
2, ,-57, ,
1, ,-57, ,
2, ,-57, ,
2, ,-57, ,
2, ,-57, ,
1, ,-57, ,
2, ,-57, ,
1, ,-57, ,
1, ,-56, ,
2, ,-57, ,
2, ,-56, ,
1, ,-57, ,
2, ,-57, ,
1, ,-56, ,
1, ,-56, ,
2, ,-57, ,
2, ,-57, ,
-1, ,-57, ,
2, ,-57, ,
1, ,-57, ,
1, ,-56, ,
2, ,-57, ,
1, ,-56, ,
-1, ,-57, ,
2, ,-57, ,
1, ,-56, ,
1, ,-56, ,
2, ,-57, ,
1, ,-56, ,
-1, ,-57, ,
2, ,-57, ,
1, ,-56, ,
1, ,-57, ,
2, ,-57, ,
1, ,-56, ,
-1, ,-57, ,
2, ,-57, ,
1, ,-57, ,
1, ,-56, ,
2, ,-57, ,
2, ,-56, ,
1, ,-57, ,
2, ,-57, ,
1, ,-57, ,
1, ,-56, ,
2, ,-57, ,
1, ,-56, ,
-1, ,-57, ,
2, ,-57, ,
1, ,-56, ,
1, ,-56, ,
2, ,-57, ,
1, ,-57, ,
-1, ,-57, ,
2, ,-57, ,
1, ,-57, ,
1, ,-56, ,
2, ,-57, ,
1, ,-56, ,
-1, ,-57, ,
2, ,-57, ,
1, ,-57, ,
1, ,-56, ,
2, ,-57, ,
1, ,-56, ,
-1, ,-57, ,
2, ,-57, ,
1, ,-57, ,
1, ,-57, ,
2, ,-57, ,
1, ,-56, ,
-1, ,-57, ,
2, ,-57, ,
1, ,-56, ,
1, ,-57, ,
2, ,-57, ,
1, ,-56, ,
-1, ,-57, ,
2, ,-57, ,
1, ,-56, ,
1, ,-56, ,
2, ,-57, ,
2, ,-56, ,
-1, ,-57, ,
2, ,-56, ,
1, ,-57, ,
1, ,-56, ,
2, ,-57, ,
1, ,-56, ,
-1, ,-56, ,
2, ,-57, ,
1, ,-57, ,
1, ,-56, ,
2, ,-57, ,
1, ,-56, ,
-1, ,-57, ,
2, ,-57, ,
1, ,-56, ,
1, ,-57, ,
2, ,-57, ,
2, ,-57, ,
-1, ,-57, ,
2, ,-57, ,
1, ,-56, ,
1, ,-56, ,
2, ,-57, ,
1, ,-56, ,
-1, ,-57, ,
2, ,-57, ,
1, ,-56, ,
1, ,-56, ,
2, ,-57, ,
1, ,-56, ,
-1, ,-57, ,
2, ,-57, ,
1, ,-57, ,
1, ,-56, ,
2, ,-57, ,
1, ,-56, ,
-1, ,-57, ,
2, ,-57, ,
1, ,-57, ,
1, ,-56, ,
2, ,-57, ,
1, ,-56, ,
-1, ,-57, ,
2, ,-57, ,
1, ,-57, ,
1, ,-56, ,
2, ,-57, ,
1, ,-56, ,
-1, ,-57, ,
2, ,-57, ,
1, ,-56, ,
1, ,-56, ,
1, ,-57, ,
1, ,-57, ,
-1, ,-57, ,
2, ,-57, ,
-1, ,-57, ,
1, ,-57, ,
2, ,-57, ,
1, ,-56, ,
-1, ,-57, ,
2, ,-57, ,
1, ,-57, ,
1, ,-57, ,
1, ,-57, ,
1, ,-56, ,
-1, ,-57, ,
2, ,-57, ,
1, ,-57, ,
1, ,-57, ,
2, ,-57, ,
1, ,-56, ,
-1, ,-57, ,
2, ,-57, ,
1, ,-57, ,
1, ,-56, ,
1, ,-57, ,
1, ,-56, ,
-1, ,-57, ,
2, ,-56, ,
-1, ,-57, ,
1, ,-56, ,
2, ,-57, ,
1, ,-56, ,
-1, ,-57, ,
2, ,-57, ,
1, ,-57, ,
1, ,-56, ,
1, ,-57, ,
1, ,-57, ,
-1, ,-57, ,
2, ,-57, ,
1, ,-57, ,
1, ,-56, ,
1, ,-57, ,
1, ,-56, ,
-1, ,-57, ,
2, ,-57, ,
-1, ,-57, ,
1, ,-56, ,
2, ,-57, ,
1, ,-56, ,
-1, ,-57, ,
2, ,-57, ,
-1, ,-57, ,
1, ,-56, ,
1, ,-57, ,
1, ,-56, ,
-1, ,-57, ,
2, ,-57, ,
1, ,-57, ,
1, ,-56, ,
1, ,-57, ,
1, ,-57, ,
-1, ,-57, ,
2, ,-56, ,
-1, ,-57, ,
1, ,-56, ,
1, ,-57, ,
2, ,-56, ,
-1, ,-57, ,
2, ,-57, ,
-1, ,-56, ,
1, ,-56, ,
2, ,-57, ,
1, ,-56, ,
-1, ,-57, ,
2, ,-56, ,
-1, ,-57, ,
1, ,-57, ,
1, ,-57, ,
1, ,-56, ,
-1, ,-57, ,
2, ,-57, ,
1, ,-57, ,
1, ,-56, ,
2, ,-57, ,
1, ,-56, ,
-1, ,-57, ,
2, ,-57, ,
1, ,-57, ,
1, ,-56, ,
1, ,-57, ,
1, ,-56, ,
-1, ,-57, ,
2, ,-57, ,
1, ,-56, ,
1, ,-56, ,
1, ,-57, ,
1, ,-56, ,
-1, ,-57, ,
2, ,-57, ,
-1, ,-57, ,
1, ,-57, ,
1, ,-57, ,
1, ,-56, ,
-1, ,-57, ,
2, ,-57, ,
1, ,-57, ,
1, ,-56, ,
1, ,-57, ,
1, ,-56, ,
-1, ,-57, ,
2, ,-57, ,
-1, ,-57, ,
1, ,-56, ,
1, ,-57, ,
1, ,-56, ,
-1, ,-57, ,
2, ,-57, ,
-1, ,-56, ,
1, ,-56, ,
1, ,-57, ,
1, ,-56, ,
-1, ,-57, ,
2, ,-57, ,
1, ,-57, ,
1, ,-57, ,
1, ,-57, ,
1, ,-56, ,
-1, ,-57, ,
2, ,-57, ,
-1, ,-57, ,
1, ,-56, ,
2, ,-55, ,
1, ,-37, ,
-1, ,-17, ,
2, ,-3, ,
1, ,7, ,
1, ,15, ,
2, ,20, ,
1, ,25, ,
-1, ,27, ,
2, ,31, ,
1, ,33, ,
1, ,34, ,
1, ,35, ,
1, ,35, ,
-1, ,36, ,
2, ,36, ,
-1, ,37, ,
1, ,36, ,
1, ,37, ,
1, ,37, ,
-1, ,37, ,
2, ,37, ,
1, ,37, ,
-1, ,37, ,
1, ,37, ,
1, ,37, ,
-1, ,37, ,
2, ,37, ,
1, ,37, ,
1, ,37, ,
2, ,37, ,
1, ,37, ,
-1, ,37, ,
2, ,37, ,
1, ,37, ,
1, ,37, ,
1, ,37, ,
1, ,37, ,
-1, ,37, ,
2, ,37, ,
1, ,37, ,
1, ,37, ,
2, ,37, ,
1, ,37, ,
-1, ,36, ,
1, ,37, ,
1, ,37, ,
1, ,36, ,
2, ,37, ,
1, ,37, ,
-1, ,36, ,
1, ,37, ,
-1, ,37, ,
-1, ,37, ,
1, ,36, ,
1, ,37, ,
-1, ,36, ,
1, ,36, ,
1, ,37, ,
-1, ,36, ,
1, ,37, ,
1, ,36, ,
-1, ,36, ,
2, ,37, ,
1, ,37, ,
-1, ,36, ,
2, ,36, ,
1, ,36, ,
-1, ,36, ,
2, ,36, ,
-1, ,37, ,
-1, ,36, ,
1, ,36, ,
1, ,37, ,
-1, ,37, ,
2, ,37, ,
1, ,36, ,
-1, ,37, ,
1, ,37, ,
1, ,36, ,
-1, ,36, ,
1, ,36, ,
1, ,37, ,
1, ,36, ,
2, ,37, ,
1, ,37, ,
-1, ,36, ,
1, ,37, ,
1, ,37, ,
1, ,37, ,
1, ,36, ,
1, ,36, ,
-1, ,36, ,
1, ,36, ,
1, ,36, ,
1, ,37, ,
1, ,37, ,
1, ,36, ,
-1, ,36, ,
2, ,36, ,
1, ,37, ,
1, ,36, ,
1, ,36, ,
1, ,36, ,
-1, ,36, ,
2, ,36, ,
1, ,37, ,
1, ,36, ,
1, ,36, ,
1, ,36, ,
-1, ,36, ,
2, ,36, ,
1, ,37, ,
1, ,36, ,
1, ,36, ,
1, ,36, ,
-1, ,36, ,
2, ,36, ,
1, ,36, ,
1, ,36, ,
1, ,36, ,
1, ,36, ,
-1, ,37, ,
2, ,37, ,
1, ,37, ,
1, ,36, ,
1, ,36, ,
1, ,36, ,
-1, ,36, ,
1, ,36, ,
1, ,36, ,
1, ,36, ,
1, ,37, ,
1, ,36, ,
-1, ,37, ,
2, ,36, ,
1, ,37, ,
1, ,36, ,
2, ,36, ,
1, ,37, ,
-1, ,36, ,
2, ,36, ,
1, ,36, ,
1, ,37, ,
1, ,37, ,
1, ,36, ,
-1, ,37, ,
2, ,36, ,
1, ,37, ,
-1, ,36, ,
2, ,36, ,
1, ,36, ,
-1, ,36, ,
1, ,37, ,
1, ,36, ,
1, ,27, ,
1, ,7, ,
1, ,-9, ,
-1, ,-21, ,
1, ,-31, ,
-1, ,-38, ,
1, ,-43, ,
1, ,-46, ,
1, ,-49, ,
-1, ,-52, ,
2, ,-53, ,
-1, ,-54, ,
-1, ,-55, ,
1, ,-56, ,
2, ,-56, ,
-1, ,-57, ,
1, ,-57, ,
1, ,-57, ,
1, ,-57, ,
1, ,-58, ,
1, ,-57, ,
-1, ,-57, ,
2, ,-58, ,
-1, ,-58, ,
1, ,-57, ,
1, ,-58, ,
1, ,-57, ,
-1, ,-57, ,
1, ,-57, ,
-1, ,-57, ,
1, ,-57, ,
1, ,-58, ,
1, ,-57, ,
-1, ,-57, ,
1, ,-57, ,
-1, ,-57, ,
1, ,-57, ,
1, ,-58, ,
1, ,-56, ,
-1, ,-57, ,
2, ,-57, ,
-1, ,-57, ,
-1, ,-57, ,
1, ,-57, ,
1, ,-56, ,
-1, ,-57, ,
1, ,-57, ,
-1, ,-57, ,
-1, ,-56, ,
1, ,-57, ,
1, ,-57, ,
-1, ,-57, ,
1, ,-57, ,
-1, ,-57, ,
-1, ,-57, ,
1, ,-57, ,
1, ,-56, ,
-1, ,-57, ,
1, ,-57, ,
-1, ,-57, ,
-1, ,-56, ,
1, ,-57, ,
1, ,-57, ,
-1, ,-57, ,
1, ,-57, ,
-1, ,-57, ,
-1, ,-56, ,
1, ,-57, ,
1, ,-56, ,
-1, ,-57, ,
1, ,-57, ,
-1, ,-57, ,
-1, ,-56, ,
1, ,-57, ,
1, ,-57, ,
-1, ,-57, ,
1, ,-57, ,
-1, ,-57, ,
-1, ,-57, ,
1, ,-57, ,
1, ,-56, ,
-1, ,-57, ,
2, ,-57, ,
1, ,-57, ,
-1, ,-57, ,
1, ,-57, ,
1, ,-57, ,
-1, ,-57, ,
1, ,-57, ,
-1, ,-56, ,
1, ,-56, ,
1, ,-57, ,
1, ,-56, ,
-1, ,-57, ,
2, ,-57, ,
-1, ,-57, ,
1, ,-56, ,
1, ,-57, ,
1, ,-57, ,
-1, ,-57, ,
2, ,-57, ,
-1, ,-57, ,
1, ,-56, ,
1, ,-57, ,
1, ,-56, ,
-1, ,-56, ,
1, ,-57, ,
-1, ,-57, ,
-1, ,-57, ,
1, ,-57, ,
1, ,-56, ,
-1, ,-57, ,
2, ,-56, ,
-1, ,-57, ,
1, ,-57, ,
1, ,-57, ,
1, ,-56, ,
-1, ,-57, ,
2, ,-57, ,
-1, ,-57, ,
-1, ,-56, ,
1, ,-57, ,
1, ,-56, ,
-1, ,-57, ,
1, ,-57, ,
-1, ,-57, ,
1, ,-57, ,
1, ,-57, ,
1, ,-56, ,
-1, ,-56, ,
2, ,-57, ,
-1, ,-57, ,
-1, ,-57, ,
1, ,-57, ,
1, ,-56, ,
-1, ,-57, ,
1, ,-57, ,
-1, ,-57, ,
-1, ,-57, ,
1, ,-57, ,
1, ,-56, ,
-1, ,-57, ,
2, ,-57, ,
-1, ,-57, ,
-1, ,-57, ,
1, ,-57, ,
2, ,-57, ,
-1, ,-57, ,
2, ,-57, ,
-1, ,-57, ,
1, ,-56, ,
1, ,-57, ,
1, ,-56, ,
-1, ,-56, ,
1, ,-57, ,
-1, ,-57, ,
-1, ,-56, ,
1, ,-57, ,
1, ,-57, ,
-1, ,-57, ,
2, ,-57, ,
-1, ,-57, ,
-1, ,-56, ,
1, ,-57, ,
1, ,-56, ,
-1, ,-56, ,
1, ,-57, ,
-1, ,-56, ,
-1, ,-56, ,
1, ,-57, ,
1, ,-56, ,
-1, ,-57, ,
1, ,-57, ,
-1, ,-57, ,
1, ,-57, ,
1, ,-57, ,
1, ,-56, ,
-1, ,-57, ,
1, ,-57, ,
-1, ,-57, ,
-1, ,-57, ,
1, ,-57, ,
1, ,-56, ,
-1, ,-57, ,
1, ,-56, ,
-1, ,-56, ,
-1, ,-56, ,
1, ,-57, ,
1, ,-56, ,
-1, ,-57, ,
1, ,-57, ,
-1, ,-56, ,
-1, ,-56, ,
1, ,-57, ,
1, ,-57, ,
-1, ,-57, ,
1, ,-57, ,
-1, ,-56, ,
-1, ,-56, ,
1, ,-57, ,
1, ,-56, ,
-1, ,-57, ,
1, ,-57, ,
-1, ,-56, ,
-1, ,-56, ,
1, ,-57, ,
1, ,-56, ,
-1, ,-57, ,
1, ,-57, ,
-1, ,-57, ,
-1, ,-56, ,
1, ,-57, ,
1, ,-56, ,
-1, ,-57, ,
1, ,-57, ,
-1, ,-57, ,
-1, ,-56, ,
1, ,-57, ,
1, ,-56, ,
-1, ,-57, ,
1, ,-57, ,
-1, ,-57, ,
-1, ,-56, ,
1, ,-57, ,
1, ,-56, ,
-1, ,-57, ,
1, ,-57, ,
-1, ,-57, ,
-1, ,-56, ,
1, ,-57, ,
1, ,-57, ,
-1, ,-57, ,
2, ,-57, ,
-1, ,-57, ,
-1, ,-57, ,
1, ,-57, ,
1, ,-56, ,
-1, ,-57, ,
2, ,-57, ,
-1, ,-57, ,
-1, ,-56, ,
1, ,-57, ,
1, ,-56, ,
-1, ,-57, ,
1, ,-57, ,
-1, ,-57, ,
1, ,-56, ,
1, ,-57, ,
1, ,-56, ,
-1, ,-57, ,
1, ,-57, ,
-1, ,-57, ,
1, ,-56, ,
1, ,-57, ,
1, ,-57, ,
-1, ,-57, ,
2, ,-57, ,
-1, ,-57, ,
-1, ,-56, ,
1, ,-57, ,
1, ,-56, ,
-1, ,-57, ,
1, ,-57, ,
-1, ,-57, ,
1, ,-56, ,
1, ,-57, ,
1, ,-57, ,
-1, ,-57, ,
1, ,-57, ,
-1, ,-57, ,
-1, ,-57, ,
1, ,-57, ,
1, ,-56, ,
-1, ,-57, ,
1, ,-57, ,
-1, ,-57, ,
1, ,-56, ,
1, ,-57, ,
1, ,-57, ,
-1, ,-57, ,
1, ,-57, ,
-1, ,-57, ,
-1, ,-56, ,
1, ,-57, ,
1, ,-56, ,
-1, ,-57, ,
1, ,-57, ,
-1, ,-57, ,
-1, ,-56, ,
1, ,-57, ,
1, ,-57, ,
-1, ,-57, ,
1, ,-57, ,
-1, ,-56, ,
-1, ,-56, ,
1, ,-57, ,
1, ,-56, ,
-1, ,-57, ,
2, ,-57, ,
-1, ,-56, ,
-1, ,-57, ,
1, ,-57, ,
1, ,-57, ,
-1, ,-57, ,
1, ,-57, ,
-1, ,-57, ,
-1, ,-56, ,
1, ,-57, ,
1, ,-56, ,
-1, ,-57, ,
1, ,-57, ,
-1, ,-57, ,
-1, ,-56, ,
1, ,-57, ,
1, ,-57, ,
-1, ,-57, ,
1, ,-57, ,
-1, ,-56, ,
-1, ,-57, ,
1, ,-57, ,
1, ,-56, ,
-1, ,-56, ,
2, ,-57, ,
-1, ,-56, ,
1, ,-56, ,
1, ,-57, ,
1, ,-57, ,
-1, ,-57, ,
1, ,-56, ,
-1, ,-56, ,
-1, ,-56, ,
1, ,-57, ,
1, ,-56, ,
-1, ,-57, ,
1, ,-57, ,
-1, ,-56, ,
-1, ,-57, ,
1, ,-57, ,
1, ,-56, ,
-1, ,-57, ,
1, ,-57, ,
-1, ,-57, ,
-1, ,-56, ,
1, ,-57, ,
1, ,-57, ,
-1, ,-57, ,
1, ,-57, ,
-1, ,-56, ,
-1, ,-56, ,
1, ,-57, ,
1, ,-56, ,
-1, ,-57, ,
1, ,-57, ,
-1, ,-57, ,
1, ,-56, ,
1, ,-57, ,
1, ,-56, ,
-1, ,-57, ,
2, ,-57, ,
-1, ,-57, ,
1, ,-56, ,
1, ,-57, ,
1, ,-57, ,
-1, ,-57, ,
1, ,-56, ,
-1, ,-57, ,
-1, ,-56, ,
1, ,-57, ,
1, ,-56, ,
-1, ,-57, ,
1, ,-57, ,
-1, ,-57, ,
-1, ,-56, ,
1, ,-57, ,
1, ,-57, ,
-1, ,-57, ,
2, ,-57, ,
-1, ,-57, ,
1, ,-57, ,
1, ,-57, ,
1, ,-56, ,
-1, ,-57, ,
2, ,-57, ,
-1, ,-56, ,
-1, ,-56, ,
1, ,-57, ,
1, ,-57, ,
-1, ,-57, ,
1, ,-57, ,
-1, ,-57, ,
-1, ,-56, ,
1, ,-57, ,
1, ,-56, ,
-1, ,-57, ,
1, ,-57, ,
-1, ,-57, ,
1, ,-56, ,
1, ,-57, ,
1, ,-57, ,
-1, ,-57, ,
2, ,-57, ,
-1, ,-57, ,
-1, ,-56, ,
1, ,-57, ,
1, ,-56, ,
-1, ,-57, ,
1, ,-56, ,
-1, ,-56, ,
-1, ,-57, ,
1, ,-57, ,
1, ,-57, ,
-1, ,-57, ,
1, ,-57, ,
-1, ,-56, ,
-1, ,-56, ,
1, ,-57, ,
1, ,-56, ,
-1, ,-57, ,
1, ,-57, ,
-1, ,-56, ,
-1, ,-56, ,
1, ,-57, ,
1, ,-57, ,
-1, ,-57, ,
1, ,-56, ,
-1, ,-57, ,
-1, ,-56, ,
1, ,-57, ,
1, ,-56, ,
-1, ,-57, ,
1, ,-57, ,
-1, ,-57, ,
-1, ,-57, ,
1, ,-57, ,
1, ,-56, ,
-1, ,-57, ,
1, ,-57, ,
-1, ,-57, ,
-1, ,-57, ,
1, ,-57, ,
1, ,-56, ,
-1, ,-57, ,
1, ,-57, ,
-1, ,-57, ,
-1, ,-56, ,
1, ,-57, ,
1, ,-57, ,
-1, ,-57, ,
2, ,-57, ,
-1, ,-57, ,
-1, ,-57, ,
1, ,-57, ,
1, ,-57, ,
-1, ,-57, ,
1, ,-57, ,
-1, ,-57, ,
-1, ,-56, ,
1, ,-57, ,
1, ,-57, ,
-1, ,-57, ,
2, ,-57, ,
-1, ,-57, ,
-1, ,-56, ,
1, ,-57, ,
1, ,-56, ,
-1, ,-57, ,
1, ,-57, ,
-1, ,-57, ,
-1, ,-56, ,
1, ,-57, ,
1, ,-56, ,
-1, ,-57, ,
2, ,-57, ,
-1, ,-57, ,
-1, ,-56, ,
1, ,-57, ,
1, ,-56, ,
-1, ,-57, ,
1, ,-57, ,
-1, ,-57, ,
-1, ,-56, ,
1, ,-57, ,
1, ,-57, ,
-1, ,-57, ,
2, ,-56, ,
-1, ,-57, ,
-1, ,-57, ,
1, ,-57, ,
1, ,-56, ,
-1, ,-57, ,
2, ,-57, ,
-1, ,-57, ,
-1, ,-56, ,
1, ,-57, ,
1, ,-56, ,
-1, ,-57, ,
1, ,-56, ,
-1, ,-56, ,
1, ,-57, ,
1, ,-57, ,
1, ,-56, ,
-1, ,-57, ,
1, ,-57, ,
-1, ,-56, ,
-1, ,-56, ,
1, ,-57, ,
1, ,-56, ,
-1, ,-57, ,
1, ,-57, ,
-1, ,-57, ,
-1, ,-56, ,
1, ,-57, ,
1, ,-56, ,
-1, ,-57, ,
1, ,-57, ,
-1, ,-57, ,
-1, ,-56, ,
1, ,-57, ,
1, ,-57, ,
-1, ,-57, ,
2, ,-56, ,
-1, ,-57, ,
-1, ,-56, ,
1, ,-57, ,
1, ,-56, ,
-1, ,-57, ,
1, ,-57, ,
-1, ,-57, ,
-1, ,-56, ,
1, ,-57, ,
1, ,-56, ,
-1, ,-57, ,
1, ,-56, ,
-1, ,-56, ,
-1, ,-56, ,
1, ,-57, ,
1, ,-57, ,
-1, ,-57, ,
1, ,-57, ,
-1, ,-57, ,
-1, ,-57, ,
1, ,-57, ,
1, ,-56, ,
-1, ,-57, ,
1, ,-56, ,
-1, ,-57, ,
1, ,-56, ,
1, ,-57, ,
1, ,-56, ,
-1, ,-57, ,
1, ,-57, ,
-1, ,-57, ,
-1, ,-56, ,
1, ,-57, ,
1, ,-56, ,
-1, ,-57, ,
1, ,-57, ,
-1, ,-57, ,
-1, ,-57, ,
1, ,-57, ,
1, ,-56, ,
-1, ,-57, ,
1, ,-57, ,
-1, ,-57, ,
-1, ,-57, ,
1, ,-57, ,
1, ,-57, ,
-1, ,-57, ,
2, ,-56, ,
-1, ,-57, ,
-1, ,-57, ,
1, ,-57, ,
1, ,-56, ,
-1, ,-57, ,
1, ,-57, ,
-1, ,-57, ,
-1, ,-57, ,
1, ,-57, ,
1, ,-57, ,
-1, ,-57, ,
1, ,-57, ,
-1, ,-57, ,
-1, ,-57, ,
1, ,-57, ,
1, ,-56, ,
-1, ,-57, ,
1, ,-57, ,
-1, ,-57, ,
-1, ,-57, ,
1, ,-57, ,
1, ,-56, ,
-1, ,-57, ,
1, ,-57, ,
-1, ,-56, ,
-1, ,-56, ,
1, ,-57, ,
1, ,-56, ,
-1, ,-57, ,
2, ,-57, ,
-1, ,-56, ,
-1, ,-56, ,
1, ,-57, ,
1, ,-57, ,
-1, ,-57, ,
1, ,-57, ,
-1, ,-57, ,
1, ,-56, ,
1, ,-57, ,
1, ,-56, ,
-1, ,-57, ,
1, ,-57, ,
-1, ,-57, ,
1, ,-57, ,
1, ,-57, ,
1, ,-56, ,
-1, ,-57, ,
1, ,-57, ,
-1, ,-57, ,
-1, ,-57, ,
1, ,-57, ,
1, ,-56, ,
-1, ,-57, ,
1, ,-57, ,
-1, ,-57, ,
-1, ,-56, ,
1, ,-57, ,
1, ,-56, ,
-1, ,-43, ,
2, ,-22, ,
-1, ,-7, ,
1, ,4, ,
1, ,13, ,
1, ,19, ,
-1, ,23, ,
2, ,27, ,
-1, ,30, ,
1, ,32, ,
1, ,33, ,
1, ,34, ,
-1, ,35, ,
2, ,36, ,
-1, ,36, ,
-1, ,36, ,
1, ,37, ,
1, ,37, ,
-1, ,37, ,
1, ,37, ,
1, ,37, ,
-1, ,37, ,
1, ,37, ,
1, ,37, ,
-1, ,37, ,
1, ,37, ,
-1, ,37, ,
-1, ,37, ,
1, ,37, ,
1, ,37, ,
-1, ,37, ,
1, ,37, ,
1, ,37, ,
-1, ,37, ,
1, ,37, ,
1, ,37, ,
-1, ,36, ,
1, ,37, ,
-1, ,37, ,
-1, ,37, ,
1, ,37, ,
1, ,37, ,
-1, ,37, ,
1, ,36, ,
-1, ,37, ,
-1, ,36, ,
1, ,37, ,
1, ,36, ,
-1, ,36, ,
1, ,37, ,
1, ,37, ,
-1, ,36, ,
1, ,37, ,
1, ,36, ,
-1, ,36, ,
1, ,37, ,
-1, ,37, ,
-1, ,36, ,
1, ,37, ,
1, ,36, ,
-1, ,36, ,
1, ,37, ,
-1, ,37, ,
-1, ,37, ,
1, ,37, ,
1, ,37, ,
-1, ,36, ,
1, ,36, ,
-1, ,37, ,
-1, ,36, ,
1, ,36, ,
-1, ,36, ,
-1, ,36, ,
1, ,36, ,
-1, ,36, ,
-1, ,37, ,
1, ,36, ,
1, ,36, ,
-1, ,36, ,
1, ,36, ,
1, ,36, ,
-1, ,37, ,
1, ,36, ,
-1, ,36, ,
-1, ,36, ,
1, ,36, ,
-1, ,37, ,
-1, ,37, ,
1, ,36, ,
1, ,36, ,
-1, ,36, ,
1, ,36, ,
1, ,37, ,
-1, ,36, ,
1, ,36, ,
1, ,36, ,
-1, ,36, ,
1, ,36, ,
-1, ,37, ,
-1, ,37, ,
1, ,36, ,
1, ,37, ,
-1, ,36, ,
1, ,36, ,
-1, ,36, ,
-1, ,36, ,
1, ,37, ,
1, ,36, ,
-1, ,36, ,
1, ,36, ,
-1, ,37, ,
-1, ,36, ,
1, ,37, ,
1, ,36, ,
-1, ,36, ,
1, ,36, ,
-1, ,36, ,
-1, ,36, ,
1, ,36, ,
1, ,37, ,
-1, ,36, ,
1, ,36, ,
-1, ,37, ,
-1, ,36, ,
1, ,36, ,
1, ,36, ,
-1, ,36, ,
1, ,36, ,
1, ,36, ,
-1, ,36, ,
1, ,36, ,
1, ,36, ,
-1, ,36, ,
1, ,36, ,
-1, ,37, ,
-1, ,36, ,
1, ,36, ,
1, ,36, ,
-1, ,36, ,
1, ,36, ,
-1, ,36, ,
-1, ,36, ,
1, ,37, ,
1, ,36, ,
-1, ,36, ,
1, ,36, ,
-1, ,37, ,
-1, ,36, ,
1, ,36, ,
1, ,36, ,
-1, ,36, ,
1, ,36, ,
-1, ,36, ,
-1, ,36, ,
1, ,32, ,
-1, ,13, ,
-1, ,-5, ,
1, ,-19, ,
-1, ,-28, ,
-1, ,-36, ,
1, ,-42, ,
1, ,-45, ,
-1, ,-49, ,
1, ,-51, ,
-1, ,-53, ,
-1, ,-54, ,
1, ,-55, ,
1, ,-56, ,
-1, ,-56, ,
1, ,-57, ,
-1, ,-57, ,
-1, ,-57, ,
1, ,-57, ,
1, ,-57, ,
-1, ,-57, ,
1, ,-57, ,
-1, ,-57, ,
-1, ,-57, ,
1, ,-58, ,
1, ,-57, ,
-1, ,-58, ,
1, ,-57, ,
-1, ,-57, ,
-1, ,-57, ,
1, ,-58, ,
1, ,-57, ,
-1, ,-57, ,
1, ,-57, ,
-1, ,-57, ,
-1, ,-57, ,
1, ,-57, ,
1, ,-57, ,
-1, ,-57, ,
1, ,-57, ,
-1, ,-57, ,
-1, ,-57, ,
1, ,-58, ,
1, ,-56, ,
-1, ,-57, ,
1, ,-57, ,
-1, ,-57, ,
-1, ,-57, ,
-1, ,-57, ,
1, ,-57, ,
-1, ,-57, ,
2, ,-57, ,
-1, ,-57, ,
-1, ,-56, ,
1, ,-57, ,
1, ,-56, ,
-1, ,-57, ,
1, ,-57, ,
-1, ,-57, ,
-1, ,-56, ,
1, ,-57, ,
1, ,-57, ,
-1, ,-57, ,
1, ,-57, ,
-1, ,-57, ,
1, ,-57, ,
1, ,-57, ,
1, ,-56, ,
-1, ,-57, ,
2, ,-57, ,
-1, ,-57, ,
-1, ,-56, ,
1, ,-57, ,
1, ,-56, ,
-1, ,-57, ,
1, ,-57, ,
-1, ,-57, ,
1, ,-56, ,
1, ,-57, ,
1, ,-56, ,
-1, ,-57, ,
1, ,-57, ,
-1, ,-56, ,
-1, ,-57, ,
1, ,-57, ,
1, ,-57, ,
-1, ,-57, ,
1, ,-57, ,
-1, ,-57, ,
-1, ,-57, ,
1, ,-57, ,
1, ,-56, ,
-1, ,-57, ,
1, ,-57, ,
-1, ,-57, ,
-1, ,-56, ,
1, ,-57, ,
1, ,-56, ,
-1, ,-57, ,
1, ,-57, ,
-1, ,-57, ,
1, ,-57, ,
1, ,-57, ,
1, ,-56, ,
-1, ,-57, ,
2, ,-57, ,
-1, ,-57, ,
-1, ,-56, ,
1, ,-57, ,
1, ,-57, ,
-1, ,-57, ,
1, ,-56, ,
-1, ,-57, ,
-1, ,-56, ,
1, ,-57, ,
1, ,-56, ,
-1, ,-57, ,
2, ,-57, ,
-1, ,-57, ,
-1, ,-56, ,
1, ,-57, ,
1, ,-57, ,
-1, ,-57, ,
1, ,-56, ,
-1, ,-57, ,
1, ,-57, ,
1, ,-57, ,
1, ,-56, ,
-1, ,-57, ,
1, ,-57, ,
-1, ,-57, ,
1, ,-56, ,
1, ,-57, ,
1, ,-56, ,
-1, ,-57, ,
1, ,-57, ,
-1, ,-57, ,
-1, ,-56, ,
1, ,-57, ,
1, ,-56, ,
-1, ,-57, ,
1, ,-57, ,
-1, ,-57, ,
-1, ,-56, ,
1, ,-57, ,
1, ,-56, ,
-1, ,-57, ,
1, ,-56, ,
-1, ,-57, ,
-1, ,-57, ,
1, ,-57, ,
1, ,-56, ,
-1, ,-57, ,
1, ,-57, ,
-1, ,-57, ,
-1, ,-56, ,
1, ,-57, ,
1, ,-56, ,
-1, ,-57, ,
1, ,-56, ,
-1, ,-57, ,
-1, ,-57, ,
1, ,-57, ,
1, ,-56, ,
-1, ,-57, ,
2, ,-57, ,
-1, ,-56, ,
-1, ,-57, ,
1, ,-57, ,
1, ,-56, ,
-1, ,-57, ,
1, ,-57, ,
-1, ,-57, ,
-1, ,-56, ,
1, ,-57, ,
1, ,-56, ,
-2, ,-57, ,
1, ,-57, ,
-1, ,-57, ,
-1, ,-56, ,
1, ,-57, ,
1, ,-57, ,
-1, ,-57, ,
1, ,-57, ,
-1, ,-57, ,
-1, ,-56, ,
1, ,-57, ,
1, ,-56, ,
-1, ,-57, ,
1, ,-57, ,
-1, ,-57, ,
-1, ,-56, ,
1, ,-57, ,
1, ,-57, ,
-1, ,-57, ,
1, ,-56, ,
-1, ,-57, ,
-1, ,-56, ,
1, ,-57, ,
1, ,-56, ,
-1, ,-57, ,
1, ,-57, ,
-1, ,-57, ,
-1, ,-56, ,
1, ,-57, ,
1, ,-57, ,
-2, ,-57, ,
1, ,-56, ,
-1, ,-57, ,
-1, ,-57, ,
1, ,-57, ,
1, ,-56, ,
-1, ,-57, ,
1, ,-57, ,
-1, ,-57, ,
-1, ,-56, ,
1, ,-57, ,
1, ,-57, ,
-1, ,-57, ,
1, ,-56, ,
-1, ,-57, ,
-1, ,-56, ,
1, ,-57, ,
1, ,-56, ,
-1, ,-57, ,
1, ,-57, ,
-1, ,-57, ,
-1, ,-56, ,
1, ,-57, ,
1, ,-56, ,
-1, ,-57, ,
1, ,-57, ,
-1, ,-57, ,
-1, ,-57, ,
1, ,-57, ,
1, ,-56, ,
-1, ,-57, ,
1, ,-57, ,
-1, ,-57, ,
-1, ,-56, ,
1, ,-57, ,
1, ,-56, ,
-1, ,-57, ,
1, ,-56, ,
-1, ,-57, ,
-1, ,-57, ,
1, ,-57, ,
1, ,-56, ,
-1, ,-57, ,
1, ,-57, ,
-1, ,-57, ,
-1, ,-56, ,
1, ,-57, ,
1, ,-56, ,
-1, ,-57, ,
1, ,-57, ,
-1, ,-57, ,
-1, ,-56, ,
1, ,-57, ,
1, ,-56, ,
-1, ,-57, ,
1, ,-57, ,
-1, ,-57, ,
-1, ,-56, ,
1, ,-57, ,
1, ,-56, ,
-1, ,-57, ,
1, ,-56, ,
-1, ,-57, ,
-1, ,-56, ,
1, ,-57, ,
1, ,-56, ,
-1, ,-57, ,
2, ,-57, ,
-1, ,-56, ,
-1, ,-56, ,
1, ,-57, ,
1, ,-56, ,
-1, ,-57, ,
1, ,-57, ,
-1, ,-57, ,
1, ,-56, ,
1, ,-57, ,
1, ,-56, ,
-1, ,-57, ,
1, ,-57, ,
-1, ,-56, ,
-1, ,-56, ,
1, ,-57, ,
1, ,-56, ,
-1, ,-57, ,
1, ,-57, ,
-1, ,-57, ,
-1, ,-56, ,
1, ,-57, ,
1, ,-56, ,
-1, ,-56, ,
2, ,-57, ,
-1, ,-57, ,
-1, ,-56, ,
1, ,-57, ,
1, ,-56, ,
-1, ,-57, ,
1, ,-57, ,
-1, ,-57, ,
-1, ,-57, ,
1, ,-57, ,
1, ,-56, ,
-1, ,-57, ,
1, ,-57, ,
-1, ,-57, ,
-1, ,-57, ,
1, ,-57, ,
1, ,-56, ,
-1, ,-57, ,
1, ,-56, ,
-1, ,-57, ,
-1, ,-56, ,
1, ,-57, ,
1, ,-56, ,
-1, ,-56, ,
1, ,-57, ,
-1, ,-57, ,
-1, ,-56, ,
1, ,-57, ,
1, ,-56, ,
-1, ,-57, ,
1, ,-57, ,
-1, ,-57, ,
-1, ,-56, ,
1, ,-57, ,
1, ,-56, ,
-1, ,-57, ,
1, ,-57, ,
-1, ,-57, ,
-1, ,-57, ,
1, ,-57, ,
1, ,-56, ,
-1, ,-57, ,
1, ,-56, ,
-1, ,-57, ,
-1, ,-56, ,
1, ,-57, ,
1, ,-56, ,
-1, ,-56, ,
1, ,-57, ,
-1, ,-57, ,
-1, ,-56, ,
1, ,-57, ,
1, ,-56, ,
-1, ,-57, ,
1, ,-56, ,
-1, ,-56, ,
-1, ,-56, ,
1, ,-57, ,
1, ,-56, ,
-1, ,-57, ,
2, ,-57, ,
-1, ,-57, ,
-1, ,-57, ,
1, ,-57, ,
1, ,-57, ,
-1, ,-57, ,
1, ,-57, ,
-1, ,-56, ,
1, ,-56, ,
1, ,-57, ,
1, ,-56, ,
-1, ,-57, ,
2, ,-57, ,
-1, ,-57, ,
-1, ,-56, ,
1, ,-57, ,
1, ,-56, ,
-1, ,-57, ,
1, ,-57, ,
-1, ,-57, ,
-1, ,-57, ,
1, ,-57, ,
1, ,-56, ,
-2, ,-57, ,
1, ,-57, ,
-1, ,-57, ,
1, ,-56, ,
1, ,-57, ,
1, ,-56, ,
-1, ,-57, ,
1, ,-57, ,
-1, ,-57, ,
-1, ,-56, ,
1, ,-57, ,
1, ,-56, ,
-1, ,-56, ,
1, ,-57, ,
-1, ,-56, ,
1, ,-56, ,
1, ,-57, ,
1, ,-56, ,
-1, ,-57, ,
2, ,-57, ,
-1, ,-57, ,
-1, ,-56, ,
1, ,-57, ,
1, ,-56, ,
-1, ,-56, ,
1, ,-57, ,
-1, ,-57, ,
-1, ,-56, ,
1, ,-57, ,
1, ,-56, ,
-1, ,-57, ,
1, ,-57, ,
-1, ,-57, ,
-1, ,-56, ,
1, ,-57, ,
1, ,-56, ,
-1, ,-57, ,
1, ,-57, ,
-1, ,-57, ,
-1, ,-56, ,
1, ,-57, ,
1, ,-56, ,
-1, ,-57, ,
1, ,-57, ,
-1, ,-57, ,
-1, ,-56, ,
1, ,-57, ,
1, ,-56, ,
-1, ,-57, ,
1, ,-57, ,
-1, ,-57, ,
-1, ,-56, ,
1, ,-57, ,
1, ,-56, ,
-1, ,-57, ,
1, ,-57, ,
-1, ,-57, ,
-1, ,-56, ,
1, ,-57, ,
1, ,-56, ,
-1, ,-57, ,
1, ,-57, ,
-1, ,-57, ,
-1, ,-56, ,
1, ,-57, ,
1, ,-56, ,
-1, ,-57, ,
1, ,-57, ,
-1, ,-57, ,
-1, ,-57, ,
1, ,-57, ,
1, ,-56, ,
-1, ,-57, ,
1, ,-57, ,
-1, ,-57, ,
-1, ,-57, ,
1, ,-57, ,
1, ,-57, ,
-1, ,-57, ,
1, ,-57, ,
-1, ,-57, ,
-1, ,-57, ,
1, ,-57, ,
1, ,-56, ,
-1, ,-57, ,
1, ,-57, ,
-1, ,-57, ,
-1, ,-56, ,
1, ,-57, ,
1, ,-57, ,
-1, ,-56, ,
1, ,-57, ,
-1, ,-57, ,
-1, ,-57, ,
1, ,-57, ,
1, ,-56, ,
-1, ,-57, ,
1, ,-57, ,
-1, ,-57, ,
-1, ,-57, ,
1, ,-57, ,
1, ,-56, ,
-1, ,-57, ,
1, ,-57, ,
-1, ,-57, ,
-1, ,-56, ,
1, ,-57, ,
1, ,-56, ,
-1, ,-57, ,
1, ,-57, ,
-1, ,-57, ,
-1, ,-56, ,
1, ,-57, ,
1, ,-56, ,
-1, ,-57, ,
1, ,-57, ,
-1, ,-57, ,
-1, ,-56, ,
1, ,-57, ,
1, ,-56, ,
-1, ,-57, ,
1, ,-57, ,
-1, ,-56, ,
-1, ,-57, ,
1, ,-57, ,
1, ,-56, ,
-1, ,-57, ,
2, ,-57, ,
-1, ,-57, ,
-1, ,-57, ,
1, ,-57, ,
1, ,-56, ,
-1, ,-57, ,
1, ,-57, ,
-1, ,-56, ,
-1, ,-56, ,
1, ,-57, ,
1, ,-56, ,
-1, ,-57, ,
1, ,-57, ,
-1, ,-57, ,
-1, ,-56, ,
1, ,-57, ,
1, ,-56, ,
-1, ,-57, ,
1, ,-57, ,
-1, ,-57, ,
1, ,-56, ,
1, ,-57, ,
1, ,-56, ,
-1, ,-57, ,
1, ,-57, ,
-1, ,-56, ,
-1, ,-56, ,
1, ,-57, ,
1, ,-56, ,
-1, ,-57, ,
1, ,-57, ,
-1, ,-57, ,
-1, ,-56, ,
1, ,-57, ,
1, ,-56, ,
-1, ,-57, ,
1, ,-57, ,
-1, ,-57, ,
-1, ,-56, ,
1, ,-57, ,
1, ,-56, ,
-1, ,-57, ,
1, ,-57, ,
-1, ,-57, ,
-1, ,-56, ,
1, ,-57, ,
1, ,-56, ,
-1, ,-57, ,
1, ,-57, ,
-1, ,-57, ,
-1, ,-56, ,
1, ,-57, ,
1, ,-56, ,
-1, ,-57, ,
1, ,-57, ,
-1, ,-57, ,
-1, ,-56, ,
1, ,-57, ,
1, ,-57, ,
-1, ,-57, ,
1, ,-57, ,
-1, ,-57, ,
-1, ,-56, ,
1, ,-57, ,
1, ,-56, ,
-1, ,-57, ,
1, ,-57, ,
-1, ,-57, ,
-1, ,-57, ,
1, ,-57, ,
1, ,-57, ,
-1, ,-57, ,
1, ,-57, ,
-1, ,-57, ,
-1, ,-57, ,
1, ,-57, ,
1, ,-56, ,
-1, ,-57, ,
1, ,-57, ,
-1, ,-56, ,
-1, ,-56, ,
1, ,-57, ,
1, ,-56, ,
-1, ,-57, ,
1, ,-57, ,
-1, ,-57, ,
1, ,-56, ,
1, ,-57, ,
1, ,-56, ,
-1, ,-57, ,
1, ,-57, ,
-1, ,-57, ,
-1, ,-57, ,
1, ,-57, ,
1, ,-57, ,
-1, ,-57, ,
1, ,-56, ,
-1, ,-57, ,
-1, ,-57, ,
1, ,-57, ,
1, ,-56, ,
-1, ,-57, ,
1, ,-57, ,
-1, ,-57, ,
-1, ,-56, ,
1, ,-57, ,
1, ,-56, ,
-1, ,-57, ,
1, ,-57, ,
-1, ,-57, ,
-1, ,-56, ,
1, ,-57, ,
1, ,-56, ,
-1, ,-57, ,
1, ,-57, ,
-1, ,-57, ,
-1, ,-56, ,
1, ,-57, ,
1, ,-56, ,
-1, ,-57, ,
1, ,-47, ,
-1, ,-27, ,
1, ,-11, ,
1, ,1, ,
1, ,11, ,
-1, ,17, ,
2, ,22, ,
-1, ,26, ,
-1, ,30, ,
1, ,32, ,
1, ,33, ,
-1, ,34, ,
2, ,35, ,
-1, ,36, ,
-1, ,36, ,
1, ,37, ,
1, ,37, ,
-1, ,37, ,
2, ,37, ,
-1, ,37, ,
-1, ,37, ,
1, ,37, ,
1, ,37, ,
-1, ,37, ,
1, ,37, ,
-1, ,37, ,
-1, ,37, ,
1, ,37, ,
1, ,37, ,
-1, ,37, ,
1, ,37, ,
-1, ,37, ,
-1, ,37, ,
1, ,37, ,
1, ,37, ,
-1, ,37, ,
2, ,37, ,
-1, ,37, ,
-1, ,37, ,
1, ,37, ,
1, ,37, ,
-1, ,37, ,
1, ,37, ,
-1, ,37, ,
-1, ,37, ,
1, ,37, ,
1, ,36, ,
-1, ,37, ,
1, ,37, ,
-1, ,37, ,
-1, ,37, ,
1, ,37, ,
1, ,37, ,
-1, ,36, ,
1, ,36, ,
-1, ,37, ,
-1, ,37, ,
1, ,37, ,
1, ,36, ,
-1, ,36, ,
1, ,37, ,
-1, ,37, ,
-1, ,37, ,
1, ,37, ,
1, ,37, ,
-1, ,36, ,
1, ,36, ,
-1, ,37, ,
-1, ,36, ,
1, ,37, ,
-1, ,36, ,
-1, ,36, ,
1, ,36, ,
-1, ,37, ,
-1, ,36, ,
1, ,36, ,
1, ,37, ,
-1, ,36, ,
1, ,36, ,
-1, ,37, ,
-1, ,36, ,
1, ,37, ,
1, ,36, ,
-1, ,36, ,
1, ,36, ,
-1, ,37, ,
-1, ,36, ,
1, ,36, ,
1, ,37, ,
-1, ,36, ,
1, ,36, ,
-1, ,37, ,
-1, ,37, ,
1, ,36, ,
1, ,36, ,
-1, ,36, ,
1, ,36, ,
-1, ,37, ,
-1, ,36, ,
1, ,36, ,
1, ,36, ,
-1, ,36, ,
1, ,36, ,
-1, ,37, ,
-1, ,37, ,
1, ,37, ,
1, ,37, ,
-1, ,36, ,
1, ,37, ,
-1, ,36, ,
-1, ,36, ,
1, ,36, ,
1, ,36, ,
-1, ,36, ,
1, ,36, ,
-1, ,37, ,
-1, ,36, ,
1, ,37, ,
1, ,37, ,
-1, ,36, ,
1, ,37, ,
-1, ,37, ,
-1, ,36, ,
1, ,36, ,
1, ,36, ,
-1, ,36, ,
1, ,36, ,
-1, ,36, ,
-1, ,36, ,
1, ,36, ,
1, ,36, ,
-1, ,36, ,
1, ,36, ,
-1, ,37, ,
-1, ,37, ,
1, ,36, ,
1, ,36, ,
-1, ,36, ,
1, ,36, ,
-1, ,37, ,
-1, ,36, ,
1, ,36, ,
1, ,36, ,
-1, ,36, ,
1, ,37, ,
-1, ,37, ,
-1, ,36, ,
1, ,36, ,
1, ,37, ,
-1, ,36, ,
1, ,36, ,
1, ,36, ,
-1, ,36, ,
1, ,37, ,
1, ,35, ,
-1, ,18, ,
1, ,-1, ,
-1, ,-16, ,
-1, ,-26, ,
1, ,-35, ,
1, ,-40, ,
-1, ,-44, ,
1, ,-49, ,
-1, ,-51, ,
-1, ,-52, ,
1, ,-54, ,
1, ,-55, ,
-1, ,-56, ,
1, ,-56, ,
-1, ,-56, ,
-1, ,-57, ,
1, ,-57, ,
1, ,-57, ,
-1, ,-57, ,
1, ,-57, ,
-1, ,-57, ,
-1, ,-57, ,
1, ,-58, ,
1, ,-57, ,
-1, ,-57, ,
1, ,-57, ,
-1, ,-57, ,
-1, ,-57, ,
1, ,-58, ,
1, ,-57, ,
-1, ,-57, ,
1, ,-57, ,
-1, ,-57, ,
-1, ,-57, ,
1, ,-58, ,
1, ,-57, ,
-1, ,-57, ,
1, ,-57, ,
-1, ,-57, ,
1, ,-57, ,
1, ,-57, ,
1, ,-57, ,
-1, ,-57, ,
1, ,-57, ,
-1, ,-57, ,
-1, ,-56, ,
1, ,-57, ,
1, ,-57, ,
-1, ,-57, ,
1, ,-57, ,
-1, ,-57, ,
-1, ,-57, ,
1, ,-57, ,
1, ,-56, ,
-1, ,-57, ,
1, ,-57, ,
-1, ,-57, ,
-1, ,-57, ,
1, ,-57, ,
1, ,-57, ,
-1, ,-57, ,
1, ,-57, ,
-1, ,-57, ,
-1, ,-56, ,
1, ,-57, ,
-1, ,-56, ,
-1, ,-57, ,
1, ,-57, ,
-1, ,-56, ,
-1, ,-56, ,
1, ,-57, ,
1, ,-57, ,
-1, ,-57, ,
1, ,-57, ,
-1, ,-57, ,
-1, ,-56, ,
1, ,-57, ,
1, ,-56, ,
-1, ,-57, ,
1, ,-57, ,
-1, ,-57, ,
-1, ,-56, ,
1, ,-57, ,
1, ,-56, ,
-1, ,-57, ,
2, ,-57, ,
-1, ,-57, ,
-1, ,-57, ,
1, ,-57, ,
1, ,-56, ,
-1, ,-57, ,
1, ,-57, ,
-1, ,-57, ,
-1, ,-56, ,
1, ,-57, ,
1, ,-56, ,
-1, ,-57, ,
1, ,-57, ,
-1, ,-57, ,
-1, ,-56, ,
1, ,-57, ,
1, ,-56, ,
-1, ,-57, ,
1, ,-57, ,
-1, ,-57, ,
-1, ,-57, ,
1, ,-57, ,
1, ,-56, ,
-1, ,-57, ,
1, ,-57, ,
-1, ,-57, ,
-1, ,-56, ,
1, ,-57, ,
1, ,-56, ,
-1, ,-57, ,
1, ,-57, ,
-1, ,-57, ,
-1, ,-56, ,
1, ,-57, ,
1, ,-56, ,
-1, ,-57, ,
1, ,-57, ,
-1, ,-57, ,
-1, ,-57, ,
1, ,-57, ,
1, ,-56, ,
-1, ,-57, ,
1, ,-57, ,
-1, ,-57, ,
-1, ,-56, ,
1, ,-57, ,
1, ,-56, ,
-1, ,-57, ,
1, ,-57, ,
-1, ,-56, ,
-1, ,-56, ,
1, ,-57, ,
1, ,-56, ,
-1, ,-57, ,
1, ,-57, ,
-1, ,-57, ,
-1, ,-56, ,
1, ,-57, ,
1, ,-56, ,
-1, ,-57, ,
2, ,-57, ,
-1, ,-57, ,
-1, ,-56, ,
1, ,-57, ,
1, ,-56, ,
-1, ,-56, ,
1, ,-57, ,
-1, ,-57, ,
-1, ,-56, ,
1, ,-57, ,
1, ,-56, ,
-1, ,-57, ,
1, ,-56, ,
-1, ,-57, ,
-1, ,-56, ,
1, ,-57, ,
1, ,-56, ,
-1, ,-57, ,
1, ,-57, ,
-1, ,-56, ,
-1, ,-56, ,
