Format,1.0B,
Memory Length,10000,Memory Length,10000,
IntpDistance,0,IntpDistance,0,
Trigger Address,4999,Trigger Address,4999,
Trigger Level,1.040E+00,Trigger Level,1.040E+00,
Source,CH1,Source,CH2,
Vertical Units,V,Vertical Units,V,
Vertical Units Div,0,Vertical Units Div,0,
Vertical Units Extend Div,16,Vertical Units Extend Div,16,
Label,,Label,,
Probe Type,0,Probe Type,0,
Probe Ratio,1.000e+01,Probe Ratio,1.000e+00,
Vertical Scale,5.000e-01,Vertical Scale,1.000e+00,
Vertical Position,-1.820e+00,Vertical Position,0.000e+00,
Horizontal Units,S,Horizontal Units,S,
Horizontal Scale,2.000E-05,Horizontal Scale,2.000E-05,
Horizontal Position,0.000E+00,Horizontal Position,0.000E+00,
Horizontal Mode,Main,Horizontal Mode,Main,
SincET Mode,Real Time,SincET Mode,Real Time,
Sampling Period,2.000e-08,Sampling Period,2.000e-08,
Horizontal Old Scale,2.000E-05,Horizontal Old Scale,2.000E-05,
Horizontal Old Position,0.000E+00,Horizontal Old Position,0.000E+00,
Firmware,V1.23,Firmware,V1.23,
Mode,Fast,Mode,Fast,
Waveform Data,,Waveform Data,,
1, ,-34, ,
3, ,-34, ,
1, ,-34, ,
1, ,-34, ,
2, ,-34, ,
2, ,-34, ,
1, ,-34, ,
3, ,-33, ,
1, ,-34, ,
1, ,-34, ,
2, ,-34, ,
2, ,-34, ,
1, ,-34, ,
3, ,-34, ,
1, ,-34, ,
1, ,-34, ,
2, ,-34, ,
2, ,-34, ,
1, ,-34, ,
3, ,-33, ,
2, ,-34, ,
1, ,-34, ,
2, ,-34, ,
2, ,-34, ,
1, ,-34, ,
3, ,-34, ,
1, ,-34, ,
1, ,-33, ,
2, ,-34, ,
2, ,-34, ,
1, ,-34, ,
3, ,-33, ,
1, ,-34, ,
1, ,-34, ,
2, ,-34, ,
2, ,-34, ,
1, ,-34, ,
3, ,-34, ,
1, ,-34, ,
1, ,-34, ,
2, ,-34, ,
2, ,-34, ,
1, ,-34, ,
3, ,-34, ,
2, ,-34, ,
1, ,-34, ,
2, ,-34, ,
2, ,-34, ,
1, ,-34, ,
3, ,-34, ,
1, ,-34, ,
1, ,-34, ,
2, ,-34, ,
2, ,-34, ,
1, ,-34, ,
3, ,-33, ,
1, ,-34, ,
1, ,-34, ,
2, ,-34, ,
2, ,-34, ,
1, ,-34, ,
3, ,-34, ,
1, ,-34, ,
1, ,-34, ,
2, ,-34, ,
2, ,-34, ,
1, ,-34, ,
3, ,-34, ,
1, ,-34, ,
1, ,-34, ,
2, ,-34, ,
2, ,-34, ,
-1, ,-34, ,
3, ,-34, ,
1, ,-34, ,
1, ,-34, ,
2, ,-34, ,
2, ,-34, ,
-1, ,-34, ,
3, ,-34, ,
1, ,-34, ,
1, ,-34, ,
3, ,-34, ,
2, ,-34, ,
1, ,-34, ,
2, ,-34, ,
1, ,-34, ,
1, ,-34, ,
2, ,-34, ,
2, ,-34, ,
1, ,-34, ,
3, ,-34, ,
1, ,-34, ,
1, ,-34, ,
2, ,-34, ,
2, ,-34, ,
1, ,-34, ,
3, ,-34, ,
1, ,-34, ,
1, ,-34, ,
2, ,-34, ,
2, ,-34, ,
-1, ,-34, ,
3, ,-34, ,
1, ,-34, ,
1, ,-34, ,
2, ,-34, ,
2, ,-34, ,
1, ,-34, ,
2, ,-34, ,
1, ,-34, ,
1, ,-34, ,
2, ,-34, ,
2, ,-34, ,
-1, ,-34, ,
3, ,-34, ,
1, ,-34, ,
1, ,-34, ,
2, ,-34, ,
2, ,-34, ,
-1, ,-34, ,
2, ,-34, ,
1, ,-34, ,
1, ,-33, ,
2, ,-34, ,
2, ,-34, ,
-1, ,-34, ,
2, ,-34, ,
1, ,-34, ,
1, ,-34, ,
2, ,-34, ,
2, ,-34, ,
-1, ,-34, ,
2, ,-34, ,
1, ,-34, ,
1, ,-34, ,
2, ,-34, ,
2, ,-34, ,
-1, ,-34, ,
2, ,-34, ,
1, ,-34, ,
1, ,-34, ,
2, ,-34, ,
1, ,-34, ,
-1, ,-34, ,
2, ,-34, ,
1, ,-34, ,
1, ,-34, ,
2, ,-34, ,
2, ,-34, ,
-1, ,-34, ,
2, ,-34, ,
1, ,-34, ,
1, ,-34, ,
2, ,-34, ,
2, ,-34, ,
-1, ,-34, ,
2, ,-34, ,
1, ,-34, ,
1, ,-34, ,
2, ,-34, ,
2, ,-34, ,
-1, ,-34, ,
2, ,-34, ,
1, ,-34, ,
1, ,-34, ,
2, ,-34, ,
2, ,-34, ,
-1, ,-34, ,
2, ,-34, ,
1, ,-34, ,
1, ,-33, ,
2, ,-34, ,
2, ,-34, ,
-1, ,-34, ,
2, ,-33, ,
1, ,-34, ,
1, ,-34, ,
1, ,-34, ,
2, ,-34, ,
-1, ,-34, ,
2, ,-34, ,
1, ,-34, ,
1, ,-34, ,
2, ,-34, ,
1, ,-34, ,
-1, ,-34, ,
2, ,-34, ,
1, ,-34, ,
1, ,-34, ,
2, ,-34, ,
2, ,-34, ,
1, ,-34, ,
2, ,-34, ,
1, ,-33, ,
1, ,-34, ,
2, ,-34, ,
2, ,-34, ,
-1, ,-34, ,
2, ,-34, ,
1, ,-34, ,
1, ,-34, ,
2, ,-34, ,
1, ,-34, ,
-1, ,-34, ,
2, ,-34, ,
1, ,-34, ,
1, ,-34, ,
1, ,-34, ,
2, ,-34, ,
-1, ,-34, ,
2, ,-34, ,
1, ,-34, ,
1, ,-34, ,
2, ,-34, ,
1, ,-34, ,
-1, ,-34, ,
2, ,-34, ,
1, ,-34, ,
1, ,-33, ,
2, ,-34, ,
2, ,-34, ,
-1, ,-34, ,
2, ,-34, ,
1, ,-34, ,
1, ,-34, ,
2, ,-34, ,
2, ,-34, ,
-1, ,-34, ,
2, ,-34, ,
1, ,-34, ,
1, ,-34, ,
2, ,-34, ,
1, ,-34, ,
-1, ,-34, ,
2, ,-34, ,
1, ,-34, ,
1, ,-34, ,
2, ,-34, ,
1, ,-34, ,
-1, ,-34, ,
2, ,-34, ,
1, ,-34, ,
1, ,-34, ,
1, ,-34, ,
2, ,-34, ,
-1, ,-34, ,
2, ,-34, ,
1, ,-34, ,
1, ,-34, ,
2, ,-34, ,
1, ,-34, ,
-1, ,-34, ,
2, ,-33, ,
1, ,-34, ,
-1, ,-34, ,
2, ,-34, ,
1, ,-34, ,
-1, ,-34, ,
2, ,-34, ,
1, ,-34, ,
1, ,-34, ,
2, ,-34, ,
1, ,-34, ,
-1, ,-34, ,
2, ,-34, ,
1, ,-34, ,
1, ,-34, ,
2, ,-34, ,
2, ,-34, ,
-1, ,-34, ,
2, ,-33, ,
1, ,-34, ,
1, ,-34, ,
2, ,-34, ,
1, ,-34, ,
-1, ,-34, ,
2, ,-34, ,
-1, ,-34, ,
1, ,-34, ,
2, ,-34, ,
1, ,-34, ,
-1, ,-34, ,
2, ,-34, ,
1, ,-34, ,
-1, ,-34, ,
1, ,-34, ,
1, ,-34, ,
-1, ,-34, ,
2, ,-34, ,
1, ,-34, ,
1, ,-34, ,
1, ,-34, ,
1, ,-34, ,
-1, ,-34, ,
2, ,-34, ,
1, ,-34, ,
1, ,-34, ,
2, ,-34, ,
1, ,-34, ,
-1, ,-34, ,
2, ,-34, ,
1, ,-34, ,
1, ,-34, ,
1, ,-34, ,
1, ,-34, ,
-1, ,-34, ,
2, ,-33, ,
1, ,-26, ,
1, ,-6, ,
2, ,11, ,
2, ,23, ,
-1, ,33, ,
2, ,39, ,
1, ,44, ,
1, ,49, ,
2, ,52, ,
1, ,54, ,
-1, ,55, ,
2, ,57, ,
1, ,57, ,
1, ,57, ,
2, ,58, ,
1, ,59, ,
-1, ,59, ,
2, ,59, ,
1, ,59, ,
1, ,59, ,
2, ,59, ,
1, ,59, ,
-1, ,60, ,
2, ,59, ,
1, ,60, ,
-1, ,59, ,
2, ,60, ,
1, ,60, ,
-1, ,60, ,
2, ,59, ,
1, ,60, ,
1, ,59, ,
2, ,60, ,
1, ,60, ,
-1, ,59, ,
2, ,59, ,
-1, ,60, ,
-1, ,59, ,
2, ,59, ,
2, ,60, ,
58, ,60, ,
39, ,59, ,
22, ,60, ,
15, ,59, ,
11, ,59, ,
7, ,60, ,
5, ,59, ,
6, ,59, ,
3, ,60, ,
2, ,59, ,
5, ,59, ,
3, ,59, ,
2, ,59, ,
5, ,59, ,
2, ,59, ,
2, ,59, ,
3, ,59, ,
2, ,59, ,
1, ,59, ,
3, ,59, ,
2, ,60, ,
1, ,59, ,
2, ,59, ,
2, ,59, ,
1, ,59, ,
3, ,59, ,
1, ,60, ,
1, ,59, ,
3, ,59, ,
2, ,59, ,
1, ,59, ,
3, ,59, ,
2, ,60, ,
1, ,59, ,
2, ,59, ,
2, ,59, ,
1, ,59, ,
3, ,59, ,
1, ,60, ,
1, ,59, ,
2, ,59, ,
2, ,60, ,
1, ,59, ,
3, ,59, ,
2, ,60, ,
1, ,59, ,
3, ,59, ,
2, ,60, ,
1, ,59, ,
3, ,59, ,
2, ,60, ,
1, ,59, ,
2, ,59, ,
2, ,60, ,
1, ,59, ,
3, ,59, ,
1, ,60, ,
1, ,59, ,
2, ,59, ,
2, ,60, ,
1, ,59, ,
3, ,59, ,
1, ,60, ,
2, ,59, ,
2, ,59, ,
2, ,59, ,
1, ,59, ,
3, ,59, ,
2, ,60, ,
1, ,58, ,
2, ,60, ,
2, ,60, ,
1, ,58, ,
3, ,59, ,
2, ,60, ,
1, ,59, ,
2, ,59, ,
2, ,59, ,
1, ,59, ,
3, ,59, ,
1, ,60, ,
1, ,59, ,
2, ,59, ,
2, ,60, ,
1, ,59, ,
3, ,59, ,
2, ,60, ,
2, ,59, ,
2, ,59, ,
2, ,59, ,
1, ,59, ,
3, ,59, ,
2, ,60, ,
1, ,59, ,
2, ,59, ,
2, ,59, ,
1, ,59, ,
3, ,59, ,
2, ,60, ,
1, ,59, ,
3, ,59, ,
2, ,59, ,
1, ,58, ,
3, ,59, ,
1, ,60, ,
1, ,59, ,
2, ,59, ,
2, ,60, ,
1, ,59, ,
3, ,59, ,
1, ,60, ,
1, ,59, ,
2, ,59, ,
2, ,60, ,
1, ,59, ,
2, ,45, ,
1, ,25, ,
1, ,11, ,
2, ,-1, ,
2, ,-9, ,
1, ,-16, ,
3, ,-20, ,
1, ,-24, ,
1, ,-26, ,
2, ,-28, ,
2, ,-31, ,
1, ,-32, ,
3, ,-32, ,
2, ,-33, ,
1, ,-34, ,
2, ,-34, ,
2, ,-34, ,
1, ,-34, ,
3, ,-34, ,
1, ,-34, ,
1, ,-34, ,
2, ,-34, ,
2, ,-35, ,
1, ,-34, ,
3, ,-34, ,
1, ,-34, ,
1, ,-35, ,
2, ,-34, ,
2, ,-34, ,
1, ,-34, ,
3, ,-34, ,
1, ,-34, ,
1, ,-34, ,
2, ,-34, ,
2, ,-34, ,
1, ,-34, ,
3, ,-34, ,
1, ,-34, ,
1, ,-34, ,
2, ,-34, ,
2, ,-34, ,
1, ,-34, ,
3, ,-34, ,
1, ,-34, ,
1, ,-34, ,
2, ,-34, ,
2, ,-34, ,
1, ,-34, ,
3, ,-34, ,
1, ,-34, ,
1, ,-34, ,
2, ,-34, ,
2, ,-34, ,
1, ,-34, ,
3, ,-34, ,
1, ,-34, ,
1, ,-34, ,
2, ,-34, ,
2, ,-34, ,
1, ,-34, ,
3, ,-34, ,
1, ,-34, ,
1, ,-34, ,
2, ,-34, ,
2, ,-34, ,
1, ,-34, ,
2, ,-34, ,
1, ,-34, ,
1, ,-34, ,
2, ,-34, ,
2, ,-34, ,
1, ,-34, ,
3, ,-34, ,
1, ,-34, ,
1, ,-34, ,
2, ,-34, ,
2, ,-34, ,
-1, ,-34, ,
3, ,-34, ,
1, ,-34, ,
1, ,-34, ,
2, ,-34, ,
2, ,-34, ,
-1, ,-34, ,
2, ,-34, ,
1, ,-34, ,
1, ,-34, ,
2, ,-34, ,
2, ,-34, ,
1, ,-34, ,
2, ,-34, ,
1, ,-34, ,
1, ,-34, ,
2, ,-34, ,
2, ,-34, ,
-1, ,-34, ,
2, ,-34, ,
1, ,-34, ,
1, ,-34, ,
2, ,-34, ,
2, ,-34, ,
-1, ,-34, ,
2, ,-34, ,
1, ,-34, ,
1, ,-34, ,
2, ,-34, ,
2, ,-34, ,
-1, ,-34, ,
2, ,-34, ,
1, ,-34, ,
1, ,-34, ,
2, ,-34, ,
2, ,-34, ,
1, ,-34, ,
2, ,-34, ,
1, ,-34, ,
1, ,-34, ,
2, ,-34, ,
2, ,-34, ,
1, ,-34, ,
2, ,-34, ,
1, ,-34, ,
1, ,-34, ,
2, ,-34, ,
2, ,-34, ,
1, ,-34, ,
2, ,-34, ,
1, ,-34, ,
1, ,-34, ,
2, ,-34, ,
2, ,-34, ,
1, ,-34, ,
3, ,-34, ,
1, ,-34, ,
1, ,-34, ,
2, ,-34, ,
2, ,-34, ,
1, ,-34, ,
2, ,-33, ,
1, ,-34, ,
1, ,-34, ,
2, ,-34, ,
2, ,-34, ,
-1, ,-34, ,
3, ,-34, ,
1, ,-34, ,
1, ,-34, ,
2, ,-34, ,
2, ,-34, ,
1, ,-34, ,
2, ,-34, ,
1, ,-34, ,
1, ,-34, ,
1, ,-34, ,
2, ,-34, ,
-1, ,-34, ,
3, ,-34, ,
1, ,-33, ,
1, ,-34, ,
2, ,-34, ,
1, ,-34, ,
-1, ,-34, ,
2, ,-34, ,
1, ,-34, ,
1, ,-34, ,
2, ,-34, ,
2, ,-34, ,
-1, ,-34, ,
2, ,-34, ,
1, ,-34, ,
1, ,-34, ,
2, ,-34, ,
2, ,-34, ,
-1, ,-34, ,
2, ,-34, ,
1, ,-34, ,
1, ,-34, ,
2, ,-33, ,
2, ,-34, ,
-1, ,-34, ,
2, ,-34, ,
1, ,-34, ,
1, ,-34, ,
2, ,-34, ,
2, ,-34, ,
-1, ,-34, ,
2, ,-34, ,
1, ,-34, ,
1, ,-34, ,
2, ,-34, ,
2, ,-34, ,
-1, ,-34, ,
2, ,-34, ,
1, ,-34, ,
1, ,-34, ,
2, ,-34, ,
1, ,-34, ,
-1, ,-34, ,
2, ,-34, ,
1, ,-34, ,
1, ,-34, ,
2, ,-34, ,
2, ,-34, ,
-1, ,-34, ,
2, ,-34, ,
1, ,-34, ,
1, ,-34, ,
2, ,-34, ,
2, ,-34, ,
-1, ,-34, ,
2, ,-34, ,
1, ,-34, ,
1, ,-34, ,
1, ,-34, ,
1, ,-34, ,
-1, ,-34, ,
2, ,-34, ,
1, ,-34, ,
1, ,-34, ,
2, ,-34, ,
1, ,-34, ,
-1, ,-34, ,
2, ,-33, ,
1, ,-34, ,
1, ,-34, ,
1, ,-34, ,
2, ,-34, ,
-1, ,-34, ,
2, ,-34, ,
1, ,-34, ,
1, ,-34, ,
2, ,-34, ,
1, ,-34, ,
-1, ,-34, ,
2, ,-34, ,
1, ,-34, ,
1, ,-34, ,
2, ,-34, ,
1, ,-34, ,
-1, ,-34, ,
2, ,-33, ,
1, ,-34, ,
1, ,-34, ,
2, ,-34, ,
1, ,-34, ,
-1, ,-34, ,
2, ,-34, ,
1, ,-34, ,
1, ,-34, ,
2, ,-34, ,
2, ,-34, ,
-1, ,-34, ,
2, ,-33, ,
1, ,-34, ,
1, ,-34, ,
1, ,-33, ,
2, ,-34, ,
-1, ,-34, ,
2, ,-34, ,
1, ,-34, ,
1, ,-34, ,
2, ,-34, ,
1, ,-34, ,
-1, ,-34, ,
2, ,-34, ,
1, ,-34, ,
1, ,-34, ,
2, ,-34, ,
1, ,-34, ,
-1, ,-34, ,
2, ,-33, ,
1, ,-34, ,
1, ,-34, ,
2, ,-34, ,
2, ,-34, ,
-1, ,-34, ,
2, ,-34, ,
1, ,-34, ,
1, ,-34, ,
2, ,-34, ,
1, ,-34, ,
-1, ,-34, ,
2, ,-34, ,
1, ,-34, ,
1, ,-34, ,
2, ,-34, ,
1, ,-34, ,
-1, ,-34, ,
2, ,-34, ,
1, ,-34, ,
1, ,-34, ,
1, ,-34, ,
1, ,-34, ,
-1, ,-34, ,
2, ,-34, ,
1, ,-34, ,
1, ,-34, ,
2, ,-34, ,
1, ,-34, ,
-1, ,-34, ,
2, ,-34, ,
1, ,-34, ,
1, ,-34, ,
2, ,-34, ,
1, ,-34, ,
-1, ,-34, ,
2, ,-33, ,
1, ,-34, ,
1, ,-34, ,
2, ,-34, ,
1, ,-34, ,
-1, ,-34, ,
2, ,-33, ,
1, ,-33, ,
1, ,-34, ,
2, ,-34, ,
1, ,-34, ,
-1, ,-34, ,
2, ,-34, ,
1, ,-34, ,
1, ,-34, ,
2, ,-34, ,
2, ,-34, ,
-1, ,-34, ,
2, ,-34, ,
1, ,-34, ,
-1, ,-34, ,
1, ,-34, ,
1, ,-34, ,
-1, ,-34, ,
2, ,-34, ,
1, ,-34, ,
1, ,-34, ,
2, ,-34, ,
1, ,-34, ,
-1, ,-34, ,
2, ,-33, ,
1, ,-34, ,
1, ,-34, ,
1, ,-34, ,
1, ,-34, ,
-1, ,-34, ,
2, ,-34, ,
1, ,-34, ,
1, ,-34, ,
2, ,-34, ,
1, ,-34, ,
-1, ,-34, ,
2, ,-33, ,
1, ,-34, ,
-1, ,-34, ,
1, ,-34, ,
1, ,-34, ,
-1, ,-34, ,
2, ,-34, ,
1, ,-34, ,
1, ,-34, ,
1, ,-34, ,
1, ,-34, ,
-1, ,-34, ,
2, ,-34, ,
1, ,-34, ,
1, ,-34, ,
1, ,-34, ,
1, ,-34, ,
-1, ,-34, ,
2, ,-34, ,
-1, ,-34, ,
-1, ,-34, ,
2, ,-34, ,
1, ,-34, ,
-1, ,-34, ,
2, ,-33, ,
1, ,-34, ,
1, ,-34, ,
2, ,-34, ,
1, ,-34, ,
-1, ,-34, ,
2, ,-34, ,
1, ,-34, ,
1, ,-34, ,
1, ,-34, ,
1, ,-34, ,
-1, ,-34, ,
2, ,-33, ,
-1, ,-34, ,
-1, ,-34, ,
1, ,-34, ,
1, ,-34, ,
-1, ,-34, ,
2, ,-33, ,
-1, ,-34, ,
1, ,-34, ,
2, ,-34, ,
1, ,-34, ,
-1, ,-34, ,
2, ,-33, ,
1, ,-34, ,
-1, ,-34, ,
1, ,-34, ,
1, ,-34, ,
-1, ,-34, ,
2, ,-34, ,
1, ,-34, ,
1, ,-34, ,
1, ,-34, ,
1, ,-34, ,
-1, ,-34, ,
2, ,-33, ,
1, ,-34, ,
1, ,-34, ,
1, ,-34, ,
1, ,-34, ,
-1, ,-34, ,
2, ,-33, ,
1, ,-34, ,
1, ,-34, ,
1, ,-34, ,
1, ,-34, ,
-1, ,-34, ,
2, ,-34, ,
1, ,-34, ,
-1, ,-34, ,
1, ,-34, ,
1, ,-34, ,
-1, ,-34, ,
1, ,-34, ,
1, ,-34, ,
-1, ,-34, ,
1, ,-34, ,
1, ,-34, ,
-1, ,-34, ,
2, ,-34, ,
1, ,-34, ,
1, ,-34, ,
1, ,-34, ,
1, ,-34, ,
-1, ,-34, ,
2, ,-34, ,
1, ,-34, ,
-1, ,-34, ,
1, ,-34, ,
1, ,-34, ,
-1, ,-34, ,
2, ,-33, ,
1, ,-34, ,
1, ,-34, ,
2, ,-34, ,
1, ,-34, ,
-1, ,-34, ,
1, ,-33, ,
-1, ,-34, ,
-1, ,-34, ,
1, ,-34, ,
1, ,-34, ,
-1, ,-34, ,
2, ,-34, ,
1, ,-34, ,
-1, ,-34, ,
1, ,-34, ,
-1, ,-34, ,
-1, ,-34, ,
1, ,-34, ,
-1, ,-34, ,
-1, ,-34, ,
1, ,-34, ,
2, ,-34, ,
-1, ,-34, ,
2, ,-34, ,
-1, ,-34, ,
-1, ,-34, ,
1, ,-34, ,
1, ,-34, ,
-1, ,-34, ,
2, ,-34, ,
-1, ,-34, ,
-1, ,-34, ,
1, ,-34, ,
1, ,-34, ,
-1, ,-34, ,
2, ,-34, ,
1, ,-34, ,
-1, ,-34, ,
1, ,-34, ,
1, ,-34, ,
-1, ,-34, ,
2, ,-34, ,
-1, ,-34, ,
-1, ,-34, ,
1, ,-34, ,
1, ,-34, ,
-1, ,-34, ,
2, ,-34, ,
1, ,-34, ,
-1, ,-34, ,
1, ,-34, ,
1, ,-34, ,
-1, ,-34, ,
1, ,-34, ,
1, ,-34, ,
1, ,-34, ,
2, ,-34, ,
1, ,-34, ,
-1, ,-34, ,
2, ,-34, ,
-1, ,-34, ,
-1, ,-34, ,
1, ,-34, ,
1, ,-34, ,
-1, ,-34, ,
2, ,-34, ,
-1, ,-34, ,
-1, ,-34, ,
2, ,-34, ,
1, ,-34, ,
77, ,-34, ,
48, ,-33, ,
29, ,-33, ,
18, ,-34, ,
12, ,-34, ,
10, ,-34, ,
6, ,-34, ,
6, ,-34, ,
3, ,-34, ,
2, ,-34, ,
3, ,-34, ,
2, ,-34, ,
1, ,-34, ,
3, ,-34, ,
2, ,-34, ,
2, ,-34, ,
3, ,-34, ,
2, ,-34, ,
1, ,-34, ,
5, ,-34, ,
2, ,-34, ,
2, ,-34, ,
2, ,-34, ,
2, ,-34, ,
1, ,-34, ,
3, ,-33, ,
2, ,-34, ,
2, ,-34, ,
3, ,-34, ,
2, ,-34, ,
1, ,-34, ,
5, ,-34, ,
2, ,-34, ,
1, ,-34, ,
3, ,-34, ,
2, ,-34, ,
1, ,-34, ,
3, ,-34, ,
2, ,-34, ,
2, ,-34, ,
2, ,-34, ,
2, ,-34, ,
1, ,-34, ,
3, ,-34, ,
2, ,-34, ,
2, ,-34, ,
2, ,-34, ,
2, ,-34, ,
1, ,-34, ,
3, ,-34, ,
2, ,-34, ,
2, ,-34, ,
2, ,-34, ,
3, ,-34, ,
1, ,-34, ,
3, ,-34, ,
2, ,-34, ,
2, ,-34, ,
2, ,-34, ,
3, ,-34, ,
1, ,-34, ,
3, ,-34, ,
2, ,-34, ,
1, ,-34, ,
2, ,-34, ,
2, ,-34, ,
1, ,-34, ,
3, ,-34, ,
2, ,-34, ,
1, ,-34, ,
2, ,-34, ,
2, ,-34, ,
1, ,-34, ,
5, ,-34, ,
2, ,-34, ,
1, ,-34, ,
2, ,-34, ,
2, ,-34, ,
1, ,-34, ,
3, ,-34, ,
1, ,-34, ,
1, ,-34, ,
2, ,-34, ,
2, ,-34, ,
1, ,-34, ,
3, ,-34, ,
2, ,-34, ,
1, ,-34, ,
2, ,-34, ,
2, ,-34, ,
1, ,-34, ,
3, ,-34, ,
1, ,-34, ,
2, ,-34, ,
2, ,-34, ,
2, ,-34, ,
1, ,-34, ,
3, ,-34, ,
1, ,-34, ,
1, ,-34, ,
2, ,-34, ,
2, ,-34, ,
1, ,-34, ,
3, ,-34, ,
1, ,-34, ,
1, ,-34, ,
2, ,-34, ,
2, ,-34, ,
1, ,-34, ,
3, ,-34, ,
1, ,-34, ,
1, ,-30, ,
2, ,-12, ,
2, ,6, ,
1, ,20, ,
3, ,30, ,
2, ,38, ,
2, ,43, ,
2, ,47, ,
2, ,51, ,
1, ,54, ,
3, ,55, ,
1, ,57, ,
1, ,57, ,
2, ,58, ,
2, ,59, ,
1, ,59, ,
2, ,59, ,
1, ,59, ,
1, ,59, ,
2, ,59, ,
2, ,60, ,
1, ,59, ,
2, ,59, ,
1, ,60, ,
1, ,59, ,
2, ,59, ,
2, ,60, ,
1, ,60, ,
2, ,59, ,
1, ,60, ,
1, ,59, ,
2, ,60, ,
2, ,60, ,
1, ,59, ,
3, ,59, ,
1, ,60, ,
1, ,59, ,
2, ,59, ,
2, ,60, ,
1, ,60, ,
2, ,59, ,
1, ,60, ,
1, ,59, ,
2, ,59, ,
2, ,59, ,
-1, ,59, ,
3, ,59, ,
1, ,60, ,
1, ,59, ,
2, ,59, ,
2, ,60, ,
1, ,59, ,
2, ,59, ,
1, ,60, ,
1, ,59, ,
2, ,59, ,
2, ,60, ,
1, ,59, ,
3, ,59, ,
1, ,60, ,
1, ,59, ,
2, ,59, ,
2, ,59, ,
1, ,59, ,
3, ,59, ,
1, ,60, ,
1, ,59, ,
7, ,59, ,
32, ,59, ,
22, ,59, ,
17, ,59, ,
10, ,60, ,
6, ,59, ,
6, ,59, ,
3, ,59, ,
2, ,59, ,
5, ,59, ,
2, ,60, ,
1, ,59, ,
3, ,59, ,
3, ,59, ,
1, ,59, ,
3, ,59, ,
2, ,60, ,
1, ,59, ,
3, ,59, ,
2, ,59, ,
1, ,59, ,
3, ,59, ,
2, ,60, ,
2, ,59, ,
3, ,59, ,
2, ,60, ,
1, ,59, ,
3, ,59, ,
2, ,60, ,
1, ,59, ,
2, ,59, ,
2, ,59, ,
1, ,59, ,
3, ,59, ,
1, ,60, ,
1, ,59, ,
3, ,59, ,
2, ,59, ,
1, ,59, ,
3, ,59, ,
1, ,60, ,
1, ,59, ,
2, ,59, ,
2, ,59, ,
1, ,59, ,
3, ,59, ,
1, ,60, ,
1, ,59, ,
3, ,59, ,
2, ,59, ,
1, ,59, ,
3, ,59, ,
1, ,60, ,
1, ,59, ,
2, ,59, ,
2, ,59, ,
1, ,59, ,
3, ,59, ,
1, ,60, ,
1, ,59, ,
2, ,60, ,
2, ,60, ,
1, ,59, ,
2, ,59, ,
1, ,60, ,
1, ,59, ,
2, ,59, ,
2, ,59, ,
1, ,59, ,
3, ,59, ,
1, ,59, ,
1, ,59, ,
2, ,59, ,
2, ,59, ,
1, ,59, ,
3, ,59, ,
1, ,60, ,
1, ,59, ,
2, ,59, ,
2, ,59, ,
12, ,59, ,
16, ,59, ,
11, ,60, ,
8, ,59, ,
7, ,59, ,
5, ,59, ,
2, ,59, ,
5, ,59, ,
2, ,51, ,
1, ,31, ,
3, ,14, ,
2, ,2, ,
1, ,-7, ,
3, ,-15, ,
2, ,-19, ,
1, ,-23, ,
2, ,-26, ,
2, ,-28, ,
1, ,-30, ,
3, ,-31, ,
2, ,-32, ,
2, ,-33, ,
2, ,-33, ,
3, ,-34, ,
1, ,-34, ,
5, ,-34, ,
2, ,-35, ,
2, ,-34, ,
3, ,-35, ,
3, ,-34, ,
1, ,-34, ,
5, ,-34, ,
2, ,-34, ,
2, ,-35, ,
2, ,-34, ,
2, ,-34, ,
1, ,-34, ,
3, ,-34, ,
2, ,-35, ,
2, ,-34, ,
2, ,-34, ,
2, ,-34, ,
1, ,-34, ,
3, ,-34, ,
2, ,-34, ,
2, ,-34, ,
2, ,-34, ,
2, ,-34, ,
1, ,-34, ,
3, ,-34, ,
2, ,-34, ,
2, ,-34, ,
3, ,-34, ,
3, ,-34, ,
1, ,-34, ,
3, ,-34, ,
2, ,-34, ,
1, ,-34, ,
2, ,-34, ,
2, ,-34, ,
1, ,-34, ,
3, ,-34, ,
2, ,-34, ,
2, ,-34, ,
2, ,-34, ,
2, ,-34, ,
1, ,-34, ,
3, ,-34, ,
2, ,-34, ,
2, ,-34, ,
2, ,-34, ,
2, ,-34, ,
1, ,-34, ,
3, ,-34, ,
1, ,-34, ,
1, ,-34, ,
2, ,-34, ,
2, ,-34, ,
1, ,-34, ,
3, ,-34, ,
2, ,-34, ,
1, ,-34, ,
2, ,-34, ,
2, ,-34, ,
1, ,-34, ,
3, ,-33, ,
2, ,-34, ,
2, ,-34, ,
2, ,-34, ,
2, ,-34, ,
1, ,-34, ,
3, ,-34, ,
2, ,-34, ,
1, ,-34, ,
2, ,-34, ,
2, ,-34, ,
1, ,-34, ,
2, ,-34, ,
2, ,-33, ,
1, ,-34, ,
2, ,-34, ,
2, ,-34, ,
1, ,-34, ,
3, ,-33, ,
2, ,-34, ,
1, ,-34, ,
2, ,-34, ,
2, ,-34, ,
1, ,-34, ,
3, ,-34, ,
1, ,-34, ,
1, ,-34, ,
2, ,-34, ,
2, ,-34, ,
1, ,-34, ,
3, ,-34, ,
1, ,-34, ,
1, ,-34, ,
2, ,-34, ,
2, ,-34, ,
1, ,-34, ,
3, ,-34, ,
1, ,-34, ,
1, ,-34, ,
2, ,-34, ,
2, ,-34, ,
1, ,-34, ,
3, ,-33, ,
2, ,-34, ,
1, ,-34, ,
3, ,-34, ,
2, ,-34, ,
1, ,-34, ,
3, ,-34, ,
1, ,-34, ,
1, ,-34, ,
2, ,-34, ,
3, ,-34, ,
1, ,-34, ,
3, ,-34, ,
1, ,-34, ,
1, ,-34, ,
2, ,-34, ,
2, ,-34, ,
1, ,-34, ,
2, ,-34, ,
1, ,-34, ,
1, ,-34, ,
2, ,-34, ,
2, ,-34, ,
1, ,-34, ,
3, ,-34, ,
1, ,-34, ,
1, ,-34, ,
2, ,-34, ,
2, ,-34, ,
1, ,-34, ,
3, ,-34, ,
1, ,-34, ,
1, ,-34, ,
2, ,-34, ,
2, ,-34, ,
1, ,-34, ,
3, ,-34, ,
1, ,-34, ,
1, ,-34, ,
2, ,-34, ,
2, ,-34, ,
1, ,-34, ,
3, ,-33, ,
1, ,-34, ,
1, ,-34, ,
2, ,-34, ,
2, ,-34, ,
1, ,-34, ,
3, ,-33, ,
2, ,-34, ,
1, ,-34, ,
2, ,-34, ,
2, ,-34, ,
1, ,-34, ,
3, ,-33, ,
1, ,-34, ,
1, ,-33, ,
2, ,-34, ,
2, ,-34, ,
1, ,-34, ,
3, ,-34, ,
2, ,-34, ,
1, ,-34, ,
2, ,-34, ,
2, ,-34, ,
1, ,-34, ,
3, ,-33, ,
1, ,-34, ,
1, ,-34, ,
2, ,-34, ,
2, ,-34, ,
1, ,-34, ,
3, ,-33, ,
2, ,-34, ,
1, ,-34, ,
2, ,-34, ,
2, ,-34, ,
1, ,-34, ,
3, ,-34, ,
1, ,-34, ,
1, ,-34, ,
2, ,-34, ,
2, ,-34, ,
-1, ,-34, ,
3, ,-34, ,
1, ,-34, ,
1, ,-34, ,
2, ,-34, ,
2, ,-34, ,
1, ,-34, ,
2, ,-34, ,
1, ,-34, ,
1, ,-34, ,
2, ,-34, ,
2, ,-34, ,
-1, ,-34, ,
3, ,-33, ,
2, ,-34, ,
39, ,-34, ,
26, ,-34, ,
17, ,-34, ,
11, ,-34, ,
10, ,-33, ,
6, ,-34, ,
5, ,-34, ,
5, ,-34, ,
3, ,-34, ,
1, ,-34, ,
3, ,-34, ,
2, ,-34, ,
2, ,-34, ,
3, ,-34, ,
2, ,-34, ,
1, ,-34, ,
3, ,-34, ,
2, ,-34, ,
2, ,-34, ,
3, ,-34, ,
3, ,-34, ,
1, ,-34, ,
3, ,-34, ,
2, ,-34, ,
2, ,-34, ,
3, ,-34, ,
2, ,-34, ,
1, ,-34, ,
3, ,-34, ,
2, ,-34, ,
2, ,-34, ,
3, ,-34, ,
2, ,-34, ,
1, ,-34, ,
3, ,-33, ,
2, ,-34, ,
1, ,-34, ,
2, ,-34, ,
3, ,-34, ,
1, ,-34, ,
3, ,-33, ,
2, ,-34, ,
1, ,-34, ,
3, ,-34, ,
3, ,-34, ,
1, ,-34, ,
3, ,-34, ,
2, ,-33, ,
1, ,-34, ,
2, ,-34, ,
2, ,-34, ,
1, ,-34, ,
3, ,-33, ,
2, ,-34, ,
1, ,-34, ,
2, ,-34, ,
3, ,-34, ,
1, ,-34, ,
3, ,-33, ,
2, ,-34, ,
1, ,-34, ,
2, ,-34, ,
3, ,-34, ,
1, ,-34, ,
3, ,-34, ,
2, ,-34, ,
2, ,-34, ,
2, ,-34, ,
2, ,-34, ,
1, ,-33, ,
3, ,-34, ,
2, ,-34, ,
1, ,-34, ,
3, ,-34, ,
2, ,-34, ,
1, ,-34, ,
3, ,-33, ,
1, ,-34, ,
2, ,-34, ,
2, ,-34, ,
2, ,-34, ,
1, ,-34, ,
3, ,-34, ,
2, ,-34, ,
1, ,-34, ,
2, ,-34, ,
2, ,-34, ,
1, ,-34, ,
3, ,-34, ,
1, ,-34, ,
1, ,-34, ,
2, ,-34, ,
2, ,-34, ,
1, ,-34, ,
3, ,-33, ,
2, ,-34, ,
1, ,-34, ,
2, ,-34, ,
2, ,-34, ,
1, ,-34, ,
3, ,-33, ,
1, ,-34, ,
1, ,-34, ,
2, ,-34, ,
2, ,-34, ,
1, ,-34, ,
3, ,-34, ,
2, ,-34, ,
1, ,-34, ,
2, ,-34, ,
2, ,-34, ,
1, ,-34, ,
3, ,-33, ,
2, ,-34, ,
1, ,-34, ,
2, ,-34, ,
2, ,-34, ,
1, ,-34, ,
3, ,-33, ,
1, ,-34, ,
1, ,-34, ,
2, ,-34, ,
2, ,-34, ,
1, ,-34, ,
3, ,-33, ,
2, ,-34, ,
1, ,-34, ,
2, ,-34, ,
2, ,-34, ,
1, ,-34, ,
3, ,-34, ,
1, ,-34, ,
1, ,-34, ,
2, ,-34, ,
2, ,-34, ,
1, ,-34, ,
3, ,-34, ,
1, ,-34, ,
1, ,-34, ,
2, ,-34, ,
2, ,-34, ,
1, ,-34, ,
3, ,-34, ,
1, ,-34, ,
1, ,-34, ,
2, ,-34, ,
2, ,-34, ,
1, ,-34, ,
3, ,-34, ,
1, ,-34, ,
1, ,-34, ,
2, ,-34, ,
2, ,-34, ,
1, ,-34, ,
3, ,-34, ,
1, ,-34, ,
1, ,-34, ,
2, ,-34, ,
2, ,-34, ,
1, ,-34, ,
3, ,-33, ,
1, ,-34, ,
1, ,-34, ,
2, ,-33, ,
2, ,-34, ,
1, ,-34, ,
3, ,-34, ,
2, ,-34, ,
1, ,-34, ,
2, ,-34, ,
2, ,-34, ,
1, ,-34, ,
3, ,-34, ,
1, ,-34, ,
1, ,-34, ,
2, ,-34, ,
2, ,-34, ,
-1, ,-34, ,
3, ,-34, ,
2, ,-34, ,
1, ,-34, ,
2, ,-34, ,
2, ,-34, ,
1, ,-34, ,
2, ,-33, ,
1, ,-34, ,
1, ,-34, ,
2, ,-34, ,
2, ,-34, ,
1, ,-34, ,
3, ,-34, ,
1, ,-34, ,
1, ,-34, ,
2, ,-34, ,
2, ,-34, ,
1, ,-34, ,
3, ,-34, ,
1, ,-34, ,
1, ,-34, ,
2, ,-34, ,
2, ,-34, ,
1, ,-34, ,
3, ,-34, ,
1, ,-34, ,
1, ,-34, ,
2, ,-34, ,
2, ,-34, ,
1, ,-34, ,
3, ,-34, ,
1, ,-34, ,
1, ,-34, ,
2, ,-34, ,
2, ,-34, ,
-1, ,-34, ,
3, ,-34, ,
1, ,-34, ,
1, ,-34, ,
2, ,-34, ,
2, ,-34, ,
1, ,-34, ,
2, ,-34, ,
1, ,-34, ,
1, ,-34, ,
2, ,-34, ,
2, ,-34, ,
-1, ,-34, ,
3, ,-34, ,
1, ,-34, ,
1, ,-34, ,
2, ,-34, ,
2, ,-34, ,
1, ,-34, ,
2, ,-34, ,
1, ,-34, ,
1, ,-34, ,
2, ,-34, ,
2, ,-34, ,
-1, ,-34, ,
3, ,-34, ,
1, ,-34, ,
1, ,-34, ,
2, ,-34, ,
2, ,-34, ,
-1, ,-34, ,
3, ,-34, ,
1, ,-34, ,
1, ,-34, ,
1, ,-34, ,
2, ,-34, ,
-1, ,-34, ,
2, ,-34, ,
1, ,-34, ,
1, ,-34, ,
2, ,-34, ,
1, ,-34, ,
-1, ,-34, ,
2, ,-34, ,
1, ,-34, ,
1, ,-34, ,
2, ,-34, ,
2, ,-34, ,
-1, ,-34, ,
2, ,-33, ,
1, ,-34, ,
1, ,-34, ,
2, ,-34, ,
2, ,-34, ,
-1, ,-34, ,
2, ,-34, ,
1, ,-34, ,
1, ,-34, ,
1, ,-34, ,
2, ,-34, ,
-1, ,-34, ,
2, ,-34, ,
1, ,-34, ,
1, ,-34, ,
2, ,-34, ,
1, ,-34, ,
-1, ,-34, ,
2, ,-34, ,
1, ,-34, ,
1, ,-34, ,
1, ,-34, ,
1, ,-34, ,
-1, ,-34, ,
2, ,-34, ,
1, ,-34, ,
1, ,-34, ,
2, ,-34, ,
2, ,-34, ,
-1, ,-34, ,
2, ,-34, ,
1, ,-34, ,
1, ,-34, ,
2, ,-34, ,
1, ,-34, ,
-1, ,-34, ,
2, ,-34, ,
1, ,-34, ,
1, ,-34, ,
2, ,-34, ,
1, ,-33, ,
-1, ,-34, ,
2, ,-34, ,
1, ,-34, ,
1, ,-34, ,
2, ,-34, ,
2, ,-34, ,
-1, ,-34, ,
2, ,-34, ,
1, ,-33, ,
1, ,-34, ,
2, ,-34, ,
1, ,-34, ,
-1, ,-34, ,
2, ,-34, ,
1, ,-34, ,
1, ,-34, ,
2, ,-34, ,
2, ,-34, ,
-1, ,-34, ,
2, ,-34, ,
1, ,-34, ,
1, ,-34, ,
2, ,-34, ,
2, ,-34, ,
-1, ,-34, ,
2, ,-33, ,
1, ,-34, ,
1, ,-34, ,
2, ,-34, ,
2, ,-34, ,
-1, ,-34, ,
2, ,-34, ,
1, ,-34, ,
1, ,-34, ,
2, ,-34, ,
2, ,-34, ,
-1, ,-34, ,
2, ,-34, ,
1, ,-34, ,
1, ,-34, ,
2, ,-34, ,
2, ,-34, ,
-1, ,-34, ,
2, ,-34, ,
1, ,-34, ,
1, ,-34, ,
2, ,-34, ,
2, ,-34, ,
-1, ,-34, ,
2, ,-34, ,
1, ,-34, ,
1, ,-34, ,
2, ,-34, ,
2, ,-34, ,
-1, ,-34, ,
2, ,-33, ,
1, ,-34, ,
1, ,-34, ,
2, ,-34, ,
2, ,-34, ,
-1, ,-34, ,
2, ,-34, ,
1, ,-34, ,
1, ,-34, ,
1, ,-34, ,
2, ,-34, ,
-1, ,-34, ,
2, ,-34, ,
1, ,-34, ,
1, ,-34, ,
2, ,-34, ,
1, ,-34, ,
-1, ,-34, ,
2, ,-34, ,
1, ,-34, ,
1, ,-34, ,
1, ,-34, ,
1, ,-34, ,
-1, ,-34, ,
2, ,-34, ,
1, ,-34, ,
1, ,-34, ,
2, ,-34, ,
1, ,-34, ,
-1, ,-34, ,
2, ,-34, ,
1, ,-34, ,
1, ,-34, ,
2, ,-34, ,
1, ,-34, ,
-1, ,-34, ,
2, ,-34, ,
1, ,-34, ,
1, ,-34, ,
1, ,-34, ,
1, ,-34, ,
-1, ,-34, ,
2, ,-34, ,
1, ,-34, ,
1, ,-34, ,
2, ,-34, ,
1, ,-34, ,
-1, ,-34, ,
2, ,-34, ,
1, ,-34, ,
-1, ,-34, ,
1, ,-33, ,
1, ,-18, ,
-1, ,1, ,
2, ,17, ,
1, ,27, ,
1, ,36, ,
2, ,42, ,
2, ,46, ,
-1, ,50, ,
2, ,53, ,
1, ,55, ,
-1, ,56, ,
2, ,57, ,
1, ,58, ,
-1, ,58, ,
2, ,58, ,
1, ,59, ,
1, ,59, ,
2, ,59, ,
1, ,59, ,
-1, ,60, ,
2, ,60, ,
1, ,60, ,
-1, ,59, ,
2, ,59, ,
1, ,60, ,
-1, ,60, ,
2, ,60, ,
-1, ,60, ,
-1, ,59, ,
2, ,59, ,
1, ,59, ,
-1, ,59, ,
2, ,59, ,
1, ,60, ,
-1, ,59, ,
2, ,59, ,
1, ,60, ,
-1, ,60, ,
1, ,59, ,
-1, ,60, ,
1, ,59, ,
2, ,59, ,
1, ,60, ,
-1, ,60, ,
2, ,59, ,
1, ,60, ,
-1, ,59, ,
2, ,59, ,
1, ,60, ,
-1, ,59, ,
2, ,59, ,
-1, ,60, ,
-1, ,59, ,
1, ,59, ,
1, ,59, ,
-1, ,59, ,
2, ,59, ,
-1, ,60, ,
-1, ,59, ,
2, ,59, ,
1, ,60, ,
-1, ,59, ,
2, ,59, ,
-1, ,59, ,
-1, ,59, ,
18, ,59, ,
55, ,60, ,
35, ,59, ,
22, ,59, ,
13, ,60, ,
8, ,59, ,
7, ,59, ,
5, ,60, ,
2, ,59, ,
5, ,59, ,
2, ,60, ,
2, ,58, ,
3, ,59, ,
2, ,59, ,
1, ,59, ,
3, ,59, ,
2, ,59, ,
2, ,59, ,
3, ,59, ,
2, ,60, ,
1, ,59, ,
3, ,59, ,
2, ,59, ,
2, ,59, ,
2, ,59, ,
2, ,59, ,
1, ,59, ,
3, ,59, ,
2, ,60, ,
1, ,59, ,
3, ,59, ,
2, ,59, ,
1, ,59, ,
3, ,59, ,
1, ,60, ,
1, ,59, ,
3, ,59, ,
2, ,59, ,
1, ,59, ,
3, ,59, ,
2, ,60, ,
1, ,59, ,
3, ,59, ,
2, ,59, ,
1, ,59, ,
3, ,59, ,
2, ,60, ,
1, ,59, ,
2, ,60, ,
2, ,60, ,
1, ,59, ,
3, ,59, ,
2, ,60, ,
1, ,59, ,
2, ,59, ,
2, ,59, ,
1, ,59, ,
2, ,59, ,
1, ,59, ,
1, ,58, ,
2, ,59, ,
2, ,59, ,
1, ,59, ,
3, ,59, ,
2, ,60, ,
2, ,59, ,
2, ,59, ,
2, ,59, ,
1, ,59, ,
3, ,59, ,
1, ,59, ,
1, ,59, ,
2, ,59, ,
2, ,59, ,
1, ,58, ,
3, ,59, ,
1, ,60, ,
1, ,59, ,
2, ,59, ,
10, ,59, ,
16, ,59, ,
13, ,59, ,
8, ,60, ,
6, ,59, ,
5, ,59, ,
3, ,59, ,
2, ,59, ,
5, ,59, ,
2, ,60, ,
1, ,55, ,
2, ,36, ,
2, ,18, ,
1, ,4, ,
3, ,-5, ,
1, ,-13, ,
1, ,-18, ,
2, ,-22, ,
2, ,-25, ,
1, ,-27, ,
3, ,-30, ,
2, ,-31, ,
2, ,-32, ,
3, ,-33, ,
2, ,-33, ,
1, ,-34, ,
3, ,-34, ,
2, ,-34, ,
2, ,-34, ,
2, ,-34, ,
2, ,-34, ,
1, ,-34, ,
3, ,-35, ,
2, ,-35, ,
2, ,-34, ,
2, ,-35, ,
2, ,-35, ,
1, ,-35, ,
3, ,-34, ,
2, ,-35, ,
2, ,-34, ,
2, ,-34, ,
2, ,-34, ,
1, ,-34, ,
3, ,-34, ,
2, ,-34, ,
2, ,-34, ,
2, ,-34, ,
2, ,-34, ,
1, ,-34, ,
3, ,-34, ,
1, ,-34, ,
2, ,-34, ,
2, ,-34, ,
2, ,-34, ,
1, ,-34, ,
3, ,-34, ,
2, ,-34, ,
2, ,-34, ,
2, ,-34, ,
2, ,-34, ,
1, ,-34, ,
3, ,-34, ,
2, ,-34, ,
2, ,-34, ,
3, ,-34, ,
3, ,-34, ,
1, ,-34, ,
3, ,-34, ,
2, ,-34, ,
1, ,-34, ,
2, ,-34, ,
2, ,-34, ,
1, ,-34, ,
3, ,-34, ,
2, ,-34, ,
1, ,-34, ,
2, ,-34, ,
3, ,-34, ,
1, ,-34, ,
3, ,-34, ,
1, ,-34, ,
1, ,-34, ,
2, ,-34, ,
2, ,-34, ,
1, ,-34, ,
3, ,-34, ,
2, ,-34, ,
2, ,-34, ,
2, ,-34, ,
2, ,-34, ,
1, ,-34, ,
3, ,-34, ,
1, ,-34, ,
1, ,-34, ,
2, ,-34, ,
2, ,-34, ,
1, ,-34, ,
3, ,-34, ,
1, ,-34, ,
2, ,-34, ,
2, ,-34, ,
2, ,-34, ,
1, ,-34, ,
3, ,-34, ,
1, ,-34, ,
1, ,-34, ,
2, ,-34, ,
2, ,-34, ,
1, ,-34, ,
3, ,-34, ,
1, ,-34, ,
1, ,-34, ,
2, ,-34, ,
2, ,-34, ,
1, ,-34, ,
3, ,-34, ,
2, ,-34, ,
1, ,-34, ,
2, ,-34, ,
2, ,-34, ,
1, ,-34, ,
3, ,-34, ,
1, ,-34, ,
1, ,-34, ,
2, ,-34, ,
2, ,-34, ,
1, ,-34, ,
3, ,-34, ,
1, ,-34, ,
1, ,-34, ,
2, ,-34, ,
2, ,-34, ,
1, ,-34, ,
3, ,-34, ,
1, ,-34, ,
1, ,-34, ,
2, ,-34, ,
2, ,-34, ,
1, ,-34, ,
3, ,-34, ,
2, ,-34, ,
1, ,-34, ,
2, ,-34, ,
2, ,-34, ,
1, ,-34, ,
2, ,-34, ,
1, ,-34, ,
1, ,-34, ,
2, ,-34, ,
2, ,-34, ,
1, ,-34, ,
3, ,-33, ,
1, ,-34, ,
1, ,-34, ,
2, ,-34, ,
2, ,-34, ,
1, ,-34, ,
3, ,-34, ,
1, ,-34, ,
1, ,-34, ,
2, ,-34, ,
2, ,-34, ,
1, ,-34, ,
3, ,-33, ,
1, ,-34, ,
1, ,-34, ,
2, ,-34, ,
2, ,-34, ,
1, ,-34, ,
3, ,-34, ,
1, ,-34, ,
1, ,-34, ,
2, ,-34, ,
2, ,-34, ,
1, ,-34, ,
3, ,-34, ,
1, ,-34, ,
1, ,-34, ,
2, ,-34, ,
2, ,-34, ,
1, ,-34, ,
3, ,-34, ,
1, ,-34, ,
1, ,-34, ,
2, ,-34, ,
2, ,-34, ,
1, ,-34, ,
3, ,-34, ,
1, ,-34, ,
1, ,-34, ,
2, ,-34, ,
2, ,-34, ,
1, ,-34, ,
3, ,-34, ,
1, ,-34, ,
1, ,-34, ,
2, ,-34, ,
2, ,-34, ,
1, ,-34, ,
3, ,-34, ,
1, ,-34, ,
1, ,-34, ,
2, ,-34, ,
2, ,-34, ,
-1, ,-34, ,
3, ,-34, ,
1, ,-34, ,
1, ,-34, ,
2, ,-34, ,
2, ,-34, ,
-1, ,-34, ,
2, ,-34, ,
1, ,-34, ,
1, ,-34, ,
2, ,-34, ,
2, ,-34, ,
1, ,-34, ,
2, ,-34, ,
1, ,-34, ,
1, ,-34, ,
2, ,-34, ,
2, ,-34, ,
-1, ,-34, ,
2, ,-34, ,
1, ,-34, ,
1, ,-34, ,
2, ,-34, ,
2, ,-34, ,
1, ,-34, ,
2, ,-34, ,
1, ,-34, ,
1, ,-34, ,
2, ,-34, ,
2, ,-34, ,
-1, ,-34, ,
3, ,-33, ,
1, ,-34, ,
1, ,-34, ,
2, ,-34, ,
2, ,-34, ,
-1, ,-34, ,
2, ,-34, ,
1, ,-34, ,
1, ,-34, ,
2, ,-34, ,
2, ,-34, ,
-1, ,-34, ,
2, ,-34, ,
1, ,-34, ,
1, ,-34, ,
2, ,-34, ,
2, ,-34, ,
-1, ,-34, ,
2, ,-34, ,
1, ,-34, ,
1, ,-34, ,
1, ,-34, ,
2, ,-34, ,
-1, ,-34, ,
2, ,-34, ,
1, ,-34, ,
1, ,-34, ,
2, ,-34, ,
2, ,-34, ,
-1, ,-34, ,
2, ,-33, ,
1, ,-34, ,
1, ,-34, ,
2, ,-34, ,
2, ,-34, ,
-1, ,-34, ,
2, ,-34, ,
1, ,-34, ,
1, ,-34, ,
2, ,-34, ,
2, ,-34, ,
-1, ,-34, ,
2, ,-34, ,
1, ,-34, ,
1, ,-34, ,
2, ,-34, ,
2, ,-34, ,
-1, ,-34, ,
2, ,-34, ,
1, ,-34, ,
1, ,-34, ,
2, ,-34, ,
1, ,-34, ,
-1, ,-34, ,
2, ,-33, ,
1, ,-34, ,
1, ,-34, ,
2, ,-34, ,
2, ,-34, ,
-1, ,-34, ,
2, ,-34, ,
1, ,-34, ,
1, ,-34, ,
2, ,-34, ,
2, ,-34, ,
-1, ,-34, ,
2, ,-34, ,
1, ,-34, ,
1, ,-33, ,
1, ,-34, ,
1, ,-34, ,
-1, ,-34, ,
2, ,-34, ,
1, ,-34, ,
1, ,-34, ,
2, ,-34, ,
1, ,-34, ,
-1, ,-34, ,
2, ,-34, ,
1, ,-34, ,
1, ,-34, ,
2, ,-34, ,
2, ,-34, ,
-1, ,-34, ,
2, ,-34, ,
1, ,-34, ,
1, ,-34, ,
1, ,-34, ,
1, ,-34, ,
-1, ,-34, ,
2, ,-34, ,
1, ,-34, ,
1, ,-34, ,
2, ,-34, ,
2, ,-34, ,
-1, ,-34, ,
2, ,-34, ,
1, ,-34, ,
1, ,-34, ,
2, ,-34, ,
2, ,-34, ,
-1, ,-34, ,
2, ,-34, ,
1, ,-34, ,
1, ,-34, ,
2, ,-34, ,
2, ,-34, ,
-1, ,-34, ,
2, ,-34, ,
1, ,-34, ,
1, ,-34, ,
2, ,-33, ,
1, ,-34, ,
-1, ,-34, ,
2, ,-34, ,
1, ,-34, ,
1, ,-34, ,
1, ,-34, ,
2, ,-34, ,
-1, ,-34, ,
2, ,-34, ,
1, ,-34, ,
1, ,-34, ,
2, ,-34, ,
2, ,-34, ,
-1, ,-34, ,
2, ,-34, ,
1, ,-34, ,
1, ,-33, ,
2, ,-34, ,
1, ,-34, ,
-1, ,-34, ,
2, ,-34, ,
1, ,-34, ,
1, ,-34, ,
2, ,-34, ,
1, ,-34, ,
-1, ,-34, ,
2, ,-33, ,
1, ,-34, ,
1, ,-34, ,
2, ,-34, ,
2, ,-34, ,
-1, ,-34, ,
2, ,-33, ,
1, ,-34, ,
1, ,-34, ,
1, ,-34, ,
1, ,-34, ,
-1, ,-34, ,
2, ,-33, ,
1, ,-34, ,
1, ,-34, ,
1, ,-34, ,
1, ,-34, ,
-1, ,-34, ,
2, ,-34, ,
-1, ,-34, ,
1, ,-34, ,
2, ,-34, ,
1, ,-34, ,
-1, ,-34, ,
2, ,-33, ,
1, ,-34, ,
-1, ,-34, ,
2, ,-34, ,
2, ,-34, ,
-1, ,-34, ,
2, ,-34, ,
1, ,-34, ,
1, ,-34, ,
2, ,-34, ,
1, ,-34, ,
-1, ,-34, ,
2, ,-33, ,
1, ,-34, ,
-1, ,-34, ,
1, ,-34, ,
1, ,-34, ,
-1, ,-34, ,
2, ,-34, ,
1, ,-34, ,
-1, ,-34, ,
1, ,-34, ,
1, ,-34, ,
-1, ,-34, ,
2, ,-34, ,
1, ,-34, ,
1, ,-34, ,
1, ,-34, ,
1, ,-34, ,
-1, ,-34, ,
2, ,-33, ,
1, ,-34, ,
-1, ,-34, ,
2, ,-34, ,
1, ,-34, ,
-1, ,-34, ,
2, ,-34, ,
1, ,-34, ,
1, ,-33, ,
2, ,-34, ,
1, ,-34, ,
-1, ,-34, ,
2, ,-34, ,
1, ,-34, ,
-1, ,-34, ,
1, ,-34, ,
1, ,-34, ,
-1, ,-34, ,
2, ,-34, ,
1, ,-34, ,
1, ,-34, ,
2, ,-34, ,
1, ,-34, ,
-1, ,-34, ,
2, ,-34, ,
1, ,-34, ,
1, ,-34, ,
1, ,-34, ,
1, ,-34, ,
-1, ,-34, ,
2, ,-34, ,
1, ,-34, ,
1, ,-33, ,
1, ,-34, ,
1, ,-34, ,
17, ,-34, ,
55, ,-34, ,
35, ,-34, ,
22, ,-34, ,
15, ,-34, ,
10, ,-34, ,
6, ,-34, ,
6, ,-34, ,
3, ,-34, ,
3, ,-34, ,
3, ,-34, ,
2, ,-34, ,
1, ,-34, ,
5, ,-33, ,
2, ,-34, ,
2, ,-34, ,
2, ,-34, ,
2, ,-34, ,
2, ,-34, ,
3, ,-34, ,
2, ,-33, ,
2, ,-34, ,
2, ,-34, ,
3, ,-34, ,
1, ,-34, ,
3, ,-34, ,
2, ,-34, ,
2, ,-34, ,
2, ,-34, ,
3, ,-34, ,
2, ,-34, ,
3, ,-34, ,
2, ,-34, ,
2, ,-34, ,
3, ,-34, ,
3, ,-34, ,
1, ,-34, ,
3, ,-34, ,
2, ,-34, ,
2, ,-34, ,
3, ,-34, ,
2, ,-34, ,
1, ,-34, ,
3, ,-34, ,
2, ,-34, ,
2, ,-34, ,
2, ,-34, ,
2, ,-34, ,
1, ,-34, ,
3, ,-34, ,
2, ,-34, ,
1, ,-34, ,
2, ,-34, ,
2, ,-34, ,
1, ,-34, ,
3, ,-34, ,
2, ,-34, ,
1, ,-34, ,
2, ,-34, ,
3, ,-34, ,
1, ,-34, ,
3, ,-33, ,
2, ,-34, ,
1, ,-34, ,
2, ,-34, ,
3, ,-34, ,
1, ,-34, ,
3, ,-34, ,
2, ,-34, ,
1, ,-34, ,
2, ,-34, ,
2, ,-34, ,
1, ,-34, ,
3, ,-34, ,
2, ,-34, ,
1, ,-34, ,
2, ,-34, ,
2, ,-34, ,
1, ,-34, ,
3, ,-34, ,
1, ,-34, ,
1, ,-34, ,
2, ,-34, ,
2, ,-34, ,
1, ,-33, ,
3, ,-33, ,
1, ,-34, ,
1, ,-34, ,
2, ,-34, ,
2, ,-34, ,
1, ,-34, ,
3, ,-34, ,
2, ,-34, ,
1, ,-34, ,
3, ,-34, ,
2, ,-34, ,
1, ,-34, ,
3, ,-34, ,
2, ,-34, ,
1, ,-34, ,
2, ,-34, ,
2, ,-34, ,
1, ,-34, ,
3, ,-34, ,
2, ,-34, ,
1, ,-34, ,
3, ,-34, ,
2, ,-34, ,
1, ,-34, ,
3, ,-34, ,
2, ,-34, ,
1, ,-34, ,
2, ,-34, ,
2, ,-34, ,
1, ,-34, ,
3, ,-34, ,
1, ,-34, ,
1, ,-34, ,
2, ,-34, ,
2, ,-34, ,
1, ,-34, ,
3, ,-34, ,
1, ,-34, ,
1, ,-34, ,
2, ,-34, ,
2, ,-34, ,
1, ,-34, ,
3, ,-34, ,
2, ,-34, ,
1, ,-34, ,
2, ,-34, ,
2, ,-34, ,
1, ,-34, ,
3, ,-34, ,
2, ,-34, ,
1, ,-34, ,
2, ,-34, ,
2, ,-34, ,
1, ,-34, ,
3, ,-34, ,
1, ,-34, ,
1, ,-34, ,
2, ,-34, ,
2, ,-34, ,
1, ,-34, ,
3, ,-34, ,
2, ,-34, ,
1, ,-34, ,
2, ,-34, ,
2, ,-34, ,
1, ,-34, ,
3, ,-34, ,
1, ,-34, ,
1, ,-34, ,
2, ,-34, ,
2, ,-34, ,
1, ,-34, ,
3, ,-34, ,
1, ,-34, ,
2, ,-34, ,
2, ,-34, ,
2, ,-34, ,
1, ,-34, ,
3, ,-34, ,
1, ,-34, ,
1, ,-34, ,
2, ,-34, ,
2, ,-34, ,
1, ,-34, ,
2, ,-34, ,
1, ,-34, ,
1, ,-34, ,
2, ,-34, ,
2, ,-34, ,
1, ,-23, ,
3, ,-3, ,
2, ,13, ,
1, ,25, ,
3, ,34, ,
2, ,40, ,
1, ,45, ,
3, ,50, ,
1, ,53, ,
1, ,54, ,
2, ,56, ,
2, ,57, ,
1, ,58, ,
2, ,58, ,
1, ,59, ,
1, ,59, ,
2, ,59, ,
1, ,59, ,
-1, ,59, ,
2, ,59, ,
1, ,60, ,
1, ,59, ,
2, ,60, ,
2, ,60, ,
1, ,60, ,
2, ,59, ,
1, ,60, ,
1, ,59, ,
2, ,60, ,
2, ,60, ,
-1, ,60, ,
2, ,59, ,
1, ,60, ,
1, ,59, ,
2, ,59, ,
2, ,60, ,
1, ,59, ,
2, ,59, ,
1, ,60, ,
1, ,59, ,
2, ,59, ,
1, ,59, ,
-1, ,59, ,
2, ,59, ,
1, ,60, ,
1, ,59, ,
2, ,59, ,
41, ,59, ,
29, ,59, ,
21, ,59, ,
13, ,60, ,
8, ,59, ,
7, ,60, ,
6, ,59, ,
3, ,59, ,
5, ,59, ,
2, ,60, ,
2, ,59, ,
3, ,59, ,
3, ,59, ,
1, ,59, ,
3, ,59, ,
2, ,60, ,
2, ,59, ,
3, ,59, ,
2, ,59, ,
1, ,59, ,
3, ,59, ,
2, ,60, ,
1, ,59, ,
2, ,59, ,
2, ,59, ,
1, ,59, ,
3, ,59, ,
1, ,60, ,
1, ,59, ,
2, ,59, ,
2, ,59, ,
1, ,59, ,
3, ,59, ,
2, ,60, ,
2, ,59, ,
3, ,59, ,
2, ,59, ,
1, ,59, ,
3, ,59, ,
1, ,59, ,
1, ,59, ,
3, ,59, ,
2, ,59, ,
1, ,59, ,
3, ,59, ,
1, ,60, ,
1, ,59, ,
3, ,59, ,
2, ,60, ,
1, ,59, ,
3, ,59, ,
2, ,59, ,
2, ,59, ,
2, ,59, ,
2, ,59, ,
1, ,59, ,
3, ,59, ,
2, ,60, ,
1, ,59, ,
2, ,59, ,
2, ,59, ,
1, ,59, ,
3, ,59, ,
1, ,59, ,
1, ,59, ,
3, ,59, ,
2, ,59, ,
1, ,59, ,
3, ,59, ,
2, ,60, ,
1, ,59, ,
2, ,59, ,
2, ,60, ,
1, ,59, ,
3, ,59, ,
1, ,60, ,
1, ,59, ,
2, ,60, ,
2, ,60, ,
1, ,59, ,
2, ,59, ,
2, ,60, ,
1, ,58, ,
2, ,59, ,
2, ,59, ,
1, ,59, ,
3, ,59, ,
1, ,60, ,
1, ,59, ,
2, ,59, ,
2, ,59, ,
1, ,59, ,
2, ,59, ,
1, ,60, ,
1, ,59, ,
2, ,59, ,
2, ,59, ,
1, ,59, ,
3, ,59, ,
1, ,59, ,
1, ,58, ,
17, ,59, ,
17, ,60, ,
12, ,59, ,
10, ,59, ,
6, ,60, ,
5, ,59, ,
5, ,57, ,
3, ,41, ,
2, ,22, ,
5, ,7, ,
2, ,-3, ,
2, ,-12, ,
3, ,-17, ,
2, ,-21, ,
1, ,-25, ,
2, ,-27, ,
1, ,-28, ,
1, ,-31, ,
2, ,-32, ,
2, ,-32, ,
1, ,-34, ,
5, ,-33, ,
2, ,-34, ,
2, ,-34, ,
2, ,-34, ,
3, ,-34, ,
1, ,-34, ,
3, ,-34, ,
2, ,-35, ,
1, ,-35, ,
2, ,-34, ,
2, ,-34, ,
1, ,-35, ,
3, ,-34, ,
2, ,-34, ,
2, ,-34, ,
2, ,-34, ,
2, ,-34, ,
1, ,-34, ,
3, ,-34, ,
2, ,-34, ,
1, ,-34, ,
2, ,-34, ,
2, ,-34, ,
1, ,-35, ,
3, ,-34, ,
2, ,-34, ,
2, ,-34, ,
3, ,-34, ,
2, ,-34, ,
1, ,-34, ,
3, ,-34, ,
2, ,-34, ,
1, ,-34, ,
2, ,-34, ,
2, ,-34, ,
1, ,-34, ,
3, ,-34, ,
1, ,-34, ,
1, ,-34, ,
3, ,-34, ,
2, ,-34, ,
1, ,-34, ,
3, ,-34, ,
2, ,-34, ,
2, ,-34, ,
2, ,-34, ,
2, ,-34, ,
1, ,-34, ,
3, ,-34, ,
2, ,-34, ,
1, ,-34, ,
2, ,-34, ,
2, ,-34, ,
1, ,-34, ,
3, ,-34, ,
2, ,-34, ,
1, ,-34, ,
2, ,-34, ,
3, ,-34, ,
1, ,-34, ,
3, ,-34, ,
2, ,-34, ,
1, ,-33, ,
3, ,-34, ,
2, ,-34, ,
1, ,-34, ,
3, ,-34, ,
2, ,-34, ,
1, ,-34, ,
2, ,-34, ,
2, ,-34, ,
1, ,-34, ,
3, ,-34, ,
2, ,-34, ,
1, ,-34, ,
2, ,-34, ,
2, ,-34, ,
1, ,-34, ,
3, ,-34, ,
1, ,-34, ,
1, ,-34, ,
2, ,-34, ,
3, ,-34, ,
1, ,-34, ,
3, ,-34, ,
1, ,-34, ,
1, ,-34, ,
2, ,-34, ,
2, ,-34, ,
1, ,-34, ,
3, ,-34, ,
2, ,-34, ,
1, ,-34, ,
2, ,-34, ,
2, ,-34, ,
1, ,-34, ,
3, ,-34, ,
1, ,-34, ,
1, ,-34, ,
2, ,-34, ,
2, ,-34, ,
1, ,-34, ,
3, ,-34, ,
1, ,-34, ,
1, ,-34, ,
2, ,-34, ,
2, ,-34, ,
1, ,-34, ,
3, ,-34, ,
1, ,-34, ,
1, ,-34, ,
2, ,-34, ,
2, ,-34, ,
1, ,-34, ,
3, ,-34, ,
1, ,-34, ,
1, ,-34, ,
2, ,-34, ,
2, ,-34, ,
1, ,-34, ,
3, ,-34, ,
1, ,-34, ,
1, ,-34, ,
2, ,-34, ,
2, ,-34, ,
1, ,-34, ,
3, ,-34, ,
1, ,-34, ,
1, ,-34, ,
2, ,-34, ,
2, ,-34, ,
1, ,-34, ,
3, ,-34, ,
1, ,-34, ,
1, ,-34, ,
2, ,-34, ,
2, ,-34, ,
1, ,-34, ,
3, ,-34, ,
1, ,-34, ,
1, ,-34, ,
2, ,-34, ,
2, ,-33, ,
1, ,-34, ,
2, ,-33, ,
1, ,-34, ,
1, ,-34, ,
2, ,-34, ,
2, ,-34, ,
1, ,-34, ,
3, ,-34, ,
1, ,-34, ,
1, ,-34, ,
2, ,-34, ,
2, ,-34, ,
1, ,-34, ,
3, ,-34, ,
1, ,-34, ,
1, ,-34, ,
2, ,-34, ,
2, ,-34, ,
1, ,-34, ,
3, ,-34, ,
1, ,-34, ,
1, ,-34, ,
2, ,-34, ,
2, ,-34, ,
-1, ,-34, ,
3, ,-34, ,
1, ,-34, ,
1, ,-34, ,
2, ,-34, ,
2, ,-34, ,
-1, ,-34, ,
2, ,-33, ,
1, ,-34, ,
1, ,-34, ,
2, ,-34, ,
2, ,-34, ,
1, ,-34, ,
2, ,-33, ,
1, ,-34, ,
1, ,-33, ,
2, ,-34, ,
2, ,-34, ,
-1, ,-34, ,
3, ,-34, ,
1, ,-34, ,
1, ,-34, ,
2, ,-34, ,
2, ,-34, ,
1, ,-34, ,
2, ,-34, ,
1, ,-34, ,
1, ,-34, ,
2, ,-34, ,
2, ,-34, ,
-1, ,-34, ,
3, ,-34, ,
1, ,-34, ,
1, ,-34, ,
2, ,-34, ,
2, ,-34, ,
1, ,-34, ,
3, ,-34, ,
1, ,-34, ,
1, ,-34, ,
2, ,-34, ,
2, ,-34, ,
1, ,-34, ,
3, ,-34, ,
1, ,-34, ,
1, ,-34, ,
2, ,-34, ,
2, ,-34, ,
1, ,-34, ,
3, ,-34, ,
1, ,-34, ,
1, ,-34, ,
2, ,-34, ,
2, ,-34, ,
-1, ,-34, ,
3, ,-33, ,
1, ,-34, ,
1, ,-34, ,
2, ,-34, ,
2, ,-34, ,
1, ,-34, ,
2, ,-34, ,
1, ,-34, ,
1, ,-34, ,
2, ,-34, ,
2, ,-34, ,
-1, ,-34, ,
3, ,-33, ,
1, ,-34, ,
1, ,-34, ,
2, ,-34, ,
2, ,-34, ,
-1, ,-34, ,
2, ,-34, ,
1, ,-34, ,
1, ,-34, ,
2, ,-34, ,
2, ,-34, ,
-1, ,-34, ,
2, ,-33, ,
1, ,-34, ,
1, ,-34, ,
2, ,-34, ,
2, ,-34, ,
1, ,-34, ,
2, ,-33, ,
1, ,-34, ,
1, ,-33, ,
2, ,-34, ,
2, ,-34, ,
-1, ,-34, ,
3, ,-34, ,
1, ,-34, ,
1, ,-34, ,
1, ,-34, ,
1, ,-34, ,
-1, ,-34, ,
2, ,-34, ,
1, ,-34, ,
1, ,-34, ,
2, ,-34, ,
2, ,-34, ,
-1, ,-34, ,
2, ,-33, ,
1, ,-34, ,
1, ,-34, ,
1, ,-34, ,
2, ,-34, ,
-1, ,-34, ,
2, ,-34, ,
1, ,-34, ,
1, ,-34, ,
2, ,-34, ,
1, ,-34, ,
-1, ,-34, ,
2, ,-34, ,
1, ,-34, ,
1, ,-34, ,
1, ,-34, ,
2, ,-34, ,
-1, ,-34, ,
2, ,-34, ,
1, ,-34, ,
1, ,-34, ,
2, ,-34, ,
1, ,-34, ,
-1, ,-34, ,
2, ,-34, ,
1, ,-34, ,
1, ,-34, ,
2, ,-34, ,
2, ,-34, ,
-1, ,-34, ,
2, ,-34, ,
1, ,-34, ,
1, ,-34, ,
2, ,-34, ,
2, ,-34, ,
-1, ,-34, ,
2, ,-34, ,
1, ,-34, ,
1, ,-34, ,
1, ,-34, ,
1, ,-34, ,
-1, ,-34, ,
2, ,-33, ,
1, ,-34, ,
1, ,-34, ,
2, ,-34, ,
2, ,-34, ,
-1, ,-34, ,
2, ,-34, ,
1, ,-33, ,
1, ,-34, ,
2, ,-34, ,
2, ,-34, ,
-1, ,-34, ,
2, ,-33, ,
1, ,-34, ,
1, ,-33, ,
2, ,-34, ,
1, ,-34, ,
-1, ,-34, ,
2, ,-33, ,
1, ,-34, ,
1, ,-34, ,
2, ,-34, ,
1, ,-34, ,
-1, ,-34, ,
2, ,-33, ,
1, ,-34, ,
1, ,-34, ,
2, ,-34, ,
1, ,-34, ,
-1, ,-34, ,
2, ,-33, ,
1, ,-34, ,
1, ,-34, ,
1, ,-34, ,
1, ,-34, ,
-1, ,-34, ,
2, ,-33, ,
1, ,-34, ,
1, ,-34, ,
2, ,-34, ,
1, ,-34, ,
-1, ,-34, ,
2, ,-34, ,
1, ,-34, ,
1, ,-34, ,
1, ,-34, ,
2, ,-34, ,
-1, ,-34, ,
2, ,-34, ,
1, ,-34, ,
1, ,-34, ,
1, ,-34, ,
1, ,-34, ,
-1, ,-34, ,
2, ,-34, ,
1, ,-34, ,
1, ,-34, ,
2, ,-34, ,
1, ,-34, ,
-1, ,-34, ,
2, ,-34, ,
1, ,-34, ,
1, ,-34, ,
2, ,-34, ,
1, ,-34, ,
-1, ,-34, ,
2, ,-34, ,
1, ,-34, ,
1, ,-34, ,
2, ,-34, ,
1, ,-34, ,
-1, ,-34, ,
2, ,-34, ,
1, ,-34, ,
1, ,-34, ,
2, ,-34, ,
1, ,-34, ,
-1, ,-34, ,
2, ,-34, ,
1, ,-34, ,
1, ,-34, ,
1, ,-34, ,
1, ,-34, ,
-1, ,-34, ,
2, ,-34, ,
1, ,-34, ,
1, ,-34, ,
2, ,-34, ,
1, ,-34, ,
-1, ,-34, ,
2, ,-34, ,
1, ,-34, ,
1, ,-34, ,
1, ,-34, ,
1, ,-34, ,
-1, ,-34, ,
2, ,-34, ,
1, ,-34, ,
1, ,-34, ,
2, ,-34, ,
1, ,-34, ,
-1, ,-34, ,
2, ,-34, ,
1, ,-34, ,
1, ,-34, ,
1, ,-34, ,
1, ,-34, ,
-1, ,-34, ,
2, ,-34, ,
-1, ,-34, ,
-1, ,-34, ,
2, ,-34, ,
1, ,-34, ,
-1, ,-34, ,
2, ,-33, ,
1, ,-34, ,
-1, ,-34, ,
1, ,-34, ,
1, ,-34, ,
-1, ,-34, ,
2, ,-33, ,
1, ,-34, ,
1, ,-34, ,
1, ,-34, ,
1, ,-34, ,
-1, ,-34, ,
2, ,-33, ,
1, ,-34, ,
1, ,-34, ,
1, ,-34, ,
1, ,-34, ,
-1, ,-34, ,
2, ,-33, ,
-1, ,-34, ,
-1, ,-34, ,
2, ,-34, ,
1, ,-34, ,
-1, ,-34, ,
2, ,-34, ,
1, ,-34, ,
-1, ,-34, ,
1, ,-34, ,
1, ,-34, ,
-1, ,-34, ,
2, ,-34, ,
-1, ,-34, ,
-1, ,-34, ,
1, ,-34, ,
1, ,-34, ,
-1, ,-34, ,
2, ,-34, ,
1, ,-34, ,
-1, ,-34, ,
1, ,-34, ,
1, ,-34, ,
-1, ,-34, ,
2, ,-34, ,
1, ,-34, ,
1, ,-34, ,
2, ,-33, ,
1, ,-34, ,
-1, ,-34, ,
2, ,-34, ,
1, ,-34, ,
-1, ,-34, ,
1, ,-34, ,
2, ,-34, ,
-1, ,-34, ,
2, ,-33, ,
1, ,-34, ,
-1, ,-34, ,
2, ,-34, ,
1, ,-34, ,
-1, ,-34, ,
2, ,-34, ,
1, ,-34, ,
1, ,-34, ,
1, ,-34, ,
1, ,-34, ,
-1, ,-34, ,
2, ,-34, ,
1, ,-34, ,
-1, ,-34, ,
2, ,-34, ,
2, ,-34, ,
-1, ,-34, ,
2, ,-34, ,
1, ,-34, ,
1, ,-34, ,
2, ,-34, ,
1, ,-34, ,
-1, ,-34, ,
2, ,-34, ,
-1, ,-34, ,
-1, ,-33, ,
2, ,-34, ,
1, ,-34, ,
-1, ,-34, ,
2, ,-34, ,
1, ,-34, ,
-1, ,-34, ,
1, ,-34, ,
1, ,-34, ,
-1, ,-34, ,
1, ,-34, ,
-1, ,-34, ,
-1, ,-34, ,
1, ,-34, ,
1, ,-34, ,
-1, ,-34, ,
2, ,-34, ,
-1, ,-34, ,
-1, ,-34, ,
1, ,-34, ,
1, ,-34, ,
-1, ,-34, ,
2, ,-34, ,
1, ,-34, ,
-1, ,-34, ,
1, ,-34, ,
1, ,-34, ,
-1, ,-34, ,
2, ,-34, ,
-1, ,-34, ,
1, ,-34, ,
1, ,-34, ,
1, ,-34, ,
-1, ,-34, ,
2, ,-33, ,
-1, ,-34, ,
-1, ,-34, ,
2, ,-34, ,
1, ,-34, ,
-1, ,-34, ,
2, ,-34, ,
-1, ,-34, ,
-1, ,-34, ,
1, ,-34, ,
1, ,-34, ,
-1, ,-34, ,
2, ,-34, ,
-1, ,-34, ,
-1, ,-34, ,
2, ,-34, ,
1, ,-34, ,
-1, ,-34, ,
1, ,-34, ,
1, ,-34, ,
-1, ,-34, ,
1, ,-34, ,
1, ,-34, ,
-1, ,-34, ,
1, ,-34, ,
1, ,-34, ,
-1, ,-34, ,
1, ,-34, ,
1, ,-34, ,
-1, ,-34, ,
1, ,-34, ,
-1, ,-34, ,
-1, ,-34, ,
1, ,-34, ,
1, ,-34, ,
-1, ,-34, ,
2, ,-33, ,
-1, ,-34, ,
-1, ,-34, ,
2, ,-34, ,
1, ,-34, ,
-1, ,-34, ,
2, ,-34, ,
1, ,-34, ,
-1, ,-34, ,
1, ,-34, ,
1, ,-34, ,
-1, ,-34, ,
1, ,-34, ,
1, ,-34, ,
-1, ,-34, ,
1, ,-34, ,
1, ,-34, ,
-1, ,-34, ,
2, ,-34, ,
-1, ,-34, ,
-1, ,-34, ,
1, ,-34, ,
1, ,-34, ,
-1, ,-34, ,
1, ,-34, ,
1, ,-34, ,
-1, ,-33, ,
2, ,-34, ,
1, ,-34, ,
-1, ,-34, ,
2, ,-34, ,
1, ,-34, ,
-1, ,-34, ,
1, ,-34, ,
1, ,-34, ,
-1, ,-34, ,
2, ,-28, ,
1, ,-8, ,
1, ,8, ,
2, ,21, ,
1, ,32, ,
-1, ,39, ,
2, ,44, ,
1, ,49, ,
-1, ,51, ,
2, ,54, ,
1, ,56, ,
-1, ,57, ,
2, ,57, ,
-1, ,58, ,
-1, ,58, ,
2, ,59, ,
1, ,59, ,
-1, ,59, ,
2, ,59, ,
1, ,60, ,
-1, ,59, ,
2, ,59, ,
1, ,60, ,
-1, ,60, ,
2, ,59, ,
-1, ,60, ,
-1, ,59, ,
2, ,60, ,
1, ,60, ,
-1, ,60, ,
2, ,59, ,
-1, ,60, ,
-1, ,59, ,
2, ,59, ,
1, ,60, ,
-1, ,60, ,
1, ,59, ,
-1, ,60, ,
-1, ,59, ,
2, ,59, ,
1, ,60, ,
-1, ,59, ,
2, ,59, ,
-1, ,60, ,
-1, ,59, ,
1, ,59, ,
1, ,59, ,
-1, ,59, ,
2, ,59, ,
-1, ,60, ,
-1, ,59, ,
1, ,59, ,
1, ,59, ,
-1, ,59, ,
2, ,59, ,
-1, ,60, ,
-1, ,58, ,
1, ,59, ,
-1, ,59, ,
-1, ,60, ,
1, ,59, ,
-1, ,60, ,
-1, ,59, ,
1, ,59, ,
1, ,59, ,
-1, ,59, ,
2, ,59, ,
-1, ,60, ,
-1, ,59, ,
1, ,59, ,
1, ,59, ,
-1, ,59, ,
2, ,59, ,
-1, ,60, ,
-1, ,59, ,
2, ,59, ,
1, ,59, ,
-1, ,59, ,
2, ,59, ,
-1, ,60, ,
-1, ,59, ,
2, ,59, ,
1, ,59, ,
-1, ,59, ,
2, ,59, ,
-1, ,60, ,
-1, ,59, ,
2, ,59, ,
1, ,59, ,
-2, ,59, ,
1, ,59, ,
-1, ,60, ,
-1, ,59, ,
1, ,59, ,
1, ,59, ,
-1, ,59, ,
1, ,59, ,
-1, ,60, ,
-1, ,59, ,
2, ,59, ,
1, ,59, ,
-1, ,59, ,
2, ,59, ,
-1, ,60, ,
-1, ,59, ,
2, ,59, ,
1, ,59, ,
-1, ,59, ,
2, ,59, ,
-1, ,60, ,
-1, ,59, ,
2, ,59, ,
1, ,59, ,
-1, ,59, ,
2, ,59, ,
-1, ,60, ,
77, ,59, ,
60, ,59, ,
36, ,59, ,
22, ,59, ,
16, ,59, ,
8, ,60, ,
6, ,59, ,
6, ,59, ,
3, ,59, ,
2, ,59, ,
5, ,59, ,
2, ,60, ,
1, ,59, ,
3, ,59, ,
2, ,59, ,
1, ,59, ,
3, ,59, ,
2, ,60, ,
1, ,59, ,
3, ,60, ,
2, ,60, ,
1, ,58, ,
3, ,59, ,
2, ,60, ,
2, ,59, ,
2, ,59, ,
2, ,59, ,
1, ,59, ,
3, ,59, ,
1, ,60, ,
1, ,59, ,
3, ,59, ,
2, ,60, ,
1, ,59, ,
3, ,59, ,
2, ,60, ,
1, ,59, ,
2, ,59, ,
2, ,59, ,
1, ,46, ,
2, ,26, ,
1, ,11, ,
1, ,0, ,
2, ,-9, ,
2, ,-16, ,
1, ,-21, ,
3, ,-24, ,
1, ,-26, ,
1, ,-28, ,
2, ,-31, ,
2, ,-31, ,
1, ,-33, ,
3, ,-33, ,
1, ,-34, ,
1, ,-34, ,
3, ,-34, ,
2, ,-34, ,
1, ,-34, ,
3, ,-34, ,
1, ,-34, ,
1, ,-35, ,
2, ,-34, ,
2, ,-34, ,
1, ,-35, ,
3, ,-34, ,
1, ,-35, ,
1, ,-34, ,
2, ,-34, ,
2, ,-34, ,
1, ,-34, ,
3, ,-34, ,
2, ,-34, ,
1, ,-34, ,
2, ,-34, ,
2, ,-34, ,
1, ,-34, ,
3, ,-34, ,
1, ,-34, ,
1, ,-34, ,
2, ,-34, ,
2, ,-34, ,
1, ,-34, ,
3, ,-34, ,
2, ,-34, ,
1, ,-34, ,
2, ,-34, ,
2, ,-34, ,
1, ,-34, ,
3, ,-34, ,
1, ,-34, ,
1, ,-34, ,
2, ,-34, ,
2, ,-34, ,
1, ,-34, ,
3, ,-34, ,
1, ,-34, ,
2, ,-34, ,
2, ,-34, ,
2, ,-34, ,
1, ,-34, ,
3, ,-34, ,
1, ,-34, ,
1, ,-34, ,
2, ,-34, ,
2, ,-34, ,
1, ,-34, ,
3, ,-34, ,
1, ,-34, ,
1, ,-34, ,
2, ,-34, ,
2, ,-34, ,
1, ,-34, ,
2, ,-34, ,
1, ,-34, ,
1, ,-34, ,
2, ,-34, ,
2, ,-34, ,
1, ,-34, ,
3, ,-34, ,
1, ,-34, ,
1, ,-34, ,
2, ,-34, ,
2, ,-34, ,
1, ,-34, ,
3, ,-34, ,
1, ,-34, ,
1, ,-34, ,
2, ,-34, ,
2, ,-34, ,
1, ,-34, ,
3, ,-34, ,
1, ,-34, ,
1, ,-34, ,
2, ,-34, ,
2, ,-34, ,
1, ,-34, ,
3, ,-34, ,
1, ,-34, ,
2, ,-34, ,
2, ,-34, ,
2, ,-34, ,
1, ,-34, ,
2, ,-34, ,
1, ,-34, ,
1, ,-34, ,
2, ,-34, ,
2, ,-34, ,
1, ,-34, ,
3, ,-34, ,
1, ,-34, ,
1, ,-34, ,
2, ,-34, ,
2, ,-34, ,
1, ,-34, ,
3, ,-34, ,
1, ,-34, ,
1, ,-34, ,
2, ,-34, ,
2, ,-34, ,
1, ,-34, ,
3, ,-34, ,
1, ,-34, ,
1, ,-34, ,
2, ,-34, ,
2, ,-34, ,
1, ,-34, ,
3, ,-34, ,
1, ,-34, ,
1, ,-34, ,
2, ,-34, ,
2, ,-34, ,
1, ,-34, ,
3, ,-34, ,
1, ,-34, ,
1, ,-34, ,
2, ,-34, ,
2, ,-34, ,
1, ,-34, ,
3, ,-34, ,
1, ,-34, ,
1, ,-34, ,
2, ,-34, ,
2, ,-34, ,
1, ,-34, ,
2, ,-34, ,
1, ,-34, ,
1, ,-34, ,
2, ,-34, ,
2, ,-34, ,
1, ,-34, ,
3, ,-33, ,
1, ,-34, ,
1, ,-34, ,
2, ,-34, ,
2, ,-34, ,
1, ,-34, ,
3, ,-34, ,
1, ,-34, ,
1, ,-34, ,
40, ,-34, ,
29, ,-34, ,
17, ,-34, ,
13, ,-33, ,
8, ,-34, ,
5, ,-34, ,
5, ,-34, ,
3, ,-34, ,
2, ,-34, ,
3, ,-34, ,
1, ,-34, ,
1, ,-34, ,
3, ,-34, ,
2, ,-34, ,
1, ,-34, ,
3, ,-33, ,
2, ,-34, ,
2, ,-34, ,
2, ,-34, ,
2, ,-34, ,
1, ,-34, ,
3, ,-34, ,
2, ,-34, ,
2, ,-34, ,
3, ,-34, ,
2, ,-34, ,
1, ,-34, ,
3, ,-34, ,
2, ,-34, ,
1, ,-34, ,
2, ,-34, ,
2, ,-34, ,
1, ,-34, ,
3, ,-33, ,
2, ,-34, ,
1, ,-34, ,
3, ,-34, ,
3, ,-34, ,
1, ,-34, ,
3, ,-33, ,
2, ,-34, ,
1, ,-34, ,
2, ,-34, ,
2, ,-34, ,
1, ,-34, ,
3, ,-34, ,
2, ,-34, ,
1, ,-34, ,
3, ,-34, ,
2, ,-34, ,
1, ,-34, ,
3, ,-34, ,
2, ,-34, ,
1, ,-34, ,
2, ,-34, ,
2, ,-34, ,
1, ,-34, ,
3, ,-33, ,
2, ,-34, ,
2, ,-34, ,
3, ,-34, ,
3, ,-34, ,
1, ,-34, ,
3, ,-34, ,
2, ,-34, ,
2, ,-34, ,
3, ,-34, ,
2, ,-34, ,
1, ,-34, ,
3, ,-34, ,
2, ,-34, ,
1, ,-34, ,
3, ,-34, ,
2, ,-34, ,
1, ,-34, ,
3, ,-34, ,
2, ,-34, ,
1, ,-34, ,
2, ,-34, ,
2, ,-34, ,
1, ,-34, ,
3, ,-33, ,
1, ,-34, ,
1, ,-34, ,
3, ,-34, ,
2, ,-34, ,
1, ,-34, ,
3, ,-33, ,
2, ,-34, ,
2, ,-34, ,
2, ,-34, ,
2, ,-34, ,
1, ,-34, ,
3, ,-34, ,
2, ,-34, ,
1, ,-33, ,
2, ,-34, ,
2, ,-34, ,
1, ,-34, ,
3, ,-33, ,
1, ,-34, ,
1, ,-34, ,
2, ,-34, ,
2, ,-34, ,
1, ,-34, ,
3, ,-33, ,
1, ,-34, ,
1, ,-34, ,
2, ,-34, ,
2, ,-34, ,
1, ,-34, ,
3, ,-34, ,
1, ,-34, ,
1, ,-34, ,
2, ,-34, ,
2, ,-34, ,
1, ,-34, ,
3, ,-33, ,
1, ,-34, ,
2, ,-34, ,
2, ,-34, ,
2, ,-34, ,
1, ,-34, ,
3, ,-34, ,
1, ,-34, ,
1, ,-34, ,
2, ,-34, ,
2, ,-34, ,
1, ,-34, ,
3, ,-34, ,
2, ,-34, ,
1, ,-34, ,
2, ,-34, ,
2, ,-34, ,
1, ,-34, ,
3, ,-34, ,
2, ,-34, ,
1, ,-34, ,
2, ,-34, ,
2, ,-34, ,
1, ,-34, ,
3, ,-34, ,
1, ,-34, ,
1, ,-33, ,
2, ,-34, ,
2, ,-34, ,
1, ,-34, ,
2, ,-34, ,
1, ,-34, ,
1, ,-34, ,
2, ,-34, ,
2, ,-34, ,
1, ,-34, ,
3, ,-33, ,
1, ,-34, ,
1, ,-34, ,
2, ,-34, ,
2, ,-34, ,
1, ,-34, ,
3, ,-34, ,
1, ,-34, ,
1, ,-34, ,
2, ,-34, ,
2, ,-34, ,
1, ,-34, ,
2, ,-33, ,
1, ,-34, ,
1, ,-34, ,
2, ,-34, ,
2, ,-34, ,
1, ,-34, ,
3, ,-34, ,
1, ,-34, ,
1, ,-34, ,
2, ,-34, ,
2, ,-34, ,
1, ,-34, ,
2, ,-33, ,
1, ,-34, ,
1, ,-34, ,
2, ,-34, ,
2, ,-34, ,
1, ,-34, ,
3, ,-33, ,
1, ,-34, ,
1, ,-34, ,
2, ,-34, ,
2, ,-34, ,
1, ,-34, ,
3, ,-34, ,
1, ,-34, ,
1, ,-34, ,
2, ,-34, ,
2, ,-34, ,
1, ,-34, ,
3, ,-34, ,
1, ,-34, ,
1, ,-34, ,
2, ,-34, ,
2, ,-34, ,
1, ,-34, ,
2, ,-34, ,
1, ,-34, ,
1, ,-34, ,
2, ,-34, ,
2, ,-34, ,
1, ,-34, ,
3, ,-33, ,
1, ,-34, ,
1, ,-34, ,
2, ,-34, ,
2, ,-34, ,
1, ,-34, ,
2, ,-34, ,
1, ,-34, ,
1, ,-34, ,
2, ,-34, ,
2, ,-34, ,
-1, ,-33, ,
2, ,-34, ,
1, ,-34, ,
1, ,-34, ,
2, ,-34, ,
2, ,-34, ,
1, ,-34, ,
2, ,-33, ,
1, ,-34, ,
1, ,-34, ,
2, ,-34, ,
2, ,-34, ,
1, ,-34, ,
3, ,-34, ,
1, ,-34, ,
1, ,-34, ,
2, ,-34, ,
2, ,-34, ,
1, ,-34, ,
2, ,-34, ,
1, ,-34, ,
1, ,-34, ,
2, ,-34, ,
2, ,-34, ,
-1, ,-34, ,
2, ,-34, ,
1, ,-34, ,
1, ,-34, ,
1, ,-34, ,
2, ,-34, ,
1, ,-34, ,
2, ,-34, ,
1, ,-34, ,
1, ,-34, ,
2, ,-34, ,
1, ,-34, ,
-1, ,-34, ,
3, ,-33, ,
1, ,-34, ,
1, ,-34, ,
2, ,-34, ,
1, ,-34, ,
-1, ,-34, ,
2, ,-34, ,
1, ,-34, ,
1, ,-34, ,
2, ,-34, ,
2, ,-34, ,
-1, ,-34, ,
2, ,-34, ,
1, ,-34, ,
1, ,-34, ,
1, ,-34, ,
1, ,-34, ,
-1, ,-34, ,
2, ,-34, ,
1, ,-34, ,
1, ,-34, ,
2, ,-34, ,
1, ,-34, ,
-1, ,-34, ,
2, ,-33, ,
1, ,-34, ,
1, ,-34, ,
2, ,-34, ,
1, ,-34, ,
-1, ,-34, ,
2, ,-34, ,
1, ,-34, ,
-1, ,-34, ,
2, ,-34, ,
1, ,-34, ,
-1, ,-34, ,
2, ,-34, ,
1, ,-34, ,
1, ,-34, ,
1, ,-34, ,
1, ,-34, ,
-1, ,-34, ,
2, ,-33, ,
1, ,-34, ,
1, ,-34, ,
2, ,-34, ,
2, ,-34, ,
-1, ,-34, ,
2, ,-34, ,
1, ,-34, ,
1, ,-34, ,
2, ,-34, ,
1, ,-34, ,
-1, ,-34, ,
2, ,-34, ,
1, ,-34, ,
1, ,-34, ,
1, ,-34, ,
1, ,-34, ,
-1, ,-34, ,
2, ,-34, ,
1, ,-34, ,
1, ,-34, ,
1, ,-34, ,
1, ,-34, ,
-1, ,-34, ,
2, ,-34, ,
1, ,-34, ,
1, ,-34, ,
2, ,-34, ,
1, ,-34, ,
-1, ,-34, ,
2, ,-34, ,
1, ,-34, ,
1, ,-34, ,
2, ,-34, ,
2, ,-34, ,
-1, ,-34, ,
2, ,-34, ,
1, ,-34, ,
1, ,-34, ,
2, ,-34, ,
2, ,-34, ,
-1, ,-34, ,
2, ,-34, ,
1, ,-34, ,
1, ,-34, ,
1, ,-34, ,
1, ,-34, ,
-1, ,-34, ,
2, ,-34, ,
1, ,-34, ,
1, ,-34, ,
2, ,-34, ,
2, ,-34, ,
-1, ,-34, ,
2, ,-34, ,
1, ,-34, ,
1, ,-34, ,
2, ,-34, ,
2, ,-34, ,
-1, ,-34, ,
2, ,-34, ,
1, ,-34, ,
1, ,-34, ,
2, ,-34, ,
2, ,-34, ,
-1, ,-34, ,
2, ,-34, ,
1, ,-34, ,
1, ,-34, ,
2, ,-34, ,
1, ,-34, ,
-1, ,-34, ,
2, ,-34, ,
1, ,-34, ,
1, ,-34, ,
1, ,-34, ,
2, ,-34, ,
-1, ,-34, ,
2, ,-34, ,
1, ,-34, ,
1, ,-34, ,
2, ,-34, ,
1, ,-34, ,
-1, ,-34, ,
2, ,-34, ,
1, ,-34, ,
1, ,-34, ,
2, ,-34, ,
1, ,-34, ,
-1, ,-34, ,
2, ,-34, ,
1, ,-34, ,
1, ,-34, ,
1, ,-34, ,
1, ,-34, ,
-1, ,-34, ,
2, ,-33, ,
1, ,-34, ,
1, ,-34, ,
2, ,-34, ,
1, ,-34, ,
-1, ,-34, ,
2, ,-34, ,
1, ,-34, ,
1, ,-34, ,
1, ,-34, ,
1, ,-34, ,
-1, ,-34, ,
2, ,-34, ,
1, ,-34, ,
-1, ,-34, ,
2, ,-34, ,
1, ,-34, ,
-1, ,-34, ,
2, ,-34, ,
1, ,-34, ,
-1, ,-34, ,
1, ,-34, ,
1, ,-34, ,
-1, ,-34, ,
2, ,-34, ,
1, ,-34, ,
-1, ,-34, ,
2, ,-34, ,
1, ,-34, ,
-1, ,-34, ,
2, ,-34, ,
1, ,-34, ,
1, ,-34, ,
1, ,-34, ,
1, ,-34, ,
-1, ,-34, ,
2, ,-34, ,
1, ,-34, ,
1, ,-34, ,
1, ,-34, ,
1, ,-34, ,
-1, ,-34, ,
2, ,-33, ,
1, ,-34, ,
-1, ,-34, ,
1, ,-33, ,
1, ,-34, ,
-1, ,-34, ,
2, ,-34, ,
1, ,-34, ,
1, ,-34, ,
2, ,-34, ,
1, ,-34, ,
-1, ,-34, ,
2, ,-34, ,
1, ,-34, ,
1, ,-34, ,
2, ,-34, ,
1, ,-34, ,
-1, ,-34, ,
2, ,-34, ,
1, ,-34, ,
-1, ,-33, ,
2, ,-34, ,
1, ,-34, ,
-1, ,-34, ,
2, ,-33, ,
1, ,-34, ,
-1, ,-34, ,
1, ,-34, ,
1, ,-34, ,
-1, ,-34, ,
2, ,-34, ,
1, ,-32, ,
1, ,-15, ,
2, ,4, ,
1, ,18, ,
-1, ,28, ,
2, ,37, ,
1, ,43, ,
1, ,46, ,
1, ,51, ,
1, ,54, ,
-1, ,55, ,
2, ,56, ,
1, ,57, ,
-1, ,57, ,
2, ,58, ,
1, ,59, ,
-1, ,59, ,
2, ,59, ,
1, ,60, ,
-1, ,59, ,
1, ,60, ,
1, ,60, ,
-1, ,60, ,
2, ,59, ,
1, ,60, ,
-1, ,59, ,
2, ,60, ,
1, ,60, ,
-1, ,60, ,
2, ,59, ,
1, ,60, ,
-1, ,59, ,
2, ,59, ,
1, ,60, ,
-1, ,60, ,
2, ,59, ,
-1, ,60, ,
-1, ,59, ,
2, ,59, ,
1, ,59, ,
-1, ,59, ,
2, ,59, ,
-1, ,60, ,
-1, ,59, ,
2, ,59, ,
1, ,59, ,
-1, ,60, ,
2, ,59, ,
-1, ,60, ,
-1, ,59, ,
2, ,59, ,
1, ,59, ,
-1, ,59, ,
2, ,59, ,
1, ,60, ,
-1, ,59, ,
2, ,59, ,
1, ,59, ,
-1, ,60, ,
2, ,59, ,
-1, ,60, ,
-1, ,59, ,
1, ,59, ,
1, ,59, ,
-1, ,59, ,
2, ,59, ,
-1, ,59, ,
-1, ,59, ,
2, ,59, ,
1, ,59, ,
-1, ,59, ,
2, ,59, ,
-1, ,60, ,
-1, ,59, ,
2, ,59, ,
1, ,59, ,
-1, ,59, ,
2, ,59, ,
-1, ,60, ,
-1, ,59, ,
1, ,59, ,
1, ,60, ,
-1, ,59, ,
2, ,59, ,
-1, ,59, ,
-1, ,59, ,
2, ,59, ,
1, ,59, ,
-1, ,59, ,
2, ,59, ,
-1, ,60, ,
-1, ,59, ,
1, ,59, ,
1, ,60, ,
-1, ,59, ,
2, ,59, ,
-1, ,59, ,
-1, ,59, ,
2, ,59, ,
1, ,60, ,
-1, ,59, ,
2, ,59, ,
-1, ,60, ,
-1, ,59, ,
2, ,59, ,
1, ,59, ,
73, ,59, ,
54, ,59, ,
32, ,60, ,
21, ,59, ,
13, ,59, ,
8, ,59, ,
5, ,59, ,
6, ,59, ,
3, ,60, ,
2, ,59, ,
5, ,59, ,
2, ,59, ,
1, ,59, ,
5, ,59, ,
2, ,59, ,
1, ,59, ,
3, ,59, ,
2, ,59, ,
1, ,59, ,
3, ,59, ,
2, ,60, ,
1, ,59, ,
2, ,59, ,
2, ,59, ,
1, ,59, ,
3, ,59, ,
2, ,60, ,
1, ,59, ,
3, ,59, ,
2, ,60, ,
1, ,59, ,
3, ,59, ,
2, ,60, ,
1, ,59, ,
2, ,59, ,
2, ,59, ,
1, ,59, ,
3, ,59, ,
1, ,60, ,
1, ,59, ,
2, ,59, ,
2, ,59, ,
1, ,59, ,
3, ,59, ,
2, ,60, ,
1, ,59, ,
2, ,59, ,
2, ,59, ,
1, ,59, ,
2, ,51, ,
1, ,31, ,
1, ,14, ,
2, ,2, ,
2, ,-7, ,
1, ,-15, ,
3, ,-20, ,
2, ,-23, ,
1, ,-26, ,
2, ,-28, ,
2, ,-30, ,
1, ,-32, ,
3, ,-32, ,
2, ,-33, ,
1, ,-33, ,
2, ,-34, ,
2, ,-34, ,
1, ,-34, ,
3, ,-34, ,
2, ,-34, ,
1, ,-35, ,
2, ,-35, ,
2, ,-35, ,
1, ,-35, ,
3, ,-34, ,
2, ,-34, ,
1, ,-34, ,
2, ,-34, ,
2, ,-35, ,
1, ,-35, ,
3, ,-34, ,
2, ,-34, ,
1, ,-34, ,
2, ,-34, ,
2, ,-34, ,
1, ,-35, ,
3, ,-34, ,
2, ,-34, ,
1, ,-34, ,
2, ,-34, ,
2, ,-34, ,
1, ,-34, ,
3, ,-34, ,
2, ,-34, ,
1, ,-34, ,
2, ,-34, ,
2, ,-34, ,
1, ,-34, ,
3, ,-34, ,
1, ,-34, ,
1, ,-34, ,
2, ,-34, ,
2, ,-34, ,
1, ,-34, ,
3, ,-34, ,
2, ,-34, ,
1, ,-34, ,
2, ,-34, ,
2, ,-34, ,
1, ,-34, ,
3, ,-34, ,
1, ,-34, ,
1, ,-34, ,
2, ,-34, ,
2, ,-34, ,
1, ,-34, ,
3, ,-34, ,
1, ,-34, ,
1, ,-34, ,
2, ,-34, ,
2, ,-34, ,
1, ,-34, ,
3, ,-34, ,
1, ,-34, ,
1, ,-34, ,
2, ,-34, ,
2, ,-34, ,
1, ,-34, ,
3, ,-34, ,
1, ,-34, ,
1, ,-34, ,
2, ,-34, ,
2, ,-34, ,
1, ,-34, ,
3, ,-34, ,
1, ,-34, ,
1, ,-34, ,
2, ,-34, ,
2, ,-34, ,
1, ,-34, ,
3, ,-34, ,
1, ,-34, ,
1, ,-34, ,
2, ,-34, ,
2, ,-34, ,
1, ,-34, ,
3, ,-34, ,
1, ,-34, ,
1, ,-33, ,
2, ,-34, ,
2, ,-34, ,
1, ,-34, ,
3, ,-34, ,
1, ,-34, ,
1, ,-34, ,
2, ,-34, ,
2, ,-34, ,
1, ,-34, ,
3, ,-34, ,
1, ,-34, ,
1, ,-34, ,
2, ,-34, ,
2, ,-34, ,
1, ,-34, ,
2, ,-34, ,
1, ,-34, ,
1, ,-34, ,
2, ,-34, ,
2, ,-34, ,
1, ,-34, ,
3, ,-34, ,
1, ,-34, ,
1, ,-33, ,
2, ,-34, ,
2, ,-34, ,
1, ,-34, ,
3, ,-34, ,
1, ,-34, ,
1, ,-34, ,
2, ,-34, ,
2, ,-34, ,
1, ,-34, ,
3, ,-34, ,
1, ,-34, ,
1, ,-34, ,
2, ,-34, ,
2, ,-34, ,
1, ,-34, ,
3, ,-34, ,
1, ,-34, ,
1, ,-34, ,
2, ,-34, ,
2, ,-34, ,
1, ,-34, ,
2, ,-34, ,
1, ,-34, ,
38, ,-34, ,
26, ,-34, ,
17, ,-34, ,
11, ,-34, ,
10, ,-33, ,
6, ,-34, ,
5, ,-34, ,
5, ,-34, ,
3, ,-34, ,
2, ,-34, ,
3, ,-34, ,
2, ,-34, ,
2, ,-34, ,
3, ,-34, ,
3, ,-34, ,
1, ,-34, ,
3, ,-33, ,
2, ,-34, ,
2, ,-34, ,
3, ,-34, ,
3, ,-34, ,
1, ,-34, ,
5, ,-34, ,
2, ,-34, ,
1, ,-34, ,
3, ,-34, ,
2, ,-34, ,
1, ,-34, ,
3, ,-34, ,
2, ,-34, ,
2, ,-34, ,
2, ,-34, ,
3, ,-34, ,
1, ,-34, ,
3, ,-33, ,
2, ,-34, ,
1, ,-34, ,
3, ,-34, ,
3, ,-34, ,
1, ,-34, ,
3, ,-33, ,
2, ,-34, ,
1, ,-34, ,
2, ,-34, ,
3, ,-34, ,
1, ,-34, ,
3, ,-34, ,
2, ,-34, ,
1, ,-34, ,
3, ,-34, ,
2, ,-34, ,
1, ,-34, ,
3, ,-34, ,
2, ,-34, ,
1, ,-34, ,
2, ,-34, ,
2, ,-34, ,
1, ,-34, ,
3, ,-34, ,
2, ,-34, ,
1, ,-33, ,
3, ,-34, ,
2, ,-34, ,
1, ,-34, ,
3, ,-34, ,
2, ,-34, ,
1, ,-34, ,
3, ,-34, ,
2, ,-34, ,
1, ,-34, ,
3, ,-33, ,
2, ,-34, ,
1, ,-34, ,
3, ,-34, ,
2, ,-34, ,
1, ,-34, ,
3, ,-34, ,
1, ,-34, ,
1, ,-34, ,
2, ,-34, ,
2, ,-34, ,
1, ,-34, ,
3, ,-34, ,
2, ,-34, ,
2, ,-34, ,
2, ,-34, ,
3, ,-34, ,
1, ,-34, ,
3, ,-34, ,
2, ,-34, ,
1, ,-34, ,
2, ,-34, ,
3, ,-34, ,
1, ,-34, ,
3, ,-33, ,
1, ,-34, ,
1, ,-33, ,
3, ,-34, ,
2, ,-34, ,
1, ,-34, ,
3, ,-34, ,
2, ,-34, ,
2, ,-34, ,
2, ,-34, ,
2, ,-34, ,
1, ,-34, ,
3, ,-34, ,
1, ,-34, ,
1, ,-34, ,
2, ,-34, ,
2, ,-34, ,
1, ,-34, ,
3, ,-34, ,
1, ,-34, ,
1, ,-34, ,
2, ,-33, ,
2, ,-34, ,
1, ,-34, ,
3, ,-33, ,
1, ,-34, ,
1, ,-34, ,
2, ,-34, ,
2, ,-34, ,
1, ,-34, ,
3, ,-34, ,
2, ,-34, ,
1, ,-34, ,
2, ,-34, ,
2, ,-34, ,
1, ,-34, ,
3, ,-33, ,
1, ,-34, ,
1, ,-34, ,
3, ,-34, ,
2, ,-34, ,
1, ,-34, ,
3, ,-34, ,
1, ,-34, ,
1, ,-34, ,
2, ,-34, ,
2, ,-34, ,
1, ,-34, ,
3, ,-34, ,
1, ,-34, ,
1, ,-34, ,
2, ,-34, ,
2, ,-34, ,
1, ,-34, ,
3, ,-34, ,
1, ,-34, ,
1, ,-34, ,
2, ,-34, ,
2, ,-34, ,
1, ,-34, ,
3, ,-34, ,
1, ,-34, ,
1, ,-34, ,
2, ,-34, ,
2, ,-34, ,
1, ,-34, ,
3, ,-33, ,
1, ,-34, ,
1, ,-34, ,
2, ,-34, ,
2, ,-34, ,
1, ,-34, ,
3, ,-34, ,
1, ,-34, ,
1, ,-34, ,
2, ,-34, ,
2, ,-34, ,
1, ,-34, ,
3, ,-34, ,
1, ,-34, ,
1, ,-34, ,
2, ,-34, ,
2, ,-34, ,
1, ,-34, ,
3, ,-33, ,
1, ,-34, ,
1, ,-34, ,
2, ,-34, ,
2, ,-34, ,
-1, ,-34, ,
2, ,-34, ,
1, ,-34, ,
1, ,-34, ,
2, ,-34, ,
2, ,-34, ,
1, ,-34, ,
2, ,-34, ,
1, ,-34, ,
1, ,-34, ,
2, ,-34, ,
2, ,-34, ,
-1, ,-34, ,
3, ,-34, ,
1, ,-34, ,
1, ,-34, ,
1, ,-34, ,
2, ,-34, ,
1, ,-34, ,
2, ,-33, ,
1, ,-34, ,
1, ,-34, ,
2, ,-34, ,
2, ,-34, ,
-1, ,-34, ,
3, ,-34, ,
1, ,-34, ,
1, ,-34, ,
2, ,-34, ,
2, ,-34, ,
1, ,-34, ,
2, ,-34, ,
1, ,-34, ,
1, ,-34, ,
2, ,-34, ,
2, ,-34, ,
-1, ,-34, ,
3, ,-34, ,
1, ,-34, ,
1, ,-34, ,
2, ,-34, ,
2, ,-34, ,
1, ,-34, ,
2, ,-34, ,
1, ,-34, ,
1, ,-34, ,
2, ,-34, ,
2, ,-34, ,
-1, ,-34, ,
2, ,-34, ,
1, ,-34, ,
1, ,-34, ,
2, ,-34, ,
2, ,-34, ,
1, ,-34, ,
2, ,-34, ,
1, ,-34, ,
1, ,-34, ,
2, ,-34, ,
2, ,-34, ,
-1, ,-34, ,
3, ,-34, ,
1, ,-34, ,
1, ,-34, ,
2, ,-34, ,
40, ,-34, ,
35, ,-34, ,
22, ,-34, ,
15, ,-34, ,
10, ,-34, ,
8, ,-34, ,
6, ,-34, ,
3, ,-34, ,
5, ,-34, ,
2, ,-34, ,
2, ,-34, ,
3, ,-34, ,
3, ,-34, ,
1, ,-34, ,
3, ,-34, ,
2, ,-34, ,
2, ,-34, ,
3, ,-34, ,
3, ,-34, ,
1, ,-34, ,
3, ,-34, ,
2, ,-34, ,
1, ,-34, ,
3, ,-34, ,
2, ,-34, ,
1, ,-34, ,
3, ,-34, ,
2, ,-34, ,
2, ,-34, ,
3, ,-34, ,
2, ,-34, ,
1, ,-34, ,
3, ,-33, ,
2, ,-34, ,
1, ,-34, ,
3, ,-34, ,
2, ,-34, ,
1, ,-34, ,
3, ,-34, ,
2, ,-34, ,
1, ,-34, ,
3, ,-34, ,
2, ,-34, ,
1, ,-34, ,
3, ,-34, ,
2, ,-34, ,
2, ,-34, ,
2, ,-34, ,
2, ,-34, ,
1, ,-34, ,
3, ,-34, ,
2, ,-34, ,
1, ,-34, ,
3, ,-34, ,
2, ,-34, ,
1, ,-34, ,
3, ,-34, ,
2, ,-34, ,
1, ,-34, ,
2, ,-34, ,
2, ,-34, ,
1, ,-34, ,
3, ,-34, ,
2, ,-34, ,
1, ,-34, ,
3, ,-34, ,
2, ,-34, ,
1, ,-34, ,
3, ,-34, ,
2, ,-34, ,
1, ,-34, ,
2, ,-34, ,
2, ,-34, ,
1, ,-34, ,
3, ,-34, ,
2, ,-34, ,
1, ,-34, ,
2, ,-34, ,
2, ,-34, ,
1, ,-34, ,
3, ,-34, ,
2, ,-34, ,
1, ,-34, ,
2, ,-34, ,
2, ,-34, ,
1, ,-34, ,
3, ,-34, ,
1, ,-34, ,
1, ,-34, ,
2, ,-34, ,
2, ,-34, ,
1, ,-34, ,
3, ,-34, ,
1, ,-34, ,
1, ,-34, ,
2, ,-34, ,
2, ,-34, ,
1, ,-34, ,
3, ,-34, ,
1, ,-34, ,
1, ,-34, ,
2, ,-34, ,
2, ,-34, ,
1, ,-34, ,
3, ,-34, ,
2, ,-34, ,
1, ,-34, ,
2, ,-34, ,
2, ,-34, ,
1, ,-34, ,
3, ,-34, ,
1, ,-34, ,
1, ,-34, ,
3, ,-34, ,
2, ,-34, ,
1, ,-34, ,
3, ,-34, ,
1, ,-34, ,
1, ,-34, ,
2, ,-34, ,
2, ,-34, ,
1, ,-34, ,
3, ,-34, ,
1, ,-34, ,
1, ,-34, ,
2, ,-34, ,
2, ,-34, ,
1, ,-34, ,
3, ,-34, ,
1, ,-34, ,
1, ,-34, ,
2, ,-34, ,
2, ,-34, ,
1, ,-34, ,
3, ,-34, ,
1, ,-34, ,
1, ,-34, ,
3, ,-34, ,
2, ,-34, ,
1, ,-34, ,
3, ,-34, ,
2, ,-34, ,
1, ,-34, ,
2, ,-34, ,
2, ,-34, ,
1, ,-34, ,
3, ,-34, ,
1, ,-34, ,
1, ,-34, ,
2, ,-34, ,
2, ,-34, ,
1, ,-34, ,
3, ,-34, ,
2, ,-34, ,
1, ,-34, ,
2, ,-34, ,
2, ,-34, ,
1, ,-34, ,
3, ,-34, ,
1, ,-34, ,
1, ,-34, ,
2, ,-34, ,
2, ,-34, ,
1, ,-34, ,
3, ,-34, ,
1, ,-34, ,
1, ,-34, ,
2, ,-34, ,
2, ,-34, ,
1, ,-34, ,
3, ,-34, ,
1, ,-34, ,
1, ,-34, ,
2, ,-34, ,
2, ,-34, ,
1, ,-34, ,
3, ,-34, ,
1, ,-34, ,
1, ,-34, ,
2, ,-34, ,
2, ,-34, ,
1, ,-34, ,
3, ,-34, ,
1, ,-34, ,
1, ,-34, ,
2, ,-34, ,
2, ,-34, ,
1, ,-34, ,
3, ,-34, ,
1, ,-34, ,
1, ,-34, ,
2, ,-34, ,
2, ,-34, ,
1, ,-34, ,
3, ,-34, ,
1, ,-34, ,
1, ,-34, ,
2, ,-34, ,
2, ,-34, ,
-1, ,-34, ,
3, ,-34, ,
1, ,-34, ,
1, ,-34, ,
2, ,-34, ,
2, ,-34, ,
1, ,-34, ,
2, ,-34, ,
1, ,-34, ,
1, ,-34, ,
2, ,-34, ,
2, ,-34, ,
-1, ,-34, ,
3, ,-34, ,
1, ,-34, ,
1, ,-34, ,
2, ,-34, ,
2, ,-34, ,
-1, ,-34, ,
2, ,-34, ,
1, ,-34, ,
1, ,-34, ,
2, ,-34, ,
2, ,-34, ,
-1, ,-34, ,
3, ,-34, ,
1, ,-34, ,
1, ,-34, ,
2, ,-34, ,
2, ,-34, ,
-1, ,-34, ,
2, ,-34, ,
1, ,-34, ,
1, ,-33, ,
2, ,-20, ,
2, ,-1, ,
-1, ,15, ,
2, ,26, ,
1, ,35, ,
1, ,41, ,
2, ,46, ,
2, ,50, ,
-1, ,53, ,
2, ,54, ,
1, ,56, ,
1, ,56, ,
2, ,58, ,
2, ,58, ,
-1, ,59, ,
2, ,59, ,
1, ,59, ,
1, ,59, ,
2, ,59, ,
2, ,60, ,
-1, ,60, ,
2, ,59, ,
1, ,60, ,
1, ,59, ,
2, ,59, ,
2, ,60, ,
-1, ,60, ,
2, ,59, ,
1, ,60, ,
1, ,59, ,
2, ,60, ,
1, ,60, ,
-1, ,60, ,
2, ,59, ,
1, ,60, ,
1, ,59, ,
2, ,60, ,
1, ,59, ,
-1, ,59, ,
2, ,59, ,
1, ,60, ,
1, ,59, ,
2, ,59, ,
1, ,60, ,
-1, ,60, ,
2, ,59, ,
1, ,60, ,
1, ,59, ,
2, ,59, ,
1, ,59, ,
-1, ,59, ,
2, ,59, ,
1, ,60, ,
1, ,59, ,
2, ,59, ,
2, ,59, ,
-1, ,59, ,
2, ,59, ,
1, ,59, ,
1, ,59, ,
2, ,59, ,
1, ,60, ,
-1, ,60, ,
2, ,59, ,
1, ,60, ,
1, ,59, ,
2, ,59, ,
1, ,59, ,
-1, ,59, ,
2, ,59, ,
1, ,60, ,
1, ,59, ,
2, ,59, ,
1, ,59, ,
-1, ,59, ,
2, ,59, ,
1, ,60, ,
1, ,59, ,
1, ,59, ,
1, ,59, ,
-1, ,59, ,
2, ,59, ,
1, ,60, ,
1, ,59, ,
2, ,59, ,
1, ,59, ,
-1, ,59, ,
2, ,59, ,
1, ,60, ,
1, ,59, ,
2, ,59, ,
1, ,59, ,
-1, ,59, ,
2, ,59, ,
1, ,60, ,
-1, ,59, ,
2, ,59, ,
1, ,59, ,
-1, ,59, ,
2, ,59, ,
1, ,60, ,
-1, ,59, ,
2, ,59, ,
1, ,59, ,
-1, ,59, ,
2, ,59, ,
-1, ,60, ,
1, ,59, ,
2, ,59, ,
1, ,59, ,
-1, ,59, ,
2, ,59, ,
1, ,60, ,
1, ,58, ,
2, ,60, ,
1, ,59, ,
-1, ,59, ,
2, ,59, ,
1, ,60, ,
-1, ,59, ,
2, ,59, ,
1, ,59, ,
-1, ,59, ,
2, ,59, ,
-1, ,60, ,
-1, ,59, ,
59, ,59, ,
39, ,59, ,
22, ,59, ,
17, ,59, ,
10, ,59, ,
6, ,59, ,
6, ,59, ,
3, ,59, ,
2, ,59, ,
3, ,59, ,
2, ,60, ,
1, ,59, ,
2, ,59, ,
2, ,60, ,
1, ,59, ,
3, ,59, ,
2, ,60, ,
1, ,59, ,
3, ,59, ,
2, ,59, ,
1, ,59, ,
3, ,59, ,
1, ,60, ,
1, ,59, ,
2, ,59, ,
2, ,59, ,
1, ,59, ,
3, ,59, ,
1, ,56, ,
1, ,36, ,
3, ,18, ,
2, ,5, ,
1, ,-5, ,
3, ,-13, ,
2, ,-18, ,
1, ,-22, ,
2, ,-25, ,
2, ,-27, ,
1, ,-30, ,
3, ,-31, ,
2, ,-32, ,
2, ,-33, ,
3, ,-33, ,
2, ,-34, ,
1, ,-34, ,
3, ,-34, ,
2, ,-34, ,
1, ,-35, ,
2, ,-34, ,
2, ,-34, ,
1, ,-35, ,
3, ,-34, ,
2, ,-35, ,
1, ,-34, ,
3, ,-34, ,
2, ,-34, ,
1, ,-34, ,
3, ,-34, ,
2, ,-34, ,
1, ,-35, ,
2, ,-34, ,
2, ,-34, ,
1, ,-34, ,
3, ,-34, ,
2, ,-34, ,
1, ,-34, ,
3, ,-34, ,
2, ,-34, ,
1, ,-34, ,
3, ,-34, ,
2, ,-34, ,
2, ,-34, ,
2, ,-34, ,
2, ,-34, ,
1, ,-34, ,
3, ,-34, ,
2, ,-34, ,
1, ,-34, ,
2, ,-34, ,
2, ,-34, ,
1, ,-34, ,
3, ,-34, ,
2, ,-34, ,
1, ,-34, ,
2, ,-34, ,
2, ,-34, ,
1, ,-34, ,
3, ,-34, ,
1, ,-34, ,
1, ,-34, ,
2, ,-34, ,
2, ,-34, ,
1, ,-34, ,
3, ,-34, ,
1, ,-34, ,
1, ,-34, ,
2, ,-34, ,
2, ,-34, ,
1, ,-34, ,
3, ,-34, ,
2, ,-34, ,
1, ,-34, ,
2, ,-34, ,
2, ,-34, ,
1, ,-34, ,
3, ,-34, ,
1, ,-34, ,
1, ,-34, ,
2, ,-34, ,
2, ,-34, ,
1, ,-34, ,
2, ,-34, ,
1, ,-34, ,
1, ,-34, ,
2, ,-34, ,
2, ,-34, ,
1, ,-34, ,
3, ,-34, ,
1, ,-34, ,
1, ,-34, ,
2, ,-34, ,
2, ,-34, ,
1, ,-34, ,
2, ,-34, ,
1, ,-34, ,
1, ,-33, ,
2, ,-34, ,
2, ,-34, ,
1, ,-34, ,
3, ,-34, ,
2, ,-34, ,
1, ,-34, ,
2, ,-34, ,
2, ,-34, ,
1, ,-34, ,
2, ,-34, ,
2, ,-34, ,
1, ,-34, ,
2, ,-34, ,
2, ,-34, ,
1, ,-34, ,
3, ,-34, ,
1, ,-34, ,
1, ,-34, ,
2, ,-34, ,
2, ,-34, ,
1, ,-34, ,
3, ,-34, ,
1, ,-34, ,
1, ,-34, ,
2, ,-34, ,
2, ,-34, ,
1, ,-34, ,
3, ,-33, ,
1, ,-34, ,
1, ,-34, ,
2, ,-34, ,
2, ,-34, ,
1, ,-34, ,
2, ,-33, ,
1, ,-34, ,
1, ,-34, ,
2, ,-34, ,
2, ,-34, ,
1, ,-34, ,
3, ,-34, ,
1, ,-34, ,
1, ,-34, ,
2, ,-34, ,
2, ,-34, ,
1, ,-34, ,
3, ,-33, ,
1, ,-34, ,
1, ,-34, ,
2, ,-34, ,
2, ,-34, ,
1, ,-34, ,
3, ,-34, ,
1, ,-34, ,
1, ,-34, ,
2, ,-34, ,
2, ,-34, ,
1, ,-34, ,
3, ,-34, ,
1, ,-34, ,
1, ,-34, ,
2, ,-34, ,
2, ,-34, ,
1, ,-34, ,
3, ,-34, ,
1, ,-34, ,
1, ,-34, ,
2, ,-34, ,
2, ,-34, ,
1, ,-34, ,
2, ,-34, ,
1, ,-34, ,
1, ,-34, ,
2, ,-34, ,
2, ,-34, ,
1, ,-34, ,
3, ,-34, ,
1, ,-34, ,
1, ,-34, ,
2, ,-34, ,
2, ,-34, ,
1, ,-34, ,
2, ,-34, ,
1, ,-34, ,
1, ,-34, ,
2, ,-34, ,
2, ,-34, ,
1, ,-34, ,
3, ,-33, ,
1, ,-34, ,
1, ,-34, ,
2, ,-33, ,
2, ,-34, ,
1, ,-34, ,
3, ,-33, ,
1, ,-34, ,
1, ,-34, ,
2, ,-34, ,
2, ,-34, ,
-1, ,-34, ,
3, ,-34, ,
1, ,-34, ,
1, ,-34, ,
2, ,-34, ,
2, ,-34, ,
1, ,-34, ,
2, ,-34, ,
1, ,-34, ,
1, ,-34, ,
2, ,-34, ,
2, ,-34, ,
-1, ,-34, ,
3, ,-34, ,
1, ,-34, ,
1, ,-34, ,
2, ,-34, ,
2, ,-34, ,
1, ,-34, ,
2, ,-34, ,
1, ,-34, ,
1, ,-34, ,
2, ,-34, ,
2, ,-34, ,
1, ,-34, ,
3, ,-33, ,
1, ,-34, ,
1, ,-34, ,
2, ,-34, ,
2, ,-34, ,
-1, ,-34, ,
2, ,-34, ,
1, ,-34, ,
1, ,-34, ,
2, ,-34, ,
2, ,-34, ,
-1, ,-34, ,
2, ,-34, ,
1, ,-34, ,
1, ,-34, ,
1, ,-34, ,
1, ,-34, ,
1, ,-34, ,
2, ,-34, ,
1, ,-34, ,
1, ,-34, ,
2, ,-34, ,
2, ,-34, ,
-1, ,-34, ,
2, ,-33, ,
1, ,-34, ,
1, ,-34, ,
2, ,-34, ,
2, ,-34, ,
-1, ,-34, ,
2, ,-34, ,
1, ,-34, ,
1, ,-34, ,
2, ,-34, ,
2, ,-34, ,
-1, ,-34, ,
2, ,-33, ,
1, ,-34, ,
1, ,-34, ,
2, ,-34, ,
2, ,-34, ,
1, ,-34, ,
2, ,-34, ,
1, ,-34, ,
1, ,-34, ,
2, ,-34, ,
1, ,-34, ,
-1, ,-34, ,
2, ,-33, ,
1, ,-34, ,
1, ,-34, ,
2, ,-34, ,
2, ,-34, ,
1, ,-34, ,
2, ,-34, ,
1, ,-34, ,
1, ,-34, ,
2, ,-34, ,
2, ,-34, ,
-1, ,-34, ,
3, ,-34, ,
1, ,-34, ,
1, ,-34, ,
2, ,-34, ,
2, ,-34, ,
-1, ,-34, ,
2, ,-34, ,
1, ,-34, ,
1, ,-34, ,
2, ,-34, ,
2, ,-34, ,
-1, ,-34, ,
2, ,-33, ,
1, ,-34, ,
1, ,-34, ,
2, ,-34, ,
2, ,-34, ,
-1, ,-34, ,
2, ,-34, ,
1, ,-34, ,
1, ,-34, ,
2, ,-34, ,
2, ,-34, ,
-1, ,-34, ,
2, ,-33, ,
1, ,-34, ,
1, ,-34, ,
2, ,-34, ,
2, ,-34, ,
-1, ,-34, ,
2, ,-34, ,
1, ,-33, ,
1, ,-34, ,
2, ,-34, ,
2, ,-34, ,
-1, ,-34, ,
2, ,-33, ,
1, ,-34, ,
1, ,-34, ,
2, ,-34, ,
2, ,-34, ,
-1, ,-34, ,
2, ,-33, ,
1, ,-34, ,
-1, ,-34, ,
2, ,-34, ,
1, ,-34, ,
-1, ,-34, ,
2, ,-34, ,
1, ,-34, ,
1, ,-34, ,
2, ,-34, ,
1, ,-34, ,
-1, ,-34, ,
2, ,-33, ,
1, ,-34, ,
1, ,-34, ,
2, ,-34, ,
1, ,-34, ,
-1, ,-34, ,
2, ,-33, ,
1, ,-34, ,
1, ,-34, ,
1, ,-34, ,
2, ,-34, ,
-1, ,-34, ,
2, ,-34, ,
1, ,-34, ,
1, ,-34, ,
2, ,-34, ,
1, ,-34, ,
-1, ,-34, ,
2, ,-33, ,
1, ,-34, ,
1, ,-34, ,
1, ,-34, ,
1, ,-34, ,
-1, ,-34, ,
2, ,-34, ,
1, ,-34, ,
1, ,-34, ,
2, ,-34, ,
1, ,-34, ,
-1, ,-34, ,
2, ,-34, ,
1, ,-34, ,
-1, ,-34, ,
2, ,-34, ,
1, ,-34, ,
-1, ,-34, ,
2, ,-34, ,
1, ,-34, ,
-1, ,-34, ,
2, ,-34, ,
2, ,-34, ,
-1, ,-34, ,
2, ,-34, ,
1, ,-34, ,
1, ,-34, ,
1, ,-34, ,
1, ,-34, ,
-1, ,-34, ,
2, ,-34, ,
1, ,-34, ,
-1, ,-34, ,
1, ,-34, ,
1, ,-34, ,
-1, ,-34, ,
1, ,-33, ,
1, ,-34, ,
1, ,-34, ,
2, ,-34, ,
2, ,-34, ,
-1, ,-34, ,
2, ,-34, ,
1, ,-34, ,
1, ,-34, ,
2, ,-34, ,
1, ,-34, ,
-1, ,-34, ,
2, ,-33, ,
1, ,-34, ,
1, ,-34, ,
2, ,-34, ,
1, ,-34, ,
-1, ,-34, ,
2, ,-33, ,
1, ,-34, ,
1, ,-34, ,
1, ,-34, ,
1, ,-34, ,
-1, ,-34, ,
2, ,-34, ,
1, ,-34, ,
1, ,-34, ,
2, ,-34, ,
1, ,-34, ,
-1, ,-34, ,
2, ,-34, ,
1, ,-34, ,
1, ,-34, ,
2, ,-34, ,
1, ,-34, ,
-1, ,-34, ,
2, ,-34, ,
1, ,-34, ,
-1, ,-34, ,
1, ,-34, ,
1, ,-34, ,
-1, ,-34, ,
2, ,-33, ,
1, ,-34, ,
1, ,-34, ,
2, ,-34, ,
1, ,-34, ,
-1, ,-34, ,
2, ,-33, ,
1, ,-33, ,
1, ,-34, ,
2, ,-34, ,
1, ,-34, ,
-1, ,-34, ,
2, ,-34, ,
1, ,-34, ,
1, ,-34, ,
2, ,-34, ,
2, ,-34, ,
-1, ,-34, ,
2, ,-34, ,
1, ,-34, ,
1, ,-34, ,
1, ,-34, ,
2, ,-34, ,
-1, ,-34, ,
2, ,-34, ,
-1, ,-34, ,
1, ,-34, ,
2, ,-34, ,
1, ,-34, ,
-1, ,-34, ,
2, ,-34, ,
1, ,-34, ,
-1, ,-34, ,
1, ,-34, ,
1, ,-34, ,
-1, ,-34, ,
2, ,-34, ,
-1, ,-34, ,
1, ,-34, ,
1, ,-34, ,
1, ,-34, ,
-1, ,-34, ,
2, ,-34, ,
1, ,-34, ,
-1, ,-34, ,
1, ,-34, ,
1, ,-34, ,
-1, ,-34, ,
2, ,-34, ,
-1, ,-34, ,
1, ,-34, ,
2, ,-34, ,
1, ,-34, ,
-1, ,-34, ,
2, ,-33, ,
-1, ,-34, ,
-1, ,-34, ,
1, ,-34, ,
1, ,-34, ,
-1, ,-34, ,
2, ,-34, ,
1, ,-34, ,
1, ,-34, ,
1, ,-34, ,
1, ,-34, ,
-1, ,-34, ,
2, ,-34, ,
1, ,-34, ,
1, ,-34, ,
1, ,-34, ,
2, ,-34, ,
-1, ,-34, ,
2, ,-34, ,
-1, ,-34, ,
-1, ,-34, ,
1, ,-34, ,
1, ,-34, ,
-1, ,-34, ,
2, ,-34, ,
1, ,-34, ,
-1, ,-34, ,
2, ,-34, ,
1, ,-34, ,
-1, ,-34, ,
2, ,-33, ,
-1, ,-34, ,
1, ,-34, ,
1, ,-34, ,
1, ,-34, ,
-1, ,-34, ,
2, ,-33, ,
1, ,-34, ,
-1, ,-34, ,
1, ,-34, ,
1, ,-34, ,
-1, ,-34, ,
2, ,-34, ,
1, ,-34, ,
1, ,-34, ,
1, ,-34, ,
1, ,-34, ,
-1, ,-34, ,
2, ,-34, ,
1, ,-34, ,
-1, ,-34, ,
1, ,-34, ,
1, ,-34, ,
-1, ,-34, ,
2, ,-33, ,
1, ,-34, ,
1, ,-34, ,
2, ,-34, ,
1, ,-34, ,
-1, ,-34, ,
2, ,-33, ,
1, ,-34, ,
1, ,-34, ,
1, ,-34, ,
1, ,-34, ,
-1, ,-34, ,
2, ,-34, ,
1, ,-34, ,
1, ,-34, ,
2, ,-34, ,
1, ,-34, ,
-1, ,-34, ,
2, ,-33, ,
-1, ,-34, ,
1, ,-34, ,
2, ,-34, ,
1, ,-34, ,
-1, ,-34, ,
2, ,-34, ,
-1, ,-34, ,
-1, ,-34, ,
2, ,-34, ,
1, ,-34, ,
-1, ,-34, ,
2, ,-34, ,
1, ,-34, ,
-1, ,-34, ,
1, ,-34, ,
1, ,-34, ,
-1, ,-34, ,
2, ,-34, ,
1, ,-34, ,
1, ,-34, ,
2, ,-34, ,
1, ,-34, ,
-1, ,-34, ,
2, ,-34, ,
1, ,-34, ,
-1, ,-34, ,
2, ,-34, ,
1, ,-34, ,
-1, ,-34, ,
2, ,-34, ,
-1, ,-34, ,
1, ,-34, ,
1, ,-34, ,
2, ,-34, ,
-1, ,-34, ,
2, ,-34, ,
-1, ,-34, ,
-1, ,-34, ,
1, ,-34, ,
1, ,-34, ,
-1, ,-34, ,
2, ,-34, ,
-1, ,-34, ,
-1, ,-34, ,
1, ,-34, ,
1, ,-34, ,
-1, ,-34, ,
2, ,-34, ,
1, ,-34, ,
-1, ,-34, ,
1, ,-34, ,
1, ,-34, ,
-1, ,-34, ,
2, ,-34, ,
1, ,-34, ,
1, ,-34, ,
1, ,-34, ,
1, ,-34, ,
-1, ,-34, ,
2, ,-34, ,
1, ,-34, ,
-1, ,-34, ,
1, ,-34, ,
1, ,-34, ,
-1, ,-34, ,
1, ,-34, ,
-1, ,-34, ,
-1, ,-34, ,
1, ,-34, ,
1, ,-25, ,
-1, ,-6, ,
2, ,11, ,
1, ,23, ,
-1, ,33, ,
1, ,40, ,
1, ,44, ,
-1, ,49, ,
2, ,52, ,
1, ,54, ,
1, ,55, ,
2, ,57, ,
-1, ,57, ,
-1, ,58, ,
1, ,58, ,
-1, ,59, ,
-1, ,59, ,
2, ,59, ,
1, ,59, ,
-1, ,60, ,
2, ,59, ,
-1, ,60, ,
-1, ,60, ,
1, ,59, ,
1, ,60, ,
-2, ,60, ,
1, ,59, ,
-1, ,60, ,
-1, ,59, ,
1, ,59, ,
1, ,60, ,
-1, ,60, ,
1, ,59, ,
-1, ,60, ,
-1, ,59, ,
1, ,59, ,
-1, ,60, ,
-1, ,59, ,
2, ,59, ,
-1, ,60, ,
-1, ,59, ,
1, ,59, ,
1, ,59, ,
-2, ,59, ,
1, ,59, ,
-1, ,60, ,
-1, ,59, ,
1, ,59, ,
1, ,60, ,
-1, ,59, ,
2, ,59, ,
-1, ,60, ,
-1, ,59, ,
2, ,59, ,
1, ,60, ,
-1, ,59, ,
2, ,59, ,
-1, ,59, ,
-1, ,59, ,
2, ,59, ,
1, ,60, ,
-1, ,59, ,
2, ,59, ,
-1, ,59, ,
-1, ,59, ,
1, ,59, ,
1, ,60, ,
-1, ,60, ,
2, ,59, ,
-1, ,60, ,
-1, ,59, ,
2, ,59, ,
1, ,59, ,
-1, ,59, ,
2, ,59, ,
-1, ,59, ,
-1, ,59, ,
1, ,59, ,
1, ,59, ,
-1, ,59, ,
2, ,58, ,
-1, ,60, ,
80, ,59, ,
49, ,59, ,
30, ,59, ,
18, ,59, ,
13, ,59, ,
8, ,60, ,
6, ,59, ,
6, ,59, ,
5, ,59, ,
2, ,59, ,
5, ,59, ,
2, ,60, ,
2, ,59, ,
3, ,59, ,
3, ,60, ,
1, ,59, ,
3, ,59, ,
2, ,60, ,
1, ,59, ,
3, ,59, ,
2, ,59, ,
1, ,59, ,
3, ,59, ,
2, ,60, ,
2, ,59, ,
3, ,59, ,
2, ,60, ,
1, ,59, ,
3, ,59, ,
1, ,60, ,
1, ,59, ,
3, ,59, ,
2, ,59, ,
1, ,59, ,
3, ,59, ,
2, ,60, ,
1, ,59, ,
2, ,59, ,
2, ,59, ,
1, ,59, ,
3, ,59, ,
1, ,60, ,
1, ,59, ,
3, ,59, ,
2, ,60, ,
1, ,59, ,
3, ,59, ,
2, ,60, ,
1, ,59, ,
3, ,59, ,
2, ,59, ,
1, ,59, ,
3, ,59, ,
2, ,60, ,
1, ,58, ,
2, ,59, ,
2, ,59, ,
1, ,59, ,
2, ,59, ,
1, ,59, ,
1, ,59, ,
2, ,59, ,
2, ,59, ,
1, ,59, ,
3, ,59, ,
2, ,60, ,
2, ,59, ,
3, ,59, ,
2, ,59, ,
1, ,59, ,
3, ,59, ,
1, ,60, ,
1, ,57, ,
2, ,42, ,
1, ,23, ,
1, ,8, ,
2, ,-2, ,
1, ,-11, ,
1, ,-17, ,
2, ,-21, ,
2, ,-24, ,
1, ,-27, ,
2, ,-30, ,
1, ,-31, ,
2, ,-32, ,
2, ,-33, ,
2, ,-33, ,
1, ,-34, ,
3, ,-34, ,
2, ,-34, ,
2, ,-34, ,
3, ,-34, ,
2, ,-34, ,
1, ,-35, ,
3, ,-34, ,
1, ,-35, ,
1, ,-34, ,
2, ,-34, ,
2, ,-34, ,
1, ,-34, ,
3, ,-34, ,
2, ,-34, ,
1, ,-34, ,
2, ,-34, ,
2, ,-34, ,
1, ,-35, ,
3, ,-34, ,
1, ,-34, ,
1, ,-34, ,
2, ,-34, ,
2, ,-34, ,
1, ,-34, ,
3, ,-34, ,
2, ,-34, ,
2, ,-34, ,
2, ,-34, ,
2, ,-34, ,
1, ,-34, ,
3, ,-34, ,
2, ,-34, ,
1, ,-34, ,
2, ,-34, ,
2, ,-34, ,
1, ,-34, ,
3, ,-34, ,
1, ,-34, ,
1, ,-34, ,
3, ,-34, ,
2, ,-34, ,
1, ,-34, ,
3, ,-34, ,
1, ,-34, ,
2, ,-34, ,
2, ,-34, ,
2, ,-34, ,
1, ,-34, ,
3, ,-34, ,
2, ,-34, ,
1, ,-34, ,
2, ,-34, ,
2, ,-34, ,
1, ,-34, ,
3, ,-34, ,
1, ,-34, ,
1, ,-34, ,
2, ,-34, ,
2, ,-34, ,
1, ,-34, ,
3, ,-34, ,
1, ,-34, ,
1, ,-34, ,
2, ,-34, ,
3, ,-34, ,
1, ,-34, ,
3, ,-34, ,
1, ,-34, ,
1, ,-34, ,
2, ,-34, ,
2, ,-34, ,
1, ,-34, ,
3, ,-34, ,
2, ,-34, ,
1, ,-34, ,
2, ,-34, ,
2, ,-34, ,
1, ,-34, ,
2, ,-34, ,
1, ,-34, ,
1, ,-33, ,
2, ,-34, ,
2, ,-34, ,
1, ,-34, ,
3, ,-34, ,
1, ,-34, ,
1, ,-34, ,
2, ,-34, ,
2, ,-34, ,
1, ,-34, ,
3, ,-34, ,
1, ,-34, ,
1, ,-34, ,
2, ,-34, ,
2, ,-34, ,
1, ,-34, ,
3, ,-34, ,
1, ,-34, ,
1, ,-34, ,
3, ,-34, ,
2, ,-34, ,
-1, ,-34, ,
2, ,-34, ,
1, ,-34, ,
1, ,-34, ,
2, ,-34, ,
2, ,-34, ,
1, ,-34, ,
2, ,-33, ,
1, ,-34, ,
1, ,-34, ,
2, ,-34, ,
2, ,-34, ,
-1, ,-34, ,
3, ,-33, ,
1, ,-34, ,
1, ,-34, ,
2, ,-34, ,
2, ,-34, ,
-1, ,-34, ,
2, ,-34, ,
1, ,-34, ,
1, ,-34, ,
2, ,-34, ,
2, ,-34, ,
1, ,-34, ,
2, ,-33, ,
1, ,-34, ,
1, ,-34, ,
2, ,-34, ,
2, ,-34, ,
-1, ,-34, ,
3, ,-34, ,
1, ,-34, ,
1, ,-34, ,
2, ,-34, ,
2, ,-34, ,
1, ,-34, ,
2, ,-34, ,
1, ,-33, ,
1, ,-33, ,
2, ,-34, ,
2, ,-34, ,
-1, ,-34, ,
3, ,-33, ,
1, ,-34, ,
1, ,-34, ,
2, ,-34, ,
2, ,-34, ,
1, ,-34, ,
2, ,-34, ,
1, ,-34, ,
1, ,-33, ,
2, ,-34, ,
2, ,-34, ,
-1, ,-34, ,
3, ,-34, ,
1, ,-34, ,
1, ,-34, ,
2, ,-34, ,
2, ,-34, ,
1, ,-34, ,
3, ,-34, ,
1, ,-34, ,
1, ,-34, ,
2, ,-34, ,
2, ,-34, ,
1, ,-34, ,
3, ,-34, ,
1, ,-34, ,
1, ,-34, ,
2, ,-34, ,
2, ,-34, ,
-1, ,-34, ,
3, ,-34, ,
1, ,-34, ,
1, ,-34, ,
2, ,-34, ,
2, ,-34, ,
-1, ,-34, ,
2, ,-33, ,
1, ,-34, ,
1, ,-34, ,
2, ,-34, ,
2, ,-34, ,
-1, ,-34, ,
3, ,-34, ,
1, ,-34, ,
1, ,-34, ,
2, ,-34, ,
2, ,-34, ,
-1, ,-34, ,
2, ,-34, ,
1, ,-34, ,
1, ,-34, ,
2, ,-34, ,
2, ,-34, ,
-1, ,-34, ,
2, ,-34, ,
1, ,-34, ,
1, ,-33, ,
2, ,-34, ,
2, ,-34, ,
-1, ,-34, ,
2, ,-33, ,
1, ,-34, ,
1, ,-34, ,
2, ,-34, ,
2, ,-34, ,
-1, ,-34, ,
2, ,-34, ,
1, ,-34, ,
1, ,-34, ,
2, ,-34, ,
2, ,-34, ,
-1, ,-34, ,
2, ,-34, ,
1, ,-33, ,
1, ,-34, ,
2, ,-34, ,
2, ,-34, ,
-1, ,-34, ,
2, ,-33, ,
1, ,-34, ,
1, ,-34, ,
1, ,-34, ,
2, ,-34, ,
-1, ,-34, ,
2, ,-33, ,
1, ,-34, ,
-1, ,-34, ,
2, ,-34, ,
2, ,-34, ,
-1, ,-34, ,
2, ,-34, ,
1, ,-34, ,
1, ,-34, ,
2, ,-34, ,
2, ,-34, ,
-1, ,-34, ,
2, ,-34, ,
1, ,-34, ,
1, ,-34, ,
2, ,-34, ,
2, ,-34, ,
-1, ,-34, ,
2, ,-33, ,
1, ,-34, ,
1, ,-34, ,
1, ,-34, ,
2, ,-34, ,
-1, ,-34, ,
2, ,-34, ,
1, ,-34, ,
1, ,-34, ,
2, ,-34, ,
2, ,-34, ,
-1, ,-34, ,
2, ,-34, ,
1, ,-34, ,
1, ,-34, ,
2, ,-34, ,
2, ,-34, ,
-1, ,-34, ,
2, ,-34, ,
1, ,-34, ,
1, ,-34, ,
2, ,-34, ,
1, ,-34, ,
-1, ,-34, ,
2, ,-34, ,
1, ,-34, ,
1, ,-34, ,
2, ,-34, ,
2, ,-34, ,
-1, ,-34, ,
2, ,-33, ,
1, ,-34, ,
1, ,-34, ,
2, ,-34, ,
2, ,-34, ,
-1, ,-34, ,
2, ,-33, ,
1, ,-34, ,
1, ,-34, ,
1, ,-34, ,
1, ,-34, ,
-1, ,-34, ,
2, ,-33, ,
1, ,-34, ,
-1, ,-34, ,
1, ,-34, ,
2, ,-34, ,
-1, ,-34, ,
2, ,-34, ,
1, ,-34, ,
1, ,-34, ,
1, ,-34, ,
1, ,-34, ,
-1, ,-34, ,
2, ,-34, ,
1, ,-34, ,
1, ,-34, ,
2, ,-34, ,
1, ,-34, ,
-1, ,-34, ,
2, ,-34, ,
1, ,-34, ,
1, ,-34, ,
2, ,-34, ,
1, ,-34, ,
-1, ,-34, ,
2, ,-34, ,
1, ,-34, ,
1, ,-34, ,
2, ,-34, ,
1, ,-34, ,
-1, ,-34, ,
2, ,-34, ,
1, ,-34, ,
1, ,-34, ,
1, ,-34, ,
1, ,-34, ,
-1, ,-34, ,
2, ,-34, ,
1, ,-34, ,
-1, ,-34, ,
1, ,-34, ,
1, ,-34, ,
-1, ,-34, ,
2, ,-34, ,
1, ,-34, ,
1, ,-33, ,
2, ,-34, ,
1, ,-34, ,
-1, ,-34, ,
2, ,-34, ,
1, ,-34, ,
1, ,-34, ,
2, ,-34, ,
1, ,-34, ,
-1, ,-34, ,
2, ,-34, ,
1, ,-34, ,
1, ,-34, ,
1, ,-34, ,
1, ,-34, ,
-1, ,-34, ,
2, ,-34, ,
-1, ,-34, ,
-1, ,-34, ,
1, ,-34, ,
1, ,-34, ,
-1, ,-34, ,
2, ,-34, ,
1, ,-34, ,
1, ,-34, ,
2, ,-34, ,
1, ,-34, ,
-1, ,-34, ,
2, ,-34, ,
1, ,-34, ,
-1, ,-34, ,
1, ,-34, ,
2, ,-34, ,
-1, ,-34, ,
2, ,-34, ,
-1, ,-34, ,
1, ,-34, ,
2, ,-34, ,
1, ,-34, ,
-1, ,-34, ,
2, ,-34, ,
1, ,-34, ,
-1, ,-34, ,
2, ,-34, ,
1, ,-34, ,
-1, ,-34, ,
2, ,-34, ,
1, ,-34, ,
1, ,-34, ,
1, ,-34, ,
1, ,-34, ,
-1, ,-34, ,
2, ,-34, ,
1, ,-34, ,
-1, ,-34, ,
2, ,-34, ,
1, ,-34, ,
-1, ,-34, ,
2, ,-34, ,
1, ,-34, ,
1, ,-34, ,
1, ,-34, ,
2, ,-34, ,
-1, ,-34, ,
2, ,-34, ,
1, ,-34, ,
1, ,-34, ,
1, ,-34, ,
1, ,-34, ,
-1, ,-34, ,
2, ,-34, ,
1, ,-34, ,
1, ,-34, ,
2, ,-34, ,
1, ,-34, ,
-1, ,-34, ,
2, ,-34, ,
1, ,-34, ,
1, ,-34, ,
1, ,-34, ,
1, ,-34, ,
-1, ,-34, ,
2, ,-34, ,
1, ,-34, ,
-1, ,-34, ,
1, ,-34, ,
1, ,-34, ,
-1, ,-34, ,
2, ,-34, ,
1, ,-34, ,
1, ,-34, ,
1, ,-34, ,
1, ,-34, ,
-1, ,-34, ,
2, ,-34, ,
-1, ,-34, ,
1, ,-34, ,
1, ,-34, ,
1, ,-34, ,
-1, ,-34, ,
2, ,-34, ,
1, ,-34, ,
-1, ,-34, ,
2, ,-34, ,
2, ,-34, ,
-1, ,-34, ,
2, ,-34, ,
1, ,-34, ,
1, ,-34, ,
1, ,-34, ,
1, ,-34, ,
-1, ,-34, ,
2, ,-34, ,
1, ,-34, ,
-1, ,-34, ,
1, ,-34, ,
1, ,-34, ,
-1, ,-34, ,
2, ,-34, ,
1, ,-34, ,
1, ,-34, ,
1, ,-34, ,
1, ,-34, ,
-1, ,-34, ,
2, ,-34, ,
1, ,-34, ,
-1, ,-34, ,
1, ,-34, ,
1, ,-34, ,
-1, ,-34, ,
2, ,-34, ,
-1, ,-34, ,
1, ,-34, ,
1, ,-34, ,
1, ,-34, ,
-1, ,-34, ,
2, ,-34, ,
1, ,-34, ,
-1, ,-34, ,
1, ,-34, ,
1, ,-34, ,
-1, ,-34, ,
2, ,-34, ,
1, ,-34, ,
-1, ,-34, ,
2, ,-34, ,
1, ,-34, ,
-1, ,-34, ,
2, ,-34, ,
1, ,-34, ,
-1, ,-34, ,
2, ,-34, ,
1, ,-34, ,
-1, ,-34, ,
2, ,-34, ,
1, ,-34, ,
1, ,-34, ,
2, ,-34, ,
1, ,-34, ,
-1, ,-34, ,
2, ,-34, ,
1, ,-34, ,
-1, ,-34, ,
1, ,-34, ,
1, ,-34, ,
-1, ,-34, ,
2, ,-34, ,
-1, ,-34, ,
1, ,-33, ,
2, ,-34, ,
1, ,-34, ,
-1, ,-34, ,
2, ,-34, ,
-1, ,-34, ,
-1, ,-34, ,
1, ,-34, ,
1, ,-34, ,
-1, ,-34, ,
2, ,-34, ,
-1, ,-34, ,
-1, ,-34, ,
1, ,-34, ,
1, ,-34, ,
-1, ,-34, ,
1, ,-34, ,
-1, ,-34, ,
-1, ,-34, ,
1, ,-34, ,
1, ,-34, ,
-1, ,-34, ,
2, ,-34, ,
-1, ,-34, ,
-1, ,-34, ,
2, ,-34, ,
1, ,-34, ,
-1, ,-34, ,
2, ,-34, ,
1, ,-34, ,
-1, ,-34, ,
2, ,-34, ,
1, ,-34, ,
-1, ,-34, ,
2, ,-34, ,
1, ,-34, ,
-1, ,-34, ,
1, ,-34, ,
1, ,-34, ,
-1, ,-34, ,
2, ,-33, ,
-1, ,-34, ,
-1, ,-34, ,
1, ,-34, ,
1, ,-34, ,
-1, ,-34, ,
2, ,-34, ,
-1, ,-34, ,
-1, ,-34, ,
2, ,-34, ,
2, ,-34, ,
-1, ,-34, ,
67, ,-34, ,
43, ,-34, ,
26, ,-34, ,
17, ,-34, ,
11, ,-34, ,
7, ,-34, ,
6, ,-34, ,
3, ,-34, ,
2, ,-34, ,
5, ,-34, ,
2, ,-34, ,
2, ,-34, ,
3, ,-34, ,
2, ,-34, ,
2, ,-34, ,
3, ,-34, ,
2, ,-34, ,
1, ,-34, ,
3, ,-34, ,
2, ,-34, ,
2, ,-34, ,
3, ,-34, ,
3, ,-34, ,
1, ,-34, ,
5, ,-34, ,
2, ,-34, ,
2, ,-34, ,
3, ,-34, ,
2, ,-34, ,
1, ,-34, ,
3, ,-34, ,
2, ,-34, ,
2, ,-34, ,
3, ,-34, ,
3, ,-34, ,
1, ,-34, ,
5, ,-34, ,
2, ,-34, ,
1, ,-34, ,
3, ,-34, ,
3, ,-34, ,
1, ,-34, ,
3, ,-34, ,
2, ,-34, ,
1, ,-34, ,
3, ,-34, ,
2, ,-34, ,
1, ,-34, ,
3, ,-34, ,
2, ,-34, ,
2, ,-34, ,
3, ,-34, ,
3, ,-34, ,
1, ,-34, ,
3, ,-34, ,
2, ,-34, ,
2, ,-34, ,
3, ,-34, ,
2, ,-34, ,
1, ,-30, ,
3, ,-11, ,
2, ,7, ,
1, ,21, ,
2, ,31, ,
3, ,38, ,
1, ,44, ,
3, ,47, ,
2, ,52, ,
1, ,53, ,
3, ,55, ,
2, ,56, ,
1, ,57, ,
3, ,58, ,
1, ,59, ,
1, ,59, ,
2, ,59, ,
2, ,59, ,
1, ,59, ,
3, ,59, ,
1, ,60, ,
1, ,59, ,
2, ,59, ,
2, ,60, ,
1, ,60, ,
3, ,59, ,
1, ,60, ,
1, ,59, ,
2, ,60, ,
2, ,60, ,
1, ,60, ,
2, ,59, ,
1, ,60, ,
1, ,59, ,
2, ,59, ,
2, ,60, ,
-1, ,59, ,
3, ,60, ,
1, ,60, ,
1, ,59, ,
3, ,59, ,
2, ,60, ,
1, ,59, ,
3, ,59, ,
1, ,60, ,
1, ,59, ,
2, ,59, ,
2, ,60, ,
1, ,59, ,
3, ,59, ,
1, ,60, ,
1, ,59, ,
3, ,60, ,
2, ,60, ,
1, ,59, ,
3, ,59, ,
1, ,60, ,
1, ,59, ,
15, ,59, ,
22, ,60, ,
16, ,59, ,
12, ,59, ,
7, ,60, ,
5, ,59, ,
5, ,59, ,
3, ,60, ,
2, ,59, ,
3, ,59, ,
2, ,60, ,
1, ,59, ,
3, ,59, ,
3, ,59, ,
1, ,59, ,
3, ,59, ,
2, ,60, ,
1, ,59, ,
3, ,59, ,
2, ,60, ,
1, ,59, ,
3, ,59, ,
2, ,60, ,
2, ,59, ,
3, ,59, ,
2, ,59, ,
1, ,59, ,
3, ,59, ,
2, ,60, ,
1, ,58, ,
3, ,59, ,
2, ,60, ,
1, ,59, ,
3, ,59, ,
2, ,59, ,
2, ,59, ,
2, ,59, ,
2, ,60, ,
1, ,59, ,
3, ,59, ,
2, ,60, ,
2, ,59, ,
3, ,59, ,
2, ,59, ,
1, ,59, ,
3, ,59, ,
2, ,60, ,
1, ,59, ,
3, ,59, ,
2, ,59, ,
1, ,59, ,
3, ,59, ,
2, ,60, ,
1, ,59, ,
3, ,59, ,
2, ,59, ,
1, ,59, ,
3, ,59, ,
1, ,60, ,
1, ,59, ,
2, ,59, ,
2, ,59, ,
1, ,59, ,
3, ,59, ,
1, ,60, ,
1, ,59, ,
3, ,59, ,
2, ,59, ,
1, ,59, ,
3, ,59, ,
1, ,60, ,
1, ,59, ,
2, ,59, ,
2, ,59, ,
1, ,59, ,
3, ,59, ,
1, ,60, ,
1, ,59, ,
3, ,59, ,
11, ,59, ,
16, ,59, ,
13, ,59, ,
8, ,60, ,
6, ,59, ,
5, ,59, ,
3, ,59, ,
1, ,59, ,
3, ,59, ,
2, ,60, ,
1, ,59, ,
3, ,59, ,
2, ,60, ,
1, ,59, ,
3, ,59, ,
2, ,59, ,
1, ,59, ,
2, ,59, ,
2, ,47, ,
1, ,27, ,
3, ,12, ,
1, ,0, ,
1, ,-9, ,
3, ,-15, ,
2, ,-20, ,
1, ,-24, ,
3, ,-26, ,
1, ,-28, ,
1, ,-31, ,
2, ,-32, ,
2, ,-32, ,
1, ,-33, ,
3, ,-33, ,
2, ,-34, ,
1, ,-34, ,
2, ,-34, ,
3, ,-34, ,
1, ,-35, ,
3, ,-34, ,
2, ,-34, ,
2, ,-34, ,
2, ,-34, ,
2, ,-35, ,
1, ,-34, ,
3, ,-34, ,
2, ,-34, ,
1, ,-34, ,
3, ,-34, ,
3, ,-34, ,
1, ,-35, ,
3, ,-34, ,
1, ,-34, ,
2, ,-34, ,
3, ,-34, ,
2, ,-34, ,
1, ,-34, ,
3, ,-34, ,
2, ,-34, ,
2, ,-34, ,
3, ,-34, ,
2, ,-34, ,
1, ,-34, ,
3, ,-34, ,
2, ,-34, ,
2, ,-34, ,
2, ,-34, ,
2, ,-34, ,
1, ,-34, ,
3, ,-34, ,
2, ,-34, ,
1, ,-34, ,
3, ,-34, ,
2, ,-34, ,
1, ,-34, ,
3, ,-34, ,
2, ,-34, ,
1, ,-34, ,
3, ,-34, ,
3, ,-34, ,
1, ,-34, ,
3, ,-34, ,
2, ,-34, ,
1, ,-34, ,
3, ,-34, ,
2, ,-34, ,
1, ,-34, ,
3, ,-34, ,
2, ,-34, ,
1, ,-34, ,
2, ,-34, ,
2, ,-34, ,
1, ,-34, ,
3, ,-34, ,
2, ,-34, ,
1, ,-34, ,
3, ,-34, ,
2, ,-34, ,
1, ,-34, ,
3, ,-34, ,
2, ,-34, ,
1, ,-34, ,
3, ,-34, ,
2, ,-34, ,
1, ,-34, ,
3, ,-34, ,
1, ,-34, ,
1, ,-34, ,
2, ,-34, ,
2, ,-34, ,
1, ,-34, ,
3, ,-34, ,
1, ,-34, ,
2, ,-34, ,
2, ,-34, ,
2, ,-34, ,
1, ,-34, ,
3, ,-34, ,
2, ,-34, ,
1, ,-34, ,
2, ,-34, ,
2, ,-34, ,
1, ,-34, ,
3, ,-34, ,
1, ,-34, ,
1, ,-34, ,
2, ,-34, ,
2, ,-34, ,
1, ,-34, ,
3, ,-34, ,
1, ,-34, ,
1, ,-34, ,
2, ,-34, ,
2, ,-34, ,
1, ,-34, ,
3, ,-34, ,
1, ,-34, ,
1, ,-34, ,
2, ,-34, ,
2, ,-34, ,
1, ,-34, ,
3, ,-34, ,
1, ,-34, ,
1, ,-34, ,
2, ,-34, ,
2, ,-34, ,
1, ,-34, ,
3, ,-34, ,
1, ,-34, ,
1, ,-34, ,
2, ,-34, ,
2, ,-34, ,
1, ,-34, ,
3, ,-34, ,
1, ,-34, ,
1, ,-34, ,
2, ,-34, ,
2, ,-34, ,
1, ,-34, ,
3, ,-34, ,
1, ,-34, ,
1, ,-34, ,
2, ,-34, ,
2, ,-34, ,
1, ,-34, ,
3, ,-34, ,
1, ,-34, ,
1, ,-34, ,
2, ,-34, ,
2, ,-34, ,
1, ,-34, ,
3, ,-33, ,
1, ,-34, ,
1, ,-34, ,
2, ,-34, ,
2, ,-34, ,
1, ,-34, ,
3, ,-34, ,
1, ,-34, ,
1, ,-34, ,
2, ,-34, ,
2, ,-34, ,
1, ,-34, ,
3, ,-34, ,
1, ,-34, ,
1, ,-34, ,
2, ,-34, ,
2, ,-34, ,
-1, ,-34, ,
2, ,-33, ,
1, ,-34, ,
1, ,-34, ,
3, ,-34, ,
3, ,-34, ,
1, ,-34, ,
2, ,-34, ,
1, ,-34, ,
2, ,-34, ,
2, ,-34, ,
2, ,-34, ,
1, ,-34, ,
3, ,-33, ,
1, ,-34, ,
1, ,-34, ,
2, ,-34, ,
2, ,-34, ,
1, ,-34, ,
2, ,-33, ,
1, ,-34, ,
1, ,-34, ,
2, ,-34, ,
2, ,-34, ,
1, ,-34, ,
3, ,-34, ,
1, ,-34, ,
1, ,-34, ,
2, ,-34, ,
3, ,-34, ,
1, ,-34, ,
3, ,-33, ,
1, ,-34, ,
1, ,-34, ,
2, ,-34, ,
2, ,-34, ,
-1, ,-34, ,
3, ,-34, ,
1, ,-34, ,
1, ,-34, ,
2, ,-34, ,
2, ,-34, ,
-1, ,-34, ,
2, ,-33, ,
1, ,-34, ,
1, ,-34, ,
2, ,-34, ,
2, ,-34, ,
1, ,-34, ,
3, ,-33, ,
1, ,-34, ,
1, ,-34, ,
2, ,-34, ,
3, ,-34, ,
1, ,-34, ,
2, ,-34, ,
1, ,-34, ,
1, ,-34, ,
2, ,-34, ,
2, ,-34, ,
-1, ,-34, ,
2, ,-33, ,
1, ,-34, ,
1, ,-34, ,
2, ,-34, ,
2, ,-34, ,
-1, ,-34, ,
2, ,-34, ,
1, ,-34, ,
1, ,-34, ,
2, ,-34, ,
2, ,-34, ,
-1, ,-34, ,
2, ,-34, ,
1, ,-34, ,
1, ,-34, ,
2, ,-34, ,
2, ,-34, ,
-1, ,-34, ,
2, ,-34, ,
1, ,-34, ,
1, ,-34, ,
2, ,-34, ,
2, ,-34, ,
-1, ,-34, ,
2, ,-33, ,
1, ,-34, ,
1, ,-34, ,
2, ,-34, ,
2, ,-34, ,
-1, ,-34, ,
2, ,-34, ,
1, ,-34, ,
1, ,-34, ,
2, ,-34, ,
2, ,-34, ,
-1, ,-33, ,
2, ,-34, ,
1, ,-33, ,
1, ,-34, ,
2, ,-34, ,
2, ,-34, ,
-1, ,-34, ,
2, ,-34, ,
1, ,-34, ,
1, ,-34, ,
2, ,-34, ,
2, ,-34, ,
-1, ,-34, ,
2, ,-33, ,
1, ,-34, ,
1, ,-34, ,
2, ,-33, ,
2, ,-34, ,
1, ,-34, ,
2, ,-34, ,
1, ,-34, ,
1, ,-34, ,
2, ,-34, ,
2, ,-34, ,
-1, ,-34, ,
2, ,-33, ,
1, ,-34, ,
1, ,-34, ,
2, ,-34, ,
2, ,-34, ,
-1, ,-34, ,
2, ,-33, ,
1, ,-34, ,
1, ,-34, ,
2, ,-34, ,
2, ,-34, ,
-1, ,-34, ,
2, ,-34, ,
1, ,-34, ,
-1, ,-34, ,
2, ,-34, ,
2, ,-34, ,
-1, ,-34, ,
2, ,-33, ,
1, ,-34, ,
1, ,-34, ,
2, ,-34, ,
2, ,-34, ,
-1, ,-34, ,
2, ,-34, ,
1, ,-33, ,
1, ,-34, ,
2, ,-34, ,
2, ,-34, ,
-1, ,-34, ,
2, ,-33, ,
1, ,-34, ,
1, ,-34, ,
2, ,-34, ,
2, ,-34, ,
-1, ,-34, ,
2, ,-34, ,
1, ,-34, ,
1, ,-34, ,
2, ,-34, ,
2, ,-34, ,
-1, ,-34, ,
2, ,-34, ,
1, ,-34, ,
1, ,-34, ,
2, ,-34, ,
2, ,-34, ,
-1, ,-34, ,
2, ,-34, ,
1, ,-34, ,
1, ,-33, ,
2, ,-34, ,
1, ,-34, ,
-1, ,-34, ,
2, ,-33, ,
1, ,-34, ,
1, ,-34, ,
2, ,-34, ,
2, ,-34, ,
-1, ,-34, ,
2, ,-34, ,
1, ,-34, ,
1, ,-34, ,
2, ,-34, ,
2, ,-34, ,
-1, ,-34, ,
2, ,-34, ,
1, ,-34, ,
1, ,-34, ,
2, ,-34, ,
2, ,-34, ,
-1, ,-34, ,
2, ,-34, ,
1, ,-34, ,
-1, ,-34, ,
2, ,-34, ,
2, ,-34, ,
-1, ,-34, ,
2, ,-34, ,
1, ,-34, ,
1, ,-34, ,
2, ,-34, ,
2, ,-34, ,
-1, ,-34, ,
2, ,-34, ,
1, ,-34, ,
-1, ,-34, ,
2, ,-34, ,
2, ,-34, ,
-1, ,-34, ,
2, ,-34, ,
1, ,-34, ,
1, ,-34, ,
2, ,-34, ,
2, ,-34, ,
-1, ,-33, ,
2, ,-34, ,
1, ,-34, ,
-1, ,-34, ,
2, ,-34, ,
2, ,-34, ,
-1, ,-34, ,
2, ,-34, ,
1, ,-34, ,
1, ,-34, ,
2, ,-34, ,
2, ,-34, ,
-1, ,-34, ,
2, ,-34, ,
1, ,-34, ,
-1, ,-34, ,
2, ,-34, ,
1, ,-34, ,
-1, ,-34, ,
2, ,-34, ,
1, ,-34, ,
1, ,-34, ,
1, ,-34, ,
1, ,-34, ,
-1, ,-34, ,
2, ,-34, ,
1, ,-34, ,
-1, ,-34, ,
2, ,-34, ,
1, ,-34, ,
-1, ,-34, ,
2, ,-34, ,
1, ,-34, ,
1, ,-34, ,
2, ,-34, ,
2, ,-34, ,
-1, ,-34, ,
2, ,-34, ,
1, ,-34, ,
1, ,-34, ,
2, ,-34, ,
1, ,-34, ,
-1, ,-34, ,
2, ,-34, ,
1, ,-34, ,
1, ,-34, ,
2, ,-34, ,
1, ,-34, ,
-1, ,-34, ,
2, ,-33, ,
1, ,-34, ,
1, ,-34, ,
2, ,-34, ,
1, ,-34, ,
-1, ,-34, ,
2, ,-34, ,
1, ,-34, ,
1, ,-34, ,
2, ,-34, ,
2, ,-34, ,
-1, ,-34, ,
2, ,-34, ,
1, ,-34, ,
1, ,-34, ,
2, ,-34, ,
1, ,-34, ,
-1, ,-34, ,
2, ,-33, ,
1, ,-34, ,
1, ,-34, ,
2, ,-34, ,
2, ,-34, ,
-1, ,-34, ,
2, ,-34, ,
1, ,-34, ,
1, ,-34, ,
1, ,-34, ,
1, ,-34, ,
-1, ,-34, ,
2, ,-34, ,
1, ,-34, ,
1, ,-34, ,
2, ,-34, ,
1, ,-34, ,
-1, ,-34, ,
2, ,-34, ,
1, ,-34, ,
1, ,-34, ,
1, ,-34, ,
1, ,-34, ,
-1, ,-34, ,
2, ,-34, ,
1, ,-34, ,
1, ,-34, ,
2, ,-34, ,
1, ,-34, ,
-1, ,-34, ,
2, ,-33, ,
-1, ,-34, ,
1, ,-34, ,
2, ,-34, ,
1, ,-34, ,
-1, ,-34, ,
2, ,-34, ,
1, ,-34, ,
1, ,-34, ,
1, ,-34, ,
1, ,-34, ,
-1, ,-34, ,
2, ,-34, ,
1, ,-34, ,
1, ,-34, ,
1, ,-34, ,
1, ,-34, ,
-1, ,-34, ,
2, ,-34, ,
-1, ,-34, ,
1, ,-34, ,
1, ,-34, ,
1, ,-34, ,
-1, ,-34, ,
2, ,-34, ,
1, ,-34, ,
-1, ,-34, ,
1, ,-34, ,
1, ,-34, ,
-1, ,-34, ,
2, ,-34, ,
1, ,-34, ,
1, ,-34, ,
2, ,-34, ,
1, ,-34, ,
-1, ,-34, ,
2, ,-33, ,
-1, ,-34, ,
-1, ,-34, ,
1, ,-34, ,
1, ,-34, ,
-1, ,-34, ,
2, ,-34, ,
-1, ,-34, ,
-1, ,-34, ,
2, ,-34, ,
1, ,-34, ,
-1, ,-34, ,
2, ,-33, ,
1, ,-33, ,
-1, ,-34, ,
2, ,-34, ,
1, ,-34, ,
-1, ,-34, ,
2, ,-34, ,
1, ,-34, ,
1, ,-34, ,
1, ,-34, ,
1, ,-34, ,
-1, ,-34, ,
2, ,-33, ,
1, ,-34, ,
-1, ,-34, ,
2, ,-34, ,
1, ,-34, ,
-1, ,-34, ,
1, ,-33, ,
-1, ,-34, ,
1, ,-34, ,
2, ,-34, ,
1, ,-34, ,
-1, ,-34, ,
2, ,-34, ,
1, ,-34, ,
-1, ,-34, ,
1, ,-34, ,
1, ,-34, ,
-1, ,-34, ,
2, ,-34, ,
-1, ,-34, ,
1, ,-34, ,
1, ,-34, ,
1, ,-34, ,
-1, ,-34, ,
2, ,-34, ,
1, ,-34, ,
-1, ,-34, ,
2, ,-34, ,
1, ,-34, ,
-1, ,-34, ,
2, ,-34, ,
-1, ,-34, ,
1, ,-34, ,
2, ,-34, ,
1, ,-34, ,
-1, ,-34, ,
2, ,-33, ,
1, ,-33, ,
-1, ,-34, ,
1, ,-34, ,
1, ,-34, ,
-1, ,-34, ,
2, ,-34, ,
-1, ,-34, ,
1, ,-34, ,
1, ,-34, ,
1, ,-34, ,
-1, ,-34, ,
2, ,-34, ,
-1, ,-34, ,
-1, ,-34, ,
2, ,-34, ,
1, ,-34, ,
-1, ,-34, ,
2, ,-33, ,
1, ,-34, ,
-1, ,-34, ,
1, ,-34, ,
1, ,-34, ,
-1, ,-34, ,
2, ,-33, ,
-1, ,-34, ,
-1, ,-34, ,
2, ,-34, ,
1, ,-34, ,
-1, ,-34, ,
2, ,-34, ,
1, ,-34, ,
-1, ,-34, ,
1, ,-34, ,
2, ,-34, ,
-1, ,-34, ,
2, ,-34, ,
1, ,-34, ,
-1, ,-34, ,
1, ,-34, ,
1, ,-34, ,
-1, ,-34, ,
2, ,-34, ,
-1, ,-34, ,
-1, ,-34, ,
1, ,-34, ,
1, ,-34, ,
-1, ,-34, ,
2, ,-32, ,
1, ,-16, ,
-1, ,3, ,
1, ,18, ,
1, ,28, ,
-1, ,37, ,
2, ,42, ,
-1, ,47, ,
1, ,50, ,
1, ,53, ,
1, ,55, ,
-1, ,56, ,
2, ,57, ,
1, ,58, ,
-1, ,58, ,
2, ,59, ,
1, ,59, ,
-1, ,59, ,
1, ,59, ,
1, ,59, ,
-1, ,60, ,
1, ,60, ,
1, ,60, ,
-1, ,60, ,
2, ,60, ,
-1, ,60, ,
-1, ,59, ,
1, ,59, ,
1, ,60, ,
-1, ,60, ,
1, ,59, ,
-1, ,60, ,
-1, ,59, ,
1, ,59, ,
1, ,59, ,
-1, ,60, ,
2, ,59, ,
-1, ,60, ,
-1, ,59, ,
1, ,59, ,
1, ,60, ,
-1, ,60, ,
1, ,59, ,
-1, ,60, ,
-1, ,59, ,
2, ,59, ,
1, ,59, ,
-1, ,59, ,
2, ,59, ,
-1, ,60, ,
-1, ,59, ,
2, ,59, ,
1, ,60, ,
-1, ,59, ,
2, ,59, ,
-1, ,60, ,
-1, ,59, ,
1, ,59, ,
1, ,59, ,
-1, ,59, ,
2, ,59, ,
-1, ,60, ,
-1, ,59, ,
1, ,59, ,
1, ,59, ,
77, ,59, ,
59, ,59, ,
35, ,59, ,
22, ,59, ,
15, ,59, ,
11, ,59, ,
6, ,59, ,
7, ,59, ,
3, ,60, ,
2, ,59, ,
5, ,59, ,
3, ,60, ,
2, ,59, ,
3, ,60, ,
2, ,60, ,
2, ,59, ,
2, ,59, ,
2, ,59, ,
1, ,59, ,
3, ,59, ,
1, ,60, ,
1, ,59, ,
3, ,59, ,
2, ,60, ,
1, ,59, ,
3, ,59, ,
2, ,59, ,
2, ,59, ,
3, ,59, ,
2, ,59, ,
1, ,59, ,
3, ,59, ,
2, ,60, ,
1, ,59, ,
3, ,59, ,
2, ,60, ,
1, ,59, ,
3, ,59, ,
2, ,60, ,
2, ,59, ,
2, ,59, ,
2, ,60, ,
1, ,59, ,
3, ,59, ,
1, ,60, ,
1, ,59, ,
2, ,59, ,
2, ,59, ,
1, ,59, ,
3, ,59, ,
2, ,60, ,
2, ,59, ,
2, ,59, ,
2, ,60, ,
1, ,59, ,
3, ,59, ,
2, ,59, ,
1, ,58, ,
3, ,59, ,
2, ,60, ,
1, ,59, ,
2, ,59, ,
1, ,60, ,
1, ,59, ,
2, ,59, ,
2, ,59, ,
1, ,59, ,
3, ,59, ,
1, ,60, ,
1, ,59, ,
3, ,59, ,
2, ,60, ,
1, ,59, ,
3, ,59, ,
1, ,59, ,
1, ,59, ,
2, ,59, ,
2, ,60, ,
1, ,59, ,
3, ,59, ,
2, ,60, ,
1, ,59, ,
2, ,59, ,
2, ,60, ,
1, ,59, ,
2, ,59, ,
1, ,59, ,
1, ,59, ,
2, ,59, ,
2, ,59, ,
-1, ,52, ,
2, ,33, ,
1, ,15, ,
1, ,3, ,
2, ,-6, ,
2, ,-14, ,
1, ,-19, ,
2, ,-23, ,
1, ,-26, ,
1, ,-27, ,
2, ,-30, ,
2, ,-31, ,
1, ,-32, ,
3, ,-33, ,
1, ,-33, ,
1, ,-34, ,
3, ,-34, ,
3, ,-34, ,
1, ,-34, ,
3, ,-34, ,
1, ,-35, ,
1, ,-34, ,
2, ,-34, ,
2, ,-34, ,
1, ,-34, ,
3, ,-34, ,
1, ,-34, ,
2, ,-34, ,
2, ,-34, ,
2, ,-34, ,
1, ,-35, ,
3, ,-34, ,
2, ,-34, ,
2, ,-34, ,
2, ,-34, ,
2, ,-34, ,
1, ,-34, ,
3, ,-34, ,
1, ,-34, ,
1, ,-34, ,
3, ,-34, ,
2, ,-34, ,
1, ,-34, ,
3, ,-34, ,
1, ,-34, ,
1, ,-34, ,
2, ,-34, ,
2, ,-34, ,
1, ,-34, ,
3, ,-34, ,
2, ,-34, ,
2, ,-34, ,
2, ,-34, ,
2, ,-34, ,
1, ,-34, ,
3, ,-34, ,
1, ,-34, ,
1, ,-34, ,
2, ,-34, ,
2, ,-34, ,
1, ,-34, ,
3, ,-34, ,
1, ,-34, ,
1, ,-34, ,
2, ,-34, ,
2, ,-34, ,
1, ,-34, ,
3, ,-34, ,
1, ,-34, ,
1, ,-34, ,
2, ,-34, ,
2, ,-34, ,
1, ,-34, ,
3, ,-34, ,
1, ,-34, ,
1, ,-34, ,
2, ,-34, ,
2, ,-34, ,
1, ,-34, ,
3, ,-34, ,
1, ,-34, ,
1, ,-34, ,
2, ,-34, ,
2, ,-34, ,
1, ,-34, ,
3, ,-34, ,
2, ,-34, ,
1, ,-34, ,
3, ,-34, ,
2, ,-34, ,
1, ,-34, ,
3, ,-34, ,
1, ,-34, ,
1, ,-34, ,
2, ,-34, ,
1, ,-34, ,
1, ,-34, ,
3, ,-33, ,
1, ,-34, ,
1, ,-34, ,
2, ,-34, ,
2, ,-34, ,
1, ,-34, ,
3, ,-33, ,
1, ,-34, ,
1, ,-34, ,
2, ,-34, ,
2, ,-34, ,
1, ,-34, ,
3, ,-33, ,
1, ,-34, ,
1, ,-34, ,
2, ,-34, ,
2, ,-34, ,
1, ,-34, ,
3, ,-34, ,
1, ,-34, ,
1, ,-34, ,
2, ,-34, ,
2, ,-34, ,
-1, ,-34, ,
3, ,-34, ,
1, ,-34, ,
1, ,-34, ,
2, ,-34, ,
2, ,-34, ,
-1, ,-34, ,
2, ,-34, ,
1, ,-34, ,
1, ,-34, ,
2, ,-34, ,
2, ,-34, ,
-1, ,-34, ,
2, ,-33, ,
1, ,-34, ,
1, ,-34, ,
2, ,-34, ,
2, ,-34, ,
-1, ,-34, ,
2, ,-33, ,
1, ,-34, ,
1, ,-34, ,
2, ,-34, ,
2, ,-34, ,
-1, ,-34, ,
2, ,-34, ,
1, ,-34, ,
1, ,-34, ,
2, ,-34, ,
2, ,-34, ,
-1, ,-34, ,
2, ,-34, ,
1, ,-34, ,
1, ,-34, ,
2, ,-34, ,
2, ,-34, ,
-1, ,-33, ,
2, ,-34, ,
1, ,-34, ,
1, ,-34, ,
2, ,-34, ,
2, ,-34, ,
-1, ,-34, ,
2, ,-34, ,
1, ,-34, ,
1, ,-34, ,
2, ,-34, ,
2, ,-34, ,
-1, ,-34, ,
2, ,-34, ,
1, ,-34, ,
1, ,-34, ,
2, ,-34, ,
2, ,-34, ,
-1, ,-34, ,
2, ,-33, ,
1, ,-34, ,
1, ,-34, ,
2, ,-34, ,
2, ,-34, ,
-1, ,-34, ,
2, ,-34, ,
1, ,-34, ,
1, ,-34, ,
2, ,-34, ,
2, ,-34, ,
1, ,-34, ,
2, ,-34, ,
1, ,-34, ,
1, ,-33, ,
2, ,-34, ,
2, ,-34, ,
35, ,-34, ,
41, ,-33, ,
26, ,-34, ,
16, ,-34, ,
12, ,-34, ,
8, ,-34, ,
5, ,-34, ,
5, ,-34, ,
3, ,-34, ,
3, ,-33, ,
3, ,-34, ,
2, ,-34, ,
1, ,-34, ,
5, ,-33, ,
2, ,-34, ,
2, ,-34, ,
3, ,-34, ,
3, ,-34, ,
1, ,-34, ,
3, ,-34, ,
2, ,-34, ,
2, ,-34, ,
3, ,-34, ,
3, ,-34, ,
1, ,-34, ,
5, ,-33, ,
2, ,-34, ,
1, ,-34, ,
3, ,-34, ,
3, ,-34, ,
1, ,-34, ,
3, ,-34, ,
2, ,-34, ,
2, ,-34, ,
3, ,-34, ,
3, ,-34, ,
1, ,-34, ,
3, ,-34, ,
2, ,-34, ,
1, ,-34, ,
3, ,-34, ,
3, ,-34, ,
1, ,-34, ,
3, ,-33, ,
2, ,-34, ,
2, ,-33, ,
3, ,-34, ,
2, ,-34, ,
1, ,-34, ,
3, ,-34, ,
2, ,-34, ,
1, ,-34, ,
2, ,-34, ,
3, ,-34, ,
1, ,-34, ,
3, ,-34, ,
2, ,-34, ,
2, ,-34, ,
2, ,-34, ,
3, ,-34, ,
1, ,-34, ,
3, ,-33, ,
2, ,-34, ,
1, ,-34, ,
2, ,-34, ,
3, ,-34, ,
1, ,-34, ,
3, ,-34, ,
2, ,-34, ,
1, ,-34, ,
3, ,-34, ,
2, ,-34, ,
1, ,-34, ,
3, ,-34, ,
2, ,-33, ,
1, ,-34, ,
2, ,-34, ,
2, ,-34, ,
1, ,-34, ,
3, ,-33, ,
1, ,-34, ,
1, ,-34, ,
2, ,-34, ,
3, ,-34, ,
1, ,-34, ,
3, ,-34, ,
1, ,-34, ,
1, ,-34, ,
3, ,-34, ,
2, ,-34, ,
1, ,-34, ,
3, ,-34, ,
2, ,-34, ,
2, ,-34, ,
3, ,-34, ,
2, ,-34, ,
1, ,-34, ,
3, ,-34, ,
2, ,-34, ,
1, ,-34, ,
3, ,-34, ,
3, ,-34, ,
1, ,-34, ,
3, ,-34, ,
1, ,-34, ,
1, ,-34, ,
2, ,-34, ,
2, ,-34, ,
1, ,-34, ,
3, ,-34, ,
2, ,-34, ,
1, ,-34, ,
3, ,-34, ,
2, ,-34, ,
1, ,-34, ,
3, ,-33, ,
1, ,-34, ,
2, ,-34, ,
2, ,-34, ,
2, ,-34, ,
1, ,-34, ,
3, ,-33, ,
1, ,-34, ,
1, ,-34, ,
3, ,-34, ,
2, ,-34, ,
1, ,-34, ,
3, ,-33, ,
1, ,-34, ,
1, ,-34, ,
2, ,-34, ,
2, ,-34, ,
1, ,-34, ,
3, ,-34, ,
2, ,-34, ,
1, ,-34, ,
3, ,-34, ,
2, ,-34, ,
1, ,-34, ,
3, ,-33, ,
1, ,-34, ,
1, ,-34, ,
2, ,-34, ,
2, ,-34, ,
1, ,-34, ,
3, ,-34, ,
1, ,-34, ,
2, ,-34, ,
2, ,-34, ,
2, ,-34, ,
1, ,-34, ,
3, ,-33, ,
1, ,-34, ,
1, ,-34, ,
2, ,-34, ,
2, ,-34, ,
1, ,-34, ,
3, ,-34, ,
1, ,-34, ,
1, ,-34, ,
2, ,-34, ,
2, ,-34, ,
1, ,-34, ,
3, ,-34, ,
1, ,-34, ,
1, ,-34, ,
2, ,-34, ,
2, ,-34, ,
1, ,-34, ,
3, ,-34, ,
1, ,-34, ,
1, ,-34, ,
2, ,-34, ,
2, ,-34, ,
1, ,-34, ,
3, ,-34, ,
1, ,-34, ,
1, ,-34, ,
2, ,-34, ,
2, ,-33, ,
1, ,-34, ,
3, ,-34, ,
1, ,-34, ,
1, ,-34, ,
2, ,-34, ,
2, ,-34, ,
1, ,-34, ,
3, ,-34, ,
1, ,-34, ,
1, ,-34, ,
2, ,-34, ,
2, ,-34, ,
-1, ,-34, ,
3, ,-34, ,
1, ,-34, ,
1, ,-34, ,
2, ,-34, ,
2, ,-34, ,
1, ,-34, ,
2, ,-34, ,
1, ,-34, ,
1, ,-34, ,
2, ,-34, ,
2, ,-34, ,
-1, ,-34, ,
3, ,-34, ,
1, ,-34, ,
1, ,-34, ,
2, ,-34, ,
2, ,-34, ,
1, ,-34, ,
2, ,-34, ,
1, ,-34, ,
1, ,-34, ,
2, ,-34, ,
2, ,-34, ,
-1, ,-34, ,
3, ,-34, ,
1, ,-34, ,
1, ,-34, ,
2, ,-34, ,
2, ,-34, ,
1, ,-34, ,
2, ,-34, ,
1, ,-34, ,
1, ,-34, ,
2, ,-34, ,
2, ,-34, ,
-1, ,-34, ,
3, ,-34, ,
1, ,-34, ,
1, ,-34, ,
2, ,-34, ,
2, ,-34, ,
-1, ,-34, ,
2, ,-33, ,
1, ,-34, ,
1, ,-34, ,
2, ,-34, ,
2, ,-34, ,
-1, ,-34, ,
3, ,-34, ,
1, ,-34, ,
1, ,-34, ,
2, ,-34, ,
2, ,-34, ,
1, ,-34, ,
2, ,-34, ,
1, ,-34, ,
1, ,-34, ,
2, ,-34, ,
2, ,-34, ,
-1, ,-34, ,
3, ,-34, ,
1, ,-34, ,
1, ,-34, ,
2, ,-34, ,
2, ,-34, ,
1, ,-34, ,
2, ,-33, ,
1, ,-34, ,
1, ,-34, ,
2, ,-34, ,
2, ,-34, ,
-1, ,-34, ,
3, ,-34, ,
1, ,-34, ,
1, ,-34, ,
2, ,-34, ,
2, ,-34, ,
-1, ,-34, ,
2, ,-33, ,
1, ,-34, ,
1, ,-34, ,
2, ,-34, ,
2, ,-34, ,
-1, ,-34, ,
2, ,-33, ,
1, ,-34, ,
1, ,-34, ,
2, ,-34, ,
2, ,-34, ,
-1, ,-34, ,
2, ,-34, ,
1, ,-34, ,
1, ,-34, ,
2, ,-34, ,
2, ,-34, ,
-1, ,-34, ,
2, ,-33, ,
1, ,-34, ,
1, ,-34, ,
2, ,-34, ,
2, ,-34, ,
-1, ,-34, ,
2, ,-34, ,
1, ,-34, ,
1, ,-34, ,
2, ,-34, ,
2, ,-34, ,
-1, ,-34, ,
3, ,-33, ,
1, ,-34, ,
1, ,-34, ,
2, ,-34, ,
2, ,-34, ,
-1, ,-34, ,
2, ,-34, ,
1, ,-34, ,
1, ,-34, ,
2, ,-34, ,
2, ,-34, ,
-1, ,-34, ,
2, ,-34, ,
1, ,-34, ,
1, ,-34, ,
2, ,-34, ,
2, ,-34, ,
-1, ,-34, ,
2, ,-34, ,
1, ,-34, ,
1, ,-34, ,
2, ,-34, ,
2, ,-34, ,
-1, ,-34, ,
2, ,-33, ,
1, ,-34, ,
-1, ,-34, ,
2, ,-34, ,
2, ,-34, ,
-1, ,-34, ,
2, ,-34, ,
1, ,-34, ,
1, ,-34, ,
2, ,-34, ,
2, ,-34, ,
-1, ,-34, ,
2, ,-34, ,
1, ,-34, ,
-1, ,-34, ,
2, ,-34, ,
1, ,-34, ,
-1, ,-34, ,
2, ,-34, ,
57, ,-34, ,
40, ,-34, ,
26, ,-34, ,
17, ,-34, ,
11, ,-34, ,
10, ,-34, ,
6, ,-34, ,
3, ,-34, ,
5, ,-34, ,
3, ,-34, ,
2, ,-34, ,
3, ,-34, ,
2, ,-34, ,
2, ,-34, ,
3, ,-34, ,
3, ,-34, ,
1, ,-34, ,
3, ,-33, ,
2, ,-34, ,
2, ,-34, ,
2, ,-34, ,
2, ,-34, ,
2, ,-34, ,
3, ,-34, ,
2, ,-34, ,
2, ,-34, ,
3, ,-34, ,
3, ,-34, ,
1, ,-34, ,
3, ,-34, ,
2, ,-34, ,
2, ,-34, ,
3, ,-34, ,
2, ,-34, ,
1, ,-34, ,
3, ,-34, ,
2, ,-34, ,
2, ,-34, ,
3, ,-34, ,
2, ,-34, ,
1, ,-34, ,
5, ,-34, ,
2, ,-34, ,
1, ,-34, ,
3, ,-34, ,
2, ,-34, ,
1, ,-34, ,
3, ,-34, ,
2, ,-34, ,
2, ,-34, ,
3, ,-34, ,
2, ,-34, ,
1, ,-34, ,
3, ,-34, ,
2, ,-34, ,
1, ,-34, ,
3, ,-34, ,
3, ,-34, ,
1, ,-34, ,
3, ,-34, ,
2, ,-34, ,
2, ,-34, ,
3, ,-34, ,
2, ,-34, ,
1, ,-34, ,
3, ,-34, ,
2, ,-34, ,
1, ,-34, ,
2, ,-34, ,
2, ,-34, ,
1, ,-34, ,
3, ,-34, ,
1, ,-34, ,
1, ,-34, ,
2, ,-34, ,
2, ,-34, ,
1, ,-34, ,
3, ,-33, ,
1, ,-34, ,
1, ,-34, ,
3, ,-34, ,
3, ,-34, ,
1, ,-34, ,
3, ,-34, ,
2, ,-34, ,
2, ,-34, ,
2, ,-34, ,
2, ,-34, ,
1, ,-34, ,
6, ,-34, ,
17, ,-34, ,
13, ,-22, ,
11, ,-2, ,
8, ,14, ,
5, ,26, ,
6, ,34, ,
3, ,41, ,
2, ,45, ,
3, ,50, ,
2, ,52, ,
1, ,54, ,
3, ,56, ,
2, ,58, ,
2, ,57, ,
3, ,58, ,
2, ,59, ,
1, ,59, ,
3, ,59, ,
2, ,60, ,
1, ,59, ,
2, ,59, ,
2, ,59, ,
1, ,60, ,
3, ,59, ,
1, ,60, ,
1, ,60, ,
3, ,59, ,
2, ,60, ,
1, ,60, ,
3, ,60, ,
1, ,60, ,
2, ,59, ,
2, ,60, ,
2, ,60, ,
1, ,60, ,
3, ,59, ,
2, ,60, ,
1, ,59, ,
3, ,59, ,
2, ,60, ,
1, ,59, ,
3, ,59, ,
2, ,60, ,
2, ,59, ,
2, ,59, ,
2, ,60, ,
1, ,59, ,
3, ,59, ,
1, ,60, ,
1, ,59, ,
2, ,59, ,
2, ,60, ,
1, ,60, ,
2, ,59, ,
1, ,60, ,
2, ,59, ,
2, ,59, ,
2, ,59, ,
1, ,59, ,
3, ,59, ,
2, ,60, ,
1, ,59, ,
3, ,59, ,
2, ,59, ,
1, ,59, ,
3, ,59, ,
1, ,60, ,
1, ,59, ,
3, ,60, ,
2, ,60, ,
1, ,59, ,
3, ,59, ,
2, ,60, ,
1, ,59, ,
3, ,60, ,
2, ,59, ,
1, ,59, ,
3, ,59, ,
1, ,60, ,
1, ,59, ,
2, ,59, ,
2, ,59, ,
1, ,59, ,
3, ,59, ,
1, ,60, ,
1, ,59, ,
3, ,59, ,
2, ,60, ,
1, ,59, ,
3, ,59, ,
1, ,60, ,
1, ,58, ,
2, ,59, ,
2, ,59, ,
1, ,59, ,
3, ,59, ,
1, ,60, ,
1, ,59, ,
2, ,59, ,
2, ,59, ,
1, ,59, ,
3, ,59, ,
1, ,60, ,
8, ,59, ,
21, ,59, ,
15, ,59, ,
10, ,59, ,
8, ,59, ,
5, ,60, ,
3, ,59, ,
5, ,59, ,
2, ,59, ,
1, ,59, ,
3, ,59, ,
2, ,59, ,
2, ,59, ,
3, ,59, ,
2, ,59, ,
1, ,59, ,
3, ,59, ,
2, ,60, ,
1, ,59, ,
3, ,59, ,
2, ,59, ,
1, ,59, ,
3, ,59, ,
2, ,59, ,
2, ,59, ,
3, ,59, ,
2, ,59, ,
1, ,59, ,
3, ,59, ,
2, ,60, ,
1, ,59, ,
3, ,59, ,
2, ,59, ,
1, ,59, ,
3, ,59, ,
2, ,60, ,
2, ,59, ,
2, ,59, ,
2, ,59, ,
1, ,59, ,
3, ,59, ,
2, ,60, ,
1, ,59, ,
3, ,59, ,
2, ,59, ,
1, ,59, ,
3, ,59, ,
1, ,60, ,
1, ,58, ,
2, ,60, ,
2, ,59, ,
1, ,59, ,
3, ,56, ,
1, ,39, ,
1, ,20, ,
2, ,6, ,
2, ,-4, ,
1, ,-12, ,
2, ,-18, ,
1, ,-22, ,
1, ,-25, ,
2, ,-27, ,
2, ,-30, ,
1, ,-31, ,
3, ,-32, ,
2, ,-33, ,
1, ,-33, ,
3, ,-34, ,
2, ,-34, ,
1, ,-34, ,
3, ,-34, ,
2, ,-34, ,
1, ,-34, ,
2, ,-34, ,
2, ,-34, ,
1, ,-34, ,
3, ,-34, ,
1, ,-35, ,
1, ,-35, ,
2, ,-34, ,
2, ,-34, ,
1, ,-34, ,
3, ,-34, ,
2, ,-34, ,
2, ,-34, ,
2, ,-34, ,
2, ,-34, ,
1, ,-34, ,
3, ,-34, ,
2, ,-34, ,
1, ,-34, ,
2, ,-34, ,
2, ,-34, ,
1, ,-34, ,
3, ,-34, ,
1, ,-34, ,
1, ,-34, ,
2, ,-34, ,
2, ,-34, ,
1, ,-34, ,
3, ,-34, ,
1, ,-34, ,
2, ,-34, ,
2, ,-34, ,
2, ,-34, ,
1, ,-34, ,
3, ,-34, ,
2, ,-34, ,
2, ,-34, ,
2, ,-34, ,
2, ,-34, ,
1, ,-34, ,
3, ,-34, ,
2, ,-34, ,
1, ,-34, ,
2, ,-34, ,
2, ,-34, ,
1, ,-34, ,
3, ,-34, ,
1, ,-34, ,
1, ,-34, ,
2, ,-34, ,
2, ,-34, ,
1, ,-34, ,
3, ,-34, ,
2, ,-34, ,
1, ,-34, ,
2, ,-34, ,
2, ,-34, ,
1, ,-34, ,
3, ,-34, ,
1, ,-34, ,
1, ,-34, ,
2, ,-34, ,
2, ,-34, ,
1, ,-34, ,
3, ,-33, ,
1, ,-34, ,
1, ,-34, ,
3, ,-34, ,
2, ,-34, ,
1, ,-34, ,
3, ,-34, ,
1, ,-34, ,
2, ,-34, ,
2, ,-34, ,
2, ,-34, ,
1, ,-34, ,
3, ,-34, ,
1, ,-34, ,
1, ,-34, ,
2, ,-34, ,
2, ,-34, ,
1, ,-34, ,
2, ,-34, ,
1, ,-34, ,
1, ,-34, ,
2, ,-34, ,
2, ,-34, ,
1, ,-34, ,
3, ,-34, ,
1, ,-34, ,
1, ,-34, ,
3, ,-34, ,
2, ,-34, ,
1, ,-34, ,
2, ,-34, ,
1, ,-34, ,
1, ,-34, ,
2, ,-34, ,
2, ,-34, ,
1, ,-34, ,
3, ,-33, ,
1, ,-34, ,
1, ,-34, ,
3, ,-34, ,
2, ,-34, ,
1, ,-34, ,
2, ,-34, ,
1, ,-34, ,
2, ,-34, ,
2, ,-34, ,
2, ,-34, ,
1, ,-34, ,
3, ,-34, ,
1, ,-34, ,
1, ,-34, ,
2, ,-34, ,
2, ,-33, ,
1, ,-34, ,
3, ,-34, ,
1, ,-34, ,
1, ,-34, ,
2, ,-34, ,
2, ,-34, ,
1, ,-34, ,
3, ,-34, ,
1, ,-34, ,
1, ,-34, ,
2, ,-34, ,
2, ,-34, ,
1, ,-34, ,
3, ,-34, ,
1, ,-34, ,
1, ,-34, ,
2, ,-34, ,
2, ,-34, ,
1, ,-34, ,
2, ,-33, ,
1, ,-34, ,
1, ,-34, ,
2, ,-34, ,
2, ,-34, ,
1, ,-34, ,
3, ,-34, ,
1, ,-34, ,
1, ,-34, ,
2, ,-34, ,
2, ,-34, ,
1, ,-34, ,
3, ,-34, ,
1, ,-34, ,
1, ,-34, ,
3, ,-34, ,
2, ,-34, ,
1, ,-34, ,
2, ,-33, ,
1, ,-34, ,
2, ,-34, ,
2, ,-34, ,
2, ,-34, ,
-1, ,-33, ,
3, ,-33, ,
1, ,-34, ,
1, ,-34, ,
2, ,-34, ,
2, ,-34, ,
1, ,-34, ,
2, ,-34, ,
1, ,-34, ,
1, ,-34, ,
2, ,-34, ,
2, ,-34, ,
-1, ,-34, ,
2, ,-33, ,
1, ,-34, ,
1, ,-34, ,
2, ,-34, ,
2, ,-34, ,
1, ,-34, ,
2, ,-34, ,
1, ,-34, ,
1, ,-34, ,
3, ,-34, ,
2, ,-34, ,
-1, ,-34, ,
3, ,-34, ,
1, ,-34, ,
1, ,-34, ,
2, ,-34, ,
2, ,-34, ,
1, ,-34, ,
2, ,-34, ,
1, ,-33, ,
1, ,-34, ,
2, ,-34, ,
2, ,-34, ,
-1, ,-34, ,
3, ,-33, ,
1, ,-34, ,
1, ,-34, ,
2, ,-34, ,
2, ,-34, ,
-1, ,-34, ,
2, ,-34, ,
1, ,-34, ,
1, ,-34, ,
2, ,-34, ,
2, ,-34, ,
-1, ,-34, ,
2, ,-33, ,
1, ,-34, ,
1, ,-34, ,
2, ,-34, ,
2, ,-34, ,
-1, ,-34, ,
2, ,-33, ,
1, ,-34, ,
1, ,-34, ,
2, ,-34, ,
2, ,-34, ,
-1, ,-34, ,
2, ,-34, ,
1, ,-34, ,
1, ,-34, ,
2, ,-34, ,
2, ,-34, ,
-1, ,-34, ,
2, ,-33, ,
1, ,-34, ,
1, ,-34, ,
2, ,-34, ,
2, ,-34, ,
-1, ,-34, ,
2, ,-33, ,
1, ,-34, ,
1, ,-34, ,
2, ,-34, ,
2, ,-34, ,
-1, ,-34, ,
2, ,-34, ,
1, ,-34, ,
1, ,-34, ,
2, ,-34, ,
2, ,-34, ,
-1, ,-33, ,
2, ,-34, ,
1, ,-34, ,
1, ,-34, ,
2, ,-34, ,
1, ,-33, ,
-1, ,-34, ,
2, ,-34, ,
1, ,-34, ,
1, ,-34, ,
2, ,-34, ,
2, ,-34, ,
-1, ,-34, ,
2, ,-33, ,
1, ,-34, ,
1, ,-34, ,
2, ,-34, ,
1, ,-34, ,
-1, ,-34, ,
2, ,-34, ,
1, ,-34, ,
1, ,-34, ,
2, ,-34, ,
2, ,-34, ,
-1, ,-33, ,
2, ,-33, ,
1, ,-34, ,
1, ,-34, ,
2, ,-34, ,
2, ,-34, ,
-1, ,-34, ,
2, ,-34, ,
1, ,-34, ,
1, ,-34, ,
2, ,-34, ,
2, ,-34, ,
-1, ,-34, ,
2, ,-33, ,
1, ,-34, ,
1, ,-34, ,
2, ,-34, ,
2, ,-34, ,
-1, ,-34, ,
2, ,-34, ,
1, ,-34, ,
1, ,-34, ,
2, ,-34, ,
1, ,-34, ,
1, ,-34, ,
2, ,-34, ,
1, ,-34, ,
1, ,-34, ,
2, ,-34, ,
2, ,-34, ,
-1, ,-34, ,
2, ,-34, ,
1, ,-34, ,
1, ,-34, ,
2, ,-34, ,
1, ,-34, ,
-1, ,-34, ,
2, ,-34, ,
1, ,-34, ,
1, ,-34, ,
2, ,-34, ,
1, ,-34, ,
-1, ,-34, ,
2, ,-34, ,
1, ,-34, ,
1, ,-34, ,
2, ,-34, ,
1, ,-34, ,
-1, ,-34, ,
2, ,-33, ,
1, ,-34, ,
1, ,-34, ,
2, ,-34, ,
1, ,-34, ,
-1, ,-34, ,
2, ,-34, ,
1, ,-34, ,
1, ,-34, ,
2, ,-34, ,
2, ,-34, ,
-1, ,-34, ,
2, ,-33, ,
1, ,-34, ,
1, ,-34, ,
2, ,-34, ,
2, ,-34, ,
-1, ,-34, ,
2, ,-34, ,
1, ,-34, ,
-1, ,-34, ,
2, ,-34, ,
1, ,-34, ,
-1, ,-34, ,
2, ,-34, ,
1, ,-34, ,
1, ,-34, ,
2, ,-34, ,
1, ,-34, ,
-1, ,-34, ,
2, ,-33, ,
1, ,-34, ,
1, ,-34, ,
2, ,-34, ,
1, ,-34, ,
-1, ,-34, ,
2, ,-34, ,
1, ,-34, ,
1, ,-34, ,
2, ,-34, ,
1, ,-34, ,
-1, ,-34, ,
2, ,-34, ,
1, ,-34, ,
1, ,-34, ,
2, ,-34, ,
1, ,-34, ,
-1, ,-34, ,
1, ,-34, ,
1, ,-34, ,
1, ,-34, ,
1, ,-34, ,
1, ,-34, ,
-1, ,-34, ,
2, ,-34, ,
1, ,-34, ,
-1, ,-34, ,
2, ,-34, ,
1, ,-34, ,
-1, ,-34, ,
2, ,-33, ,
1, ,-34, ,
-1, ,-34, ,
2, ,-34, ,
2, ,-34, ,
-1, ,-34, ,
2, ,-34, ,
1, ,-34, ,
1, ,-34, ,
2, ,-34, ,
1, ,-34, ,
-1, ,-34, ,
2, ,-33, ,
1, ,-34, ,
1, ,-34, ,
2, ,-34, ,
1, ,-34, ,
-1, ,-34, ,
2, ,-34, ,
1, ,-34, ,
-1, ,-34, ,
2, ,-34, ,
1, ,-34, ,
-1, ,-34, ,
2, ,-33, ,
1, ,-34, ,
-1, ,-34, ,
2, ,-34, ,
2, ,-34, ,
-1, ,-34, ,
2, ,-34, ,
-1, ,-34, ,
1, ,-34, ,
2, ,-34, ,
1, ,-34, ,
-1, ,-34, ,
2, ,-34, ,
1, ,-33, ,
-1, ,-34, ,
1, ,-34, ,
2, ,-34, ,
-1, ,-34, ,
2, ,-33, ,
1, ,-34, ,
1, ,-34, ,
1, ,-34, ,
1, ,-34, ,
-1, ,-34, ,
2, ,-34, ,
1, ,-34, ,
1, ,-34, ,
1, ,-34, ,
1, ,-34, ,
-1, ,-34, ,
2, ,-34, ,
1, ,-34, ,
-1, ,-34, ,
2, ,-34, ,
2, ,-34, ,
-1, ,-34, ,
2, ,-33, ,
1, ,-34, ,
1, ,-34, ,
2, ,-34, ,
2, ,-34, ,
-1, ,-34, ,
2, ,-34, ,
1, ,-34, ,
-1, ,-34, ,
2, ,-34, ,
2, ,-34, ,
-1, ,-34, ,
2, ,-34, ,
1, ,-34, ,
1, ,-34, ,
1, ,-34, ,
1, ,-34, ,
-1, ,-34, ,
2, ,-34, ,
1, ,-34, ,
1, ,-34, ,
2, ,-34, ,
1, ,-34, ,
-1, ,-34, ,
2, ,-34, ,
-1, ,-34, ,
-1, ,-34, ,
1, ,-34, ,
2, ,-34, ,
-1, ,-34, ,
2, ,-34, ,
1, ,-34, ,
-1, ,-34, ,
2, ,-34, ,
1, ,-34, ,
-1, ,-34, ,
2, ,-34, ,
1, ,-34, ,
1, ,-34, ,
1, ,-34, ,
1, ,-34, ,
-1, ,-34, ,
2, ,-34, ,
1, ,-34, ,
-1, ,-34, ,
1, ,-34, ,
1, ,-34, ,
-1, ,-34, ,
2, ,-34, ,
-1, ,-34, ,
1, ,-34, ,
2, ,-34, ,
1, ,-34, ,
-1, ,-34, ,
2, ,-34, ,
-1, ,-34, ,
-1, ,-34, ,
1, ,-34, ,
1, ,-34, ,
-1, ,-34, ,
1, ,-34, ,
1, ,-34, ,
1, ,-34, ,
1, ,-34, ,
1, ,-34, ,
-1, ,-34, ,
2, ,-34, ,
-1, ,-34, ,
-1, ,-34, ,
2, ,-34, ,
1, ,-34, ,
-1, ,-34, ,
2, ,-34, ,
1, ,-34, ,
-1, ,-34, ,
1, ,-34, ,
1, ,-34, ,
-1, ,-34, ,
2, ,-34, ,
-1, ,-34, ,
-1, ,-34, ,
1, ,-34, ,
1, ,-34, ,
-1, ,-34, ,
2, ,-34, ,
1, ,-34, ,
-1, ,-34, ,
1, ,-34, ,
1, ,-34, ,
-1, ,-34, ,
2, ,-34, ,
-1, ,-34, ,
-1, ,-34, ,
1, ,-34, ,
1, ,-34, ,
-1, ,-34, ,
2, ,-34, ,
1, ,-34, ,
-1, ,-34, ,
2, ,-34, ,
1, ,-34, ,
-1, ,-34, ,
2, ,-33, ,
1, ,-34, ,
-1, ,-34, ,
1, ,-34, ,
1, ,-34, ,
-1, ,-34, ,
2, ,-34, ,
-1, ,-34, ,
1, ,-34, ,
1, ,-34, ,
1, ,-34, ,
-1, ,-34, ,
2, ,-34, ,
-1, ,-34, ,
-1, ,-34, ,
1, ,-34, ,
1, ,-34, ,
-1, ,-34, ,
2, ,-34, ,
1, ,-34, ,
-1, ,-34, ,
1, ,-34, ,
1, ,-34, ,
-1, ,-34, ,
2, ,-34, ,
-1, ,-34, ,
1, ,-34, ,
1, ,-34, ,
2, ,-34, ,
-1, ,-34, ,
1, ,-34, ,
-1, ,-34, ,
-1, ,-34, ,
2, ,-34, ,
1, ,-34, ,
-1, ,-34, ,
2, ,-34, ,
1, ,-34, ,
-1, ,-34, ,
2, ,-34, ,
1, ,-34, ,
-1, ,-34, ,
2, ,-33, ,
-1, ,-34, ,
-1, ,-34, ,
1, ,-34, ,
1, ,-34, ,
-1, ,-34, ,
2, ,-34, ,
-1, ,-34, ,
-1, ,-34, ,
2, ,-34, ,
1, ,-34, ,
-1, ,-34, ,
2, ,-34, ,
-1, ,-34, ,
-1, ,-34, ,
1, ,-34, ,
1, ,-34, ,
-1, ,-34, ,
2, ,-34, ,
1, ,-34, ,
-1, ,-34, ,
2, ,-34, ,
1, ,-34, ,
-1, ,-34, ,
1, ,-34, ,
1, ,-34, ,
-1, ,-34, ,
1, ,-25, ,
2, ,-6, ,
-1, ,11, ,
2, ,23, ,
1, ,33, ,
1, ,39, ,
2, ,44, ,
1, ,49, ,
-1, ,52, ,
1, ,54, ,
-1, ,56, ,
-1, ,56, ,
1, ,57, ,
1, ,58, ,
-1, ,59, ,
2, ,59, ,
-1, ,59, ,
-1, ,59, ,
1, ,59, ,
1, ,59, ,
-1, ,59, ,
1, ,60, ,
-1, ,60, ,
-1, ,59, ,
1, ,60, ,
1, ,60, ,
-1, ,60, ,
1, ,59, ,
-1, ,60, ,
-1, ,59, ,
2, ,60, ,
1, ,60, ,
-1, ,59, ,
1, ,59, ,
-1, ,60, ,
-1, ,59, ,
1, ,59, ,
1, ,60, ,
-1, ,60, ,
2, ,59, ,
-1, ,60, ,
-1, ,59, ,
1, ,60, ,
1, ,59, ,
-1, ,59, ,
2, ,59, ,
-1, ,60, ,
-1, ,59, ,
1, ,59, ,
1, ,60, ,
-1, ,59, ,
2, ,59, ,
-1, ,60, ,
-1, ,59, ,
2, ,59, ,
1, ,59, ,
-2, ,59, ,
1, ,59, ,
-1, ,60, ,
-1, ,59, ,
2, ,59, ,
1, ,59, ,
-1, ,59, ,
2, ,59, ,
-1, ,60, ,
-1, ,59, ,
1, ,59, ,
1, ,60, ,
-1, ,59, ,
2, ,59, ,
-1, ,60, ,
69, ,59, ,
60, ,59, ,
36, ,59, ,
22, ,59, ,
17, ,59, ,
10, ,60, ,
6, ,59, ,
6, ,59, ,
5, ,59, ,
2, ,59, ,
5, ,59, ,
2, ,60, ,
1, ,59, ,
2, ,59, ,
2, ,60, ,
1, ,59, ,
3, ,59, ,
2, ,60, ,
2, ,59, ,
3, ,59, ,
3, ,59, ,
1, ,59, ,
3, ,59, ,
2, ,60, ,
2, ,58, ,
2, ,59, ,
2, ,59, ,
1, ,59, ,
5, ,59, ,
2, ,60, ,
1, ,59, ,
3, ,59, ,
3, ,59, ,
1, ,59, ,
3, ,59, ,
1, ,60, ,
1, ,58, ,
2, ,59, ,
2, ,60, ,
1, ,60, ,
3, ,59, ,
1, ,60, ,
1, ,59, ,
3, ,59, ,
2, ,60, ,
1, ,59, ,
3, ,59, ,
2, ,60, ,
2, ,59, ,
2, ,59, ,
2, ,60, ,
1, ,59, ,
3, ,59, ,
2, ,60, ,
1, ,59, ,
3, ,59, ,
2, ,59, ,
1, ,59, ,
2, ,59, ,
1, ,60, ,
1, ,59, ,
2, ,59, ,
2, ,60, ,
1, ,59, ,
3, ,59, ,
1, ,60, ,
1, ,59, ,
2, ,59, ,
2, ,59, ,
1, ,59, ,
2, ,59, ,
1, ,60, ,
1, ,58, ,
2, ,59, ,
2, ,60, ,
1, ,59, ,
3, ,59, ,
2, ,59, ,
1, ,59, ,
3, ,59, ,
2, ,60, ,
1, ,59, ,
2, ,59, ,
1, ,59, ,
1, ,43, ,
2, ,23, ,
2, ,8, ,
-1, ,-2, ,
2, ,-11, ,
1, ,-17, ,
1, ,-21, ,
2, ,-24, ,
2, ,-27, ,
1, ,-28, ,
3, ,-31, ,
1, ,-32, ,
1, ,-33, ,
2, ,-33, ,
2, ,-33, ,
1, ,-34, ,
3, ,-34, ,
1, ,-34, ,
1, ,-34, ,
3, ,-34, ,
2, ,-35, ,
1, ,-35, ,
3, ,-34, ,
1, ,-34, ,
2, ,-35, ,
2, ,-34, ,
2, ,-34, ,
1, ,-35, ,
3, ,-34, ,
1, ,-34, ,
1, ,-34, ,
2, ,-34, ,
2, ,-34, ,
1, ,-34, ,
3, ,-34, ,
1, ,-34, ,
1, ,-34, ,
2, ,-34, ,
2, ,-34, ,
1, ,-34, ,
3, ,-34, ,
1, ,-34, ,
1, ,-34, ,
3, ,-34, ,
2, ,-34, ,
1, ,-34, ,
3, ,-34, ,
2, ,-34, ,
2, ,-34, ,
2, ,-34, ,
2, ,-34, ,
1, ,-34, ,
3, ,-34, ,
2, ,-34, ,
1, ,-34, ,
2, ,-34, ,
2, ,-34, ,
1, ,-34, ,
3, ,-34, ,
1, ,-34, ,
1, ,-34, ,
2, ,-34, ,
2, ,-34, ,
1, ,-34, ,
3, ,-34, ,
1, ,-34, ,
1, ,-33, ,
2, ,-34, ,
2, ,-34, ,
1, ,-34, ,
3, ,-34, ,
1, ,-34, ,
1, ,-34, ,
2, ,-34, ,
2, ,-34, ,
1, ,-34, ,
3, ,-34, ,
1, ,-34, ,
1, ,-34, ,
2, ,-34, ,
2, ,-34, ,
1, ,-34, ,
2, ,-34, ,
1, ,-34, ,
1, ,-34, ,
2, ,-34, ,
2, ,-34, ,
1, ,-34, ,
3, ,-34, ,
1, ,-34, ,
1, ,-34, ,
2, ,-34, ,
2, ,-34, ,
1, ,-34, ,
3, ,-34, ,
1, ,-34, ,
1, ,-34, ,
2, ,-34, ,
2, ,-34, ,
1, ,-34, ,
3, ,-34, ,
1, ,-34, ,
1, ,-34, ,
2, ,-34, ,
2, ,-34, ,
1, ,-34, ,
2, ,-33, ,
1, ,-34, ,
1, ,-34, ,
2, ,-34, ,
2, ,-34, ,
1, ,-34, ,
3, ,-34, ,
1, ,-34, ,
1, ,-34, ,
2, ,-34, ,
2, ,-34, ,
1, ,-34, ,
3, ,-34, ,
1, ,-34, ,
1, ,-34, ,
2, ,-34, ,
2, ,-34, ,
-1, ,-34, ,
3, ,-34, ,
1, ,-34, ,
1, ,-34, ,
2, ,-34, ,
2, ,-34, ,
-1, ,-34, ,
3, ,-33, ,
1, ,-34, ,
1, ,-34, ,
1, ,-34, ,
2, ,-34, ,
-1, ,-34, ,
3, ,-34, ,
1, ,-34, ,
1, ,-33, ,
2, ,-34, ,
2, ,-34, ,
-1, ,-34, ,
2, ,-34, ,
1, ,-34, ,
1, ,-34, ,
2, ,-34, ,
2, ,-34, ,
-1, ,-34, ,
3, ,-33, ,
1, ,-34, ,
1, ,-34, ,
2, ,-34, ,
2, ,-34, ,
-1, ,-34, ,
2, ,-33, ,
1, ,-33, ,
1, ,-34, ,
2, ,-34, ,
2, ,-34, ,
-1, ,-34, ,
3, ,-34, ,
1, ,-34, ,
1, ,-34, ,
3, ,-34, ,
2, ,-34, ,
-1, ,-34, ,
2, ,-34, ,
1, ,-34, ,
1, ,-34, ,
1, ,-34, ,
1, ,-34, ,
-1, ,-34, ,
2, ,-34, ,
1, ,-34, ,
1, ,-34, ,
2, ,-33, ,
2, ,-34, ,
-1, ,-34, ,
2, ,-33, ,
1, ,-34, ,
1, ,-34, ,
2, ,-34, ,
2, ,-33, ,
-1, ,-34, ,
2, ,-34, ,
1, ,-34, ,
1, ,-34, ,
2, ,-34, ,
2, ,-34, ,
-1, ,-34, ,
2, ,-33, ,
1, ,-34, ,
1, ,-34, ,
1, ,-34, ,
2, ,-34, ,
-1, ,-34, ,
2, ,-33, ,
1, ,-34, ,
1, ,-34, ,
2, ,-34, ,
2, ,-34, ,
-1, ,-34, ,
2, ,-33, ,
1, ,-34, ,
1, ,-34, ,
2, ,-34, ,
2, ,-34, ,
-1, ,-34, ,
2, ,-34, ,
1, ,-34, ,
1, ,-34, ,
2, ,-34, ,
2, ,-34, ,
-1, ,-34, ,
2, ,-34, ,
1, ,-34, ,
1, ,-34, ,
2, ,-34, ,
2, ,-33, ,
-1, ,-34, ,
2, ,-34, ,
1, ,-34, ,
1, ,-34, ,
2, ,-34, ,
2, ,-34, ,
-1, ,-34, ,
2, ,-34, ,
1, ,-34, ,
1, ,-34, ,
2, ,-34, ,
2, ,-34, ,
-1, ,-34, ,
2, ,-34, ,
1, ,-34, ,
1, ,-34, ,
2, ,-34, ,
2, ,-34, ,
-1, ,-34, ,
2, ,-33, ,
1, ,-34, ,
1, ,-34, ,
2, ,-34, ,
2, ,-34, ,
-1, ,-34, ,
2, ,-34, ,
1, ,-34, ,
1, ,-34, ,
2, ,-34, ,
2, ,-34, ,
-1, ,-34, ,
2, ,-34, ,
1, ,-34, ,
1, ,-34, ,
2, ,-34, ,
2, ,-34, ,
-1, ,-34, ,
2, ,-34, ,
1, ,-34, ,
-1, ,-34, ,
2, ,-34, ,
2, ,-34, ,
-1, ,-34, ,
2, ,-34, ,
1, ,-34, ,
1, ,-34, ,
2, ,-34, ,
2, ,-34, ,
-1, ,-34, ,
2, ,-33, ,
1, ,-34, ,
-1, ,-34, ,
2, ,-34, ,
1, ,-34, ,
-1, ,-34, ,
2, ,-33, ,
1, ,-34, ,
1, ,-34, ,
2, ,-34, ,
2, ,-34, ,
-1, ,-34, ,
2, ,-33, ,
1, ,-34, ,
1, ,-34, ,
2, ,-34, ,
1, ,-34, ,
-1, ,-34, ,
2, ,-34, ,
1, ,-34, ,
1, ,-34, ,
1, ,-34, ,
1, ,-34, ,
-1, ,-34, ,
2, ,-34, ,
1, ,-34, ,
1, ,-34, ,
2, ,-34, ,
2, ,-34, ,
-1, ,-34, ,
2, ,-34, ,
1, ,-34, ,
1, ,-34, ,
1, ,-34, ,
2, ,-34, ,
-1, ,-34, ,
2, ,-33, ,
1, ,-34, ,
1, ,-33, ,
2, ,-34, ,
2, ,-34, ,
-1, ,-34, ,
2, ,-34, ,
1, ,-34, ,
1, ,-34, ,
2, ,-34, ,
1, ,-34, ,
-1, ,-34, ,
2, ,-34, ,
1, ,-34, ,
1, ,-34, ,
2, ,-34, ,
1, ,-34, ,
-1, ,-34, ,
2, ,-34, ,
1, ,-34, ,
1, ,-34, ,
1, ,-34, ,
1, ,-34, ,
-1, ,-34, ,
2, ,-34, ,
1, ,-34, ,
1, ,-34, ,
2, ,-34, ,
1, ,-34, ,
-1, ,-34, ,
2, ,-34, ,
1, ,-34, ,
1, ,-34, ,
1, ,-34, ,
1, ,-34, ,
-1, ,-34, ,
2, ,-34, ,
1, ,-34, ,
1, ,-34, ,
2, ,-34, ,
2, ,-34, ,
-1, ,-34, ,
2, ,-33, ,
1, ,-34, ,
1, ,-34, ,
1, ,-34, ,
1, ,-34, ,
-1, ,-34, ,
2, ,-34, ,
1, ,-34, ,
1, ,-34, ,
2, ,-34, ,
1, ,-34, ,
-1, ,-34, ,
2, ,-34, ,
1, ,-34, ,
1, ,-34, ,
1, ,-34, ,
2, ,-34, ,
-1, ,-34, ,
2, ,-34, ,
1, ,-34, ,
-1, ,-34, ,
2, ,-34, ,
2, ,-34, ,
-1, ,-34, ,
2, ,-34, ,
1, ,-34, ,
1, ,-34, ,
2, ,-34, ,
1, ,-34, ,
-1, ,-34, ,
2, ,-34, ,
1, ,-34, ,
-1, ,-34, ,
2, ,-34, ,
2, ,-34, ,
-1, ,-34, ,
1, ,-34, ,
1, ,-34, ,
-1, ,-34, ,
1, ,-34, ,
1, ,-34, ,
-1, ,-34, ,
2, ,-34, ,
-1, ,-34, ,
-1, ,-34, ,
2, ,-34, ,
1, ,-34, ,
-1, ,-34, ,
2, ,-34, ,
1, ,-34, ,
-1, ,-34, ,
1, ,-34, ,
1, ,-34, ,
-1, ,-34, ,
2, ,-34, ,
-1, ,-34, ,
-1, ,-34, ,
1, ,-34, ,
1, ,-34, ,
-1, ,-34, ,
2, ,-34, ,
1, ,-34, ,
-1, ,-34, ,
1, ,-34, ,
1, ,-34, ,
-1, ,-34, ,
2, ,-33, ,
1, ,-34, ,
-1, ,-34, ,
1, ,-34, ,
1, ,-34, ,
-1, ,-34, ,
1, ,-34, ,
1, ,-34, ,
1, ,-34, ,
1, ,-34, ,
1, ,-34, ,
-1, ,-34, ,
2, ,-34, ,
-1, ,-34, ,
-1, ,-34, ,
2, ,-34, ,
1, ,-34, ,
-1, ,-34, ,
2, ,-34, ,
1, ,-34, ,
-1, ,-34, ,
1, ,-34, ,
1, ,-34, ,
-1, ,-34, ,
2, ,-34, ,
1, ,-34, ,
-1, ,-34, ,
2, ,-34, ,
2, ,-34, ,
-1, ,-33, ,
1, ,-34, ,
1, ,-34, ,
1, ,-34, ,
2, ,-34, ,
2, ,-34, ,
-1, ,-34, ,
2, ,-34, ,
1, ,-34, ,
-1, ,-34, ,
1, ,-34, ,
1, ,-34, ,
-1, ,-34, ,
2, ,-34, ,
1, ,-34, ,
1, ,-34, ,
1, ,-34, ,
1, ,-34, ,
-1, ,-34, ,
2, ,-34, ,
1, ,-34, ,
1, ,-34, ,
2, ,-34, ,
1, ,-34, ,
-1, ,-34, ,
2, ,-34, ,
1, ,-34, ,
1, ,-34, ,
1, ,-34, ,
1, ,-34, ,
-1, ,-34, ,
2, ,-34, ,
1, ,-34, ,
-1, ,-34, ,
1, ,-34, ,
1, ,-34, ,
-1, ,-34, ,
2, ,-34, ,
1, ,-34, ,
1, ,-34, ,
2, ,-34, ,
1, ,-34, ,
-1, ,-34, ,
2, ,-34, ,
-1, ,-34, ,
-1, ,-34, ,
2, ,-34, ,
1, ,-34, ,
-1, ,-34, ,
2, ,-34, ,
1, ,-34, ,
-1, ,-34, ,
1, ,-34, ,
1, ,-34, ,
-1, ,-34, ,
2, ,-34, ,
1, ,-34, ,
-1, ,-34, ,
1, ,-34, ,
1, ,-34, ,
-1, ,-34, ,
2, ,-33, ,
-1, ,-34, ,
-1, ,-34, ,
1, ,-34, ,
1, ,-34, ,
-1, ,-34, ,
2, ,-33, ,
1, ,-34, ,
-1, ,-34, ,
2, ,-34, ,
1, ,-34, ,
-1, ,-34, ,
1, ,-34, ,
1, ,-34, ,
1, ,-34, ,
1, ,-34, ,
1, ,-34, ,
-1, ,-34, ,
2, ,-34, ,
-1, ,-34, ,
-1, ,-34, ,
1, ,-34, ,
1, ,-34, ,
-1, ,-34, ,
2, ,-34, ,
-1, ,-34, ,
-1, ,-34, ,
1, ,-34, ,
1, ,-34, ,
-1, ,-34, ,
2, ,-34, ,
-1, ,-34, ,
-1, ,-34, ,
1, ,-34, ,
1, ,-34, ,
-1, ,-34, ,
2, ,-34, ,
1, ,-34, ,
-1, ,-34, ,
1, ,-34, ,
1, ,-34, ,
-1, ,-34, ,
2, ,-34, ,
-1, ,-34, ,
-1, ,-34, ,
2, ,-34, ,
1, ,-34, ,
-1, ,-34, ,
2, ,-33, ,
-1, ,-34, ,
-1, ,-34, ,
1, ,-34, ,
1, ,-34, ,
-1, ,-34, ,
2, ,-34, ,
-1, ,-34, ,
-1, ,-34, ,
1, ,-34, ,
1, ,-34, ,
-1, ,-34, ,
1, ,-34, ,
1, ,-34, ,
-1, ,-34, ,
1, ,-34, ,
1, ,-34, ,
-1, ,-34, ,
2, ,-34, ,
-1, ,-34, ,
-1, ,-34, ,
1, ,-34, ,
1, ,-34, ,
-1, ,-34, ,
2, ,-34, ,
1, ,-34, ,
-1, ,-34, ,
1, ,-34, ,
1, ,-34, ,
-1, ,-34, ,
2, ,-34, ,
-1, ,-34, ,
-1, ,-34, ,
2, ,-34, ,
1, ,-34, ,
-1, ,-34, ,
2, ,-34, ,
1, ,-34, ,
-1, ,-34, ,
1, ,-34, ,
1, ,-34, ,
-1, ,-34, ,
2, ,-34, ,
-1, ,-34, ,
1, ,-34, ,
2, ,-34, ,
1, ,-34, ,
-1, ,-34, ,
2, ,-34, ,
1, ,-34, ,
-1, ,-34, ,
1, ,-34, ,
1, ,-34, ,
-1, ,-34, ,
2, ,-34, ,
-1, ,-34, ,
1, ,-34, ,
2, ,-34, ,
1, ,-34, ,
-1, ,-34, ,
1, ,-34, ,
-1, ,-34, ,
-1, ,-34, ,
1, ,-34, ,
1, ,-34, ,
-1, ,-34, ,
2, ,-34, ,
-1, ,-34, ,
-1, ,-34, ,
2, ,-34, ,
1, ,-34, ,
-1, ,-34, ,
1, ,-34, ,
-1, ,-34, ,
-1, ,-34, ,
1, ,-34, ,
1, ,-30, ,
-1, ,-11, ,
2, ,7, ,
-1, ,21, ,
-1, ,31, ,
2, ,38, ,
1, ,43, ,
-1, ,47, ,
1, ,52, ,
-1, ,54, ,
-1, ,55, ,
2, ,56, ,
1, ,57, ,
-1, ,58, ,
2, ,58, ,
-1, ,59, ,
-1, ,59, ,
2, ,59, ,
1, ,59, ,
-1, ,59, ,
1, ,59, ,
-1, ,60, ,
-1, ,59, ,
1, ,59, ,
-1, ,60, ,
-1, ,60, ,
2, ,60, ,
-1, ,60, ,
-1, ,59, ,
1, ,60, ,
1, ,60, ,
-1, ,59, ,
1, ,59, ,
-1, ,60, ,
-1, ,59, ,
2, ,59, ,
1, ,60, ,
-1, ,60, ,
2, ,59, ,
-1, ,60, ,
-1, ,59, ,
1, ,59, ,
1, ,59, ,
-1, ,59, ,
2, ,59, ,
-1, ,60, ,
-1, ,59, ,
1, ,59, ,
1, ,59, ,
-1, ,59, ,
2, ,59, ,
-1, ,60, ,
-1, ,59, ,
2, ,60, ,
1, ,60, ,
-1, ,59, ,
1, ,59, ,
-1, ,60, ,
-1, ,58, ,
1, ,59, ,
1, ,59, ,
-1, ,59, ,
2, ,59, ,
-1, ,60, ,
-1, ,59, ,
1, ,59, ,
1, ,59, ,
-1, ,59, ,
2, ,59, ,
-1, ,60, ,
-1, ,59, ,
1, ,59, ,
13, ,59, ,
67, ,59, ,
43, ,59, ,
26, ,60, ,
16, ,59, ,
12, ,59, ,
8, ,59, ,
5, ,59, ,
6, ,59, ,
3, ,59, ,
2, ,59, ,
3, ,59, ,
2, ,59, ,
1, ,59, ,
5, ,59, ,
2, ,59, ,
2, ,59, ,
3, ,59, ,
3, ,59, ,
1, ,59, ,
3, ,59, ,
2, ,60, ,
2, ,59, ,
2, ,59, ,
2, ,59, ,
1, ,59, ,
3, ,59, ,
2, ,60, ,
1, ,59, ,
3, ,59, ,
2, ,59, ,
1, ,59, ,
3, ,59, ,
2, ,60, ,
3, ,58, ,
7, ,59, ,
7, ,60, ,
5, ,59, ,
6, ,59, ,
3, ,59, ,
3, ,58, ,
5, ,59, ,
3, ,59, ,
2, ,59, ,
3, ,59, ,
2, ,60, ,
2, ,59, ,
3, ,59, ,
2, ,59, ,
1, ,59, ,
3, ,59, ,
2, ,59, ,
1, ,59, ,
3, ,59, ,
2, ,59, ,
1, ,59, ,
3, ,59, ,
2, ,60, ,
1, ,59, ,
2, ,59, ,
2, ,59, ,
1, ,59, ,
3, ,59, ,
2, ,59, ,
2, ,59, ,
3, ,59, ,
2, ,59, ,
1, ,59, ,
3, ,59, ,
2, ,60, ,
1, ,59, ,
2, ,59, ,
2, ,59, ,
1, ,59, ,
3, ,59, ,
1, ,59, ,
1, ,59, ,
3, ,59, ,
2, ,59, ,
1, ,59, ,
3, ,59, ,
2, ,60, ,
1, ,59, ,
2, ,49, ,
2, ,28, ,
1, ,13, ,
2, ,1, ,
1, ,-8, ,
1, ,-15, ,
3, ,-20, ,
2, ,-23, ,
1, ,-26, ,
3, ,-28, ,
2, ,-31, ,
2, ,-32, ,
2, ,-33, ,
2, ,-33, ,
1, ,-34, ,
3, ,-34, ,
2, ,-34, ,
1, ,-34, ,
2, ,-34, ,
2, ,-34, ,
1, ,-34, ,
3, ,-34, ,
2, ,-34, ,
1, ,-35, ,
2, ,-35, ,
2, ,-34, ,
1, ,-35, ,
3, ,-34, ,
1, ,-34, ,
1, ,-34, ,
2, ,-35, ,
2, ,-34, ,
1, ,-34, ,
3, ,-34, ,
2, ,-34, ,
2, ,-34, ,
2, ,-34, ,
2, ,-34, ,
1, ,-34, ,
3, ,-34, ,
2, ,-35, ,
1, ,-34, ,
3, ,-34, ,
3, ,-34, ,
1, ,-34, ,
3, ,-34, ,
2, ,-34, ,
2, ,-34, ,
2, ,-34, ,
2, ,-34, ,
1, ,-34, ,
3, ,-34, ,
2, ,-34, ,
1, ,-34, ,
3, ,-34, ,
2, ,-34, ,
1, ,-34, ,
2, ,-34, ,
2, ,-34, ,
1, ,-34, ,
2, ,-34, ,
2, ,-34, ,
1, ,-34, ,
3, ,-34, ,
1, ,-34, ,
1, ,-34, ,
3, ,-34, ,
3, ,-34, ,
1, ,-34, ,
3, ,-34, ,
1, ,-34, ,
2, ,-34, ,
2, ,-34, ,
2, ,-34, ,
1, ,-34, ,
3, ,-34, ,
2, ,-34, ,
1, ,-34, ,
3, ,-34, ,
2, ,-34, ,
1, ,-34, ,
3, ,-34, ,
1, ,-34, ,
1, ,-34, ,
2, ,-34, ,
2, ,-34, ,
1, ,-34, ,
3, ,-34, ,
1, ,-34, ,
1, ,-34, ,
2, ,-34, ,
2, ,-34, ,
-1, ,-34, ,
3, ,-34, ,
2, ,-34, ,
1, ,-34, ,
2, ,-34, ,
2, ,-34, ,
1, ,-34, ,
3, ,-34, ,
1, ,-34, ,
1, ,-34, ,
2, ,-34, ,
2, ,-34, ,
1, ,-34, ,
3, ,-34, ,
1, ,-34, ,
1, ,-34, ,
2, ,-34, ,
2, ,-34, ,
1, ,-34, ,
3, ,-34, ,
1, ,-34, ,
1, ,-34, ,
2, ,-34, ,
2, ,-34, ,
1, ,-34, ,
2, ,-34, ,
1, ,-34, ,
2, ,-34, ,
2, ,-34, ,
2, ,-34, ,
1, ,-34, ,
3, ,-33, ,
1, ,-34, ,
1, ,-34, ,
3, ,-34, ,
2, ,-34, ,
1, ,-34, ,
2, ,-33, ,
1, ,-34, ,
1, ,-34, ,
2, ,-34, ,
2, ,-34, ,
1, ,-34, ,
3, ,-34, ,
1, ,-34, ,
1, ,-33, ,
2, ,-34, ,
2, ,-34, ,
1, ,-34, ,
2, ,-34, ,
1, ,-34, ,
1, ,-34, ,
2, ,-34, ,
2, ,-34, ,
1, ,-34, ,
3, ,-34, ,
1, ,-34, ,
1, ,-34, ,
2, ,-34, ,
2, ,-34, ,
1, ,-34, ,
2, ,-34, ,
1, ,-34, ,
1, ,-34, ,
2, ,-34, ,
2, ,-34, ,
1, ,-34, ,
2, ,-34, ,
1, ,-34, ,
1, ,-34, ,
