Format,1.0B,
Memory Length,10000,Memory Length,10000,
IntpDistance,0,IntpDistance,0,
Trigger Address,4999,Trigger Address,4999,
Trigger Level,1.040E+00,Trigger Level,1.040E+00,
Source,CH1,Source,CH2,
Vertical Units,V,Vertical Units,V,
Vertical Units Div,0,Vertical Units Div,0,
Vertical Units Extend Div,16,Vertical Units Extend Div,16,
Label,,Label,,
Probe Type,0,Probe Type,0,
Probe Ratio,1.000e+01,Probe Ratio,1.000e+00,
Vertical Scale,5.000e-01,Vertical Scale,1.000e+00,
Vertical Position,-1.820e+00,Vertical Position,0.000e+00,
Horizontal Units,S,Horizontal Units,S,
Horizontal Scale,2.000E-05,Horizontal Scale,2.000E-05,
Horizontal Position,0.000E+00,Horizontal Position,0.000E+00,
Horizontal Mode,Main,Horizontal Mode,Main,
SincET Mode,Real Time,SincET Mode,Real Time,
Sampling Period,2.000e-08,Sampling Period,2.000e-08,
Horizontal Old Scale,2.000E-05,Horizontal Old Scale,2.000E-05,
Horizontal Old Position,0.000E+00,Horizontal Old Position,0.000E+00,
Firmware,V1.23,Firmware,V1.23,
Mode,Fast,Mode,Fast,
Waveform Data,,Waveform Data,,
1, ,-35, ,
1, ,-35, ,
2, ,-35, ,
1, ,-35, ,
1, ,-35, ,
2, ,-35, ,
1, ,-35, ,
1, ,-35, ,
2, ,-34, ,
1, ,-35, ,
1, ,-35, ,
2, ,-35, ,
1, ,-35, ,
-1, ,-35, ,
2, ,-34, ,
1, ,-35, ,
1, ,-35, ,
2, ,-35, ,
1, ,-35, ,
-1, ,-35, ,
2, ,-34, ,
1, ,-35, ,
1, ,-34, ,
2, ,-35, ,
2, ,-35, ,
-1, ,-35, ,
2, ,-35, ,
1, ,-35, ,
1, ,-35, ,
2, ,-35, ,
1, ,-35, ,
-1, ,-35, ,
2, ,-34, ,
1, ,-35, ,
1, ,-35, ,
2, ,-35, ,
1, ,-35, ,
-1, ,-35, ,
2, ,-35, ,
1, ,-35, ,
1, ,-35, ,
1, ,-35, ,
1, ,-35, ,
-1, ,-35, ,
2, ,-35, ,
1, ,-35, ,
1, ,-34, ,
2, ,-35, ,
2, ,-35, ,
-1, ,-35, ,
2, ,-35, ,
1, ,-34, ,
1, ,-35, ,
2, ,-35, ,
1, ,-35, ,
-1, ,-35, ,
2, ,-35, ,
1, ,-35, ,
1, ,-35, ,
2, ,-35, ,
1, ,-35, ,
-1, ,-35, ,
2, ,-35, ,
1, ,-35, ,
1, ,-35, ,
1, ,-35, ,
1, ,-35, ,
-1, ,-35, ,
2, ,-35, ,
1, ,-35, ,
1, ,-35, ,
2, ,-35, ,
2, ,-35, ,
-1, ,-35, ,
2, ,-35, ,
1, ,-35, ,
1, ,-35, ,
2, ,-35, ,
1, ,-35, ,
-1, ,-35, ,
2, ,-35, ,
1, ,-35, ,
1, ,-34, ,
2, ,-35, ,
2, ,-35, ,
-1, ,-35, ,
2, ,-35, ,
1, ,-35, ,
1, ,-35, ,
1, ,-35, ,
2, ,-35, ,
1, ,-35, ,
2, ,-35, ,
1, ,-35, ,
1, ,-34, ,
2, ,-35, ,
2, ,-35, ,
-1, ,-35, ,
2, ,-35, ,
1, ,-35, ,
1, ,-35, ,
2, ,-35, ,
1, ,-35, ,
-1, ,-35, ,
2, ,-35, ,
-1, ,-35, ,
1, ,-35, ,
1, ,-35, ,
1, ,-35, ,
-1, ,-35, ,
1, ,-35, ,
1, ,-35, ,
1, ,-35, ,
2, ,-35, ,
2, ,-35, ,
-1, ,-35, ,
2, ,-34, ,
1, ,-35, ,
1, ,-35, ,
2, ,-35, ,
2, ,-35, ,
-1, ,-35, ,
2, ,-35, ,
1, ,-35, ,
1, ,-35, ,
1, ,-35, ,
1, ,-35, ,
1, ,-35, ,
2, ,-35, ,
1, ,-35, ,
1, ,-35, ,
2, ,-35, ,
1, ,-35, ,
-1, ,-35, ,
2, ,-35, ,
1, ,-35, ,
1, ,-35, ,
2, ,-35, ,
1, ,-35, ,
-1, ,-35, ,
2, ,-35, ,
1, ,-35, ,
1, ,-35, ,
2, ,-35, ,
1, ,-35, ,
-1, ,-35, ,
2, ,-35, ,
1, ,-35, ,
1, ,-35, ,
1, ,-35, ,
1, ,-35, ,
-1, ,-35, ,
2, ,-35, ,
1, ,-35, ,
1, ,-34, ,
2, ,-35, ,
1, ,-35, ,
-1, ,-35, ,
2, ,-35, ,
1, ,-35, ,
1, ,-35, ,
1, ,-35, ,
1, ,-35, ,
-1, ,-35, ,
2, ,-35, ,
1, ,-35, ,
1, ,-35, ,
2, ,-35, ,
2, ,-35, ,
-1, ,-35, ,
2, ,-35, ,
1, ,-35, ,
1, ,-35, ,
1, ,-35, ,
1, ,-35, ,
-1, ,-35, ,
2, ,-35, ,
1, ,-35, ,
1, ,-35, ,
1, ,-35, ,
1, ,-35, ,
-1, ,-35, ,
1, ,-35, ,
1, ,-35, ,
1, ,-35, ,
1, ,-35, ,
1, ,-35, ,
-1, ,-35, ,
2, ,-34, ,
1, ,-35, ,
1, ,-35, ,
1, ,-35, ,
1, ,-35, ,
-1, ,-35, ,
2, ,-35, ,
1, ,-35, ,
1, ,-35, ,
1, ,-35, ,
2, ,-35, ,
-1, ,-35, ,
2, ,-35, ,
1, ,-35, ,
1, ,-35, ,
1, ,-35, ,
1, ,-35, ,
-1, ,-35, ,
1, ,-35, ,
1, ,-35, ,
1, ,-35, ,
1, ,-35, ,
1, ,-35, ,
-1, ,-35, ,
2, ,-34, ,
1, ,-35, ,
1, ,-34, ,
1, ,-35, ,
2, ,-35, ,
-1, ,-35, ,
2, ,-34, ,
1, ,-35, ,
1, ,-35, ,
1, ,-35, ,
1, ,-35, ,
-1, ,-35, ,
2, ,-35, ,
1, ,-35, ,
1, ,-35, ,
2, ,-35, ,
1, ,-35, ,
-1, ,-35, ,
2, ,-35, ,
1, ,-35, ,
1, ,-35, ,
1, ,-35, ,
1, ,-35, ,
-1, ,-35, ,
2, ,-34, ,
1, ,-35, ,
1, ,-35, ,
1, ,-35, ,
1, ,-35, ,
-1, ,-35, ,
1, ,-35, ,
1, ,-35, ,
1, ,-35, ,
1, ,-35, ,
1, ,-35, ,
-1, ,-35, ,
2, ,-35, ,
1, ,-35, ,
1, ,-35, ,
2, ,-35, ,
1, ,-35, ,
-1, ,-35, ,
1, ,-35, ,
1, ,-35, ,
1, ,-35, ,
1, ,-35, ,
1, ,-35, ,
-1, ,-35, ,
1, ,-35, ,
-1, ,-35, ,
1, ,-35, ,
1, ,-35, ,
1, ,-35, ,
-1, ,-35, ,
1, ,-35, ,
1, ,-35, ,
1, ,-35, ,
1, ,-35, ,
1, ,-35, ,
-1, ,-35, ,
2, ,-35, ,
1, ,-35, ,
1, ,-34, ,
1, ,-35, ,
1, ,-35, ,
-1, ,-35, ,
1, ,-35, ,
1, ,-35, ,
1, ,-35, ,
1, ,-35, ,
1, ,-35, ,
-1, ,-35, ,
2, ,-34, ,
-1, ,-35, ,
1, ,-35, ,
1, ,-35, ,
2, ,-35, ,
-1, ,-35, ,
1, ,-35, ,
1, ,-35, ,
1, ,-35, ,
1, ,-35, ,
1, ,-35, ,
-1, ,-35, ,
2, ,-35, ,
-1, ,-35, ,
1, ,-35, ,
1, ,-35, ,
1, ,-35, ,
-1, ,-35, ,
1, ,-35, ,
-1, ,-35, ,
1, ,-35, ,
1, ,-35, ,
1, ,-35, ,
-1, ,-35, ,
1, ,-27, ,
1, ,-8, ,
1, ,8, ,
2, ,21, ,
2, ,31, ,
-1, ,38, ,
2, ,43, ,
1, ,47, ,
1, ,50, ,
1, ,53, ,
1, ,54, ,
-1, ,56, ,
2, ,56, ,
1, ,58, ,
1, ,58, ,
1, ,58, ,
1, ,59, ,
-1, ,58, ,
1, ,58, ,
1, ,59, ,
1, ,59, ,
1, ,58, ,
1, ,59, ,
-1, ,59, ,
2, ,58, ,
-1, ,59, ,
1, ,58, ,
1, ,59, ,
1, ,59, ,
-1, ,58, ,
2, ,58, ,
1, ,59, ,
-1, ,59, ,
2, ,59, ,
1, ,59, ,
-1, ,59, ,
1, ,59, ,
-1, ,59, ,
-1, ,59, ,
2, ,59, ,
1, ,59, ,
-1, ,59, ,
2, ,59, ,
1, ,59, ,
-1, ,58, ,
1, ,58, ,
1, ,59, ,
-1, ,58, ,
2, ,58, ,
1, ,59, ,
1, ,58, ,
1, ,58, ,
1, ,59, ,
-1, ,58, ,
2, ,58, ,
1, ,59, ,
-1, ,58, ,
2, ,58, ,
1, ,59, ,
-1, ,58, ,
2, ,58, ,
1, ,59, ,
-1, ,58, ,
1, ,58, ,
1, ,58, ,
-1, ,58, ,
2, ,58, ,
-1, ,59, ,
1, ,58, ,
1, ,58, ,
1, ,59, ,
-1, ,59, ,
2, ,58, ,
-1, ,59, ,
-1, ,58, ,
2, ,58, ,
1, ,58, ,
-1, ,58, ,
2, ,58, ,
-1, ,59, ,
-1, ,58, ,
1, ,58, ,
1, ,58, ,
-1, ,59, ,
2, ,58, ,
1, ,59, ,
-1, ,58, ,
1, ,58, ,
1, ,58, ,
-1, ,58, ,
2, ,58, ,
1, ,59, ,
-1, ,58, ,
1, ,58, ,
-1, ,59, ,
-1, ,58, ,
2, ,58, ,
1, ,59, ,
1, ,58, ,
2, ,58, ,
1, ,58, ,
-1, ,58, ,
1, ,58, ,
1, ,59, ,
1, ,58, ,
1, ,58, ,
-1, ,59, ,
-1, ,58, ,
1, ,58, ,
-1, ,59, ,
-1, ,58, ,
1, ,58, ,
1, ,59, ,
-1, ,58, ,
1, ,58, ,
1, ,59, ,
-1, ,58, ,
1, ,58, ,
-1, ,58, ,
-1, ,58, ,
1, ,58, ,
-1, ,59, ,
1, ,58, ,
2, ,59, ,
1, ,59, ,
-1, ,58, ,
2, ,58, ,
1, ,59, ,
-1, ,58, ,
1, ,58, ,
1, ,59, ,
-1, ,59, ,
82, ,58, ,
54, ,58, ,
32, ,58, ,
22, ,58, ,
13, ,59, ,
8, ,58, ,
7, ,58, ,
5, ,59, ,
3, ,58, ,
3, ,58, ,
2, ,59, ,
2, ,58, ,
3, ,58, ,
2, ,59, ,
2, ,58, ,
2, ,58, ,
2, ,58, ,
2, ,58, ,
3, ,58, ,
2, ,59, ,
2, ,57, ,
3, ,58, ,
2, ,57, ,
1, ,41, ,
3, ,21, ,
2, ,7, ,
1, ,-4, ,
3, ,-12, ,
2, ,-18, ,
1, ,-22, ,
2, ,-25, ,
2, ,-28, ,
2, ,-30, ,
2, ,-32, ,
3, ,-33, ,
1, ,-34, ,
3, ,-34, ,
2, ,-35, ,
2, ,-34, ,
2, ,-35, ,
2, ,-35, ,
1, ,-35, ,
3, ,-35, ,
2, ,-35, ,
2, ,-36, ,
2, ,-35, ,
3, ,-35, ,
1, ,-36, ,
3, ,-35, ,
2, ,-35, ,
2, ,-35, ,
2, ,-35, ,
3, ,-35, ,
1, ,-35, ,
3, ,-35, ,
2, ,-35, ,
2, ,-35, ,
2, ,-35, ,
3, ,-35, ,
1, ,-35, ,
3, ,-35, ,
2, ,-35, ,
2, ,-35, ,
3, ,-35, ,
2, ,-35, ,
1, ,-35, ,
3, ,-35, ,
1, ,-35, ,
2, ,-35, ,
2, ,-35, ,
2, ,-35, ,
1, ,-35, ,
3, ,-35, ,
1, ,-35, ,
2, ,-35, ,
3, ,-35, ,
2, ,-35, ,
1, ,-35, ,
3, ,-35, ,
2, ,-35, ,
2, ,-35, ,
2, ,-35, ,
2, ,-35, ,
1, ,-35, ,
3, ,-35, ,
1, ,-35, ,
2, ,-34, ,
2, ,-35, ,
2, ,-35, ,
1, ,-35, ,
3, ,-35, ,
1, ,-35, ,
2, ,-35, ,
2, ,-35, ,
2, ,-35, ,
1, ,-35, ,
2, ,-35, ,
2, ,-35, ,
2, ,-35, ,
3, ,-35, ,
2, ,-35, ,
1, ,-35, ,
2, ,-35, ,
2, ,-35, ,
1, ,-35, ,
2, ,-35, ,
2, ,-35, ,
1, ,-35, ,
2, ,-34, ,
1, ,-35, ,
1, ,-34, ,
2, ,-35, ,
2, ,-35, ,
1, ,-35, ,
3, ,-35, ,
1, ,-35, ,
2, ,-35, ,
2, ,-35, ,
2, ,-35, ,
1, ,-35, ,
2, ,-34, ,
1, ,-35, ,
2, ,-35, ,
2, ,-35, ,
2, ,-35, ,
1, ,-35, ,
2, ,-35, ,
1, ,-35, ,
2, ,-35, ,
2, ,-35, ,
2, ,-35, ,
1, ,-35, ,
2, ,-35, ,
2, ,-35, ,
2, ,-35, ,
2, ,-35, ,
2, ,-35, ,
1, ,-35, ,
2, ,-34, ,
1, ,-35, ,
1, ,-35, ,
2, ,-35, ,
2, ,-35, ,
1, ,-35, ,
2, ,-34, ,
1, ,-35, ,
1, ,-35, ,
2, ,-35, ,
2, ,-35, ,
1, ,-35, ,
2, ,-35, ,
2, ,-35, ,
1, ,-35, ,
2, ,-35, ,
2, ,-35, ,
1, ,-35, ,
2, ,-34, ,
1, ,-35, ,
1, ,-34, ,
2, ,-35, ,
1, ,-35, ,
1, ,-35, ,
2, ,-35, ,
1, ,-35, ,
2, ,-35, ,
2, ,-35, ,
2, ,-35, ,
1, ,-35, ,
2, ,-34, ,
2, ,-35, ,
2, ,-34, ,
2, ,-35, ,
2, ,-35, ,
1, ,-34, ,
2, ,-34, ,
1, ,-35, ,
1, ,-35, ,
2, ,-35, ,
2, ,-35, ,
1, ,-35, ,
2, ,-34, ,
1, ,-35, ,
2, ,-34, ,
2, ,-35, ,
2, ,-35, ,
1, ,-35, ,
2, ,-34, ,
1, ,-35, ,
2, ,-35, ,
2, ,-35, ,
2, ,-35, ,
1, ,-35, ,
2, ,-34, ,
1, ,-35, ,
1, ,-34, ,
2, ,-35, ,
2, ,-35, ,
1, ,-35, ,
2, ,-34, ,
1, ,-35, ,
1, ,-35, ,
2, ,-35, ,
2, ,-35, ,
1, ,-35, ,
2, ,-34, ,
1, ,-35, ,
2, ,-34, ,
2, ,-35, ,
2, ,-35, ,
1, ,-35, ,
2, ,-35, ,
1, ,-35, ,
1, ,-35, ,
2, ,-35, ,
2, ,-35, ,
1, ,-35, ,
2, ,-34, ,
1, ,-35, ,
2, ,-35, ,
2, ,-35, ,
2, ,-35, ,
1, ,-34, ,
2, ,-35, ,
1, ,-35, ,
2, ,-35, ,
2, ,-35, ,
2, ,-35, ,
1, ,-35, ,
2, ,-34, ,
1, ,-35, ,
1, ,-34, ,
2, ,-35, ,
1, ,-35, ,
1, ,-35, ,
2, ,-34, ,
1, ,-35, ,
1, ,-35, ,
2, ,-35, ,
1, ,-35, ,
1, ,-35, ,
2, ,-34, ,
1, ,-35, ,
1, ,-35, ,
2, ,-35, ,
1, ,-35, ,
-1, ,-35, ,
2, ,-35, ,
1, ,-35, ,
1, ,-35, ,
2, ,-35, ,
1, ,-35, ,
-1, ,-35, ,
2, ,-35, ,
1, ,-35, ,
1, ,-34, ,
2, ,-35, ,
1, ,-35, ,
-1, ,-35, ,
2, ,-35, ,
1, ,-35, ,
1, ,-35, ,
2, ,-35, ,
1, ,-34, ,
1, ,-35, ,
2, ,-34, ,
1, ,-35, ,
1, ,-35, ,
2, ,-35, ,
2, ,-35, ,
-1, ,-35, ,
2, ,-34, ,
1, ,-35, ,
1, ,-35, ,
2, ,-35, ,
2, ,-35, ,
1, ,-35, ,
2, ,-35, ,
1, ,-35, ,
1, ,-34, ,
2, ,-35, ,
2, ,-35, ,
1, ,-35, ,
2, ,-34, ,
1, ,-35, ,
1, ,-35, ,
2, ,-35, ,
1, ,-35, ,
-1, ,-35, ,
2, ,-35, ,
1, ,-35, ,
1, ,-34, ,
2, ,-35, ,
2, ,-35, ,
1, ,-35, ,
2, ,-34, ,
1, ,-35, ,
1, ,-35, ,
2, ,-35, ,
1, ,-34, ,
1, ,-35, ,
2, ,-34, ,
1, ,-35, ,
1, ,-35, ,
2, ,-35, ,
2, ,-35, ,
1, ,-35, ,
2, ,-34, ,
1, ,-35, ,
1, ,-35, ,
2, ,-35, ,
1, ,-35, ,
-1, ,-35, ,
2, ,-35, ,
1, ,-35, ,
2, ,-34, ,
2, ,-35, ,
1, ,-35, ,
-1, ,-35, ,
2, ,-35, ,
1, ,-34, ,
1, ,-35, ,
2, ,-35, ,
2, ,-35, ,
1, ,-35, ,
2, ,-35, ,
1, ,-35, ,
1, ,-34, ,
2, ,-35, ,
2, ,-35, ,
1, ,-35, ,
2, ,-35, ,
1, ,-35, ,
1, ,-34, ,
2, ,-35, ,
1, ,-35, ,
-1, ,-35, ,
2, ,-34, ,
1, ,-35, ,
1, ,-35, ,
2, ,-35, ,
1, ,-35, ,
-1, ,-35, ,
2, ,-34, ,
1, ,-35, ,
1, ,-35, ,
2, ,-35, ,
2, ,-35, ,
-1, ,-35, ,
2, ,-34, ,
1, ,-35, ,
1, ,-34, ,
2, ,-35, ,
1, ,-35, ,
1, ,-35, ,
2, ,-35, ,
1, ,-35, ,
1, ,-35, ,
2, ,-35, ,
1, ,-34, ,
-1, ,-35, ,
1, ,-35, ,
1, ,-35, ,
1, ,-35, ,
1, ,-35, ,
1, ,-35, ,
-1, ,-35, ,
2, ,-35, ,
1, ,-35, ,
1, ,-35, ,
1, ,-35, ,
1, ,-35, ,
-1, ,-35, ,
2, ,-34, ,
1, ,-35, ,
1, ,-35, ,
2, ,-35, ,
2, ,-35, ,
-1, ,-35, ,
2, ,-35, ,
1, ,-35, ,
1, ,-35, ,
2, ,-35, ,
1, ,-35, ,
-1, ,-35, ,
2, ,-35, ,
1, ,-35, ,
1, ,-34, ,
1, ,-35, ,
1, ,-35, ,
-1, ,-35, ,
1, ,-34, ,
1, ,-35, ,
1, ,-35, ,
1, ,-35, ,
26, ,-35, ,
52, ,-35, ,
34, ,-34, ,
20, ,-35, ,
13, ,-35, ,
10, ,-35, ,
7, ,-35, ,
3, ,-34, ,
5, ,-35, ,
2, ,-35, ,
2, ,-35, ,
3, ,-35, ,
2, ,-35, ,
1, ,-35, ,
3, ,-34, ,
2, ,-35, ,
2, ,-34, ,
3, ,-35, ,
3, ,-35, ,
1, ,-35, ,
3, ,-35, ,
2, ,-35, ,
2, ,-35, ,
3, ,-35, ,
2, ,-35, ,
1, ,-35, ,
3, ,-35, ,
2, ,-35, ,
2, ,-35, ,
2, ,-35, ,
3, ,-35, ,
1, ,-34, ,
3, ,-35, ,
2, ,-35, ,
2, ,-35, ,
2, ,-35, ,
3, ,-35, ,
2, ,-35, ,
3, ,-35, ,
2, ,-35, ,
2, ,-35, ,
3, ,-35, ,
3, ,-35, ,
1, ,-35, ,
2, ,-34, ,
2, ,-35, ,
2, ,-35, ,
2, ,-35, ,
3, ,-35, ,
1, ,-35, ,
3, ,-35, ,
2, ,-35, ,
2, ,-35, ,
3, ,-35, ,
2, ,-35, ,
1, ,-35, ,
3, ,-35, ,
1, ,-35, ,
2, ,-35, ,
2, ,-35, ,
3, ,-35, ,
2, ,-35, ,
3, ,-35, ,
1, ,-35, ,
2, ,-35, ,
2, ,-35, ,
3, ,-35, ,
1, ,-35, ,
2, ,-35, ,
2, ,-35, ,
2, ,-35, ,
2, ,-35, ,
2, ,-34, ,
1, ,-35, ,
3, ,-35, ,
2, ,-35, ,
2, ,-35, ,
2, ,-35, ,
2, ,-35, ,
1, ,-34, ,
3, ,-35, ,
1, ,-35, ,
2, ,-35, ,
2, ,-35, ,
2, ,-35, ,
1, ,-35, ,
2, ,-35, ,
1, ,-35, ,
2, ,-35, ,
2, ,-35, ,
2, ,-35, ,
1, ,-35, ,
3, ,-35, ,
2, ,-35, ,
2, ,-35, ,
2, ,-35, ,
2, ,-35, ,
1, ,-35, ,
3, ,-34, ,
1, ,-35, ,
1, ,-35, ,
2, ,-35, ,
2, ,-35, ,
1, ,-35, ,
2, ,-34, ,
2, ,-35, ,
2, ,-35, ,
2, ,-35, ,
2, ,-35, ,
1, ,-35, ,
2, ,-34, ,
1, ,-35, ,
2, ,-35, ,
2, ,-35, ,
2, ,-35, ,
1, ,-35, ,
2, ,-35, ,
1, ,-35, ,
2, ,-35, ,
2, ,-35, ,
2, ,-35, ,
1, ,-35, ,
2, ,-35, ,
1, ,-35, ,
2, ,-35, ,
2, ,-35, ,
2, ,-35, ,
1, ,-35, ,
2, ,-34, ,
2, ,-35, ,
2, ,-35, ,
2, ,-35, ,
2, ,-35, ,
1, ,-35, ,
2, ,-35, ,
1, ,-35, ,
1, ,-35, ,
2, ,-35, ,
2, ,-35, ,
1, ,-35, ,
2, ,-35, ,
1, ,-35, ,
2, ,-35, ,
2, ,-35, ,
2, ,-35, ,
1, ,-35, ,
2, ,-34, ,
1, ,-35, ,
2, ,-35, ,
2, ,-35, ,
2, ,-35, ,
1, ,-34, ,
2, ,-35, ,
2, ,-35, ,
2, ,-35, ,
2, ,-35, ,
2, ,-35, ,
1, ,-35, ,
2, ,-34, ,
1, ,-35, ,
1, ,-35, ,
2, ,-35, ,
2, ,-35, ,
1, ,-35, ,
2, ,-34, ,
1, ,-35, ,
1, ,-35, ,
2, ,-34, ,
2, ,-35, ,
1, ,-35, ,
2, ,-34, ,
1, ,-35, ,
2, ,-35, ,
2, ,-35, ,
2, ,-35, ,
1, ,-35, ,
2, ,-35, ,
1, ,-34, ,
2, ,-35, ,
2, ,-35, ,
2, ,-35, ,
1, ,-35, ,
2, ,-35, ,
1, ,-35, ,
2, ,-35, ,
2, ,-35, ,
2, ,-35, ,
1, ,-35, ,
2, ,-35, ,
1, ,-35, ,
2, ,-35, ,
2, ,-35, ,
2, ,-35, ,
1, ,-35, ,
2, ,-35, ,
1, ,-35, ,
1, ,-35, ,
2, ,-35, ,
2, ,-35, ,
1, ,-35, ,
2, ,-35, ,
1, ,-35, ,
2, ,-35, ,
2, ,-35, ,
2, ,-35, ,
1, ,-35, ,
2, ,-34, ,
1, ,-35, ,
1, ,-35, ,
2, ,-35, ,
2, ,-35, ,
1, ,-35, ,
2, ,-35, ,
1, ,-35, ,
1, ,-35, ,
2, ,-35, ,
2, ,-35, ,
1, ,-35, ,
2, ,-35, ,
1, ,-35, ,
2, ,-35, ,
2, ,-35, ,
1, ,-35, ,
1, ,-35, ,
2, ,-35, ,
2, ,-35, ,
1, ,-35, ,
2, ,-35, ,
2, ,-35, ,
1, ,-35, ,
2, ,-35, ,
1, ,-35, ,
1, ,-35, ,
2, ,-35, ,
2, ,-35, ,
1, ,-35, ,
2, ,-35, ,
1, ,-35, ,
1, ,-35, ,
2, ,-35, ,
2, ,-35, ,
1, ,-35, ,
2, ,-35, ,
1, ,-35, ,
1, ,-35, ,
2, ,-35, ,
1, ,-35, ,
1, ,-35, ,
2, ,-35, ,
1, ,-35, ,
1, ,-35, ,
1, ,-35, ,
1, ,-35, ,
1, ,-35, ,
2, ,-34, ,
1, ,-32, ,
1, ,-14, ,
2, ,4, ,
2, ,18, ,
1, ,28, ,
2, ,37, ,
2, ,42, ,
1, ,46, ,
2, ,50, ,
1, ,53, ,
1, ,55, ,
2, ,55, ,
2, ,57, ,
1, ,57, ,
2, ,57, ,
1, ,58, ,
-1, ,58, ,
2, ,58, ,
1, ,59, ,
1, ,58, ,
2, ,59, ,
1, ,59, ,
1, ,58, ,
2, ,59, ,
1, ,59, ,
1, ,59, ,
2, ,59, ,
1, ,59, ,
1, ,59, ,
2, ,59, ,
1, ,59, ,
1, ,59, ,
2, ,58, ,
1, ,59, ,
-1, ,59, ,
2, ,59, ,
1, ,59, ,
1, ,58, ,
2, ,59, ,
1, ,58, ,
-1, ,58, ,
2, ,59, ,
1, ,59, ,
1, ,58, ,
2, ,59, ,
1, ,59, ,
1, ,58, ,
2, ,58, ,
1, ,59, ,
1, ,58, ,
2, ,58, ,
1, ,59, ,
-1, ,58, ,
2, ,58, ,
1, ,59, ,
1, ,58, ,
2, ,58, ,
1, ,58, ,
-1, ,58, ,
2, ,58, ,
1, ,59, ,
1, ,58, ,
2, ,58, ,
1, ,59, ,
-1, ,58, ,
2, ,59, ,
1, ,59, ,
1, ,58, ,
2, ,59, ,
1, ,59, ,
-1, ,58, ,
2, ,58, ,
1, ,59, ,
1, ,58, ,
2, ,58, ,
1, ,58, ,
-1, ,58, ,
2, ,58, ,
1, ,59, ,
1, ,58, ,
2, ,58, ,
1, ,59, ,
-1, ,58, ,
2, ,58, ,
1, ,59, ,
1, ,58, ,
2, ,58, ,
1, ,58, ,
-1, ,58, ,
2, ,59, ,
1, ,59, ,
1, ,58, ,
2, ,58, ,
1, ,59, ,
-1, ,58, ,
2, ,58, ,
1, ,59, ,
1, ,58, ,
1, ,58, ,
1, ,58, ,
-1, ,58, ,
2, ,58, ,
1, ,59, ,
1, ,58, ,
2, ,58, ,
1, ,59, ,
-1, ,58, ,
2, ,58, ,
1, ,59, ,
1, ,58, ,
2, ,59, ,
1, ,58, ,
-1, ,58, ,
2, ,58, ,
1, ,59, ,
1, ,58, ,
2, ,58, ,
1, ,58, ,
-1, ,58, ,
2, ,58, ,
1, ,59, ,
1, ,58, ,
2, ,58, ,
1, ,58, ,
-1, ,58, ,
2, ,58, ,
1, ,59, ,
1, ,58, ,
1, ,58, ,
1, ,59, ,
-1, ,58, ,
2, ,58, ,
1, ,59, ,
1, ,58, ,
2, ,58, ,
1, ,58, ,
-1, ,58, ,
2, ,58, ,
1, ,59, ,
1, ,58, ,
1, ,58, ,
1, ,59, ,
-1, ,58, ,
2, ,58, ,
1, ,59, ,
1, ,58, ,
2, ,58, ,
1, ,58, ,
-1, ,58, ,
2, ,58, ,
1, ,59, ,
1, ,58, ,
1, ,58, ,
1, ,58, ,
-1, ,58, ,
2, ,46, ,
1, ,26, ,
-1, ,11, ,
1, ,-1, ,
1, ,-9, ,
-1, ,-17, ,
2, ,-21, ,
1, ,-25, ,
1, ,-27, ,
1, ,-30, ,
1, ,-31, ,
-1, ,-33, ,
2, ,-33, ,
1, ,-34, ,
1, ,-34, ,
2, ,-35, ,
2, ,-35, ,
-1, ,-35, ,
2, ,-35, ,
1, ,-35, ,
1, ,-36, ,
1, ,-35, ,
1, ,-36, ,
-1, ,-36, ,
2, ,-35, ,
-1, ,-35, ,
1, ,-35, ,
1, ,-35, ,
1, ,-35, ,
-1, ,-35, ,
2, ,-35, ,
1, ,-35, ,
1, ,-35, ,
2, ,-35, ,
1, ,-35, ,
-1, ,-35, ,
2, ,-35, ,
1, ,-35, ,
1, ,-35, ,
1, ,-35, ,
1, ,-35, ,
-1, ,-35, ,
2, ,-35, ,
1, ,-35, ,
1, ,-35, ,
1, ,-35, ,
2, ,-35, ,
-1, ,-35, ,
2, ,-35, ,
1, ,-35, ,
1, ,-35, ,
1, ,-35, ,
1, ,-35, ,
-1, ,-35, ,
1, ,-35, ,
1, ,-35, ,
1, ,-35, ,
1, ,-35, ,
1, ,-35, ,
-1, ,-35, ,
1, ,-35, ,
1, ,-35, ,
1, ,-35, ,
1, ,-35, ,
1, ,-35, ,
-1, ,-35, ,
2, ,-35, ,
1, ,-35, ,
1, ,-35, ,
1, ,-35, ,
1, ,-35, ,
-1, ,-35, ,
1, ,-35, ,
-1, ,-35, ,
1, ,-35, ,
1, ,-35, ,
2, ,-35, ,
-1, ,-35, ,
2, ,-35, ,
1, ,-35, ,
1, ,-35, ,
1, ,-35, ,
2, ,-35, ,
-1, ,-35, ,
2, ,-35, ,
1, ,-35, ,
1, ,-35, ,
1, ,-35, ,
1, ,-35, ,
-1, ,-35, ,
1, ,-35, ,
1, ,-35, ,
1, ,-35, ,
1, ,-35, ,
1, ,-35, ,
-1, ,-35, ,
2, ,-35, ,
1, ,-35, ,
1, ,-35, ,
1, ,-35, ,
2, ,-35, ,
-1, ,-35, ,
1, ,-35, ,
1, ,-35, ,
1, ,-35, ,
1, ,-35, ,
1, ,-35, ,
-1, ,-35, ,
2, ,-35, ,
-1, ,-35, ,
1, ,-35, ,
2, ,-35, ,
1, ,-35, ,
-1, ,-35, ,
1, ,-34, ,
1, ,-35, ,
1, ,-35, ,
1, ,-35, ,
1, ,-35, ,
-1, ,-35, ,
1, ,-34, ,
1, ,-35, ,
1, ,-35, ,
2, ,-35, ,
2, ,-35, ,
-1, ,-35, ,
1, ,-35, ,
1, ,-35, ,
1, ,-35, ,
1, ,-35, ,
1, ,-35, ,
-1, ,-35, ,
2, ,-34, ,
1, ,-35, ,
1, ,-35, ,
2, ,-35, ,
1, ,-35, ,
-1, ,-35, ,
2, ,-35, ,
1, ,-35, ,
1, ,-35, ,
1, ,-35, ,
1, ,-35, ,
-1, ,-35, ,
1, ,-34, ,
1, ,-35, ,
1, ,-34, ,
1, ,-35, ,
1, ,-35, ,
-1, ,-35, ,
1, ,-35, ,
1, ,-35, ,
1, ,-35, ,
1, ,-35, ,
1, ,-35, ,
-1, ,-35, ,
2, ,-35, ,
1, ,-35, ,
1, ,-35, ,
1, ,-35, ,
2, ,-35, ,
-1, ,-35, ,
1, ,-34, ,
1, ,-35, ,
1, ,-35, ,
1, ,-35, ,
1, ,-35, ,
-1, ,-35, ,
1, ,-35, ,
1, ,-35, ,
1, ,-35, ,
1, ,-35, ,
1, ,-35, ,
1, ,-35, ,
1, ,-34, ,
1, ,-35, ,
1, ,-35, ,
1, ,-35, ,
1, ,-35, ,
-1, ,-35, ,
1, ,-34, ,
-1, ,-35, ,
1, ,-35, ,
1, ,-35, ,
1, ,-35, ,
-1, ,-35, ,
2, ,-35, ,
1, ,-35, ,
1, ,-35, ,
1, ,-35, ,
1, ,-35, ,
-1, ,-35, ,
1, ,-35, ,
1, ,-35, ,
1, ,-34, ,
1, ,-35, ,
1, ,-35, ,
-1, ,-35, ,
1, ,-35, ,
1, ,-35, ,
1, ,-35, ,
1, ,-35, ,
1, ,-35, ,
-1, ,-35, ,
2, ,-35, ,
-1, ,-35, ,
1, ,-35, ,
1, ,-35, ,
1, ,-35, ,
-1, ,-35, ,
1, ,-35, ,
1, ,-35, ,
1, ,-35, ,
1, ,-35, ,
1, ,-35, ,
-1, ,-35, ,
1, ,-35, ,
-1, ,-35, ,
1, ,-34, ,
1, ,-35, ,
1, ,-35, ,
-1, ,-35, ,
1, ,-34, ,
-1, ,-35, ,
-1, ,-35, ,
1, ,-35, ,
1, ,-35, ,
-1, ,-35, ,
1, ,-34, ,
-1, ,-35, ,
-1, ,-34, ,
1, ,-35, ,
1, ,-35, ,
-1, ,-35, ,
1, ,-35, ,
1, ,-35, ,
-1, ,-35, ,
1, ,-35, ,
1, ,-35, ,
-1, ,-35, ,
1, ,-35, ,
-1, ,-35, ,
1, ,-34, ,
1, ,-35, ,
1, ,-34, ,
-1, ,-35, ,
1, ,-35, ,
-1, ,-35, ,
1, ,-35, ,
1, ,-35, ,
1, ,-35, ,
-1, ,-35, ,
1, ,-34, ,
-1, ,-35, ,
1, ,-35, ,
1, ,-35, ,
1, ,-35, ,
-1, ,-35, ,
1, ,-35, ,
1, ,-35, ,
1, ,-35, ,
1, ,-35, ,
1, ,-35, ,
-1, ,-35, ,
1, ,-35, ,
1, ,-35, ,
1, ,-35, ,
1, ,-35, ,
1, ,-35, ,
-1, ,-35, ,
1, ,-35, ,
1, ,-35, ,
1, ,-35, ,
2, ,-35, ,
2, ,-35, ,
-1, ,-35, ,
1, ,-34, ,
1, ,-35, ,
1, ,-35, ,
1, ,-35, ,
1, ,-35, ,
-1, ,-35, ,
1, ,-35, ,
1, ,-35, ,
1, ,-35, ,
1, ,-35, ,
1, ,-35, ,
-1, ,-35, ,
1, ,-35, ,
1, ,-35, ,
1, ,-35, ,
1, ,-35, ,
1, ,-35, ,
-1, ,-35, ,
1, ,-34, ,
1, ,-35, ,
1, ,-35, ,
1, ,-35, ,
1, ,-35, ,
-1, ,-35, ,
2, ,-34, ,
1, ,-35, ,
1, ,-34, ,
1, ,-35, ,
1, ,-35, ,
-1, ,-35, ,
1, ,-35, ,
1, ,-35, ,
1, ,-35, ,
1, ,-35, ,
2, ,-35, ,
-1, ,-35, ,
2, ,-34, ,
-1, ,-35, ,
1, ,-34, ,
1, ,-35, ,
1, ,-35, ,
-1, ,-35, ,
1, ,-35, ,
1, ,-35, ,
1, ,-35, ,
1, ,-35, ,
1, ,-35, ,
-1, ,-35, ,
1, ,-35, ,
-1, ,-35, ,
1, ,-35, ,
1, ,-35, ,
1, ,-35, ,
-1, ,-35, ,
1, ,-35, ,
-1, ,-35, ,
1, ,-35, ,
1, ,-35, ,
1, ,-35, ,
-1, ,-35, ,
1, ,-35, ,
-1, ,-35, ,
1, ,-35, ,
1, ,-34, ,
1, ,-35, ,
-1, ,-35, ,
1, ,-34, ,
-1, ,-35, ,
1, ,-35, ,
1, ,-34, ,
1, ,-35, ,
-1, ,-35, ,
1, ,-35, ,
-1, ,-35, ,
-1, ,-34, ,
1, ,-35, ,
2, ,-35, ,
-1, ,-35, ,
1, ,-35, ,
-1, ,-35, ,
-1, ,-35, ,
1, ,-35, ,
1, ,-35, ,
-1, ,-35, ,
1, ,-35, ,
-1, ,-35, ,
-1, ,-34, ,
1, ,-35, ,
1, ,-35, ,
-1, ,-35, ,
1, ,-34, ,
-1, ,-35, ,
1, ,-35, ,
1, ,-35, ,
1, ,-35, ,
-1, ,-35, ,
1, ,-35, ,
-1, ,-35, ,
-1, ,-34, ,
1, ,-35, ,
1, ,-35, ,
-1, ,-34, ,
1, ,-35, ,
-1, ,-34, ,
1, ,-35, ,
1, ,-35, ,
1, ,-35, ,
-1, ,-35, ,
1, ,-34, ,
-1, ,-35, ,
-1, ,-35, ,
1, ,-35, ,
1, ,-35, ,
-1, ,-35, ,
1, ,-35, ,
1, ,-35, ,
-1, ,-35, ,
1, ,-35, ,
2, ,-35, ,
-1, ,-35, ,
2, ,-35, ,
-1, ,-35, ,
1, ,-35, ,
1, ,-35, ,
1, ,-35, ,
-1, ,-35, ,
1, ,-34, ,
-1, ,-35, ,
1, ,-35, ,
1, ,-35, ,
1, ,-35, ,
-1, ,-35, ,
1, ,-35, ,
-1, ,-35, ,
-1, ,-35, ,
1, ,-35, ,
1, ,-35, ,
-1, ,-35, ,
1, ,-34, ,
1, ,-35, ,
-1, ,-35, ,
1, ,-35, ,
1, ,-35, ,
-1, ,-35, ,
2, ,-35, ,
1, ,-35, ,
1, ,-35, ,
1, ,-35, ,
1, ,-35, ,
-1, ,-35, ,
1, ,-35, ,
-1, ,-35, ,
1, ,-35, ,
1, ,-35, ,
1, ,-35, ,
-1, ,-35, ,
1, ,-34, ,
-1, ,-35, ,
1, ,-35, ,
1, ,-35, ,
1, ,-35, ,
-1, ,-35, ,
1, ,-35, ,
1, ,-35, ,
-1, ,-35, ,
1, ,-35, ,
1, ,-35, ,
-1, ,-35, ,
2, ,-35, ,
-1, ,-35, ,
74, ,-34, ,
48, ,-35, ,
30, ,-35, ,
18, ,-35, ,
13, ,-35, ,
8, ,-35, ,
6, ,-35, ,
5, ,-35, ,
3, ,-35, ,
2, ,-35, ,
3, ,-34, ,
2, ,-35, ,
2, ,-35, ,
3, ,-35, ,
3, ,-35, ,
2, ,-35, ,
2, ,-35, ,
2, ,-35, ,
2, ,-35, ,
3, ,-35, ,
3, ,-35, ,
1, ,-35, ,
3, ,-35, ,
2, ,-35, ,
2, ,-35, ,
2, ,-35, ,
3, ,-35, ,
1, ,-35, ,
3, ,-35, ,
2, ,-35, ,
2, ,-35, ,
2, ,-35, ,
3, ,-35, ,
1, ,-35, ,
3, ,-35, ,
2, ,-35, ,
2, ,-34, ,
2, ,-35, ,
2, ,-35, ,
2, ,-35, ,
3, ,-35, ,
2, ,-35, ,
2, ,-35, ,
2, ,-35, ,
3, ,-35, ,
1, ,-35, ,
3, ,-34, ,
2, ,-35, ,
2, ,-34, ,
2, ,-35, ,
3, ,-35, ,
1, ,-35, ,
3, ,-35, ,
2, ,-35, ,
2, ,-35, ,
2, ,-35, ,
3, ,-35, ,
1, ,-35, ,
2, ,-34, ,
2, ,-35, ,
2, ,-34, ,
3, ,-35, ,
3, ,-35, ,
1, ,-35, ,
3, ,-34, ,
1, ,-35, ,
2, ,-35, ,
2, ,-35, ,
2, ,-34, ,
1, ,-35, ,
3, ,-34, ,
2, ,-35, ,
2, ,-35, ,
2, ,-35, ,
2, ,-35, ,
1, ,-35, ,
3, ,-34, ,
2, ,-35, ,
2, ,-35, ,
2, ,-35, ,
2, ,-35, ,
1, ,-35, ,
2, ,-35, ,
2, ,-35, ,
2, ,-35, ,
2, ,-35, ,
2, ,-35, ,
1, ,-35, ,
3, ,-35, ,
1, ,-35, ,
2, ,-35, ,
2, ,-35, ,
2, ,-35, ,
1, ,-35, ,
3, ,-34, ,
2, ,-35, ,
2, ,-35, ,
2, ,-35, ,
2, ,-35, ,
1, ,-34, ,
3, ,-35, ,
2, ,-35, ,
2, ,-35, ,
2, ,-35, ,
2, ,-35, ,
1, ,-35, ,
3, ,-35, ,
2, ,-35, ,
1, ,-35, ,
2, ,-35, ,
2, ,-35, ,
1, ,-35, ,
2, ,-35, ,
2, ,-35, ,
2, ,-34, ,
2, ,-35, ,
2, ,-35, ,
1, ,-35, ,
3, ,-35, ,
1, ,-35, ,
2, ,-34, ,
2, ,-35, ,
2, ,-35, ,
1, ,-35, ,
2, ,-35, ,
1, ,-35, ,
2, ,-35, ,
2, ,-35, ,
2, ,-35, ,
1, ,-35, ,
3, ,-35, ,
2, ,-35, ,
2, ,-35, ,
2, ,-35, ,
2, ,-35, ,
1, ,-35, ,
2, ,-35, ,
1, ,-35, ,
2, ,-35, ,
2, ,-35, ,
2, ,-35, ,
1, ,-35, ,
2, ,-34, ,
1, ,-35, ,
2, ,-35, ,
2, ,-35, ,
2, ,-35, ,
1, ,-35, ,
2, ,-35, ,
1, ,-35, ,
2, ,-35, ,
2, ,-35, ,
2, ,-35, ,
1, ,-35, ,
2, ,-34, ,
1, ,-35, ,
2, ,-34, ,
2, ,-35, ,
2, ,-35, ,
1, ,-35, ,
2, ,-35, ,
1, ,-35, ,
2, ,-35, ,
2, ,-35, ,
2, ,-35, ,
1, ,-35, ,
2, ,-34, ,
1, ,-35, ,
2, ,-35, ,
2, ,-35, ,
2, ,-35, ,
1, ,-35, ,
2, ,-34, ,
1, ,-35, ,
2, ,-35, ,
2, ,-35, ,
2, ,-35, ,
1, ,-35, ,
2, ,-35, ,
1, ,-35, ,
1, ,-34, ,
2, ,-20, ,
2, ,0, ,
1, ,15, ,
2, ,25, ,
1, ,35, ,
2, ,40, ,
2, ,45, ,
2, ,50, ,
1, ,52, ,
2, ,53, ,
1, ,56, ,
2, ,56, ,
2, ,57, ,
1, ,57, ,
1, ,58, ,
2, ,58, ,
2, ,59, ,
1, ,58, ,
2, ,58, ,
1, ,58, ,
1, ,58, ,
2, ,59, ,
1, ,59, ,
1, ,58, ,
2, ,58, ,
1, ,59, ,
1, ,59, ,
2, ,59, ,
1, ,59, ,
1, ,59, ,
2, ,58, ,
1, ,59, ,
1, ,59, ,
2, ,58, ,
1, ,59, ,
1, ,58, ,
2, ,59, ,
2, ,59, ,
-1, ,59, ,
2, ,58, ,
1, ,59, ,
2, ,58, ,
2, ,58, ,
1, ,59, ,
1, ,59, ,
2, ,58, ,
1, ,59, ,
1, ,58, ,
2, ,58, ,
2, ,58, ,
1, ,58, ,
2, ,58, ,
1, ,59, ,
1, ,58, ,
2, ,58, ,
1, ,59, ,
1, ,59, ,
2, ,58, ,
1, ,59, ,
1, ,58, ,
2, ,58, ,
1, ,58, ,
1, ,58, ,
2, ,58, ,
1, ,59, ,
1, ,58, ,
2, ,58, ,
1, ,59, ,
1, ,58, ,
2, ,58, ,
1, ,59, ,
1, ,58, ,
2, ,58, ,
1, ,58, ,
1, ,58, ,
2, ,58, ,
1, ,59, ,
1, ,58, ,
2, ,58, ,
1, ,59, ,
1, ,58, ,
2, ,59, ,
1, ,59, ,
1, ,58, ,
2, ,58, ,
1, ,59, ,
-1, ,58, ,
2, ,58, ,
1, ,59, ,
1, ,58, ,
2, ,58, ,
1, ,58, ,
1, ,58, ,
2, ,58, ,
1, ,59, ,
1, ,58, ,
2, ,58, ,
1, ,58, ,
-1, ,58, ,
2, ,58, ,
1, ,59, ,
1, ,58, ,
2, ,58, ,
1, ,59, ,
-1, ,59, ,
2, ,58, ,
1, ,59, ,
1, ,58, ,
2, ,58, ,
1, ,58, ,
-1, ,58, ,
2, ,58, ,
1, ,59, ,
1, ,58, ,
2, ,58, ,
1, ,59, ,
1, ,58, ,
2, ,58, ,
1, ,59, ,
1, ,58, ,
2, ,58, ,
1, ,58, ,
-1, ,58, ,
2, ,58, ,
1, ,59, ,
1, ,58, ,
2, ,58, ,
1, ,59, ,
1, ,58, ,
2, ,58, ,
1, ,59, ,
1, ,58, ,
2, ,58, ,
1, ,58, ,
-1, ,58, ,
2, ,58, ,
1, ,59, ,
1, ,58, ,
1, ,58, ,
1, ,58, ,
-1, ,58, ,
2, ,58, ,
1, ,59, ,
1, ,58, ,
2, ,58, ,
1, ,58, ,
-1, ,58, ,
2, ,58, ,
1, ,59, ,
1, ,58, ,
2, ,58, ,
1, ,58, ,
-1, ,58, ,
2, ,58, ,
1, ,52, ,
1, ,32, ,
1, ,15, ,
1, ,2, ,
-1, ,-7, ,
2, ,-15, ,
1, ,-20, ,
1, ,-23, ,
1, ,-27, ,
1, ,-30, ,
21, ,-31, ,
49, ,-32, ,
31, ,-33, ,
20, ,-34, ,
13, ,-35, ,
10, ,-35, ,
5, ,-35, ,
5, ,-35, ,
3, ,-35, ,
2, ,-36, ,
3, ,-35, ,
2, ,-35, ,
2, ,-35, ,
3, ,-35, ,
1, ,-36, ,
2, ,-35, ,
3, ,-35, ,
3, ,-35, ,
1, ,-35, ,
3, ,-35, ,
2, ,-35, ,
2, ,-35, ,
3, ,-35, ,
2, ,-35, ,
1, ,-35, ,
3, ,-35, ,
2, ,-36, ,
2, ,-35, ,
3, ,-35, ,
3, ,-35, ,
1, ,-35, ,
3, ,-35, ,
2, ,-35, ,
2, ,-35, ,
2, ,-35, ,
3, ,-35, ,
1, ,-35, ,
3, ,-35, ,
2, ,-35, ,
2, ,-35, ,
2, ,-35, ,
3, ,-35, ,
1, ,-35, ,
3, ,-35, ,
2, ,-35, ,
2, ,-35, ,
3, ,-35, ,
3, ,-35, ,
2, ,-35, ,
3, ,-35, ,
2, ,-35, ,
2, ,-34, ,
2, ,-35, ,
3, ,-35, ,
1, ,-35, ,
3, ,-35, ,
1, ,-35, ,
2, ,-35, ,
3, ,-35, ,
2, ,-35, ,
1, ,-35, ,
3, ,-35, ,
2, ,-35, ,
2, ,-35, ,
2, ,-35, ,
2, ,-35, ,
1, ,-34, ,
3, ,-35, ,
2, ,-35, ,
2, ,-35, ,
2, ,-35, ,
2, ,-35, ,
1, ,-35, ,
3, ,-35, ,
2, ,-35, ,
2, ,-34, ,
2, ,-35, ,
2, ,-35, ,
1, ,-35, ,
2, ,-35, ,
2, ,-35, ,
2, ,-35, ,
2, ,-35, ,
3, ,-35, ,
1, ,-35, ,
2, ,-35, ,
1, ,-35, ,
2, ,-35, ,
2, ,-35, ,
2, ,-35, ,
1, ,-35, ,
2, ,-35, ,
1, ,-35, ,
2, ,-35, ,
2, ,-35, ,
2, ,-35, ,
1, ,-35, ,
2, ,-35, ,
2, ,-35, ,
2, ,-34, ,
2, ,-35, ,
2, ,-35, ,
1, ,-35, ,
2, ,-35, ,
1, ,-35, ,
2, ,-35, ,
2, ,-35, ,
2, ,-35, ,
1, ,-35, ,
2, ,-34, ,
1, ,-35, ,
2, ,-35, ,
2, ,-35, ,
2, ,-35, ,
1, ,-35, ,
2, ,-34, ,
1, ,-35, ,
2, ,-35, ,
2, ,-35, ,
2, ,-35, ,
1, ,-35, ,
2, ,-34, ,
2, ,-35, ,
2, ,-35, ,
2, ,-35, ,
2, ,-35, ,
1, ,-35, ,
2, ,-35, ,
1, ,-35, ,
2, ,-35, ,
2, ,-35, ,
2, ,-35, ,
1, ,-35, ,
2, ,-35, ,
2, ,-35, ,
2, ,-35, ,
2, ,-35, ,
2, ,-35, ,
1, ,-35, ,
2, ,-34, ,
1, ,-34, ,
2, ,-35, ,
2, ,-35, ,
2, ,-35, ,
1, ,-35, ,
2, ,-35, ,
1, ,-35, ,
2, ,-35, ,
2, ,-35, ,
2, ,-35, ,
1, ,-35, ,
2, ,-35, ,
2, ,-35, ,
2, ,-35, ,
2, ,-35, ,
2, ,-35, ,
1, ,-35, ,
2, ,-34, ,
1, ,-35, ,
2, ,-34, ,
2, ,-35, ,
2, ,-35, ,
1, ,-35, ,
2, ,-34, ,
2, ,-35, ,
2, ,-35, ,
2, ,-35, ,
2, ,-35, ,
1, ,-35, ,
2, ,-35, ,
1, ,-35, ,
1, ,-34, ,
2, ,-35, ,
2, ,-35, ,
1, ,-35, ,
2, ,-35, ,
2, ,-35, ,
2, ,-35, ,
2, ,-35, ,
2, ,-35, ,
1, ,-35, ,
2, ,-35, ,
1, ,-35, ,
1, ,-35, ,
2, ,-35, ,
2, ,-35, ,
1, ,-35, ,
2, ,-34, ,
2, ,-35, ,
1, ,-35, ,
2, ,-35, ,
2, ,-35, ,
1, ,-35, ,
2, ,-34, ,
1, ,-35, ,
1, ,-35, ,
2, ,-35, ,
1, ,-35, ,
1, ,-35, ,
2, ,-35, ,
1, ,-35, ,
2, ,-35, ,
2, ,-35, ,
2, ,-34, ,
1, ,-35, ,
2, ,-34, ,
1, ,-35, ,
1, ,-35, ,
2, ,-35, ,
2, ,-35, ,
1, ,-35, ,
2, ,-35, ,
1, ,-35, ,
2, ,-35, ,
2, ,-35, ,
2, ,-35, ,
1, ,-35, ,
2, ,-34, ,
1, ,-35, ,
1, ,-35, ,
2, ,-35, ,
2, ,-35, ,
1, ,-35, ,
2, ,-34, ,
1, ,-35, ,
1, ,-35, ,
2, ,-35, ,
2, ,-35, ,
1, ,-35, ,
2, ,-35, ,
1, ,-35, ,
1, ,-35, ,
2, ,-35, ,
1, ,-35, ,
1, ,-35, ,
2, ,-34, ,
1, ,-35, ,
1, ,-35, ,
2, ,-35, ,
2, ,-35, ,
1, ,-35, ,
2, ,-34, ,
1, ,-35, ,
1, ,-35, ,
2, ,-34, ,
1, ,-35, ,
-1, ,-35, ,
2, ,-35, ,
1, ,-35, ,
1, ,-35, ,
2, ,-35, ,
2, ,-34, ,
1, ,-35, ,
2, ,-35, ,
1, ,-35, ,
2, ,-35, ,
2, ,-35, ,
2, ,-35, ,
1, ,-35, ,
2, ,-34, ,
1, ,-35, ,
1, ,-35, ,
2, ,-35, ,
2, ,-34, ,
1, ,-35, ,
2, ,-35, ,
1, ,-35, ,
1, ,-35, ,
2, ,-35, ,
2, ,-35, ,
1, ,-35, ,
2, ,-34, ,
1, ,-35, ,
1, ,-35, ,
2, ,-35, ,
2, ,-35, ,
1, ,-35, ,
2, ,-34, ,
1, ,-35, ,
1, ,-35, ,
2, ,-35, ,
1, ,-35, ,
1, ,-35, ,
2, ,-35, ,
1, ,-35, ,
2, ,-35, ,
2, ,-35, ,
1, ,-35, ,
1, ,-35, ,
2, ,-35, ,
1, ,-35, ,
1, ,-35, ,
2, ,-35, ,
1, ,-35, ,
-1, ,-35, ,
2, ,-35, ,
1, ,-35, ,
2, ,-35, ,
2, ,-35, ,
1, ,-35, ,
1, ,-35, ,
2, ,-35, ,
1, ,-35, ,
1, ,-35, ,
2, ,-35, ,
2, ,-35, ,
1, ,-35, ,
2, ,-34, ,
1, ,-35, ,
1, ,-35, ,
2, ,-35, ,
2, ,-35, ,
1, ,-35, ,
2, ,-35, ,
1, ,-34, ,
1, ,-34, ,
2, ,-35, ,
1, ,-35, ,
1, ,-35, ,
2, ,-35, ,
1, ,-35, ,
1, ,-35, ,
2, ,-35, ,
2, ,-35, ,
1, ,-35, ,
2, ,-35, ,
1, ,-35, ,
1, ,-35, ,
2, ,-35, ,
1, ,-35, ,
-1, ,-34, ,
2, ,-34, ,
1, ,-35, ,
1, ,-35, ,
2, ,-35, ,
1, ,-35, ,
-1, ,-35, ,
2, ,-35, ,
1, ,-35, ,
1, ,-35, ,
2, ,-35, ,
1, ,-35, ,
-1, ,-35, ,
2, ,-35, ,
1, ,-35, ,
1, ,-35, ,
2, ,-35, ,
1, ,-35, ,
-1, ,-35, ,
2, ,-34, ,
1, ,-35, ,
1, ,-35, ,
2, ,-35, ,
1, ,-35, ,
-1, ,-35, ,
2, ,-34, ,
1, ,-35, ,
1, ,-35, ,
2, ,-35, ,
1, ,-35, ,
-1, ,-35, ,
2, ,-35, ,
1, ,-35, ,
1, ,-35, ,
2, ,-35, ,
1, ,-35, ,
-1, ,-35, ,
2, ,-35, ,
1, ,-35, ,
1, ,-35, ,
1, ,-35, ,
1, ,-34, ,
1, ,-35, ,
2, ,-35, ,
1, ,-35, ,
1, ,-35, ,
2, ,-35, ,
2, ,-35, ,
-1, ,-34, ,
2, ,-34, ,
1, ,-35, ,
1, ,-35, ,
2, ,-35, ,
1, ,-35, ,
-1, ,-35, ,
2, ,-34, ,
1, ,-35, ,
1, ,-35, ,
1, ,-35, ,
1, ,-35, ,
-1, ,-34, ,
2, ,-35, ,
1, ,-35, ,
1, ,-35, ,
2, ,-35, ,
1, ,-35, ,
-1, ,-35, ,
2, ,-35, ,
1, ,-35, ,
1, ,-35, ,
2, ,-35, ,
1, ,-35, ,
-1, ,-35, ,
2, ,-35, ,
1, ,-35, ,
1, ,-35, ,
2, ,-35, ,
1, ,-35, ,
1, ,-35, ,
2, ,-35, ,
1, ,-35, ,
1, ,-35, ,
2, ,-35, ,
1, ,-35, ,
-1, ,-35, ,
2, ,-35, ,
1, ,-34, ,
1, ,-35, ,
2, ,-35, ,
1, ,-34, ,
-1, ,-35, ,
2, ,-34, ,
1, ,-35, ,
1, ,-35, ,
2, ,-35, ,
1, ,-35, ,
-1, ,-34, ,
2, ,-35, ,
1, ,-35, ,
1, ,-35, ,
2, ,-35, ,
1, ,-35, ,
-1, ,-35, ,
2, ,-35, ,
1, ,-35, ,
1, ,-35, ,
2, ,-35, ,
1, ,-35, ,
-1, ,-35, ,
2, ,-35, ,
1, ,-35, ,
1, ,-35, ,
1, ,-35, ,
1, ,-35, ,
-1, ,-35, ,
2, ,-34, ,
1, ,-35, ,
1, ,-35, ,
1, ,-35, ,
1, ,-35, ,
-1, ,-35, ,
1, ,-35, ,
1, ,-35, ,
1, ,-35, ,
1, ,-35, ,
1, ,-35, ,
-1, ,-35, ,
2, ,-34, ,
-1, ,-35, ,
1, ,-34, ,
1, ,-35, ,
1, ,-35, ,
-1, ,-34, ,
1, ,-34, ,
1, ,-35, ,
1, ,-35, ,
1, ,-35, ,
1, ,-35, ,
-1, ,-35, ,
1, ,-35, ,
1, ,-35, ,
1, ,-35, ,
1, ,-35, ,
1, ,-35, ,
-1, ,-35, ,
1, ,-35, ,
1, ,-35, ,
1, ,-35, ,
1, ,-35, ,
1, ,-35, ,
-1, ,-35, ,
1, ,-35, ,
-1, ,-35, ,
1, ,-35, ,
1, ,-35, ,
1, ,-35, ,
-1, ,-35, ,
1, ,-35, ,
1, ,-35, ,
1, ,-35, ,
1, ,-35, ,
1, ,-35, ,
-1, ,-35, ,
1, ,-34, ,
-1, ,-35, ,
1, ,-35, ,
1, ,-35, ,
1, ,-35, ,
-1, ,-35, ,
1, ,-35, ,
1, ,-35, ,
1, ,-35, ,
1, ,-35, ,
1, ,-35, ,
-1, ,-35, ,
2, ,-35, ,
-1, ,-35, ,
1, ,-35, ,
1, ,-35, ,
1, ,-35, ,
-1, ,-35, ,
2, ,-35, ,
1, ,-35, ,
1, ,-35, ,
1, ,-35, ,
1, ,-35, ,
-1, ,-35, ,
2, ,-34, ,
1, ,-35, ,
1, ,-35, ,
1, ,-35, ,
1, ,-35, ,
-1, ,-35, ,
1, ,-35, ,
1, ,-35, ,
1, ,-35, ,
1, ,-35, ,
2, ,-35, ,
-1, ,-35, ,
1, ,-35, ,
1, ,-35, ,
1, ,-35, ,
1, ,-35, ,
1, ,-35, ,
-1, ,-35, ,
2, ,-35, ,
1, ,-35, ,
1, ,-35, ,
1, ,-35, ,
1, ,-35, ,
-1, ,-35, ,
2, ,-35, ,
1, ,-35, ,
1, ,-35, ,
1, ,-35, ,
2, ,-35, ,
-1, ,-35, ,
1, ,-35, ,
1, ,-35, ,
1, ,-35, ,
1, ,-35, ,
1, ,-35, ,
-1, ,-35, ,
2, ,-35, ,
1, ,-35, ,
1, ,-35, ,
1, ,-35, ,
2, ,-35, ,
-1, ,-35, ,
2, ,-35, ,
1, ,-35, ,
1, ,-35, ,
1, ,-35, ,
1, ,-35, ,
-1, ,-35, ,
2, ,-35, ,
1, ,-35, ,
1, ,-35, ,
1, ,-35, ,
1, ,-35, ,
-1, ,-35, ,
2, ,-34, ,
1, ,-35, ,
1, ,-35, ,
1, ,-35, ,
1, ,-35, ,
-1, ,-35, ,
1, ,-34, ,
1, ,-35, ,
1, ,-35, ,
1, ,-35, ,
1, ,-35, ,
-1, ,-35, ,
1, ,-35, ,
1, ,-35, ,
1, ,-35, ,
1, ,-35, ,
1, ,-35, ,
-1, ,-35, ,
1, ,-35, ,
-1, ,-35, ,
1, ,-35, ,
2, ,-35, ,
1, ,-35, ,
-1, ,-35, ,
1, ,-35, ,
1, ,-35, ,
1, ,-35, ,
1, ,-35, ,
1, ,-35, ,
-1, ,-35, ,
2, ,-35, ,
-1, ,-35, ,
1, ,-35, ,
1, ,-35, ,
1, ,-35, ,
-1, ,-35, ,
1, ,-35, ,
1, ,-35, ,
1, ,-35, ,
1, ,-35, ,
1, ,-35, ,
-1, ,-35, ,
1, ,-34, ,
-1, ,-35, ,
1, ,-35, ,
1, ,-35, ,
1, ,-24, ,
-1, ,-4, ,
2, ,12, ,
1, ,23, ,
1, ,33, ,
1, ,40, ,
1, ,44, ,
-1, ,49, ,
1, ,51, ,
1, ,54, ,
1, ,55, ,
1, ,56, ,
1, ,57, ,
-1, ,57, ,
2, ,58, ,
-1, ,59, ,
1, ,58, ,
1, ,58, ,
1, ,59, ,
-1, ,58, ,
2, ,59, ,
1, ,59, ,
-1, ,59, ,
12, ,59, ,
64, ,59, ,
40, ,59, ,
26, ,59, ,
16, ,59, ,
10, ,59, ,
8, ,59, ,
6, ,59, ,
3, ,59, ,
5, ,59, ,
2, ,59, ,
2, ,58, ,
3, ,59, ,
2, ,59, ,
1, ,58, ,
3, ,59, ,
2, ,59, ,
2, ,58, ,
3, ,58, ,
2, ,59, ,
1, ,58, ,
3, ,58, ,
2, ,59, ,
2, ,59, ,
3, ,58, ,
2, ,59, ,
2, ,58, ,
3, ,59, ,
2, ,59, ,
2, ,58, ,
3, ,58, ,
2, ,58, ,
1, ,59, ,
3, ,58, ,
2, ,59, ,
2, ,58, ,
3, ,59, ,
2, ,59, ,
1, ,58, ,
3, ,58, ,
2, ,59, ,
2, ,58, ,
3, ,58, ,
2, ,59, ,
1, ,58, ,
3, ,58, ,
2, ,59, ,
1, ,58, ,
2, ,58, ,
2, ,58, ,
1, ,58, ,
3, ,58, ,
2, ,59, ,
2, ,58, ,
3, ,58, ,
2, ,59, ,
1, ,58, ,
3, ,58, ,
2, ,59, ,
2, ,58, ,
2, ,58, ,
2, ,58, ,
1, ,58, ,
3, ,58, ,
2, ,59, ,
2, ,58, ,
2, ,58, ,
2, ,58, ,
1, ,58, ,
2, ,58, ,
2, ,59, ,
2, ,58, ,
2, ,59, ,
2, ,59, ,
1, ,58, ,
2, ,58, ,
1, ,59, ,
2, ,58, ,
2, ,58, ,
2, ,59, ,
1, ,58, ,
3, ,58, ,
2, ,59, ,
2, ,58, ,
2, ,58, ,
2, ,58, ,
1, ,58, ,
2, ,58, ,
2, ,59, ,
1, ,58, ,
2, ,58, ,
2, ,59, ,
1, ,58, ,
3, ,58, ,
18, ,59, ,
16, ,58, ,
12, ,58, ,
8, ,58, ,
5, ,58, ,
6, ,58, ,
3, ,59, ,
2, ,57, ,
3, ,58, ,
2, ,59, ,
1, ,58, ,
3, ,58, ,
2, ,59, ,
2, ,58, ,
3, ,58, ,
3, ,58, ,
1, ,58, ,
3, ,58, ,
2, ,59, ,
2, ,58, ,
3, ,58, ,
3, ,58, ,
1, ,58, ,
3, ,58, ,
2, ,59, ,
2, ,58, ,
3, ,58, ,
2, ,58, ,
1, ,58, ,
3, ,58, ,
2, ,59, ,
2, ,58, ,
3, ,58, ,
2, ,59, ,
1, ,58, ,
3, ,58, ,
2, ,59, ,
2, ,55, ,
2, ,37, ,
2, ,18, ,
1, ,5, ,
3, ,-5, ,
1, ,-13, ,
1, ,-19, ,
3, ,-23, ,
2, ,-26, ,
1, ,-28, ,
3, ,-31, ,
2, ,-32, ,
2, ,-33, ,
2, ,-34, ,
3, ,-34, ,
1, ,-34, ,
3, ,-34, ,
2, ,-35, ,
2, ,-35, ,
2, ,-35, ,
2, ,-35, ,
1, ,-35, ,
3, ,-35, ,
2, ,-36, ,
2, ,-35, ,
3, ,-36, ,
3, ,-35, ,
1, ,-35, ,
3, ,-35, ,
2, ,-35, ,
2, ,-35, ,
3, ,-35, ,
2, ,-35, ,
1, ,-35, ,
3, ,-35, ,
2, ,-35, ,
2, ,-35, ,
2, ,-35, ,
2, ,-35, ,
1, ,-35, ,
3, ,-35, ,
2, ,-35, ,
2, ,-35, ,
2, ,-35, ,
2, ,-35, ,
1, ,-35, ,
3, ,-35, ,
2, ,-35, ,
2, ,-35, ,
2, ,-35, ,
2, ,-35, ,
1, ,-35, ,
3, ,-35, ,
2, ,-35, ,
2, ,-35, ,
2, ,-35, ,
2, ,-35, ,
1, ,-35, ,
3, ,-35, ,
1, ,-35, ,
2, ,-35, ,
2, ,-35, ,
2, ,-35, ,
1, ,-35, ,
2, ,-34, ,
1, ,-35, ,
2, ,-35, ,
2, ,-35, ,
2, ,-35, ,
1, ,-35, ,
3, ,-35, ,
1, ,-35, ,
2, ,-35, ,
2, ,-35, ,
2, ,-35, ,
1, ,-35, ,
3, ,-35, ,
1, ,-35, ,
2, ,-35, ,
2, ,-35, ,
2, ,-35, ,
1, ,-35, ,
3, ,-34, ,
1, ,-35, ,
2, ,-35, ,
2, ,-35, ,
2, ,-35, ,
1, ,-35, ,
2, ,-35, ,
1, ,-35, ,
2, ,-35, ,
2, ,-35, ,
2, ,-35, ,
1, ,-35, ,
2, ,-35, ,
2, ,-35, ,
2, ,-35, ,
2, ,-35, ,
2, ,-35, ,
1, ,-35, ,
2, ,-35, ,
2, ,-35, ,
2, ,-35, ,
2, ,-35, ,
2, ,-35, ,
1, ,-35, ,
2, ,-35, ,
1, ,-35, ,
1, ,-35, ,
2, ,-35, ,
2, ,-35, ,
1, ,-35, ,
2, ,-35, ,
2, ,-35, ,
2, ,-35, ,
2, ,-35, ,
2, ,-35, ,
1, ,-35, ,
2, ,-35, ,
1, ,-35, ,
2, ,-35, ,
2, ,-35, ,
2, ,-35, ,
1, ,-35, ,
2, ,-35, ,
1, ,-35, ,
2, ,-35, ,
2, ,-35, ,
2, ,-35, ,
1, ,-35, ,
2, ,-35, ,
1, ,-35, ,
2, ,-35, ,
2, ,-35, ,
2, ,-35, ,
1, ,-35, ,
2, ,-34, ,
2, ,-35, ,
2, ,-35, ,
2, ,-35, ,
2, ,-35, ,
1, ,-35, ,
2, ,-35, ,
1, ,-35, ,
2, ,-34, ,
2, ,-35, ,
2, ,-35, ,
1, ,-35, ,
2, ,-34, ,
1, ,-35, ,
2, ,-35, ,
2, ,-35, ,
2, ,-35, ,
1, ,-35, ,
2, ,-35, ,
1, ,-35, ,
2, ,-35, ,
2, ,-35, ,
2, ,-35, ,
1, ,-35, ,
2, ,-34, ,
1, ,-35, ,
2, ,-35, ,
2, ,-35, ,
2, ,-35, ,
1, ,-35, ,
2, ,-34, ,
1, ,-35, ,
1, ,-35, ,
2, ,-35, ,
2, ,-35, ,
1, ,-35, ,
2, ,-35, ,
1, ,-35, ,
2, ,-35, ,
2, ,-35, ,
2, ,-35, ,
1, ,-35, ,
2, ,-35, ,
1, ,-35, ,
2, ,-34, ,
2, ,-35, ,
2, ,-35, ,
1, ,-35, ,
2, ,-34, ,
1, ,-34, ,
1, ,-35, ,
2, ,-35, ,
2, ,-35, ,
1, ,-35, ,
2, ,-35, ,
1, ,-35, ,
1, ,-35, ,
2, ,-35, ,
1, ,-35, ,
1, ,-35, ,
2, ,-34, ,
1, ,-35, ,
2, ,-35, ,
2, ,-35, ,
2, ,-35, ,
1, ,-35, ,
2, ,-34, ,
1, ,-35, ,
1, ,-35, ,
2, ,-35, ,
1, ,-35, ,
1, ,-34, ,
2, ,-34, ,
1, ,-35, ,
1, ,-35, ,
2, ,-35, ,
2, ,-35, ,
1, ,-35, ,
2, ,-35, ,
1, ,-35, ,
1, ,-34, ,
2, ,-35, ,
2, ,-35, ,
-1, ,-35, ,
2, ,-34, ,
1, ,-35, ,
1, ,-35, ,
2, ,-35, ,
1, ,-35, ,
-1, ,-35, ,
2, ,-34, ,
1, ,-35, ,
1, ,-35, ,
2, ,-35, ,
1, ,-35, ,
1, ,-35, ,
2, ,-34, ,
1, ,-35, ,
1, ,-35, ,
2, ,-35, ,
1, ,-35, ,
1, ,-35, ,
2, ,-35, ,
1, ,-35, ,
1, ,-34, ,
2, ,-35, ,
1, ,-35, ,
1, ,-35, ,
2, ,-35, ,
1, ,-34, ,
2, ,-34, ,
2, ,-35, ,
1, ,-35, ,
1, ,-35, ,
2, ,-34, ,
1, ,-35, ,
1, ,-35, ,
2, ,-35, ,
2, ,-35, ,
-1, ,-35, ,
2, ,-35, ,
1, ,-35, ,
1, ,-35, ,
2, ,-35, ,
2, ,-35, ,
1, ,-35, ,
2, ,-34, ,
1, ,-35, ,
1, ,-34, ,
2, ,-35, ,
1, ,-35, ,
-1, ,-35, ,
2, ,-35, ,
1, ,-35, ,
1, ,-35, ,
2, ,-35, ,
1, ,-35, ,
1, ,-35, ,
2, ,-35, ,
1, ,-35, ,
1, ,-35, ,
2, ,-35, ,
1, ,-35, ,
1, ,-35, ,
2, ,-35, ,
1, ,-35, ,
1, ,-35, ,
2, ,-35, ,
2, ,-35, ,
1, ,-35, ,
2, ,-34, ,
1, ,-35, ,
1, ,-35, ,
2, ,-35, ,
2, ,-35, ,
-1, ,-34, ,
2, ,-35, ,
1, ,-35, ,
1, ,-35, ,
2, ,-35, ,
2, ,-34, ,
-1, ,-35, ,
2, ,-34, ,
1, ,-35, ,
1, ,-35, ,
2, ,-35, ,
1, ,-35, ,
1, ,-35, ,
2, ,-35, ,
1, ,-35, ,
1, ,-35, ,
2, ,-35, ,
1, ,-35, ,
-1, ,-35, ,
2, ,-35, ,
1, ,-35, ,
1, ,-35, ,
1, ,-35, ,
1, ,-35, ,
1, ,-35, ,
2, ,-35, ,
1, ,-35, ,
1, ,-35, ,
2, ,-35, ,
1, ,-35, ,
1, ,-35, ,
2, ,-34, ,
1, ,-35, ,
1, ,-34, ,
2, ,-34, ,
1, ,-35, ,
-1, ,-35, ,
2, ,-35, ,
1, ,-35, ,
1, ,-35, ,
1, ,-35, ,
1, ,-35, ,
-1, ,-35, ,
2, ,-34, ,
1, ,-35, ,
1, ,-35, ,
2, ,-35, ,
1, ,-35, ,
-1, ,-35, ,
2, ,-35, ,
1, ,-35, ,
1, ,-35, ,
2, ,-35, ,
2, ,-35, ,
1, ,-35, ,
2, ,-35, ,
1, ,-35, ,
1, ,-34, ,
2, ,-35, ,
1, ,-35, ,
-1, ,-35, ,
2, ,-35, ,
1, ,-35, ,
1, ,-35, ,
1, ,-35, ,
1, ,-35, ,
-1, ,-35, ,
2, ,-35, ,
1, ,-35, ,
1, ,-34, ,
1, ,-35, ,
1, ,-35, ,
-1, ,-35, ,
2, ,-35, ,
1, ,-35, ,
1, ,-35, ,
2, ,-35, ,
1, ,-35, ,
-1, ,-35, ,
1, ,-35, ,
1, ,-35, ,
1, ,-35, ,
2, ,-35, ,
1, ,-35, ,
-1, ,-35, ,
2, ,-35, ,
1, ,-35, ,
1, ,-35, ,
1, ,-35, ,
1, ,-35, ,
1, ,-35, ,
2, ,-35, ,
1, ,-35, ,
1, ,-35, ,
1, ,-35, ,
1, ,-35, ,
-1, ,-35, ,
1, ,-35, ,
1, ,-35, ,
1, ,-35, ,
2, ,-35, ,
1, ,-35, ,
1, ,-35, ,
2, ,-34, ,
1, ,-35, ,
1, ,-35, ,
1, ,-35, ,
1, ,-35, ,
-1, ,-35, ,
2, ,-35, ,
1, ,-35, ,
1, ,-35, ,
2, ,-35, ,
2, ,-35, ,
-1, ,-35, ,
2, ,-34, ,
1, ,-35, ,
1, ,-34, ,
2, ,-35, ,
1, ,-35, ,
-1, ,-35, ,
2, ,-35, ,
1, ,-35, ,
1, ,-35, ,
2, ,-35, ,
1, ,-35, ,
-1, ,-35, ,
2, ,-35, ,
1, ,-35, ,
1, ,-35, ,
2, ,-35, ,
1, ,-35, ,
-1, ,-35, ,
2, ,-35, ,
1, ,-35, ,
1, ,-35, ,
1, ,-35, ,
1, ,-35, ,
-1, ,-35, ,
2, ,-34, ,
1, ,-35, ,
1, ,-35, ,
2, ,-35, ,
2, ,-35, ,
-1, ,-35, ,
2, ,-34, ,
1, ,-35, ,
1, ,-35, ,
1, ,-35, ,
1, ,-35, ,
-1, ,-35, ,
2, ,-35, ,
1, ,-35, ,
1, ,-34, ,
2, ,-35, ,
1, ,-35, ,
-1, ,-35, ,
2, ,-35, ,
1, ,-35, ,
1, ,-35, ,
1, ,-35, ,
1, ,-35, ,
-1, ,-35, ,
2, ,-34, ,
1, ,-35, ,
1, ,-34, ,
1, ,-35, ,
2, ,-35, ,
-1, ,-35, ,
2, ,-35, ,
1, ,-35, ,
1, ,-35, ,
1, ,-35, ,
1, ,-35, ,
-1, ,-35, ,
2, ,-34, ,
-1, ,-35, ,
1, ,-35, ,
1, ,-35, ,
1, ,-35, ,
-1, ,-35, ,
1, ,-35, ,
1, ,-35, ,
1, ,-35, ,
1, ,-35, ,
1, ,-35, ,
-1, ,-35, ,
2, ,-34, ,
-1, ,-35, ,
1, ,-34, ,
1, ,-35, ,
1, ,-35, ,
-1, ,-35, ,
2, ,-35, ,
1, ,-35, ,
1, ,-35, ,
1, ,-35, ,
1, ,-35, ,
-1, ,-35, ,
2, ,-34, ,
-1, ,-35, ,
1, ,-34, ,
1, ,-35, ,
1, ,-35, ,
-1, ,-34, ,
1, ,-35, ,
1, ,-35, ,
1, ,-35, ,
1, ,-35, ,
1, ,-35, ,
-1, ,-35, ,
1, ,-34, ,
-1, ,-35, ,
1, ,-34, ,
1, ,-35, ,
1, ,-35, ,
-1, ,-35, ,
1, ,-34, ,
1, ,-35, ,
1, ,-35, ,
1, ,-35, ,
1, ,-35, ,
-1, ,-35, ,
1, ,-34, ,
-1, ,-35, ,
1, ,-35, ,
1, ,-35, ,
1, ,-35, ,
-1, ,-35, ,
1, ,-34, ,
1, ,-35, ,
1, ,-35, ,
1, ,-35, ,
1, ,-35, ,
-1, ,-35, ,
1, ,-35, ,
1, ,-35, ,
1, ,-35, ,
1, ,-35, ,
1, ,-35, ,
-1, ,-35, ,
2, ,-35, ,
1, ,-35, ,
1, ,-35, ,
1, ,-35, ,
1, ,-35, ,
-1, ,-35, ,
2, ,-35, ,
1, ,-35, ,
1, ,-35, ,
1, ,-35, ,
1, ,-35, ,
-1, ,-35, ,
2, ,-35, ,
1, ,-35, ,
1, ,-35, ,
1, ,-35, ,
1, ,-35, ,
-1, ,-35, ,
1, ,-35, ,
1, ,-35, ,
1, ,-35, ,
1, ,-35, ,
2, ,-35, ,
-1, ,-35, ,
1, ,-35, ,
1, ,-35, ,
1, ,-35, ,
1, ,-35, ,
1, ,-35, ,
-1, ,-35, ,
2, ,-34, ,
1, ,-35, ,
1, ,-35, ,
1, ,-35, ,
1, ,-35, ,
-1, ,-35, ,
1, ,-35, ,
1, ,-35, ,
1, ,-35, ,
1, ,-35, ,
1, ,-35, ,
-1, ,-35, ,
2, ,-35, ,
-1, ,-35, ,
1, ,-34, ,
2, ,-35, ,
1, ,-35, ,
-1, ,-35, ,
1, ,-35, ,
1, ,-35, ,
1, ,-35, ,
1, ,-35, ,
1, ,-35, ,
-1, ,-35, ,
1, ,-35, ,
1, ,-35, ,
1, ,-35, ,
1, ,-35, ,
1, ,-35, ,
-1, ,-35, ,
1, ,-35, ,
1, ,-35, ,
1, ,-35, ,
1, ,-35, ,
2, ,-35, ,
-1, ,-35, ,
1, ,-35, ,
1, ,-35, ,
1, ,-34, ,
1, ,-35, ,
1, ,-35, ,
-1, ,-35, ,
1, ,-35, ,
-1, ,-35, ,
1, ,-35, ,
1, ,-35, ,
1, ,-35, ,
-1, ,-35, ,
1, ,-35, ,
-1, ,-35, ,
1, ,-35, ,
1, ,-35, ,
1, ,-35, ,
-1, ,-35, ,
1, ,-35, ,
1, ,-35, ,
-1, ,-35, ,
1, ,-35, ,
1, ,-35, ,
-1, ,-35, ,
1, ,-35, ,
-1, ,-35, ,
1, ,-35, ,
1, ,-35, ,
1, ,-35, ,
-1, ,-27, ,
2, ,-7, ,
1, ,9, ,
1, ,22, ,
1, ,32, ,
1, ,38, ,
-1, ,44, ,
1, ,47, ,
-1, ,51, ,
1, ,53, ,
1, ,55, ,
1, ,56, ,
-1, ,56, ,
2, ,57, ,
-1, ,58, ,
-1, ,58, ,
1, ,58, ,
1, ,59, ,
-1, ,59, ,
1, ,59, ,
1, ,59, ,
-1, ,58, ,
1, ,58, ,
1, ,59, ,
-1, ,59, ,
2, ,58, ,
-1, ,59, ,
1, ,58, ,
1, ,59, ,
1, ,58, ,
-1, ,59, ,
2, ,58, ,
-1, ,59, ,
-1, ,58, ,
1, ,59, ,
1, ,59, ,
-1, ,59, ,
1, ,59, ,
1, ,59, ,
-1, ,58, ,
1, ,59, ,
1, ,59, ,
-1, ,59, ,
2, ,58, ,
-1, ,59, ,
1, ,58, ,
1, ,58, ,
1, ,58, ,
-1, ,58, ,
2, ,58, ,
1, ,59, ,
-1, ,58, ,
1, ,58, ,
1, ,59, ,
-1, ,58, ,
2, ,58, ,
1, ,59, ,
1, ,58, ,
1, ,58, ,
1, ,59, ,
-1, ,59, ,
2, ,58, ,
1, ,59, ,
1, ,58, ,
1, ,58, ,
1, ,59, ,
-1, ,59, ,
1, ,58, ,
1, ,58, ,
1, ,58, ,
1, ,58, ,
1, ,58, ,
-1, ,59, ,
2, ,58, ,
1, ,59, ,
1, ,58, ,
1, ,58, ,
1, ,58, ,
-1, ,59, ,
2, ,58, ,
1, ,59, ,
-1, ,58, ,
1, ,58, ,
1, ,58, ,
-1, ,58, ,
1, ,58, ,
1, ,59, ,
1, ,58, ,
1, ,58, ,
1, ,58, ,
-1, ,58, ,
2, ,58, ,
1, ,59, ,
-1, ,58, ,
1, ,58, ,
1, ,58, ,
-1, ,58, ,
2, ,58, ,
-1, ,59, ,
-1, ,58, ,
2, ,58, ,
1, ,58, ,
-1, ,59, ,
2, ,58, ,
-1, ,59, ,
-1, ,58, ,
1, ,58, ,
1, ,58, ,
-1, ,58, ,
1, ,58, ,
-1, ,59, ,
-1, ,58, ,
1, ,58, ,
1, ,59, ,
-1, ,58, ,
2, ,58, ,
-1, ,59, ,
-1, ,58, ,
1, ,58, ,
1, ,58, ,
-1, ,58, ,
1, ,58, ,
-1, ,59, ,
-1, ,58, ,
1, ,58, ,
1, ,59, ,
-1, ,59, ,
2, ,58, ,
-1, ,59, ,
-1, ,58, ,
1, ,58, ,
1, ,58, ,
-1, ,58, ,
1, ,58, ,
-1, ,59, ,
-1, ,58, ,
1, ,58, ,
1, ,59, ,
-1, ,58, ,
2, ,58, ,
-1, ,59, ,
-1, ,58, ,
1, ,58, ,
1, ,58, ,
-1, ,58, ,
1, ,58, ,
1, ,59, ,
-1, ,57, ,
1, ,58, ,
1, ,58, ,
-1, ,59, ,
1, ,59, ,
-1, ,59, ,
-1, ,58, ,
1, ,58, ,
1, ,43, ,
-2, ,23, ,
1, ,8, ,
-1, ,-2, ,
-1, ,-12, ,
1, ,-17, ,
1, ,-22, ,
-1, ,-25, ,
1, ,-28, ,
-1, ,-31, ,
-1, ,-31, ,
1, ,-33, ,
1, ,-33, ,
-1, ,-34, ,
1, ,-34, ,
1, ,-35, ,
-1, ,-35, ,
1, ,-35, ,
1, ,-35, ,
-1, ,-36, ,
2, ,-35, ,
-1, ,-36, ,
1, ,-35, ,
1, ,-35, ,
1, ,-36, ,
-1, ,-35, ,
2, ,-35, ,
-1, ,-35, ,
-1, ,-35, ,
1, ,-35, ,
1, ,-35, ,
-1, ,-35, ,
1, ,-35, ,
-1, ,-35, ,
1, ,-35, ,
1, ,-35, ,
1, ,-35, ,
-1, ,-35, ,
2, ,-35, ,
-1, ,-35, ,
-1, ,-35, ,
1, ,-35, ,
1, ,-35, ,
-1, ,-35, ,
1, ,-35, ,
-1, ,-35, ,
-1, ,-35, ,
1, ,-35, ,
1, ,-35, ,
-1, ,-35, ,
1, ,-34, ,
-1, ,-35, ,
1, ,-35, ,
1, ,-35, ,
1, ,-35, ,
-1, ,-35, ,
1, ,-35, ,
-1, ,-35, ,
-1, ,-35, ,
1, ,-35, ,
1, ,-35, ,
-2, ,-35, ,
2, ,-35, ,
1, ,-35, ,
-1, ,-35, ,
1, ,-35, ,
1, ,-35, ,
-2, ,-35, ,
2, ,-35, ,
-1, ,-35, ,
-1, ,-35, ,
1, ,-35, ,
1, ,-35, ,
-1, ,-35, ,
2, ,-35, ,
-1, ,-35, ,
-1, ,-35, ,
1, ,-35, ,
-1, ,-34, ,
-2, ,-35, ,
1, ,-34, ,
-1, ,-35, ,
-1, ,-35, ,
1, ,-35, ,
1, ,-35, ,
-2, ,-35, ,
2, ,-35, ,
-1, ,-35, ,
-1, ,-35, ,
1, ,-35, ,
1, ,-35, ,
-1, ,-35, ,
2, ,-35, ,
-1, ,-35, ,
-1, ,-34, ,
1, ,-35, ,
1, ,-35, ,
-1, ,-35, ,
2, ,-35, ,
-1, ,-35, ,
-1, ,-35, ,
1, ,-35, ,
1, ,-35, ,
-1, ,-35, ,
2, ,-35, ,
-1, ,-35, ,
-1, ,-35, ,
1, ,-35, ,
1, ,-35, ,
-1, ,-35, ,
2, ,-35, ,
-1, ,-35, ,
-1, ,-35, ,
1, ,-35, ,
1, ,-35, ,
-2, ,-35, ,
2, ,-35, ,
-1, ,-35, ,
-1, ,-34, ,
1, ,-35, ,
1, ,-35, ,
-2, ,-35, ,
2, ,-34, ,
-1, ,-35, ,
-1, ,-35, ,
1, ,-35, ,
1, ,-35, ,
-2, ,-35, ,
2, ,-34, ,
-1, ,-35, ,
-1, ,-35, ,
1, ,-35, ,
1, ,-35, ,
-1, ,-35, ,
2, ,-35, ,
-1, ,-35, ,
-1, ,-35, ,
2, ,-35, ,
1, ,-35, ,
-2, ,-35, ,
2, ,-34, ,
-1, ,-35, ,
-1, ,-34, ,
1, ,-35, ,
1, ,-35, ,
-2, ,-35, ,
2, ,-35, ,
-1, ,-35, ,
-1, ,-35, ,
1, ,-35, ,
1, ,-35, ,
-2, ,-35, ,
2, ,-35, ,
-1, ,-35, ,
-1, ,-34, ,
1, ,-35, ,
1, ,-35, ,
-1, ,-35, ,
2, ,-35, ,
-1, ,-35, ,
-1, ,-35, ,
1, ,-35, ,
1, ,-35, ,
-1, ,-35, ,
2, ,-34, ,
-1, ,-35, ,
-1, ,-34, ,
1, ,-35, ,
1, ,-35, ,
-2, ,-35, ,
2, ,-35, ,
-1, ,-35, ,
-1, ,-35, ,
1, ,-35, ,
1, ,-35, ,
-1, ,-35, ,
2, ,-34, ,
-1, ,-35, ,
-1, ,-34, ,
1, ,-35, ,
1, ,-35, ,
-1, ,-34, ,
2, ,-34, ,
-1, ,-35, ,
-1, ,-35, ,
1, ,-35, ,
-1, ,-35, ,
-2, ,-35, ,
2, ,-34, ,
-1, ,-35, ,
-1, ,-34, ,
1, ,-35, ,
1, ,-35, ,
-2, ,-35, ,
2, ,-34, ,
-1, ,-35, ,
-1, ,-35, ,
1, ,-35, ,
1, ,-35, ,
-2, ,-35, ,
2, ,-34, ,
-1, ,-35, ,
-1, ,-34, ,
1, ,-35, ,
1, ,-35, ,
-2, ,-35, ,
2, ,-35, ,
-1, ,-35, ,
-1, ,-35, ,
1, ,-35, ,
1, ,-35, ,
-2, ,-35, ,
2, ,-34, ,
-1, ,-35, ,
-1, ,-34, ,
1, ,-35, ,
1, ,-35, ,
-2, ,-35, ,
2, ,-34, ,
-1, ,-35, ,
-1, ,-35, ,
1, ,-34, ,
1, ,-35, ,
-2, ,-35, ,
2, ,-35, ,
-1, ,-35, ,
-1, ,-34, ,
1, ,-35, ,
1, ,-35, ,
-2, ,-35, ,
2, ,-35, ,
-1, ,-35, ,
-1, ,-35, ,
1, ,-35, ,
1, ,-35, ,
-2, ,-35, ,
2, ,-35, ,
-1, ,-35, ,
-1, ,-34, ,
1, ,-35, ,
1, ,-35, ,
-2, ,-35, ,
2, ,-35, ,
-1, ,-35, ,
-1, ,-35, ,
1, ,-35, ,
-1, ,-35, ,
-2, ,-35, ,
2, ,-34, ,
-1, ,-35, ,
-1, ,-35, ,
1, ,-35, ,
1, ,-35, ,
-1, ,-35, ,
2, ,-35, ,
-1, ,-35, ,
-1, ,-35, ,
1, ,-35, ,
1, ,-35, ,
92, ,-35, ,
63, ,-35, ,
36, ,-35, ,
24, ,-35, ,
16, ,-35, ,
11, ,-35, ,
6, ,-35, ,
6, ,-35, ,
3, ,-35, ,
2, ,-35, ,
3, ,-35, ,
2, ,-35, ,
1, ,-35, ,
5, ,-34, ,
2, ,-35, ,
2, ,-34, ,
3, ,-35, ,
2, ,-35, ,
1, ,-35, ,
3, ,-35, ,
2, ,-35, ,
2, ,-35, ,
2, ,-35, ,
3, ,-35, ,
1, ,-35, ,
3, ,-35, ,
2, ,-35, ,
1, ,-35, ,
3, ,-35, ,
3, ,-35, ,
1, ,-35, ,
3, ,-35, ,
2, ,-35, ,
2, ,-35, ,
3, ,-35, ,
2, ,-35, ,
1, ,-35, ,
5, ,-34, ,
2, ,-35, ,
1, ,-35, ,
3, ,-35, ,
2, ,-35, ,
1, ,-35, ,
5, ,-35, ,
2, ,-35, ,
1, ,-34, ,
3, ,-35, ,
2, ,-35, ,
1, ,-35, ,
5, ,-35, ,
2, ,-35, ,
1, ,-35, ,
3, ,-35, ,
2, ,-35, ,
1, ,-35, ,
5, ,-34, ,
2, ,-35, ,
1, ,-35, ,
2, ,-35, ,
2, ,-35, ,
1, ,-35, ,
3, ,-34, ,
1, ,-35, ,
1, ,-35, ,
3, ,-35, ,
2, ,-35, ,
1, ,-35, ,
3, ,-34, ,
2, ,-35, ,
2, ,-35, ,
2, ,-34, ,
2, ,-35, ,
1, ,-35, ,
3, ,-34, ,
1, ,-35, ,
1, ,-35, ,
3, ,-35, ,
2, ,-35, ,
1, ,-35, ,
3, ,-35, ,
2, ,-35, ,
1, ,-35, ,
3, ,-35, ,
2, ,-35, ,
1, ,-35, ,
5, ,-34, ,
2, ,-35, ,
1, ,-35, ,
3, ,-35, ,
2, ,-35, ,
-1, ,-35, ,
3, ,-35, ,
1, ,-35, ,
1, ,-35, ,
2, ,-35, ,
2, ,-35, ,
-1, ,-35, ,
3, ,-35, ,
1, ,-35, ,
1, ,-35, ,
3, ,-35, ,
2, ,-35, ,
1, ,-35, ,
3, ,-35, ,
1, ,-35, ,
1, ,-35, ,
2, ,-35, ,
2, ,-34, ,
1, ,-35, ,
3, ,-35, ,
1, ,-35, ,
1, ,-34, ,
3, ,-35, ,
2, ,-35, ,
1, ,-35, ,
3, ,-34, ,
1, ,-35, ,
1, ,-35, ,
2, ,-35, ,
2, ,-35, ,
1, ,-35, ,
3, ,-34, ,
1, ,-35, ,
1, ,-35, ,
2, ,-35, ,
2, ,-35, ,
1, ,-35, ,
3, ,-34, ,
1, ,-35, ,
1, ,-35, ,
2, ,-35, ,
2, ,-35, ,
-1, ,-35, ,
3, ,-35, ,
1, ,-35, ,
1, ,-35, ,
2, ,-35, ,
2, ,-35, ,
-1, ,-35, ,
2, ,-34, ,
1, ,-35, ,
1, ,-35, ,
2, ,-35, ,
2, ,-35, ,
1, ,-35, ,
3, ,-35, ,
1, ,-35, ,
1, ,-35, ,
2, ,-35, ,
2, ,-35, ,
1, ,-35, ,
3, ,-35, ,
1, ,-35, ,
1, ,-35, ,
2, ,-35, ,
2, ,-35, ,
-1, ,-35, ,
3, ,-34, ,
1, ,-35, ,
1, ,-35, ,
3, ,-35, ,
2, ,-35, ,
-1, ,-35, ,
3, ,-35, ,
1, ,-35, ,
1, ,-35, ,
2, ,-35, ,
2, ,-35, ,
1, ,-35, ,
3, ,-35, ,
1, ,-35, ,
1, ,-35, ,
2, ,-35, ,
2, ,-35, ,
-1, ,-35, ,
3, ,-35, ,
1, ,-35, ,
1, ,-35, ,
2, ,-35, ,
2, ,-35, ,
-1, ,-35, ,
3, ,-35, ,
1, ,-35, ,
1, ,-35, ,
2, ,-35, ,
2, ,-35, ,
-1, ,-35, ,
2, ,-35, ,
1, ,-35, ,
1, ,-35, ,
2, ,-35, ,
2, ,-35, ,
-1, ,-35, ,
3, ,-35, ,
1, ,-35, ,
1, ,-35, ,
2, ,-35, ,
2, ,-35, ,
-1, ,-35, ,
2, ,-35, ,
1, ,-35, ,
1, ,-35, ,
2, ,-35, ,
2, ,-35, ,
-1, ,-35, ,
3, ,-35, ,
1, ,-35, ,
1, ,-35, ,
2, ,-35, ,
1, ,-35, ,
-1, ,-35, ,
2, ,-35, ,
1, ,-35, ,
1, ,-35, ,
2, ,-35, ,
1, ,-35, ,
-1, ,-35, ,
2, ,-34, ,
1, ,-35, ,
1, ,-34, ,
2, ,-35, ,
2, ,-35, ,
-1, ,-35, ,
2, ,-34, ,
1, ,-35, ,
1, ,-35, ,
2, ,-35, ,
1, ,-35, ,
-1, ,-35, ,
3, ,-35, ,
1, ,-35, ,
1, ,-35, ,
2, ,-35, ,
2, ,-35, ,
-1, ,-35, ,
2, ,-35, ,
1, ,-35, ,
1, ,-35, ,
2, ,-35, ,
2, ,-35, ,
-1, ,-35, ,
3, ,-34, ,
1, ,-35, ,
1, ,-35, ,
2, ,-35, ,
2, ,-35, ,
-1, ,-35, ,
2, ,-35, ,
1, ,-35, ,
1, ,-35, ,
2, ,-35, ,
1, ,-35, ,
-1, ,-35, ,
2, ,-35, ,
1, ,-35, ,
1, ,-35, ,
2, ,-35, ,
2, ,-35, ,
-1, ,-35, ,
2, ,-35, ,
1, ,-35, ,
1, ,-35, ,
2, ,-35, ,
2, ,-35, ,
-1, ,-35, ,
2, ,-35, ,
1, ,-35, ,
1, ,-35, ,
2, ,-35, ,
2, ,-35, ,
-1, ,-35, ,
2, ,-34, ,
1, ,-35, ,
1, ,-35, ,
2, ,-35, ,
2, ,-35, ,
-1, ,-35, ,
3, ,-35, ,
1, ,-35, ,
1, ,-35, ,
2, ,-35, ,
2, ,-35, ,
-1, ,-35, ,
2, ,-34, ,
1, ,-35, ,
1, ,-35, ,
2, ,-35, ,
2, ,-35, ,
-1, ,-35, ,
2, ,-35, ,
1, ,-35, ,
1, ,-35, ,
2, ,-35, ,
2, ,-35, ,
-1, ,-35, ,
2, ,-35, ,
1, ,-35, ,
1, ,-35, ,
2, ,-35, ,
1, ,-35, ,
-1, ,-35, ,
2, ,-34, ,
1, ,-35, ,
1, ,-34, ,
2, ,-35, ,
1, ,-35, ,
-1, ,-35, ,
2, ,-35, ,
1, ,-34, ,
1, ,-35, ,
2, ,-35, ,
1, ,-35, ,
-1, ,-35, ,
2, ,-34, ,
1, ,-35, ,
1, ,-34, ,
2, ,-35, ,
2, ,-35, ,
-1, ,-34, ,
2, ,-34, ,
1, ,-35, ,
1, ,-35, ,
2, ,-35, ,
2, ,-35, ,
-1, ,-35, ,
3, ,-35, ,
1, ,-35, ,
-1, ,-35, ,
2, ,-35, ,
1, ,-35, ,
-1, ,-35, ,
2, ,-35, ,
1, ,-35, ,
1, ,-35, ,
2, ,-35, ,
1, ,-35, ,
-1, ,-35, ,
2, ,-34, ,
1, ,-35, ,
1, ,-35, ,
2, ,-35, ,
2, ,-35, ,
-1, ,-35, ,
2, ,-34, ,
1, ,-35, ,
1, ,-35, ,
2, ,-35, ,
1, ,-35, ,
-1, ,-35, ,
2, ,-34, ,
1, ,-35, ,
1, ,-35, ,
2, ,-35, ,
1, ,-35, ,
-1, ,-35, ,
2, ,-34, ,
-1, ,-35, ,
1, ,-35, ,
2, ,-35, ,
1, ,-35, ,
-1, ,-35, ,
2, ,-35, ,
-1, ,-35, ,
-1, ,-35, ,
2, ,-35, ,
1, ,-35, ,
-1, ,-35, ,
2, ,-32, ,
1, ,-15, ,
1, ,4, ,
2, ,18, ,
1, ,28, ,
-1, ,36, ,
2, ,42, ,
1, ,46, ,
1, ,50, ,
2, ,52, ,
1, ,54, ,
-1, ,56, ,
2, ,56, ,
-1, ,58, ,
-1, ,57, ,
2, ,58, ,
1, ,58, ,
-1, ,58, ,
2, ,58, ,
1, ,59, ,
-1, ,58, ,
2, ,59, ,
1, ,58, ,
-1, ,59, ,
2, ,59, ,
1, ,59, ,
1, ,58, ,
1, ,59, ,
1, ,59, ,
-1, ,59, ,
2, ,58, ,
1, ,59, ,
-1, ,58, ,
2, ,59, ,
1, ,59, ,
-1, ,58, ,
2, ,59, ,
1, ,59, ,
-1, ,58, ,
2, ,58, ,
1, ,58, ,
-1, ,59, ,
2, ,58, ,
1, ,59, ,
-1, ,58, ,
2, ,59, ,
1, ,58, ,
-1, ,58, ,
2, ,58, ,
1, ,59, ,
1, ,58, ,
2, ,58, ,
1, ,58, ,
-1, ,58, ,
2, ,58, ,
1, ,59, ,
-1, ,58, ,
2, ,58, ,
1, ,58, ,
-1, ,59, ,
2, ,58, ,
1, ,59, ,
1, ,58, ,
2, ,58, ,
1, ,58, ,
-1, ,59, ,
2, ,58, ,
1, ,59, ,
1, ,58, ,
2, ,58, ,
1, ,58, ,
-1, ,58, ,
2, ,58, ,
1, ,59, ,
1, ,58, ,
2, ,58, ,
1, ,58, ,
-1, ,58, ,
2, ,58, ,
1, ,59, ,
-1, ,58, ,
2, ,59, ,
1, ,58, ,
-1, ,58, ,
2, ,58, ,
1, ,59, ,
-1, ,58, ,
2, ,58, ,
1, ,59, ,
-1, ,58, ,
2, ,58, ,
1, ,59, ,
1, ,58, ,
2, ,59, ,
1, ,59, ,
-1, ,58, ,
2, ,58, ,
1, ,59, ,
-1, ,58, ,
2, ,58, ,
1, ,59, ,
-1, ,58, ,
2, ,58, ,
1, ,58, ,
-1, ,58, ,
2, ,59, ,
1, ,58, ,
-1, ,58, ,
2, ,58, ,
1, ,59, ,
-1, ,58, ,
2, ,58, ,
1, ,59, ,
-1, ,58, ,
2, ,58, ,
-1, ,59, ,
7, ,58, ,
59, ,58, ,
38, ,58, ,
22, ,58, ,
15, ,58, ,
8, ,59, ,
6, ,57, ,
6, ,58, ,
3, ,59, ,
2, ,58, ,
3, ,58, ,
2, ,59, ,
1, ,58, ,
3, ,58, ,
2, ,58, ,
1, ,58, ,
3, ,58, ,
2, ,59, ,
2, ,58, ,
2, ,58, ,
2, ,59, ,
1, ,58, ,
3, ,58, ,
2, ,59, ,
1, ,58, ,
3, ,59, ,
2, ,58, ,
1, ,58, ,
3, ,58, ,
2, ,59, ,
1, ,57, ,
3, ,58, ,
2, ,58, ,
1, ,58, ,
3, ,58, ,
2, ,59, ,
1, ,58, ,
3, ,58, ,
2, ,59, ,
1, ,47, ,
3, ,27, ,
1, ,12, ,
1, ,0, ,
2, ,-9, ,
2, ,-16, ,
1, ,-21, ,
3, ,-24, ,
1, ,-27, ,
1, ,-30, ,
3, ,-32, ,
2, ,-32, ,
1, ,-33, ,
3, ,-34, ,
1, ,-34, ,
2, ,-35, ,
3, ,-35, ,
2, ,-35, ,
1, ,-35, ,
5, ,-35, ,
2, ,-35, ,
2, ,-35, ,
3, ,-35, ,
2, ,-35, ,
1, ,-35, ,
3, ,-35, ,
2, ,-36, ,
2, ,-35, ,
3, ,-35, ,
2, ,-35, ,
1, ,-35, ,
3, ,-35, ,
1, ,-36, ,
1, ,-35, ,
3, ,-35, ,
2, ,-35, ,
1, ,-35, ,
3, ,-35, ,
1, ,-35, ,
2, ,-35, ,
2, ,-35, ,
2, ,-35, ,
1, ,-35, ,
3, ,-35, ,
1, ,-35, ,
2, ,-35, ,
3, ,-35, ,
2, ,-35, ,
1, ,-35, ,
3, ,-35, ,
2, ,-35, ,
2, ,-35, ,
2, ,-35, ,
2, ,-35, ,
1, ,-35, ,
3, ,-35, ,
1, ,-35, ,
1, ,-35, ,
2, ,-35, ,
2, ,-35, ,
1, ,-35, ,
3, ,-35, ,
1, ,-35, ,
1, ,-35, ,
2, ,-35, ,
2, ,-35, ,
1, ,-35, ,
3, ,-35, ,
1, ,-35, ,
1, ,-35, ,
3, ,-35, ,
3, ,-35, ,
1, ,-35, ,
3, ,-35, ,
1, ,-35, ,
1, ,-35, ,
2, ,-35, ,
2, ,-35, ,
1, ,-35, ,
3, ,-34, ,
1, ,-35, ,
1, ,-35, ,
3, ,-35, ,
2, ,-35, ,
1, ,-35, ,
3, ,-35, ,
1, ,-35, ,
1, ,-35, ,
2, ,-35, ,
2, ,-35, ,
-1, ,-35, ,
3, ,-35, ,
1, ,-35, ,
1, ,-35, ,
3, ,-35, ,
2, ,-35, ,
1, ,-35, ,
2, ,-34, ,
1, ,-35, ,
1, ,-35, ,
2, ,-35, ,
2, ,-35, ,
-1, ,-35, ,
3, ,-35, ,
1, ,-35, ,
1, ,-35, ,
2, ,-35, ,
2, ,-35, ,
-1, ,-35, ,
2, ,-35, ,
1, ,-35, ,
1, ,-35, ,
2, ,-35, ,
2, ,-35, ,
-1, ,-35, ,
3, ,-35, ,
1, ,-35, ,
1, ,-35, ,
2, ,-35, ,
2, ,-35, ,
-1, ,-35, ,
2, ,-34, ,
1, ,-35, ,
1, ,-35, ,
2, ,-35, ,
2, ,-35, ,
-1, ,-35, ,
2, ,-35, ,
1, ,-35, ,
1, ,-34, ,
2, ,-35, ,
2, ,-35, ,
-1, ,-35, ,
3, ,-34, ,
1, ,-35, ,
1, ,-35, ,
2, ,-35, ,
2, ,-35, ,
1, ,-35, ,
3, ,-35, ,
1, ,-35, ,
1, ,-35, ,
2, ,-35, ,
2, ,-35, ,
-1, ,-35, ,
3, ,-35, ,
1, ,-35, ,
1, ,-35, ,
2, ,-35, ,
2, ,-35, ,
-1, ,-35, ,
3, ,-34, ,
1, ,-35, ,
1, ,-35, ,
2, ,-35, ,
2, ,-35, ,
-1, ,-35, ,
2, ,-34, ,
1, ,-35, ,
1, ,-35, ,
2, ,-35, ,
2, ,-35, ,
-1, ,-35, ,
3, ,-35, ,
1, ,-35, ,
1, ,-35, ,
2, ,-35, ,
2, ,-35, ,
-1, ,-35, ,
2, ,-35, ,
1, ,-35, ,
1, ,-35, ,
2, ,-35, ,
2, ,-35, ,
-1, ,-35, ,
3, ,-34, ,
1, ,-35, ,
1, ,-35, ,
2, ,-35, ,
2, ,-35, ,
-1, ,-35, ,
2, ,-35, ,
1, ,-34, ,
1, ,-35, ,
2, ,-35, ,
2, ,-35, ,
-1, ,-35, ,
2, ,-34, ,
1, ,-35, ,
1, ,-34, ,
2, ,-35, ,
2, ,-35, ,
-1, ,-35, ,
2, ,-35, ,
1, ,-35, ,
1, ,-35, ,
2, ,-35, ,
2, ,-34, ,
-1, ,-35, ,
2, ,-35, ,
1, ,-35, ,
1, ,-35, ,
2, ,-35, ,
2, ,-35, ,
-1, ,-35, ,
2, ,-35, ,
1, ,-35, ,
1, ,-35, ,
2, ,-35, ,
1, ,-35, ,
-1, ,-35, ,
2, ,-34, ,
1, ,-35, ,
1, ,-34, ,
2, ,-35, ,
2, ,-35, ,
-1, ,-35, ,
2, ,-34, ,
1, ,-35, ,
1, ,-35, ,
2, ,-35, ,
1, ,-35, ,
-1, ,-35, ,
2, ,-34, ,
1, ,-35, ,
1, ,-35, ,
2, ,-35, ,
2, ,-35, ,
-1, ,-35, ,
2, ,-34, ,
1, ,-35, ,
1, ,-35, ,
2, ,-35, ,
2, ,-35, ,
-1, ,-35, ,
2, ,-34, ,
1, ,-35, ,
1, ,-34, ,
2, ,-35, ,
1, ,-35, ,
-1, ,-35, ,
2, ,-35, ,
1, ,-35, ,
1, ,-35, ,
2, ,-35, ,
1, ,-34, ,
-1, ,-35, ,
2, ,-34, ,
1, ,-35, ,
1, ,-35, ,
2, ,-35, ,
1, ,-35, ,
-1, ,-35, ,
2, ,-34, ,
1, ,-35, ,
1, ,-35, ,
2, ,-35, ,
1, ,-35, ,
-1, ,-35, ,
2, ,-34, ,
1, ,-35, ,
1, ,-35, ,
2, ,-35, ,
1, ,-35, ,
-1, ,-35, ,
2, ,-35, ,
1, ,-35, ,
1, ,-35, ,
2, ,-35, ,
1, ,-35, ,
-1, ,-35, ,
2, ,-34, ,
1, ,-35, ,
1, ,-35, ,
2, ,-35, ,
1, ,-35, ,
-1, ,-35, ,
2, ,-34, ,
1, ,-35, ,
1, ,-35, ,
2, ,-35, ,
1, ,-35, ,
-1, ,-35, ,
2, ,-35, ,
1, ,-35, ,
1, ,-35, ,
2, ,-35, ,
1, ,-35, ,
-1, ,-35, ,
2, ,-35, ,
1, ,-35, ,
1, ,-35, ,
2, ,-35, ,
2, ,-35, ,
-1, ,-35, ,
2, ,-34, ,
1, ,-35, ,
1, ,-35, ,
2, ,-35, ,
1, ,-35, ,
-1, ,-34, ,
2, ,-35, ,
1, ,-35, ,
1, ,-35, ,
2, ,-35, ,
1, ,-35, ,
-1, ,-35, ,
2, ,-34, ,
1, ,-35, ,
1, ,-35, ,
2, ,-35, ,
1, ,-35, ,
-1, ,-35, ,
2, ,-35, ,
1, ,-35, ,
1, ,-35, ,
2, ,-35, ,
1, ,-35, ,
-1, ,-35, ,
2, ,-34, ,
1, ,-35, ,
1, ,-35, ,
2, ,-35, ,
1, ,-35, ,
-1, ,-34, ,
2, ,-35, ,
1, ,-35, ,
1, ,-35, ,
2, ,-35, ,
1, ,-35, ,
-1, ,-35, ,
2, ,-34, ,
1, ,-35, ,
1, ,-35, ,
2, ,-35, ,
1, ,-35, ,
-1, ,-35, ,
2, ,-34, ,
1, ,-35, ,
1, ,-35, ,
2, ,-35, ,
1, ,-35, ,
-1, ,-35, ,
2, ,-34, ,
1, ,-35, ,
-1, ,-35, ,
1, ,-35, ,
1, ,-35, ,
-1, ,-35, ,
2, ,-35, ,
1, ,-35, ,
1, ,-35, ,
2, ,-35, ,
1, ,-35, ,
-1, ,-35, ,
2, ,-34, ,
-1, ,-35, ,
1, ,-35, ,
2, ,-35, ,
1, ,-35, ,
-1, ,-35, ,
2, ,-34, ,
1, ,-35, ,
1, ,-35, ,
2, ,-35, ,
1, ,-35, ,
-1, ,-35, ,
2, ,-35, ,
1, ,-35, ,
-1, ,-35, ,
2, ,-35, ,
1, ,-35, ,
-1, ,-35, ,
2, ,-35, ,
1, ,-35, ,
1, ,-35, ,
2, ,-35, ,
1, ,-35, ,
-1, ,-35, ,
2, ,-35, ,
1, ,-35, ,
1, ,-35, ,
2, ,-35, ,
1, ,-35, ,
-1, ,-35, ,
2, ,-35, ,
1, ,-35, ,
1, ,-35, ,
2, ,-35, ,
1, ,-35, ,
-1, ,-35, ,
2, ,-34, ,
1, ,-35, ,
1, ,-35, ,
2, ,-35, ,
1, ,-35, ,
-1, ,-35, ,
2, ,-35, ,
1, ,-35, ,
1, ,-35, ,
2, ,-35, ,
1, ,-35, ,
-1, ,-35, ,
2, ,-34, ,
1, ,-35, ,
1, ,-35, ,
2, ,-35, ,
1, ,-35, ,
-1, ,-35, ,
2, ,-35, ,
1, ,-35, ,
1, ,-35, ,
2, ,-35, ,
1, ,-35, ,
-1, ,-35, ,
2, ,-34, ,
1, ,-35, ,
1, ,-35, ,
2, ,-35, ,
1, ,-35, ,
-1, ,-35, ,
2, ,-35, ,
1, ,-34, ,
1, ,-35, ,
2, ,-35, ,
1, ,-35, ,
-1, ,-35, ,
2, ,-34, ,
1, ,-35, ,
1, ,-35, ,
1, ,-35, ,
1, ,-35, ,
-1, ,-35, ,
2, ,-35, ,
1, ,-34, ,
1, ,-35, ,
2, ,-35, ,
1, ,-35, ,
-1, ,-35, ,
2, ,-35, ,
-1, ,-35, ,
1, ,-35, ,
2, ,-35, ,
1, ,-35, ,
-1, ,-35, ,
2, ,-35, ,
1, ,-35, ,
1, ,-35, ,
2, ,-35, ,
1, ,-35, ,
-1, ,-35, ,
2, ,-34, ,
1, ,-35, ,
1, ,-35, ,
2, ,-35, ,
1, ,-35, ,
-1, ,-35, ,
2, ,-34, ,
-1, ,-35, ,
1, ,-35, ,
2, ,-35, ,
1, ,-35, ,
-1, ,-35, ,
2, ,-35, ,
-1, ,-35, ,
-1, ,-35, ,
1, ,-35, ,
1, ,-35, ,
-1, ,-35, ,
2, ,-35, ,
1, ,-35, ,
1, ,-35, ,
2, ,-35, ,
1, ,-35, ,
-1, ,-35, ,
2, ,-35, ,
-1, ,-35, ,
-1, ,-35, ,
1, ,-35, ,
1, ,-35, ,
-1, ,-35, ,
2, ,-35, ,
1, ,-35, ,
-1, ,-35, ,
2, ,-35, ,
1, ,-35, ,
-1, ,-35, ,
2, ,-35, ,
-1, ,-35, ,
-1, ,-35, ,
1, ,-35, ,
1, ,-35, ,
-1, ,-35, ,
2, ,-35, ,
1, ,-35, ,
-1, ,-35, ,
2, ,-35, ,
1, ,-35, ,
-1, ,-35, ,
2, ,-35, ,
-1, ,-35, ,
-1, ,-35, ,
1, ,-35, ,
1, ,-35, ,
-1, ,-35, ,
1, ,-35, ,
-1, ,-35, ,
1, ,-35, ,
2, ,-35, ,
1, ,-35, ,
-1, ,-35, ,
2, ,-35, ,
-1, ,-35, ,
-1, ,-35, ,
2, ,-35, ,
1, ,-35, ,
-1, ,-35, ,
2, ,-35, ,
1, ,-35, ,
-1, ,-35, ,
2, ,-35, ,
1, ,-35, ,
-1, ,-35, ,
2, ,-35, ,
-1, ,-35, ,
-1, ,-35, ,
2, ,-35, ,
1, ,-35, ,
-1, ,-35, ,
2, ,-35, ,
1, ,-35, ,
-1, ,-35, ,
2, ,-35, ,
1, ,-35, ,
-1, ,-35, ,
2, ,-35, ,
-1, ,-35, ,
1, ,-35, ,
2, ,-35, ,
1, ,-35, ,
-1, ,-35, ,
2, ,-35, ,
-1, ,-35, ,
-1, ,-35, ,
2, ,-35, ,
1, ,-35, ,
-1, ,-35, ,
2, ,-35, ,
-1, ,-35, ,
-1, ,-35, ,
2, ,-35, ,
1, ,-35, ,
-1, ,-35, ,
2, ,-35, ,
1, ,-35, ,
-1, ,-35, ,
2, ,-35, ,
1, ,-35, ,
-1, ,-35, ,
2, ,-35, ,
-1, ,-35, ,
-1, ,-35, ,
2, ,-35, ,
1, ,-35, ,
-1, ,-35, ,
2, ,-35, ,
-1, ,-35, ,
-1, ,-35, ,
1, ,-35, ,
1, ,-35, ,
-1, ,-35, ,
2, ,-35, ,
-1, ,-35, ,
-1, ,-35, ,
1, ,-35, ,
1, ,-35, ,
-1, ,-35, ,
2, ,-35, ,
-1, ,-35, ,
-1, ,-35, ,
1, ,-35, ,
1, ,-35, ,
-1, ,-35, ,
2, ,-35, ,
-1, ,-35, ,
-1, ,-35, ,
1, ,-35, ,
1, ,-35, ,
-1, ,-35, ,
2, ,-35, ,
-1, ,-35, ,
-1, ,-35, ,
1, ,-35, ,
1, ,-35, ,
-1, ,-35, ,
2, ,-35, ,
-1, ,-35, ,
-1, ,-35, ,
1, ,-35, ,
1, ,-35, ,
-1, ,-35, ,
2, ,-35, ,
1, ,-35, ,
-1, ,-35, ,
1, ,-35, ,
1, ,-35, ,
-2, ,-35, ,
1, ,-35, ,
-1, ,-35, ,
-1, ,-35, ,
1, ,-35, ,
1, ,-35, ,
-1, ,-35, ,
2, ,-35, ,
-1, ,-35, ,
-1, ,-35, ,
2, ,-35, ,
-1, ,-35, ,
-1, ,-35, ,
2, ,-35, ,
-1, ,-35, ,
-1, ,-35, ,
1, ,-35, ,
1, ,-35, ,
-1, ,-35, ,
1, ,-35, ,
-1, ,-34, ,
1, ,-19, ,
2, ,1, ,
1, ,16, ,
-1, ,27, ,
2, ,35, ,
-1, ,41, ,
-1, ,45, ,
1, ,50, ,
1, ,52, ,
-2, ,54, ,
2, ,55, ,
1, ,56, ,
-1, ,57, ,
2, ,57, ,
-1, ,58, ,
-1, ,58, ,
1, ,58, ,
-1, ,59, ,
-1, ,58, ,
2, ,58, ,
1, ,59, ,
-1, ,58, ,
2, ,59, ,
-1, ,59, ,
-1, ,59, ,
2, ,59, ,
1, ,59, ,
-1, ,59, ,
2, ,58, ,
-1, ,59, ,
-1, ,59, ,
1, ,59, ,
1, ,59, ,
-1, ,59, ,
2, ,59, ,
-1, ,59, ,
-1, ,58, ,
2, ,58, ,
1, ,59, ,
-1, ,59, ,
2, ,58, ,
-1, ,59, ,
-1, ,58, ,
2, ,58, ,
1, ,58, ,
-1, ,58, ,
2, ,58, ,
-1, ,59, ,
-1, ,58, ,
2, ,58, ,
1, ,58, ,
-1, ,59, ,
2, ,58, ,
-1, ,59, ,
-1, ,58, ,
1, ,58, ,
1, ,58, ,
-1, ,59, ,
1, ,58, ,
1, ,59, ,
-1, ,58, ,
2, ,58, ,
1, ,59, ,
-1, ,58, ,
2, ,58, ,
-1, ,59, ,
-1, ,58, ,
2, ,58, ,
1, ,58, ,
-1, ,58, ,
2, ,58, ,
1, ,59, ,
-1, ,58, ,
1, ,58, ,
1, ,58, ,
-1, ,59, ,
2, ,58, ,
-1, ,59, ,
-1, ,58, ,
1, ,58, ,
1, ,58, ,
-1, ,58, ,
2, ,59, ,
-1, ,59, ,
-1, ,58, ,
2, ,58, ,
1, ,58, ,
-1, ,58, ,
2, ,58, ,
-1, ,59, ,
-1, ,58, ,
2, ,58, ,
1, ,58, ,
-1, ,59, ,
1, ,58, ,
-1, ,59, ,
-1, ,58, ,
1, ,58, ,
1, ,59, ,
-1, ,58, ,
2, ,58, ,
-1, ,59, ,
-1, ,58, ,
1, ,58, ,
1, ,59, ,
-1, ,58, ,
2, ,58, ,
-1, ,59, ,
-1, ,58, ,
1, ,58, ,
-1, ,59, ,
-1, ,58, ,
2, ,58, ,
-1, ,59, ,
-1, ,57, ,
1, ,58, ,
1, ,59, ,
-2, ,58, ,
1, ,58, ,
1, ,59, ,
-1, ,58, ,
1, ,58, ,
-1, ,59, ,
-1, ,58, ,
2, ,58, ,
-1, ,58, ,
-1, ,58, ,
1, ,58, ,
1, ,58, ,
-2, ,58, ,
1, ,58, ,
-1, ,59, ,
-1, ,57, ,
1, ,58, ,
-1, ,58, ,
-2, ,58, ,
1, ,58, ,
-1, ,58, ,
-1, ,57, ,
1, ,58, ,
1, ,58, ,
-2, ,58, ,
1, ,58, ,
-1, ,59, ,
-1, ,57, ,
1, ,58, ,
-1, ,59, ,
-2, ,59, ,
2, ,58, ,
-1, ,59, ,
-1, ,58, ,
2, ,58, ,
1, ,59, ,
-2, ,58, ,
1, ,52, ,
-1, ,33, ,
-1, ,15, ,
1, ,2, ,
-1, ,-7, ,
-2, ,-15, ,
1, ,-20, ,
-1, ,-24, ,
-1, ,-26, ,
1, ,-28, ,
1, ,-31, ,
-1, ,-32, ,
1, ,-33, ,
-1, ,-34, ,
-1, ,-34, ,
1, ,-34, ,
1, ,-35, ,
-1, ,-35, ,
2, ,-35, ,
-1, ,-35, ,
-1, ,-35, ,
1, ,-35, ,
1, ,-36, ,
-1, ,-36, ,
2, ,-35, ,
-1, ,-36, ,
-1, ,-35, ,
1, ,-35, ,
1, ,-35, ,
-1, ,-35, ,
2, ,-35, ,
-1, ,-36, ,
-1, ,-35, ,
1, ,-35, ,
1, ,-35, ,
-1, ,-35, ,
2, ,-35, ,
-1, ,-35, ,
-1, ,-35, ,
1, ,-35, ,
1, ,-35, ,
-1, ,-35, ,
2, ,-35, ,
-1, ,-35, ,
-1, ,-35, ,
1, ,-35, ,
1, ,-35, ,
-1, ,-35, ,
2, ,-35, ,
-1, ,-35, ,
-1, ,-35, ,
2, ,-35, ,
-1, ,-35, ,
-1, ,-35, ,
2, ,-35, ,
-1, ,-35, ,
-1, ,-34, ,
1, ,-35, ,
1, ,-35, ,
-1, ,-35, ,
2, ,-35, ,
-1, ,-35, ,
-1, ,-35, ,
1, ,-35, ,
1, ,-35, ,
-1, ,-35, ,
2, ,-35, ,
-1, ,-35, ,
-1, ,-35, ,
1, ,-35, ,
1, ,-35, ,
-2, ,-35, ,
2, ,-35, ,
-1, ,-35, ,
-1, ,-35, ,
1, ,-35, ,
1, ,-35, ,
-1, ,-35, ,
2, ,-35, ,
-1, ,-35, ,
-1, ,-35, ,
1, ,-35, ,
1, ,-35, ,
-1, ,-35, ,
1, ,-35, ,
-1, ,-35, ,
-1, ,-35, ,
1, ,-35, ,
1, ,-35, ,
-2, ,-35, ,
2, ,-35, ,
-1, ,-35, ,
-1, ,-35, ,
1, ,-35, ,
1, ,-35, ,
-1, ,-35, ,
2, ,-34, ,
-1, ,-35, ,
-1, ,-35, ,
1, ,-35, ,
1, ,-35, ,
-1, ,-35, ,
2, ,-35, ,
-1, ,-35, ,
-1, ,-34, ,
1, ,-35, ,
1, ,-35, ,
-1, ,-35, ,
1, ,-35, ,
-1, ,-35, ,
-1, ,-35, ,
1, ,-35, ,
-1, ,-35, ,
-2, ,-35, ,
1, ,-34, ,
-1, ,-35, ,
-1, ,-35, ,
1, ,-35, ,
1, ,-35, ,
-2, ,-35, ,
2, ,-35, ,
-1, ,-34, ,
-1, ,-35, ,
1, ,-35, ,
1, ,-35, ,
-2, ,-35, ,
2, ,-34, ,
-1, ,-35, ,
-1, ,-35, ,
1, ,-35, ,
1, ,-35, ,
-2, ,-35, ,
2, ,-35, ,
-1, ,-35, ,
-1, ,-35, ,
1, ,-35, ,
1, ,-35, ,
-2, ,-35, ,
2, ,-34, ,
-1, ,-35, ,
-1, ,-35, ,
1, ,-35, ,
1, ,-35, ,
-1, ,-35, ,
2, ,-34, ,
-1, ,-35, ,
-1, ,-34, ,
1, ,-35, ,
1, ,-35, ,
-1, ,-35, ,
2, ,-35, ,
-1, ,-35, ,
-1, ,-34, ,
1, ,-35, ,
1, ,-35, ,
-2, ,-35, ,
2, ,-34, ,
-1, ,-35, ,
-1, ,-35, ,
1, ,-35, ,
1, ,-35, ,
-1, ,-35, ,
2, ,-34, ,
-1, ,-35, ,
-1, ,-35, ,
2, ,-35, ,
1, ,-35, ,
-2, ,-35, ,
1, ,-34, ,
-1, ,-35, ,
-1, ,-35, ,
1, ,-35, ,
1, ,-35, ,
-1, ,-35, ,
2, ,-35, ,
-1, ,-35, ,
-1, ,-34, ,
1, ,-35, ,
1, ,-35, ,
-1, ,-35, ,
1, ,-35, ,
-1, ,-35, ,
-1, ,-35, ,
1, ,-35, ,
1, ,-35, ,
-1, ,-35, ,
2, ,-34, ,
-1, ,-35, ,
-1, ,-35, ,
1, ,-35, ,
1, ,-35, ,
-1, ,-35, ,
1, ,-35, ,
-1, ,-34, ,
-1, ,-35, ,
2, ,-34, ,
1, ,-35, ,
-2, ,-35, ,
2, ,-34, ,
-1, ,-35, ,
-1, ,-35, ,
1, ,-35, ,
1, ,-35, ,
-1, ,-35, ,
2, ,-35, ,
-1, ,-35, ,
-1, ,-35, ,
1, ,-35, ,
1, ,-35, ,
-2, ,-35, ,
2, ,-35, ,
-1, ,-35, ,
-1, ,-34, ,
1, ,-35, ,
1, ,-35, ,
-1, ,-35, ,
2, ,-35, ,
-1, ,-35, ,
-1, ,-35, ,
1, ,-35, ,
1, ,-35, ,
-1, ,-35, ,
1, ,-35, ,
-1, ,-35, ,
-1, ,-35, ,
1, ,-35, ,
1, ,-35, ,
-1, ,-35, ,
1, ,-35, ,
-1, ,-35, ,
-1, ,-35, ,
1, ,-35, ,
1, ,-35, ,
-2, ,-35, ,
1, ,-35, ,
-1, ,-35, ,
-1, ,-35, ,
1, ,-35, ,
1, ,-35, ,
-1, ,-35, ,
2, ,-35, ,
-1, ,-35, ,
-1, ,-35, ,
1, ,-35, ,
-1, ,-35, ,
-2, ,-35, ,
1, ,-35, ,
-1, ,-35, ,
-1, ,-35, ,
1, ,-35, ,
1, ,-35, ,
-1, ,-35, ,
2, ,-34, ,
-1, ,-35, ,
-1, ,-35, ,
1, ,-35, ,
-1, ,-35, ,
-1, ,-35, ,
2, ,-34, ,
-1, ,-35, ,
-1, ,-35, ,
1, ,-35, ,
1, ,-35, ,
-2, ,-35, ,
1, ,-34, ,
-1, ,-35, ,
-1, ,-35, ,
1, ,-35, ,
1, ,-35, ,
-2, ,-35, ,
2, ,-34, ,
-1, ,-35, ,
-1, ,-34, ,
1, ,-35, ,
1, ,-35, ,
-2, ,-35, ,
2, ,-34, ,
-1, ,-35, ,
-1, ,-35, ,
1, ,-35, ,
1, ,-35, ,
-1, ,-35, ,
2, ,-34, ,
-1, ,-35, ,
-1, ,-35, ,
1, ,-35, ,
1, ,-35, ,
-2, ,-35, ,
1, ,-35, ,
-1, ,-35, ,
-1, ,-35, ,
1, ,-35, ,
1, ,-35, ,
-1, ,-35, ,
2, ,-35, ,
-1, ,-35, ,
-1, ,-34, ,
1, ,-35, ,
1, ,-35, ,
-2, ,-34, ,
1, ,-34, ,
-1, ,-35, ,
-1, ,-35, ,
1, ,-35, ,
1, ,-35, ,
-1, ,-35, ,
2, ,-35, ,
-1, ,-35, ,
-1, ,-35, ,
1, ,-35, ,
1, ,-35, ,
-1, ,-34, ,
1, ,-35, ,
-1, ,-35, ,
-1, ,-35, ,
2, ,-35, ,
1, ,-35, ,
-1, ,-35, ,
2, ,-35, ,
-1, ,-35, ,
-1, ,-35, ,
1, ,-35, ,
1, ,-35, ,
-1, ,-35, ,
1, ,-35, ,
-1, ,-35, ,
-1, ,-35, ,
1, ,-35, ,
1, ,-35, ,
-1, ,-35, ,
2, ,-35, ,
-1, ,-35, ,
-1, ,-35, ,
1, ,-35, ,
1, ,-35, ,
-2, ,-35, ,
2, ,-35, ,
-1, ,-35, ,
-1, ,-35, ,
1, ,-35, ,
1, ,-35, ,
-1, ,-35, ,
2, ,-35, ,
-1, ,-35, ,
-1, ,-35, ,
1, ,-35, ,
1, ,-35, ,
-2, ,-35, ,
1, ,-34, ,
-1, ,-35, ,
-1, ,-35, ,
1, ,-35, ,
1, ,-34, ,
-2, ,-35, ,
2, ,-34, ,
-1, ,-35, ,
-1, ,-35, ,
1, ,-35, ,
-1, ,-35, ,
-2, ,-35, ,
2, ,-35, ,
-1, ,-35, ,
-1, ,-35, ,
1, ,-35, ,
1, ,-35, ,
-1, ,-35, ,
2, ,-34, ,
-1, ,-35, ,
-1, ,-35, ,
1, ,-35, ,
1, ,-35, ,
-2, ,-35, ,
2, ,-35, ,
-1, ,-35, ,
-1, ,-35, ,
1, ,-35, ,
1, ,-34, ,
-1, ,-35, ,
2, ,-34, ,
-1, ,-35, ,
-1, ,-35, ,
1, ,-35, ,
1, ,-35, ,
-1, ,-35, ,
1, ,-35, ,
-1, ,-35, ,
-1, ,-35, ,
1, ,-35, ,
1, ,-35, ,
-2, ,-35, ,
2, ,-35, ,
-1, ,-35, ,
-1, ,-35, ,
1, ,-35, ,
1, ,-35, ,
-1, ,-35, ,
2, ,-35, ,
-1, ,-35, ,
-1, ,-35, ,
1, ,-35, ,
-1, ,-34, ,
-1, ,-35, ,
2, ,-34, ,
-1, ,-35, ,
86, ,-35, ,
67, ,-35, ,
40, ,-35, ,
25, ,-35, ,
17, ,-35, ,
11, ,-35, ,
7, ,-35, ,
6, ,-35, ,
5, ,-35, ,
2, ,-35, ,
3, ,-34, ,
2, ,-35, ,
2, ,-35, ,
3, ,-35, ,
2, ,-35, ,
1, ,-34, ,
3, ,-34, ,
2, ,-35, ,
2, ,-35, ,
2, ,-35, ,
2, ,-35, ,
1, ,-35, ,
3, ,-34, ,
2, ,-35, ,
2, ,-35, ,
3, ,-35, ,
2, ,-35, ,
1, ,-35, ,
3, ,-34, ,
2, ,-35, ,
2, ,-35, ,
2, ,-35, ,
2, ,-35, ,
1, ,-35, ,
3, ,-34, ,
1, ,-35, ,
2, ,-35, ,
3, ,-35, ,
3, ,-35, ,
1, ,-35, ,
3, ,-35, ,
2, ,-35, ,
2, ,-35, ,
2, ,-35, ,
2, ,-35, ,
1, ,-35, ,
3, ,-35, ,
1, ,-35, ,
1, ,-35, ,
3, ,-35, ,
2, ,-35, ,
1, ,-35, ,
3, ,-34, ,
2, ,-35, ,
2, ,-35, ,
2, ,-35, ,
2, ,-35, ,
1, ,-35, ,
3, ,-34, ,
2, ,-35, ,
1, ,-35, ,
3, ,-35, ,
2, ,-35, ,
1, ,-35, ,
3, ,-35, ,
2, ,-35, ,
2, ,-35, ,
3, ,-35, ,
2, ,-35, ,
1, ,-35, ,
3, ,-34, ,
1, ,-35, ,
1, ,-35, ,
3, ,-35, ,
2, ,-35, ,
1, ,-35, ,
3, ,-35, ,
1, ,-35, ,
2, ,-35, ,
2, ,-35, ,
2, ,-35, ,
10, ,-35, ,
18, ,-34, ,
12, ,-35, ,
8, ,-35, ,
7, ,-35, ,
6, ,-35, ,
3, ,-35, ,
5, ,-35, ,
2, ,-35, ,
2, ,-35, ,
3, ,-35, ,
3, ,-35, ,
1, ,-35, ,
5, ,-34, ,
2, ,-35, ,
1, ,-35, ,
3, ,-35, ,
3, ,-35, ,
1, ,-35, ,
5, ,-35, ,
2, ,-35, ,
2, ,-35, ,
2, ,-35, ,
2, ,-35, ,
1, ,-35, ,
3, ,-34, ,
2, ,-35, ,
2, ,-35, ,
3, ,-35, ,
2, ,-35, ,
1, ,-35, ,
3, ,-35, ,
2, ,-35, ,
2, ,-35, ,
2, ,-35, ,
2, ,-35, ,
1, ,-35, ,
5, ,-34, ,
2, ,-35, ,
1, ,-35, ,
3, ,-35, ,
3, ,-35, ,
1, ,-34, ,
3, ,-35, ,
2, ,-35, ,
2, ,-35, ,
2, ,-35, ,
2, ,-35, ,
1, ,-35, ,
3, ,-34, ,
2, ,-35, ,
2, ,-35, ,
3, ,-35, ,
2, ,-35, ,
1, ,-35, ,
5, ,-35, ,
2, ,-35, ,
2, ,-35, ,
2, ,-35, ,
2, ,-34, ,
1, ,-35, ,
3, ,-35, ,
2, ,-35, ,
1, ,-35, ,
3, ,-35, ,
2, ,-35, ,
1, ,-35, ,
3, ,-35, ,
2, ,-35, ,
2, ,-35, ,
3, ,-35, ,
2, ,-35, ,
1, ,-35, ,
5, ,-35, ,
2, ,-35, ,
1, ,-35, ,
3, ,-35, ,
2, ,-35, ,
1, ,-35, ,
3, ,-34, ,
2, ,-35, ,
1, ,-35, ,
2, ,-35, ,
2, ,-35, ,
1, ,-35, ,
3, ,-34, ,
2, ,-35, ,
1, ,-35, ,
3, ,-35, ,
2, ,-35, ,
1, ,-35, ,
3, ,-35, ,
2, ,-35, ,
1, ,-35, ,
2, ,-35, ,
2, ,-35, ,
1, ,-35, ,
3, ,-35, ,
2, ,-35, ,
1, ,-35, ,
2, ,-35, ,
2, ,-35, ,
1, ,-35, ,
3, ,-34, ,
1, ,-35, ,
1, ,-35, ,
2, ,-35, ,
2, ,-35, ,
1, ,-35, ,
3, ,-35, ,
2, ,-35, ,
1, ,-35, ,
2, ,-35, ,
2, ,-35, ,
1, ,-35, ,
3, ,-35, ,
1, ,-35, ,
1, ,-35, ,
2, ,-35, ,
2, ,-35, ,
1, ,-35, ,
3, ,-35, ,
1, ,-35, ,
1, ,-34, ,
2, ,-35, ,
2, ,-35, ,
1, ,-35, ,
3, ,-35, ,
1, ,-35, ,
1, ,-35, ,
2, ,-35, ,
2, ,-35, ,
-1, ,-35, ,
3, ,-34, ,
1, ,-35, ,
1, ,-35, ,
2, ,-35, ,
2, ,-35, ,
1, ,-35, ,
2, ,-35, ,
1, ,-35, ,
1, ,-35, ,
2, ,-25, ,
3, ,-5, ,
1, ,12, ,
3, ,23, ,
1, ,33, ,
1, ,39, ,
2, ,44, ,
3, ,49, ,
1, ,51, ,
2, ,53, ,
1, ,55, ,
1, ,56, ,
2, ,56, ,
2, ,57, ,
1, ,58, ,
2, ,58, ,
1, ,59, ,
1, ,59, ,
2, ,59, ,
1, ,59, ,
1, ,58, ,
2, ,59, ,
1, ,59, ,
1, ,59, ,
2, ,59, ,
2, ,59, ,
-1, ,59, ,
2, ,59, ,
1, ,59, ,
1, ,59, ,
2, ,59, ,
2, ,58, ,
-1, ,58, ,
3, ,58, ,
1, ,59, ,
1, ,58, ,
2, ,59, ,
2, ,59, ,
1, ,59, ,
3, ,58, ,
1, ,59, ,
1, ,58, ,
2, ,59, ,
2, ,58, ,
-1, ,58, ,
2, ,58, ,
1, ,59, ,
1, ,58, ,
2, ,58, ,
2, ,59, ,
-1, ,58, ,
3, ,59, ,
1, ,59, ,
1, ,58, ,
2, ,58, ,
2, ,59, ,
-1, ,58, ,
2, ,58, ,
2, ,59, ,
1, ,58, ,
2, ,58, ,
2, ,58, ,
-1, ,58, ,
3, ,58, ,
1, ,59, ,
1, ,58, ,
2, ,58, ,
2, ,58, ,
-1, ,58, ,
2, ,58, ,
1, ,59, ,
1, ,58, ,
2, ,58, ,
2, ,59, ,
-1, ,58, ,
3, ,58, ,
1, ,58, ,
1, ,58, ,
2, ,58, ,
2, ,58, ,
-1, ,58, ,
2, ,58, ,
1, ,59, ,
1, ,58, ,
2, ,58, ,
2, ,58, ,
-1, ,58, ,
3, ,58, ,
1, ,59, ,
1, ,58, ,
2, ,58, ,
2, ,58, ,
-1, ,58, ,
2, ,58, ,
1, ,59, ,
1, ,58, ,
2, ,58, ,
1, ,59, ,
-1, ,58, ,
2, ,58, ,
1, ,59, ,
1, ,58, ,
2, ,58, ,
2, ,59, ,
-1, ,58, ,
2, ,58, ,
1, ,59, ,
1, ,58, ,
2, ,58, ,
1, ,59, ,
-1, ,58, ,
2, ,58, ,
1, ,59, ,
-1, ,58, ,
2, ,58, ,
1, ,58, ,
-1, ,58, ,
2, ,58, ,
2, ,59, ,
1, ,58, ,
2, ,58, ,
2, ,58, ,
-1, ,58, ,
12, ,58, ,
41, ,59, ,
26, ,58, ,
17, ,58, ,
12, ,58, ,
6, ,58, ,
7, ,58, ,
3, ,59, ,
2, ,58, ,
3, ,58, ,
2, ,59, ,
1, ,58, ,
3, ,58, ,
2, ,59, ,
1, ,58, ,
2, ,58, ,
2, ,58, ,
1, ,58, ,
3, ,58, ,
2, ,59, ,
1, ,58, ,
2, ,58, ,
2, ,59, ,
1, ,58, ,
3, ,58, ,
2, ,59, ,
1, ,58, ,
3, ,58, ,
3, ,58, ,
1, ,58, ,
3, ,58, ,
2, ,56, ,
1, ,38, ,
2, ,19, ,
2, ,5, ,
1, ,-5, ,
3, ,-13, ,
2, ,-19, ,
1, ,-22, ,
3, ,-26, ,
2, ,-28, ,
1, ,-31, ,
3, ,-32, ,
2, ,-33, ,
1, ,-34, ,
2, ,-34, ,
2, ,-34, ,
1, ,-35, ,
3, ,-35, ,
2, ,-35, ,
1, ,-35, ,
3, ,-35, ,
3, ,-35, ,
1, ,-35, ,
3, ,-35, ,
2, ,-35, ,
2, ,-36, ,
3, ,-35, ,
2, ,-35, ,
1, ,-35, ,
3, ,-35, ,
1, ,-35, ,
1, ,-35, ,
3, ,-35, ,
2, ,-35, ,
1, ,-35, ,
3, ,-35, ,
2, ,-35, ,
2, ,-35, ,
2, ,-35, ,
2, ,-35, ,
1, ,-35, ,
3, ,-35, ,
1, ,-35, ,
2, ,-35, ,
3, ,-35, ,
3, ,-35, ,
1, ,-35, ,
3, ,-35, ,
1, ,-35, ,
2, ,-35, ,
2, ,-35, ,
2, ,-35, ,
1, ,-35, ,
3, ,-35, ,
1, ,-35, ,
1, ,-35, ,
3, ,-35, ,
2, ,-35, ,
1, ,-35, ,
3, ,-35, ,
1, ,-35, ,
2, ,-35, ,
3, ,-35, ,
2, ,-35, ,
1, ,-35, ,
3, ,-35, ,
1, ,-35, ,
2, ,-35, ,
3, ,-35, ,
2, ,-35, ,
1, ,-35, ,
3, ,-35, ,
2, ,-35, ,
2, ,-35, ,
2, ,-35, ,
2, ,-35, ,
1, ,-35, ,
3, ,-35, ,
1, ,-35, ,
1, ,-35, ,
2, ,-35, ,
2, ,-35, ,
1, ,-35, ,
3, ,-35, ,
1, ,-35, ,
2, ,-35, ,
2, ,-35, ,
2, ,-35, ,
1, ,-35, ,
3, ,-35, ,
1, ,-35, ,
1, ,-35, ,
3, ,-35, ,
2, ,-35, ,
1, ,-35, ,
3, ,-35, ,
1, ,-35, ,
1, ,-35, ,
2, ,-35, ,
2, ,-34, ,
1, ,-35, ,
3, ,-35, ,
1, ,-35, ,
1, ,-35, ,
2, ,-35, ,
2, ,-35, ,
-1, ,-35, ,
3, ,-34, ,
1, ,-35, ,
1, ,-35, ,
2, ,-35, ,
2, ,-35, ,
-1, ,-35, ,
2, ,-35, ,
1, ,-35, ,
1, ,-34, ,
2, ,-35, ,
2, ,-35, ,
1, ,-35, ,
2, ,-35, ,
1, ,-35, ,
1, ,-35, ,
2, ,-35, ,
2, ,-35, ,
-1, ,-35, ,
3, ,-34, ,
1, ,-35, ,
1, ,-34, ,
2, ,-35, ,
2, ,-35, ,
-1, ,-34, ,
2, ,-34, ,
1, ,-35, ,
1, ,-35, ,
2, ,-35, ,
2, ,-35, ,
-1, ,-35, ,
2, ,-34, ,
1, ,-35, ,
1, ,-35, ,
2, ,-35, ,
2, ,-35, ,
1, ,-35, ,
2, ,-34, ,
1, ,-35, ,
1, ,-35, ,
2, ,-35, ,
2, ,-35, ,
-1, ,-35, ,
3, ,-35, ,
1, ,-35, ,
1, ,-35, ,
2, ,-35, ,
2, ,-35, ,
-1, ,-35, ,
2, ,-35, ,
1, ,-35, ,
1, ,-35, ,
2, ,-35, ,
2, ,-35, ,
-1, ,-35, ,
3, ,-34, ,
1, ,-35, ,
1, ,-35, ,
2, ,-35, ,
2, ,-35, ,
1, ,-35, ,
2, ,-35, ,
1, ,-35, ,
1, ,-35, ,
2, ,-35, ,
2, ,-35, ,
-1, ,-35, ,
3, ,-34, ,
1, ,-35, ,
1, ,-35, ,
2, ,-35, ,
2, ,-35, ,
-1, ,-35, ,
2, ,-34, ,
1, ,-35, ,
1, ,-35, ,
2, ,-35, ,
2, ,-35, ,
-1, ,-35, ,
3, ,-34, ,
1, ,-35, ,
1, ,-34, ,
2, ,-35, ,
2, ,-35, ,
-1, ,-35, ,
3, ,-35, ,
1, ,-35, ,
1, ,-35, ,
2, ,-34, ,
2, ,-35, ,
-1, ,-35, ,
3, ,-34, ,
1, ,-35, ,
1, ,-35, ,
2, ,-35, ,
2, ,-35, ,
-1, ,-34, ,
2, ,-34, ,
1, ,-34, ,
1, ,-35, ,
2, ,-35, ,
2, ,-35, ,
-1, ,-35, ,
2, ,-34, ,
1, ,-35, ,
1, ,-34, ,
2, ,-35, ,
2, ,-35, ,
-1, ,-35, ,
2, ,-35, ,
1, ,-35, ,
1, ,-35, ,
2, ,-35, ,
2, ,-35, ,
-1, ,-35, ,
2, ,-35, ,
1, ,-35, ,
1, ,-34, ,
2, ,-35, ,
1, ,-34, ,
-1, ,-35, ,
2, ,-34, ,
1, ,-35, ,
1, ,-35, ,
2, ,-35, ,
2, ,-35, ,
-1, ,-35, ,
2, ,-34, ,
1, ,-35, ,
1, ,-35, ,
2, ,-35, ,
2, ,-35, ,
-1, ,-35, ,
2, ,-34, ,
1, ,-34, ,
1, ,-35, ,
2, ,-35, ,
2, ,-35, ,
-1, ,-35, ,
2, ,-35, ,
1, ,-35, ,
1, ,-34, ,
2, ,-35, ,
1, ,-35, ,
-1, ,-34, ,
2, ,-35, ,
1, ,-35, ,
1, ,-35, ,
2, ,-35, ,
1, ,-35, ,
-1, ,-35, ,
2, ,-35, ,
1, ,-35, ,
1, ,-35, ,
2, ,-35, ,
1, ,-35, ,
-1, ,-35, ,
2, ,-35, ,
1, ,-35, ,
1, ,-35, ,
2, ,-35, ,
1, ,-35, ,
-1, ,-34, ,
2, ,-35, ,
1, ,-35, ,
1, ,-35, ,
2, ,-35, ,
2, ,-35, ,
-1, ,-35, ,
2, ,-35, ,
1, ,-35, ,
1, ,-35, ,
2, ,-34, ,
2, ,-35, ,
-1, ,-35, ,
2, ,-35, ,
1, ,-35, ,
1, ,-35, ,
2, ,-35, ,
2, ,-35, ,
-1, ,-35, ,
2, ,-35, ,
1, ,-35, ,
1, ,-35, ,
2, ,-35, ,
2, ,-35, ,
-1, ,-35, ,
2, ,-34, ,
1, ,-35, ,
1, ,-34, ,
2, ,-35, ,
2, ,-35, ,
-1, ,-35, ,
2, ,-35, ,
1, ,-35, ,
1, ,-35, ,
2, ,-35, ,
2, ,-35, ,
-1, ,-35, ,
2, ,-35, ,
1, ,-35, ,
1, ,-34, ,
2, ,-35, ,
2, ,-35, ,
-1, ,-35, ,
2, ,-35, ,
1, ,-35, ,
1, ,-35, ,
2, ,-35, ,
2, ,-35, ,
-1, ,-35, ,
2, ,-35, ,
1, ,-35, ,
1, ,-35, ,
2, ,-35, ,
1, ,-35, ,
-1, ,-35, ,
2, ,-34, ,
1, ,-35, ,
1, ,-35, ,
2, ,-34, ,
1, ,-35, ,
-1, ,-35, ,
2, ,-34, ,
1, ,-35, ,
1, ,-34, ,
2, ,-34, ,
1, ,-35, ,
-1, ,-34, ,
2, ,-35, ,
1, ,-35, ,
1, ,-35, ,
2, ,-35, ,
1, ,-35, ,
-1, ,-35, ,
2, ,-35, ,
1, ,-35, ,
1, ,-35, ,
2, ,-35, ,
1, ,-35, ,
-1, ,-35, ,
2, ,-34, ,
1, ,-35, ,
1, ,-35, ,
2, ,-35, ,
1, ,-35, ,
-1, ,-35, ,
2, ,-34, ,
-1, ,-35, ,
1, ,-34, ,
2, ,-35, ,
1, ,-34, ,
-1, ,-35, ,
2, ,-35, ,
1, ,-35, ,
1, ,-35, ,
2, ,-35, ,
1, ,-35, ,
-1, ,-35, ,
2, ,-35, ,
-1, ,-35, ,
1, ,-35, ,
2, ,-35, ,
1, ,-35, ,
-1, ,-34, ,
2, ,-34, ,
1, ,-35, ,
1, ,-35, ,
1, ,-34, ,
1, ,-35, ,
-1, ,-35, ,
2, ,-34, ,
1, ,-35, ,
1, ,-35, ,
2, ,-35, ,
1, ,-35, ,
-1, ,-35, ,
2, ,-35, ,
1, ,-35, ,
1, ,-35, ,
2, ,-35, ,
1, ,-35, ,
-1, ,-35, ,
2, ,-34, ,
1, ,-35, ,
1, ,-35, ,
2, ,-35, ,
1, ,-35, ,
-1, ,-35, ,
2, ,-35, ,
1, ,-35, ,
1, ,-35, ,
2, ,-35, ,
1, ,-35, ,
-1, ,-35, ,
2, ,-34, ,
1, ,-35, ,
-1, ,-34, ,
2, ,-35, ,
1, ,-35, ,
-1, ,-35, ,
2, ,-35, ,
1, ,-35, ,
1, ,-35, ,
2, ,-35, ,
1, ,-35, ,
-1, ,-35, ,
2, ,-34, ,
-1, ,-35, ,
1, ,-34, ,
1, ,-35, ,
1, ,-35, ,
-1, ,-35, ,
2, ,-35, ,
1, ,-35, ,
1, ,-35, ,
1, ,-35, ,
1, ,-35, ,
-1, ,-35, ,
2, ,-35, ,
-1, ,-35, ,
-1, ,-34, ,
2, ,-35, ,
1, ,-35, ,
-1, ,-35, ,
2, ,-35, ,
1, ,-35, ,
1, ,-35, ,
2, ,-35, ,
1, ,-35, ,
-1, ,-35, ,
2, ,-34, ,
1, ,-35, ,
1, ,-34, ,
2, ,-35, ,
1, ,-35, ,
-1, ,-35, ,
2, ,-35, ,
1, ,-35, ,
1, ,-35, ,
2, ,-35, ,
1, ,-35, ,
-1, ,-35, ,
2, ,-35, ,
-1, ,-35, ,
1, ,-34, ,
2, ,-35, ,
1, ,-35, ,
-1, ,-35, ,
2, ,-35, ,
1, ,-35, ,
-1, ,-35, ,
1, ,-35, ,
1, ,-35, ,
-1, ,-35, ,
2, ,-35, ,
1, ,-35, ,
-1, ,-35, ,
2, ,-35, ,
1, ,-35, ,
-1, ,-35, ,
2, ,-35, ,
1, ,-35, ,
-1, ,-35, ,
2, ,-35, ,
1, ,-35, ,
-1, ,-35, ,
2, ,-34, ,
-1, ,-35, ,
-1, ,-34, ,
2, ,-35, ,
1, ,-35, ,
-1, ,-35, ,
2, ,-35, ,
1, ,-35, ,
1, ,-35, ,
1, ,-35, ,
1, ,-35, ,
-1, ,-35, ,
2, ,-35, ,
-1, ,-35, ,
1, ,-35, ,
1, ,-35, ,
1, ,-35, ,
-1, ,-35, ,
2, ,-35, ,
-1, ,-35, ,
-1, ,-35, ,
1, ,-35, ,
1, ,-35, ,
-1, ,-35, ,
2, ,-34, ,
1, ,-35, ,
-1, ,-34, ,
1, ,-35, ,
1, ,-35, ,
-1, ,-35, ,
2, ,-34, ,
-1, ,-35, ,
-1, ,-35, ,
2, ,-35, ,
1, ,-35, ,
-1, ,-35, ,
2, ,-35, ,
1, ,-35, ,
-1, ,-35, ,
1, ,-35, ,
1, ,-35, ,
-1, ,-35, ,
2, ,-35, ,
1, ,-35, ,
1, ,-35, ,
2, ,-35, ,
1, ,-35, ,
-1, ,-35, ,
2, ,-34, ,
-1, ,-35, ,
-1, ,-35, ,
1, ,-35, ,
1, ,-35, ,
-1, ,-35, ,
2, ,-34, ,
-1, ,-35, ,
-1, ,-35, ,
1, ,-35, ,
1, ,-35, ,
-1, ,-35, ,
2, ,-35, ,
-1, ,-35, ,
-1, ,-35, ,
2, ,-35, ,
1, ,-35, ,
-1, ,-35, ,
2, ,-35, ,
1, ,-35, ,
1, ,-35, ,
2, ,-35, ,
1, ,-35, ,
-1, ,-35, ,
2, ,-34, ,
1, ,-35, ,
1, ,-34, ,
1, ,-35, ,
1, ,-35, ,
-1, ,-35, ,
2, ,-35, ,
1, ,-35, ,
1, ,-35, ,
1, ,-35, ,
1, ,-35, ,
-1, ,-35, ,
2, ,-35, ,
-1, ,-35, ,
-1, ,-35, ,
2, ,-35, ,
1, ,-35, ,
-1, ,-35, ,
2, ,-34, ,
1, ,-35, ,
1, ,-35, ,
2, ,-35, ,
1, ,-35, ,
-1, ,-35, ,
2, ,-35, ,
-1, ,-35, ,
-1, ,-35, ,
2, ,-35, ,
1, ,-35, ,
-1, ,-35, ,
2, ,-35, ,
-1, ,-35, ,
-1, ,-35, ,
2, ,-35, ,
1, ,-34, ,
-1, ,-35, ,
2, ,-35, ,
-1, ,-35, ,
-1, ,-35, ,
2, ,-35, ,
1, ,-35, ,
-1, ,-35, ,
2, ,-35, ,
-1, ,-35, ,
-1, ,-35, ,
2, ,-35, ,
1, ,-35, ,
-1, ,-35, ,
2, ,-35, ,
-1, ,-35, ,
-1, ,-35, ,
2, ,-35, ,
1, ,-35, ,
-1, ,-35, ,
2, ,-35, ,
-1, ,-35, ,
-1, ,-35, ,
2, ,-35, ,
1, ,-35, ,
-1, ,-35, ,
2, ,-35, ,
-1, ,-35, ,
-1, ,-35, ,
1, ,-35, ,
1, ,-35, ,
-1, ,-35, ,
2, ,-35, ,
-1, ,-35, ,
-1, ,-35, ,
2, ,-35, ,
1, ,-34, ,
-1, ,-35, ,
2, ,-35, ,
-1, ,-35, ,
-1, ,-35, ,
1, ,-35, ,
1, ,-35, ,
-1, ,-35, ,
2, ,-35, ,
-1, ,-35, ,
-1, ,-35, ,
1, ,-35, ,
1, ,-30, ,
-1, ,-11, ,
2, ,7, ,
1, ,21, ,
-1, ,31, ,
2, ,38, ,
1, ,43, ,
-1, ,47, ,
2, ,50, ,
-1, ,53, ,
-1, ,54, ,
1, ,56, ,
1, ,57, ,
-1, ,57, ,
1, ,57, ,
-1, ,58, ,
-1, ,58, ,
1, ,58, ,
1, ,59, ,
-1, ,59, ,
1, ,59, ,
-1, ,59, ,
-1, ,59, ,
1, ,59, ,
1, ,59, ,
-1, ,59, ,
2, ,59, ,
-1, ,59, ,
-1, ,59, ,
1, ,59, ,
1, ,59, ,
-1, ,59, ,
2, ,58, ,
-1, ,59, ,
-1, ,58, ,
1, ,58, ,
1, ,59, ,
-1, ,58, ,
2, ,58, ,
-1, ,59, ,
-1, ,58, ,
1, ,58, ,
1, ,58, ,
-1, ,59, ,
2, ,59, ,
-1, ,59, ,
82, ,58, ,
52, ,59, ,
31, ,59, ,
20, ,59, ,
15, ,58, ,
8, ,59, ,
6, ,58, ,
5, ,58, ,
3, ,59, ,
2, ,58, ,
3, ,58, ,
2, ,59, ,
2, ,58, ,
3, ,58, ,
2, ,59, ,
1, ,58, ,
3, ,58, ,
2, ,59, ,
2, ,58, ,
3, ,58, ,
3, ,58, ,
1, ,58, ,
3, ,58, ,
2, ,59, ,
2, ,58, ,
3, ,59, ,
2, ,59, ,
1, ,59, ,
3, ,58, ,
2, ,59, ,
1, ,58, ,
3, ,58, ,
2, ,58, ,
1, ,58, ,
3, ,58, ,
2, ,59, ,
1, ,58, ,
2, ,58, ,
2, ,59, ,
1, ,58, ,
3, ,58, ,
2, ,59, ,
1, ,58, ,
3, ,58, ,
2, ,59, ,
1, ,58, ,
3, ,58, ,
2, ,59, ,
1, ,58, ,
2, ,58, ,
2, ,58, ,
1, ,59, ,
3, ,58, ,
2, ,59, ,
1, ,58, ,
3, ,58, ,
2, ,58, ,
1, ,58, ,
2, ,58, ,
2, ,59, ,
1, ,58, ,
3, ,58, ,
2, ,59, ,
1, ,58, ,
3, ,58, ,
1, ,59, ,
1, ,58, ,
2, ,58, ,
2, ,58, ,
1, ,58, ,
2, ,58, ,
2, ,59, ,
1, ,57, ,
2, ,58, ,
2, ,59, ,
1, ,59, ,
3, ,58, ,
1, ,59, ,
1, ,58, ,
2, ,58, ,
2, ,58, ,
1, ,58, ,
2, ,58, ,
2, ,59, ,
1, ,58, ,
2, ,58, ,
2, ,58, ,
1, ,58, ,
3, ,58, ,
2, ,58, ,
1, ,58, ,
2, ,58, ,
2, ,58, ,
1, ,58, ,
3, ,58, ,
2, ,59, ,
1, ,58, ,
2, ,58, ,
2, ,58, ,
1, ,58, ,
2, ,58, ,
2, ,59, ,
1, ,58, ,
2, ,58, ,
2, ,59, ,
1, ,58, ,
3, ,58, ,
1, ,59, ,
1, ,57, ,
2, ,43, ,
1, ,24, ,
-1, ,8, ,
2, ,-2, ,
1, ,-11, ,
1, ,-17, ,
2, ,-21, ,
2, ,-25, ,
1, ,-27, ,
2, ,-30, ,
1, ,-32, ,
1, ,-33, ,
2, ,-33, ,
2, ,-34, ,
1, ,-35, ,
3, ,-35, ,
1, ,-35, ,
1, ,-35, ,
2, ,-35, ,
2, ,-35, ,
1, ,-35, ,
2, ,-35, ,
1, ,-36, ,
1, ,-36, ,
2, ,-36, ,
2, ,-35, ,
1, ,-36, ,
3, ,-35, ,
1, ,-35, ,
1, ,-35, ,
2, ,-35, ,
2, ,-35, ,
1, ,-35, ,
2, ,-35, ,
1, ,-35, ,
1, ,-35, ,
2, ,-35, ,
2, ,-35, ,
1, ,-35, ,
3, ,-35, ,
1, ,-35, ,
1, ,-35, ,
2, ,-35, ,
2, ,-35, ,
1, ,-35, ,
2, ,-35, ,
1, ,-35, ,
1, ,-35, ,
2, ,-35, ,
2, ,-35, ,
1, ,-35, ,
3, ,-35, ,
1, ,-35, ,
1, ,-35, ,
2, ,-35, ,
2, ,-35, ,
-1, ,-35, ,
3, ,-35, ,
1, ,-35, ,
1, ,-35, ,
2, ,-35, ,
2, ,-35, ,
1, ,-35, ,
2, ,-35, ,
1, ,-35, ,
1, ,-35, ,
2, ,-35, ,
2, ,-35, ,
-1, ,-35, ,
2, ,-35, ,
1, ,-35, ,
1, ,-35, ,
2, ,-35, ,
2, ,-35, ,
1, ,-35, ,
2, ,-35, ,
1, ,-35, ,
1, ,-34, ,
2, ,-35, ,
2, ,-35, ,
1, ,-35, ,
2, ,-35, ,
1, ,-35, ,
1, ,-35, ,
2, ,-35, ,
2, ,-35, ,
-1, ,-35, ,
2, ,-35, ,
1, ,-35, ,
1, ,-35, ,
2, ,-35, ,
2, ,-35, ,
1, ,-35, ,
2, ,-35, ,
1, ,-35, ,
1, ,-35, ,
2, ,-35, ,
2, ,-35, ,
1, ,-35, ,
3, ,-35, ,
1, ,-35, ,
1, ,-35, ,
2, ,-35, ,
2, ,-35, ,
-1, ,-35, ,
2, ,-35, ,
1, ,-35, ,
1, ,-35, ,
2, ,-35, ,
2, ,-35, ,
-1, ,-35, ,
2, ,-35, ,
1, ,-35, ,
1, ,-34, ,
1, ,-35, ,
2, ,-35, ,
-1, ,-34, ,
1, ,-35, ,
1, ,-35, ,
1, ,-35, ,
1, ,-35, ,
1, ,-35, ,
-1, ,-35, ,
2, ,-35, ,
1, ,-35, ,
1, ,-35, ,
2, ,-35, ,
2, ,-35, ,
-1, ,-35, ,
2, ,-35, ,
1, ,-35, ,
1, ,-35, ,
2, ,-35, ,
2, ,-35, ,
-1, ,-35, ,
2, ,-35, ,
1, ,-35, ,
1, ,-35, ,
2, ,-35, ,
2, ,-35, ,
-1, ,-35, ,
2, ,-34, ,
1, ,-35, ,
1, ,-35, ,
1, ,-35, ,
2, ,-35, ,
-1, ,-35, ,
2, ,-35, ,
1, ,-35, ,
1, ,-34, ,
2, ,-35, ,
1, ,-35, ,
-1, ,-35, ,
2, ,-34, ,
1, ,-35, ,
1, ,-35, ,
2, ,-35, ,
2, ,-35, ,
-1, ,-35, ,
2, ,-34, ,
1, ,-35, ,
1, ,-35, ,
2, ,-35, ,
2, ,-35, ,
-1, ,-35, ,
2, ,-35, ,
1, ,-35, ,
1, ,-35, ,
2, ,-35, ,
1, ,-35, ,
-1, ,-35, ,
2, ,-34, ,
1, ,-35, ,
1, ,-34, ,
1, ,-35, ,
1, ,-35, ,
-1, ,-35, ,
2, ,-35, ,
1, ,-35, ,
1, ,-35, ,
2, ,-35, ,
1, ,-35, ,
-1, ,-35, ,
2, ,-34, ,
1, ,-35, ,
1, ,-35, ,
1, ,-35, ,
1, ,-35, ,
-1, ,-35, ,
2, ,-35, ,
1, ,-35, ,
1, ,-35, ,
2, ,-35, ,
1, ,-35, ,
-1, ,-35, ,
2, ,-35, ,
1, ,-35, ,
1, ,-35, ,
2, ,-35, ,
1, ,-35, ,
-1, ,-35, ,
2, ,-34, ,
1, ,-35, ,
1, ,-35, ,
2, ,-35, ,
2, ,-35, ,
-1, ,-35, ,
2, ,-35, ,
1, ,-35, ,
1, ,-34, ,
2, ,-35, ,
1, ,-35, ,
-1, ,-35, ,
2, ,-35, ,
1, ,-35, ,
1, ,-35, ,
2, ,-35, ,
1, ,-35, ,
-1, ,-35, ,
2, ,-35, ,
1, ,-35, ,
1, ,-35, ,
2, ,-35, ,
1, ,-35, ,
-1, ,-35, ,
2, ,-35, ,
1, ,-35, ,
1, ,-35, ,
2, ,-35, ,
1, ,-35, ,
-1, ,-35, ,
2, ,-35, ,
1, ,-35, ,
-1, ,-35, ,
2, ,-35, ,
1, ,-35, ,
-1, ,-35, ,
2, ,-35, ,
1, ,-35, ,
1, ,-35, ,
2, ,-35, ,
1, ,-35, ,
-1, ,-35, ,
2, ,-35, ,
1, ,-35, ,
-1, ,-34, ,
2, ,-35, ,
1, ,-35, ,
-1, ,-35, ,
1, ,-35, ,
1, ,-35, ,
1, ,-35, ,
2, ,-35, ,
1, ,-35, ,
-1, ,-35, ,
2, ,-34, ,
-1, ,-35, ,
-1, ,-35, ,
1, ,-35, ,
1, ,-35, ,
-1, ,-35, ,
2, ,-35, ,
-1, ,-35, ,
1, ,-35, ,
2, ,-35, ,
1, ,-35, ,
-1, ,-35, ,
2, ,-35, ,
-1, ,-35, ,
-1, ,-34, ,
2, ,-35, ,
1, ,-35, ,
-1, ,-35, ,
2, ,-35, ,
1, ,-35, ,
1, ,-35, ,
2, ,-35, ,
1, ,-35, ,
-1, ,-35, ,
2, ,-35, ,
-1, ,-35, ,
-1, ,-35, ,
2, ,-35, ,
1, ,-35, ,
-1, ,-35, ,
2, ,-35, ,
1, ,-35, ,
1, ,-35, ,
2, ,-35, ,
1, ,-35, ,
-1, ,-35, ,
2, ,-35, ,
1, ,-35, ,
-1, ,-34, ,
2, ,-35, ,
1, ,-35, ,
-1, ,-34, ,
2, ,-35, ,
1, ,-35, ,
1, ,-35, ,
2, ,-35, ,
1, ,-35, ,
-1, ,-35, ,
2, ,-35, ,
-1, ,-35, ,
1, ,-35, ,
2, ,-35, ,
1, ,-35, ,
-1, ,-35, ,
1, ,-35, ,
1, ,-35, ,
1, ,-35, ,
2, ,-34, ,
1, ,-35, ,
-1, ,-35, ,
2, ,-34, ,
1, ,-35, ,
-1, ,-35, ,
2, ,-35, ,
1, ,-35, ,
-1, ,-34, ,
2, ,-35, ,
1, ,-35, ,
1, ,-35, ,
2, ,-35, ,
1, ,-35, ,
-1, ,-35, ,
2, ,-35, ,
1, ,-35, ,
-1, ,-35, ,
2, ,-35, ,
1, ,-35, ,
-1, ,-35, ,
1, ,-35, ,
1, ,-35, ,
1, ,-35, ,
1, ,-35, ,
1, ,-35, ,
-1, ,-35, ,
2, ,-35, ,
-1, ,-35, ,
-1, ,-35, ,
2, ,-35, ,
1, ,-35, ,
-1, ,-35, ,
1, ,-35, ,
-1, ,-35, ,
-1, ,-35, ,
2, ,-35, ,
1, ,-35, ,
-1, ,-35, ,
2, ,-34, ,
1, ,-35, ,
-1, ,-35, ,
1, ,-35, ,
1, ,-35, ,
-1, ,-35, ,
2, ,-35, ,
1, ,-35, ,
1, ,-35, ,
1, ,-35, ,
1, ,-35, ,
-1, ,-35, ,
2, ,-35, ,
-1, ,-35, ,
-1, ,-35, ,
1, ,-35, ,
1, ,-35, ,
-1, ,-35, ,
1, ,-34, ,
-1, ,-35, ,
-1, ,-35, ,
1, ,-35, ,
1, ,-35, ,
-1, ,-35, ,
2, ,-35, ,
-1, ,-35, ,
-1, ,-35, ,
2, ,-35, ,
1, ,-35, ,
-1, ,-35, ,
1, ,-35, ,
-1, ,-35, ,
-1, ,-35, ,
2, ,-35, ,
1, ,-35, ,
-1, ,-35, ,
2, ,-35, ,
-1, ,-35, ,
-1, ,-35, ,
2, ,-35, ,
1, ,-35, ,
-1, ,-35, ,
1, ,-34, ,
-1, ,-35, ,
-1, ,-35, ,
2, ,-35, ,
1, ,-35, ,
-1, ,-35, ,
2, ,-35, ,
-1, ,-35, ,
-1, ,-35, ,
2, ,-35, ,
1, ,-35, ,
-1, ,-35, ,
1, ,-35, ,
-1, ,-35, ,
1, ,-35, ,
2, ,-35, ,
1, ,-35, ,
-1, ,-35, ,
2, ,-34, ,
-1, ,-35, ,
-1, ,-35, ,
2, ,-35, ,
1, ,-35, ,
-1, ,-35, ,
2, ,-35, ,
-1, ,-35, ,
-1, ,-35, ,
2, ,-35, ,
1, ,-35, ,
-1, ,-35, ,
2, ,-35, ,
-1, ,-35, ,
1, ,-35, ,
2, ,-35, ,
1, ,-35, ,
-1, ,-35, ,
2, ,-35, ,
-1, ,-35, ,
-1, ,-35, ,
1, ,-35, ,
1, ,-35, ,
-1, ,-35, ,
2, ,-35, ,
-1, ,-35, ,
-1, ,-35, ,
2, ,-35, ,
1, ,-35, ,
-1, ,-35, ,
2, ,-35, ,
1, ,-35, ,
-1, ,-35, ,
2, ,-35, ,
1, ,-35, ,
-1, ,-35, ,
2, ,-34, ,
-1, ,-35, ,
-1, ,-35, ,
2, ,-35, ,
1, ,-35, ,
-1, ,-34, ,
2, ,-35, ,
1, ,-35, ,
-1, ,-35, ,
2, ,-35, ,
1, ,-35, ,
-1, ,-35, ,
2, ,-35, ,
-1, ,-35, ,
-1, ,-35, ,
1, ,-35, ,
1, ,-35, ,
-1, ,-35, ,
1, ,-35, ,
1, ,-35, ,
-1, ,-35, ,
2, ,-35, ,
1, ,-35, ,
-1, ,-35, ,
2, ,-34, ,
-1, ,-35, ,
-1, ,-35, ,
2, ,-35, ,
1, ,-35, ,
-1, ,-34, ,
1, ,-35, ,
1, ,-35, ,
-1, ,-35, ,
1, ,-35, ,
1, ,-35, ,
-1, ,-35, ,
1, ,-34, ,
-1, ,-35, ,
-1, ,-35, ,
1, ,-35, ,
1, ,-35, ,
-1, ,-35, ,
1, ,-34, ,
-1, ,-35, ,
-1, ,-35, ,
1, ,-35, ,
1, ,-34, ,
-1, ,-35, ,
1, ,-35, ,
-1, ,-35, ,
-1, ,-35, ,
1, ,-35, ,
1, ,-35, ,
-2, ,-35, ,
1, ,-34, ,
-1, ,-35, ,
-1, ,-35, ,
1, ,-35, ,
1, ,-35, ,
-1, ,-35, ,
2, ,-34, ,
-1, ,-35, ,
-1, ,-35, ,
1, ,-35, ,
1, ,-35, ,
-1, ,-35, ,
1, ,-35, ,
-1, ,-35, ,
-1, ,-35, ,
1, ,-35, ,
1, ,-35, ,
-1, ,-35, ,
1, ,-35, ,
-1, ,-35, ,
-1, ,-35, ,
1, ,-35, ,
1, ,-35, ,
-2, ,-35, ,
1, ,-34, ,
-1, ,-35, ,
-1, ,-35, ,
1, ,-35, ,
1, ,-35, ,
-1, ,-35, ,
2, ,-34, ,
-1, ,-35, ,
-1, ,-35, ,
1, ,-35, ,
1, ,-35, ,
-1, ,-35, ,
1, ,-35, ,
-1, ,-35, ,
-1, ,-35, ,
2, ,-35, ,
1, ,-35, ,
-1, ,-35, ,
1, ,-35, ,
-1, ,-35, ,
-1, ,-35, ,
2, ,-35, ,
1, ,-35, ,
-1, ,-35, ,
1, ,-35, ,
-1, ,-35, ,
-1, ,-35, ,
2, ,-35, ,
1, ,-35, ,
-1, ,-35, ,
2, ,-35, ,
-1, ,-35, ,
-1, ,-35, ,
2, ,-35, ,
1, ,-35, ,
-1, ,-35, ,
1, ,-35, ,
-1, ,-35, ,
-1, ,-35, ,
2, ,-35, ,
1, ,-35, ,
-1, ,-35, ,
1, ,-35, ,
-1, ,-35, ,
-1, ,-35, ,
2, ,-35, ,
1, ,-35, ,
-1, ,-35, ,
2, ,-35, ,
-1, ,-35, ,
-1, ,-35, ,
1, ,-35, ,
1, ,-35, ,
-1, ,-35, ,
2, ,-35, ,
-1, ,-35, ,
-1, ,-35, ,
1, ,-35, ,
1, ,-35, ,
-1, ,-35, ,
1, ,-35, ,
-1, ,-35, ,
-1, ,-35, ,
1, ,-35, ,
1, ,-35, ,
-1, ,-35, ,
2, ,-35, ,
-1, ,-35, ,
-1, ,-35, ,
2, ,-35, ,
1, ,-35, ,
-1, ,-35, ,
1, ,-35, ,
-1, ,-35, ,
-1, ,-35, ,
1, ,-35, ,
1, ,-35, ,
-1, ,-35, ,
2, ,-35, ,
-1, ,-35, ,
-1, ,-35, ,
1, ,-35, ,
1, ,-35, ,
-1, ,-35, ,
1, ,-35, ,
-1, ,-35, ,
-1, ,-35, ,
2, ,-35, ,
1, ,-35, ,
-2, ,-35, ,
2, ,-35, ,
-1, ,-35, ,
-1, ,-35, ,
1, ,-35, ,
1, ,-35, ,
-1, ,-35, ,
1, ,-35, ,
-1, ,-35, ,
-1, ,-35, ,
1, ,-35, ,
1, ,-35, ,
-1, ,-33, ,
2, ,-16, ,
-1, ,2, ,
-1, ,17, ,
1, ,27, ,
1, ,36, ,
-1, ,42, ,
1, ,46, ,
-1, ,50, ,
-1, ,52, ,
1, ,54, ,
-1, ,56, ,
-1, ,56, ,
1, ,57, ,
-1, ,58, ,
-1, ,58, ,
2, ,58, ,
1, ,58, ,
-1, ,58, ,
1, ,58, ,
-1, ,59, ,
-1, ,58, ,
1, ,59, ,
-1, ,59, ,
-2, ,59, ,
1, ,59, ,
-1, ,59, ,
-1, ,59, ,
1, ,59, ,
-1, ,59, ,
-1, ,59, ,
1, ,58, ,
-1, ,59, ,
-1, ,58, ,
2, ,59, ,
-1, ,59, ,
-2, ,59, ,
2, ,59, ,
-1, ,59, ,
-1, ,58, ,
1, ,58, ,
1, ,59, ,
-2, ,58, ,
1, ,58, ,
-1, ,59, ,
-1, ,58, ,
1, ,58, ,
-1, ,59, ,
-1, ,58, ,
1, ,58, ,
-1, ,59, ,
-1, ,58, ,
1, ,58, ,
1, ,58, ,
-1, ,58, ,
2, ,58, ,
-1, ,59, ,
-1, ,58, ,
2, ,58, ,
1, ,59, ,
-1, ,58, ,
2, ,58, ,
-1, ,59, ,
-1, ,58, ,
2, ,58, ,
1, ,58, ,
-1, ,58, ,
1, ,58, ,
-1, ,59, ,
-1, ,58, ,
1, ,58, ,
1, ,58, ,
-1, ,58, ,
2, ,58, ,
-1, ,59, ,
-1, ,58, ,
1, ,59, ,
1, ,59, ,
-1, ,58, ,
2, ,59, ,
-1, ,59, ,
-1, ,58, ,
2, ,58, ,
1, ,59, ,
-1, ,58, ,
1, ,58, ,
-1, ,59, ,
-1, ,58, ,
1, ,59, ,
1, ,59, ,
-1, ,58, ,
1, ,58, ,
-1, ,59, ,
-1, ,58, ,
1, ,58, ,
-1, ,59, ,
-1, ,58, ,
2, ,58, ,
-1, ,59, ,
-1, ,58, ,
1, ,59, ,
1, ,59, ,
-1, ,58, ,
1, ,58, ,
-1, ,59, ,
-1, ,58, ,
1, ,58, ,
-1, ,58, ,
-1, ,58, ,
1, ,58, ,
-1, ,59, ,
-1, ,58, ,
1, ,58, ,
1, ,58, ,
-2, ,58, ,
1, ,58, ,
-1, ,59, ,
-1, ,57, ,
1, ,58, ,
-1, ,59, ,
-1, ,58, ,
1, ,58, ,
-1, ,58, ,
-1, ,58, ,
1, ,59, ,
1, ,58, ,
-1, ,58, ,
1, ,58, ,
-1, ,59, ,
-1, ,58, ,
1, ,58, ,
-1, ,58, ,
-1, ,58, ,
2, ,58, ,
-1, ,59, ,
-1, ,58, ,
1, ,58, ,
1, ,59, ,
-1, ,58, ,
1, ,58, ,
-1, ,59, ,
-1, ,57, ,
1, ,58, ,
1, ,58, ,
-1, ,58, ,
2, ,58, ,
-1, ,59, ,
-1, ,58, ,
1, ,58, ,
1, ,58, ,
-2, ,58, ,
1, ,58, ,
-1, ,59, ,
-1, ,58, ,
1, ,58, ,
-1, ,50, ,
-2, ,28, ,
1, ,13, ,
-1, ,0, ,
-1, ,-8, ,
1, ,-16, ,
-1, ,-20, ,
-1, ,-24, ,
1, ,-27, ,
-1, ,-30, ,
-1, ,-31, ,
1, ,-32, ,
1, ,-33, ,
-1, ,-34, ,
1, ,-34, ,
-1, ,-35, ,
-1, ,-35, ,
1, ,-35, ,
1, ,-35, ,
-1, ,-35, ,
1, ,-35, ,
-1, ,-35, ,
-1, ,-35, ,
1, ,-35, ,
1, ,-35, ,
-2, ,-36, ,
2, ,-35, ,
-1, ,-35, ,
-1, ,-35, ,
1, ,-35, ,
1, ,-35, ,
-1, ,-35, ,
1, ,-35, ,
-1, ,-35, ,
-1, ,-35, ,
2, ,-35, ,
1, ,-35, ,
-1, ,-35, ,
1, ,-35, ,
-1, ,-35, ,
-1, ,-35, ,
1, ,-35, ,
1, ,-35, ,
-1, ,-35, ,
1, ,-35, ,
-1, ,-35, ,
-1, ,-35, ,
1, ,-35, ,
1, ,-35, ,
-1, ,-35, ,
2, ,-35, ,
-1, ,-35, ,
-1, ,-35, ,
1, ,-35, ,
1, ,-35, ,
-1, ,-35, ,
1, ,-35, ,
-1, ,-35, ,
-1, ,-35, ,
1, ,-35, ,
1, ,-35, ,
-1, ,-35, ,
1, ,-34, ,
-1, ,-35, ,
-1, ,-35, ,
1, ,-35, ,
1, ,-35, ,
-1, ,-35, ,
1, ,-35, ,
-1, ,-35, ,
-1, ,-35, ,
1, ,-35, ,
1, ,-35, ,
-2, ,-35, ,
1, ,-34, ,
-1, ,-35, ,
-1, ,-35, ,
1, ,-35, ,
1, ,-35, ,
-1, ,-35, ,
1, ,-35, ,
-1, ,-35, ,
-1, ,-35, ,
1, ,-35, ,
1, ,-35, ,
-2, ,-35, ,
1, ,-34, ,
-1, ,-35, ,
-1, ,-35, ,
1, ,-35, ,
1, ,-35, ,
-1, ,-35, ,
1, ,-35, ,
-1, ,-35, ,
-1, ,-35, ,
1, ,-35, ,
1, ,-35, ,
-1, ,-35, ,
2, ,-34, ,
-1, ,-35, ,
-1, ,-35, ,
1, ,-35, ,
1, ,-35, ,
-2, ,-35, ,
1, ,-35, ,
-1, ,-35, ,
-1, ,-35, ,
1, ,-35, ,
1, ,-35, ,
-1, ,-35, ,
2, ,-35, ,
-1, ,-35, ,
-1, ,-35, ,
1, ,-35, ,
1, ,-35, ,
-1, ,-35, ,
1, ,-35, ,
-1, ,-35, ,
-1, ,-35, ,
1, ,-35, ,
-1, ,-35, ,
-2, ,-35, ,
1, ,-34, ,
-1, ,-35, ,
-1, ,-35, ,
1, ,-35, ,
-1, ,-35, ,
-1, ,-35, ,
2, ,-34, ,
-1, ,-35, ,
-1, ,-35, ,
1, ,-35, ,
1, ,-35, ,
-2, ,-35, ,
1, ,-35, ,
-1, ,-35, ,
-1, ,-35, ,
1, ,-35, ,
1, ,-35, ,
-2, ,-34, ,
1, ,-35, ,
-1, ,-35, ,
-1, ,-35, ,
1, ,-35, ,
1, ,-35, ,
-2, ,-35, ,
2, ,-34, ,
-1, ,-35, ,
-1, ,-35, ,
1, ,-35, ,
1, ,-35, ,
-1, ,-35, ,
1, ,-34, ,
-1, ,-35, ,
-1, ,-35, ,
1, ,-35, ,
1, ,-35, ,
-1, ,-35, ,
1, ,-34, ,
-1, ,-35, ,
-1, ,-34, ,
1, ,-35, ,
1, ,-35, ,
-2, ,-35, ,
1, ,-35, ,
-1, ,-35, ,
-1, ,-35, ,
1, ,-35, ,
1, ,-35, ,
-1, ,-35, ,
2, ,-34, ,
-1, ,-35, ,
-1, ,-35, ,
1, ,-35, ,
1, ,-35, ,
-1, ,-35, ,
1, ,-34, ,
-1, ,-35, ,
-1, ,-35, ,
1, ,-35, ,
1, ,-35, ,
-2, ,-35, ,
1, ,-35, ,
-1, ,-35, ,
-1, ,-35, ,
1, ,-35, ,
1, ,-35, ,
-1, ,-35, ,
1, ,-34, ,
-1, ,-35, ,
-1, ,-35, ,
1, ,-35, ,
1, ,-35, ,
-2, ,-35, ,
2, ,-35, ,
-1, ,-35, ,
-1, ,-35, ,
1, ,-35, ,
1, ,-35, ,
-2, ,-35, ,
1, ,-35, ,
-1, ,-35, ,
-1, ,-35, ,
1, ,-35, ,
1, ,-35, ,
-1, ,-35, ,
1, ,-35, ,
-1, ,-35, ,
-1, ,-34, ,
1, ,-35, ,
-1, ,-35, ,
-1, ,-35, ,
1, ,-35, ,
-1, ,-35, ,
-1, ,-35, ,
1, ,-35, ,
1, ,-35, ,
-1, ,-35, ,
2, ,-34, ,
-1, ,-35, ,
-1, ,-35, ,
1, ,-35, ,
1, ,-35, ,
-2, ,-35, ,
1, ,-34, ,
-1, ,-35, ,
-1, ,-35, ,
1, ,-35, ,
-1, ,-35, ,
-2, ,-35, ,
2, ,-35, ,
-1, ,-35, ,
-1, ,-35, ,
1, ,-35, ,
1, ,-35, ,
-2, ,-35, ,
1, ,-35, ,
-1, ,-35, ,
-1, ,-35, ,
1, ,-35, ,
1, ,-34, ,
-2, ,-35, ,
2, ,-34, ,
-1, ,-35, ,
-1, ,-35, ,
1, ,-35, ,
1, ,-35, ,
-2, ,-35, ,
1, ,-35, ,
-1, ,-34, ,
-1, ,-35, ,
1, ,-35, ,
1, ,-35, ,
-1, ,-35, ,
2, ,-34, ,
-1, ,-35, ,
-1, ,-35, ,
1, ,-35, ,
1, ,-35, ,
-1, ,-35, ,
1, ,-35, ,
-1, ,-35, ,
-1, ,-35, ,
1, ,-35, ,
1, ,-35, ,
-2, ,-35, ,
1, ,-35, ,
-1, ,-35, ,
-1, ,-35, ,
1, ,-35, ,
1, ,-35, ,
-2, ,-35, ,
2, ,-35, ,
-1, ,-35, ,
-1, ,-35, ,
1, ,-35, ,
1, ,-34, ,
-2, ,-35, ,
2, ,-34, ,
-1, ,-35, ,
-1, ,-35, ,
1, ,-35, ,
1, ,-35, ,
-1, ,-35, ,
1, ,-34, ,
-1, ,-35, ,
-1, ,-35, ,
1, ,-35, ,
1, ,-35, ,
-2, ,-35, ,
1, ,-35, ,
-1, ,-35, ,
-1, ,-35, ,
1, ,-35, ,
1, ,-35, ,
-2, ,-35, ,
2, ,-35, ,
-1, ,-35, ,
-1, ,-35, ,
1, ,-35, ,
1, ,-35, ,
-2, ,-35, ,
2, ,-34, ,
-1, ,-35, ,
-1, ,-35, ,
1, ,-35, ,
1, ,-35, ,
-1, ,-35, ,
1, ,-35, ,
-1, ,-35, ,
-1, ,-35, ,
1, ,-35, ,
1, ,-35, ,
-1, ,-35, ,
1, ,-34, ,
-1, ,-35, ,
-1, ,-35, ,
1, ,-35, ,
1, ,-35, ,
-1, ,-35, ,
2, ,-35, ,
-1, ,-35, ,
-1, ,-35, ,
1, ,-35, ,
1, ,-35, ,
-1, ,-35, ,
2, ,-35, ,
1, ,-35, ,
-1, ,-35, ,
1, ,-35, ,
1, ,-35, ,
-1, ,-35, ,
1, ,-35, ,
-1, ,-35, ,
-1, ,-35, ,
1, ,-35, ,
1, ,-35, ,
-1, ,-35, ,
2, ,-34, ,
-1, ,-35, ,
-1, ,-35, ,
1, ,-35, ,
-1, ,-35, ,
-1, ,-35, ,
1, ,-35, ,
-1, ,-35, ,
-1, ,-35, ,
1, ,-35, ,
1, ,-35, ,
-1, ,-35, ,
1, ,-34, ,
-1, ,-35, ,
-1, ,-35, ,
1, ,-35, ,
1, ,-35, ,
-2, ,-35, ,
1, ,-35, ,
-1, ,-35, ,
-1, ,-35, ,
1, ,-35, ,
1, ,-35, ,
-2, ,-35, ,
1, ,-35, ,
-1, ,-35, ,
-1, ,-35, ,
1, ,-35, ,
-1, ,-35, ,
-2, ,-35, ,
1, ,-35, ,
-1, ,-35, ,
-1, ,-35, ,
1, ,-35, ,
1, ,-35, ,
-2, ,-35, ,
2, ,-35, ,
-1, ,-35, ,
-1, ,-35, ,
1, ,-35, ,
-1, ,-35, ,
-2, ,-35, ,
1, ,-35, ,
-1, ,-35, ,
-1, ,-35, ,
1, ,-35, ,
-1, ,-35, ,
-2, ,-35, ,
2, ,-35, ,
-1, ,-35, ,
-1, ,-35, ,
1, ,-35, ,
1, ,-35, ,
-1, ,-34, ,
1, ,-35, ,
-1, ,-35, ,
-1, ,-35, ,
1, ,-35, ,
1, ,-35, ,
-1, ,-35, ,
1, ,-34, ,
-1, ,-35, ,
-1, ,-35, ,
1, ,-35, ,
1, ,-35, ,
-1, ,-35, ,
1, ,-35, ,
-1, ,-35, ,
-1, ,-35, ,
1, ,-35, ,
1, ,-35, ,
-1, ,-35, ,
2, ,-35, ,
-1, ,-35, ,
-1, ,-35, ,
1, ,-35, ,
1, ,-35, ,
-2, ,-35, ,
1, ,-34, ,
-1, ,-35, ,
-1, ,-35, ,
1, ,-35, ,
1, ,-35, ,
-2, ,-35, ,
2, ,-34, ,
-1, ,-35, ,
-1, ,-34, ,
1, ,-35, ,
1, ,-35, ,
-2, ,-35, ,
1, ,-34, ,
-1, ,-35, ,
-1, ,-35, ,
1, ,-35, ,
1, ,-35, ,
-1, ,-35, ,
2, ,-34, ,
-1, ,-35, ,
-1, ,-35, ,
1, ,-35, ,
1, ,-35, ,
-2, ,-35, ,
1, ,-34, ,
-1, ,-35, ,
-1, ,-35, ,
1, ,-35, ,
1, ,-35, ,
-1, ,-35, ,
2, ,-35, ,
-1, ,-35, ,
-1, ,-34, ,
1, ,-35, ,
-1, ,-35, ,
-1, ,-35, ,
1, ,-35, ,
-1, ,-35, ,
-1, ,-35, ,
1, ,-35, ,
1, ,-35, ,
-1, ,-35, ,
1, ,-35, ,
-1, ,-35, ,
-1, ,-35, ,
1, ,-35, ,
1, ,-35, ,
-2, ,-35, ,
1, ,-35, ,
-1, ,-35, ,
-1, ,-35, ,
1, ,-35, ,
1, ,-35, ,
-2, ,-35, ,
2, ,-35, ,
-1, ,-35, ,
-1, ,-35, ,
1, ,-35, ,
1, ,-35, ,
-2, ,-35, ,
1, ,-35, ,
-1, ,-35, ,
-1, ,-35, ,
1, ,-35, ,
1, ,-35, ,
-2, ,-35, ,
2, ,-35, ,
-1, ,-35, ,
-1, ,-35, ,
1, ,-35, ,
1, ,-35, ,
-2, ,-35, ,
1, ,-35, ,
-1, ,-35, ,
-1, ,-35, ,
1, ,-35, ,
1, ,-35, ,
-2, ,-35, ,
2, ,-35, ,
-1, ,-35, ,
-1, ,-35, ,
1, ,-35, ,
1, ,-35, ,
-1, ,-35, ,
1, ,-35, ,
-1, ,-35, ,
-1, ,-35, ,
1, ,-35, ,
-1, ,-35, ,
-2, ,-35, ,
1, ,-34, ,
-1, ,-35, ,
-1, ,-35, ,
1, ,-35, ,
1, ,-35, ,
-2, ,-35, ,
1, ,-35, ,
-1, ,-35, ,
-1, ,-35, ,
1, ,-35, ,
1, ,-35, ,
-1, ,-35, ,
2, ,-35, ,
-1, ,-35, ,
-1, ,-35, ,
1, ,-35, ,
1, ,-35, ,
-2, ,-35, ,
1, ,-35, ,
-1, ,-35, ,
-1, ,-35, ,
2, ,-35, ,
1, ,-35, ,
-2, ,-35, ,
2, ,-35, ,
-1, ,-35, ,
-1, ,-35, ,
1, ,-35, ,
-1, ,-35, ,
-2, ,-35, ,
1, ,-35, ,
-1, ,-35, ,
-1, ,-35, ,
1, ,-35, ,
-1, ,-35, ,
-2, ,-35, ,
2, ,-34, ,
-1, ,-35, ,
-1, ,-34, ,
1, ,-35, ,
1, ,-35, ,
-1, ,-35, ,
1, ,-35, ,
-1, ,-35, ,
-1, ,-35, ,
1, ,-35, ,
1, ,-35, ,
-1, ,-35, ,
2, ,-35, ,
-1, ,-35, ,
-1, ,-35, ,
1, ,-35, ,
1, ,-35, ,
-1, ,-35, ,
1, ,-35, ,
-1, ,-35, ,
-1, ,-35, ,
2, ,-35, ,
1, ,-35, ,
-2, ,-35, ,
1, ,-35, ,
-1, ,-35, ,
-1, ,-35, ,
1, ,-35, ,
1, ,-35, ,
-1, ,-35, ,
1, ,-35, ,
-1, ,-35, ,
-1, ,-35, ,
1, ,-35, ,
1, ,-35, ,
-1, ,-35, ,
1, ,-34, ,
-1, ,-35, ,
-1, ,-35, ,
1, ,-35, ,
1, ,-35, ,
-1, ,-35, ,
1, ,-35, ,
-1, ,-35, ,
-1, ,-35, ,
1, ,-35, ,
1, ,-35, ,
-1, ,-35, ,
1, ,-34, ,
-1, ,-35, ,
-1, ,-34, ,
1, ,-35, ,
-1, ,-35, ,
-2, ,-35, ,
1, ,-35, ,
-1, ,-35, ,
-1, ,-35, ,
1, ,-35, ,
1, ,-35, ,
-2, ,-35, ,
2, ,-35, ,
-1, ,-35, ,
-1, ,-35, ,
1, ,-35, ,
-1, ,-35, ,
-1, ,-35, ,
1, ,-35, ,
-1, ,-35, ,
-1, ,-35, ,
1, ,-35, ,
1, ,-35, ,
-2, ,-35, ,
1, ,-35, ,
-1, ,-35, ,
-1, ,-35, ,
1, ,-35, ,
-1, ,-35, ,
-2, ,-35, ,
1, ,-35, ,
-1, ,-35, ,
-1, ,-35, ,
1, ,-35, ,
-1, ,-35, ,
-2, ,-35, ,
2, ,-34, ,
-1, ,-22, ,
-1, ,-2, ,
2, ,14, ,
1, ,25, ,
-1, ,34, ,
2, ,40, ,
-1, ,45, ,
-1, ,49, ,
1, ,52, ,
1, ,54, ,
-2, ,55, ,
1, ,56, ,
-1, ,57, ,
-1, ,57, ,
1, ,57, ,
-1, ,58, ,
-1, ,58, ,
1, ,58, ,
-1, ,59, ,
-1, ,58, ,
1, ,59, ,
-1, ,59, ,
-1, ,59, ,
2, ,59, ,
-1, ,59, ,
-1, ,58, ,
1, ,59, ,
1, ,59, ,
-2, ,59, ,
2, ,59, ,
-1, ,59, ,
-1, ,58, ,
1, ,58, ,
-1, ,59, ,
-1, ,59, ,
1, ,59, ,
-1, ,59, ,
-2, ,58, ,
1, ,58, ,
1, ,59, ,
-2, ,58, ,
1, ,58, ,
-1, ,59, ,
-1, ,58, ,
1, ,58, ,
-1, ,59, ,
-2, ,59, ,
1, ,58, ,
-1, ,59, ,
-1, ,58, ,
1, ,58, ,
-1, ,58, ,
-1, ,59, ,
1, ,58, ,
-1, ,59, ,
-1, ,58, ,
1, ,58, ,
1, ,59, ,
-1, ,58, ,
2, ,58, ,
-1, ,59, ,
-1, ,58, ,
1, ,58, ,
1, ,58, ,
-1, ,58, ,
1, ,58, ,
-1, ,59, ,
-1, ,58, ,
1, ,58, ,
-1, ,58, ,
-2, ,59, ,
1, ,58, ,
-1, ,59, ,
-1, ,58, ,
1, ,58, ,
1, ,58, ,
-1, ,58, ,
1, ,58, ,
-1, ,59, ,
-1, ,58, ,
1, ,58, ,
1, ,59, ,
-2, ,58, ,
2, ,58, ,
-1, ,59, ,
-1, ,58, ,
1, ,58, ,
1, ,58, ,
-2, ,58, ,
1, ,58, ,
-1, ,59, ,
-1, ,58, ,
1, ,58, ,
-1, ,59, ,
-1, ,58, ,
1, ,58, ,
-1, ,59, ,
-1, ,58, ,
1, ,58, ,
-1, ,59, ,
-1, ,58, ,
1, ,58, ,
-1, ,59, ,
-1, ,57, ,
1, ,58, ,
1, ,58, ,
-1, ,59, ,
2, ,58, ,
-1, ,59, ,
-1, ,57, ,
1, ,58, ,
-1, ,59, ,
-2, ,58, ,
1, ,58, ,
-1, ,59, ,
-1, ,57, ,
1, ,58, ,
-1, ,59, ,
-2, ,58, ,
94, ,58, ,
57, ,59, ,
34, ,58, ,
24, ,58, ,
15, ,59, ,
10, ,58, ,
7, ,58, ,
5, ,59, ,
5, ,58, ,
5, ,58, ,
2, ,59, ,
1, ,58, ,
3, ,58, ,
2, ,59, ,
1, ,58, ,
3, ,58, ,
2, ,59, ,
1, ,58, ,
2, ,58, ,
2, ,59, ,
1, ,58, ,
3, ,58, ,
2, ,59, ,
1, ,58, ,
3, ,58, ,
2, ,58, ,
1, ,58, ,
2, ,58, ,
2, ,58, ,
1, ,58, ,
3, ,58, ,
1, ,59, ,
1, ,58, ,
2, ,58, ,
2, ,59, ,
1, ,54, ,
3, ,34, ,
1, ,16, ,
1, ,3, ,
2, ,-6, ,
2, ,-14, ,
1, ,-20, ,
2, ,-23, ,
1, ,-26, ,
1, ,-28, ,
2, ,-31, ,
2, ,-32, ,
1, ,-33, ,
3, ,-34, ,
2, ,-34, ,
1, ,-34, ,
2, ,-35, ,
3, ,-35, ,
1, ,-35, ,
3, ,-35, ,
2, ,-35, ,
2, ,-35, ,
2, ,-36, ,
2, ,-35, ,
1, ,-35, ,
3, ,-35, ,
1, ,-36, ,
1, ,-35, ,
2, ,-35, ,
2, ,-35, ,
1, ,-35, ,
3, ,-35, ,
1, ,-35, ,
2, ,-35, ,
2, ,-35, ,
2, ,-35, ,
1, ,-35, ,
3, ,-35, ,
1, ,-36, ,
1, ,-35, ,
2, ,-35, ,
2, ,-35, ,
1, ,-35, ,
2, ,-35, ,
1, ,-35, ,
2, ,-35, ,
2, ,-35, ,
2, ,-35, ,
1, ,-35, ,
3, ,-35, ,
1, ,-35, ,
1, ,-35, ,
2, ,-35, ,
2, ,-35, ,
1, ,-35, ,
2, ,-35, ,
1, ,-35, ,
2, ,-35, ,
2, ,-35, ,
2, ,-35, ,
1, ,-35, ,
3, ,-35, ,
1, ,-35, ,
1, ,-35, ,
2, ,-35, ,
2, ,-35, ,
1, ,-35, ,
3, ,-35, ,
1, ,-35, ,
1, ,-35, ,
2, ,-35, ,
2, ,-35, ,
1, ,-35, ,
3, ,-35, ,
1, ,-35, ,
1, ,-35, ,
2, ,-35, ,
2, ,-35, ,
1, ,-35, ,
3, ,-35, ,
1, ,-35, ,
1, ,-35, ,
2, ,-35, ,
2, ,-35, ,
1, ,-35, ,
3, ,-35, ,
1, ,-35, ,
1, ,-35, ,
2, ,-35, ,
2, ,-35, ,
1, ,-35, ,
3, ,-35, ,
1, ,-35, ,
1, ,-35, ,
2, ,-35, ,
2, ,-35, ,
1, ,-35, ,
3, ,-34, ,
1, ,-35, ,
1, ,-34, ,
2, ,-35, ,
2, ,-35, ,
1, ,-35, ,
3, ,-35, ,
1, ,-35, ,
1, ,-35, ,
2, ,-35, ,
2, ,-35, ,
1, ,-35, ,
3, ,-35, ,
1, ,-35, ,
1, ,-35, ,
2, ,-35, ,
2, ,-35, ,
1, ,-35, ,
2, ,-34, ,
1, ,-35, ,
1, ,-35, ,
2, ,-35, ,
2, ,-35, ,
1, ,-35, ,
3, ,-34, ,
1, ,-35, ,
1, ,-34, ,
2, ,-35, ,
2, ,-35, ,
1, ,-34, ,
2, ,-34, ,
1, ,-35, ,
1, ,-35, ,
2, ,-35, ,
2, ,-35, ,
1, ,-35, ,
3, ,-35, ,
1, ,-35, ,
1, ,-35, ,
2, ,-35, ,
2, ,-35, ,
1, ,-35, ,
2, ,-35, ,
1, ,-35, ,
1, ,-35, ,
2, ,-35, ,
2, ,-35, ,
-1, ,-35, ,
3, ,-34, ,
1, ,-35, ,
1, ,-35, ,
2, ,-35, ,
2, ,-35, ,
-1, ,-35, ,
2, ,-35, ,
1, ,-35, ,
1, ,-35, ,
2, ,-35, ,
2, ,-35, ,
-1, ,-35, ,
2, ,-35, ,
1, ,-35, ,
1, ,-35, ,
2, ,-35, ,
2, ,-35, ,
-1, ,-35, ,
2, ,-34, ,
1, ,-35, ,
1, ,-35, ,
2, ,-35, ,
2, ,-35, ,
1, ,-35, ,
2, ,-34, ,
1, ,-35, ,
1, ,-35, ,
2, ,-35, ,
2, ,-35, ,
-1, ,-35, ,
2, ,-35, ,
1, ,-35, ,
1, ,-35, ,
2, ,-35, ,
2, ,-35, ,
1, ,-35, ,
2, ,-34, ,
1, ,-35, ,
1, ,-34, ,
2, ,-35, ,
2, ,-35, ,
-1, ,-35, ,
2, ,-35, ,
1, ,-35, ,
1, ,-35, ,
2, ,-35, ,
2, ,-35, ,
-1, ,-35, ,
2, ,-34, ,
1, ,-35, ,
1, ,-35, ,
2, ,-35, ,
2, ,-35, ,
-1, ,-35, ,
2, ,-35, ,
1, ,-35, ,
1, ,-35, ,
2, ,-35, ,
2, ,-35, ,
-1, ,-35, ,
2, ,-34, ,
1, ,-35, ,
1, ,-35, ,
2, ,-35, ,
2, ,-35, ,
-1, ,-35, ,
2, ,-35, ,
1, ,-35, ,
1, ,-35, ,
2, ,-35, ,
2, ,-35, ,
-1, ,-35, ,
2, ,-35, ,
1, ,-35, ,
1, ,-34, ,
1, ,-35, ,
1, ,-35, ,
-1, ,-35, ,
2, ,-35, ,
1, ,-35, ,
1, ,-35, ,
2, ,-35, ,
1, ,-35, ,
-1, ,-35, ,
2, ,-35, ,
1, ,-35, ,
1, ,-35, ,
1, ,-35, ,
1, ,-35, ,
-1, ,-35, ,
2, ,-35, ,
1, ,-35, ,
1, ,-35, ,
2, ,-35, ,
1, ,-35, ,
-1, ,-35, ,
2, ,-35, ,
1, ,-35, ,
1, ,-35, ,
2, ,-35, ,
1, ,-35, ,
-1, ,-35, ,
2, ,-35, ,
1, ,-35, ,
1, ,-35, ,
2, ,-35, ,
1, ,-35, ,
-1, ,-35, ,
2, ,-34, ,
1, ,-35, ,
1, ,-34, ,
2, ,-35, ,
1, ,-35, ,
-1, ,-35, ,
2, ,-34, ,
1, ,-35, ,
1, ,-35, ,
1, ,-35, ,
1, ,-35, ,
-1, ,-35, ,
2, ,-35, ,
1, ,-35, ,
1, ,-34, ,
2, ,-35, ,
1, ,-35, ,
-1, ,-35, ,
2, ,-35, ,
1, ,-35, ,
1, ,-35, ,
2, ,-35, ,
1, ,-35, ,
-1, ,-35, ,
2, ,-35, ,
1, ,-35, ,
1, ,-35, ,
2, ,-35, ,
1, ,-35, ,
-1, ,-35, ,
2, ,-35, ,
1, ,-35, ,
1, ,-35, ,
2, ,-35, ,
1, ,-35, ,
-1, ,-35, ,
2, ,-34, ,
1, ,-35, ,
1, ,-35, ,
1, ,-35, ,
1, ,-35, ,
-1, ,-35, ,
2, ,-35, ,
1, ,-35, ,
1, ,-35, ,
2, ,-35, ,
1, ,-35, ,
-1, ,-35, ,
2, ,-35, ,
1, ,-35, ,
1, ,-35, ,
2, ,-35, ,
1, ,-35, ,
-1, ,-35, ,
2, ,-35, ,
1, ,-35, ,
1, ,-35, ,
2, ,-35, ,
1, ,-35, ,
-1, ,-35, ,
2, ,-35, ,
1, ,-35, ,
1, ,-35, ,
2, ,-35, ,
1, ,-35, ,
-1, ,-35, ,
1, ,-35, ,
1, ,-35, ,
1, ,-35, ,
1, ,-35, ,
1, ,-35, ,
-1, ,-35, ,
2, ,-35, ,
1, ,-35, ,
1, ,-35, ,
2, ,-35, ,
1, ,-35, ,
-1, ,-35, ,
2, ,-35, ,
1, ,-35, ,
1, ,-35, ,
2, ,-35, ,
2, ,-35, ,
-1, ,-35, ,
2, ,-35, ,
1, ,-35, ,
1, ,-35, ,
1, ,-35, ,
1, ,-35, ,
-1, ,-35, ,
2, ,-35, ,
1, ,-35, ,
1, ,-35, ,
2, ,-35, ,
1, ,-35, ,
-1, ,-35, ,
2, ,-35, ,
-1, ,-35, ,
-1, ,-34, ,
2, ,-35, ,
1, ,-35, ,
-1, ,-35, ,
2, ,-34, ,
1, ,-35, ,
1, ,-35, ,
2, ,-35, ,
1, ,-35, ,
-1, ,-35, ,
2, ,-35, ,
1, ,-35, ,
1, ,-35, ,
1, ,-35, ,
1, ,-35, ,
-1, ,-35, ,
64, ,-35, ,
45, ,-35, ,
27, ,-35, ,
18, ,-35, ,
12, ,-35, ,
7, ,-35, ,
7, ,-35, ,
3, ,-35, ,
2, ,-35, ,
3, ,-35, ,
2, ,-35, ,
1, ,-35, ,
3, ,-34, ,
2, ,-35, ,
2, ,-35, ,
3, ,-35, ,
2, ,-35, ,
1, ,-35, ,
3, ,-35, ,
2, ,-35, ,
1, ,-34, ,
2, ,-35, ,
2, ,-35, ,
1, ,-35, ,
3, ,-34, ,
2, ,-35, ,
2, ,-35, ,
2, ,-35, ,
2, ,-35, ,
1, ,-35, ,
3, ,-34, ,
2, ,-35, ,
1, ,-34, ,
3, ,-35, ,
2, ,-35, ,
1, ,-35, ,
3, ,-34, ,
2, ,-35, ,
1, ,-35, ,
3, ,-35, ,
2, ,-35, ,
1, ,-35, ,
3, ,-35, ,
2, ,-35, ,
2, ,-35, ,
2, ,-34, ,
2, ,-35, ,
1, ,-35, ,
3, ,-35, ,
1, ,-35, ,
2, ,-35, ,
2, ,-35, ,
2, ,-34, ,
1, ,-35, ,
3, ,-34, ,
2, ,-35, ,
1, ,-35, ,
2, ,-35, ,
2, ,-35, ,
1, ,-35, ,
3, ,-35, ,
1, ,-35, ,
1, ,-35, ,
2, ,-35, ,
2, ,-35, ,
1, ,-35, ,
3, ,-35, ,
1, ,-35, ,
1, ,-34, ,
2, ,-35, ,
2, ,-35, ,
1, ,-35, ,
3, ,-34, ,
2, ,-35, ,
2, ,-35, ,
3, ,-35, ,
2, ,-35, ,
1, ,-35, ,
3, ,-35, ,
2, ,-35, ,
1, ,-34, ,
2, ,-35, ,
2, ,-35, ,
1, ,-34, ,
3, ,-34, ,
2, ,-35, ,
2, ,-35, ,
2, ,-35, ,
2, ,-35, ,
1, ,-35, ,
3, ,-34, ,
2, ,-35, ,
1, ,-35, ,
2, ,-34, ,
2, ,-35, ,
1, ,-35, ,
2, ,-34, ,
1, ,-35, ,
1, ,-35, ,
3, ,-35, ,
2, ,-35, ,
1, ,-35, ,
3, ,-35, ,
1, ,-35, ,
1, ,-35, ,
2, ,-35, ,
2, ,-35, ,
1, ,-35, ,
2, ,-35, ,
1, ,-35, ,
1, ,-35, ,
2, ,-35, ,
2, ,-35, ,
-1, ,-35, ,
3, ,-34, ,
1, ,-35, ,
1, ,-35, ,
2, ,-35, ,
2, ,-35, ,
1, ,-35, ,
2, ,-35, ,
1, ,-35, ,
1, ,-35, ,
2, ,-35, ,
2, ,-35, ,
1, ,-35, ,
3, ,-34, ,
1, ,-35, ,
1, ,-35, ,
2, ,-35, ,
2, ,-35, ,
-1, ,-35, ,
3, ,-35, ,
1, ,-35, ,
1, ,-35, ,
2, ,-35, ,
2, ,-35, ,
-1, ,-35, ,
2, ,-34, ,
1, ,-35, ,
1, ,-35, ,
1, ,-35, ,
2, ,-35, ,
-1, ,-35, ,
2, ,-35, ,
1, ,-35, ,
1, ,-35, ,
2, ,-35, ,
2, ,-35, ,
1, ,-35, ,
2, ,-34, ,
1, ,-35, ,
1, ,-35, ,
2, ,-35, ,
2, ,-35, ,
1, ,-35, ,
2, ,-34, ,
1, ,-35, ,
1, ,-35, ,
2, ,-35, ,
2, ,-35, ,
1, ,-35, ,
3, ,-34, ,
1, ,-35, ,
1, ,-34, ,
2, ,-35, ,
2, ,-35, ,
1, ,-35, ,
3, ,-35, ,
1, ,-35, ,
1, ,-35, ,
2, ,-35, ,
2, ,-35, ,
-1, ,-35, ,
3, ,-35, ,
1, ,-35, ,
1, ,-35, ,
2, ,-35, ,
2, ,-35, ,
-1, ,-35, ,
2, ,-35, ,
1, ,-35, ,
1, ,-35, ,
2, ,-35, ,
2, ,-35, ,
-1, ,-35, ,
2, ,-34, ,
1, ,-35, ,
1, ,-35, ,
2, ,-35, ,
2, ,-35, ,
-1, ,-35, ,
2, ,-35, ,
1, ,-35, ,
1, ,-35, ,
2, ,-35, ,
2, ,-35, ,
-1, ,-35, ,
2, ,-35, ,
1, ,-35, ,
1, ,-34, ,
2, ,-35, ,
2, ,-35, ,
-1, ,-35, ,
2, ,-34, ,
1, ,-35, ,
1, ,-35, ,
2, ,-35, ,
2, ,-35, ,
1, ,-35, ,
2, ,-35, ,
1, ,-35, ,
1, ,-35, ,
2, ,-35, ,
2, ,-35, ,
-1, ,-35, ,
2, ,-35, ,
1, ,-35, ,
1, ,-35, ,
2, ,-35, ,
2, ,-35, ,
-1, ,-35, ,
2, ,-35, ,
1, ,-35, ,
1, ,-35, ,
2, ,-35, ,
2, ,-35, ,
-1, ,-35, ,
2, ,-35, ,
1, ,-35, ,
1, ,-35, ,
1, ,-35, ,
2, ,-35, ,
1, ,-35, ,
2, ,-34, ,
1, ,-35, ,
1, ,-35, ,
2, ,-35, ,
1, ,-35, ,
-1, ,-35, ,
2, ,-35, ,
1, ,-35, ,
1, ,-35, ,
1, ,-35, ,
2, ,-35, ,
-1, ,-35, ,
2, ,-35, ,
1, ,-35, ,
1, ,-35, ,
1, ,-35, ,
1, ,-35, ,
-1, ,-35, ,
2, ,-35, ,
1, ,-35, ,
1, ,-35, ,
1, ,-35, ,
1, ,-35, ,
-1, ,-35, ,
2, ,-34, ,
1, ,-35, ,
1, ,-26, ,
2, ,-7, ,
2, ,9, ,
-1, ,22, ,
2, ,32, ,
1, ,39, ,
1, ,43, ,
2, ,47, ,
1, ,51, ,
-1, ,53, ,
2, ,55, ,
1, ,56, ,
1, ,56, ,
1, ,57, ,
1, ,58, ,
-1, ,58, ,
2, ,58, ,
1, ,59, ,
1, ,58, ,
2, ,59, ,
1, ,59, ,
-1, ,59, ,
2, ,58, ,
1, ,59, ,
-1, ,58, ,
2, ,58, ,
1, ,59, ,
-1, ,59, ,
2, ,59, ,
1, ,59, ,
1, ,58, ,
2, ,59, ,
1, ,59, ,
-1, ,59, ,
2, ,58, ,
1, ,59, ,
-1, ,58, ,
1, ,59, ,
1, ,58, ,
-1, ,59, ,
2, ,59, ,
1, ,59, ,
1, ,58, ,
2, ,58, ,
1, ,59, ,
-1, ,58, ,
2, ,58, ,
1, ,59, ,
-1, ,58, ,
2, ,58, ,
1, ,59, ,
-1, ,58, ,
2, ,58, ,
1, ,59, ,
1, ,58, ,
2, ,58, ,
1, ,58, ,
-1, ,58, ,
2, ,58, ,
1, ,59, ,
-1, ,58, ,
2, ,58, ,
1, ,59, ,
-1, ,58, ,
2, ,58, ,
1, ,59, ,
1, ,58, ,
2, ,58, ,
1, ,59, ,
-1, ,58, ,
2, ,58, ,
1, ,59, ,
-1, ,58, ,
2, ,58, ,
1, ,58, ,
-1, ,58, ,
2, ,58, ,
1, ,59, ,
1, ,58, ,
2, ,58, ,
1, ,59, ,
-1, ,58, ,
2, ,58, ,
1, ,59, ,
-1, ,58, ,
1, ,58, ,
1, ,58, ,
-1, ,58, ,
2, ,58, ,
1, ,59, ,
1, ,58, ,
2, ,58, ,
1, ,59, ,
-1, ,58, ,
2, ,58, ,
1, ,59, ,
-1, ,58, ,
2, ,58, ,
1, ,58, ,
57, ,58, ,
45, ,58, ,
27, ,59, ,
17, ,58, ,
12, ,58, ,
8, ,59, ,
5, ,58, ,
6, ,58, ,
3, ,58, ,
2, ,58, ,
3, ,58, ,
2, ,58, ,
1, ,58, ,
3, ,58, ,
1, ,59, ,
2, ,58, ,
3, ,58, ,
2, ,58, ,
1, ,58, ,
3, ,58, ,
2, ,59, ,
1, ,58, ,
2, ,58, ,
2, ,58, ,
1, ,58, ,
2, ,58, ,
2, ,59, ,
1, ,58, ,
3, ,58, ,
2, ,58, ,
1, ,58, ,
3, ,58, ,
1, ,59, ,
1, ,58, ,
2, ,58, ,
2, ,59, ,
1, ,58, ,
2, ,58, ,
2, ,59, ,
1, ,58, ,
2, ,58, ,
2, ,58, ,
1, ,58, ,
3, ,58, ,
1, ,59, ,
1, ,58, ,
2, ,58, ,
2, ,58, ,
1, ,58, ,
3, ,58, ,
2, ,59, ,
1, ,57, ,
2, ,58, ,
2, ,58, ,
1, ,58, ,
3, ,57, ,
1, ,40, ,
1, ,20, ,
2, ,6, ,
2, ,-4, ,
1, ,-13, ,
2, ,-18, ,
1, ,-22, ,
1, ,-26, ,
2, ,-28, ,
2, ,-31, ,
1, ,-32, ,
3, ,-33, ,
2, ,-34, ,
1, ,-34, ,
2, ,-35, ,
3, ,-35, ,
1, ,-35, ,
3, ,-35, ,
2, ,-35, ,
1, ,-35, ,
2, ,-35, ,
2, ,-35, ,
1, ,-36, ,
3, ,-35, ,
1, ,-36, ,
1, ,-36, ,
2, ,-35, ,
2, ,-35, ,
1, ,-35, ,
3, ,-35, ,
1, ,-35, ,
1, ,-35, ,
2, ,-35, ,
2, ,-35, ,
1, ,-35, ,
3, ,-35, ,
1, ,-35, ,
1, ,-35, ,
2, ,-35, ,
2, ,-35, ,
1, ,-35, ,
3, ,-35, ,
1, ,-35, ,
2, ,-35, ,
2, ,-35, ,
2, ,-35, ,
1, ,-35, ,
3, ,-35, ,
1, ,-35, ,
1, ,-35, ,
2, ,-35, ,
2, ,-35, ,
1, ,-35, ,
3, ,-35, ,
1, ,-35, ,
1, ,-35, ,
2, ,-35, ,
2, ,-35, ,
1, ,-35, ,
3, ,-35, ,
1, ,-35, ,
1, ,-35, ,
2, ,-35, ,
2, ,-35, ,
-1, ,-35, ,
2, ,-35, ,
1, ,-35, ,
2, ,-35, ,
2, ,-35, ,
2, ,-35, ,
1, ,-35, ,
3, ,-35, ,
1, ,-35, ,
1, ,-35, ,
2, ,-35, ,
2, ,-35, ,
1, ,-35, ,
2, ,-35, ,
1, ,-35, ,
1, ,-35, ,
2, ,-35, ,
2, ,-35, ,
1, ,-35, ,
3, ,-35, ,
1, ,-35, ,
1, ,-35, ,
2, ,-35, ,
2, ,-35, ,
1, ,-35, ,
2, ,-35, ,
1, ,-35, ,
1, ,-35, ,
2, ,-35, ,
2, ,-35, ,
1, ,-35, ,
3, ,-35, ,
1, ,-35, ,
1, ,-34, ,
2, ,-35, ,
2, ,-35, ,
1, ,-35, ,
2, ,-35, ,
1, ,-35, ,
1, ,-35, ,
2, ,-35, ,
2, ,-35, ,
1, ,-35, ,
3, ,-35, ,
1, ,-35, ,
1, ,-34, ,
2, ,-35, ,
2, ,-35, ,
1, ,-35, ,
2, ,-35, ,
1, ,-35, ,
1, ,-35, ,
2, ,-35, ,
2, ,-35, ,
1, ,-35, ,
3, ,-35, ,
1, ,-35, ,
1, ,-35, ,
2, ,-35, ,
2, ,-35, ,
-1, ,-35, ,
2, ,-35, ,
1, ,-35, ,
1, ,-35, ,
2, ,-35, ,
2, ,-35, ,
-1, ,-35, ,
2, ,-34, ,
1, ,-35, ,
1, ,-35, ,
2, ,-35, ,
2, ,-35, ,
-1, ,-35, ,
2, ,-35, ,
1, ,-35, ,
1, ,-35, ,
2, ,-35, ,
2, ,-35, ,
1, ,-35, ,
2, ,-35, ,
1, ,-35, ,
1, ,-35, ,
2, ,-35, ,
2, ,-35, ,
-1, ,-35, ,
2, ,-35, ,
1, ,-34, ,
1, ,-35, ,
2, ,-35, ,
2, ,-35, ,
-1, ,-35, ,
2, ,-34, ,
1, ,-35, ,
1, ,-35, ,
1, ,-35, ,
1, ,-35, ,
-1, ,-35, ,
2, ,-34, ,
1, ,-35, ,
1, ,-35, ,
2, ,-35, ,
2, ,-35, ,
-1, ,-35, ,
2, ,-35, ,
1, ,-35, ,
1, ,-34, ,
2, ,-35, ,
1, ,-35, ,
-1, ,-35, ,
2, ,-34, ,
1, ,-35, ,
1, ,-35, ,
2, ,-35, ,
2, ,-35, ,
-1, ,-35, ,
2, ,-35, ,
1, ,-35, ,
1, ,-35, ,
2, ,-35, ,
2, ,-35, ,
-1, ,-35, ,
2, ,-35, ,
1, ,-35, ,
1, ,-35, ,
2, ,-35, ,
1, ,-35, ,
-1, ,-35, ,
2, ,-34, ,
1, ,-35, ,
1, ,-35, ,
2, ,-35, ,
1, ,-35, ,
-1, ,-35, ,
2, ,-35, ,
1, ,-35, ,
1, ,-35, ,
2, ,-35, ,
1, ,-35, ,
-1, ,-35, ,
2, ,-34, ,
1, ,-35, ,
1, ,-34, ,
2, ,-35, ,
1, ,-35, ,
-1, ,-35, ,
2, ,-34, ,
1, ,-35, ,
1, ,-35, ,
2, ,-35, ,
1, ,-35, ,
-1, ,-35, ,
2, ,-34, ,
1, ,-35, ,
1, ,-35, ,
1, ,-35, ,
1, ,-35, ,
-1, ,-34, ,
2, ,-34, ,
1, ,-35, ,
1, ,-35, ,
1, ,-35, ,
1, ,-35, ,
-1, ,-35, ,
2, ,-35, ,
1, ,-35, ,
1, ,-35, ,
2, ,-35, ,
1, ,-35, ,
-1, ,-35, ,
2, ,-35, ,
1, ,-35, ,
1, ,-35, ,
1, ,-35, ,
1, ,-35, ,
-1, ,-35, ,
2, ,-35, ,
1, ,-35, ,
1, ,-35, ,
2, ,-35, ,
1, ,-35, ,
-1, ,-34, ,
2, ,-35, ,
1, ,-35, ,
1, ,-35, ,
2, ,-35, ,
1, ,-35, ,
-1, ,-35, ,
2, ,-34, ,
1, ,-35, ,
-1, ,-34, ,
2, ,-35, ,
1, ,-35, ,
-1, ,-34, ,
2, ,-34, ,
1, ,-35, ,
1, ,-35, ,
2, ,-35, ,
1, ,-35, ,
-1, ,-35, ,
2, ,-35, ,
1, ,-35, ,
1, ,-35, ,
2, ,-35, ,
1, ,-35, ,
-1, ,-35, ,
2, ,-34, ,
1, ,-35, ,
1, ,-35, ,
2, ,-35, ,
1, ,-35, ,
-1, ,-35, ,
2, ,-34, ,
1, ,-35, ,
1, ,-34, ,
2, ,-35, ,
1, ,-35, ,
-1, ,-35, ,
2, ,-34, ,
1, ,-35, ,
1, ,-35, ,
2, ,-35, ,
1, ,-35, ,
-1, ,-35, ,
2, ,-35, ,
1, ,-35, ,
-1, ,-34, ,
2, ,-35, ,
1, ,-35, ,
-1, ,-35, ,
2, ,-35, ,
1, ,-35, ,
1, ,-34, ,
2, ,-35, ,
1, ,-35, ,
-1, ,-35, ,
2, ,-34, ,
1, ,-35, ,
1, ,-35, ,
2, ,-35, ,
1, ,-35, ,
-1, ,-35, ,
2, ,-34, ,
1, ,-35, ,
1, ,-35, ,
2, ,-35, ,
1, ,-35, ,
-1, ,-35, ,
2, ,-34, ,
1, ,-35, ,
-1, ,-35, ,
2, ,-35, ,
1, ,-35, ,
-1, ,-35, ,
2, ,-34, ,
1, ,-35, ,
1, ,-34, ,
2, ,-35, ,
1, ,-35, ,
-1, ,-35, ,
2, ,-34, ,
1, ,-35, ,
1, ,-34, ,
2, ,-35, ,
1, ,-35, ,
-1, ,-35, ,
2, ,-35, ,
1, ,-35, ,
1, ,-35, ,
2, ,-35, ,
1, ,-35, ,
-1, ,-35, ,
2, ,-34, ,
1, ,-35, ,
1, ,-35, ,
2, ,-35, ,
1, ,-35, ,
-1, ,-35, ,
2, ,-35, ,
1, ,-35, ,
1, ,-35, ,
1, ,-35, ,
1, ,-35, ,
-1, ,-35, ,
2, ,-35, ,
1, ,-35, ,
-1, ,-34, ,
2, ,-35, ,
1, ,-35, ,
-1, ,-35, ,
2, ,-35, ,
-1, ,-35, ,
1, ,-35, ,
2, ,-35, ,
1, ,-35, ,
-1, ,-35, ,
2, ,-35, ,
1, ,-35, ,
-1, ,-35, ,
2, ,-35, ,
1, ,-35, ,
-1, ,-35, ,
1, ,-35, ,
-1, ,-35, ,
1, ,-35, ,
2, ,-35, ,
1, ,-35, ,
-1, ,-35, ,
2, ,-35, ,
1, ,-35, ,
-1, ,-35, ,
2, ,-35, ,
1, ,-35, ,
-1, ,-35, ,
1, ,-35, ,
1, ,-35, ,
1, ,-35, ,
2, ,-35, ,
1, ,-35, ,
-1, ,-35, ,
2, ,-34, ,
-1, ,-35, ,
-1, ,-34, ,
2, ,-35, ,
1, ,-35, ,
-1, ,-35, ,
1, ,-35, ,
1, ,-35, ,
-1, ,-35, ,
2, ,-35, ,
1, ,-35, ,
-1, ,-35, ,
2, ,-35, ,
-1, ,-35, ,
-1, ,-35, ,
2, ,-35, ,
1, ,-35, ,
-1, ,-35, ,
1, ,-35, ,
-1, ,-35, ,
-1, ,-35, ,
2, ,-35, ,
1, ,-35, ,
-1, ,-35, ,
2, ,-34, ,
1, ,-35, ,
-1, ,-35, ,
2, ,-35, ,
1, ,-35, ,
-1, ,-35, ,
2, ,-35, ,
1, ,-35, ,
1, ,-35, ,
2, ,-35, ,
1, ,-35, ,
-1, ,-35, ,
2, ,-35, ,
-1, ,-35, ,
-1, ,-35, ,
2, ,-35, ,
1, ,-35, ,
-1, ,-35, ,
1, ,-34, ,
1, ,-35, ,
-1, ,-35, ,
2, ,-35, ,
1, ,-35, ,
-1, ,-35, ,
2, ,-34, ,
1, ,-35, ,
-1, ,-35, ,
2, ,-35, ,
1, ,-35, ,
-1, ,-35, ,
2, ,-35, ,
1, ,-35, ,
1, ,-35, ,
2, ,-35, ,
1, ,-35, ,
-1, ,-35, ,
2, ,-35, ,
1, ,-35, ,
-1, ,-35, ,
2, ,-35, ,
1, ,-35, ,
-1, ,-35, ,
1, ,-35, ,
1, ,-35, ,
1, ,-35, ,
2, ,-35, ,
1, ,-35, ,
-1, ,-35, ,
2, ,-35, ,
1, ,-35, ,
-1, ,-35, ,
2, ,-35, ,
1, ,-35, ,
-1, ,-35, ,
2, ,-35, ,
-1, ,-35, ,
-1, ,-35, ,
1, ,-35, ,
1, ,-35, ,
-2, ,-35, ,
2, ,-35, ,
-1, ,-35, ,
-1, ,-35, ,
2, ,-35, ,
1, ,-35, ,
-1, ,-35, ,
2, ,-35, ,
-1, ,-35, ,
-1, ,-35, ,
2, ,-35, ,
1, ,-35, ,
-1, ,-35, ,
2, ,-35, ,
-1, ,-35, ,
-1, ,-35, ,
2, ,-35, ,
1, ,-35, ,
-1, ,-35, ,
1, ,-35, ,
-1, ,-35, ,
-1, ,-35, ,
2, ,-35, ,
1, ,-35, ,
-1, ,-35, ,
2, ,-34, ,
-1, ,-35, ,
-1, ,-35, ,
1, ,-35, ,
1, ,-35, ,
-1, ,-35, ,
1, ,-35, ,
1, ,-35, ,
1, ,-35, ,
2, ,-35, ,
1, ,-35, ,
-1, ,-35, ,
2, ,-35, ,
-1, ,-35, ,
-1, ,-35, ,
2, ,-35, ,
1, ,-35, ,
-1, ,-35, ,
1, ,-35, ,
-1, ,-35, ,
-1, ,-35, ,
2, ,-35, ,
1, ,-35, ,
-1, ,-35, ,
2, ,-34, ,
-1, ,-35, ,
-1, ,-35, ,
1, ,-35, ,
1, ,-35, ,
-1, ,-35, ,
1, ,-35, ,
-1, ,-35, ,
-1, ,-35, ,
2, ,-35, ,
1, ,-35, ,
-1, ,-35, ,
2, ,-35, ,
-1, ,-35, ,
-1, ,-35, ,
2, ,-35, ,
1, ,-35, ,
-1, ,-35, ,
2, ,-35, ,
-1, ,-35, ,
-1, ,-35, ,
2, ,-35, ,
1, ,-35, ,
-1, ,-35, ,
2, ,-35, ,
-1, ,-35, ,
-1, ,-35, ,
2, ,-35, ,
1, ,-35, ,
-1, ,-35, ,
1, ,-35, ,
-1, ,-35, ,
-1, ,-35, ,
2, ,-35, ,
1, ,-35, ,
-1, ,-35, ,
2, ,-35, ,
-1, ,-35, ,
-1, ,-35, ,
1, ,-35, ,
1, ,-35, ,
-1, ,-34, ,
1, ,-35, ,
-1, ,-35, ,
-1, ,-35, ,
2, ,-35, ,
1, ,-35, ,
-1, ,-35, ,
2, ,-35, ,
-1, ,-35, ,
-1, ,-35, ,
2, ,-35, ,
1, ,-35, ,
-1, ,-35, ,
1, ,-35, ,
1, ,-35, ,
1, ,-35, ,
2, ,-35, ,
1, ,-35, ,
-1, ,-35, ,
2, ,-35, ,
1, ,-35, ,
1, ,-35, ,
1, ,-35, ,
1, ,-35, ,
-1, ,-35, ,
1, ,-35, ,
1, ,-35, ,
1, ,-35, ,
2, ,-35, ,
1, ,-35, ,
-1, ,-35, ,
2, ,-34, ,
-1, ,-35, ,
-1, ,-35, ,
1, ,-35, ,
1, ,-35, ,
-1, ,-35, ,
1, ,-35, ,
-1, ,-35, ,
-1, ,-35, ,
1, ,-35, ,
1, ,-35, ,
-1, ,-35, ,
2, ,-35, ,
-1, ,-35, ,
-1, ,-35, ,
1, ,-35, ,
-1, ,-35, ,
-1, ,-35, ,
1, ,-35, ,
-1, ,-35, ,
-1, ,-35, ,
2, ,-34, ,
1, ,-35, ,
-1, ,-35, ,
2, ,-35, ,
-1, ,-35, ,
-1, ,-35, ,
1, ,-35, ,
1, ,-35, ,
-1, ,-35, ,
1, ,-35, ,
-1, ,-35, ,
-1, ,-35, ,
1, ,-35, ,
1, ,-35, ,
-1, ,-35, ,
1, ,-35, ,
-1, ,-35, ,
-1, ,-35, ,
1, ,-31, ,
1, ,-13, ,
-1, ,6, ,
1, ,19, ,
-1, ,30, ,
-1, ,37, ,
2, ,43, ,
1, ,46, ,
-1, ,51, ,
1, ,53, ,
-1, ,55, ,
-1, ,55, ,
2, ,56, ,
1, ,57, ,
-1, ,58, ,
1, ,58, ,
-1, ,58, ,
-1, ,58, ,
1, ,59, ,
-1, ,58, ,
-1, ,59, ,
1, ,59, ,
-1, ,59, ,
-1, ,59, ,
1, ,59, ,
1, ,59, ,
-1, ,59, ,
2, ,59, ,
-1, ,59, ,
-1, ,58, ,
2, ,58, ,
1, ,59, ,
-1, ,58, ,
2, ,58, ,
-1, ,59, ,
-1, ,58, ,
2, ,58, ,
1, ,59, ,
-1, ,59, ,
2, ,58, ,
-1, ,59, ,
-1, ,58, ,
1, ,58, ,
1, ,59, ,
-1, ,58, ,
1, ,58, ,
-1, ,59, ,
-1, ,58, ,
2, ,58, ,
1, ,58, ,
-1, ,58, ,
2, ,58, ,
-1, ,59, ,
-1, ,58, ,
1, ,58, ,
1, ,59, ,
-1, ,59, ,
2, ,58, ,
-1, ,59, ,
-1, ,58, ,
1, ,58, ,
1, ,58, ,
-1, ,58, ,
2, ,58, ,
1, ,59, ,
-1, ,58, ,
2, ,58, ,
1, ,59, ,
-1, ,59, ,
2, ,58, ,
-1, ,59, ,
-1, ,58, ,
2, ,59, ,
1, ,59, ,
-1, ,58, ,
1, ,58, ,
-1, ,59, ,
-1, ,58, ,
1, ,58, ,
1, ,58, ,
-1, ,58, ,
2, ,58, ,
-1, ,59, ,
-1, ,58, ,
2, ,58, ,
-1, ,58, ,
-1, ,58, ,
2, ,58, ,
-1, ,59, ,
-1, ,58, ,
1, ,58, ,
1, ,58, ,
-1, ,58, ,
2, ,58, ,
-1, ,59, ,
-1, ,58, ,
1, ,58, ,
-1, ,59, ,
-1, ,58, ,
2, ,58, ,
-1, ,59, ,
-1, ,58, ,
1, ,58, ,
-1, ,59, ,
-1, ,58, ,
1, ,58, ,
-1, ,59, ,
-1, ,58, ,
1, ,58, ,
-1, ,58, ,
-1, ,58, ,
1, ,58, ,
-1, ,59, ,
-1, ,58, ,
1, ,58, ,
1, ,58, ,
-1, ,59, ,
2, ,58, ,
-1, ,58, ,
-1, ,58, ,
1, ,58, ,
1, ,59, ,
-2, ,58, ,
1, ,58, ,
-1, ,59, ,
-1, ,58, ,
1, ,58, ,
-1, ,59, ,
-1, ,58, ,
1, ,58, ,
-1, ,59, ,
-1, ,58, ,
1, ,58, ,
-1, ,58, ,
-2, ,58, ,
1, ,58, ,
-1, ,59, ,
-1, ,58, ,
1, ,58, ,
-1, ,59, ,
-1, ,58, ,
1, ,58, ,
-1, ,59, ,
-1, ,58, ,
1, ,58, ,
1, ,58, ,
-1, ,58, ,
2, ,58, ,
-1, ,59, ,
-1, ,58, ,
1, ,58, ,
-1, ,58, ,
-1, ,59, ,
2, ,58, ,
-1, ,58, ,
-1, ,45, ,
1, ,25, ,
-1, ,9, ,
-2, ,-1, ,
1, ,-9, ,
-1, ,-17, ,
-1, ,-21, ,
1, ,-25, ,
1, ,-27, ,
-1, ,-30, ,
1, ,-31, ,
-1, ,-33, ,
-1, ,-33, ,
1, ,-34, ,
1, ,-34, ,
-1, ,-34, ,
1, ,-35, ,
-1, ,-35, ,
-1, ,-35, ,
1, ,-35, ,
1, ,-35, ,
-1, ,-36, ,
2, ,-35, ,
-1, ,-35, ,
-1, ,-35, ,
2, ,-35, ,
1, ,-36, ,
-1, ,-35, ,
1, ,-35, ,
-1, ,-35, ,
-1, ,-35, ,
1, ,-35, ,
1, ,-35, ,
-1, ,-35, ,
1, ,-35, ,
-1, ,-36, ,
-1, ,-35, ,
1, ,-35, ,
1, ,-35, ,
-1, ,-35, ,
1, ,-35, ,
-1, ,-35, ,
-1, ,-35, ,
1, ,-35, ,
1, ,-35, ,
-1, ,-35, ,
1, ,-35, ,
-1, ,-35, ,
-1, ,-35, ,
1, ,-35, ,
1, ,-35, ,
-1, ,-35, ,
1, ,-35, ,
-1, ,-35, ,
-1, ,-35, ,
1, ,-35, ,
1, ,-35, ,
-1, ,-35, ,
1, ,-35, ,
-1, ,-35, ,
-1, ,-35, ,
1, ,-35, ,
1, ,-35, ,
-1, ,-35, ,
1, ,-35, ,
-1, ,-35, ,
-1, ,-35, ,
1, ,-35, ,
1, ,-35, ,
-1, ,-35, ,
2, ,-35, ,
-1, ,-35, ,
-1, ,-35, ,
1, ,-35, ,
-1, ,-35, ,
-1, ,-35, ,
1, ,-35, ,
-1, ,-35, ,
-1, ,-35, ,
1, ,-35, ,
1, ,-35, ,
-1, ,-35, ,
1, ,-35, ,
-1, ,-35, ,
-1, ,-35, ,
1, ,-35, ,
1, ,-35, ,
-2, ,-35, ,
1, ,-34, ,
-1, ,-35, ,
-1, ,-35, ,
1, ,-35, ,
-1, ,-35, ,
-1, ,-35, ,
2, ,-35, ,
-1, ,-35, ,
-1, ,-34, ,
1, ,-35, ,
1, ,-35, ,
-1, ,-35, ,
1, ,-35, ,
-1, ,-35, ,
-1, ,-35, ,
1, ,-35, ,
1, ,-35, ,
-1, ,-35, ,
1, ,-35, ,
-1, ,-35, ,
-1, ,-35, ,
1, ,-35, ,
1, ,-35, ,
-2, ,-35, ,
1, ,-35, ,
-1, ,-35, ,
-1, ,-35, ,
1, ,-35, ,
1, ,-35, ,
-1, ,-35, ,
2, ,-34, ,
-1, ,-35, ,
-1, ,-34, ,
1, ,-35, ,
1, ,-35, ,
-1, ,-35, ,
41, ,-34, ,
68, ,-35, ,
41, ,-35, ,
26, ,-35, ,
17, ,-35, ,
10, ,-35, ,
10, ,-35, ,
6, ,-35, ,
5, ,-35, ,
5, ,-35, ,
3, ,-35, ,
2, ,-35, ,
3, ,-34, ,
2, ,-35, ,
2, ,-35, ,
3, ,-35, ,
2, ,-35, ,
1, ,-35, ,
3, ,-34, ,
2, ,-35, ,
2, ,-35, ,
3, ,-35, ,
2, ,-35, ,
1, ,-35, ,
3, ,-35, ,
2, ,-35, ,
2, ,-35, ,
2, ,-35, ,
2, ,-35, ,
1, ,-35, ,
3, ,-34, ,
2, ,-35, ,
2, ,-35, ,
3, ,-35, ,
2, ,-35, ,
1, ,-35, ,
3, ,-35, ,
2, ,-35, ,
