Format,1.0B,
Memory Length,10000,Memory Length,10000,
IntpDistance,0,IntpDistance,0,
Trigger Address,4999,Trigger Address,4999,
Trigger Level,1.040E+00,Trigger Level,1.040E+00,
Source,CH1,Source,CH2,
Vertical Units,V,Vertical Units,V,
Vertical Units Div,0,Vertical Units Div,0,
Vertical Units Extend Div,16,Vertical Units Extend Div,16,
Label,,Label,,
Probe Type,0,Probe Type,0,
Probe Ratio,1.000e+01,Probe Ratio,1.000e+00,
Vertical Scale,5.000e-01,Vertical Scale,1.000e+00,
Vertical Position,-1.820e+00,Vertical Position,0.000e+00,
Horizontal Units,S,Horizontal Units,S,
Horizontal Scale,2.000E-05,Horizontal Scale,2.000E-05,
Horizontal Position,0.000E+00,Horizontal Position,0.000E+00,
Horizontal Mode,Main,Horizontal Mode,Main,
SincET Mode,Real Time,SincET Mode,Real Time,
Sampling Period,2.000e-08,Sampling Period,2.000e-08,
Horizontal Old Scale,2.000E-05,Horizontal Old Scale,2.000E-05,
Horizontal Old Position,0.000E+00,Horizontal Old Position,0.000E+00,
Firmware,V1.23,Firmware,V1.23,
Mode,Fast,Mode,Fast,
Waveform Data,,Waveform Data,,
2, ,-33, ,
2, ,-33, ,
3, ,-34, ,
2, ,-33, ,
2, ,-33, ,
3, ,-33, ,
3, ,-33, ,
2, ,-33, ,
3, ,-33, ,
2, ,-33, ,
2, ,-33, ,
3, ,-34, ,
3, ,-33, ,
2, ,-33, ,
3, ,-34, ,
2, ,-33, ,
2, ,-34, ,
2, ,-33, ,
3, ,-33, ,
1, ,-33, ,
3, ,-34, ,
2, ,-33, ,
2, ,-33, ,
2, ,-33, ,
3, ,-33, ,
1, ,-33, ,
2, ,-34, ,
2, ,-33, ,
2, ,-33, ,
2, ,-33, ,
3, ,-34, ,
2, ,-33, ,
3, ,-33, ,
2, ,-34, ,
2, ,-33, ,
3, ,-33, ,
3, ,-33, ,
1, ,-33, ,
3, ,-34, ,
2, ,-33, ,
2, ,-33, ,
2, ,-33, ,
3, ,-33, ,
2, ,-33, ,
3, ,-33, ,
2, ,-33, ,
2, ,-33, ,
2, ,-34, ,
3, ,-33, ,
1, ,-33, ,
3, ,-34, ,
2, ,-33, ,
2, ,-33, ,
2, ,-33, ,
2, ,-33, ,
2, ,-33, ,
3, ,-33, ,
2, ,-33, ,
1, ,-33, ,
2, ,-34, ,
3, ,-33, ,
1, ,-33, ,
2, ,-33, ,
2, ,-33, ,
2, ,-34, ,
2, ,-33, ,
2, ,-34, ,
1, ,-33, ,
2, ,-33, ,
2, ,-33, ,
2, ,-33, ,
2, ,-34, ,
2, ,-33, ,
1, ,-33, ,
2, ,-33, ,
2, ,-33, ,
2, ,-33, ,
2, ,-34, ,
2, ,-33, ,
1, ,-33, ,
3, ,-33, ,
2, ,-33, ,
1, ,-33, ,
2, ,-34, ,
2, ,-33, ,
1, ,-33, ,
2, ,-33, ,
2, ,-33, ,
1, ,-33, ,
3, ,-33, ,
2, ,-33, ,
1, ,-33, ,
2, ,-33, ,
1, ,-33, ,
1, ,-33, ,
2, ,-33, ,
2, ,-33, ,
1, ,-33, ,
2, ,-34, ,
2, ,-33, ,
1, ,-33, ,
2, ,-33, ,
2, ,-34, ,
1, ,-33, ,
2, ,-33, ,
2, ,-33, ,
2, ,-33, ,
3, ,-34, ,
2, ,-33, ,
1, ,-34, ,
2, ,-33, ,
2, ,-33, ,
1, ,-33, ,
2, ,-33, ,
2, ,-33, ,
1, ,-33, ,
2, ,-33, ,
2, ,-33, ,
1, ,-33, ,
3, ,-34, ,
2, ,-33, ,
1, ,-33, ,
2, ,-33, ,
2, ,-34, ,
1, ,-34, ,
2, ,-34, ,
2, ,-33, ,
1, ,-33, ,
2, ,-33, ,
2, ,-33, ,
2, ,-33, ,
2, ,-33, ,
2, ,-33, ,
1, ,-33, ,
2, ,-33, ,
2, ,-33, ,
1, ,-33, ,
2, ,-33, ,
2, ,-33, ,
1, ,-33, ,
3, ,-33, ,
1, ,-33, ,
1, ,-33, ,
2, ,-34, ,
2, ,-33, ,
1, ,-33, ,
2, ,-33, ,
2, ,-33, ,
2, ,-33, ,
2, ,-33, ,
2, ,-33, ,
1, ,-33, ,
2, ,-33, ,
1, ,-33, ,
1, ,-33, ,
2, ,-34, ,
2, ,-33, ,
1, ,-33, ,
2, ,-34, ,
2, ,-33, ,
2, ,-33, ,
2, ,-33, ,
2, ,-34, ,
1, ,-33, ,
3, ,-33, ,
2, ,-33, ,
1, ,-33, ,
2, ,-34, ,
2, ,-33, ,
1, ,-33, ,
2, ,-34, ,
2, ,-33, ,
1, ,-33, ,
2, ,-33, ,
2, ,-33, ,
1, ,-33, ,
2, ,-33, ,
1, ,-33, ,
1, ,-33, ,
2, ,-34, ,
2, ,-33, ,
1, ,-33, ,
2, ,-34, ,
1, ,-33, ,
1, ,-34, ,
2, ,-33, ,
2, ,-33, ,
1, ,-33, ,
2, ,-33, ,
1, ,-33, ,
1, ,-33, ,
2, ,-33, ,
2, ,-33, ,
1, ,-33, ,
2, ,-33, ,
1, ,-33, ,
1, ,-33, ,
2, ,-33, ,
2, ,-34, ,
1, ,-34, ,
2, ,-33, ,
1, ,-33, ,
1, ,-33, ,
2, ,-34, ,
2, ,-33, ,
1, ,-33, ,
2, ,-33, ,
1, ,-33, ,
1, ,-33, ,
2, ,-34, ,
2, ,-34, ,
1, ,-33, ,
2, ,-33, ,
1, ,-33, ,
1, ,-33, ,
2, ,-33, ,
2, ,-33, ,
1, ,-33, ,
2, ,-34, ,
1, ,-33, ,
1, ,-34, ,
2, ,-33, ,
1, ,-34, ,
1, ,-34, ,
2, ,-33, ,
1, ,-33, ,
1, ,-33, ,
2, ,-33, ,
1, ,-33, ,
1, ,-33, ,
2, ,-34, ,
1, ,-33, ,
1, ,-33, ,
2, ,-34, ,
2, ,-34, ,
1, ,-33, ,
2, ,-33, ,
1, ,-33, ,
1, ,-33, ,
2, ,-33, ,
2, ,-33, ,
1, ,-33, ,
2, ,-33, ,
1, ,-33, ,
1, ,-33, ,
2, ,-33, ,
2, ,-34, ,
1, ,-33, ,
2, ,-33, ,
1, ,-33, ,
1, ,-33, ,
2, ,-34, ,
2, ,-33, ,
1, ,-33, ,
2, ,-34, ,
2, ,-33, ,
1, ,-34, ,
2, ,-33, ,
1, ,-33, ,
1, ,-33, ,
2, ,-34, ,
1, ,-33, ,
1, ,-33, ,
2, ,-34, ,
2, ,-33, ,
1, ,-33, ,
2, ,-34, ,
1, ,-33, ,
1, ,-33, ,
2, ,-33, ,
2, ,-33, ,
1, ,-33, ,
2, ,-34, ,
1, ,-33, ,
1, ,-33, ,
2, ,-34, ,
2, ,-33, ,
1, ,-34, ,
2, ,-33, ,
1, ,-33, ,
1, ,-33, ,
2, ,-33, ,
2, ,-33, ,
1, ,-33, ,
2, ,-33, ,
1, ,-33, ,
1, ,-33, ,
2, ,-34, ,
1, ,-33, ,
1, ,-33, ,
2, ,-33, ,
1, ,-33, ,
1, ,-33, ,
2, ,-33, ,
2, ,-33, ,
1, ,-33, ,
2, ,-34, ,
1, ,-33, ,
1, ,-33, ,
2, ,-33, ,
2, ,-33, ,
1, ,-33, ,
2, ,-34, ,
1, ,-33, ,
1, ,-33, ,
2, ,-33, ,
2, ,-33, ,
1, ,-33, ,
2, ,-27, ,
1, ,-7, ,
1, ,9, ,
2, ,22, ,
2, ,33, ,
1, ,39, ,
2, ,45, ,
1, ,49, ,
1, ,52, ,
1, ,54, ,
1, ,56, ,
1, ,57, ,
2, ,58, ,
1, ,59, ,
1, ,59, ,
2, ,59, ,
1, ,59, ,
1, ,60, ,
2, ,60, ,
1, ,60, ,
1, ,61, ,
2, ,60, ,
1, ,60, ,
-1, ,60, ,
2, ,60, ,
1, ,60, ,
1, ,61, ,
2, ,60, ,
1, ,60, ,
-1, ,61, ,
2, ,60, ,
1, ,60, ,
1, ,61, ,
2, ,60, ,
1, ,60, ,
-1, ,60, ,
2, ,60, ,
1, ,60, ,
1, ,60, ,
2, ,59, ,
1, ,60, ,
-1, ,60, ,
2, ,60, ,
1, ,60, ,
1, ,60, ,
2, ,60, ,
1, ,60, ,
-1, ,60, ,
2, ,60, ,
1, ,59, ,
1, ,60, ,
2, ,59, ,
1, ,60, ,
-1, ,60, ,
2, ,60, ,
1, ,60, ,
1, ,60, ,
2, ,59, ,
1, ,60, ,
-1, ,60, ,
2, ,60, ,
1, ,60, ,
1, ,60, ,
2, ,59, ,
1, ,60, ,
-1, ,60, ,
2, ,60, ,
1, ,59, ,
1, ,60, ,
2, ,59, ,
1, ,60, ,
-1, ,60, ,
2, ,60, ,
1, ,59, ,
1, ,60, ,
32, ,59, ,
49, ,60, ,
31, ,60, ,
21, ,60, ,
12, ,60, ,
8, ,60, ,
7, ,59, ,
5, ,60, ,
2, ,60, ,
3, ,59, ,
2, ,60, ,
2, ,60, ,
3, ,59, ,
2, ,60, ,
2, ,60, ,
3, ,60, ,
2, ,60, ,
2, ,60, ,
3, ,59, ,
3, ,60, ,
1, ,60, ,
3, ,60, ,
2, ,59, ,
2, ,60, ,
3, ,59, ,
2, ,60, ,
1, ,60, ,
5, ,60, ,
5, ,60, ,
6, ,60, ,
7, ,59, ,
5, ,60, ,
3, ,60, ,
5, ,60, ,
3, ,59, ,
3, ,60, ,
3, ,59, ,
3, ,60, ,
2, ,60, ,
3, ,60, ,
2, ,60, ,
2, ,60, ,
3, ,59, ,
3, ,60, ,
2, ,60, ,
3, ,59, ,
2, ,59, ,
2, ,60, ,
3, ,59, ,
2, ,59, ,
2, ,60, ,
3, ,60, ,
2, ,60, ,
2, ,60, ,
3, ,59, ,
2, ,59, ,
1, ,60, ,
3, ,60, ,
2, ,60, ,
2, ,60, ,
3, ,59, ,
2, ,59, ,
2, ,60, ,
3, ,60, ,
2, ,59, ,
2, ,60, ,
3, ,59, ,
2, ,60, ,
1, ,60, ,
3, ,60, ,
2, ,60, ,
2, ,60, ,
2, ,59, ,
2, ,60, ,
1, ,60, ,
3, ,59, ,
2, ,60, ,
1, ,60, ,
2, ,59, ,
2, ,60, ,
1, ,46, ,
2, ,26, ,
1, ,11, ,
1, ,0, ,
2, ,-9, ,
2, ,-15, ,
1, ,-20, ,
2, ,-24, ,
2, ,-26, ,
2, ,-28, ,
3, ,-30, ,
2, ,-32, ,
1, ,-32, ,
2, ,-33, ,
2, ,-33, ,
2, ,-33, ,
3, ,-34, ,
2, ,-33, ,
1, ,-34, ,
3, ,-34, ,
2, ,-34, ,
2, ,-34, ,
3, ,-34, ,
2, ,-34, ,
1, ,-34, ,
2, ,-34, ,
2, ,-34, ,
2, ,-34, ,
3, ,-34, ,
2, ,-34, ,
1, ,-34, ,
2, ,-34, ,
2, ,-34, ,
2, ,-34, ,
2, ,-34, ,
2, ,-34, ,
1, ,-34, ,
2, ,-34, ,
2, ,-34, ,
2, ,-34, ,
2, ,-34, ,
2, ,-33, ,
1, ,-33, ,
2, ,-34, ,
2, ,-33, ,
2, ,-33, ,
2, ,-34, ,
2, ,-33, ,
2, ,-34, ,
2, ,-33, ,
2, ,-34, ,
2, ,-34, ,
2, ,-34, ,
2, ,-34, ,
1, ,-34, ,
2, ,-34, ,
2, ,-34, ,
1, ,-33, ,
2, ,-33, ,
2, ,-33, ,
1, ,-33, ,
2, ,-33, ,
2, ,-34, ,
1, ,-33, ,
2, ,-33, ,
2, ,-33, ,
1, ,-33, ,
2, ,-34, ,
1, ,-33, ,
1, ,-34, ,
2, ,-33, ,
2, ,-33, ,
1, ,-34, ,
2, ,-33, ,
2, ,-33, ,
2, ,-33, ,
2, ,-34, ,
2, ,-33, ,
1, ,-33, ,
2, ,-34, ,
2, ,-33, ,
1, ,-33, ,
2, ,-33, ,
2, ,-33, ,
1, ,-34, ,
2, ,-34, ,
1, ,-34, ,
1, ,-33, ,
2, ,-33, ,
2, ,-33, ,
1, ,-33, ,
2, ,-34, ,
2, ,-33, ,
2, ,-33, ,
2, ,-33, ,
2, ,-33, ,
1, ,-33, ,
2, ,-33, ,
1, ,-34, ,
1, ,-33, ,
2, ,-33, ,
2, ,-33, ,
1, ,-33, ,
2, ,-34, ,
1, ,-33, ,
1, ,-34, ,
2, ,-33, ,
2, ,-33, ,
1, ,-33, ,
2, ,-33, ,
1, ,-33, ,
1, ,-33, ,
2, ,-34, ,
2, ,-33, ,
1, ,-33, ,
2, ,-33, ,
1, ,-33, ,
2, ,-34, ,
2, ,-34, ,
2, ,-33, ,
1, ,-33, ,
2, ,-33, ,
1, ,-33, ,
1, ,-33, ,
2, ,-33, ,
2, ,-33, ,
1, ,-33, ,
2, ,-34, ,
1, ,-33, ,
1, ,-33, ,
2, ,-33, ,
2, ,-33, ,
1, ,-33, ,
2, ,-33, ,
1, ,-33, ,
2, ,-33, ,
2, ,-33, ,
2, ,-33, ,
1, ,-33, ,
2, ,-33, ,
1, ,-33, ,
2, ,-33, ,
2, ,-33, ,
2, ,-34, ,
1, ,-34, ,
2, ,-34, ,
1, ,-33, ,
1, ,-33, ,
2, ,-34, ,
2, ,-33, ,
1, ,-33, ,
2, ,-34, ,
1, ,-33, ,
1, ,-33, ,
2, ,-33, ,
2, ,-33, ,
1, ,-33, ,
2, ,-33, ,
1, ,-33, ,
2, ,-33, ,
2, ,-33, ,
2, ,-33, ,
1, ,-33, ,
2, ,-34, ,
1, ,-33, ,
1, ,-33, ,
2, ,-33, ,
2, ,-34, ,
1, ,-33, ,
2, ,-33, ,
1, ,-33, ,
1, ,-33, ,
2, ,-33, ,
2, ,-33, ,
1, ,-33, ,
2, ,-34, ,
1, ,-33, ,
1, ,-33, ,
2, ,-33, ,
2, ,-33, ,
1, ,-33, ,
2, ,-33, ,
1, ,-33, ,
1, ,-33, ,
2, ,-33, ,
1, ,-33, ,
1, ,-33, ,
2, ,-33, ,
1, ,-33, ,
1, ,-33, ,
2, ,-33, ,
2, ,-33, ,
1, ,-33, ,
2, ,-33, ,
1, ,-33, ,
2, ,-33, ,
2, ,-33, ,
2, ,-33, ,
1, ,-33, ,
2, ,-34, ,
1, ,-33, ,
1, ,-33, ,
2, ,-33, ,
2, ,-33, ,
1, ,-33, ,
2, ,-33, ,
1, ,-33, ,
1, ,-33, ,
2, ,-33, ,
2, ,-33, ,
1, ,-33, ,
2, ,-33, ,
1, ,-33, ,
1, ,-33, ,
2, ,-33, ,
2, ,-33, ,
1, ,-33, ,
2, ,-33, ,
1, ,-33, ,
1, ,-33, ,
2, ,-34, ,
2, ,-33, ,
1, ,-33, ,
2, ,-33, ,
1, ,-33, ,
1, ,-33, ,
2, ,-33, ,
2, ,-33, ,
1, ,-33, ,
2, ,-33, ,
1, ,-33, ,
1, ,-33, ,
2, ,-33, ,
2, ,-33, ,
1, ,-33, ,
2, ,-34, ,
1, ,-33, ,
1, ,-34, ,
2, ,-33, ,
45, ,-33, ,
39, ,-33, ,
25, ,-33, ,
16, ,-33, ,
10, ,-33, ,
8, ,-34, ,
6, ,-33, ,
3, ,-33, ,
5, ,-33, ,
2, ,-33, ,
2, ,-33, ,
3, ,-33, ,
3, ,-33, ,
1, ,-34, ,
3, ,-33, ,
2, ,-33, ,
2, ,-33, ,
3, ,-33, ,
3, ,-33, ,
2, ,-33, ,
3, ,-33, ,
2, ,-33, ,
2, ,-33, ,
2, ,-33, ,
3, ,-33, ,
1, ,-33, ,
3, ,-33, ,
2, ,-33, ,
2, ,-33, ,
2, ,-34, ,
3, ,-33, ,
1, ,-33, ,
2, ,-33, ,
2, ,-33, ,
2, ,-34, ,
2, ,-33, ,
3, ,-33, ,
1, ,-33, ,
2, ,-33, ,
2, ,-33, ,
2, ,-33, ,
2, ,-34, ,
3, ,-33, ,
2, ,-33, ,
2, ,-34, ,
2, ,-33, ,
2, ,-33, ,
2, ,-33, ,
3, ,-33, ,
2, ,-33, ,
3, ,-33, ,
2, ,-33, ,
2, ,-33, ,
2, ,-34, ,
2, ,-33, ,
1, ,-33, ,
3, ,-33, ,
2, ,-33, ,
2, ,-33, ,
2, ,-33, ,
3, ,-34, ,
2, ,-33, ,
2, ,-33, ,
2, ,-33, ,
2, ,-33, ,
2, ,-33, ,
2, ,-33, ,
1, ,-33, ,
3, ,-34, ,
2, ,-33, ,
2, ,-33, ,
2, ,-33, ,
2, ,-33, ,
1, ,-33, ,
2, ,-33, ,
2, ,-33, ,
2, ,-33, ,
2, ,-34, ,
3, ,-33, ,
1, ,-33, ,
2, ,-34, ,
2, ,-33, ,
1, ,-34, ,
2, ,-33, ,
2, ,-33, ,
1, ,-33, ,
2, ,-33, ,
2, ,-33, ,
2, ,-33, ,
2, ,-33, ,
3, ,-33, ,
1, ,-33, ,
2, ,-34, ,
2, ,-33, ,
2, ,-33, ,
2, ,-33, ,
3, ,-33, ,
1, ,-33, ,
2, ,-33, ,
2, ,-33, ,
1, ,-33, ,
2, ,-34, ,
2, ,-33, ,
1, ,-33, ,
2, ,-33, ,
2, ,-33, ,
2, ,-33, ,
2, ,-33, ,
2, ,-34, ,
1, ,-33, ,
2, ,-33, ,
2, ,-33, ,
2, ,-33, ,
2, ,-34, ,
2, ,-33, ,
1, ,-33, ,
2, ,-34, ,
2, ,-33, ,
2, ,-33, ,
2, ,-33, ,
2, ,-33, ,
1, ,-33, ,
2, ,-33, ,
2, ,-33, ,
1, ,-33, ,
2, ,-34, ,
2, ,-33, ,
1, ,-33, ,
2, ,-34, ,
1, ,-33, ,
2, ,-33, ,
2, ,-33, ,
2, ,-33, ,
1, ,-33, ,
2, ,-33, ,
2, ,-33, ,
2, ,-33, ,
2, ,-34, ,
2, ,-33, ,
1, ,-33, ,
2, ,-34, ,
1, ,-33, ,
1, ,-33, ,
2, ,-33, ,
2, ,-33, ,
1, ,-33, ,
2, ,-33, ,
1, ,-33, ,
2, ,-33, ,
2, ,-34, ,
2, ,-34, ,
1, ,-33, ,
2, ,-33, ,
1, ,-33, ,
2, ,-34, ,
3, ,-33, ,
2, ,-33, ,
1, ,-33, ,
2, ,-33, ,
2, ,-33, ,
1, ,-33, ,
2, ,-34, ,
2, ,-33, ,
1, ,-33, ,
2, ,-33, ,
1, ,-33, ,
1, ,-33, ,
2, ,-33, ,
2, ,-33, ,
1, ,-33, ,
2, ,-33, ,
1, ,-33, ,
1, ,-33, ,
2, ,-34, ,
2, ,-33, ,
1, ,-33, ,
2, ,-33, ,
1, ,-33, ,
1, ,-33, ,
2, ,-33, ,
2, ,-33, ,
1, ,-33, ,
2, ,-33, ,
2, ,-33, ,
2, ,-33, ,
2, ,-34, ,
2, ,-33, ,
1, ,-33, ,
2, ,-33, ,
1, ,-33, ,
1, ,-33, ,
2, ,-33, ,
2, ,-33, ,
1, ,-33, ,
2, ,-33, ,
1, ,-33, ,
2, ,-33, ,
2, ,-33, ,
2, ,-33, ,
1, ,-33, ,
2, ,-34, ,
2, ,-33, ,
1, ,-33, ,
2, ,-33, ,
2, ,-33, ,
1, ,-34, ,
2, ,-33, ,
1, ,-33, ,
1, ,-33, ,
2, ,-33, ,
2, ,-33, ,
1, ,-33, ,
2, ,-33, ,
1, ,-33, ,
1, ,-33, ,
2, ,-33, ,
2, ,-34, ,
1, ,-33, ,
2, ,-33, ,
1, ,-33, ,
1, ,-33, ,
2, ,-34, ,
2, ,-33, ,
1, ,-33, ,
2, ,-33, ,
1, ,-33, ,
1, ,-34, ,
2, ,-33, ,
2, ,-34, ,
1, ,-33, ,
2, ,-33, ,
1, ,-33, ,
2, ,-33, ,
2, ,-33, ,
2, ,-33, ,
1, ,-33, ,
2, ,-33, ,
1, ,-33, ,
1, ,-33, ,
2, ,-34, ,
2, ,-33, ,
1, ,-33, ,
2, ,-33, ,
1, ,-33, ,
1, ,-33, ,
2, ,-34, ,
2, ,-33, ,
1, ,-33, ,
2, ,-34, ,
1, ,-33, ,
1, ,-33, ,
2, ,-33, ,
2, ,-33, ,
1, ,-33, ,
2, ,-33, ,
1, ,-33, ,
1, ,-33, ,
2, ,-34, ,
2, ,-33, ,
1, ,-33, ,
2, ,-33, ,
1, ,-33, ,
1, ,-33, ,
2, ,-34, ,
1, ,-33, ,
1, ,-33, ,
2, ,-33, ,
1, ,-33, ,
1, ,-33, ,
2, ,-34, ,
2, ,-33, ,
1, ,-33, ,
2, ,-33, ,
1, ,-33, ,
1, ,-33, ,
2, ,-33, ,
2, ,-33, ,
1, ,-33, ,
2, ,-33, ,
1, ,-33, ,
1, ,-33, ,
2, ,-34, ,
2, ,-33, ,
1, ,-33, ,
2, ,-33, ,
1, ,-33, ,
2, ,-33, ,
2, ,-33, ,
1, ,-33, ,
1, ,-33, ,
2, ,-33, ,
1, ,-33, ,
1, ,-33, ,
2, ,-34, ,
2, ,-33, ,
1, ,-33, ,
2, ,-34, ,
1, ,-33, ,
1, ,-33, ,
2, ,-33, ,
2, ,-33, ,
1, ,-33, ,
2, ,-33, ,
1, ,-33, ,
1, ,-33, ,
2, ,-34, ,
2, ,-33, ,
-1, ,-33, ,
2, ,-33, ,
1, ,-33, ,
1, ,-34, ,
2, ,-33, ,
2, ,-34, ,
1, ,-33, ,
2, ,-33, ,
1, ,-33, ,
1, ,-33, ,
2, ,-34, ,
2, ,-33, ,
1, ,-33, ,
2, ,-33, ,
1, ,-33, ,
1, ,-34, ,
2, ,-34, ,
1, ,-34, ,
-1, ,-33, ,
2, ,-33, ,
1, ,-33, ,
1, ,-33, ,
2, ,-34, ,
2, ,-34, ,
1, ,-33, ,
2, ,-33, ,
1, ,-33, ,
1, ,-33, ,
2, ,-33, ,
1, ,-34, ,
1, ,-33, ,
2, ,-33, ,
1, ,-34, ,
1, ,-33, ,
2, ,-34, ,
1, ,-33, ,
-1, ,-33, ,
1, ,-34, ,
1, ,-33, ,
1, ,-34, ,
2, ,-33, ,
1, ,-33, ,
1, ,-33, ,
2, ,-33, ,
1, ,-33, ,
1, ,-34, ,
1, ,-34, ,
1, ,-33, ,
-1, ,-33, ,
1, ,-33, ,
1, ,-33, ,
1, ,-33, ,
2, ,-33, ,
1, ,-34, ,
1, ,-33, ,
2, ,-33, ,
1, ,-33, ,
1, ,-33, ,
2, ,-34, ,
1, ,-33, ,
-1, ,-33, ,
2, ,-34, ,
1, ,-33, ,
1, ,-33, ,
1, ,-33, ,
2, ,-34, ,
1, ,-33, ,
2, ,-33, ,
1, ,-33, ,
1, ,-33, ,
2, ,-34, ,
2, ,-33, ,
1, ,-33, ,
2, ,-33, ,
1, ,-33, ,
1, ,-34, ,
2, ,-34, ,
1, ,-33, ,
1, ,-33, ,
2, ,-33, ,
1, ,-30, ,
1, ,-13, ,
2, ,5, ,
2, ,19, ,
1, ,30, ,
2, ,38, ,
2, ,43, ,
1, ,47, ,
2, ,51, ,
1, ,54, ,
1, ,55, ,
2, ,57, ,
1, ,57, ,
1, ,59, ,
2, ,59, ,
1, ,59, ,
1, ,59, ,
2, ,60, ,
1, ,60, ,
1, ,60, ,
2, ,60, ,
1, ,61, ,
-1, ,60, ,
2, ,60, ,
1, ,60, ,
1, ,60, ,
2, ,59, ,
1, ,60, ,
-1, ,60, ,
2, ,60, ,
1, ,60, ,
1, ,61, ,
2, ,60, ,
1, ,61, ,
-1, ,61, ,
2, ,60, ,
1, ,60, ,
1, ,61, ,
2, ,59, ,
1, ,60, ,
-1, ,60, ,
2, ,60, ,
1, ,60, ,
1, ,60, ,
1, ,59, ,
1, ,60, ,
-1, ,60, ,
2, ,60, ,
1, ,59, ,
1, ,60, ,
1, ,60, ,
1, ,60, ,
-1, ,60, ,
2, ,60, ,
1, ,59, ,
1, ,60, ,
2, ,59, ,
1, ,60, ,
-1, ,60, ,
2, ,60, ,
-1, ,59, ,
1, ,60, ,
1, ,59, ,
1, ,60, ,
-1, ,60, ,
2, ,60, ,
1, ,60, ,
-1, ,60, ,
1, ,59, ,
1, ,60, ,
-1, ,60, ,
2, ,60, ,
-1, ,60, ,
1, ,61, ,
1, ,59, ,
1, ,60, ,
-1, ,60, ,
2, ,60, ,
-1, ,59, ,
-1, ,60, ,
1, ,59, ,
1, ,60, ,
-1, ,60, ,
2, ,59, ,
-1, ,59, ,
-1, ,60, ,
1, ,59, ,
1, ,60, ,
-1, ,60, ,
2, ,60, ,
1, ,59, ,
-1, ,60, ,
1, ,60, ,
1, ,60, ,
-1, ,60, ,
2, ,59, ,
-1, ,60, ,
1, ,60, ,
2, ,59, ,
1, ,60, ,
-1, ,60, ,
68, ,60, ,
43, ,60, ,
26, ,60, ,
18, ,60, ,
12, ,60, ,
7, ,60, ,
7, ,60, ,
5, ,59, ,
2, ,60, ,
3, ,59, ,
2, ,59, ,
1, ,60, ,
3, ,60, ,
2, ,59, ,
2, ,60, ,
2, ,59, ,
2, ,60, ,
1, ,60, ,
3, ,60, ,
2, ,59, ,
2, ,60, ,
3, ,59, ,
2, ,60, ,
1, ,60, ,
3, ,60, ,
2, ,59, ,
2, ,60, ,
3, ,59, ,
2, ,60, ,
1, ,60, ,
3, ,60, ,
2, ,59, ,
2, ,60, ,
2, ,59, ,
2, ,60, ,
1, ,60, ,
3, ,60, ,
2, ,60, ,
2, ,60, ,
2, ,59, ,
2, ,60, ,
2, ,60, ,
3, ,60, ,
2, ,60, ,
2, ,60, ,
2, ,59, ,
2, ,59, ,
1, ,60, ,
3, ,59, ,
2, ,59, ,
2, ,60, ,
2, ,59, ,
2, ,60, ,
1, ,59, ,
3, ,52, ,
2, ,31, ,
1, ,15, ,
2, ,2, ,
2, ,-6, ,
1, ,-14, ,
3, ,-19, ,
2, ,-23, ,
1, ,-25, ,
2, ,-27, ,
2, ,-30, ,
2, ,-31, ,
3, ,-32, ,
2, ,-32, ,
2, ,-33, ,
2, ,-33, ,
2, ,-33, ,
1, ,-34, ,
2, ,-34, ,
2, ,-34, ,
2, ,-34, ,
3, ,-34, ,
2, ,-34, ,
1, ,-34, ,
3, ,-34, ,
2, ,-34, ,
2, ,-34, ,
3, ,-34, ,
2, ,-34, ,
2, ,-34, ,
18, ,-34, ,
13, ,-34, ,
10, ,-34, ,
8, ,-34, ,
6, ,-34, ,
3, ,-34, ,
5, ,-33, ,
2, ,-34, ,
2, ,-34, ,
3, ,-34, ,
3, ,-34, ,
1, ,-34, ,
3, ,-34, ,
2, ,-33, ,
2, ,-34, ,
3, ,-34, ,
3, ,-34, ,
2, ,-34, ,
3, ,-33, ,
2, ,-34, ,
2, ,-33, ,
2, ,-34, ,
3, ,-33, ,
1, ,-33, ,
3, ,-33, ,
2, ,-33, ,
2, ,-34, ,
3, ,-34, ,
2, ,-33, ,
2, ,-33, ,
3, ,-33, ,
2, ,-34, ,
2, ,-34, ,
2, ,-33, ,
3, ,-33, ,
1, ,-34, ,
3, ,-34, ,
2, ,-33, ,
1, ,-34, ,
2, ,-34, ,
3, ,-33, ,
1, ,-33, ,
3, ,-33, ,
2, ,-34, ,
2, ,-33, ,
2, ,-34, ,
2, ,-33, ,
1, ,-33, ,
2, ,-33, ,
2, ,-33, ,
2, ,-33, ,
2, ,-34, ,
3, ,-33, ,
1, ,-34, ,
3, ,-33, ,
2, ,-34, ,
2, ,-33, ,
3, ,-34, ,
3, ,-33, ,
2, ,-33, ,
2, ,-34, ,
2, ,-33, ,
2, ,-33, ,
2, ,-33, ,
2, ,-33, ,
1, ,-34, ,
3, ,-33, ,
2, ,-33, ,
2, ,-33, ,
2, ,-34, ,
3, ,-33, ,
1, ,-33, ,
3, ,-33, ,
2, ,-33, ,
2, ,-33, ,
2, ,-33, ,
2, ,-34, ,
1, ,-34, ,
2, ,-33, ,
2, ,-33, ,
2, ,-33, ,
2, ,-34, ,
3, ,-33, ,
1, ,-33, ,
2, ,-34, ,
2, ,-33, ,
1, ,-33, ,
2, ,-33, ,
2, ,-33, ,
1, ,-33, ,
2, ,-33, ,
2, ,-33, ,
2, ,-33, ,
2, ,-34, ,
2, ,-33, ,
1, ,-33, ,
2, ,-33, ,
2, ,-33, ,
1, ,-33, ,
2, ,-33, ,
3, ,-33, ,
1, ,-33, ,
2, ,-33, ,
2, ,-33, ,
2, ,-33, ,
2, ,-33, ,
2, ,-33, ,
1, ,-33, ,
2, ,-33, ,
2, ,-33, ,
1, ,-33, ,
2, ,-33, ,
2, ,-34, ,
1, ,-33, ,
2, ,-33, ,
2, ,-33, ,
2, ,-33, ,
2, ,-34, ,
2, ,-33, ,
1, ,-33, ,
2, ,-33, ,
2, ,-33, ,
1, ,-33, ,
2, ,-33, ,
2, ,-33, ,
1, ,-33, ,
2, ,-33, ,
1, ,-33, ,
1, ,-33, ,
2, ,-33, ,
2, ,-33, ,
1, ,-33, ,
2, ,-33, ,
2, ,-33, ,
2, ,-33, ,
2, ,-33, ,
2, ,-33, ,
1, ,-33, ,
2, ,-33, ,
1, ,-33, ,
1, ,-33, ,
2, ,-34, ,
2, ,-33, ,
1, ,-33, ,
2, ,-33, ,
2, ,-33, ,
2, ,-33, ,
2, ,-33, ,
2, ,-33, ,
1, ,-33, ,
2, ,-34, ,
2, ,-33, ,
1, ,-33, ,
2, ,-33, ,
2, ,-33, ,
1, ,-33, ,
2, ,-34, ,
2, ,-33, ,
1, ,-34, ,
2, ,-33, ,
2, ,-33, ,
1, ,-33, ,
2, ,-33, ,
1, ,-33, ,
1, ,-33, ,
2, ,-33, ,
2, ,-33, ,
1, ,-33, ,
2, ,-33, ,
2, ,-33, ,
2, ,-33, ,
2, ,-33, ,
2, ,-33, ,
1, ,-33, ,
2, ,-33, ,
1, ,-33, ,
1, ,-33, ,
2, ,-33, ,
2, ,-33, ,
1, ,-33, ,
2, ,-33, ,
2, ,-33, ,
1, ,-33, ,
2, ,-33, ,
2, ,-33, ,
1, ,-33, ,
2, ,-33, ,
1, ,-33, ,
1, ,-33, ,
2, ,-33, ,
2, ,-33, ,
1, ,-33, ,
2, ,-34, ,
1, ,-33, ,
2, ,-33, ,
2, ,-33, ,
2, ,-33, ,
1, ,-33, ,
2, ,-33, ,
1, ,-33, ,
1, ,-33, ,
2, ,-33, ,
2, ,-33, ,
1, ,-33, ,
2, ,-34, ,
1, ,-33, ,
2, ,-34, ,
2, ,-33, ,
2, ,-33, ,
1, ,-33, ,
2, ,-33, ,
1, ,-33, ,
1, ,-33, ,
2, ,-33, ,
2, ,-33, ,
1, ,-33, ,
2, ,-34, ,
1, ,-33, ,
2, ,-33, ,
2, ,-33, ,
2, ,-33, ,
1, ,-33, ,
2, ,-33, ,
1, ,-33, ,
1, ,-33, ,
2, ,-33, ,
2, ,-33, ,
1, ,-33, ,
2, ,-33, ,
1, ,-33, ,
1, ,-33, ,
2, ,-33, ,
2, ,-33, ,
1, ,-33, ,
2, ,-33, ,
1, ,-33, ,
1, ,-33, ,
2, ,-34, ,
2, ,-33, ,
1, ,-33, ,
2, ,-33, ,
1, ,-33, ,
1, ,-33, ,
2, ,-33, ,
2, ,-33, ,
1, ,-33, ,
2, ,-33, ,
1, ,-33, ,
1, ,-33, ,
2, ,-33, ,
2, ,-33, ,
1, ,-33, ,
2, ,-33, ,
1, ,-33, ,
1, ,-33, ,
2, ,-33, ,
2, ,-33, ,
1, ,-34, ,
2, ,-33, ,
1, ,-33, ,
1, ,-33, ,
2, ,-34, ,
2, ,-33, ,
1, ,-33, ,
2, ,-33, ,
1, ,-33, ,
1, ,-33, ,
2, ,-33, ,
1, ,-33, ,
1, ,-33, ,
2, ,-33, ,
1, ,-33, ,
1, ,-33, ,
2, ,-34, ,
2, ,-33, ,
1, ,-33, ,
2, ,-34, ,
1, ,-33, ,
2, ,-33, ,
2, ,-33, ,
2, ,-33, ,
1, ,-33, ,
2, ,-33, ,
1, ,-33, ,
1, ,-33, ,
2, ,-34, ,
2, ,-33, ,
1, ,-33, ,
1, ,-33, ,
1, ,-33, ,
1, ,-33, ,
2, ,-33, ,
1, ,-33, ,
1, ,-33, ,
2, ,-33, ,
1, ,-33, ,
1, ,-33, ,
2, ,-34, ,
1, ,-33, ,
-1, ,-33, ,
2, ,-33, ,
1, ,-33, ,
1, ,-33, ,
2, ,-33, ,
1, ,-33, ,
1, ,-33, ,
2, ,-33, ,
1, ,-33, ,
1, ,-34, ,
2, ,-34, ,
1, ,-33, ,
1, ,-33, ,
2, ,-33, ,
1, ,-33, ,
1, ,-33, ,
2, ,-34, ,
2, ,-33, ,
1, ,-33, ,
2, ,-33, ,
1, ,-33, ,
1, ,-33, ,
2, ,-34, ,
2, ,-33, ,
1, ,-33, ,
2, ,-34, ,
1, ,-33, ,
1, ,-33, ,
2, ,-34, ,
2, ,-34, ,
1, ,-33, ,
2, ,-33, ,
1, ,-33, ,
1, ,-33, ,
2, ,-34, ,
1, ,-33, ,
1, ,-33, ,
1, ,-33, ,
1, ,-33, ,
1, ,-33, ,
2, ,-33, ,
2, ,-33, ,
1, ,-34, ,
2, ,-33, ,
1, ,-33, ,
1, ,-33, ,
2, ,-34, ,
2, ,-33, ,
1, ,-33, ,
2, ,-34, ,
1, ,-33, ,
1, ,-33, ,
2, ,-34, ,
2, ,-33, ,
1, ,-33, ,
2, ,-33, ,
1, ,-33, ,
1, ,-33, ,
2, ,-34, ,
2, ,-33, ,
1, ,-33, ,
2, ,-33, ,
1, ,-33, ,
1, ,-33, ,
2, ,-33, ,
2, ,-33, ,
1, ,-33, ,
2, ,-33, ,
1, ,-33, ,
1, ,-33, ,
2, ,-34, ,
1, ,-33, ,
1, ,-33, ,
2, ,-33, ,
1, ,-33, ,
1, ,-34, ,
1, ,-33, ,
1, ,-33, ,
1, ,-33, ,
2, ,-33, ,
1, ,-33, ,
1, ,-33, ,
2, ,-34, ,
1, ,-33, ,
1, ,-33, ,
2, ,-33, ,
1, ,-33, ,
1, ,-33, ,
2, ,-33, ,
1, ,-33, ,
-1, ,-33, ,
2, ,-33, ,
1, ,-33, ,
1, ,-33, ,
2, ,-33, ,
2, ,-33, ,
-1, ,-33, ,
2, ,-34, ,
1, ,-33, ,
1, ,-33, ,
2, ,-33, ,
1, ,-34, ,
-1, ,-33, ,
2, ,-34, ,
1, ,-33, ,
1, ,-33, ,
2, ,-33, ,
1, ,-33, ,
-1, ,-33, ,
2, ,-34, ,
1, ,-33, ,
1, ,-33, ,
1, ,-33, ,
1, ,-33, ,
-1, ,-33, ,
2, ,-33, ,
1, ,-33, ,
1, ,-34, ,
2, ,-34, ,
1, ,-33, ,
-1, ,-33, ,
2, ,-33, ,
1, ,-33, ,
1, ,-33, ,
2, ,-33, ,
1, ,-34, ,
-1, ,-33, ,
2, ,-33, ,
1, ,-33, ,
1, ,-33, ,
1, ,-34, ,
1, ,-33, ,
-1, ,-33, ,
2, ,-33, ,
1, ,-33, ,
1, ,-33, ,
2, ,-33, ,
1, ,-33, ,
-1, ,-33, ,
2, ,-33, ,
1, ,-33, ,
1, ,-33, ,
2, ,-34, ,
1, ,-33, ,
-1, ,-33, ,
2, ,-34, ,
1, ,-33, ,
1, ,-33, ,
1, ,-33, ,
1, ,-33, ,
-1, ,-33, ,
2, ,-33, ,
1, ,-33, ,
1, ,-33, ,
1, ,-34, ,
1, ,-33, ,
-1, ,-33, ,
2, ,-33, ,
1, ,-33, ,
1, ,-33, ,
2, ,-33, ,
1, ,-33, ,
1, ,-33, ,
2, ,-33, ,
1, ,-33, ,
1, ,-33, ,
2, ,-34, ,
2, ,-33, ,
-1, ,-33, ,
2, ,-34, ,
1, ,-33, ,
1, ,-33, ,
2, ,-33, ,
1, ,-33, ,
-1, ,-33, ,
2, ,-33, ,
1, ,-33, ,
1, ,-33, ,
2, ,-34, ,
1, ,-33, ,
-1, ,-33, ,
2, ,-33, ,
1, ,-33, ,
1, ,-33, ,
2, ,-33, ,
1, ,-33, ,
-1, ,-33, ,
2, ,-33, ,
1, ,-33, ,
1, ,-33, ,
2, ,-34, ,
2, ,-33, ,
-1, ,-33, ,
2, ,-34, ,
1, ,-33, ,
1, ,-33, ,
1, ,-33, ,
1, ,-34, ,
-1, ,-33, ,
2, ,-33, ,
1, ,-33, ,
1, ,-33, ,
2, ,-33, ,
1, ,-33, ,
-1, ,-33, ,
2, ,-33, ,
1, ,-33, ,
1, ,-33, ,
1, ,-33, ,
1, ,-33, ,
-1, ,-33, ,
2, ,-33, ,
1, ,-33, ,
1, ,-33, ,
2, ,-34, ,
1, ,-33, ,
-1, ,-33, ,
1, ,-33, ,
1, ,-33, ,
1, ,-33, ,
1, ,-33, ,
1, ,-33, ,
-1, ,-33, ,
2, ,-33, ,
-1, ,-33, ,
1, ,-33, ,
1, ,-33, ,
1, ,-33, ,
-1, ,-33, ,
2, ,-33, ,
1, ,-33, ,
1, ,-33, ,
2, ,-33, ,
1, ,-33, ,
-1, ,-33, ,
2, ,-33, ,
1, ,-33, ,
1, ,-33, ,
1, ,-34, ,
1, ,-33, ,
-1, ,-33, ,
2, ,-34, ,
1, ,-33, ,
1, ,-33, ,
1, ,-33, ,
1, ,-34, ,
-1, ,-33, ,
2, ,-33, ,
1, ,-33, ,
1, ,-33, ,
2, ,-34, ,
1, ,-33, ,
-1, ,-33, ,
1, ,-33, ,
1, ,-33, ,
1, ,-33, ,
1, ,-33, ,
1, ,-34, ,
-1, ,-33, ,
1, ,-33, ,
-1, ,-33, ,
-1, ,-33, ,
1, ,-34, ,
2, ,-33, ,
1, ,-33, ,
2, ,-34, ,
1, ,-33, ,
1, ,-33, ,
1, ,-33, ,
1, ,-33, ,
-1, ,-33, ,
1, ,-33, ,
1, ,-33, ,
1, ,-33, ,
2, ,-34, ,
1, ,-33, ,
-1, ,-33, ,
2, ,-33, ,
1, ,-33, ,
1, ,-33, ,
1, ,-34, ,
1, ,-34, ,
-1, ,-33, ,
2, ,-33, ,
1, ,-33, ,
1, ,-33, ,
1, ,-34, ,
1, ,-33, ,
-1, ,-33, ,
1, ,-33, ,
1, ,-33, ,
1, ,-33, ,
1, ,-33, ,
1, ,-34, ,
-1, ,-33, ,
2, ,-33, ,
1, ,-33, ,
1, ,-33, ,
1, ,-19, ,
1, ,1, ,
-1, ,17, ,
2, ,27, ,
1, ,36, ,
1, ,42, ,
1, ,46, ,
1, ,51, ,
1, ,53, ,
2, ,55, ,
-1, ,56, ,
1, ,58, ,
2, ,58, ,
1, ,59, ,
-1, ,60, ,
1, ,59, ,
1, ,60, ,
-1, ,60, ,
1, ,60, ,
1, ,60, ,
-1, ,60, ,
2, ,60, ,
1, ,60, ,
1, ,60, ,
1, ,60, ,
-1, ,60, ,
-1, ,60, ,
2, ,60, ,
1, ,60, ,
1, ,60, ,
1, ,60, ,
1, ,60, ,
-1, ,60, ,
1, ,60, ,
-1, ,60, ,
-1, ,60, ,
1, ,60, ,
1, ,60, ,
-1, ,60, ,
2, ,60, ,
-1, ,59, ,
-1, ,60, ,
2, ,60, ,
1, ,60, ,
-1, ,60, ,
2, ,60, ,
-1, ,60, ,
1, ,60, ,
1, ,60, ,
1, ,60, ,
-1, ,60, ,
2, ,60, ,
-1, ,60, ,
-1, ,60, ,
1, ,59, ,
1, ,60, ,
-1, ,60, ,
1, ,60, ,
-1, ,60, ,
1, ,60, ,
2, ,59, ,
1, ,60, ,
-1, ,60, ,
2, ,60, ,
1, ,60, ,
1, ,60, ,
1, ,59, ,
1, ,60, ,
-1, ,60, ,
2, ,60, ,
-1, ,60, ,
80, ,60, ,
52, ,59, ,
31, ,60, ,
20, ,60, ,
15, ,60, ,
8, ,60, ,
6, ,60, ,
6, ,59, ,
5, ,60, ,
2, ,60, ,
3, ,59, ,
2, ,60, ,
2, ,60, ,
3, ,59, ,
2, ,60, ,
2, ,60, ,
3, ,60, ,
2, ,60, ,
2, ,60, ,
3, ,59, ,
2, ,60, ,
2, ,60, ,
3, ,59, ,
2, ,60, ,
2, ,60, ,
3, ,59, ,
2, ,60, ,
1, ,60, ,
3, ,59, ,
2, ,60, ,
2, ,60, ,
2, ,59, ,
2, ,60, ,
1, ,59, ,
3, ,59, ,
2, ,60, ,
1, ,60, ,
3, ,59, ,
3, ,60, ,
7, ,60, ,
10, ,60, ,
6, ,60, ,
5, ,60, ,
6, ,59, ,
5, ,60, ,
3, ,60, ,
5, ,59, ,
3, ,60, ,
3, ,60, ,
3, ,59, ,
3, ,60, ,
2, ,60, ,
3, ,60, ,
2, ,60, ,
2, ,60, ,
3, ,59, ,
3, ,60, ,
2, ,60, ,
3, ,59, ,
2, ,60, ,
2, ,60, ,
3, ,59, ,
2, ,60, ,
1, ,60, ,
3, ,60, ,
2, ,60, ,
2, ,60, ,
3, ,59, ,
3, ,60, ,
1, ,60, ,
3, ,59, ,
2, ,60, ,
2, ,60, ,
3, ,59, ,
2, ,59, ,
1, ,60, ,
3, ,59, ,
2, ,60, ,
2, ,60, ,
3, ,59, ,
2, ,60, ,
1, ,60, ,
3, ,59, ,
1, ,55, ,
1, ,36, ,
2, ,18, ,
2, ,5, ,
1, ,-5, ,
2, ,-13, ,
2, ,-18, ,
2, ,-22, ,
3, ,-25, ,
2, ,-27, ,
2, ,-30, ,
3, ,-31, ,
2, ,-31, ,
2, ,-32, ,
2, ,-33, ,
3, ,-33, ,
2, ,-34, ,
2, ,-34, ,
2, ,-34, ,
2, ,-34, ,
2, ,-33, ,
3, ,-34, ,
2, ,-34, ,
3, ,-34, ,
2, ,-34, ,
2, ,-34, ,
3, ,-34, ,
3, ,-34, ,
1, ,-34, ,
3, ,-34, ,
2, ,-34, ,
2, ,-34, ,
3, ,-34, ,
3, ,-34, ,
1, ,-34, ,
2, ,-34, ,
2, ,-34, ,
2, ,-34, ,
3, ,-34, ,
3, ,-34, ,
1, ,-34, ,
3, ,-34, ,
2, ,-33, ,
2, ,-34, ,
2, ,-34, ,
2, ,-34, ,
2, ,-34, ,
2, ,-34, ,
2, ,-33, ,
2, ,-33, ,
2, ,-34, ,
3, ,-33, ,
1, ,-33, ,
2, ,-34, ,
2, ,-33, ,
2, ,-33, ,
2, ,-33, ,
2, ,-34, ,
1, ,-34, ,
2, ,-34, ,
2, ,-34, ,
2, ,-34, ,
2, ,-34, ,
2, ,-33, ,
1, ,-33, ,
2, ,-34, ,
2, ,-34, ,
2, ,-34, ,
2, ,-33, ,
3, ,-33, ,
1, ,-34, ,
2, ,-33, ,
1, ,-34, ,
2, ,-33, ,
2, ,-34, ,
2, ,-34, ,
1, ,-33, ,
2, ,-34, ,
1, ,-34, ,
2, ,-33, ,
2, ,-33, ,
2, ,-33, ,
1, ,-33, ,
2, ,-33, ,
1, ,-33, ,
2, ,-33, ,
2, ,-33, ,
2, ,-33, ,
1, ,-33, ,
2, ,-34, ,
1, ,-33, ,
1, ,-34, ,
2, ,-33, ,
2, ,-33, ,
1, ,-33, ,
2, ,-33, ,
1, ,-33, ,
2, ,-33, ,
2, ,-33, ,
2, ,-33, ,
1, ,-33, ,
2, ,-34, ,
1, ,-33, ,
2, ,-33, ,
2, ,-33, ,
2, ,-33, ,
1, ,-33, ,
2, ,-33, ,
1, ,-33, ,
2, ,-33, ,
2, ,-33, ,
2, ,-33, ,
25, ,-33, ,
25, ,-34, ,
16, ,-33, ,
11, ,-33, ,
8, ,-33, ,
6, ,-33, ,
3, ,-33, ,
5, ,-34, ,
2, ,-34, ,
2, ,-33, ,
3, ,-33, ,
3, ,-33, ,
1, ,-33, ,
3, ,-33, ,
2, ,-34, ,
2, ,-33, ,
2, ,-33, ,
3, ,-34, ,
2, ,-33, ,
3, ,-33, ,
2, ,-33, ,
2, ,-33, ,
3, ,-34, ,
3, ,-33, ,
2, ,-33, ,
3, ,-33, ,
2, ,-33, ,
2, ,-33, ,
2, ,-33, ,
3, ,-33, ,
2, ,-33, ,
3, ,-33, ,
2, ,-33, ,
2, ,-33, ,
2, ,-33, ,
3, ,-33, ,
2, ,-33, ,
3, ,-33, ,
2, ,-33, ,
2, ,-33, ,
3, ,-33, ,
3, ,-33, ,
2, ,-33, ,
3, ,-33, ,
2, ,-33, ,
2, ,-33, ,
2, ,-33, ,
3, ,-33, ,
1, ,-33, ,
3, ,-33, ,
2, ,-33, ,
2, ,-33, ,
2, ,-33, ,
3, ,-34, ,
1, ,-33, ,
3, ,-33, ,
2, ,-33, ,
2, ,-33, ,
2, ,-33, ,
3, ,-33, ,
1, ,-33, ,
2, ,-33, ,
2, ,-33, ,
2, ,-33, ,
2, ,-33, ,
3, ,-33, ,
2, ,-33, ,
3, ,-33, ,
2, ,-33, ,
2, ,-33, ,
3, ,-33, ,
3, ,-33, ,
1, ,-33, ,
2, ,-33, ,
2, ,-33, ,
2, ,-33, ,
2, ,-33, ,
2, ,-33, ,
1, ,-33, ,
2, ,-33, ,
2, ,-33, ,
2, ,-33, ,
2, ,-34, ,
3, ,-33, ,
1, ,-33, ,
2, ,-33, ,
2, ,-33, ,
2, ,-33, ,
2, ,-33, ,
3, ,-33, ,
1, ,-33, ,
2, ,-33, ,
2, ,-33, ,
2, ,-33, ,
2, ,-33, ,
3, ,-33, ,
1, ,-33, ,
2, ,-33, ,
2, ,-33, ,
1, ,-33, ,
2, ,-33, ,
2, ,-33, ,
1, ,-33, ,
2, ,-33, ,
2, ,-33, ,
1, ,-33, ,
2, ,-33, ,
2, ,-33, ,
2, ,-33, ,
2, ,-34, ,
2, ,-33, ,
2, ,-33, ,
2, ,-33, ,
2, ,-33, ,
1, ,-33, ,
2, ,-33, ,
2, ,-33, ,
2, ,-33, ,
2, ,-34, ,
2, ,-33, ,
1, ,-33, ,
2, ,-33, ,
1, ,-33, ,
1, ,-33, ,
2, ,-33, ,
2, ,-33, ,
1, ,-33, ,
2, ,-34, ,
1, ,-33, ,
2, ,-33, ,
2, ,-33, ,
2, ,-33, ,
1, ,-33, ,
2, ,-33, ,
2, ,-33, ,
2, ,-33, ,
2, ,-33, ,
2, ,-33, ,
1, ,-33, ,
2, ,-33, ,
2, ,-33, ,
1, ,-33, ,
2, ,-33, ,
2, ,-33, ,
1, ,-33, ,
2, ,-33, ,
1, ,-33, ,
1, ,-33, ,
2, ,-33, ,
2, ,-33, ,
1, ,-33, ,
2, ,-33, ,
1, ,-33, ,
2, ,-33, ,
2, ,-34, ,
2, ,-33, ,
1, ,-33, ,
2, ,-33, ,
2, ,-33, ,
1, ,-33, ,
2, ,-33, ,
2, ,-33, ,
1, ,-33, ,
2, ,-33, ,
1, ,-33, ,
1, ,-33, ,
2, ,-34, ,
2, ,-33, ,
1, ,-33, ,
2, ,-33, ,
2, ,-33, ,
2, ,-33, ,
2, ,-33, ,
2, ,-33, ,
1, ,-33, ,
2, ,-33, ,
1, ,-33, ,
1, ,-33, ,
2, ,-34, ,
2, ,-33, ,
1, ,-33, ,
2, ,-34, ,
2, ,-33, ,
1, ,-33, ,
2, ,-33, ,
2, ,-33, ,
1, ,-33, ,
2, ,-33, ,
1, ,-33, ,
1, ,-33, ,
2, ,-33, ,
2, ,-33, ,
1, ,-33, ,
2, ,-33, ,
1, ,-33, ,
1, ,-33, ,
2, ,-33, ,
2, ,-33, ,
1, ,-33, ,
2, ,-33, ,
1, ,-33, ,
2, ,-33, ,
2, ,-34, ,
2, ,-33, ,
1, ,-33, ,
2, ,-33, ,
1, ,-33, ,
1, ,-33, ,
2, ,-33, ,
2, ,-33, ,
1, ,-33, ,
2, ,-33, ,
1, ,-33, ,
1, ,-33, ,
2, ,-33, ,
2, ,-33, ,
1, ,-33, ,
2, ,-34, ,
2, ,-33, ,
1, ,-33, ,
2, ,-33, ,
2, ,-33, ,
1, ,-33, ,
2, ,-33, ,
2, ,-33, ,
1, ,-33, ,
2, ,-33, ,
2, ,-33, ,
1, ,-33, ,
2, ,-33, ,
1, ,-33, ,
1, ,-33, ,
2, ,-33, ,
2, ,-33, ,
1, ,-33, ,
2, ,-33, ,
1, ,-33, ,
1, ,-33, ,
2, ,-33, ,
2, ,-33, ,
1, ,-33, ,
2, ,-33, ,
1, ,-33, ,
1, ,-33, ,
2, ,-33, ,
2, ,-34, ,
1, ,-33, ,
2, ,-33, ,
1, ,-33, ,
1, ,-33, ,
2, ,-33, ,
2, ,-33, ,
1, ,-33, ,
2, ,-34, ,
1, ,-33, ,
1, ,-33, ,
2, ,-33, ,
2, ,-34, ,
1, ,-33, ,
2, ,-33, ,
1, ,-33, ,
1, ,-33, ,
2, ,-34, ,
2, ,-33, ,
1, ,-33, ,
2, ,-33, ,
1, ,-33, ,
1, ,-33, ,
2, ,-33, ,
2, ,-33, ,
1, ,-33, ,
2, ,-33, ,
1, ,-33, ,
1, ,-33, ,
2, ,-34, ,
1, ,-33, ,
1, ,-33, ,
2, ,-34, ,
1, ,-33, ,
1, ,-33, ,
2, ,-33, ,
2, ,-33, ,
1, ,-33, ,
2, ,-33, ,
1, ,-33, ,
1, ,-33, ,
2, ,-33, ,
2, ,-33, ,
1, ,-33, ,
2, ,-33, ,
1, ,-33, ,
1, ,-33, ,
2, ,-33, ,
2, ,-34, ,
1, ,-33, ,
2, ,-33, ,
1, ,-33, ,
1, ,-33, ,
2, ,-34, ,
2, ,-33, ,
1, ,-33, ,
2, ,-33, ,
1, ,-33, ,
1, ,-33, ,
2, ,-33, ,
2, ,-34, ,
1, ,-33, ,
2, ,-33, ,
1, ,-33, ,
1, ,-33, ,
2, ,-34, ,
2, ,-33, ,
1, ,-33, ,
2, ,-33, ,
1, ,-33, ,
1, ,-33, ,
2, ,-34, ,
2, ,-33, ,
1, ,-33, ,
2, ,-33, ,
1, ,-33, ,
1, ,-33, ,
2, ,-33, ,
2, ,-33, ,
1, ,-33, ,
2, ,-33, ,
1, ,-33, ,
2, ,-34, ,
2, ,-33, ,
1, ,-34, ,
1, ,-33, ,
2, ,-33, ,
1, ,-33, ,
1, ,-33, ,
2, ,-33, ,
1, ,-33, ,
1, ,-33, ,
2, ,-33, ,
1, ,-33, ,
1, ,-33, ,
2, ,-33, ,
2, ,-34, ,
1, ,-33, ,
2, ,-33, ,
1, ,-33, ,
1, ,-33, ,
2, ,-33, ,
1, ,-33, ,
-1, ,-33, ,
2, ,-34, ,
1, ,-33, ,
1, ,-33, ,
2, ,-33, ,
1, ,-34, ,
-1, ,-33, ,
2, ,-33, ,
1, ,-33, ,
1, ,-33, ,
2, ,-34, ,
2, ,-33, ,
1, ,-33, ,
2, ,-33, ,
1, ,-33, ,
1, ,-33, ,
2, ,-33, ,
2, ,-34, ,
1, ,-33, ,
2, ,-33, ,
1, ,-33, ,
1, ,-33, ,
2, ,-34, ,
1, ,-33, ,
-1, ,-33, ,
2, ,-34, ,
1, ,-33, ,
1, ,-33, ,
2, ,-33, ,
1, ,-33, ,
-1, ,-33, ,
2, ,-33, ,
1, ,-33, ,
1, ,-33, ,
1, ,-33, ,
2, ,-33, ,
-1, ,-33, ,
2, ,-34, ,
1, ,-33, ,
1, ,-34, ,
2, ,-34, ,
1, ,-33, ,
-1, ,-33, ,
2, ,-33, ,
1, ,-33, ,
1, ,-33, ,
2, ,-33, ,
2, ,-33, ,
-1, ,-33, ,
2, ,-33, ,
1, ,-33, ,
1, ,-33, ,
2, ,-33, ,
2, ,-34, ,
-1, ,-33, ,
2, ,-33, ,
1, ,-33, ,
1, ,-33, ,
2, ,-34, ,
1, ,-33, ,
-1, ,-33, ,
2, ,-34, ,
1, ,-33, ,
1, ,-33, ,
2, ,-33, ,
1, ,-33, ,
1, ,-33, ,
2, ,-33, ,
1, ,-33, ,
1, ,-33, ,
2, ,-34, ,
2, ,-33, ,
1, ,-33, ,
2, ,-34, ,
1, ,-33, ,
1, ,-33, ,
2, ,-33, ,
1, ,-33, ,
1, ,-33, ,
2, ,-33, ,
1, ,-33, ,
1, ,-33, ,
2, ,-34, ,
1, ,-33, ,
-1, ,-33, ,
1, ,-33, ,
1, ,-33, ,
1, ,-33, ,
1, ,-33, ,
1, ,-33, ,
1, ,-33, ,
2, ,-33, ,
1, ,-33, ,
1, ,-33, ,
2, ,-34, ,
2, ,-33, ,
1, ,-33, ,
2, ,-34, ,
1, ,-33, ,
1, ,-33, ,
2, ,-34, ,
1, ,-34, ,
-1, ,-33, ,
2, ,-33, ,
1, ,-33, ,
1, ,-33, ,
1, ,-34, ,
1, ,-33, ,
-1, ,-33, ,
2, ,-33, ,
1, ,-33, ,
1, ,-33, ,
2, ,-33, ,
1, ,-33, ,
-1, ,-33, ,
2, ,-33, ,
1, ,-33, ,
1, ,-33, ,
2, ,-33, ,
1, ,-33, ,
-1, ,-33, ,
2, ,-33, ,
1, ,-33, ,
1, ,-33, ,
2, ,-34, ,
1, ,-33, ,
-1, ,-33, ,
2, ,-33, ,
1, ,-33, ,
1, ,-33, ,
2, ,-34, ,
1, ,-33, ,
-1, ,-33, ,
2, ,-33, ,
1, ,-33, ,
1, ,-33, ,
1, ,-33, ,
1, ,-33, ,
-1, ,-33, ,
2, ,-33, ,
1, ,-33, ,
1, ,-33, ,
2, ,-34, ,
1, ,-33, ,
-1, ,-33, ,
2, ,-33, ,
1, ,-33, ,
1, ,-33, ,
1, ,-33, ,
1, ,-34, ,
-1, ,-34, ,
2, ,-33, ,
1, ,-33, ,
1, ,-33, ,
1, ,-34, ,
1, ,-33, ,
-1, ,-33, ,
1, ,-34, ,
1, ,-33, ,
1, ,-33, ,
1, ,-33, ,
1, ,-34, ,
-1, ,-33, ,
2, ,-33, ,
1, ,-33, ,
1, ,-33, ,
2, ,-33, ,
1, ,-23, ,
-1, ,-4, ,
2, ,13, ,
1, ,24, ,
1, ,34, ,
2, ,40, ,
1, ,46, ,
1, ,50, ,
2, ,53, ,
1, ,54, ,
1, ,57, ,
2, ,57, ,
1, ,58, ,
-1, ,59, ,
2, ,59, ,
1, ,59, ,
1, ,60, ,
1, ,60, ,
1, ,60, ,
-1, ,60, ,
2, ,60, ,
1, ,60, ,
1, ,61, ,
1, ,60, ,
1, ,60, ,
-1, ,60, ,
2, ,60, ,
1, ,60, ,
1, ,61, ,
1, ,59, ,
1, ,60, ,
-1, ,60, ,
2, ,60, ,
1, ,60, ,
-1, ,60, ,
1, ,60, ,
1, ,60, ,
-1, ,60, ,
2, ,60, ,
-1, ,60, ,
1, ,60, ,
1, ,60, ,
1, ,60, ,
-1, ,60, ,
2, ,60, ,
1, ,60, ,
-1, ,60, ,
1, ,59, ,
1, ,60, ,
-1, ,60, ,
2, ,60, ,
1, ,59, ,
1, ,60, ,
2, ,59, ,
64, ,60, ,
57, ,60, ,
35, ,60, ,
22, ,60, ,
13, ,60, ,
10, ,59, ,
7, ,60, ,
3, ,60, ,
5, ,60, ,
3, ,60, ,
2, ,60, ,
2, ,60, ,
2, ,60, ,
2, ,60, ,
3, ,60, ,
2, ,59, ,
2, ,60, ,
2, ,59, ,
2, ,60, ,
2, ,60, ,
3, ,60, ,
2, ,60, ,
2, ,60, ,
3, ,59, ,
2, ,60, ,
1, ,60, ,
3, ,59, ,
2, ,59, ,
2, ,60, ,
3, ,59, ,
2, ,60, ,
2, ,60, ,
3, ,59, ,
2, ,60, ,
2, ,60, ,
3, ,59, ,
2, ,60, ,
1, ,60, ,
3, ,59, ,
2, ,60, ,
2, ,60, ,
2, ,59, ,
2, ,60, ,
1, ,60, ,
3, ,59, ,
2, ,60, ,
2, ,60, ,
2, ,59, ,
2, ,60, ,
2, ,60, ,
3, ,59, ,
2, ,60, ,
2, ,60, ,
3, ,59, ,
2, ,59, ,
1, ,60, ,
3, ,60, ,
2, ,59, ,
1, ,60, ,
2, ,59, ,
2, ,60, ,
1, ,60, ,
2, ,59, ,
1, ,59, ,
1, ,60, ,
2, ,59, ,
2, ,60, ,
1, ,60, ,
3, ,59, ,
2, ,60, ,
2, ,60, ,
2, ,59, ,
2, ,60, ,
1, ,60, ,
3, ,59, ,
2, ,59, ,
1, ,60, ,
2, ,59, ,
1, ,60, ,
-1, ,60, ,
2, ,60, ,
2, ,60, ,
2, ,60, ,
3, ,60, ,
2, ,60, ,
1, ,60, ,
2, ,59, ,
1, ,59, ,
1, ,60, ,
2, ,59, ,
2, ,60, ,
1, ,60, ,
3, ,60, ,
1, ,59, ,
1, ,60, ,
2, ,59, ,
2, ,60, ,
1, ,60, ,
21, ,59, ,
17, ,59, ,
12, ,59, ,
8, ,41, ,
6, ,22, ,
5, ,8, ,
6, ,-2, ,
2, ,-11, ,
2, ,-16, ,
3, ,-21, ,
3, ,-24, ,
1, ,-27, ,
3, ,-28, ,
1, ,-31, ,
2, ,-31, ,
2, ,-32, ,
3, ,-33, ,
1, ,-33, ,
3, ,-34, ,
2, ,-33, ,
2, ,-34, ,
3, ,-34, ,
3, ,-34, ,
2, ,-34, ,
3, ,-34, ,
2, ,-34, ,
2, ,-34, ,
3, ,-34, ,
3, ,-34, ,
2, ,-34, ,
3, ,-34, ,
2, ,-34, ,
2, ,-34, ,
3, ,-34, ,
2, ,-34, ,
2, ,-34, ,
3, ,-34, ,
2, ,-34, ,
2, ,-34, ,
3, ,-34, ,
3, ,-34, ,
2, ,-34, ,
3, ,-34, ,
2, ,-33, ,
2, ,-34, ,
2, ,-34, ,
3, ,-34, ,
2, ,-34, ,
3, ,-33, ,
2, ,-34, ,
2, ,-33, ,
2, ,-34, ,
3, ,-33, ,
2, ,-33, ,
2, ,-34, ,
2, ,-33, ,
2, ,-34, ,
2, ,-34, ,
3, ,-33, ,
2, ,-33, ,
3, ,-33, ,
2, ,-34, ,
2, ,-34, ,
2, ,-34, ,
3, ,-33, ,
2, ,-33, ,
3, ,-34, ,
2, ,-34, ,
2, ,-34, ,
2, ,-33, ,
2, ,-33, ,
1, ,-33, ,
3, ,-33, ,
2, ,-34, ,
1, ,-33, ,
2, ,-33, ,
3, ,-33, ,
1, ,-33, ,
3, ,-34, ,
2, ,-33, ,
2, ,-33, ,
2, ,-33, ,
3, ,-33, ,
2, ,-33, ,
2, ,-33, ,
2, ,-33, ,
2, ,-34, ,
2, ,-34, ,
2, ,-33, ,
1, ,-33, ,
3, ,-33, ,
2, ,-33, ,
2, ,-33, ,
2, ,-33, ,
3, ,-33, ,
2, ,-33, ,
2, ,-33, ,
2, ,-33, ,
2, ,-33, ,
2, ,-33, ,
2, ,-33, ,
1, ,-33, ,
2, ,-33, ,
2, ,-33, ,
2, ,-33, ,
2, ,-33, ,
2, ,-33, ,
1, ,-33, ,
2, ,-33, ,
1, ,-33, ,
2, ,-33, ,
2, ,-33, ,
2, ,-33, ,
1, ,-33, ,
2, ,-33, ,
2, ,-33, ,
2, ,-33, ,
2, ,-33, ,
3, ,-33, ,
1, ,-33, ,
2, ,-33, ,
2, ,-34, ,
1, ,-33, ,
1, ,-33, ,
2, ,-33, ,
1, ,-33, ,
2, ,-34, ,
2, ,-33, ,
1, ,-33, ,
2, ,-33, ,
2, ,-33, ,
1, ,-33, ,
2, ,-33, ,
1, ,-33, ,
1, ,-33, ,
3, ,-34, ,
2, ,-33, ,
1, ,-33, ,
2, ,-33, ,
1, ,-33, ,
2, ,-33, ,
2, ,-33, ,
2, ,-33, ,
1, ,-33, ,
2, ,-33, ,
1, ,-33, ,
2, ,-33, ,
2, ,-33, ,
2, ,-33, ,
1, ,-33, ,
2, ,-33, ,
2, ,-33, ,
1, ,-33, ,
2, ,-33, ,
2, ,-34, ,
1, ,-33, ,
2, ,-33, ,
1, ,-33, ,
1, ,-33, ,
2, ,-33, ,
2, ,-33, ,
1, ,-33, ,
2, ,-33, ,
1, ,-33, ,
2, ,-33, ,
2, ,-33, ,
2, ,-34, ,
1, ,-33, ,
2, ,-33, ,
2, ,-33, ,
1, ,-33, ,
2, ,-34, ,
2, ,-33, ,
1, ,-33, ,
2, ,-33, ,
2, ,-33, ,
1, ,-33, ,
2, ,-33, ,
2, ,-34, ,
1, ,-33, ,
2, ,-33, ,
1, ,-33, ,
1, ,-33, ,
2, ,-33, ,
2, ,-33, ,
1, ,-33, ,
3, ,-34, ,
2, ,-33, ,
2, ,-34, ,
2, ,-33, ,
2, ,-33, ,
1, ,-33, ,
3, ,-33, ,
2, ,-33, ,
1, ,-33, ,
2, ,-33, ,
2, ,-33, ,
1, ,-33, ,
2, ,-33, ,
1, ,-33, ,
1, ,-33, ,
2, ,-33, ,
2, ,-33, ,
1, ,-33, ,
2, ,-33, ,
2, ,-33, ,
2, ,-33, ,
1, ,-33, ,
2, ,-33, ,
1, ,-33, ,
2, ,-34, ,
2, ,-33, ,
1, ,-33, ,
2, ,-33, ,
2, ,-33, ,
1, ,-33, ,
2, ,-33, ,
1, ,-33, ,
1, ,-33, ,
2, ,-34, ,
2, ,-33, ,
1, ,-33, ,
2, ,-33, ,
1, ,-33, ,
1, ,-33, ,
2, ,-33, ,
2, ,-33, ,
1, ,-33, ,
2, ,-33, ,
1, ,-33, ,
1, ,-33, ,
2, ,-33, ,
2, ,-33, ,
1, ,-33, ,
2, ,-34, ,
1, ,-33, ,
1, ,-33, ,
2, ,-33, ,
2, ,-33, ,
1, ,-33, ,
2, ,-33, ,
1, ,-33, ,
1, ,-33, ,
2, ,-33, ,
2, ,-33, ,
1, ,-33, ,
2, ,-33, ,
1, ,-33, ,
1, ,-33, ,
2, ,-33, ,
1, ,-34, ,
1, ,-33, ,
2, ,-33, ,
1, ,-33, ,
1, ,-33, ,
2, ,-33, ,
2, ,-33, ,
1, ,-33, ,
2, ,-33, ,
1, ,-33, ,
1, ,-33, ,
2, ,-33, ,
2, ,-33, ,
1, ,-34, ,
2, ,-33, ,
1, ,-33, ,
1, ,-33, ,
2, ,-34, ,
1, ,-33, ,
1, ,-33, ,
2, ,-33, ,
1, ,-33, ,
1, ,-33, ,
2, ,-33, ,
1, ,-33, ,
1, ,-33, ,
2, ,-33, ,
1, ,-33, ,
1, ,-33, ,
2, ,-33, ,
2, ,-33, ,
1, ,-33, ,
2, ,-33, ,
1, ,-33, ,
1, ,-33, ,
2, ,-33, ,
2, ,-33, ,
1, ,-33, ,
2, ,-33, ,
1, ,-33, ,
1, ,-33, ,
2, ,-33, ,
2, ,-33, ,
-1, ,-33, ,
2, ,-33, ,
1, ,-33, ,
1, ,-33, ,
2, ,-33, ,
2, ,-34, ,
1, ,-33, ,
2, ,-33, ,
1, ,-33, ,
1, ,-33, ,
2, ,-34, ,
2, ,-33, ,
1, ,-33, ,
2, ,-33, ,
1, ,-33, ,
1, ,-33, ,
2, ,-33, ,
2, ,-33, ,
1, ,-33, ,
2, ,-33, ,
1, ,-33, ,
1, ,-33, ,
2, ,-34, ,
2, ,-33, ,
1, ,-33, ,
2, ,-33, ,
1, ,-33, ,
1, ,-33, ,
2, ,-33, ,
2, ,-33, ,
1, ,-33, ,
2, ,-33, ,
1, ,-33, ,
1, ,-33, ,
2, ,-33, ,
2, ,-33, ,
1, ,-33, ,
2, ,-34, ,
1, ,-33, ,
1, ,-33, ,
2, ,-33, ,
2, ,-33, ,
1, ,-33, ,
2, ,-33, ,
1, ,-33, ,
1, ,-33, ,
2, ,-34, ,
2, ,-33, ,
1, ,-33, ,
2, ,-33, ,
1, ,-33, ,
1, ,-33, ,
2, ,-33, ,
2, ,-33, ,
1, ,-33, ,
2, ,-33, ,
1, ,-33, ,
1, ,-33, ,
2, ,-33, ,
2, ,-33, ,
-1, ,-33, ,
2, ,-33, ,
1, ,-33, ,
1, ,-33, ,
2, ,-33, ,
1, ,-34, ,
1, ,-33, ,
2, ,-33, ,
1, ,-33, ,
1, ,-33, ,
2, ,-33, ,
2, ,-33, ,
-1, ,-33, ,
2, ,-33, ,
1, ,-33, ,
1, ,-33, ,
2, ,-33, ,
1, ,-33, ,
-1, ,-33, ,
2, ,-33, ,
1, ,-33, ,
1, ,-33, ,
2, ,-33, ,
2, ,-33, ,
-1, ,-33, ,
2, ,-34, ,
1, ,-33, ,
1, ,-33, ,
1, ,-33, ,
1, ,-33, ,
1, ,-33, ,
2, ,-33, ,
1, ,-33, ,
1, ,-33, ,
1, ,-33, ,
1, ,-33, ,
1, ,-33, ,
2, ,-33, ,
1, ,-33, ,
1, ,-34, ,
2, ,-33, ,
1, ,-34, ,
-1, ,-33, ,
2, ,-33, ,
1, ,-33, ,
1, ,-33, ,
1, ,-33, ,
1, ,-33, ,
-1, ,-33, ,
2, ,-33, ,
1, ,-33, ,
1, ,-33, ,
2, ,-33, ,
1, ,-34, ,
-1, ,-33, ,
2, ,-33, ,
1, ,-33, ,
1, ,-33, ,
2, ,-34, ,
1, ,-33, ,
-1, ,-33, ,
2, ,-34, ,
1, ,-33, ,
1, ,-34, ,
2, ,-33, ,
1, ,-33, ,
-1, ,-33, ,
2, ,-33, ,
1, ,-33, ,
1, ,-33, ,
2, ,-33, ,
1, ,-33, ,
-1, ,-33, ,
2, ,-34, ,
1, ,-33, ,
1, ,-33, ,
1, ,-33, ,
1, ,-33, ,
1, ,-33, ,
2, ,-33, ,
1, ,-33, ,
1, ,-33, ,
1, ,-34, ,
2, ,-33, ,
-1, ,-33, ,
1, ,-33, ,
1, ,-33, ,
1, ,-33, ,
2, ,-33, ,
1, ,-33, ,
-1, ,-33, ,
2, ,-33, ,
1, ,-33, ,
1, ,-33, ,
2, ,-34, ,
2, ,-33, ,
-1, ,-33, ,
2, ,-33, ,
1, ,-33, ,
1, ,-34, ,
2, ,-33, ,
2, ,-33, ,
-1, ,-33, ,
2, ,-33, ,
1, ,-33, ,
1, ,-34, ,
2, ,-33, ,
1, ,-33, ,
-1, ,-33, ,
2, ,-33, ,
63, ,-33, ,
40, ,-34, ,
25, ,-33, ,
16, ,-33, ,
10, ,-33, ,
7, ,-33, ,
5, ,-33, ,
3, ,-33, ,
3, ,-34, ,
2, ,-33, ,
2, ,-33, ,
3, ,-34, ,
2, ,-33, ,
2, ,-33, ,
2, ,-33, ,
2, ,-33, ,
2, ,-33, ,
3, ,-33, ,
2, ,-33, ,
2, ,-33, ,
2, ,-34, ,
2, ,-33, ,
2, ,-33, ,
3, ,-33, ,
2, ,-33, ,
2, ,-33, ,
2, ,-33, ,
3, ,-33, ,
2, ,-33, ,
3, ,-33, ,
2, ,-33, ,
2, ,-33, ,
2, ,-34, ,
3, ,-33, ,
2, ,-33, ,
3, ,-34, ,
2, ,-33, ,
2, ,-33, ,
2, ,-33, ,
3, ,-33, ,
1, ,-33, ,
3, ,-33, ,
2, ,-33, ,
2, ,-33, ,
2, ,-33, ,
2, ,-33, ,
1, ,-33, ,
3, ,-33, ,
2, ,-33, ,
2, ,-33, ,
2, ,-33, ,
3, ,-33, ,
1, ,-33, ,
2, ,-33, ,
2, ,-34, ,
1, ,-33, ,
2, ,-33, ,
3, ,-33, ,
1, ,-33, ,
3, ,-34, ,
2, ,-33, ,
2, ,-33, ,
2, ,-33, ,
3, ,-33, ,
1, ,-33, ,
3, ,-33, ,
2, ,-33, ,
2, ,-33, ,
2, ,-33, ,
2, ,-33, ,
1, ,-33, ,
2, ,-33, ,
2, ,-33, ,
2, ,-33, ,
2, ,-33, ,
3, ,-33, ,
2, ,-33, ,
2, ,-33, ,
2, ,-33, ,
2, ,-33, ,
2, ,-33, ,
2, ,-33, ,
1, ,-33, ,
3, ,-34, ,
2, ,-33, ,
2, ,-33, ,
2, ,-33, ,
2, ,-33, ,
1, ,-33, ,
2, ,-33, ,
2, ,-33, ,
2, ,-33, ,
2, ,-33, ,
3, ,-33, ,
1, ,-33, ,
2, ,-33, ,
2, ,-33, ,
2, ,-34, ,
2, ,-33, ,
3, ,-33, ,
1, ,-33, ,
2, ,-33, ,
2, ,-34, ,
1, ,-33, ,
2, ,-33, ,
2, ,-33, ,
1, ,-33, ,
2, ,-33, ,
2, ,-33, ,
2, ,-33, ,
2, ,-33, ,
2, ,-33, ,
1, ,-34, ,
3, ,-34, ,
2, ,-33, ,
1, ,-33, ,
2, ,-33, ,
3, ,-33, ,
1, ,-33, ,
2, ,-33, ,
2, ,-33, ,
2, ,-33, ,
2, ,-33, ,
2, ,-33, ,
1, ,-34, ,
2, ,-33, ,
2, ,-33, ,
1, ,-33, ,
2, ,-33, ,
2, ,-33, ,
1, ,-33, ,
3, ,-34, ,
2, ,-33, ,
1, ,-33, ,
2, ,-33, ,
2, ,-33, ,
1, ,-34, ,
2, ,-34, ,
2, ,-33, ,
1, ,-33, ,
2, ,-33, ,
2, ,-33, ,
1, ,-33, ,
2, ,-34, ,
1, ,-33, ,
1, ,-33, ,
2, ,-33, ,
2, ,-33, ,
1, ,-33, ,
2, ,-33, ,
2, ,-34, ,
2, ,-33, ,
2, ,-33, ,
2, ,-33, ,
1, ,-33, ,
2, ,-34, ,
2, ,-33, ,
1, ,-33, ,
2, ,-33, ,
2, ,-33, ,
1, ,-33, ,
2, ,-33, ,
1, ,-33, ,
1, ,-33, ,
2, ,-33, ,
2, ,-33, ,
1, ,-28, ,
2, ,-9, ,
2, ,8, ,
2, ,21, ,
2, ,32, ,
2, ,39, ,
1, ,44, ,
3, ,49, ,
1, ,52, ,
1, ,54, ,
2, ,55, ,
1, ,57, ,
1, ,58, ,
2, ,59, ,
1, ,59, ,
1, ,60, ,
2, ,59, ,
1, ,60, ,
1, ,60, ,
2, ,60, ,
1, ,60, ,
1, ,61, ,
2, ,60, ,
1, ,60, ,
1, ,60, ,
2, ,60, ,
1, ,60, ,
1, ,60, ,
1, ,60, ,
1, ,60, ,
1, ,60, ,
2, ,60, ,
1, ,60, ,
1, ,61, ,
2, ,59, ,
2, ,60, ,
1, ,60, ,
2, ,60, ,
1, ,60, ,
1, ,60, ,
2, ,60, ,
1, ,60, ,
1, ,60, ,
2, ,60, ,
1, ,60, ,
1, ,60, ,
2, ,59, ,
2, ,60, ,
1, ,60, ,
2, ,60, ,
1, ,59, ,
1, ,60, ,
2, ,59, ,
1, ,60, ,
1, ,60, ,
2, ,59, ,
1, ,60, ,
2, ,60, ,
41, ,59, ,
27, ,60, ,
16, ,60, ,
13, ,60, ,
8, ,60, ,
7, ,60, ,
6, ,59, ,
3, ,60, ,
2, ,60, ,
3, ,60, ,
2, ,60, ,
2, ,61, ,
3, ,59, ,
3, ,60, ,
2, ,60, ,
3, ,59, ,
2, ,59, ,
2, ,60, ,
3, ,59, ,
3, ,60, ,
1, ,60, ,
3, ,60, ,
2, ,60, ,
2, ,60, ,
3, ,59, ,
2, ,60, ,
2, ,60, ,
3, ,60, ,
2, ,60, ,
2, ,60, ,
3, ,59, ,
2, ,60, ,
1, ,60, ,
3, ,59, ,
2, ,59, ,
2, ,60, ,
2, ,59, ,
2, ,60, ,
2, ,60, ,
3, ,60, ,
2, ,60, ,
2, ,60, ,
3, ,59, ,
2, ,60, ,
1, ,60, ,
3, ,60, ,
2, ,60, ,
2, ,60, ,
3, ,59, ,
2, ,60, ,
1, ,60, ,
3, ,60, ,
2, ,60, ,
1, ,60, ,
3, ,59, ,
2, ,60, ,
1, ,60, ,
3, ,60, ,
2, ,60, ,
1, ,60, ,
3, ,59, ,
2, ,60, ,
1, ,60, ,
3, ,59, ,
2, ,59, ,
1, ,60, ,
3, ,59, ,
2, ,60, ,
1, ,60, ,
3, ,59, ,
2, ,59, ,
2, ,60, ,
3, ,59, ,
2, ,60, ,
1, ,60, ,
3, ,60, ,
2, ,60, ,
1, ,60, ,
2, ,59, ,
2, ,60, ,
1, ,60, ,
3, ,60, ,
1, ,60, ,
1, ,60, ,
2, ,59, ,
2, ,60, ,
1, ,60, ,
3, ,59, ,
2, ,59, ,
2, ,60, ,
2, ,59, ,
2, ,60, ,
1, ,59, ,
3, ,60, ,
2, ,60, ,
1, ,60, ,
2, ,58, ,
2, ,46, ,
1, ,26, ,
2, ,12, ,
1, ,0, ,
1, ,-8, ,
2, ,-15, ,
2, ,-20, ,
1, ,-23, ,
3, ,-26, ,
2, ,-28, ,
2, ,-30, ,
3, ,-31, ,
2, ,-32, ,
1, ,-32, ,
2, ,-33, ,
2, ,-33, ,
2, ,-33, ,
2, ,-34, ,
2, ,-34, ,
1, ,-34, ,
2, ,-34, ,
1, ,-34, ,
2, ,-34, ,
2, ,-34, ,
2, ,-34, ,
1, ,-34, ,
2, ,-34, ,
2, ,-34, ,
2, ,-34, ,
2, ,-33, ,
2, ,-34, ,
1, ,-34, ,
2, ,-34, ,
2, ,-34, ,
1, ,-34, ,
2, ,-34, ,
2, ,-34, ,
1, ,-34, ,
2, ,-34, ,
2, ,-33, ,
2, ,-34, ,
2, ,-33, ,
2, ,-34, ,
1, ,-34, ,
2, ,-34, ,
1, ,-34, ,
1, ,-33, ,
2, ,-34, ,
2, ,-33, ,
1, ,-34, ,
2, ,-34, ,
2, ,-33, ,
2, ,-34, ,
2, ,-34, ,
2, ,-33, ,
1, ,-34, ,
2, ,-33, ,
1, ,-34, ,
1, ,-33, ,
2, ,-34, ,
2, ,-33, ,
1, ,-34, ,
2, ,-34, ,
1, ,-33, ,
2, ,-33, ,
2, ,-34, ,
2, ,-33, ,
1, ,-34, ,
2, ,-34, ,
1, ,-34, ,
1, ,-33, ,
2, ,-34, ,
2, ,-33, ,
1, ,-33, ,
2, ,-34, ,
1, ,-33, ,
1, ,-33, ,
2, ,-33, ,
2, ,-33, ,
1, ,-33, ,
2, ,-33, ,
1, ,-34, ,
1, ,-33, ,
2, ,-34, ,
2, ,-33, ,
1, ,-33, ,
2, ,-34, ,
1, ,-33, ,
1, ,-33, ,
2, ,-33, ,
2, ,-33, ,
1, ,-34, ,
2, ,-33, ,
1, ,-33, ,
1, ,-33, ,
2, ,-34, ,
2, ,-33, ,
1, ,-33, ,
2, ,-34, ,
1, ,-33, ,
2, ,-33, ,
2, ,-33, ,
2, ,-33, ,
1, ,-33, ,
2, ,-33, ,
1, ,-33, ,
1, ,-33, ,
2, ,-34, ,
2, ,-33, ,
1, ,-33, ,
2, ,-33, ,
1, ,-33, ,
1, ,-33, ,
2, ,-33, ,
2, ,-33, ,
1, ,-33, ,
2, ,-34, ,
2, ,-34, ,
2, ,-33, ,
2, ,-33, ,
2, ,-33, ,
1, ,-33, ,
2, ,-34, ,
1, ,-33, ,
1, ,-34, ,
2, ,-33, ,
2, ,-33, ,
1, ,-34, ,
2, ,-33, ,
1, ,-33, ,
1, ,-33, ,
2, ,-33, ,
2, ,-33, ,
1, ,-33, ,
2, ,-33, ,
1, ,-33, ,
1, ,-33, ,
2, ,-33, ,
2, ,-33, ,
1, ,-34, ,
2, ,-33, ,
1, ,-33, ,
2, ,-33, ,
2, ,-33, ,
2, ,-33, ,
-1, ,-33, ,
2, ,-34, ,
1, ,-33, ,
1, ,-33, ,
2, ,-33, ,
2, ,-33, ,
1, ,-33, ,
2, ,-33, ,
1, ,-33, ,
1, ,-33, ,
2, ,-34, ,
2, ,-33, ,
1, ,-33, ,
2, ,-34, ,
1, ,-33, ,
1, ,-33, ,
2, ,-33, ,
2, ,-33, ,
1, ,-33, ,
2, ,-33, ,
1, ,-33, ,
1, ,-33, ,
2, ,-33, ,
2, ,-33, ,
1, ,-33, ,
2, ,-33, ,
1, ,-33, ,
1, ,-33, ,
2, ,-33, ,
2, ,-34, ,
1, ,-33, ,
2, ,-33, ,
1, ,-33, ,
1, ,-33, ,
2, ,-33, ,
2, ,-33, ,
1, ,-33, ,
2, ,-33, ,
1, ,-33, ,
1, ,-33, ,
2, ,-33, ,
2, ,-33, ,
1, ,-33, ,
2, ,-33, ,
1, ,-33, ,
2, ,-33, ,
2, ,-33, ,
2, ,-33, ,
1, ,-33, ,
2, ,-33, ,
1, ,-33, ,
1, ,-33, ,
2, ,-33, ,
2, ,-33, ,
1, ,-33, ,
2, ,-33, ,
1, ,-33, ,
1, ,-33, ,
2, ,-34, ,
2, ,-33, ,
1, ,-33, ,
2, ,-33, ,
1, ,-33, ,
1, ,-33, ,
2, ,-33, ,
2, ,-33, ,
1, ,-33, ,
2, ,-33, ,
1, ,-33, ,
1, ,-33, ,
2, ,-33, ,
2, ,-33, ,
1, ,-33, ,
2, ,-33, ,
1, ,-33, ,
1, ,-33, ,
2, ,-33, ,
2, ,-34, ,
1, ,-33, ,
2, ,-33, ,
1, ,-33, ,
1, ,-33, ,
2, ,-33, ,
2, ,-33, ,
1, ,-33, ,
2, ,-33, ,
1, ,-33, ,
1, ,-33, ,
2, ,-33, ,
2, ,-33, ,
1, ,-33, ,
2, ,-33, ,
1, ,-33, ,
1, ,-33, ,
2, ,-33, ,
1, ,-33, ,
1, ,-33, ,
2, ,-33, ,
1, ,-33, ,
1, ,-33, ,
2, ,-33, ,
2, ,-33, ,
1, ,-33, ,
2, ,-33, ,
1, ,-33, ,
1, ,-33, ,
2, ,-33, ,
1, ,-33, ,
-1, ,-33, ,
2, ,-33, ,
1, ,-33, ,
1, ,-33, ,
2, ,-33, ,
2, ,-33, ,
1, ,-33, ,
2, ,-33, ,
1, ,-33, ,
1, ,-33, ,
2, ,-34, ,
2, ,-33, ,
-1, ,-33, ,
2, ,-33, ,
1, ,-33, ,
1, ,-33, ,
2, ,-33, ,
2, ,-33, ,
1, ,-33, ,
2, ,-33, ,
1, ,-33, ,
1, ,-33, ,
2, ,-33, ,
1, ,-33, ,
-1, ,-33, ,
1, ,-33, ,
1, ,-33, ,
1, ,-33, ,
2, ,-33, ,
1, ,-33, ,
1, ,-33, ,
2, ,-33, ,
1, ,-33, ,
1, ,-33, ,
2, ,-34, ,
1, ,-33, ,
1, ,-33, ,
2, ,-34, ,
1, ,-33, ,
1, ,-33, ,
2, ,-33, ,
1, ,-33, ,
-1, ,-33, ,
2, ,-33, ,
1, ,-33, ,
1, ,-33, ,
2, ,-33, ,
1, ,-33, ,
-1, ,-33, ,
2, ,-33, ,
1, ,-33, ,
1, ,-33, ,
2, ,-33, ,
1, ,-33, ,
-1, ,-33, ,
2, ,-33, ,
1, ,-33, ,
1, ,-33, ,
2, ,-33, ,
1, ,-33, ,
-1, ,-33, ,
2, ,-34, ,
1, ,-33, ,
1, ,-33, ,
2, ,-33, ,
1, ,-33, ,
-1, ,-33, ,
2, ,-33, ,
1, ,-33, ,
1, ,-33, ,
2, ,-33, ,
1, ,-33, ,
-1, ,-33, ,
1, ,-34, ,
1, ,-33, ,
1, ,-33, ,
2, ,-33, ,
1, ,-33, ,
-1, ,-33, ,
2, ,-33, ,
1, ,-33, ,
1, ,-33, ,
2, ,-33, ,
2, ,-33, ,
-1, ,-33, ,
2, ,-34, ,
1, ,-33, ,
1, ,-33, ,
2, ,-33, ,
2, ,-33, ,
-1, ,-33, ,
2, ,-33, ,
1, ,-33, ,
1, ,-33, ,
2, ,-33, ,
1, ,-33, ,
1, ,-33, ,
2, ,-33, ,
1, ,-33, ,
1, ,-33, ,
2, ,-33, ,
1, ,-33, ,
-1, ,-33, ,
2, ,-33, ,
1, ,-33, ,
1, ,-33, ,
2, ,-33, ,
1, ,-33, ,
-1, ,-33, ,
2, ,-33, ,
1, ,-33, ,
1, ,-33, ,
2, ,-33, ,
1, ,-33, ,
-1, ,-33, ,
2, ,-33, ,
1, ,-33, ,
1, ,-33, ,
2, ,-33, ,
2, ,-33, ,
-1, ,-33, ,
2, ,-33, ,
1, ,-33, ,
1, ,-33, ,
2, ,-34, ,
1, ,-34, ,
-1, ,-33, ,
2, ,-33, ,
1, ,-33, ,
1, ,-33, ,
2, ,-34, ,
1, ,-33, ,
-1, ,-33, ,
2, ,-34, ,
1, ,-33, ,
1, ,-33, ,
2, ,-33, ,
1, ,-34, ,
-1, ,-33, ,
2, ,-33, ,
1, ,-33, ,
1, ,-33, ,
1, ,-34, ,
1, ,-33, ,
-1, ,-33, ,
1, ,-33, ,
1, ,-33, ,
1, ,-34, ,
2, ,-34, ,
1, ,-33, ,
-1, ,-33, ,
2, ,-33, ,
1, ,-33, ,
1, ,-33, ,
2, ,-33, ,
1, ,-33, ,
-1, ,-33, ,
2, ,-34, ,
1, ,-33, ,
1, ,-33, ,
1, ,-33, ,
1, ,-34, ,
-1, ,-33, ,
2, ,-33, ,
1, ,-33, ,
1, ,-33, ,
2, ,-34, ,
1, ,-33, ,
-1, ,-33, ,
2, ,-33, ,
1, ,-33, ,
1, ,-33, ,
2, ,-33, ,
1, ,-33, ,
-1, ,-33, ,
2, ,-33, ,
1, ,-33, ,
1, ,-34, ,
2, ,-34, ,
1, ,-33, ,
-1, ,-33, ,
2, ,-34, ,
1, ,-33, ,
1, ,-34, ,
2, ,-33, ,
1, ,-34, ,
-1, ,-33, ,
2, ,-33, ,
1, ,-33, ,
1, ,-33, ,
1, ,-34, ,
1, ,-33, ,
-1, ,-33, ,
2, ,-33, ,
1, ,-33, ,
1, ,-33, ,
1, ,-33, ,
1, ,-33, ,
-1, ,-34, ,
2, ,-33, ,
1, ,-33, ,
1, ,-33, ,
2, ,-34, ,
1, ,-33, ,
-1, ,-33, ,
2, ,-34, ,
1, ,-33, ,
1, ,-33, ,
1, ,-34, ,
1, ,-33, ,
-1, ,-33, ,
2, ,-33, ,
1, ,-33, ,
1, ,-33, ,
2, ,-34, ,
1, ,-33, ,
-1, ,-33, ,
2, ,-34, ,
1, ,-33, ,
1, ,-34, ,
1, ,-34, ,
1, ,-34, ,
-1, ,-33, ,
2, ,-33, ,
1, ,-33, ,
1, ,-33, ,
2, ,-34, ,
1, ,-33, ,
-1, ,-33, ,
2, ,-34, ,
1, ,-33, ,
1, ,-33, ,
2, ,-34, ,
1, ,-33, ,
-1, ,-33, ,
2, ,-33, ,
1, ,-33, ,
1, ,-33, ,
1, ,-33, ,
1, ,-33, ,
-1, ,-33, ,
2, ,-33, ,
1, ,-33, ,
1, ,-33, ,
2, ,-33, ,
1, ,-34, ,
-1, ,-33, ,
2, ,-33, ,
1, ,-33, ,
1, ,-33, ,
1, ,-33, ,
1, ,-33, ,
-1, ,-33, ,
2, ,-34, ,
1, ,-33, ,
1, ,-33, ,
1, ,-33, ,
1, ,-33, ,
-1, ,-33, ,
2, ,-33, ,
1, ,-33, ,
1, ,-33, ,
1, ,-34, ,
1, ,-33, ,
-1, ,-33, ,
2, ,-33, ,
1, ,-33, ,
1, ,-33, ,
1, ,-33, ,
1, ,-34, ,
-1, ,-33, ,
2, ,-33, ,
1, ,-33, ,
1, ,-33, ,
2, ,-34, ,
2, ,-33, ,
-1, ,-33, ,
1, ,-34, ,
1, ,-33, ,
1, ,-34, ,
1, ,-33, ,
1, ,-33, ,
-1, ,-33, ,
2, ,-33, ,
1, ,-33, ,
1, ,-33, ,
1, ,-33, ,
1, ,-33, ,
-1, ,-33, ,
1, ,-33, ,
-1, ,-33, ,
1, ,-33, ,
1, ,-34, ,
1, ,-34, ,
-1, ,-33, ,
1, ,-33, ,
1, ,-33, ,
-1, ,-33, ,
1, ,-34, ,
1, ,-33, ,
-1, ,-33, ,
2, ,-33, ,
-1, ,-33, ,
1, ,-33, ,
1, ,-33, ,
1, ,-33, ,
-1, ,-33, ,
2, ,-33, ,
1, ,-33, ,
1, ,-33, ,
1, ,-34, ,
1, ,-33, ,
-1, ,-33, ,
1, ,-33, ,
1, ,-33, ,
1, ,-33, ,
1, ,-34, ,
1, ,-34, ,
-1, ,-33, ,
2, ,-33, ,
1, ,-33, ,
-1, ,-33, ,
1, ,-33, ,
2, ,-33, ,
-1, ,-33, ,
1, ,-33, ,
1, ,-33, ,
1, ,-33, ,
1, ,-33, ,
1, ,-34, ,
-1, ,-33, ,
2, ,-33, ,
1, ,-33, ,
-1, ,-33, ,
7, ,-34, ,
64, ,-33, ,
40, ,-33, ,
26, ,-33, ,
16, ,-33, ,
11, ,-33, ,
8, ,-33, ,
6, ,-34, ,
5, ,-33, ,
6, ,-33, ,
3, ,-33, ,
3, ,-33, ,
5, ,-34, ,
3, ,-33, ,
1, ,-33, ,
3, ,-34, ,
2, ,-33, ,
2, ,-33, ,
3, ,-33, ,
3, ,-34, ,
2, ,-33, ,
3, ,-33, ,
2, ,-33, ,
2, ,-33, ,
3, ,-34, ,
3, ,-33, ,
2, ,-33, ,
3, ,-33, ,
2, ,-33, ,
2, ,-33, ,
2, ,-33, ,
3, ,-34, ,
1, ,-34, ,
3, ,-33, ,
2, ,-33, ,
2, ,-34, ,
2, ,-33, ,
3, ,-33, ,
2, ,-33, ,
3, ,-32, ,
2, ,-16, ,
2, ,3, ,
2, ,18, ,
3, ,30, ,
2, ,37, ,
3, ,43, ,
2, ,47, ,
2, ,51, ,
3, ,53, ,
2, ,55, ,
1, ,57, ,
3, ,57, ,
2, ,58, ,
2, ,59, ,
3, ,59, ,
2, ,60, ,
2, ,60, ,
2, ,60, ,
2, ,60, ,
2, ,61, ,
2, ,60, ,
2, ,60, ,
1, ,61, ,
3, ,60, ,
2, ,60, ,
1, ,61, ,
3, ,60, ,
2, ,60, ,
1, ,60, ,
3, ,60, ,
2, ,60, ,
1, ,60, ,
2, ,60, ,
2, ,60, ,
1, ,60, ,
2, ,60, ,
2, ,60, ,
2, ,61, ,
2, ,60, ,
2, ,60, ,
1, ,60, ,
3, ,60, ,
2, ,60, ,
1, ,60, ,
2, ,59, ,
2, ,60, ,
1, ,60, ,
3, ,60, ,
1, ,60, ,
1, ,60, ,
2, ,60, ,
2, ,60, ,
1, ,60, ,
2, ,59, ,
1, ,60, ,
1, ,60, ,
3, ,59, ,
2, ,60, ,
1, ,60, ,
3, ,59, ,
2, ,60, ,
2, ,60, ,
2, ,59, ,
2, ,60, ,
1, ,60, ,
3, ,60, ,
1, ,60, ,
1, ,60, ,
2, ,59, ,
2, ,60, ,
1, ,60, ,
2, ,60, ,
1, ,60, ,
1, ,60, ,
2, ,59, ,
2, ,60, ,
1, ,60, ,
2, ,60, ,
1, ,59, ,
2, ,60, ,
2, ,60, ,
2, ,60, ,
1, ,61, ,
2, ,59, ,
1, ,60, ,
1, ,60, ,
2, ,59, ,
1, ,60, ,
1, ,60, ,
2, ,60, ,
1, ,59, ,
1, ,60, ,
2, ,59, ,
1, ,59, ,
1, ,60, ,
2, ,60, ,
13, ,59, ,
25, ,60, ,
17, ,59, ,
12, ,60, ,
7, ,60, ,
7, ,59, ,
5, ,59, ,
3, ,60, ,
3, ,59, ,
2, ,59, ,
1, ,60, ,
2, ,59, ,
2, ,60, ,
2, ,60, ,
2, ,59, ,
3, ,60, ,
1, ,60, ,
3, ,59, ,
2, ,59, ,
2, ,60, ,
3, ,59, ,
2, ,60, ,
1, ,60, ,
3, ,59, ,
2, ,60, ,
2, ,60, ,
3, ,59, ,
2, ,60, ,
1, ,60, ,
3, ,60, ,
2, ,60, ,
2, ,61, ,
3, ,59, ,
2, ,60, ,
1, ,60, ,
3, ,60, ,
2, ,59, ,
1, ,60, ,
3, ,59, ,
2, ,60, ,
2, ,60, ,
3, ,59, ,
2, ,59, ,
2, ,60, ,
2, ,59, ,
2, ,59, ,
1, ,60, ,
3, ,60, ,
2, ,59, ,
2, ,60, ,
2, ,59, ,
2, ,60, ,
1, ,60, ,
3, ,59, ,
2, ,59, ,
2, ,60, ,
2, ,59, ,
2, ,60, ,
1, ,52, ,
2, ,32, ,
1, ,15, ,
1, ,3, ,
2, ,-6, ,
2, ,-14, ,
1, ,-19, ,
2, ,-23, ,
1, ,-25, ,
1, ,-27, ,
2, ,-30, ,
2, ,-31, ,
1, ,-32, ,
2, ,-33, ,
2, ,-33, ,
2, ,-33, ,
2, ,-33, ,
2, ,-34, ,
1, ,-34, ,
2, ,-34, ,
2, ,-34, ,
2, ,-34, ,
3, ,-34, ,
2, ,-34, ,
1, ,-34, ,
2, ,-34, ,
2, ,-34, ,
2, ,-34, ,
2, ,-34, ,
2, ,-34, ,
1, ,-34, ,
2, ,-34, ,
1, ,-34, ,
2, ,-34, ,
2, ,-34, ,
2, ,-34, ,
1, ,-34, ,
2, ,-34, ,
2, ,-34, ,
2, ,-34, ,
2, ,-34, ,
2, ,-34, ,
1, ,-34, ,
2, ,-34, ,
2, ,-33, ,
1, ,-34, ,
2, ,-34, ,
2, ,-34, ,
1, ,-33, ,
2, ,-34, ,
2, ,-33, ,
2, ,-34, ,
2, ,-33, ,
2, ,-34, ,
1, ,-33, ,
2, ,-34, ,
2, ,-33, ,
2, ,-34, ,
2, ,-33, ,
2, ,-33, ,
1, ,-33, ,
2, ,-34, ,
2, ,-33, ,
1, ,-33, ,
2, ,-33, ,
2, ,-34, ,
1, ,-33, ,
2, ,-33, ,
2, ,-33, ,
2, ,-33, ,
2, ,-33, ,
2, ,-33, ,
1, ,-33, ,
3, ,-34, ,
2, ,-33, ,
1, ,-33, ,
2, ,-33, ,
2, ,-33, ,
1, ,-34, ,
2, ,-33, ,
2, ,-33, ,
2, ,-33, ,
2, ,-34, ,
2, ,-34, ,
1, ,-34, ,
2, ,-34, ,
2, ,-33, ,
1, ,-34, ,
2, ,-33, ,
2, ,-34, ,
1, ,-34, ,
2, ,-33, ,
2, ,-33, ,
1, ,-33, ,
2, ,-33, ,
2, ,-33, ,
1, ,-33, ,
2, ,-34, ,
2, ,-33, ,
2, ,-33, ,
2, ,-34, ,
2, ,-33, ,
1, ,-33, ,
2, ,-33, ,
1, ,-33, ,
1, ,-33, ,
2, ,-33, ,
2, ,-33, ,
1, ,-33, ,
2, ,-34, ,
2, ,-33, ,
2, ,-33, ,
2, ,-33, ,
2, ,-34, ,
1, ,-33, ,
2, ,-34, ,
1, ,-34, ,
1, ,-33, ,
2, ,-33, ,
2, ,-33, ,
1, ,-33, ,
2, ,-34, ,
1, ,-33, ,
1, ,-33, ,
2, ,-33, ,
2, ,-34, ,
1, ,-33, ,
2, ,-33, ,
1, ,-33, ,
1, ,-33, ,
2, ,-33, ,
2, ,-33, ,
1, ,-33, ,
2, ,-34, ,
1, ,-33, ,
1, ,-33, ,
2, ,-33, ,
2, ,-33, ,
1, ,-33, ,
2, ,-33, ,
1, ,-33, ,
1, ,-33, ,
2, ,-33, ,
2, ,-33, ,
1, ,-33, ,
2, ,-33, ,
1, ,-33, ,
1, ,-33, ,
2, ,-33, ,
2, ,-34, ,
1, ,-33, ,
2, ,-33, ,
1, ,-33, ,
1, ,-33, ,
2, ,-34, ,
2, ,-33, ,
1, ,-33, ,
2, ,-33, ,
1, ,-33, ,
1, ,-33, ,
2, ,-33, ,
2, ,-33, ,
1, ,-33, ,
2, ,-33, ,
1, ,-33, ,
1, ,-33, ,
2, ,-33, ,
1, ,-33, ,
1, ,-33, ,
2, ,-33, ,
1, ,-33, ,
1, ,-33, ,
2, ,-33, ,
2, ,-34, ,
1, ,-33, ,
2, ,-33, ,
1, ,-33, ,
1, ,-33, ,
2, ,-33, ,
2, ,-33, ,
1, ,-33, ,
2, ,-33, ,
1, ,-33, ,
1, ,-33, ,
2, ,-33, ,
2, ,-33, ,
1, ,-33, ,
2, ,-33, ,
1, ,-33, ,
1, ,-33, ,
2, ,-33, ,
2, ,-33, ,
1, ,-33, ,
2, ,-33, ,
1, ,-33, ,
1, ,-33, ,
2, ,-33, ,
2, ,-33, ,
1, ,-33, ,
2, ,-33, ,
1, ,-33, ,
1, ,-33, ,
2, ,-33, ,
2, ,-33, ,
1, ,-33, ,
2, ,-33, ,
1, ,-33, ,
1, ,-33, ,
2, ,-33, ,
2, ,-34, ,
1, ,-33, ,
2, ,-33, ,
1, ,-33, ,
1, ,-33, ,
2, ,-34, ,
2, ,-33, ,
1, ,-33, ,
2, ,-33, ,
1, ,-33, ,
1, ,-33, ,
2, ,-33, ,
2, ,-33, ,
1, ,-33, ,
2, ,-33, ,
1, ,-33, ,
1, ,-33, ,
2, ,-34, ,
2, ,-33, ,
1, ,-33, ,
2, ,-33, ,
1, ,-33, ,
1, ,-33, ,
2, ,-33, ,
2, ,-33, ,
1, ,-33, ,
2, ,-33, ,
1, ,-33, ,
1, ,-33, ,
2, ,-34, ,
2, ,-33, ,
1, ,-33, ,
2, ,-33, ,
1, ,-33, ,
1, ,-33, ,
2, ,-33, ,
1, ,-33, ,
1, ,-33, ,
2, ,-33, ,
1, ,-33, ,
1, ,-33, ,
2, ,-33, ,
2, ,-33, ,
1, ,-33, ,
2, ,-34, ,
1, ,-33, ,
1, ,-33, ,
2, ,-33, ,
2, ,-34, ,
1, ,-33, ,
2, ,-33, ,
1, ,-33, ,
1, ,-33, ,
2, ,-33, ,
2, ,-33, ,
1, ,-33, ,
2, ,-33, ,
1, ,-33, ,
1, ,-33, ,
2, ,-33, ,
1, ,-33, ,
1, ,-33, ,
2, ,-33, ,
1, ,-34, ,
1, ,-33, ,
2, ,-34, ,
2, ,-33, ,
1, ,-33, ,
2, ,-34, ,
1, ,-33, ,
1, ,-33, ,
2, ,-33, ,
2, ,-33, ,
-1, ,-33, ,
2, ,-33, ,
1, ,-34, ,
1, ,-33, ,
2, ,-33, ,
1, ,-33, ,
-1, ,-33, ,
2, ,-33, ,
1, ,-33, ,
1, ,-33, ,
1, ,-33, ,
2, ,-33, ,
1, ,-33, ,
2, ,-33, ,
1, ,-33, ,
1, ,-33, ,
1, ,-33, ,
1, ,-33, ,
1, ,-33, ,
2, ,-34, ,
1, ,-33, ,
1, ,-33, ,
2, ,-33, ,
2, ,-33, ,
-1, ,-33, ,
2, ,-33, ,
1, ,-33, ,
1, ,-33, ,
1, ,-34, ,
1, ,-33, ,
-1, ,-33, ,
2, ,-33, ,
1, ,-33, ,
1, ,-34, ,
2, ,-33, ,
1, ,-33, ,
1, ,-33, ,
2, ,-33, ,
1, ,-33, ,
1, ,-33, ,
2, ,-33, ,
1, ,-33, ,
-1, ,-33, ,
2, ,-33, ,
1, ,-33, ,
1, ,-33, ,
2, ,-33, ,
1, ,-33, ,
-1, ,-34, ,
2, ,-33, ,
1, ,-33, ,
1, ,-33, ,
1, ,-33, ,
1, ,-33, ,
1, ,-33, ,
2, ,-33, ,
1, ,-33, ,
1, ,-33, ,
2, ,-33, ,
1, ,-33, ,
1, ,-33, ,
2, ,-33, ,
1, ,-33, ,
1, ,-33, ,
2, ,-34, ,
1, ,-33, ,
-1, ,-33, ,
2, ,-33, ,
1, ,-33, ,
1, ,-33, ,
2, ,-33, ,
1, ,-33, ,
-1, ,-33, ,
2, ,-33, ,
1, ,-34, ,
1, ,-33, ,
2, ,-33, ,
1, ,-33, ,
-1, ,-33, ,
2, ,-33, ,
1, ,-33, ,
1, ,-33, ,
2, ,-33, ,
2, ,-33, ,
1, ,-33, ,
2, ,-33, ,
1, ,-33, ,
1, ,-33, ,
2, ,-33, ,
1, ,-33, ,
-1, ,-33, ,
2, ,-33, ,
1, ,-33, ,
1, ,-33, ,
2, ,-33, ,
1, ,-33, ,
1, ,-34, ,
2, ,-33, ,
1, ,-33, ,
1, ,-33, ,
2, ,-33, ,
1, ,-33, ,
-1, ,-33, ,
1, ,-33, ,
1, ,-33, ,
1, ,-33, ,
2, ,-33, ,
2, ,-33, ,
-1, ,-34, ,
2, ,-33, ,
1, ,-33, ,
1, ,-33, ,
2, ,-33, ,
1, ,-33, ,
1, ,-33, ,
2, ,-33, ,
1, ,-33, ,
1, ,-33, ,
1, ,-33, ,
2, ,-33, ,
1, ,-33, ,
2, ,-33, ,
1, ,-33, ,
1, ,-33, ,
1, ,-34, ,
2, ,-33, ,
-1, ,-33, ,
1, ,-33, ,
1, ,-33, ,
1, ,-33, ,
1, ,-33, ,
1, ,-33, ,
-1, ,-33, ,
2, ,-33, ,
1, ,-33, ,
1, ,-33, ,
1, ,-33, ,
2, ,-33, ,
-1, ,-33, ,
2, ,-34, ,
1, ,-33, ,
1, ,-33, ,
1, ,-33, ,
1, ,-34, ,
-1, ,-34, ,
2, ,-33, ,
1, ,-33, ,
1, ,-33, ,
1, ,-33, ,
2, ,-33, ,
-1, ,-33, ,
1, ,-33, ,
1, ,-33, ,
1, ,-33, ,
1, ,-33, ,
1, ,-33, ,
-1, ,-33, ,
2, ,-33, ,
-1, ,-33, ,
1, ,-33, ,
1, ,-34, ,
1, ,-33, ,
-1, ,-33, ,
2, ,-34, ,
1, ,-33, ,
1, ,-33, ,
1, ,-33, ,
1, ,-33, ,
-1, ,-33, ,
2, ,-34, ,
-1, ,-33, ,
1, ,-33, ,
1, ,-34, ,
1, ,-33, ,
-1, ,-33, ,
1, ,-34, ,
1, ,-33, ,
1, ,-33, ,
1, ,-33, ,
1, ,-34, ,
-1, ,-33, ,
2, ,-33, ,
1, ,-33, ,
1, ,-33, ,
1, ,-34, ,
2, ,-33, ,
-1, ,-33, ,
2, ,-34, ,
1, ,-33, ,
1, ,-33, ,
1, ,-33, ,
1, ,-34, ,
-1, ,-33, ,
2, ,-33, ,
1, ,-33, ,
1, ,-33, ,
1, ,-34, ,
1, ,-33, ,
-1, ,-33, ,
2, ,-34, ,
1, ,-33, ,
1, ,-33, ,
2, ,-33, ,
1, ,-33, ,
1, ,-33, ,
2, ,-33, ,
1, ,-33, ,
1, ,-33, ,
2, ,-33, ,
1, ,-33, ,
-1, ,-33, ,
2, ,-34, ,
1, ,-33, ,
1, ,-33, ,
2, ,-33, ,
1, ,-34, ,
-1, ,-33, ,
2, ,-33, ,
1, ,-33, ,
1, ,-33, ,
1, ,-33, ,
1, ,-33, ,
1, ,-33, ,
2, ,-34, ,
1, ,-33, ,
1, ,-33, ,
2, ,-33, ,
1, ,-34, ,
-1, ,-33, ,
2, ,-33, ,
1, ,-33, ,
1, ,-33, ,
1, ,-34, ,
1, ,-33, ,
-1, ,-33, ,
2, ,-34, ,
1, ,-33, ,
1, ,-33, ,
2, ,-33, ,
1, ,-34, ,
-1, ,-33, ,
2, ,-33, ,
1, ,-33, ,
1, ,-33, ,
1, ,-34, ,
1, ,-33, ,
-1, ,-33, ,
2, ,-33, ,
1, ,-33, ,
1, ,-33, ,
74, ,-33, ,
48, ,-34, ,
29, ,-33, ,
21, ,-33, ,
12, ,-33, ,
8, ,-33, ,
7, ,-33, ,
6, ,-33, ,
3, ,-33, ,
5, ,-34, ,
3, ,-33, ,
2, ,-33, ,
3, ,-33, ,
3, ,-33, ,
1, ,-33, ,
3, ,-33, ,
2, ,-33, ,
2, ,-33, ,
2, ,-34, ,
3, ,-33, ,
2, ,-33, ,
2, ,-33, ,
2, ,-33, ,
2, ,-33, ,
2, ,-33, ,
3, ,-33, ,
1, ,-33, ,
3, ,-33, ,
2, ,-33, ,
2, ,-33, ,
2, ,-34, ,
2, ,-33, ,
1, ,-33, ,
3, ,-34, ,
2, ,-33, ,
2, ,-33, ,
2, ,-33, ,
3, ,-34, ,
2, ,-33, ,
2, ,-33, ,
2, ,-33, ,
2, ,-34, ,
2, ,-33, ,
3, ,-33, ,
2, ,-33, ,
2, ,-34, ,
2, ,-33, ,
2, ,-33, ,
2, ,-34, ,
3, ,-34, ,
1, ,-33, ,
3, ,-33, ,
2, ,-33, ,
2, ,-33, ,
2, ,-33, ,
3, ,-33, ,
1, ,-33, ,
2, ,-34, ,
2, ,-33, ,
2, ,-33, ,
2, ,-33, ,
3, ,-34, ,
1, ,-33, ,
2, ,-33, ,
2, ,-33, ,
2, ,-33, ,
2, ,-33, ,
3, ,-33, ,
1, ,-33, ,
2, ,-33, ,
2, ,-33, ,
2, ,-33, ,
2, ,-33, ,
3, ,-33, ,
1, ,-33, ,
2, ,-33, ,
2, ,-33, ,
2, ,-33, ,
2, ,-33, ,
3, ,-33, ,
1, ,-33, ,
2, ,-34, ,
2, ,-33, ,
1, ,-33, ,
2, ,-33, ,
3, ,-34, ,
1, ,-33, ,
2, ,-33, ,
2, ,-33, ,
2, ,-33, ,
2, ,-34, ,
2, ,-33, ,
1, ,-33, ,
2, ,-34, ,
2, ,-33, ,
2, ,-21, ,
2, ,-1, ,
3, ,15, ,
2, ,26, ,
3, ,35, ,
2, ,41, ,
2, ,46, ,
2, ,50, ,
2, ,53, ,
1, ,55, ,
3, ,56, ,
2, ,57, ,
2, ,59, ,
2, ,58, ,
2, ,59, ,
1, ,59, ,
3, ,60, ,
2, ,60, ,
2, ,60, ,
2, ,60, ,
2, ,60, ,
1, ,60, ,
2, ,60, ,
2, ,60, ,
1, ,61, ,
2, ,59, ,
2, ,60, ,
1, ,60, ,
2, ,60, ,
1, ,60, ,
1, ,61, ,
2, ,60, ,
2, ,60, ,
1, ,60, ,
2, ,60, ,
1, ,60, ,
1, ,60, ,
2, ,60, ,
2, ,60, ,
1, ,60, ,
2, ,60, ,
1, ,60, ,
1, ,60, ,
2, ,59, ,
1, ,60, ,
1, ,60, ,
2, ,60, ,
1, ,59, ,
1, ,60, ,
2, ,60, ,
2, ,60, ,
1, ,60, ,
2, ,60, ,
1, ,60, ,
1, ,60, ,
2, ,59, ,
2, ,60, ,
1, ,60, ,
2, ,60, ,
2, ,59, ,
2, ,60, ,
2, ,59, ,
2, ,60, ,
1, ,60, ,
2, ,60, ,
1, ,59, ,
1, ,60, ,
2, ,59, ,
1, ,60, ,
1, ,60, ,
26, ,60, ,
26, ,60, ,
17, ,60, ,
12, ,59, ,
8, ,60, ,
6, ,60, ,
6, ,60, ,
3, ,60, ,
3, ,60, ,
5, ,59, ,
3, ,60, ,
2, ,60, ,
5, ,60, ,
2, ,60, ,
2, ,60, ,
3, ,59, ,
2, ,60, ,
1, ,60, ,
3, ,60, ,
2, ,59, ,
2, ,60, ,
3, ,59, ,
2, ,60, ,
1, ,60, ,
3, ,60, ,
2, ,60, ,
2, ,60, ,
3, ,59, ,
2, ,59, ,
2, ,60, ,
3, ,59, ,
2, ,59, ,
2, ,60, ,
3, ,59, ,
2, ,60, ,
2, ,60, ,
3, ,60, ,
2, ,60, ,
2, ,60, ,
2, ,59, ,
2, ,60, ,
1, ,60, ,
3, ,59, ,
2, ,59, ,
2, ,60, ,
2, ,59, ,
2, ,59, ,
1, ,60, ,
3, ,60, ,
2, ,60, ,
1, ,60, ,
3, ,59, ,
2, ,60, ,
1, ,60, ,
3, ,60, ,
2, ,59, ,
1, ,60, ,
3, ,59, ,
2, ,59, ,
1, ,60, ,
3, ,60, ,
2, ,59, ,
1, ,60, ,
3, ,59, ,
2, ,60, ,
1, ,60, ,
3, ,59, ,
2, ,59, ,
2, ,60, ,
3, ,59, ,
2, ,60, ,
1, ,60, ,
3, ,59, ,
2, ,60, ,
2, ,60, ,
3, ,59, ,
2, ,60, ,
1, ,60, ,
3, ,59, ,
2, ,60, ,
2, ,60, ,
3, ,59, ,
2, ,60, ,
1, ,60, ,
3, ,56, ,
1, ,37, ,
1, ,19, ,
2, ,5, ,
2, ,-4, ,
1, ,-12, ,
2, ,-18, ,
1, ,-22, ,
2, ,-25, ,
2, ,-26, ,
2, ,-28, ,
1, ,-31, ,
2, ,-32, ,
2, ,-32, ,
2, ,-33, ,
2, ,-33, ,
2, ,-33, ,
1, ,-34, ,
2, ,-34, ,
2, ,-34, ,
2, ,-34, ,
2, ,-34, ,
2, ,-34, ,
1, ,-34, ,
3, ,-34, ,
2, ,-34, ,
2, ,-34, ,
2, ,-34, ,
2, ,-34, ,
1, ,-34, ,
3, ,-34, ,
1, ,-34, ,
2, ,-34, ,
2, ,-34, ,
2, ,-34, ,
1, ,-34, ,
2, ,-34, ,
2, ,-34, ,
2, ,-34, ,
2, ,-33, ,
2, ,-34, ,
1, ,-34, ,
2, ,-34, ,
2, ,-34, ,
1, ,-34, ,
3, ,-34, ,
2, ,-34, ,
1, ,-34, ,
2, ,-34, ,
2, ,-33, ,
1, ,-34, ,
2, ,-33, ,
2, ,-34, ,
1, ,-34, ,
2, ,-33, ,
2, ,-34, ,
2, ,-34, ,
3, ,-34, ,
2, ,-33, ,
1, ,-34, ,
2, ,-34, ,
1, ,-33, ,
1, ,-34, ,
2, ,-33, ,
2, ,-33, ,
1, ,-33, ,
2, ,-33, ,
1, ,-34, ,
1, ,-33, ,
2, ,-33, ,
2, ,-33, ,
1, ,-33, ,
2, ,-34, ,
2, ,-33, ,
1, ,-33, ,
2, ,-33, ,
2, ,-33, ,
1, ,-33, ,
2, ,-34, ,
1, ,-34, ,
1, ,-33, ,
2, ,-33, ,
2, ,-33, ,
1, ,-33, ,
2, ,-34, ,
2, ,-33, ,
2, ,-33, ,
2, ,-33, ,
2, ,-33, ,
1, ,-33, ,
2, ,-33, ,
1, ,-33, ,
1, ,-33, ,
2, ,-33, ,
2, ,-33, ,
1, ,-33, ,
2, ,-34, ,
2, ,-33, ,
2, ,-34, ,
2, ,-33, ,
2, ,-33, ,
1, ,-33, ,
2, ,-33, ,
1, ,-33, ,
1, ,-33, ,
2, ,-33, ,
2, ,-33, ,
1, ,-33, ,
2, ,-34, ,
1, ,-33, ,
2, ,-33, ,
2, ,-33, ,
2, ,-33, ,
1, ,-33, ,
2, ,-33, ,
2, ,-34, ,
1, ,-33, ,
2, ,-33, ,
2, ,-33, ,
1, ,-33, ,
2, ,-34, ,
1, ,-33, ,
1, ,-33, ,
2, ,-33, ,
2, ,-33, ,
1, ,-33, ,
39, ,-33, ,
27, ,-33, ,
17, ,-33, ,
13, ,-33, ,
10, ,-33, ,
6, ,-33, ,
6, ,-33, ,
3, ,-33, ,
2, ,-34, ,
3, ,-33, ,
2, ,-33, ,
2, ,-33, ,
3, ,-33, ,
2, ,-34, ,
2, ,-33, ,
3, ,-33, ,
3, ,-33, ,
2, ,-33, ,
3, ,-33, ,
2, ,-33, ,
2, ,-33, ,
3, ,-33, ,
3, ,-33, ,
2, ,-33, ,
3, ,-33, ,
2, ,-33, ,
2, ,-33, ,
2, ,-34, ,
3, ,-33, ,
2, ,-33, ,
3, ,-33, ,
2, ,-33, ,
2, ,-33, ,
3, ,-33, ,
3, ,-33, ,
2, ,-33, ,
3, ,-33, ,
2, ,-33, ,
2, ,-33, ,
2, ,-33, ,
3, ,-33, ,
2, ,-33, ,
3, ,-33, ,
2, ,-33, ,
2, ,-33, ,
2, ,-33, ,
3, ,-34, ,
2, ,-33, ,
3, ,-33, ,
2, ,-33, ,
2, ,-33, ,
2, ,-33, ,
3, ,-33, ,
2, ,-33, ,
2, ,-33, ,
2, ,-33, ,
2, ,-33, ,
2, ,-33, ,
2, ,-33, ,
1, ,-33, ,
3, ,-33, ,
2, ,-33, ,
2, ,-33, ,
2, ,-33, ,
3, ,-34, ,
1, ,-34, ,
2, ,-34, ,
2, ,-33, ,
2, ,-33, ,
2, ,-33, ,
2, ,-33, ,
1, ,-33, ,
2, ,-33, ,
2, ,-33, ,
2, ,-33, ,
2, ,-33, ,
3, ,-33, ,
1, ,-33, ,
2, ,-34, ,
2, ,-33, ,
2, ,-33, ,
2, ,-33, ,
3, ,-33, ,
1, ,-34, ,
3, ,-33, ,
2, ,-33, ,
2, ,-33, ,
2, ,-33, ,
3, ,-33, ,
1, ,-33, ,
2, ,-34, ,
2, ,-33, ,
2, ,-33, ,
2, ,-33, ,
3, ,-33, ,
1, ,-33, ,
2, ,-33, ,
2, ,-33, ,
2, ,-33, ,
2, ,-33, ,
3, ,-33, ,
1, ,-33, ,
2, ,-33, ,
2, ,-33, ,
2, ,-33, ,
2, ,-33, ,
3, ,-34, ,
1, ,-33, ,
2, ,-33, ,
2, ,-33, ,
2, ,-33, ,
2, ,-33, ,
3, ,-33, ,
1, ,-33, ,
2, ,-33, ,
2, ,-33, ,
2, ,-33, ,
2, ,-33, ,
2, ,-33, ,
1, ,-33, ,
2, ,-33, ,
2, ,-33, ,
2, ,-33, ,
2, ,-33, ,
2, ,-33, ,
1, ,-33, ,
2, ,-33, ,
2, ,-33, ,
2, ,-33, ,
2, ,-33, ,
2, ,-33, ,
1, ,-33, ,
2, ,-33, ,
2, ,-33, ,
2, ,-33, ,
2, ,-33, ,
2, ,-33, ,
1, ,-33, ,
2, ,-33, ,
2, ,-33, ,
1, ,-33, ,
2, ,-33, ,
2, ,-33, ,
1, ,-34, ,
2, ,-33, ,
1, ,-33, ,
1, ,-33, ,
2, ,-33, ,
2, ,-33, ,
1, ,-33, ,
2, ,-33, ,
2, ,-33, ,
2, ,-33, ,
3, ,-33, ,
3, ,-34, ,
1, ,-33, ,
2, ,-33, ,
2, ,-33, ,
1, ,-33, ,
2, ,-33, ,
2, ,-33, ,
1, ,-33, ,
2, ,-34, ,
2, ,-33, ,
1, ,-33, ,
2, ,-33, ,
2, ,-33, ,
1, ,-33, ,
2, ,-33, ,
1, ,-33, ,
1, ,-33, ,
2, ,-33, ,
2, ,-33, ,
1, ,-33, ,
2, ,-33, ,
1, ,-33, ,
1, ,-33, ,
2, ,-33, ,
2, ,-33, ,
1, ,-33, ,
2, ,-33, ,
1, ,-33, ,
1, ,-33, ,
2, ,-33, ,
2, ,-33, ,
1, ,-33, ,
2, ,-33, ,
1, ,-33, ,
1, ,-33, ,
2, ,-33, ,
2, ,-34, ,
1, ,-33, ,
2, ,-33, ,
1, ,-33, ,
2, ,-33, ,
2, ,-34, ,
2, ,-33, ,
1, ,-33, ,
2, ,-33, ,
1, ,-33, ,
1, ,-33, ,
2, ,-34, ,
2, ,-34, ,
1, ,-33, ,
2, ,-33, ,
1, ,-33, ,
1, ,-33, ,
2, ,-33, ,
2, ,-33, ,
1, ,-33, ,
2, ,-34, ,
1, ,-33, ,
1, ,-33, ,
2, ,-33, ,
2, ,-33, ,
1, ,-33, ,
2, ,-33, ,
1, ,-33, ,
2, ,-33, ,
2, ,-33, ,
2, ,-33, ,
1, ,-33, ,
2, ,-33, ,
1, ,-33, ,
1, ,-33, ,
2, ,-33, ,
2, ,-33, ,
1, ,-33, ,
2, ,-33, ,
2, ,-33, ,
1, ,-33, ,
2, ,-33, ,
2, ,-33, ,
1, ,-33, ,
2, ,-33, ,
1, ,-33, ,
1, ,-33, ,
2, ,-33, ,
2, ,-34, ,
1, ,-33, ,
2, ,-33, ,
1, ,-33, ,
1, ,-33, ,
2, ,-34, ,
2, ,-33, ,
1, ,-33, ,
2, ,-33, ,
1, ,-33, ,
1, ,-33, ,
2, ,-33, ,
2, ,-33, ,
1, ,-33, ,
2, ,-33, ,
1, ,-33, ,
1, ,-33, ,
2, ,-33, ,
2, ,-33, ,
1, ,-33, ,
2, ,-33, ,
1, ,-33, ,
1, ,-33, ,
2, ,-33, ,
2, ,-33, ,
1, ,-33, ,
2, ,-33, ,
1, ,-33, ,
1, ,-33, ,
2, ,-33, ,
2, ,-33, ,
1, ,-33, ,
2, ,-33, ,
1, ,-33, ,
1, ,-33, ,
2, ,-33, ,
1, ,-33, ,
1, ,-33, ,
2, ,-33, ,
1, ,-33, ,
1, ,-33, ,
2, ,-34, ,
2, ,-33, ,
1, ,-33, ,
2, ,-33, ,
1, ,-33, ,
1, ,-33, ,
2, ,-33, ,
1, ,-33, ,
1, ,-33, ,
2, ,-33, ,
1, ,-33, ,
1, ,-33, ,
2, ,-34, ,
2, ,-33, ,
1, ,-33, ,
2, ,-34, ,
1, ,-33, ,
1, ,-33, ,
2, ,-33, ,
2, ,-33, ,
1, ,-34, ,
2, ,-33, ,
1, ,-33, ,
1, ,-33, ,
2, ,-34, ,
2, ,-33, ,
1, ,-33, ,
2, ,-34, ,
1, ,-33, ,
1, ,-34, ,
1, ,-33, ,
1, ,-34, ,
-1, ,-34, ,
2, ,-33, ,
2, ,-33, ,
2, ,-33, ,
2, ,-33, ,
1, ,-33, ,
1, ,-33, ,
2, ,-33, ,
1, ,-33, ,
1, ,-33, ,
2, ,-33, ,
1, ,-34, ,
1, ,-33, ,
2, ,-33, ,
1, ,-33, ,
1, ,-33, ,
2, ,-33, ,
2, ,-33, ,
-1, ,-33, ,
2, ,-33, ,
1, ,-33, ,
1, ,-33, ,
2, ,-33, ,
2, ,-33, ,
1, ,-33, ,
2, ,-33, ,
1, ,-33, ,
1, ,-33, ,
2, ,-34, ,
2, ,-33, ,
1, ,-33, ,
2, ,-34, ,
1, ,-33, ,
1, ,-33, ,
2, ,-33, ,
2, ,-34, ,
-1, ,-33, ,
1, ,-33, ,
1, ,-33, ,
1, ,-33, ,
2, ,-33, ,
2, ,-33, ,
1, ,-33, ,
2, ,-33, ,
1, ,-33, ,
1, ,-33, ,
2, ,-34, ,
1, ,-34, ,
1, ,-33, ,
2, ,-33, ,
1, ,-33, ,
1, ,-33, ,
2, ,-34, ,
2, ,-33, ,
1, ,-33, ,
2, ,-33, ,
1, ,-33, ,
1, ,-33, ,
2, ,-33, ,
2, ,-34, ,
1, ,-33, ,
2, ,-33, ,
1, ,-33, ,
1, ,-33, ,
2, ,-33, ,
1, ,-33, ,
1, ,-33, ,
2, ,-34, ,
1, ,-33, ,
1, ,-33, ,
2, ,-33, ,
1, ,-34, ,
1, ,-33, ,
2, ,-33, ,
1, ,-33, ,
1, ,-33, ,
2, ,-34, ,
2, ,-33, ,
1, ,-33, ,
2, ,-33, ,
1, ,-33, ,
1, ,-33, ,
2, ,-33, ,
1, ,-33, ,
1, ,-33, ,
1, ,-33, ,
1, ,-33, ,
1, ,-33, ,
2, ,-34, ,
1, ,-33, ,
-1, ,-33, ,
2, ,-33, ,
1, ,-33, ,
1, ,-33, ,
2, ,-33, ,
1, ,-34, ,
1, ,-33, ,
2, ,-33, ,
1, ,-33, ,
1, ,-33, ,
2, ,-33, ,
1, ,-33, ,
-1, ,-33, ,
2, ,-34, ,
1, ,-33, ,
1, ,-34, ,
2, ,-34, ,
1, ,-34, ,
1, ,-33, ,
2, ,-33, ,
1, ,-33, ,
1, ,-33, ,
2, ,-33, ,
1, ,-33, ,
1, ,-33, ,
2, ,-34, ,
1, ,-33, ,
1, ,-34, ,
2, ,-33, ,
1, ,-34, ,
-1, ,-33, ,
2, ,-33, ,
1, ,-33, ,
1, ,-33, ,
2, ,-34, ,
1, ,-33, ,
1, ,-33, ,
2, ,-34, ,
1, ,-33, ,
1, ,-33, ,
1, ,-33, ,
1, ,-33, ,
-1, ,-33, ,
2, ,-33, ,
1, ,-33, ,
1, ,-33, ,
2, ,-34, ,
2, ,-33, ,
-1, ,-33, ,
2, ,-33, ,
1, ,-33, ,
1, ,-34, ,
2, ,-33, ,
1, ,-33, ,
-1, ,-33, ,
2, ,-33, ,
1, ,-33, ,
1, ,-33, ,
1, ,-34, ,
1, ,-33, ,
-1, ,-33, ,
2, ,-33, ,
1, ,-33, ,
1, ,-34, ,
2, ,-34, ,
1, ,-34, ,
-1, ,-33, ,
2, ,-33, ,
-1, ,-33, ,
1, ,-34, ,
1, ,-34, ,
1, ,-33, ,
-1, ,-33, ,
1, ,-34, ,
1, ,-33, ,
1, ,-33, ,
1, ,-33, ,
1, ,-34, ,
-1, ,-33, ,
2, ,-33, ,
-1, ,-33, ,
1, ,-33, ,
1, ,-34, ,
1, ,-33, ,
-1, ,-33, ,
2, ,-34, ,
1, ,-33, ,
1, ,-33, ,
2, ,-33, ,
1, ,-33, ,
-1, ,-33, ,
2, ,-33, ,
1, ,-33, ,
1, ,-33, ,
2, ,-33, ,
2, ,-33, ,
-1, ,-33, ,
1, ,-34, ,
1, ,-33, ,
1, ,-33, ,
1, ,-25, ,
2, ,-6, ,
1, ,11, ,
2, ,24, ,
1, ,34, ,
1, ,40, ,
2, ,45, ,
1, ,50, ,
-1, ,52, ,
2, ,54, ,
-1, ,56, ,
1, ,57, ,
1, ,57, ,
1, ,58, ,
1, ,59, ,
2, ,59, ,
1, ,60, ,
1, ,60, ,
1, ,60, ,
1, ,60, ,
-1, ,60, ,
2, ,60, ,
1, ,60, ,
1, ,61, ,
1, ,60, ,
1, ,60, ,
-1, ,60, ,
2, ,60, ,
1, ,60, ,
1, ,60, ,
2, ,60, ,
1, ,60, ,
1, ,61, ,
2, ,60, ,
-1, ,60, ,
1, ,60, ,
1, ,60, ,
1, ,60, ,
-1, ,60, ,
2, ,60, ,
1, ,60, ,
1, ,60, ,
1, ,59, ,
1, ,60, ,
-1, ,60, ,
2, ,60, ,
1, ,59, ,
-1, ,60, ,
1, ,60, ,
1, ,60, ,
-1, ,60, ,
2, ,60, ,
1, ,60, ,
1, ,60, ,
1, ,59, ,
1, ,60, ,
-1, ,60, ,
2, ,59, ,
1, ,60, ,
1, ,60, ,
1, ,59, ,
1, ,60, ,
-1, ,60, ,
2, ,60, ,
1, ,60, ,
1, ,60, ,
1, ,59, ,
1, ,60, ,
-1, ,60, ,
2, ,59, ,
-1, ,59, ,
-1, ,60, ,
1, ,59, ,
1, ,60, ,
-1, ,60, ,
2, ,59, ,
-1, ,59, ,
-1, ,60, ,
1, ,59, ,
1, ,60, ,
-1, ,60, ,
2, ,60, ,
-1, ,60, ,
1, ,60, ,
1, ,59, ,
1, ,60, ,
-1, ,60, ,
2, ,59, ,
-1, ,59, ,
-1, ,60, ,
1, ,59, ,
1, ,60, ,
-1, ,60, ,
2, ,60, ,
-1, ,60, ,
-1, ,60, ,
1, ,59, ,
1, ,60, ,
-1, ,60, ,
2, ,59, ,
-1, ,59, ,
-1, ,60, ,
1, ,59, ,
1, ,60, ,
-1, ,60, ,
2, ,60, ,
-1, ,60, ,
-1, ,60, ,
1, ,59, ,
74, ,60, ,
45, ,59, ,
30, ,59, ,
18, ,59, ,
11, ,60, ,
8, ,59, ,
6, ,60, ,
3, ,60, ,
5, ,60, ,
2, ,59, ,
2, ,60, ,
3, ,59, ,
2, ,60, ,
1, ,60, ,
3, ,59, ,
2, ,59, ,
2, ,60, ,
3, ,59, ,
2, ,60, ,
1, ,60, ,
3, ,60, ,
2, ,59, ,
1, ,60, ,
3, ,59, ,
2, ,60, ,
2, ,60, ,
3, ,60, ,
2, ,59, ,
2, ,60, ,
3, ,60, ,
2, ,60, ,
1, ,60, ,
3, ,60, ,
2, ,59, ,
2, ,60, ,
3, ,59, ,
2, ,59, ,
1, ,60, ,
3, ,59, ,
2, ,60, ,
2, ,60, ,
3, ,59, ,
2, ,59, ,
2, ,60, ,
3, ,60, ,
2, ,59, ,
1, ,43, ,
2, ,23, ,
2, ,8, ,
1, ,-2, ,
2, ,-11, ,
1, ,-16, ,
1, ,-21, ,
2, ,-24, ,
2, ,-26, ,
1, ,-28, ,
3, ,-31, ,
2, ,-31, ,
2, ,-32, ,
2, ,-32, ,
2, ,-33, ,
2, ,-33, ,
3, ,-33, ,
2, ,-33, ,
2, ,-34, ,
2, ,-34, ,
2, ,-34, ,
1, ,-34, ,
2, ,-34, ,
2, ,-34, ,
2, ,-34, ,
2, ,-34, ,
2, ,-34, ,
1, ,-34, ,
2, ,-34, ,
2, ,-34, ,
2, ,-34, ,
2, ,-34, ,
2, ,-34, ,
1, ,-34, ,
3, ,-34, ,
2, ,-34, ,
2, ,-34, ,
2, ,-34, ,
2, ,-34, ,
2, ,-34, ,
2, ,-33, ,
2, ,-34, ,
1, ,-33, ,
2, ,-34, ,
2, ,-33, ,
1, ,-34, ,
3, ,-34, ,
2, ,-33, ,
2, ,-34, ,
2, ,-34, ,
2, ,-34, ,
1, ,-34, ,
2, ,-33, ,
1, ,-34, ,
1, ,-34, ,
2, ,-34, ,
2, ,-33, ,
1, ,-33, ,
2, ,-33, ,
2, ,-33, ,
2, ,-34, ,
2, ,-34, ,
2, ,-33, ,
1, ,-33, ,
2, ,-33, ,
2, ,-33, ,
1, ,-33, ,
2, ,-34, ,
2, ,-33, ,
1, ,-33, ,
2, ,-33, ,
1, ,-33, ,
1, ,-34, ,
2, ,-33, ,
2, ,-34, ,
1, ,-33, ,
2, ,-33, ,
1, ,-33, ,
2, ,-33, ,
2, ,-33, ,
2, ,-33, ,
1, ,-33, ,
2, ,-34, ,
2, ,-33, ,
1, ,-34, ,
2, ,-34, ,
2, ,-33, ,
1, ,-34, ,
2, ,-33, ,
1, ,-34, ,
1, ,-33, ,
2, ,-34, ,
2, ,-33, ,
1, ,-33, ,
2, ,-33, ,
2, ,-33, ,
2, ,-33, ,
2, ,-33, ,
2, ,-33, ,
1, ,-33, ,
2, ,-33, ,
2, ,-34, ,
1, ,-33, ,
2, ,-33, ,
2, ,-33, ,
1, ,-33, ,
2, ,-33, ,
2, ,-33, ,
2, ,-33, ,
2, ,-33, ,
2, ,-33, ,
1, ,-33, ,
2, ,-33, ,
2, ,-34, ,
1, ,-33, ,
2, ,-33, ,
2, ,-33, ,
1, ,-33, ,
2, ,-34, ,
1, ,-33, ,
1, ,-33, ,
2, ,-33, ,
2, ,-34, ,
1, ,-34, ,
2, ,-33, ,
1, ,-33, ,
2, ,-33, ,
2, ,-33, ,
2, ,-33, ,
1, ,-33, ,
2, ,-33, ,
1, ,-33, ,
2, ,-33, ,
2, ,-33, ,
2, ,-33, ,
1, ,-33, ,
2, ,-33, ,
1, ,-33, ,
1, ,-33, ,
1, ,-33, ,
2, ,-33, ,
1, ,-33, ,
2, ,-33, ,
2, ,-33, ,
2, ,-33, ,
2, ,-33, ,
2, ,-34, ,
1, ,-33, ,
2, ,-33, ,
1, ,-33, ,
1, ,-33, ,
2, ,-33, ,
2, ,-33, ,
1, ,-33, ,
2, ,-34, ,
1, ,-33, ,
1, ,-33, ,
2, ,-33, ,
2, ,-33, ,
1, ,-33, ,
2, ,-33, ,
1, ,-33, ,
2, ,-33, ,
2, ,-33, ,
2, ,-33, ,
1, ,-33, ,
2, ,-34, ,
1, ,-33, ,
1, ,-33, ,
2, ,-33, ,
2, ,-33, ,
1, ,-33, ,
2, ,-33, ,
1, ,-33, ,
1, ,-33, ,
2, ,-33, ,
2, ,-33, ,
1, ,-33, ,
2, ,-33, ,
1, ,-33, ,
1, ,-34, ,
2, ,-33, ,
2, ,-33, ,
1, ,-33, ,
2, ,-33, ,
1, ,-33, ,
1, ,-33, ,
2, ,-34, ,
2, ,-33, ,
1, ,-33, ,
2, ,-33, ,
1, ,-33, ,
1, ,-33, ,
2, ,-34, ,
2, ,-33, ,
1, ,-33, ,
2, ,-33, ,
1, ,-33, ,
1, ,-33, ,
2, ,-34, ,
1, ,-33, ,
1, ,-33, ,
2, ,-33, ,
2, ,-33, ,
1, ,-33, ,
2, ,-33, ,
2, ,-33, ,
1, ,-33, ,
2, ,-33, ,
1, ,-33, ,
1, ,-33, ,
2, ,-33, ,
2, ,-33, ,
1, ,-33, ,
2, ,-33, ,
1, ,-33, ,
1, ,-33, ,
2, ,-33, ,
2, ,-33, ,
1, ,-33, ,
2, ,-33, ,
1, ,-33, ,
1, ,-33, ,
2, ,-33, ,
2, ,-33, ,
1, ,-33, ,
2, ,-34, ,
1, ,-33, ,
1, ,-33, ,
2, ,-33, ,
1, ,-33, ,
1, ,-33, ,
2, ,-33, ,
1, ,-33, ,
1, ,-33, ,
2, ,-34, ,
2, ,-33, ,
1, ,-33, ,
2, ,-33, ,
1, ,-33, ,
1, ,-33, ,
2, ,-33, ,
2, ,-33, ,
1, ,-33, ,
2, ,-33, ,
1, ,-33, ,
1, ,-33, ,
2, ,-33, ,
1, ,-33, ,
1, ,-33, ,
2, ,-34, ,
1, ,-33, ,
1, ,-33, ,
2, ,-33, ,
2, ,-33, ,
1, ,-33, ,
2, ,-33, ,
1, ,-33, ,
1, ,-33, ,
2, ,-33, ,
2, ,-33, ,
1, ,-33, ,
2, ,-33, ,
1, ,-33, ,
1, ,-33, ,
2, ,-33, ,
1, ,-33, ,
1, ,-33, ,
2, ,-34, ,
1, ,-33, ,
1, ,-33, ,
2, ,-33, ,
2, ,-33, ,
1, ,-33, ,
2, ,-33, ,
1, ,-33, ,
1, ,-33, ,
2, ,-33, ,
2, ,-33, ,
1, ,-34, ,
2, ,-33, ,
1, ,-33, ,
1, ,-33, ,
2, ,-33, ,
2, ,-33, ,
1, ,-33, ,
2, ,-33, ,
1, ,-33, ,
1, ,-33, ,
2, ,-33, ,
1, ,-33, ,
1, ,-33, ,
2, ,-33, ,
1, ,-33, ,
1, ,-33, ,
2, ,-33, ,
2, ,-33, ,
1, ,-33, ,
2, ,-34, ,
1, ,-33, ,
1, ,-33, ,
2, ,-33, ,
2, ,-34, ,
1, ,-34, ,
2, ,-33, ,
1, ,-33, ,
1, ,-33, ,
1, ,-33, ,
1, ,-33, ,
-1, ,-33, ,
2, ,-33, ,
1, ,-33, ,
1, ,-33, ,
2, ,-33, ,
1, ,-33, ,
-1, ,-33, ,
2, ,-33, ,
1, ,-33, ,
1, ,-33, ,
1, ,-33, ,
2, ,-33, ,
-1, ,-33, ,
2, ,-33, ,
1, ,-33, ,
1, ,-33, ,
2, ,-33, ,
2, ,-33, ,
1, ,-33, ,
2, ,-33, ,
1, ,-33, ,
1, ,-33, ,
2, ,-34, ,
2, ,-33, ,
-1, ,-33, ,
2, ,-33, ,
1, ,-33, ,
1, ,-34, ,
2, ,-33, ,
1, ,-33, ,
1, ,-33, ,
2, ,-33, ,
1, ,-33, ,
1, ,-33, ,
2, ,-33, ,
2, ,-33, ,
1, ,-33, ,
2, ,-34, ,
1, ,-33, ,
1, ,-33, ,
2, ,-33, ,
1, ,-34, ,
1, ,-33, ,
2, ,-33, ,
1, ,-33, ,
1, ,-33, ,
2, ,-34, ,
1, ,-33, ,
-1, ,-33, ,
1, ,-33, ,
1, ,-33, ,
1, ,-33, ,
2, ,-33, ,
1, ,-33, ,
-1, ,-33, ,
2, ,-33, ,
1, ,-33, ,
1, ,-33, ,
2, ,-34, ,
2, ,-33, ,
-1, ,-33, ,
1, ,-33, ,
1, ,-33, ,
1, ,-34, ,
1, ,-33, ,
1, ,-33, ,
1, ,-33, ,
2, ,-33, ,
1, ,-33, ,
1, ,-33, ,
2, ,-33, ,
1, ,-33, ,
-1, ,-33, ,
1, ,-33, ,
1, ,-33, ,
1, ,-33, ,
2, ,-33, ,
2, ,-33, ,
-1, ,-33, ,
2, ,-33, ,
1, ,-33, ,
1, ,-33, ,
2, ,-33, ,
1, ,-33, ,
-1, ,-33, ,
2, ,-33, ,
1, ,-33, ,
1, ,-33, ,
2, ,-33, ,
1, ,-34, ,
-1, ,-33, ,
2, ,-33, ,
1, ,-33, ,
1, ,-33, ,
1, ,-33, ,
1, ,-33, ,
-1, ,-33, ,
2, ,-33, ,
1, ,-33, ,
1, ,-33, ,
2, ,-33, ,
1, ,-33, ,
-1, ,-34, ,
2, ,-33, ,
1, ,-33, ,
1, ,-33, ,
1, ,-34, ,
1, ,-33, ,
-1, ,-33, ,
2, ,-33, ,
1, ,-33, ,
1, ,-33, ,
1, ,-33, ,
2, ,-33, ,
1, ,-33, ,
2, ,-33, ,
1, ,-33, ,
1, ,-33, ,
1, ,-34, ,
1, ,-33, ,
-1, ,-33, ,
1, ,-33, ,
1, ,-33, ,
1, ,-34, ,
2, ,-33, ,
1, ,-34, ,
-1, ,-33, ,
2, ,-33, ,
1, ,-33, ,
1, ,-33, ,
1, ,-34, ,
1, ,-33, ,
-1, ,-33, ,
2, ,-33, ,
1, ,-33, ,
1, ,-34, ,
1, ,-33, ,
2, ,-34, ,
-1, ,-33, ,
2, ,-33, ,
1, ,-33, ,
1, ,-33, ,
2, ,-33, ,
1, ,-33, ,
-1, ,-33, ,
2, ,-34, ,
1, ,-33, ,
1, ,-33, ,
2, ,-33, ,
1, ,-33, ,
-1, ,-33, ,
2, ,-33, ,
1, ,-33, ,
1, ,-33, ,
2, ,-34, ,
1, ,-33, ,
-1, ,-33, ,
2, ,-33, ,
1, ,-33, ,
1, ,-33, ,
1, ,-33, ,
1, ,-34, ,
-1, ,-33, ,
2, ,-33, ,
1, ,-33, ,
1, ,-33, ,
2, ,-34, ,
1, ,-33, ,
-1, ,-33, ,
1, ,-34, ,
1, ,-33, ,
1, ,-33, ,
1, ,-33, ,
1, ,-33, ,
-1, ,-33, ,
2, ,-33, ,
1, ,-33, ,
1, ,-34, ,
2, ,-33, ,
2, ,-33, ,
-1, ,-33, ,
2, ,-34, ,
1, ,-33, ,
1, ,-33, ,
1, ,-33, ,
1, ,-34, ,
-1, ,-33, ,
2, ,-33, ,
1, ,-34, ,
1, ,-33, ,
1, ,-34, ,
1, ,-33, ,
-1, ,-33, ,
1, ,-33, ,
1, ,-33, ,
1, ,-33, ,
1, ,-33, ,
1, ,-33, ,
-1, ,-33, ,
2, ,-33, ,
1, ,-33, ,
1, ,-33, ,
2, ,-33, ,
1, ,-33, ,
-1, ,-33, ,
2, ,-34, ,
1, ,-33, ,
1, ,-33, ,
2, ,-33, ,
1, ,-33, ,
-1, ,-34, ,
2, ,-33, ,
1, ,-34, ,
1, ,-33, ,
1, ,-34, ,
1, ,-33, ,
-1, ,-33, ,
2, ,-33, ,
-1, ,-33, ,
1, ,-34, ,
1, ,-33, ,
1, ,-33, ,
-1, ,-34, ,
2, ,-33, ,
1, ,-33, ,
1, ,-33, ,
2, ,-33, ,
2, ,-33, ,
-1, ,-33, ,
1, ,-34, ,
1, ,-33, ,
1, ,-34, ,
1, ,-33, ,
1, ,-33, ,
-1, ,-33, ,
2, ,-33, ,
1, ,-33, ,
1, ,-33, ,
2, ,-33, ,
1, ,-33, ,
-1, ,-33, ,
2, ,-33, ,
1, ,-33, ,
1, ,-34, ,
2, ,-33, ,
1, ,-33, ,
-1, ,-33, ,
2, ,-33, ,
1, ,-33, ,
1, ,-33, ,
1, ,-33, ,
1, ,-33, ,
-1, ,-33, ,
2, ,-34, ,
1, ,-33, ,
1, ,-33, ,
1, ,-33, ,
1, ,-33, ,
-1, ,-33, ,
2, ,-33, ,
1, ,-33, ,
1, ,-33, ,
1, ,-33, ,
1, ,-33, ,
-1, ,-33, ,
2, ,-34, ,
1, ,-34, ,
1, ,-33, ,
1, ,-33, ,
1, ,-33, ,
-1, ,-33, ,
1, ,-33, ,
-1, ,-34, ,
1, ,-33, ,
1, ,-33, ,
2, ,-33, ,
-1, ,-33, ,
1, ,-34, ,
1, ,-33, ,
-1, ,-33, ,
1, ,-33, ,
1, ,-33, ,
-1, ,-33, ,
2, ,-33, ,
1, ,-33, ,
1, ,-33, ,
1, ,-33, ,
1, ,-33, ,
-1, ,-33, ,
1, ,-33, ,
-1, ,-33, ,
-1, ,-34, ,
1, ,-33, ,
2, ,-33, ,
-1, ,-34, ,
2, ,-33, ,
1, ,-34, ,
-1, ,-33, ,
1, ,-33, ,
1, ,-33, ,
-1, ,-33, ,
1, ,-34, ,
1, ,-33, ,
1, ,-34, ,
1, ,-33, ,
1, ,-33, ,
-1, ,-34, ,
2, ,-33, ,
1, ,-33, ,
1, ,-33, ,
1, ,-33, ,
2, ,-33, ,
-1, ,-33, ,
2, ,-34, ,
1, ,-33, ,
1, ,-33, ,
2, ,-33, ,
1, ,-30, ,
-1, ,-12, ,
2, ,6, ,
1, ,20, ,
1, ,31, ,
2, ,38, ,
1, ,44, ,
-1, ,49, ,
2, ,52, ,
1, ,54, ,
-1, ,56, ,
1, ,57, ,
1, ,58, ,
-1, ,59, ,
2, ,59, ,
1, ,59, ,
1, ,60, ,
1, ,59, ,
1, ,60, ,
-1, ,61, ,
2, ,60, ,
1, ,60, ,
1, ,61, ,
1, ,60, ,
1, ,60, ,
-1, ,60, ,
2, ,60, ,
-1, ,60, ,
-1, ,61, ,
1, ,59, ,
1, ,60, ,
-1, ,61, ,
2, ,60, ,
-1, ,60, ,
-1, ,61, ,
2, ,59, ,
1, ,60, ,
-1, ,60, ,
2, ,60, ,
-1, ,60, ,
-1, ,61, ,
1, ,60, ,
1, ,60, ,
-1, ,60, ,
2, ,60, ,
-1, ,60, ,
-1, ,60, ,
1, ,59, ,
1, ,60, ,
-1, ,60, ,
1, ,59, ,
-1, ,60, ,
-1, ,60, ,
1, ,59, ,
1, ,60, ,
-1, ,60, ,
2, ,60, ,
1, ,60, ,
-1, ,60, ,
82, ,59, ,
58, ,60, ,
34, ,60, ,
22, ,60, ,
13, ,60, ,
8, ,60, ,
7, ,59, ,
5, ,60, ,
3, ,60, ,
5, ,60, ,
2, ,59, ,
2, ,60, ,
3, ,59, ,
2, ,60, ,
2, ,60, ,
3, ,60, ,
2, ,60, ,
2, ,60, ,
3, ,59, ,
2, ,60, ,
1, ,60, ,
3, ,60, ,
2, ,59, ,
2, ,60, ,
3, ,59, ,
2, ,60, ,
1, ,60, ,
3, ,60, ,
2, ,59, ,
2, ,60, ,
2, ,59, ,
2, ,60, ,
1, ,60, ,
3, ,60, ,
7, ,60, ,
8, ,60, ,
8, ,59, ,
6, ,60, ,
3, ,60, ,
5, ,59, ,
2, ,60, ,
2, ,60, ,
3, ,59, ,
3, ,60, ,
1, ,60, ,
3, ,60, ,
2, ,59, ,
2, ,60, ,
2, ,59, ,
2, ,60, ,
1, ,60, ,
3, ,60, ,
2, ,60, ,
1, ,60, ,
3, ,59, ,
3, ,60, ,
1, ,60, ,
3, ,60, ,
2, ,59, ,
2, ,60, ,
3, ,59, ,
2, ,60, ,
1, ,60, ,
3, ,59, ,
2, ,59, ,
1, ,60, ,
3, ,59, ,
2, ,60, ,
1, ,60, ,
3, ,60, ,
2, ,59, ,
2, ,60, ,
2, ,59, ,
2, ,60, ,
1, ,60, ,
3, ,59, ,
2, ,59, ,
1, ,60, ,
3, ,59, ,
2, ,60, ,
1, ,60, ,
3, ,59, ,
2, ,60, ,
1, ,60, ,
2, ,59, ,
2, ,60, ,
1, ,60, ,
3, ,60, ,
2, ,59, ,
1, ,60, ,
3, ,59, ,
2, ,59, ,
1, ,60, ,
3, ,60, ,
2, ,59, ,
1, ,60, ,
2, ,49, ,
2, ,27, ,
1, ,13, ,
3, ,1, ,
1, ,-8, ,
1, ,-15, ,
2, ,-19, ,
2, ,-23, ,
1, ,-26, ,
3, ,-28, ,
2, ,-30, ,
2, ,-31, ,
2, ,-32, ,
2, ,-33, ,
1, ,-33, ,
3, ,-33, ,
2, ,-33, ,
2, ,-34, ,
2, ,-34, ,
2, ,-34, ,
1, ,-34, ,
3, ,-34, ,
2, ,-34, ,
2, ,-34, ,
3, ,-34, ,
2, ,-34, ,
1, ,-34, ,
3, ,-34, ,
2, ,-34, ,
2, ,-34, ,
3, ,-34, ,
2, ,-34, ,
1, ,-34, ,
3, ,-34, ,
2, ,-34, ,
2, ,-34, ,
2, ,-34, ,
2, ,-34, ,
1, ,-34, ,
3, ,-34, ,
2, ,-34, ,
2, ,-33, ,
2, ,-34, ,
2, ,-33, ,
1, ,-33, ,
2, ,-34, ,
2, ,-33, ,
2, ,-34, ,
2, ,-33, ,
2, ,-33, ,
1, ,-34, ,
2, ,-33, ,
2, ,-34, ,
1, ,-34, ,
2, ,-34, ,
3, ,-33, ,
1, ,-34, ,
2, ,-34, ,
1, ,-33, ,
1, ,-33, ,
2, ,-33, ,
2, ,-33, ,
1, ,-34, ,
2, ,-33, ,
1, ,-34, ,
2, ,-33, ,
2, ,-33, ,
3, ,-33, ,
1, ,-33, ,
2, ,-34, ,
1, ,-34, ,
1, ,-34, ,
2, ,-33, ,
2, ,-33, ,
1, ,-34, ,
2, ,-33, ,
1, ,-33, ,
1, ,-33, ,
2, ,-34, ,
2, ,-33, ,
1, ,-33, ,
3, ,-33, ,
1, ,-33, ,
1, ,-34, ,
2, ,-33, ,
2, ,-33, ,
1, ,-33, ,
2, ,-33, ,
1, ,-33, ,
1, ,-33, ,
2, ,-34, ,
2, ,-33, ,
1, ,-33, ,
2, ,-34, ,
1, ,-33, ,
2, ,-33, ,
2, ,-33, ,
2, ,-33, ,
1, ,-34, ,
2, ,-33, ,
1, ,-33, ,
2, ,-33, ,
2, ,-34, ,
2, ,-33, ,
1, ,-33, ,
2, ,-34, ,
1, ,-33, ,
2, ,-33, ,
2, ,-33, ,
2, ,-33, ,
1, ,-33, ,
2, ,-33, ,
1, ,-33, ,
1, ,-33, ,
2, ,-34, ,
2, ,-33, ,
1, ,-33, ,
2, ,-33, ,
1, ,-33, ,
2, ,-33, ,
2, ,-33, ,
2, ,-33, ,
1, ,-34, ,
2, ,-33, ,
1, ,-33, ,
2, ,-33, ,
2, ,-33, ,
2, ,-33, ,
1, ,-33, ,
2, ,-33, ,
1, ,-33, ,
1, ,-34, ,
3, ,-33, ,
2, ,-33, ,
1, ,-33, ,
2, ,-33, ,
1, ,-33, ,
2, ,-33, ,
2, ,-34, ,
2, ,-33, ,
1, ,-33, ,
2, ,-33, ,
1, ,-33, ,
1, ,-34, ,
2, ,-33, ,
2, ,-33, ,
1, ,-33, ,
2, ,-34, ,
2, ,-33, ,
1, ,-33, ,
2, ,-33, ,
2, ,-33, ,
1, ,-33, ,
2, ,-34, ,
1, ,-33, ,
1, ,-33, ,
2, ,-33, ,
2, ,-33, ,
1, ,-33, ,
2, ,-33, ,
1, ,-33, ,
1, ,-33, ,
2, ,-33, ,
2, ,-33, ,
1, ,-33, ,
2, ,-34, ,
1, ,-33, ,
1, ,-33, ,
2, ,-33, ,
2, ,-33, ,
1, ,-33, ,
2, ,-33, ,
1, ,-33, ,
1, ,-33, ,
2, ,-34, ,
2, ,-33, ,
1, ,-33, ,
2, ,-33, ,
1, ,-33, ,
1, ,-33, ,
2, ,-33, ,
2, ,-33, ,
1, ,-33, ,
2, ,-33, ,
1, ,-33, ,
1, ,-33, ,
2, ,-33, ,
2, ,-33, ,
-1, ,-33, ,
2, ,-34, ,
1, ,-33, ,
1, ,-33, ,
2, ,-33, ,
2, ,-33, ,
1, ,-33, ,
2, ,-33, ,
1, ,-33, ,
1, ,-33, ,
2, ,-33, ,
1, ,-33, ,
1, ,-33, ,
2, ,-33, ,
1, ,-33, ,
1, ,-33, ,
2, ,-33, ,
1, ,-33, ,
1, ,-33, ,
2, ,-33, ,
1, ,-33, ,
1, ,-33, ,
2, ,-33, ,
2, ,-33, ,
1, ,-33, ,
2, ,-34, ,
1, ,-33, ,
1, ,-34, ,
2, ,-33, ,
2, ,-34, ,
1, ,-33, ,
2, ,-33, ,
1, ,-33, ,
1, ,-33, ,
2, ,-33, ,
1, ,-33, ,
1, ,-33, ,
2, ,-33, ,
1, ,-33, ,
1, ,-34, ,
2, ,-33, ,
1, ,-34, ,
1, ,-33, ,
2, ,-33, ,
1, ,-33, ,
1, ,-33, ,
2, ,-34, ,
2, ,-33, ,
1, ,-33, ,
2, ,-33, ,
1, ,-33, ,
1, ,-33, ,
2, ,-33, ,
2, ,-34, ,
1, ,-33, ,
2, ,-33, ,
1, ,-33, ,
1, ,-33, ,
2, ,-33, ,
2, ,-33, ,
1, ,-33, ,
2, ,-33, ,
1, ,-33, ,
1, ,-34, ,
2, ,-33, ,
2, ,-33, ,
1, ,-33, ,
2, ,-33, ,
1, ,-33, ,
1, ,-33, ,
2, ,-33, ,
2, ,-33, ,
1, ,-33, ,
2, ,-34, ,
1, ,-33, ,
1, ,-33, ,
2, ,-33, ,
2, ,-33, ,
1, ,-33, ,
2, ,-33, ,
1, ,-33, ,
1, ,-33, ,
2, ,-34, ,
2, ,-33, ,
1, ,-33, ,
1, ,-33, ,
1, ,-33, ,
1, ,-33, ,
2, ,-33, ,
2, ,-33, ,
1, ,-33, ,
2, ,-33, ,
57, ,-33, ,
41, ,-33, ,
26, ,-34, ,
17, ,-33, ,
10, ,-33, ,
8, ,-33, ,
6, ,-33, ,
5, ,-33, ,
5, ,-33, ,
5, ,-34, ,
3, ,-34, ,
5, ,-33, ,
2, ,-33, ,
2, ,-33, ,
3, ,-33, ,
3, ,-33, ,
2, ,-33, ,
3, ,-34, ,
2, ,-33, ,
2, ,-33, ,
3, ,-33, ,
3, ,-33, ,
2, ,-33, ,
3, ,-33, ,
2, ,-33, ,
2, ,-33, ,
2, ,-34, ,
3, ,-33, ,
1, ,-33, ,
3, ,-34, ,
2, ,-33, ,
2, ,-33, ,
2, ,-33, ,
3, ,-33, ,
1, ,-33, ,
3, ,-33, ,
2, ,-33, ,
2, ,-33, ,
2, ,-33, ,
3, ,-33, ,
1, ,-33, ,
2, ,-33, ,
2, ,-33, ,
1, ,-33, ,
2, ,-34, ,
2, ,-33, ,
2, ,-33, ,
3, ,-33, ,
2, ,-33, ,
2, ,-34, ,
2, ,-33, ,
3, ,-33, ,
1, ,-33, ,
3, ,-33, ,
2, ,-33, ,
2, ,-34, ,
2, ,-33, ,
3, ,-33, ,
1, ,-33, ,
2, ,-33, ,
2, ,-34, ,
2, ,-33, ,
2, ,-33, ,
2, ,-33, ,
2, ,-33, ,
2, ,-34, ,
2, ,-33, ,
2, ,-33, ,
2, ,-33, ,
2, ,-33, ,
2, ,-33, ,
2, ,-33, ,
2, ,-34, ,
2, ,-33, ,
2, ,-33, ,
2, ,-33, ,
1, ,-33, ,
2, ,-33, ,
2, ,-33, ,
1, ,-33, ,
2, ,-33, ,
3, ,-34, ,
1, ,-33, ,
2, ,-33, ,
1, ,-33, ,
2, ,-33, ,
2, ,-33, ,
2, ,-33, ,
1, ,-33, ,
2, ,-34, ,
2, ,-33, ,
2, ,-33, ,
2, ,-33, ,
2, ,-33, ,
1, ,-34, ,
2, ,-34, ,
2, ,-33, ,
2, ,-33, ,
2, ,-33, ,
3, ,-33, ,
1, ,-33, ,
2, ,-33, ,
2, ,-33, ,
2, ,-33, ,
2, ,-33, ,
2, ,-34, ,
1, ,-33, ,
2, ,-33, ,
1, ,-33, ,
2, ,-33, ,
2, ,-33, ,
2, ,-33, ,
1, ,-33, ,
2, ,-34, ,
2, ,-33, ,
2, ,-34, ,
2, ,-33, ,
2, ,-33, ,
1, ,-33, ,
2, ,-33, ,
1, ,-33, ,
2, ,-34, ,
2, ,-33, ,
2, ,-33, ,
1, ,-33, ,
2, ,-33, ,
2, ,-33, ,
2, ,-33, ,
2, ,-33, ,
3, ,-33, ,
1, ,-34, ,
2, ,-33, ,
2, ,-33, ,
2, ,-33, ,
2, ,-33, ,
2, ,-33, ,
1, ,-33, ,
2, ,-33, ,
2, ,-33, ,
2, ,-33, ,
2, ,-33, ,
2, ,-33, ,
1, ,-33, ,
2, ,-33, ,
1, ,-34, ,
2, ,-33, ,
2, ,-33, ,
2, ,-33, ,
1, ,-33, ,
2, ,-33, ,
2, ,-33, ,
2, ,-33, ,
2, ,-33, ,
2, ,-33, ,
1, ,-33, ,
2, ,-33, ,
1, ,-33, ,
1, ,-33, ,
2, ,-34, ,
2, ,-33, ,
1, ,-33, ,
2, ,-33, ,
2, ,-33, ,
2, ,-33, ,
2, ,-33, ,
2, ,-33, ,
1, ,-33, ,
2, ,-33, ,
2, ,-33, ,
1, ,-33, ,
2, ,-33, ,
2, ,-33, ,
1, ,-33, ,
2, ,-33, ,
1, ,-33, ,
1, ,-33, ,
2, ,-33, ,
2, ,-33, ,
1, ,-33, ,
2, ,-33, ,
1, ,-33, ,
1, ,-33, ,
2, ,-33, ,
2, ,-33, ,
1, ,-33, ,
2, ,-33, ,
2, ,-33, ,
2, ,-33, ,
2, ,-33, ,
2, ,-33, ,
1, ,-33, ,
2, ,-33, ,
1, ,-33, ,
1, ,-33, ,
2, ,-34, ,
2, ,-33, ,
1, ,-33, ,
2, ,-33, ,
1, ,-33, ,
1, ,-33, ,
2, ,-33, ,
2, ,-34, ,
1, ,-33, ,
2, ,-33, ,
1, ,-33, ,
1, ,-33, ,
2, ,-34, ,
2, ,-33, ,
1, ,-33, ,
2, ,-33, ,
1, ,-33, ,
1, ,-33, ,
2, ,-33, ,
2, ,-34, ,
1, ,-34, ,
2, ,-33, ,
1, ,-33, ,
1, ,-33, ,
2, ,-33, ,
2, ,-33, ,
1, ,-33, ,
2, ,-33, ,
1, ,-33, ,
1, ,-33, ,
2, ,-33, ,
2, ,-34, ,
1, ,-34, ,
2, ,-33, ,
1, ,-33, ,
1, ,-33, ,
2, ,-34, ,
2, ,-33, ,
1, ,-33, ,
2, ,-34, ,
1, ,-33, ,
1, ,-33, ,
2, ,-33, ,
2, ,-34, ,
1, ,-33, ,
2, ,-33, ,
1, ,-33, ,
1, ,-33, ,
2, ,-33, ,
2, ,-33, ,
1, ,-33, ,
2, ,-33, ,
1, ,-33, ,
2, ,-34, ,
2, ,-33, ,
2, ,-33, ,
1, ,-33, ,
2, ,-33, ,
1, ,-33, ,
1, ,-33, ,
2, ,-33, ,
2, ,-33, ,
1, ,-33, ,
2, ,-34, ,
1, ,-33, ,
1, ,-33, ,
2, ,-33, ,
2, ,-34, ,
1, ,-33, ,
2, ,-33, ,
1, ,-33, ,
1, ,-33, ,
2, ,-34, ,
2, ,-33, ,
1, ,-33, ,
2, ,-34, ,
1, ,-33, ,
1, ,-33, ,
2, ,-33, ,
2, ,-34, ,
1, ,-33, ,
2, ,-33, ,
1, ,-33, ,
1, ,-33, ,
2, ,-33, ,
2, ,-34, ,
1, ,-33, ,
2, ,-33, ,
1, ,-33, ,
1, ,-34, ,
2, ,-33, ,
1, ,-34, ,
1, ,-33, ,
2, ,-33, ,
1, ,-33, ,
1, ,-33, ,
2, ,-33, ,
1, ,-33, ,
1, ,-33, ,
2, ,-33, ,
1, ,-33, ,
1, ,-33, ,
2, ,-33, ,
2, ,-34, ,
1, ,-33, ,
2, ,-33, ,
1, ,-33, ,
1, ,-33, ,
2, ,-34, ,
1, ,-33, ,
1, ,-33, ,
2, ,-33, ,
1, ,-33, ,
1, ,-33, ,
2, ,-34, ,
1, ,-34, ,
1, ,-34, ,
2, ,-33, ,
1, ,-33, ,
1, ,-33, ,
2, ,-34, ,
2, ,-33, ,
1, ,-33, ,
2, ,-33, ,
1, ,-33, ,
1, ,-34, ,
2, ,-33, ,
1, ,-34, ,
1, ,-33, ,
2, ,-33, ,
1, ,-33, ,
1, ,-33, ,
2, ,-34, ,
1, ,-33, ,
1, ,-33, ,
2, ,-34, ,
1, ,-33, ,
1, ,-33, ,
2, ,-33, ,
1, ,-34, ,
1, ,-33, ,
2, ,-33, ,
1, ,-33, ,
1, ,-33, ,
2, ,-34, ,
1, ,-33, ,
1, ,-33, ,
2, ,-33, ,
1, ,-33, ,
1, ,-33, ,
2, ,-33, ,
1, ,-34, ,
1, ,-32, ,
2, ,-16, ,
1, ,3, ,
1, ,18, ,
2, ,28, ,
2, ,37, ,
1, ,42, ,
2, ,47, ,
1, ,51, ,
1, ,54, ,
1, ,55, ,
1, ,57, ,
1, ,57, ,
2, ,58, ,
1, ,59, ,
1, ,59, ,
2, ,59, ,
1, ,60, ,
1, ,60, ,
2, ,60, ,
1, ,60, ,
1, ,61, ,
2, ,60, ,
1, ,60, ,
1, ,60, ,
2, ,60, ,
1, ,60, ,
1, ,61, ,
2, ,60, ,
1, ,60, ,
-1, ,60, ,
2, ,60, ,
1, ,60, ,
1, ,60, ,
1, ,60, ,
1, ,60, ,
1, ,61, ,
2, ,59, ,
1, ,60, ,
1, ,61, ,
2, ,59, ,
2, ,60, ,
-1, ,60, ,
2, ,60, ,
1, ,60, ,
1, ,60, ,
2, ,59, ,
1, ,60, ,
1, ,60, ,
2, ,59, ,
1, ,60, ,
1, ,60, ,
2, ,59, ,
1, ,60, ,
-1, ,60, ,
2, ,59, ,
1, ,59, ,
1, ,60, ,
1, ,59, ,
1, ,60, ,
-1, ,60, ,
2, ,59, ,
1, ,59, ,
1, ,60, ,
1, ,59, ,
1, ,59, ,
-1, ,60, ,
2, ,60, ,
1, ,60, ,
1, ,60, ,
1, ,59, ,
1, ,60, ,
-1, ,60, ,
2, ,59, ,
1, ,59, ,
1, ,60, ,
2, ,59, ,
1, ,60, ,
-1, ,60, ,
2, ,59, ,
1, ,60, ,
1, ,60, ,
1, ,59, ,
66, ,60, ,
41, ,60, ,
27, ,59, ,
16, ,59, ,
11, ,60, ,
8, ,59, ,
6, ,59, ,
3, ,60, ,
5, ,60, ,
2, ,60, ,
2, ,60, ,
2, ,59, ,
2, ,60, ,
1, ,60, ,
3, ,59, ,
1, ,59, ,
1, ,60, ,
2, ,59, ,
3, ,60, ,
2, ,60, ,
3, ,59, ,
2, ,59, ,
2, ,60, ,
3, ,60, ,
2, ,60, ,
1, ,60, ,
3, ,60, ,
2, ,60, ,
2, ,60, ,
2, ,59, ,
2, ,60, ,
2, ,60, ,
3, ,60, ,
2, ,59, ,
1, ,60, ,
2, ,59, ,
2, ,60, ,
1, ,60, ,
3, ,59, ,
2, ,60, ,
2, ,60, ,
2, ,59, ,
2, ,59, ,
1, ,60, ,
3, ,60, ,
2, ,60, ,
2, ,60, ,
2, ,60, ,
2, ,60, ,
1, ,60, ,
3, ,60, ,
2, ,60, ,
2, ,60, ,
2, ,59, ,
2, ,60, ,
1, ,60, ,
3, ,60, ,
2, ,59, ,
2, ,60, ,
3, ,59, ,
2, ,60, ,
1, ,60, ,
3, ,59, ,
2, ,59, ,
2, ,60, ,
2, ,59, ,
2, ,60, ,
1, ,60, ,
3, ,59, ,
2, ,59, ,
1, ,60, ,
2, ,59, ,
2, ,53, ,
1, ,33, ,
2, ,16, ,
1, ,3, ,
1, ,-6, ,
2, ,-14, ,
2, ,-18, ,
1, ,-22, ,
3, ,-25, ,
1, ,-27, ,
2, ,-30, ,
2, ,-31, ,
2, ,-32, ,
1, ,-32, ,
2, ,-33, ,
2, ,-33, ,
2, ,-33, ,
3, ,-34, ,
2, ,-34, ,
2, ,-34, ,
3, ,-34, ,
2, ,-34, ,
16, ,-34, ,
17, ,-34, ,
13, ,-34, ,
10, ,-34, ,
7, ,-34, ,
6, ,-34, ,
3, ,-34, ,
5, ,-34, ,
2, ,-34, ,
2, ,-34, ,
3, ,-34, ,
2, ,-34, ,
2, ,-34, ,
3, ,-33, ,
3, ,-34, ,
1, ,-34, ,
3, ,-34, ,
2, ,-34, ,
2, ,-34, ,
3, ,-34, ,
2, ,-34, ,
1, ,-34, ,
3, ,-34, ,
2, ,-33, ,
2, ,-34, ,
2, ,-34, ,
3, ,-34, ,
1, ,-33, ,
3, ,-33, ,
2, ,-34, ,
2, ,-34, ,
2, ,-34, ,
3, ,-33, ,
1, ,-34, ,
3, ,-34, ,
2, ,-34, ,
2, ,-34, ,
2, ,-33, ,
3, ,-33, ,
2, ,-34, ,
3, ,-33, ,
2, ,-34, ,
2, ,-34, ,
3, ,-34, ,
3, ,-33, ,
1, ,-33, ,
3, ,-34, ,
2, ,-33, ,
2, ,-33, ,
2, ,-33, ,
2, ,-33, ,
2, ,-33, ,
2, ,-33, ,
2, ,-33, ,
2, ,-33, ,
2, ,-34, ,
3, ,-33, ,
1, ,-33, ,
2, ,-34, ,
2, ,-33, ,
2, ,-34, ,
2, ,-33, ,
2, ,-33, ,
1, ,-34, ,
3, ,-33, ,
2, ,-34, ,
2, ,-33, ,
2, ,-34, ,
2, ,-33, ,
1, ,-33, ,
3, ,-33, ,
2, ,-33, ,
2, ,-33, ,
2, ,-33, ,
2, ,-33, ,
1, ,-33, ,
2, ,-33, ,
2, ,-33, ,
2, ,-33, ,
2, ,-34, ,
3, ,-33, ,
1, ,-33, ,
2, ,-34, ,
2, ,-33, ,
2, ,-33, ,
2, ,-33, ,
2, ,-33, ,
1, ,-33, ,
2, ,-33, ,
2, ,-34, ,
1, ,-33, ,
2, ,-33, ,
2, ,-33, ,
1, ,-33, ,
2, ,-33, ,
2, ,-33, ,
1, ,-33, ,
2, ,-33, ,
2, ,-33, ,
1, ,-33, ,
2, ,-33, ,
2, ,-33, ,
1, ,-33, ,
2, ,-34, ,
2, ,-33, ,
1, ,-33, ,
2, ,-33, ,
2, ,-33, ,
1, ,-33, ,
3, ,-33, ,
2, ,-33, ,
1, ,-33, ,
2, ,-33, ,
1, ,-33, ,
2, ,-33, ,
2, ,-33, ,
3, ,-33, ,
1, ,-33, ,
2, ,-33, ,
2, ,-33, ,
1, ,-33, ,
2, ,-33, ,
2, ,-33, ,
1, ,-33, ,
3, ,-33, ,
2, ,-33, ,
2, ,-33, ,
2, ,-34, ,
2, ,-33, ,
1, ,-33, ,
2, ,-34, ,
2, ,-33, ,
2, ,-33, ,
2, ,-33, ,
2, ,-34, ,
1, ,-33, ,
2, ,-33, ,
2, ,-33, ,
2, ,-33, ,
2, ,-33, ,
2, ,-33, ,
1, ,-33, ,
2, ,-34, ,
2, ,-33, ,
2, ,-33, ,
2, ,-33, ,
2, ,-33, ,
1, ,-33, ,
3, ,-33, ,
2, ,-33, ,
1, ,-33, ,
2, ,-34, ,
2, ,-33, ,
1, ,-33, ,
2, ,-33, ,
2, ,-33, ,
2, ,-33, ,
3, ,-33, ,
2, ,-34, ,
1, ,-33, ,
2, ,-33, ,
2, ,-33, ,
1, ,-33, ,
2, ,-33, ,
2, ,-33, ,
1, ,-33, ,
2, ,-33, ,
2, ,-33, ,
1, ,-33, ,
2, ,-34, ,
2, ,-33, ,
1, ,-33, ,
2, ,-33, ,
1, ,-33, ,
1, ,-33, ,
2, ,-33, ,
2, ,-33, ,
1, ,-33, ,
2, ,-33, ,
1, ,-33, ,
2, ,-33, ,
2, ,-33, ,
2, ,-33, ,
1, ,-33, ,
2, ,-33, ,
1, ,-33, ,
1, ,-33, ,
2, ,-33, ,
2, ,-33, ,
1, ,-33, ,
2, ,-33, ,
1, ,-33, ,
1, ,-33, ,
2, ,-33, ,
2, ,-34, ,
1, ,-33, ,
2, ,-33, ,
1, ,-33, ,
1, ,-33, ,
2, ,-34, ,
2, ,-33, ,
1, ,-33, ,
2, ,-33, ,
1, ,-33, ,
1, ,-33, ,
2, ,-33, ,
2, ,-33, ,
1, ,-33, ,
2, ,-33, ,
1, ,-33, ,
1, ,-33, ,
2, ,-33, ,
2, ,-33, ,
1, ,-33, ,
2, ,-33, ,
1, ,-33, ,
1, ,-33, ,
2, ,-33, ,
2, ,-34, ,
1, ,-33, ,
2, ,-33, ,
1, ,-33, ,
1, ,-33, ,
2, ,-33, ,
2, ,-33, ,
1, ,-33, ,
2, ,-33, ,
1, ,-33, ,
1, ,-33, ,
2, ,-33, ,
2, ,-33, ,
1, ,-33, ,
2, ,-33, ,
1, ,-33, ,
1, ,-33, ,
2, ,-33, ,
1, ,-33, ,
1, ,-33, ,
2, ,-33, ,
1, ,-33, ,
1, ,-33, ,
2, ,-33, ,
2, ,-33, ,
1, ,-33, ,
2, ,-33, ,
1, ,-33, ,
2, ,-33, ,
2, ,-33, ,
2, ,-33, ,
1, ,-33, ,
2, ,-34, ,
1, ,-33, ,
1, ,-33, ,
2, ,-33, ,
2, ,-33, ,
1, ,-34, ,
2, ,-33, ,
1, ,-33, ,
1, ,-33, ,
2, ,-34, ,
2, ,-33, ,
1, ,-33, ,
2, ,-34, ,
1, ,-33, ,
1, ,-33, ,
2, ,-33, ,
2, ,-33, ,
1, ,-33, ,
2, ,-33, ,
1, ,-33, ,
1, ,-33, ,
2, ,-34, ,
2, ,-33, ,
1, ,-33, ,
2, ,-33, ,
1, ,-33, ,
1, ,-33, ,
2, ,-33, ,
2, ,-33, ,
1, ,-33, ,
2, ,-33, ,
1, ,-33, ,
1, ,-33, ,
2, ,-33, ,
2, ,-33, ,
1, ,-33, ,
2, ,-33, ,
1, ,-33, ,
1, ,-33, ,
2, ,-33, ,
2, ,-33, ,
1, ,-34, ,
2, ,-33, ,
1, ,-33, ,
1, ,-33, ,
2, ,-34, ,
2, ,-33, ,
1, ,-33, ,
2, ,-33, ,
1, ,-33, ,
1, ,-34, ,
2, ,-33, ,
2, ,-33, ,
1, ,-33, ,
2, ,-33, ,
1, ,-33, ,
1, ,-33, ,
2, ,-33, ,
2, ,-33, ,
1, ,-33, ,
2, ,-34, ,
1, ,-33, ,
1, ,-33, ,
2, ,-33, ,
2, ,-33, ,
-1, ,-33, ,
2, ,-33, ,
1, ,-33, ,
1, ,-33, ,
2, ,-33, ,
2, ,-33, ,
1, ,-33, ,
2, ,-33, ,
1, ,-33, ,
1, ,-33, ,
2, ,-33, ,
1, ,-33, ,
1, ,-33, ,
2, ,-33, ,
1, ,-33, ,
1, ,-33, ,
2, ,-33, ,
1, ,-33, ,
-1, ,-33, ,
1, ,-33, ,
1, ,-33, ,
1, ,-33, ,
1, ,-33, ,
1, ,-33, ,
1, ,-33, ,
2, ,-33, ,
1, ,-33, ,
1, ,-33, ,
2, ,-34, ,
2, ,-33, ,
-1, ,-33, ,
2, ,-33, ,
1, ,-33, ,
1, ,-33, ,
2, ,-33, ,
2, ,-33, ,
1, ,-33, ,
2, ,-33, ,
1, ,-33, ,
1, ,-33, ,
2, ,-34, ,
1, ,-33, ,
-1, ,-33, ,
2, ,-33, ,
1, ,-33, ,
1, ,-33, ,
1, ,-33, ,
1, ,-33, ,
1, ,-33, ,
2, ,-33, ,
1, ,-34, ,
1, ,-33, ,
1, ,-33, ,
1, ,-33, ,
-1, ,-33, ,
2, ,-33, ,
1, ,-33, ,
1, ,-33, ,
1, ,-33, ,
1, ,-34, ,
-1, ,-33, ,
2, ,-33, ,
1, ,-33, ,
1, ,-33, ,
2, ,-33, ,
2, ,-33, ,
-1, ,-33, ,
2, ,-33, ,
1, ,-33, ,
1, ,-33, ,
1, ,-33, ,
1, ,-33, ,
1, ,-33, ,
2, ,-33, ,
1, ,-34, ,
1, ,-33, ,
2, ,-33, ,
2, ,-33, ,
-1, ,-33, ,
2, ,-33, ,
1, ,-33, ,
1, ,-33, ,
2, ,-33, ,
2, ,-33, ,
-1, ,-33, ,
2, ,-33, ,
1, ,-33, ,
1, ,-33, ,
2, ,-33, ,
2, ,-33, ,
-1, ,-33, ,
2, ,-33, ,
1, ,-33, ,
1, ,-33, ,
2, ,-33, ,
2, ,-33, ,
-1, ,-33, ,
2, ,-33, ,
1, ,-33, ,
1, ,-33, ,
2, ,-34, ,
2, ,-33, ,
-1, ,-33, ,
2, ,-33, ,
1, ,-33, ,
1, ,-33, ,
2, ,-33, ,
1, ,-34, ,
-1, ,-33, ,
2, ,-33, ,
1, ,-33, ,
1, ,-33, ,
2, ,-34, ,
1, ,-33, ,
-1, ,-33, ,
2, ,-33, ,
1, ,-33, ,
1, ,-33, ,
1, ,-33, ,
1, ,-34, ,
-1, ,-33, ,
2, ,-33, ,
1, ,-33, ,
1, ,-33, ,
2, ,-34, ,
2, ,-33, ,
-1, ,-33, ,
2, ,-33, ,
1, ,-33, ,
1, ,-33, ,
2, ,-33, ,
1, ,-34, ,
-1, ,-33, ,
2, ,-33, ,
1, ,-33, ,
1, ,-33, ,
2, ,-34, ,
1, ,-33, ,
-1, ,-33, ,
1, ,-33, ,
1, ,-33, ,
1, ,-33, ,
2, ,-33, ,
1, ,-33, ,
-1, ,-33, ,
2, ,-33, ,
1, ,-34, ,
1, ,-33, ,
2, ,-33, ,
2, ,-33, ,
-1, ,-33, ,
2, ,-34, ,
1, ,-33, ,
-1, ,-33, ,
2, ,-33, ,
1, ,-34, ,
-1, ,-33, ,
2, ,-33, ,
1, ,-33, ,
1, ,-33, ,
1, ,-34, ,
1, ,-33, ,
-1, ,-33, ,
2, ,-33, ,
1, ,-33, ,
1, ,-33, ,
1, ,-33, ,
1, ,-33, ,
-1, ,-33, ,
2, ,-33, ,
1, ,-33, ,
1, ,-33, ,
1, ,-33, ,
1, ,-33, ,
-1, ,-33, ,
2, ,-34, ,
1, ,-33, ,
1, ,-33, ,
1, ,-33, ,
1, ,-33, ,
-1, ,-33, ,
2, ,-33, ,
1, ,-33, ,
1, ,-33, ,
1, ,-33, ,
1, ,-33, ,
-1, ,-33, ,
2, ,-34, ,
1, ,-33, ,
1, ,-34, ,
1, ,-33, ,
1, ,-33, ,
-1, ,-34, ,
2, ,-33, ,
1, ,-33, ,
1, ,-33, ,
2, ,-34, ,
2, ,-33, ,
-1, ,-33, ,
2, ,-34, ,
1, ,-33, ,
1, ,-33, ,
1, ,-33, ,
2, ,-33, ,
-1, ,-33, ,
2, ,-33, ,
1, ,-33, ,
1, ,-33, ,
1, ,-33, ,
1, ,-33, ,
-1, ,-33, ,
2, ,-33, ,
1, ,-33, ,
1, ,-34, ,
1, ,-33, ,
1, ,-33, ,
-1, ,-33, ,
2, ,-33, ,
1, ,-33, ,
1, ,-33, ,
1, ,-34, ,
2, ,-33, ,
-1, ,-33, ,
2, ,-34, ,
1, ,-33, ,
1, ,-33, ,
1, ,-33, ,
1, ,-33, ,
-1, ,-33, ,
2, ,-33, ,
1, ,-33, ,
1, ,-33, ,
1, ,-33, ,
1, ,-33, ,
-1, ,-33, ,
2, ,-33, ,
1, ,-33, ,
1, ,-33, ,
1, ,-33, ,
1, ,-34, ,
-1, ,-33, ,
2, ,-34, ,
1, ,-33, ,
1, ,-33, ,
1, ,-34, ,
2, ,-33, ,
-1, ,-33, ,
2, ,-34, ,
1, ,-33, ,
1, ,-33, ,
1, ,-33, ,
1, ,-34, ,
-1, ,-33, ,
2, ,-33, ,
1, ,-33, ,
1, ,-33, ,
1, ,-33, ,
2, ,-33, ,
-1, ,-33, ,
2, ,-33, ,
1, ,-33, ,
1, ,-34, ,
1, ,-33, ,
1, ,-34, ,
-1, ,-33, ,
2, ,-33, ,
-1, ,-33, ,
1, ,-33, ,
2, ,-33, ,
2, ,-33, ,
-1, ,-33, ,
1, ,-34, ,
1, ,-33, ,
1, ,-33, ,
1, ,-33, ,
1, ,-34, ,
-1, ,-33, ,
2, ,-33, ,
1, ,-33, ,
1, ,-33, ,
1, ,-33, ,
1, ,-33, ,
-1, ,-33, ,
2, ,-33, ,
1, ,-33, ,
1, ,-33, ,
1, ,-33, ,
1, ,-33, ,
-1, ,-33, ,
2, ,-33, ,
1, ,-22, ,
1, ,-2, ,
2, ,14, ,
1, ,26, ,
-1, ,35, ,
2, ,41, ,
1, ,46, ,
1, ,51, ,
2, ,52, ,
1, ,55, ,
-1, ,56, ,
2, ,57, ,
1, ,58, ,
1, ,59, ,
2, ,59, ,
1, ,59, ,
-1, ,60, ,
1, ,60, ,
1, ,60, ,
1, ,60, ,
1, ,60, ,
1, ,60, ,
-1, ,60, ,
2, ,60, ,
-1, ,60, ,
1, ,61, ,
1, ,60, ,
1, ,60, ,
-1, ,60, ,
2, ,60, ,
1, ,60, ,
-1, ,60, ,
1, ,60, ,
1, ,60, ,
-1, ,60, ,
2, ,60, ,
8, ,60, ,
63, ,60, ,
40, ,60, ,
26, ,60, ,
16, ,60, ,
12, ,60, ,
7, ,59, ,
5, ,60, ,
5, ,59, ,
3, ,60, ,
2, ,60, ,
3, ,60, ,
2, ,60, ,
2, ,60, ,
3, ,59, ,
2, ,59, ,
2, ,60, ,
3, ,60, ,
2, ,59, ,
2, ,60, ,
3, ,60, ,
2, ,60, ,
1, ,60, ,
3, ,60, ,
2, ,59, ,
2, ,60, ,
3, ,59, ,
2, ,60, ,
2, ,60, ,
3, ,60, ,
2, ,60, ,
2, ,60, ,
3, ,59, ,
2, ,60, ,
1, ,60, ,
3, ,60, ,
2, ,59, ,
2, ,60, ,
3, ,59, ,
2, ,60, ,
1, ,60, ,
3, ,60, ,
2, ,59, ,
2, ,60, ,
3, ,59, ,
2, ,60, ,
1, ,59, ,
3, ,60, ,
2, ,59, ,
1, ,60, ,
3, ,59, ,
2, ,59, ,
1, ,60, ,
2, ,60, ,
2, ,60, ,
2, ,60, ,
2, ,59, ,
2, ,60, ,
1, ,60, ,
3, ,60, ,
2, ,60, ,
8, ,60, ,
13, ,60, ,
11, ,60, ,
7, ,60, ,
7, ,60, ,
5, ,60, ,
3, ,60, ,
3, ,59, ,
2, ,60, ,
2, ,60, ,
3, ,60, ,
1, ,59, ,
2, ,60, ,
3, ,59, ,
2, ,60, ,
1, ,60, ,
3, ,59, ,
2, ,59, ,
2, ,60, ,
3, ,59, ,
2, ,60, ,
2, ,60, ,
3, ,59, ,
2, ,60, ,
2, ,60, ,
3, ,59, ,
2, ,60, ,
1, ,60, ,
3, ,60, ,
2, ,60, ,
2, ,60, ,
3, ,59, ,
2, ,60, ,
1, ,60, ,
3, ,59, ,
2, ,59, ,
2, ,60, ,
2, ,59, ,
2, ,60, ,
1, ,60, ,
3, ,60, ,
2, ,60, ,
1, ,60, ,
3, ,59, ,
2, ,60, ,
2, ,60, ,
3, ,60, ,
1, ,59, ,
1, ,60, ,
3, ,59, ,
2, ,60, ,
1, ,60, ,
3, ,59, ,
2, ,60, ,
2, ,60, ,
3, ,59, ,
2, ,60, ,
1, ,56, ,
2, ,38, ,
1, ,20, ,
1, ,5, ,
2, ,-4, ,
2, ,-12, ,
1, ,-17, ,
3, ,-22, ,
2, ,-24, ,
2, ,-27, ,
2, ,-28, ,
2, ,-30, ,
1, ,-32, ,
2, ,-32, ,
1, ,-33, ,
2, ,-33, ,
2, ,-33, ,
2, ,-33, ,
1, ,-34, ,
3, ,-34, ,
2, ,-34, ,
2, ,-34, ,
2, ,-34, ,
2, ,-34, ,
1, ,-34, ,
3, ,-34, ,
2, ,-34, ,
2, ,-34, ,
3, ,-34, ,
2, ,-34, ,
1, ,-34, ,
2, ,-34, ,
2, ,-34, ,
2, ,-34, ,
3, ,-34, ,
2, ,-33, ,
2, ,-34, ,
2, ,-34, ,
2, ,-34, ,
2, ,-34, ,
2, ,-34, ,
2, ,-34, ,
1, ,-34, ,
2, ,-34, ,
2, ,-33, ,
2, ,-34, ,
2, ,-33, ,
2, ,-33, ,
1, ,-33, ,
2, ,-33, ,
1, ,-34, ,
1, ,-34, ,
2, ,-34, ,
2, ,-33, ,
1, ,-33, ,
3, ,-34, ,
2, ,-33, ,
2, ,-34, ,
2, ,-33, ,
2, ,-33, ,
1, ,-33, ,
2, ,-33, ,
2, ,-33, ,
1, ,-34, ,
2, ,-34, ,
3, ,-33, ,
1, ,-33, ,
2, ,-34, ,
2, ,-33, ,
2, ,-33, ,
2, ,-33, ,
2, ,-34, ,
1, ,-33, ,
2, ,-33, ,
2, ,-33, ,
1, ,-33, ,
3, ,-34, ,
2, ,-34, ,
1, ,-34, ,
2, ,-34, ,
2, ,-33, ,
1, ,-33, ,
2, ,-33, ,
2, ,-33, ,
1, ,-33, ,
2, ,-33, ,
1, ,-33, ,
1, ,-34, ,
2, ,-33, ,
3, ,-33, ,
1, ,-33, ,
2, ,-34, ,
1, ,-33, ,
1, ,-33, ,
2, ,-33, ,
2, ,-33, ,
1, ,-33, ,
2, ,-33, ,
1, ,-33, ,
2, ,-33, ,
2, ,-34, ,
2, ,-33, ,
1, ,-33, ,
2, ,-34, ,
1, ,-33, ,
1, ,-33, ,
2, ,-33, ,
2, ,-33, ,
1, ,-33, ,
2, ,-33, ,
1, ,-33, ,
1, ,-33, ,
2, ,-33, ,
3, ,-33, ,
1, ,-33, ,
2, ,-34, ,
1, ,-33, ,
2, ,-33, ,
2, ,-33, ,
2, ,-33, ,
1, ,-33, ,
2, ,-33, ,
1, ,-33, ,
2, ,-33, ,
2, ,-33, ,
2, ,-33, ,
1, ,-33, ,
2, ,-33, ,
1, ,-33, ,
2, ,-33, ,
2, ,-33, ,
2, ,-33, ,
1, ,-33, ,
2, ,-33, ,
1, ,-33, ,
2, ,-33, ,
2, ,-33, ,
2, ,-33, ,
1, ,-33, ,
2, ,-33, ,
1, ,-33, ,
2, ,-33, ,
2, ,-33, ,
2, ,-33, ,
1, ,-33, ,
2, ,-33, ,
1, ,-33, ,
1, ,-33, ,
2, ,-34, ,
2, ,-33, ,
1, ,-33, ,
2, ,-34, ,
2, ,-33, ,
2, ,-33, ,
2, ,-33, ,
2, ,-33, ,
1, ,-33, ,
2, ,-33, ,
1, ,-33, ,
1, ,-33, ,
2, ,-33, ,
2, ,-33, ,
1, ,-33, ,
2, ,-33, ,
1, ,-33, ,
2, ,-33, ,
2, ,-33, ,
2, ,-33, ,
1, ,-33, ,
2, ,-33, ,
1, ,-33, ,
1, ,-33, ,
2, ,-34, ,
2, ,-33, ,
1, ,-33, ,
2, ,-33, ,
1, ,-33, ,
1, ,-33, ,
2, ,-33, ,
2, ,-33, ,
1, ,-33, ,
2, ,-33, ,
1, ,-33, ,
1, ,-33, ,
2, ,-34, ,
2, ,-33, ,
1, ,-33, ,
2, ,-33, ,
1, ,-33, ,
1, ,-33, ,
2, ,-33, ,
2, ,-33, ,
1, ,-33, ,
2, ,-33, ,
1, ,-33, ,
2, ,-33, ,
2, ,-33, ,
2, ,-33, ,
1, ,-33, ,
2, ,-33, ,
1, ,-33, ,
2, ,-33, ,
2, ,-33, ,
2, ,-33, ,
1, ,-33, ,
2, ,-33, ,
1, ,-33, ,
1, ,-33, ,
2, ,-33, ,
2, ,-33, ,
1, ,-33, ,
2, ,-33, ,
1, ,-33, ,
1, ,-33, ,
2, ,-33, ,
2, ,-33, ,
1, ,-33, ,
2, ,-33, ,
1, ,-33, ,
1, ,-33, ,
2, ,-33, ,
1, ,-33, ,
-1, ,-33, ,
2, ,-33, ,
1, ,-33, ,
1, ,-33, ,
2, ,-33, ,
2, ,-34, ,
1, ,-33, ,
2, ,-33, ,
1, ,-33, ,
1, ,-33, ,
2, ,-33, ,
2, ,-33, ,
1, ,-33, ,
2, ,-34, ,
1, ,-33, ,
1, ,-33, ,
2, ,-33, ,
2, ,-34, ,
1, ,-33, ,
2, ,-33, ,
1, ,-33, ,
1, ,-33, ,
2, ,-34, ,
2, ,-33, ,
-1, ,-33, ,
2, ,-34, ,
1, ,-33, ,
1, ,-33, ,
2, ,-33, ,
2, ,-34, ,
1, ,-33, ,
2, ,-33, ,
1, ,-33, ,
1, ,-33, ,
2, ,-33, ,
2, ,-33, ,
-1, ,-33, ,
2, ,-33, ,
1, ,-33, ,
1, ,-33, ,
2, ,-33, ,
1, ,-33, ,
1, ,-33, ,
2, ,-33, ,
1, ,-33, ,
1, ,-33, ,
2, ,-33, ,
2, ,-33, ,
1, ,-33, ,
2, ,-34, ,
1, ,-33, ,
1, ,-34, ,
2, ,-33, ,
1, ,-33, ,
1, ,-33, ,
2, ,-33, ,
1, ,-33, ,
1, ,-33, ,
2, ,-34, ,
1, ,-34, ,
1, ,-33, ,
2, ,-33, ,
1, ,-33, ,
1, ,-33, ,
2, ,-33, ,
2, ,-33, ,
1, ,-33, ,
2, ,-33, ,
1, ,-33, ,
1, ,-33, ,
2, ,-33, ,
2, ,-33, ,
1, ,-33, ,
2, ,-33, ,
1, ,-33, ,
1, ,-34, ,
2, ,-33, ,
2, ,-33, ,
1, ,-33, ,
2, ,-33, ,
1, ,-33, ,
1, ,-33, ,
2, ,-33, ,
2, ,-33, ,
1, ,-33, ,
2, ,-33, ,
1, ,-33, ,
1, ,-33, ,
2, ,-33, ,
2, ,-34, ,
1, ,-34, ,
2, ,-33, ,
1, ,-33, ,
1, ,-34, ,
2, ,-33, ,
2, ,-33, ,
1, ,-33, ,
2, ,-33, ,
1, ,-33, ,
1, ,-33, ,
2, ,-33, ,
1, ,-34, ,
1, ,-33, ,
2, ,-33, ,
1, ,-33, ,
1, ,-33, ,
2, ,-34, ,
2, ,-33, ,
1, ,-33, ,
2, ,-33, ,
1, ,-33, ,
1, ,-33, ,
2, ,-33, ,
1, ,-33, ,
1, ,-33, ,
1, ,-33, ,
1, ,-33, ,
1, ,-33, ,
2, ,-34, ,
1, ,-33, ,
15, ,-33, ,
52, ,-33, ,
32, ,-33, ,
21, ,-33, ,
13, ,-33, ,
10, ,-33, ,
6, ,-34, ,
6, ,-33, ,
3, ,-33, ,
3, ,-33, ,
5, ,-34, ,
3, ,-33, ,
3, ,-33, ,
5, ,-34, ,
2, ,-33, ,
3, ,-33, ,
3, ,-33, ,
2, ,-33, ,
2, ,-33, ,
3, ,-33, ,
2, ,-33, ,
2, ,-33, ,
3, ,-33, ,
2, ,-33, ,
1, ,-33, ,
3, ,-33, ,
2, ,-33, ,
2, ,-33, ,
3, ,-33, ,
3, ,-34, ,
2, ,-33, ,
3, ,-33, ,
2, ,-33, ,
2, ,-33, ,
2, ,-34, ,
3, ,-33, ,
1, ,-33, ,
3, ,-33, ,
2, ,-33, ,
2, ,-33, ,
2, ,-33, ,
3, ,-33, ,
1, ,-33, ,
3, ,-33, ,
2, ,-33, ,
2, ,-33, ,
2, ,-33, ,
2, ,-33, ,
1, ,-33, ,
3, ,-33, ,
2, ,-33, ,
2, ,-33, ,
2, ,-33, ,
3, ,-33, ,
2, ,-33, ,
2, ,-33, ,
2, ,-33, ,
2, ,-33, ,
2, ,-34, ,
3, ,-33, ,
2, ,-33, ,
3, ,-34, ,
2, ,-33, ,
2, ,-33, ,
2, ,-33, ,
3, ,-34, ,
2, ,-33, ,
3, ,-33, ,
2, ,-33, ,
2, ,-33, ,
2, ,-34, ,
3, ,-33, ,
2, ,-33, ,
3, ,-33, ,
2, ,-33, ,
2, ,-33, ,
2, ,-33, ,
3, ,-33, ,
1, ,-33, ,
3, ,-33, ,
2, ,-33, ,
2, ,-33, ,
2, ,-33, ,
3, ,-33, ,
1, ,-33, ,
2, ,-34, ,
2, ,-33, ,
2, ,-33, ,
2, ,-34, ,
3, ,-34, ,
2, ,-33, ,
3, ,-33, ,
2, ,-33, ,
2, ,-33, ,
2, ,-34, ,
3, ,-33, ,
1, ,-33, ,
3, ,-34, ,
2, ,-33, ,
2, ,-34, ,
2, ,-33, ,
3, ,-33, ,
1, ,-33, ,
2, ,-33, ,
2, ,-33, ,
2, ,-33, ,
2, ,-34, ,
3, ,-33, ,
1, ,-33, ,
2, ,-33, ,
2, ,-33, ,
1, ,-34, ,
2, ,-33, ,
3, ,-33, ,
1, ,-33, ,
2, ,-34, ,
2, ,-33, ,
2, ,-33, ,
2, ,-34, ,
2, ,-33, ,
1, ,-33, ,
2, ,-34, ,
2, ,-33, ,
1, ,-34, ,
2, ,-33, ,
2, ,-33, ,
1, ,-34, ,
2, ,-33, ,
1, ,-33, ,
1, ,-33, ,
2, ,-34, ,
2, ,-33, ,
1, ,-33, ,
2, ,-33, ,
2, ,-33, ,
2, ,-33, ,
2, ,-34, ,
2, ,-33, ,
1, ,-34, ,
2, ,-33, ,
1, ,-34, ,
1, ,-33, ,
2, ,-34, ,
2, ,-33, ,
1, ,-33, ,
2, ,-34, ,
2, ,-33, ,
2, ,-34, ,
2, ,-33, ,
2, ,-34, ,
1, ,-33, ,
2, ,-33, ,
1, ,-33, ,
1, ,-34, ,
2, ,-34, ,
2, ,-33, ,
1, ,-33, ,
2, ,-33, ,
2, ,-33, ,
2, ,-33, ,
2, ,-33, ,
2, ,-33, ,
1, ,-33, ,
2, ,-33, ,
1, ,-33, ,
2, ,-33, ,
26, ,-34, ,
25, ,-33, ,
16, ,-33, ,
12, ,-33, ,
8, ,-33, ,
6, ,-33, ,
6, ,-34, ,
5, ,-33, ,
3, ,-33, ,
5, ,-33, ,
3, ,-33, ,
2, ,-33, ,
3, ,-33, ,
3, ,-33, ,
2, ,-33, ,
3, ,-33, ,
2, ,-33, ,
2, ,-33, ,
2, ,-34, ,
3, ,-34, ,
1, ,-33, ,
3, ,-33, ,
2, ,-33, ,
2, ,-33, ,
2, ,-34, ,
3, ,-33, ,
2, ,-34, ,
3, ,-33, ,
2, ,-33, ,
2, ,-33, ,
3, ,-34, ,
3, ,-34, ,
2, ,-33, ,
3, ,-33, ,
2, ,-33, ,
2, ,-34, ,
3, ,-34, ,
3, ,-33, ,
1, ,-33, ,
3, ,-33, ,
2, ,-33, ,
2, ,-34, ,
2, ,-33, ,
2, ,-33, ,
2, ,-33, ,
3, ,-33, ,
2, ,-33, ,
2, ,-33, ,
2, ,-34, ,
3, ,-33, ,
1, ,-33, ,
3, ,-33, ,
2, ,-33, ,
2, ,-33, ,
3, ,-33, ,
3, ,-34, ,
2, ,-33, ,
2, ,-33, ,
2, ,-33, ,
2, ,-33, ,
3, ,-34, ,
3, ,-33, ,
2, ,-33, ,
3, ,-33, ,
2, ,-33, ,
2, ,-33, ,
2, ,-34, ,
3, ,-33, ,
1, ,-33, ,
3, ,-33, ,
2, ,-33, ,
2, ,-33, ,
2, ,-33, ,
3, ,-33, ,
2, ,-33, ,
2, ,-33, ,
2, ,-33, ,
2, ,-34, ,
2, ,-33, ,
3, ,-33, ,
2, ,-33, ,
3, ,-33, ,
2, ,-33, ,
2, ,-33, ,
2, ,-34, ,
3, ,-33, ,
1, ,-33, ,
3, ,-33, ,
2, ,-33, ,
2, ,-33, ,
2, ,-34, ,
3, ,-33, ,
1, ,-33, ,
3, ,-33, ,
2, ,-33, ,
2, ,-33, ,
2, ,-34, ,
2, ,-33, ,
1, ,-33, ,
2, ,-34, ,
2, ,-33, ,
1, ,-34, ,
2, ,-33, ,
2, ,-33, ,
1, ,-33, ,
2, ,-33, ,
2, ,-33, ,
1, ,-33, ,
2, ,-34, ,
2, ,-33, ,
1, ,-33, ,
2, ,-33, ,
2, ,-33, ,
2, ,-33, ,
2, ,-33, ,
2, ,-33, ,
1, ,-34, ,
3, ,-33, ,
2, ,-33, ,
2, ,-25, ,
2, ,-5, ,
2, ,11, ,
2, ,23, ,
2, ,33, ,
2, ,40, ,
2, ,45, ,
2, ,49, ,
2, ,53, ,
1, ,54, ,
2, ,56, ,
2, ,57, ,
1, ,58, ,
2, ,58, ,
2, ,59, ,
1, ,59, ,
2, ,60, ,
2, ,60, ,
1, ,60, ,
2, ,60, ,
2, ,60, ,
1, ,60, ,
2, ,60, ,
1, ,60, ,
1, ,61, ,
2, ,60, ,
1, ,60, ,
1, ,60, ,
2, ,60, ,
1, ,60, ,
2, ,61, ,
2, ,60, ,
2, ,60, ,
1, ,60, ,
2, ,60, ,
1, ,60, ,
1, ,60, ,
2, ,60, ,
2, ,60, ,
1, ,60, ,
2, ,60, ,
1, ,60, ,
1, ,60, ,
2, ,59, ,
2, ,60, ,
1, ,60, ,
2, ,59, ,
1, ,59, ,
1, ,60, ,
2, ,59, ,
2, ,60, ,
1, ,60, ,
2, ,60, ,
1, ,59, ,
2, ,60, ,
2, ,59, ,
2, ,60, ,
1, ,60, ,
2, ,60, ,
1, ,60, ,
1, ,60, ,
2, ,59, ,
1, ,60, ,
1, ,60, ,
2, ,60, ,
1, ,59, ,
1, ,60, ,
2, ,59, ,
2, ,60, ,
1, ,60, ,
3, ,60, ,
1, ,59, ,
1, ,60, ,
2, ,59, ,
2, ,60, ,
1, ,60, ,
2, ,60, ,
1, ,59, ,
1, ,60, ,
2, ,59, ,
2, ,60, ,
1, ,60, ,
2, ,59, ,
1, ,59, ,
1, ,60, ,
2, ,59, ,
1, ,59, ,
1, ,60, ,
2, ,60, ,
1, ,59, ,
1, ,60, ,
2, ,59, ,
2, ,60, ,
1, ,60, ,
2, ,59, ,
1, ,59, ,
1, ,60, ,
2, ,59, ,
2, ,60, ,
1, ,60, ,
2, ,60, ,
1, ,59, ,
1, ,60, ,
40, ,59, ,
27, ,60, ,
17, ,60, ,
13, ,59, ,
7, ,59, ,
6, ,60, ,
5, ,59, ,
3, ,60, ,
2, ,60, ,
3, ,60, ,
2, ,59, ,
1, ,60, ,
3, ,59, ,
2, ,60, ,
1, ,60, ,
3, ,59, ,
2, ,59, ,
2, ,60, ,
3, ,59, ,
2, ,59, ,
1, ,60, ,
3, ,60, ,
2, ,60, ,
2, ,60, ,
2, ,59, ,
2, ,60, ,
2, ,60, ,
3, ,59, ,
2, ,59, ,
1, ,60, ,
2, ,59, ,
2, ,59, ,
1, ,60, ,
3, ,59, ,
2, ,59, ,
2, ,60, ,
2, ,59, ,
2, ,60, ,
1, ,60, ,
3, ,59, ,
2, ,59, ,
2, ,60, ,
2, ,59, ,
2, ,60, ,
1, ,60, ,
3, ,59, ,
2, ,59, ,
1, ,60, ,
2, ,59, ,
2, ,60, ,
1, ,60, ,
3, ,58, ,
1, ,43, ,
1, ,24, ,
2, ,9, ,
2, ,-1, ,
1, ,-9, ,
3, ,-16, ,
2, ,-20, ,
2, ,-24, ,
2, ,-26, ,
2, ,-28, ,
1, ,-30, ,
3, ,-31, ,
2, ,-32, ,
2, ,-33, ,
3, ,-33, ,
2, ,-33, ,
1, ,-34, ,
2, ,-34, ,
2, ,-34, ,
2, ,-34, ,
2, ,-34, ,
2, ,-34, ,
1, ,-34, ,
3, ,-34, ,
2, ,-34, ,
1, ,-34, ,
2, ,-34, ,
2, ,-34, ,
1, ,-34, ,
2, ,-34, ,
2, ,-34, ,
2, ,-34, ,
3, ,-34, ,
2, ,-34, ,
1, ,-34, ,
3, ,-34, ,
2, ,-34, ,
2, ,-34, ,
2, ,-34, ,
2, ,-34, ,
1, ,-34, ,
2, ,-34, ,
2, ,-33, ,
2, ,-34, ,
2, ,-34, ,
2, ,-34, ,
1, ,-34, ,
2, ,-34, ,
2, ,-34, ,
2, ,-34, ,
2, ,-34, ,
2, ,-33, ,
1, ,-33, ,
2, ,-34, ,
2, ,-33, ,
1, ,-34, ,
2, ,-33, ,
2, ,-34, ,
1, ,-33, ,
2, ,-33, ,
1, ,-34, ,
1, ,-34, ,
2, ,-34, ,
2, ,-33, ,
1, ,-34, ,
2, ,-33, ,
1, ,-33, ,
2, ,-34, ,
2, ,-33, ,
2, ,-34, ,
1, ,-34, ,
2, ,-33, ,
2, ,-33, ,
2, ,-33, ,
2, ,-34, ,
2, ,-33, ,
1, ,-34, ,
2, ,-33, ,
2, ,-33, ,
1, ,-33, ,
2, ,-33, ,
2, ,-33, ,
1, ,-33, ,
2, ,-33, ,
1, ,-34, ,
1, ,-34, ,
2, ,-34, ,
2, ,-33, ,
1, ,-34, ,
2, ,-33, ,
1, ,-33, ,
2, ,-33, ,
2, ,-33, ,
2, ,-34, ,
1, ,-33, ,
2, ,-33, ,
1, ,-33, ,
1, ,-33, ,
2, ,-33, ,
2, ,-33, ,
1, ,-33, ,
2, ,-34, ,
1, ,-33, ,
1, ,-34, ,
2, ,-33, ,
2, ,-33, ,
1, ,-33, ,
2, ,-33, ,
1, ,-33, ,
1, ,-33, ,
2, ,-34, ,
2, ,-33, ,
1, ,-33, ,
2, ,-34, ,
1, ,-33, ,
2, ,-33, ,
2, ,-34, ,
2, ,-34, ,
1, ,-33, ,
2, ,-33, ,
1, ,-33, ,
1, ,-33, ,
2, ,-34, ,
2, ,-33, ,
1, ,-33, ,
2, ,-33, ,
1, ,-33, ,
1, ,-33, ,
2, ,-33, ,
2, ,-34, ,
1, ,-33, ,
2, ,-33, ,
2, ,-33, ,
2, ,-33, ,
2, ,-34, ,
2, ,-33, ,
1, ,-33, ,
2, ,-34, ,
1, ,-33, ,
1, ,-33, ,
2, ,-33, ,
2, ,-33, ,
1, ,-33, ,
2, ,-33, ,
1, ,-33, ,
1, ,-33, ,
2, ,-33, ,
2, ,-33, ,
1, ,-33, ,
2, ,-33, ,
1, ,-33, ,
2, ,-33, ,
2, ,-33, ,
2, ,-33, ,
1, ,-33, ,
2, ,-33, ,
1, ,-34, ,
2, ,-33, ,
2, ,-33, ,
2, ,-33, ,
1, ,-33, ,
2, ,-33, ,
1, ,-33, ,
1, ,-33, ,
2, ,-33, ,
2, ,-34, ,
1, ,-33, ,
2, ,-33, ,
1, ,-33, ,
1, ,-33, ,
2, ,-33, ,
2, ,-33, ,
1, ,-33, ,
2, ,-33, ,
2, ,-33, ,
1, ,-33, ,
2, ,-33, ,
2, ,-33, ,
1, ,-33, ,
2, ,-33, ,
1, ,-33, ,
1, ,-33, ,
2, ,-34, ,
2, ,-33, ,
1, ,-33, ,
2, ,-34, ,
1, ,-33, ,
1, ,-33, ,
2, ,-33, ,
2, ,-33, ,
1, ,-33, ,
2, ,-33, ,
1, ,-33, ,
1, ,-33, ,
2, ,-33, ,
2, ,-33, ,
1, ,-33, ,
2, ,-33, ,
2, ,-33, ,
1, ,-33, ,
2, ,-33, ,
2, ,-33, ,
1, ,-33, ,
2, ,-33, ,
1, ,-33, ,
1, ,-33, ,
2, ,-33, ,
2, ,-33, ,
1, ,-33, ,
2, ,-33, ,
1, ,-33, ,
1, ,-33, ,
2, ,-33, ,
2, ,-33, ,
1, ,-33, ,
2, ,-33, ,
1, ,-33, ,
1, ,-33, ,
2, ,-33, ,
2, ,-33, ,
1, ,-33, ,
2, ,-33, ,
1, ,-33, ,
1, ,-33, ,
2, ,-33, ,
1, ,-33, ,
-1, ,-33, ,
1, ,-33, ,
1, ,-33, ,
2, ,-33, ,
2, ,-33, ,
1, ,-33, ,
-1, ,-33, ,
2, ,-33, ,
1, ,-33, ,
1, ,-33, ,
2, ,-33, ,
1, ,-33, ,
1, ,-33, ,
2, ,-33, ,
1, ,-33, ,
1, ,-33, ,
2, ,-34, ,
2, ,-33, ,
1, ,-33, ,
2, ,-33, ,
1, ,-33, ,
1, ,-33, ,
1, ,-33, ,
2, ,-34, ,
1, ,-33, ,
2, ,-33, ,
1, ,-33, ,
1, ,-33, ,
2, ,-34, ,
2, ,-33, ,
-1, ,-33, ,
2, ,-34, ,
1, ,-33, ,
1, ,-33, ,
2, ,-33, ,
2, ,-33, ,
1, ,-33, ,
2, ,-33, ,
1, ,-33, ,
1, ,-33, ,
2, ,-34, ,
2, ,-33, ,
1, ,-33, ,
2, ,-33, ,
1, ,-33, ,
1, ,-33, ,
2, ,-33, ,
2, ,-34, ,
1, ,-33, ,
2, ,-33, ,
1, ,-33, ,
1, ,-33, ,
2, ,-33, ,
2, ,-33, ,
1, ,-33, ,
2, ,-33, ,
1, ,-33, ,
1, ,-34, ,
2, ,-33, ,
1, ,-33, ,
1, ,-33, ,
2, ,-33, ,
1, ,-33, ,
1, ,-33, ,
2, ,-33, ,
2, ,-33, ,
1, ,-33, ,
1, ,-33, ,
1, ,-33, ,
1, ,-34, ,
2, ,-33, ,
2, ,-34, ,
1, ,-33, ,
2, ,-33, ,
1, ,-33, ,
1, ,-33, ,
2, ,-33, ,
2, ,-33, ,
1, ,-33, ,
2, ,-33, ,
1, ,-33, ,
1, ,-33, ,
2, ,-33, ,
1, ,-34, ,
1, ,-33, ,
2, ,-33, ,
1, ,-33, ,
1, ,-33, ,
2, ,-34, ,
2, ,-33, ,
1, ,-33, ,
2, ,-33, ,
1, ,-33, ,
1, ,-33, ,
2, ,-33, ,
1, ,-33, ,
1, ,-33, ,
2, ,-33, ,
1, ,-33, ,
1, ,-33, ,
2, ,-33, ,
1, ,-33, ,
1, ,-33, ,
2, ,-34, ,
1, ,-33, ,
1, ,-33, ,
2, ,-33, ,
1, ,-33, ,
1, ,-33, ,
2, ,-33, ,
1, ,-33, ,
1, ,-33, ,
2, ,-33, ,
2, ,-33, ,
1, ,-33, ,
2, ,-33, ,
1, ,-33, ,
1, ,-33, ,
2, ,-33, ,
1, ,-34, ,
1, ,-33, ,
2, ,-33, ,
1, ,-33, ,
1, ,-33, ,
2, ,-34, ,
1, ,-33, ,
-1, ,-33, ,
1, ,-33, ,
1, ,-33, ,
1, ,-33, ,
2, ,-33, ,
2, ,-33, ,
-1, ,-33, ,
2, ,-33, ,
1, ,-33, ,
1, ,-33, ,
2, ,-33, ,
1, ,-33, ,
-1, ,-33, ,
2, ,-34, ,
1, ,-33, ,
1, ,-33, ,
2, ,-33, ,
1, ,-34, ,
-1, ,-33, ,
2, ,-33, ,
1, ,-33, ,
1, ,-33, ,
2, ,-33, ,
1, ,-33, ,
-1, ,-33, ,
1, ,-33, ,
1, ,-33, ,
1, ,-33, ,
2, ,-34, ,
1, ,-34, ,
-1, ,-33, ,
1, ,-34, ,
1, ,-33, ,
1, ,-33, ,
1, ,-34, ,
1, ,-33, ,
-1, ,-33, ,
1, ,-33, ,
1, ,-33, ,
1, ,-33, ,
1, ,-33, ,
2, ,-33, ,
-1, ,-33, ,
2, ,-33, ,
1, ,-33, ,
1, ,-33, ,
1, ,-34, ,
1, ,-33, ,
-1, ,-33, ,
2, ,-34, ,
1, ,-33, ,
1, ,-34, ,
2, ,-33, ,
1, ,-33, ,
-1, ,-33, ,
2, ,-33, ,
1, ,-33, ,
1, ,-33, ,
1, ,-33, ,
1, ,-33, ,
-1, ,-33, ,
2, ,-34, ,
1, ,-33, ,
1, ,-33, ,
1, ,-33, ,
1, ,-33, ,
-1, ,-33, ,
2, ,-33, ,
1, ,-33, ,
1, ,-33, ,
2, ,-34, ,
2, ,-33, ,
-1, ,-33, ,
2, ,-34, ,
1, ,-33, ,
1, ,-33, ,
2, ,-33, ,
1, ,-33, ,
-1, ,-33, ,
2, ,-33, ,
1, ,-33, ,
1, ,-33, ,
2, ,-34, ,
1, ,-33, ,
1, ,-33, ,
2, ,-34, ,
1, ,-33, ,
1, ,-33, ,
1, ,-33, ,
1, ,-33, ,
1, ,-33, ,
2, ,-33, ,
1, ,-33, ,
1, ,-33, ,
1, ,-33, ,
1, ,-33, ,
-1, ,-33, ,
1, ,-34, ,
1, ,-33, ,
1, ,-33, ,
2, ,-33, ,
1, ,-34, ,
1, ,-33, ,
2, ,-33, ,
1, ,-33, ,
1, ,-33, ,
2, ,-34, ,
1, ,-33, ,
-1, ,-33, ,
1, ,-34, ,
1, ,-33, ,
1, ,-34, ,
2, ,-33, ,
1, ,-33, ,
-1, ,-33, ,
2, ,-33, ,
1, ,-33, ,
1, ,-33, ,
2, ,-33, ,
1, ,-33, ,
-1, ,-33, ,
2, ,-34, ,
1, ,-33, ,
1, ,-33, ,
1, ,-33, ,
1, ,-34, ,
-1, ,-33, ,
2, ,-33, ,
1, ,-33, ,
1, ,-33, ,
1, ,-34, ,
2, ,-33, ,
-1, ,-33, ,
1, ,-34, ,
1, ,-33, ,
1, ,-33, ,
1, ,-34, ,
1, ,-33, ,
-1, ,-33, ,
2, ,-33, ,
-1, ,-33, ,
1, ,-33, ,
1, ,-34, ,
1, ,-33, ,
-1, ,-33, ,
1, ,-33, ,
1, ,-33, ,
-1, ,-33, ,
1, ,-33, ,
1, ,-33, ,
-1, ,-33, ,
2, ,-33, ,
-1, ,-34, ,
1, ,-33, ,
1, ,-34, ,
2, ,-33, ,
-1, ,-33, ,
1, ,-34, ,
-1, ,-33, ,
1, ,-33, ,
1, ,-33, ,
1, ,-33, ,
-1, ,-33, ,
1, ,-33, ,
1, ,-33, ,
1, ,-33, ,
1, ,-34, ,
1, ,-33, ,
-1, ,-33, ,
2, ,-34, ,
1, ,-33, ,
1, ,-33, ,
1, ,-33, ,
1, ,-33, ,
-1, ,-33, ,
2, ,-33, ,
-1, ,-33, ,
1, ,-33, ,
1, ,-33, ,
1, ,-33, ,
-1, ,-33, ,
2, ,-34, ,
1, ,-33, ,
1, ,-33, ,
1, ,-33, ,
1, ,-34, ,
-1, ,-33, ,
1, ,-33, ,
1, ,-34, ,
1, ,-34, ,
1, ,-34, ,
1, ,-33, ,
-1, ,-33, ,
2, ,-34, ,
1, ,-33, ,
1, ,-33, ,
1, ,-34, ,
1, ,-33, ,
-1, ,-33, ,
2, ,-33, ,
1, ,-33, ,
1, ,-33, ,
2, ,-34, ,
1, ,-33, ,
-1, ,-33, ,
2, ,-33, ,
1, ,-33, ,
1, ,-33, ,
2, ,-33, ,
1, ,-33, ,
-1, ,-33, ,
2, ,-33, ,
1, ,-33, ,
1, ,-33, ,
1, ,-33, ,
1, ,-33, ,
-1, ,-34, ,
2, ,-34, ,
1, ,-33, ,
1, ,-33, ,
2, ,-33, ,
1, ,-33, ,
-1, ,-33, ,
1, ,-33, ,
1, ,-33, ,
1, ,-33, ,
1, ,-34, ,
1, ,-33, ,
-1, ,-33, ,
2, ,-34, ,
1, ,-33, ,
1, ,-34, ,
1, ,-33, ,
2, ,-34, ,
-1, ,-33, ,
2, ,-33, ,
-1, ,-33, ,
1, ,-33, ,
2, ,-34, ,
1, ,-33, ,
-1, ,-33, ,
1, ,-33, ,
1, ,-33, ,
1, ,-33, ,
1, ,-34, ,
1, ,-33, ,
-1, ,-33, ,
2, ,-33, ,
1, ,-33, ,
1, ,-33, ,
1, ,-33, ,
1, ,-33, ,
-1, ,-33, ,
2, ,-33, ,
1, ,-33, ,
1, ,-33, ,
1, ,-33, ,
1, ,-34, ,
-1, ,-33, ,
2, ,-33, ,
1, ,-33, ,
1, ,-33, ,
1, ,-34, ,
1, ,-33, ,
-1, ,-33, ,
1, ,-33, ,
-1, ,-33, ,
1, ,-34, ,
1, ,-34, ,
1, ,-33, ,
-1, ,-33, ,
1, ,-33, ,
-1, ,-33, ,
1, ,-33, ,
1, ,-30, ,
2, ,-12, ,
-1, ,6, ,
2, ,21, ,
1, ,31, ,
1, ,38, ,
1, ,44, ,
1, ,49, ,
-1, ,51, ,
2, ,54, ,
1, ,56, ,
-1, ,58, ,
1, ,57, ,
1, ,58, ,
-1, ,59, ,
1, ,59, ,
-1, ,60, ,
-1, ,60, ,
1, ,60, ,
1, ,60, ,
-1, ,60, ,
2, ,60, ,
-1, ,60, ,
-1, ,61, ,
1, ,60, ,
-1, ,60, ,
-1, ,60, ,
1, ,60, ,
-1, ,60, ,
-1, ,60, ,
1, ,60, ,
1, ,60, ,
-1, ,60, ,
2, ,60, ,
-1, ,60, ,
-1, ,61, ,
1, ,60, ,
1, ,60, ,
-1, ,60, ,
2, ,60, ,
-1, ,59, ,
-1, ,61, ,
1, ,60, ,
-1, ,60, ,
-1, ,60, ,
2, ,60, ,
-1, ,59, ,
-1, ,61, ,
1, ,59, ,
1, ,59, ,
-1, ,60, ,
2, ,60, ,
-1, ,59, ,
-1, ,60, ,
1, ,59, ,
1, ,60, ,
-1, ,60, ,
2, ,60, ,
-1, ,60, ,
-1, ,60, ,
1, ,59, ,
1, ,60, ,
-1, ,60, ,
2, ,59, ,
-1, ,59, ,
-1, ,60, ,
1, ,59, ,
1, ,60, ,
-1, ,60, ,
2, ,59, ,
-1, ,60, ,
-1, ,60, ,
1, ,59, ,
83, ,60, ,
57, ,60, ,
35, ,60, ,
21, ,59, ,
12, ,60, ,
10, ,59, ,
6, ,60, ,
3, ,59, ,
6, ,59, ,
2, ,59, ,
2, ,60, ,
3, ,59, ,
2, ,60, ,
1, ,60, ,
3, ,60, ,
2, ,59, ,
2, ,60, ,
3, ,59, ,
2, ,60, ,
1, ,60, ,
3, ,60, ,
2, ,59, ,
1, ,60, ,
2, ,59, ,
2, ,60, ,
1, ,60, ,
3, ,60, ,
2, ,60, ,
1, ,60, ,
3, ,59, ,
2, ,60, ,
1, ,60, ,
3, ,59, ,
2, ,60, ,
1, ,60, ,
2, ,59, ,
2, ,59, ,
1, ,60, ,
3, ,60, ,
2, ,60, ,
2, ,60, ,
2, ,59, ,
2, ,60, ,
1, ,60, ,
3, ,59, ,
2, ,59, ,
1, ,60, ,
2, ,59, ,
2, ,59, ,
1, ,60, ,
3, ,60, ,
2, ,60, ,
1, ,60, ,
2, ,59, ,
2, ,60, ,
1, ,60, ,
3, ,60, ,
1, ,59, ,
1, ,60, ,
2, ,59, ,
2, ,60, ,
1, ,60, ,
3, ,60, ,
1, ,59, ,
1, ,60, ,
2, ,59, ,
2, ,60, ,
1, ,60, ,
2, ,59, ,
1, ,59, ,
1, ,60, ,
2, ,59, ,
2, ,60, ,
1, ,60, ,
3, ,60, ,
1, ,60, ,
1, ,60, ,
2, ,59, ,
2, ,59, ,
1, ,60, ,
2, ,59, ,
1, ,59, ,
1, ,49, ,
2, ,28, ,
1, ,13, ,
1, ,1, ,
2, ,-8, ,
1, ,-15, ,
18, ,-20, ,
17, ,-23, ,
11, ,-26, ,
7, ,-28, ,
7, ,-30, ,
5, ,-31, ,
3, ,-32, ,
3, ,-33, ,
2, ,-33, ,
2, ,-33, ,
3, ,-34, ,
2, ,-33, ,
2, ,-34, ,
2, ,-34, ,
3, ,-34, ,
2, ,-34, ,
3, ,-34, ,
2, ,-34, ,
2, ,-34, ,
3, ,-34, ,
2, ,-34, ,
1, ,-34, ,
3, ,-34, ,
2, ,-34, ,
2, ,-34, ,
3, ,-34, ,
3, ,-34, ,
2, ,-34, ,
3, ,-34, ,
2, ,-34, ,
2, ,-33, ,
3, ,-34, ,
2, ,-34, ,
1, ,-34, ,
3, ,-34, ,
2, ,-33, ,
2, ,-34, ,
3, ,-34, ,
3, ,-34, ,
1, ,-34, ,
3, ,-34, ,
2, ,-34, ,
2, ,-33, ,
3, ,-34, ,
2, ,-33, ,
2, ,-33, ,
3, ,-34, ,
2, ,-33, ,
2, ,-33, ,
2, ,-33, ,
3, ,-34, ,
2, ,-34, ,
3, ,-34, ,
2, ,-34, ,
2, ,-33, ,
2, ,-33, ,
3, ,-33, ,
1, ,-33, ,
2, ,-34, ,
2, ,-33, ,
2, ,-33, ,
2, ,-33, ,
2, ,-34, ,
1, ,-33, ,
3, ,-33, ,
2, ,-34, ,
2, ,-33, ,
2, ,-34, ,
3, ,-33, ,
1, ,-33, ,
3, ,-34, ,
2, ,-33, ,
2, ,-34, ,
2, ,-33, ,
3, ,-33, ,
2, ,-33, ,
2, ,-33, ,
2, ,-34, ,
2, ,-33, ,
2, ,-34, ,
3, ,-33, ,
1, ,-33, ,
2, ,-34, ,
2, ,-34, ,
8, ,-33, ,
16, ,-33, ,
13, ,-34, ,
8, ,-34, ,
7, ,-33, ,
5, ,-33, ,
5, ,-33, ,
5, ,-34, ,
3, ,-33, ,
2, ,-33, ,
5, ,-34, ,
2, ,-33, ,
2, ,-33, ,
3, ,-33, ,
2, ,-34, ,
2, ,-34, ,
3, ,-33, ,
2, ,-33, ,
2, ,-33, ,
3, ,-33, ,
3, ,-33, ,
1, ,-33, ,
3, ,-34, ,
2, ,-33, ,
2, ,-33, ,
2, ,-33, ,
3, ,-33, ,
2, ,-33, ,
2, ,-33, ,
2, ,-33, ,
2, ,-33, ,
2, ,-33, ,
3, ,-33, ,
1, ,-33, ,
3, ,-34, ,
2, ,-33, ,
2, ,-33, ,
3, ,-33, ,
3, ,-33, ,
2, ,-33, ,
2, ,-33, ,
2, ,-33, ,
2, ,-33, ,
2, ,-34, ,
3, ,-33, ,
1, ,-33, ,
3, ,-33, ,
2, ,-33, ,
2, ,-33, ,
2, ,-33, ,
3, ,-33, ,
1, ,-33, ,
3, ,-33, ,
2, ,-33, ,
2, ,-33, ,
2, ,-33, ,
2, ,-33, ,
1, ,-33, ,
3, ,-34, ,
2, ,-33, ,
2, ,-33, ,
2, ,-33, ,
3, ,-33, ,
1, ,-33, ,
2, ,-33, ,
2, ,-34, ,
2, ,-33, ,
2, ,-34, ,
2, ,-33, ,
1, ,-33, ,
3, ,-34, ,
2, ,-33, ,
