Format,1.0B,
Memory Length,10000,Memory Length,10000,
IntpDistance,0,IntpDistance,0,
Trigger Address,4999,Trigger Address,4999,
Trigger Level,1.040E+00,Trigger Level,1.040E+00,
Source,CH1,Source,CH2,
Vertical Units,V,Vertical Units,V,
Vertical Units Div,0,Vertical Units Div,0,
Vertical Units Extend Div,16,Vertical Units Extend Div,16,
Label,,Label,,
Probe Type,0,Probe Type,0,
Probe Ratio,1.000e+01,Probe Ratio,1.000e+00,
Vertical Scale,5.000e-01,Vertical Scale,1.000e+00,
Vertical Position,-1.820e+00,Vertical Position,0.000e+00,
Horizontal Units,S,Horizontal Units,S,
Horizontal Scale,2.000E-05,Horizontal Scale,2.000E-05,
Horizontal Position,0.000E+00,Horizontal Position,0.000E+00,
Horizontal Mode,Main,Horizontal Mode,Main,
SincET Mode,Real Time,SincET Mode,Real Time,
Sampling Period,2.000e-08,Sampling Period,2.000e-08,
Horizontal Old Scale,2.000E-05,Horizontal Old Scale,2.000E-05,
Horizontal Old Position,0.000E+00,Horizontal Old Position,0.000E+00,
Firmware,V1.23,Firmware,V1.23,
Mode,Fast,Mode,Fast,
Waveform Data,,Waveform Data,,
1, ,-46, ,
2, ,-46, ,
1, ,-46, ,
1, ,-45, ,
2, ,-46, ,
1, ,-46, ,
1, ,-46, ,
2, ,-46, ,
1, ,-46, ,
1, ,-45, ,
2, ,-46, ,
1, ,-46, ,
1, ,-46, ,
2, ,-46, ,
1, ,-46, ,
1, ,-45, ,
2, ,-46, ,
1, ,-46, ,
1, ,-46, ,
2, ,-46, ,
1, ,-46, ,
1, ,-45, ,
1, ,-46, ,
1, ,-46, ,
1, ,-46, ,
2, ,-46, ,
1, ,-46, ,
1, ,-45, ,
2, ,-45, ,
1, ,-46, ,
1, ,-46, ,
2, ,-46, ,
1, ,-46, ,
1, ,-46, ,
2, ,-46, ,
1, ,-46, ,
-1, ,-46, ,
2, ,-46, ,
1, ,-46, ,
1, ,-46, ,
2, ,-46, ,
1, ,-46, ,
-1, ,-46, ,
2, ,-45, ,
1, ,-46, ,
1, ,-46, ,
2, ,-46, ,
1, ,-46, ,
1, ,-45, ,
2, ,-46, ,
1, ,-46, ,
1, ,-46, ,
1, ,-45, ,
1, ,-46, ,
1, ,-46, ,
2, ,-46, ,
1, ,-46, ,
1, ,-45, ,
2, ,-45, ,
1, ,-46, ,
-1, ,-45, ,
2, ,-45, ,
1, ,-46, ,
1, ,-45, ,
2, ,-46, ,
1, ,-46, ,
-1, ,-46, ,
2, ,-45, ,
1, ,-46, ,
1, ,-45, ,
1, ,-46, ,
1, ,-46, ,
1, ,-46, ,
2, ,-45, ,
1, ,-46, ,
1, ,-46, ,
1, ,-46, ,
1, ,-46, ,
-1, ,-45, ,
2, ,-46, ,
1, ,-46, ,
1, ,-45, ,
1, ,-46, ,
1, ,-46, ,
-1, ,-46, ,
1, ,-45, ,
1, ,-46, ,
1, ,-46, ,
2, ,-46, ,
2, ,-46, ,
-1, ,-45, ,
2, ,-45, ,
1, ,-46, ,
1, ,-45, ,
1, ,-46, ,
1, ,-46, ,
-1, ,-46, ,
2, ,-45, ,
1, ,-46, ,
1, ,-46, ,
1, ,-46, ,
1, ,-46, ,
1, ,-46, ,
2, ,-46, ,
1, ,-46, ,
1, ,-45, ,
2, ,-46, ,
1, ,-46, ,
-1, ,-46, ,
2, ,-45, ,
1, ,-46, ,
1, ,-46, ,
1, ,-46, ,
1, ,-46, ,
-1, ,-45, ,
2, ,-46, ,
1, ,-46, ,
1, ,-45, ,
1, ,-45, ,
1, ,-46, ,
-1, ,-46, ,
2, ,-45, ,
1, ,-46, ,
1, ,-46, ,
1, ,-46, ,
1, ,-46, ,
1, ,-46, ,
2, ,-46, ,
1, ,-46, ,
1, ,-45, ,
2, ,-45, ,
1, ,-46, ,
-1, ,-46, ,
2, ,-45, ,
1, ,-46, ,
1, ,-45, ,
1, ,-45, ,
1, ,-46, ,
-1, ,-45, ,
2, ,-46, ,
1, ,-46, ,
1, ,-45, ,
1, ,-45, ,
1, ,-46, ,
-1, ,-46, ,
2, ,-45, ,
1, ,-46, ,
1, ,-46, ,
1, ,-46, ,
1, ,-46, ,
-1, ,-45, ,
2, ,-45, ,
1, ,-46, ,
1, ,-45, ,
2, ,-45, ,
1, ,-46, ,
-1, ,-46, ,
1, ,-45, ,
1, ,-46, ,
1, ,-46, ,
1, ,-46, ,
1, ,-46, ,
-1, ,-45, ,
2, ,-45, ,
1, ,-46, ,
1, ,-45, ,
1, ,-46, ,
1, ,-46, ,
-1, ,-46, ,
2, ,-45, ,
1, ,-46, ,
1, ,-46, ,
1, ,-46, ,
1, ,-46, ,
-1, ,-45, ,
1, ,-46, ,
1, ,-46, ,
1, ,-45, ,
1, ,-45, ,
1, ,-46, ,
-1, ,-45, ,
1, ,-45, ,
1, ,-46, ,
1, ,-45, ,
1, ,-45, ,
1, ,-46, ,
-1, ,-46, ,
2, ,-46, ,
1, ,-46, ,
1, ,-45, ,
2, ,-45, ,
1, ,-46, ,
-1, ,-46, ,
2, ,-45, ,
1, ,-46, ,
1, ,-45, ,
2, ,-46, ,
1, ,-46, ,
-1, ,-45, ,
2, ,-46, ,
1, ,-46, ,
1, ,-45, ,
1, ,-45, ,
1, ,-46, ,
-1, ,-46, ,
2, ,-45, ,
1, ,-46, ,
1, ,-46, ,
1, ,-46, ,
1, ,-46, ,
-1, ,-46, ,
2, ,-45, ,
1, ,-46, ,
1, ,-45, ,
1, ,-46, ,
1, ,-46, ,
-1, ,-46, ,
2, ,-45, ,
1, ,-46, ,
1, ,-45, ,
1, ,-46, ,
1, ,-46, ,
-1, ,-45, ,
2, ,-46, ,
1, ,-46, ,
1, ,-45, ,
1, ,-45, ,
1, ,-46, ,
-1, ,-46, ,
2, ,-45, ,
1, ,-46, ,
1, ,-45, ,
1, ,-46, ,
1, ,-46, ,
-1, ,-45, ,
2, ,-46, ,
-1, ,-46, ,
1, ,-45, ,
1, ,-45, ,
1, ,-46, ,
-1, ,-45, ,
1, ,-45, ,
1, ,-46, ,
-1, ,-45, ,
1, ,-46, ,
1, ,-46, ,
-1, ,-45, ,
1, ,-46, ,
1, ,-46, ,
1, ,-45, ,
1, ,-45, ,
1, ,-46, ,
-1, ,-46, ,
1, ,-45, ,
-1, ,-46, ,
-1, ,-46, ,
1, ,-46, ,
1, ,-46, ,
-1, ,-45, ,
1, ,-46, ,
-1, ,-46, ,
-1, ,-45, ,
1, ,-46, ,
1, ,-46, ,
-1, ,-46, ,
1, ,-45, ,
1, ,-46, ,
1, ,-45, ,
1, ,-45, ,
1, ,-46, ,
-1, ,-46, ,
1, ,-46, ,
-1, ,-46, ,
1, ,-45, ,
2, ,-45, ,
1, ,-46, ,
-1, ,-46, ,
2, ,-45, ,
1, ,-46, ,
-1, ,-45, ,
1, ,-46, ,
1, ,-46, ,
-1, ,-46, ,
2, ,-46, ,
1, ,-46, ,
1, ,-45, ,
1, ,-45, ,
1, ,-46, ,
-1, ,-46, ,
2, ,-45, ,
1, ,-46, ,
1, ,-45, ,
1, ,-45, ,
1, ,-46, ,
-1, ,-45, ,
2, ,-45, ,
1, ,-46, ,
1, ,-45, ,
1, ,-45, ,
1, ,-46, ,
-1, ,-46, ,
2, ,-45, ,
1, ,-46, ,
1, ,-46, ,
1, ,-46, ,
1, ,-46, ,
-1, ,-44, ,
1, ,-28, ,
1, ,-9, ,
1, ,5, ,
1, ,16, ,
1, ,24, ,
-1, ,31, ,
2, ,35, ,
1, ,38, ,
1, ,40, ,
2, ,42, ,
1, ,44, ,
-1, ,44, ,
2, ,45, ,
1, ,46, ,
1, ,45, ,
2, ,46, ,
1, ,47, ,
-1, ,47, ,
2, ,47, ,
1, ,49, ,
1, ,47, ,
2, ,47, ,
1, ,47, ,
-1, ,47, ,
2, ,47, ,
-1, ,49, ,
1, ,46, ,
2, ,46, ,
1, ,47, ,
-1, ,47, ,
1, ,47, ,
-1, ,47, ,
-1, ,46, ,
2, ,47, ,
1, ,47, ,
-1, ,46, ,
2, ,47, ,
-1, ,47, ,
-1, ,46, ,
1, ,46, ,
1, ,47, ,
-1, ,47, ,
2, ,46, ,
1, ,47, ,
-1, ,46, ,
2, ,47, ,
1, ,47, ,
-1, ,46, ,
2, ,46, ,
-1, ,47, ,
-1, ,46, ,
1, ,46, ,
1, ,47, ,
-1, ,46, ,
2, ,47, ,
-1, ,47, ,
-1, ,46, ,
1, ,47, ,
1, ,47, ,
-1, ,46, ,
2, ,46, ,
-1, ,47, ,
-1, ,46, ,
1, ,47, ,
1, ,47, ,
-1, ,46, ,
1, ,46, ,
1, ,47, ,
-1, ,46, ,
1, ,46, ,
-1, ,47, ,
-1, ,47, ,
2, ,46, ,
-1, ,47, ,
1, ,46, ,
1, ,46, ,
1, ,47, ,
-1, ,46, ,
1, ,46, ,
1, ,47, ,
-1, ,46, ,
1, ,46, ,
1, ,47, ,
-1, ,46, ,
2, ,46, ,
-1, ,47, ,
1, ,46, ,
1, ,46, ,
1, ,47, ,
-1, ,47, ,
2, ,47, ,
-1, ,47, ,
-1, ,46, ,
1, ,46, ,
1, ,47, ,
-1, ,46, ,
86, ,46, ,
55, ,47, ,
34, ,46, ,
21, ,46, ,
13, ,47, ,
8, ,46, ,
7, ,46, ,
5, ,47, ,
3, ,46, ,
3, ,46, ,
2, ,47, ,
2, ,47, ,
3, ,46, ,
2, ,47, ,
2, ,46, ,
3, ,46, ,
2, ,46, ,
2, ,46, ,
3, ,46, ,
2, ,47, ,
2, ,46, ,
3, ,46, ,
3, ,47, ,
2, ,46, ,
3, ,46, ,
2, ,47, ,
2, ,46, ,
3, ,46, ,
2, ,47, ,
1, ,46, ,
3, ,47, ,
2, ,47, ,
2, ,46, ,
3, ,46, ,
2, ,47, ,
2, ,46, ,
3, ,46, ,
2, ,47, ,
2, ,45, ,
3, ,46, ,
2, ,47, ,
1, ,46, ,
3, ,46, ,
2, ,47, ,
2, ,46, ,
3, ,47, ,
2, ,47, ,
1, ,46, ,
3, ,46, ,
2, ,47, ,
2, ,45, ,
3, ,46, ,
2, ,47, ,
2, ,46, ,
3, ,46, ,
2, ,47, ,
2, ,46, ,
3, ,46, ,
2, ,39, ,
1, ,19, ,
3, ,2, ,
1, ,-11, ,
1, ,-20, ,
2, ,-26, ,
2, ,-33, ,
1, ,-36, ,
3, ,-38, ,
2, ,-41, ,
2, ,-42, ,
3, ,-43, ,
2, ,-44, ,
1, ,-45, ,
2, ,-45, ,
1, ,-46, ,
2, ,-45, ,
2, ,-46, ,
2, ,-47, ,
1, ,-46, ,
2, ,-46, ,
2, ,-47, ,
2, ,-46, ,
2, ,-46, ,
2, ,-47, ,
1, ,-46, ,
2, ,-47, ,
2, ,-47, ,
1, ,-45, ,
2, ,-45, ,
2, ,-47, ,
1, ,-46, ,
2, ,-46, ,
1, ,-47, ,
1, ,-46, ,
2, ,-46, ,
2, ,-46, ,
1, ,-46, ,
3, ,-46, ,
2, ,-47, ,
2, ,-45, ,
2, ,-45, ,
2, ,-47, ,
1, ,-46, ,
3, ,-45, ,
2, ,-46, ,
2, ,-46, ,
2, ,-46, ,
2, ,-46, ,
1, ,-45, ,
2, ,-46, ,
1, ,-46, ,
1, ,-45, ,
2, ,-46, ,
2, ,-46, ,
1, ,-46, ,
2, ,-45, ,
2, ,-46, ,
2, ,-46, ,
2, ,-46, ,
2, ,-46, ,
1, ,-46, ,
2, ,-45, ,
1, ,-46, ,
1, ,-45, ,
2, ,-46, ,
2, ,-46, ,
1, ,-46, ,
2, ,-45, ,
1, ,-46, ,
2, ,-45, ,
2, ,-46, ,
2, ,-46, ,
1, ,-45, ,
2, ,-46, ,
1, ,-46, ,
2, ,-45, ,
3, ,-45, ,
2, ,-46, ,
1, ,-45, ,
2, ,-45, ,
2, ,-46, ,
2, ,-45, ,
2, ,-46, ,
2, ,-46, ,
1, ,-46, ,
2, ,-45, ,
1, ,-46, ,
1, ,-45, ,
2, ,-45, ,
2, ,-46, ,
1, ,-46, ,
2, ,-45, ,
1, ,-46, ,
1, ,-45, ,
2, ,-46, ,
2, ,-46, ,
1, ,-45, ,
2, ,-45, ,
1, ,-46, ,
2, ,-44, ,
2, ,-45, ,
2, ,-46, ,
1, ,-46, ,
2, ,-45, ,
2, ,-46, ,
2, ,-45, ,
2, ,-46, ,
2, ,-46, ,
1, ,-46, ,
2, ,-46, ,
1, ,-46, ,
1, ,-45, ,
2, ,-45, ,
2, ,-46, ,
1, ,-46, ,
2, ,-45, ,
2, ,-46, ,
2, ,-45, ,
2, ,-45, ,
2, ,-46, ,
1, ,-45, ,
2, ,-46, ,
1, ,-46, ,
1, ,-44, ,
2, ,-45, ,
2, ,-46, ,
1, ,-46, ,
2, ,-45, ,
2, ,-46, ,
2, ,-45, ,
2, ,-46, ,
2, ,-46, ,
1, ,-45, ,
2, ,-45, ,
1, ,-46, ,
1, ,-45, ,
2, ,-46, ,
2, ,-46, ,
1, ,-46, ,
2, ,-45, ,
1, ,-46, ,
1, ,-45, ,
2, ,-45, ,
2, ,-46, ,
1, ,-45, ,
2, ,-45, ,
1, ,-46, ,
1, ,-44, ,
2, ,-45, ,
2, ,-46, ,
1, ,-46, ,
2, ,-45, ,
1, ,-46, ,
1, ,-45, ,
2, ,-45, ,
2, ,-46, ,
1, ,-45, ,
2, ,-45, ,
1, ,-46, ,
1, ,-44, ,
2, ,-46, ,
2, ,-46, ,
1, ,-45, ,
2, ,-45, ,
1, ,-46, ,
1, ,-45, ,
2, ,-45, ,
1, ,-46, ,
1, ,-45, ,
2, ,-45, ,
1, ,-46, ,
1, ,-44, ,
2, ,-45, ,
2, ,-46, ,
1, ,-46, ,
2, ,-45, ,
1, ,-46, ,
1, ,-45, ,
2, ,-46, ,
2, ,-46, ,
1, ,-45, ,
2, ,-45, ,
1, ,-46, ,
1, ,-45, ,
2, ,-45, ,
2, ,-46, ,
1, ,-46, ,
2, ,-45, ,
1, ,-46, ,
2, ,-45, ,
2, ,-46, ,
1, ,-46, ,
1, ,-45, ,
2, ,-45, ,
1, ,-46, ,
1, ,-44, ,
2, ,-45, ,
2, ,-46, ,
1, ,-46, ,
2, ,-45, ,
1, ,-46, ,
1, ,-45, ,
2, ,-45, ,
1, ,-46, ,
1, ,-45, ,
2, ,-45, ,
1, ,-46, ,
1, ,-45, ,
2, ,-45, ,
1, ,-46, ,
1, ,-45, ,
2, ,-45, ,
1, ,-46, ,
1, ,-45, ,
2, ,-46, ,
2, ,-46, ,
1, ,-45, ,
2, ,-45, ,
1, ,-46, ,
1, ,-44, ,
2, ,-45, ,
1, ,-46, ,
1, ,-46, ,
2, ,-45, ,
1, ,-46, ,
1, ,-46, ,
2, ,-46, ,
2, ,-46, ,
1, ,-45, ,
2, ,-45, ,
1, ,-46, ,
1, ,-45, ,
2, ,-45, ,
2, ,-46, ,
1, ,-45, ,
2, ,-45, ,
1, ,-46, ,
1, ,-45, ,
2, ,-45, ,
1, ,-46, ,
1, ,-46, ,
2, ,-45, ,
1, ,-46, ,
1, ,-45, ,
2, ,-45, ,
2, ,-46, ,
1, ,-46, ,
2, ,-45, ,
1, ,-46, ,
1, ,-45, ,
2, ,-46, ,
1, ,-46, ,
1, ,-45, ,
2, ,-46, ,
1, ,-46, ,
1, ,-45, ,
2, ,-45, ,
1, ,-46, ,
1, ,-45, ,
2, ,-45, ,
1, ,-46, ,
1, ,-46, ,
2, ,-46, ,
1, ,-46, ,
1, ,-46, ,
2, ,-46, ,
1, ,-46, ,
1, ,-45, ,
2, ,-45, ,
1, ,-46, ,
-1, ,-45, ,
2, ,-45, ,
1, ,-46, ,
1, ,-46, ,
2, ,-45, ,
1, ,-46, ,
1, ,-45, ,
2, ,-45, ,
1, ,-46, ,
1, ,-44, ,
2, ,-45, ,
1, ,-46, ,
1, ,-46, ,
2, ,-45, ,
1, ,-46, ,
1, ,-45, ,
2, ,-45, ,
1, ,-46, ,
1, ,-45, ,
2, ,-45, ,
1, ,-46, ,
1, ,-45, ,
2, ,-45, ,
1, ,-46, ,
-1, ,-45, ,
2, ,-45, ,
1, ,-46, ,
1, ,-45, ,
2, ,-46, ,
1, ,-46, ,
1, ,-45, ,
2, ,-45, ,
1, ,-46, ,
1, ,-45, ,
2, ,-45, ,
1, ,-46, ,
-1, ,-45, ,
2, ,-45, ,
1, ,-46, ,
1, ,-45, ,
2, ,-45, ,
1, ,-46, ,
1, ,-45, ,
2, ,-45, ,
1, ,-46, ,
1, ,-45, ,
2, ,-45, ,
1, ,-46, ,
-1, ,-46, ,
2, ,-45, ,
1, ,-46, ,
1, ,-46, ,
2, ,-45, ,
1, ,-46, ,
-1, ,-45, ,
1, ,-45, ,
1, ,-46, ,
1, ,-45, ,
2, ,-45, ,
1, ,-46, ,
-1, ,-46, ,
2, ,-45, ,
1, ,-46, ,
1, ,-46, ,
2, ,-46, ,
1, ,-46, ,
1, ,-45, ,
2, ,-46, ,
1, ,-46, ,
1, ,-45, ,
2, ,-45, ,
1, ,-46, ,
-1, ,-46, ,
2, ,-45, ,
1, ,-46, ,
1, ,-46, ,
2, ,-46, ,
2, ,-46, ,
1, ,-46, ,
2, ,-45, ,
1, ,-46, ,
1, ,-45, ,
2, ,-45, ,
1, ,-46, ,
1, ,-46, ,
2, ,-45, ,
1, ,-46, ,
1, ,-46, ,
1, ,-46, ,
1, ,-46, ,
-1, ,-46, ,
2, ,-45, ,
1, ,-46, ,
1, ,-45, ,
2, ,-45, ,
1, ,-46, ,
-1, ,-46, ,
2, ,-45, ,
1, ,-46, ,
1, ,-46, ,
1, ,-46, ,
1, ,-46, ,
-1, ,-46, ,
2, ,-45, ,
1, ,-46, ,
1, ,-45, ,
2, ,-45, ,
1, ,-46, ,
-1, ,-45, ,
2, ,-45, ,
1, ,-46, ,
1, ,-45, ,
2, ,-46, ,
1, ,-46, ,
-1, ,-45, ,
2, ,-46, ,
1, ,-46, ,
1, ,-45, ,
2, ,-45, ,
1, ,-46, ,
-1, ,-46, ,
2, ,-45, ,
1, ,-46, ,
1, ,-45, ,
2, ,-46, ,
1, ,-46, ,
-1, ,-46, ,
2, ,-46, ,
1, ,-46, ,
1, ,-45, ,
1, ,-45, ,
1, ,-46, ,
-1, ,-46, ,
1, ,-45, ,
1, ,-46, ,
1, ,-45, ,
1, ,-45, ,
1, ,-46, ,
1, ,-45, ,
2, ,-46, ,
1, ,-46, ,
1, ,-45, ,
2, ,-45, ,
2, ,-46, ,
-1, ,-46, ,
2, ,-45, ,
1, ,-46, ,
1, ,-45, ,
1, ,-46, ,
73, ,-46, ,
46, ,-46, ,
30, ,-46, ,
18, ,-46, ,
12, ,-45, ,
8, ,-45, ,
6, ,-46, ,
3, ,-46, ,
5, ,-45, ,
3, ,-46, ,
2, ,-46, ,
3, ,-46, ,
3, ,-46, ,
2, ,-46, ,
3, ,-45, ,
2, ,-46, ,
2, ,-45, ,
2, ,-45, ,
2, ,-46, ,
2, ,-46, ,
3, ,-45, ,
2, ,-46, ,
2, ,-46, ,
3, ,-46, ,
2, ,-46, ,
2, ,-46, ,
3, ,-46, ,
2, ,-46, ,
2, ,-45, ,
3, ,-45, ,
3, ,-46, ,
2, ,-46, ,
3, ,-45, ,
2, ,-46, ,
1, ,-45, ,
2, ,-46, ,
3, ,-46, ,
2, ,-45, ,
3, ,-45, ,
2, ,-46, ,
2, ,-45, ,
2, ,-45, ,
3, ,-46, ,
1, ,-46, ,
3, ,-45, ,
2, ,-46, ,
2, ,-45, ,
2, ,-46, ,
3, ,-46, ,
1, ,-46, ,
3, ,-46, ,
2, ,-46, ,
2, ,-45, ,
2, ,-45, ,
3, ,-46, ,
1, ,-46, ,
3, ,-45, ,
2, ,-46, ,
2, ,-46, ,
2, ,-46, ,
2, ,-46, ,
1, ,-45, ,
3, ,-45, ,
2, ,-46, ,
2, ,-45, ,
2, ,-45, ,
3, ,-46, ,
1, ,-46, ,
3, ,-45, ,
2, ,-46, ,
2, ,-46, ,
2, ,-46, ,
3, ,-46, ,
1, ,-46, ,
3, ,-46, ,
2, ,-46, ,
1, ,-45, ,
2, ,-46, ,
2, ,-46, ,
1, ,-45, ,
2, ,-45, ,
2, ,-46, ,
2, ,-45, ,
2, ,-46, ,
2, ,-46, ,
1, ,-46, ,
3, ,-45, ,
2, ,-46, ,
2, ,-45, ,
2, ,-45, ,
2, ,-46, ,
1, ,-45, ,
3, ,-45, ,
2, ,-46, ,
1, ,-45, ,
2, ,-46, ,
3, ,-46, ,
1, ,-45, ,
3, ,-46, ,
2, ,-46, ,
2, ,-45, ,
2, ,-45, ,
2, ,-46, ,
1, ,-46, ,
3, ,-45, ,
2, ,-46, ,
1, ,-46, ,
2, ,-46, ,
2, ,-46, ,
1, ,-45, ,
3, ,-45, ,
2, ,-46, ,
2, ,-45, ,
2, ,-46, ,
2, ,-46, ,
1, ,-46, ,
2, ,-45, ,
2, ,-46, ,
2, ,-45, ,
2, ,-46, ,
2, ,-46, ,
1, ,-45, ,
2, ,-46, ,
2, ,-46, ,
1, ,-45, ,
2, ,-45, ,
2, ,-46, ,
1, ,-46, ,
2, ,-45, ,
1, ,-46, ,
1, ,-46, ,
2, ,-46, ,
2, ,-46, ,
1, ,-46, ,
2, ,-46, ,
1, ,-46, ,
1, ,-45, ,
2, ,-46, ,
2, ,-46, ,
1, ,-46, ,
2, ,-45, ,
2, ,-46, ,
2, ,-45, ,
2, ,-46, ,
2, ,-46, ,
1, ,-45, ,
2, ,-46, ,
1, ,-46, ,
1, ,-45, ,
2, ,-45, ,
2, ,-46, ,
1, ,-46, ,
3, ,-46, ,
2, ,-46, ,
1, ,-46, ,
2, ,-46, ,
2, ,-46, ,
1, ,-45, ,
2, ,-46, ,
1, ,-46, ,
1, ,-45, ,
2, ,-45, ,
2, ,-46, ,
1, ,-46, ,
2, ,-45, ,
1, ,-46, ,
2, ,-46, ,
2, ,-46, ,
1, ,-46, ,
1, ,-45, ,
2, ,-46, ,
1, ,-46, ,
1, ,-45, ,
2, ,-46, ,
2, ,-46, ,
1, ,-46, ,
2, ,-45, ,
2, ,-46, ,
1, ,-46, ,
2, ,-46, ,
1, ,-46, ,
1, ,-45, ,
2, ,-45, ,
1, ,-46, ,
1, ,-45, ,
2, ,-46, ,
2, ,-46, ,
1, ,-46, ,
2, ,-45, ,
1, ,-46, ,
2, ,-45, ,
2, ,-46, ,
2, ,-46, ,
1, ,-45, ,
2, ,-45, ,
1, ,-46, ,
1, ,-45, ,
2, ,-46, ,
2, ,-46, ,
1, ,-46, ,
2, ,-45, ,
1, ,-46, ,
1, ,-46, ,
2, ,-46, ,
2, ,-46, ,
1, ,-46, ,
2, ,-45, ,
1, ,-35, ,
2, ,-15, ,
2, ,1, ,
2, ,13, ,
1, ,22, ,
2, ,28, ,
2, ,34, ,
2, ,37, ,
2, ,40, ,
2, ,42, ,
1, ,43, ,
2, ,44, ,
1, ,46, ,
1, ,45, ,
2, ,46, ,
2, ,46, ,
1, ,46, ,
2, ,47, ,
1, ,47, ,
1, ,47, ,
2, ,47, ,
1, ,47, ,
1, ,47, ,
2, ,47, ,
1, ,49, ,
1, ,46, ,
2, ,47, ,
1, ,47, ,
1, ,46, ,
2, ,47, ,
1, ,47, ,
1, ,46, ,
2, ,47, ,
1, ,47, ,
1, ,47, ,
2, ,46, ,
1, ,47, ,
1, ,46, ,
2, ,46, ,
1, ,47, ,
1, ,47, ,
2, ,46, ,
1, ,47, ,
1, ,46, ,
2, ,47, ,
2, ,47, ,
1, ,46, ,
2, ,46, ,
1, ,47, ,
1, ,46, ,
2, ,46, ,
1, ,47, ,
1, ,46, ,
2, ,46, ,
1, ,47, ,
1, ,46, ,
2, ,47, ,
1, ,47, ,
1, ,46, ,
2, ,46, ,
1, ,47, ,
1, ,46, ,
2, ,47, ,
2, ,47, ,
1, ,46, ,
2, ,46, ,
1, ,47, ,
1, ,46, ,
2, ,46, ,
1, ,47, ,
1, ,46, ,
2, ,46, ,
1, ,47, ,
1, ,46, ,
1, ,46, ,
1, ,47, ,
1, ,46, ,
2, ,46, ,
1, ,47, ,
1, ,46, ,
2, ,46, ,
1, ,47, ,
1, ,46, ,
2, ,46, ,
1, ,47, ,
1, ,46, ,
2, ,46, ,
1, ,47, ,
1, ,46, ,
2, ,46, ,
1, ,47, ,
1, ,46, ,
1, ,46, ,
1, ,47, ,
-1, ,46, ,
2, ,46, ,
1, ,47, ,
1, ,46, ,
2, ,46, ,
1, ,47, ,
-1, ,46, ,
2, ,46, ,
1, ,47, ,
1, ,46, ,
2, ,46, ,
1, ,47, ,
1, ,46, ,
2, ,46, ,
1, ,47, ,
1, ,46, ,
2, ,46, ,
1, ,47, ,
-1, ,46, ,
2, ,46, ,
1, ,47, ,
1, ,46, ,
1, ,46, ,
1, ,47, ,
1, ,46, ,
2, ,46, ,
1, ,47, ,
1, ,46, ,
1, ,46, ,
2, ,47, ,
-1, ,46, ,
2, ,46, ,
1, ,47, ,
1, ,46, ,
2, ,47, ,
1, ,47, ,
-1, ,46, ,
2, ,46, ,
1, ,47, ,
1, ,46, ,
2, ,46, ,
1, ,47, ,
1, ,47, ,
2, ,46, ,
1, ,47, ,
1, ,46, ,
2, ,46, ,
1, ,47, ,
1, ,46, ,
2, ,46, ,
1, ,47, ,
1, ,46, ,
2, ,46, ,
1, ,47, ,
1, ,46, ,
2, ,46, ,
1, ,47, ,
1, ,46, ,
2, ,46, ,
1, ,47, ,
-1, ,42, ,
2, ,24, ,
1, ,6, ,
1, ,-7, ,
1, ,-18, ,
1, ,-25, ,
-1, ,-31, ,
2, ,-35, ,
1, ,-38, ,
1, ,-40, ,
1, ,-42, ,
2, ,-43, ,
1, ,-44, ,
2, ,-45, ,
1, ,-46, ,
1, ,-45, ,
1, ,-46, ,
2, ,-46, ,
1, ,-46, ,
2, ,-46, ,
1, ,-47, ,
1, ,-46, ,
1, ,-46, ,
2, ,-47, ,
1, ,-46, ,
2, ,-46, ,
1, ,-47, ,
1, ,-46, ,
2, ,-46, ,
1, ,-47, ,
-1, ,-46, ,
2, ,-46, ,
1, ,-46, ,
1, ,-46, ,
1, ,-46, ,
1, ,-47, ,
1, ,-46, ,
2, ,-46, ,
1, ,-47, ,
1, ,-45, ,
1, ,-46, ,
1, ,-46, ,
-1, ,-46, ,
2, ,-46, ,
1, ,-46, ,
1, ,-46, ,
2, ,-46, ,
1, ,-46, ,
-1, ,-46, ,
2, ,-46, ,
1, ,-46, ,
1, ,-45, ,
2, ,-46, ,
1, ,-46, ,
1, ,-46, ,
2, ,-45, ,
1, ,-46, ,
1, ,-46, ,
2, ,-46, ,
1, ,-47, ,
1, ,-46, ,
2, ,-46, ,
1, ,-46, ,
1, ,-45, ,
1, ,-46, ,
1, ,-46, ,
-1, ,-46, ,
2, ,-45, ,
1, ,-46, ,
1, ,-46, ,
1, ,-46, ,
1, ,-46, ,
-1, ,-46, ,
2, ,-45, ,
1, ,-46, ,
1, ,-45, ,
1, ,-45, ,
1, ,-46, ,
-1, ,-46, ,
2, ,-45, ,
1, ,-46, ,
1, ,-46, ,
1, ,-46, ,
1, ,-46, ,
-1, ,-46, ,
1, ,-46, ,
1, ,-46, ,
1, ,-45, ,
1, ,-46, ,
1, ,-46, ,
-1, ,-46, ,
2, ,-45, ,
1, ,-46, ,
1, ,-46, ,
1, ,-46, ,
1, ,-46, ,
-1, ,-45, ,
2, ,-46, ,
1, ,-46, ,
1, ,-45, ,
2, ,-46, ,
1, ,-46, ,
-1, ,-46, ,
2, ,-45, ,
1, ,-46, ,
1, ,-46, ,
1, ,-46, ,
1, ,-46, ,
-1, ,-46, ,
2, ,-46, ,
1, ,-46, ,
1, ,-45, ,
1, ,-45, ,
1, ,-46, ,
-1, ,-46, ,
2, ,-45, ,
1, ,-46, ,
1, ,-46, ,
2, ,-46, ,
1, ,-46, ,
-1, ,-45, ,
2, ,-46, ,
1, ,-46, ,
1, ,-45, ,
2, ,-45, ,
1, ,-46, ,
-1, ,-46, ,
2, ,-45, ,
1, ,-46, ,
1, ,-45, ,
1, ,-46, ,
1, ,-46, ,
1, ,-45, ,
2, ,-46, ,
1, ,-46, ,
1, ,-45, ,
2, ,-45, ,
2, ,-46, ,
-1, ,-45, ,
2, ,-45, ,
1, ,-46, ,
1, ,-46, ,
1, ,-46, ,
1, ,-46, ,
-1, ,-46, ,
2, ,-46, ,
1, ,-46, ,
1, ,-45, ,
1, ,-45, ,
1, ,-46, ,
-1, ,-45, ,
2, ,-45, ,
1, ,-46, ,
1, ,-46, ,
1, ,-46, ,
1, ,-46, ,
-1, ,-46, ,
2, ,-46, ,
1, ,-46, ,
1, ,-45, ,
1, ,-46, ,
2, ,-46, ,
-1, ,-46, ,
2, ,-45, ,
1, ,-46, ,
1, ,-45, ,
1, ,-45, ,
1, ,-46, ,
-1, ,-45, ,
2, ,-45, ,
1, ,-46, ,
1, ,-45, ,
1, ,-46, ,
1, ,-46, ,
-1, ,-45, ,
2, ,-45, ,
1, ,-46, ,
1, ,-45, ,
1, ,-46, ,
1, ,-46, ,
-1, ,-45, ,
1, ,-45, ,
1, ,-46, ,
1, ,-45, ,
1, ,-45, ,
1, ,-46, ,
-1, ,-46, ,
2, ,-45, ,
-1, ,-46, ,
1, ,-45, ,
1, ,-46, ,
1, ,-46, ,
-1, ,-46, ,
2, ,-46, ,
1, ,-46, ,
-1, ,-45, ,
1, ,-45, ,
1, ,-46, ,
-1, ,-46, ,
1, ,-45, ,
1, ,-46, ,
1, ,-45, ,
1, ,-46, ,
1, ,-46, ,
-1, ,-45, ,
2, ,-45, ,
-1, ,-46, ,
1, ,-45, ,
1, ,-46, ,
1, ,-46, ,
-1, ,-46, ,
2, ,-45, ,
1, ,-46, ,
-1, ,-45, ,
1, ,-46, ,
1, ,-46, ,
-1, ,-46, ,
2, ,-45, ,
1, ,-46, ,
1, ,-45, ,
1, ,-46, ,
1, ,-46, ,
-1, ,-46, ,
2, ,-45, ,
-1, ,-46, ,
-1, ,-45, ,
1, ,-46, ,
1, ,-46, ,
-1, ,-46, ,
1, ,-45, ,
1, ,-46, ,
1, ,-45, ,
1, ,-45, ,
1, ,-46, ,
-1, ,-46, ,
2, ,-45, ,
1, ,-46, ,
1, ,-46, ,
1, ,-46, ,
1, ,-46, ,
-1, ,-45, ,
2, ,-46, ,
1, ,-46, ,
1, ,-45, ,
1, ,-45, ,
2, ,-46, ,
-1, ,-46, ,
1, ,-45, ,
1, ,-46, ,
1, ,-45, ,
1, ,-46, ,
1, ,-46, ,
-1, ,-45, ,
1, ,-46, ,
1, ,-46, ,
1, ,-45, ,
1, ,-46, ,
2, ,-46, ,
-1, ,-45, ,
2, ,-45, ,
1, ,-46, ,
1, ,-45, ,
1, ,-46, ,
1, ,-46, ,
-1, ,-46, ,
2, ,-45, ,
1, ,-46, ,
1, ,-45, ,
1, ,-46, ,
1, ,-46, ,
-1, ,-46, ,
2, ,-45, ,
1, ,-46, ,
1, ,-46, ,
1, ,-46, ,
1, ,-46, ,
-1, ,-45, ,
2, ,-45, ,
1, ,-46, ,
1, ,-45, ,
1, ,-45, ,
1, ,-46, ,
-1, ,-46, ,
2, ,-45, ,
1, ,-46, ,
1, ,-45, ,
1, ,-46, ,
1, ,-46, ,
-1, ,-45, ,
1, ,-46, ,
1, ,-46, ,
1, ,-45, ,
1, ,-45, ,
1, ,-46, ,
-1, ,-45, ,
1, ,-45, ,
1, ,-46, ,
1, ,-45, ,
1, ,-46, ,
1, ,-46, ,
-1, ,-46, ,
1, ,-45, ,
1, ,-46, ,
-1, ,-45, ,
1, ,-45, ,
1, ,-46, ,
-1, ,-46, ,
2, ,-45, ,
1, ,-46, ,
-1, ,-46, ,
1, ,-46, ,
1, ,-46, ,
-1, ,-45, ,
2, ,-46, ,
1, ,-46, ,
-1, ,-45, ,
1, ,-45, ,
1, ,-46, ,
-1, ,-45, ,
1, ,-45, ,
-1, ,-46, ,
-1, ,-45, ,
1, ,-46, ,
1, ,-46, ,
-1, ,-45, ,
1, ,-45, ,
-1, ,-46, ,
-1, ,-45, ,
1, ,-45, ,
1, ,-46, ,
-1, ,-45, ,
1, ,-45, ,
1, ,-46, ,
-1, ,-45, ,
1, ,-46, ,
1, ,-46, ,
-1, ,-45, ,
2, ,-45, ,
-1, ,-46, ,
-1, ,-45, ,
1, ,-46, ,
1, ,-46, ,
-1, ,-45, ,
1, ,-45, ,
1, ,-46, ,
-1, ,-45, ,
1, ,-46, ,
1, ,-46, ,
-1, ,-45, ,
2, ,-45, ,
-1, ,-46, ,
-1, ,-45, ,
1, ,-45, ,
1, ,-46, ,
-1, ,-46, ,
1, ,-45, ,
-1, ,-46, ,
-1, ,-46, ,
1, ,-46, ,
1, ,-46, ,
-1, ,-45, ,
2, ,-46, ,
1, ,-46, ,
-1, ,-45, ,
1, ,-45, ,
1, ,-46, ,
-1, ,-46, ,
2, ,-45, ,
1, ,-46, ,
1, ,-46, ,
1, ,-46, ,
1, ,-46, ,
-1, ,-45, ,
1, ,-45, ,
1, ,-46, ,
1, ,-45, ,
1, ,-45, ,
1, ,-46, ,
-1, ,-46, ,
1, ,-45, ,
-1, ,-46, ,
1, ,-46, ,
1, ,-46, ,
1, ,-46, ,
-1, ,-45, ,
1, ,-46, ,
1, ,-46, ,
-1, ,-45, ,
1, ,-45, ,
1, ,-46, ,
-1, ,-46, ,
2, ,-45, ,
1, ,-46, ,
-1, ,-45, ,
1, ,-46, ,
1, ,-46, ,
-1, ,-45, ,
2, ,-45, ,
1, ,-46, ,
1, ,-45, ,
1, ,-45, ,
1, ,-46, ,
-1, ,-46, ,
2, ,-45, ,
1, ,-46, ,
1, ,-46, ,
1, ,-46, ,
1, ,-46, ,
-1, ,-45, ,
1, ,-45, ,
1, ,-46, ,
1, ,-44, ,
1, ,-46, ,
1, ,-46, ,
-1, ,-46, ,
1, ,-45, ,
-1, ,-46, ,
1, ,-45, ,
1, ,-46, ,
1, ,-46, ,
-1, ,-45, ,
2, ,-45, ,
-1, ,-46, ,
-1, ,-44, ,
1, ,-45, ,
1, ,-46, ,
-1, ,-45, ,
1, ,-45, ,
-1, ,-46, ,
-1, ,-45, ,
1, ,-46, ,
1, ,-46, ,
-1, ,-45, ,
2, ,-46, ,
1, ,-46, ,
1, ,-45, ,
1, ,-45, ,
1, ,-46, ,
-1, ,-46, ,
1, ,-45, ,
-1, ,-46, ,
1, ,-46, ,
1, ,-45, ,
1, ,-46, ,
-1, ,-45, ,
1, ,-45, ,
-1, ,-46, ,
-1, ,-45, ,
1, ,-45, ,
1, ,-46, ,
-1, ,-46, ,
1, ,-45, ,
-1, ,-46, ,
-1, ,-46, ,
1, ,-46, ,
1, ,-46, ,
-1, ,-45, ,
1, ,-45, ,
-1, ,-46, ,
-1, ,-45, ,
1, ,-45, ,
1, ,-46, ,
-1, ,-46, ,
1, ,-45, ,
-1, ,-46, ,
-1, ,-45, ,
1, ,-46, ,
1, ,-46, ,
-1, ,-45, ,
1, ,-46, ,
1, ,-46, ,
-1, ,-45, ,
1, ,-45, ,
1, ,-46, ,
-1, ,-45, ,
1, ,-45, ,
1, ,-46, ,
-1, ,-46, ,
1, ,-46, ,
1, ,-46, ,
-1, ,-46, ,
2, ,-46, ,
1, ,-46, ,
1, ,-45, ,
1, ,-46, ,
1, ,-46, ,
-1, ,-46, ,
1, ,-45, ,
1, ,-46, ,
1, ,-46, ,
1, ,-45, ,
1, ,-46, ,
-1, ,-45, ,
2, ,-46, ,
-1, ,-46, ,
1, ,-45, ,
1, ,-45, ,
1, ,-46, ,
-1, ,-46, ,
1, ,-45, ,
-1, ,-46, ,
-1, ,-45, ,
1, ,-46, ,
1, ,-46, ,
-1, ,-46, ,
1, ,-45, ,
-1, ,-46, ,
-1, ,-45, ,
1, ,-46, ,
1, ,-46, ,
-1, ,-46, ,
1, ,-45, ,
1, ,-46, ,
-1, ,-46, ,
1, ,-46, ,
1, ,-46, ,
-1, ,-45, ,
1, ,-45, ,
1, ,-46, ,
-1, ,-45, ,
1, ,-45, ,
1, ,-46, ,
-1, ,-46, ,
1, ,-45, ,
1, ,-46, ,
1, ,-45, ,
1, ,-45, ,
1, ,-46, ,
-1, ,-46, ,
1, ,-45, ,
1, ,-46, ,
1, ,-45, ,
1, ,-45, ,
1, ,-46, ,
-1, ,-46, ,
1, ,-45, ,
-1, ,-46, ,
1, ,-45, ,
1, ,-46, ,
1, ,-46, ,
-1, ,-45, ,
2, ,-46, ,
-1, ,-46, ,
-1, ,-45, ,
1, ,-45, ,
1, ,-46, ,
-1, ,-46, ,
1, ,-45, ,
1, ,-46, ,
-1, ,-45, ,
1, ,-46, ,
1, ,-46, ,
-1, ,-45, ,
2, ,-45, ,
-1, ,-46, ,
1, ,-45, ,
1, ,-46, ,
1, ,-46, ,
-1, ,-46, ,
1, ,-45, ,
-1, ,-46, ,
-1, ,-46, ,
1, ,-46, ,
1, ,-46, ,
-1, ,-46, ,
1, ,-45, ,
-1, ,-46, ,
-1, ,-44, ,
1, ,-46, ,
1, ,-46, ,
-1, ,-46, ,
1, ,-45, ,
-1, ,-46, ,
-1, ,-45, ,
1, ,-46, ,
1, ,-46, ,
-1, ,-45, ,
1, ,-46, ,
-1, ,-46, ,
-1, ,-45, ,
1, ,-46, ,
1, ,-46, ,
-1, ,-45, ,
1, ,-45, ,
1, ,-46, ,
-1, ,-45, ,
1, ,-46, ,
1, ,-46, ,
-1, ,-45, ,
1, ,-46, ,
-1, ,-46, ,
-1, ,-45, ,
1, ,-45, ,
1, ,-46, ,
-1, ,-46, ,
1, ,-45, ,
-1, ,-46, ,
-1, ,-46, ,
1, ,-46, ,
1, ,-46, ,
-1, ,-46, ,
1, ,-46, ,
-1, ,-46, ,
-1, ,-45, ,
1, ,-46, ,
1, ,-46, ,
-1, ,-46, ,
1, ,-45, ,
-1, ,-46, ,
-1, ,-45, ,
1, ,-46, ,
1, ,-46, ,
-1, ,-45, ,
1, ,-46, ,
-1, ,-46, ,
-1, ,-45, ,
1, ,-45, ,
1, ,-46, ,
-1, ,-46, ,
1, ,-45, ,
-1, ,-46, ,
-1, ,-45, ,
1, ,-46, ,
1, ,-46, ,
-1, ,-46, ,
1, ,-45, ,
-1, ,-46, ,
-1, ,-39, ,
1, ,-19, ,
1, ,-2, ,
-1, ,11, ,
2, ,20, ,
1, ,27, ,
1, ,32, ,
1, ,36, ,
1, ,39, ,
-1, ,41, ,
2, ,43, ,
-1, ,45, ,
1, ,44, ,
1, ,45, ,
1, ,46, ,
-1, ,46, ,
1, ,47, ,
-1, ,47, ,
-1, ,46, ,
1, ,47, ,
1, ,47, ,
-1, ,47, ,
2, ,47, ,
-1, ,49, ,
-1, ,46, ,
1, ,47, ,
1, ,47, ,
-1, ,47, ,
2, ,47, ,
-1, ,47, ,
-1, ,46, ,
1, ,47, ,
1, ,49, ,
-1, ,46, ,
1, ,47, ,
-1, ,47, ,
-1, ,46, ,
1, ,47, ,
1, ,47, ,
-1, ,47, ,
2, ,47, ,
-1, ,47, ,
-1, ,46, ,
1, ,47, ,
1, ,47, ,
-1, ,47, ,
1, ,47, ,
-1, ,47, ,
-1, ,46, ,
1, ,46, ,
1, ,47, ,
-1, ,46, ,
2, ,47, ,
-1, ,47, ,
-1, ,46, ,
1, ,46, ,
1, ,47, ,
-1, ,46, ,
2, ,46, ,
-1, ,47, ,
-1, ,46, ,
1, ,46, ,
1, ,47, ,
-1, ,46, ,
1, ,46, ,
-1, ,47, ,
-1, ,47, ,
1, ,47, ,
1, ,47, ,
-1, ,47, ,
1, ,46, ,
-1, ,47, ,
-1, ,45, ,
1, ,46, ,
-1, ,46, ,
-1, ,47, ,
1, ,46, ,
-1, ,47, ,
-1, ,46, ,
1, ,46, ,
1, ,47, ,
-1, ,46, ,
2, ,47, ,
-1, ,47, ,
-1, ,46, ,
1, ,46, ,
1, ,47, ,
-1, ,46, ,
1, ,46, ,
-1, ,47, ,
-1, ,46, ,
1, ,46, ,
1, ,47, ,
-1, ,47, ,
1, ,46, ,
-1, ,47, ,
-1, ,45, ,
1, ,46, ,
1, ,47, ,
-1, ,46, ,
1, ,47, ,
-1, ,47, ,
-1, ,46, ,
1, ,46, ,
1, ,47, ,
-1, ,46, ,
1, ,46, ,
-1, ,47, ,
-1, ,45, ,
1, ,46, ,
1, ,47, ,
-1, ,46, ,
1, ,46, ,
-1, ,47, ,
-1, ,46, ,
1, ,46, ,
1, ,47, ,
-1, ,46, ,
1, ,46, ,
-1, ,47, ,
-1, ,46, ,
1, ,46, ,
1, ,47, ,
-1, ,46, ,
1, ,46, ,
1, ,47, ,
-1, ,46, ,
1, ,46, ,
1, ,47, ,
-1, ,46, ,
2, ,46, ,
-1, ,47, ,
-1, ,46, ,
1, ,46, ,
1, ,47, ,
-1, ,46, ,
1, ,46, ,
1, ,47, ,
-1, ,46, ,
1, ,46, ,
1, ,47, ,
-1, ,46, ,
1, ,46, ,
-1, ,47, ,
1, ,46, ,
1, ,47, ,
1, ,47, ,
-1, ,47, ,
2, ,47, ,
-1, ,47, ,
-1, ,46, ,
1, ,46, ,
1, ,47, ,
-1, ,46, ,
2, ,45, ,
-1, ,31, ,
-1, ,11, ,
1, ,-4, ,
1, ,-15, ,
-1, ,-23, ,
1, ,-28, ,
-1, ,-34, ,
-1, ,-37, ,
1, ,-40, ,
1, ,-42, ,
-1, ,-43, ,
1, ,-44, ,
-1, ,-45, ,
-1, ,-44, ,
1, ,-45, ,
1, ,-46, ,
-1, ,-46, ,
1, ,-45, ,
-1, ,-47, ,
1, ,-46, ,
1, ,-46, ,
1, ,-47, ,
-1, ,-46, ,
1, ,-46, ,
-1, ,-47, ,
-1, ,-45, ,
1, ,-46, ,
1, ,-47, ,
-1, ,-46, ,
1, ,-46, ,
1, ,-46, ,
-1, ,-46, ,
1, ,-46, ,
1, ,-46, ,
-1, ,-46, ,
1, ,-46, ,
-1, ,-47, ,
1, ,-45, ,
1, ,-46, ,
1, ,-46, ,
-1, ,-46, ,
2, ,-45, ,
1, ,-46, ,
-1, ,-45, ,
1, ,-46, ,
1, ,-46, ,
-1, ,-46, ,
1, ,-46, ,
-1, ,-46, ,
1, ,-45, ,
1, ,-46, ,
1, ,-46, ,
-1, ,-46, ,
1, ,-46, ,
-1, ,-46, ,
-1, ,-45, ,
1, ,-46, ,
1, ,-46, ,
-1, ,-46, ,
1, ,-46, ,
-1, ,-46, ,
-1, ,-45, ,
1, ,-46, ,
1, ,-46, ,
-1, ,-46, ,
1, ,-45, ,
1, ,-46, ,
-1, ,-46, ,
1, ,-46, ,
1, ,-46, ,
-1, ,-45, ,
1, ,-45, ,
-1, ,-46, ,
-1, ,-45, ,
1, ,-45, ,
1, ,-46, ,
-1, ,-46, ,
1, ,-45, ,
-1, ,-46, ,
-1, ,-46, ,
1, ,-46, ,
1, ,-46, ,
-1, ,-46, ,
1, ,-46, ,
-1, ,-46, ,
-1, ,-45, ,
1, ,-46, ,
1, ,-46, ,
-1, ,-46, ,
1, ,-45, ,
-1, ,-46, ,
-1, ,-46, ,
1, ,-45, ,
1, ,-46, ,
-1, ,-45, ,
1, ,-45, ,
-1, ,-46, ,
-1, ,-44, ,
1, ,-46, ,
1, ,-46, ,
-1, ,-46, ,
1, ,-45, ,
-1, ,-46, ,
-1, ,-46, ,
1, ,-46, ,
1, ,-46, ,
-1, ,-46, ,
1, ,-46, ,
-1, ,-46, ,
-1, ,-44, ,
1, ,-45, ,
1, ,-46, ,
-1, ,-46, ,
1, ,-45, ,
-1, ,-46, ,
-1, ,-46, ,
1, ,-45, ,
1, ,-46, ,
-1, ,-45, ,
1, ,-46, ,
-1, ,-46, ,
-1, ,-45, ,
1, ,-46, ,
1, ,-46, ,
-1, ,-45, ,
1, ,-45, ,
-1, ,-46, ,
-1, ,-45, ,
1, ,-46, ,
1, ,-46, ,
-1, ,-45, ,
1, ,-46, ,
-1, ,-46, ,
-1, ,-45, ,
1, ,-45, ,
1, ,-46, ,
-1, ,-45, ,
1, ,-45, ,
-1, ,-46, ,
-1, ,-45, ,
1, ,-46, ,
1, ,-46, ,
-1, ,-45, ,
1, ,-46, ,
-1, ,-46, ,
-1, ,-45, ,
1, ,-45, ,
1, ,-46, ,
-1, ,-45, ,
1, ,-45, ,
-1, ,-46, ,
-1, ,-46, ,
1, ,-46, ,
1, ,-46, ,
-1, ,-46, ,
1, ,-46, ,
-1, ,-47, ,
1, ,-45, ,
1, ,-46, ,
1, ,-46, ,
-1, ,-45, ,
1, ,-45, ,
-1, ,-46, ,
-1, ,-45, ,
1, ,-46, ,
1, ,-46, ,
-1, ,-45, ,
1, ,-46, ,
-1, ,-46, ,
-1, ,-45, ,
1, ,-45, ,
1, ,-46, ,
-1, ,-46, ,
2, ,-45, ,
-1, ,-46, ,
-1, ,-46, ,
1, ,-46, ,
1, ,-46, ,
-1, ,-46, ,
1, ,-45, ,
-1, ,-46, ,
-1, ,-45, ,
1, ,-45, ,
1, ,-46, ,
-1, ,-46, ,
1, ,-45, ,
-1, ,-46, ,
-1, ,-46, ,
1, ,-46, ,
1, ,-46, ,
-1, ,-45, ,
1, ,-45, ,
-1, ,-46, ,
-1, ,-45, ,
1, ,-45, ,
1, ,-46, ,
-1, ,-45, ,
1, ,-45, ,
-1, ,-46, ,
-1, ,-45, ,
1, ,-46, ,
1, ,-46, ,
-1, ,-46, ,
1, ,-46, ,
-1, ,-46, ,
-1, ,-45, ,
1, ,-45, ,
1, ,-46, ,
-1, ,-46, ,
1, ,-45, ,
-1, ,-46, ,
-1, ,-45, ,
1, ,-45, ,
1, ,-46, ,
-1, ,-45, ,
1, ,-46, ,
-1, ,-46, ,
-1, ,-44, ,
1, ,-45, ,
1, ,-46, ,
-1, ,-45, ,
1, ,-45, ,
-1, ,-46, ,
-1, ,-45, ,
1, ,-46, ,
1, ,-46, ,
-1, ,-45, ,
1, ,-46, ,
-1, ,-46, ,
-1, ,-45, ,
1, ,-46, ,
1, ,-46, ,
-1, ,-46, ,
1, ,-45, ,
-1, ,-46, ,
-1, ,-46, ,
1, ,-45, ,
1, ,-46, ,
-1, ,-45, ,
1, ,-46, ,
-1, ,-46, ,
-1, ,-44, ,
1, ,-45, ,
1, ,-46, ,
-1, ,-46, ,
1, ,-45, ,
-1, ,-46, ,
-1, ,-45, ,
1, ,-46, ,
1, ,-46, ,
-1, ,-46, ,
1, ,-45, ,
-1, ,-46, ,
-1, ,-45, ,
1, ,-45, ,
1, ,-46, ,
-1, ,-46, ,
1, ,-45, ,
-1, ,-46, ,
-1, ,-45, ,
1, ,-46, ,
1, ,-46, ,
-1, ,-46, ,
1, ,-45, ,
-1, ,-46, ,
-1, ,-45, ,
1, ,-45, ,
1, ,-46, ,
-1, ,-46, ,
1, ,-45, ,
-1, ,-46, ,
-1, ,-46, ,
1, ,-45, ,
1, ,-46, ,
-1, ,-46, ,
1, ,-45, ,
-1, ,-46, ,
1, ,-45, ,
1, ,-45, ,
1, ,-46, ,
-1, ,-45, ,
1, ,-45, ,
1, ,-46, ,
-1, ,-45, ,
1, ,-46, ,
1, ,-46, ,
-1, ,-45, ,
1, ,-46, ,
-1, ,-46, ,
-1, ,-45, ,
1, ,-45, ,
1, ,-46, ,
-1, ,-46, ,
1, ,-45, ,
-1, ,-46, ,
-1, ,-45, ,
1, ,-46, ,
1, ,-46, ,
-1, ,-45, ,
1, ,-45, ,
-1, ,-46, ,
-1, ,-45, ,
1, ,-45, ,
1, ,-46, ,
-1, ,-46, ,
1, ,-45, ,
-1, ,-46, ,
-1, ,-46, ,
1, ,-45, ,
1, ,-46, ,
-1, ,-45, ,
1, ,-46, ,
-1, ,-46, ,
-1, ,-44, ,
1, ,-45, ,
1, ,-46, ,
-1, ,-45, ,
1, ,-45, ,
-1, ,-46, ,
-1, ,-46, ,
1, ,-46, ,
1, ,-46, ,
-1, ,-46, ,
1, ,-46, ,
-1, ,-46, ,
-1, ,-45, ,
1, ,-45, ,
1, ,-46, ,
-1, ,-46, ,
1, ,-45, ,
-1, ,-46, ,
-1, ,-46, ,
1, ,-46, ,
1, ,-46, ,
-1, ,-45, ,
1, ,-45, ,
-1, ,-46, ,
-1, ,-45, ,
1, ,-46, ,
1, ,-46, ,
-1, ,-46, ,
1, ,-45, ,
-1, ,-46, ,
-1, ,-45, ,
1, ,-46, ,
1, ,-46, ,
-1, ,-45, ,
1, ,-46, ,
-1, ,-46, ,
-1, ,-45, ,
1, ,-46, ,
1, ,-46, ,
-1, ,-46, ,
1, ,-45, ,
-1, ,-46, ,
-1, ,-45, ,
1, ,-46, ,
1, ,-46, ,
-1, ,-45, ,
1, ,-45, ,
-1, ,-46, ,
-1, ,-45, ,
1, ,-45, ,
1, ,-46, ,
-1, ,-46, ,
1, ,-45, ,
-1, ,-46, ,
-1, ,-45, ,
1, ,-46, ,
1, ,-46, ,
-1, ,-45, ,
1, ,-45, ,
-1, ,-46, ,
-1, ,-45, ,
1, ,-46, ,
1, ,-46, ,
-1, ,-46, ,
1, ,-45, ,
-1, ,-46, ,
-1, ,-45, ,
1, ,-46, ,
1, ,-46, ,
-1, ,-45, ,
1, ,-46, ,
-1, ,-46, ,
-1, ,-44, ,
1, ,-46, ,
1, ,-46, ,
-1, ,-46, ,
1, ,-45, ,
-1, ,-46, ,
-1, ,-45, ,
1, ,-46, ,
1, ,-46, ,
-1, ,-46, ,
1, ,-45, ,
-1, ,-46, ,
-1, ,-45, ,
1, ,-45, ,
1, ,-46, ,
-1, ,-46, ,
1, ,-45, ,
-1, ,-46, ,
-1, ,-45, ,
1, ,-46, ,
1, ,-46, ,
-1, ,-45, ,
1, ,-46, ,
-1, ,-46, ,
-1, ,-44, ,
1, ,-45, ,
1, ,-46, ,
-1, ,-46, ,
1, ,-45, ,
1, ,-46, ,
-1, ,-45, ,
1, ,-46, ,
1, ,-46, ,
-1, ,-45, ,
1, ,-45, ,
-1, ,-46, ,
1, ,-44, ,
1, ,-46, ,
1, ,-46, ,
-1, ,-46, ,
1, ,-45, ,
1, ,-46, ,
-1, ,-45, ,
1, ,-46, ,
1, ,-46, ,
-1, ,-45, ,
1, ,-45, ,
-1, ,-46, ,
1, ,-44, ,
1, ,-45, ,
1, ,-46, ,
-1, ,-46, ,
1, ,-45, ,
-1, ,-46, ,
-1, ,-45, ,
1, ,-46, ,
1, ,-46, ,
-1, ,-45, ,
1, ,-46, ,
-1, ,-46, ,
-1, ,-45, ,
1, ,-46, ,
1, ,-46, ,
-1, ,-46, ,
1, ,-45, ,
-1, ,-46, ,
1, ,-45, ,
1, ,-46, ,
1, ,-46, ,
-1, ,-45, ,
1, ,-45, ,
-1, ,-46, ,
-1, ,-44, ,
1, ,-45, ,
1, ,-46, ,
-1, ,-46, ,
1, ,-45, ,
-1, ,-46, ,
-1, ,-45, ,
1, ,-46, ,
1, ,-46, ,
-1, ,-46, ,
1, ,-45, ,
-1, ,-46, ,
-1, ,-45, ,
1, ,-46, ,
1, ,-46, ,
-1, ,-46, ,
1, ,-45, ,
-1, ,-46, ,
-1, ,-46, ,
1, ,-46, ,
1, ,-46, ,
-1, ,-45, ,
1, ,-46, ,
-1, ,-46, ,
-1, ,-45, ,
1, ,-45, ,
1, ,-46, ,
-1, ,-46, ,
1, ,-45, ,
-1, ,-46, ,
-1, ,-46, ,
1, ,-45, ,
1, ,-46, ,
-1, ,-45, ,
1, ,-46, ,
-1, ,-46, ,
-1, ,-45, ,
1, ,-46, ,
1, ,-46, ,
-1, ,-46, ,
1, ,-45, ,
-1, ,-46, ,
-1, ,-45, ,
1, ,-46, ,
1, ,-46, ,
-1, ,-45, ,
1, ,-45, ,
-1, ,-46, ,
-1, ,-45, ,
1, ,-45, ,
1, ,-46, ,
-1, ,-46, ,
1, ,-46, ,
-1, ,-47, ,
-1, ,-46, ,
1, ,-46, ,
1, ,-46, ,
-1, ,-45, ,
1, ,-45, ,
-1, ,-46, ,
-1, ,-45, ,
1, ,-45, ,
1, ,-46, ,
-1, ,-46, ,
1, ,-45, ,
-1, ,-46, ,
-1, ,-45, ,
1, ,-46, ,
1, ,-46, ,
-1, ,-46, ,
1, ,-46, ,
-1, ,-46, ,
-1, ,-45, ,
1, ,-45, ,
1, ,-46, ,
-1, ,-46, ,
1, ,-45, ,
-1, ,-46, ,
-1, ,-45, ,
1, ,-46, ,
1, ,-46, ,
-1, ,-45, ,
1, ,-45, ,
-1, ,-46, ,
-1, ,-45, ,
1, ,-45, ,
1, ,-46, ,
-1, ,-46, ,
1, ,-45, ,
-1, ,-46, ,
1, ,-46, ,
1, ,-46, ,
1, ,-46, ,
-1, ,-46, ,
1, ,-46, ,
-1, ,-46, ,
-1, ,-45, ,
1, ,-45, ,
1, ,-46, ,
-1, ,-45, ,
1, ,-45, ,
-1, ,-46, ,
-1, ,-45, ,
1, ,-46, ,
1, ,-46, ,
-1, ,-46, ,
1, ,-46, ,
-1, ,-46, ,
-1, ,-45, ,
1, ,-46, ,
1, ,-46, ,
-1, ,-46, ,
1, ,-45, ,
-1, ,-46, ,
-1, ,-45, ,
1, ,-46, ,
1, ,-46, ,
-1, ,-46, ,
1, ,-46, ,
-1, ,-46, ,
-1, ,-45, ,
1, ,-45, ,
1, ,-46, ,
-1, ,-46, ,
1, ,-46, ,
1, ,-46, ,
-1, ,-46, ,
1, ,-46, ,
1, ,-46, ,
-1, ,-45, ,
1, ,-45, ,
-1, ,-46, ,
-1, ,-45, ,
1, ,-45, ,
1, ,-46, ,
-1, ,-46, ,
1, ,-45, ,
-1, ,-46, ,
-1, ,-45, ,
1, ,-46, ,
1, ,-46, ,
-1, ,-46, ,
1, ,-45, ,
-1, ,-46, ,
-1, ,-45, ,
1, ,-45, ,
1, ,-46, ,
-1, ,-46, ,
1, ,-45, ,
-1, ,-46, ,
-1, ,-45, ,
1, ,-46, ,
1, ,-46, ,
-1, ,-45, ,
1, ,-46, ,
-1, ,-46, ,
-1, ,-45, ,
1, ,-45, ,
1, ,-46, ,
-1, ,-46, ,
1, ,-45, ,
-1, ,-46, ,
-1, ,-45, ,
1, ,-46, ,
1, ,-46, ,
-1, ,-46, ,
1, ,-46, ,
-1, ,-46, ,
-1, ,-45, ,
1, ,-43, ,
2, ,-25, ,
-1, ,-7, ,
1, ,7, ,
-1, ,17, ,
-1, ,25, ,
1, ,31, ,
1, ,36, ,
-1, ,38, ,
1, ,41, ,
-1, ,43, ,
-1, ,43, ,
1, ,45, ,
-1, ,46, ,
-1, ,46, ,
1, ,46, ,
-1, ,47, ,
-1, ,46, ,
1, ,47, ,
1, ,47, ,
-1, ,47, ,
2, ,47, ,
-1, ,47, ,
-1, ,46, ,
1, ,47, ,
1, ,47, ,
-1, ,47, ,
1, ,47, ,
-1, ,49, ,
-1, ,46, ,
1, ,47, ,
1, ,47, ,
-1, ,46, ,
1, ,47, ,
-1, ,47, ,
-1, ,46, ,
1, ,46, ,
1, ,47, ,
-1, ,47, ,
1, ,47, ,
-1, ,47, ,
-1, ,46, ,
1, ,47, ,
1, ,47, ,
-1, ,46, ,
1, ,47, ,
-1, ,47, ,
-1, ,46, ,
1, ,46, ,
1, ,47, ,
-1, ,46, ,
1, ,47, ,
-1, ,47, ,
-1, ,46, ,
1, ,46, ,
1, ,47, ,
-1, ,46, ,
1, ,47, ,
-1, ,47, ,
-1, ,45, ,
1, ,46, ,
1, ,47, ,
-1, ,46, ,
1, ,47, ,
-1, ,47, ,
-1, ,46, ,
1, ,47, ,
1, ,47, ,
-1, ,46, ,
1, ,46, ,
-1, ,47, ,
-1, ,46, ,
1, ,46, ,
1, ,47, ,
-1, ,46, ,
2, ,46, ,
-1, ,47, ,
-1, ,46, ,
1, ,47, ,
1, ,47, ,
-1, ,46, ,
1, ,47, ,
-1, ,47, ,
-1, ,46, ,
1, ,46, ,
1, ,47, ,
-1, ,46, ,
1, ,47, ,
-1, ,47, ,
-1, ,46, ,
1, ,47, ,
1, ,47, ,
-1, ,46, ,
1, ,47, ,
-1, ,47, ,
-1, ,46, ,
97, ,46, ,
59, ,47, ,
35, ,46, ,
24, ,47, ,
15, ,47, ,
10, ,46, ,
8, ,46, ,
5, ,47, ,
3, ,46, ,
5, ,47, ,
2, ,47, ,
2, ,45, ,
3, ,46, ,
3, ,47, ,
1, ,46, ,
3, ,46, ,
2, ,47, ,
2, ,46, ,
3, ,46, ,
2, ,47, ,
1, ,46, ,
3, ,46, ,
2, ,47, ,
2, ,45, ,
2, ,46, ,
2, ,47, ,
1, ,46, ,
3, ,47, ,
2, ,47, ,
2, ,46, ,
3, ,46, ,
2, ,47, ,
1, ,46, ,
3, ,46, ,
2, ,47, ,
2, ,46, ,
3, ,46, ,
2, ,46, ,
1, ,46, ,
2, ,46, ,
2, ,47, ,
2, ,45, ,
3, ,46, ,
2, ,47, ,
1, ,46, ,
3, ,46, ,
2, ,47, ,
2, ,46, ,
3, ,46, ,
2, ,47, ,
1, ,46, ,
2, ,47, ,
2, ,47, ,
2, ,46, ,
2, ,46, ,
2, ,47, ,
1, ,46, ,
3, ,47, ,
2, ,47, ,
1, ,34, ,
2, ,14, ,
2, ,-1, ,
1, ,-13, ,
2, ,-21, ,
1, ,-28, ,
1, ,-33, ,
2, ,-37, ,
2, ,-39, ,
1, ,-41, ,
3, ,-42, ,
2, ,-44, ,
2, ,-44, ,
2, ,-45, ,
3, ,-46, ,
1, ,-46, ,
3, ,-45, ,
2, ,-47, ,
2, ,-46, ,
2, ,-46, ,
3, ,-46, ,
1, ,-46, ,
3, ,-46, ,
2, ,-47, ,
2, ,-45, ,
2, ,-46, ,
2, ,-47, ,
1, ,-46, ,
3, ,-46, ,
2, ,-46, ,
2, ,-46, ,
2, ,-46, ,
2, ,-46, ,
1, ,-46, ,
3, ,-46, ,
2, ,-46, ,
2, ,-45, ,
2, ,-46, ,
2, ,-46, ,
1, ,-46, ,
3, ,-46, ,
2, ,-46, ,
2, ,-46, ,
2, ,-46, ,
2, ,-46, ,
1, ,-46, ,
3, ,-46, ,
2, ,-46, ,
2, ,-45, ,
2, ,-45, ,
2, ,-46, ,
1, ,-46, ,
2, ,-45, ,
2, ,-46, ,
2, ,-46, ,
2, ,-46, ,
2, ,-46, ,
1, ,-45, ,
2, ,-46, ,
1, ,-46, ,
2, ,-45, ,
2, ,-45, ,
2, ,-46, ,
1, ,-45, ,
2, ,-46, ,
2, ,-46, ,
2, ,-45, ,
2, ,-46, ,
2, ,-46, ,
1, ,-45, ,
3, ,-46, ,
2, ,-46, ,
1, ,-45, ,
2, ,-45, ,
2, ,-46, ,
1, ,-46, ,
3, ,-46, ,
1, ,-46, ,
1, ,-46, ,
2, ,-46, ,
2, ,-46, ,
1, ,-46, ,
2, ,-46, ,
1, ,-46, ,
1, ,-45, ,
2, ,-45, ,
2, ,-46, ,
1, ,-46, ,
2, ,-46, ,
2, ,-46, ,
1, ,-46, ,
2, ,-46, ,
2, ,-46, ,
1, ,-45, ,
2, ,-46, ,
2, ,-46, ,
1, ,-45, ,
2, ,-45, ,
2, ,-46, ,
1, ,-45, ,
2, ,-45, ,
2, ,-46, ,
1, ,-45, ,
2, ,-46, ,
2, ,-46, ,
1, ,-46, ,
2, ,-45, ,
1, ,-46, ,
1, ,-45, ,
2, ,-45, ,
1, ,-46, ,
1, ,-46, ,
3, ,-45, ,
1, ,-46, ,
1, ,-46, ,
2, ,-46, ,
2, ,-46, ,
1, ,-45, ,
2, ,-45, ,
1, ,-46, ,
1, ,-45, ,
2, ,-45, ,
1, ,-46, ,
1, ,-45, ,
3, ,-45, ,
2, ,-46, ,
1, ,-46, ,
1, ,-45, ,
1, ,-46, ,
1, ,-45, ,
2, ,-46, ,
1, ,-46, ,
1, ,-45, ,
2, ,-45, ,
2, ,-46, ,
1, ,-46, ,
2, ,-45, ,
1, ,-46, ,
2, ,-46, ,
2, ,-46, ,
2, ,-46, ,
1, ,-46, ,
2, ,-46, ,
1, ,-46, ,
1, ,-45, ,
2, ,-45, ,
1, ,-46, ,
1, ,-46, ,
2, ,-45, ,
2, ,-46, ,
1, ,-45, ,
2, ,-45, ,
1, ,-46, ,
1, ,-46, ,
2, ,-46, ,
1, ,-46, ,
1, ,-45, ,
2, ,-45, ,
2, ,-46, ,
1, ,-46, ,
2, ,-45, ,
1, ,-46, ,
1, ,-46, ,
2, ,-45, ,
2, ,-46, ,
1, ,-45, ,
2, ,-46, ,
1, ,-47, ,
1, ,-45, ,
2, ,-45, ,
2, ,-46, ,
1, ,-45, ,
2, ,-45, ,
2, ,-46, ,
2, ,-46, ,
2, ,-46, ,
1, ,-46, ,
1, ,-45, ,
2, ,-45, ,
1, ,-46, ,
1, ,-45, ,
2, ,-46, ,
2, ,-46, ,
1, ,-45, ,
2, ,-46, ,
1, ,-46, ,
1, ,-46, ,
2, ,-45, ,
2, ,-46, ,
1, ,-46, ,
2, ,-45, ,
1, ,-46, ,
1, ,-45, ,
2, ,-45, ,
2, ,-46, ,
1, ,-46, ,
2, ,-45, ,
1, ,-46, ,
1, ,-46, ,
2, ,-46, ,
1, ,-46, ,
1, ,-45, ,
2, ,-45, ,
1, ,-46, ,
1, ,-45, ,
2, ,-45, ,
2, ,-46, ,
1, ,-45, ,
2, ,-45, ,
1, ,-46, ,
1, ,-45, ,
2, ,-46, ,
2, ,-46, ,
1, ,-45, ,
2, ,-45, ,
1, ,-46, ,
1, ,-45, ,
2, ,-45, ,
1, ,-46, ,
1, ,-46, ,
2, ,-45, ,
1, ,-46, ,
1, ,-46, ,
2, ,-46, ,
2, ,-46, ,
1, ,-46, ,
2, ,-45, ,
1, ,-46, ,
1, ,-45, ,
2, ,-45, ,
2, ,-46, ,
1, ,-46, ,
2, ,-45, ,
1, ,-46, ,
2, ,-46, ,
2, ,-46, ,
1, ,-46, ,
1, ,-45, ,
2, ,-46, ,
1, ,-46, ,
1, ,-45, ,
2, ,-45, ,
1, ,-46, ,
1, ,-46, ,
2, ,-45, ,
1, ,-46, ,
1, ,-45, ,
2, ,-45, ,
2, ,-46, ,
1, ,-45, ,
2, ,-46, ,
1, ,-46, ,
1, ,-45, ,
2, ,-45, ,
1, ,-46, ,
-1, ,-45, ,
2, ,-45, ,
1, ,-46, ,
1, ,-45, ,
2, ,-46, ,
1, ,-46, ,
1, ,-46, ,
2, ,-46, ,
1, ,-46, ,
1, ,-45, ,
1, ,-46, ,
1, ,-46, ,
1, ,-46, ,
2, ,-45, ,
1, ,-46, ,
1, ,-46, ,
2, ,-45, ,
1, ,-46, ,
-1, ,-45, ,
2, ,-45, ,
1, ,-46, ,
1, ,-46, ,
2, ,-46, ,
1, ,-46, ,
-1, ,-46, ,
2, ,-46, ,
1, ,-46, ,
1, ,-46, ,
2, ,-45, ,
1, ,-45, ,
1, ,-46, ,
2, ,-45, ,
1, ,-46, ,
1, ,-45, ,
2, ,-45, ,
1, ,-46, ,
-1, ,-45, ,
2, ,-45, ,
1, ,-46, ,
1, ,-45, ,
1, ,-45, ,
1, ,-46, ,
1, ,-46, ,
2, ,-46, ,
1, ,-46, ,
1, ,-46, ,
2, ,-46, ,
2, ,-46, ,
-1, ,-46, ,
2, ,-45, ,
1, ,-46, ,
1, ,-45, ,
2, ,-46, ,
1, ,-46, ,
1, ,-46, ,
2, ,-45, ,
1, ,-46, ,
1, ,-45, ,
2, ,-46, ,
1, ,-46, ,
1, ,-45, ,
2, ,-45, ,
1, ,-46, ,
1, ,-46, ,
1, ,-46, ,
2, ,-46, ,
1, ,-46, ,
2, ,-45, ,
1, ,-46, ,
1, ,-45, ,
2, ,-46, ,
2, ,-46, ,
-1, ,-45, ,
2, ,-45, ,
1, ,-46, ,
1, ,-45, ,
1, ,-45, ,
1, ,-46, ,
1, ,-45, ,
2, ,-46, ,
1, ,-46, ,
1, ,-46, ,
2, ,-45, ,
1, ,-46, ,
-1, ,-46, ,
2, ,-45, ,
1, ,-46, ,
1, ,-45, ,
1, ,-46, ,
1, ,-46, ,
1, ,-45, ,
2, ,-46, ,
1, ,-46, ,
1, ,-45, ,
2, ,-46, ,
2, ,-46, ,
1, ,-46, ,
2, ,-45, ,
1, ,-46, ,
1, ,-45, ,
2, ,-46, ,
1, ,-46, ,
1, ,-46, ,
2, ,-46, ,
1, ,-46, ,
1, ,-45, ,
1, ,-46, ,
1, ,-46, ,
-1, ,-46, ,
2, ,-45, ,
1, ,-46, ,
1, ,-45, ,
1, ,-46, ,
1, ,-46, ,
1, ,-45, ,
2, ,-46, ,
1, ,-46, ,
1, ,-45, ,
2, ,-45, ,
2, ,-46, ,
-1, ,-45, ,
2, ,-45, ,
1, ,-46, ,
1, ,-46, ,
1, ,-46, ,
1, ,-46, ,
-1, ,-46, ,
2, ,-45, ,
1, ,-46, ,
1, ,-46, ,
1, ,-46, ,
1, ,-46, ,
-1, ,-45, ,
2, ,-45, ,
1, ,-46, ,
1, ,-46, ,
1, ,-46, ,
1, ,-46, ,
-1, ,-46, ,
2, ,-45, ,
1, ,-46, ,
1, ,-45, ,
1, ,-46, ,
1, ,-46, ,
-1, ,-45, ,
2, ,-45, ,
1, ,-46, ,
1, ,-45, ,
1, ,-46, ,
1, ,-46, ,
-1, ,-46, ,
2, ,-45, ,
1, ,-46, ,
1, ,-46, ,
1, ,-46, ,
1, ,-46, ,
-1, ,-45, ,
1, ,-45, ,
1, ,-46, ,
1, ,-45, ,
1, ,-46, ,
1, ,-46, ,
-1, ,-45, ,
2, ,-45, ,
1, ,-46, ,
1, ,-45, ,
1, ,-46, ,
1, ,-46, ,
-1, ,-45, ,
2, ,-45, ,
1, ,-46, ,
1, ,-45, ,
1, ,-46, ,
1, ,-46, ,
-1, ,-45, ,
2, ,-46, ,
1, ,-46, ,
1, ,-45, ,
2, ,-46, ,
1, ,-46, ,
-1, ,-46, ,
1, ,-46, ,
1, ,-46, ,
1, ,-45, ,
1, ,-46, ,
1, ,-46, ,
-1, ,-46, ,
2, ,-46, ,
1, ,-46, ,
1, ,-45, ,
1, ,-45, ,
1, ,-46, ,
-1, ,-45, ,
2, ,-45, ,
1, ,-46, ,
1, ,-45, ,
1, ,-46, ,
1, ,-46, ,
-1, ,-46, ,
2, ,-45, ,
1, ,-46, ,
1, ,-45, ,
2, ,-46, ,
1, ,-46, ,
-1, ,-46, ,
1, ,-46, ,
1, ,-46, ,
1, ,-45, ,
1, ,-46, ,
1, ,-46, ,
-1, ,-46, ,
2, ,-46, ,
1, ,-46, ,
1, ,-45, ,
2, ,-45, ,
1, ,-46, ,
-1, ,-46, ,
2, ,-46, ,
1, ,-46, ,
1, ,-45, ,
1, ,-46, ,
1, ,-46, ,
-1, ,-46, ,
2, ,-46, ,
1, ,-46, ,
1, ,-45, ,
1, ,-46, ,
1, ,-46, ,
-1, ,-45, ,
1, ,-45, ,
1, ,-46, ,
1, ,-45, ,
1, ,-46, ,
1, ,-46, ,
-1, ,-45, ,
2, ,-45, ,
1, ,-46, ,
1, ,-45, ,
1, ,-46, ,
1, ,-46, ,
-1, ,-46, ,
2, ,-45, ,
1, ,-46, ,
1, ,-45, ,
1, ,-46, ,
1, ,-46, ,
-1, ,-46, ,
1, ,-46, ,
1, ,-46, ,
1, ,-45, ,
1, ,-46, ,
1, ,-46, ,
-1, ,-45, ,
2, ,-45, ,
1, ,-46, ,
1, ,-45, ,
1, ,-46, ,
1, ,-46, ,
-1, ,-46, ,
2, ,-46, ,
1, ,-46, ,
1, ,-45, ,
1, ,-46, ,
1, ,-46, ,
-1, ,-45, ,
2, ,-45, ,
1, ,-46, ,
1, ,-46, ,
1, ,-46, ,
1, ,-46, ,
-1, ,-45, ,
2, ,-45, ,
1, ,-46, ,
1, ,-46, ,
1, ,-46, ,
1, ,-46, ,
-1, ,-45, ,
2, ,-45, ,
1, ,-46, ,
1, ,-45, ,
1, ,-46, ,
1, ,-46, ,
-1, ,-46, ,
1, ,-46, ,
1, ,-46, ,
1, ,-45, ,
1, ,-46, ,
1, ,-46, ,
-1, ,-45, ,
1, ,-45, ,
1, ,-46, ,
1, ,-46, ,
1, ,-46, ,
1, ,-46, ,
-1, ,-46, ,
2, ,-46, ,
1, ,-46, ,
1, ,-45, ,
1, ,-46, ,
1, ,-46, ,
-1, ,-46, ,
1, ,-45, ,
1, ,-46, ,
1, ,-45, ,
1, ,-46, ,
1, ,-46, ,
-1, ,-46, ,
2, ,-45, ,
-1, ,-46, ,
1, ,-45, ,
1, ,-46, ,
1, ,-46, ,
-1, ,-45, ,
1, ,-45, ,
1, ,-46, ,
1, ,-46, ,
1, ,-46, ,
1, ,-46, ,
-1, ,-46, ,
2, ,-46, ,
1, ,-46, ,
1, ,-45, ,
1, ,-46, ,
1, ,-46, ,
-1, ,-45, ,
1, ,-45, ,
1, ,-46, ,
-1, ,-45, ,
1, ,-46, ,
1, ,-46, ,
-1, ,-45, ,
1, ,-45, ,
-1, ,-46, ,
1, ,-45, ,
1, ,-46, ,
2, ,-46, ,
-1, ,-45, ,
2, ,-45, ,
1, ,-46, ,
1, ,-45, ,
1, ,-46, ,
1, ,-46, ,
-1, ,-46, ,
2, ,-46, ,
1, ,-46, ,
1, ,-45, ,
1, ,-46, ,
2, ,-46, ,
-1, ,-46, ,
1, ,-46, ,
1, ,-46, ,
1, ,-45, ,
1, ,-46, ,
1, ,-46, ,
-1, ,-46, ,
1, ,-45, ,
-1, ,-46, ,
1, ,-45, ,
2, ,-46, ,
1, ,-46, ,
-1, ,-46, ,
2, ,-46, ,
1, ,-46, ,
1, ,-45, ,
1, ,-46, ,
1, ,-46, ,
-1, ,-46, ,
1, ,-45, ,
-1, ,-47, ,
-1, ,-45, ,
1, ,-46, ,
1, ,-46, ,
-1, ,-32, ,
2, ,-12, ,
1, ,4, ,
1, ,15, ,
2, ,23, ,
1, ,30, ,
-1, ,35, ,
2, ,38, ,
1, ,40, ,
1, ,42, ,
2, ,43, ,
1, ,45, ,
-1, ,45, ,
1, ,46, ,
1, ,47, ,
1, ,46, ,
1, ,47, ,
1, ,47, ,
-1, ,47, ,
2, ,47, ,
-1, ,47, ,
-1, ,46, ,
1, ,47, ,
1, ,49, ,
-1, ,46, ,
1, ,47, ,
1, ,47, ,
-1, ,46, ,
2, ,47, ,
1, ,47, ,
-1, ,47, ,
2, ,47, ,
-1, ,47, ,
-1, ,46, ,
1, ,47, ,
1, ,47, ,
-1, ,46, ,
1, ,47, ,
1, ,47, ,
-1, ,45, ,
1, ,47, ,
1, ,47, ,
-1, ,47, ,
2, ,46, ,
1, ,47, ,
-1, ,46, ,
1, ,47, ,
1, ,47, ,
-1, ,46, ,
1, ,47, ,
-1, ,47, ,
1, ,46, ,
1, ,47, ,
1, ,47, ,
-1, ,47, ,
2, ,47, ,
-1, ,47, ,
-1, ,46, ,
1, ,47, ,
1, ,46, ,
-1, ,46, ,
2, ,47, ,
-1, ,47, ,
-1, ,46, ,
1, ,47, ,
1, ,47, ,
-1, ,46, ,
2, ,47, ,
-1, ,47, ,
-1, ,46, ,
1, ,47, ,
1, ,47, ,
-1, ,46, ,
2, ,47, ,
1, ,47, ,
-1, ,46, ,
2, ,47, ,
1, ,47, ,
-1, ,47, ,
2, ,46, ,
-1, ,47, ,
1, ,46, ,
1, ,46, ,
1, ,47, ,
-1, ,46, ,
2, ,47, ,
1, ,47, ,
-1, ,46, ,
1, ,47, ,
1, ,47, ,
-1, ,47, ,
2, ,47, ,
-1, ,47, ,
1, ,46, ,
2, ,46, ,
1, ,47, ,
-1, ,46, ,
2, ,47, ,
-1, ,47, ,
-1, ,45, ,
1, ,46, ,
1, ,47, ,
-1, ,46, ,
2, ,46, ,
-1, ,47, ,
-1, ,45, ,
1, ,46, ,
1, ,47, ,
-1, ,46, ,
2, ,47, ,
-1, ,47, ,
-1, ,45, ,
1, ,46, ,
1, ,47, ,
-1, ,47, ,
2, ,46, ,
1, ,47, ,
-1, ,46, ,
1, ,47, ,
1, ,47, ,
-1, ,46, ,
2, ,47, ,
1, ,47, ,
1, ,46, ,
1, ,47, ,
1, ,47, ,
-1, ,46, ,
2, ,46, ,
-1, ,47, ,
1, ,46, ,
1, ,46, ,
-1, ,47, ,
-1, ,46, ,
2, ,47, ,
-1, ,47, ,
-1, ,45, ,
1, ,47, ,
1, ,47, ,
-1, ,46, ,
1, ,46, ,
-1, ,47, ,
-1, ,46, ,
1, ,46, ,
1, ,47, ,
-1, ,46, ,
1, ,46, ,
1, ,47, ,
-1, ,45, ,
1, ,46, ,
1, ,47, ,
-1, ,46, ,
2, ,46, ,
-1, ,47, ,
1, ,46, ,
1, ,40, ,
-1, ,20, ,
-1, ,3, ,
1, ,-9, ,
-1, ,-19, ,
-1, ,-26, ,
1, ,-32, ,
-1, ,-36, ,
-1, ,-39, ,
1, ,-41, ,
-1, ,-43, ,
-1, ,-43, ,
1, ,-44, ,
1, ,-45, ,
-1, ,-45, ,
1, ,-45, ,
-1, ,-47, ,
1, ,-46, ,
1, ,-46, ,
1, ,-46, ,
-1, ,-46, ,
1, ,-46, ,
-1, ,-47, ,
-1, ,-46, ,
1, ,-46, ,
1, ,-47, ,
-1, ,-46, ,
1, ,-46, ,
1, ,-47, ,
-1, ,-46, ,
1, ,-46, ,
1, ,-46, ,
-1, ,-46, ,
1, ,-46, ,
-1, ,-47, ,
1, ,-46, ,
1, ,-46, ,
1, ,-47, ,
-1, ,-46, ,
1, ,-46, ,
-1, ,-46, ,
-1, ,-45, ,
1, ,-46, ,
1, ,-46, ,
-1, ,-46, ,
1, ,-46, ,
-1, ,-47, ,
-1, ,-45, ,
1, ,-46, ,
1, ,-46, ,
-1, ,-46, ,
1, ,-45, ,
1, ,-46, ,
-1, ,-45, ,
1, ,-46, ,
1, ,-46, ,
-1, ,-46, ,
1, ,-45, ,
-1, ,-46, ,
-1, ,-45, ,
1, ,-46, ,
1, ,-46, ,
-1, ,-45, ,
1, ,-45, ,
-1, ,-46, ,
-1, ,-45, ,
1, ,-46, ,
1, ,-46, ,
-1, ,-46, ,
1, ,-45, ,
-1, ,-46, ,
-1, ,-45, ,
1, ,-46, ,
1, ,-46, ,
-1, ,-45, ,
1, ,-45, ,
-1, ,-46, ,
-1, ,-45, ,
1, ,-46, ,
1, ,-46, ,
-1, ,-46, ,
1, ,-45, ,
-1, ,-46, ,
-1, ,-45, ,
1, ,-46, ,
1, ,-46, ,
-1, ,-45, ,
1, ,-45, ,
-1, ,-46, ,
-1, ,-45, ,
1, ,-46, ,
1, ,-46, ,
-1, ,-46, ,
1, ,-45, ,
-1, ,-46, ,
-1, ,-45, ,
1, ,-46, ,
1, ,-46, ,
-1, ,-46, ,
1, ,-46, ,
-1, ,-46, ,
-1, ,-45, ,
1, ,-46, ,
1, ,-46, ,
-1, ,-45, ,
1, ,-45, ,
-1, ,-46, ,
1, ,-45, ,
1, ,-46, ,
1, ,-46, ,
-1, ,-45, ,
1, ,-46, ,
1, ,-46, ,
-1, ,-46, ,
1, ,-46, ,
1, ,-46, ,
-1, ,-46, ,
1, ,-45, ,
-1, ,-46, ,
-1, ,-45, ,
1, ,-45, ,
1, ,-46, ,
-1, ,-45, ,
1, ,-45, ,
-1, ,-46, ,
-1, ,-45, ,
1, ,-46, ,
1, ,-46, ,
-1, ,-45, ,
1, ,-46, ,
-1, ,-46, ,
-1, ,-45, ,
1, ,-45, ,
1, ,-46, ,
-1, ,-46, ,
1, ,-46, ,
-1, ,-46, ,
-1, ,-45, ,
1, ,-46, ,
1, ,-46, ,
-1, ,-46, ,
1, ,-46, ,
-1, ,-46, ,
-1, ,-45, ,
1, ,-46, ,
1, ,-46, ,
-1, ,-45, ,
1, ,-45, ,
-1, ,-46, ,
-1, ,-45, ,
1, ,-45, ,
1, ,-46, ,
-1, ,-45, ,
1, ,-45, ,
-1, ,-46, ,
-1, ,-45, ,
1, ,-45, ,
1, ,-46, ,
-1, ,-45, ,
1, ,-45, ,
-1, ,-46, ,
-1, ,-45, ,
1, ,-46, ,
1, ,-46, ,
-1, ,-46, ,
1, ,-45, ,
-1, ,-46, ,
-1, ,-45, ,
1, ,-45, ,
1, ,-46, ,
-1, ,-45, ,
1, ,-45, ,
-1, ,-46, ,
-1, ,-45, ,
1, ,-46, ,
1, ,-46, ,
-1, ,-46, ,
1, ,-46, ,
-1, ,-46, ,
-1, ,-45, ,
1, ,-46, ,
1, ,-46, ,
-1, ,-45, ,
1, ,-45, ,
-1, ,-46, ,
-1, ,-45, ,
1, ,-45, ,
1, ,-46, ,
-1, ,-45, ,
1, ,-45, ,
-1, ,-46, ,
-1, ,-45, ,
1, ,-46, ,
1, ,-46, ,
-1, ,-46, ,
1, ,-45, ,
-1, ,-46, ,
-1, ,-45, ,
1, ,-45, ,
1, ,-46, ,
-1, ,-46, ,
1, ,-46, ,
-1, ,-46, ,
-1, ,-45, ,
1, ,-46, ,
1, ,-46, ,
-1, ,-45, ,
1, ,-45, ,
-1, ,-46, ,
-1, ,-45, ,
1, ,-46, ,
1, ,-46, ,
-1, ,-45, ,
1, ,-45, ,
-1, ,-46, ,
-1, ,-45, ,
1, ,-46, ,
1, ,-46, ,
-1, ,-45, ,
1, ,-45, ,
-1, ,-46, ,
-1, ,-45, ,
1, ,-46, ,
1, ,-46, ,
-1, ,-45, ,
1, ,-45, ,
-1, ,-46, ,
-1, ,-45, ,
1, ,-45, ,
1, ,-46, ,
-1, ,-46, ,
2, ,-46, ,
-1, ,-46, ,
-1, ,-45, ,
1, ,-46, ,
1, ,-46, ,
-1, ,-45, ,
1, ,-46, ,
-1, ,-46, ,
-1, ,-45, ,
1, ,-46, ,
1, ,-46, ,
-1, ,-45, ,
1, ,-45, ,
-1, ,-46, ,
-1, ,-45, ,
1, ,-45, ,
1, ,-46, ,
-1, ,-46, ,
1, ,-45, ,
-1, ,-46, ,
-1, ,-45, ,
1, ,-46, ,
1, ,-46, ,
-1, ,-45, ,
1, ,-45, ,
1, ,-46, ,
-1, ,-45, ,
1, ,-46, ,
1, ,-46, ,
-1, ,-45, ,
1, ,-45, ,
-1, ,-46, ,
-1, ,-45, ,
1, ,-45, ,
1, ,-46, ,
-1, ,-46, ,
1, ,-46, ,
1, ,-46, ,
-1, ,-45, ,
1, ,-46, ,
1, ,-46, ,
-1, ,-45, ,
1, ,-45, ,
-1, ,-46, ,
1, ,-45, ,
1, ,-46, ,
1, ,-46, ,
-1, ,-45, ,
1, ,-45, ,
1, ,-46, ,
-1, ,-45, ,
1, ,-45, ,
1, ,-46, ,
-1, ,-45, ,
1, ,-45, ,
-1, ,-46, ,
-1, ,-45, ,
1, ,-46, ,
1, ,-46, ,
-2, ,-45, ,
1, ,-45, ,
1, ,-46, ,
1, ,-45, ,
2, ,-46, ,
1, ,-46, ,
-1, ,-45, ,
1, ,-45, ,
-1, ,-46, ,
-1, ,-45, ,
1, ,-46, ,
-1, ,-46, ,
-1, ,-45, ,
1, ,-45, ,
-1, ,-46, ,
-1, ,-45, ,
1, ,-45, ,
1, ,-46, ,
-1, ,-45, ,
1, ,-45, ,
-1, ,-46, ,
1, ,-45, ,
1, ,-46, ,
1, ,-46, ,
-1, ,-45, ,
1, ,-46, ,
-1, ,-46, ,
-1, ,-45, ,
1, ,-45, ,
1, ,-46, ,
-1, ,-46, ,
1, ,-45, ,
-1, ,-46, ,
-1, ,-45, ,
1, ,-46, ,
1, ,-46, ,
-1, ,-46, ,
1, ,-46, ,
-1, ,-46, ,
-1, ,-45, ,
1, ,-46, ,
1, ,-46, ,
-1, ,-45, ,
1, ,-45, ,
-1, ,-46, ,
-1, ,-45, ,
1, ,-45, ,
1, ,-46, ,
-1, ,-45, ,
1, ,-45, ,
-1, ,-46, ,
-1, ,-45, ,
1, ,-46, ,
1, ,-46, ,
-1, ,-45, ,
1, ,-46, ,
-1, ,-46, ,
-1, ,-45, ,
1, ,-45, ,
1, ,-46, ,
-1, ,-46, ,
1, ,-45, ,
-1, ,-46, ,
-1, ,-45, ,
1, ,-45, ,
1, ,-46, ,
-1, ,-46, ,
1, ,-45, ,
-1, ,-46, ,
-1, ,-45, ,
1, ,-45, ,
1, ,-46, ,
-1, ,-45, ,
1, ,-45, ,
-1, ,-46, ,
-1, ,-45, ,
1, ,-46, ,
1, ,-46, ,
-1, ,-46, ,
1, ,-45, ,
-1, ,-46, ,
-1, ,-45, ,
1, ,-45, ,
1, ,-46, ,
-1, ,-45, ,
1, ,-45, ,
-1, ,-46, ,
-1, ,-45, ,
1, ,-46, ,
1, ,-46, ,
-1, ,-46, ,
1, ,-45, ,
-1, ,-46, ,
-1, ,-45, ,
1, ,-45, ,
1, ,-46, ,
-1, ,-45, ,
1, ,-45, ,
1, ,-46, ,
-1, ,-45, ,
1, ,-46, ,
1, ,-46, ,
-1, ,-46, ,
1, ,-45, ,
-1, ,-46, ,
1, ,-45, ,
1, ,-45, ,
1, ,-46, ,
-1, ,-46, ,
1, ,-46, ,
-1, ,-46, ,
-1, ,-46, ,
1, ,-46, ,
1, ,-46, ,
-1, ,-46, ,
1, ,-45, ,
1, ,-46, ,
1, ,-45, ,
1, ,-45, ,
1, ,-46, ,
-1, ,-46, ,
1, ,-45, ,
-1, ,-46, ,
-1, ,-45, ,
1, ,-46, ,
1, ,-46, ,
-1, ,-45, ,
1, ,-46, ,
-1, ,-46, ,
-1, ,-45, ,
1, ,-45, ,
-1, ,-46, ,
-1, ,-46, ,
1, ,-46, ,
-1, ,-46, ,
-1, ,-45, ,
1, ,-46, ,
1, ,-46, ,
-1, ,-46, ,
1, ,-46, ,
-1, ,-46, ,
-1, ,-45, ,
1, ,-45, ,
1, ,-46, ,
-1, ,-46, ,
1, ,-45, ,
-1, ,-46, ,
-1, ,-45, ,
1, ,-46, ,
1, ,-46, ,
-1, ,-46, ,
1, ,-45, ,
-1, ,-46, ,
-1, ,-45, ,
1, ,-46, ,
1, ,-46, ,
-1, ,-46, ,
1, ,-45, ,
-1, ,-46, ,
-1, ,-45, ,
1, ,-46, ,
1, ,-46, ,
-1, ,-46, ,
1, ,-46, ,
-1, ,-46, ,
-1, ,-45, ,
1, ,-45, ,
1, ,-46, ,
-1, ,-46, ,
1, ,-46, ,
-1, ,-46, ,
-1, ,-45, ,
1, ,-46, ,
1, ,-46, ,
-1, ,-46, ,
1, ,-46, ,
-1, ,-46, ,
-1, ,-45, ,
1, ,-46, ,
1, ,-46, ,
-1, ,-46, ,
1, ,-46, ,
-1, ,-46, ,
10, ,-45, ,
76, ,-46, ,
48, ,-46, ,
27, ,-46, ,
18, ,-46, ,
11, ,-46, ,
7, ,-45, ,
6, ,-45, ,
5, ,-46, ,
2, ,-45, ,
5, ,-45, ,
2, ,-46, ,
2, ,-46, ,
3, ,-46, ,
3, ,-46, ,
2, ,-46, ,
3, ,-46, ,
2, ,-46, ,
2, ,-45, ,
3, ,-46, ,
3, ,-46, ,
2, ,-45, ,
3, ,-45, ,
2, ,-46, ,
2, ,-45, ,
2, ,-45, ,
3, ,-46, ,
2, ,-45, ,
3, ,-45, ,
2, ,-46, ,
2, ,-45, ,
3, ,-46, ,
3, ,-46, ,
2, ,-45, ,
3, ,-45, ,
2, ,-46, ,
2, ,-46, ,
3, ,-46, ,
3, ,-46, ,
2, ,-45, ,
3, ,-45, ,
2, ,-46, ,
2, ,-45, ,
2, ,-46, ,
3, ,-46, ,
2, ,-45, ,
3, ,-46, ,
2, ,-46, ,
1, ,-45, ,
2, ,-46, ,
3, ,-46, ,
2, ,-46, ,
3, ,-46, ,
2, ,-46, ,
2, ,-45, ,
2, ,-46, ,
3, ,-46, ,
1, ,-45, ,
3, ,-45, ,
2, ,-46, ,
2, ,-45, ,
2, ,-46, ,
3, ,-46, ,
2, ,-46, ,
3, ,-46, ,
2, ,-46, ,
2, ,-45, ,
2, ,-46, ,
2, ,-46, ,
1, ,-46, ,
3, ,-45, ,
2, ,-46, ,
2, ,-45, ,
2, ,-46, ,
2, ,-46, ,
1, ,-46, ,
3, ,-45, ,
2, ,-46, ,
1, ,-45, ,
2, ,-45, ,
2, ,-46, ,
1, ,-45, ,
3, ,-45, ,
2, ,-46, ,
1, ,-45, ,
2, ,-46, ,
2, ,-46, ,
1, ,-45, ,
3, ,-46, ,
2, ,-46, ,
1, ,-46, ,
2, ,-46, ,
2, ,-46, ,
1, ,-45, ,
2, ,-45, ,
2, ,-46, ,
1, ,-45, ,
2, ,-46, ,
2, ,-46, ,
1, ,-46, ,
2, ,-45, ,
2, ,-46, ,
1, ,-45, ,
2, ,-46, ,
2, ,-46, ,
1, ,-45, ,
3, ,-46, ,
2, ,-46, ,
2, ,-45, ,
2, ,-46, ,
2, ,-46, ,
1, ,-45, ,
2, ,-45, ,
2, ,-46, ,
1, ,-45, ,
2, ,-46, ,
2, ,-46, ,
1, ,-45, ,
2, ,-45, ,
1, ,-46, ,
1, ,-45, ,
2, ,-46, ,
2, ,-46, ,
1, ,-46, ,
2, ,-46, ,
1, ,-46, ,
2, ,-45, ,
2, ,-46, ,
2, ,-46, ,
1, ,-45, ,
2, ,-46, ,
2, ,-46, ,
1, ,-45, ,
2, ,-46, ,
2, ,-46, ,
1, ,-45, ,
2, ,-45, ,
1, ,-46, ,
2, ,-45, ,
2, ,-46, ,
2, ,-46, ,
1, ,-45, ,
2, ,-46, ,
2, ,-46, ,
2, ,-46, ,
2, ,-46, ,
2, ,-46, ,
1, ,-46, ,
3, ,-45, ,
1, ,-46, ,
1, ,-45, ,
2, ,-45, ,
2, ,-46, ,
1, ,-45, ,
2, ,-37, ,
2, ,-17, ,
2, ,0, ,
3, ,12, ,
2, ,21, ,
1, ,28, ,
2, ,33, ,
1, ,37, ,
2, ,39, ,
2, ,42, ,
2, ,43, ,
1, ,44, ,
3, ,45, ,
1, ,46, ,
1, ,45, ,
2, ,47, ,
2, ,47, ,
1, ,47, ,
2, ,47, ,
1, ,47, ,
1, ,47, ,
2, ,47, ,
2, ,47, ,
1, ,47, ,
2, ,47, ,
1, ,49, ,
1, ,46, ,
2, ,47, ,
2, ,47, ,
1, ,47, ,
2, ,47, ,
2, ,49, ,
1, ,46, ,
2, ,47, ,
1, ,47, ,
1, ,46, ,
2, ,47, ,
1, ,47, ,
1, ,46, ,
2, ,47, ,
1, ,47, ,
1, ,47, ,
2, ,47, ,
1, ,47, ,
1, ,46, ,
2, ,46, ,
2, ,47, ,
1, ,46, ,
2, ,47, ,
2, ,47, ,
1, ,46, ,
2, ,47, ,
1, ,47, ,
1, ,46, ,
2, ,46, ,
1, ,47, ,
1, ,46, ,
2, ,47, ,
1, ,47, ,
1, ,47, ,
2, ,47, ,
1, ,47, ,
1, ,46, ,
2, ,47, ,
1, ,47, ,
1, ,47, ,
2, ,46, ,
1, ,47, ,
1, ,46, ,
2, ,46, ,
1, ,47, ,
1, ,46, ,
2, ,46, ,
1, ,47, ,
1, ,46, ,
2, ,47, ,
1, ,47, ,
1, ,46, ,
2, ,47, ,
1, ,47, ,
1, ,46, ,
2, ,47, ,
1, ,47, ,
1, ,46, ,
2, ,46, ,
1, ,47, ,
1, ,46, ,
2, ,47, ,
1, ,47, ,
1, ,46, ,
2, ,46, ,
1, ,47, ,
1, ,46, ,
2, ,47, ,
1, ,47, ,
1, ,46, ,
2, ,46, ,
1, ,47, ,
1, ,46, ,
1, ,46, ,
1, ,47, ,
1, ,47, ,
2, ,46, ,
1, ,47, ,
1, ,46, ,
2, ,46, ,
2, ,47, ,
1, ,46, ,
2, ,46, ,
1, ,47, ,
1, ,46, ,
2, ,47, ,
1, ,47, ,
1, ,46, ,
2, ,46, ,
1, ,47, ,
1, ,46, ,
2, ,47, ,
1, ,47, ,
1, ,46, ,
2, ,46, ,
1, ,47, ,
1, ,46, ,
2, ,46, ,
1, ,46, ,
1, ,46, ,
2, ,46, ,
1, ,47, ,
1, ,46, ,
1, ,46, ,
1, ,47, ,
1, ,46, ,
2, ,46, ,
1, ,47, ,
1, ,46, ,
1, ,47, ,
2, ,47, ,
1, ,46, ,
2, ,46, ,
1, ,47, ,
1, ,46, ,
2, ,46, ,
2, ,47, ,
1, ,46, ,
2, ,46, ,
1, ,47, ,
1, ,46, ,
2, ,46, ,
1, ,47, ,
1, ,46, ,
2, ,46, ,
1, ,47, ,
1, ,46, ,
2, ,47, ,
1, ,43, ,
-1, ,25, ,
1, ,6, ,
1, ,-7, ,
1, ,-18, ,
1, ,-24, ,
1, ,-31, ,
-1, ,-35, ,
2, ,-38, ,
1, ,-40, ,
1, ,-41, ,
2, ,-43, ,
2, ,-44, ,
1, ,-44, ,
2, ,-45, ,
1, ,-46, ,
1, ,-46, ,
1, ,-46, ,
1, ,-46, ,
1, ,-46, ,
2, ,-46, ,
1, ,-47, ,
1, ,-46, ,
2, ,-46, ,
2, ,-47, ,
-1, ,-46, ,
2, ,-46, ,
1, ,-47, ,
1, ,-46, ,
1, ,-46, ,
1, ,-47, ,
1, ,-46, ,
2, ,-46, ,
1, ,-47, ,
1, ,-46, ,
1, ,-46, ,
2, ,-47, ,
1, ,-46, ,
2, ,-46, ,
1, ,-46, ,
1, ,-45, ,
2, ,-46, ,
1, ,-46, ,
1, ,-46, ,
2, ,-46, ,
1, ,-46, ,
1, ,-45, ,
1, ,-46, ,
1, ,-46, ,
-1, ,-46, ,
2, ,-46, ,
1, ,-46, ,
1, ,-46, ,
1, ,-46, ,
1, ,-46, ,
1, ,-46, ,
2, ,-46, ,
1, ,-46, ,
1, ,-45, ,
2, ,-46, ,
1, ,-46, ,
-1, ,-46, ,
2, ,-46, ,
1, ,-46, ,
1, ,-46, ,
1, ,-46, ,
1, ,-46, ,
-1, ,-46, ,
2, ,-46, ,
1, ,-47, ,
1, ,-45, ,
1, ,-46, ,
1, ,-46, ,
-1, ,-46, ,
2, ,-46, ,
1, ,-46, ,
1, ,-45, ,
1, ,-46, ,
1, ,-46, ,
-1, ,-46, ,
2, ,-46, ,
1, ,-46, ,
1, ,-45, ,
2, ,-46, ,
2, ,-46, ,
-1, ,-46, ,
2, ,-45, ,
1, ,-46, ,
1, ,-46, ,
1, ,-46, ,
1, ,-46, ,
1, ,-46, ,
2, ,-45, ,
1, ,-46, ,
1, ,-45, ,
2, ,-46, ,
1, ,-46, ,
1, ,-46, ,
2, ,-45, ,
1, ,-46, ,
1, ,-46, ,
1, ,-46, ,
1, ,-46, ,
-1, ,-46, ,
2, ,-45, ,
1, ,-46, ,
1, ,-45, ,
2, ,-46, ,
2, ,-46, ,
-1, ,-46, ,
2, ,-46, ,
1, ,-46, ,
1, ,-45, ,
2, ,-46, ,
1, ,-46, ,
-1, ,-46, ,
2, ,-46, ,
1, ,-46, ,
1, ,-45, ,
1, ,-46, ,
1, ,-46, ,
-1, ,-46, ,
2, ,-45, ,
1, ,-46, ,
1, ,-45, ,
1, ,-46, ,
1, ,-46, ,
-1, ,-46, ,
2, ,-45, ,
1, ,-46, ,
1, ,-45, ,
1, ,-46, ,
1, ,-46, ,
-1, ,-45, ,
2, ,-45, ,
1, ,-46, ,
1, ,-45, ,
1, ,-46, ,
2, ,-46, ,
1, ,-45, ,
2, ,-45, ,
1, ,-46, ,
1, ,-46, ,
1, ,-46, ,
1, ,-46, ,
-1, ,-45, ,
1, ,-45, ,
1, ,-46, ,
1, ,-45, ,
1, ,-46, ,
1, ,-46, ,
-1, ,-45, ,
1, ,-46, ,
1, ,-46, ,
1, ,-45, ,
2, ,-45, ,
2, ,-46, ,
-1, ,-46, ,
2, ,-45, ,
1, ,-46, ,
1, ,-45, ,
1, ,-46, ,
1, ,-46, ,
-1, ,-46, ,
2, ,-46, ,
1, ,-46, ,
1, ,-46, ,
1, ,-46, ,
1, ,-46, ,
-1, ,-45, ,
2, ,-45, ,
1, ,-46, ,
1, ,-45, ,
1, ,-46, ,
1, ,-46, ,
-1, ,-45, ,
1, ,-46, ,
1, ,-46, ,
1, ,-45, ,
1, ,-46, ,
1, ,-46, ,
-1, ,-45, ,
2, ,-45, ,
1, ,-46, ,
1, ,-45, ,
1, ,-46, ,
2, ,-46, ,
1, ,-45, ,
2, ,-45, ,
1, ,-46, ,
1, ,-45, ,
1, ,-46, ,
1, ,-46, ,
-1, ,-45, ,
2, ,-45, ,
1, ,-46, ,
1, ,-45, ,
1, ,-46, ,
1, ,-46, ,
-1, ,-46, ,
2, ,-45, ,
1, ,-46, ,
1, ,-45, ,
1, ,-45, ,
1, ,-46, ,
-1, ,-45, ,
2, ,-45, ,
1, ,-46, ,
1, ,-45, ,
1, ,-46, ,
1, ,-46, ,
-1, ,-45, ,
2, ,-45, ,
-1, ,-46, ,
1, ,-45, ,
1, ,-46, ,
1, ,-46, ,
-1, ,-45, ,
2, ,-45, ,
1, ,-46, ,
-1, ,-45, ,
1, ,-46, ,
1, ,-46, ,
1, ,-46, ,
2, ,-45, ,
1, ,-46, ,
1, ,-45, ,
1, ,-45, ,
1, ,-46, ,
-1, ,-45, ,
2, ,-45, ,
1, ,-46, ,
1, ,-45, ,
1, ,-46, ,
1, ,-46, ,
-1, ,-45, ,
2, ,-46, ,
1, ,-46, ,
1, ,-45, ,
1, ,-46, ,
1, ,-46, ,
-1, ,-45, ,
2, ,-45, ,
1, ,-46, ,
1, ,-45, ,
1, ,-46, ,
1, ,-46, ,
-1, ,-46, ,
2, ,-45, ,
1, ,-46, ,
1, ,-45, ,
1, ,-46, ,
1, ,-46, ,
-1, ,-46, ,
2, ,-45, ,
1, ,-46, ,
1, ,-45, ,
1, ,-46, ,
1, ,-46, ,
-1, ,-46, ,
2, ,-45, ,
1, ,-46, ,
1, ,-45, ,
2, ,-45, ,
1, ,-46, ,
-1, ,-45, ,
2, ,-45, ,
1, ,-46, ,
1, ,-46, ,
1, ,-46, ,
1, ,-46, ,
-1, ,-46, ,
2, ,-45, ,
1, ,-46, ,
-1, ,-45, ,
1, ,-45, ,
2, ,-46, ,
-1, ,-45, ,
1, ,-45, ,
1, ,-46, ,
1, ,-46, ,
1, ,-46, ,
1, ,-46, ,
-1, ,-45, ,
2, ,-45, ,
1, ,-46, ,
1, ,-45, ,
1, ,-46, ,
1, ,-46, ,
-1, ,-45, ,
1, ,-45, ,
1, ,-46, ,
-1, ,-45, ,
1, ,-46, ,
1, ,-46, ,
-1, ,-46, ,
1, ,-45, ,
1, ,-46, ,
1, ,-45, ,
1, ,-45, ,
1, ,-46, ,
-1, ,-45, ,
1, ,-45, ,
1, ,-46, ,
1, ,-45, ,
1, ,-46, ,
1, ,-46, ,
-1, ,-45, ,
1, ,-45, ,
-1, ,-46, ,
-1, ,-46, ,
1, ,-45, ,
1, ,-46, ,
-1, ,-45, ,
1, ,-45, ,
1, ,-46, ,
1, ,-45, ,
1, ,-46, ,
1, ,-46, ,
-1, ,-45, ,
1, ,-45, ,
-1, ,-46, ,
1, ,-45, ,
1, ,-46, ,
78, ,-46, ,
60, ,-45, ,
36, ,-45, ,
22, ,-46, ,
13, ,-45, ,
10, ,-46, ,
7, ,-46, ,
3, ,-46, ,
5, ,-46, ,
3, ,-46, ,
2, ,-45, ,
3, ,-45, ,
2, ,-46, ,
1, ,-46, ,
3, ,-45, ,
2, ,-46, ,
2, ,-45, ,
2, ,-46, ,
3, ,-46, ,
1, ,-46, ,
3, ,-46, ,
2, ,-46, ,
2, ,-45, ,
2, ,-45, ,
3, ,-46, ,
2, ,-45, ,
3, ,-46, ,
2, ,-46, ,
2, ,-45, ,
2, ,-46, ,
3, ,-46, ,
1, ,-46, ,
3, ,-45, ,
2, ,-46, ,
2, ,-45, ,
2, ,-46, ,
2, ,-46, ,
2, ,-45, ,
3, ,-46, ,
2, ,-46, ,
2, ,-46, ,
3, ,-46, ,
3, ,-46, ,
2, ,-45, ,
3, ,-45, ,
2, ,-46, ,
2, ,-45, ,
2, ,-46, ,
3, ,-46, ,
1, ,-45, ,
3, ,-46, ,
2, ,-46, ,
2, ,-45, ,
3, ,-46, ,
3, ,-46, ,
1, ,-45, ,
3, ,-46, ,
2, ,-46, ,
2, ,-45, ,
2, ,-45, ,
3, ,-46, ,
1, ,-45, ,
3, ,-45, ,
2, ,-46, ,
2, ,-46, ,
2, ,-46, ,
2, ,-46, ,
2, ,-46, ,
3, ,-45, ,
2, ,-46, ,
2, ,-45, ,
2, ,-45, ,
3, ,-46, ,
1, ,-46, ,
2, ,-45, ,
2, ,-46, ,
2, ,-46, ,
2, ,-46, ,
3, ,-46, ,
1, ,-46, ,
3, ,-45, ,
2, ,-46, ,
2, ,-45, ,
2, ,-46, ,
3, ,-46, ,
1, ,-46, ,
3, ,-45, ,
2, ,-46, ,
1, ,-45, ,
2, ,-46, ,
3, ,-46, ,
1, ,-46, ,
2, ,-46, ,
2, ,-46, ,
1, ,-45, ,
2, ,-46, ,
2, ,-46, ,
1, ,-45, ,
2, ,-45, ,
2, ,-46, ,
1, ,-45, ,
2, ,-46, ,
2, ,-46, ,
1, ,-46, ,
3, ,-45, ,
1, ,-46, ,
1, ,-45, ,
2, ,-46, ,
2, ,-46, ,
1, ,-45, ,
3, ,-46, ,
2, ,-46, ,
2, ,-45, ,
2, ,-46, ,
2, ,-46, ,
1, ,-46, ,
2, ,-45, ,
1, ,-46, ,
1, ,-45, ,
2, ,-45, ,
2, ,-46, ,
1, ,-45, ,
2, ,-45, ,
2, ,-46, ,
2, ,-45, ,
3, ,-46, ,
2, ,-46, ,
1, ,-46, ,
2, ,-46, ,
1, ,-46, ,
2, ,-45, ,
2, ,-46, ,
2, ,-46, ,
1, ,-46, ,
2, ,-45, ,
1, ,-46, ,
1, ,-45, ,
2, ,-46, ,
3, ,-46, ,
1, ,-46, ,
2, ,-45, ,
1, ,-46, ,
2, ,-45, ,
2, ,-46, ,
2, ,-46, ,
1, ,-45, ,
2, ,-45, ,
1, ,-46, ,
1, ,-45, ,
2, ,-46, ,
2, ,-46, ,
1, ,-45, ,
3, ,-45, ,
1, ,-46, ,
2, ,-45, ,
2, ,-46, ,
2, ,-46, ,
1, ,-46, ,
2, ,-46, ,
1, ,-46, ,
1, ,-46, ,
2, ,-46, ,
2, ,-46, ,
1, ,-46, ,
2, ,-45, ,
1, ,-46, ,
1, ,-45, ,
2, ,-46, ,
2, ,-46, ,
1, ,-46, ,
2, ,-45, ,
1, ,-46, ,
2, ,-46, ,
2, ,-46, ,
2, ,-46, ,
1, ,-46, ,
2, ,-45, ,
1, ,-46, ,
2, ,-45, ,
2, ,-46, ,
2, ,-46, ,
1, ,-45, ,
2, ,-45, ,
1, ,-46, ,
2, ,-45, ,
2, ,-45, ,
2, ,-46, ,
1, ,-46, ,
2, ,-45, ,
1, ,-46, ,
2, ,-45, ,
2, ,-46, ,
2, ,-46, ,
1, ,-45, ,
2, ,-45, ,
1, ,-46, ,
1, ,-45, ,
2, ,-46, ,
2, ,-46, ,
1, ,-46, ,
2, ,-46, ,
1, ,-46, ,
1, ,-45, ,
2, ,-46, ,
2, ,-46, ,
1, ,-45, ,
2, ,-45, ,
1, ,-46, ,
2, ,-45, ,
2, ,-46, ,
2, ,-46, ,
1, ,-46, ,
2, ,-46, ,
1, ,-46, ,
1, ,-45, ,
2, ,-46, ,
1, ,-46, ,
1, ,-45, ,
2, ,-45, ,
1, ,-46, ,
1, ,-45, ,
2, ,-46, ,
2, ,-46, ,
1, ,-46, ,
3, ,-46, ,
1, ,-46, ,
1, ,-45, ,
2, ,-45, ,
2, ,-46, ,
1, ,-45, ,
2, ,-45, ,
1, ,-46, ,
1, ,-45, ,
2, ,-46, ,
2, ,-46, ,
1, ,-46, ,
2, ,-45, ,
1, ,-46, ,
2, ,-45, ,
2, ,-45, ,
2, ,-46, ,
1, ,-45, ,
2, ,-45, ,
1, ,-46, ,
1, ,-45, ,
2, ,-46, ,
2, ,-46, ,
1, ,-46, ,
2, ,-46, ,
1, ,-46, ,
1, ,-45, ,
2, ,-46, ,
1, ,-46, ,
-1, ,-45, ,
2, ,-45, ,
1, ,-46, ,
1, ,-45, ,
2, ,-46, ,
2, ,-46, ,
1, ,-46, ,
2, ,-46, ,
1, ,-46, ,
1, ,-45, ,
2, ,-46, ,
1, ,-46, ,
1, ,-46, ,
2, ,-45, ,
1, ,-46, ,
1, ,-45, ,
2, ,-46, ,
1, ,-46, ,
1, ,-45, ,
2, ,-45, ,
1, ,-46, ,
1, ,-45, ,
2, ,-45, ,
1, ,-46, ,
1, ,-45, ,
2, ,-46, ,
1, ,-46, ,
1, ,-45, ,
1, ,-46, ,
1, ,-46, ,
1, ,-46, ,
2, ,-46, ,
1, ,-46, ,
1, ,-45, ,
2, ,-46, ,
2, ,-46, ,
-1, ,-45, ,
2, ,-45, ,
1, ,-46, ,
1, ,-45, ,
2, ,-46, ,
1, ,-46, ,
1, ,-46, ,
2, ,-45, ,
1, ,-46, ,
1, ,-45, ,
2, ,-45, ,
1, ,-46, ,
1, ,-46, ,
2, ,-45, ,
1, ,-42, ,
1, ,-22, ,
2, ,-4, ,
2, ,8, ,
1, ,19, ,
2, ,26, ,
1, ,32, ,
1, ,36, ,
2, ,39, ,
2, ,41, ,
1, ,42, ,
2, ,44, ,
1, ,46, ,
1, ,45, ,
2, ,46, ,
1, ,47, ,
1, ,47, ,
2, ,47, ,
1, ,47, ,
1, ,46, ,
2, ,47, ,
1, ,47, ,
1, ,47, ,
2, ,46, ,
1, ,49, ,
1, ,47, ,
2, ,47, ,
1, ,49, ,
1, ,47, ,
2, ,47, ,
1, ,49, ,
1, ,47, ,
2, ,47, ,
1, ,47, ,
1, ,46, ,
2, ,46, ,
1, ,47, ,
1, ,46, ,
2, ,47, ,
1, ,47, ,
1, ,47, ,
2, ,46, ,
1, ,47, ,
1, ,46, ,
2, ,47, ,
1, ,47, ,
1, ,46, ,
2, ,46, ,
1, ,47, ,
1, ,45, ,
2, ,47, ,
1, ,47, ,
1, ,47, ,
2, ,46, ,
1, ,47, ,
1, ,46, ,
2, ,47, ,
1, ,47, ,
1, ,46, ,
2, ,47, ,
1, ,47, ,
1, ,46, ,
2, ,46, ,
1, ,47, ,
1, ,47, ,
2, ,46, ,
1, ,47, ,
1, ,46, ,
2, ,47, ,
1, ,47, ,
1, ,46, ,
2, ,46, ,
1, ,47, ,
1, ,45, ,
2, ,46, ,
1, ,47, ,
-1, ,46, ,
2, ,46, ,
1, ,47, ,
1, ,46, ,
2, ,47, ,
1, ,47, ,
1, ,46, ,
2, ,47, ,
1, ,47, ,
1, ,46, ,
1, ,46, ,
1, ,47, ,
-1, ,46, ,
2, ,46, ,
1, ,47, ,
1, ,46, ,
1, ,46, ,
1, ,47, ,
-1, ,46, ,
2, ,46, ,
1, ,47, ,
1, ,46, ,
2, ,47, ,
1, ,47, ,
-1, ,46, ,
2, ,46, ,
1, ,47, ,
1, ,46, ,
2, ,46, ,
1, ,47, ,
-1, ,46, ,
2, ,46, ,
1, ,47, ,
1, ,46, ,
2, ,47, ,
1, ,47, ,
-1, ,47, ,
2, ,46, ,
1, ,47, ,
1, ,46, ,
1, ,46, ,
1, ,47, ,
-1, ,46, ,
2, ,46, ,
1, ,47, ,
1, ,46, ,
2, ,46, ,
1, ,47, ,
-1, ,46, ,
2, ,46, ,
1, ,47, ,
1, ,46, ,
2, ,46, ,
1, ,47, ,
-1, ,46, ,
2, ,47, ,
1, ,47, ,
1, ,46, ,
2, ,46, ,
1, ,47, ,
-1, ,47, ,
2, ,46, ,
1, ,47, ,
1, ,46, ,
1, ,46, ,
1, ,47, ,
-1, ,46, ,
2, ,47, ,
1, ,47, ,
1, ,46, ,
2, ,46, ,
1, ,47, ,
-1, ,46, ,
2, ,46, ,
1, ,47, ,
1, ,46, ,
2, ,46, ,
1, ,47, ,
-1, ,45, ,
2, ,31, ,
1, ,12, ,
1, ,-3, ,
1, ,-15, ,
1, ,-22, ,
-1, ,-30, ,
2, ,-34, ,
1, ,-38, ,
1, ,-39, ,
2, ,-41, ,
1, ,-43, ,
-1, ,-44, ,
1, ,-45, ,
1, ,-46, ,
1, ,-45, ,
1, ,-46, ,
1, ,-46, ,
1, ,-46, ,
2, ,-46, ,
1, ,-47, ,
1, ,-46, ,
1, ,-46, ,
1, ,-47, ,
-1, ,-46, ,
2, ,-46, ,
1, ,-47, ,
1, ,-46, ,
2, ,-47, ,
1, ,-46, ,
1, ,-46, ,
2, ,-46, ,
1, ,-47, ,
1, ,-46, ,
1, ,-46, ,
1, ,-46, ,
-1, ,-46, ,
2, ,-46, ,
1, ,-46, ,
1, ,-46, ,
2, ,-46, ,
1, ,-47, ,
1, ,-46, ,
2, ,-46, ,
1, ,-46, ,
1, ,-45, ,
2, ,-46, ,
1, ,-47, ,
-1, ,-46, ,
2, ,-45, ,
1, ,-46, ,
1, ,-45, ,
1, ,-46, ,
1, ,-46, ,
-1, ,-46, ,
2, ,-45, ,
1, ,-46, ,
1, ,-45, ,
1, ,-46, ,
1, ,-47, ,
-1, ,-46, ,
1, ,-46, ,
-1, ,-46, ,
1, ,-45, ,
2, ,-46, ,
1, ,-46, ,
-1, ,-45, ,
1, ,-45, ,
-1, ,-46, ,
1, ,-45, ,
1, ,-46, ,
1, ,-46, ,
-1, ,-46, ,
2, ,-45, ,
1, ,-46, ,
-1, ,-45, ,
1, ,-46, ,
1, ,-46, ,
-1, ,-46, ,
1, ,-46, ,
1, ,-46, ,
1, ,-45, ,
1, ,-46, ,
1, ,-46, ,
-1, ,-46, ,
2, ,-45, ,
1, ,-46, ,
1, ,-45, ,
1, ,-46, ,
1, ,-46, ,
-1, ,-45, ,
2, ,-45, ,
1, ,-46, ,
1, ,-45, ,
1, ,-46, ,
1, ,-46, ,
-1, ,-45, ,
1, ,-45, ,
1, ,-46, ,
1, ,-45, ,
1, ,-46, ,
1, ,-46, ,
-1, ,-45, ,
2, ,-45, ,
-1, ,-46, ,
1, ,-45, ,
2, ,-45, ,
1, ,-46, ,
-1, ,-45, ,
2, ,-46, ,
1, ,-46, ,
1, ,-45, ,
1, ,-46, ,
1, ,-45, ,
-1, ,-46, ,
2, ,-46, ,
-1, ,-46, ,
1, ,-45, ,
1, ,-46, ,
1, ,-46, ,
-1, ,-45, ,
2, ,-45, ,
1, ,-46, ,
-1, ,-45, ,
1, ,-46, ,
2, ,-46, ,
-1, ,-46, ,
2, ,-46, ,
1, ,-46, ,
1, ,-45, ,
1, ,-46, ,
1, ,-46, ,
-1, ,-45, ,
1, ,-45, ,
1, ,-46, ,
1, ,-45, ,
1, ,-46, ,
1, ,-46, ,
-1, ,-46, ,
2, ,-45, ,
1, ,-46, ,
1, ,-45, ,
2, ,-45, ,
2, ,-46, ,
-1, ,-45, ,
2, ,-45, ,
1, ,-46, ,
1, ,-45, ,
1, ,-46, ,
1, ,-46, ,
-1, ,-45, ,
1, ,-46, ,
1, ,-46, ,
1, ,-45, ,
1, ,-45, ,
1, ,-46, ,
-1, ,-45, ,
2, ,-45, ,
1, ,-46, ,
1, ,-45, ,
1, ,-46, ,
1, ,-46, ,
-1, ,-45, ,
1, ,-45, ,
1, ,-46, ,
1, ,-45, ,
1, ,-45, ,
1, ,-46, ,
-1, ,-45, ,
1, ,-45, ,
1, ,-46, ,
1, ,-45, ,
1, ,-46, ,
2, ,-46, ,
-1, ,-46, ,
2, ,-45, ,
1, ,-46, ,
1, ,-45, ,
1, ,-45, ,
1, ,-46, ,
-1, ,-45, ,
1, ,-45, ,
-1, ,-46, ,
-1, ,-45, ,
1, ,-45, ,
1, ,-46, ,
-1, ,-45, ,
1, ,-45, ,
-1, ,-46, ,
-1, ,-45, ,
1, ,-45, ,
1, ,-46, ,
-1, ,-45, ,
1, ,-45, ,
1, ,-46, ,
-1, ,-45, ,
1, ,-46, ,
1, ,-46, ,
-1, ,-46, ,
2, ,-45, ,
-1, ,-46, ,
1, ,-45, ,
1, ,-45, ,
1, ,-46, ,
-1, ,-45, ,
1, ,-45, ,
1, ,-46, ,
-1, ,-45, ,
1, ,-46, ,
1, ,-46, ,
-1, ,-45, ,
1, ,-45, ,
-1, ,-46, ,
-1, ,-45, ,
1, ,-45, ,
1, ,-46, ,
-1, ,-45, ,
1, ,-45, ,
1, ,-46, ,
-1, ,-45, ,
1, ,-46, ,
1, ,-45, ,
-1, ,-46, ,
1, ,-45, ,
-1, ,-46, ,
1, ,-45, ,
1, ,-45, ,
1, ,-46, ,
-1, ,-45, ,
1, ,-46, ,
1, ,-46, ,
-1, ,-45, ,
1, ,-46, ,
1, ,-46, ,
-1, ,-45, ,
1, ,-45, ,
-1, ,-46, ,
1, ,-45, ,
2, ,-45, ,
1, ,-46, ,
-1, ,-45, ,
2, ,-45, ,
1, ,-46, ,
-1, ,-45, ,
1, ,-45, ,
1, ,-46, ,
-1, ,-46, ,
2, ,-45, ,
-1, ,-46, ,
-1, ,-45, ,
1, ,-46, ,
1, ,-46, ,
-1, ,-46, ,
1, ,-45, ,
1, ,-46, ,
1, ,-45, ,
1, ,-46, ,
1, ,-46, ,
-1, ,-46, ,
1, ,-45, ,
1, ,-46, ,
1, ,-45, ,
2, ,-45, ,
1, ,-45, ,
-1, ,-45, ,
2, ,-45, ,
1, ,-46, ,
1, ,-45, ,
1, ,-46, ,
1, ,-46, ,
-1, ,-46, ,
2, ,-45, ,
1, ,-46, ,
1, ,-45, ,
1, ,-46, ,
2, ,-46, ,
-1, ,-46, ,
1, ,-45, ,
1, ,-46, ,
1, ,-45, ,
2, ,-46, ,
1, ,-46, ,
-1, ,-45, ,
2, ,-45, ,
1, ,-46, ,
1, ,-45, ,
1, ,-45, ,
1, ,-46, ,
-1, ,-45, ,
1, ,-45, ,
1, ,-46, ,
1, ,-45, ,
1, ,-46, ,
2, ,-46, ,
-1, ,-46, ,
1, ,-45, ,
-1, ,-46, ,
1, ,-45, ,
1, ,-45, ,
1, ,-46, ,
-1, ,-45, ,
1, ,-45, ,
1, ,-46, ,
-1, ,-45, ,
1, ,-46, ,
1, ,-46, ,
-1, ,-46, ,
1, ,-45, ,
-1, ,-46, ,
1, ,-45, ,
1, ,-45, ,
1, ,-46, ,
-1, ,-45, ,
2, ,-45, ,
-1, ,-46, ,
-1, ,-45, ,
1, ,-46, ,
1, ,-46, ,
-1, ,-45, ,
1, ,-45, ,
-1, ,-46, ,
-1, ,-45, ,
1, ,-46, ,
2, ,-46, ,
-1, ,-45, ,
1, ,-45, ,
1, ,-46, ,
-1, ,-45, ,
1, ,-46, ,
1, ,-46, ,
-1, ,-46, ,
1, ,-46, ,
-1, ,-46, ,
-1, ,-45, ,
1, ,-45, ,
1, ,-46, ,
-1, ,-45, ,
1, ,-45, ,
-1, ,-46, ,
-1, ,-45, ,
1, ,-46, ,
1, ,-46, ,
-1, ,-45, ,
1, ,-45, ,
-1, ,-46, ,
-1, ,-45, ,
1, ,-46, ,
1, ,-46, ,
-1, ,-45, ,
1, ,-45, ,
-1, ,-46, ,
-1, ,-45, ,
1, ,-45, ,
1, ,-46, ,
-1, ,-46, ,
1, ,-45, ,
-1, ,-46, ,
-1, ,-45, ,
1, ,-46, ,
1, ,-46, ,
-1, ,-45, ,
1, ,-45, ,
-1, ,-46, ,
-1, ,-45, ,
1, ,-46, ,
1, ,-46, ,
-1, ,-46, ,
1, ,-45, ,
-1, ,-46, ,
-1, ,-45, ,
1, ,-46, ,
1, ,-46, ,
-1, ,-46, ,
1, ,-45, ,
-1, ,-46, ,
-1, ,-45, ,
1, ,-45, ,
1, ,-46, ,
-1, ,-45, ,
1, ,-45, ,
-1, ,-46, ,
-1, ,-45, ,
1, ,-45, ,
1, ,-46, ,
-1, ,-45, ,
2, ,-45, ,
-1, ,-46, ,
-1, ,-45, ,
1, ,-46, ,
1, ,-46, ,
-1, ,-45, ,
1, ,-46, ,
-1, ,-46, ,
1, ,-45, ,
1, ,-45, ,
1, ,-46, ,
-1, ,-45, ,
1, ,-45, ,
-1, ,-46, ,
-1, ,-45, ,
1, ,-46, ,
1, ,-46, ,
-1, ,-46, ,
2, ,-45, ,
-1, ,-46, ,
-1, ,-45, ,
2, ,-45, ,
1, ,-46, ,
-1, ,-45, ,
1, ,-45, ,
1, ,-46, ,
1, ,-45, ,
1, ,-46, ,
1, ,-46, ,
-1, ,-45, ,
2, ,-45, ,
1, ,-46, ,
1, ,-45, ,
1, ,-45, ,
1, ,-46, ,
-1, ,-45, ,
1, ,-45, ,
-1, ,-46, ,
1, ,-45, ,
1, ,-46, ,
1, ,-46, ,
-1, ,-45, ,
1, ,-45, ,
1, ,-46, ,
-1, ,-45, ,
1, ,-45, ,
1, ,-46, ,
-1, ,-46, ,
1, ,-46, ,
-1, ,-46, ,
1, ,-45, ,
1, ,-46, ,
1, ,-46, ,
-1, ,-45, ,
1, ,-45, ,
-1, ,-46, ,
-1, ,-45, ,
1, ,-45, ,
1, ,-46, ,
-1, ,-45, ,
1, ,-45, ,
-1, ,-46, ,
-1, ,-46, ,
1, ,-46, ,
1, ,-46, ,
-1, ,-46, ,
1, ,-46, ,
-1, ,-46, ,
-1, ,-45, ,
1, ,-45, ,
1, ,-46, ,
-1, ,-45, ,
1, ,-45, ,
-1, ,-46, ,
-1, ,-45, ,
1, ,-45, ,
1, ,-46, ,
-1, ,-45, ,
1, ,-45, ,
-1, ,-46, ,
-1, ,-45, ,
1, ,-45, ,
1, ,-46, ,
-1, ,-45, ,
1, ,-45, ,
-1, ,-46, ,
-1, ,-45, ,
1, ,-46, ,
1, ,-46, ,
-1, ,-46, ,
1, ,-45, ,
-1, ,-46, ,
-1, ,-45, ,
1, ,-45, ,
1, ,-46, ,
-1, ,-45, ,
1, ,-45, ,
-1, ,-46, ,
-1, ,-45, ,
1, ,-46, ,
1, ,-46, ,
-1, ,-45, ,
1, ,-45, ,
-1, ,-46, ,
-1, ,-45, ,
1, ,-45, ,
1, ,-46, ,
-1, ,-45, ,
1, ,-45, ,
-1, ,-46, ,
-1, ,-45, ,
1, ,-45, ,
1, ,-46, ,
-1, ,-45, ,
1, ,-45, ,
-1, ,-46, ,
-1, ,-45, ,
1, ,-46, ,
1, ,-46, ,
-1, ,-46, ,
2, ,-45, ,
-1, ,-46, ,
-1, ,-45, ,
1, ,-46, ,
1, ,-46, ,
-1, ,-45, ,
1, ,-45, ,
-1, ,-46, ,
-1, ,-45, ,
1, ,-46, ,
1, ,-46, ,
-1, ,-45, ,
1, ,-45, ,
-1, ,-46, ,
-1, ,-45, ,
1, ,-46, ,
1, ,-46, ,
-1, ,-46, ,
1, ,-45, ,
-1, ,-46, ,
-1, ,-45, ,
1, ,-46, ,
1, ,-46, ,
-1, ,-45, ,
1, ,-45, ,
1, ,-46, ,
1, ,-45, ,
1, ,-46, ,
1, ,-46, ,
-1, ,-46, ,
2, ,-45, ,
-1, ,-46, ,
1, ,-45, ,
1, ,-46, ,
1, ,-46, ,
-1, ,-46, ,
88, ,-45, ,
54, ,-46, ,
32, ,-45, ,
21, ,-46, ,
13, ,-46, ,
8, ,-45, ,
7, ,-45, ,
3, ,-46, ,
3, ,-45, ,
3, ,-45, ,
2, ,-46, ,
2, ,-46, ,
3, ,-45, ,
2, ,-46, ,
2, ,-45, ,
2, ,-46, ,
3, ,-46, ,
2, ,-46, ,
3, ,-45, ,
2, ,-46, ,
2, ,-45, ,
2, ,-46, ,
3, ,-46, ,
1, ,-45, ,
3, ,-45, ,
2, ,-46, ,
2, ,-45, ,
2, ,-45, ,
3, ,-46, ,
2, ,-45, ,
3, ,-45, ,
2, ,-46, ,
2, ,-45, ,
2, ,-45, ,
3, ,-46, ,
1, ,-46, ,
3, ,-46, ,
2, ,-46, ,
2, ,-45, ,
2, ,-46, ,
3, ,-46, ,
1, ,-45, ,
3, ,-45, ,
2, ,-46, ,
1, ,-46, ,
2, ,-46, ,
2, ,-46, ,
1, ,-45, ,
3, ,-46, ,
2, ,-46, ,
2, ,-46, ,
2, ,-46, ,
3, ,-46, ,
1, ,-46, ,
3, ,-45, ,
2, ,-46, ,
2, ,-45, ,
2, ,-46, ,
2, ,-46, ,
1, ,-46, ,
2, ,-45, ,
1, ,-46, ,
1, ,-45, ,
2, ,-46, ,
3, ,-46, ,
2, ,-45, ,
3, ,-45, ,
2, ,-46, ,
2, ,-45, ,
3, ,-46, ,
2, ,-46, ,
1, ,-45, ,
2, ,-46, ,
2, ,-46, ,
2, ,-46, ,
2, ,-46, ,
2, ,-45, ,
1, ,-45, ,
3, ,-45, ,
2, ,-46, ,
1, ,-45, ,
2, ,-46, ,
2, ,-46, ,
1, ,-45, ,
3, ,-46, ,
2, ,-46, ,
2, ,-43, ,
2, ,-27, ,
2, ,-8, ,
2, ,6, ,
3, ,17, ,
1, ,24, ,
2, ,31, ,
2, ,35, ,
2, ,38, ,
1, ,40, ,
3, ,42, ,
1, ,44, ,
2, ,44, ,
2, ,45, ,
2, ,46, ,
1, ,46, ,
2, ,46, ,
1, ,47, ,
1, ,46, ,
2, ,47, ,
2, ,47, ,
1, ,47, ,
2, ,47, ,
2, ,49, ,
2, ,46, ,
3, ,47, ,
2, ,47, ,
1, ,47, ,
3, ,47, ,
2, ,47, ,
1, ,47, ,
2, ,47, ,
2, ,47, ,
1, ,47, ,
2, ,47, ,
2, ,47, ,
2, ,46, ,
2, ,47, ,
2, ,47, ,
1, ,47, ,
2, ,46, ,
2, ,47, ,
1, ,46, ,
2, ,47, ,
2, ,47, ,
1, ,46, ,
2, ,46, ,
2, ,47, ,
1, ,46, ,
2, ,47, ,
2, ,47, ,
1, ,47, ,
2, ,46, ,
2, ,47, ,
1, ,46, ,
2, ,47, ,
2, ,47, ,
1, ,46, ,
2, ,46, ,
2, ,47, ,
1, ,46, ,
2, ,47, ,
2, ,47, ,
1, ,47, ,
2, ,46, ,
1, ,47, ,
1, ,46, ,
2, ,47, ,
2, ,47, ,
1, ,46, ,
2, ,47, ,
2, ,47, ,
1, ,46, ,
2, ,46, ,
2, ,47, ,
1, ,47, ,
2, ,46, ,
2, ,47, ,
1, ,46, ,
2, ,46, ,
1, ,47, ,
1, ,46, ,
2, ,46, ,
1, ,47, ,
1, ,46, ,
2, ,46, ,
2, ,47, ,
1, ,46, ,
2, ,46, ,
1, ,47, ,
1, ,46, ,
2, ,47, ,
2, ,46, ,
1, ,46, ,
2, ,46, ,
2, ,47, ,
1, ,46, ,
2, ,46, ,
2, ,47, ,
1, ,46, ,
2, ,46, ,
1, ,47, ,
1, ,46, ,
2, ,47, ,
2, ,47, ,
1, ,46, ,
2, ,46, ,
1, ,47, ,
1, ,46, ,
2, ,47, ,
1, ,47, ,
1, ,47, ,
2, ,47, ,
1, ,47, ,
1, ,46, ,
2, ,47, ,
2, ,46, ,
1, ,46, ,
2, ,46, ,
1, ,47, ,
1, ,46, ,
2, ,46, ,
1, ,47, ,
1, ,46, ,
2, ,46, ,
1, ,47, ,
1, ,46, ,
2, ,47, ,
1, ,47, ,
1, ,46, ,
2, ,46, ,
1, ,47, ,
1, ,46, ,
2, ,47, ,
2, ,47, ,
1, ,46, ,
2, ,46, ,
1, ,47, ,
1, ,46, ,
2, ,46, ,
1, ,46, ,
1, ,46, ,
2, ,46, ,
1, ,47, ,
1, ,46, ,
2, ,46, ,
1, ,47, ,
1, ,46, ,
2, ,46, ,
1, ,47, ,
1, ,46, ,
2, ,46, ,
1, ,47, ,
1, ,46, ,
2, ,46, ,
1, ,37, ,
1, ,16, ,
1, ,0, ,
1, ,-12, ,
1, ,-21, ,
2, ,-27, ,
1, ,-33, ,
1, ,-37, ,
2, ,-39, ,
2, ,-42, ,
-1, ,-42, ,
2, ,-43, ,
2, ,-44, ,
1, ,-45, ,
2, ,-45, ,
2, ,-46, ,
1, ,-46, ,
2, ,-46, ,
1, ,-47, ,
1, ,-46, ,
2, ,-46, ,
2, ,-47, ,
1, ,-46, ,
2, ,-46, ,
1, ,-47, ,
1, ,-46, ,
2, ,-46, ,
1, ,-46, ,
1, ,-46, ,
2, ,-46, ,
1, ,-47, ,
1, ,-46, ,
2, ,-46, ,
2, ,-47, ,
1, ,-46, ,
2, ,-46, ,
1, ,-46, ,
1, ,-46, ,
2, ,-46, ,
1, ,-46, ,
1, ,-46, ,
2, ,-46, ,
1, ,-46, ,
1, ,-46, ,
2, ,-46, ,
1, ,-47, ,
1, ,-46, ,
2, ,-46, ,
2, ,-46, ,
1, ,-45, ,
1, ,-46, ,
1, ,-46, ,
1, ,-46, ,
2, ,-46, ,
1, ,-46, ,
1, ,-45, ,
2, ,-46, ,
2, ,-46, ,
1, ,-45, ,
2, ,-46, ,
1, ,-46, ,
1, ,-46, ,
2, ,-46, ,
1, ,-46, ,
1, ,-46, ,
2, ,-46, ,
1, ,-46, ,
1, ,-46, ,
2, ,-46, ,
1, ,-46, ,
1, ,-45, ,
2, ,-46, ,
1, ,-46, ,
1, ,-46, ,
1, ,-46, ,
1, ,-46, ,
1, ,-46, ,
2, ,-45, ,
1, ,-46, ,
1, ,-46, ,
2, ,-46, ,
1, ,-46, ,
1, ,-45, ,
2, ,-45, ,
1, ,-47, ,
1, ,-46, ,
1, ,-46, ,
1, ,-46, ,
1, ,-45, ,
2, ,-46, ,
1, ,-46, ,
1, ,-45, ,
1, ,-46, ,
1, ,-46, ,
1, ,-45, ,
2, ,-45, ,
1, ,-46, ,
1, ,-45, ,
2, ,-46, ,
1, ,-46, ,
-1, ,-46, ,
2, ,-46, ,
1, ,-46, ,
1, ,-46, ,
2, ,-46, ,
1, ,-46, ,
-1, ,-45, ,
2, ,-46, ,
1, ,-46, ,
1, ,-45, ,
1, ,-45, ,
1, ,-46, ,
-1, ,-46, ,
2, ,-45, ,
1, ,-46, ,
1, ,-45, ,
1, ,-46, ,
1, ,-46, ,
-1, ,-45, ,
2, ,-46, ,
1, ,-46, ,
1, ,-45, ,
1, ,-46, ,
1, ,-46, ,
1, ,-45, ,
2, ,-45, ,
1, ,-46, ,
1, ,-45, ,
2, ,-46, ,
2, ,-46, ,
-1, ,-45, ,
2, ,-45, ,
1, ,-46, ,
1, ,-45, ,
2, ,-46, ,
1, ,-46, ,
1, ,-46, ,
2, ,-46, ,
1, ,-46, ,
1, ,-45, ,
2, ,-46, ,
1, ,-46, ,
-1, ,-45, ,
2, ,-45, ,
1, ,-46, ,
1, ,-45, ,
1, ,-46, ,
1, ,-46, ,
1, ,-45, ,
2, ,-46, ,
1, ,-46, ,
1, ,-45, ,
2, ,-46, ,
2, ,-46, ,
-1, ,-45, ,
2, ,-45, ,
1, ,-46, ,
1, ,-45, ,
2, ,-46, ,
1, ,-46, ,
1, ,-45, ,
2, ,-46, ,
1, ,-46, ,
1, ,-45, ,
2, ,-45, ,
1, ,-46, ,
-1, ,-45, ,
2, ,-46, ,
1, ,-46, ,
1, ,-45, ,
2, ,-46, ,
1, ,-46, ,
1, ,-45, ,
2, ,-45, ,
1, ,-46, ,
1, ,-45, ,
1, ,-46, ,
1, ,-46, ,
-1, ,-46, ,
2, ,-45, ,
1, ,-46, ,
1, ,-46, ,
1, ,-45, ,
1, ,-46, ,
1, ,-45, ,
2, ,-45, ,
1, ,-46, ,
1, ,-46, ,
2, ,-45, ,
1, ,-46, ,
-1, ,-46, ,
2, ,-46, ,
1, ,-46, ,
1, ,-45, ,
2, ,-45, ,
1, ,-46, ,
-1, ,-45, ,
2, ,-45, ,
1, ,-46, ,
1, ,-45, ,
1, ,-45, ,
1, ,-46, ,
-1, ,-45, ,
2, ,-46, ,
1, ,-46, ,
1, ,-45, ,
1, ,-46, ,
2, ,-46, ,
-1, ,-46, ,
2, ,-46, ,
1, ,-46, ,
1, ,-45, ,
1, ,-45, ,
1, ,-46, ,
-1, ,-46, ,
2, ,-45, ,
1, ,-46, ,
1, ,-46, ,
1, ,-46, ,
1, ,-46, ,
-1, ,-45, ,
2, ,-45, ,
1, ,-46, ,
1, ,-45, ,
1, ,-46, ,
1, ,-46, ,
-1, ,-46, ,
2, ,-45, ,
1, ,-46, ,
1, ,-45, ,
1, ,-46, ,
1, ,-46, ,
-1, ,-45, ,
2, ,-45, ,
1, ,-46, ,
1, ,-45, ,
1, ,-45, ,
1, ,-46, ,
-1, ,-45, ,
2, ,-45, ,
1, ,-46, ,
1, ,-45, ,
1, ,-45, ,
1, ,-46, ,
-1, ,-45, ,
2, ,-46, ,
1, ,-46, ,
1, ,-45, ,
1, ,-46, ,
1, ,-46, ,
-1, ,-45, ,
2, ,-45, ,
1, ,-46, ,
1, ,-45, ,
1, ,-46, ,
1, ,-46, ,
-1, ,-45, ,
2, ,-46, ,
1, ,-46, ,
1, ,-45, ,
1, ,-46, ,
1, ,-46, ,
-1, ,-45, ,
2, ,-45, ,
1, ,-46, ,
1, ,-46, ,
1, ,-46, ,
1, ,-46, ,
-1, ,-45, ,
1, ,-45, ,
1, ,-46, ,
1, ,-45, ,
1, ,-45, ,
2, ,-46, ,
-1, ,-45, ,
2, ,-45, ,
1, ,-46, ,
1, ,-46, ,
1, ,-46, ,
1, ,-46, ,
-1, ,-45, ,
2, ,-45, ,
1, ,-46, ,
1, ,-45, ,
1, ,-46, ,
1, ,-46, ,
-1, ,-45, ,
2, ,-45, ,
1, ,-46, ,
1, ,-45, ,
1, ,-46, ,
1, ,-46, ,
-1, ,-45, ,
2, ,-46, ,
1, ,-46, ,
1, ,-45, ,
1, ,-46, ,
2, ,-46, ,
-1, ,-45, ,
2, ,-45, ,
1, ,-46, ,
1, ,-45, ,
1, ,-46, ,
1, ,-46, ,
-1, ,-45, ,
2, ,-45, ,
1, ,-46, ,
1, ,-45, ,
2, ,-46, ,
1, ,-46, ,
-1, ,-46, ,
2, ,-45, ,
1, ,-46, ,
1, ,-45, ,
1, ,-46, ,
1, ,-46, ,
-1, ,-45, ,
2, ,-46, ,
1, ,-46, ,
1, ,-45, ,
2, ,-46, ,
1, ,-46, ,
-1, ,-46, ,
2, ,-45, ,
1, ,-46, ,
1, ,-45, ,
1, ,-45, ,
1, ,-46, ,
-1, ,-45, ,
2, ,-45, ,
1, ,-46, ,
1, ,-45, ,
1, ,-46, ,
1, ,-46, ,
-1, ,-46, ,
2, ,-46, ,
1, ,-46, ,
1, ,-46, ,
1, ,-46, ,
1, ,-46, ,
-1, ,-45, ,
1, ,-45, ,
-1, ,-46, ,
1, ,-45, ,
1, ,-46, ,
1, ,-46, ,
-1, ,-46, ,
1, ,-45, ,
1, ,-46, ,
-1, ,-45, ,
1, ,-45, ,
1, ,-46, ,
-1, ,-45, ,
2, ,-46, ,
1, ,-46, ,
1, ,-45, ,
1, ,-46, ,
1, ,-46, ,
-1, ,-46, ,
1, ,-45, ,
1, ,-46, ,
1, ,-45, ,
1, ,-46, ,
1, ,-46, ,
-1, ,-45, ,
1, ,-46, ,
1, ,-46, ,
1, ,-45, ,
1, ,-46, ,
1, ,-46, ,
-1, ,-45, ,
2, ,-45, ,
1, ,-46, ,
1, ,-46, ,
1, ,-45, ,
1, ,-46, ,
-1, ,-45, ,
1, ,-45, ,
-1, ,-46, ,
-1, ,-45, ,
1, ,-46, ,
1, ,-46, ,
-1, ,-45, ,
1, ,-45, ,
1, ,-46, ,
-1, ,-45, ,
1, ,-46, ,
1, ,-46, ,
-1, ,-45, ,
1, ,-45, ,
1, ,-46, ,
1, ,-45, ,
1, ,-46, ,
1, ,-46, ,
-1, ,-45, ,
2, ,-45, ,
1, ,-46, ,
1, ,-46, ,
1, ,-46, ,
2, ,-46, ,
-1, ,-46, ,
2, ,-46, ,
1, ,-46, ,
1, ,-45, ,
1, ,-46, ,
1, ,-46, ,
-1, ,-45, ,
1, ,-45, ,
1, ,-46, ,
1, ,-46, ,
1, ,-46, ,
1, ,-46, ,
-1, ,-46, ,
1, ,-46, ,
-1, ,-46, ,
1, ,-45, ,
1, ,-46, ,
1, ,-46, ,
-1, ,-46, ,
2, ,-45, ,
1, ,-46, ,
-1, ,-46, ,
1, ,-46, ,
1, ,-46, ,
-1, ,-46, ,
2, ,-46, ,
1, ,-46, ,
1, ,-45, ,
1, ,-46, ,
1, ,-46, ,
-1, ,-45, ,
1, ,-45, ,
1, ,-46, ,
1, ,-45, ,
1, ,-46, ,
1, ,-46, ,
-1, ,-45, ,
2, ,-46, ,
1, ,-46, ,
1, ,-45, ,
1, ,-45, ,
2, ,-46, ,
-1, ,-46, ,
1, ,-45, ,
-1, ,-46, ,
1, ,-45, ,
1, ,-45, ,
1, ,-46, ,
-1, ,-45, ,
2, ,-46, ,
-1, ,-46, ,
1, ,-45, ,
1, ,-46, ,
1, ,-46, ,
-1, ,-45, ,
2, ,-45, ,
-1, ,-46, ,
-1, ,-45, ,
1, ,-46, ,
1, ,-46, ,
-1, ,-45, ,
1, ,-46, ,
-1, ,-46, ,
-1, ,-45, ,
1, ,-45, ,
1, ,-46, ,
-1, ,-45, ,
1, ,-45, ,
-1, ,-46, ,
1, ,-46, ,
1, ,-46, ,
1, ,-46, ,
-1, ,-45, ,
1, ,-45, ,
-1, ,-46, ,
1, ,-46, ,
1, ,-46, ,
-1, ,-46, ,
-1, ,-45, ,
80, ,-45, ,
63, ,-46, ,
36, ,-46, ,
24, ,-46, ,
16, ,-46, ,
10, ,-45, ,
8, ,-45, ,
5, ,-46, ,
5, ,-45, ,
6, ,-46, ,
3, ,-46, ,
2, ,-45, ,
3, ,-45, ,
2, ,-46, ,
2, ,-45, ,
3, ,-46, ,
3, ,-46, ,
2, ,-46, ,
3, ,-46, ,
2, ,-46, ,
2, ,-45, ,
2, ,-46, ,
3, ,-46, ,
2, ,-46, ,
3, ,-45, ,
2, ,-46, ,
2, ,-46, ,
2, ,-46, ,
3, ,-46, ,
2, ,-45, ,
3, ,-46, ,
2, ,-46, ,
2, ,-45, ,
2, ,-46, ,
3, ,-46, ,
1, ,-45, ,
3, ,-45, ,
2, ,-46, ,
2, ,-46, ,
3, ,-46, ,
3, ,-46, ,
2, ,-46, ,
3, ,-45, ,
2, ,-46, ,
2, ,-45, ,
2, ,-46, ,
3, ,-46, ,
1, ,-46, ,
3, ,-45, ,
2, ,-46, ,
2, ,-45, ,
2, ,-46, ,
2, ,-46, ,
2, ,-45, ,
3, ,-45, ,
2, ,-47, ,
2, ,-45, ,
2, ,-46, ,
2, ,-46, ,
1, ,-45, ,
3, ,-45, ,
2, ,-46, ,
2, ,-46, ,
2, ,-46, ,
3, ,-46, ,
1, ,-45, ,
3, ,-46, ,
2, ,-46, ,
2, ,-45, ,
2, ,-46, ,
3, ,-46, ,
1, ,-46, ,
3, ,-45, ,
2, ,-46, ,
2, ,-46, ,
2, ,-46, ,
2, ,-46, ,
1, ,-45, ,
3, ,-46, ,
2, ,-46, ,
2, ,-45, ,
2, ,-45, ,
3, ,-46, ,
1, ,-46, ,
3, ,-45, ,
2, ,-46, ,
1, ,-46, ,
2, ,-46, ,
3, ,-46, ,
1, ,-46, ,
3, ,-45, ,
2, ,-46, ,
2, ,-45, ,
2, ,-46, ,
2, ,-46, ,
1, ,-46, ,
3, ,-45, ,
2, ,-46, ,
1, ,-45, ,
2, ,-46, ,
2, ,-46, ,
1, ,-45, ,
3, ,-45, ,
2, ,-46, ,
1, ,-44, ,
2, ,-46, ,
2, ,-46, ,
1, ,-45, ,
2, ,-45, ,
2, ,-46, ,
1, ,-45, ,
2, ,-46, ,
2, ,-46, ,
1, ,-45, ,
3, ,-45, ,
2, ,-46, ,
1, ,-45, ,
2, ,-46, ,
2, ,-46, ,
1, ,-46, ,
3, ,-45, ,
2, ,-46, ,
1, ,-45, ,
2, ,-45, ,
2, ,-46, ,
1, ,-45, ,
2, ,-46, ,
2, ,-46, ,
1, ,-45, ,
2, ,-46, ,
2, ,-46, ,
1, ,-45, ,
2, ,-45, ,
1, ,-46, ,
1, ,-45, ,
2, ,-46, ,
2, ,-46, ,
1, ,-45, ,
2, ,-46, ,
1, ,-46, ,
2, ,-45, ,
2, ,-45, ,
2, ,-46, ,
1, ,-45, ,
2, ,-45, ,
1, ,-46, ,
1, ,-45, ,
2, ,-45, ,
2, ,-34, ,
1, ,-13, ,
3, ,2, ,
2, ,14, ,
2, ,22, ,
3, ,30, ,
2, ,34, ,
1, ,37, ,
2, ,40, ,
1, ,42, ,
1, ,43, ,
2, ,44, ,
2, ,45, ,
1, ,45, ,
2, ,46, ,
2, ,47, ,
1, ,46, ,
2, ,47, ,
2, ,47, ,
1, ,47, ,
2, ,47, ,
1, ,49, ,
1, ,46, ,
2, ,47, ,
2, ,47, ,
1, ,46, ,
2, ,47, ,
1, ,47, ,
1, ,46, ,
2, ,47, ,
2, ,47, ,
1, ,47, ,
2, ,47, ,
2, ,47, ,
1, ,46, ,
2, ,47, ,
2, ,47, ,
1, ,47, ,
2, ,47, ,
2, ,47, ,
1, ,46, ,
2, ,47, ,
2, ,47, ,
1, ,46, ,
2, ,47, ,
1, ,47, ,
1, ,46, ,
2, ,46, ,
2, ,47, ,
1, ,46, ,
2, ,47, ,
1, ,47, ,
1, ,46, ,
2, ,47, ,
2, ,47, ,
1, ,46, ,
2, ,47, ,
1, ,47, ,
1, ,46, ,
2, ,46, ,
1, ,47, ,
1, ,46, ,
2, ,47, ,
1, ,47, ,
1, ,46, ,
2, ,46, ,
2, ,47, ,
1, ,46, ,
2, ,46, ,
1, ,47, ,
1, ,46, ,
2, ,47, ,
2, ,47, ,
1, ,46, ,
2, ,46, ,
1, ,47, ,
1, ,45, ,
2, ,46, ,
2, ,47, ,
1, ,46, ,
2, ,47, ,
1, ,47, ,
1, ,45, ,
2, ,46, ,
2, ,46, ,
1, ,46, ,
2, ,47, ,
1, ,47, ,
1, ,46, ,
2, ,47, ,
2, ,47, ,
1, ,46, ,
2, ,46, ,
1, ,47, ,
1, ,46, ,
2, ,47, ,
2, ,47, ,
1, ,46, ,
2, ,46, ,
1, ,47, ,
1, ,46, ,
2, ,47, ,
1, ,47, ,
1, ,46, ,
2, ,47, ,
1, ,47, ,
1, ,46, ,
2, ,46, ,
1, ,47, ,
1, ,46, ,
2, ,46, ,
1, ,47, ,
1, ,45, ,
2, ,46, ,
1, ,47, ,
1, ,46, ,
2, ,46, ,
1, ,47, ,
1, ,46, ,
2, ,46, ,
1, ,47, ,
1, ,47, ,
2, ,47, ,
1, ,47, ,
1, ,46, ,
2, ,47, ,
1, ,47, ,
1, ,46, ,
2, ,46, ,
1, ,47, ,
1, ,46, ,
2, ,47, ,
1, ,47, ,
1, ,46, ,
1, ,46, ,
-1, ,47, ,
1, ,46, ,
2, ,47, ,
2, ,47, ,
1, ,46, ,
2, ,47, ,
1, ,47, ,
1, ,46, ,
1, ,46, ,
1, ,47, ,
1, ,46, ,
2, ,46, ,
1, ,47, ,
1, ,46, ,
2, ,46, ,
1, ,47, ,
1, ,46, ,
2, ,46, ,
1, ,47, ,
1, ,40, ,
1, ,21, ,
1, ,3, ,
1, ,-9, ,
2, ,-18, ,
1, ,-26, ,
1, ,-31, ,
1, ,-36, ,
1, ,-39, ,
-1, ,-40, ,
2, ,-42, ,
1, ,-44, ,
2, ,-44, ,
2, ,-45, ,
1, ,-45, ,
-1, ,-45, ,
2, ,-46, ,
1, ,-47, ,
1, ,-45, ,
2, ,-46, ,
2, ,-46, ,
-1, ,-46, ,
2, ,-46, ,
1, ,-47, ,
1, ,-46, ,
2, ,-46, ,
1, ,-46, ,
1, ,-46, ,
2, ,-46, ,
1, ,-47, ,
1, ,-45, ,
2, ,-46, ,
1, ,-46, ,
1, ,-46, ,
2, ,-46, ,
1, ,-46, ,
1, ,-46, ,
2, ,-46, ,
1, ,-46, ,
1, ,-46, ,
2, ,-46, ,
1, ,-46, ,
1, ,-45, ,
2, ,-46, ,
1, ,-46, ,
1, ,-46, ,
2, ,-45, ,
1, ,-46, ,
1, ,-46, ,
2, ,-46, ,
1, ,-46, ,
1, ,-45, ,
2, ,-46, ,
1, ,-46, ,
1, ,-45, ,
2, ,-46, ,
1, ,-46, ,
-1, ,-46, ,
2, ,-45, ,
1, ,-46, ,
1, ,-46, ,
2, ,-46, ,
1, ,-46, ,
1, ,-45, ,
2, ,-46, ,
1, ,-46, ,
1, ,-45, ,
2, ,-46, ,
2, ,-46, ,
1, ,-46, ,
2, ,-45, ,
1, ,-46, ,
1, ,-45, ,
2, ,-45, ,
1, ,-46, ,
1, ,-46, ,
2, ,-46, ,
1, ,-46, ,
1, ,-45, ,
2, ,-46, ,
1, ,-46, ,
-1, ,-46, ,
2, ,-45, ,
1, ,-46, ,
1, ,-45, ,
2, ,-46, ,
1, ,-46, ,
-1, ,-46, ,
2, ,-46, ,
1, ,-46, ,
1, ,-45, ,
2, ,-45, ,
1, ,-46, ,
1, ,-46, ,
2, ,-45, ,
1, ,-46, ,
1, ,-46, ,
2, ,-46, ,
1, ,-46, ,
1, ,-45, ,
2, ,-45, ,
1, ,-46, ,
1, ,-45, ,
2, ,-46, ,
1, ,-46, ,
1, ,-46, ,
2, ,-45, ,
1, ,-46, ,
1, ,-46, ,
2, ,-46, ,
2, ,-46, ,
-1, ,-46, ,
2, ,-45, ,
1, ,-46, ,
1, ,-45, ,
2, ,-46, ,
1, ,-46, ,
-1, ,-46, ,
2, ,-45, ,
-1, ,-46, ,
1, ,-45, ,
1, ,-45, ,
1, ,-46, ,
-1, ,-46, ,
2, ,-45, ,
1, ,-46, ,
1, ,-45, ,
1, ,-45, ,
2, ,-46, ,
-1, ,-46, ,
2, ,-45, ,
-1, ,-46, ,
1, ,-45, ,
2, ,-45, ,
1, ,-46, ,
-1, ,-46, ,
1, ,-46, ,
-1, ,-46, ,
-1, ,-45, ,
1, ,-46, ,
1, ,-46, ,
-1, ,-46, ,
2, ,-45, ,
1, ,-46, ,
-1, ,-46, ,
1, ,-45, ,
1, ,-46, ,
-1, ,-45, ,
1, ,-45, ,
1, ,-46, ,
1, ,-45, ,
1, ,-46, ,
1, ,-46, ,
-1, ,-46, ,
2, ,-45, ,
1, ,-46, ,
1, ,-45, ,
2, ,-45, ,
1, ,-46, ,
-1, ,-45, ,
1, ,-45, ,
-1, ,-46, ,
1, ,-45, ,
2, ,-45, ,
1, ,-46, ,
-1, ,-46, ,
1, ,-45, ,
1, ,-46, ,
1, ,-46, ,
1, ,-45, ,
1, ,-46, ,
-1, ,-46, ,
2, ,-45, ,
1, ,-46, ,
1, ,-45, ,
2, ,-46, ,
1, ,-46, ,
-1, ,-46, ,
2, ,-45, ,
1, ,-46, ,
1, ,-45, ,
2, ,-46, ,
2, ,-46, ,
-1, ,-45, ,
2, ,-46, ,
1, ,-46, ,
1, ,-45, ,
2, ,-45, ,
1, ,-46, ,
1, ,-46, ,
2, ,-45, ,
1, ,-46, ,
1, ,-46, ,
2, ,-45, ,
1, ,-46, ,
1, ,-45, ,
2, ,-45, ,
1, ,-46, ,
1, ,-45, ,
1, ,-46, ,
1, ,-46, ,
-1, ,-46, ,
2, ,-45, ,
1, ,-46, ,
1, ,-45, ,
2, ,-45, ,
1, ,-46, ,
1, ,-45, ,
2, ,-45, ,
1, ,-46, ,
1, ,-45, ,
1, ,-45, ,
1, ,-46, ,
-1, ,-46, ,
2, ,-45, ,
1, ,-46, ,
1, ,-46, ,
1, ,-45, ,
1, ,-46, ,
-1, ,-46, ,
2, ,-45, ,
1, ,-46, ,
1, ,-45, ,
1, ,-45, ,
1, ,-46, ,
-1, ,-46, ,
2, ,-45, ,
1, ,-46, ,
1, ,-46, ,
2, ,-46, ,
1, ,-46, ,
-1, ,-45, ,
2, ,-45, ,
-1, ,-46, ,
1, ,-45, ,
2, ,-46, ,
1, ,-46, ,
-1, ,-45, ,
2, ,-45, ,
1, ,-46, ,
1, ,-45, ,
1, ,-46, ,
1, ,-46, ,
-1, ,-46, ,
2, ,-45, ,
1, ,-46, ,
1, ,-45, ,
1, ,-46, ,
1, ,-46, ,
-1, ,-46, ,
1, ,-45, ,
-1, ,-46, ,
1, ,-45, ,
1, ,-46, ,
1, ,-46, ,
-1, ,-45, ,
2, ,-45, ,
1, ,-46, ,
1, ,-45, ,
2, ,-46, ,
2, ,-46, ,
-1, ,-46, ,
1, ,-45, ,
1, ,-46, ,
1, ,-46, ,
1, ,-46, ,
1, ,-46, ,
-1, ,-46, ,
2, ,-45, ,
-1, ,-46, ,
1, ,-45, ,
1, ,-45, ,
1, ,-46, ,
-1, ,-46, ,
2, ,-45, ,
1, ,-46, ,
-1, ,-45, ,
1, ,-46, ,
1, ,-46, ,
-1, ,-45, ,
1, ,-45, ,
-1, ,-46, ,
1, ,-45, ,
2, ,-45, ,
1, ,-46, ,
-1, ,-45, ,
1, ,-46, ,
-1, ,-46, ,
1, ,-46, ,
1, ,-46, ,
1, ,-46, ,
-1, ,-45, ,
2, ,-45, ,
1, ,-46, ,
-1, ,-45, ,
1, ,-46, ,
1, ,-46, ,
-1, ,-45, ,
1, ,-45, ,
1, ,-46, ,
1, ,-45, ,
1, ,-45, ,
1, ,-46, ,
-1, ,-46, ,
1, ,-46, ,
-1, ,-46, ,
1, ,-45, ,
1, ,-45, ,
1, ,-46, ,
-1, ,-46, ,
2, ,-45, ,
1, ,-46, ,
-1, ,-45, ,
1, ,-46, ,
1, ,-46, ,
-1, ,-46, ,
2, ,-45, ,
1, ,-46, ,
1, ,-45, ,
1, ,-46, ,
1, ,-46, ,
-1, ,-46, ,
2, ,-45, ,
1, ,-46, ,
1, ,-45, ,
2, ,-46, ,
1, ,-46, ,
-1, ,-45, ,
2, ,-46, ,
1, ,-46, ,
1, ,-45, ,
1, ,-45, ,
1, ,-46, ,
-1, ,-46, ,
2, ,-45, ,
1, ,-46, ,
1, ,-45, ,
1, ,-46, ,
2, ,-46, ,
-1, ,-45, ,
2, ,-46, ,
1, ,-46, ,
1, ,-45, ,
1, ,-46, ,
1, ,-46, ,
-1, ,-46, ,
1, ,-45, ,
1, ,-46, ,
1, ,-45, ,
1, ,-46, ,
1, ,-46, ,
-1, ,-45, ,
2, ,-45, ,
1, ,-46, ,
1, ,-45, ,
1, ,-46, ,
1, ,-46, ,
-1, ,-45, ,
1, ,-45, ,
1, ,-46, ,
-1, ,-45, ,
1, ,-46, ,
1, ,-46, ,
-1, ,-46, ,
2, ,-45, ,
-1, ,-46, ,
-1, ,-45, ,
1, ,-46, ,
2, ,-46, ,
-1, ,-46, ,
2, ,-45, ,
1, ,-46, ,
1, ,-46, ,
1, ,-46, ,
1, ,-46, ,
-1, ,-45, ,
1, ,-45, ,
-1, ,-46, ,
1, ,-45, ,
1, ,-46, ,
1, ,-46, ,
-1, ,-46, ,
1, ,-45, ,
-1, ,-46, ,
-1, ,-46, ,
1, ,-46, ,
1, ,-46, ,
-1, ,-46, ,
1, ,-46, ,
-1, ,-46, ,
-1, ,-45, ,
1, ,-46, ,
1, ,-46, ,
-1, ,-46, ,
2, ,-45, ,
-1, ,-46, ,
-1, ,-45, ,
1, ,-46, ,
1, ,-45, ,
-1, ,-45, ,
1, ,-45, ,
1, ,-46, ,
-1, ,-45, ,
1, ,-45, ,
1, ,-46, ,
-1, ,-46, ,
1, ,-45, ,
-1, ,-46, ,
1, ,-45, ,
1, ,-46, ,
1, ,-46, ,
-1, ,-46, ,
1, ,-46, ,
-1, ,-46, ,
1, ,-45, ,
1, ,-45, ,
1, ,-46, ,
-1, ,-46, ,
2, ,-45, ,
-1, ,-46, ,
-1, ,-45, ,
1, ,-45, ,
1, ,-46, ,
-1, ,-45, ,
1, ,-46, ,
-1, ,-46, ,
-1, ,-45, ,
1, ,-46, ,
1, ,-46, ,
-1, ,-46, ,
1, ,-45, ,
1, ,-46, ,
-1, ,-45, ,
1, ,-46, ,
1, ,-46, ,
-1, ,-45, ,
1, ,-45, ,
1, ,-46, ,
1, ,-45, ,
1, ,-46, ,
1, ,-46, ,
-1, ,-46, ,
2, ,-45, ,
-1, ,-46, ,
-1, ,-46, ,
1, ,-45, ,
1, ,-46, ,
-1, ,-46, ,
1, ,-45, ,
1, ,-46, ,
-1, ,-45, ,
1, ,-46, ,
1, ,-46, ,
-1, ,-46, ,
2, ,-45, ,
-1, ,-46, ,
-1, ,-46, ,
1, ,-46, ,
1, ,-46, ,
-1, ,-45, ,
2, ,-45, ,
1, ,-46, ,
1, ,-45, ,
1, ,-46, ,
1, ,-46, ,
-1, ,-46, ,
1, ,-45, ,
1, ,-46, ,
1, ,-45, ,
1, ,-45, ,
1, ,-46, ,
-1, ,-46, ,
2, ,-46, ,
-1, ,-46, ,
1, ,-45, ,
1, ,-46, ,
1, ,-46, ,
-1, ,-46, ,
2, ,-45, ,
1, ,-46, ,
-1, ,-45, ,
1, ,-46, ,
1, ,-46, ,
-1, ,-45, ,
1, ,-46, ,
-1, ,-46, ,
-1, ,-45, ,
1, ,-46, ,
1, ,-46, ,
-1, ,-46, ,
1, ,-45, ,
1, ,-46, ,
1, ,-46, ,
1, ,-46, ,
1, ,-46, ,
-1, ,-46, ,
1, ,-45, ,
-1, ,-46, ,
-1, ,-45, ,
1, ,-46, ,
1, ,-46, ,
-1, ,-46, ,
1, ,-45, ,
1, ,-46, ,
-1, ,-46, ,
1, ,-46, ,
1, ,-46, ,
-1, ,-46, ,
2, ,-45, ,
-1, ,-46, ,
-1, ,-45, ,
1, ,-46, ,
1, ,-46, ,
-1, ,-45, ,
1, ,-45, ,
-1, ,-46, ,
-1, ,-46, ,
1, ,-46, ,
1, ,-46, ,
-1, ,-45, ,
1, ,-46, ,
-1, ,-46, ,
-1, ,-45, ,
1, ,-46, ,
1, ,-46, ,
-1, ,-46, ,
1, ,-45, ,
1, ,-46, ,
-1, ,-45, ,
1, ,-45, ,
1, ,-46, ,
-1, ,-45, ,
1, ,-45, ,
-1, ,-46, ,
-1, ,-45, ,
1, ,-46, ,
1, ,-46, ,
-1, ,-46, ,
1, ,-45, ,
-1, ,-46, ,
-1, ,-46, ,
1, ,-46, ,
1, ,-46, ,
-1, ,-46, ,
1, ,-45, ,
-1, ,-46, ,
-1, ,-45, ,
1, ,-46, ,
1, ,-46, ,
-1, ,-46, ,
1, ,-45, ,
-1, ,-46, ,
-1, ,-46, ,
1, ,-46, ,
1, ,-46, ,
-1, ,-46, ,
1, ,-45, ,
-1, ,-46, ,
-1, ,-45, ,
1, ,-46, ,
1, ,-46, ,
-1, ,-46, ,
2, ,-45, ,
1, ,-46, ,
-1, ,-46, ,
1, ,-45, ,
1, ,-46, ,
-1, ,-45, ,
1, ,-45, ,
-1, ,-46, ,
1, ,-45, ,
1, ,-46, ,
1, ,-46, ,
-1, ,-46, ,
1, ,-45, ,
-1, ,-46, ,
-1, ,-46, ,
1, ,-46, ,
1, ,-46, ,
-1, ,-46, ,
1, ,-45, ,
-1, ,-46, ,
-1, ,-45, ,
1, ,-46, ,
1, ,-46, ,
-1, ,-46, ,
2, ,-45, ,
1, ,-46, ,
-1, ,-46, ,
1, ,-46, ,
1, ,-46, ,
-1, ,-45, ,
1, ,-45, ,
-1, ,-46, ,
-1, ,-45, ,
1, ,-46, ,
1, ,-46, ,
-1, ,-46, ,
1, ,-45, ,
1, ,-46, ,
-1, ,-46, ,
1, ,-46, ,
1, ,-46, ,
-1, ,-45, ,
1, ,-45, ,
1, ,-46, ,
1, ,-45, ,
1, ,-46, ,
1, ,-46, ,
-1, ,-46, ,
1, ,-45, ,
-1, ,-46, ,
-1, ,-45, ,
1, ,-46, ,
1, ,-46, ,
-1, ,-45, ,
1, ,-46, ,
-1, ,-46, ,
-1, ,-45, ,
1, ,-45, ,
1, ,-46, ,
-1, ,-46, ,
1, ,-45, ,
-1, ,-46, ,
-1, ,-45, ,
1, ,-45, ,
1, ,-46, ,
-1, ,-39, ,
2, ,-19, ,
1, ,-2, ,
-1, ,11, ,
1, ,20, ,
1, ,27, ,
-1, ,33, ,
2, ,37, ,
1, ,40, ,
1, ,41, ,
1, ,43, ,
1, ,44, ,
-1, ,45, ,
2, ,45, ,
-1, ,46, ,
1, ,46, ,
1, ,47, ,
1, ,47, ,
-1, ,47, ,
1, ,47, ,
-1, ,49, ,
-1, ,47, ,
1, ,47, ,
1, ,49, ,
-1, ,47, ,
1, ,47, ,
-1, ,47, ,
-1, ,46, ,
1, ,47, ,
1, ,47, ,
-1, ,47, ,
1, ,47, ,
-1, ,47, ,
-1, ,46, ,
1, ,47, ,
1, ,47, ,
-1, ,46, ,
1, ,46, ,
-1, ,47, ,
-1, ,46, ,
1, ,47, ,
1, ,47, ,
-1, ,47, ,
1, ,47, ,
-1, ,47, ,
-1, ,46, ,
1, ,47, ,
1, ,47, ,
-1, ,46, ,
1, ,46, ,
-1, ,47, ,
-1, ,46, ,
1, ,47, ,
1, ,47, ,
-1, ,46, ,
2, ,46, ,
1, ,47, ,
-1, ,46, ,
1, ,47, ,
1, ,47, ,
-1, ,46, ,
2, ,46, ,
1, ,47, ,
-1, ,46, ,
1, ,47, ,
1, ,47, ,
-1, ,46, ,
1, ,47, ,
1, ,47, ,
-1, ,46, ,
1, ,47, ,
1, ,47, ,
-1, ,46, ,
2, ,47, ,
-1, ,47, ,
1, ,46, ,
1, ,47, ,
1, ,47, ,
-1, ,46, ,
2, ,46, ,
-1, ,47, ,
-1, ,46, ,
1, ,47, ,
1, ,47, ,
-1, ,46, ,
2, ,47, ,
-1, ,47, ,
-1, ,46, ,
1, ,47, ,
1, ,47, ,
-1, ,46, ,
2, ,46, ,
1, ,47, ,
1, ,46, ,
1, ,46, ,
1, ,47, ,
-1, ,46, ,
2, ,46, ,
-1, ,47, ,
-1, ,46, ,
1, ,47, ,
1, ,47, ,
-1, ,46, ,
2, ,46, ,
1, ,47, ,
-1, ,46, ,
1, ,46, ,
1, ,47, ,
-1, ,46, ,
2, ,46, ,
-1, ,47, ,
1, ,46, ,
1, ,47, ,
1, ,47, ,
-1, ,46, ,
2, ,46, ,
-1, ,47, ,
-1, ,46, ,
1, ,46, ,
1, ,47, ,
-1, ,46, ,
2, ,46, ,
-1, ,47, ,
-1, ,46, ,
1, ,47, ,
1, ,47, ,
-1, ,46, ,
1, ,46, ,
-1, ,47, ,
-1, ,46, ,
1, ,46, ,
1, ,47, ,
-1, ,46, ,
2, ,46, ,
95, ,47, ,
62, ,46, ,
36, ,46, ,
24, ,47, ,
15, ,46, ,
11, ,46, ,
7, ,47, ,
5, ,46, ,
5, ,47, ,
3, ,47, ,
2, ,46, ,
3, ,46, ,
2, ,47, ,
2, ,46, ,
3, ,46, ,
2, ,47, ,
1, ,46, ,
3, ,46, ,
2, ,47, ,
2, ,46, ,
2, ,44, ,
2, ,26, ,
1, ,7, ,
3, ,-6, ,
2, ,-17, ,
2, ,-24, ,
2, ,-30, ,
2, ,-35, ,
1, ,-38, ,
3, ,-40, ,
2, ,-42, ,
2, ,-43, ,
2, ,-44, ,
2, ,-45, ,
1, ,-45, ,
3, ,-45, ,
2, ,-46, ,
2, ,-45, ,
2, ,-46, ,
2, ,-47, ,
1, ,-46, ,
2, ,-46, ,
2, ,-47, ,
2, ,-46, ,
3, ,-46, ,
2, ,-47, ,
2, ,-46, ,
3, ,-46, ,
2, ,-47, ,
2, ,-45, ,
2, ,-46, ,
3, ,-47, ,
1, ,-46, ,
3, ,-46, ,
2, ,-46, ,
2, ,-46, ,
3, ,-46, ,
2, ,-46, ,
1, ,-46, ,
3, ,-46, ,
2, ,-46, ,
2, ,-45, ,
2, ,-46, ,
2, ,-46, ,
1, ,-46, ,
3, ,-45, ,
2, ,-46, ,
2, ,-46, ,
2, ,-46, ,
3, ,-46, ,
1, ,-45, ,
3, ,-46, ,
1, ,-46, ,
2, ,-45, ,
2, ,-46, ,
2, ,-46, ,
1, ,-46, ,
3, ,-46, ,
2, ,-46, ,
2, ,-45, ,
2, ,-46, ,
3, ,-46, ,
2, ,-45, ,
3, ,-46, ,
2, ,-46, ,
2, ,-45, ,
2, ,-46, ,
2, ,-46, ,
1, ,-46, ,
3, ,-45, ,
2, ,-46, ,
2, ,-46, ,
2, ,-46, ,
2, ,-46, ,
1, ,-45, ,
2, ,-46, ,
2, ,-46, ,
1, ,-45, ,
2, ,-46, ,
2, ,-46, ,
1, ,-46, ,
3, ,-46, ,
2, ,-46, ,
2, ,-46, ,
2, ,-46, ,
3, ,-46, ,
1, ,-45, ,
3, ,-46, ,
2, ,-46, ,
2, ,-45, ,
2, ,-46, ,
2, ,-46, ,
1, ,-46, ,
3, ,-45, ,
1, ,-46, ,
1, ,-46, ,
2, ,-46, ,
2, ,-46, ,
1, ,-45, ,
2, ,-45, ,
2, ,-46, ,
2, ,-45, ,
2, ,-46, ,
2, ,-46, ,
1, ,-46, ,
3, ,-45, ,
2, ,-46, ,
1, ,-46, ,
2, ,-46, ,
2, ,-46, ,
2, ,-45, ,
2, ,-45, ,
1, ,-46, ,
1, ,-45, ,
2, ,-46, ,
2, ,-46, ,
1, ,-45, ,
2, ,-45, ,
1, ,-46, ,
1, ,-46, ,
2, ,-46, ,
2, ,-46, ,
1, ,-46, ,
2, ,-46, ,
1, ,-46, ,
2, ,-45, ,
2, ,-46, ,
2, ,-46, ,
1, ,-46, ,
2, ,-45, ,
2, ,-46, ,
1, ,-45, ,
2, ,-46, ,
2, ,-46, ,
1, ,-45, ,
2, ,-46, ,
2, ,-46, ,
1, ,-45, ,
2, ,-46, ,
2, ,-46, ,
1, ,-46, ,
2, ,-45, ,
1, ,-46, ,
1, ,-46, ,
1, ,-46, ,
2, ,-46, ,
2, ,-45, ,
3, ,-45, ,
1, ,-46, ,
1, ,-45, ,
2, ,-45, ,
2, ,-46, ,
1, ,-46, ,
2, ,-45, ,
1, ,-46, ,
1, ,-45, ,
2, ,-46, ,
2, ,-46, ,
1, ,-45, ,
2, ,-46, ,
2, ,-46, ,
1, ,-45, ,
2, ,-46, ,
1, ,-46, ,
1, ,-46, ,
2, ,-45, ,
1, ,-46, ,
1, ,-46, ,
2, ,-46, ,
1, ,-46, ,
1, ,-45, ,
2, ,-45, ,
1, ,-46, ,
1, ,-45, ,
2, ,-46, ,
2, ,-46, ,
1, ,-45, ,
2, ,-45, ,
1, ,-46, ,
1, ,-46, ,
2, ,-46, ,
1, ,-46, ,
1, ,-45, ,
2, ,-45, ,
2, ,-46, ,
1, ,-45, ,
2, ,-46, ,
2, ,-46, ,
1, ,-46, ,
2, ,-45, ,
1, ,-46, ,
1, ,-45, ,
2, ,-46, ,
2, ,-46, ,
1, ,-46, ,
2, ,-45, ,
1, ,-46, ,
1, ,-45, ,
2, ,-46, ,
2, ,-46, ,
1, ,-46, ,
2, ,-45, ,
1, ,-46, ,
1, ,-45, ,
2, ,-46, ,
2, ,-46, ,
1, ,-45, ,
2, ,-45, ,
2, ,-46, ,
1, ,-45, ,
2, ,-46, ,
1, ,-46, ,
1, ,-46, ,
2, ,-45, ,
2, ,-46, ,
1, ,-45, ,
2, ,-46, ,
2, ,-46, ,
1, ,-45, ,
2, ,-45, ,
1, ,-46, ,
1, ,-45, ,
2, ,-46, ,
2, ,-46, ,
1, ,-46, ,
2, ,-45, ,
1, ,-46, ,
1, ,-45, ,
2, ,-46, ,
1, ,-46, ,
1, ,-45, ,
2, ,-46, ,
1, ,-46, ,
1, ,-45, ,
2, ,-46, ,
2, ,-46, ,
1, ,-45, ,
2, ,-45, ,
1, ,-46, ,
1, ,-45, ,
2, ,-45, ,
1, ,-46, ,
1, ,-45, ,
2, ,-45, ,
1, ,-46, ,
1, ,-45, ,
2, ,-46, ,
2, ,-46, ,
-1, ,-45, ,
2, ,-45, ,
1, ,-46, ,
1, ,-45, ,
2, ,-46, ,
2, ,-46, ,
1, ,-46, ,
2, ,-45, ,
1, ,-46, ,
1, ,-45, ,
2, ,-46, ,
2, ,-46, ,
1, ,-46, ,
2, ,-45, ,
1, ,-46, ,
1, ,-45, ,
2, ,-46, ,
1, ,-46, ,
1, ,-45, ,
2, ,-45, ,
1, ,-46, ,
1, ,-45, ,
2, ,-45, ,
2, ,-46, ,
1, ,-46, ,
2, ,-45, ,
1, ,-46, ,
1, ,-45, ,
2, ,-46, ,
1, ,-46, ,
1, ,-45, ,
2, ,-45, ,
1, ,-46, ,
1, ,-45, ,
2, ,-46, ,
1, ,-46, ,
-1, ,-45, ,
2, ,-45, ,
1, ,-46, ,
1, ,-45, ,
2, ,-46, ,
2, ,-46, ,
1, ,-46, ,
2, ,-45, ,
1, ,-46, ,
1, ,-45, ,
2, ,-46, ,
1, ,-46, ,
-1, ,-45, ,
2, ,-45, ,
1, ,-46, ,
1, ,-45, ,
1, ,-45, ,
1, ,-46, ,
-1, ,-45, ,
2, ,-45, ,
1, ,-46, ,
1, ,-45, ,
1, ,-46, ,
1, ,-46, ,
-1, ,-46, ,
2, ,-45, ,
1, ,-46, ,
1, ,-45, ,
1, ,-45, ,
1, ,-46, ,
-1, ,-45, ,
2, ,-45, ,
1, ,-46, ,
1, ,-45, ,
1, ,-46, ,
2, ,-46, ,
-1, ,-45, ,
2, ,-45, ,
1, ,-46, ,
1, ,-46, ,
1, ,-46, ,
1, ,-46, ,
1, ,-45, ,
2, ,-45, ,
1, ,-46, ,
1, ,-45, ,
2, ,-46, ,
1, ,-46, ,
1, ,-46, ,
2, ,-45, ,
1, ,-46, ,
1, ,-45, ,
1, ,-45, ,
2, ,-46, ,
1, ,-45, ,
2, ,-45, ,
1, ,-46, ,
1, ,-45, ,
2, ,-46, ,
2, ,-46, ,
1, ,-46, ,
2, ,-45, ,
1, ,-46, ,
1, ,-45, ,
2, ,-46, ,
2, ,-46, ,
-1, ,-45, ,
2, ,-45, ,
1, ,-46, ,
1, ,-45, ,
2, ,-46, ,
1, ,-46, ,
-1, ,-45, ,
2, ,-45, ,
1, ,-46, ,
1, ,-45, ,
1, ,-46, ,
1, ,-46, ,
1, ,-45, ,
2, ,-46, ,
1, ,-46, ,
1, ,-45, ,
2, ,-46, ,
1, ,-46, ,
-1, ,-45, ,
2, ,-45, ,
1, ,-46, ,
1, ,-45, ,
1, ,-46, ,
1, ,-46, ,
1, ,-45, ,
2, ,-46, ,
1, ,-46, ,
1, ,-45, ,
1, ,-45, ,
2, ,-46, ,
-1, ,-46, ,
2, ,-45, ,
1, ,-46, ,
1, ,-45, ,
1, ,-46, ,
1, ,-46, ,
1, ,-45, ,
2, ,-45, ,
1, ,-46, ,
1, ,-45, ,
1, ,-45, ,
1, ,-46, ,
-1, ,-46, ,
2, ,-45, ,
1, ,-46, ,
1, ,-46, ,
1, ,-45, ,
1, ,-46, ,
-1, ,-45, ,
2, ,-45, ,
1, ,-46, ,
1, ,-45, ,
2, ,-46, ,
1, ,-46, ,
-1, ,-46, ,
1, ,-45, ,
1, ,-46, ,
1, ,-45, ,
1, ,-45, ,
1, ,-46, ,
-1, ,-45, ,
2, ,-46, ,
1, ,-46, ,
1, ,-45, ,
1, ,-46, ,
1, ,-46, ,
-1, ,-46, ,
2, ,-45, ,
1, ,-46, ,
1, ,-46, ,
1, ,-46, ,
1, ,-46, ,
-1, ,-46, ,
2, ,-45, ,
1, ,-46, ,
1, ,-45, ,
1, ,-46, ,
1, ,-46, ,
-1, ,-45, ,
2, ,-45, ,
1, ,-46, ,
1, ,-46, ,
1, ,-46, ,
1, ,-46, ,
-1, ,-45, ,
2, ,-46, ,
1, ,-46, ,
1, ,-45, ,
2, ,-46, ,
1, ,-46, ,
-1, ,-46, ,
2, ,-45, ,
1, ,-46, ,
1, ,-46, ,
1, ,-46, ,
1, ,-46, ,
-1, ,-46, ,
2, ,-46, ,
1, ,-46, ,
1, ,-45, ,
2, ,-46, ,
1, ,-46, ,
-1, ,-46, ,
2, ,-45, ,
1, ,-46, ,
1, ,-46, ,
1, ,-46, ,
1, ,-46, ,
-1, ,-45, ,
2, ,-46, ,
1, ,-46, ,
1, ,-45, ,
2, ,-46, ,
1, ,-46, ,
-1, ,-46, ,
2, ,-45, ,
1, ,-46, ,
1, ,-45, ,
1, ,-46, ,
2, ,-46, ,
-1, ,-46, ,
2, ,-46, ,
1, ,-46, ,
1, ,-45, ,
1, ,-46, ,
1, ,-46, ,
-1, ,-46, ,
2, ,-45, ,
1, ,-46, ,
1, ,-45, ,
2, ,-46, ,
1, ,-46, ,
-1, ,-45, ,
2, ,-45, ,
1, ,-46, ,
1, ,-45, ,
2, ,-46, ,
1, ,-46, ,
-1, ,-45, ,
2, ,-45, ,
1, ,-46, ,
1, ,-46, ,
1, ,-46, ,
1, ,-46, ,
-1, ,-45, ,
2, ,-46, ,
1, ,-46, ,
1, ,-45, ,
2, ,-46, ,
1, ,-46, ,
-1, ,-45, ,
2, ,-45, ,
1, ,-46, ,
1, ,-45, ,
2, ,-46, ,
1, ,-46, ,
-1, ,-45, ,
2, ,-45, ,
1, ,-46, ,
1, ,-45, ,
1, ,-46, ,
1, ,-46, ,
-1, ,-46, ,
2, ,-45, ,
1, ,-46, ,
1, ,-45, ,
1, ,-46, ,
1, ,-46, ,
-1, ,-45, ,
2, ,-45, ,
1, ,-46, ,
1, ,-45, ,
1, ,-46, ,
1, ,-46, ,
-1, ,-46, ,
2, ,-46, ,
1, ,-46, ,
1, ,-45, ,
1, ,-46, ,
1, ,-46, ,
-1, ,-45, ,
2, ,-45, ,
1, ,-46, ,
1, ,-45, ,
1, ,-46, ,
1, ,-46, ,
-1, ,-46, ,
2, ,-45, ,
-1, ,-46, ,
1, ,-45, ,
1, ,-46, ,
1, ,-46, ,
-1, ,-45, ,
2, ,-45, ,
1, ,-46, ,
1, ,-45, ,
1, ,-46, ,
1, ,-47, ,
-1, ,-46, ,
2, ,-45, ,
1, ,-46, ,
1, ,-46, ,
1, ,-46, ,
1, ,-46, ,
-1, ,-45, ,
1, ,-45, ,
1, ,-46, ,
1, ,-45, ,
1, ,-45, ,
1, ,-46, ,
-1, ,-46, ,
1, ,-45, ,
-1, ,-46, ,
1, ,-46, ,
1, ,-46, ,
1, ,-46, ,
-1, ,-46, ,
2, ,-45, ,
-1, ,-46, ,
-1, ,-45, ,
1, ,-46, ,
1, ,-46, ,
-1, ,-46, ,
2, ,-45, ,
1, ,-46, ,
-1, ,-46, ,
1, ,-46, ,
1, ,-46, ,
-1, ,-46, ,
1, ,-46, ,
-1, ,-46, ,
1, ,-45, ,
1, ,-46, ,
1, ,-46, ,
-1, ,-45, ,
2, ,-45, ,
1, ,-46, ,
1, ,-46, ,
1, ,-46, ,
2, ,-46, ,
-1, ,-45, ,
2, ,-45, ,
1, ,-46, ,
1, ,-45, ,
1, ,-46, ,
1, ,-46, ,
-1, ,-46, ,
1, ,-45, ,
1, ,-46, ,
1, ,-46, ,
1, ,-46, ,
1, ,-46, ,
-1, ,-45, ,
1, ,-46, ,
-1, ,-46, ,
1, ,-45, ,
1, ,-46, ,
2, ,-46, ,
-1, ,-46, ,
2, ,-45, ,
1, ,-46, ,
1, ,-45, ,
1, ,-46, ,
1, ,-46, ,
-1, ,-45, ,
2, ,-46, ,
1, ,-46, ,
1, ,-45, ,
1, ,-46, ,
1, ,-46, ,
-1, ,-45, ,
1, ,-45, ,
1, ,-46, ,
1, ,-45, ,
1, ,-46, ,
1, ,-46, ,
-1, ,-45, ,
2, ,-41, ,
1, ,-23, ,
1, ,-5, ,
1, ,8, ,
1, ,18, ,
-1, ,26, ,
2, ,32, ,
1, ,36, ,
1, ,38, ,
1, ,41, ,
1, ,43, ,
-1, ,44, ,
2, ,45, ,
-1, ,46, ,
1, ,45, ,
1, ,46, ,
1, ,47, ,
-1, ,47, ,
1, ,47, ,
1, ,47, ,
1, ,47, ,
1, ,47, ,
1, ,49, ,
-1, ,47, ,
2, ,47, ,
-1, ,49, ,
1, ,46, ,
2, ,47, ,
1, ,47, ,
-1, ,47, ,
2, ,47, ,
1, ,47, ,
-1, ,46, ,
1, ,47, ,
1, ,47, ,
-1, ,47, ,
1, ,47, ,
-1, ,47, ,
-1, ,46, ,
2, ,47, ,
1, ,47, ,
-1, ,47, ,
2, ,47, ,
-1, ,47, ,
-1, ,46, ,
1, ,47, ,
1, ,47, ,
-1, ,46, ,
2, ,47, ,
-1, ,47, ,
-1, ,46, ,
1, ,47, ,
1, ,47, ,
-1, ,46, ,
2, ,46, ,
-1, ,47, ,
-1, ,46, ,
2, ,47, ,
1, ,47, ,
-1, ,46, ,
2, ,46, ,
-1, ,47, ,
-1, ,46, ,
1, ,47, ,
1, ,47, ,
-1, ,46, ,
2, ,46, ,
1, ,47, ,
-1, ,46, ,
1, ,46, ,
1, ,47, ,
-1, ,46, ,
2, ,47, ,
-1, ,47, ,
-1, ,46, ,
1, ,47, ,
1, ,47, ,
-1, ,46, ,
2, ,47, ,
-1, ,47, ,
-1, ,46, ,
1, ,47, ,
1, ,47, ,
-1, ,46, ,
2, ,47, ,
1, ,47, ,
-1, ,46, ,
1, ,47, ,
1, ,47, ,
-1, ,46, ,
2, ,46, ,
1, ,47, ,
1, ,46, ,
1, ,46, ,
1, ,47, ,
-1, ,46, ,
2, ,46, ,
-1, ,47, ,
-1, ,46, ,
1, ,47, ,
1, ,47, ,
-1, ,46, ,
2, ,46, ,
-1, ,47, ,
-1, ,46, ,
1, ,47, ,
1, ,47, ,
-1, ,46, ,
2, ,46, ,
1, ,47, ,
1, ,46, ,
1, ,47, ,
1, ,47, ,
-1, ,46, ,
1, ,46, ,
1, ,47, ,
-1, ,46, ,
2, ,46, ,
1, ,47, ,
-1, ,46, ,
1, ,46, ,
-1, ,47, ,
-1, ,46, ,
1, ,47, ,
1, ,47, ,
-1, ,46, ,
2, ,46, ,
-1, ,47, ,
-1, ,46, ,
1, ,47, ,
1, ,47, ,
-1, ,46, ,
2, ,46, ,
1, ,47, ,
1, ,45, ,
1, ,46, ,
1, ,47, ,
-1, ,46, ,
2, ,46, ,
1, ,47, ,
1, ,46, ,
2, ,46, ,
1, ,47, ,
-1, ,46, ,
2, ,46, ,
-1, ,47, ,
1, ,46, ,
1, ,46, ,
1, ,47, ,
-1, ,46, ,
1, ,46, ,
1, ,47, ,
-1, ,46, ,
1, ,47, ,
1, ,46, ,
-1, ,33, ,
1, ,13, ,
-1, ,-2, ,
-1, ,-14, ,
1, ,-22, ,
1, ,-28, ,
-1, ,-34, ,
1, ,-37, ,
-1, ,-40, ,
-1, ,-41, ,
1, ,-43, ,
1, ,-44, ,
-1, ,-44, ,
1, ,-45, ,
-1, ,-46, ,
1, ,-45, ,
1, ,-46, ,
1, ,-46, ,
-1, ,-46, ,
2, ,-46, ,
1, ,-47, ,
-1, ,-46, ,
1, ,-46, ,
1, ,-47, ,
-1, ,-46, ,
1, ,-46, ,
-1, ,-47, ,
1, ,-46, ,
1, ,-46, ,
1, ,-47, ,
-1, ,-46, ,
1, ,-46, ,
-1, ,-46, ,
-1, ,-46, ,
1, ,-46, ,
1, ,-46, ,
-1, ,-46, ,
1, ,-46, ,
-1, ,-47, ,
-1, ,-45, ,
1, ,-46, ,
1, ,-46, ,
-1, ,-46, ,
1, ,-46, ,
-1, ,-46, ,
-1, ,-46, ,
1, ,-46, ,
1, ,-46, ,
-1, ,-46, ,
1, ,-46, ,
-1, ,-46, ,
-1, ,-45, ,
1, ,-46, ,
1, ,-47, ,
-1, ,-46, ,
1, ,-45, ,
-1, ,-46, ,
-1, ,-45, ,
1, ,-46, ,
1, ,-46, ,
-1, ,-45, ,
1, ,-46, ,
-1, ,-46, ,
-1, ,-45, ,
1, ,-46, ,
1, ,-46, ,
-1, ,-46, ,
1, ,-45, ,
-1, ,-46, ,
-1, ,-46, ,
1, ,-46, ,
1, ,-46, ,
-1, ,-46, ,
1, ,-46, ,
-1, ,-46, ,
-1, ,-45, ,
1, ,-46, ,
1, ,-46, ,
-1, ,-45, ,
1, ,-45, ,
-1, ,-46, ,
-1, ,-45, ,
1, ,-46, ,
1, ,-46, ,
-1, ,-45, ,
1, ,-46, ,
-1, ,-46, ,
-1, ,-45, ,
1, ,-45, ,
1, ,-46, ,
-1, ,-46, ,
1, ,-45, ,
1, ,-46, ,
-1, ,-46, ,
1, ,-46, ,
1, ,-46, ,
-1, ,-46, ,
1, ,-46, ,
-1, ,-46, ,
1, ,-45, ,
1, ,-46, ,
1, ,-46, ,
-1, ,-46, ,
1, ,-45, ,
1, ,-46, ,
-1, ,-45, ,
1, ,-46, ,
1, ,-46, ,
-1, ,-45, ,
2, ,-45, ,
-1, ,-46, ,
1, ,-45, ,
1, ,-45, ,
1, ,-46, ,
-1, ,-46, ,
1, ,-45, ,
-1, ,-46, ,
-1, ,-45, ,
1, ,-46, ,
1, ,-46, ,
-1, ,-46, ,
1, ,-45, ,
-1, ,-46, ,
-1, ,-45, ,
1, ,-45, ,
1, ,-46, ,
-1, ,-46, ,
1, ,-45, ,
-1, ,-46, ,
-1, ,-45, ,
1, ,-46, ,
1, ,-46, ,
-1, ,-45, ,
1, ,-46, ,
-1, ,-46, ,
-1, ,-45, ,
1, ,-46, ,
1, ,-46, ,
-1, ,-46, ,
1, ,-45, ,
-1, ,-46, ,
-1, ,-45, ,
1, ,-46, ,
1, ,-46, ,
-1, ,-45, ,
1, ,-45, ,
-1, ,-46, ,
-1, ,-45, ,
1, ,-45, ,
1, ,-46, ,
-1, ,-46, ,
1, ,-45, ,
-1, ,-46, ,
-1, ,-45, ,
1, ,-46, ,
1, ,-46, ,
-1, ,-45, ,
1, ,-46, ,
-1, ,-46, ,
-1, ,-45, ,
1, ,-46, ,
1, ,-46, ,
-1, ,-45, ,
1, ,-45, ,
-1, ,-46, ,
1, ,-46, ,
1, ,-45, ,
1, ,-46, ,
-1, ,-46, ,
1, ,-45, ,
-1, ,-46, ,
-1, ,-45, ,
1, ,-46, ,
1, ,-46, ,
-1, ,-46, ,
1, ,-45, ,
-1, ,-46, ,
-1, ,-45, ,
1, ,-45, ,
2, ,-46, ,
-1, ,-45, ,
1, ,-45, ,
-1, ,-46, ,
-1, ,-45, ,
1, ,-46, ,
1, ,-46, ,
-1, ,-46, ,
1, ,-45, ,
-1, ,-46, ,
-1, ,-46, ,
1, ,-46, ,
1, ,-46, ,
-1, ,-46, ,
1, ,-45, ,
-1, ,-46, ,
-1, ,-45, ,
1, ,-46, ,
1, ,-46, ,
-1, ,-46, ,
1, ,-45, ,
-1, ,-46, ,
-1, ,-45, ,
1, ,-46, ,
1, ,-46, ,
-1, ,-45, ,
1, ,-46, ,
-1, ,-46, ,
-1, ,-45, ,
1, ,-45, ,
1, ,-46, ,
-1, ,-46, ,
2, ,-45, ,
-1, ,-46, ,
-1, ,-45, ,
1, ,-45, ,
1, ,-46, ,
-1, ,-45, ,
1, ,-46, ,
-1, ,-46, ,
-1, ,-45, ,
1, ,-46, ,
1, ,-46, ,
-1, ,-46, ,
1, ,-45, ,
-1, ,-46, ,
-1, ,-45, ,
1, ,-46, ,
1, ,-46, ,
-1, ,-45, ,
1, ,-45, ,
-1, ,-46, ,
-1, ,-45, ,
1, ,-46, ,
1, ,-46, ,
-1, ,-45, ,
1, ,-45, ,
-1, ,-46, ,
-1, ,-45, ,
1, ,-45, ,
1, ,-46, ,
-1, ,-45, ,
1, ,-46, ,
-1, ,-46, ,
-1, ,-45, ,
1, ,-46, ,
1, ,-46, ,
-1, ,-46, ,
2, ,-45, ,
-1, ,-46, ,
-1, ,-45, ,
1, ,-46, ,
1, ,-46, ,
-1, ,-45, ,
1, ,-45, ,
-1, ,-46, ,
-1, ,-45, ,
1, ,-46, ,
1, ,-46, ,
-1, ,-46, ,
1, ,-45, ,
-1, ,-46, ,
-1, ,-46, ,
1, ,-46, ,
1, ,-46, ,
-1, ,-45, ,
1, ,-45, ,
-1, ,-46, ,
1, ,-45, ,
1, ,-46, ,
1, ,-46, ,
-1, ,-46, ,
1, ,-45, ,
-1, ,-46, ,
-1, ,-45, ,
1, ,-46, ,
1, ,-46, ,
-1, ,-45, ,
1, ,-45, ,
-1, ,-46, ,
-1, ,-45, ,
1, ,-46, ,
1, ,-46, ,
-1, ,-46, ,
1, ,-45, ,
-1, ,-46, ,
-1, ,-46, ,
1, ,-45, ,
1, ,-46, ,
-1, ,-45, ,
1, ,-45, ,
-1, ,-46, ,
1, ,-45, ,
1, ,-46, ,
1, ,-46, ,
-1, ,-46, ,
1, ,-45, ,
-1, ,-46, ,
-1, ,-45, ,
1, ,-46, ,
1, ,-46, ,
-1, ,-45, ,
1, ,-46, ,
-1, ,-46, ,
-1, ,-45, ,
1, ,-46, ,
1, ,-46, ,
-1, ,-46, ,
2, ,-45, ,
1, ,-46, ,
-1, ,-45, ,
1, ,-46, ,
1, ,-46, ,
-1, ,-45, ,
1, ,-45, ,
-1, ,-46, ,
-1, ,-45, ,
1, ,-46, ,
1, ,-46, ,
-1, ,-46, ,
1, ,-45, ,
-1, ,-46, ,
-1, ,-45, ,
1, ,-46, ,
1, ,-46, ,
-1, ,-45, ,
1, ,-45, ,
-1, ,-46, ,
-1, ,-44, ,
1, ,-45, ,
1, ,-46, ,
-1, ,-45, ,
1, ,-45, ,
1, ,-46, ,
-1, ,-45, ,
1, ,-46, ,
1, ,-46, ,
-1, ,-46, ,
1, ,-46, ,
-1, ,-46, ,
-1, ,-45, ,
1, ,-46, ,
1, ,-46, ,
-1, ,-46, ,
1, ,-45, ,
-1, ,-46, ,
-1, ,-45, ,
1, ,-45, ,
1, ,-46, ,
-1, ,-45, ,
1, ,-45, ,
-1, ,-46, ,
-1, ,-45, ,
1, ,-46, ,
1, ,-46, ,
-1, ,-46, ,
1, ,-45, ,
-1, ,-46, ,
-1, ,-45, ,
1, ,-46, ,
1, ,-46, ,
-1, ,-45, ,
1, ,-45, ,
-1, ,-46, ,
-1, ,-45, ,
1, ,-46, ,
1, ,-46, ,
-1, ,-46, ,
1, ,-45, ,
-1, ,-46, ,
-1, ,-45, ,
1, ,-46, ,
1, ,-46, ,
-1, ,-45, ,
1, ,-45, ,
-1, ,-46, ,
-1, ,-45, ,
1, ,-46, ,
1, ,-46, ,
-1, ,-46, ,
1, ,-45, ,
-1, ,-46, ,
-1, ,-45, ,
1, ,-45, ,
1, ,-46, ,
-1, ,-45, ,
1, ,-46, ,
-1, ,-46, ,
-1, ,-45, ,
1, ,-46, ,
1, ,-46, ,
-1, ,-46, ,
1, ,-45, ,
-1, ,-46, ,
-1, ,-45, ,
1, ,-46, ,
1, ,-46, ,
-1, ,-46, ,
1, ,-45, ,
-1, ,-46, ,
-1, ,-45, ,
1, ,-45, ,
1, ,-46, ,
-1, ,-45, ,
1, ,-45, ,
-1, ,-46, ,
-1, ,-45, ,
1, ,-46, ,
1, ,-46, ,
-1, ,-46, ,
1, ,-46, ,
-1, ,-46, ,
-1, ,-45, ,
1, ,-46, ,
1, ,-46, ,
-1, ,-46, ,
1, ,-45, ,
-1, ,-46, ,
1, ,-45, ,
1, ,-46, ,
1, ,-46, ,
-1, ,-45, ,
1, ,-45, ,
-1, ,-46, ,
-1, ,-45, ,
1, ,-46, ,
1, ,-46, ,
-1, ,-46, ,
1, ,-45, ,
-1, ,-46, ,
-1, ,-45, ,
1, ,-45, ,
1, ,-46, ,
-1, ,-45, ,
1, ,-46, ,
-1, ,-46, ,
-1, ,-45, ,
1, ,-46, ,
1, ,-46, ,
-1, ,-46, ,
1, ,-45, ,
-1, ,-46, ,
-1, ,-45, ,
1, ,-46, ,
1, ,-46, ,
-1, ,-45, ,
1, ,-45, ,
-1, ,-46, ,
-1, ,-45, ,
1, ,-46, ,
1, ,-46, ,
-1, ,-45, ,
1, ,-45, ,
-1, ,-46, ,
-1, ,-45, ,
1, ,-46, ,
1, ,-46, ,
-1, ,-46, ,
1, ,-46, ,
-1, ,-46, ,
-1, ,-45, ,
1, ,-46, ,
1, ,-46, ,
-1, ,-46, ,
1, ,-45, ,
-1, ,-46, ,
-1, ,-46, ,
1, ,-46, ,
1, ,-46, ,
-1, ,-46, ,
1, ,-45, ,
-1, ,-46, ,
-1, ,-45, ,
1, ,-46, ,
1, ,-46, ,
-1, ,-46, ,
1, ,-45, ,
-1, ,-46, ,
-1, ,-45, ,
1, ,-45, ,
1, ,-46, ,
-1, ,-46, ,
2, ,-45, ,
-1, ,-46, ,
-1, ,-45, ,
1, ,-46, ,
1, ,-46, ,
-1, ,-46, ,
1, ,-45, ,
-1, ,-46, ,
-1, ,-45, ,
1, ,-46, ,
1, ,-46, ,
-1, ,-46, ,
1, ,-46, ,
-1, ,-46, ,
-1, ,-45, ,
1, ,-46, ,
1, ,-46, ,
-1, ,-46, ,
1, ,-45, ,
-1, ,-46, ,
-1, ,-46, ,
1, ,-46, ,
1, ,-46, ,
-1, ,-45, ,
1, ,-46, ,
-1, ,-46, ,
-1, ,-45, ,
1, ,-45, ,
1, ,-46, ,
-1, ,-46, ,
1, ,-45, ,
-1, ,-46, ,
-1, ,-45, ,
1, ,-46, ,
1, ,-46, ,
-1, ,-45, ,
1, ,-45, ,
-1, ,-46, ,
-1, ,-45, ,
1, ,-46, ,
1, ,-46, ,
-1, ,-46, ,
1, ,-45, ,
-1, ,-46, ,
-1, ,-45, ,
1, ,-46, ,
1, ,-46, ,
-1, ,-45, ,
2, ,-45, ,
-1, ,-46, ,
-1, ,-45, ,
1, ,-46, ,
1, ,-46, ,
-1, ,-46, ,
1, ,-45, ,
1, ,-46, ,
-1, ,-45, ,
1, ,-46, ,
1, ,-46, ,
-1, ,-46, ,
1, ,-45, ,
-1, ,-46, ,
1, ,-45, ,
1, ,-46, ,
1, ,-46, ,
-1, ,-46, ,
1, ,-45, ,
1, ,-46, ,
-1, ,-46, ,
1, ,-46, ,
1, ,-46, ,
-1, ,-46, ,
1, ,-46, ,
-1, ,-46, ,
1, ,-45, ,
1, ,-46, ,
1, ,-46, ,
-1, ,-46, ,
1, ,-45, ,
-1, ,-46, ,
-1, ,-45, ,
1, ,-46, ,
1, ,-46, ,
-1, ,-46, ,
1, ,-46, ,
-1, ,-46, ,
-1, ,-45, ,
1, ,-46, ,
1, ,-46, ,
-1, ,-46, ,
1, ,-45, ,
-1, ,-46, ,
-1, ,-45, ,
1, ,-45, ,
1, ,-46, ,
-1, ,-45, ,
1, ,-45, ,
-1, ,-46, ,
-1, ,-45, ,
1, ,-46, ,
1, ,-46, ,
-1, ,-46, ,
1, ,-45, ,
-1, ,-46, ,
-1, ,-45, ,
1, ,-46, ,
1, ,-46, ,
-1, ,-45, ,
1, ,-45, ,
-1, ,-46, ,
-1, ,-45, ,
1, ,-46, ,
1, ,-46, ,
-1, ,-45, ,
1, ,-45, ,
-1, ,-46, ,
-1, ,-45, ,
1, ,-46, ,
1, ,-46, ,
-1, ,-46, ,
1, ,-45, ,
-1, ,-46, ,
-1, ,-45, ,
1, ,-46, ,
1, ,-46, ,
-2, ,-46, ,
1, ,-45, ,
-1, ,-46, ,
-1, ,-45, ,
1, ,-46, ,
1, ,-46, ,
-1, ,-45, ,
1, ,-46, ,
-1, ,-46, ,
-1, ,-46, ,
1, ,-46, ,
1, ,-46, ,
-1, ,-46, ,
1, ,-45, ,
-1, ,-46, ,
-1, ,-46, ,
1, ,-46, ,
1, ,-46, ,
-1, ,-46, ,
1, ,-46, ,
-1, ,-44, ,
1, ,-26, ,
1, ,-7, ,
1, ,6, ,
-1, ,17, ,
1, ,25, ,
1, ,31, ,
-1, ,35, ,
1, ,39, ,
1, ,41, ,
-1, ,42, ,
1, ,44, ,
-1, ,45, ,
1, ,45, ,
1, ,46, ,
1, ,47, ,
-1, ,46, ,
1, ,47, ,
1, ,49, ,
-1, ,46, ,
1, ,47, ,
1, ,47, ,
-1, ,47, ,
2, ,47, ,
-1, ,47, ,
-1, ,47, ,
1, ,47, ,
1, ,47, ,
-1, ,47, ,
1, ,47, ,
-1, ,47, ,
-1, ,46, ,
1, ,47, ,
1, ,47, ,
-1, ,46, ,
1, ,46, ,
-1, ,47, ,
-1, ,46, ,
1, ,47, ,
1, ,47, ,
-1, ,47, ,
1, ,47, ,
-1, ,47, ,
-1, ,46, ,
1, ,47, ,
1, ,47, ,
-1, ,46, ,
1, ,47, ,
-1, ,47, ,
-1, ,46, ,
1, ,47, ,
1, ,47, ,
-1, ,46, ,
1, ,46, ,
1, ,47, ,
-1, ,46, ,
1, ,47, ,
1, ,47, ,
-1, ,46, ,
1, ,46, ,
-1, ,47, ,
-1, ,46, ,
1, ,47, ,
1, ,47, ,
-1, ,46, ,
2, ,46, ,
-1, ,47, ,
-1, ,46, ,
1, ,47, ,
1, ,47, ,
-1, ,46, ,
2, ,46, ,
-1, ,47, ,
-1, ,46, ,
1, ,47, ,
1, ,47, ,
-1, ,46, ,
1, ,46, ,
-1, ,47, ,
-1, ,46, ,
1, ,47, ,
1, ,47, ,
-1, ,46, ,
2, ,46, ,
-1, ,47, ,
-1, ,46, ,
1, ,47, ,
1, ,47, ,
-1, ,46, ,
2, ,47, ,
-1, ,47, ,
-1, ,46, ,
1, ,46, ,
1, ,47, ,
-1, ,46, ,
2, ,46, ,
-1, ,47, ,
-1, ,46, ,
1, ,47, ,
1, ,47, ,
-1, ,46, ,
1, ,46, ,
-1, ,47, ,
-1, ,46, ,
1, ,46, ,
1, ,47, ,
-1, ,46, ,
2, ,46, ,
-1, ,47, ,
-1, ,46, ,
1, ,47, ,
1, ,47, ,
-1, ,46, ,
2, ,46, ,
-1, ,47, ,
-1, ,46, ,
1, ,46, ,
1, ,47, ,
-1, ,46, ,
1, ,46, ,
-1, ,47, ,
-1, ,46, ,
1, ,47, ,
1, ,47, ,
-1, ,46, ,
1, ,46, ,
-1, ,47, ,
-1, ,46, ,
1, ,47, ,
1, ,47, ,
-1, ,47, ,
1, ,46, ,
-1, ,47, ,
-1, ,46, ,
1, ,46, ,
1, ,47, ,
-1, ,46, ,
1, ,46, ,
1, ,47, ,
-1, ,46, ,
1, ,46, ,
1, ,47, ,
-1, ,46, ,
2, ,46, ,
-1, ,47, ,
-1, ,46, ,
1, ,47, ,
1, ,47, ,
-1, ,46, ,
2, ,46, ,
-1, ,47, ,
-1, ,46, ,
1, ,46, ,
1, ,47, ,
-1, ,46, ,
1, ,37, ,
-1, ,17, ,
-1, ,0, ,
1, ,-12, ,
1, ,-21, ,
-1, ,-27, ,
1, ,-32, ,
-1, ,-36, ,
-1, ,-39, ,
1, ,-41, ,
1, ,-42, ,
-1, ,-43, ,
2, ,-44, ,
-1, ,-45, ,
-1, ,-45, ,
1, ,-46, ,
1, ,-46, ,
-1, ,-46, ,
1, ,-46, ,
-1, ,-47, ,
-1, ,-46, ,
1, ,-46, ,
1, ,-47, ,
-1, ,-46, ,
1, ,-46, ,
-1, ,-47, ,
-1, ,-46, ,
1, ,-46, ,
1, ,-47, ,
-1, ,-46, ,
1, ,-46, ,
-1, ,-47, ,
-1, ,-46, ,
1, ,-46, ,
1, ,-46, ,
-1, ,-46, ,
1, ,-46, ,
-1, ,-47, ,
-1, ,-45, ,
1, ,-46, ,
1, ,-47, ,
-1, ,-46, ,
1, ,-46, ,
-1, ,-46, ,
-1, ,-46, ,
1, ,-46, ,
1, ,-46, ,
-1, ,-45, ,
1, ,-46, ,
-1, ,-46, ,
-1, ,-45, ,
1, ,-46, ,
1, ,-46, ,
-1, ,-46, ,
1, ,-45, ,
-1, ,-46, ,
-1, ,-46, ,
1, ,-46, ,
1, ,-46, ,
-1, ,-45, ,
1, ,-46, ,
-1, ,-46, ,
-1, ,-45, ,
1, ,-46, ,
1, ,-46, ,
-1, ,-46, ,
1, ,-45, ,
-1, ,-46, ,
-1, ,-46, ,
1, ,-46, ,
1, ,-46, ,
-1, ,-46, ,
1, ,-46, ,
-1, ,-46, ,
-1, ,-45, ,
1, ,-46, ,
1, ,-46, ,
-1, ,-46, ,
1, ,-45, ,
-1, ,-46, ,
-1, ,-46, ,
1, ,-46, ,
1, ,-46, ,
-1, ,-46, ,
1, ,-46, ,
-1, ,-46, ,
-1, ,-45, ,
1, ,-46, ,
1, ,-46, ,
-1, ,-46, ,
1, ,-45, ,
-1, ,-46, ,
-1, ,-46, ,
1, ,-46, ,
1, ,-46, ,
-1, ,-46, ,
1, ,-46, ,
-1, ,-46, ,
-1, ,-46, ,
1, ,-45, ,
1, ,-46, ,
-1, ,-46, ,
1, ,-46, ,
-1, ,-46, ,
-1, ,-45, ,
1, ,-46, ,
1, ,-46, ,
-1, ,-46, ,
1, ,-46, ,
-1, ,-46, ,
-1, ,-45, ,
1, ,-45, ,
1, ,-46, ,
-1, ,-45, ,
1, ,-46, ,
-1, ,-46, ,
-1, ,-45, ,
1, ,-46, ,
1, ,-46, ,
-1, ,-45, ,
1, ,-45, ,
-1, ,-46, ,
-1, ,-45, ,
1, ,-45, ,
1, ,-46, ,
-1, ,-46, ,
1, ,-46, ,
1, ,-46, ,
-1, ,-46, ,
1, ,-46, ,
1, ,-46, ,
-1, ,-46, ,
1, ,-45, ,
-1, ,-46, ,
-1, ,-45, ,
1, ,-46, ,
1, ,-46, ,
-1, ,-45, ,
1, ,-45, ,
-1, ,-46, ,
-1, ,-45, ,
1, ,-46, ,
1, ,-46, ,
-1, ,-46, ,
1, ,-45, ,
-1, ,-46, ,
-1, ,-45, ,
1, ,-45, ,
1, ,-46, ,
-1, ,-45, ,
1, ,-45, ,
-1, ,-46, ,
-1, ,-45, ,
1, ,-45, ,
1, ,-46, ,
-1, ,-46, ,
1, ,-46, ,
-1, ,-46, ,
-1, ,-45, ,
1, ,-46, ,
1, ,-46, ,
-1, ,-45, ,
1, ,-45, ,
-1, ,-46, ,
-1, ,-45, ,
1, ,-46, ,
1, ,-46, ,
-1, ,-45, ,
1, ,-46, ,
-1, ,-46, ,
-1, ,-45, ,
1, ,-46, ,
1, ,-46, ,
-1, ,-45, ,
1, ,-45, ,
-1, ,-46, ,
-1, ,-45, ,
1, ,-46, ,
1, ,-46, ,
-1, ,-45, ,
1, ,-46, ,
-1, ,-46, ,
-1, ,-45, ,
1, ,-46, ,
1, ,-46, ,
-1, ,-45, ,
1, ,-45, ,
-1, ,-46, ,
-1, ,-45, ,
-1, ,-46, ,
1, ,-46, ,
-1, ,-45, ,
1, ,-45, ,
-1, ,-46, ,
-1, ,-45, ,
1, ,-46, ,
1, ,-46, ,
-1, ,-45, ,
1, ,-45, ,
-1, ,-46, ,
-1, ,-46, ,
1, ,-45, ,
1, ,-46, ,
-1, ,-46, ,
1, ,-46, ,
-1, ,-46, ,
-1, ,-45, ,
1, ,-46, ,
1, ,-46, ,
-1, ,-45, ,
1, ,-45, ,
-1, ,-46, ,
-1, ,-45, ,
1, ,-46, ,
1, ,-46, ,
-1, ,-45, ,
1, ,-45, ,
-1, ,-46, ,
-1, ,-45, ,
1, ,-46, ,
1, ,-46, ,
-1, ,-45, ,
1, ,-45, ,
-1, ,-46, ,
-1, ,-46, ,
1, ,-46, ,
1, ,-46, ,
-1, ,-45, ,
2, ,-45, ,
-1, ,-46, ,
-1, ,-45, ,
1, ,-46, ,
1, ,-46, ,
-1, ,-45, ,
1, ,-45, ,
1, ,-46, ,
-1, ,-45, ,
1, ,-46, ,
1, ,-46, ,
-1, ,-46, ,
1, ,-46, ,
-1, ,-46, ,
-1, ,-45, ,
1, ,-46, ,
1, ,-46, ,
-1, ,-45, ,
1, ,-45, ,
-1, ,-46, ,
-1, ,-45, ,
1, ,-45, ,
1, ,-46, ,
-1, ,-45, ,
1, ,-46, ,
-1, ,-46, ,
-1, ,-45, ,
1, ,-46, ,
1, ,-46, ,
-1, ,-45, ,
1, ,-45, ,
-1, ,-46, ,
-1, ,-45, ,
1, ,-46, ,
1, ,-46, ,
-1, ,-45, ,
1, ,-46, ,
-1, ,-46, ,
-1, ,-45, ,
1, ,-46, ,
1, ,-46, ,
-1, ,-45, ,
1, ,-45, ,
-1, ,-46, ,
-1, ,-45, ,
1, ,-46, ,
1, ,-46, ,
-1, ,-45, ,
1, ,-45, ,
-1, ,-46, ,
-1, ,-45, ,
1, ,-46, ,
1, ,-46, ,
-1, ,-45, ,
1, ,-45, ,
-1, ,-46, ,
-1, ,-45, ,
1, ,-46, ,
1, ,-46, ,
-1, ,-45, ,
1, ,-45, ,
-1, ,-46, ,
-1, ,-45, ,
1, ,-46, ,
1, ,-46, ,
-1, ,-45, ,
1, ,-45, ,
-1, ,-46, ,
-1, ,-45, ,
1, ,-46, ,
1, ,-46, ,
-1, ,-46, ,
1, ,-45, ,
-1, ,-46, ,
-1, ,-45, ,
1, ,-46, ,
1, ,-46, ,
-1, ,-45, ,
1, ,-45, ,
-1, ,-46, ,
-1, ,-45, ,
-1, ,-46, ,
1, ,-46, ,
-1, ,-45, ,
1, ,-45, ,
-1, ,-46, ,
-1, ,-45, ,
1, ,-46, ,
1, ,-46, ,
-2, ,-45, ,
1, ,-45, ,
-1, ,-46, ,
-1, ,-45, ,
1, ,-46, ,
1, ,-46, ,
-1, ,-46, ,
2, ,-45, ,
-1, ,-46, ,
-1, ,-45, ,
1, ,-46, ,
1, ,-46, ,
-1, ,-45, ,
1, ,-45, ,
-1, ,-46, ,
-1, ,-45, ,
1, ,-46, ,
1, ,-46, ,
-1, ,-45, ,
1, ,-46, ,
-1, ,-46, ,
-1, ,-45, ,
1, ,-46, ,
1, ,-46, ,
-1, ,-45, ,
1, ,-45, ,
-1, ,-46, ,
-1, ,-45, ,
1, ,-46, ,
1, ,-46, ,
-1, ,-46, ,
1, ,-46, ,
-1, ,-46, ,
-1, ,-45, ,
-1, ,-46, ,
1, ,-46, ,
-1, ,-45, ,
1, ,-45, ,
-1, ,-46, ,
-1, ,-45, ,
1, ,-45, ,
1, ,-46, ,
-1, ,-46, ,
1, ,-45, ,
-1, ,-46, ,
-1, ,-45, ,
1, ,-45, ,
1, ,-46, ,
-1, ,-45, ,
1, ,-46, ,
-1, ,-46, ,
-1, ,-45, ,
1, ,-46, ,
1, ,-46, ,
-1, ,-45, ,
1, ,-45, ,
-1, ,-46, ,
-1, ,-45, ,
1, ,-46, ,
1, ,-46, ,
-1, ,-45, ,
2, ,-45, ,
1, ,-46, ,
-1, ,-45, ,
1, ,-45, ,
1, ,-46, ,
-1, ,-45, ,
1, ,-46, ,
-1, ,-46, ,
-1, ,-45, ,
1, ,-46, ,
1, ,-46, ,
-1, ,-45, ,
1, ,-45, ,
-1, ,-46, ,
-1, ,-45, ,
1, ,-46, ,
1, ,-46, ,
-1, ,-45, ,
1, ,-45, ,
-1, ,-46, ,
-1, ,-45, ,
1, ,-45, ,
1, ,-46, ,
-1, ,-45, ,
1, ,-46, ,
-1, ,-46, ,
-1, ,-45, ,
1, ,-45, ,
1, ,-46, ,
-1, ,-45, ,
1, ,-46, ,
-1, ,-46, ,
-1, ,-45, ,
1, ,-46, ,
1, ,-46, ,
-1, ,-45, ,
1, ,-45, ,
-1, ,-46, ,
-1, ,-45, ,
1, ,-46, ,
1, ,-46, ,
-1, ,-45, ,
1, ,-46, ,
-1, ,-46, ,
-1, ,-45, ,
1, ,-46, ,
1, ,-46, ,
-1, ,-45, ,
1, ,-45, ,
-1, ,-46, ,
-1, ,-45, ,
1, ,-45, ,
1, ,-46, ,
-1, ,-45, ,
1, ,-46, ,
-1, ,-46, ,
-1, ,-45, ,
1, ,-46, ,
1, ,-46, ,
-1, ,-45, ,
1, ,-45, ,
-1, ,-46, ,
-1, ,-45, ,
1, ,-46, ,
1, ,-46, ,
-1, ,-45, ,
1, ,-45, ,
-1, ,-46, ,
-1, ,-45, ,
1, ,-46, ,
1, ,-46, ,
-1, ,-45, ,
1, ,-45, ,
-1, ,-46, ,
-1, ,-45, ,
1, ,-46, ,
1, ,-46, ,
-1, ,-45, ,
1, ,-46, ,
-1, ,-46, ,
-1, ,-45, ,
1, ,-45, ,
1, ,-46, ,
-1, ,-45, ,
1, ,-45, ,
-1, ,-46, ,
-1, ,-45, ,
-1, ,-45, ,
1, ,-46, ,
-1, ,-45, ,
1, ,-45, ,
-1, ,-46, ,
1, ,-45, ,
1, ,-46, ,
1, ,-46, ,
-1, ,-45, ,
1, ,-45, ,
-1, ,-46, ,
-1, ,-45, ,
1, ,-46, ,
1, ,-46, ,
-1, ,-46, ,
1, ,-46, ,
-1, ,-46, ,
-1, ,-45, ,
1, ,-46, ,
1, ,-46, ,
-1, ,-45, ,
1, ,-45, ,
-1, ,-46, ,
-1, ,-45, ,
1, ,-46, ,
1, ,-46, ,
-1, ,-46, ,
1, ,-45, ,
-1, ,-46, ,
-1, ,-45, ,
1, ,-45, ,
1, ,-46, ,
-1, ,-45, ,
1, ,-45, ,
-1, ,-46, ,
-1, ,-45, ,
1, ,-46, ,
1, ,-46, ,
-1, ,-45, ,
1, ,-45, ,
-1, ,-46, ,
-1, ,-45, ,
1, ,-45, ,
1, ,-46, ,
-1, ,-45, ,
1, ,-45, ,
-1, ,-46, ,
-1, ,-45, ,
1, ,-46, ,
1, ,-46, ,
-1, ,-46, ,
1, ,-45, ,
-1, ,-46, ,
-1, ,-45, ,
1, ,-46, ,
1, ,-46, ,
-1, ,-45, ,
1, ,-45, ,
1, ,-46, ,
-1, ,-45, ,
1, ,-45, ,
1, ,-46, ,
-1, ,-46, ,
1, ,-46, ,
-1, ,-46, ,
1, ,-45, ,
1, ,-45, ,
1, ,-46, ,
-1, ,-45, ,
1, ,-45, ,
-1, ,-46, ,
-1, ,-45, ,
1, ,-46, ,
1, ,-46, ,
-1, ,-46, ,
1, ,-45, ,
-1, ,-46, ,
-1, ,-45, ,
1, ,-45, ,
1, ,-46, ,
-1, ,-45, ,
1, ,-45, ,
-1, ,-46, ,
-1, ,-45, ,
1, ,-45, ,
1, ,-46, ,
-1, ,-46, ,
1, ,-46, ,
-1, ,-46, ,
-1, ,-45, ,
1, ,-46, ,
1, ,-46, ,
-1, ,-45, ,
1, ,-45, ,
-1, ,-46, ,
-1, ,-45, ,
1, ,-46, ,
1, ,-46, ,
-1, ,-46, ,
2, ,-45, ,
-1, ,-46, ,
-1, ,-45, ,
1, ,-45, ,
1, ,-46, ,
-1, ,-45, ,
1, ,-45, ,
1, ,-46, ,
-1, ,-45, ,
1, ,-46, ,
1, ,-46, ,
-1, ,-46, ,
1, ,-46, ,
-1, ,-46, ,
-1, ,-45, ,
1, ,-45, ,
1, ,-46, ,
-1, ,-46, ,
1, ,-45, ,
1, ,-46, ,
-1, ,-46, ,
1, ,-46, ,
1, ,-46, ,
-1, ,-46, ,
1, ,-46, ,
-1, ,-46, ,
-1, ,-45, ,
1, ,-46, ,
1, ,-46, ,
-1, ,-46, ,
1, ,-45, ,
-1, ,-46, ,
-1, ,-45, ,
1, ,-45, ,
1, ,-46, ,
-1, ,-46, ,
1, ,-45, ,
-1, ,-46, ,
-1, ,-45, ,
1, ,-45, ,
1, ,-46, ,
-1, ,-45, ,
1, ,-45, ,
-1, ,-46, ,
-1, ,-45, ,
1, ,-46, ,
1, ,-46, ,
-1, ,-46, ,
1, ,-45, ,
-1, ,-46, ,
-1, ,-45, ,
1, ,-46, ,
1, ,-46, ,
-1, ,-45, ,
1, ,-45, ,
-1, ,-46, ,
-1, ,-45, ,
1, ,-46, ,
1, ,-46, ,
-1, ,-46, ,
1, ,-45, ,
-1, ,-46, ,
-1, ,-44, ,
1, ,-32, ,
1, ,-13, ,
-1, ,3, ,
1, ,15, ,
-1, ,23, ,
-1, ,28, ,
1, ,35, ,
1, ,37, ,
-1, ,40, ,
1, ,42, ,
-1, ,44, ,
-1, ,44, ,
1, ,45, ,
1, ,46, ,
-1, ,46, ,
1, ,46, ,
-1, ,47, ,
-1, ,46, ,
1, ,47, ,
1, ,47, ,
-1, ,47, ,
1, ,47, ,
-1, ,47, ,
-1, ,46, ,
1, ,47, ,
1, ,47, ,
-1, ,46, ,
1, ,46, ,
-1, ,47, ,
-1, ,46, ,
1, ,47, ,
1, ,47, ,
-1, ,47, ,
1, ,47, ,
-1, ,49, ,
-1, ,46, ,
1, ,47, ,
1, ,47, ,
-1, ,46, ,
1, ,47, ,
-1, ,47, ,
-1, ,46, ,
1, ,47, ,
1, ,47, ,
-1, ,47, ,
1, ,47, ,
-1, ,47, ,
-1, ,46, ,
2, ,47, ,
1, ,47, ,
-1, ,46, ,
1, ,46, ,
-1, ,47, ,
-1, ,46, ,
1, ,46, ,
1, ,47, ,
-1, ,47, ,
2, ,46, ,
-1, ,47, ,
-1, ,46, ,
1, ,47, ,
1, ,47, ,
-1, ,46, ,
1, ,46, ,
-1, ,47, ,
-1, ,46, ,
1, ,46, ,
1, ,47, ,
-1, ,47, ,
1, ,47, ,
-1, ,47, ,
-1, ,46, ,
1, ,47, ,
1, ,47, ,
-1, ,46, ,
1, ,47, ,
-1, ,47, ,
-1, ,46, ,
1, ,46, ,
1, ,47, ,
-1, ,47, ,
2, ,46, ,
-1, ,47, ,
-1, ,46, ,
1, ,47, ,
1, ,47, ,
-1, ,46, ,
1, ,46, ,
-1, ,47, ,
-1, ,46, ,
1, ,46, ,
100, ,47, ,
69, ,46, ,
41, ,46, ,
26, ,47, ,
16, ,45, ,
12, ,46, ,
8, ,47, ,
5, ,46, ,
5, ,46, ,
2, ,47, ,
2, ,46, ,
3, ,46, ,
2, ,47, ,
2, ,46, ,
3, ,46, ,
2, ,47, ,
2, ,46, ,
3, ,47, ,
3, ,47, ,
1, ,46, ,
3, ,46, ,
2, ,47, ,
2, ,46, ,
2, ,47, ,
2, ,47, ,
1, ,46, ,
3, ,46, ,
2, ,47, ,
2, ,45, ,
3, ,46, ,
2, ,47, ,
2, ,46, ,
3, ,46, ,
2, ,47, ,
2, ,46, ,
3, ,46, ,
2, ,47, ,
2, ,47, ,
3, ,46, ,
2, ,47, ,
2, ,45, ,
3, ,47, ,
2, ,47, ,
1, ,46, ,
3, ,46, ,
2, ,47, ,
1, ,45, ,
3, ,46, ,
2, ,47, ,
2, ,46, ,
3, ,46, ,
1, ,47, ,
2, ,45, ,
3, ,47, ,
2, ,47, ,
1, ,46, ,
3, ,46, ,
2, ,47, ,
2, ,46, ,
2, ,46, ,
2, ,47, ,
1, ,47, ,
3, ,47, ,
2, ,42, ,
1, ,22, ,
2, ,4, ,
2, ,-8, ,
1, ,-18, ,
2, ,-25, ,
2, ,-31, ,
2, ,-35, ,
3, ,-38, ,
2, ,-41, ,
2, ,-42, ,
3, ,-43, ,
2, ,-45, ,
2, ,-43, ,
2, ,-45, ,
2, ,-46, ,
1, ,-46, ,
3, ,-45, ,
2, ,-47, ,
2, ,-46, ,
2, ,-46, ,
2, ,-46, ,
1, ,-46, ,
3, ,-46, ,
2, ,-47, ,
2, ,-45, ,
2, ,-46, ,
2, ,-47, ,
1, ,-46, ,
3, ,-46, ,
2, ,-47, ,
2, ,-46, ,
2, ,-46, ,
2, ,-46, ,
1, ,-46, ,
2, ,-46, ,
1, ,-47, ,
2, ,-45, ,
2, ,-46, ,
2, ,-46, ,
1, ,-46, ,
2, ,-46, ,
2, ,-46, ,
2, ,-45, ,
2, ,-46, ,
2, ,-46, ,
1, ,-46, ,
3, ,-46, ,
2, ,-46, ,
2, ,-45, ,
2, ,-46, ,
2, ,-46, ,
1, ,-45, ,
2, ,-46, ,
2, ,-46, ,
1, ,-45, ,
2, ,-46, ,
2, ,-46, ,
1, ,-46, ,
2, ,-46, ,
2, ,-46, ,
2, ,-45, ,
3, ,-45, ,
3, ,-46, ,
1, ,-45, ,
2, ,-45, ,
1, ,-46, ,
1, ,-45, ,
2, ,-46, ,
2, ,-46, ,
1, ,-46, ,
2, ,-45, ,
1, ,-46, ,
1, ,-45, ,
2, ,-46, ,
2, ,-46, ,
1, ,-45, ,
2, ,-46, ,
1, ,-46, ,
1, ,-45, ,
2, ,-46, ,
2, ,-46, ,
1, ,-46, ,
2, ,-46, ,
2, ,-46, ,
1, ,-45, ,
2, ,-46, ,
2, ,-46, ,
1, ,-46, ,
2, ,-45, ,
1, ,-46, ,
1, ,-45, ,
2, ,-46, ,
2, ,-46, ,
1, ,-46, ,
2, ,-46, ,
1, ,-46, ,
1, ,-45, ,
2, ,-45, ,
2, ,-46, ,
1, ,-45, ,
2, ,-45, ,
2, ,-46, ,
1, ,-45, ,
2, ,-45, ,
2, ,-46, ,
1, ,-45, ,
2, ,-46, ,
1, ,-46, ,
1, ,-45, ,
2, ,-45, ,
2, ,-46, ,
1, ,-45, ,
2, ,-45, ,
1, ,-46, ,
1, ,-45, ,
2, ,-45, ,
2, ,-46, ,
1, ,-45, ,
2, ,-45, ,
1, ,-46, ,
1, ,-45, ,
2, ,-45, ,
2, ,-46, ,
1, ,-45, ,
2, ,-45, ,
1, ,-46, ,
1, ,-45, ,
2, ,-46, ,
2, ,-46, ,
1, ,-46, ,
2, ,-45, ,
1, ,-46, ,
2, ,-45, ,
2, ,-46, ,
2, ,-46, ,
1, ,-46, ,
2, ,-45, ,
2, ,-46, ,
2, ,-45, ,
2, ,-46, ,
2, ,-46, ,
1, ,-45, ,
2, ,-45, ,
1, ,-46, ,
1, ,-45, ,
2, ,-46, ,
2, ,-46, ,
1, ,-45, ,
2, ,-45, ,
1, ,-46, ,
2, ,-45, ,
2, ,-46, ,
2, ,-46, ,
1, ,-45, ,
2, ,-45, ,
1, ,-46, ,
1, ,-45, ,
2, ,-46, ,
2, ,-46, ,
1, ,-45, ,
2, ,-45, ,
1, ,-46, ,
1, ,-46, ,
