Format,1.0B,
Memory Length,10000,Memory Length,10000,
IntpDistance,0,IntpDistance,0,
Trigger Address,4999,Trigger Address,4999,
Trigger Level,1.040E+00,Trigger Level,1.040E+00,
Source,CH1,Source,CH2,
Vertical Units,V,Vertical Units,V,
Vertical Units Div,0,Vertical Units Div,0,
Vertical Units Extend Div,16,Vertical Units Extend Div,16,
Label,,Label,,
Probe Type,0,Probe Type,0,
Probe Ratio,1.000e+01,Probe Ratio,1.000e+00,
Vertical Scale,5.000e-01,Vertical Scale,1.000e+00,
Vertical Position,-1.820e+00,Vertical Position,0.000e+00,
Horizontal Units,S,Horizontal Units,S,
Horizontal Scale,2.000E-05,Horizontal Scale,2.000E-05,
Horizontal Position,0.000E+00,Horizontal Position,0.000E+00,
Horizontal Mode,Main,Horizontal Mode,Main,
SincET Mode,Real Time,SincET Mode,Real Time,
Sampling Period,2.000e-08,Sampling Period,2.000e-08,
Horizontal Old Scale,2.000E-05,Horizontal Old Scale,2.000E-05,
Horizontal Old Position,0.000E+00,Horizontal Old Position,0.000E+00,
Firmware,V1.23,Firmware,V1.23,
Mode,Fast,Mode,Fast,
Waveform Data,,Waveform Data,,
1, ,-34, ,
1, ,-34, ,
1, ,-34, ,
1, ,-34, ,
-1, ,-34, ,
2, ,-34, ,
1, ,-34, ,
1, ,-34, ,
1, ,-34, ,
1, ,-34, ,
-1, ,-33, ,
2, ,-34, ,
1, ,-34, ,
1, ,-34, ,
2, ,-34, ,
1, ,-34, ,
-1, ,-34, ,
2, ,-34, ,
1, ,-34, ,
1, ,-33, ,
1, ,-34, ,
1, ,-34, ,
-1, ,-34, ,
2, ,-34, ,
1, ,-34, ,
1, ,-34, ,
2, ,-34, ,
1, ,-34, ,
-1, ,-34, ,
2, ,-34, ,
1, ,-34, ,
1, ,-34, ,
2, ,-34, ,
1, ,-34, ,
-1, ,-34, ,
1, ,-34, ,
1, ,-34, ,
1, ,-34, ,
2, ,-34, ,
1, ,-34, ,
-1, ,-34, ,
2, ,-34, ,
1, ,-34, ,
1, ,-34, ,
1, ,-34, ,
1, ,-34, ,
-1, ,-33, ,
2, ,-34, ,
1, ,-34, ,
1, ,-34, ,
1, ,-34, ,
1, ,-34, ,
-1, ,-34, ,
2, ,-34, ,
1, ,-34, ,
1, ,-34, ,
2, ,-33, ,
1, ,-34, ,
-1, ,-34, ,
2, ,-34, ,
1, ,-34, ,
1, ,-34, ,
2, ,-34, ,
1, ,-34, ,
-1, ,-34, ,
2, ,-34, ,
1, ,-34, ,
1, ,-34, ,
2, ,-34, ,
1, ,-34, ,
-1, ,-33, ,
2, ,-34, ,
1, ,-34, ,
1, ,-33, ,
1, ,-34, ,
1, ,-34, ,
-1, ,-34, ,
2, ,-34, ,
1, ,-34, ,
1, ,-34, ,
2, ,-34, ,
1, ,-34, ,
-1, ,-34, ,
2, ,-34, ,
1, ,-34, ,
1, ,-34, ,
1, ,-34, ,
1, ,-34, ,
-1, ,-34, ,
2, ,-34, ,
1, ,-34, ,
1, ,-34, ,
2, ,-34, ,
1, ,-34, ,
-1, ,-34, ,
2, ,-34, ,
1, ,-34, ,
1, ,-34, ,
1, ,-34, ,
1, ,-34, ,
-1, ,-34, ,
2, ,-34, ,
1, ,-34, ,
1, ,-34, ,
2, ,-34, ,
2, ,-34, ,
-1, ,-33, ,
2, ,-34, ,
1, ,-34, ,
1, ,-34, ,
1, ,-34, ,
1, ,-34, ,
-1, ,-34, ,
1, ,-34, ,
1, ,-34, ,
1, ,-34, ,
1, ,-34, ,
1, ,-34, ,
-1, ,-34, ,
1, ,-34, ,
1, ,-34, ,
1, ,-34, ,
1, ,-34, ,
1, ,-34, ,
-1, ,-34, ,
1, ,-34, ,
-1, ,-34, ,
1, ,-34, ,
1, ,-34, ,
1, ,-34, ,
-1, ,-34, ,
1, ,-34, ,
1, ,-34, ,
1, ,-34, ,
1, ,-34, ,
1, ,-34, ,
-1, ,-34, ,
1, ,-34, ,
-1, ,-34, ,
1, ,-34, ,
1, ,-34, ,
1, ,-34, ,
-1, ,-33, ,
1, ,-34, ,
-1, ,-34, ,
-1, ,-34, ,
1, ,-34, ,
1, ,-34, ,
-1, ,-34, ,
1, ,-34, ,
-1, ,-34, ,
-1, ,-34, ,
1, ,-34, ,
1, ,-34, ,
-1, ,-34, ,
2, ,-34, ,
1, ,-34, ,
-1, ,-34, ,
1, ,-34, ,
1, ,-34, ,
-1, ,-34, ,
2, ,-34, ,
-1, ,-34, ,
1, ,-34, ,
1, ,-33, ,
1, ,-34, ,
-1, ,-34, ,
1, ,-34, ,
1, ,-34, ,
-1, ,-34, ,
2, ,-34, ,
1, ,-34, ,
-1, ,-34, ,
1, ,-34, ,
1, ,-34, ,
1, ,-34, ,
2, ,-34, ,
1, ,-34, ,
-1, ,-34, ,
1, ,-34, ,
1, ,-34, ,
1, ,-34, ,
2, ,-34, ,
1, ,-34, ,
-1, ,-34, ,
2, ,-34, ,
1, ,-34, ,
1, ,-34, ,
2, ,-34, ,
1, ,-34, ,
-1, ,-33, ,
2, ,-34, ,
1, ,-34, ,
1, ,-34, ,
2, ,-34, ,
1, ,-34, ,
-1, ,-34, ,
2, ,-34, ,
1, ,-34, ,
1, ,-34, ,
2, ,-34, ,
1, ,-34, ,
-1, ,-33, ,
2, ,-34, ,
-1, ,-34, ,
1, ,-34, ,
2, ,-34, ,
1, ,-34, ,
-1, ,-34, ,
2, ,-34, ,
1, ,-34, ,
1, ,-34, ,
2, ,-34, ,
1, ,-34, ,
-1, ,-33, ,
1, ,-34, ,
1, ,-34, ,
1, ,-34, ,
2, ,-34, ,
1, ,-34, ,
-1, ,-34, ,
2, ,-34, ,
-1, ,-34, ,
1, ,-34, ,
1, ,-34, ,
1, ,-34, ,
-1, ,-33, ,
1, ,-33, ,
-1, ,-34, ,
-1, ,-34, ,
1, ,-34, ,
1, ,-34, ,
-1, ,-34, ,
1, ,-34, ,
1, ,-34, ,
1, ,-34, ,
1, ,-34, ,
1, ,-34, ,
-1, ,-34, ,
1, ,-34, ,
-1, ,-34, ,
1, ,-34, ,
1, ,-34, ,
1, ,-34, ,
-1, ,-34, ,
1, ,-34, ,
-1, ,-34, ,
-1, ,-33, ,
1, ,-34, ,
1, ,-34, ,
-1, ,-34, ,
1, ,-34, ,
-1, ,-34, ,
-1, ,-34, ,
2, ,-34, ,
1, ,-34, ,
-1, ,-34, ,
1, ,-34, ,
-1, ,-34, ,
-1, ,-34, ,
1, ,-34, ,
1, ,-34, ,
-1, ,-34, ,
1, ,-34, ,
-1, ,-34, ,
-1, ,-34, ,
1, ,-34, ,
1, ,-34, ,
-1, ,-34, ,
2, ,-34, ,
-1, ,-34, ,
-1, ,-34, ,
1, ,-34, ,
1, ,-34, ,
-1, ,-33, ,
1, ,-34, ,
-1, ,-34, ,
1, ,-34, ,
1, ,-33, ,
1, ,-34, ,
-1, ,-34, ,
1, ,-34, ,
-1, ,-34, ,
1, ,-34, ,
1, ,-34, ,
1, ,-34, ,
-1, ,-34, ,
1, ,-34, ,
1, ,-34, ,
-1, ,-34, ,
1, ,-34, ,
1, ,-34, ,
-1, ,-34, ,
1, ,-34, ,
-1, ,-34, ,
1, ,-34, ,
1, ,-34, ,
1, ,-34, ,
-1, ,-33, ,
1, ,-34, ,
1, ,-34, ,
1, ,-34, ,
1, ,-34, ,
1, ,-34, ,
-1, ,-34, ,
2, ,-34, ,
-1, ,-34, ,
1, ,-33, ,
1, ,-22, ,
1, ,-2, ,
1, ,14, ,
2, ,25, ,
1, ,35, ,
1, ,41, ,
2, ,45, ,
1, ,51, ,
-1, ,52, ,
2, ,54, ,
1, ,57, ,
1, ,56, ,
2, ,57, ,
1, ,59, ,
-1, ,58, ,
2, ,59, ,
1, ,60, ,
-1, ,59, ,
2, ,60, ,
1, ,61, ,
-1, ,59, ,
2, ,60, ,
-1, ,60, ,
1, ,59, ,
1, ,59, ,
1, ,60, ,
-1, ,59, ,
1, ,60, ,
1, ,60, ,
-1, ,60, ,
1, ,59, ,
1, ,61, ,
-1, ,59, ,
2, ,60, ,
-1, ,60, ,
-1, ,59, ,
2, ,59, ,
1, ,60, ,
-1, ,58, ,
1, ,60, ,
-1, ,60, ,
-1, ,59, ,
1, ,59, ,
1, ,60, ,
-1, ,58, ,
2, ,60, ,
-1, ,60, ,
-1, ,59, ,
1, ,59, ,
1, ,60, ,
-1, ,59, ,
2, ,60, ,
-1, ,60, ,
-1, ,59, ,
1, ,59, ,
1, ,60, ,
-1, ,58, ,
2, ,59, ,
-1, ,60, ,
-1, ,59, ,
1, ,59, ,
1, ,60, ,
-1, ,58, ,
2, ,60, ,
-1, ,60, ,
-1, ,59, ,
1, ,59, ,
1, ,60, ,
-1, ,59, ,
2, ,59, ,
-1, ,60, ,
-1, ,58, ,
1, ,59, ,
1, ,60, ,
-1, ,59, ,
1, ,59, ,
-1, ,60, ,
-1, ,59, ,
1, ,59, ,
-1, ,61, ,
-1, ,59, ,
2, ,59, ,
-1, ,60, ,
-1, ,59, ,
1, ,59, ,
1, ,60, ,
-1, ,58, ,
1, ,59, ,
-1, ,60, ,
-1, ,59, ,
1, ,59, ,
83, ,60, ,
50, ,58, ,
31, ,60, ,
20, ,60, ,
12, ,58, ,
10, ,59, ,
7, ,60, ,
5, ,58, ,
6, ,60, ,
3, ,60, ,
2, ,59, ,
3, ,59, ,
2, ,60, ,
2, ,58, ,
3, ,59, ,
2, ,59, ,
2, ,59, ,
3, ,59, ,
2, ,60, ,
1, ,58, ,
3, ,59, ,
2, ,60, ,
2, ,59, ,
2, ,59, ,
2, ,60, ,
1, ,58, ,
3, ,59, ,
2, ,60, ,
2, ,59, ,
3, ,59, ,
2, ,60, ,
1, ,58, ,
3, ,59, ,
2, ,60, ,
2, ,59, ,
3, ,59, ,
2, ,60, ,
1, ,58, ,
3, ,60, ,
2, ,60, ,
2, ,58, ,
3, ,59, ,
2, ,60, ,
1, ,58, ,
3, ,60, ,
2, ,60, ,
2, ,59, ,
3, ,59, ,
2, ,60, ,
1, ,58, ,
3, ,60, ,
2, ,59, ,
2, ,58, ,
3, ,59, ,
2, ,60, ,
1, ,58, ,
3, ,59, ,
1, ,60, ,
2, ,59, ,
3, ,59, ,
8, ,60, ,
11, ,58, ,
11, ,59, ,
6, ,56, ,
5, ,36, ,
5, ,18, ,
3, ,5, ,
1, ,-5, ,
3, ,-13, ,
2, ,-18, ,
2, ,-22, ,
2, ,-25, ,
2, ,-28, ,
1, ,-30, ,
3, ,-31, ,
2, ,-32, ,
2, ,-33, ,
3, ,-33, ,
2, ,-34, ,
2, ,-33, ,
3, ,-34, ,
2, ,-34, ,
2, ,-34, ,
2, ,-34, ,
3, ,-35, ,
1, ,-34, ,
3, ,-34, ,
2, ,-35, ,
2, ,-34, ,
2, ,-34, ,
2, ,-35, ,
1, ,-34, ,
3, ,-34, ,
2, ,-35, ,
2, ,-34, ,
3, ,-34, ,
3, ,-35, ,
1, ,-34, ,
3, ,-34, ,
2, ,-34, ,
2, ,-34, ,
3, ,-34, ,
2, ,-34, ,
1, ,-34, ,
3, ,-34, ,
2, ,-34, ,
2, ,-34, ,
3, ,-34, ,
2, ,-34, ,
1, ,-34, ,
3, ,-34, ,
2, ,-34, ,
2, ,-34, ,
2, ,-34, ,
2, ,-34, ,
1, ,-33, ,
3, ,-34, ,
2, ,-34, ,
2, ,-34, ,
3, ,-34, ,
2, ,-34, ,
1, ,-34, ,
2, ,-34, ,
2, ,-34, ,
2, ,-34, ,
3, ,-34, ,
2, ,-34, ,
1, ,-33, ,
2, ,-34, ,
2, ,-34, ,
2, ,-34, ,
2, ,-34, ,
2, ,-34, ,
1, ,-34, ,
2, ,-34, ,
2, ,-34, ,
2, ,-34, ,
2, ,-34, ,
2, ,-34, ,
1, ,-33, ,
3, ,-34, ,
2, ,-34, ,
2, ,-34, ,
3, ,-34, ,
2, ,-34, ,
1, ,-34, ,
2, ,-34, ,
1, ,-34, ,
2, ,-34, ,
3, ,-34, ,
2, ,-34, ,
1, ,-34, ,
2, ,-34, ,
2, ,-34, ,
2, ,-34, ,
3, ,-34, ,
2, ,-34, ,
1, ,-34, ,
2, ,-34, ,
1, ,-34, ,
1, ,-34, ,
3, ,-34, ,
2, ,-34, ,
1, ,-33, ,
3, ,-34, ,
2, ,-34, ,
2, ,-34, ,
3, ,-34, ,
2, ,-34, ,
1, ,-34, ,
3, ,-34, ,
2, ,-34, ,
2, ,-34, ,
2, ,-34, ,
2, ,-34, ,
1, ,-33, ,
2, ,-34, ,
2, ,-34, ,
2, ,-34, ,
2, ,-34, ,
2, ,-34, ,
1, ,-34, ,
2, ,-34, ,
1, ,-34, ,
2, ,-34, ,
2, ,-34, ,
2, ,-34, ,
1, ,-33, ,
2, ,-34, ,
2, ,-34, ,
2, ,-34, ,
2, ,-34, ,
2, ,-34, ,
1, ,-33, ,
3, ,-34, ,
2, ,-34, ,
2, ,-33, ,
2, ,-34, ,
2, ,-34, ,
1, ,-33, ,
2, ,-34, ,
2, ,-34, ,
2, ,-34, ,
2, ,-34, ,
2, ,-34, ,
1, ,-34, ,
2, ,-34, ,
1, ,-34, ,
1, ,-34, ,
2, ,-34, ,
2, ,-34, ,
1, ,-33, ,
2, ,-34, ,
2, ,-34, ,
2, ,-33, ,
2, ,-34, ,
2, ,-34, ,
1, ,-34, ,
2, ,-34, ,
1, ,-34, ,
1, ,-34, ,
2, ,-34, ,
2, ,-34, ,
1, ,-34, ,
2, ,-33, ,
1, ,-34, ,
1, ,-34, ,
2, ,-34, ,
2, ,-34, ,
1, ,-34, ,
2, ,-34, ,
1, ,-34, ,
2, ,-34, ,
2, ,-34, ,
2, ,-34, ,
1, ,-33, ,
2, ,-34, ,
2, ,-34, ,
2, ,-34, ,
2, ,-34, ,
2, ,-34, ,
1, ,-33, ,
2, ,-34, ,
1, ,-34, ,
1, ,-34, ,
2, ,-34, ,
2, ,-34, ,
1, ,-33, ,
2, ,-33, ,
1, ,-34, ,
1, ,-34, ,
2, ,-34, ,
2, ,-34, ,
1, ,-34, ,
2, ,-34, ,
1, ,-34, ,
2, ,-34, ,
2, ,-34, ,
2, ,-34, ,
1, ,-33, ,
2, ,-34, ,
1, ,-34, ,
2, ,-34, ,
2, ,-33, ,
2, ,-34, ,
1, ,-34, ,
2, ,-34, ,
1, ,-34, ,
1, ,-34, ,
2, ,-34, ,
2, ,-34, ,
1, ,-34, ,
2, ,-34, ,
1, ,-34, ,
2, ,-34, ,
2, ,-34, ,
2, ,-34, ,
1, ,-34, ,
2, ,-33, ,
1, ,-34, ,
1, ,-34, ,
2, ,-34, ,
2, ,-34, ,
1, ,-33, ,
2, ,-34, ,
1, ,-34, ,
1, ,-34, ,
2, ,-34, ,
2, ,-34, ,
1, ,-34, ,
2, ,-34, ,
1, ,-34, ,
1, ,-34, ,
2, ,-34, ,
1, ,-34, ,
1, ,-33, ,
2, ,-34, ,
1, ,-34, ,
1, ,-34, ,
2, ,-34, ,
2, ,-34, ,
1, ,-34, ,
2, ,-34, ,
1, ,-34, ,
1, ,-34, ,
2, ,-34, ,
2, ,-34, ,
1, ,-33, ,
2, ,-34, ,
1, ,-34, ,
1, ,-34, ,
2, ,-34, ,
2, ,-34, ,
1, ,-34, ,
2, ,-34, ,
1, ,-34, ,
1, ,-33, ,
2, ,-34, ,
1, ,-34, ,
1, ,-34, ,
2, ,-34, ,
1, ,-34, ,
1, ,-34, ,
2, ,-34, ,
2, ,-34, ,
1, ,-34, ,
2, ,-34, ,
1, ,-34, ,
1, ,-34, ,
2, ,-34, ,
2, ,-34, ,
1, ,-34, ,
2, ,-34, ,
1, ,-34, ,
1, ,-34, ,
2, ,-34, ,
2, ,-34, ,
1, ,-34, ,
2, ,-33, ,
1, ,-34, ,
2, ,-34, ,
2, ,-34, ,
2, ,-34, ,
1, ,-34, ,
2, ,-34, ,
1, ,-34, ,
1, ,-34, ,
2, ,-34, ,
2, ,-34, ,
1, ,-34, ,
2, ,-34, ,
1, ,-34, ,
1, ,-34, ,
2, ,-34, ,
2, ,-34, ,
1, ,-33, ,
2, ,-34, ,
1, ,-34, ,
1, ,-34, ,
2, ,-34, ,
1, ,-34, ,
1, ,-34, ,
2, ,-34, ,
1, ,-34, ,
1, ,-34, ,
2, ,-34, ,
2, ,-34, ,
1, ,-34, ,
2, ,-34, ,
1, ,-34, ,
1, ,-34, ,
1, ,-34, ,
1, ,-34, ,
1, ,-34, ,
2, ,-34, ,
1, ,-34, ,
1, ,-34, ,
2, ,-34, ,
2, ,-34, ,
1, ,-33, ,
2, ,-34, ,
1, ,-34, ,
1, ,-34, ,
2, ,-34, ,
1, ,-34, ,
1, ,-34, ,
2, ,-33, ,
1, ,-34, ,
1, ,-34, ,
2, ,-34, ,
1, ,-34, ,
-1, ,-33, ,
2, ,-34, ,
1, ,-34, ,
1, ,-34, ,
2, ,-34, ,
1, ,-34, ,
1, ,-34, ,
2, ,-34, ,
1, ,-34, ,
1, ,-34, ,
2, ,-34, ,
1, ,-34, ,
-1, ,-34, ,
2, ,-34, ,
1, ,-34, ,
1, ,-34, ,
2, ,-34, ,
1, ,-34, ,
1, ,-34, ,
2, ,-34, ,
1, ,-34, ,
1, ,-34, ,
2, ,-34, ,
1, ,-34, ,
-1, ,-33, ,
2, ,-33, ,
1, ,-34, ,
1, ,-34, ,
2, ,-34, ,
1, ,-34, ,
-1, ,-34, ,
2, ,-34, ,
1, ,-34, ,
1, ,-34, ,
2, ,-34, ,
1, ,-34, ,
-1, ,-34, ,
2, ,-34, ,
1, ,-34, ,
1, ,-34, ,
2, ,-34, ,
1, ,-34, ,
1, ,-34, ,
2, ,-34, ,
1, ,-34, ,
1, ,-34, ,
2, ,-33, ,
1, ,-34, ,
1, ,-33, ,
1, ,-33, ,
1, ,-34, ,
1, ,-34, ,
1, ,-34, ,
1, ,-34, ,
-1, ,-34, ,
1, ,-34, ,
1, ,-34, ,
1, ,-34, ,
2, ,-34, ,
2, ,-34, ,
-1, ,-33, ,
2, ,-34, ,
1, ,-34, ,
1, ,-34, ,
2, ,-34, ,
1, ,-34, ,
-1, ,-34, ,
2, ,-34, ,
1, ,-34, ,
1, ,-34, ,
2, ,-34, ,
1, ,-34, ,
-1, ,-34, ,
2, ,-34, ,
1, ,-34, ,
1, ,-34, ,
2, ,-34, ,
1, ,-34, ,
-1, ,-34, ,
2, ,-34, ,
1, ,-34, ,
1, ,-34, ,
2, ,-34, ,
1, ,-34, ,
-1, ,-33, ,
2, ,-34, ,
1, ,-34, ,
1, ,-34, ,
2, ,-34, ,
1, ,-34, ,
-1, ,-34, ,
2, ,-34, ,
1, ,-34, ,
1, ,-34, ,
2, ,-34, ,
1, ,-34, ,
-1, ,-33, ,
2, ,-34, ,
1, ,-34, ,
1, ,-33, ,
1, ,-34, ,
1, ,-34, ,
-1, ,-34, ,
2, ,-34, ,
1, ,-34, ,
1, ,-34, ,
1, ,-34, ,
1, ,-34, ,
-1, ,-33, ,
1, ,-34, ,
1, ,-34, ,
1, ,-34, ,
2, ,-34, ,
2, ,-34, ,
-1, ,-34, ,
2, ,-34, ,
1, ,-34, ,
1, ,-34, ,
2, ,-34, ,
1, ,-34, ,
-1, ,-34, ,
1, ,-34, ,
1, ,-34, ,
1, ,-34, ,
1, ,-34, ,
1, ,-34, ,
-1, ,-34, ,
1, ,-34, ,
-1, ,-34, ,
1, ,-34, ,
2, ,-34, ,
1, ,-34, ,
-1, ,-33, ,
2, ,-34, ,
1, ,-34, ,
1, ,-34, ,
2, ,-34, ,
1, ,-34, ,
-1, ,-34, ,
2, ,-33, ,
1, ,-34, ,
1, ,-34, ,
1, ,-33, ,
1, ,-34, ,
-1, ,-33, ,
1, ,-34, ,
1, ,-34, ,
1, ,-34, ,
1, ,-34, ,
1, ,-34, ,
-1, ,-34, ,
2, ,-34, ,
1, ,-34, ,
1, ,-34, ,
1, ,-34, ,
1, ,-34, ,
-1, ,-33, ,
2, ,-34, ,
1, ,-34, ,
1, ,-34, ,
2, ,-34, ,
1, ,-34, ,
-1, ,-34, ,
2, ,-34, ,
1, ,-34, ,
1, ,-34, ,
1, ,-34, ,
1, ,-34, ,
-1, ,-33, ,
2, ,-34, ,
1, ,-34, ,
1, ,-34, ,
1, ,-34, ,
1, ,-34, ,
-1, ,-34, ,
2, ,-34, ,
1, ,-34, ,
1, ,-34, ,
1, ,-34, ,
2, ,-34, ,
-1, ,-34, ,
1, ,-34, ,
1, ,-34, ,
1, ,-34, ,
2, ,-34, ,
2, ,-34, ,
-1, ,-34, ,
2, ,-33, ,
1, ,-34, ,
1, ,-34, ,
2, ,-34, ,
1, ,-34, ,
-1, ,-33, ,
2, ,-34, ,
1, ,-34, ,
1, ,-34, ,
2, ,-34, ,
1, ,-34, ,
-1, ,-34, ,
2, ,-34, ,
1, ,-34, ,
1, ,-34, ,
1, ,-34, ,
1, ,-34, ,
-1, ,-34, ,
2, ,-34, ,
1, ,-34, ,
1, ,-34, ,
1, ,-34, ,
1, ,-34, ,
-1, ,-34, ,
2, ,-34, ,
1, ,-34, ,
1, ,-34, ,
2, ,-34, ,
1, ,-34, ,
-1, ,-33, ,
1, ,-33, ,
1, ,-34, ,
1, ,-34, ,
2, ,-34, ,
1, ,-34, ,
-1, ,-34, ,
2, ,-34, ,
1, ,-34, ,
1, ,-34, ,
2, ,-34, ,
1, ,-34, ,
-1, ,-34, ,
2, ,-34, ,
1, ,-34, ,
1, ,-34, ,
1, ,-34, ,
1, ,-34, ,
-1, ,-34, ,
2, ,-34, ,
1, ,-34, ,
1, ,-34, ,
1, ,-34, ,
1, ,-34, ,
-1, ,-33, ,
1, ,-34, ,
1, ,-34, ,
1, ,-34, ,
2, ,-34, ,
1, ,-34, ,
-1, ,-34, ,
2, ,-34, ,
1, ,-34, ,
1, ,-34, ,
1, ,-34, ,
1, ,-34, ,
-1, ,-33, ,
2, ,-34, ,
1, ,-34, ,
1, ,-34, ,
2, ,-34, ,
1, ,-34, ,
-1, ,-34, ,
2, ,-34, ,
-1, ,-34, ,
1, ,-34, ,
1, ,-34, ,
1, ,-34, ,
-1, ,-33, ,
1, ,-34, ,
1, ,-34, ,
1, ,-34, ,
1, ,-34, ,
1, ,-34, ,
-1, ,-34, ,
1, ,-34, ,
1, ,-34, ,
1, ,-34, ,
1, ,-34, ,
1, ,-34, ,
-1, ,-33, ,
1, ,-34, ,
1, ,-34, ,
1, ,-34, ,
1, ,-34, ,
1, ,-34, ,
-1, ,-34, ,
2, ,-34, ,
1, ,-34, ,
1, ,-34, ,
1, ,-34, ,
1, ,-34, ,
-1, ,-33, ,
1, ,-34, ,
1, ,-34, ,
1, ,-34, ,
1, ,-34, ,
1, ,-34, ,
-1, ,-34, ,
1, ,-34, ,
-1, ,-34, ,
1, ,-34, ,
1, ,-34, ,
1, ,-25, ,
-1, ,-5, ,
1, ,11, ,
1, ,23, ,
1, ,33, ,
2, ,40, ,
1, ,45, ,
-1, ,49, ,
2, ,52, ,
1, ,54, ,
1, ,55, ,
1, ,57, ,
1, ,58, ,
-1, ,57, ,
2, ,59, ,
1, ,59, ,
1, ,59, ,
1, ,59, ,
1, ,61, ,
-1, ,59, ,
2, ,59, ,
-1, ,60, ,
1, ,59, ,
1, ,60, ,
1, ,61, ,
-1, ,59, ,
2, ,60, ,
1, ,60, ,
-1, ,59, ,
1, ,60, ,
1, ,61, ,
-1, ,58, ,
2, ,59, ,
-1, ,60, ,
1, ,59, ,
1, ,59, ,
1, ,60, ,
-1, ,59, ,
2, ,60, ,
1, ,60, ,
-1, ,59, ,
1, ,59, ,
1, ,61, ,
-1, ,59, ,
2, ,59, ,
-1, ,60, ,
1, ,59, ,
1, ,59, ,
1, ,60, ,
-1, ,59, ,
2, ,60, ,
-1, ,60, ,
1, ,59, ,
1, ,59, ,
1, ,61, ,
-1, ,59, ,
2, ,59, ,
-1, ,60, ,
-1, ,59, ,
1, ,59, ,
1, ,60, ,
-1, ,58, ,
2, ,59, ,
1, ,60, ,
-1, ,59, ,
1, ,59, ,
1, ,61, ,
-1, ,59, ,
2, ,59, ,
-1, ,60, ,
1, ,59, ,
1, ,59, ,
1, ,60, ,
-1, ,58, ,
2, ,59, ,
-1, ,60, ,
-1, ,59, ,
1, ,59, ,
1, ,61, ,
-1, ,59, ,
2, ,59, ,
-1, ,60, ,
-1, ,59, ,
1, ,59, ,
1, ,60, ,
-1, ,58, ,
2, ,59, ,
-1, ,60, ,
-1, ,59, ,
1, ,59, ,
1, ,60, ,
-1, ,58, ,
2, ,59, ,
-1, ,60, ,
-1, ,59, ,
1, ,59, ,
1, ,60, ,
-1, ,58, ,
2, ,60, ,
-1, ,60, ,
-1, ,59, ,
1, ,59, ,
1, ,60, ,
-1, ,58, ,
2, ,59, ,
-1, ,60, ,
-1, ,58, ,
1, ,59, ,
1, ,60, ,
-1, ,58, ,
76, ,59, ,
48, ,59, ,
29, ,58, ,
18, ,59, ,
11, ,60, ,
8, ,58, ,
7, ,59, ,
5, ,60, ,
3, ,59, ,
5, ,59, ,
3, ,60, ,
3, ,58, ,
5, ,59, ,
2, ,60, ,
2, ,58, ,
3, ,59, ,
2, ,60, ,
2, ,58, ,
3, ,59, ,
2, ,60, ,
2, ,58, ,
3, ,59, ,
2, ,60, ,
1, ,58, ,
3, ,59, ,
2, ,60, ,
2, ,59, ,
3, ,59, ,
2, ,60, ,
1, ,58, ,
3, ,59, ,
2, ,60, ,
1, ,59, ,
2, ,59, ,
2, ,60, ,
1, ,58, ,
3, ,60, ,
2, ,59, ,
1, ,59, ,
3, ,59, ,
2, ,60, ,
1, ,58, ,
3, ,59, ,
2, ,60, ,
2, ,57, ,
2, ,41, ,
2, ,22, ,
1, ,7, ,
3, ,-3, ,
2, ,-11, ,
1, ,-17, ,
2, ,-21, ,
2, ,-25, ,
1, ,-27, ,
2, ,-28, ,
2, ,-31, ,
2, ,-32, ,
2, ,-33, ,
2, ,-33, ,
1, ,-33, ,
3, ,-34, ,
2, ,-34, ,
2, ,-34, ,
2, ,-34, ,
2, ,-35, ,
2, ,-34, ,
3, ,-34, ,
2, ,-34, ,
2, ,-34, ,
3, ,-34, ,
2, ,-35, ,
1, ,-34, ,
3, ,-34, ,
2, ,-35, ,
2, ,-34, ,
2, ,-34, ,
2, ,-34, ,
1, ,-34, ,
2, ,-34, ,
2, ,-34, ,
2, ,-34, ,
3, ,-34, ,
2, ,-34, ,
1, ,-34, ,
2, ,-34, ,
2, ,-34, ,
2, ,-34, ,
2, ,-34, ,
3, ,-34, ,
2, ,-34, ,
3, ,-34, ,
2, ,-34, ,
2, ,-34, ,
2, ,-34, ,
2, ,-34, ,
1, ,-33, ,
2, ,-34, ,
2, ,-34, ,
1, ,-34, ,
2, ,-34, ,
2, ,-34, ,
1, ,-34, ,
2, ,-34, ,
2, ,-34, ,
2, ,-34, ,
2, ,-34, ,
2, ,-34, ,
1, ,-34, ,
2, ,-34, ,
2, ,-34, ,
1, ,-34, ,
2, ,-34, ,
2, ,-34, ,
1, ,-34, ,
2, ,-34, ,
1, ,-34, ,
1, ,-34, ,
2, ,-34, ,
2, ,-34, ,
1, ,-34, ,
2, ,-34, ,
1, ,-34, ,
2, ,-34, ,
2, ,-34, ,
2, ,-34, ,
1, ,-34, ,
3, ,-34, ,
2, ,-34, ,
2, ,-34, ,
2, ,-34, ,
2, ,-34, ,
1, ,-34, ,
2, ,-34, ,
2, ,-34, ,
2, ,-34, ,
2, ,-34, ,
2, ,-34, ,
1, ,-34, ,
2, ,-34, ,
1, ,-34, ,
1, ,-34, ,
3, ,-34, ,
2, ,-34, ,
1, ,-34, ,
2, ,-34, ,
1, ,-34, ,
1, ,-34, ,
2, ,-34, ,
2, ,-34, ,
1, ,-34, ,
2, ,-34, ,
1, ,-34, ,
2, ,-34, ,
2, ,-34, ,
2, ,-34, ,
1, ,-33, ,
3, ,-34, ,
1, ,-34, ,
1, ,-34, ,
2, ,-34, ,
2, ,-34, ,
1, ,-33, ,
3, ,-34, ,
1, ,-34, ,
2, ,-34, ,
2, ,-34, ,
2, ,-34, ,
1, ,-33, ,
2, ,-34, ,
1, ,-34, ,
1, ,-34, ,
2, ,-34, ,
2, ,-34, ,
1, ,-34, ,
2, ,-34, ,
1, ,-34, ,
1, ,-33, ,
2, ,-34, ,
2, ,-34, ,
1, ,-33, ,
2, ,-34, ,
2, ,-34, ,
2, ,-34, ,
2, ,-34, ,
2, ,-34, ,
1, ,-34, ,
2, ,-34, ,
1, ,-34, ,
1, ,-34, ,
2, ,-34, ,
2, ,-34, ,
1, ,-33, ,
2, ,-34, ,
1, ,-34, ,
1, ,-34, ,
2, ,-34, ,
2, ,-34, ,
1, ,-33, ,
2, ,-34, ,
2, ,-34, ,
1, ,-34, ,
2, ,-34, ,
2, ,-34, ,
1, ,-33, ,
2, ,-34, ,
1, ,-34, ,
1, ,-34, ,
2, ,-34, ,
2, ,-34, ,
1, ,-34, ,
2, ,-34, ,
1, ,-33, ,
1, ,-33, ,
2, ,-34, ,
2, ,-34, ,
1, ,-33, ,
2, ,-34, ,
2, ,-34, ,
1, ,-34, ,
2, ,-34, ,
2, ,-34, ,
1, ,-33, ,
2, ,-34, ,
1, ,-33, ,
1, ,-34, ,
2, ,-34, ,
2, ,-34, ,
1, ,-33, ,
2, ,-34, ,
1, ,-34, ,
1, ,-34, ,
2, ,-34, ,
2, ,-34, ,
1, ,-34, ,
2, ,-34, ,
1, ,-34, ,
1, ,-34, ,
2, ,-34, ,
2, ,-34, ,
1, ,-34, ,
2, ,-34, ,
1, ,-34, ,
2, ,-34, ,
2, ,-34, ,
2, ,-34, ,
1, ,-34, ,
2, ,-34, ,
1, ,-34, ,
1, ,-34, ,
2, ,-34, ,
1, ,-34, ,
1, ,-33, ,
2, ,-34, ,
1, ,-34, ,
1, ,-34, ,
2, ,-34, ,
2, ,-34, ,
1, ,-34, ,
2, ,-33, ,
1, ,-34, ,
1, ,-34, ,
2, ,-34, ,
1, ,-34, ,
-1, ,-34, ,
2, ,-34, ,
1, ,-34, ,
1, ,-34, ,
2, ,-34, ,
1, ,-34, ,
1, ,-34, ,
2, ,-33, ,
1, ,-34, ,
1, ,-34, ,
2, ,-33, ,
2, ,-34, ,
1, ,-33, ,
2, ,-34, ,
1, ,-34, ,
1, ,-33, ,
2, ,-34, ,
2, ,-34, ,
1, ,-34, ,
2, ,-34, ,
1, ,-34, ,
1, ,-34, ,
2, ,-34, ,
1, ,-34, ,
1, ,-34, ,
2, ,-34, ,
1, ,-34, ,
1, ,-34, ,
2, ,-34, ,
2, ,-34, ,
1, ,-34, ,
2, ,-34, ,
1, ,-34, ,
1, ,-34, ,
2, ,-34, ,
2, ,-34, ,
-1, ,-33, ,
2, ,-34, ,
1, ,-34, ,
1, ,-34, ,
2, ,-34, ,
2, ,-34, ,
1, ,-34, ,
2, ,-34, ,
1, ,-34, ,
1, ,-34, ,
2, ,-34, ,
1, ,-34, ,
1, ,-33, ,
2, ,-34, ,
1, ,-34, ,
1, ,-34, ,
2, ,-34, ,
2, ,-34, ,
1, ,-34, ,
2, ,-34, ,
1, ,-34, ,
1, ,-34, ,
2, ,-34, ,
1, ,-34, ,
1, ,-34, ,
2, ,-34, ,
1, ,-34, ,
1, ,-34, ,
2, ,-34, ,
2, ,-34, ,
1, ,-34, ,
2, ,-34, ,
1, ,-34, ,
1, ,-34, ,
2, ,-34, ,
1, ,-34, ,
1, ,-34, ,
2, ,-34, ,
1, ,-34, ,
1, ,-34, ,
2, ,-34, ,
1, ,-34, ,
1, ,-34, ,
2, ,-34, ,
1, ,-34, ,
1, ,-34, ,
2, ,-34, ,
1, ,-34, ,
1, ,-33, ,
2, ,-34, ,
1, ,-34, ,
1, ,-34, ,
2, ,-34, ,
1, ,-34, ,
1, ,-34, ,
2, ,-34, ,
1, ,-34, ,
1, ,-34, ,
2, ,-34, ,
1, ,-34, ,
1, ,-34, ,
2, ,-34, ,
1, ,-34, ,
1, ,-34, ,
2, ,-34, ,
1, ,-34, ,
1, ,-34, ,
2, ,-34, ,
1, ,-34, ,
1, ,-34, ,
2, ,-34, ,
1, ,-34, ,
-1, ,-33, ,
2, ,-34, ,
1, ,-34, ,
1, ,-34, ,
2, ,-34, ,
1, ,-34, ,
1, ,-34, ,
2, ,-33, ,
1, ,-34, ,
1, ,-34, ,
2, ,-34, ,
1, ,-34, ,
-1, ,-34, ,
1, ,-34, ,
1, ,-34, ,
1, ,-34, ,
1, ,-34, ,
1, ,-34, ,
-1, ,-34, ,
2, ,-34, ,
1, ,-34, ,
1, ,-33, ,
2, ,-34, ,
2, ,-34, ,
-1, ,-33, ,
2, ,-34, ,
1, ,-34, ,
1, ,-34, ,
1, ,-34, ,
1, ,-34, ,
1, ,-34, ,
2, ,-34, ,
1, ,-34, ,
1, ,-34, ,
2, ,-34, ,
1, ,-34, ,
-1, ,-34, ,
2, ,-34, ,
1, ,-34, ,
1, ,-34, ,
1, ,-34, ,
1, ,-34, ,
-1, ,-34, ,
2, ,-34, ,
1, ,-34, ,
1, ,-34, ,
1, ,-34, ,
2, ,-34, ,
-1, ,-34, ,
2, ,-34, ,
1, ,-34, ,
1, ,-34, ,
2, ,-34, ,
1, ,-34, ,
-1, ,-34, ,
2, ,-34, ,
1, ,-34, ,
1, ,-34, ,
2, ,-33, ,
1, ,-34, ,
-1, ,-33, ,
2, ,-34, ,
1, ,-34, ,
1, ,-34, ,
1, ,-34, ,
1, ,-34, ,
-1, ,-34, ,
2, ,-34, ,
1, ,-34, ,
1, ,-34, ,
2, ,-34, ,
2, ,-34, ,
-1, ,-34, ,
2, ,-34, ,
1, ,-34, ,
1, ,-34, ,
2, ,-34, ,
1, ,-34, ,
-1, ,-34, ,
2, ,-34, ,
1, ,-34, ,
1, ,-33, ,
2, ,-34, ,
1, ,-34, ,
-1, ,-33, ,
2, ,-34, ,
1, ,-34, ,
1, ,-34, ,
2, ,-34, ,
1, ,-34, ,
-1, ,-34, ,
2, ,-34, ,
-1, ,-34, ,
1, ,-34, ,
2, ,-33, ,
1, ,-34, ,
-1, ,-34, ,
2, ,-34, ,
1, ,-34, ,
1, ,-34, ,
2, ,-34, ,
1, ,-34, ,
1, ,-34, ,
2, ,-34, ,
1, ,-34, ,
1, ,-34, ,
1, ,-34, ,
1, ,-34, ,
-1, ,-34, ,
2, ,-33, ,
1, ,-34, ,
1, ,-34, ,
2, ,-34, ,
1, ,-34, ,
-1, ,-34, ,
2, ,-34, ,
1, ,-34, ,
1, ,-34, ,
2, ,-34, ,
1, ,-34, ,
-1, ,-34, ,
1, ,-34, ,
1, ,-34, ,
1, ,-34, ,
1, ,-34, ,
1, ,-34, ,
-1, ,-34, ,
2, ,-34, ,
1, ,-34, ,
1, ,-34, ,
2, ,-34, ,
1, ,-34, ,
-1, ,-33, ,
2, ,-34, ,
1, ,-34, ,
1, ,-34, ,
1, ,-34, ,
1, ,-34, ,
-1, ,-34, ,
2, ,-34, ,
1, ,-34, ,
1, ,-34, ,
1, ,-34, ,
2, ,-34, ,
-1, ,-33, ,
2, ,-34, ,
1, ,-34, ,
1, ,-34, ,
1, ,-34, ,
1, ,-34, ,
-1, ,-34, ,
2, ,-34, ,
-1, ,-34, ,
1, ,-33, ,
1, ,-34, ,
1, ,-34, ,
-1, ,-34, ,
1, ,-34, ,
1, ,-34, ,
-1, ,-34, ,
1, ,-34, ,
1, ,-34, ,
-1, ,-34, ,
1, ,-33, ,
1, ,-34, ,
1, ,-34, ,
2, ,-34, ,
1, ,-34, ,
-1, ,-33, ,
2, ,-34, ,
1, ,-34, ,
1, ,-34, ,
1, ,-34, ,
1, ,-34, ,
-1, ,-34, ,
1, ,-34, ,
1, ,-34, ,
1, ,-34, ,
2, ,-34, ,
1, ,-34, ,
-1, ,-34, ,
2, ,-34, ,
1, ,-34, ,
1, ,-34, ,
2, ,-34, ,
1, ,-34, ,
-1, ,-34, ,
2, ,-34, ,
1, ,-34, ,
1, ,-34, ,
2, ,-34, ,
1, ,-34, ,
-1, ,-34, ,
2, ,-34, ,
1, ,-34, ,
1, ,-34, ,
1, ,-34, ,
1, ,-34, ,
-1, ,-34, ,
1, ,-34, ,
1, ,-34, ,
1, ,-34, ,
2, ,-33, ,
1, ,-34, ,
-1, ,-33, ,
1, ,-34, ,
1, ,-34, ,
1, ,-34, ,
2, ,-34, ,
1, ,-34, ,
-1, ,-34, ,
2, ,-34, ,
1, ,-34, ,
1, ,-34, ,
2, ,-34, ,
1, ,-34, ,
-1, ,-34, ,
2, ,-34, ,
1, ,-34, ,
1, ,-34, ,
1, ,-34, ,
1, ,-34, ,
-1, ,-34, ,
2, ,-34, ,
1, ,-34, ,
1, ,-34, ,
2, ,-34, ,
1, ,-34, ,
-1, ,-34, ,
1, ,-34, ,
-1, ,-34, ,
1, ,-34, ,
1, ,-34, ,
1, ,-34, ,
-1, ,-34, ,
2, ,-34, ,
-1, ,-34, ,
1, ,-34, ,
1, ,-34, ,
1, ,-34, ,
-1, ,-34, ,
1, ,-34, ,
1, ,-34, ,
1, ,-34, ,
2, ,-34, ,
1, ,-34, ,
-1, ,-34, ,
2, ,-34, ,
1, ,-34, ,
1, ,-34, ,
2, ,-34, ,
1, ,-34, ,
-1, ,-34, ,
1, ,-34, ,
1, ,-34, ,
1, ,-34, ,
2, ,-34, ,
1, ,-34, ,
-1, ,-34, ,
1, ,-33, ,
1, ,-34, ,
1, ,-34, ,
2, ,-34, ,
1, ,-34, ,
-1, ,-34, ,
2, ,-34, ,
-1, ,-34, ,
1, ,-34, ,
2, ,-34, ,
1, ,-34, ,
-1, ,-33, ,
2, ,-33, ,
1, ,-34, ,
1, ,-34, ,
1, ,-34, ,
1, ,-34, ,
-1, ,-34, ,
1, ,-34, ,
1, ,-34, ,
1, ,-34, ,
1, ,-34, ,
1, ,-34, ,
-1, ,-34, ,
1, ,-33, ,
-1, ,-34, ,
2, ,-34, ,
2, ,-34, ,
2, ,-34, ,
-1, ,-33, ,
1, ,-34, ,
-1, ,-34, ,
-1, ,-34, ,
1, ,-34, ,
1, ,-34, ,
-1, ,-34, ,
2, ,-34, ,
-1, ,-34, ,
-1, ,-34, ,
2, ,-34, ,
2, ,-34, ,
-1, ,-28, ,
1, ,-11, ,
-1, ,7, ,
1, ,21, ,
2, ,31, ,
1, ,39, ,
-1, ,43, ,
2, ,47, ,
-1, ,52, ,
1, ,54, ,
1, ,55, ,
1, ,57, ,
-1, ,57, ,
1, ,58, ,
1, ,59, ,
1, ,59, ,
1, ,59, ,
1, ,60, ,
-1, ,58, ,
2, ,60, ,
1, ,60, ,
-1, ,59, ,
2, ,59, ,
1, ,60, ,
-1, ,59, ,
2, ,60, ,
-1, ,60, ,
1, ,59, ,
1, ,59, ,
1, ,60, ,
-1, ,58, ,
1, ,60, ,
-1, ,60, ,
-1, ,60, ,
1, ,59, ,
1, ,60, ,
-1, ,59, ,
2, ,60, ,
-1, ,60, ,
-1, ,59, ,
1, ,59, ,
1, ,60, ,
-1, ,58, ,
1, ,60, ,
-1, ,60, ,
-1, ,59, ,
1, ,59, ,
1, ,60, ,
-1, ,58, ,
2, ,59, ,
-1, ,60, ,
-1, ,59, ,
1, ,59, ,
1, ,60, ,
-1, ,58, ,
2, ,59, ,
-1, ,60, ,
72, ,59, ,
45, ,59, ,
29, ,60, ,
17, ,59, ,
12, ,59, ,
7, ,60, ,
5, ,59, ,
5, ,59, ,
3, ,60, ,
2, ,58, ,
3, ,59, ,
2, ,60, ,
2, ,59, ,
3, ,59, ,
2, ,60, ,
1, ,58, ,
3, ,59, ,
2, ,60, ,
2, ,59, ,
3, ,59, ,
2, ,60, ,
1, ,58, ,
3, ,59, ,
2, ,60, ,
2, ,59, ,
3, ,59, ,
2, ,60, ,
1, ,58, ,
3, ,59, ,
2, ,60, ,
2, ,59, ,
3, ,59, ,
2, ,60, ,
1, ,58, ,
3, ,59, ,
2, ,60, ,
2, ,59, ,
3, ,59, ,
2, ,60, ,
1, ,58, ,
3, ,60, ,
2, ,60, ,
2, ,59, ,
3, ,59, ,
2, ,60, ,
1, ,58, ,
3, ,59, ,
2, ,60, ,
2, ,59, ,
3, ,59, ,
2, ,60, ,
1, ,58, ,
3, ,59, ,
2, ,60, ,
1, ,59, ,
3, ,59, ,
2, ,60, ,
1, ,58, ,
3, ,59, ,
1, ,60, ,
1, ,59, ,
3, ,59, ,
2, ,60, ,
1, ,59, ,
2, ,59, ,
2, ,60, ,
2, ,59, ,
2, ,60, ,
2, ,60, ,
1, ,58, ,
3, ,59, ,
1, ,60, ,
1, ,59, ,
2, ,59, ,
2, ,60, ,
1, ,58, ,
3, ,60, ,
1, ,60, ,
2, ,59, ,
3, ,59, ,
2, ,60, ,
1, ,58, ,
15, ,59, ,
16, ,60, ,
12, ,59, ,
10, ,59, ,
7, ,60, ,
3, ,58, ,
5, ,59, ,
2, ,60, ,
2, ,59, ,
3, ,59, ,
2, ,60, ,
1, ,58, ,
3, ,59, ,
2, ,60, ,
1, ,59, ,
3, ,59, ,
3, ,47, ,
1, ,26, ,
2, ,12, ,
1, ,0, ,
1, ,-8, ,
2, ,-16, ,
2, ,-20, ,
1, ,-24, ,
3, ,-26, ,
2, ,-28, ,
2, ,-31, ,
2, ,-32, ,
2, ,-33, ,
1, ,-33, ,
3, ,-34, ,
2, ,-34, ,
2, ,-34, ,
3, ,-34, ,
3, ,-35, ,
2, ,-34, ,
2, ,-34, ,
2, ,-34, ,
2, ,-35, ,
3, ,-34, ,
2, ,-35, ,
1, ,-34, ,
3, ,-34, ,
2, ,-35, ,
2, ,-34, ,
3, ,-34, ,
2, ,-34, ,
2, ,-34, ,
3, ,-34, ,
2, ,-34, ,
2, ,-34, ,
2, ,-34, ,
3, ,-34, ,
1, ,-34, ,
3, ,-34, ,
2, ,-35, ,
2, ,-34, ,
3, ,-34, ,
3, ,-34, ,
2, ,-34, ,
3, ,-34, ,
2, ,-34, ,
2, ,-34, ,
3, ,-34, ,
2, ,-34, ,
1, ,-34, ,
3, ,-34, ,
2, ,-34, ,
2, ,-34, ,
3, ,-34, ,
3, ,-34, ,
1, ,-33, ,
2, ,-34, ,
2, ,-34, ,
2, ,-34, ,
3, ,-34, ,
2, ,-34, ,
1, ,-33, ,
2, ,-34, ,
2, ,-34, ,
2, ,-34, ,
3, ,-34, ,
2, ,-34, ,
1, ,-34, ,
3, ,-34, ,
2, ,-34, ,
2, ,-34, ,
2, ,-34, ,
2, ,-34, ,
1, ,-33, ,
2, ,-34, ,
2, ,-34, ,
2, ,-34, ,
2, ,-34, ,
2, ,-34, ,
1, ,-33, ,
2, ,-34, ,
1, ,-34, ,
2, ,-34, ,
2, ,-34, ,
2, ,-34, ,
1, ,-33, ,
2, ,-34, ,
2, ,-34, ,
2, ,-34, ,
2, ,-34, ,
2, ,-34, ,
1, ,-34, ,
2, ,-33, ,
1, ,-34, ,
1, ,-34, ,
3, ,-34, ,
2, ,-34, ,
1, ,-33, ,
2, ,-34, ,
2, ,-34, ,
2, ,-34, ,
2, ,-34, ,
2, ,-34, ,
1, ,-34, ,
2, ,-34, ,
2, ,-34, ,
2, ,-34, ,
2, ,-34, ,
2, ,-34, ,
1, ,-34, ,
2, ,-34, ,
2, ,-34, ,
1, ,-34, ,
2, ,-34, ,
2, ,-34, ,
1, ,-34, ,
2, ,-34, ,
1, ,-34, ,
1, ,-34, ,
2, ,-34, ,
2, ,-34, ,
1, ,-33, ,
2, ,-34, ,
1, ,-34, ,
2, ,-34, ,
2, ,-34, ,
2, ,-34, ,
1, ,-33, ,
2, ,-34, ,
1, ,-34, ,
2, ,-34, ,
2, ,-34, ,
2, ,-34, ,
1, ,-33, ,
2, ,-34, ,
2, ,-34, ,
2, ,-34, ,
2, ,-34, ,
2, ,-34, ,
1, ,-33, ,
2, ,-34, ,
1, ,-34, ,
1, ,-34, ,
2, ,-34, ,
2, ,-34, ,
1, ,-33, ,
2, ,-34, ,
1, ,-34, ,
2, ,-34, ,
2, ,-34, ,
2, ,-34, ,
1, ,-33, ,
2, ,-33, ,
1, ,-34, ,
2, ,-34, ,
2, ,-34, ,
2, ,-34, ,
1, ,-33, ,
2, ,-34, ,
2, ,-34, ,
2, ,-34, ,
2, ,-34, ,
2, ,-34, ,
1, ,-33, ,
2, ,-34, ,
1, ,-34, ,
1, ,-34, ,
2, ,-34, ,
2, ,-34, ,
1, ,-33, ,
2, ,-33, ,
1, ,-34, ,
2, ,-34, ,
2, ,-34, ,
2, ,-34, ,
1, ,-34, ,
2, ,-34, ,
1, ,-33, ,
2, ,-34, ,
2, ,-34, ,
2, ,-34, ,
1, ,-34, ,
2, ,-34, ,
1, ,-34, ,
1, ,-34, ,
2, ,-34, ,
2, ,-34, ,
1, ,-34, ,
2, ,-34, ,
1, ,-34, ,
2, ,-34, ,
2, ,-34, ,
2, ,-34, ,
1, ,-33, ,
2, ,-34, ,
1, ,-34, ,
1, ,-34, ,
2, ,-34, ,
2, ,-34, ,
1, ,-34, ,
2, ,-34, ,
1, ,-34, ,
1, ,-34, ,
2, ,-34, ,
2, ,-34, ,
1, ,-34, ,
2, ,-33, ,
1, ,-34, ,
1, ,-34, ,
2, ,-34, ,
2, ,-34, ,
1, ,-34, ,
2, ,-34, ,
1, ,-34, ,
1, ,-34, ,
2, ,-34, ,
2, ,-34, ,
1, ,-33, ,
2, ,-33, ,
1, ,-34, ,
1, ,-34, ,
2, ,-34, ,
2, ,-34, ,
1, ,-34, ,
2, ,-34, ,
1, ,-34, ,
1, ,-34, ,
2, ,-34, ,
2, ,-34, ,
1, ,-33, ,
2, ,-33, ,
1, ,-34, ,
2, ,-34, ,
2, ,-34, ,
2, ,-34, ,
1, ,-34, ,
2, ,-34, ,
1, ,-34, ,
1, ,-34, ,
2, ,-34, ,
1, ,-34, ,
1, ,-33, ,
2, ,-34, ,
1, ,-34, ,
1, ,-34, ,
2, ,-34, ,
1, ,-34, ,
1, ,-33, ,
2, ,-33, ,
1, ,-33, ,
1, ,-34, ,
2, ,-34, ,
2, ,-34, ,
1, ,-33, ,
2, ,-33, ,
1, ,-34, ,
1, ,-34, ,
2, ,-34, ,
1, ,-34, ,
1, ,-34, ,
2, ,-33, ,
1, ,-34, ,
1, ,-34, ,
2, ,-34, ,
2, ,-34, ,
1, ,-33, ,
2, ,-34, ,
1, ,-34, ,
1, ,-34, ,
2, ,-34, ,
2, ,-34, ,
1, ,-33, ,
2, ,-34, ,
1, ,-34, ,
1, ,-34, ,
2, ,-34, ,
2, ,-34, ,
1, ,-33, ,
2, ,-33, ,
1, ,-34, ,
1, ,-34, ,
2, ,-34, ,
1, ,-34, ,
1, ,-33, ,
2, ,-34, ,
1, ,-34, ,
1, ,-34, ,
2, ,-34, ,
2, ,-34, ,
1, ,-33, ,
2, ,-33, ,
1, ,-34, ,
1, ,-34, ,
2, ,-34, ,
1, ,-34, ,
1, ,-33, ,
2, ,-34, ,
1, ,-34, ,
2, ,-34, ,
2, ,-34, ,
1, ,-34, ,
1, ,-33, ,
2, ,-33, ,
1, ,-34, ,
1, ,-34, ,
2, ,-34, ,
1, ,-34, ,
1, ,-34, ,
2, ,-33, ,
1, ,-34, ,
1, ,-34, ,
2, ,-34, ,
2, ,-34, ,
1, ,-33, ,
2, ,-34, ,
1, ,-34, ,
1, ,-34, ,
2, ,-34, ,
1, ,-34, ,
1, ,-34, ,
2, ,-33, ,
1, ,-34, ,
1, ,-34, ,
2, ,-34, ,
1, ,-34, ,
1, ,-33, ,
2, ,-34, ,
1, ,-34, ,
1, ,-34, ,
2, ,-34, ,
1, ,-34, ,
1, ,-34, ,
2, ,-34, ,
1, ,-34, ,
1, ,-34, ,
2, ,-34, ,
2, ,-34, ,
1, ,-34, ,
2, ,-33, ,
1, ,-34, ,
1, ,-34, ,
2, ,-34, ,
1, ,-34, ,
1, ,-34, ,
2, ,-33, ,
1, ,-34, ,
1, ,-34, ,
2, ,-34, ,
1, ,-34, ,
-1, ,-33, ,
2, ,-33, ,
1, ,-34, ,
1, ,-34, ,
2, ,-34, ,
1, ,-34, ,
1, ,-34, ,
2, ,-34, ,
1, ,-34, ,
1, ,-34, ,
2, ,-34, ,
1, ,-34, ,
-1, ,-33, ,
1, ,-33, ,
1, ,-34, ,
1, ,-34, ,
1, ,-34, ,
1, ,-34, ,
1, ,-34, ,
2, ,-34, ,
1, ,-34, ,
1, ,-34, ,
2, ,-34, ,
2, ,-34, ,
-1, ,-33, ,
2, ,-34, ,
1, ,-34, ,
1, ,-34, ,
2, ,-34, ,
1, ,-34, ,
1, ,-34, ,
2, ,-34, ,
1, ,-34, ,
1, ,-34, ,
2, ,-34, ,
1, ,-34, ,
-1, ,-33, ,
2, ,-34, ,
1, ,-34, ,
1, ,-34, ,
2, ,-34, ,
1, ,-34, ,
-1, ,-33, ,
2, ,-34, ,
1, ,-34, ,
1, ,-34, ,
2, ,-34, ,
1, ,-34, ,
-1, ,-34, ,
1, ,-34, ,
1, ,-34, ,
1, ,-34, ,
2, ,-34, ,
1, ,-34, ,
-1, ,-33, ,
2, ,-34, ,
1, ,-34, ,
1, ,-34, ,
2, ,-34, ,
1, ,-34, ,
-1, ,-33, ,
2, ,-34, ,
1, ,-34, ,
1, ,-34, ,
2, ,-34, ,
1, ,-34, ,
1, ,-34, ,
2, ,-33, ,
1, ,-34, ,
1, ,-34, ,
1, ,-34, ,
1, ,-34, ,
-1, ,-34, ,
2, ,-33, ,
1, ,-34, ,
1, ,-34, ,
1, ,-34, ,
1, ,-34, ,
-1, ,-33, ,
2, ,-34, ,
1, ,-34, ,
1, ,-34, ,
1, ,-34, ,
1, ,-34, ,
-1, ,-33, ,
1, ,-34, ,
1, ,-34, ,
1, ,-34, ,
2, ,-34, ,
1, ,-34, ,
-1, ,-34, ,
2, ,-33, ,
1, ,-34, ,
1, ,-33, ,
2, ,-34, ,
1, ,-34, ,
-1, ,-33, ,
1, ,-34, ,
1, ,-34, ,
1, ,-34, ,
2, ,-34, ,
1, ,-34, ,
-1, ,-34, ,
2, ,-34, ,
1, ,-34, ,
1, ,-34, ,
2, ,-34, ,
1, ,-34, ,
-1, ,-33, ,
2, ,-34, ,
1, ,-34, ,
1, ,-34, ,
2, ,-34, ,
1, ,-34, ,
-1, ,-34, ,
2, ,-34, ,
1, ,-34, ,
1, ,-34, ,
2, ,-34, ,
1, ,-34, ,
-1, ,-34, ,
1, ,-34, ,
1, ,-34, ,
1, ,-34, ,
1, ,-34, ,
1, ,-34, ,
-1, ,-34, ,
2, ,-34, ,
1, ,-34, ,
1, ,-34, ,
2, ,-34, ,
1, ,-34, ,
-1, ,-33, ,
2, ,-34, ,
1, ,-34, ,
1, ,-34, ,
2, ,-34, ,
1, ,-34, ,
-1, ,-33, ,
1, ,-34, ,
1, ,-34, ,
1, ,-34, ,
1, ,-34, ,
1, ,-34, ,
-1, ,-33, ,
1, ,-34, ,
1, ,-34, ,
1, ,-34, ,
1, ,-34, ,
1, ,-34, ,
-1, ,-33, ,
2, ,-33, ,
-1, ,-34, ,
1, ,-34, ,
1, ,-34, ,
2, ,-34, ,
-1, ,-33, ,
1, ,-34, ,
1, ,-34, ,
1, ,-34, ,
2, ,-34, ,
1, ,-34, ,
-1, ,-33, ,
2, ,-34, ,
1, ,-34, ,
1, ,-34, ,
2, ,-34, ,
1, ,-34, ,
-1, ,-33, ,
1, ,-33, ,
1, ,-34, ,
1, ,-34, ,
1, ,-34, ,
1, ,-34, ,
-1, ,-33, ,
2, ,-34, ,
1, ,-34, ,
1, ,-34, ,
2, ,-34, ,
1, ,-34, ,
-1, ,-33, ,
1, ,-34, ,
1, ,-34, ,
1, ,-34, ,
1, ,-34, ,
1, ,-34, ,
-1, ,-33, ,
2, ,-33, ,
1, ,-34, ,
1, ,-34, ,
1, ,-34, ,
1, ,-34, ,
-1, ,-33, ,
1, ,-34, ,
-1, ,-34, ,
1, ,-34, ,
1, ,-34, ,
1, ,-34, ,
-1, ,-33, ,
2, ,-34, ,
1, ,-34, ,
1, ,-34, ,
2, ,-34, ,
1, ,-34, ,
-1, ,-33, ,
2, ,-34, ,
1, ,-34, ,
1, ,-34, ,
1, ,-34, ,
1, ,-34, ,
-1, ,-34, ,
2, ,-33, ,
1, ,-34, ,
1, ,-34, ,
1, ,-34, ,
1, ,-34, ,
-1, ,-33, ,
2, ,-33, ,
1, ,-34, ,
1, ,-34, ,
1, ,-34, ,
1, ,-34, ,
-1, ,-33, ,
2, ,-34, ,
1, ,-34, ,
1, ,-34, ,
1, ,-34, ,
1, ,-34, ,
-1, ,-33, ,
1, ,-34, ,
1, ,-34, ,
1, ,-34, ,
1, ,-34, ,
1, ,-34, ,
-1, ,-34, ,
2, ,-34, ,
1, ,-34, ,
1, ,-34, ,
1, ,-34, ,
1, ,-34, ,
-1, ,-33, ,
1, ,-34, ,
1, ,-34, ,
1, ,-34, ,
1, ,-34, ,
1, ,-34, ,
-1, ,-33, ,
1, ,-34, ,
1, ,-34, ,
1, ,-34, ,
2, ,-34, ,
1, ,-34, ,
-1, ,-33, ,
2, ,-34, ,
1, ,-34, ,
1, ,-34, ,
1, ,-34, ,
1, ,-34, ,
-1, ,-34, ,
1, ,-34, ,
1, ,-34, ,
1, ,-34, ,
1, ,-34, ,
1, ,-34, ,
-1, ,-33, ,
1, ,-34, ,
1, ,-34, ,
1, ,-34, ,
1, ,-34, ,
1, ,-34, ,
-1, ,-33, ,
1, ,-34, ,
-1, ,-34, ,
1, ,-34, ,
1, ,-34, ,
1, ,-34, ,
-1, ,-33, ,
1, ,-32, ,
1, ,-15, ,
1, ,3, ,
2, ,18, ,
1, ,28, ,
-1, ,36, ,
2, ,42, ,
1, ,47, ,
1, ,50, ,
2, ,53, ,
1, ,56, ,
-1, ,56, ,
2, ,57, ,
1, ,59, ,
-1, ,58, ,
1, ,58, ,
1, ,60, ,
-1, ,58, ,
2, ,59, ,
1, ,60, ,
-1, ,59, ,
1, ,59, ,
1, ,60, ,
-1, ,59, ,
2, ,60, ,
-1, ,61, ,
-1, ,59, ,
1, ,60, ,
1, ,61, ,
-1, ,58, ,
2, ,60, ,
-1, ,60, ,
-1, ,59, ,
1, ,59, ,
1, ,60, ,
-1, ,59, ,
2, ,59, ,
-1, ,60, ,
-1, ,59, ,
1, ,59, ,
1, ,60, ,
-1, ,58, ,
2, ,59, ,
-1, ,60, ,
-1, ,59, ,
2, ,59, ,
1, ,60, ,
-1, ,59, ,
2, ,60, ,
-1, ,60, ,
-1, ,59, ,
1, ,59, ,
1, ,60, ,
-1, ,58, ,
2, ,59, ,
-1, ,59, ,
-1, ,59, ,
1, ,59, ,
1, ,60, ,
-1, ,58, ,
2, ,59, ,
1, ,60, ,
-1, ,59, ,
1, ,59, ,
1, ,60, ,
-1, ,58, ,
2, ,59, ,
-1, ,60, ,
-1, ,59, ,
53, ,59, ,
62, ,60, ,
38, ,59, ,
25, ,59, ,
15, ,60, ,
10, ,59, ,
8, ,59, ,
6, ,60, ,
3, ,58, ,
5, ,59, ,
2, ,60, ,
2, ,59, ,
3, ,59, ,
2, ,60, ,
1, ,59, ,
3, ,59, ,
2, ,60, ,
2, ,59, ,
3, ,59, ,
2, ,60, ,
1, ,58, ,
3, ,59, ,
2, ,60, ,
2, ,59, ,
2, ,59, ,
2, ,60, ,
1, ,59, ,
3, ,59, ,
2, ,60, ,
2, ,59, ,
3, ,59, ,
2, ,60, ,
1, ,58, ,
3, ,59, ,
2, ,60, ,
2, ,59, ,
3, ,59, ,
2, ,60, ,
1, ,59, ,
3, ,59, ,
1, ,60, ,
1, ,59, ,
2, ,59, ,
2, ,60, ,
1, ,58, ,
3, ,60, ,
2, ,60, ,
2, ,59, ,
3, ,59, ,
2, ,60, ,
1, ,58, ,
3, ,59, ,
2, ,60, ,
2, ,59, ,
3, ,59, ,
2, ,60, ,
1, ,58, ,
3, ,59, ,
2, ,60, ,
1, ,59, ,
3, ,59, ,
2, ,60, ,
1, ,58, ,
3, ,60, ,
1, ,60, ,
1, ,59, ,
2, ,59, ,
2, ,60, ,
1, ,58, ,
2, ,59, ,
1, ,60, ,
1, ,59, ,
2, ,59, ,
2, ,60, ,
2, ,58, ,
3, ,59, ,
1, ,60, ,
1, ,59, ,
2, ,59, ,
2, ,60, ,
1, ,58, ,
3, ,59, ,
1, ,60, ,
2, ,59, ,
2, ,59, ,
2, ,60, ,
1, ,51, ,
3, ,31, ,
1, ,14, ,
1, ,2, ,
2, ,-7, ,
2, ,-15, ,
1, ,-19, ,
2, ,-23, ,
2, ,-26, ,
1, ,-28, ,
2, ,-30, ,
2, ,-32, ,
1, ,-32, ,
2, ,-33, ,
1, ,-34, ,
1, ,-34, ,
2, ,-34, ,
2, ,-34, ,
1, ,-34, ,
2, ,-34, ,
2, ,-34, ,
2, ,-34, ,
2, ,-34, ,
2, ,-34, ,
1, ,-34, ,
2, ,-34, ,
2, ,-35, ,
2, ,-34, ,
2, ,-34, ,
2, ,-34, ,
1, ,-34, ,
2, ,-34, ,
2, ,-35, ,
2, ,-34, ,
2, ,-34, ,
2, ,-34, ,
1, ,-34, ,
3, ,-34, ,
2, ,-34, ,
2, ,-34, ,
3, ,-34, ,
2, ,-34, ,
1, ,-34, ,
2, ,-34, ,
2, ,-34, ,
2, ,-34, ,
2, ,-34, ,
2, ,-34, ,
1, ,-34, ,
2, ,-34, ,
2, ,-34, ,
2, ,-34, ,
2, ,-34, ,
2, ,-34, ,
1, ,-34, ,
2, ,-34, ,
1, ,-34, ,
2, ,-34, ,
2, ,-34, ,
2, ,-34, ,
1, ,-33, ,
2, ,-34, ,
2, ,-34, ,
2, ,-34, ,
2, ,-34, ,
2, ,-34, ,
1, ,-34, ,
2, ,-34, ,
2, ,-34, ,
2, ,-34, ,
2, ,-34, ,
2, ,-34, ,
1, ,-34, ,
2, ,-34, ,
2, ,-34, ,
2, ,-34, ,
2, ,-34, ,
2, ,-34, ,
1, ,-34, ,
2, ,-34, ,
1, ,-34, ,
1, ,-34, ,
2, ,-34, ,
2, ,-34, ,
1, ,-33, ,
2, ,-34, ,
2, ,-34, ,
2, ,-34, ,
2, ,-34, ,
2, ,-34, ,
1, ,-34, ,
2, ,-34, ,
1, ,-34, ,
1, ,-34, ,
2, ,-34, ,
2, ,-34, ,
1, ,-34, ,
2, ,-34, ,
1, ,-34, ,
1, ,-34, ,
2, ,-34, ,
2, ,-34, ,
1, ,-33, ,
2, ,-33, ,
1, ,-34, ,
2, ,-34, ,
2, ,-34, ,
2, ,-34, ,
1, ,-33, ,
2, ,-34, ,
1, ,-34, ,
2, ,-34, ,
2, ,-34, ,
2, ,-34, ,
1, ,-34, ,
2, ,-34, ,
1, ,-34, ,
1, ,-34, ,
2, ,-34, ,
1, ,-34, ,
1, ,-33, ,
2, ,-34, ,
1, ,-34, ,
1, ,-34, ,
2, ,-34, ,
2, ,-34, ,
1, ,-33, ,
2, ,-33, ,
1, ,-34, ,
2, ,-34, ,
2, ,-34, ,
2, ,-34, ,
1, ,-33, ,
2, ,-33, ,
1, ,-34, ,
1, ,-34, ,
2, ,-34, ,
1, ,-34, ,
1, ,-33, ,
2, ,-34, ,
1, ,-34, ,
1, ,-34, ,
2, ,-34, ,
1, ,-34, ,
1, ,-33, ,
2, ,-34, ,
1, ,-34, ,
1, ,-34, ,
1, ,-34, ,
1, ,-34, ,
1, ,-33, ,
2, ,-34, ,
1, ,-34, ,
1, ,-34, ,
2, ,-34, ,
2, ,-34, ,
1, ,-33, ,
2, ,-34, ,
1, ,-34, ,
1, ,-34, ,
2, ,-34, ,
2, ,-34, ,
1, ,-34, ,
2, ,-34, ,
1, ,-34, ,
1, ,-33, ,
2, ,-34, ,
2, ,-34, ,
1, ,-33, ,
2, ,-34, ,
1, ,-34, ,
1, ,-34, ,
2, ,-34, ,
2, ,-34, ,
1, ,-33, ,
2, ,-34, ,
1, ,-34, ,
1, ,-34, ,
2, ,-34, ,
2, ,-34, ,
1, ,-33, ,
2, ,-34, ,
1, ,-34, ,
1, ,-34, ,
2, ,-34, ,
2, ,-34, ,
1, ,-34, ,
2, ,-33, ,
1, ,-34, ,
1, ,-33, ,
2, ,-34, ,
2, ,-34, ,
1, ,-34, ,
2, ,-34, ,
1, ,-34, ,
1, ,-34, ,
2, ,-34, ,
1, ,-34, ,
1, ,-34, ,
2, ,-33, ,
1, ,-34, ,
1, ,-34, ,
2, ,-34, ,
2, ,-34, ,
1, ,-33, ,
2, ,-34, ,
1, ,-34, ,
1, ,-34, ,
2, ,-34, ,
2, ,-34, ,
1, ,-33, ,
2, ,-34, ,
1, ,-34, ,
1, ,-34, ,
2, ,-34, ,
2, ,-34, ,
1, ,-33, ,
2, ,-34, ,
1, ,-34, ,
1, ,-34, ,
2, ,-34, ,
1, ,-34, ,
1, ,-34, ,
2, ,-34, ,
1, ,-34, ,
1, ,-34, ,
2, ,-34, ,
1, ,-34, ,
1, ,-33, ,
2, ,-34, ,
1, ,-34, ,
1, ,-34, ,
2, ,-34, ,
1, ,-34, ,
1, ,-34, ,
2, ,-33, ,
1, ,-34, ,
1, ,-34, ,
2, ,-34, ,
1, ,-34, ,
-1, ,-33, ,
2, ,-33, ,
1, ,-34, ,
1, ,-34, ,
2, ,-34, ,
1, ,-34, ,
1, ,-34, ,
2, ,-33, ,
1, ,-34, ,
1, ,-34, ,
2, ,-34, ,
1, ,-34, ,
-1, ,-34, ,
2, ,-34, ,
1, ,-34, ,
1, ,-34, ,
2, ,-34, ,
1, ,-34, ,
-1, ,-34, ,
2, ,-34, ,
1, ,-34, ,
1, ,-34, ,
2, ,-34, ,
1, ,-34, ,
-1, ,-33, ,
2, ,-34, ,
1, ,-34, ,
1, ,-34, ,
1, ,-34, ,
1, ,-34, ,
-1, ,-34, ,
2, ,-33, ,
1, ,-34, ,
1, ,-34, ,
2, ,-34, ,
2, ,-34, ,
-1, ,-34, ,
2, ,-34, ,
1, ,-34, ,
1, ,-34, ,
2, ,-34, ,
1, ,-34, ,
1, ,-34, ,
2, ,-33, ,
1, ,-33, ,
1, ,-34, ,
2, ,-34, ,
1, ,-34, ,
-1, ,-33, ,
1, ,-34, ,
1, ,-34, ,
1, ,-34, ,
2, ,-34, ,
1, ,-34, ,
-1, ,-34, ,
2, ,-34, ,
1, ,-34, ,
1, ,-34, ,
2, ,-34, ,
1, ,-34, ,
-1, ,-33, ,
2, ,-34, ,
1, ,-34, ,
1, ,-34, ,
2, ,-34, ,
1, ,-34, ,
1, ,-34, ,
2, ,-34, ,
1, ,-34, ,
1, ,-34, ,
2, ,-34, ,
1, ,-34, ,
-1, ,-33, ,
2, ,-34, ,
1, ,-34, ,
1, ,-34, ,
2, ,-34, ,
1, ,-34, ,
1, ,-33, ,
2, ,-34, ,
1, ,-34, ,
1, ,-34, ,
1, ,-34, ,
1, ,-34, ,
-1, ,-33, ,
2, ,-33, ,
1, ,-34, ,
1, ,-34, ,
2, ,-34, ,
2, ,-34, ,
1, ,-33, ,
2, ,-34, ,
1, ,-34, ,
1, ,-34, ,
2, ,-34, ,
1, ,-34, ,
-1, ,-34, ,
2, ,-34, ,
1, ,-34, ,
1, ,-34, ,
2, ,-34, ,
1, ,-34, ,
-1, ,-34, ,
2, ,-33, ,
1, ,-34, ,
1, ,-34, ,
2, ,-34, ,
1, ,-34, ,
-1, ,-34, ,
2, ,-34, ,
1, ,-34, ,
1, ,-34, ,
2, ,-34, ,
1, ,-34, ,
-1, ,-34, ,
2, ,-33, ,
1, ,-34, ,
1, ,-34, ,
2, ,-34, ,
1, ,-34, ,
-1, ,-33, ,
2, ,-34, ,
1, ,-34, ,
1, ,-34, ,
1, ,-34, ,
1, ,-34, ,
-1, ,-34, ,
1, ,-33, ,
1, ,-34, ,
1, ,-34, ,
2, ,-34, ,
1, ,-34, ,
-1, ,-34, ,
2, ,-34, ,
1, ,-34, ,
1, ,-34, ,
2, ,-34, ,
1, ,-34, ,
-1, ,-34, ,
1, ,-34, ,
1, ,-34, ,
1, ,-34, ,
2, ,-34, ,
1, ,-34, ,
-1, ,-34, ,
2, ,-34, ,
1, ,-34, ,
1, ,-34, ,
1, ,-34, ,
1, ,-34, ,
-1, ,-34, ,
2, ,-33, ,
1, ,-34, ,
1, ,-34, ,
1, ,-34, ,
1, ,-34, ,
-1, ,-34, ,
2, ,-34, ,
1, ,-34, ,
1, ,-34, ,
1, ,-34, ,
1, ,-34, ,
-1, ,-34, ,
2, ,-34, ,
1, ,-34, ,
1, ,-34, ,
1, ,-34, ,
1, ,-34, ,
-1, ,-34, ,
2, ,-34, ,
1, ,-34, ,
1, ,-34, ,
1, ,-34, ,
1, ,-34, ,
-1, ,-34, ,
2, ,-33, ,
1, ,-34, ,
1, ,-34, ,
2, ,-34, ,
1, ,-34, ,
-1, ,-33, ,
2, ,-34, ,
1, ,-34, ,
1, ,-34, ,
2, ,-34, ,
1, ,-34, ,
-1, ,-34, ,
2, ,-34, ,
1, ,-34, ,
1, ,-34, ,
1, ,-34, ,
1, ,-34, ,
-1, ,-33, ,
2, ,-34, ,
1, ,-34, ,
1, ,-34, ,
1, ,-34, ,
1, ,-34, ,
-1, ,-34, ,
1, ,-34, ,
1, ,-34, ,
1, ,-34, ,
2, ,-34, ,
1, ,-34, ,
-1, ,-33, ,
1, ,-34, ,
1, ,-34, ,
1, ,-34, ,
2, ,-34, ,
1, ,-34, ,
-1, ,-33, ,
2, ,-34, ,
1, ,-34, ,
1, ,-34, ,
2, ,-34, ,
1, ,-34, ,
-1, ,-34, ,
1, ,-34, ,
1, ,-34, ,
1, ,-34, ,
1, ,-34, ,
1, ,-34, ,
-1, ,-34, ,
2, ,-34, ,
1, ,-34, ,
1, ,-34, ,
2, ,-34, ,
1, ,-34, ,
-1, ,-33, ,
1, ,-34, ,
1, ,-34, ,
1, ,-34, ,
2, ,-34, ,
1, ,-34, ,
-1, ,-34, ,
2, ,-34, ,
1, ,-34, ,
1, ,-34, ,
1, ,-34, ,
1, ,-34, ,
-1, ,-34, ,
2, ,-34, ,
1, ,-34, ,
1, ,-34, ,
2, ,-34, ,
1, ,-34, ,
-1, ,-34, ,
1, ,-33, ,
1, ,-34, ,
1, ,-34, ,
2, ,-34, ,
1, ,-34, ,
-1, ,-33, ,
1, ,-34, ,
1, ,-34, ,
1, ,-34, ,
1, ,-34, ,
1, ,-34, ,
-1, ,-34, ,
2, ,-34, ,
1, ,-34, ,
1, ,-34, ,
2, ,-34, ,
1, ,-34, ,
-1, ,-33, ,
2, ,-34, ,
1, ,-34, ,
1, ,-34, ,
1, ,-34, ,
1, ,-34, ,
-1, ,-34, ,
1, ,-34, ,
-1, ,-34, ,
1, ,-34, ,
1, ,-34, ,
1, ,-34, ,
-1, ,-34, ,
2, ,-34, ,
-1, ,-34, ,
-1, ,-34, ,
1, ,-34, ,
1, ,-34, ,
-1, ,-34, ,
2, ,-34, ,
1, ,-34, ,
1, ,-34, ,
2, ,-34, ,
1, ,-34, ,
-1, ,-33, ,
1, ,-34, ,
1, ,-34, ,
1, ,-34, ,
2, ,-34, ,
1, ,-34, ,
-1, ,-33, ,
2, ,-34, ,
-1, ,-34, ,
-1, ,-34, ,
1, ,-34, ,
1, ,-34, ,
-1, ,-34, ,
2, ,-34, ,
1, ,-34, ,
-1, ,-34, ,
1, ,-34, ,
1, ,-34, ,
-1, ,-33, ,
1, ,-33, ,
-1, ,-34, ,
1, ,-34, ,
1, ,-34, ,
1, ,-34, ,
-1, ,-33, ,
1, ,-33, ,
-1, ,-34, ,
1, ,-34, ,
1, ,-34, ,
1, ,-34, ,
-1, ,-33, ,
2, ,-34, ,
1, ,-34, ,
1, ,-34, ,
2, ,-34, ,
1, ,-34, ,
-1, ,-33, ,
1, ,-34, ,
1, ,-34, ,
1, ,-34, ,
2, ,-34, ,
1, ,-34, ,
-1, ,-34, ,
1, ,-33, ,
1, ,-34, ,
1, ,-34, ,
2, ,-34, ,
1, ,-34, ,
-1, ,-33, ,
2, ,-34, ,
1, ,-34, ,
1, ,-34, ,
1, ,-34, ,
1, ,-34, ,
-1, ,-33, ,
2, ,-34, ,
-1, ,-34, ,
1, ,-34, ,
2, ,-34, ,
1, ,-34, ,
-1, ,-33, ,
1, ,-33, ,
1, ,-34, ,
1, ,-34, ,
1, ,-34, ,
1, ,-34, ,
-1, ,-33, ,
2, ,-34, ,
1, ,-34, ,
1, ,-34, ,
2, ,-34, ,
1, ,-34, ,
-1, ,-33, ,
1, ,-34, ,
1, ,-34, ,
1, ,-34, ,
1, ,-34, ,
1, ,-34, ,
-1, ,-33, ,
2, ,-34, ,
1, ,-34, ,
1, ,-34, ,
2, ,-34, ,
1, ,-34, ,
-1, ,-33, ,
1, ,-34, ,
1, ,-34, ,
1, ,-34, ,
1, ,-34, ,
1, ,-34, ,
-1, ,-33, ,
1, ,-34, ,
1, ,-34, ,
1, ,-34, ,
1, ,-34, ,
1, ,-34, ,
-1, ,-33, ,
1, ,-34, ,
-1, ,-33, ,
1, ,-21, ,
2, ,-1, ,
1, ,15, ,
1, ,25, ,
2, ,35, ,
1, ,41, ,
1, ,45, ,
2, ,50, ,
1, ,53, ,
-1, ,54, ,
2, ,56, ,
-1, ,58, ,
1, ,57, ,
1, ,58, ,
1, ,59, ,
-1, ,57, ,
2, ,59, ,
1, ,60, ,
-1, ,59, ,
1, ,59, ,
1, ,61, ,
-1, ,59, ,
2, ,60, ,
-1, ,61, ,
-1, ,59, ,
1, ,60, ,
1, ,60, ,
-1, ,58, ,
1, ,59, ,
-1, ,60, ,
-1, ,59, ,
1, ,59, ,
1, ,60, ,
-1, ,58, ,
2, ,60, ,
-1, ,60, ,
-1, ,59, ,
1, ,59, ,
1, ,60, ,
-1, ,58, ,
2, ,59, ,
-1, ,60, ,
-1, ,58, ,
1, ,59, ,
1, ,60, ,
-1, ,58, ,
2, ,59, ,
-1, ,60, ,
-1, ,59, ,
1, ,59, ,
1, ,60, ,
-1, ,58, ,
2, ,59, ,
-1, ,60, ,
-1, ,59, ,
2, ,59, ,
1, ,60, ,
-1, ,58, ,
2, ,59, ,
-1, ,60, ,
-1, ,58, ,
2, ,59, ,
1, ,60, ,
-1, ,58, ,
1, ,59, ,
1, ,60, ,
-1, ,58, ,
1, ,59, ,
1, ,60, ,
-1, ,59, ,
2, ,59, ,
-1, ,60, ,
1, ,58, ,
1, ,59, ,
1, ,60, ,
-1, ,58, ,
1, ,59, ,
-1, ,60, ,
-1, ,58, ,
1, ,59, ,
1, ,60, ,
-1, ,59, ,
2, ,59, ,
-1, ,60, ,
-1, ,59, ,
1, ,59, ,
1, ,60, ,
-1, ,57, ,
1, ,59, ,
-1, ,60, ,
-1, ,59, ,
1, ,59, ,
1, ,60, ,
-1, ,58, ,
2, ,59, ,
82, ,60, ,
50, ,59, ,
31, ,59, ,
21, ,60, ,
12, ,58, ,
10, ,59, ,
6, ,60, ,
3, ,59, ,
5, ,59, ,
2, ,60, ,
2, ,58, ,
3, ,59, ,
2, ,60, ,
2, ,59, ,
2, ,59, ,
2, ,60, ,
1, ,58, ,
3, ,60, ,
2, ,60, ,
2, ,59, ,
3, ,59, ,
2, ,60, ,
1, ,58, ,
3, ,59, ,
2, ,60, ,
2, ,59, ,
3, ,59, ,
2, ,60, ,
1, ,58, ,
3, ,59, ,
2, ,60, ,
2, ,59, ,
2, ,59, ,
2, ,60, ,
1, ,58, ,
3, ,59, ,
2, ,60, ,
1, ,59, ,
2, ,59, ,
2, ,60, ,
1, ,58, ,
3, ,59, ,
2, ,60, ,
2, ,59, ,
2, ,59, ,
2, ,60, ,
1, ,58, ,
3, ,59, ,
2, ,60, ,
2, ,59, ,
3, ,59, ,
2, ,60, ,
1, ,57, ,
3, ,59, ,
1, ,60, ,
2, ,59, ,
3, ,59, ,
2, ,60, ,
1, ,58, ,
3, ,56, ,
1, ,37, ,
2, ,19, ,
2, ,5, ,
2, ,-5, ,
1, ,-13, ,
2, ,-18, ,
2, ,-22, ,
2, ,-25, ,
2, ,-28, ,
2, ,-30, ,
1, ,-31, ,
2, ,-32, ,
1, ,-33, ,
2, ,-33, ,
2, ,-33, ,
3, ,-34, ,
1, ,-34, ,
2, ,-34, ,
2, ,-34, ,
2, ,-34, ,
2, ,-35, ,
2, ,-34, ,
1, ,-34, ,
3, ,-34, ,
2, ,-35, ,
1, ,-34, ,
2, ,-34, ,
3, ,-35, ,
1, ,-34, ,
2, ,-34, ,
1, ,-34, ,
2, ,-34, ,
2, ,-34, ,
2, ,-34, ,
1, ,-34, ,
3, ,-34, ,
1, ,-34, ,
2, ,-34, ,
3, ,-34, ,
2, ,-34, ,
1, ,-34, ,
2, ,-34, ,
1, ,-34, ,
2, ,-34, ,
2, ,-34, ,
2, ,-34, ,
1, ,-33, ,
2, ,-34, ,
2, ,-34, ,
2, ,-34, ,
2, ,-34, ,
2, ,-34, ,
1, ,-33, ,
2, ,-34, ,
1, ,-34, ,
1, ,-34, ,
2, ,-34, ,
2, ,-34, ,
1, ,-33, ,
2, ,-34, ,
2, ,-34, ,
2, ,-34, ,
2, ,-34, ,
2, ,-34, ,
1, ,-34, ,
3, ,-34, ,
2, ,-34, ,
1, ,-34, ,
2, ,-34, ,
2, ,-34, ,
1, ,-34, ,
2, ,-34, ,
2, ,-34, ,
2, ,-34, ,
2, ,-34, ,
2, ,-34, ,
1, ,-34, ,
2, ,-34, ,
1, ,-34, ,
1, ,-34, ,
3, ,-34, ,
2, ,-34, ,
1, ,-34, ,
2, ,-34, ,
2, ,-34, ,
2, ,-34, ,
2, ,-34, ,
2, ,-34, ,
1, ,-34, ,
2, ,-34, ,
2, ,-34, ,
1, ,-34, ,
2, ,-34, ,
2, ,-34, ,
1, ,-33, ,
2, ,-34, ,
1, ,-34, ,
1, ,-34, ,
2, ,-34, ,
2, ,-34, ,
1, ,-33, ,
2, ,-34, ,
2, ,-34, ,
2, ,-34, ,
2, ,-34, ,
2, ,-34, ,
1, ,-33, ,
2, ,-34, ,
1, ,-34, ,
1, ,-34, ,
2, ,-34, ,
2, ,-34, ,
1, ,-33, ,
2, ,-33, ,
1, ,-34, ,
2, ,-34, ,
2, ,-34, ,
2, ,-34, ,
1, ,-33, ,
2, ,-34, ,
1, ,-34, ,
1, ,-34, ,
2, ,-34, ,
2, ,-34, ,
1, ,-33, ,
2, ,-33, ,
1, ,-34, ,
2, ,-34, ,
2, ,-34, ,
2, ,-34, ,
1, ,-33, ,
2, ,-34, ,
1, ,-34, ,
1, ,-34, ,
2, ,-34, ,
2, ,-34, ,
1, ,-33, ,
2, ,-33, ,
2, ,-34, ,
1, ,-34, ,
2, ,-34, ,
1, ,-34, ,
1, ,-33, ,
2, ,-34, ,
2, ,-34, ,
2, ,-34, ,
2, ,-34, ,
2, ,-34, ,
1, ,-33, ,
2, ,-34, ,
1, ,-34, ,
1, ,-34, ,
2, ,-34, ,
2, ,-34, ,
1, ,-33, ,
2, ,-34, ,
1, ,-34, ,
1, ,-34, ,
2, ,-34, ,
1, ,-34, ,
1, ,-33, ,
2, ,-34, ,
1, ,-34, ,
1, ,-34, ,
2, ,-34, ,
2, ,-34, ,
1, ,-33, ,
2, ,-33, ,
1, ,-34, ,
2, ,-34, ,
2, ,-34, ,
2, ,-34, ,
1, ,-33, ,
2, ,-33, ,
1, ,-34, ,
1, ,-34, ,
2, ,-34, ,
1, ,-34, ,
1, ,-33, ,
2, ,-34, ,
1, ,-34, ,
1, ,-34, ,
2, ,-34, ,
2, ,-34, ,
1, ,-34, ,
2, ,-33, ,
1, ,-34, ,
1, ,-34, ,
2, ,-34, ,
2, ,-34, ,
1, ,-33, ,
2, ,-33, ,
1, ,-34, ,
1, ,-34, ,
2, ,-34, ,
2, ,-34, ,
1, ,-34, ,
2, ,-34, ,
1, ,-34, ,
1, ,-34, ,
2, ,-34, ,
1, ,-34, ,
1, ,-33, ,
2, ,-33, ,
1, ,-34, ,
1, ,-34, ,
2, ,-34, ,
2, ,-34, ,
1, ,-34, ,
2, ,-34, ,
1, ,-34, ,
1, ,-34, ,
2, ,-34, ,
2, ,-34, ,
1, ,-33, ,
2, ,-34, ,
1, ,-34, ,
1, ,-34, ,
2, ,-34, ,
1, ,-34, ,
1, ,-34, ,
2, ,-34, ,
1, ,-34, ,
1, ,-34, ,
2, ,-34, ,
2, ,-34, ,
1, ,-33, ,
2, ,-34, ,
1, ,-34, ,
1, ,-34, ,
2, ,-34, ,
2, ,-34, ,
1, ,-34, ,
2, ,-33, ,
1, ,-34, ,
1, ,-34, ,
2, ,-34, ,
1, ,-34, ,
1, ,-33, ,
2, ,-34, ,
1, ,-34, ,
1, ,-34, ,
2, ,-34, ,
2, ,-34, ,
1, ,-34, ,
2, ,-34, ,
1, ,-34, ,
1, ,-34, ,
2, ,-34, ,
1, ,-34, ,
1, ,-34, ,
2, ,-34, ,
1, ,-34, ,
1, ,-34, ,
2, ,-33, ,
1, ,-34, ,
-1, ,-34, ,
2, ,-34, ,
1, ,-34, ,
2, ,-34, ,
2, ,-34, ,
1, ,-34, ,
1, ,-33, ,
2, ,-34, ,
1, ,-34, ,
1, ,-34, ,
2, ,-34, ,
2, ,-34, ,
1, ,-33, ,
2, ,-33, ,
1, ,-34, ,
1, ,-34, ,
2, ,-34, ,
1, ,-34, ,
-1, ,-33, ,
2, ,-33, ,
1, ,-34, ,
1, ,-34, ,
2, ,-34, ,
1, ,-34, ,
-1, ,-33, ,
2, ,-34, ,
1, ,-34, ,
1, ,-34, ,
2, ,-34, ,
1, ,-34, ,
1, ,-33, ,
2, ,-34, ,
1, ,-34, ,
1, ,-34, ,
2, ,-34, ,
1, ,-34, ,
1, ,-33, ,
1, ,-33, ,
1, ,-34, ,
1, ,-34, ,
2, ,-34, ,
1, ,-34, ,
-1, ,-34, ,
2, ,-34, ,
1, ,-34, ,
1, ,-34, ,
2, ,-34, ,
1, ,-34, ,
-1, ,-34, ,
2, ,-33, ,
1, ,-34, ,
1, ,-34, ,
2, ,-34, ,
1, ,-34, ,
-1, ,-34, ,
2, ,-34, ,
1, ,-34, ,
1, ,-34, ,
2, ,-34, ,
1, ,-34, ,
1, ,-33, ,
2, ,-33, ,
1, ,-34, ,
1, ,-34, ,
2, ,-34, ,
1, ,-34, ,
-1, ,-34, ,
1, ,-34, ,
1, ,-34, ,
1, ,-34, ,
2, ,-34, ,
1, ,-34, ,
-1, ,-33, ,
2, ,-33, ,
1, ,-34, ,
1, ,-34, ,
2, ,-34, ,
1, ,-34, ,
-1, ,-34, ,
2, ,-33, ,
1, ,-34, ,
1, ,-34, ,
2, ,-34, ,
1, ,-34, ,
1, ,-34, ,
2, ,-33, ,
1, ,-34, ,
1, ,-34, ,
2, ,-34, ,
1, ,-34, ,
1, ,-33, ,
2, ,-34, ,
1, ,-34, ,
1, ,-34, ,
2, ,-34, ,
1, ,-34, ,
1, ,-34, ,
2, ,-34, ,
1, ,-33, ,
1, ,-34, ,
2, ,-34, ,
1, ,-34, ,
1, ,-34, ,
2, ,-34, ,
1, ,-34, ,
1, ,-34, ,
2, ,-34, ,
1, ,-34, ,
1, ,-33, ,
2, ,-33, ,
1, ,-34, ,
1, ,-34, ,
2, ,-34, ,
1, ,-34, ,
1, ,-34, ,
1, ,-34, ,
1, ,-34, ,
1, ,-34, ,
2, ,-34, ,
1, ,-34, ,
-1, ,-34, ,
1, ,-34, ,
1, ,-34, ,
1, ,-34, ,
2, ,-34, ,
1, ,-34, ,
-1, ,-34, ,
2, ,-34, ,
1, ,-34, ,
1, ,-34, ,
2, ,-34, ,
1, ,-34, ,
1, ,-34, ,
2, ,-33, ,
1, ,-34, ,
1, ,-34, ,
1, ,-34, ,
1, ,-34, ,
-1, ,-33, ,
1, ,-34, ,
1, ,-34, ,
1, ,-34, ,
1, ,-34, ,
1, ,-34, ,
-1, ,-34, ,
2, ,-34, ,
1, ,-34, ,
1, ,-34, ,
2, ,-34, ,
1, ,-34, ,
-1, ,-33, ,
1, ,-34, ,
1, ,-34, ,
1, ,-34, ,
1, ,-34, ,
1, ,-34, ,
-1, ,-34, ,
2, ,-34, ,
1, ,-34, ,
1, ,-34, ,
2, ,-34, ,
1, ,-34, ,
-1, ,-33, ,
1, ,-33, ,
1, ,-34, ,
1, ,-34, ,
1, ,-34, ,
1, ,-34, ,
-1, ,-34, ,
1, ,-34, ,
1, ,-34, ,
1, ,-34, ,
1, ,-34, ,
1, ,-34, ,
-1, ,-33, ,
1, ,-34, ,
1, ,-34, ,
1, ,-34, ,
1, ,-34, ,
1, ,-34, ,
-1, ,-34, ,
2, ,-34, ,
1, ,-34, ,
1, ,-34, ,
1, ,-34, ,
1, ,-34, ,
-1, ,-33, ,
2, ,-34, ,
1, ,-34, ,
1, ,-34, ,
1, ,-34, ,
1, ,-34, ,
-1, ,-34, ,
2, ,-34, ,
1, ,-34, ,
1, ,-34, ,
2, ,-34, ,
2, ,-34, ,
-1, ,-34, ,
2, ,-34, ,
1, ,-34, ,
1, ,-34, ,
1, ,-34, ,
1, ,-34, ,
-1, ,-34, ,
2, ,-34, ,
1, ,-34, ,
1, ,-34, ,
2, ,-34, ,
1, ,-34, ,
-1, ,-33, ,
1, ,-34, ,
1, ,-34, ,
1, ,-34, ,
1, ,-34, ,
1, ,-34, ,
-1, ,-33, ,
2, ,-33, ,
1, ,-34, ,
1, ,-34, ,
1, ,-34, ,
2, ,-34, ,
1, ,-34, ,
2, ,-34, ,
1, ,-34, ,
1, ,-34, ,
1, ,-34, ,
1, ,-34, ,
-1, ,-34, ,
1, ,-34, ,
-1, ,-34, ,
1, ,-34, ,
1, ,-34, ,
1, ,-34, ,
-1, ,-34, ,
1, ,-33, ,
1, ,-34, ,
1, ,-34, ,
1, ,-34, ,
1, ,-34, ,
-1, ,-34, ,
2, ,-34, ,
1, ,-34, ,
1, ,-34, ,
2, ,-34, ,
1, ,-34, ,
-1, ,-34, ,
1, ,-34, ,
1, ,-34, ,
1, ,-34, ,
2, ,-34, ,
1, ,-34, ,
-1, ,-34, ,
2, ,-34, ,
1, ,-33, ,
1, ,-34, ,
2, ,-34, ,
1, ,-34, ,
-1, ,-33, ,
2, ,-34, ,
1, ,-34, ,
1, ,-34, ,
1, ,-34, ,
1, ,-34, ,
-1, ,-34, ,
2, ,-34, ,
1, ,-34, ,
1, ,-34, ,
1, ,-34, ,
1, ,-34, ,
-1, ,-33, ,
1, ,-34, ,
1, ,-34, ,
1, ,-34, ,
1, ,-34, ,
1, ,-34, ,
-1, ,-34, ,
2, ,-33, ,
1, ,-34, ,
1, ,-34, ,
1, ,-34, ,
1, ,-34, ,
-1, ,-34, ,
1, ,-34, ,
1, ,-34, ,
1, ,-34, ,
2, ,-34, ,
1, ,-34, ,
-1, ,-34, ,
2, ,-34, ,
-1, ,-34, ,
1, ,-34, ,
1, ,-34, ,
1, ,-34, ,
-1, ,-34, ,
2, ,-34, ,
1, ,-34, ,
1, ,-34, ,
1, ,-34, ,
1, ,-34, ,
-1, ,-33, ,
1, ,-34, ,
1, ,-34, ,
1, ,-34, ,
1, ,-34, ,
1, ,-34, ,
-1, ,-34, ,
1, ,-34, ,
1, ,-34, ,
1, ,-34, ,
1, ,-34, ,
1, ,-34, ,
-1, ,-34, ,
1, ,-34, ,
-1, ,-34, ,
1, ,-34, ,
1, ,-34, ,
1, ,-34, ,
-1, ,-33, ,
2, ,-34, ,
1, ,-34, ,
1, ,-34, ,
1, ,-34, ,
1, ,-34, ,
-1, ,-34, ,
2, ,-34, ,
-1, ,-34, ,
1, ,-34, ,
1, ,-34, ,
1, ,-34, ,
-1, ,-34, ,
1, ,-34, ,
1, ,-34, ,
1, ,-34, ,
1, ,-34, ,
1, ,-34, ,
-1, ,-34, ,
1, ,-34, ,
-1, ,-34, ,
1, ,-34, ,
2, ,-34, ,
1, ,-34, ,
-1, ,-33, ,
2, ,-34, ,
1, ,-34, ,
1, ,-34, ,
1, ,-34, ,
1, ,-34, ,
-1, ,-33, ,
2, ,-34, ,
-1, ,-34, ,
1, ,-34, ,
1, ,-34, ,
1, ,-34, ,
-1, ,-33, ,
1, ,-34, ,
1, ,-34, ,
1, ,-34, ,
2, ,-34, ,
1, ,-34, ,
-1, ,-34, ,
2, ,-33, ,
1, ,-34, ,
1, ,-34, ,
1, ,-34, ,
1, ,-34, ,
-1, ,-34, ,
1, ,-34, ,
1, ,-34, ,
1, ,-34, ,
1, ,-26, ,
2, ,-6, ,
1, ,11, ,
2, ,23, ,
1, ,33, ,
1, ,39, ,
2, ,44, ,
1, ,50, ,
-1, ,51, ,
2, ,54, ,
-1, ,56, ,
1, ,56, ,
1, ,57, ,
1, ,59, ,
-1, ,57, ,
2, ,59, ,
1, ,60, ,
-1, ,59, ,
1, ,59, ,
1, ,60, ,
-1, ,59, ,
2, ,60, ,
-1, ,61, ,
1, ,60, ,
68, ,60, ,
44, ,61, ,
26, ,59, ,
17, ,59, ,
10, ,60, ,
7, ,59, ,
6, ,60, ,
3, ,60, ,
2, ,59, ,
3, ,60, ,
2, ,61, ,
2, ,59, ,
3, ,59, ,
2, ,61, ,
1, ,58, ,
3, ,60, ,
2, ,60, ,
2, ,59, ,
3, ,59, ,
2, ,60, ,
1, ,59, ,
3, ,60, ,
2, ,60, ,
2, ,59, ,
3, ,60, ,
2, ,60, ,
1, ,58, ,
3, ,59, ,
2, ,60, ,
2, ,59, ,
2, ,59, ,
2, ,60, ,
1, ,58, ,
3, ,60, ,
2, ,60, ,
1, ,59, ,
2, ,59, ,
2, ,60, ,
1, ,58, ,
3, ,59, ,
1, ,60, ,
2, ,59, ,
2, ,59, ,
2, ,60, ,
1, ,58, ,
3, ,60, ,
2, ,60, ,
2, ,59, ,
2, ,59, ,
2, ,60, ,
1, ,58, ,
3, ,59, ,
2, ,60, ,
2, ,59, ,
2, ,59, ,
2, ,60, ,
1, ,59, ,
3, ,59, ,
2, ,60, ,
1, ,59, ,
2, ,59, ,
2, ,60, ,
1, ,58, ,
3, ,59, ,
1, ,60, ,
2, ,59, ,
2, ,59, ,
2, ,60, ,
1, ,58, ,
3, ,59, ,
2, ,60, ,
2, ,59, ,
2, ,59, ,
2, ,60, ,
1, ,58, ,
3, ,59, ,
1, ,60, ,
1, ,59, ,
3, ,59, ,
2, ,60, ,
1, ,59, ,
3, ,60, ,
1, ,60, ,
2, ,59, ,
2, ,59, ,
2, ,60, ,
1, ,58, ,
3, ,59, ,
1, ,60, ,
2, ,59, ,
3, ,59, ,
2, ,60, ,
1, ,58, ,
3, ,59, ,
1, ,60, ,
2, ,59, ,
2, ,59, ,
2, ,60, ,
1, ,58, ,
3, ,59, ,
1, ,60, ,
2, ,58, ,
2, ,59, ,
2, ,60, ,
1, ,58, ,
3, ,60, ,
1, ,60, ,
1, ,59, ,
2, ,59, ,
2, ,60, ,
1, ,58, ,
3, ,59, ,
1, ,60, ,
1, ,59, ,
2, ,59, ,
2, ,60, ,
1, ,58, ,
3, ,59, ,
1, ,60, ,
2, ,59, ,
2, ,59, ,
2, ,60, ,
1, ,58, ,
3, ,59, ,
1, ,60, ,
2, ,58, ,
2, ,59, ,
2, ,60, ,
1, ,58, ,
2, ,59, ,
1, ,59, ,
2, ,42, ,
2, ,23, ,
1, ,8, ,
1, ,-3, ,
2, ,-11, ,
1, ,-17, ,
1, ,-21, ,
2, ,-24, ,
2, ,-27, ,
1, ,-28, ,
2, ,-31, ,
1, ,-32, ,
1, ,-33, ,
2, ,-33, ,
2, ,-34, ,
1, ,-33, ,
2, ,-34, ,
2, ,-34, ,
2, ,-34, ,
2, ,-35, ,
2, ,-35, ,
1, ,-34, ,
2, ,-34, ,
1, ,-35, ,
1, ,-34, ,
2, ,-34, ,
2, ,-35, ,
1, ,-34, ,
2, ,-34, ,
1, ,-34, ,
2, ,-34, ,
2, ,-34, ,
2, ,-35, ,
1, ,-34, ,
2, ,-34, ,
1, ,-35, ,
1, ,-34, ,
2, ,-34, ,
2, ,-34, ,
1, ,-34, ,
3, ,-34, ,
1, ,-34, ,
1, ,-34, ,
2, ,-34, ,
2, ,-34, ,
1, ,-34, ,
2, ,-34, ,
1, ,-34, ,
1, ,-34, ,
2, ,-34, ,
2, ,-34, ,
1, ,-34, ,
2, ,-34, ,
1, ,-34, ,
1, ,-34, ,
2, ,-34, ,
2, ,-34, ,
1, ,-34, ,
2, ,-34, ,
2, ,-34, ,
1, ,-34, ,
2, ,-34, ,
2, ,-34, ,
1, ,-33, ,
2, ,-34, ,
1, ,-34, ,
2, ,-34, ,
2, ,-34, ,
1, ,-34, ,
-1, ,-34, ,
2, ,-34, ,
1, ,-34, ,
1, ,-34, ,
2, ,-34, ,
1, ,-34, ,
1, ,-33, ,
2, ,-34, ,
1, ,-34, ,
1, ,-34, ,
2, ,-34, ,
2, ,-34, ,
1, ,-33, ,
2, ,-34, ,
1, ,-34, ,
1, ,-34, ,
2, ,-34, ,
2, ,-34, ,
1, ,-34, ,
2, ,-34, ,
1, ,-34, ,
2, ,-34, ,
2, ,-34, ,
1, ,-34, ,
1, ,-33, ,
2, ,-34, ,
1, ,-34, ,
1, ,-34, ,
2, ,-34, ,
2, ,-34, ,
1, ,-33, ,
2, ,-34, ,
1, ,-34, ,
1, ,-34, ,
2, ,-34, ,
2, ,-34, ,
1, ,-33, ,
2, ,-34, ,
1, ,-34, ,
2, ,-34, ,
2, ,-34, ,
1, ,-34, ,
1, ,-34, ,
2, ,-34, ,
1, ,-34, ,
1, ,-33, ,
2, ,-34, ,
2, ,-34, ,
1, ,-34, ,
2, ,-34, ,
1, ,-34, ,
1, ,-34, ,
2, ,-34, ,
2, ,-34, ,
1, ,-33, ,
2, ,-33, ,
1, ,-34, ,
1, ,-34, ,
2, ,-34, ,
2, ,-34, ,
1, ,-33, ,
2, ,-34, ,
1, ,-34, ,
1, ,-34, ,
2, ,-34, ,
2, ,-34, ,
1, ,-33, ,
2, ,-34, ,
1, ,-34, ,
1, ,-34, ,
2, ,-34, ,
1, ,-34, ,
1, ,-33, ,
2, ,-34, ,
1, ,-34, ,
1, ,-34, ,
2, ,-34, ,
2, ,-34, ,
1, ,-33, ,
2, ,-33, ,
1, ,-34, ,
1, ,-34, ,
2, ,-34, ,
2, ,-34, ,
1, ,-33, ,
2, ,-34, ,
1, ,-34, ,
1, ,-34, ,
2, ,-34, ,
1, ,-34, ,
1, ,-33, ,
2, ,-34, ,
1, ,-34, ,
1, ,-34, ,
2, ,-34, ,
1, ,-34, ,
1, ,-33, ,
2, ,-33, ,
1, ,-34, ,
1, ,-34, ,
2, ,-34, ,
2, ,-34, ,
1, ,-33, ,
2, ,-33, ,
1, ,-34, ,
1, ,-34, ,
2, ,-34, ,
1, ,-34, ,
-1, ,-33, ,
2, ,-34, ,
1, ,-34, ,
1, ,-34, ,
2, ,-34, ,
1, ,-34, ,
1, ,-33, ,
2, ,-33, ,
1, ,-33, ,
1, ,-34, ,
2, ,-34, ,
1, ,-34, ,
1, ,-33, ,
2, ,-34, ,
1, ,-34, ,
1, ,-34, ,
2, ,-34, ,
2, ,-34, ,
1, ,-34, ,
2, ,-34, ,
1, ,-34, ,
1, ,-34, ,
2, ,-34, ,
1, ,-34, ,
-1, ,-33, ,
2, ,-34, ,
1, ,-34, ,
1, ,-34, ,
2, ,-34, ,
2, ,-34, ,
1, ,-34, ,
2, ,-33, ,
1, ,-34, ,
1, ,-34, ,
2, ,-34, ,
1, ,-34, ,
-1, ,-33, ,
2, ,-34, ,
1, ,-34, ,
1, ,-34, ,
2, ,-34, ,
1, ,-34, ,
1, ,-34, ,
2, ,-33, ,
1, ,-34, ,
1, ,-34, ,
2, ,-34, ,
1, ,-34, ,
-1, ,-33, ,
2, ,-34, ,
1, ,-34, ,
1, ,-34, ,
2, ,-34, ,
1, ,-34, ,
1, ,-33, ,
2, ,-34, ,
1, ,-34, ,
1, ,-34, ,
2, ,-34, ,
1, ,-34, ,
-1, ,-33, ,
2, ,-34, ,
1, ,-34, ,
1, ,-34, ,
2, ,-34, ,
1, ,-34, ,
1, ,-33, ,
2, ,-34, ,
1, ,-34, ,
1, ,-34, ,
2, ,-34, ,
1, ,-34, ,
-1, ,-33, ,
2, ,-33, ,
1, ,-34, ,
1, ,-34, ,
2, ,-34, ,
1, ,-34, ,
1, ,-34, ,
2, ,-34, ,
1, ,-34, ,
1, ,-34, ,
2, ,-34, ,
1, ,-34, ,
-1, ,-33, ,
2, ,-34, ,
1, ,-34, ,
1, ,-34, ,
2, ,-34, ,
1, ,-34, ,
1, ,-34, ,
2, ,-33, ,
1, ,-34, ,
1, ,-34, ,
2, ,-34, ,
1, ,-34, ,
-1, ,-33, ,
1, ,-33, ,
1, ,-34, ,
1, ,-34, ,
2, ,-34, ,
1, ,-34, ,
-1, ,-33, ,
2, ,-34, ,
1, ,-34, ,
1, ,-34, ,
2, ,-34, ,
1, ,-34, ,
-1, ,-33, ,
2, ,-34, ,
1, ,-34, ,
1, ,-34, ,
1, ,-34, ,
1, ,-34, ,
-1, ,-34, ,
2, ,-33, ,
1, ,-34, ,
1, ,-34, ,
2, ,-34, ,
1, ,-34, ,
-1, ,-34, ,
1, ,-34, ,
-1, ,-34, ,
1, ,-34, ,
2, ,-34, ,
2, ,-34, ,
1, ,-34, ,
2, ,-34, ,
1, ,-34, ,
1, ,-34, ,
1, ,-34, ,
1, ,-34, ,
1, ,-34, ,
1, ,-34, ,
1, ,-34, ,
1, ,-34, ,
1, ,-34, ,
1, ,-34, ,
1, ,-33, ,
2, ,-34, ,
1, ,-34, ,
1, ,-34, ,
2, ,-34, ,
1, ,-34, ,
-1, ,-33, ,
2, ,-33, ,
1, ,-34, ,
1, ,-34, ,
1, ,-34, ,
1, ,-34, ,
-1, ,-34, ,
2, ,-34, ,
1, ,-34, ,
1, ,-34, ,
1, ,-34, ,
1, ,-34, ,
-1, ,-34, ,
1, ,-34, ,
1, ,-34, ,
1, ,-34, ,
1, ,-34, ,
1, ,-34, ,
-1, ,-33, ,
1, ,-33, ,
1, ,-33, ,
1, ,-34, ,
2, ,-34, ,
2, ,-34, ,
-1, ,-34, ,
2, ,-34, ,
1, ,-34, ,
1, ,-34, ,
2, ,-34, ,
1, ,-34, ,
-1, ,-33, ,
2, ,-34, ,
1, ,-33, ,
1, ,-34, ,
2, ,-34, ,
1, ,-34, ,
-1, ,-34, ,
2, ,-34, ,
1, ,-34, ,
1, ,-34, ,
1, ,-34, ,
1, ,-34, ,
-1, ,-34, ,
2, ,-34, ,
1, ,-34, ,
1, ,-34, ,
2, ,-34, ,
1, ,-34, ,
-1, ,-33, ,
2, ,-34, ,
1, ,-34, ,
1, ,-34, ,
2, ,-34, ,
1, ,-34, ,
-1, ,-33, ,
2, ,-33, ,
1, ,-34, ,
1, ,-34, ,
2, ,-34, ,
1, ,-34, ,
-1, ,-34, ,
2, ,-34, ,
1, ,-34, ,
1, ,-34, ,
1, ,-34, ,
1, ,-34, ,
-1, ,-34, ,
2, ,-34, ,
1, ,-34, ,
1, ,-34, ,
1, ,-34, ,
1, ,-34, ,
-1, ,-33, ,
2, ,-34, ,
1, ,-34, ,
1, ,-34, ,
2, ,-34, ,
1, ,-34, ,
-1, ,-34, ,
2, ,-34, ,
1, ,-34, ,
1, ,-34, ,
1, ,-34, ,
1, ,-34, ,
-1, ,-34, ,
1, ,-34, ,
1, ,-34, ,
1, ,-34, ,
1, ,-34, ,
1, ,-34, ,
-1, ,-34, ,
2, ,-34, ,
1, ,-34, ,
1, ,-34, ,
2, ,-34, ,
1, ,-34, ,
-1, ,-33, ,
2, ,-34, ,
1, ,-34, ,
1, ,-34, ,
1, ,-34, ,
1, ,-34, ,
1, ,-34, ,
2, ,-33, ,
-1, ,-34, ,
1, ,-33, ,
2, ,-34, ,
1, ,-34, ,
-1, ,-34, ,
1, ,-34, ,
1, ,-34, ,
-1, ,-34, ,
1, ,-34, ,
1, ,-34, ,
-1, ,-34, ,
2, ,-34, ,
-1, ,-34, ,
1, ,-34, ,
1, ,-33, ,
1, ,-34, ,
-1, ,-33, ,
1, ,-34, ,
-1, ,-34, ,
-1, ,-34, ,
1, ,-34, ,
1, ,-34, ,
-1, ,-33, ,
2, ,-34, ,
-1, ,-34, ,
-1, ,-34, ,
1, ,-34, ,
1, ,-34, ,
-1, ,-34, ,
1, ,-33, ,
-1, ,-34, ,
-1, ,-34, ,
1, ,-34, ,
1, ,-34, ,
-1, ,-33, ,
2, ,-33, ,
-1, ,-34, ,
-1, ,-34, ,
1, ,-34, ,
1, ,-34, ,
-1, ,-33, ,
1, ,-34, ,
-1, ,-34, ,
-1, ,-33, ,
1, ,-34, ,
1, ,-34, ,
-1, ,-34, ,
1, ,-34, ,
-1, ,-34, ,
-1, ,-34, ,
1, ,-34, ,
1, ,-34, ,
-1, ,-34, ,
1, ,-34, ,
1, ,-34, ,
1, ,-34, ,
1, ,-33, ,
1, ,-34, ,
-1, ,-34, ,
1, ,-34, ,
1, ,-34, ,
1, ,-34, ,
1, ,-34, ,
1, ,-34, ,
-1, ,-34, ,
1, ,-34, ,
1, ,-34, ,
1, ,-34, ,
1, ,-34, ,
1, ,-34, ,
-1, ,-34, ,
1, ,-34, ,
1, ,-34, ,
1, ,-34, ,
1, ,-34, ,
1, ,-34, ,
-1, ,-34, ,
2, ,-34, ,
1, ,-34, ,
1, ,-34, ,
1, ,-34, ,
1, ,-34, ,
-1, ,-34, ,
2, ,-34, ,
1, ,-34, ,
1, ,-34, ,
1, ,-34, ,
1, ,-34, ,
-1, ,-34, ,
1, ,-33, ,
1, ,-34, ,
1, ,-34, ,
1, ,-34, ,
1, ,-34, ,
1, ,-34, ,
2, ,-34, ,
1, ,-34, ,
1, ,-34, ,
2, ,-34, ,
1, ,-34, ,
-1, ,-33, ,
1, ,-34, ,
1, ,-34, ,
1, ,-34, ,
1, ,-34, ,
1, ,-34, ,
-1, ,-34, ,
2, ,-34, ,
1, ,-34, ,
1, ,-34, ,
2, ,-34, ,
1, ,-34, ,
-1, ,-33, ,
1, ,-33, ,
1, ,-34, ,
1, ,-34, ,
1, ,-34, ,
1, ,-34, ,
-1, ,-34, ,
1, ,-34, ,
1, ,-34, ,
1, ,-34, ,
2, ,-34, ,
1, ,-34, ,
-1, ,-33, ,
1, ,-34, ,
1, ,-34, ,
1, ,-34, ,
1, ,-34, ,
1, ,-34, ,
-1, ,-34, ,
1, ,-34, ,
1, ,-34, ,
1, ,-34, ,
1, ,-34, ,
1, ,-34, ,
-1, ,-33, ,
1, ,-33, ,
-1, ,-34, ,
1, ,-34, ,
1, ,-34, ,
1, ,-34, ,
-1, ,-34, ,
2, ,-34, ,
-1, ,-34, ,
-1, ,-34, ,
1, ,-34, ,
1, ,-34, ,
-1, ,-33, ,
1, ,-34, ,
-1, ,-34, ,
-1, ,-34, ,
1, ,-34, ,
1, ,-34, ,
-1, ,-34, ,
1, ,-34, ,
-1, ,-34, ,
1, ,-34, ,
1, ,-34, ,
1, ,-34, ,
-1, ,-33, ,
1, ,-33, ,
-1, ,-34, ,
-1, ,-34, ,
1, ,-34, ,
1, ,-34, ,
-1, ,-34, ,
1, ,-34, ,
-1, ,-34, ,
-1, ,-34, ,
1, ,-34, ,
1, ,-34, ,
-1, ,-33, ,
1, ,-34, ,
1, ,-34, ,
-1, ,-34, ,
1, ,-34, ,
1, ,-34, ,
-1, ,-34, ,
2, ,-34, ,
-1, ,-34, ,
1, ,-34, ,
1, ,-34, ,
1, ,-34, ,
-1, ,-33, ,
1, ,-33, ,
-1, ,-34, ,
1, ,-34, ,
2, ,-34, ,
1, ,-34, ,
-1, ,-34, ,
1, ,-34, ,
-1, ,-34, ,
1, ,-34, ,
1, ,-34, ,
1, ,-34, ,
-1, ,-33, ,
1, ,-34, ,
-1, ,-34, ,
-1, ,-34, ,
1, ,-34, ,
1, ,-31, ,
1, ,-13, ,
2, ,6, ,
1, ,20, ,
1, ,30, ,
2, ,38, ,
2, ,43, ,
-1, ,46, ,
1, ,51, ,
1, ,54, ,
1, ,55, ,
1, ,56, ,
1, ,58, ,
-1, ,57, ,
2, ,59, ,
-1, ,59, ,
1, ,59, ,
1, ,59, ,
1, ,60, ,
-1, ,58, ,
2, ,60, ,
1, ,60, ,
-1, ,59, ,
1, ,60, ,
1, ,61, ,
-1, ,60, ,
2, ,60, ,
-1, ,61, ,
-1, ,59, ,
2, ,59, ,
1, ,60, ,
-1, ,59, ,
2, ,59, ,
-1, ,60, ,
-1, ,59, ,
1, ,59, ,
1, ,60, ,
-1, ,59, ,
2, ,60, ,
-1, ,60, ,
1, ,59, ,
1, ,59, ,
1, ,60, ,
-1, ,59, ,
2, ,60, ,
-1, ,60, ,
-1, ,59, ,
1, ,59, ,
1, ,60, ,
-1, ,59, ,
1, ,59, ,
-1, ,60, ,
-1, ,59, ,
1, ,59, ,
1, ,60, ,
-1, ,58, ,
2, ,59, ,
-1, ,60, ,
-1, ,59, ,
1, ,59, ,
1, ,61, ,
-1, ,59, ,
2, ,60, ,
-1, ,60, ,
-1, ,59, ,
1, ,59, ,
1, ,60, ,
-1, ,58, ,
2, ,59, ,
-1, ,60, ,
-1, ,58, ,
1, ,59, ,
1, ,60, ,
-1, ,59, ,
1, ,59, ,
-1, ,60, ,
-1, ,59, ,
1, ,59, ,
1, ,60, ,
-1, ,58, ,
1, ,59, ,
-1, ,60, ,
80, ,59, ,
49, ,59, ,
31, ,60, ,
18, ,58, ,
13, ,60, ,
8, ,60, ,
6, ,58, ,
5, ,59, ,
3, ,60, ,
2, ,58, ,
3, ,59, ,
2, ,60, ,
2, ,58, ,
3, ,59, ,
2, ,60, ,
1, ,58, ,
3, ,60, ,
2, ,60, ,
2, ,59, ,
3, ,59, ,
2, ,60, ,
1, ,58, ,
3, ,59, ,
2, ,60, ,
2, ,59, ,
3, ,59, ,
2, ,60, ,
1, ,58, ,
3, ,59, ,
2, ,60, ,
2, ,58, ,
3, ,58, ,
2, ,60, ,
1, ,58, ,
3, ,59, ,
1, ,60, ,
2, ,59, ,
3, ,59, ,
2, ,60, ,
1, ,59, ,
3, ,59, ,
2, ,60, ,
2, ,59, ,
3, ,59, ,
2, ,60, ,
1, ,58, ,
3, ,59, ,
2, ,60, ,
2, ,59, ,
3, ,59, ,
2, ,60, ,
1, ,58, ,
3, ,59, ,
2, ,60, ,
2, ,59, ,
3, ,59, ,
2, ,60, ,
1, ,58, ,
3, ,59, ,
2, ,59, ,
1, ,59, ,
3, ,59, ,
2, ,60, ,
1, ,58, ,
3, ,59, ,
1, ,60, ,
1, ,59, ,
3, ,59, ,
2, ,60, ,
1, ,58, ,
3, ,59, ,
2, ,60, ,
2, ,58, ,
2, ,47, ,
2, ,27, ,
1, ,12, ,
2, ,0, ,
1, ,-8, ,
1, ,-16, ,
2, ,-20, ,
2, ,-24, ,
1, ,-26, ,
3, ,-28, ,
2, ,-31, ,
2, ,-31, ,
2, ,-32, ,
2, ,-33, ,
1, ,-33, ,
3, ,-34, ,
2, ,-34, ,
2, ,-34, ,
2, ,-34, ,
2, ,-35, ,
1, ,-34, ,
2, ,-34, ,
2, ,-35, ,
2, ,-34, ,
2, ,-34, ,
2, ,-35, ,
1, ,-34, ,
2, ,-34, ,
2, ,-34, ,
2, ,-34, ,
2, ,-34, ,
2, ,-35, ,
1, ,-34, ,
2, ,-34, ,
2, ,-35, ,
1, ,-34, ,
2, ,-34, ,
2, ,-34, ,
1, ,-34, ,
2, ,-34, ,
2, ,-34, ,
2, ,-34, ,
2, ,-34, ,
2, ,-34, ,
1, ,-33, ,
2, ,-34, ,
1, ,-34, ,
1, ,-34, ,
2, ,-34, ,
2, ,-34, ,
1, ,-34, ,
2, ,-34, ,
1, ,-34, ,
2, ,-34, ,
2, ,-34, ,
2, ,-34, ,
1, ,-33, ,
2, ,-34, ,
1, ,-34, ,
2, ,-34, ,
2, ,-34, ,
2, ,-34, ,
1, ,-34, ,
2, ,-34, ,
1, ,-34, ,
2, ,-34, ,
2, ,-34, ,
2, ,-34, ,
1, ,-33, ,
2, ,-34, ,
1, ,-34, ,
1, ,-34, ,
2, ,-34, ,
2, ,-34, ,
1, ,-34, ,
2, ,-34, ,
1, ,-34, ,
2, ,-34, ,
2, ,-34, ,
2, ,-34, ,
1, ,-33, ,
2, ,-34, ,
1, ,-34, ,
1, ,-34, ,
2, ,-34, ,
2, ,-34, ,
1, ,-34, ,
2, ,-34, ,
1, ,-34, ,
2, ,-34, ,
2, ,-34, ,
2, ,-34, ,
1, ,-33, ,
2, ,-34, ,
1, ,-34, ,
2, ,-34, ,
2, ,-34, ,
2, ,-34, ,
1, ,-34, ,
2, ,-34, ,
1, ,-34, ,
1, ,-34, ,
3, ,-34, ,
2, ,-34, ,
1, ,-33, ,
2, ,-34, ,
1, ,-34, ,
2, ,-34, ,
2, ,-34, ,
2, ,-34, ,
1, ,-34, ,
2, ,-34, ,
1, ,-34, ,
2, ,-34, ,
2, ,-34, ,
2, ,-34, ,
1, ,-33, ,
2, ,-34, ,
1, ,-34, ,
1, ,-34, ,
2, ,-34, ,
2, ,-34, ,
1, ,-34, ,
2, ,-34, ,
1, ,-34, ,
1, ,-34, ,
2, ,-34, ,
2, ,-34, ,
1, ,-33, ,
2, ,-34, ,
1, ,-34, ,
2, ,-34, ,
2, ,-34, ,
2, ,-34, ,
1, ,-34, ,
2, ,-34, ,
1, ,-34, ,
1, ,-34, ,
2, ,-34, ,
2, ,-34, ,
1, ,-33, ,
2, ,-34, ,
1, ,-34, ,
1, ,-34, ,
2, ,-34, ,
2, ,-34, ,
1, ,-34, ,
2, ,-34, ,
1, ,-34, ,
1, ,-34, ,
2, ,-34, ,
2, ,-34, ,
1, ,-33, ,
2, ,-33, ,
2, ,-34, ,
1, ,-34, ,
2, ,-34, ,
2, ,-34, ,
1, ,-34, ,
2, ,-34, ,
1, ,-34, ,
1, ,-34, ,
2, ,-34, ,
2, ,-34, ,
1, ,-33, ,
2, ,-33, ,
1, ,-34, ,
1, ,-34, ,
2, ,-34, ,
2, ,-34, ,
1, ,-34, ,
2, ,-34, ,
1, ,-34, ,
1, ,-34, ,
2, ,-34, ,
2, ,-34, ,
1, ,-33, ,
2, ,-33, ,
1, ,-34, ,
1, ,-34, ,
2, ,-34, ,
2, ,-34, ,
1, ,-34, ,
2, ,-34, ,
1, ,-34, ,
1, ,-34, ,
2, ,-34, ,
1, ,-34, ,
1, ,-33, ,
2, ,-34, ,
1, ,-34, ,
1, ,-34, ,
2, ,-34, ,
1, ,-34, ,
1, ,-34, ,
2, ,-34, ,
1, ,-34, ,
1, ,-34, ,
2, ,-34, ,
1, ,-34, ,
1, ,-33, ,
2, ,-33, ,
1, ,-34, ,
1, ,-34, ,
2, ,-34, ,
2, ,-34, ,
1, ,-34, ,
2, ,-34, ,
1, ,-34, ,
1, ,-34, ,
2, ,-34, ,
2, ,-34, ,
1, ,-33, ,
2, ,-33, ,
1, ,-34, ,
1, ,-34, ,
2, ,-34, ,
2, ,-34, ,
1, ,-34, ,
2, ,-34, ,
1, ,-34, ,
1, ,-33, ,
2, ,-34, ,
1, ,-34, ,
1, ,-33, ,
2, ,-34, ,
1, ,-34, ,
1, ,-34, ,
2, ,-34, ,
2, ,-34, ,
1, ,-33, ,
2, ,-34, ,
1, ,-34, ,
1, ,-34, ,
2, ,-34, ,
2, ,-34, ,
1, ,-33, ,
2, ,-33, ,
1, ,-34, ,
1, ,-34, ,
2, ,-34, ,
2, ,-34, ,
1, ,-34, ,
2, ,-34, ,
1, ,-34, ,
1, ,-33, ,
2, ,-34, ,
1, ,-34, ,
1, ,-33, ,
2, ,-34, ,
1, ,-34, ,
1, ,-34, ,
2, ,-34, ,
2, ,-34, ,
1, ,-34, ,
2, ,-34, ,
1, ,-34, ,
2, ,-34, ,
2, ,-34, ,
1, ,-34, ,
1, ,-33, ,
2, ,-34, ,
1, ,-34, ,
1, ,-34, ,
2, ,-34, ,
1, ,-34, ,
1, ,-34, ,
1, ,-33, ,
1, ,-34, ,
1, ,-34, ,
2, ,-34, ,
1, ,-34, ,
1, ,-33, ,
2, ,-34, ,
1, ,-34, ,
1, ,-34, ,
2, ,-34, ,
2, ,-34, ,
1, ,-34, ,
2, ,-34, ,
1, ,-34, ,
1, ,-34, ,
2, ,-34, ,
2, ,-34, ,
1, ,-33, ,
2, ,-34, ,
1, ,-34, ,
1, ,-34, ,
2, ,-34, ,
1, ,-34, ,
1, ,-34, ,
2, ,-34, ,
1, ,-34, ,
1, ,-34, ,
2, ,-34, ,
1, ,-34, ,
1, ,-33, ,
1, ,-34, ,
1, ,-34, ,
1, ,-34, ,
2, ,-34, ,
1, ,-34, ,
-1, ,-34, ,
1, ,-34, ,
1, ,-34, ,
1, ,-34, ,
1, ,-34, ,
1, ,-34, ,
-1, ,-33, ,
2, ,-33, ,
1, ,-34, ,
1, ,-34, ,
2, ,-34, ,
2, ,-34, ,
1, ,-34, ,
2, ,-34, ,
1, ,-34, ,
1, ,-34, ,
2, ,-34, ,
1, ,-34, ,
-1, ,-33, ,
2, ,-33, ,
1, ,-34, ,
1, ,-34, ,
2, ,-34, ,
1, ,-34, ,
-1, ,-34, ,
2, ,-34, ,
1, ,-34, ,
1, ,-34, ,
2, ,-34, ,
1, ,-34, ,
1, ,-33, ,
2, ,-33, ,
1, ,-34, ,
1, ,-34, ,
2, ,-34, ,
1, ,-34, ,
-1, ,-34, ,
1, ,-34, ,
1, ,-34, ,
1, ,-33, ,
2, ,-34, ,
1, ,-34, ,
-1, ,-34, ,
2, ,-34, ,
1, ,-34, ,
1, ,-34, ,
2, ,-34, ,
1, ,-34, ,
1, ,-34, ,
2, ,-33, ,
1, ,-34, ,
1, ,-34, ,
2, ,-34, ,
1, ,-34, ,
-1, ,-33, ,
1, ,-34, ,
1, ,-34, ,
1, ,-34, ,
2, ,-34, ,
1, ,-34, ,
-1, ,-34, ,
2, ,-34, ,
1, ,-34, ,
1, ,-34, ,
2, ,-34, ,
1, ,-34, ,
-1, ,-33, ,
2, ,-33, ,
1, ,-34, ,
1, ,-34, ,
1, ,-34, ,
1, ,-34, ,
-1, ,-34, ,
2, ,-34, ,
1, ,-34, ,
1, ,-34, ,
2, ,-34, ,
1, ,-34, ,
-1, ,-33, ,
2, ,-34, ,
1, ,-34, ,
1, ,-34, ,
2, ,-34, ,
1, ,-34, ,
-1, ,-33, ,
2, ,-34, ,
1, ,-34, ,
1, ,-34, ,
2, ,-34, ,
1, ,-34, ,
-1, ,-33, ,
1, ,-33, ,
1, ,-34, ,
1, ,-34, ,
1, ,-34, ,
1, ,-34, ,
-1, ,-34, ,
2, ,-34, ,
1, ,-34, ,
1, ,-34, ,
2, ,-34, ,
2, ,-34, ,
-1, ,-34, ,
2, ,-33, ,
1, ,-34, ,
1, ,-34, ,
2, ,-34, ,
1, ,-34, ,
-1, ,-34, ,
2, ,-34, ,
1, ,-34, ,
1, ,-34, ,
1, ,-34, ,
1, ,-34, ,
-1, ,-33, ,
2, ,-34, ,
1, ,-34, ,
1, ,-34, ,
1, ,-34, ,
1, ,-34, ,
-1, ,-34, ,
1, ,-34, ,
1, ,-34, ,
1, ,-34, ,
2, ,-34, ,
1, ,-34, ,
-1, ,-33, ,
1, ,-34, ,
1, ,-34, ,
1, ,-34, ,
2, ,-34, ,
1, ,-34, ,
-1, ,-34, ,
2, ,-34, ,
1, ,-34, ,
1, ,-34, ,
2, ,-34, ,
1, ,-34, ,
-1, ,-33, ,
1, ,-34, ,
1, ,-34, ,
1, ,-34, ,
1, ,-34, ,
1, ,-34, ,
-1, ,-34, ,
2, ,-34, ,
1, ,-34, ,
1, ,-34, ,
1, ,-34, ,
1, ,-34, ,
-1, ,-33, ,
2, ,-34, ,
1, ,-34, ,
1, ,-34, ,
1, ,-34, ,
1, ,-34, ,
-1, ,-34, ,
2, ,-34, ,
1, ,-34, ,
2, ,-34, ,
2, ,-34, ,
1, ,-34, ,
-1, ,-33, ,
1, ,-34, ,
1, ,-34, ,
1, ,-34, ,
1, ,-34, ,
1, ,-34, ,
-1, ,-34, ,
1, ,-34, ,
1, ,-34, ,
1, ,-34, ,
2, ,-34, ,
2, ,-34, ,
-1, ,-33, ,
1, ,-34, ,
1, ,-34, ,
1, ,-34, ,
1, ,-34, ,
1, ,-34, ,
-1, ,-34, ,
1, ,-34, ,
-1, ,-34, ,
1, ,-34, ,
1, ,-34, ,
1, ,-34, ,
-1, ,-33, ,
2, ,-34, ,
1, ,-34, ,
-1, ,-34, ,
1, ,-34, ,
1, ,-34, ,
-1, ,-34, ,
1, ,-34, ,
1, ,-34, ,
1, ,-34, ,
1, ,-34, ,
1, ,-34, ,
-1, ,-33, ,
1, ,-33, ,
1, ,-34, ,
1, ,-34, ,
2, ,-34, ,
2, ,-34, ,
-1, ,-34, ,
2, ,-33, ,
1, ,-34, ,
1, ,-34, ,
1, ,-34, ,
1, ,-34, ,
-1, ,-33, ,
1, ,-34, ,
1, ,-34, ,
1, ,-34, ,
2, ,-34, ,
1, ,-34, ,
-1, ,-34, ,
2, ,-34, ,
1, ,-34, ,
1, ,-34, ,
2, ,-34, ,
1, ,-34, ,
-1, ,-33, ,
2, ,-33, ,
1, ,-34, ,
1, ,-34, ,
2, ,-34, ,
1, ,-34, ,
-1, ,-34, ,
1, ,-34, ,
1, ,-34, ,
1, ,-34, ,
1, ,-34, ,
1, ,-34, ,
-1, ,-33, ,
2, ,-33, ,
1, ,-34, ,
1, ,-34, ,
1, ,-34, ,
1, ,-34, ,
-1, ,-34, ,
1, ,-34, ,
-1, ,-34, ,
1, ,-34, ,
2, ,-34, ,
1, ,-34, ,
-1, ,-33, ,
2, ,-34, ,
1, ,-34, ,
-1, ,-34, ,
1, ,-34, ,
1, ,-34, ,
-1, ,-34, ,
1, ,-34, ,
1, ,-34, ,
1, ,-34, ,
1, ,-34, ,
1, ,-34, ,
-1, ,-33, ,
1, ,-33, ,
1, ,-34, ,
1, ,-34, ,
1, ,-34, ,
1, ,-34, ,
-1, ,-34, ,
2, ,-34, ,
1, ,-34, ,
1, ,-34, ,
1, ,-34, ,
1, ,-34, ,
-1, ,-33, ,
2, ,-34, ,
1, ,-34, ,
1, ,-34, ,
1, ,-34, ,
1, ,-34, ,
-1, ,-34, ,
1, ,-34, ,
1, ,-34, ,
-1, ,-34, ,
2, ,-34, ,
1, ,-34, ,
-1, ,-33, ,
1, ,-34, ,
1, ,-34, ,
1, ,-34, ,
1, ,-34, ,
1, ,-34, ,
-1, ,-34, ,
1, ,-34, ,
-1, ,-34, ,
1, ,-34, ,
2, ,-33, ,
1, ,-34, ,
-1, ,-33, ,
1, ,-34, ,
1, ,-34, ,
-1, ,-34, ,
1, ,-34, ,
1, ,-34, ,
-1, ,-34, ,
1, ,-34, ,
-1, ,-34, ,
1, ,-34, ,
1, ,-34, ,
1, ,-34, ,
-1, ,-33, ,
1, ,-34, ,
-1, ,-34, ,
-1, ,-34, ,
1, ,-34, ,
1, ,-34, ,
-1, ,-34, ,
1, ,-34, ,
-1, ,-34, ,
-1, ,-34, ,
1, ,-34, ,
1, ,-34, ,
-1, ,-33, ,
1, ,-34, ,
1, ,-34, ,
-1, ,-34, ,
1, ,-34, ,
1, ,-34, ,
-1, ,-33, ,
2, ,-19, ,
1, ,1, ,
1, ,16, ,
1, ,26, ,
1, ,36, ,
-1, ,41, ,
1, ,46, ,
-1, ,51, ,
1, ,52, ,
1, ,54, ,
1, ,57, ,
-1, ,56, ,
2, ,58, ,
-1, ,59, ,
1, ,58, ,
1, ,59, ,
1, ,60, ,
-1, ,58, ,
1, ,59, ,
-1, ,60, ,
-1, ,59, ,
1, ,60, ,
1, ,61, ,
-1, ,59, ,
2, ,60, ,
-1, ,61, ,
-1, ,59, ,
1, ,60, ,
1, ,60, ,
-1, ,58, ,
2, ,60, ,
1, ,60, ,
1, ,59, ,
1, ,59, ,
1, ,61, ,
-1, ,59, ,
2, ,60, ,
-1, ,60, ,
1, ,59, ,
2, ,59, ,
1, ,60, ,
-1, ,58, ,
2, ,59, ,
-1, ,60, ,
-1, ,59, ,
1, ,59, ,
1, ,60, ,
-1, ,59, ,
2, ,59, ,
-1, ,60, ,
-1, ,59, ,
1, ,59, ,
1, ,60, ,
-1, ,58, ,
2, ,59, ,
73, ,60, ,
62, ,59, ,
38, ,59, ,
24, ,60, ,
15, ,59, ,
12, ,60, ,
7, ,60, ,
6, ,59, ,
5, ,59, ,
3, ,60, ,
2, ,59, ,
3, ,60, ,
2, ,60, ,
2, ,59, ,
3, ,59, ,
3, ,60, ,
1, ,59, ,
3, ,59, ,
2, ,60, ,
2, ,59, ,
3, ,59, ,
2, ,60, ,
1, ,59, ,
3, ,59, ,
2, ,60, ,
2, ,59, ,
3, ,59, ,
2, ,60, ,
1, ,58, ,
3, ,59, ,
2, ,60, ,
2, ,58, ,
3, ,59, ,
2, ,60, ,
1, ,58, ,
3, ,59, ,
2, ,60, ,
2, ,58, ,
2, ,59, ,
2, ,60, ,
1, ,59, ,
3, ,59, ,
2, ,60, ,
1, ,58, ,
2, ,59, ,
2, ,60, ,
1, ,58, ,
3, ,59, ,
1, ,60, ,
1, ,59, ,
3, ,59, ,
2, ,60, ,
1, ,59, ,
3, ,59, ,
2, ,60, ,
2, ,59, ,
2, ,59, ,
2, ,60, ,
1, ,58, ,
3, ,59, ,
10, ,60, ,
11, ,59, ,
10, ,59, ,
7, ,60, ,
5, ,58, ,
6, ,59, ,
3, ,60, ,
3, ,58, ,
5, ,59, ,
3, ,60, ,
2, ,58, ,
5, ,59, ,
2, ,60, ,
2, ,59, ,
3, ,59, ,
2, ,60, ,
1, ,58, ,
3, ,59, ,
2, ,60, ,
2, ,59, ,
3, ,59, ,
2, ,60, ,
1, ,58, ,
3, ,59, ,
2, ,60, ,
2, ,58, ,
3, ,59, ,
2, ,60, ,
1, ,58, ,
3, ,59, ,
2, ,60, ,
2, ,58, ,
3, ,59, ,
2, ,60, ,
1, ,58, ,
3, ,59, ,
2, ,60, ,
2, ,59, ,
3, ,59, ,
2, ,54, ,
1, ,33, ,
2, ,16, ,
2, ,3, ,
2, ,-6, ,
2, ,-14, ,
2, ,-19, ,
1, ,-22, ,
3, ,-25, ,
2, ,-28, ,
2, ,-30, ,
2, ,-31, ,
3, ,-32, ,
1, ,-33, ,
3, ,-33, ,
2, ,-33, ,
2, ,-34, ,
3, ,-34, ,
2, ,-34, ,
1, ,-34, ,
2, ,-34, ,
2, ,-34, ,
2, ,-35, ,
3, ,-34, ,
3, ,-35, ,
2, ,-34, ,
3, ,-34, ,
2, ,-34, ,
2, ,-34, ,
2, ,-34, ,
2, ,-34, ,
1, ,-34, ,
3, ,-34, ,
2, ,-35, ,
1, ,-34, ,
2, ,-34, ,
2, ,-34, ,
1, ,-34, ,
3, ,-34, ,
2, ,-34, ,
2, ,-34, ,
3, ,-34, ,
2, ,-34, ,
1, ,-34, ,
2, ,-34, ,
2, ,-34, ,
2, ,-34, ,
2, ,-34, ,
2, ,-34, ,
1, ,-34, ,
2, ,-34, ,
2, ,-34, ,
2, ,-34, ,
2, ,-34, ,
2, ,-34, ,
1, ,-33, ,
2, ,-34, ,
2, ,-34, ,
2, ,-34, ,
2, ,-34, ,
2, ,-34, ,
1, ,-34, ,
3, ,-34, ,
2, ,-34, ,
1, ,-34, ,
3, ,-34, ,
2, ,-34, ,
1, ,-33, ,
2, ,-34, ,
2, ,-34, ,
1, ,-34, ,
2, ,-34, ,
2, ,-34, ,
1, ,-34, ,
2, ,-34, ,
1, ,-34, ,
2, ,-34, ,
2, ,-34, ,
2, ,-34, ,
1, ,-33, ,
2, ,-34, ,
1, ,-34, ,
2, ,-34, ,
2, ,-34, ,
2, ,-34, ,
1, ,-34, ,
2, ,-34, ,
1, ,-34, ,
2, ,-34, ,
2, ,-34, ,
2, ,-34, ,
1, ,-33, ,
2, ,-34, ,
2, ,-34, ,
2, ,-34, ,
2, ,-34, ,
2, ,-34, ,
1, ,-34, ,
2, ,-34, ,
1, ,-34, ,
2, ,-33, ,
2, ,-34, ,
2, ,-34, ,
1, ,-33, ,
2, ,-34, ,
1, ,-34, ,
1, ,-34, ,
2, ,-34, ,
2, ,-34, ,
1, ,-34, ,
2, ,-34, ,
2, ,-34, ,
2, ,-34, ,
2, ,-34, ,
2, ,-34, ,
1, ,-33, ,
2, ,-34, ,
2, ,-34, ,
1, ,-34, ,
2, ,-34, ,
2, ,-34, ,
1, ,-34, ,
2, ,-34, ,
1, ,-34, ,
1, ,-33, ,
2, ,-34, ,
2, ,-34, ,
1, ,-33, ,
2, ,-34, ,
2, ,-34, ,
2, ,-34, ,
2, ,-34, ,
2, ,-34, ,
1, ,-34, ,
3, ,-34, ,
1, ,-34, ,
1, ,-34, ,
2, ,-34, ,
2, ,-34, ,
1, ,-33, ,
2, ,-34, ,
1, ,-34, ,
1, ,-34, ,
2, ,-34, ,
2, ,-34, ,
1, ,-34, ,
2, ,-34, ,
1, ,-34, ,
1, ,-34, ,
2, ,-34, ,
2, ,-34, ,
1, ,-33, ,
2, ,-34, ,
2, ,-34, ,
2, ,-34, ,
2, ,-34, ,
2, ,-34, ,
1, ,-34, ,
2, ,-34, ,
1, ,-34, ,
1, ,-34, ,
2, ,-34, ,
2, ,-34, ,
1, ,-33, ,
2, ,-34, ,
2, ,-34, ,
2, ,-34, ,
2, ,-34, ,
2, ,-34, ,
1, ,-34, ,
2, ,-34, ,
1, ,-34, ,
1, ,-33, ,
2, ,-33, ,
2, ,-34, ,
1, ,-33, ,
2, ,-33, ,
2, ,-34, ,
1, ,-34, ,
2, ,-34, ,
2, ,-34, ,
1, ,-34, ,
2, ,-34, ,
1, ,-34, ,
1, ,-34, ,
2, ,-34, ,
1, ,-34, ,
1, ,-33, ,
2, ,-34, ,
1, ,-34, ,
2, ,-34, ,
2, ,-34, ,
2, ,-34, ,
1, ,-34, ,
2, ,-34, ,
1, ,-34, ,
2, ,-34, ,
2, ,-34, ,
2, ,-34, ,
1, ,-33, ,
2, ,-34, ,
1, ,-34, ,
1, ,-34, ,
2, ,-34, ,
2, ,-34, ,
1, ,-34, ,
2, ,-34, ,
1, ,-34, ,
1, ,-34, ,
2, ,-34, ,
2, ,-34, ,
1, ,-33, ,
2, ,-34, ,
1, ,-34, ,
1, ,-34, ,
2, ,-34, ,
1, ,-34, ,
1, ,-34, ,
2, ,-34, ,
1, ,-34, ,
1, ,-34, ,
2, ,-34, ,
2, ,-34, ,
1, ,-33, ,
2, ,-33, ,
1, ,-34, ,
1, ,-34, ,
2, ,-34, ,
2, ,-34, ,
1, ,-34, ,
2, ,-33, ,
1, ,-34, ,
1, ,-34, ,
2, ,-34, ,
1, ,-34, ,
1, ,-33, ,
2, ,-33, ,
1, ,-34, ,
1, ,-34, ,
2, ,-34, ,
2, ,-34, ,
1, ,-34, ,
2, ,-34, ,
1, ,-34, ,
1, ,-33, ,
2, ,-34, ,
2, ,-34, ,
1, ,-33, ,
2, ,-33, ,
1, ,-34, ,
1, ,-34, ,
2, ,-34, ,
1, ,-34, ,
1, ,-34, ,
2, ,-34, ,
1, ,-34, ,
1, ,-34, ,
2, ,-34, ,
1, ,-34, ,
1, ,-33, ,
2, ,-34, ,
1, ,-34, ,
1, ,-34, ,
2, ,-34, ,
2, ,-34, ,
1, ,-34, ,
2, ,-34, ,
1, ,-34, ,
1, ,-33, ,
2, ,-34, ,
1, ,-34, ,
1, ,-33, ,
2, ,-34, ,
1, ,-34, ,
1, ,-34, ,
2, ,-34, ,
2, ,-34, ,
1, ,-34, ,
2, ,-33, ,
1, ,-34, ,
1, ,-34, ,
2, ,-34, ,
1, ,-34, ,
1, ,-33, ,
2, ,-33, ,
1, ,-34, ,
1, ,-34, ,
2, ,-34, ,
1, ,-34, ,
1, ,-34, ,
2, ,-34, ,
1, ,-34, ,
1, ,-34, ,
2, ,-34, ,
2, ,-34, ,
1, ,-33, ,
2, ,-34, ,
1, ,-34, ,
1, ,-34, ,
2, ,-34, ,
1, ,-34, ,
1, ,-34, ,
2, ,-34, ,
1, ,-34, ,
1, ,-34, ,
2, ,-34, ,
1, ,-34, ,
1, ,-33, ,
2, ,-33, ,
1, ,-34, ,
1, ,-34, ,
1, ,-34, ,
1, ,-34, ,
1, ,-34, ,
2, ,-34, ,
1, ,-34, ,
1, ,-34, ,
2, ,-33, ,
2, ,-34, ,
1, ,-33, ,
2, ,-34, ,
1, ,-34, ,
1, ,-34, ,
1, ,-34, ,
1, ,-34, ,
-1, ,-34, ,
2, ,-34, ,
1, ,-34, ,
1, ,-34, ,
2, ,-34, ,
2, ,-34, ,
-1, ,-33, ,
2, ,-34, ,
1, ,-34, ,
1, ,-34, ,
2, ,-34, ,
1, ,-34, ,
-1, ,-34, ,
2, ,-34, ,
1, ,-34, ,
1, ,-34, ,
2, ,-34, ,
1, ,-34, ,
-1, ,-33, ,
2, ,-33, ,
1, ,-34, ,
1, ,-34, ,
2, ,-34, ,
1, ,-34, ,
-1, ,-34, ,
2, ,-34, ,
1, ,-34, ,
1, ,-34, ,
2, ,-34, ,
1, ,-34, ,
-1, ,-34, ,
2, ,-34, ,
1, ,-34, ,
1, ,-34, ,
2, ,-34, ,
1, ,-34, ,
-1, ,-34, ,
2, ,-34, ,
1, ,-34, ,
1, ,-34, ,
2, ,-34, ,
1, ,-34, ,
-1, ,-33, ,
2, ,-34, ,
1, ,-34, ,
1, ,-34, ,
2, ,-34, ,
1, ,-34, ,
-1, ,-34, ,
2, ,-34, ,
1, ,-34, ,
1, ,-34, ,
2, ,-34, ,
1, ,-34, ,
-1, ,-33, ,
2, ,-34, ,
1, ,-34, ,
1, ,-34, ,
2, ,-34, ,
1, ,-34, ,
-1, ,-34, ,
2, ,-34, ,
1, ,-34, ,
1, ,-34, ,
2, ,-33, ,
1, ,-34, ,
-1, ,-34, ,
1, ,-33, ,
1, ,-34, ,
1, ,-34, ,
2, ,-34, ,
1, ,-34, ,
-1, ,-34, ,
1, ,-34, ,
1, ,-34, ,
1, ,-34, ,
2, ,-34, ,
1, ,-34, ,
-1, ,-33, ,
2, ,-33, ,
1, ,-34, ,
1, ,-34, ,
2, ,-34, ,
1, ,-34, ,
-1, ,-34, ,
2, ,-34, ,
1, ,-34, ,
1, ,-34, ,
2, ,-34, ,
1, ,-34, ,
-1, ,-34, ,
2, ,-34, ,
1, ,-34, ,
1, ,-34, ,
1, ,-34, ,
1, ,-34, ,
1, ,-34, ,
2, ,-34, ,
1, ,-34, ,
1, ,-34, ,
2, ,-34, ,
2, ,-34, ,
-1, ,-33, ,
2, ,-33, ,
1, ,-34, ,
1, ,-34, ,
1, ,-34, ,
1, ,-34, ,
-1, ,-34, ,
2, ,-34, ,
-1, ,-34, ,
1, ,-34, ,
2, ,-34, ,
2, ,-34, ,
-1, ,-33, ,
2, ,-34, ,
1, ,-34, ,
1, ,-34, ,
2, ,-34, ,
1, ,-34, ,
-1, ,-34, ,
2, ,-34, ,
1, ,-34, ,
1, ,-34, ,
1, ,-34, ,
1, ,-34, ,
-1, ,-33, ,
1, ,-34, ,
1, ,-34, ,
1, ,-34, ,
2, ,-34, ,
1, ,-34, ,
-1, ,-34, ,
2, ,-34, ,
1, ,-34, ,
1, ,-34, ,
1, ,-34, ,
1, ,-34, ,
-1, ,-33, ,
2, ,-34, ,
1, ,-34, ,
1, ,-34, ,
2, ,-34, ,
1, ,-34, ,
-1, ,-34, ,
2, ,-34, ,
1, ,-34, ,
1, ,-34, ,
1, ,-34, ,
1, ,-34, ,
-1, ,-33, ,
2, ,-34, ,
1, ,-34, ,
1, ,-34, ,
1, ,-34, ,
1, ,-34, ,
-1, ,-34, ,
1, ,-34, ,
1, ,-34, ,
1, ,-34, ,
1, ,-34, ,
1, ,-34, ,
-1, ,-33, ,
1, ,-34, ,
1, ,-34, ,
1, ,-34, ,
1, ,-34, ,
1, ,-34, ,
-1, ,-34, ,
2, ,-34, ,
1, ,-34, ,
1, ,-34, ,
2, ,-34, ,
1, ,-34, ,
-1, ,-33, ,
1, ,-33, ,
1, ,-34, ,
1, ,-34, ,
1, ,-34, ,
1, ,-34, ,
-1, ,-34, ,
2, ,-34, ,
1, ,-34, ,
1, ,-34, ,
2, ,-34, ,
1, ,-34, ,
-1, ,-33, ,
1, ,-34, ,
1, ,-34, ,
1, ,-34, ,
1, ,-34, ,
1, ,-34, ,
-1, ,-34, ,
2, ,-34, ,
1, ,-34, ,
1, ,-34, ,
2, ,-34, ,
1, ,-34, ,
-1, ,-33, ,
2, ,-33, ,
-1, ,-34, ,
1, ,-34, ,
1, ,-34, ,
1, ,-34, ,
-1, ,-34, ,
2, ,-34, ,
-1, ,-34, ,
1, ,-34, ,
2, ,-34, ,
1, ,-34, ,
-1, ,-33, ,
1, ,-34, ,
1, ,-34, ,
1, ,-34, ,
2, ,-34, ,
1, ,-34, ,
-1, ,-34, ,
2, ,-34, ,
1, ,-34, ,
1, ,-34, ,
2, ,-34, ,
1, ,-34, ,
-1, ,-33, ,
1, ,-34, ,
1, ,-34, ,
1, ,-34, ,
2, ,-34, ,
1, ,-34, ,
-1, ,-34, ,
1, ,-34, ,
1, ,-34, ,
1, ,-34, ,
2, ,-34, ,
1, ,-34, ,
-1, ,-34, ,
1, ,-33, ,
1, ,-34, ,
1, ,-34, ,
1, ,-34, ,
1, ,-34, ,
-1, ,-34, ,
2, ,-34, ,
1, ,-34, ,
1, ,-34, ,
2, ,-34, ,
1, ,-34, ,
-1, ,-33, ,
1, ,-33, ,
1, ,-34, ,
1, ,-34, ,
1, ,-34, ,
1, ,-34, ,
-1, ,-34, ,
1, ,-34, ,
1, ,-34, ,
1, ,-34, ,
1, ,-34, ,
1, ,-34, ,
-1, ,-33, ,
2, ,-34, ,
1, ,-34, ,
1, ,-34, ,
1, ,-34, ,
1, ,-34, ,
-1, ,-34, ,
1, ,-34, ,
-1, ,-34, ,
1, ,-34, ,
2, ,-34, ,
1, ,-34, ,
-1, ,-33, ,
1, ,-34, ,
1, ,-34, ,
1, ,-34, ,
1, ,-34, ,
1, ,-34, ,
-1, ,-34, ,
2, ,-34, ,
1, ,-34, ,
1, ,-34, ,
2, ,-34, ,
1, ,-34, ,
-1, ,-33, ,
2, ,-34, ,
1, ,-34, ,
1, ,-34, ,
2, ,-34, ,
1, ,-34, ,
-1, ,-34, ,
1, ,-34, ,
-1, ,-34, ,
-1, ,-34, ,
1, ,-34, ,
1, ,-34, ,
1, ,-33, ,
2, ,-33, ,
1, ,-34, ,
-1, ,-34, ,
1, ,-34, ,
1, ,-34, ,
-1, ,-34, ,
2, ,-34, ,
-1, ,-23, ,
1, ,-4, ,
2, ,13, ,
1, ,24, ,
-1, ,34, ,
2, ,40, ,
1, ,45, ,
1, ,49, ,
1, ,52, ,
1, ,55, ,
-1, ,55, ,
2, ,57, ,
1, ,58, ,
1, ,57, ,
1, ,58, ,
-1, ,60, ,
-1, ,58, ,
2, ,59, ,
1, ,60, ,
1, ,59, ,
1, ,60, ,
1, ,61, ,
-1, ,59, ,
1, ,60, ,
-1, ,60, ,
1, ,59, ,
1, ,60, ,
1, ,60, ,
-1, ,59, ,
2, ,60, ,
80, ,60, ,
49, ,59, ,
31, ,60, ,
20, ,61, ,
11, ,59, ,
8, ,60, ,
6, ,60, ,
3, ,59, ,
3, ,59, ,
2, ,60, ,
2, ,58, ,
3, ,59, ,
2, ,60, ,
2, ,59, ,
2, ,59, ,
2, ,60, ,
1, ,59, ,
3, ,60, ,
2, ,60, ,
2, ,59, ,
3, ,59, ,
2, ,60, ,
1, ,58, ,
3, ,59, ,
2, ,60, ,
2, ,59, ,
3, ,59, ,
2, ,60, ,
2, ,59, ,
3, ,60, ,
2, ,60, ,
1, ,59, ,
3, ,59, ,
2, ,60, ,
1, ,58, ,
3, ,60, ,
2, ,60, ,
2, ,59, ,
3, ,59, ,
2, ,60, ,
1, ,59, ,
3, ,59, ,
2, ,60, ,
2, ,59, ,
3, ,59, ,
2, ,60, ,
1, ,58, ,
3, ,59, ,
2, ,60, ,
1, ,59, ,
3, ,59, ,
2, ,60, ,
1, ,58, ,
3, ,59, ,
2, ,60, ,
1, ,59, ,
3, ,59, ,
2, ,60, ,
1, ,58, ,
3, ,59, ,
2, ,60, ,
2, ,59, ,
3, ,59, ,
2, ,60, ,
1, ,58, ,
3, ,59, ,
2, ,60, ,
1, ,59, ,
3, ,59, ,
2, ,60, ,
1, ,58, ,
3, ,59, ,
2, ,60, ,
1, ,58, ,
2, ,59, ,
2, ,60, ,
1, ,58, ,
3, ,59, ,
1, ,60, ,
2, ,58, ,
3, ,59, ,
2, ,60, ,
1, ,58, ,
2, ,59, ,
1, ,60, ,
2, ,59, ,
2, ,59, ,
2, ,60, ,
1, ,58, ,
2, ,59, ,
1, ,60, ,
1, ,58, ,
2, ,59, ,
2, ,60, ,
1, ,58, ,
3, ,59, ,
1, ,60, ,
1, ,59, ,
2, ,59, ,
2, ,60, ,
1, ,58, ,
2, ,59, ,
1, ,60, ,
1, ,59, ,
2, ,59, ,
2, ,60, ,
1, ,58, ,
2, ,59, ,
1, ,60, ,
1, ,58, ,
2, ,59, ,
2, ,60, ,
1, ,58, ,
2, ,59, ,
1, ,60, ,
1, ,58, ,
2, ,59, ,
2, ,60, ,
1, ,58, ,
2, ,59, ,
1, ,60, ,
1, ,59, ,
2, ,59, ,
2, ,60, ,
1, ,56, ,
2, ,38, ,
1, ,20, ,
1, ,6, ,
2, ,-4, ,
1, ,-12, ,
-1, ,-18, ,
2, ,-21, ,
1, ,-25, ,
2, ,-27, ,
2, ,-30, ,
2, ,-31, ,
1, ,-32, ,
2, ,-33, ,
1, ,-33, ,
1, ,-34, ,
2, ,-34, ,
2, ,-34, ,
1, ,-33, ,
2, ,-34, ,
1, ,-34, ,
1, ,-34, ,
2, ,-35, ,
2, ,-35, ,
1, ,-34, ,
2, ,-34, ,
1, ,-34, ,
2, ,-34, ,
3, ,-34, ,
2, ,-35, ,
1, ,-34, ,
2, ,-34, ,
1, ,-34, ,
2, ,-34, ,
2, ,-34, ,
2, ,-34, ,
1, ,-34, ,
2, ,-34, ,
1, ,-34, ,
2, ,-34, ,
2, ,-34, ,
2, ,-34, ,
1, ,-33, ,
2, ,-34, ,
1, ,-34, ,
2, ,-34, ,
2, ,-34, ,
2, ,-34, ,
1, ,-34, ,
2, ,-34, ,
1, ,-34, ,
2, ,-34, ,
2, ,-34, ,
2, ,-34, ,
1, ,-33, ,
2, ,-34, ,
1, ,-34, ,
1, ,-34, ,
2, ,-34, ,
2, ,-34, ,
1, ,-34, ,
2, ,-34, ,
1, ,-34, ,
1, ,-34, ,
2, ,-34, ,
2, ,-34, ,
1, ,-33, ,
2, ,-34, ,
1, ,-34, ,
1, ,-34, ,
2, ,-34, ,
2, ,-34, ,
1, ,-34, ,
2, ,-34, ,
1, ,-34, ,
2, ,-34, ,
2, ,-34, ,
2, ,-34, ,
1, ,-33, ,
2, ,-34, ,
1, ,-34, ,
1, ,-34, ,
2, ,-34, ,
2, ,-34, ,
1, ,-34, ,
2, ,-34, ,
1, ,-34, ,
1, ,-34, ,
2, ,-34, ,
1, ,-34, ,
1, ,-33, ,
2, ,-34, ,
1, ,-34, ,
1, ,-34, ,
2, ,-34, ,
2, ,-34, ,
1, ,-34, ,
2, ,-34, ,
1, ,-34, ,
1, ,-34, ,
2, ,-34, ,
2, ,-34, ,
1, ,-34, ,
2, ,-34, ,
1, ,-34, ,
1, ,-34, ,
2, ,-34, ,
2, ,-34, ,
1, ,-34, ,
2, ,-34, ,
1, ,-34, ,
1, ,-34, ,
2, ,-34, ,
1, ,-34, ,
1, ,-33, ,
2, ,-33, ,
1, ,-34, ,
1, ,-34, ,
2, ,-34, ,
1, ,-34, ,
1, ,-34, ,
2, ,-34, ,
1, ,-34, ,
1, ,-34, ,
2, ,-34, ,
1, ,-34, ,
1, ,-33, ,
2, ,-33, ,
1, ,-34, ,
1, ,-34, ,
2, ,-34, ,
1, ,-34, ,
1, ,-34, ,
2, ,-34, ,
1, ,-34, ,
1, ,-34, ,
2, ,-34, ,
2, ,-34, ,
1, ,-33, ,
2, ,-33, ,
1, ,-34, ,
1, ,-34, ,
2, ,-34, ,
2, ,-34, ,
1, ,-34, ,
2, ,-34, ,
1, ,-34, ,
1, ,-33, ,
2, ,-34, ,
1, ,-34, ,
1, ,-33, ,
2, ,-33, ,
1, ,-34, ,
1, ,-34, ,
2, ,-34, ,
1, ,-34, ,
1, ,-34, ,
2, ,-34, ,
1, ,-34, ,
1, ,-34, ,
2, ,-34, ,
1, ,-34, ,
1, ,-33, ,
2, ,-34, ,
1, ,-34, ,
1, ,-34, ,
2, ,-34, ,
1, ,-34, ,
1, ,-34, ,
1, ,-34, ,
1, ,-34, ,
1, ,-33, ,
2, ,-34, ,
2, ,-34, ,
1, ,-33, ,
2, ,-33, ,
1, ,-34, ,
1, ,-34, ,
2, ,-33, ,
2, ,-34, ,
1, ,-34, ,
2, ,-34, ,
1, ,-34, ,
1, ,-34, ,
2, ,-34, ,
1, ,-34, ,
1, ,-33, ,
2, ,-34, ,
1, ,-34, ,
1, ,-34, ,
2, ,-34, ,
2, ,-34, ,
1, ,-34, ,
2, ,-34, ,
1, ,-34, ,
1, ,-33, ,
2, ,-34, ,
1, ,-34, ,
1, ,-33, ,
2, ,-33, ,
1, ,-34, ,
1, ,-34, ,
2, ,-34, ,
2, ,-34, ,
1, ,-34, ,
2, ,-33, ,
1, ,-34, ,
1, ,-34, ,
2, ,-34, ,
2, ,-34, ,
1, ,-33, ,
2, ,-33, ,
1, ,-34, ,
1, ,-34, ,
2, ,-34, ,
1, ,-34, ,
1, ,-34, ,
2, ,-34, ,
1, ,-34, ,
1, ,-34, ,
2, ,-34, ,
1, ,-34, ,
-1, ,-33, ,
2, ,-34, ,
1, ,-34, ,
1, ,-34, ,
2, ,-34, ,
1, ,-34, ,
1, ,-34, ,
2, ,-34, ,
1, ,-34, ,
1, ,-34, ,
2, ,-34, ,
1, ,-34, ,
-1, ,-33, ,
2, ,-34, ,
1, ,-34, ,
1, ,-34, ,
1, ,-34, ,
1, ,-34, ,
1, ,-34, ,
2, ,-34, ,
1, ,-34, ,
1, ,-34, ,
2, ,-34, ,
2, ,-34, ,
-1, ,-33, ,
1, ,-33, ,
1, ,-34, ,
1, ,-34, ,
2, ,-34, ,
1, ,-34, ,
-1, ,-34, ,
2, ,-34, ,
1, ,-34, ,
1, ,-34, ,
2, ,-34, ,
1, ,-34, ,
-1, ,-33, ,
2, ,-33, ,
1, ,-34, ,
1, ,-34, ,
2, ,-34, ,
1, ,-34, ,
1, ,-34, ,
2, ,-34, ,
1, ,-34, ,
1, ,-33, ,
2, ,-33, ,
1, ,-34, ,
-1, ,-33, ,
2, ,-33, ,
1, ,-34, ,
1, ,-34, ,
2, ,-34, ,
1, ,-34, ,
1, ,-34, ,
2, ,-34, ,
1, ,-34, ,
1, ,-34, ,
2, ,-34, ,
1, ,-34, ,
1, ,-33, ,
2, ,-34, ,
1, ,-34, ,
1, ,-34, ,
1, ,-34, ,
1, ,-34, ,
1, ,-34, ,
2, ,-34, ,
1, ,-33, ,
1, ,-33, ,
2, ,-34, ,
2, ,-34, ,
-1, ,-33, ,
1, ,-34, ,
1, ,-34, ,
1, ,-34, ,
2, ,-34, ,
1, ,-34, ,
-1, ,-34, ,
2, ,-34, ,
1, ,-34, ,
1, ,-34, ,
2, ,-34, ,
1, ,-34, ,
-1, ,-33, ,
2, ,-34, ,
1, ,-34, ,
1, ,-34, ,
2, ,-34, ,
1, ,-34, ,
1, ,-34, ,
2, ,-34, ,
1, ,-34, ,
1, ,-34, ,
2, ,-34, ,
1, ,-34, ,
-1, ,-33, ,
1, ,-33, ,
1, ,-34, ,
1, ,-34, ,
2, ,-34, ,
1, ,-34, ,
-1, ,-34, ,
2, ,-34, ,
1, ,-34, ,
1, ,-34, ,
2, ,-34, ,
1, ,-34, ,
-1, ,-33, ,
2, ,-34, ,
1, ,-34, ,
1, ,-34, ,
2, ,-34, ,
1, ,-34, ,
-1, ,-34, ,
2, ,-34, ,
1, ,-34, ,
1, ,-34, ,
2, ,-34, ,
1, ,-34, ,
-1, ,-33, ,
1, ,-34, ,
1, ,-34, ,
1, ,-34, ,
2, ,-34, ,
1, ,-34, ,
-1, ,-34, ,
2, ,-34, ,
1, ,-34, ,
1, ,-34, ,
2, ,-34, ,
1, ,-34, ,
-1, ,-33, ,
2, ,-34, ,
1, ,-34, ,
1, ,-34, ,
2, ,-34, ,
2, ,-34, ,
-1, ,-34, ,
2, ,-34, ,
1, ,-34, ,
1, ,-33, ,
1, ,-34, ,
1, ,-34, ,
-1, ,-33, ,
1, ,-34, ,
1, ,-34, ,
1, ,-34, ,
1, ,-34, ,
1, ,-34, ,
-1, ,-34, ,
2, ,-34, ,
1, ,-34, ,
1, ,-34, ,
2, ,-34, ,
1, ,-34, ,
-1, ,-33, ,
1, ,-34, ,
1, ,-34, ,
1, ,-34, ,
2, ,-34, ,
1, ,-34, ,
-1, ,-34, ,
2, ,-34, ,
1, ,-34, ,
1, ,-34, ,
2, ,-34, ,
1, ,-34, ,
-1, ,-33, ,
1, ,-33, ,
-1, ,-34, ,
1, ,-34, ,
1, ,-34, ,
1, ,-34, ,
-1, ,-34, ,
2, ,-34, ,
1, ,-34, ,
-1, ,-34, ,
1, ,-34, ,
1, ,-34, ,
-1, ,-33, ,
1, ,-34, ,
1, ,-34, ,
1, ,-34, ,
2, ,-34, ,
1, ,-34, ,
-1, ,-34, ,
2, ,-34, ,
1, ,-34, ,
1, ,-34, ,
1, ,-34, ,
1, ,-34, ,
-1, ,-33, ,
2, ,-33, ,
1, ,-34, ,
1, ,-34, ,
1, ,-34, ,
1, ,-34, ,
-1, ,-34, ,
2, ,-34, ,
1, ,-34, ,
1, ,-34, ,
2, ,-34, ,
2, ,-34, ,
-1, ,-33, ,
2, ,-34, ,
1, ,-34, ,
1, ,-34, ,
2, ,-34, ,
1, ,-34, ,
-1, ,-34, ,
1, ,-34, ,
1, ,-34, ,
1, ,-34, ,
2, ,-34, ,
1, ,-34, ,
-1, ,-33, ,
1, ,-33, ,
1, ,-34, ,
1, ,-34, ,
1, ,-34, ,
1, ,-34, ,
-1, ,-34, ,
2, ,-34, ,
-1, ,-34, ,
1, ,-34, ,
2, ,-34, ,
2, ,-34, ,
-1, ,-33, ,
2, ,-34, ,
-1, ,-34, ,
1, ,-34, ,
1, ,-34, ,
1, ,-34, ,
-1, ,-34, ,
1, ,-34, ,
1, ,-34, ,
1, ,-33, ,
1, ,-34, ,
1, ,-34, ,
-1, ,-33, ,
1, ,-34, ,
1, ,-34, ,
1, ,-34, ,
1, ,-34, ,
1, ,-34, ,
-1, ,-34, ,
1, ,-34, ,
1, ,-34, ,
1, ,-34, ,
2, ,-34, ,
1, ,-34, ,
-1, ,-33, ,
2, ,-34, ,
1, ,-34, ,
1, ,-34, ,
1, ,-34, ,
1, ,-34, ,
-1, ,-34, ,
1, ,-34, ,
1, ,-34, ,
1, ,-34, ,
1, ,-34, ,
1, ,-34, ,
-1, ,-33, ,
1, ,-34, ,
-1, ,-34, ,
1, ,-34, ,
1, ,-34, ,
1, ,-34, ,
-1, ,-34, ,
1, ,-34, ,
-1, ,-34, ,
1, ,-34, ,
1, ,-34, ,
1, ,-34, ,
-1, ,-33, ,
1, ,-33, ,
1, ,-34, ,
-1, ,-34, ,
1, ,-34, ,
1, ,-34, ,
-1, ,-34, ,
1, ,-34, ,
1, ,-34, ,
1, ,-34, ,
1, ,-34, ,
1, ,-34, ,
-1, ,-33, ,
1, ,-34, ,
1, ,-34, ,
1, ,-34, ,
1, ,-34, ,
1, ,-34, ,
-1, ,-34, ,
1, ,-34, ,
-1, ,-34, ,
1, ,-34, ,
1, ,-34, ,
2, ,-34, ,
-1, ,-33, ,
1, ,-34, ,
1, ,-34, ,
1, ,-34, ,
1, ,-34, ,
1, ,-34, ,
-1, ,-34, ,
1, ,-34, ,
1, ,-34, ,
1, ,-34, ,
1, ,-34, ,
1, ,-34, ,
-1, ,-33, ,
1, ,-34, ,
1, ,-34, ,
1, ,-34, ,
1, ,-34, ,
1, ,-34, ,
-1, ,-34, ,
2, ,-34, ,
-1, ,-34, ,
1, ,-34, ,
1, ,-34, ,
1, ,-34, ,
-1, ,-33, ,
1, ,-34, ,
1, ,-34, ,
1, ,-34, ,
1, ,-34, ,
1, ,-34, ,
-1, ,-34, ,
2, ,-34, ,
1, ,-34, ,
1, ,-34, ,
1, ,-34, ,
1, ,-34, ,
-1, ,-33, ,
1, ,-34, ,
1, ,-34, ,
1, ,-34, ,
1, ,-34, ,
1, ,-34, ,
-1, ,-34, ,
2, ,-34, ,
1, ,-34, ,
1, ,-34, ,
1, ,-34, ,
1, ,-34, ,
-1, ,-33, ,
1, ,-34, ,
1, ,-34, ,
1, ,-34, ,
1, ,-34, ,
1, ,-34, ,
-1, ,-34, ,
1, ,-34, ,
1, ,-34, ,
1, ,-34, ,
1, ,-34, ,
1, ,-34, ,
-1, ,-33, ,
1, ,-34, ,
-1, ,-34, ,
1, ,-34, ,
1, ,-34, ,
1, ,-34, ,
-1, ,-34, ,
2, ,-34, ,
1, ,-34, ,
1, ,-34, ,
1, ,-34, ,
1, ,-34, ,
-1, ,-33, ,
1, ,-34, ,
1, ,-34, ,
1, ,-34, ,
1, ,-34, ,
1, ,-34, ,
-1, ,-34, ,
2, ,-34, ,
-1, ,-34, ,
1, ,-34, ,
1, ,-34, ,
1, ,-34, ,
-1, ,-33, ,
1, ,-34, ,
-1, ,-34, ,
-1, ,-34, ,
1, ,-34, ,
1, ,-34, ,
-1, ,-34, ,
1, ,-34, ,
-1, ,-34, ,
-1, ,-34, ,
1, ,-34, ,
1, ,-34, ,
-1, ,-33, ,
1, ,-34, ,
1, ,-34, ,
1, ,-34, ,
1, ,-34, ,
1, ,-34, ,
-1, ,-34, ,
2, ,-34, ,
-1, ,-34, ,
1, ,-27, ,
1, ,-8, ,
1, ,8, ,
-1, ,22, ,
1, ,31, ,
1, ,39, ,
1, ,43, ,
1, ,49, ,
1, ,53, ,
-1, ,53, ,
1, ,56, ,
-1, ,57, ,
-1, ,57, ,
1, ,58, ,
1, ,59, ,
-1, ,57, ,
2, ,59, ,
1, ,60, ,
-1, ,59, ,
1, ,60, ,
1, ,61, ,
-1, ,59, ,
2, ,60, ,
-1, ,60, ,
-1, ,59, ,
1, ,59, ,
1, ,60, ,
-1, ,59, ,
1, ,59, ,
-1, ,60, ,
-1, ,59, ,
1, ,60, ,
1, ,61, ,
-1, ,59, ,
2, ,60, ,
-1, ,60, ,
-1, ,59, ,
1, ,59, ,
82, ,60, ,
49, ,59, ,
31, ,60, ,
20, ,60, ,
13, ,59, ,
10, ,59, ,
7, ,60, ,
3, ,59, ,
5, ,59, ,
2, ,60, ,
2, ,59, ,
3, ,59, ,
2, ,60, ,
1, ,58, ,
3, ,59, ,
2, ,60, ,
2, ,59, ,
3, ,59, ,
2, ,60, ,
1, ,58, ,
3, ,59, ,
2, ,60, ,
2, ,58, ,
3, ,59, ,
2, ,60, ,
2, ,58, ,
3, ,59, ,
2, ,60, ,
2, ,59, ,
2, ,59, ,
2, ,60, ,
1, ,58, ,
3, ,60, ,
2, ,60, ,
2, ,58, ,
3, ,59, ,
2, ,60, ,
1, ,58, ,
3, ,59, ,
2, ,60, ,
2, ,58, ,
3, ,59, ,
2, ,60, ,
1, ,58, ,
3, ,59, ,
2, ,60, ,
2, ,59, ,
2, ,59, ,
2, ,60, ,
1, ,58, ,
3, ,59, ,
2, ,60, ,
1, ,59, ,
2, ,59, ,
2, ,60, ,
1, ,59, ,
3, ,59, ,
2, ,60, ,
2, ,58, ,
2, ,59, ,
2, ,60, ,
1, ,58, ,
3, ,59, ,
2, ,60, ,
1, ,58, ,
2, ,59, ,
2, ,60, ,
1, ,58, ,
3, ,59, ,
1, ,60, ,
2, ,58, ,
2, ,59, ,
2, ,60, ,
1, ,58, ,
3, ,59, ,
1, ,60, ,
2, ,59, ,
3, ,59, ,
2, ,60, ,
1, ,58, ,
3, ,59, ,
17, ,60, ,
15, ,59, ,
12, ,59, ,
8, ,60, ,
5, ,58, ,
6, ,59, ,
3, ,60, ,
2, ,59, ,
3, ,59, ,
2, ,60, ,
1, ,59, ,
3, ,60, ,
1, ,60, ,
2, ,58, ,
3, ,59, ,
2, ,60, ,
1, ,58, ,
3, ,59, ,
2, ,60, ,
2, ,59, ,
2, ,59, ,
2, ,60, ,
1, ,58, ,
3, ,59, ,
2, ,60, ,
1, ,58, ,
2, ,59, ,
2, ,60, ,
1, ,58, ,
3, ,59, ,
2, ,59, ,
2, ,59, ,
2, ,59, ,
2, ,60, ,
1, ,58, ,
3, ,58, ,
1, ,44, ,
1, ,24, ,
2, ,9, ,
2, ,-1, ,
1, ,-11, ,
3, ,-16, ,
2, ,-21, ,
2, ,-24, ,
3, ,-26, ,
2, ,-30, ,
1, ,-31, ,
3, ,-32, ,
2, ,-33, ,
2, ,-33, ,
2, ,-33, ,
2, ,-34, ,
2, ,-33, ,
3, ,-34, ,
2, ,-34, ,
2, ,-34, ,
2, ,-34, ,
3, ,-34, ,
1, ,-35, ,
3, ,-34, ,
2, ,-35, ,
2, ,-35, ,
2, ,-34, ,
2, ,-34, ,
1, ,-34, ,
3, ,-34, ,
2, ,-35, ,
2, ,-34, ,
3, ,-34, ,
3, ,-34, ,
1, ,-34, ,
3, ,-34, ,
2, ,-34, ,
2, ,-34, ,
2, ,-34, ,
2, ,-34, ,
1, ,-33, ,
3, ,-34, ,
2, ,-34, ,
2, ,-34, ,
2, ,-34, ,
2, ,-34, ,
1, ,-34, ,
3, ,-34, ,
2, ,-34, ,
2, ,-34, ,
2, ,-34, ,
2, ,-34, ,
1, ,-33, ,
2, ,-34, ,
2, ,-34, ,
2, ,-34, ,
2, ,-34, ,
2, ,-34, ,
1, ,-34, ,
3, ,-34, ,
2, ,-34, ,
2, ,-34, ,
2, ,-34, ,
2, ,-34, ,
1, ,-33, ,
2, ,-34, ,
2, ,-34, ,
2, ,-34, ,
2, ,-34, ,
2, ,-34, ,
1, ,-34, ,
2, ,-34, ,
2, ,-34, ,
2, ,-34, ,
2, ,-34, ,
2, ,-34, ,
1, ,-33, ,
3, ,-34, ,
2, ,-34, ,
1, ,-34, ,
2, ,-34, ,
2, ,-34, ,
1, ,-34, ,
3, ,-34, ,
2, ,-34, ,
1, ,-34, ,
2, ,-34, ,
2, ,-34, ,
1, ,-33, ,
2, ,-34, ,
1, ,-34, ,
1, ,-34, ,
2, ,-34, ,
2, ,-34, ,
1, ,-34, ,
3, ,-34, ,
2, ,-34, ,
2, ,-34, ,
2, ,-34, ,
2, ,-34, ,
1, ,-33, ,
2, ,-34, ,
2, ,-34, ,
2, ,-34, ,
2, ,-34, ,
2, ,-34, ,
1, ,-34, ,
3, ,-34, ,
2, ,-34, ,
1, ,-34, ,
2, ,-34, ,
2, ,-34, ,
1, ,-33, ,
3, ,-34, ,
2, ,-34, ,
1, ,-34, ,
2, ,-34, ,
2, ,-34, ,
1, ,-34, ,
2, ,-34, ,
1, ,-34, ,
1, ,-33, ,
2, ,-34, ,
2, ,-34, ,
1, ,-33, ,
2, ,-34, ,
1, ,-34, ,
2, ,-34, ,
2, ,-34, ,
2, ,-34, ,
1, ,-34, ,
2, ,-34, ,
1, ,-33, ,
1, ,-33, ,
2, ,-34, ,
2, ,-34, ,
1, ,-33, ,
2, ,-34, ,
1, ,-34, ,
1, ,-34, ,
2, ,-34, ,
2, ,-34, ,
1, ,-33, ,
2, ,-34, ,
1, ,-34, ,
1, ,-34, ,
2, ,-33, ,
2, ,-34, ,
1, ,-33, ,
2, ,-34, ,
1, ,-34, ,
2, ,-34, ,
2, ,-34, ,
2, ,-34, ,
1, ,-34, ,
2, ,-34, ,
1, ,-34, ,
1, ,-34, ,
2, ,-34, ,
1, ,-34, ,
1, ,-33, ,
2, ,-34, ,
1, ,-34, ,
1, ,-34, ,
2, ,-34, ,
2, ,-34, ,
1, ,-34, ,
2, ,-34, ,
1, ,-34, ,
1, ,-33, ,
2, ,-34, ,
2, ,-34, ,
1, ,-33, ,
2, ,-34, ,
1, ,-34, ,
2, ,-34, ,
2, ,-34, ,
2, ,-34, ,
1, ,-34, ,
2, ,-33, ,
1, ,-34, ,
2, ,-34, ,
2, ,-34, ,
2, ,-34, ,
1, ,-33, ,
2, ,-34, ,
1, ,-34, ,
1, ,-34, ,
2, ,-34, ,
2, ,-34, ,
1, ,-34, ,
2, ,-34, ,
1, ,-34, ,
1, ,-33, ,
2, ,-34, ,
2, ,-34, ,
1, ,-33, ,
2, ,-33, ,
2, ,-34, ,
2, ,-34, ,
2, ,-34, ,
2, ,-34, ,
1, ,-34, ,
2, ,-34, ,
1, ,-34, ,
1, ,-34, ,
2, ,-34, ,
2, ,-34, ,
1, ,-33, ,
2, ,-34, ,
1, ,-34, ,
2, ,-33, ,
2, ,-34, ,
2, ,-34, ,
1, ,-34, ,
2, ,-34, ,
1, ,-34, ,
1, ,-34, ,
2, ,-34, ,
2, ,-34, ,
1, ,-33, ,
2, ,-34, ,
2, ,-34, ,
1, ,-34, ,
2, ,-34, ,
2, ,-34, ,
1, ,-33, ,
2, ,-34, ,
1, ,-34, ,
1, ,-34, ,
2, ,-34, ,
2, ,-34, ,
1, ,-33, ,
2, ,-33, ,
1, ,-34, ,
1, ,-34, ,
2, ,-34, ,
2, ,-34, ,
1, ,-34, ,
2, ,-34, ,
1, ,-34, ,
1, ,-33, ,
2, ,-34, ,
1, ,-34, ,
1, ,-33, ,
2, ,-34, ,
1, ,-34, ,
1, ,-34, ,
2, ,-34, ,
1, ,-34, ,
1, ,-34, ,
2, ,-34, ,
1, ,-34, ,
1, ,-34, ,
2, ,-34, ,
1, ,-34, ,
1, ,-33, ,
2, ,-34, ,
1, ,-34, ,
1, ,-34, ,
2, ,-34, ,
1, ,-34, ,
1, ,-34, ,
2, ,-34, ,
1, ,-34, ,
1, ,-34, ,
2, ,-34, ,
1, ,-34, ,
1, ,-33, ,
2, ,-34, ,
1, ,-34, ,
1, ,-34, ,
2, ,-34, ,
1, ,-34, ,
-1, ,-34, ,
2, ,-33, ,
1, ,-34, ,
1, ,-33, ,
2, ,-34, ,
1, ,-34, ,
-1, ,-33, ,
2, ,-33, ,
1, ,-34, ,
1, ,-33, ,
2, ,-34, ,
1, ,-34, ,
1, ,-34, ,
2, ,-34, ,
1, ,-34, ,
1, ,-34, ,
2, ,-34, ,
1, ,-34, ,
1, ,-33, ,
2, ,-34, ,
1, ,-34, ,
1, ,-33, ,
2, ,-34, ,
1, ,-34, ,
1, ,-34, ,
2, ,-34, ,
1, ,-34, ,
1, ,-33, ,
2, ,-34, ,
1, ,-34, ,
1, ,-33, ,
2, ,-33, ,
1, ,-34, ,
1, ,-34, ,
2, ,-34, ,
1, ,-34, ,
-1, ,-34, ,
2, ,-34, ,
1, ,-34, ,
1, ,-33, ,
2, ,-34, ,
1, ,-34, ,
1, ,-33, ,
2, ,-34, ,
1, ,-34, ,
1, ,-34, ,
2, ,-34, ,
1, ,-34, ,
-1, ,-33, ,
2, ,-34, ,
1, ,-34, ,
1, ,-33, ,
2, ,-34, ,
1, ,-34, ,
-1, ,-33, ,
2, ,-33, ,
1, ,-34, ,
1, ,-34, ,
2, ,-34, ,
1, ,-34, ,
1, ,-33, ,
2, ,-34, ,
1, ,-34, ,
1, ,-34, ,
2, ,-34, ,
2, ,-34, ,
1, ,-33, ,
2, ,-34, ,
1, ,-34, ,
1, ,-34, ,
2, ,-34, ,
1, ,-34, ,
-1, ,-34, ,
2, ,-34, ,
1, ,-34, ,
1, ,-34, ,
2, ,-34, ,
1, ,-34, ,
-1, ,-33, ,
2, ,-33, ,
1, ,-34, ,
1, ,-34, ,
1, ,-34, ,
1, ,-34, ,
1, ,-34, ,
2, ,-34, ,
1, ,-34, ,
1, ,-34, ,
2, ,-34, ,
2, ,-34, ,
-1, ,-33, ,
2, ,-33, ,
1, ,-34, ,
1, ,-34, ,
1, ,-34, ,
1, ,-34, ,
1, ,-34, ,
2, ,-34, ,
1, ,-34, ,
1, ,-33, ,
2, ,-34, ,
2, ,-34, ,
-1, ,-33, ,
1, ,-34, ,
1, ,-34, ,
1, ,-34, ,
2, ,-34, ,
1, ,-34, ,
1, ,-34, ,
2, ,-34, ,
1, ,-34, ,
1, ,-34, ,
2, ,-34, ,
1, ,-34, ,
-1, ,-33, ,
1, ,-34, ,
1, ,-34, ,
1, ,-34, ,
2, ,-33, ,
1, ,-34, ,
-1, ,-34, ,
2, ,-34, ,
1, ,-34, ,
1, ,-34, ,
1, ,-34, ,
1, ,-34, ,
-1, ,-34, ,
2, ,-34, ,
1, ,-34, ,
1, ,-34, ,
1, ,-34, ,
1, ,-34, ,
-1, ,-34, ,
2, ,-34, ,
1, ,-34, ,
1, ,-34, ,
1, ,-34, ,
1, ,-34, ,
-1, ,-33, ,
2, ,-34, ,
1, ,-34, ,
1, ,-34, ,
1, ,-34, ,
2, ,-34, ,
-1, ,-34, ,
2, ,-34, ,
1, ,-34, ,
1, ,-34, ,
2, ,-34, ,
1, ,-34, ,
-1, ,-34, ,
1, ,-34, ,
1, ,-34, ,
1, ,-34, ,
1, ,-34, ,
1, ,-34, ,
1, ,-34, ,
2, ,-34, ,
1, ,-34, ,
1, ,-34, ,
2, ,-34, ,
1, ,-34, ,
-1, ,-34, ,
2, ,-34, ,
1, ,-34, ,
1, ,-34, ,
1, ,-34, ,
1, ,-34, ,
-1, ,-34, ,
2, ,-34, ,
1, ,-34, ,
1, ,-34, ,
2, ,-34, ,
1, ,-34, ,
-1, ,-34, ,
2, ,-34, ,
1, ,-34, ,
1, ,-34, ,
1, ,-34, ,
1, ,-34, ,
-1, ,-34, ,
2, ,-34, ,
1, ,-34, ,
1, ,-34, ,
2, ,-34, ,
1, ,-34, ,
-1, ,-33, ,
2, ,-34, ,
1, ,-34, ,
1, ,-34, ,
2, ,-34, ,
1, ,-34, ,
1, ,-34, ,
2, ,-34, ,
1, ,-34, ,
1, ,-34, ,
2, ,-34, ,
1, ,-34, ,
-1, ,-34, ,
2, ,-34, ,
1, ,-34, ,
1, ,-34, ,
1, ,-34, ,
1, ,-34, ,
-1, ,-34, ,
2, ,-34, ,
1, ,-34, ,
1, ,-34, ,
2, ,-34, ,
1, ,-34, ,
-1, ,-33, ,
2, ,-34, ,
1, ,-34, ,
1, ,-34, ,
1, ,-34, ,
1, ,-34, ,
-1, ,-34, ,
1, ,-34, ,
1, ,-34, ,
1, ,-34, ,
1, ,-34, ,
1, ,-34, ,
-1, ,-34, ,
1, ,-34, ,
1, ,-34, ,
1, ,-34, ,
1, ,-34, ,
1, ,-34, ,
-1, ,-34, ,
2, ,-34, ,
1, ,-34, ,
1, ,-34, ,
1, ,-34, ,
1, ,-34, ,
-1, ,-34, ,
1, ,-34, ,
1, ,-34, ,
1, ,-34, ,
1, ,-34, ,
1, ,-34, ,
-1, ,-34, ,
1, ,-34, ,
1, ,-34, ,
1, ,-34, ,
1, ,-34, ,
1, ,-34, ,
-1, ,-33, ,
1, ,-34, ,
1, ,-34, ,
1, ,-34, ,
1, ,-34, ,
1, ,-34, ,
-1, ,-34, ,
2, ,-34, ,
1, ,-34, ,
1, ,-34, ,
1, ,-34, ,
1, ,-34, ,
-1, ,-33, ,
1, ,-34, ,
1, ,-34, ,
1, ,-34, ,
1, ,-34, ,
1, ,-34, ,
-1, ,-34, ,
2, ,-34, ,
1, ,-34, ,
1, ,-34, ,
2, ,-34, ,
1, ,-34, ,
-1, ,-33, ,
1, ,-34, ,
1, ,-34, ,
1, ,-34, ,
1, ,-34, ,
1, ,-34, ,
-1, ,-34, ,
2, ,-34, ,
1, ,-34, ,
1, ,-34, ,
2, ,-34, ,
1, ,-34, ,
-1, ,-33, ,
1, ,-34, ,
1, ,-34, ,
1, ,-34, ,
1, ,-34, ,
1, ,-34, ,
-1, ,-34, ,
2, ,-34, ,
1, ,-34, ,
1, ,-34, ,
1, ,-34, ,
1, ,-34, ,
-1, ,-34, ,
1, ,-34, ,
1, ,-34, ,
1, ,-34, ,
2, ,-34, ,
1, ,-34, ,
-1, ,-34, ,
2, ,-34, ,
1, ,-34, ,
1, ,-34, ,
2, ,-34, ,
68, ,-34, ,
44, ,-33, ,
27, ,-34, ,
17, ,-34, ,
11, ,-34, ,
8, ,-34, ,
6, ,-34, ,
3, ,-34, ,
5, ,-34, ,
3, ,-34, ,
2, ,-34, ,
3, ,-34, ,
3, ,-34, ,
1, ,-33, ,
3, ,-34, ,
2, ,-34, ,
2, ,-34, ,
2, ,-34, ,
3, ,-34, ,
2, ,-34, ,
3, ,-34, ,
2, ,-34, ,
2, ,-34, ,
3, ,-34, ,
3, ,-34, ,
2, ,-33, ,
3, ,-34, ,
2, ,-34, ,
2, ,-34, ,
3, ,-34, ,
3, ,-34, ,
2, ,-34, ,
3, ,-34, ,
2, ,-34, ,
2, ,-34, ,
3, ,-34, ,
3, ,-34, ,
2, ,-33, ,
3, ,-34, ,
2, ,-34, ,
2, ,-34, ,
3, ,-34, ,
2, ,-34, ,
2, ,-34, ,
3, ,-34, ,
2, ,-34, ,
2, ,-34, ,
3, ,-31, ,
3, ,-14, ,
2, ,5, ,
3, ,19, ,
2, ,30, ,
2, ,37, ,
3, ,43, ,
3, ,49, ,
1, ,51, ,
3, ,54, ,
2, ,55, ,
2, ,57, ,
3, ,57, ,
2, ,58, ,
1, ,58, ,
2, ,59, ,
2, ,60, ,
2, ,59, ,
2, ,59, ,
2, ,61, ,
1, ,59, ,
2, ,60, ,
1, ,60, ,
2, ,60, ,
3, ,59, ,
2, ,60, ,
1, ,59, ,
2, ,60, ,
2, ,60, ,
2, ,59, ,
2, ,60, ,
2, ,61, ,
1, ,59, ,
2, ,60, ,
1, ,60, ,
1, ,60, ,
2, ,60, ,
2, ,60, ,
1, ,59, ,
3, ,60, ,
2, ,60, ,
2, ,59, ,
2, ,59, ,
2, ,60, ,
1, ,58, ,
2, ,59, ,
1, ,60, ,
1, ,59, ,
2, ,59, ,
2, ,60, ,
1, ,58, ,
3, ,60, ,
1, ,60, ,
2, ,59, ,
2, ,59, ,
2, ,61, ,
1, ,59, ,
2, ,59, ,
1, ,60, ,
2, ,59, ,
2, ,59, ,
2, ,60, ,
1, ,59, ,
3, ,60, ,
1, ,60, ,
2, ,59, ,
2, ,59, ,
2, ,61, ,
1, ,59, ,
3, ,59, ,
1, ,60, ,
2, ,59, ,
2, ,59, ,
1, ,60, ,
1, ,59, ,
3, ,60, ,
1, ,59, ,
2, ,59, ,
2, ,59, ,
2, ,61, ,
1, ,58, ,
3, ,60, ,
1, ,60, ,
2, ,59, ,
2, ,59, ,
2, ,60, ,
1, ,59, ,
2, ,60, ,
1, ,60, ,
1, ,59, ,
2, ,59, ,
2, ,60, ,
1, ,59, ,
2, ,59, ,
1, ,60, ,
1, ,60, ,
2, ,59, ,
2, ,60, ,
1, ,58, ,
3, ,60, ,
1, ,60, ,
1, ,59, ,
2, ,59, ,
2, ,61, ,
1, ,59, ,
2, ,59, ,
1, ,60, ,
1, ,59, ,
2, ,59, ,
2, ,60, ,
1, ,59, ,
2, ,60, ,
1, ,60, ,
1, ,59, ,
3, ,59, ,
2, ,60, ,
1, ,59, ,
3, ,60, ,
1, ,60, ,
2, ,59, ,
2, ,59, ,
2, ,60, ,
1, ,58, ,
2, ,60, ,
1, ,60, ,
1, ,59, ,
2, ,59, ,
2, ,61, ,
1, ,58, ,
2, ,59, ,
1, ,60, ,
1, ,59, ,
2, ,59, ,
1, ,60, ,
1, ,58, ,
2, ,60, ,
2, ,60, ,
36, ,58, ,
26, ,59, ,
16, ,60, ,
10, ,58, ,
8, ,59, ,
5, ,60, ,
3, ,59, ,
5, ,59, ,
2, ,60, ,
1, ,58, ,
3, ,60, ,
2, ,60, ,
2, ,58, ,
2, ,59, ,
2, ,60, ,
1, ,58, ,
3, ,59, ,
2, ,60, ,
2, ,49, ,
2, ,28, ,
2, ,13, ,
1, ,1, ,
3, ,-8, ,
1, ,-15, ,
1, ,-20, ,
3, ,-23, ,
2, ,-26, ,
1, ,-28, ,
2, ,-30, ,
1, ,-31, ,
2, ,-33, ,
2, ,-33, ,
3, ,-34, ,
1, ,-33, ,
3, ,-34, ,
2, ,-34, ,
2, ,-34, ,
2, ,-35, ,
3, ,-35, ,
1, ,-34, ,
3, ,-34, ,
2, ,-35, ,
2, ,-35, ,
3, ,-34, ,
2, ,-35, ,
2, ,-34, ,
2, ,-34, ,
2, ,-35, ,
2, ,-34, ,
3, ,-34, ,
3, ,-34, ,
1, ,-34, ,
2, ,-34, ,
2, ,-34, ,
2, ,-34, ,
3, ,-34, ,
2, ,-34, ,
2, ,-34, ,
3, ,-34, ,
2, ,-35, ,
2, ,-34, ,
3, ,-34, ,
2, ,-34, ,
1, ,-34, ,
2, ,-34, ,
2, ,-34, ,
2, ,-34, ,
2, ,-34, ,
2, ,-34, ,
1, ,-33, ,
3, ,-34, ,
2, ,-34, ,
2, ,-34, ,
2, ,-34, ,
2, ,-34, ,
2, ,-34, ,
2, ,-34, ,
1, ,-34, ,
2, ,-34, ,
3, ,-34, ,
2, ,-34, ,
1, ,-34, ,
2, ,-34, ,
2, ,-34, ,
2, ,-34, ,
3, ,-34, ,
2, ,-34, ,
1, ,-34, ,
2, ,-34, ,
2, ,-34, ,
2, ,-34, ,
2, ,-34, ,
2, ,-34, ,
1, ,-33, ,
2, ,-34, ,
2, ,-34, ,
2, ,-34, ,
2, ,-34, ,
2, ,-34, ,
1, ,-34, ,
3, ,-34, ,
1, ,-34, ,
2, ,-34, ,
3, ,-34, ,
2, ,-34, ,
1, ,-33, ,
2, ,-34, ,
1, ,-34, ,
2, ,-34, ,
2, ,-34, ,
2, ,-34, ,
1, ,-34, ,
2, ,-34, ,
1, ,-34, ,
2, ,-34, ,
2, ,-34, ,
2, ,-34, ,
1, ,-33, ,
2, ,-34, ,
1, ,-34, ,
2, ,-34, ,
2, ,-34, ,
2, ,-34, ,
1, ,-34, ,
2, ,-34, ,
2, ,-34, ,
2, ,-34, ,
2, ,-34, ,
2, ,-34, ,
1, ,-33, ,
2, ,-34, ,
2, ,-34, ,
2, ,-34, ,
2, ,-34, ,
2, ,-34, ,
1, ,-34, ,
2, ,-34, ,
1, ,-34, ,
1, ,-34, ,
2, ,-34, ,
1, ,-34, ,
1, ,-34, ,
2, ,-34, ,
2, ,-34, ,
2, ,-34, ,
3, ,-34, ,
2, ,-34, ,
1, ,-34, ,
2, ,-34, ,
1, ,-34, ,
1, ,-34, ,
2, ,-34, ,
2, ,-34, ,
1, ,-34, ,
2, ,-34, ,
1, ,-34, ,
1, ,-34, ,
2, ,-34, ,
2, ,-34, ,
1, ,-34, ,
2, ,-34, ,
1, ,-34, ,
2, ,-34, ,
2, ,-34, ,
2, ,-34, ,
1, ,-33, ,
2, ,-34, ,
1, ,-34, ,
1, ,-34, ,
2, ,-34, ,
2, ,-34, ,
1, ,-34, ,
2, ,-34, ,
1, ,-34, ,
1, ,-34, ,
2, ,-34, ,
2, ,-34, ,
1, ,-33, ,
2, ,-34, ,
1, ,-34, ,
1, ,-34, ,
2, ,-34, ,
2, ,-34, ,
1, ,-34, ,
2, ,-33, ,
1, ,-34, ,
2, ,-34, ,
2, ,-34, ,
2, ,-34, ,
1, ,-33, ,
2, ,-34, ,
1, ,-34, ,
2, ,-34, ,
2, ,-34, ,
2, ,-34, ,
1, ,-34, ,
2, ,-34, ,
1, ,-34, ,
2, ,-34, ,
2, ,-34, ,
2, ,-34, ,
1, ,-33, ,
2, ,-34, ,
1, ,-34, ,
1, ,-34, ,
2, ,-34, ,
2, ,-34, ,
1, ,-34, ,
2, ,-33, ,
1, ,-34, ,
1, ,-34, ,
2, ,-34, ,
2, ,-34, ,
1, ,-33, ,
2, ,-34, ,
2, ,-34, ,
2, ,-34, ,
2, ,-33, ,
2, ,-34, ,
1, ,-34, ,
2, ,-34, ,
1, ,-34, ,
1, ,-34, ,
2, ,-34, ,
2, ,-34, ,
1, ,-33, ,
2, ,-34, ,
1, ,-34, ,
1, ,-33, ,
2, ,-34, ,
2, ,-34, ,
1, ,-34, ,
2, ,-34, ,
1, ,-34, ,
2, ,-34, ,
2, ,-34, ,
2, ,-34, ,
1, ,-33, ,
2, ,-34, ,
1, ,-34, ,
2, ,-34, ,
2, ,-34, ,
2, ,-34, ,
1, ,-34, ,
2, ,-34, ,
1, ,-34, ,
1, ,-34, ,
2, ,-34, ,
2, ,-34, ,
1, ,-33, ,
2, ,-34, ,
1, ,-34, ,
1, ,-34, ,
2, ,-34, ,
2, ,-34, ,
1, ,-34, ,
2, ,-34, ,
1, ,-34, ,
1, ,-34, ,
2, ,-34, ,
2, ,-34, ,
1, ,-33, ,
2, ,-34, ,
1, ,-34, ,
1, ,-34, ,
2, ,-34, ,
2, ,-34, ,
1, ,-34, ,
2, ,-33, ,
1, ,-34, ,
2, ,-34, ,
2, ,-33, ,
1, ,-34, ,
1, ,-33, ,
2, ,-34, ,
1, ,-34, ,
1, ,-34, ,
2, ,-34, ,
1, ,-34, ,
1, ,-33, ,
2, ,-34, ,
1, ,-34, ,
1, ,-34, ,
2, ,-34, ,
1, ,-34, ,
1, ,-33, ,
2, ,-34, ,
1, ,-34, ,
1, ,-34, ,
2, ,-34, ,
1, ,-34, ,
1, ,-34, ,
1, ,-34, ,
1, ,-34, ,
1, ,-34, ,
2, ,-34, ,
1, ,-34, ,
-1, ,-33, ,
2, ,-34, ,
1, ,-34, ,
1, ,-34, ,
2, ,-34, ,
1, ,-34, ,
1, ,-34, ,
2, ,-34, ,
1, ,-34, ,
1, ,-34, ,
2, ,-33, ,
1, ,-34, ,
-1, ,-33, ,
2, ,-34, ,
1, ,-34, ,
1, ,-34, ,
2, ,-34, ,
1, ,-34, ,
-1, ,-34, ,
2, ,-33, ,
1, ,-34, ,
1, ,-34, ,
2, ,-34, ,
1, ,-34, ,
-1, ,-33, ,
2, ,-34, ,
1, ,-34, ,
1, ,-34, ,
2, ,-34, ,
1, ,-34, ,
1, ,-34, ,
2, ,-34, ,
1, ,-34, ,
1, ,-34, ,
2, ,-34, ,
1, ,-34, ,
1, ,-33, ,
2, ,-34, ,
1, ,-34, ,
1, ,-34, ,
2, ,-34, ,
1, ,-34, ,
1, ,-34, ,
2, ,-34, ,
1, ,-34, ,
1, ,-34, ,
2, ,-34, ,
1, ,-34, ,
1, ,-33, ,
2, ,-34, ,
1, ,-34, ,
1, ,-34, ,
2, ,-34, ,
1, ,-34, ,
1, ,-34, ,
2, ,-34, ,
1, ,-34, ,
1, ,-34, ,
2, ,-34, ,
1, ,-34, ,
1, ,-33, ,
2, ,-34, ,
1, ,-34, ,
1, ,-34, ,
2, ,-34, ,
1, ,-34, ,
1, ,-34, ,
2, ,-34, ,
1, ,-34, ,
1, ,-34, ,
2, ,-34, ,
1, ,-34, ,
-1, ,-33, ,
2, ,-34, ,
1, ,-34, ,
1, ,-34, ,
2, ,-34, ,
1, ,-34, ,
1, ,-34, ,
2, ,-34, ,
1, ,-34, ,
1, ,-34, ,
2, ,-34, ,
2, ,-34, ,
1, ,-33, ,
2, ,-34, ,
1, ,-34, ,
1, ,-34, ,
2, ,-34, ,
1, ,-34, ,
1, ,-34, ,
1, ,-34, ,
1, ,-34, ,
1, ,-34, ,
2, ,-34, ,
1, ,-34, ,
-1, ,-33, ,
2, ,-34, ,
1, ,-34, ,
1, ,-34, ,
2, ,-34, ,
1, ,-34, ,
-1, ,-34, ,
2, ,-34, ,
1, ,-34, ,
1, ,-34, ,
2, ,-34, ,
1, ,-34, ,
-1, ,-33, ,
2, ,-34, ,
1, ,-34, ,
1, ,-34, ,
2, ,-34, ,
1, ,-34, ,
-1, ,-34, ,
2, ,-34, ,
1, ,-34, ,
1, ,-34, ,
1, ,-34, ,
1, ,-34, ,
-1, ,-33, ,
2, ,-34, ,
1, ,-34, ,
1, ,-34, ,
2, ,-34, ,
1, ,-34, ,
-1, ,-34, ,
2, ,-34, ,
1, ,-34, ,
1, ,-34, ,
2, ,-34, ,
1, ,-34, ,
-1, ,-33, ,
2, ,-34, ,
1, ,-34, ,
1, ,-34, ,
2, ,-34, ,
1, ,-34, ,
-1, ,-34, ,
2, ,-33, ,
1, ,-34, ,
1, ,-34, ,
1, ,-34, ,
1, ,-34, ,
-1, ,-33, ,
1, ,-34, ,
1, ,-34, ,
1, ,-34, ,
2, ,-34, ,
1, ,-34, ,
-1, ,-34, ,
2, ,-34, ,
1, ,-34, ,
1, ,-34, ,
1, ,-34, ,
1, ,-34, ,
-1, ,-33, ,
2, ,-34, ,
1, ,-34, ,
1, ,-34, ,
1, ,-34, ,
2, ,-34, ,
-1, ,-34, ,
2, ,-33, ,
1, ,-34, ,
1, ,-34, ,
1, ,-34, ,
1, ,-34, ,
-1, ,-34, ,
1, ,-34, ,
1, ,-34, ,
1, ,-34, ,
2, ,-34, ,
1, ,-34, ,
-1, ,-34, ,
2, ,-34, ,
1, ,-34, ,
1, ,-34, ,
2, ,-34, ,
1, ,-34, ,
-1, ,-33, ,
2, ,-34, ,
1, ,-34, ,
1, ,-34, ,
1, ,-34, ,
1, ,-34, ,
-1, ,-34, ,
2, ,-33, ,
1, ,-34, ,
1, ,-34, ,
1, ,-34, ,
1, ,-34, ,
-1, ,-34, ,
2, ,-34, ,
1, ,-34, ,
1, ,-34, ,
1, ,-34, ,
1, ,-34, ,
1, ,-34, ,
2, ,-33, ,
1, ,-34, ,
1, ,-34, ,
2, ,-33, ,
1, ,-34, ,
-1, ,-34, ,
2, ,-34, ,
1, ,-34, ,
1, ,-34, ,
1, ,-34, ,
1, ,-34, ,
-1, ,-34, ,
2, ,-34, ,
1, ,-34, ,
1, ,-34, ,
2, ,-34, ,
1, ,-34, ,
-1, ,-33, ,
2, ,-34, ,
1, ,-34, ,
1, ,-34, ,
1, ,-34, ,
1, ,-34, ,
-1, ,-34, ,
2, ,-34, ,
1, ,-34, ,
1, ,-34, ,
2, ,-34, ,
1, ,-34, ,
-1, ,-34, ,
2, ,-34, ,
-1, ,-34, ,
1, ,-34, ,
1, ,-34, ,
1, ,-34, ,
-1, ,-34, ,
1, ,-34, ,
1, ,-34, ,
1, ,-34, ,
2, ,-34, ,
1, ,-34, ,
-1, ,-33, ,
1, ,-34, ,
1, ,-34, ,
1, ,-34, ,
1, ,-34, ,
1, ,-34, ,
-1, ,-34, ,
2, ,-34, ,
1, ,-34, ,
1, ,-34, ,
1, ,-34, ,
2, ,-34, ,
-1, ,-33, ,
1, ,-34, ,
1, ,-34, ,
1, ,-34, ,
1, ,-34, ,
1, ,-34, ,
-1, ,-34, ,
2, ,-34, ,
1, ,-34, ,
1, ,-34, ,
1, ,-34, ,
1, ,-34, ,
-1, ,-33, ,
1, ,-34, ,
1, ,-34, ,
1, ,-34, ,
1, ,-34, ,
1, ,-34, ,
-1, ,-34, ,
2, ,-33, ,
1, ,-34, ,
1, ,-34, ,
1, ,-34, ,
1, ,-34, ,
-1, ,-34, ,
1, ,-34, ,
1, ,-34, ,
1, ,-34, ,
1, ,-34, ,
1, ,-34, ,
-1, ,-34, ,
2, ,-34, ,
-1, ,-34, ,
1, ,-34, ,
1, ,-34, ,
1, ,-34, ,
-1, ,-34, ,
1, ,-34, ,
1, ,-34, ,
1, ,-34, ,
1, ,-34, ,
1, ,-34, ,
-1, ,-34, ,
1, ,-33, ,
1, ,-34, ,
1, ,-34, ,
2, ,-34, ,
1, ,-34, ,
-1, ,-33, ,
1, ,-34, ,
1, ,-34, ,
1, ,-34, ,
1, ,-34, ,
1, ,-34, ,
-1, ,-34, ,
2, ,-34, ,
1, ,-34, ,
1, ,-34, ,
1, ,-34, ,
1, ,-34, ,
-1, ,-33, ,
1, ,-34, ,
1, ,-34, ,
1, ,-34, ,
1, ,-34, ,
1, ,-34, ,
-1, ,-34, ,
2, ,-34, ,
1, ,-34, ,
1, ,-34, ,
2, ,-34, ,
1, ,-34, ,
-1, ,-34, ,
1, ,-34, ,
1, ,-34, ,
1, ,-34, ,
1, ,-34, ,
1, ,-34, ,
-1, ,-34, ,
2, ,-34, ,
1, ,-34, ,
1, ,-34, ,
1, ,-34, ,
1, ,-34, ,
-1, ,-33, ,
1, ,-34, ,
1, ,-34, ,
1, ,-34, ,
2, ,-34, ,
1, ,-34, ,
-1, ,-34, ,
2, ,-34, ,
1, ,-33, ,
1, ,-34, ,
1, ,-34, ,
1, ,-33, ,
-1, ,-18, ,
2, ,1, ,
1, ,16, ,
1, ,27, ,
2, ,36, ,
1, ,43, ,
-1, ,46, ,
2, ,50, ,
1, ,53, ,
1, ,55, ,
1, ,56, ,
1, ,58, ,
-1, ,57, ,
2, ,58, ,
1, ,59, ,
1, ,59, ,
2, ,59, ,
1, ,61, ,
-1, ,59, ,
2, ,60, ,
1, ,60, ,
-1, ,60, ,
1, ,60, ,
1, ,60, ,
-1, ,59, ,
2, ,60, ,
-1, ,60, ,
1, ,59, ,
1, ,60, ,
1, ,61, ,
-1, ,59, ,
2, ,60, ,
-1, ,61, ,
-1, ,60, ,
1, ,59, ,
1, ,61, ,
-1, ,59, ,
2, ,60, ,
-1, ,60, ,
-1, ,59, ,
1, ,59, ,
1, ,61, ,
-1, ,59, ,
2, ,59, ,
-1, ,60, ,
-1, ,60, ,
1, ,59, ,
1, ,60, ,
-1, ,58, ,
1, ,60, ,
-1, ,60, ,
-1, ,59, ,
1, ,59, ,
1, ,61, ,
-1, ,59, ,
2, ,59, ,
-1, ,60, ,
-1, ,60, ,
1, ,59, ,
1, ,60, ,
-1, ,58, ,
2, ,59, ,
-1, ,60, ,
-1, ,59, ,
2, ,59, ,
1, ,61, ,
20, ,59, ,
64, ,59, ,
40, ,60, ,
25, ,60, ,
17, ,59, ,
11, ,60, ,
7, ,58, ,
7, ,60, ,
5, ,60, ,
3, ,59, ,
3, ,59, ,
2, ,60, ,
2, ,59, ,
3, ,59, ,
2, ,60, ,
2, ,60, ,
2, ,59, ,
3, ,60, ,
1, ,59, ,
3, ,60, ,
2, ,60, ,
2, ,59, ,
3, ,59, ,
2, ,60, ,
1, ,58, ,
3, ,59, ,
2, ,60, ,
2, ,59, ,
3, ,59, ,
2, ,60, ,
1, ,58, ,
3, ,59, ,
2, ,60, ,
2, ,59, ,
3, ,59, ,
2, ,60, ,
2, ,58, ,
3, ,59, ,
2, ,60, ,
2, ,59, ,
3, ,59, ,
2, ,60, ,
1, ,58, ,
3, ,60, ,
2, ,60, ,
2, ,59, ,
3, ,59, ,
2, ,60, ,
1, ,58, ,
3, ,59, ,
2, ,60, ,
2, ,59, ,
2, ,59, ,
2, ,60, ,
1, ,58, ,
3, ,60, ,
2, ,60, ,
1, ,59, ,
2, ,59, ,
2, ,60, ,
1, ,58, ,
3, ,60, ,
2, ,60, ,
2, ,59, ,
2, ,59, ,
2, ,60, ,
1, ,58, ,
3, ,60, ,
2, ,60, ,
1, ,59, ,
2, ,59, ,
2, ,60, ,
1, ,58, ,
3, ,59, ,
2, ,60, ,
1, ,59, ,
2, ,59, ,
2, ,60, ,
1, ,58, ,
3, ,60, ,
2, ,60, ,
1, ,59, ,
2, ,59, ,
2, ,60, ,
1, ,58, ,
3, ,59, ,
1, ,60, ,
1, ,59, ,
2, ,53, ,
2, ,34, ,
1, ,16, ,
3, ,3, ,
1, ,-6, ,
1, ,-14, ,
2, ,-19, ,
2, ,-23, ,
1, ,-25, ,
2, ,-27, ,
2, ,-30, ,
2, ,-32, ,
2, ,-32, ,
2, ,-33, ,
1, ,-33, ,
2, ,-34, ,
2, ,-34, ,
2, ,-34, ,
2, ,-34, ,
2, ,-35, ,
1, ,-34, ,
2, ,-34, ,
2, ,-34, ,
2, ,-35, ,
2, ,-34, ,
2, ,-34, ,
1, ,-34, ,
2, ,-34, ,
2, ,-34, ,
2, ,-34, ,
2, ,-34, ,
2, ,-35, ,
1, ,-34, ,
2, ,-34, ,
2, ,-34, ,
1, ,-35, ,
2, ,-34, ,
2, ,-34, ,
1, ,-34, ,
2, ,-34, ,
2, ,-34, ,
2, ,-34, ,
2, ,-34, ,
2, ,-34, ,
1, ,-34, ,
2, ,-34, ,
2, ,-34, ,
1, ,-34, ,
2, ,-34, ,
2, ,-34, ,
1, ,-33, ,
2, ,-34, ,
1, ,-34, ,
1, ,-34, ,
2, ,-34, ,
2, ,-34, ,
1, ,-34, ,
2, ,-34, ,
2, ,-34, ,
2, ,-34, ,
2, ,-34, ,
2, ,-34, ,
1, ,-34, ,
2, ,-34, ,
1, ,-34, ,
2, ,-34, ,
2, ,-34, ,
2, ,-34, ,
1, ,-34, ,
2, ,-34, ,
1, ,-34, ,
1, ,-34, ,
2, ,-34, ,
2, ,-34, ,
1, ,-33, ,
2, ,-34, ,
2, ,-34, ,
2, ,-34, ,
2, ,-34, ,
2, ,-34, ,
1, ,-34, ,
2, ,-34, ,
2, ,-34, ,
2, ,-34, ,
2, ,-34, ,
2, ,-34, ,
1, ,-33, ,
2, ,-34, ,
1, ,-34, ,
1, ,-34, ,
2, ,-34, ,
2, ,-34, ,
1, ,-34, ,
2, ,-34, ,
1, ,-34, ,
2, ,-34, ,
2, ,-34, ,
2, ,-34, ,
1, ,-33, ,
2, ,-34, ,
2, ,-34, ,
2, ,-34, ,
2, ,-34, ,
2, ,-34, ,
1, ,-33, ,
2, ,-34, ,
1, ,-34, ,
1, ,-34, ,
2, ,-34, ,
2, ,-34, ,
1, ,-33, ,
2, ,-34, ,
2, ,-34, ,
1, ,-34, ,
2, ,-34, ,
2, ,-34, ,
1, ,-33, ,
2, ,-34, ,
1, ,-34, ,
1, ,-34, ,
2, ,-34, ,
2, ,-34, ,
1, ,-33, ,
2, ,-34, ,
1, ,-34, ,
1, ,-34, ,
2, ,-34, ,
2, ,-34, ,
1, ,-34, ,
2, ,-34, ,
1, ,-34, ,
1, ,-34, ,
2, ,-34, ,
2, ,-34, ,
1, ,-33, ,
2, ,-34, ,
1, ,-34, ,
1, ,-34, ,
2, ,-34, ,
2, ,-34, ,
1, ,-34, ,
2, ,-34, ,
1, ,-34, ,
1, ,-34, ,
2, ,-34, ,
2, ,-34, ,
1, ,-33, ,
2, ,-34, ,
1, ,-34, ,
1, ,-34, ,
2, ,-34, ,
2, ,-34, ,
1, ,-34, ,
2, ,-34, ,
1, ,-34, ,
1, ,-34, ,
2, ,-34, ,
2, ,-34, ,
1, ,-34, ,
2, ,-34, ,
1, ,-34, ,
1, ,-34, ,
2, ,-34, ,
2, ,-34, ,
1, ,-34, ,
2, ,-34, ,
1, ,-34, ,
1, ,-34, ,
2, ,-34, ,
2, ,-34, ,
1, ,-34, ,
2, ,-34, ,
1, ,-34, ,
1, ,-34, ,
2, ,-34, ,
2, ,-34, ,
1, ,-34, ,
2, ,-34, ,
1, ,-34, ,
1, ,-34, ,
2, ,-34, ,
2, ,-34, ,
1, ,-33, ,
2, ,-34, ,
1, ,-34, ,
2, ,-34, ,
2, ,-34, ,
2, ,-34, ,
1, ,-33, ,
2, ,-34, ,
1, ,-34, ,
1, ,-34, ,
2, ,-34, ,
1, ,-34, ,
1, ,-34, ,
2, ,-34, ,
1, ,-34, ,
1, ,-34, ,
2, ,-34, ,
1, ,-34, ,
1, ,-34, ,
2, ,-34, ,
1, ,-34, ,
1, ,-34, ,
2, ,-34, ,
2, ,-34, ,
1, ,-34, ,
2, ,-34, ,
1, ,-34, ,
1, ,-34, ,
2, ,-34, ,
1, ,-34, ,
1, ,-34, ,
2, ,-34, ,
1, ,-34, ,
1, ,-34, ,
2, ,-33, ,
2, ,-34, ,
1, ,-33, ,
2, ,-34, ,
1, ,-34, ,
2, ,-34, ,
2, ,-34, ,
1, ,-34, ,
1, ,-34, ,
2, ,-34, ,
1, ,-34, ,
1, ,-34, ,
2, ,-34, ,
1, ,-34, ,
1, ,-33, ,
2, ,-34, ,
1, ,-34, ,
1, ,-34, ,
2, ,-34, ,
1, ,-34, ,
1, ,-34, ,
2, ,-33, ,
1, ,-34, ,
1, ,-34, ,
2, ,-34, ,
1, ,-34, ,
1, ,-33, ,
2, ,-34, ,
1, ,-34, ,
1, ,-34, ,
2, ,-34, ,
1, ,-34, ,
1, ,-34, ,
2, ,-34, ,
1, ,-33, ,
1, ,-34, ,
2, ,-34, ,
1, ,-34, ,
-1, ,-33, ,
1, ,-34, ,
1, ,-34, ,
1, ,-34, ,
2, ,-34, ,
2, ,-34, ,
1, ,-34, ,
2, ,-33, ,
1, ,-34, ,
1, ,-34, ,
2, ,-34, ,
1, ,-34, ,
-1, ,-33, ,
1, ,-34, ,
1, ,-34, ,
1, ,-34, ,
1, ,-34, ,
1, ,-34, ,
1, ,-34, ,
2, ,-34, ,
1, ,-34, ,
1, ,-34, ,
2, ,-34, ,
1, ,-34, ,
-1, ,-34, ,
2, ,-34, ,
1, ,-34, ,
1, ,-34, ,
2, ,-34, ,
1, ,-34, ,
-1, ,-34, ,
2, ,-34, ,
1, ,-34, ,
1, ,-34, ,
2, ,-34, ,
1, ,-34, ,
-1, ,-33, ,
2, ,-34, ,
1, ,-34, ,
1, ,-34, ,
1, ,-34, ,
1, ,-34, ,
-1, ,-34, ,
2, ,-34, ,
1, ,-34, ,
1, ,-34, ,
2, ,-34, ,
1, ,-34, ,
-1, ,-34, ,
2, ,-34, ,
1, ,-34, ,
1, ,-34, ,
1, ,-34, ,
1, ,-34, ,
1, ,-34, ,
2, ,-34, ,
1, ,-34, ,
1, ,-34, ,
2, ,-34, ,
2, ,-34, ,
-1, ,-33, ,
2, ,-34, ,
1, ,-34, ,
1, ,-34, ,
2, ,-34, ,
1, ,-34, ,
-1, ,-34, ,
2, ,-33, ,
1, ,-34, ,
1, ,-34, ,
2, ,-33, ,
1, ,-34, ,
-1, ,-33, ,
2, ,-34, ,
1, ,-34, ,
1, ,-34, ,
2, ,-34, ,
1, ,-34, ,
1, ,-34, ,
2, ,-34, ,
1, ,-34, ,
1, ,-34, ,
2, ,-34, ,
1, ,-34, ,
-1, ,-34, ,
1, ,-34, ,
1, ,-34, ,
1, ,-34, ,
2, ,-33, ,
1, ,-34, ,
-1, ,-34, ,
2, ,-34, ,
1, ,-34, ,
1, ,-34, ,
2, ,-34, ,
1, ,-34, ,
-1, ,-33, ,
2, ,-34, ,
1, ,-34, ,
1, ,-34, ,
1, ,-34, ,
1, ,-34, ,
-1, ,-34, ,
1, ,-33, ,
1, ,-34, ,
1, ,-34, ,
2, ,-34, ,
2, ,-34, ,
-1, ,-33, ,
2, ,-34, ,
1, ,-34, ,
1, ,-34, ,
2, ,-34, ,
1, ,-34, ,
1, ,-34, ,
2, ,-33, ,
1, ,-34, ,
1, ,-34, ,
2, ,-34, ,
1, ,-34, ,
-1, ,-33, ,
2, ,-34, ,
1, ,-34, ,
1, ,-34, ,
2, ,-34, ,
1, ,-34, ,
-1, ,-34, ,
2, ,-34, ,
1, ,-34, ,
1, ,-34, ,
2, ,-34, ,
1, ,-34, ,
-1, ,-33, ,
1, ,-34, ,
1, ,-34, ,
1, ,-34, ,
1, ,-34, ,
1, ,-34, ,
-1, ,-34, ,
2, ,-34, ,
1, ,-34, ,
1, ,-34, ,
2, ,-34, ,
1, ,-34, ,
-1, ,-33, ,
1, ,-34, ,
1, ,-34, ,
1, ,-34, ,
1, ,-34, ,
1, ,-34, ,
-1, ,-34, ,
2, ,-34, ,
-1, ,-34, ,
1, ,-34, ,
2, ,-34, ,
1, ,-34, ,
-1, ,-33, ,
2, ,-34, ,
1, ,-34, ,
-1, ,-34, ,
1, ,-34, ,
1, ,-34, ,
-1, ,-34, ,
2, ,-34, ,
1, ,-34, ,
1, ,-34, ,
1, ,-34, ,
1, ,-34, ,
-1, ,-33, ,
1, ,-34, ,
1, ,-34, ,
1, ,-34, ,
1, ,-34, ,
1, ,-34, ,
-1, ,-33, ,
1, ,-34, ,
1, ,-34, ,
1, ,-34, ,
1, ,-34, ,
1, ,-34, ,
-1, ,-33, ,
1, ,-34, ,
1, ,-34, ,
1, ,-34, ,
1, ,-34, ,
1, ,-34, ,
-1, ,-34, ,
2, ,-34, ,
1, ,-34, ,
1, ,-34, ,
2, ,-34, ,
1, ,-34, ,
-1, ,-33, ,
1, ,-34, ,
1, ,-34, ,
1, ,-34, ,
1, ,-34, ,
1, ,-34, ,
1, ,-34, ,
2, ,-34, ,
1, ,-34, ,
1, ,-34, ,
1, ,-33, ,
1, ,-34, ,
-1, ,-33, ,
1, ,-34, ,
1, ,-34, ,
1, ,-34, ,
2, ,-34, ,
2, ,-34, ,
1, ,-34, ,
2, ,-34, ,
1, ,-34, ,
1, ,-34, ,
2, ,-34, ,
1, ,-34, ,
-1, ,-33, ,
2, ,-34, ,
1, ,-34, ,
1, ,-34, ,
1, ,-34, ,
1, ,-34, ,
1, ,-33, ,
2, ,-34, ,
1, ,-34, ,
1, ,-34, ,
2, ,-34, ,
1, ,-34, ,
-1, ,-33, ,
1, ,-34, ,
1, ,-34, ,
1, ,-34, ,
1, ,-34, ,
1, ,-34, ,
-1, ,-34, ,
2, ,-34, ,
1, ,-34, ,
1, ,-34, ,
1, ,-34, ,
1, ,-34, ,
-1, ,-33, ,
1, ,-34, ,
1, ,-34, ,
1, ,-34, ,
1, ,-34, ,
1, ,-34, ,
-1, ,-34, ,
2, ,-34, ,
1, ,-34, ,
1, ,-34, ,
2, ,-34, ,
1, ,-34, ,
-1, ,-33, ,
1, ,-34, ,
1, ,-34, ,
1, ,-34, ,
2, ,-34, ,
1, ,-34, ,
-1, ,-34, ,
1, ,-33, ,
1, ,-33, ,
1, ,-34, ,
1, ,-34, ,
1, ,-34, ,
-1, ,-33, ,
1, ,-34, ,
1, ,-34, ,
1, ,-34, ,
1, ,-34, ,
1, ,-34, ,
-1, ,-33, ,
1, ,-33, ,
-1, ,-34, ,
1, ,-34, ,
1, ,-34, ,
1, ,-34, ,
-1, ,-33, ,
2, ,-34, ,
1, ,-34, ,
-1, ,-34, ,
1, ,-34, ,
1, ,-34, ,
-1, ,-34, ,
1, ,-34, ,
-1, ,-33, ,
1, ,-34, ,
1, ,-34, ,
1, ,-34, ,
-1, ,-33, ,
1, ,-34, ,
-1, ,-34, ,
-1, ,-34, ,
1, ,-34, ,
1, ,-34, ,
-1, ,-33, ,
2, ,-33, ,
-1, ,-34, ,
-1, ,-34, ,
1, ,-34, ,
1, ,-34, ,
-1, ,-33, ,
1, ,-34, ,
-1, ,-34, ,
-1, ,-34, ,
1, ,-34, ,
1, ,-34, ,
-1, ,-34, ,
2, ,-34, ,
1, ,-34, ,
-1, ,-34, ,
1, ,-34, ,
1, ,-34, ,
-1, ,-33, ,
1, ,-34, ,
-1, ,-34, ,
1, ,-34, ,
1, ,-34, ,
1, ,-34, ,
-1, ,-33, ,
1, ,-34, ,
1, ,-34, ,
1, ,-34, ,
1, ,-34, ,
1, ,-34, ,
-1, ,-33, ,
1, ,-34, ,
1, ,-34, ,
1, ,-34, ,
1, ,-34, ,
1, ,-34, ,
-1, ,-34, ,
1, ,-34, ,
1, ,-34, ,
1, ,-34, ,
2, ,-34, ,
2, ,-34, ,
-1, ,-33, ,
1, ,-34, ,
1, ,-34, ,
1, ,-34, ,
2, ,-34, ,
1, ,-34, ,
-1, ,-34, ,
2, ,-34, ,
1, ,-34, ,
1, ,-34, ,
1, ,-34, ,
1, ,-34, ,
-1, ,-33, ,
1, ,-34, ,
1, ,-34, ,
1, ,-34, ,
2, ,-34, ,
2, ,-34, ,
-1, ,-33, ,
2, ,-34, ,
-1, ,-34, ,
1, ,-34, ,
2, ,-34, ,
1, ,-34, ,
-1, ,-33, ,
1, ,-34, ,
-1, ,-34, ,
1, ,-34, ,
1, ,-34, ,
1, ,-34, ,
-1, ,-34, ,
1, ,-34, ,
1, ,-34, ,
1, ,-34, ,
1, ,-34, ,
1, ,-34, ,
-1, ,-33, ,
1, ,-22, ,
1, ,-2, ,
1, ,14, ,
2, ,25, ,
1, ,35, ,
-1, ,40, ,
2, ,45, ,
1, ,50, ,
1, ,52, ,
2, ,54, ,
1, ,57, ,
-1, ,56, ,
1, ,58, ,
-1, ,59, ,
1, ,58, ,
1, ,59, ,
1, ,60, ,
-1, ,59, ,
1, ,60, ,
1, ,60, ,
-1, ,60, ,
1, ,59, ,
1, ,61, ,
-1, ,59, ,
2, ,60, ,
-1, ,60, ,
-1, ,59, ,
1, ,60, ,
1, ,61, ,
-1, ,59, ,
1, ,60, ,
-1, ,60, ,
-1, ,60, ,
1, ,59, ,
1, ,60, ,
-1, ,59, ,
1, ,60, ,
-1, ,60, ,
-1, ,59, ,
1, ,59, ,
1, ,61, ,
-1, ,59, ,
1, ,59, ,
-1, ,60, ,
13, ,59, ,
67, ,59, ,
43, ,60, ,
25, ,59, ,
17, ,60, ,
10, ,60, ,
7, ,59, ,
6, ,59, ,
3, ,60, ,
2, ,59, ,
3, ,60, ,
2, ,60, ,
2, ,59, ,
3, ,59, ,
2, ,60, ,
1, ,59, ,
3, ,59, ,
2, ,59, ,
2, ,59, ,
3, ,59, ,
2, ,60, ,
2, ,59, ,
3, ,59, ,
2, ,60, ,
2, ,60, ,
3, ,59, ,
2, ,60, ,
1, ,59, ,
3, ,59, ,
2, ,60, ,
2, ,59, ,
3, ,59, ,
2, ,60, ,
1, ,59, ,
3, ,59, ,
2, ,60, ,
2, ,59, ,
3, ,59, ,
2, ,60, ,
1, ,59, ,
3, ,60, ,
2, ,60, ,
1, ,59, ,
3, ,59, ,
2, ,60, ,
1, ,59, ,
3, ,59, ,
2, ,60, ,
2, ,59, ,
3, ,59, ,
2, ,60, ,
1, ,58, ,
3, ,60, ,
2, ,60, ,
2, ,59, ,
3, ,59, ,
2, ,60, ,
1, ,59, ,
3, ,59, ,
1, ,60, ,
1, ,60, ,
3, ,59, ,
2, ,60, ,
1, ,59, ,
3, ,59, ,
1, ,60, ,
2, ,59, ,
3, ,59, ,
2, ,60, ,
1, ,59, ,
3, ,59, ,
1, ,59, ,
7, ,59, ,
17, ,60, ,
13, ,60, ,
8, ,59, ,
7, ,60, ,
5, ,60, ,
3, ,59, ,
3, ,59, ,
2, ,60, ,
2, ,59, ,
3, ,60, ,
2, ,60, ,
2, ,59, ,
2, ,59, ,
2, ,60, ,
1, ,58, ,
3, ,60, ,
2, ,60, ,
2, ,59, ,
3, ,59, ,
2, ,60, ,
1, ,58, ,
3, ,59, ,
5, ,60, ,
6, ,59, ,
7, ,59, ,
5, ,60, ,
3, ,58, ,
5, ,60, ,
2, ,60, ,
2, ,59, ,
3, ,59, ,
2, ,60, ,
1, ,58, ,
3, ,59, ,
2, ,60, ,
2, ,59, ,
3, ,59, ,
2, ,57, ,
1, ,38, ,
2, ,20, ,
2, ,6, ,
2, ,-4, ,
2, ,-12, ,
2, ,-18, ,
1, ,-22, ,
2, ,-25, ,
2, ,-27, ,
2, ,-30, ,
2, ,-31, ,
2, ,-32, ,
1, ,-32, ,
3, ,-33, ,
2, ,-34, ,
2, ,-34, ,
2, ,-34, ,
2, ,-34, ,
2, ,-34, ,
3, ,-34, ,
2, ,-34, ,
2, ,-35, ,
3, ,-34, ,
3, ,-35, ,
1, ,-34, ,
2, ,-34, ,
2, ,-35, ,
2, ,-34, ,
2, ,-34, ,
2, ,-35, ,
1, ,-34, ,
3, ,-34, ,
2, ,-34, ,
2, ,-34, ,
2, ,-34, ,
2, ,-34, ,
1, ,-34, ,
3, ,-34, ,
2, ,-34, ,
2, ,-34, ,
3, ,-34, ,
2, ,-34, ,
1, ,-34, ,
3, ,-34, ,
2, ,-34, ,
2, ,-34, ,
3, ,-34, ,
3, ,-34, ,
1, ,-33, ,
2, ,-34, ,
2, ,-34, ,
2, ,-34, ,
2, ,-34, ,
3, ,-34, ,
1, ,-34, ,
2, ,-34, ,
2, ,-34, ,
2, ,-34, ,
3, ,-34, ,
2, ,-34, ,
1, ,-33, ,
2, ,-34, ,
2, ,-34, ,
2, ,-34, ,
3, ,-34, ,
2, ,-34, ,
2, ,-34, ,
2, ,-34, ,
2, ,-34, ,
2, ,-34, ,
2, ,-34, ,
2, ,-34, ,
1, ,-33, ,
3, ,-34, ,
2, ,-34, ,
2, ,-34, ,
2, ,-34, ,
2, ,-34, ,
1, ,-34, ,
2, ,-34, ,
2, ,-34, ,
2, ,-34, ,
2, ,-34, ,
2, ,-34, ,
1, ,-33, ,
3, ,-34, ,
1, ,-34, ,
2, ,-34, ,
2, ,-34, ,
2, ,-34, ,
1, ,-34, ,
2, ,-33, ,
2, ,-34, ,
2, ,-34, ,
2, ,-34, ,
2, ,-34, ,
1, ,-33, ,
3, ,-34, ,
2, ,-34, ,
1, ,-34, ,
2, ,-34, ,
2, ,-34, ,
1, ,-34, ,
2, ,-34, ,
1, ,-34, ,
2, ,-34, ,
2, ,-34, ,
2, ,-34, ,
1, ,-33, ,
2, ,-34, ,
2, ,-34, ,
2, ,-34, ,
2, ,-34, ,
2, ,-34, ,
1, ,-33, ,
2, ,-34, ,
1, ,-34, ,
2, ,-34, ,
2, ,-34, ,
2, ,-34, ,
1, ,-33, ,
2, ,-34, ,
2, ,-34, ,
1, ,-34, ,
2, ,-34, ,
2, ,-34, ,
1, ,-34, ,
2, ,-34, ,
1, ,-34, ,
1, ,-34, ,
2, ,-34, ,
2, ,-34, ,
1, ,-33, ,
2, ,-34, ,
1, ,-34, ,
2, ,-34, ,
2, ,-34, ,
2, ,-34, ,
1, ,-34, ,
2, ,-33, ,
2, ,-34, ,
1, ,-34, ,
2, ,-34, ,
2, ,-34, ,
1, ,-33, ,
2, ,-34, ,
1, ,-34, ,
1, ,-34, ,
2, ,-34, ,
2, ,-34, ,
1, ,-33, ,
2, ,-33, ,
1, ,-34, ,
2, ,-34, ,
2, ,-34, ,
2, ,-34, ,
1, ,-33, ,
2, ,-34, ,
1, ,-34, ,
2, ,-34, ,
2, ,-34, ,
2, ,-34, ,
