Format,1.0B,
Memory Length,10000,Memory Length,10000,
IntpDistance,0,IntpDistance,0,
Trigger Address,4999,Trigger Address,4999,
Trigger Level,1.040E+00,Trigger Level,1.040E+00,
Source,CH1,Source,CH2,
Vertical Units,V,Vertical Units,V,
Vertical Units Div,0,Vertical Units Div,0,
Vertical Units Extend Div,16,Vertical Units Extend Div,16,
Label,,Label,,
Probe Type,0,Probe Type,0,
Probe Ratio,1.000e+01,Probe Ratio,1.000e+00,
Vertical Scale,5.000e-01,Vertical Scale,1.000e+00,
Vertical Position,-1.820e+00,Vertical Position,0.000e+00,
Horizontal Units,S,Horizontal Units,S,
Horizontal Scale,2.000E-05,Horizontal Scale,2.000E-05,
Horizontal Position,0.000E+00,Horizontal Position,0.000E+00,
Horizontal Mode,Main,Horizontal Mode,Main,
SincET Mode,Real Time,SincET Mode,Real Time,
Sampling Period,2.000e-08,Sampling Period,2.000e-08,
Horizontal Old Scale,2.000E-05,Horizontal Old Scale,2.000E-05,
Horizontal Old Position,0.000E+00,Horizontal Old Position,0.000E+00,
Firmware,V1.23,Firmware,V1.23,
Mode,Fast,Mode,Fast,
Waveform Data,,Waveform Data,,
2, ,-31, ,
1, ,-31, ,
1, ,-32, ,
2, ,-32, ,
2, ,-31, ,
1, ,-32, ,
2, ,-31, ,
1, ,-32, ,
1, ,-32, ,
2, ,-31, ,
1, ,-31, ,
1, ,-31, ,
2, ,-31, ,
1, ,-31, ,
1, ,-31, ,
2, ,-32, ,
2, ,-31, ,
1, ,-32, ,
2, ,-31, ,
1, ,-31, ,
1, ,-31, ,
2, ,-31, ,
2, ,-32, ,
-1, ,-32, ,
2, ,-32, ,
1, ,-31, ,
1, ,-32, ,
2, ,-32, ,
1, ,-31, ,
1, ,-32, ,
2, ,-31, ,
1, ,-32, ,
1, ,-32, ,
2, ,-31, ,
1, ,-31, ,
1, ,-31, ,
2, ,-31, ,
1, ,-31, ,
1, ,-31, ,
2, ,-32, ,
1, ,-31, ,
1, ,-32, ,
2, ,-31, ,
1, ,-31, ,
1, ,-32, ,
2, ,-31, ,
1, ,-31, ,
-1, ,-32, ,
2, ,-32, ,
1, ,-31, ,
1, ,-31, ,
2, ,-32, ,
1, ,-31, ,
1, ,-32, ,
2, ,-31, ,
1, ,-32, ,
1, ,-32, ,
2, ,-32, ,
1, ,-31, ,
1, ,-32, ,
2, ,-31, ,
1, ,-31, ,
1, ,-31, ,
2, ,-32, ,
1, ,-31, ,
-1, ,-32, ,
2, ,-31, ,
1, ,-32, ,
1, ,-32, ,
2, ,-31, ,
1, ,-31, ,
-1, ,-32, ,
1, ,-32, ,
1, ,-31, ,
1, ,-31, ,
2, ,-32, ,
1, ,-31, ,
-1, ,-32, ,
2, ,-31, ,
1, ,-32, ,
1, ,-32, ,
2, ,-31, ,
1, ,-31, ,
-1, ,-32, ,
2, ,-32, ,
1, ,-31, ,
1, ,-31, ,
2, ,-32, ,
1, ,-31, ,
-1, ,-32, ,
2, ,-31, ,
1, ,-31, ,
1, ,-31, ,
2, ,-31, ,
2, ,-31, ,
1, ,-31, ,
2, ,-31, ,
1, ,-31, ,
1, ,-31, ,
2, ,-32, ,
1, ,-31, ,
1, ,-32, ,
2, ,-31, ,
1, ,-31, ,
1, ,-32, ,
2, ,-31, ,
1, ,-32, ,
-1, ,-32, ,
2, ,-31, ,
1, ,-31, ,
1, ,-32, ,
2, ,-32, ,
1, ,-31, ,
1, ,-32, ,
2, ,-31, ,
1, ,-32, ,
1, ,-32, ,
2, ,-31, ,
1, ,-31, ,
1, ,-32, ,
2, ,-31, ,
1, ,-31, ,
1, ,-31, ,
1, ,-32, ,
1, ,-31, ,
1, ,-32, ,
2, ,-31, ,
1, ,-32, ,
1, ,-32, ,
2, ,-31, ,
1, ,-31, ,
-1, ,-32, ,
2, ,-31, ,
1, ,-31, ,
1, ,-31, ,
2, ,-32, ,
1, ,-31, ,
-1, ,-32, ,
2, ,-31, ,
1, ,-32, ,
1, ,-32, ,
2, ,-31, ,
1, ,-31, ,
-1, ,-32, ,
2, ,-32, ,
1, ,-32, ,
1, ,-31, ,
1, ,-32, ,
1, ,-31, ,
-1, ,-32, ,
2, ,-31, ,
1, ,-32, ,
1, ,-32, ,
2, ,-32, ,
2, ,-31, ,
-1, ,-31, ,
2, ,-31, ,
1, ,-31, ,
1, ,-31, ,
1, ,-32, ,
1, ,-31, ,
-1, ,-32, ,
2, ,-31, ,
1, ,-31, ,
1, ,-32, ,
2, ,-32, ,
1, ,-31, ,
-1, ,-31, ,
2, ,-31, ,
1, ,-31, ,
1, ,-31, ,
1, ,-32, ,
1, ,-31, ,
-1, ,-31, ,
2, ,-31, ,
1, ,-31, ,
1, ,-32, ,
2, ,-32, ,
2, ,-31, ,
-1, ,-32, ,
64, ,-32, ,
41, ,-31, ,
25, ,-31, ,
16, ,-32, ,
11, ,-32, ,
7, ,-32, ,
6, ,-31, ,
3, ,-32, ,
3, ,-32, ,
3, ,-31, ,
2, ,-31, ,
2, ,-31, ,
3, ,-31, ,
2, ,-31, ,
2, ,-31, ,
2, ,-32, ,
3, ,-31, ,
1, ,-32, ,
3, ,-31, ,
2, ,-31, ,
2, ,-32, ,
2, ,-32, ,
2, ,-31, ,
2, ,-32, ,
3, ,-31, ,
2, ,-31, ,
2, ,-32, ,
2, ,-32, ,
3, ,-31, ,
2, ,-32, ,
3, ,-31, ,
2, ,-31, ,
2, ,-32, ,
2, ,-32, ,
2, ,-32, ,
1, ,-32, ,
3, ,-32, ,
2, ,-31, ,
2, ,-31, ,
2, ,-32, ,
2, ,-31, ,
1, ,-32, ,
3, ,-31, ,
2, ,-32, ,
2, ,-31, ,
2, ,-31, ,
3, ,-32, ,
2, ,-31, ,
3, ,-31, ,
2, ,-31, ,
2, ,-31, ,
3, ,-32, ,
3, ,-31, ,
1, ,-32, ,
2, ,-31, ,
2, ,-31, ,
2, ,-32, ,
2, ,-32, ,
3, ,-31, ,
1, ,-32, ,
2, ,-32, ,
2, ,-31, ,
2, ,-31, ,
2, ,-32, ,
2, ,-31, ,
1, ,-32, ,
3, ,-31, ,
2, ,-31, ,
2, ,-32, ,
2, ,-32, ,
3, ,-32, ,
1, ,-32, ,
2, ,-31, ,
2, ,-31, ,
2, ,-32, ,
2, ,-32, ,
2, ,-31, ,
1, ,-32, ,
3, ,-31, ,
2, ,-31, ,
2, ,-32, ,
2, ,-31, ,
2, ,-31, ,
1, ,-32, ,
2, ,-32, ,
2, ,-31, ,
2, ,-31, ,
2, ,-32, ,
2, ,-31, ,
1, ,-32, ,
2, ,-31, ,
2, ,-32, ,
2, ,-32, ,
2, ,-31, ,
2, ,-31, ,
1, ,-31, ,
2, ,-32, ,
2, ,-31, ,
2, ,-32, ,
2, ,-32, ,
2, ,-31, ,
1, ,-32, ,
2, ,-31, ,
2, ,-32, ,
2, ,-32, ,
2, ,-31, ,
2, ,-31, ,
1, ,-31, ,
2, ,-32, ,
2, ,-32, ,
2, ,-31, ,
2, ,-32, ,
2, ,-31, ,
1, ,-32, ,
2, ,-31, ,
1, ,-32, ,
2, ,-32, ,
2, ,-31, ,
2, ,-31, ,
1, ,-32, ,
2, ,-31, ,
2, ,-32, ,
2, ,-31, ,
2, ,-32, ,
2, ,-32, ,
1, ,-32, ,
2, ,-31, ,
2, ,-32, ,
1, ,-23, ,
3, ,-3, ,
2, ,14, ,
1, ,25, ,
2, ,35, ,
2, ,42, ,
2, ,47, ,
2, ,52, ,
2, ,54, ,
1, ,57, ,
2, ,57, ,
1, ,59, ,
1, ,60, ,
2, ,60, ,
1, ,61, ,
1, ,62, ,
2, ,61, ,
2, ,61, ,
1, ,62, ,
2, ,62, ,
2, ,62, ,
1, ,62, ,
2, ,61, ,
1, ,62, ,
1, ,62, ,
2, ,62, ,
2, ,62, ,
1, ,63, ,
2, ,62, ,
1, ,62, ,
1, ,63, ,
2, ,62, ,
2, ,62, ,
1, ,63, ,
2, ,61, ,
1, ,62, ,
1, ,63, ,
2, ,62, ,
1, ,62, ,
1, ,63, ,
3, ,61, ,
1, ,61, ,
1, ,62, ,
7, ,62, ,
31, ,62, ,
21, ,62, ,
15, ,61, ,
10, ,62, ,
6, ,62, ,
6, ,62, ,
3, ,62, ,
2, ,63, ,
3, ,61, ,
2, ,62, ,
1, ,62, ,
2, ,61, ,
3, ,61, ,
2, ,62, ,
3, ,60, ,
2, ,62, ,
2, ,62, ,
3, ,61, ,
2, ,61, ,
1, ,63, ,
3, ,61, ,
2, ,62, ,
2, ,63, ,
2, ,62, ,
2, ,62, ,
1, ,62, ,
3, ,60, ,
2, ,62, ,
2, ,62, ,
3, ,61, ,
2, ,61, ,
1, ,62, ,
3, ,60, ,
2, ,62, ,
2, ,62, ,
2, ,62, ,
2, ,61, ,
1, ,62, ,
3, ,60, ,
2, ,62, ,
2, ,62, ,
2, ,61, ,
2, ,61, ,
1, ,62, ,
3, ,60, ,
2, ,62, ,
2, ,62, ,
2, ,62, ,
2, ,61, ,
1, ,62, ,
3, ,61, ,
2, ,62, ,
2, ,62, ,
3, ,61, ,
2, ,61, ,
1, ,63, ,
3, ,61, ,
2, ,62, ,
2, ,62, ,
2, ,62, ,
2, ,61, ,
1, ,62, ,
3, ,61, ,
10, ,62, ,
12, ,62, ,
10, ,61, ,
7, ,62, ,
5, ,62, ,
5, ,60, ,
3, ,61, ,
2, ,62, ,
3, ,61, ,
2, ,61, ,
1, ,62, ,
3, ,60, ,
2, ,62, ,
2, ,62, ,
3, ,61, ,
2, ,61, ,
1, ,62, ,
3, ,60, ,
2, ,62, ,
2, ,62, ,
2, ,61, ,
2, ,62, ,
1, ,62, ,
3, ,61, ,
2, ,62, ,
2, ,62, ,
2, ,60, ,
2, ,61, ,
1, ,62, ,
3, ,60, ,
2, ,61, ,
2, ,62, ,
2, ,61, ,
2, ,61, ,
1, ,62, ,
3, ,61, ,
2, ,62, ,
5, ,63, ,
8, ,61, ,
7, ,61, ,
5, ,63, ,
6, ,61, ,
3, ,62, ,
3, ,62, ,
3, ,62, ,
2, ,61, ,
1, ,62, ,
3, ,58, ,
1, ,42, ,
2, ,23, ,
2, ,9, ,
2, ,-1, ,
1, ,-9, ,
3, ,-15, ,
2, ,-19, ,
2, ,-22, ,
2, ,-25, ,
2, ,-26, ,
1, ,-28, ,
3, ,-28, ,
2, ,-30, ,
2, ,-31, ,
3, ,-31, ,
2, ,-32, ,
1, ,-32, ,
3, ,-32, ,
2, ,-32, ,
2, ,-32, ,
2, ,-32, ,
2, ,-32, ,
2, ,-32, ,
3, ,-32, ,
2, ,-32, ,
2, ,-32, ,
2, ,-32, ,
2, ,-32, ,
1, ,-32, ,
2, ,-32, ,
2, ,-32, ,
2, ,-32, ,
2, ,-32, ,
2, ,-32, ,
2, ,-32, ,
3, ,-32, ,
2, ,-32, ,
2, ,-32, ,
2, ,-32, ,
3, ,-32, ,
2, ,-32, ,
2, ,-32, ,
2, ,-32, ,
2, ,-32, ,
2, ,-32, ,
2, ,-32, ,
1, ,-32, ,
2, ,-31, ,
2, ,-32, ,
2, ,-32, ,
2, ,-32, ,
3, ,-32, ,
1, ,-32, ,
3, ,-32, ,
2, ,-32, ,
2, ,-32, ,
2, ,-32, ,
3, ,-32, ,
1, ,-32, ,
3, ,-31, ,
2, ,-32, ,
2, ,-32, ,
2, ,-32, ,
2, ,-32, ,
1, ,-32, ,
2, ,-32, ,
2, ,-32, ,
2, ,-32, ,
2, ,-32, ,
2, ,-32, ,
1, ,-32, ,
3, ,-31, ,
2, ,-32, ,
2, ,-32, ,
2, ,-32, ,
2, ,-32, ,
1, ,-32, ,
3, ,-32, ,
2, ,-31, ,
2, ,-32, ,
2, ,-32, ,
2, ,-32, ,
1, ,-32, ,
2, ,-31, ,
2, ,-31, ,
2, ,-32, ,
2, ,-32, ,
2, ,-32, ,
1, ,-32, ,
2, ,-31, ,
2, ,-32, ,
2, ,-31, ,
2, ,-32, ,
2, ,-32, ,
1, ,-32, ,
2, ,-31, ,
2, ,-32, ,
2, ,-32, ,
2, ,-32, ,
2, ,-32, ,
1, ,-32, ,
3, ,-32, ,
2, ,-31, ,
2, ,-32, ,
2, ,-32, ,
2, ,-31, ,
1, ,-32, ,
3, ,-31, ,
2, ,-32, ,
2, ,-31, ,
2, ,-31, ,
2, ,-31, ,
1, ,-32, ,
2, ,-31, ,
2, ,-32, ,
2, ,-32, ,
2, ,-32, ,
2, ,-31, ,
1, ,-32, ,
3, ,-31, ,
2, ,-32, ,
2, ,-32, ,
2, ,-31, ,
2, ,-31, ,
1, ,-32, ,
3, ,-31, ,
2, ,-31, ,
1, ,-31, ,
2, ,-32, ,
2, ,-31, ,
1, ,-32, ,
2, ,-31, ,
2, ,-31, ,
2, ,-31, ,
2, ,-31, ,
2, ,-32, ,
1, ,-32, ,
2, ,-31, ,
2, ,-32, ,
1, ,-31, ,
2, ,-32, ,
2, ,-32, ,
1, ,-32, ,
2, ,-31, ,
1, ,-31, ,
1, ,-31, ,
2, ,-31, ,
2, ,-31, ,
1, ,-32, ,
2, ,-31, ,
1, ,-31, ,
2, ,-31, ,
2, ,-32, ,
2, ,-31, ,
1, ,-32, ,
2, ,-31, ,
1, ,-31, ,
1, ,-31, ,
2, ,-31, ,
2, ,-31, ,
1, ,-31, ,
2, ,-31, ,
1, ,-31, ,
1, ,-31, ,
2, ,-32, ,
2, ,-31, ,
1, ,-32, ,
2, ,-31, ,
1, ,-32, ,
1, ,-31, ,
2, ,-32, ,
2, ,-31, ,
1, ,-31, ,
2, ,-32, ,
1, ,-32, ,
1, ,-31, ,
2, ,-32, ,
2, ,-31, ,
1, ,-31, ,
2, ,-31, ,
1, ,-31, ,
2, ,-31, ,
2, ,-31, ,
2, ,-31, ,
1, ,-32, ,
2, ,-31, ,
1, ,-31, ,
1, ,-31, ,
2, ,-32, ,
2, ,-31, ,
1, ,-32, ,
2, ,-31, ,
1, ,-31, ,
1, ,-31, ,
2, ,-32, ,
2, ,-31, ,
1, ,-32, ,
2, ,-32, ,
2, ,-31, ,
1, ,-31, ,
2, ,-32, ,
2, ,-31, ,
1, ,-32, ,
2, ,-31, ,
1, ,-31, ,
2, ,-32, ,
2, ,-31, ,
2, ,-32, ,
1, ,-32, ,
2, ,-32, ,
1, ,-31, ,
2, ,-31, ,
2, ,-32, ,
2, ,-31, ,
1, ,-32, ,
2, ,-31, ,
2, ,-31, ,
2, ,-31, ,
2, ,-31, ,
2, ,-31, ,
1, ,-31, ,
2, ,-31, ,
2, ,-31, ,
1, ,-31, ,
2, ,-32, ,
2, ,-31, ,
1, ,-32, ,
2, ,-31, ,
1, ,-31, ,
1, ,-31, ,
2, ,-32, ,
2, ,-32, ,
1, ,-31, ,
2, ,-31, ,
1, ,-31, ,
1, ,-31, ,
2, ,-32, ,
2, ,-31, ,
1, ,-32, ,
2, ,-31, ,
1, ,-32, ,
2, ,-32, ,
2, ,-32, ,
2, ,-31, ,
-1, ,-31, ,
2, ,-32, ,
2, ,-31, ,
1, ,-32, ,
2, ,-32, ,
2, ,-31, ,
1, ,-31, ,
2, ,-31, ,
1, ,-31, ,
1, ,-31, ,
2, ,-31, ,
2, ,-31, ,
1, ,-32, ,
2, ,-31, ,
1, ,-31, ,
1, ,-31, ,
2, ,-32, ,
2, ,-32, ,
1, ,-32, ,
2, ,-31, ,
1, ,-31, ,
1, ,-31, ,
2, ,-31, ,
2, ,-31, ,
1, ,-31, ,
2, ,-31, ,
1, ,-31, ,
1, ,-31, ,
2, ,-31, ,
1, ,-31, ,
1, ,-32, ,
2, ,-31, ,
1, ,-32, ,
1, ,-32, ,
2, ,-32, ,
1, ,-31, ,
1, ,-31, ,
2, ,-32, ,
1, ,-31, ,
1, ,-31, ,
2, ,-31, ,
1, ,-31, ,
1, ,-32, ,
2, ,-31, ,
1, ,-32, ,
1, ,-32, ,
2, ,-31, ,
2, ,-31, ,
1, ,-32, ,
2, ,-31, ,
1, ,-32, ,
1, ,-32, ,
2, ,-32, ,
2, ,-31, ,
1, ,-32, ,
2, ,-31, ,
1, ,-31, ,
1, ,-31, ,
2, ,-31, ,
1, ,-31, ,
-1, ,-31, ,
2, ,-31, ,
1, ,-31, ,
1, ,-31, ,
2, ,-32, ,
1, ,-31, ,
1, ,-32, ,
2, ,-31, ,
1, ,-32, ,
1, ,-32, ,
2, ,-32, ,
2, ,-31, ,
1, ,-31, ,
2, ,-32, ,
1, ,-31, ,
1, ,-31, ,
2, ,-32, ,
2, ,-32, ,
1, ,-31, ,
2, ,-31, ,
1, ,-31, ,
2, ,-31, ,
2, ,-31, ,
1, ,-31, ,
1, ,-31, ,
2, ,-31, ,
1, ,-32, ,
1, ,-32, ,
2, ,-32, ,
1, ,-32, ,
1, ,-32, ,
2, ,-31, ,
1, ,-31, ,
1, ,-32, ,
2, ,-31, ,
1, ,-32, ,
1, ,-31, ,
2, ,-31, ,
1, ,-31, ,
1, ,-32, ,
2, ,-32, ,
2, ,-31, ,
1, ,-32, ,
2, ,-31, ,
1, ,-31, ,
1, ,-32, ,
2, ,-31, ,
1, ,-32, ,
1, ,-32, ,
2, ,-31, ,
1, ,-31, ,
1, ,-31, ,
2, ,-32, ,
2, ,-31, ,
1, ,-32, ,
2, ,-31, ,
1, ,-32, ,
1, ,-32, ,
2, ,-31, ,
1, ,-31, ,
1, ,-32, ,
2, ,-31, ,
1, ,-31, ,
1, ,-32, ,
2, ,-32, ,
1, ,-31, ,
1, ,-32, ,
2, ,-31, ,
1, ,-32, ,
1, ,-32, ,
2, ,-32, ,
1, ,-31, ,
1, ,-31, ,
2, ,-31, ,
1, ,-31, ,
1, ,-31, ,
2, ,-31, ,
1, ,-32, ,
-1, ,-32, ,
2, ,-31, ,
1, ,-31, ,
1, ,-32, ,
2, ,-31, ,
1, ,-31, ,
-1, ,-32, ,
2, ,-31, ,
1, ,-31, ,
1, ,-32, ,
1, ,-32, ,
1, ,-31, ,
-1, ,-32, ,
2, ,-31, ,
1, ,-31, ,
1, ,-32, ,
2, ,-31, ,
2, ,-31, ,
-1, ,-32, ,
1, ,-31, ,
1, ,-31, ,
1, ,-31, ,
1, ,-31, ,
1, ,-31, ,
-1, ,-32, ,
1, ,-31, ,
1, ,-32, ,
1, ,-32, ,
2, ,-32, ,
1, ,-31, ,
-1, ,-31, ,
2, ,-31, ,
1, ,-31, ,
1, ,-31, ,
1, ,-32, ,
1, ,-31, ,
-1, ,-32, ,
2, ,-31, ,
1, ,-31, ,
1, ,-32, ,
2, ,-31, ,
1, ,-32, ,
-1, ,-31, ,
1, ,-31, ,
1, ,-31, ,
1, ,-31, ,
2, ,-32, ,
1, ,-31, ,
-1, ,-32, ,
2, ,-31, ,
1, ,-31, ,
1, ,-32, ,
1, ,-32, ,
1, ,-31, ,
-1, ,-32, ,
2, ,-31, ,
1, ,-31, ,
1, ,-31, ,
2, ,-32, ,
1, ,-32, ,
1, ,-32, ,
1, ,-31, ,
-1, ,-31, ,
1, ,-32, ,
2, ,-31, ,
1, ,-31, ,
-1, ,-31, ,
2, ,-31, ,
1, ,-31, ,
63, ,-31, ,
49, ,-32, ,
29, ,-32, ,
18, ,-32, ,
13, ,-31, ,
8, ,-31, ,
7, ,-32, ,
6, ,-31, ,
5, ,-32, ,
2, ,-32, ,
5, ,-32, ,
2, ,-32, ,
2, ,-31, ,
3, ,-32, ,
3, ,-31, ,
2, ,-32, ,
3, ,-31, ,
2, ,-32, ,
2, ,-32, ,
3, ,-31, ,
3, ,-31, ,
2, ,-32, ,
3, ,-31, ,
2, ,-32, ,
2, ,-31, ,
2, ,-32, ,
3, ,-32, ,
2, ,-31, ,
3, ,-31, ,
2, ,-31, ,
2, ,-32, ,
2, ,-31, ,
3, ,-31, ,
1, ,-31, ,
3, ,-31, ,
2, ,-31, ,
2, ,-31, ,
2, ,-32, ,
3, ,-31, ,
2, ,-32, ,
3, ,-31, ,
2, ,-32, ,
2, ,-32, ,
2, ,-32, ,
2, ,-32, ,
1, ,-31, ,
2, ,-31, ,
2, ,-31, ,
2, ,-31, ,
2, ,-32, ,
3, ,-32, ,
1, ,-32, ,
2, ,-31, ,
2, ,-32, ,
2, ,-32, ,
3, ,-32, ,
3, ,-31, ,
1, ,-31, ,
3, ,-31, ,
2, ,-31, ,
2, ,-31, ,
2, ,-32, ,
2, ,-32, ,
2, ,-32, ,
3, ,-31, ,
2, ,-32, ,
2, ,-32, ,
2, ,-32, ,
2, ,-32, ,
1, ,-32, ,
2, ,-31, ,
2, ,-31, ,
2, ,-31, ,
2, ,-32, ,
2, ,-32, ,
2, ,-32, ,
3, ,-31, ,
2, ,-32, ,
2, ,-32, ,
2, ,-32, ,
2, ,-32, ,
1, ,-31, ,
2, ,-32, ,
2, ,-31, ,
2, ,-31, ,
2, ,-32, ,
2, ,-32, ,
1, ,-32, ,
3, ,-31, ,
2, ,-32, ,
2, ,-32, ,
2, ,-31, ,
2, ,-31, ,
1, ,-32, ,
2, ,-31, ,
1, ,-31, ,
1, ,-31, ,
2, ,-32, ,
2, ,-32, ,
1, ,-32, ,
2, ,-31, ,
1, ,-32, ,
2, ,-32, ,
2, ,-32, ,
2, ,-31, ,
1, ,-32, ,
2, ,-31, ,
2, ,-31, ,
2, ,-31, ,
2, ,-32, ,
2, ,-31, ,
1, ,-32, ,
2, ,-31, ,
2, ,-31, ,
2, ,-31, ,
2, ,-31, ,
2, ,-31, ,
1, ,-31, ,
2, ,-31, ,
1, ,-31, ,
2, ,-32, ,
2, ,-32, ,
2, ,-32, ,
1, ,-32, ,
2, ,-31, ,
2, ,-32, ,
2, ,-31, ,
2, ,-31, ,
2, ,-31, ,
1, ,-32, ,
2, ,-31, ,
2, ,-31, ,
1, ,-31, ,
2, ,-32, ,
2, ,-32, ,
1, ,-32, ,
2, ,-31, ,
1, ,-31, ,
2, ,-32, ,
2, ,-31, ,
2, ,-32, ,
1, ,-31, ,
2, ,-31, ,
2, ,-31, ,
2, ,-31, ,
2, ,-32, ,
2, ,-32, ,
1, ,-32, ,
2, ,-31, ,
1, ,-32, ,
2, ,-32, ,
2, ,-31, ,
2, ,-31, ,
1, ,-32, ,
2, ,-32, ,
2, ,-31, ,
2, ,-31, ,
2, ,-32, ,
2, ,-32, ,
1, ,-32, ,
2, ,-31, ,
2, ,-31, ,
2, ,-31, ,
2, ,-31, ,
2, ,-31, ,
1, ,-32, ,
2, ,-32, ,
2, ,-32, ,
1, ,-31, ,
2, ,-32, ,
2, ,-31, ,
1, ,-32, ,
2, ,-31, ,
1, ,-32, ,
2, ,-32, ,
2, ,-27, ,
2, ,-8, ,
1, ,9, ,
3, ,22, ,
2, ,33, ,
2, ,40, ,
2, ,46, ,
2, ,51, ,
1, ,54, ,
2, ,55, ,
1, ,58, ,
1, ,59, ,
2, ,59, ,
2, ,60, ,
1, ,61, ,
2, ,61, ,
1, ,61, ,
1, ,62, ,
2, ,62, ,
2, ,62, ,
1, ,63, ,
2, ,61, ,
1, ,62, ,
1, ,63, ,
2, ,62, ,
2, ,62, ,
1, ,63, ,
2, ,61, ,
1, ,62, ,
1, ,62, ,
2, ,62, ,
2, ,62, ,
1, ,62, ,
2, ,61, ,
1, ,62, ,
1, ,62, ,
3, ,61, ,
38, ,62, ,
25, ,63, ,
17, ,61, ,
11, ,62, ,
7, ,62, ,
6, ,62, ,
5, ,61, ,
2, ,62, ,
3, ,61, ,
2, ,62, ,
2, ,62, ,
3, ,62, ,
3, ,61, ,
2, ,63, ,
3, ,61, ,
2, ,61, ,
2, ,62, ,
3, ,62, ,
2, ,61, ,
1, ,62, ,
3, ,60, ,
2, ,62, ,
2, ,62, ,
3, ,61, ,
2, ,61, ,
1, ,62, ,
3, ,60, ,
2, ,62, ,
2, ,62, ,
3, ,62, ,
5, ,61, ,
6, ,62, ,
7, ,61, ,
6, ,62, ,
3, ,62, ,
5, ,62, ,
3, ,61, ,
2, ,62, ,
3, ,60, ,
2, ,62, ,
3, ,62, ,
3, ,62, ,
2, ,61, ,
2, ,62, ,
3, ,60, ,
2, ,62, ,
2, ,62, ,
3, ,61, ,
3, ,62, ,
1, ,62, ,
3, ,61, ,
2, ,62, ,
2, ,62, ,
3, ,62, ,
3, ,61, ,
2, ,62, ,
3, ,60, ,
2, ,62, ,
2, ,62, ,
3, ,61, ,
2, ,61, ,
1, ,62, ,
3, ,60, ,
2, ,61, ,
2, ,62, ,
3, ,62, ,
2, ,61, ,
1, ,62, ,
3, ,60, ,
2, ,62, ,
2, ,62, ,
3, ,62, ,
3, ,62, ,
1, ,62, ,
3, ,61, ,
2, ,62, ,
2, ,62, ,
2, ,62, ,
2, ,61, ,
1, ,62, ,
3, ,60, ,
2, ,62, ,
2, ,62, ,
3, ,61, ,
2, ,61, ,
1, ,62, ,
3, ,60, ,
2, ,61, ,
1, ,62, ,
2, ,61, ,
2, ,61, ,
1, ,62, ,
3, ,60, ,
2, ,62, ,
2, ,62, ,
3, ,61, ,
2, ,61, ,
7, ,62, ,
15, ,60, ,
10, ,61, ,
8, ,62, ,
7, ,61, ,
5, ,62, ,
3, ,62, ,
5, ,60, ,
3, ,62, ,
2, ,62, ,
3, ,62, ,
3, ,61, ,
2, ,63, ,
3, ,61, ,
2, ,62, ,
2, ,62, ,
2, ,62, ,
2, ,61, ,
1, ,62, ,
3, ,60, ,
2, ,61, ,
2, ,47, ,
2, ,26, ,
2, ,12, ,
1, ,1, ,
3, ,-7, ,
3, ,-14, ,
3, ,-18, ,
5, ,-22, ,
3, ,-24, ,
3, ,-26, ,
5, ,-27, ,
3, ,-30, ,
3, ,-30, ,
5, ,-31, ,
3, ,-31, ,
2, ,-31, ,
3, ,-32, ,
2, ,-32, ,
2, ,-32, ,
3, ,-32, ,
3, ,-32, ,
2, ,-32, ,
3, ,-31, ,
2, ,-32, ,
2, ,-32, ,
2, ,-32, ,
3, ,-32, ,
2, ,-32, ,
3, ,-32, ,
2, ,-32, ,
2, ,-32, ,
3, ,-32, ,
3, ,-32, ,
2, ,-32, ,
2, ,-32, ,
2, ,-32, ,
2, ,-32, ,
3, ,-32, ,
3, ,-32, ,
1, ,-32, ,
3, ,-31, ,
2, ,-32, ,
2, ,-32, ,
3, ,-32, ,
3, ,-32, ,
2, ,-32, ,
3, ,-31, ,
2, ,-32, ,
2, ,-32, ,
2, ,-32, ,
3, ,-32, ,
2, ,-32, ,
3, ,-32, ,
2, ,-32, ,
2, ,-32, ,
3, ,-32, ,
2, ,-32, ,
1, ,-32, ,
3, ,-31, ,
2, ,-32, ,
2, ,-32, ,
2, ,-32, ,
2, ,-32, ,
1, ,-32, ,
2, ,-32, ,
2, ,-31, ,
2, ,-32, ,
2, ,-32, ,
2, ,-32, ,
1, ,-32, ,
3, ,-31, ,
2, ,-32, ,
2, ,-32, ,
2, ,-32, ,
2, ,-32, ,
1, ,-32, ,
2, ,-31, ,
2, ,-31, ,
2, ,-32, ,
2, ,-32, ,
2, ,-31, ,
2, ,-32, ,
3, ,-31, ,
2, ,-31, ,
2, ,-32, ,
2, ,-32, ,
2, ,-32, ,
1, ,-32, ,
2, ,-31, ,
2, ,-32, ,
2, ,-31, ,
2, ,-32, ,
2, ,-32, ,
1, ,-32, ,
3, ,-31, ,
2, ,-32, ,
2, ,-31, ,
2, ,-32, ,
2, ,-31, ,
1, ,-31, ,
3, ,-31, ,
2, ,-31, ,
2, ,-31, ,
2, ,-32, ,
2, ,-32, ,
1, ,-32, ,
2, ,-31, ,
2, ,-32, ,
2, ,-32, ,
2, ,-32, ,
3, ,-31, ,
1, ,-32, ,
3, ,-31, ,
2, ,-31, ,
2, ,-32, ,
2, ,-32, ,
2, ,-31, ,
1, ,-32, ,
2, ,-31, ,
2, ,-32, ,
2, ,-32, ,
2, ,-32, ,
2, ,-32, ,
1, ,-32, ,
2, ,-31, ,
2, ,-31, ,
2, ,-31, ,
2, ,-32, ,
2, ,-32, ,
1, ,-31, ,
2, ,-31, ,
2, ,-31, ,
2, ,-32, ,
2, ,-32, ,
2, ,-32, ,
1, ,-31, ,
2, ,-32, ,
2, ,-31, ,
2, ,-32, ,
2, ,-32, ,
2, ,-31, ,
1, ,-32, ,
2, ,-31, ,
1, ,-31, ,
1, ,-31, ,
2, ,-31, ,
2, ,-31, ,
1, ,-32, ,
2, ,-31, ,
2, ,-31, ,
2, ,-31, ,
2, ,-32, ,
2, ,-31, ,
1, ,-32, ,
2, ,-31, ,
1, ,-31, ,
1, ,-32, ,
2, ,-32, ,
2, ,-31, ,
1, ,-32, ,
2, ,-31, ,
1, ,-31, ,
2, ,-32, ,
2, ,-32, ,
2, ,-32, ,
1, ,-31, ,
2, ,-31, ,
1, ,-31, ,
1, ,-32, ,
2, ,-32, ,
2, ,-31, ,
1, ,-32, ,
2, ,-31, ,
1, ,-31, ,
1, ,-31, ,
2, ,-32, ,
2, ,-31, ,
1, ,-32, ,
3, ,-31, ,
2, ,-31, ,
2, ,-31, ,
2, ,-32, ,
2, ,-32, ,
1, ,-31, ,
2, ,-31, ,
2, ,-31, ,
1, ,-31, ,
2, ,-32, ,
2, ,-32, ,
1, ,-32, ,
2, ,-31, ,
1, ,-32, ,
1, ,-32, ,
2, ,-31, ,
2, ,-31, ,
1, ,-31, ,
2, ,-31, ,
1, ,-32, ,
2, ,-31, ,
2, ,-32, ,
2, ,-32, ,
1, ,-32, ,
2, ,-31, ,
1, ,-31, ,
2, ,-32, ,
2, ,-32, ,
2, ,-31, ,
1, ,-32, ,
2, ,-31, ,
1, ,-31, ,
2, ,-32, ,
2, ,-32, ,
2, ,-32, ,
1, ,-31, ,
2, ,-31, ,
1, ,-31, ,
2, ,-32, ,
2, ,-32, ,
2, ,-31, ,
1, ,-32, ,
2, ,-31, ,
1, ,-31, ,
2, ,-31, ,
2, ,-32, ,
2, ,-32, ,
1, ,-32, ,
2, ,-31, ,
1, ,-32, ,
1, ,-32, ,
2, ,-32, ,
2, ,-31, ,
1, ,-31, ,
2, ,-32, ,
1, ,-31, ,
2, ,-31, ,
2, ,-32, ,
2, ,-32, ,
1, ,-32, ,
2, ,-31, ,
1, ,-31, ,
2, ,-31, ,
2, ,-31, ,
2, ,-31, ,
1, ,-31, ,
2, ,-31, ,
2, ,-32, ,
2, ,-31, ,
2, ,-32, ,
2, ,-31, ,
1, ,-32, ,
2, ,-31, ,
1, ,-31, ,
1, ,-32, ,
2, ,-32, ,
2, ,-31, ,
1, ,-31, ,
2, ,-31, ,
1, ,-31, ,
2, ,-31, ,
2, ,-32, ,
2, ,-31, ,
1, ,-32, ,
2, ,-31, ,
1, ,-31, ,
1, ,-32, ,
2, ,-31, ,
2, ,-31, ,
1, ,-32, ,
2, ,-32, ,
1, ,-31, ,
1, ,-31, ,
2, ,-32, ,
2, ,-31, ,
1, ,-32, ,
2, ,-31, ,
1, ,-32, ,
1, ,-32, ,
2, ,-32, ,
2, ,-31, ,
1, ,-31, ,
2, ,-32, ,
1, ,-31, ,
1, ,-31, ,
2, ,-32, ,
2, ,-31, ,
1, ,-32, ,
2, ,-31, ,
1, ,-31, ,
1, ,-32, ,
2, ,-32, ,
2, ,-31, ,
1, ,-31, ,
2, ,-32, ,
1, ,-31, ,
1, ,-31, ,
2, ,-32, ,
2, ,-32, ,
1, ,-32, ,
2, ,-31, ,
1, ,-32, ,
1, ,-32, ,
2, ,-31, ,
2, ,-31, ,
1, ,-32, ,
2, ,-31, ,
1, ,-31, ,
1, ,-31, ,
2, ,-32, ,
1, ,-31, ,
1, ,-32, ,
2, ,-31, ,
1, ,-31, ,
1, ,-32, ,
2, ,-31, ,
2, ,-31, ,
1, ,-32, ,
2, ,-31, ,
1, ,-31, ,
1, ,-31, ,
2, ,-32, ,
1, ,-32, ,
1, ,-32, ,
43, ,-31, ,
41, ,-31, ,
26, ,-32, ,
17, ,-31, ,
11, ,-31, ,
6, ,-32, ,
6, ,-31, ,
3, ,-31, ,
3, ,-31, ,
3, ,-32, ,
2, ,-31, ,
1, ,-32, ,
3, ,-31, ,
2, ,-32, ,
2, ,-32, ,
3, ,-31, ,
3, ,-31, ,
1, ,-32, ,
3, ,-31, ,
2, ,-31, ,
2, ,-31, ,
2, ,-31, ,
2, ,-32, ,
2, ,-32, ,
2, ,-31, ,
2, ,-32, ,
2, ,-32, ,
3, ,-32, ,
2, ,-31, ,
2, ,-31, ,
3, ,-32, ,
2, ,-31, ,
2, ,-31, ,
2, ,-32, ,
3, ,-31, ,
1, ,-32, ,
3, ,-31, ,
2, ,-31, ,
2, ,-32, ,
3, ,-32, ,
2, ,-31, ,
1, ,-31, ,
3, ,-31, ,
2, ,-31, ,
2, ,-31, ,
2, ,-32, ,
3, ,-32, ,
2, ,-32, ,
3, ,-31, ,
2, ,-32, ,
2, ,-32, ,
2, ,-31, ,
3, ,-31, ,
2, ,-32, ,
3, ,-32, ,
2, ,-31, ,
2, ,-32, ,
2, ,-32, ,
3, ,-32, ,
2, ,-32, ,
2, ,-31, ,
2, ,-32, ,
2, ,-32, ,
2, ,-32, ,
3, ,-31, ,
1, ,-32, ,
3, ,-31, ,
2, ,-31, ,
2, ,-31, ,
2, ,-32, ,
2, ,-32, ,
1, ,-32, ,
3, ,-31, ,
2, ,-32, ,
2, ,-31, ,
2, ,-31, ,
2, ,-31, ,
1, ,-32, ,
3, ,-31, ,
2, ,-31, ,
1, ,-32, ,
2, ,-32, ,
3, ,-32, ,
1, ,-32, ,
3, ,-31, ,
2, ,-31, ,
2, ,-32, ,
2, ,-32, ,
2, ,-31, ,
1, ,-32, ,
2, ,-32, ,
2, ,-32, ,
2, ,-32, ,
2, ,-32, ,
3, ,-31, ,
2, ,-32, ,
2, ,-31, ,
2, ,-32, ,
2, ,-32, ,
2, ,-32, ,
2, ,-31, ,
1, ,-31, ,
2, ,-31, ,
2, ,-31, ,
2, ,-31, ,
2, ,-32, ,
2, ,-32, ,
1, ,-32, ,
3, ,-31, ,
2, ,-31, ,
2, ,-31, ,
2, ,-32, ,
2, ,-31, ,
1, ,-32, ,
2, ,-31, ,
2, ,-31, ,
1, ,-31, ,
2, ,-32, ,
2, ,-32, ,
1, ,-32, ,
2, ,-31, ,
2, ,-32, ,
2, ,-32, ,
2, ,-31, ,
2, ,-31, ,
1, ,-32, ,
2, ,-32, ,
2, ,-31, ,
2, ,-32, ,
2, ,-32, ,
2, ,-32, ,
1, ,-32, ,
2, ,-31, ,
2, ,-31, ,
1, ,-31, ,
2, ,-32, ,
2, ,-31, ,
1, ,-31, ,
2, ,-31, ,
2, ,-31, ,
1, ,-31, ,
2, ,-32, ,
2, ,-31, ,
1, ,-32, ,
2, ,-31, ,
1, ,-32, ,
2, ,-32, ,
2, ,-32, ,
2, ,-31, ,
1, ,-32, ,
2, ,-31, ,
1, ,-31, ,
2, ,-31, ,
2, ,-32, ,
2, ,-31, ,
1, ,-32, ,
2, ,-31, ,
1, ,-31, ,
2, ,-32, ,
2, ,-32, ,
2, ,-32, ,
1, ,-32, ,
2, ,-32, ,
2, ,-31, ,
1, ,-32, ,
2, ,-32, ,
2, ,-31, ,
1, ,-32, ,
2, ,-31, ,
1, ,-31, ,
1, ,-32, ,
2, ,-32, ,
2, ,-31, ,
1, ,-32, ,
2, ,-31, ,
1, ,-31, ,
2, ,-32, ,
2, ,-32, ,
2, ,-32, ,
1, ,-32, ,
2, ,-31, ,
2, ,-31, ,
2, ,-32, ,
2, ,-32, ,
2, ,-32, ,
1, ,-32, ,
2, ,-31, ,
1, ,-32, ,
2, ,-31, ,
2, ,-32, ,
2, ,-32, ,
1, ,-32, ,
2, ,-31, ,
2, ,-31, ,
2, ,-32, ,
2, ,-31, ,
2, ,-31, ,
1, ,-32, ,
2, ,-31, ,
2, ,-31, ,
1, ,-31, ,
2, ,-32, ,
2, ,-31, ,
1, ,-32, ,
2, ,-31, ,
1, ,-31, ,
2, ,-32, ,
2, ,-31, ,
2, ,-31, ,
1, ,-31, ,
2, ,-31, ,
1, ,-31, ,
2, ,-31, ,
2, ,-32, ,
2, ,-32, ,
1, ,-32, ,
2, ,-31, ,
1, ,-31, ,
2, ,-32, ,
2, ,-32, ,
2, ,-31, ,
1, ,-31, ,
2, ,-31, ,
1, ,-31, ,
1, ,-31, ,
2, ,-32, ,
2, ,-31, ,
1, ,-32, ,
2, ,-31, ,
1, ,-31, ,
2, ,-32, ,
2, ,-32, ,
2, ,-32, ,
1, ,-32, ,
2, ,-31, ,
2, ,-32, ,
1, ,-31, ,
2, ,-32, ,
2, ,-31, ,
1, ,-32, ,
2, ,-31, ,
1, ,-31, ,
1, ,-31, ,
2, ,-31, ,
2, ,-32, ,
1, ,-31, ,
2, ,-31, ,
1, ,-31, ,
1, ,-31, ,
2, ,-32, ,
2, ,-31, ,
1, ,-32, ,
2, ,-31, ,
1, ,-31, ,
1, ,-32, ,
2, ,-31, ,
2, ,-31, ,
1, ,-32, ,
2, ,-31, ,
1, ,-31, ,
1, ,-31, ,
2, ,-32, ,
2, ,-32, ,
1, ,-32, ,
2, ,-31, ,
1, ,-31, ,
1, ,-32, ,
2, ,-32, ,
2, ,-31, ,
1, ,-32, ,
2, ,-31, ,
1, ,-31, ,
1, ,-32, ,
2, ,-32, ,
2, ,-32, ,
1, ,-31, ,
2, ,-31, ,
1, ,-31, ,
1, ,-32, ,
2, ,-32, ,
1, ,-32, ,
-1, ,-32, ,
2, ,-31, ,
1, ,-31, ,
1, ,-31, ,
2, ,-32, ,
1, ,-31, ,
1, ,-32, ,
2, ,-31, ,
1, ,-32, ,
1, ,-32, ,
2, ,-31, ,
2, ,-31, ,
1, ,-31, ,
2, ,-31, ,
1, ,-31, ,
1, ,-31, ,
2, ,-32, ,
1, ,-32, ,
1, ,-32, ,
2, ,-31, ,
1, ,-32, ,
1, ,-32, ,
2, ,-31, ,
2, ,-30, ,
1, ,-14, ,
2, ,5, ,
2, ,20, ,
1, ,31, ,
2, ,39, ,
2, ,44, ,
1, ,50, ,
2, ,52, ,
1, ,56, ,
1, ,58, ,
2, ,58, ,
1, ,59, ,
-1, ,61, ,
2, ,59, ,
1, ,61, ,
1, ,62, ,
2, ,62, ,
1, ,61, ,
-1, ,63, ,
2, ,60, ,
1, ,62, ,
1, ,63, ,
1, ,61, ,
1, ,62, ,
1, ,63, ,
2, ,61, ,
1, ,62, ,
1, ,63, ,
1, ,62, ,
2, ,62, ,
1, ,63, ,
2, ,61, ,
1, ,62, ,
1, ,62, ,
2, ,61, ,
2, ,62, ,
-1, ,62, ,
2, ,60, ,
1, ,62, ,
1, ,63, ,
2, ,62, ,
1, ,61, ,
-1, ,62, ,
2, ,61, ,
1, ,62, ,
1, ,62, ,
2, ,61, ,
1, ,61, ,
-1, ,63, ,
2, ,61, ,
1, ,62, ,
49, ,62, ,
45, ,61, ,
27, ,62, ,
17, ,62, ,
13, ,60, ,
8, ,62, ,
6, ,62, ,
6, ,61, ,
3, ,62, ,
3, ,62, ,
5, ,60, ,
3, ,61, ,
2, ,62, ,
3, ,62, ,
3, ,61, ,
2, ,62, ,
3, ,61, ,
2, ,62, ,
2, ,62, ,
3, ,61, ,
2, ,62, ,
1, ,63, ,
3, ,61, ,
2, ,62, ,
2, ,62, ,
2, ,61, ,
2, ,61, ,
2, ,63, ,
3, ,60, ,
2, ,62, ,
2, ,63, ,
3, ,61, ,
2, ,61, ,
1, ,62, ,
3, ,60, ,
2, ,62, ,
1, ,62, ,
2, ,61, ,
2, ,62, ,
1, ,62, ,
3, ,61, ,
2, ,62, ,
2, ,62, ,
3, ,61, ,
2, ,61, ,
1, ,62, ,
3, ,60, ,
2, ,62, ,
2, ,62, ,
2, ,62, ,
2, ,62, ,
1, ,62, ,
3, ,60, ,
2, ,62, ,
2, ,62, ,
2, ,61, ,
3, ,61, ,
8, ,62, ,
11, ,60, ,
7, ,62, ,
6, ,62, ,
5, ,61, ,
5, ,61, ,
2, ,62, ,
5, ,60, ,
2, ,62, ,
2, ,62, ,
2, ,61, ,
2, ,61, ,
2, ,62, ,
3, ,60, ,
2, ,62, ,
2, ,62, ,
2, ,62, ,
2, ,62, ,
2, ,62, ,
3, ,60, ,
2, ,62, ,
2, ,62, ,
3, ,61, ,
2, ,61, ,
1, ,62, ,
3, ,61, ,
2, ,61, ,
2, ,62, ,
3, ,62, ,
2, ,61, ,
1, ,62, ,
3, ,60, ,
6, ,62, ,
6, ,62, ,
6, ,61, ,
5, ,62, ,
2, ,62, ,
5, ,60, ,
2, ,62, ,
2, ,62, ,
2, ,62, ,
2, ,61, ,
2, ,62, ,
3, ,60, ,
2, ,62, ,
2, ,62, ,
3, ,52, ,
2, ,33, ,
1, ,16, ,
5, ,4, ,
5, ,-5, ,
5, ,-12, ,
5, ,-18, ,
3, ,-21, ,
2, ,-24, ,
5, ,-26, ,
2, ,-27, ,
2, ,-28, ,
2, ,-30, ,
2, ,-31, ,
2, ,-31, ,
3, ,-31, ,
2, ,-32, ,
2, ,-32, ,
2, ,-32, ,
2, ,-32, ,
2, ,-32, ,
3, ,-32, ,
2, ,-32, ,
2, ,-32, ,
2, ,-32, ,
3, ,-32, ,
2, ,-32, ,
3, ,-32, ,
2, ,-32, ,
2, ,-32, ,
2, ,-32, ,
2, ,-32, ,
2, ,-32, ,
3, ,-32, ,
2, ,-32, ,
2, ,-32, ,
2, ,-32, ,
2, ,-32, ,
2, ,-32, ,
3, ,-32, ,
2, ,-32, ,
2, ,-32, ,
2, ,-32, ,
3, ,-32, ,
2, ,-32, ,
2, ,-32, ,
2, ,-32, ,
2, ,-32, ,
2, ,-32, ,
2, ,-32, ,
1, ,-32, ,
2, ,-32, ,
2, ,-32, ,
2, ,-32, ,
2, ,-32, ,
3, ,-32, ,
1, ,-32, ,
3, ,-31, ,
2, ,-31, ,
2, ,-32, ,
2, ,-31, ,
2, ,-32, ,
1, ,-32, ,
3, ,-32, ,
2, ,-31, ,
2, ,-31, ,
2, ,-32, ,
2, ,-32, ,
1, ,-32, ,
3, ,-31, ,
2, ,-31, ,
2, ,-32, ,
2, ,-32, ,
2, ,-32, ,
1, ,-31, ,
3, ,-31, ,
2, ,-31, ,
2, ,-32, ,
2, ,-32, ,
3, ,-32, ,
1, ,-32, ,
2, ,-31, ,
1, ,-31, ,
2, ,-32, ,
3, ,-32, ,
2, ,-32, ,
1, ,-31, ,
3, ,-31, ,
2, ,-31, ,
2, ,-32, ,
2, ,-32, ,
2, ,-31, ,
1, ,-32, ,
2, ,-32, ,
2, ,-32, ,
2, ,-32, ,
2, ,-32, ,
2, ,-32, ,
1, ,-32, ,
3, ,-31, ,
2, ,-31, ,
2, ,-32, ,
2, ,-32, ,
6, ,-31, ,
20, ,-32, ,
16, ,-31, ,
10, ,-31, ,
7, ,-32, ,
6, ,-31, ,
5, ,-32, ,
2, ,-31, ,
3, ,-31, ,
2, ,-31, ,
2, ,-31, ,
3, ,-31, ,
2, ,-31, ,
2, ,-32, ,
3, ,-31, ,
2, ,-31, ,
2, ,-31, ,
2, ,-31, ,
3, ,-32, ,
2, ,-32, ,
3, ,-31, ,
2, ,-31, ,
2, ,-32, ,
2, ,-31, ,
3, ,-32, ,
2, ,-31, ,
3, ,-32, ,
2, ,-31, ,
2, ,-32, ,
2, ,-32, ,
3, ,-31, ,
1, ,-32, ,
2, ,-31, ,
2, ,-31, ,
2, ,-32, ,
2, ,-32, ,
3, ,-31, ,
2, ,-31, ,
3, ,-31, ,
2, ,-31, ,
2, ,-32, ,
2, ,-31, ,
3, ,-31, ,
2, ,-32, ,
3, ,-31, ,
2, ,-31, ,
2, ,-31, ,
2, ,-32, ,
3, ,-31, ,
2, ,-32, ,
3, ,-31, ,
2, ,-31, ,
2, ,-32, ,
2, ,-31, ,
2, ,-31, ,
1, ,-32, ,
2, ,-31, ,
2, ,-31, ,
2, ,-31, ,
2, ,-31, ,
2, ,-31, ,
1, ,-32, ,
2, ,-32, ,
2, ,-32, ,
2, ,-32, ,
2, ,-31, ,
3, ,-31, ,
1, ,-31, ,
2, ,-31, ,
2, ,-31, ,
2, ,-32, ,
2, ,-32, ,
2, ,-31, ,
1, ,-32, ,
3, ,-32, ,
2, ,-31, ,
2, ,-32, ,
2, ,-31, ,
2, ,-31, ,
1, ,-32, ,
2, ,-31, ,
2, ,-31, ,
2, ,-32, ,
2, ,-32, ,
2, ,-31, ,
1, ,-31, ,
3, ,-31, ,
2, ,-31, ,
2, ,-31, ,
2, ,-31, ,
2, ,-31, ,
1, ,-32, ,
2, ,-31, ,
2, ,-31, ,
2, ,-32, ,
2, ,-31, ,
2, ,-32, ,
1, ,-32, ,
2, ,-31, ,
2, ,-31, ,
1, ,-31, ,
2, ,-31, ,
2, ,-31, ,
1, ,-32, ,
2, ,-31, ,
2, ,-31, ,
2, ,-31, ,
2, ,-31, ,
2, ,-31, ,
1, ,-32, ,
2, ,-31, ,
2, ,-31, ,
2, ,-32, ,
2, ,-31, ,
2, ,-32, ,
1, ,-32, ,
3, ,-32, ,
2, ,-31, ,
2, ,-32, ,
3, ,-32, ,
2, ,-31, ,
1, ,-31, ,
2, ,-31, ,
2, ,-31, ,
2, ,-31, ,
2, ,-31, ,
2, ,-32, ,
1, ,-32, ,
2, ,-31, ,
2, ,-31, ,
2, ,-32, ,
2, ,-32, ,
2, ,-31, ,
1, ,-32, ,
2, ,-31, ,
2, ,-32, ,
2, ,-31, ,
2, ,-31, ,
2, ,-32, ,
1, ,-31, ,
2, ,-31, ,
2, ,-31, ,
2, ,-31, ,
2, ,-31, ,
2, ,-31, ,
1, ,-32, ,
3, ,-31, ,
2, ,-31, ,
2, ,-31, ,
2, ,-31, ,
2, ,-31, ,
1, ,-32, ,
2, ,-31, ,
1, ,-31, ,
1, ,-31, ,
2, ,-31, ,
2, ,-31, ,
1, ,-32, ,
2, ,-31, ,
1, ,-31, ,
2, ,-31, ,
2, ,-31, ,
2, ,-31, ,
1, ,-32, ,
2, ,-31, ,
2, ,-31, ,
2, ,-32, ,
2, ,-31, ,
2, ,-32, ,
1, ,-31, ,
2, ,-31, ,
2, ,-31, ,
1, ,-31, ,
2, ,-31, ,
2, ,-32, ,
1, ,-32, ,
2, ,-31, ,
2, ,-31, ,
1, ,-31, ,
2, ,-31, ,
2, ,-31, ,
1, ,-31, ,
2, ,-31, ,
2, ,-31, ,
1, ,-32, ,
2, ,-31, ,
2, ,-31, ,
1, ,-32, ,
2, ,-31, ,
2, ,-31, ,
1, ,-31, ,
2, ,-31, ,
2, ,-31, ,
1, ,-32, ,
2, ,-31, ,
1, ,-31, ,
1, ,-31, ,
2, ,-31, ,
2, ,-32, ,
1, ,-32, ,
2, ,-31, ,
2, ,-31, ,
2, ,-31, ,
2, ,-31, ,
2, ,-31, ,
1, ,-32, ,
2, ,-32, ,
1, ,-31, ,
1, ,-31, ,
2, ,-31, ,
2, ,-31, ,
1, ,-32, ,
2, ,-31, ,
1, ,-31, ,
1, ,-31, ,
2, ,-32, ,
2, ,-31, ,
1, ,-32, ,
2, ,-31, ,
1, ,-31, ,
1, ,-31, ,
2, ,-32, ,
2, ,-31, ,
1, ,-31, ,
2, ,-32, ,
1, ,-31, ,
2, ,-31, ,
2, ,-31, ,
1, ,-31, ,
1, ,-32, ,
2, ,-31, ,
2, ,-31, ,
1, ,-31, ,
2, ,-31, ,
2, ,-31, ,
1, ,-32, ,
2, ,-31, ,
1, ,-31, ,
1, ,-32, ,
2, ,-32, ,
2, ,-32, ,
1, ,-31, ,
2, ,-32, ,
1, ,-32, ,
1, ,-31, ,
2, ,-32, ,
2, ,-32, ,
1, ,-31, ,
1, ,-32, ,
1, ,-31, ,
1, ,-31, ,
2, ,-31, ,
1, ,-32, ,
1, ,-31, ,
2, ,-31, ,
1, ,-31, ,
1, ,-32, ,
2, ,-32, ,
2, ,-31, ,
1, ,-32, ,
2, ,-32, ,
1, ,-31, ,
1, ,-31, ,
2, ,-31, ,
2, ,-31, ,
1, ,-32, ,
2, ,-32, ,
1, ,-32, ,
1, ,-31, ,
2, ,-31, ,
1, ,-31, ,
1, ,-32, ,
2, ,-31, ,
1, ,-31, ,
2, ,-31, ,
2, ,-32, ,
2, ,-31, ,
1, ,-32, ,
2, ,-32, ,
1, ,-31, ,
1, ,-32, ,
2, ,-31, ,
2, ,-31, ,
1, ,-32, ,
2, ,-32, ,
1, ,-31, ,
1, ,-31, ,
2, ,-31, ,
1, ,-31, ,
1, ,-32, ,
2, ,-32, ,
1, ,-31, ,
1, ,-31, ,
2, ,-31, ,
2, ,-32, ,
1, ,-32, ,
2, ,-32, ,
1, ,-31, ,
1, ,-31, ,
2, ,-32, ,
1, ,-31, ,
1, ,-31, ,
2, ,-32, ,
1, ,-31, ,
1, ,-31, ,
2, ,-31, ,
1, ,-31, ,
1, ,-32, ,
2, ,-32, ,
1, ,-31, ,
1, ,-31, ,
2, ,-32, ,
1, ,-31, ,
1, ,-32, ,
2, ,-31, ,
1, ,-32, ,
1, ,-32, ,
2, ,-31, ,
2, ,-32, ,
1, ,-32, ,
2, ,-31, ,
1, ,-31, ,
1, ,-31, ,
2, ,-31, ,
1, ,-32, ,
1, ,-32, ,
2, ,-32, ,
1, ,-31, ,
1, ,-31, ,
2, ,-31, ,
1, ,-32, ,
1, ,-32, ,
2, ,-31, ,
1, ,-31, ,
1, ,-31, ,
2, ,-31, ,
1, ,-31, ,
1, ,-32, ,
2, ,-32, ,
1, ,-31, ,
1, ,-31, ,
2, ,-32, ,
1, ,-31, ,
-1, ,-32, ,
2, ,-31, ,
1, ,-31, ,
1, ,-32, ,
2, ,-32, ,
1, ,-31, ,
-1, ,-32, ,
2, ,-32, ,
1, ,-31, ,
1, ,-31, ,
2, ,-31, ,
2, ,-31, ,
1, ,-32, ,
2, ,-32, ,
1, ,-31, ,
1, ,-32, ,
2, ,-32, ,
1, ,-31, ,
1, ,-32, ,
2, ,-31, ,
1, ,-31, ,
1, ,-32, ,
2, ,-31, ,
1, ,-31, ,
-1, ,-31, ,
2, ,-31, ,
1, ,-31, ,
1, ,-31, ,
2, ,-32, ,
1, ,-31, ,
1, ,-32, ,
2, ,-32, ,
1, ,-31, ,
1, ,-32, ,
2, ,-31, ,
1, ,-31, ,
1, ,-32, ,
2, ,-32, ,
1, ,-31, ,
1, ,-32, ,
2, ,-32, ,
1, ,-31, ,
-1, ,-32, ,
2, ,-31, ,
1, ,-31, ,
1, ,-32, ,
2, ,-31, ,
1, ,-31, ,
-1, ,-32, ,
2, ,-32, ,
1, ,-31, ,
1, ,-31, ,
2, ,-32, ,
1, ,-31, ,
-1, ,-32, ,
1, ,-32, ,
1, ,-31, ,
1, ,-32, ,
1, ,-31, ,
1, ,-31, ,
-1, ,-32, ,
1, ,-32, ,
1, ,-31, ,
1, ,-32, ,
1, ,-32, ,
1, ,-31, ,
-1, ,-32, ,
2, ,-32, ,
1, ,-31, ,
1, ,-31, ,
2, ,-31, ,
1, ,-31, ,
-1, ,-32, ,
1, ,-32, ,
1, ,-31, ,
1, ,-31, ,
1, ,-32, ,
1, ,-31, ,
-1, ,-32, ,
2, ,-32, ,
1, ,-32, ,
1, ,-32, ,
2, ,-32, ,
2, ,-31, ,
-1, ,-31, ,
2, ,-31, ,
1, ,-31, ,
1, ,-32, ,
1, ,-32, ,
1, ,-31, ,
-1, ,-31, ,
2, ,-31, ,
1, ,-31, ,
1, ,-31, ,
1, ,-31, ,
1, ,-31, ,
-1, ,-31, ,
1, ,-32, ,
1, ,-31, ,
1, ,-31, ,
2, ,-32, ,
2, ,-32, ,
1, ,-32, ,
2, ,-31, ,
1, ,-31, ,
1, ,-32, ,
2, ,-31, ,
1, ,-31, ,
1, ,-32, ,
2, ,-31, ,
1, ,-31, ,
1, ,-32, ,
1, ,-32, ,
1, ,-31, ,
1, ,-32, ,
2, ,-32, ,
1, ,-31, ,
1, ,-32, ,
2, ,-31, ,
2, ,-31, ,
-1, ,-32, ,
1, ,-32, ,
1, ,-31, ,
1, ,-31, ,
2, ,-31, ,
1, ,-31, ,
1, ,-32, ,
2, ,-31, ,
1, ,-32, ,
1, ,-31, ,
2, ,-31, ,
1, ,-31, ,
-1, ,-32, ,
2, ,-32, ,
1, ,-31, ,
1, ,-32, ,
2, ,-32, ,
1, ,-31, ,
-1, ,-32, ,
1, ,-32, ,
1, ,-31, ,
1, ,-32, ,
2, ,-31, ,
1, ,-31, ,
-1, ,-32, ,
2, ,-32, ,
1, ,-31, ,
1, ,-31, ,
2, ,-32, ,
1, ,-31, ,
-1, ,-32, ,
2, ,-32, ,
1, ,-31, ,
1, ,-31, ,
2, ,-31, ,
1, ,-31, ,
-1, ,-32, ,
2, ,-32, ,
1, ,-31, ,
1, ,-32, ,
1, ,-32, ,
1, ,-31, ,
-1, ,-32, ,
2, ,-32, ,
1, ,-31, ,
1, ,-32, ,
2, ,-31, ,
2, ,-31, ,
-1, ,-32, ,
1, ,-32, ,
1, ,-31, ,
1, ,-32, ,
2, ,-32, ,
1, ,-31, ,
-1, ,-32, ,
2, ,-31, ,
1, ,-31, ,
1, ,-32, ,
2, ,-31, ,
1, ,-31, ,
-1, ,-31, ,
2, ,-19, ,
1, ,0, ,
2, ,16, ,
1, ,28, ,
1, ,37, ,
-1, ,43, ,
2, ,47, ,
1, ,52, ,
1, ,55, ,
1, ,56, ,
1, ,58, ,
-1, ,60, ,
2, ,59, ,
1, ,61, ,
1, ,62, ,
2, ,61, ,
1, ,62, ,
-1, ,62, ,
2, ,62, ,
-1, ,62, ,
1, ,62, ,
1, ,62, ,
1, ,62, ,
-1, ,63, ,
2, ,61, ,
-1, ,62, ,
-1, ,63, ,
2, ,62, ,
1, ,62, ,
-1, ,63, ,
66, ,62, ,
54, ,62, ,
32, ,62, ,
21, ,61, ,
13, ,62, ,
8, ,63, ,
8, ,61, ,
5, ,62, ,
5, ,63, ,
5, ,62, ,
3, ,62, ,
2, ,63, ,
3, ,62, ,
2, ,62, ,
2, ,63, ,
2, ,61, ,
2, ,62, ,
2, ,63, ,
3, ,61, ,
2, ,62, ,
2, ,63, ,
3, ,61, ,
2, ,62, ,
1, ,62, ,
3, ,61, ,
2, ,62, ,
2, ,62, ,
3, ,61, ,
3, ,62, ,
1, ,63, ,
3, ,61, ,
2, ,61, ,
2, ,62, ,
3, ,61, ,
2, ,61, ,
1, ,62, ,
3, ,61, ,
2, ,62, ,
2, ,62, ,
2, ,61, ,
2, ,62, ,
1, ,62, ,
3, ,60, ,
7, ,61, ,
7, ,63, ,
7, ,61, ,
6, ,61, ,
3, ,62, ,
5, ,61, ,
3, ,62, ,
5, ,62, ,
5, ,61, ,
3, ,62, ,
2, ,62, ,
3, ,60, ,
2, ,61, ,
2, ,62, ,
2, ,62, ,
2, ,61, ,
2, ,62, ,
3, ,62, ,
2, ,62, ,
2, ,62, ,
3, ,61, ,
2, ,61, ,
1, ,62, ,
5, ,61, ,
3, ,62, ,
2, ,63, ,
3, ,61, ,
2, ,61, ,
2, ,62, ,
3, ,61, ,
2, ,62, ,
2, ,62, ,
3, ,61, ,
2, ,62, ,
1, ,63, ,
3, ,61, ,
2, ,61, ,
2, ,63, ,
3, ,61, ,
3, ,61, ,
1, ,62, ,
3, ,61, ,
2, ,62, ,
2, ,62, ,
3, ,61, ,
2, ,61, ,
1, ,62, ,
3, ,60, ,
2, ,61, ,
2, ,62, ,
2, ,61, ,
2, ,61, ,
2, ,62, ,
7, ,61, ,
8, ,62, ,
6, ,62, ,
6, ,61, ,
5, ,62, ,
3, ,62, ,
5, ,60, ,
2, ,62, ,
2, ,62, ,
2, ,61, ,
2, ,61, ,
1, ,62, ,
3, ,61, ,
2, ,61, ,
2, ,62, ,
3, ,61, ,
2, ,61, ,
1, ,62, ,
3, ,61, ,
2, ,61, ,
2, ,63, ,
3, ,61, ,
2, ,61, ,
2, ,62, ,
3, ,61, ,
2, ,62, ,
2, ,62, ,
2, ,61, ,
3, ,57, ,
1, ,38, ,
3, ,20, ,
1, ,7, ,
2, ,-3, ,
3, ,-11, ,
2, ,-16, ,
2, ,-20, ,
3, ,-23, ,
3, ,-25, ,
5, ,-27, ,
7, ,-28, ,
7, ,-30, ,
5, ,-31, ,
6, ,-31, ,
5, ,-31, ,
5, ,-32, ,
3, ,-32, ,
3, ,-32, ,
2, ,-32, ,
3, ,-32, ,
2, ,-32, ,
2, ,-32, ,
3, ,-32, ,
3, ,-32, ,
2, ,-32, ,
3, ,-32, ,
2, ,-32, ,
2, ,-32, ,
2, ,-32, ,
3, ,-32, ,
2, ,-32, ,
3, ,-32, ,
2, ,-32, ,
2, ,-32, ,
2, ,-32, ,
3, ,-32, ,
2, ,-32, ,
3, ,-32, ,
2, ,-32, ,
2, ,-32, ,
2, ,-32, ,
3, ,-31, ,
2, ,-32, ,
3, ,-31, ,
2, ,-32, ,
2, ,-32, ,
3, ,-32, ,
3, ,-32, ,
1, ,-32, ,
3, ,-32, ,
2, ,-31, ,
2, ,-32, ,
3, ,-32, ,
3, ,-31, ,
2, ,-31, ,
3, ,-31, ,
2, ,-31, ,
2, ,-32, ,
2, ,-32, ,
3, ,-32, ,
2, ,-32, ,
3, ,-32, ,
2, ,-31, ,
2, ,-31, ,
3, ,-32, ,
3, ,-31, ,
2, ,-32, ,
3, ,-31, ,
2, ,-31, ,
2, ,-32, ,
3, ,-31, ,
3, ,-32, ,
1, ,-32, ,
2, ,-31, ,
2, ,-32, ,
2, ,-32, ,
2, ,-32, ,
2, ,-32, ,
2, ,-32, ,
2, ,-31, ,
2, ,-31, ,
2, ,-32, ,
2, ,-32, ,
3, ,-32, ,
1, ,-31, ,
2, ,-31, ,
2, ,-31, ,
2, ,-32, ,
2, ,-31, ,
3, ,-31, ,
1, ,-32, ,
2, ,-31, ,
2, ,-31, ,
2, ,-32, ,
2, ,-32, ,
2, ,-32, ,
1, ,-32, ,
3, ,-31, ,
2, ,-31, ,
2, ,-32, ,
2, ,-31, ,
2, ,-32, ,
1, ,-32, ,
3, ,-31, ,
2, ,-31, ,
2, ,-32, ,
2, ,-31, ,
2, ,-31, ,
1, ,-32, ,
2, ,-31, ,
2, ,-31, ,
2, ,-32, ,
2, ,-31, ,
2, ,-31, ,
1, ,-32, ,
2, ,-31, ,
2, ,-31, ,
2, ,-31, ,
3, ,-31, ,
2, ,-32, ,
1, ,-32, ,
2, ,-31, ,
2, ,-31, ,
1, ,-32, ,
2, ,-32, ,
2, ,-31, ,
1, ,-32, ,
2, ,-31, ,
1, ,-32, ,
2, ,-32, ,
2, ,-31, ,
2, ,-31, ,
1, ,-32, ,
2, ,-31, ,
2, ,-31, ,
2, ,-32, ,
2, ,-32, ,
2, ,-32, ,
1, ,-31, ,
2, ,-31, ,
2, ,-31, ,
2, ,-31, ,
2, ,-31, ,
2, ,-31, ,
1, ,-31, ,
2, ,-31, ,
1, ,-31, ,
2, ,-32, ,
2, ,-31, ,
2, ,-31, ,
1, ,-32, ,
2, ,-32, ,
1, ,-31, ,
2, ,-31, ,
2, ,-31, ,
2, ,-32, ,
1, ,-31, ,
2, ,-31, ,
2, ,-31, ,
2, ,-31, ,
2, ,-31, ,
2, ,-31, ,
1, ,-32, ,
2, ,-31, ,
2, ,-31, ,
2, ,-32, ,
2, ,-31, ,
2, ,-32, ,
1, ,-31, ,
2, ,-31, ,
2, ,-31, ,
2, ,-31, ,
2, ,-32, ,
2, ,-31, ,
1, ,-31, ,
2, ,-31, ,
1, ,-31, ,
2, ,-32, ,
2, ,-31, ,
2, ,-31, ,
1, ,-32, ,
2, ,-32, ,
2, ,-31, ,
2, ,-32, ,
2, ,-32, ,
2, ,-31, ,
1, ,-32, ,
2, ,-31, ,
1, ,-31, ,
1, ,-31, ,
15, ,-31, ,
31, ,-31, ,
20, ,-32, ,
15, ,-31, ,
10, ,-31, ,
6, ,-32, ,
6, ,-32, ,
5, ,-31, ,
2, ,-32, ,
3, ,-31, ,
2, ,-32, ,
2, ,-31, ,
3, ,-32, ,
2, ,-32, ,
2, ,-32, ,
2, ,-31, ,
2, ,-31, ,
2, ,-31, ,
3, ,-31, ,
3, ,-31, ,
2, ,-31, ,
3, ,-31, ,
2, ,-31, ,
2, ,-31, ,
3, ,-31, ,
3, ,-32, ,
1, ,-32, ,
3, ,-32, ,
2, ,-31, ,
2, ,-31, ,
3, ,-32, ,
3, ,-31, ,
2, ,-32, ,
2, ,-32, ,
2, ,-31, ,
2, ,-32, ,
3, ,-31, ,
2, ,-31, ,
1, ,-31, ,
3, ,-32, ,
2, ,-31, ,
2, ,-31, ,
3, ,-32, ,
3, ,-32, ,
2, ,-32, ,
3, ,-32, ,
2, ,-31, ,
2, ,-32, ,
2, ,-31, ,
2, ,-31, ,
1, ,-32, ,
2, ,-32, ,
2, ,-31, ,
2, ,-31, ,
3, ,-31, ,
2, ,-31, ,
1, ,-31, ,
3, ,-32, ,
2, ,-31, ,
2, ,-32, ,
2, ,-31, ,
3, ,-31, ,
2, ,-31, ,
2, ,-32, ,
2, ,-31, ,
2, ,-32, ,
2, ,-32, ,
2, ,-31, ,
1, ,-31, ,
2, ,-31, ,
2, ,-31, ,
2, ,-31, ,
2, ,-31, ,
2, ,-31, ,
1, ,-32, ,
2, ,-31, ,
2, ,-31, ,
2, ,-31, ,
2, ,-31, ,
2, ,-31, ,
1, ,-32, ,
3, ,-32, ,
2, ,-31, ,
2, ,-32, ,
2, ,-31, ,
2, ,-31, ,
1, ,-31, ,
2, ,-32, ,
2, ,-31, ,
2, ,-31, ,
2, ,-31, ,
3, ,-31, ,
1, ,-32, ,
3, ,-32, ,
2, ,-31, ,
2, ,-31, ,
2, ,-31, ,
2, ,-31, ,
1, ,-32, ,
2, ,-32, ,
2, ,-31, ,
2, ,-32, ,
2, ,-32, ,
2, ,-32, ,
1, ,-32, ,
2, ,-32, ,
2, ,-31, ,
2, ,-32, ,
2, ,-31, ,
2, ,-31, ,
1, ,-32, ,
2, ,-31, ,
2, ,-31, ,
2, ,-31, ,
2, ,-32, ,
2, ,-31, ,
1, ,-32, ,
3, ,-31, ,
2, ,-31, ,
2, ,-31, ,
2, ,-31, ,
3, ,-31, ,
1, ,-31, ,
2, ,-31, ,
2, ,-31, ,
2, ,-31, ,
3, ,-31, ,
2, ,-31, ,
1, ,-32, ,
2, ,-32, ,
1, ,-31, ,
2, ,-32, ,
2, ,-31, ,
2, ,-32, ,
1, ,-32, ,
2, ,-31, ,
1, ,-31, ,
2, ,-32, ,
2, ,-31, ,
2, ,-31, ,
1, ,-32, ,
2, ,-31, ,
1, ,-31, ,
2, ,-31, ,
2, ,-31, ,
2, ,-31, ,
1, ,-31, ,
2, ,-31, ,
1, ,-31, ,
2, ,-31, ,
2, ,-32, ,
2, ,-32, ,
1, ,-32, ,
2, ,-32, ,
1, ,-31, ,
1, ,-32, ,
2, ,-31, ,
2, ,-31, ,
1, ,-31, ,
2, ,-31, ,
1, ,-31, ,
2, ,-31, ,
2, ,-31, ,
2, ,-31, ,
1, ,-32, ,
2, ,-31, ,
2, ,-31, ,
2, ,-31, ,
2, ,-32, ,
2, ,-31, ,
1, ,-31, ,
2, ,-31, ,
2, ,-31, ,
1, ,-31, ,
2, ,-32, ,
2, ,-31, ,
1, ,-32, ,
2, ,-31, ,
1, ,-31, ,
1, ,-31, ,
2, ,-32, ,
2, ,-31, ,
1, ,-32, ,
2, ,-31, ,
1, ,-31, ,
1, ,-32, ,
2, ,-32, ,
2, ,-32, ,
1, ,-32, ,
2, ,-31, ,
1, ,-32, ,
2, ,-32, ,
2, ,-31, ,
2, ,-31, ,
1, ,-31, ,
2, ,-32, ,
1, ,-31, ,
2, ,-32, ,
2, ,-32, ,
2, ,-31, ,
1, ,-32, ,
2, ,-31, ,
1, ,-31, ,
2, ,-31, ,
2, ,-31, ,
2, ,-31, ,
1, ,-32, ,
2, ,-32, ,
1, ,-31, ,
1, ,-32, ,
2, ,-32, ,
2, ,-31, ,
1, ,-32, ,
2, ,-31, ,
1, ,-31, ,
1, ,-32, ,
2, ,-31, ,
1, ,-32, ,
1, ,-32, ,
2, ,-32, ,
1, ,-31, ,
1, ,-31, ,
2, ,-32, ,
2, ,-31, ,
1, ,-32, ,
2, ,-32, ,
1, ,-31, ,
2, ,-32, ,
2, ,-32, ,
2, ,-31, ,
1, ,-32, ,
2, ,-31, ,
1, ,-31, ,
1, ,-31, ,
2, ,-32, ,
2, ,-31, ,
1, ,-31, ,
2, ,-31, ,
1, ,-31, ,
2, ,-31, ,
2, ,-31, ,
2, ,-31, ,
1, ,-31, ,
2, ,-31, ,
1, ,-31, ,
1, ,-32, ,
2, ,-32, ,
2, ,-31, ,
1, ,-32, ,
2, ,-32, ,
1, ,-31, ,
1, ,-31, ,
2, ,-31, ,
2, ,-31, ,
1, ,-32, ,
2, ,-31, ,
1, ,-31, ,
2, ,-31, ,
2, ,-32, ,
2, ,-31, ,
1, ,-31, ,
2, ,-32, ,
1, ,-31, ,
1, ,-32, ,
2, ,-31, ,
2, ,-31, ,
1, ,-32, ,
2, ,-32, ,
1, ,-31, ,
1, ,-31, ,
2, ,-31, ,
2, ,-31, ,
1, ,-32, ,
2, ,-32, ,
1, ,-31, ,
1, ,-32, ,
2, ,-31, ,
2, ,-31, ,
1, ,-31, ,
2, ,-32, ,
1, ,-31, ,
1, ,-31, ,
2, ,-31, ,
2, ,-31, ,
1, ,-32, ,
2, ,-31, ,
1, ,-31, ,
2, ,-32, ,
2, ,-31, ,
1, ,-31, ,
-1, ,-32, ,
2, ,-32, ,
1, ,-31, ,
1, ,-32, ,
2, ,-32, ,
2, ,-32, ,
1, ,-32, ,
2, ,-31, ,
1, ,-31, ,
1, ,-31, ,
2, ,-31, ,
2, ,-31, ,
1, ,-32, ,
2, ,-32, ,
1, ,-31, ,
1, ,-31, ,
2, ,-32, ,
2, ,-31, ,
1, ,-32, ,
2, ,-31, ,
1, ,-31, ,
1, ,-31, ,
2, ,-31, ,
2, ,-31, ,
-1, ,-32, ,
2, ,-32, ,
1, ,-31, ,
1, ,-32, ,
2, ,-32, ,
2, ,-31, ,
1, ,-32, ,
2, ,-31, ,
1, ,-32, ,
1, ,-32, ,
2, ,-31, ,
2, ,-31, ,
-1, ,-31, ,
2, ,-31, ,
1, ,-31, ,
1, ,-31, ,
2, ,-31, ,
1, ,-31, ,
1, ,-32, ,
2, ,-32, ,
1, ,-31, ,
1, ,-32, ,
2, ,-31, ,
1, ,-31, ,
-1, ,-32, ,
1, ,-31, ,
1, ,-31, ,
1, ,-31, ,
2, ,-32, ,
2, ,-31, ,
1, ,-32, ,
2, ,-31, ,
1, ,-31, ,
1, ,-31, ,
2, ,-31, ,
2, ,-31, ,
1, ,-31, ,
2, ,-31, ,
1, ,-31, ,
1, ,-31, ,
1, ,-32, ,
1, ,-31, ,
1, ,-32, ,
2, ,-31, ,
1, ,-31, ,
1, ,-31, ,
1, ,-31, ,
1, ,-31, ,
1, ,-32, ,
2, ,-32, ,
1, ,-31, ,
1, ,-32, ,
2, ,-32, ,
1, ,-31, ,
1, ,-32, ,
2, ,-31, ,
1, ,-31, ,
1, ,-32, ,
2, ,-31, ,
1, ,-31, ,
1, ,-32, ,
2, ,-31, ,
1, ,-31, ,
1, ,-32, ,
2, ,-32, ,
2, ,-31, ,
1, ,-32, ,
2, ,-31, ,
1, ,-31, ,
1, ,-31, ,
2, ,-31, ,
1, ,-31, ,
-1, ,-32, ,
2, ,-32, ,
1, ,-31, ,
1, ,-31, ,
2, ,-32, ,
2, ,-31, ,
1, ,-32, ,
2, ,-32, ,
1, ,-31, ,
1, ,-31, ,
2, ,-31, ,
2, ,-32, ,
1, ,-31, ,
2, ,-31, ,
1, ,-31, ,
1, ,-32, ,
2, ,-32, ,
1, ,-31, ,
-1, ,-31, ,
2, ,-31, ,
1, ,-31, ,
1, ,-32, ,
2, ,-31, ,
1, ,-31, ,
-1, ,-31, ,
2, ,-31, ,
1, ,-31, ,
1, ,-32, ,
2, ,-31, ,
1, ,-31, ,
1, ,-32, ,
2, ,-32, ,
1, ,-32, ,
1, ,-32, ,
2, ,-31, ,
1, ,-31, ,
1, ,-32, ,
2, ,-31, ,
1, ,-31, ,
1, ,-31, ,
2, ,-31, ,
2, ,-31, ,
-1, ,-32, ,
2, ,-32, ,
1, ,-31, ,
1, ,-31, ,
2, ,-31, ,
1, ,-31, ,
-1, ,-32, ,
1, ,-32, ,
1, ,-23, ,
1, ,-3, ,
1, ,14, ,
1, ,25, ,
1, ,35, ,
2, ,42, ,
1, ,47, ,
1, ,51, ,
2, ,54, ,
1, ,56, ,
1, ,59, ,
2, ,58, ,
1, ,60, ,
1, ,61, ,
1, ,60, ,
1, ,61, ,
-1, ,62, ,
2, ,61, ,
1, ,62, ,
1, ,63, ,
1, ,62, ,
1, ,62, ,
-1, ,63, ,
2, ,61, ,
1, ,62, ,
1, ,63, ,
1, ,62, ,
1, ,62, ,
-1, ,63, ,
2, ,61, ,
3, ,62, ,
57, ,63, ,
36, ,61, ,
24, ,62, ,
15, ,63, ,
11, ,61, ,
7, ,62, ,
5, ,63, ,
5, ,61, ,
3, ,62, ,
2, ,62, ,
3, ,61, ,
2, ,62, ,
2, ,62, ,
3, ,61, ,
2, ,62, ,
1, ,63, ,
3, ,60, ,
2, ,62, ,
2, ,63, ,
2, ,61, ,
2, ,62, ,
1, ,62, ,
3, ,61, ,
1, ,62, ,
2, ,62, ,
3, ,61, ,
2, ,62, ,
1, ,62, ,
3, ,60, ,
2, ,61, ,
2, ,62, ,
2, ,61, ,
2, ,61, ,
1, ,62, ,
3, ,61, ,
2, ,62, ,
2, ,62, ,
2, ,62, ,
2, ,62, ,
1, ,63, ,
3, ,60, ,
2, ,61, ,
2, ,62, ,
2, ,61, ,
2, ,61, ,
2, ,62, ,
3, ,61, ,
1, ,62, ,
2, ,63, ,
2, ,61, ,
2, ,62, ,
1, ,62, ,
6, ,61, ,
11, ,62, ,
10, ,62, ,
7, ,61, ,
6, ,61, ,
3, ,62, ,
5, ,61, ,
3, ,62, ,
2, ,62, ,
3, ,61, ,
2, ,62, ,
1, ,62, ,
3, ,60, ,
2, ,62, ,
2, ,62, ,
3, ,61, ,
2, ,62, ,
1, ,62, ,
3, ,61, ,
2, ,62, ,
2, ,62, ,
3, ,62, ,
3, ,62, ,
1, ,62, ,
3, ,60, ,
2, ,61, ,
2, ,62, ,
2, ,61, ,
2, ,61, ,
2, ,62, ,
3, ,61, ,
2, ,62, ,
2, ,62, ,
3, ,61, ,
2, ,62, ,
1, ,62, ,
3, ,60, ,
2, ,62, ,
2, ,62, ,
2, ,61, ,
2, ,61, ,
1, ,62, ,
3, ,61, ,
2, ,62, ,
2, ,62, ,
2, ,61, ,
2, ,61, ,
1, ,62, ,
3, ,60, ,
2, ,61, ,
2, ,63, ,
3, ,61, ,
8, ,61, ,
10, ,62, ,
10, ,61, ,
6, ,62, ,
5, ,62, ,
5, ,61, ,
3, ,62, ,
2, ,63, ,
3, ,61, ,
2, ,62, ,
2, ,62, ,
2, ,61, ,
2, ,62, ,
1, ,63, ,
3, ,61, ,
2, ,62, ,
2, ,62, ,
3, ,61, ,
2, ,61, ,
2, ,61, ,
5, ,42, ,
5, ,24, ,
5, ,9, ,
5, ,-1, ,
3, ,-8, ,
2, ,-15, ,
3, ,-19, ,
2, ,-22, ,
2, ,-25, ,
2, ,-26, ,
2, ,-28, ,
1, ,-30, ,
3, ,-30, ,
2, ,-31, ,
2, ,-31, ,
2, ,-32, ,
3, ,-31, ,
2, ,-32, ,
3, ,-32, ,
2, ,-32, ,
2, ,-32, ,
2, ,-32, ,
2, ,-32, ,
1, ,-32, ,
3, ,-32, ,
2, ,-32, ,
2, ,-32, ,
2, ,-32, ,
2, ,-32, ,
2, ,-32, ,
3, ,-32, ,
2, ,-32, ,
2, ,-32, ,
2, ,-32, ,
2, ,-32, ,
1, ,-32, ,
2, ,-32, ,
2, ,-32, ,
2, ,-32, ,
2, ,-32, ,
2, ,-32, ,
2, ,-32, ,
3, ,-32, ,
2, ,-32, ,
2, ,-32, ,
2, ,-32, ,
2, ,-32, ,
1, ,-32, ,
2, ,-32, ,
2, ,-32, ,
2, ,-32, ,
2, ,-32, ,
2, ,-32, ,
2, ,-32, ,
3, ,-31, ,
2, ,-31, ,
2, ,-32, ,
2, ,-31, ,
2, ,-31, ,
1, ,-32, ,
2, ,-31, ,
2, ,-32, ,
2, ,-32, ,
2, ,-32, ,
2, ,-31, ,
1, ,-32, ,
3, ,-32, ,
2, ,-31, ,
2, ,-32, ,
2, ,-32, ,
2, ,-32, ,
1, ,-32, ,
3, ,-31, ,
2, ,-31, ,
2, ,-32, ,
2, ,-32, ,
3, ,-31, ,
1, ,-32, ,
3, ,-32, ,
2, ,-31, ,
2, ,-32, ,
2, ,-32, ,
3, ,-31, ,
1, ,-32, ,
3, ,-31, ,
2, ,-31, ,
2, ,-32, ,
2, ,-32, ,
2, ,-32, ,
1, ,-32, ,
3, ,-31, ,
2, ,-31, ,
2, ,-32, ,
2, ,-31, ,
3, ,-31, ,
1, ,-32, ,
3, ,-31, ,
2, ,-31, ,
2, ,-32, ,
2, ,-32, ,
2, ,-31, ,
1, ,-32, ,
3, ,-31, ,
2, ,-31, ,
2, ,-32, ,
2, ,-31, ,
2, ,-32, ,
1, ,-32, ,
3, ,-32, ,
2, ,-31, ,
2, ,-31, ,
2, ,-31, ,
2, ,-32, ,
1, ,-31, ,
3, ,-31, ,
2, ,-31, ,
2, ,-32, ,
2, ,-31, ,
2, ,-32, ,
1, ,-32, ,
2, ,-31, ,
2, ,-31, ,
2, ,-31, ,
2, ,-32, ,
2, ,-32, ,
1, ,-32, ,
3, ,-32, ,
2, ,-31, ,
1, ,-32, ,
2, ,-32, ,
2, ,-31, ,
1, ,-31, ,
2, ,-31, ,
2, ,-31, ,
1, ,-31, ,
2, ,-31, ,
2, ,-31, ,
1, ,-32, ,
2, ,-31, ,
2, ,-31, ,
1, ,-31, ,
2, ,-31, ,
2, ,-32, ,
1, ,-32, ,
2, ,-32, ,
2, ,-31, ,
2, ,-31, ,
2, ,-31, ,
2, ,-31, ,
1, ,-32, ,
2, ,-31, ,
1, ,-31, ,
1, ,-32, ,
2, ,-31, ,
2, ,-31, ,
1, ,-32, ,
2, ,-31, ,
2, ,-31, ,
2, ,-31, ,
2, ,-32, ,
2, ,-31, ,
1, ,-32, ,
2, ,-31, ,
1, ,-32, ,
1, ,-31, ,
2, ,-31, ,
2, ,-32, ,
1, ,-32, ,
2, ,-31, ,
1, ,-31, ,
2, ,-32, ,
2, ,-32, ,
2, ,-31, ,
1, ,-32, ,
2, ,-31, ,
1, ,-32, ,
1, ,-31, ,
2, ,-31, ,
2, ,-32, ,
1, ,-32, ,
2, ,-31, ,
1, ,-31, ,
2, ,-31, ,
2, ,-31, ,
2, ,-32, ,
1, ,-31, ,
2, ,-32, ,
1, ,-31, ,
1, ,-31, ,
2, ,-31, ,
2, ,-32, ,
1, ,-31, ,
2, ,-31, ,
1, ,-31, ,
1, ,-32, ,
2, ,-31, ,
2, ,-31, ,
1, ,-32, ,
2, ,-31, ,
1, ,-31, ,
2, ,-32, ,
2, ,-31, ,
2, ,-32, ,
1, ,-32, ,
2, ,-32, ,
1, ,-32, ,
2, ,-32, ,
2, ,-31, ,
2, ,-31, ,
1, ,-32, ,
2, ,-31, ,
1, ,-31, ,
1, ,-31, ,
2, ,-31, ,
2, ,-31, ,
1, ,-31, ,
2, ,-31, ,
1, ,-31, ,
1, ,-31, ,
2, ,-31, ,
2, ,-31, ,
1, ,-32, ,
2, ,-31, ,
1, ,-31, ,
2, ,-31, ,
2, ,-31, ,
2, ,-31, ,
1, ,-32, ,
2, ,-31, ,
1, ,-32, ,
1, ,-32, ,
2, ,-32, ,
2, ,-32, ,
1, ,-32, ,
2, ,-31, ,
1, ,-31, ,
2, ,-31, ,
2, ,-31, ,
2, ,-32, ,
1, ,-32, ,
2, ,-31, ,
2, ,-31, ,
1, ,-31, ,
2, ,-32, ,
2, ,-32, ,
1, ,-32, ,
2, ,-31, ,
1, ,-31, ,
1, ,-31, ,
2, ,-31, ,
1, ,-31, ,
1, ,-32, ,
2, ,-31, ,
1, ,-31, ,
2, ,-31, ,
2, ,-31, ,
2, ,-31, ,
1, ,-32, ,
2, ,-32, ,
1, ,-31, ,
2, ,-31, ,
2, ,-31, ,
2, ,-32, ,
1, ,-31, ,
2, ,-31, ,
1, ,-31, ,
2, ,-31, ,
2, ,-31, ,
2, ,-31, ,
1, ,-32, ,
2, ,-31, ,
1, ,-31, ,
1, ,-32, ,
2, ,-31, ,
2, ,-31, ,
1, ,-32, ,
2, ,-31, ,
1, ,-31, ,
1, ,-31, ,
2, ,-32, ,
2, ,-31, ,
1, ,-32, ,
2, ,-32, ,
1, ,-31, ,
1, ,-31, ,
2, ,-31, ,
1, ,-32, ,
1, ,-31, ,
2, ,-32, ,
1, ,-31, ,
1, ,-32, ,
2, ,-31, ,
1, ,-31, ,
1, ,-32, ,
2, ,-32, ,
1, ,-31, ,
1, ,-31, ,
2, ,-31, ,
2, ,-31, ,
1, ,-32, ,
2, ,-31, ,
1, ,-31, ,
1, ,-31, ,
2, ,-31, ,
2, ,-31, ,
1, ,-32, ,
2, ,-32, ,
1, ,-31, ,
1, ,-31, ,
2, ,-31, ,
2, ,-31, ,
1, ,-32, ,
2, ,-31, ,
1, ,-31, ,
1, ,-31, ,
2, ,-31, ,
2, ,-31, ,
1, ,-32, ,
2, ,-31, ,
1, ,-31, ,
1, ,-31, ,
2, ,-31, ,
1, ,-32, ,
1, ,-32, ,
2, ,-31, ,
1, ,-31, ,
1, ,-31, ,
2, ,-32, ,
1, ,-31, ,
1, ,-32, ,
2, ,-32, ,
1, ,-31, ,
1, ,-31, ,
2, ,-31, ,
1, ,-31, ,
1, ,-32, ,
2, ,-31, ,
1, ,-31, ,
1, ,-31, ,
2, ,-32, ,
1, ,-31, ,
1, ,-32, ,
2, ,-31, ,
1, ,-31, ,
1, ,-31, ,
2, ,-31, ,
1, ,-31, ,
1, ,-31, ,
2, ,-32, ,
1, ,-31, ,
1, ,-31, ,
2, ,-32, ,
1, ,-32, ,
1, ,-32, ,
2, ,-31, ,
1, ,-31, ,
1, ,-31, ,
2, ,-31, ,
2, ,-32, ,
1, ,-31, ,
2, ,-32, ,
1, ,-31, ,
1, ,-31, ,
2, ,-32, ,
2, ,-31, ,
1, ,-32, ,
2, ,-32, ,
1, ,-31, ,
1, ,-31, ,
2, ,-31, ,
1, ,-31, ,
-1, ,-32, ,
2, ,-31, ,
1, ,-31, ,
1, ,-31, ,
1, ,-32, ,
1, ,-31, ,
1, ,-32, ,
2, ,-32, ,
1, ,-31, ,
1, ,-31, ,
2, ,-31, ,
2, ,-31, ,
-1, ,-31, ,
1, ,-31, ,
1, ,-31, ,
1, ,-31, ,
1, ,-31, ,
2, ,-32, ,
1, ,-31, ,
2, ,-31, ,
1, ,-31, ,
1, ,-31, ,
2, ,-31, ,
1, ,-31, ,
-1, ,-31, ,
2, ,-32, ,
1, ,-31, ,
1, ,-31, ,
1, ,-32, ,
1, ,-31, ,
1, ,-32, ,
2, ,-31, ,
1, ,-32, ,
1, ,-32, ,
2, ,-31, ,
2, ,-31, ,
-1, ,-32, ,
2, ,-32, ,
1, ,-31, ,
1, ,-31, ,
1, ,-31, ,
1, ,-32, ,
-1, ,-32, ,
2, ,-32, ,
1, ,-31, ,
1, ,-32, ,
2, ,-31, ,
1, ,-31, ,
-1, ,-32, ,
2, ,-31, ,
1, ,-31, ,
1, ,-31, ,
1, ,-31, ,
1, ,-31, ,
1, ,-32, ,
2, ,-32, ,
1, ,-31, ,
1, ,-31, ,
2, ,-31, ,
1, ,-31, ,
-1, ,-32, ,
2, ,-31, ,
1, ,-31, ,
1, ,-31, ,
2, ,-32, ,
1, ,-31, ,
-1, ,-31, ,
2, ,-32, ,
1, ,-31, ,
1, ,-31, ,
2, ,-31, ,
1, ,-31, ,
-1, ,-32, ,
2, ,-31, ,
1, ,-31, ,
1, ,-31, ,
2, ,-32, ,
1, ,-31, ,
-1, ,-32, ,
2, ,-32, ,
1, ,-31, ,
1, ,-31, ,
2, ,-31, ,
2, ,-31, ,
-1, ,-32, ,
2, ,-31, ,
1, ,-31, ,
1, ,-31, ,
1, ,-32, ,
1, ,-32, ,
-1, ,-32, ,
2, ,-32, ,
1, ,-31, ,
1, ,-31, ,
2, ,-31, ,
2, ,-31, ,
-1, ,-31, ,
1, ,-32, ,
1, ,-31, ,
1, ,-32, ,
2, ,-32, ,
1, ,-32, ,
-1, ,-32, ,
1, ,-31, ,
1, ,-31, ,
1, ,-32, ,
2, ,-31, ,
1, ,-31, ,
-1, ,-32, ,
1, ,-31, ,
1, ,-32, ,
1, ,-31, ,
2, ,-31, ,
2, ,-31, ,
-1, ,-32, ,
2, ,-31, ,
1, ,-31, ,
1, ,-32, ,
1, ,-32, ,
1, ,-31, ,
1, ,-32, ,
1, ,-31, ,
1, ,-31, ,
1, ,-31, ,
2, ,-32, ,
1, ,-31, ,
-1, ,-32, ,
1, ,-32, ,
1, ,-31, ,
1, ,-32, ,
2, ,-32, ,
1, ,-31, ,
67, ,-32, ,
43, ,-31, ,
26, ,-31, ,
16, ,-32, ,
11, ,-32, ,
7, ,-31, ,
5, ,-32, ,
6, ,-31, ,
3, ,-31, ,
2, ,-31, ,
3, ,-31, ,
2, ,-31, ,
1, ,-32, ,
3, ,-32, ,
2, ,-31, ,
2, ,-32, ,
2, ,-32, ,
2, ,-32, ,
2, ,-32, ,
3, ,-31, ,
2, ,-31, ,
2, ,-31, ,
2, ,-31, ,
2, ,-31, ,
2, ,-32, ,
3, ,-32, ,
2, ,-31, ,
2, ,-32, ,
2, ,-31, ,
2, ,-31, ,
2, ,-32, ,
3, ,-31, ,
2, ,-31, ,
2, ,-32, ,
2, ,-32, ,
2, ,-31, ,
1, ,-32, ,
2, ,-32, ,
2, ,-31, ,
2, ,-32, ,
2, ,-32, ,
2, ,-31, ,
1, ,-32, ,
3, ,-31, ,
2, ,-31, ,
2, ,-31, ,
2, ,-32, ,
3, ,-31, ,
1, ,-32, ,
2, ,-31, ,
2, ,-31, ,
2, ,-32, ,
2, ,-32, ,
2, ,-31, ,
1, ,-32, ,
2, ,-31, ,
2, ,-31, ,
2, ,-31, ,
2, ,-31, ,
2, ,-31, ,
1, ,-32, ,
2, ,-31, ,
2, ,-31, ,
2, ,-31, ,
2, ,-32, ,
2, ,-31, ,
1, ,-32, ,
2, ,-31, ,
2, ,-31, ,
2, ,-31, ,
2, ,-31, ,
2, ,-31, ,
1, ,-32, ,
2, ,-32, ,
2, ,-31, ,
2, ,-31, ,
2, ,-31, ,
2, ,-31, ,
1, ,-32, ,
2, ,-32, ,
2, ,-31, ,
2, ,-31, ,
2, ,-31, ,
2, ,-31, ,
1, ,-32, ,
2, ,-32, ,
2, ,-31, ,
1, ,-32, ,
2, ,-32, ,
2, ,-31, ,
1, ,-32, ,
2, ,-31, ,
2, ,-31, ,
2, ,-32, ,
2, ,-31, ,
2, ,-31, ,
1, ,-32, ,
2, ,-31, ,
2, ,-31, ,
2, ,-31, ,
2, ,-31, ,
2, ,-31, ,
2, ,-32, ,
3, ,-31, ,
2, ,-31, ,
2, ,-31, ,
2, ,-31, ,
2, ,-31, ,
1, ,-32, ,
2, ,-31, ,
2, ,-31, ,
1, ,-32, ,
2, ,-32, ,
2, ,-31, ,
1, ,-32, ,
2, ,-32, ,
1, ,-31, ,
2, ,-31, ,
2, ,-31, ,
2, ,-31, ,
1, ,-31, ,
2, ,-31, ,
2, ,-31, ,
2, ,-27, ,
2, ,-8, ,
2, ,9, ,
2, ,22, ,
2, ,33, ,
2, ,40, ,
2, ,46, ,
2, ,50, ,
2, ,54, ,
1, ,57, ,
3, ,57, ,
1, ,59, ,
1, ,61, ,
2, ,60, ,
2, ,61, ,
1, ,62, ,
2, ,61, ,
1, ,62, ,
2, ,62, ,
2, ,61, ,
2, ,62, ,
1, ,63, ,
3, ,61, ,
1, ,62, ,
1, ,63, ,
2, ,62, ,
2, ,62, ,
1, ,63, ,
2, ,62, ,
1, ,62, ,
1, ,62, ,
2, ,61, ,
8, ,62, ,
29, ,63, ,
21, ,61, ,
12, ,62, ,
8, ,63, ,
7, ,62, ,
5, ,62, ,
2, ,63, ,
5, ,61, ,
2, ,62, ,
2, ,62, ,
3, ,61, ,
2, ,62, ,
2, ,62, ,
3, ,61, ,
2, ,62, ,
2, ,63, ,
3, ,61, ,
2, ,61, ,
1, ,62, ,
3, ,61, ,
2, ,62, ,
2, ,61, ,
3, ,61, ,
2, ,62, ,
1, ,63, ,
3, ,60, ,
2, ,62, ,
2, ,62, ,
3, ,61, ,
2, ,61, ,
1, ,62, ,
3, ,61, ,
2, ,62, ,
1, ,62, ,
3, ,61, ,
2, ,61, ,
1, ,62, ,
3, ,60, ,
2, ,61, ,
2, ,62, ,
3, ,61, ,
2, ,61, ,
2, ,62, ,
3, ,60, ,
1, ,62, ,
2, ,62, ,
3, ,61, ,
8, ,62, ,
8, ,62, ,
8, ,61, ,
6, ,62, ,
6, ,62, ,
6, ,61, ,
5, ,62, ,
2, ,63, ,
3, ,61, ,
2, ,62, ,
2, ,62, ,
2, ,61, ,
2, ,62, ,
2, ,62, ,
3, ,61, ,
2, ,61, ,
2, ,62, ,
3, ,61, ,
2, ,61, ,
1, ,62, ,
3, ,61, ,
2, ,62, ,
2, ,62, ,
2, ,61, ,
2, ,61, ,
1, ,62, ,
3, ,61, ,
2, ,61, ,
2, ,62, ,
2, ,61, ,
2, ,61, ,
2, ,62, ,
6, ,61, ,
6, ,62, ,
6, ,62, ,
6, ,61, ,
5, ,62, ,
2, ,62, ,
5, ,60, ,
2, ,62, ,
2, ,62, ,
3, ,61, ,
2, ,61, ,
1, ,62, ,
3, ,61, ,
2, ,62, ,
2, ,62, ,
3, ,61, ,
2, ,62, ,
1, ,63, ,
3, ,60, ,
2, ,61, ,
2, ,62, ,
3, ,61, ,
2, ,61, ,
1, ,62, ,
3, ,61, ,
2, ,62, ,
2, ,62, ,
3, ,61, ,
3, ,61, ,
1, ,62, ,
3, ,61, ,
2, ,62, ,
2, ,62, ,
3, ,61, ,
2, ,61, ,
2, ,62, ,
7, ,61, ,
7, ,61, ,
6, ,62, ,
6, ,61, ,
3, ,62, ,
2, ,62, ,
3, ,60, ,
2, ,49, ,
2, ,28, ,
2, ,14, ,
3, ,2, ,
1, ,-6, ,
3, ,-14, ,
2, ,-18, ,
2, ,-22, ,
3, ,-24, ,
2, ,-26, ,
2, ,-27, ,
3, ,-28, ,
2, ,-30, ,
2, ,-31, ,
3, ,-31, ,
3, ,-31, ,
1, ,-32, ,
3, ,-32, ,
2, ,-32, ,
2, ,-32, ,
3, ,-32, ,
3, ,-32, ,
2, ,-32, ,
3, ,-32, ,
2, ,-32, ,
2, ,-32, ,
2, ,-32, ,
2, ,-32, ,
2, ,-32, ,
3, ,-32, ,
2, ,-32, ,
2, ,-32, ,
2, ,-32, ,
3, ,-32, ,
1, ,-32, ,
3, ,-32, ,
2, ,-32, ,
2, ,-32, ,
2, ,-32, ,
2, ,-32, ,
2, ,-32, ,
3, ,-31, ,
2, ,-32, ,
2, ,-32, ,
2, ,-32, ,
3, ,-32, ,
1, ,-32, ,
2, ,-32, ,
2, ,-31, ,
2, ,-32, ,
3, ,-32, ,
2, ,-31, ,
1, ,-32, ,
2, ,-31, ,
2, ,-31, ,
2, ,-32, ,
2, ,-32, ,
2, ,-32, ,
1, ,-32, ,
3, ,-32, ,
2, ,-32, ,
2, ,-32, ,
2, ,-32, ,
2, ,-31, ,
1, ,-32, ,
2, ,-31, ,
2, ,-31, ,
1, ,-32, ,
2, ,-31, ,
2, ,-32, ,
1, ,-32, ,
2, ,-31, ,
2, ,-31, ,
2, ,-32, ,
2, ,-32, ,
2, ,-32, ,
1, ,-32, ,
2, ,-32, ,
2, ,-31, ,
17, ,-31, ,
15, ,-31, ,
11, ,-32, ,
7, ,-32, ,
6, ,-32, ,
5, ,-32, ,
3, ,-32, ,
3, ,-31, ,
2, ,-31, ,
2, ,-32, ,
3, ,-31, ,
2, ,-31, ,
2, ,-31, ,
2, ,-31, ,
3, ,-32, ,
2, ,-32, ,
3, ,-31, ,
2, ,-31, ,
2, ,-32, ,
3, ,-31, ,
2, ,-31, ,
1, ,-31, ,
3, ,-31, ,
2, ,-31, ,
2, ,-31, ,
2, ,-31, ,
3, ,-31, ,
1, ,-32, ,
3, ,-31, ,
2, ,-31, ,
2, ,-32, ,
2, ,-32, ,
3, ,-32, ,
1, ,-32, ,
3, ,-31, ,
2, ,-31, ,
2, ,-32, ,
2, ,-32, ,
2, ,-31, ,
1, ,-32, ,
3, ,-31, ,
2, ,-31, ,
2, ,-31, ,
3, ,-32, ,
2, ,-31, ,
2, ,-32, ,
3, ,-31, ,
2, ,-31, ,
2, ,-31, ,
3, ,-31, ,
2, ,-31, ,
2, ,-31, ,
2, ,-31, ,
2, ,-31, ,
2, ,-31, ,
3, ,-31, ,
3, ,-31, ,
2, ,-32, ,
3, ,-31, ,
2, ,-31, ,
2, ,-32, ,
2, ,-31, ,
3, ,-32, ,
1, ,-31, ,
2, ,-31, ,
2, ,-31, ,
2, ,-31, ,
2, ,-32, ,
2, ,-31, ,
2, ,-32, ,
3, ,-31, ,
2, ,-31, ,
2, ,-31, ,
2, ,-31, ,
3, ,-31, ,
1, ,-32, ,
3, ,-31, ,
2, ,-31, ,
2, ,-31, ,
2, ,-32, ,
2, ,-32, ,
2, ,-32, ,
2, ,-31, ,
2, ,-31, ,
2, ,-32, ,
2, ,-31, ,
2, ,-32, ,
1, ,-32, ,
2, ,-31, ,
2, ,-31, ,
2, ,-31, ,
2, ,-32, ,
2, ,-31, ,
1, ,-32, ,
3, ,-32, ,
2, ,-31, ,
2, ,-32, ,
2, ,-31, ,
2, ,-31, ,
1, ,-32, ,
2, ,-31, ,
2, ,-31, ,
2, ,-31, ,
2, ,-31, ,
2, ,-31, ,
1, ,-31, ,
3, ,-31, ,
1, ,-31, ,
2, ,-31, ,
2, ,-31, ,
2, ,-32, ,
1, ,-31, ,
2, ,-31, ,
2, ,-31, ,
2, ,-32, ,
2, ,-32, ,
2, ,-31, ,
1, ,-31, ,
2, ,-31, ,
1, ,-31, ,
1, ,-32, ,
2, ,-31, ,
2, ,-32, ,
1, ,-32, ,
2, ,-31, ,
2, ,-31, ,
2, ,-32, ,
2, ,-32, ,
2, ,-31, ,
1, ,-32, ,
2, ,-31, ,
2, ,-31, ,
1, ,-31, ,
2, ,-32, ,
2, ,-32, ,
1, ,-31, ,
2, ,-31, ,
1, ,-31, ,
1, ,-31, ,
2, ,-31, ,
2, ,-31, ,
1, ,-32, ,
2, ,-31, ,
2, ,-32, ,
2, ,-31, ,
2, ,-31, ,
2, ,-32, ,
1, ,-31, ,
2, ,-31, ,
2, ,-31, ,
1, ,-31, ,
2, ,-31, ,
2, ,-31, ,
1, ,-31, ,
2, ,-31, ,
1, ,-31, ,
2, ,-32, ,
2, ,-31, ,
2, ,-31, ,
1, ,-32, ,
2, ,-31, ,
2, ,-31, ,
2, ,-32, ,
2, ,-31, ,
2, ,-31, ,
1, ,-32, ,
2, ,-31, ,
2, ,-31, ,
2, ,-31, ,
2, ,-31, ,
2, ,-31, ,
1, ,-32, ,
2, ,-31, ,
1, ,-31, ,
2, ,-31, ,
2, ,-31, ,
2, ,-31, ,
1, ,-31, ,
2, ,-31, ,
1, ,-31, ,
2, ,-31, ,
2, ,-31, ,
2, ,-32, ,
1, ,-32, ,
2, ,-32, ,
2, ,-31, ,
2, ,-32, ,
2, ,-32, ,
2, ,-31, ,
1, ,-31, ,
2, ,-32, ,
1, ,-31, ,
1, ,-31, ,
2, ,-31, ,
2, ,-31, ,
1, ,-32, ,
2, ,-31, ,
2, ,-31, ,
1, ,-31, ,
2, ,-32, ,
2, ,-31, ,
1, ,-32, ,
2, ,-31, ,
1, ,-31, ,
1, ,-31, ,
2, ,-32, ,
2, ,-31, ,
1, ,-31, ,
2, ,-32, ,
1, ,-31, ,
1, ,-31, ,
2, ,-31, ,
2, ,-31, ,
1, ,-31, ,
2, ,-31, ,
1, ,-31, ,
2, ,-31, ,
2, ,-31, ,
2, ,-31, ,
1, ,-31, ,
2, ,-32, ,
1, ,-31, ,
1, ,-31, ,
2, ,-31, ,
2, ,-31, ,
1, ,-32, ,
2, ,-31, ,
1, ,-31, ,
2, ,-32, ,
2, ,-32, ,
2, ,-31, ,
1, ,-31, ,
2, ,-31, ,
1, ,-31, ,
1, ,-31, ,
2, ,-31, ,
2, ,-31, ,
1, ,-31, ,
2, ,-32, ,
1, ,-31, ,
1, ,-31, ,
2, ,-31, ,
2, ,-31, ,
1, ,-32, ,
2, ,-31, ,
1, ,-31, ,
2, ,-31, ,
2, ,-32, ,
2, ,-31, ,
1, ,-32, ,
2, ,-31, ,
1, ,-31, ,
1, ,-31, ,
2, ,-31, ,
1, ,-31, ,
1, ,-32, ,
2, ,-32, ,
1, ,-31, ,
1, ,-31, ,
2, ,-32, ,
2, ,-31, ,
1, ,-32, ,
2, ,-31, ,
1, ,-31, ,
1, ,-31, ,
2, ,-31, ,
2, ,-32, ,
1, ,-32, ,
2, ,-31, ,
1, ,-31, ,
1, ,-31, ,
2, ,-32, ,
1, ,-31, ,
1, ,-31, ,
2, ,-31, ,
1, ,-31, ,
1, ,-32, ,
2, ,-31, ,
1, ,-31, ,
1, ,-32, ,
2, ,-32, ,
1, ,-32, ,
1, ,-32, ,
2, ,-32, ,
2, ,-31, ,
1, ,-32, ,
2, ,-31, ,
1, ,-31, ,
1, ,-31, ,
2, ,-31, ,
2, ,-31, ,
1, ,-32, ,
2, ,-31, ,
1, ,-31, ,
1, ,-31, ,
2, ,-31, ,
1, ,-31, ,
1, ,-32, ,
2, ,-32, ,
1, ,-31, ,
1, ,-31, ,
2, ,-31, ,
2, ,-31, ,
-1, ,-32, ,
2, ,-31, ,
1, ,-31, ,
2, ,-31, ,
2, ,-31, ,
1, ,-31, ,
1, ,-32, ,
2, ,-32, ,
1, ,-31, ,
2, ,-31, ,
2, ,-31, ,
2, ,-31, ,
1, ,-32, ,
2, ,-31, ,
1, ,-31, ,
1, ,-31, ,
2, ,-32, ,
2, ,-31, ,
1, ,-32, ,
2, ,-31, ,
1, ,-31, ,
1, ,-32, ,
2, ,-32, ,
2, ,-31, ,
1, ,-32, ,
2, ,-31, ,
1, ,-31, ,
1, ,-31, ,
2, ,-31, ,
2, ,-31, ,
1, ,-31, ,
2, ,-31, ,
1, ,-31, ,
1, ,-31, ,
2, ,-31, ,
1, ,-31, ,
1, ,-32, ,
2, ,-31, ,
1, ,-31, ,
1, ,-31, ,
2, ,-31, ,
2, ,-31, ,
1, ,-32, ,
2, ,-31, ,
1, ,-31, ,
1, ,-32, ,
2, ,-32, ,
1, ,-31, ,
1, ,-32, ,
2, ,-31, ,
1, ,-31, ,
1, ,-31, ,
2, ,-32, ,
2, ,-31, ,
1, ,-32, ,
2, ,-32, ,
1, ,-31, ,
1, ,-32, ,
2, ,-31, ,
1, ,-31, ,
-1, ,-31, ,
2, ,-32, ,
1, ,-31, ,
1, ,-32, ,
2, ,-31, ,
1, ,-31, ,
1, ,-32, ,
2, ,-31, ,
1, ,-31, ,
1, ,-31, ,
2, ,-31, ,
1, ,-31, ,
-1, ,-32, ,
2, ,-32, ,
1, ,-31, ,
1, ,-32, ,
2, ,-32, ,
1, ,-31, ,
1, ,-32, ,
1, ,-31, ,
1, ,-31, ,
1, ,-31, ,
2, ,-31, ,
1, ,-31, ,
-1, ,-32, ,
1, ,-32, ,
1, ,-31, ,
1, ,-32, ,
2, ,-31, ,
1, ,-31, ,
1, ,-32, ,
1, ,-32, ,
1, ,-31, ,
1, ,-31, ,
2, ,-31, ,
1, ,-31, ,
-1, ,-32, ,
2, ,-31, ,
1, ,-31, ,
1, ,-31, ,
1, ,-32, ,
1, ,-31, ,
-1, ,-32, ,
2, ,-32, ,
1, ,-31, ,
1, ,-32, ,
1, ,-32, ,
2, ,-31, ,
1, ,-32, ,
2, ,-31, ,
1, ,-31, ,
1, ,-32, ,
2, ,-32, ,
1, ,-31, ,
-1, ,-32, ,
2, ,-31, ,
1, ,-31, ,
1, ,-31, ,
2, ,-32, ,
1, ,-31, ,
-1, ,-32, ,
2, ,-32, ,
1, ,-31, ,
1, ,-32, ,
2, ,-32, ,
1, ,-31, ,
-1, ,-32, ,
2, ,-32, ,
1, ,-32, ,
1, ,-31, ,
2, ,-31, ,
1, ,-31, ,
-1, ,-32, ,
1, ,-31, ,
1, ,-32, ,
1, ,-32, ,
2, ,-32, ,
1, ,-31, ,
-1, ,-32, ,
2, ,-31, ,
1, ,-31, ,
1, ,-32, ,
1, ,-31, ,
1, ,-31, ,
-1, ,-31, ,
2, ,-31, ,
1, ,-31, ,
1, ,-32, ,
1, ,-32, ,
1, ,-31, ,
-1, ,-32, ,
2, ,-32, ,
1, ,-31, ,
1, ,-31, ,
2, ,-32, ,
1, ,-31, ,
-1, ,-32, ,
2, ,-32, ,
1, ,-31, ,
1, ,-31, ,
2, ,-32, ,
1, ,-31, ,
-1, ,-32, ,
2, ,-32, ,
1, ,-31, ,
1, ,-32, ,
2, ,-31, ,
1, ,-31, ,
-1, ,-31, ,
2, ,-31, ,
1, ,-31, ,
1, ,-31, ,
2, ,-32, ,
1, ,-31, ,
-1, ,-32, ,
2, ,-32, ,
1, ,-31, ,
1, ,-31, ,
2, ,-31, ,
1, ,-31, ,
-1, ,-32, ,
1, ,-31, ,
1, ,-31, ,
1, ,-32, ,
2, ,-32, ,
1, ,-31, ,
-1, ,-32, ,
1, ,-31, ,
1, ,-31, ,
1, ,-31, ,
2, ,-31, ,
1, ,-31, ,
-1, ,-32, ,
2, ,-32, ,
1, ,-32, ,
1, ,-32, ,
1, ,-32, ,
1, ,-31, ,
-1, ,-32, ,
2, ,-32, ,
1, ,-31, ,
1, ,-31, ,
2, ,-31, ,
1, ,-31, ,
-1, ,-31, ,
1, ,-31, ,
1, ,-31, ,
1, ,-32, ,
2, ,-32, ,
1, ,-31, ,
-1, ,-32, ,
2, ,-31, ,
1, ,-31, ,
1, ,-31, ,
1, ,-31, ,
1, ,-31, ,
-1, ,-32, ,
1, ,-31, ,
1, ,-31, ,
1, ,-32, ,
2, ,-32, ,
1, ,-31, ,
-1, ,-32, ,
1, ,-31, ,
1, ,-31, ,
1, ,-32, ,
2, ,-32, ,
1, ,-31, ,
-1, ,-32, ,
1, ,-32, ,
1, ,-31, ,
1, ,-32, ,
1, ,-32, ,
1, ,-31, ,
-1, ,-32, ,
2, ,-31, ,
1, ,-31, ,
1, ,-32, ,
2, ,-31, ,
1, ,-32, ,
-1, ,-32, ,
1, ,-32, ,
1, ,-31, ,
1, ,-32, ,
1, ,-30, ,
1, ,-14, ,
1, ,5, ,
2, ,20, ,
1, ,31, ,
1, ,39, ,
2, ,44, ,
2, ,50, ,
-1, ,54, ,
2, ,54, ,
1, ,57, ,
1, ,60, ,
1, ,59, ,
1, ,60, ,
-1, ,61, ,
2, ,61, ,
1, ,61, ,
1, ,62, ,
1, ,61, ,
1, ,62, ,
-1, ,63, ,
1, ,61, ,
1, ,62, ,
1, ,63, ,
1, ,62, ,
1, ,62, ,
-1, ,63, ,
2, ,62, ,
1, ,63, ,
60, ,63, ,
57, ,61, ,
35, ,62, ,
21, ,63, ,
15, ,61, ,
10, ,62, ,
7, ,63, ,
6, ,62, ,
5, ,62, ,
2, ,62, ,
5, ,61, ,
2, ,62, ,
2, ,63, ,
3, ,61, ,
3, ,63, ,
2, ,63, ,
3, ,61, ,
2, ,62, ,
2, ,62, ,
3, ,61, ,
2, ,62, ,
1, ,63, ,
3, ,62, ,
2, ,62, ,
2, ,62, ,
3, ,60, ,
3, ,62, ,
1, ,63, ,
3, ,61, ,
2, ,62, ,
2, ,63, ,
2, ,61, ,
3, ,61, ,
2, ,62, ,
3, ,61, ,
2, ,62, ,
2, ,62, ,
2, ,61, ,
2, ,62, ,
1, ,63, ,
3, ,60, ,
2, ,62, ,
2, ,62, ,
2, ,61, ,
2, ,61, ,
1, ,62, ,
3, ,61, ,
2, ,62, ,
2, ,62, ,
2, ,61, ,
2, ,62, ,
1, ,62, ,
3, ,61, ,
2, ,62, ,
2, ,62, ,
2, ,62, ,
2, ,61, ,
1, ,62, ,
3, ,61, ,
2, ,62, ,
2, ,61, ,
8, ,61, ,
12, ,62, ,
10, ,62, ,
10, ,60, ,
6, ,61, ,
3, ,62, ,
3, ,61, ,
3, ,61, ,
2, ,62, ,
3, ,61, ,
2, ,62, ,
2, ,62, ,
2, ,61, ,
2, ,61, ,
1, ,62, ,
3, ,61, ,
2, ,62, ,
2, ,62, ,
2, ,61, ,
2, ,61, ,
1, ,61, ,
3, ,61, ,
2, ,61, ,
2, ,62, ,
2, ,62, ,
2, ,62, ,
1, ,62, ,
3, ,61, ,
2, ,61, ,
2, ,62, ,
2, ,61, ,
2, ,61, ,
2, ,62, ,
3, ,61, ,
2, ,62, ,
2, ,62, ,
3, ,61, ,
2, ,61, ,
1, ,62, ,
3, ,61, ,
2, ,62, ,
2, ,62, ,
2, ,61, ,
2, ,61, ,
1, ,62, ,
3, ,61, ,
2, ,62, ,
2, ,62, ,
2, ,61, ,
2, ,62, ,
6, ,62, ,
10, ,60, ,
8, ,62, ,
6, ,62, ,
5, ,61, ,
5, ,61, ,
3, ,62, ,
5, ,60, ,
2, ,61, ,
2, ,62, ,
3, ,62, ,
2, ,61, ,
1, ,62, ,
3, ,60, ,
2, ,61, ,
2, ,54, ,
2, ,34, ,
2, ,17, ,
1, ,4, ,
3, ,-4, ,
1, ,-12, ,
2, ,-17, ,
3, ,-21, ,
2, ,-23, ,
1, ,-25, ,
3, ,-27, ,
2, ,-28, ,
2, ,-30, ,
3, ,-30, ,
3, ,-31, ,
1, ,-31, ,
3, ,-31, ,
2, ,-31, ,
2, ,-32, ,
2, ,-32, ,
3, ,-32, ,
2, ,-32, ,
3, ,-32, ,
2, ,-32, ,
2, ,-32, ,
2, ,-32, ,
3, ,-32, ,
2, ,-32, ,
3, ,-32, ,
2, ,-32, ,
2, ,-32, ,
2, ,-32, ,
3, ,-32, ,
1, ,-32, ,
3, ,-32, ,
2, ,-32, ,
2, ,-32, ,
2, ,-32, ,
3, ,-32, ,
1, ,-32, ,
3, ,-31, ,
2, ,-31, ,
2, ,-32, ,
2, ,-32, ,
3, ,-31, ,
2, ,-32, ,
3, ,-32, ,
2, ,-31, ,
2, ,-32, ,
2, ,-31, ,
3, ,-32, ,
2, ,-32, ,
3, ,-31, ,
2, ,-31, ,
2, ,-32, ,
2, ,-31, ,
2, ,-32, ,
1, ,-31, ,
2, ,-31, ,
2, ,-31, ,
2, ,-32, ,
2, ,-31, ,
2, ,-31, ,
1, ,-32, ,
3, ,-31, ,
2, ,-31, ,
2, ,-32, ,
2, ,-32, ,
2, ,-31, ,
1, ,-32, ,
2, ,-31, ,
2, ,-31, ,
2, ,-31, ,
2, ,-31, ,
2, ,-31, ,
1, ,-32, ,
2, ,-31, ,
2, ,-31, ,
2, ,-32, ,
2, ,-31, ,
2, ,-31, ,
1, ,-31, ,
2, ,-31, ,
2, ,-31, ,
2, ,-31, ,
2, ,-31, ,
2, ,-32, ,
1, ,-32, ,
3, ,-31, ,
2, ,-31, ,
2, ,-31, ,
2, ,-31, ,
2, ,-31, ,
1, ,-31, ,
3, ,-31, ,
2, ,-31, ,
2, ,-31, ,
3, ,-31, ,
2, ,-31, ,
1, ,-31, ,
3, ,-31, ,
2, ,-31, ,
2, ,-31, ,
2, ,-31, ,
2, ,-32, ,
1, ,-31, ,
2, ,-31, ,
1, ,-31, ,
2, ,-31, ,
2, ,-31, ,
2, ,-31, ,
1, ,-32, ,
2, ,-31, ,
1, ,-31, ,
2, ,-31, ,
2, ,-31, ,
2, ,-31, ,
1, ,-31, ,
2, ,-31, ,
2, ,-31, ,
2, ,-31, ,
2, ,-31, ,
2, ,-31, ,
1, ,-32, ,
2, ,-32, ,
2, ,-31, ,
2, ,-31, ,
2, ,-31, ,
2, ,-31, ,
1, ,-31, ,
2, ,-31, ,
2, ,-31, ,
1, ,-31, ,
2, ,-31, ,
2, ,-31, ,
1, ,-32, ,
2, ,-31, ,
2, ,-31, ,
1, ,-32, ,
2, ,-31, ,
2, ,-31, ,
1, ,-31, ,
2, ,-31, ,
2, ,-32, ,
2, ,-31, ,
2, ,-31, ,
2, ,-31, ,
1, ,-31, ,
2, ,-31, ,
2, ,-31, ,
1, ,-31, ,
2, ,-31, ,
2, ,-31, ,
1, ,-31, ,
2, ,-31, ,
1, ,-31, ,
2, ,-31, ,
2, ,-31, ,
2, ,-31, ,
1, ,-31, ,
2, ,-31, ,
1, ,-31, ,
2, ,-31, ,
2, ,-31, ,
2, ,-31, ,
1, ,-31, ,
2, ,-31, ,
2, ,-32, ,
2, ,-32, ,
2, ,-31, ,
2, ,-31, ,
1, ,-32, ,
2, ,-31, ,
2, ,-31, ,
2, ,-31, ,
2, ,-31, ,
2, ,-31, ,
1, ,-31, ,
2, ,-31, ,
2, ,-31, ,
1, ,-31, ,
2, ,-31, ,
2, ,-31, ,
1, ,-32, ,
2, ,-31, ,
1, ,-31, ,
1, ,-31, ,
2, ,-31, ,
2, ,-32, ,
1, ,-31, ,
2, ,-31, ,
1, ,-31, ,
2, ,-31, ,
2, ,-31, ,
2, ,-31, ,
1, ,-31, ,
2, ,-31, ,
1, ,-31, ,
1, ,-31, ,
2, ,-31, ,
2, ,-31, ,
1, ,-32, ,
2, ,-31, ,
1, ,-32, ,
2, ,-31, ,
2, ,-31, ,
2, ,-31, ,
1, ,-31, ,
2, ,-31, ,
1, ,-31, ,
2, ,-31, ,
2, ,-31, ,
2, ,-31, ,
1, ,-31, ,
2, ,-31, ,
1, ,-31, ,
1, ,-31, ,
2, ,-31, ,
2, ,-31, ,
1, ,-31, ,
2, ,-31, ,
1, ,-31, ,
2, ,-31, ,
2, ,-31, ,
2, ,-31, ,
1, ,-31, ,
2, ,-31, ,
1, ,-31, ,
1, ,-31, ,
2, ,-31, ,
2, ,-31, ,
1, ,-32, ,
2, ,-31, ,
1, ,-31, ,
1, ,-31, ,
2, ,-31, ,
2, ,-31, ,
1, ,-31, ,
2, ,-32, ,
1, ,-31, ,
1, ,-31, ,
2, ,-31, ,
2, ,-31, ,
1, ,-32, ,
2, ,-31, ,
1, ,-31, ,
1, ,-31, ,
2, ,-31, ,
1, ,-32, ,
-1, ,-31, ,
2, ,-31, ,
1, ,-32, ,
1, ,-32, ,
2, ,-31, ,
2, ,-31, ,
1, ,-32, ,
2, ,-31, ,
1, ,-31, ,
1, ,-31, ,
2, ,-31, ,
1, ,-31, ,
1, ,-31, ,
2, ,-31, ,
1, ,-31, ,
2, ,-31, ,
1, ,-31, ,
1, ,-31, ,
1, ,-31, ,
2, ,-31, ,
1, ,-31, ,
1, ,-31, ,
2, ,-31, ,
1, ,-32, ,
-1, ,-31, ,
2, ,-31, ,
1, ,-31, ,
1, ,-32, ,
2, ,-31, ,
1, ,-31, ,
1, ,-32, ,
2, ,-31, ,
1, ,-31, ,
1, ,-31, ,
2, ,-31, ,
1, ,-31, ,
1, ,-31, ,
2, ,-31, ,
1, ,-31, ,
1, ,-31, ,
2, ,-31, ,
2, ,-32, ,
1, ,-32, ,
2, ,-31, ,
1, ,-31, ,
2, ,-32, ,
2, ,-31, ,
2, ,-31, ,
1, ,-31, ,
2, ,-31, ,
1, ,-31, ,
1, ,-31, ,
2, ,-31, ,
2, ,-31, ,
1, ,-32, ,
2, ,-31, ,
1, ,-31, ,
1, ,-31, ,
2, ,-32, ,
2, ,-31, ,
1, ,-31, ,
2, ,-32, ,
1, ,-31, ,
1, ,-31, ,
2, ,-31, ,
2, ,-31, ,
1, ,-32, ,
2, ,-31, ,
1, ,-31, ,
1, ,-31, ,
2, ,-31, ,
1, ,-31, ,
1, ,-32, ,
2, ,-32, ,
1, ,-31, ,
1, ,-31, ,
2, ,-31, ,
2, ,-31, ,
1, ,-32, ,
2, ,-31, ,
1, ,-31, ,
1, ,-31, ,
2, ,-32, ,
2, ,-31, ,
1, ,-31, ,
2, ,-32, ,
1, ,-31, ,
1, ,-31, ,
2, ,-31, ,
1, ,-31, ,
1, ,-32, ,
2, ,-31, ,
1, ,-31, ,
1, ,-31, ,
2, ,-32, ,
2, ,-32, ,
1, ,-32, ,
2, ,-32, ,
1, ,-32, ,
1, ,-31, ,
2, ,-32, ,
1, ,-31, ,
1, ,-32, ,
2, ,-31, ,
1, ,-31, ,
1, ,-31, ,
2, ,-31, ,
1, ,-31, ,
1, ,-31, ,
2, ,-31, ,
1, ,-31, ,
1, ,-31, ,
2, ,-31, ,
1, ,-31, ,
-1, ,-32, ,
2, ,-32, ,
1, ,-31, ,
1, ,-31, ,
2, ,-32, ,
1, ,-32, ,
-1, ,-31, ,
2, ,-32, ,
1, ,-31, ,
1, ,-31, ,
2, ,-31, ,
1, ,-31, ,
-1, ,-31, ,
2, ,-31, ,
1, ,-31, ,
1, ,-31, ,
1, ,-31, ,
1, ,-32, ,
-1, ,-32, ,
2, ,-31, ,
1, ,-32, ,
1, ,-31, ,
1, ,-31, ,
1, ,-31, ,
-1, ,-32, ,
2, ,-31, ,
1, ,-31, ,
1, ,-31, ,
1, ,-31, ,
2, ,-31, ,
-1, ,-31, ,
1, ,-32, ,
1, ,-31, ,
1, ,-31, ,
2, ,-31, ,
1, ,-31, ,
-1, ,-31, ,
2, ,-31, ,
1, ,-31, ,
1, ,-31, ,
2, ,-31, ,
1, ,-31, ,
-1, ,-31, ,
1, ,-32, ,
1, ,-31, ,
1, ,-31, ,
2, ,-31, ,
1, ,-31, ,
-1, ,-31, ,
2, ,-31, ,
1, ,-31, ,
1, ,-31, ,
2, ,-31, ,
1, ,-31, ,
-1, ,-31, ,
2, ,-31, ,
1, ,-31, ,
1, ,-31, ,
1, ,-31, ,
1, ,-31, ,
-1, ,-31, ,
2, ,-31, ,
1, ,-31, ,
1, ,-31, ,
2, ,-31, ,
1, ,-31, ,
1, ,-31, ,
2, ,-32, ,
1, ,-32, ,
1, ,-31, ,
2, ,-31, ,
1, ,-31, ,
1, ,-32, ,
2, ,-31, ,
1, ,-31, ,
1, ,-31, ,
2, ,-31, ,
1, ,-31, ,
-1, ,-31, ,
2, ,-31, ,
1, ,-32, ,
1, ,-32, ,
2, ,-31, ,
1, ,-31, ,
1, ,-32, ,
2, ,-31, ,
1, ,-31, ,
1, ,-31, ,
1, ,-31, ,
1, ,-31, ,
1, ,-31, ,
2, ,-31, ,
1, ,-32, ,
1, ,-32, ,
2, ,-31, ,
1, ,-31, ,
-1, ,-32, ,
2, ,-31, ,
1, ,-31, ,
1, ,-32, ,
1, ,-31, ,
1, ,-31, ,
-1, ,-31, ,
1, ,-32, ,
1, ,-31, ,
1, ,-31, ,
1, ,-31, ,
1, ,-31, ,
-1, ,-32, ,
2, ,-31, ,
1, ,-31, ,
1, ,-32, ,
2, ,-31, ,
1, ,-31, ,
-1, ,-31, ,
1, ,-31, ,
1, ,-31, ,
1, ,-31, ,
1, ,-32, ,
1, ,-31, ,
-1, ,-32, ,
2, ,-31, ,
1, ,-31, ,
1, ,-31, ,
1, ,-32, ,
2, ,-31, ,
-1, ,-31, ,
1, ,-31, ,
1, ,-32, ,
1, ,-31, ,
2, ,-32, ,
1, ,-31, ,
-1, ,-32, ,
1, ,-31, ,
1, ,-31, ,
1, ,-31, ,
2, ,-31, ,
1, ,-31, ,
-1, ,-31, ,
2, ,-31, ,
1, ,-31, ,
1, ,-31, ,
1, ,-31, ,
1, ,-31, ,
-1, ,-31, ,
2, ,-31, ,
1, ,-31, ,
1, ,-31, ,
1, ,-31, ,
1, ,-31, ,
-1, ,-31, ,
1, ,-31, ,
1, ,-32, ,
1, ,-32, ,
2, ,-32, ,
1, ,-31, ,
-1, ,-32, ,
2, ,-31, ,
1, ,-31, ,
1, ,-32, ,
2, ,-31, ,
1, ,-31, ,
-1, ,-31, ,
1, ,-31, ,
1, ,-32, ,
1, ,-31, ,
1, ,-32, ,
1, ,-31, ,
-1, ,-32, ,
2, ,-31, ,
1, ,-31, ,
1, ,-32, ,
1, ,-31, ,
1, ,-31, ,
-1, ,-31, ,
1, ,-32, ,
1, ,-31, ,
1, ,-31, ,
1, ,-32, ,
2, ,-31, ,
-1, ,-32, ,
1, ,-31, ,
1, ,-31, ,
1, ,-31, ,
1, ,-31, ,
1, ,-31, ,
-1, ,-32, ,
2, ,-31, ,
1, ,-31, ,
1, ,-31, ,
2, ,-31, ,
2, ,-31, ,
-1, ,-32, ,
2, ,-31, ,
1, ,-31, ,
1, ,-31, ,
1, ,-31, ,
1, ,-31, ,
-1, ,-32, ,
1, ,-32, ,
1, ,-31, ,
1, ,-31, ,
1, ,-32, ,
1, ,-31, ,
-1, ,-32, ,
2, ,-31, ,
1, ,-31, ,
1, ,-31, ,
1, ,-31, ,
1, ,-31, ,
-1, ,-32, ,
2, ,-32, ,
1, ,-32, ,
1, ,-31, ,
1, ,-31, ,
1, ,-31, ,
-1, ,-32, ,
2, ,-31, ,
1, ,-31, ,
1, ,-31, ,
1, ,-31, ,
1, ,-31, ,
-1, ,-31, ,
1, ,-32, ,
1, ,-31, ,
1, ,-31, ,
1, ,-32, ,
1, ,-31, ,
-1, ,-32, ,
2, ,-31, ,
1, ,-31, ,
1, ,-32, ,
2, ,-32, ,
2, ,-31, ,
-1, ,-32, ,
1, ,-31, ,
1, ,-31, ,
1, ,-31, ,
2, ,-31, ,
1, ,-31, ,
-1, ,-32, ,
1, ,-31, ,
1, ,-31, ,
1, ,-32, ,
1, ,-31, ,
1, ,-31, ,
-1, ,-32, ,
1, ,-31, ,
1, ,-31, ,
1, ,-31, ,
2, ,-32, ,
1, ,-31, ,
-1, ,-32, ,
1, ,-31, ,
1, ,-31, ,
1, ,-31, ,
2, ,-31, ,
1, ,-31, ,
-1, ,-32, ,
1, ,-31, ,
1, ,-31, ,
1, ,-31, ,
2, ,-31, ,
1, ,-31, ,
-1, ,-20, ,
1, ,0, ,
1, ,16, ,
1, ,27, ,
2, ,36, ,
1, ,42, ,
-1, ,49, ,
2, ,51, ,
1, ,55, ,
1, ,57, ,
1, ,58, ,
1, ,59, ,
-1, ,61, ,
1, ,60, ,
1, ,61, ,
72, ,61, ,
45, ,61, ,
29, ,61, ,
17, ,62, ,
12, ,61, ,
8, ,62, ,
6, ,62, ,
5, ,62, ,
3, ,62, ,
2, ,63, ,
3, ,61, ,
2, ,62, ,
2, ,63, ,
2, ,62, ,
2, ,62, ,
1, ,62, ,
3, ,61, ,
2, ,62, ,
2, ,62, ,
3, ,61, ,
2, ,62, ,
2, ,63, ,
3, ,61, ,
1, ,62, ,
2, ,63, ,
3, ,61, ,
2, ,61, ,
1, ,62, ,
3, ,61, ,
2, ,62, ,
2, ,62, ,
3, ,61, ,
2, ,62, ,
2, ,62, ,
3, ,60, ,
2, ,62, ,
1, ,62, ,
2, ,61, ,
2, ,61, ,
1, ,62, ,
3, ,61, ,
2, ,62, ,
2, ,62, ,
3, ,61, ,
2, ,61, ,
6, ,62, ,
11, ,60, ,
7, ,62, ,
6, ,62, ,
7, ,61, ,
5, ,61, ,
3, ,62, ,
5, ,61, ,
2, ,62, ,
1, ,62, ,
3, ,62, ,
2, ,62, ,
1, ,62, ,
3, ,60, ,
2, ,62, ,
2, ,62, ,
3, ,61, ,
3, ,61, ,
2, ,62, ,
3, ,61, ,
2, ,61, ,
2, ,62, ,
3, ,61, ,
2, ,61, ,
2, ,62, ,
3, ,61, ,
2, ,62, ,
2, ,62, ,
3, ,61, ,
2, ,61, ,
1, ,62, ,
3, ,60, ,
2, ,61, ,
2, ,62, ,
3, ,61, ,
2, ,61, ,
2, ,62, ,
3, ,61, ,
2, ,62, ,
2, ,62, ,
3, ,61, ,
7, ,61, ,
7, ,62, ,
8, ,60, ,
6, ,62, ,
5, ,62, ,
5, ,61, ,
5, ,61, ,
2, ,62, ,
5, ,60, ,
2, ,62, ,
2, ,62, ,
3, ,61, ,
2, ,61, ,
2, ,62, ,
3, ,61, ,
2, ,62, ,
2, ,62, ,
3, ,61, ,
2, ,61, ,
1, ,62, ,
3, ,61, ,
2, ,62, ,
2, ,62, ,
3, ,61, ,
2, ,61, ,
1, ,62, ,
3, ,60, ,
2, ,61, ,
2, ,62, ,
5, ,61, ,
5, ,61, ,
5, ,63, ,
6, ,60, ,
3, ,61, ,
2, ,62, ,
3, ,61, ,
2, ,61, ,
2, ,62, ,
3, ,60, ,
2, ,61, ,
2, ,62, ,
3, ,61, ,
2, ,61, ,
1, ,62, ,
3, ,60, ,
2, ,61, ,
2, ,61, ,
5, ,61, ,
5, ,61, ,
5, ,63, ,
6, ,60, ,
5, ,62, ,
3, ,62, ,
3, ,58, ,
3, ,40, ,
2, ,21, ,
3, ,8, ,
2, ,-2, ,
2, ,-9, ,
2, ,-16, ,
3, ,-19, ,
1, ,-23, ,
3, ,-25, ,
2, ,-26, ,
2, ,-28, ,
3, ,-30, ,
3, ,-30, ,
2, ,-31, ,
3, ,-31, ,
2, ,-31, ,
2, ,-32, ,
2, ,-32, ,
3, ,-32, ,
2, ,-32, ,
3, ,-32, ,
2, ,-32, ,
2, ,-32, ,
3, ,-32, ,
3, ,-32, ,
1, ,-32, ,
3, ,-31, ,
2, ,-32, ,
2, ,-32, ,
3, ,-32, ,
2, ,-32, ,
2, ,-32, ,
3, ,-31, ,
2, ,-32, ,
2, ,-32, ,
3, ,-32, ,
3, ,-32, ,
2, ,-32, ,
3, ,-31, ,
2, ,-32, ,
2, ,-32, ,
2, ,-32, ,
3, ,-32, ,
2, ,-32, ,
3, ,-32, ,
2, ,-31, ,
2, ,-32, ,
2, ,-31, ,
3, ,-32, ,
2, ,-32, ,
2, ,-31, ,
2, ,-31, ,
2, ,-32, ,
2, ,-31, ,
2, ,-32, ,
1, ,-32, ,
2, ,-31, ,
2, ,-31, ,
2, ,-32, ,
2, ,-32, ,
2, ,-31, ,
1, ,-32, ,
2, ,-31, ,
2, ,-31, ,
2, ,-32, ,
2, ,-32, ,
3, ,-31, ,
1, ,-32, ,
2, ,-31, ,
2, ,-31, ,
2, ,-32, ,
2, ,-31, ,
3, ,-32, ,
1, ,-32, ,
2, ,-31, ,
2, ,-31, ,
2, ,-32, ,
2, ,-31, ,
2, ,-32, ,
1, ,-31, ,
2, ,-31, ,
2, ,-31, ,
1, ,-31, ,
2, ,-31, ,
3, ,-31, ,
2, ,-32, ,
2, ,-31, ,
2, ,-31, ,
2, ,-32, ,
2, ,-31, ,
2, ,-31, ,
1, ,-31, ,
2, ,-32, ,
2, ,-31, ,
2, ,-31, ,
2, ,-31, ,
2, ,-32, ,
1, ,-32, ,
2, ,-31, ,
2, ,-31, ,
2, ,-32, ,
2, ,-31, ,
2, ,-31, ,
1, ,-31, ,
2, ,-31, ,
2, ,-31, ,
1, ,-31, ,
2, ,-31, ,
2, ,-31, ,
1, ,-32, ,
2, ,-31, ,
2, ,-31, ,
2, ,-32, ,
2, ,-32, ,
2, ,-31, ,
1, ,-31, ,
2, ,-31, ,
2, ,-31, ,
1, ,-31, ,
2, ,-31, ,
2, ,-31, ,
1, ,-31, ,
2, ,-31, ,
1, ,-31, ,
2, ,-31, ,
2, ,-31, ,
2, ,-31, ,
1, ,-31, ,
2, ,-31, ,
1, ,-31, ,
2, ,-31, ,
2, ,-31, ,
2, ,-31, ,
1, ,-31, ,
2, ,-31, ,
2, ,-31, ,
2, ,-31, ,
2, ,-31, ,
2, ,-31, ,
1, ,-32, ,
2, ,-31, ,
1, ,-31, ,
2, ,-31, ,
2, ,-31, ,
2, ,-31, ,
1, ,-32, ,
2, ,-31, ,
2, ,-31, ,
2, ,-31, ,
2, ,-32, ,
2, ,-31, ,
1, ,-31, ,
2, ,-31, ,
2, ,-31, ,
1, ,-31, ,
2, ,-31, ,
2, ,-32, ,
1, ,-32, ,
2, ,-31, ,
1, ,-31, ,
2, ,-32, ,
3, ,-31, ,
2, ,-31, ,
1, ,-31, ,
2, ,-31, ,
2, ,-31, ,
2, ,-31, ,
2, ,-31, ,
2, ,-31, ,
1, ,-32, ,
2, ,-31, ,
1, ,-31, ,
2, ,-32, ,
2, ,-32, ,
2, ,-32, ,
1, ,-31, ,
2, ,-31, ,
2, ,-31, ,
2, ,-31, ,
2, ,-31, ,
2, ,-31, ,
1, ,-32, ,
2, ,-31, ,
1, ,-31, ,
1, ,-31, ,
2, ,-31, ,
2, ,-31, ,
1, ,-31, ,
2, ,-31, ,
2, ,-31, ,
2, ,-31, ,
2, ,-32, ,
2, ,-31, ,
1, ,-32, ,
2, ,-32, ,
1, ,-31, ,
1, ,-32, ,
3, ,-31, ,
2, ,-31, ,
1, ,-31, ,
2, ,-31, ,
1, ,-31, ,
2, ,-31, ,
2, ,-31, ,
2, ,-31, ,
1, ,-31, ,
2, ,-31, ,
1, ,-31, ,
2, ,-31, ,
2, ,-31, ,
2, ,-31, ,
1, ,-31, ,
2, ,-31, ,
1, ,-31, ,
1, ,-31, ,
2, ,-31, ,
2, ,-31, ,
1, ,-32, ,
2, ,-31, ,
1, ,-31, ,
2, ,-31, ,
2, ,-31, ,
2, ,-31, ,
1, ,-31, ,
2, ,-31, ,
1, ,-31, ,
1, ,-31, ,
2, ,-31, ,
2, ,-31, ,
1, ,-32, ,
2, ,-31, ,
1, ,-31, ,
1, ,-31, ,
2, ,-31, ,
2, ,-31, ,
1, ,-31, ,
2, ,-31, ,
1, ,-31, ,
2, ,-31, ,
2, ,-31, ,
2, ,-31, ,
1, ,-32, ,
2, ,-31, ,
1, ,-31, ,
1, ,-32, ,
2, ,-31, ,
2, ,-31, ,
1, ,-31, ,
2, ,-31, ,
1, ,-31, ,
1, ,-31, ,
2, ,-31, ,
2, ,-31, ,
1, ,-32, ,
2, ,-31, ,
1, ,-31, ,
1, ,-31, ,
2, ,-31, ,
2, ,-32, ,
1, ,-31, ,
2, ,-32, ,
1, ,-31, ,
1, ,-31, ,
2, ,-31, ,
2, ,-31, ,
1, ,-31, ,
2, ,-31, ,
1, ,-31, ,
2, ,-31, ,
2, ,-31, ,
2, ,-31, ,
1, ,-31, ,
2, ,-31, ,
1, ,-31, ,
1, ,-31, ,
2, ,-31, ,
1, ,-31, ,
-1, ,-31, ,
1, ,-31, ,
1, ,-31, ,
1, ,-31, ,
2, ,-31, ,
2, ,-31, ,
1, ,-32, ,
2, ,-31, ,
1, ,-32, ,
1, ,-31, ,
2, ,-31, ,
2, ,-32, ,
1, ,-32, ,
2, ,-31, ,
1, ,-31, ,
1, ,-31, ,
2, ,-31, ,
1, ,-31, ,
1, ,-31, ,
2, ,-31, ,
1, ,-31, ,
1, ,-31, ,
2, ,-31, ,
1, ,-32, ,
1, ,-32, ,
2, ,-31, ,
1, ,-31, ,
1, ,-31, ,
2, ,-31, ,
1, ,-31, ,
1, ,-31, ,
2, ,-32, ,
1, ,-31, ,
1, ,-31, ,
2, ,-31, ,
1, ,-31, ,
1, ,-32, ,
2, ,-31, ,
1, ,-31, ,
1, ,-31, ,
2, ,-32, ,
1, ,-31, ,
1, ,-31, ,
2, ,-31, ,
1, ,-32, ,
1, ,-32, ,
2, ,-31, ,
2, ,-31, ,
1, ,-31, ,
2, ,-31, ,
1, ,-31, ,
1, ,-31, ,
2, ,-31, ,
1, ,-31, ,
1, ,-32, ,
2, ,-31, ,
1, ,-31, ,
1, ,-31, ,
2, ,-32, ,
2, ,-31, ,
1, ,-32, ,
2, ,-31, ,
1, ,-31, ,
1, ,-32, ,
2, ,-31, ,
2, ,-31, ,
1, ,-31, ,
2, ,-32, ,
1, ,-31, ,
1, ,-31, ,
2, ,-31, ,
1, ,-31, ,
1, ,-32, ,
2, ,-31, ,
1, ,-31, ,
1, ,-31, ,
2, ,-31, ,
2, ,-31, ,
1, ,-31, ,
2, ,-32, ,
1, ,-31, ,
1, ,-31, ,
2, ,-31, ,
2, ,-31, ,
1, ,-32, ,
2, ,-31, ,
1, ,-31, ,
1, ,-31, ,
2, ,-31, ,
2, ,-31, ,
1, ,-32, ,
2, ,-31, ,
1, ,-31, ,
1, ,-32, ,
2, ,-31, ,
2, ,-32, ,
1, ,-32, ,
2, ,-31, ,
1, ,-31, ,
1, ,-31, ,
2, ,-31, ,
1, ,-31, ,
-1, ,-31, ,
2, ,-31, ,
1, ,-31, ,
1, ,-31, ,
2, ,-31, ,
2, ,-31, ,
1, ,-32, ,
2, ,-31, ,
1, ,-31, ,
1, ,-31, ,
2, ,-31, ,
2, ,-31, ,
1, ,-31, ,
2, ,-31, ,
1, ,-31, ,
2, ,-31, ,
2, ,-31, ,
1, ,-31, ,
1, ,-31, ,
2, ,-31, ,
1, ,-31, ,
1, ,-32, ,
2, ,-31, ,
1, ,-31, ,
1, ,-31, ,
2, ,-31, ,
1, ,-31, ,
1, ,-32, ,
2, ,-31, ,
1, ,-31, ,
1, ,-31, ,
2, ,-31, ,
1, ,-31, ,
1, ,-32, ,
2, ,-31, ,
1, ,-31, ,
-1, ,-32, ,
1, ,-31, ,
1, ,-32, ,
1, ,-31, ,
2, ,-32, ,
1, ,-31, ,
-1, ,-31, ,
1, ,-31, ,
1, ,-31, ,
1, ,-31, ,
2, ,-31, ,
1, ,-31, ,
-1, ,-32, ,
2, ,-31, ,
1, ,-32, ,
1, ,-31, ,
2, ,-31, ,
1, ,-31, ,
-1, ,-31, ,
1, ,-31, ,
1, ,-31, ,
1, ,-31, ,
2, ,-31, ,
1, ,-31, ,
-1, ,-32, ,
1, ,-31, ,
1, ,-31, ,
1, ,-31, ,
2, ,-31, ,
1, ,-31, ,
-1, ,-32, ,
2, ,-31, ,
1, ,-31, ,
1, ,-31, ,
2, ,-31, ,
1, ,-32, ,
-1, ,-31, ,
1, ,-32, ,
1, ,-31, ,
1, ,-31, ,
2, ,-32, ,
1, ,-31, ,
-1, ,-31, ,
2, ,-31, ,
1, ,-31, ,
1, ,-31, ,
2, ,-31, ,
1, ,-31, ,
-1, ,-31, ,
1, ,-32, ,
1, ,-31, ,
1, ,-31, ,
1, ,-31, ,
1, ,-32, ,
-1, ,-31, ,
2, ,-31, ,
1, ,-31, ,
1, ,-31, ,
2, ,-32, ,
1, ,-31, ,
-1, ,-31, ,
1, ,-31, ,
1, ,-31, ,
1, ,-31, ,
1, ,-32, ,
1, ,-31, ,
-1, ,-32, ,
1, ,-31, ,
1, ,-31, ,
1, ,-31, ,
2, ,-31, ,
2, ,-31, ,
-1, ,-31, ,
2, ,-31, ,
1, ,-32, ,
1, ,-31, ,
1, ,-31, ,
1, ,-31, ,
-1, ,-32, ,
1, ,-31, ,
1, ,-31, ,
1, ,-32, ,
2, ,-32, ,
1, ,-32, ,
-1, ,-32, ,
1, ,-32, ,
1, ,-31, ,
1, ,-31, ,
2, ,-31, ,
1, ,-31, ,
-1, ,-32, ,
2, ,-31, ,
1, ,-31, ,
1, ,-31, ,
2, ,-31, ,
1, ,-31, ,
-1, ,-31, ,
2, ,-31, ,
1, ,-32, ,
1, ,-31, ,
2, ,-31, ,
1, ,-32, ,
-1, ,-32, ,
2, ,-31, ,
1, ,-31, ,
1, ,-32, ,
2, ,-32, ,
1, ,-31, ,
-1, ,-31, ,
2, ,-32, ,
1, ,-31, ,
1, ,-32, ,
2, ,-31, ,
1, ,-31, ,
-1, ,-31, ,
2, ,-31, ,
1, ,-31, ,
1, ,-32, ,
1, ,-31, ,
1, ,-31, ,
-1, ,-31, ,
1, ,-32, ,
1, ,-31, ,
1, ,-31, ,
1, ,-31, ,
1, ,-31, ,
-1, ,-32, ,
2, ,-31, ,
1, ,-31, ,
1, ,-31, ,
1, ,-31, ,
1, ,-31, ,
-1, ,-32, ,
1, ,-32, ,
1, ,-32, ,
1, ,-31, ,
1, ,-32, ,
1, ,-31, ,
-1, ,-32, ,
2, ,-31, ,
1, ,-31, ,
1, ,-31, ,
1, ,-31, ,
2, ,-31, ,
-1, ,-32, ,
1, ,-31, ,
-1, ,-31, ,
1, ,-31, ,
1, ,-31, ,
1, ,-31, ,
-1, ,-32, ,
1, ,-31, ,
1, ,-31, ,
1, ,-31, ,
1, ,-31, ,
1, ,-31, ,
-1, ,-31, ,
1, ,-31, ,
-1, ,-31, ,
1, ,-32, ,
1, ,-31, ,
1, ,-31, ,
-1, ,-32, ,
1, ,-31, ,
1, ,-31, ,
1, ,-31, ,
1, ,-31, ,
1, ,-31, ,
-1, ,-32, ,
1, ,-31, ,
1, ,-31, ,
1, ,-32, ,
1, ,-31, ,
1, ,-31, ,
-1, ,-32, ,
1, ,-31, ,
1, ,-31, ,
1, ,-32, ,
1, ,-32, ,
1, ,-31, ,
-1, ,-32, ,
2, ,-31, ,
1, ,-32, ,
1, ,-32, ,
2, ,-32, ,
1, ,-31, ,
-1, ,-32, ,
1, ,-31, ,
1, ,-31, ,
1, ,-32, ,
1, ,-31, ,
1, ,-31, ,
-1, ,-31, ,
2, ,-31, ,
1, ,-31, ,
1, ,-32, ,
1, ,-31, ,
1, ,-31, ,
-1, ,-32, ,
2, ,-31, ,
1, ,-31, ,
1, ,-32, ,
1, ,-32, ,
1, ,-31, ,
-1, ,-31, ,
2, ,-32, ,
1, ,-31, ,
1, ,-31, ,
1, ,-31, ,
1, ,-31, ,
-1, ,-32, ,
1, ,-24, ,
1, ,-4, ,
1, ,13, ,
2, ,25, ,
1, ,35, ,
1, ,42, ,
2, ,46, ,
1, ,51, ,
1, ,54, ,
1, ,56, ,
1, ,57, ,
-1, ,59, ,
1, ,58, ,
1, ,61, ,
1, ,61, ,
1, ,60, ,
1, ,61, ,
-1, ,62, ,
2, ,61, ,
1, ,62, ,
1, ,63, ,
1, ,61, ,
1, ,62, ,
78, ,63, ,
50, ,60, ,
30, ,62, ,
20, ,62, ,
13, ,62, ,
10, ,62, ,
6, ,63, ,
6, ,61, ,
3, ,63, ,
2, ,63, ,
3, ,61, ,
2, ,62, ,
2, ,63, ,
3, ,60, ,
1, ,62, ,
2, ,62, ,
3, ,61, ,
2, ,61, ,
1, ,63, ,
3, ,60, ,
2, ,62, ,
2, ,63, ,
3, ,61, ,
2, ,62, ,
2, ,62, ,
3, ,60, ,
2, ,62, ,
2, ,62, ,
2, ,61, ,
2, ,62, ,
1, ,62, ,
3, ,60, ,
2, ,62, ,
2, ,62, ,
2, ,61, ,
2, ,62, ,
1, ,62, ,
3, ,60, ,
2, ,62, ,
2, ,62, ,
2, ,61, ,
2, ,61, ,
1, ,62, ,
3, ,60, ,
2, ,61, ,
2, ,62, ,
2, ,61, ,
2, ,61, ,
1, ,62, ,
3, ,60, ,
7, ,62, ,
10, ,62, ,
8, ,61, ,
6, ,61, ,
5, ,62, ,
6, ,60, ,
3, ,61, ,
3, ,62, ,
3, ,61, ,
3, ,62, ,
1, ,62, ,
3, ,60, ,
2, ,62, ,
2, ,62, ,
3, ,61, ,
2, ,61, ,
2, ,62, ,
3, ,60, ,
2, ,62, ,
2, ,62, ,
2, ,61, ,
2, ,61, ,
1, ,62, ,
3, ,61, ,
2, ,62, ,
1, ,62, ,
2, ,61, ,
2, ,62, ,
2, ,62, ,
3, ,61, ,
2, ,62, ,
2, ,62, ,
3, ,61, ,
2, ,61, ,
1, ,62, ,
3, ,60, ,
3, ,61, ,
7, ,62, ,
8, ,61, ,
6, ,61, ,
5, ,62, ,
5, ,61, ,
3, ,62, ,
3, ,62, ,
2, ,61, ,
3, ,61, ,
2, ,62, ,
3, ,60, ,
2, ,61, ,
2, ,62, ,
3, ,61, ,
2, ,61, ,
1, ,62, ,
3, ,60, ,
2, ,62, ,
2, ,62, ,
3, ,61, ,
2, ,61, ,
2, ,62, ,
3, ,60, ,
2, ,62, ,
2, ,62, ,
3, ,61, ,
2, ,61, ,
1, ,62, ,
3, ,60, ,
2, ,61, ,
2, ,62, ,
3, ,61, ,
2, ,61, ,
1, ,62, ,
3, ,60, ,
2, ,62, ,
2, ,62, ,
2, ,61, ,
2, ,61, ,
1, ,62, ,
3, ,60, ,
3, ,62, ,
8, ,62, ,
8, ,61, ,
6, ,60, ,
5, ,45, ,
6, ,25, ,
3, ,11, ,
3, ,0, ,
3, ,-8, ,
3, ,-14, ,
1, ,-19, ,
3, ,-22, ,
1, ,-24, ,
2, ,-26, ,
2, ,-27, ,
2, ,-28, ,
2, ,-30, ,
3, ,-30, ,
2, ,-31, ,
2, ,-32, ,
3, ,-32, ,
3, ,-32, ,
2, ,-32, ,
3, ,-32, ,
2, ,-32, ,
2, ,-32, ,
2, ,-32, ,
2, ,-32, ,
2, ,-32, ,
3, ,-32, ,
2, ,-32, ,
2, ,-32, ,
2, ,-32, ,
3, ,-32, ,
2, ,-32, ,
3, ,-32, ,
2, ,-32, ,
2, ,-32, ,
2, ,-32, ,
2, ,-31, ,
2, ,-32, ,
3, ,-31, ,
2, ,-32, ,
2, ,-32, ,
2, ,-32, ,
3, ,-32, ,
2, ,-32, ,
3, ,-32, ,
2, ,-31, ,
2, ,-32, ,
2, ,-32, ,
3, ,-32, ,
1, ,-32, ,
2, ,-31, ,
2, ,-31, ,
2, ,-32, ,
2, ,-31, ,
2, ,-31, ,
1, ,-31, ,
3, ,-32, ,
2, ,-32, ,
2, ,-32, ,
2, ,-31, ,
2, ,-32, ,
1, ,-32, ,
3, ,-31, ,
2, ,-31, ,
2, ,-32, ,
2, ,-32, ,
2, ,-31, ,
1, ,-32, ,
3, ,-32, ,
2, ,-31, ,
2, ,-32, ,
2, ,-31, ,
3, ,-32, ,
1, ,-32, ,
3, ,-31, ,
2, ,-31, ,
2, ,-32, ,
2, ,-32, ,
2, ,-32, ,
1, ,-32, ,
3, ,-31, ,
2, ,-31, ,
2, ,-32, ,
2, ,-32, ,
3, ,-31, ,
1, ,-31, ,
3, ,-31, ,
2, ,-31, ,
2, ,-32, ,
2, ,-32, ,
3, ,-31, ,
1, ,-31, ,
3, ,-31, ,
2, ,-31, ,
2, ,-32, ,
2, ,-32, ,
2, ,-31, ,
1, ,-32, ,
2, ,-31, ,
2, ,-31, ,
2, ,-32, ,
2, ,-31, ,
3, ,-32, ,
1, ,-31, ,
2, ,-32, ,
2, ,-31, ,
2, ,-31, ,
2, ,-31, ,
2, ,-31, ,
1, ,-31, ,
3, ,-31, ,
2, ,-31, ,
2, ,-32, ,
2, ,-31, ,
2, ,-31, ,
1, ,-32, ,
3, ,-31, ,
2, ,-32, ,
2, ,-31, ,
3, ,-31, ,
2, ,-31, ,
1, ,-32, ,
3, ,-31, ,
2, ,-31, ,
1, ,-32, ,
3, ,-31, ,
2, ,-32, ,
1, ,-31, ,
2, ,-32, ,
2, ,-31, ,
2, ,-31, ,
2, ,-31, ,
2, ,-31, ,
1, ,-31, ,
2, ,-31, ,
1, ,-31, ,
1, ,-31, ,
2, ,-31, ,
2, ,-31, ,
1, ,-31, ,
2, ,-31, ,
2, ,-31, ,
2, ,-32, ,
2, ,-31, ,
2, ,-31, ,
1, ,-32, ,
2, ,-31, ,
2, ,-31, ,
2, ,-31, ,
2, ,-31, ,
2, ,-31, ,
1, ,-31, ,
2, ,-31, ,
1, ,-31, ,
1, ,-31, ,
2, ,-31, ,
2, ,-31, ,
1, ,-32, ,
2, ,-31, ,
1, ,-31, ,
2, ,-32, ,
2, ,-31, ,
2, ,-32, ,
1, ,-31, ,
2, ,-31, ,
2, ,-31, ,
2, ,-32, ,
2, ,-31, ,
2, ,-31, ,
1, ,-32, ,
2, ,-31, ,
1, ,-31, ,
1, ,-31, ,
2, ,-31, ,
2, ,-31, ,
1, ,-31, ,
2, ,-31, ,
1, ,-31, ,
2, ,-31, ,
2, ,-31, ,
2, ,-31, ,
1, ,-32, ,
2, ,-31, ,
1, ,-31, ,
1, ,-31, ,
2, ,-31, ,
2, ,-31, ,
1, ,-31, ,
2, ,-31, ,
1, ,-31, ,
1, ,-32, ,
2, ,-31, ,
2, ,-31, ,
1, ,-31, ,
2, ,-31, ,
1, ,-31, ,
1, ,-31, ,
2, ,-31, ,
2, ,-32, ,
1, ,-31, ,
2, ,-32, ,
1, ,-31, ,
2, ,-31, ,
2, ,-31, ,
2, ,-31, ,
1, ,-32, ,
2, ,-31, ,
1, ,-31, ,
2, ,-32, ,
2, ,-31, ,
2, ,-31, ,
1, ,-31, ,
2, ,-31, ,
2, ,-32, ,
1, ,-32, ,
2, ,-31, ,
2, ,-31, ,
1, ,-32, ,
2, ,-31, ,
1, ,-31, ,
1, ,-31, ,
2, ,-31, ,
2, ,-31, ,
1, ,-31, ,
2, ,-31, ,
1, ,-31, ,
2, ,-31, ,
2, ,-32, ,
1, ,-32, ,
1, ,-32, ,
2, ,-31, ,
1, ,-31, ,
1, ,-32, ,
2, ,-31, ,
2, ,-31, ,
1, ,-31, ,
2, ,-31, ,
1, ,-31, ,
2, ,-31, ,
2, ,-31, ,
2, ,-31, ,
1, ,-32, ,
2, ,-31, ,
1, ,-31, ,
2, ,-31, ,
2, ,-31, ,
2, ,-31, ,
1, ,-31, ,
2, ,-31, ,
1, ,-31, ,
2, ,-31, ,
2, ,-31, ,
2, ,-32, ,
1, ,-32, ,
2, ,-31, ,
1, ,-31, ,
1, ,-31, ,
2, ,-31, ,
2, ,-31, ,
1, ,-31, ,
2, ,-31, ,
1, ,-31, ,
1, ,-31, ,
2, ,-31, ,
2, ,-31, ,
1, ,-32, ,
2, ,-31, ,
1, ,-31, ,
1, ,-31, ,
2, ,-32, ,
2, ,-32, ,
1, ,-31, ,
2, ,-31, ,
1, ,-31, ,
1, ,-31, ,
2, ,-31, ,
2, ,-31, ,
1, ,-31, ,
2, ,-31, ,
1, ,-31, ,
1, ,-31, ,
2, ,-31, ,
2, ,-31, ,
1, ,-31, ,
2, ,-31, ,
1, ,-31, ,
1, ,-31, ,
2, ,-31, ,
2, ,-31, ,
1, ,-32, ,
2, ,-31, ,
1, ,-31, ,
2, ,-32, ,
2, ,-31, ,
1, ,-31, ,
1, ,-31, ,
2, ,-31, ,
1, ,-31, ,
1, ,-31, ,
2, ,-31, ,
1, ,-31, ,
1, ,-32, ,
2, ,-31, ,
1, ,-31, ,
1, ,-31, ,
2, ,-31, ,
2, ,-31, ,
1, ,-31, ,
2, ,-31, ,
1, ,-31, ,
1, ,-31, ,
2, ,-31, ,
2, ,-31, ,
1, ,-32, ,
2, ,-31, ,
1, ,-31, ,
1, ,-31, ,
2, ,-32, ,
1, ,-31, ,
1, ,-32, ,
2, ,-31, ,
1, ,-32, ,
1, ,-31, ,
2, ,-31, ,
2, ,-31, ,
1, ,-32, ,
2, ,-31, ,
1, ,-31, ,
1, ,-32, ,
2, ,-32, ,
2, ,-32, ,
-1, ,-31, ,
2, ,-31, ,
1, ,-31, ,
1, ,-31, ,
2, ,-31, ,
1, ,-31, ,
1, ,-31, ,
2, ,-31, ,
1, ,-31, ,
1, ,-31, ,
2, ,-31, ,
2, ,-32, ,
1, ,-32, ,
2, ,-31, ,
1, ,-31, ,
1, ,-31, ,
2, ,-31, ,
1, ,-31, ,
1, ,-31, ,
2, ,-31, ,
1, ,-31, ,
1, ,-31, ,
2, ,-31, ,
1, ,-31, ,
1, ,-31, ,
2, ,-31, ,
1, ,-31, ,
1, ,-32, ,
2, ,-31, ,
1, ,-31, ,
1, ,-32, ,
2, ,-31, ,
1, ,-31, ,
1, ,-32, ,
2, ,-32, ,
1, ,-31, ,
1, ,-32, ,
1, ,-32, ,
1, ,-31, ,
1, ,-32, ,
2, ,-31, ,
1, ,-31, ,
1, ,-31, ,
2, ,-31, ,
1, ,-31, ,
1, ,-32, ,
2, ,-31, ,
1, ,-31, ,
-1, ,-32, ,
2, ,-32, ,
1, ,-31, ,
1, ,-31, ,
1, ,-31, ,
1, ,-31, ,
1, ,-32, ,
2, ,-31, ,
1, ,-31, ,
1, ,-32, ,
2, ,-32, ,
1, ,-31, ,
-1, ,-31, ,
2, ,-31, ,
1, ,-32, ,
1, ,-31, ,
2, ,-31, ,
1, ,-31, ,
1, ,-31, ,
2, ,-31, ,
1, ,-31, ,
1, ,-32, ,
2, ,-31, ,
1, ,-31, ,
1, ,-31, ,
2, ,-31, ,
1, ,-31, ,
1, ,-31, ,
2, ,-31, ,
1, ,-31, ,
1, ,-32, ,
2, ,-31, ,
1, ,-31, ,
1, ,-31, ,
2, ,-31, ,
1, ,-31, ,
-1, ,-32, ,
2, ,-32, ,
1, ,-32, ,
1, ,-31, ,
1, ,-31, ,
1, ,-32, ,
-1, ,-32, ,
2, ,-31, ,
1, ,-31, ,
1, ,-32, ,
1, ,-32, ,
2, ,-31, ,
-1, ,-31, ,
2, ,-32, ,
1, ,-31, ,
1, ,-32, ,
1, ,-31, ,
1, ,-31, ,
1, ,-32, ,
2, ,-31, ,
1, ,-31, ,
1, ,-31, ,
2, ,-31, ,
1, ,-31, ,
-1, ,-31, ,
2, ,-32, ,
1, ,-31, ,
1, ,-31, ,
2, ,-31, ,
1, ,-31, ,
-1, ,-32, ,
2, ,-31, ,
1, ,-31, ,
1, ,-31, ,
2, ,-32, ,
1, ,-31, ,
-1, ,-32, ,
1, ,-32, ,
-1, ,-31, ,
1, ,-31, ,
1, ,-31, ,
1, ,-31, ,
-1, ,-32, ,
2, ,-31, ,
1, ,-31, ,
1, ,-31, ,
1, ,-32, ,
1, ,-31, ,
-1, ,-31, ,
1, ,-31, ,
1, ,-32, ,
1, ,-32, ,
2, ,-31, ,
1, ,-31, ,
-1, ,-32, ,
2, ,-31, ,
1, ,-31, ,
1, ,-31, ,
2, ,-31, ,
1, ,-31, ,
-1, ,-31, ,
1, ,-31, ,
1, ,-31, ,
1, ,-31, ,
1, ,-31, ,
1, ,-32, ,
-1, ,-32, ,
2, ,-31, ,
1, ,-31, ,
1, ,-32, ,
2, ,-31, ,
1, ,-32, ,
-1, ,-31, ,
1, ,-32, ,
1, ,-32, ,
1, ,-31, ,
1, ,-31, ,
2, ,-31, ,
-1, ,-32, ,
2, ,-31, ,
1, ,-31, ,
1, ,-32, ,
1, ,-31, ,
2, ,-31, ,
-1, ,-31, ,
2, ,-32, ,
1, ,-31, ,
1, ,-31, ,
2, ,-31, ,
1, ,-31, ,
-1, ,-32, ,
2, ,-31, ,
1, ,-31, ,
1, ,-31, ,
1, ,-31, ,
1, ,-31, ,
-1, ,-31, ,
2, ,-32, ,
1, ,-31, ,
1, ,-31, ,
2, ,-31, ,
1, ,-31, ,
1, ,-31, ,
2, ,-31, ,
1, ,-31, ,
1, ,-31, ,
2, ,-32, ,
1, ,-31, ,
-1, ,-32, ,
1, ,-32, ,
1, ,-31, ,
1, ,-32, ,
2, ,-31, ,
1, ,-31, ,
-1, ,-32, ,
2, ,-31, ,
1, ,-31, ,
1, ,-31, ,
1, ,-31, ,
1, ,-31, ,
-1, ,-31, ,
1, ,-31, ,
1, ,-31, ,
1, ,-31, ,
2, ,-31, ,
1, ,-31, ,
-1, ,-32, ,
2, ,-31, ,
1, ,-31, ,
1, ,-32, ,
2, ,-31, ,
1, ,-31, ,
-1, ,-32, ,
1, ,-31, ,
1, ,-31, ,
1, ,-31, ,
1, ,-31, ,
1, ,-31, ,
-1, ,-32, ,
2, ,-31, ,
1, ,-31, ,
1, ,-31, ,
1, ,-32, ,
1, ,-31, ,
-1, ,-32, ,
2, ,-32, ,
1, ,-31, ,
1, ,-31, ,
1, ,-32, ,
1, ,-31, ,
-1, ,-32, ,
1, ,-31, ,
1, ,-31, ,
1, ,-32, ,
2, ,-31, ,
2, ,-31, ,
-1, ,-31, ,
2, ,-32, ,
1, ,-31, ,
1, ,-31, ,
1, ,-31, ,
1, ,-31, ,
1, ,-31, ,
1, ,-31, ,
1, ,-31, ,
1, ,-31, ,
1, ,-31, ,
1, ,-31, ,
-1, ,-31, ,
1, ,-32, ,
1, ,-31, ,
1, ,-31, ,
1, ,-32, ,
1, ,-31, ,
-1, ,-32, ,
2, ,-31, ,
1, ,-31, ,
1, ,-31, ,
2, ,-31, ,
1, ,-31, ,
-1, ,-31, ,
1, ,-32, ,
1, ,-32, ,
1, ,-31, ,
1, ,-31, ,
1, ,-31, ,
-1, ,-32, ,
1, ,-31, ,
-1, ,-31, ,
1, ,-32, ,
2, ,-32, ,
1, ,-31, ,
-1, ,-31, ,
1, ,-31, ,
1, ,-31, ,
1, ,-31, ,
1, ,-31, ,
1, ,-31, ,
-1, ,-32, ,
1, ,-31, ,
-1, ,-31, ,
1, ,-32, ,
1, ,-31, ,
1, ,-31, ,
-1, ,-31, ,
1, ,-31, ,
-1, ,-32, ,
1, ,-32, ,
1, ,-32, ,
1, ,-31, ,
-1, ,-32, ,
2, ,-31, ,
1, ,-28, ,
1, ,-11, ,
2, ,7, ,
2, ,21, ,
-1, ,32, ,
1, ,39, ,
1, ,45, ,
1, ,50, ,
2, ,53, ,
1, ,55, ,
-1, ,58, ,
2, ,58, ,
1, ,60, ,
1, ,61, ,
2, ,60, ,
1, ,61, ,
-1, ,62, ,
2, ,61, ,
-1, ,62, ,
-1, ,63, ,
2, ,62, ,
1, ,62, ,
-1, ,63, ,
2, ,61, ,
1, ,62, ,
1, ,62, ,
1, ,62, ,
1, ,62, ,
-1, ,63, ,
2, ,61, ,
1, ,62, ,
1, ,62, ,
1, ,61, ,
3, ,62, ,
64, ,62, ,
43, ,61, ,
25, ,62, ,
17, ,62, ,
12, ,61, ,
8, ,62, ,
5, ,63, ,
6, ,61, ,
3, ,62, ,
2, ,62, ,
3, ,61, ,
2, ,62, ,
1, ,62, ,
3, ,60, ,
2, ,61, ,
2, ,62, ,
3, ,61, ,
2, ,62, ,
1, ,62, ,
3, ,61, ,
2, ,62, ,
2, ,62, ,
3, ,62, ,
3, ,61, ,
1, ,62, ,
3, ,61, ,
2, ,62, ,
2, ,62, ,
3, ,62, ,
2, ,61, ,
1, ,62, ,
3, ,60, ,
2, ,61, ,
2, ,62, ,
3, ,61, ,
2, ,61, ,
1, ,62, ,
3, ,60, ,
2, ,62, ,
2, ,62, ,
3, ,61, ,
2, ,61, ,
1, ,62, ,
3, ,61, ,
2, ,62, ,
2, ,62, ,
3, ,61, ,
2, ,61, ,
1, ,62, ,
3, ,60, ,
2, ,62, ,
2, ,62, ,
3, ,62, ,
2, ,61, ,
1, ,62, ,
3, ,60, ,
2, ,61, ,
8, ,62, ,
12, ,61, ,
10, ,61, ,
6, ,62, ,
6, ,60, ,
5, ,62, ,
3, ,63, ,
3, ,61, ,
2, ,61, ,
2, ,62, ,
3, ,60, ,
2, ,61, ,
2, ,62, ,
2, ,61, ,
2, ,61, ,
1, ,62, ,
3, ,60, ,
2, ,62, ,
2, ,62, ,
2, ,61, ,
2, ,61, ,
1, ,62, ,
3, ,61, ,
2, ,62, ,
2, ,62, ,
3, ,61, ,
2, ,61, ,
1, ,62, ,
3, ,60, ,
2, ,61, ,
2, ,62, ,
2, ,61, ,
2, ,61, ,
2, ,62, ,
6, ,61, ,
6, ,61, ,
6, ,62, ,
6, ,61, ,
5, ,61, ,
3, ,62, ,
3, ,60, ,
2, ,61, ,
2, ,62, ,
3, ,62, ,
2, ,61, ,
2, ,62, ,
3, ,61, ,
2, ,61, ,
2, ,62, ,
3, ,61, ,
2, ,61, ,
2, ,62, ,
3, ,60, ,
2, ,61, ,
2, ,62, ,
2, ,61, ,
2, ,61, ,
1, ,62, ,
3, ,60, ,
2, ,61, ,
2, ,62, ,
3, ,61, ,
2, ,61, ,
1, ,62, ,
3, ,49, ,
2, ,30, ,
1, ,14, ,
2, ,2, ,
2, ,-6, ,
1, ,-13, ,
3, ,-18, ,
2, ,-21, ,
2, ,-24, ,
3, ,-26, ,
3, ,-27, ,
2, ,-30, ,
3, ,-30, ,
2, ,-30, ,
2, ,-31, ,
3, ,-31, ,
2, ,-31, ,
2, ,-32, ,
2, ,-32, ,
2, ,-32, ,
2, ,-32, ,
2, ,-32, ,
2, ,-32, ,
2, ,-32, ,
2, ,-32, ,
2, ,-32, ,
2, ,-32, ,
2, ,-32, ,
3, ,-32, ,
2, ,-32, ,
3, ,-32, ,
2, ,-32, ,
2, ,-32, ,
2, ,-32, ,
2, ,-32, ,
2, ,-32, ,
2, ,-32, ,
2, ,-32, ,
2, ,-32, ,
7, ,-32, ,
15, ,-32, ,
11, ,-32, ,
10, ,-32, ,
6, ,-31, ,
5, ,-32, ,
5, ,-32, ,
3, ,-32, ,
2, ,-32, ,
3, ,-31, ,
2, ,-32, ,
2, ,-32, ,
3, ,-32, ,
2, ,-32, ,
2, ,-32, ,
3, ,-31, ,
2, ,-32, ,
2, ,-32, ,
3, ,-32, ,
3, ,-32, ,
1, ,-32, ,
3, ,-31, ,
2, ,-32, ,
2, ,-32, ,
2, ,-32, ,
2, ,-31, ,
1, ,-31, ,
3, ,-31, ,
2, ,-31, ,
2, ,-32, ,
2, ,-32, ,
2, ,-32, ,
2, ,-32, ,
3, ,-31, ,
2, ,-31, ,
2, ,-32, ,
2, ,-32, ,
3, ,-31, ,
1, ,-31, ,
3, ,-31, ,
2, ,-31, ,
2, ,-32, ,
2, ,-31, ,
2, ,-32, ,
1, ,-32, ,
3, ,-31, ,
2, ,-31, ,
2, ,-32, ,
2, ,-32, ,
2, ,-31, ,
1, ,-31, ,
2, ,-31, ,
2, ,-32, ,
2, ,-32, ,
2, ,-32, ,
2, ,-32, ,
1, ,-32, ,
3, ,-31, ,
2, ,-31, ,
2, ,-32, ,
2, ,-31, ,
2, ,-31, ,
1, ,-32, ,
3, ,-31, ,
2, ,-31, ,
2, ,-31, ,
2, ,-31, ,
2, ,-31, ,
1, ,-32, ,
3, ,-31, ,
2, ,-31, ,
2, ,-32, ,
2, ,-32, ,
2, ,-32, ,
1, ,-31, ,
2, ,-31, ,
2, ,-31, ,
2, ,-32, ,
3, ,-31, ,
3, ,-31, ,
1, ,-32, ,
2, ,-31, ,
2, ,-31, ,
2, ,-32, ,
2, ,-31, ,
2, ,-31, ,
1, ,-31, ,
3, ,-31, ,
2, ,-31, ,
2, ,-32, ,
2, ,-31, ,
2, ,-31, ,
1, ,-31, ,
3, ,-31, ,
2, ,-31, ,
1, ,-31, ,
2, ,-31, ,
3, ,-31, ,
2, ,-31, ,
3, ,-31, ,
2, ,-32, ,
2, ,-32, ,
2, ,-31, ,
2, ,-31, ,
1, ,-31, ,
2, ,-31, ,
2, ,-31, ,
2, ,-31, ,
2, ,-31, ,
2, ,-32, ,
1, ,-31, ,
3, ,-31, ,
2, ,-31, ,
2, ,-32, ,
2, ,-31, ,
2, ,-31, ,
1, ,-32, ,
2, ,-31, ,
2, ,-31, ,
2, ,-31, ,
2, ,-32, ,
2, ,-31, ,
1, ,-32, ,
3, ,-31, ,
2, ,-31, ,
2, ,-31, ,
2, ,-31, ,
2, ,-32, ,
1, ,-32, ,
2, ,-31, ,
2, ,-31, ,
2, ,-32, ,
2, ,-31, ,
2, ,-31, ,
1, ,-31, ,
2, ,-31, ,
2, ,-31, ,
1, ,-31, ,
2, ,-31, ,
2, ,-31, ,
1, ,-32, ,
2, ,-31, ,
2, ,-31, ,
2, ,-31, ,
2, ,-31, ,
2, ,-31, ,
1, ,-32, ,
2, ,-31, ,
2, ,-31, ,
2, ,-31, ,
2, ,-31, ,
2, ,-31, ,
1, ,-32, ,
2, ,-31, ,
1, ,-31, ,
1, ,-32, ,
2, ,-31, ,
2, ,-32, ,
1, ,-31, ,
2, ,-32, ,
2, ,-31, ,
2, ,-31, ,
2, ,-31, ,
2, ,-31, ,
1, ,-31, ,
2, ,-31, ,
1, ,-31, ,
1, ,-31, ,
2, ,-31, ,
2, ,-31, ,
1, ,-31, ,
2, ,-31, ,
1, ,-31, ,
2, ,-31, ,
2, ,-32, ,
2, ,-32, ,
1, ,-32, ,
2, ,-31, ,
1, ,-31, ,
2, ,-32, ,
2, ,-31, ,
2, ,-31, ,
1, ,-31, ,
2, ,-31, ,
1, ,-32, ,
1, ,-32, ,
2, ,-31, ,
2, ,-31, ,
1, ,-31, ,
2, ,-31, ,
1, ,-31, ,
2, ,-31, ,
2, ,-31, ,
2, ,-31, ,
1, ,-31, ,
2, ,-31, ,
1, ,-31, ,
1, ,-31, ,
2, ,-31, ,
2, ,-32, ,
1, ,-32, ,
2, ,-31, ,
1, ,-31, ,
2, ,-32, ,
2, ,-31, ,
2, ,-31, ,
1, ,-31, ,
2, ,-31, ,
1, ,-31, ,
2, ,-31, ,
2, ,-31, ,
2, ,-31, ,
1, ,-32, ,
2, ,-31, ,
1, ,-31, ,
1, ,-32, ,
2, ,-31, ,
2, ,-31, ,
1, ,-31, ,
2, ,-31, ,
2, ,-31, ,
2, ,-31, ,
2, ,-31, ,
2, ,-31, ,
1, ,-32, ,
2, ,-31, ,
1, ,-31, ,
2, ,-32, ,
2, ,-31, ,
2, ,-32, ,
1, ,-31, ,
2, ,-31, ,
1, ,-31, ,
2, ,-31, ,
2, ,-31, ,
2, ,-31, ,
1, ,-32, ,
2, ,-31, ,
1, ,-31, ,
1, ,-32, ,
2, ,-31, ,
2, ,-31, ,
1, ,-31, ,
2, ,-31, ,
1, ,-31, ,
2, ,-32, ,
2, ,-32, ,
1, ,-32, ,
1, ,-32, ,
2, ,-31, ,
1, ,-31, ,
1, ,-31, ,
2, ,-31, ,
2, ,-31, ,
1, ,-31, ,
2, ,-31, ,
1, ,-31, ,
2, ,-31, ,
2, ,-32, ,
2, ,-31, ,
1, ,-32, ,
2, ,-31, ,
1, ,-31, ,
1, ,-31, ,
2, ,-31, ,
2, ,-31, ,
1, ,-32, ,
2, ,-32, ,
1, ,-32, ,
1, ,-32, ,
2, ,-31, ,
2, ,-32, ,
1, ,-32, ,
2, ,-31, ,
1, ,-31, ,
1, ,-32, ,
2, ,-32, ,
1, ,-31, ,
1, ,-31, ,
2, ,-31, ,
1, ,-31, ,
1, ,-31, ,
2, ,-31, ,
1, ,-31, ,
1, ,-32, ,
2, ,-31, ,
1, ,-31, ,
1, ,-32, ,
2, ,-32, ,
2, ,-31, ,
1, ,-31, ,
2, ,-31, ,
1, ,-31, ,
1, ,-31, ,
2, ,-31, ,
2, ,-32, ,
1, ,-32, ,
2, ,-31, ,
1, ,-31, ,
1, ,-31, ,
2, ,-31, ,
1, ,-31, ,
1, ,-32, ,
2, ,-31, ,
1, ,-32, ,
2, ,-32, ,
2, ,-31, ,
1, ,-31, ,
1, ,-31, ,
2, ,-31, ,
1, ,-31, ,
1, ,-31, ,
2, ,-32, ,
2, ,-31, ,
1, ,-31, ,
2, ,-32, ,
1, ,-31, ,
1, ,-32, ,
2, ,-32, ,
1, ,-32, ,
1, ,-32, ,
2, ,-31, ,
1, ,-31, ,
1, ,-31, ,
2, ,-32, ,
1, ,-31, ,
1, ,-31, ,
2, ,-31, ,
1, ,-31, ,
1, ,-31, ,
2, ,-31, ,
2, ,-31, ,
1, ,-32, ,
2, ,-31, ,
1, ,-31, ,
1, ,-32, ,
2, ,-32, ,
2, ,-31, ,
1, ,-31, ,
2, ,-31, ,
1, ,-31, ,
1, ,-31, ,
2, ,-31, ,
1, ,-31, ,
1, ,-32, ,
2, ,-31, ,
1, ,-31, ,
1, ,-31, ,
2, ,-31, ,
2, ,-31, ,
-1, ,-32, ,
2, ,-31, ,
1, ,-32, ,
1, ,-31, ,
2, ,-31, ,
2, ,-31, ,
1, ,-32, ,
2, ,-31, ,
1, ,-32, ,
1, ,-31, ,
2, ,-31, ,
1, ,-31, ,
-1, ,-31, ,
2, ,-31, ,
1, ,-31, ,
1, ,-31, ,
2, ,-31, ,
2, ,-31, ,
1, ,-32, ,
2, ,-31, ,
1, ,-31, ,
1, ,-32, ,
2, ,-31, ,
1, ,-32, ,
1, ,-32, ,
2, ,-31, ,
1, ,-32, ,
1, ,-31, ,
2, ,-31, ,
2, ,-32, ,
1, ,-32, ,
2, ,-31, ,
1, ,-31, ,
1, ,-31, ,
2, ,-31, ,
1, ,-31, ,
-1, ,-31, ,
2, ,-31, ,
1, ,-32, ,
1, ,-31, ,
2, ,-32, ,
1, ,-31, ,
1, ,-32, ,
2, ,-31, ,
1, ,-31, ,
1, ,-31, ,
2, ,-31, ,
1, ,-31, ,
-1, ,-31, ,
2, ,-31, ,
1, ,-31, ,
1, ,-32, ,
2, ,-32, ,
1, ,-31, ,
1, ,-32, ,
2, ,-31, ,
1, ,-31, ,
1, ,-31, ,
2, ,-31, ,
1, ,-31, ,
-1, ,-31, ,
2, ,-32, ,
1, ,-31, ,
1, ,-31, ,
2, ,-31, ,
1, ,-31, ,
1, ,-32, ,
2, ,-31, ,
1, ,-31, ,
1, ,-31, ,
2, ,-31, ,
2, ,-31, ,
-1, ,-31, ,
2, ,-31, ,
1, ,-31, ,
1, ,-31, ,
2, ,-31, ,
1, ,-32, ,
-1, ,-32, ,
2, ,-31, ,
1, ,-31, ,
1, ,-31, ,
2, ,-32, ,
1, ,-31, ,
-1, ,-32, ,
2, ,-31, ,
1, ,-31, ,
1, ,-31, ,
1, ,-32, ,
1, ,-31, ,
-1, ,-32, ,
2, ,-31, ,
1, ,-31, ,
1, ,-31, ,
2, ,-31, ,
2, ,-31, ,
-1, ,-31, ,
2, ,-32, ,
1, ,-32, ,
1, ,-32, ,
2, ,-31, ,
1, ,-31, ,
-1, ,-32, ,
1, ,-31, ,
1, ,-31, ,
1, ,-32, ,
2, ,-31, ,
1, ,-31, ,
-1, ,-32, ,
1, ,-31, ,
1, ,-31, ,
1, ,-31, ,
1, ,-31, ,
1, ,-31, ,
-1, ,-31, ,
1, ,-31, ,
1, ,-31, ,
1, ,-32, ,
2, ,-32, ,
1, ,-31, ,
-1, ,-31, ,
2, ,-31, ,
1, ,-31, ,
1, ,-31, ,
2, ,-31, ,
1, ,-31, ,
-1, ,-32, ,
2, ,-31, ,
1, ,-31, ,
1, ,-31, ,
1, ,-31, ,
1, ,-31, ,
-1, ,-31, ,
1, ,-32, ,
1, ,-31, ,
1, ,-31, ,
2, ,-32, ,
1, ,-31, ,
-1, ,-32, ,
2, ,-31, ,
1, ,-31, ,
1, ,-31, ,
2, ,-31, ,
1, ,-31, ,
-1, ,-31, ,
1, ,-32, ,
1, ,-31, ,
1, ,-31, ,
2, ,-31, ,
1, ,-31, ,
1, ,-32, ,
2, ,-31, ,
1, ,-31, ,
1, ,-31, ,
2, ,-31, ,
1, ,-31, ,
-1, ,-31, ,
1, ,-32, ,
1, ,-31, ,
1, ,-31, ,
1, ,-31, ,
1, ,-31, ,
-1, ,-32, ,
2, ,-31, ,
1, ,-31, ,
1, ,-32, ,
2, ,-31, ,
1, ,-31, ,
-1, ,-31, ,
1, ,-32, ,
1, ,-31, ,
1, ,-32, ,
2, ,-31, ,
1, ,-31, ,
1, ,-32, ,
2, ,-31, ,
1, ,-31, ,
1, ,-31, ,
2, ,-31, ,
1, ,-31, ,
-1, ,-32, ,
1, ,-31, ,
1, ,-31, ,
1, ,-32, ,
1, ,-32, ,
1, ,-31, ,
-1, ,-32, ,
1, ,-31, ,
1, ,-31, ,
1, ,-31, ,
2, ,-31, ,
1, ,-32, ,
-1, ,-31, ,
1, ,-31, ,
1, ,-31, ,
1, ,-32, ,
1, ,-31, ,
1, ,-31, ,
-1, ,-32, ,
2, ,-31, ,
1, ,-31, ,
1, ,-32, ,
2, ,-31, ,
1, ,-31, ,
-1, ,-31, ,
1, ,-31, ,
1, ,-31, ,
1, ,-31, ,
1, ,-31, ,
1, ,-31, ,
-1, ,-32, ,
1, ,-31, ,
-1, ,-31, ,
1, ,-32, ,
2, ,-31, ,
2, ,-31, ,
-1, ,-32, ,
1, ,-32, ,
1, ,-31, ,
1, ,-31, ,
1, ,-32, ,
1, ,-31, ,
-1, ,-32, ,
2, ,-31, ,
1, ,-31, ,
1, ,-31, ,
1, ,-31, ,
1, ,-31, ,
-1, ,-32, ,
1, ,-31, ,
1, ,-32, ,
1, ,-32, ,
1, ,-31, ,
1, ,-32, ,
-1, ,-32, ,
2, ,-31, ,
1, ,-31, ,
1, ,-31, ,
1, ,-17, ,
1, ,2, ,
-1, ,18, ,
1, ,28, ,
1, ,38, ,
1, ,44, ,
2, ,49, ,
2, ,52, ,
1, ,56, ,
2, ,56, ,
-1, ,59, ,
1, ,59, ,
1, ,60, ,
1, ,60, ,
-1, ,61, ,
2, ,60, ,
1, ,61, ,
-1, ,62, ,
1, ,62, ,
1, ,62, ,
-1, ,63, ,
2, ,61, ,
73, ,62, ,
45, ,62, ,
29, ,62, ,
18, ,62, ,
11, ,62, ,
8, ,62, ,
5, ,62, ,
3, ,62, ,
3, ,62, ,
2, ,61, ,
2, ,62, ,
3, ,61, ,
2, ,62, ,
2, ,62, ,
2, ,61, ,
2, ,62, ,
1, ,62, ,
3, ,62, ,
2, ,62, ,
2, ,62, ,
3, ,62, ,
2, ,62, ,
2, ,62, ,
3, ,61, ,
2, ,62, ,
2, ,61, ,
3, ,61, ,
2, ,61, ,
1, ,62, ,
3, ,61, ,
2, ,62, ,
2, ,62, ,
3, ,61, ,
2, ,62, ,
1, ,62, ,
3, ,60, ,
2, ,62, ,
2, ,62, ,
3, ,61, ,
2, ,61, ,
2, ,62, ,
3, ,60, ,
2, ,61, ,
2, ,62, ,
3, ,61, ,
2, ,61, ,
1, ,62, ,
3, ,61, ,
1, ,62, ,
2, ,62, ,
2, ,61, ,
2, ,61, ,
1, ,62, ,
3, ,61, ,
2, ,62, ,
2, ,62, ,
2, ,61, ,
2, ,61, ,
1, ,63, ,
3, ,60, ,
2, ,62, ,
2, ,62, ,
3, ,61, ,
2, ,61, ,
1, ,62, ,
3, ,60, ,
2, ,61, ,
6, ,62, ,
13, ,61, ,
12, ,61, ,
8, ,62, ,
8, ,60, ,
5, ,62, ,
3, ,62, ,
3, ,61, ,
3, ,61, ,
2, ,62, ,
3, ,60, ,
2, ,61, ,
2, ,62, ,
3, ,61, ,
3, ,62, ,
2, ,62, ,
3, ,61, ,
2, ,62, ,
2, ,62, ,
3, ,61, ,
2, ,61, ,
1, ,62, ,
3, ,60, ,
2, ,61, ,
2, ,61, ,
2, ,61, ,
2, ,61, ,
2, ,62, ,
3, ,61, ,
2, ,61, ,
2, ,62, ,
3, ,61, ,
2, ,61, ,
2, ,62, ,
3, ,60, ,
2, ,61, ,
2, ,62, ,
3, ,61, ,
2, ,61, ,
1, ,63, ,
3, ,60, ,
2, ,62, ,
2, ,62, ,
2, ,60, ,
2, ,61, ,
1, ,62, ,
3, ,60, ,
2, ,61, ,
2, ,62, ,
2, ,61, ,
2, ,61, ,
1, ,63, ,
3, ,60, ,
1, ,61, ,
1, ,62, ,
2, ,61, ,
2, ,61, ,
1, ,62, ,
3, ,60, ,
2, ,61, ,
2, ,61, ,
2, ,61, ,
2, ,61, ,
1, ,62, ,
3, ,60, ,
1, ,55, ,
1, ,35, ,
2, ,18, ,
2, ,5, ,
1, ,-4, ,
3, ,-12, ,
1, ,-17, ,
1, ,-20, ,
2, ,-24, ,
2, ,-25, ,
1, ,-27, ,
3, ,-28, ,
2, ,-30, ,
2, ,-31, ,
3, ,-31, ,
2, ,-31, ,
1, ,-32, ,
2, ,-32, ,
2, ,-32, ,
2, ,-32, ,
3, ,-32, ,
2, ,-32, ,
1, ,-32, ,
3, ,-32, ,
2, ,-32, ,
2, ,-32, ,
2, ,-32, ,
2, ,-32, ,
1, ,-32, ,
3, ,-32, ,
2, ,-32, ,
2, ,-32, ,
2, ,-32, ,
2, ,-32, ,
1, ,-32, ,
2, ,-31, ,
2, ,-32, ,
2, ,-32, ,
2, ,-32, ,
2, ,-31, ,
1, ,-32, ,
2, ,-32, ,
2, ,-32, ,
2, ,-32, ,
3, ,-32, ,
2, ,-31, ,
1, ,-32, ,
3, ,-31, ,
2, ,-31, ,
2, ,-32, ,
2, ,-31, ,
2, ,-31, ,
2, ,-32, ,
3, ,-32, ,
2, ,-32, ,
1, ,-31, ,
2, ,-32, ,
2, ,-32, ,
1, ,-32, ,
2, ,-31, ,
1, ,-31, ,
2, ,-32, ,
2, ,-32, ,
2, ,-31, ,
1, ,-32, ,
2, ,-31, ,
2, ,-31, ,
2, ,-31, ,
2, ,-31, ,
2, ,-32, ,
1, ,-32, ,
2, ,-31, ,
1, ,-31, ,
2, ,-32, ,
2, ,-31, ,
2, ,-31, ,
1, ,-32, ,
2, ,-31, ,
2, ,-31, ,
2, ,-31, ,
2, ,-31, ,
2, ,-31, ,
1, ,-32, ,
2, ,-31, ,
2, ,-31, ,
2, ,-32, ,
2, ,-32, ,
2, ,-32, ,
1, ,-32, ,
2, ,-31, ,
2, ,-32, ,
1, ,-31, ,
2, ,-32, ,
2, ,-31, ,
1, ,-32, ,
2, ,-31, ,
2, ,-31, ,
2, ,-31, ,
2, ,-31, ,
2, ,-32, ,
1, ,-32, ,
2, ,-31, ,
2, ,-31, ,
2, ,-31, ,
2, ,-31, ,
2, ,-31, ,
1, ,-32, ,
2, ,-31, ,
1, ,-32, ,
1, ,-32, ,
2, ,-31, ,
2, ,-32, ,
1, ,-32, ,
2, ,-31, ,
2, ,-31, ,
2, ,-31, ,
2, ,-31, ,
2, ,-32, ,
1, ,-32, ,
2, ,-31, ,
1, ,-31, ,
1, ,-32, ,
2, ,-31, ,
2, ,-32, ,
1, ,-31, ,
2, ,-31, ,
1, ,-31, ,
2, ,-31, ,
2, ,-31, ,
2, ,-31, ,
1, ,-32, ,
2, ,-32, ,
1, ,-31, ,
2, ,-31, ,
2, ,-31, ,
2, ,-31, ,
1, ,-32, ,
2, ,-31, ,
1, ,-31, ,
2, ,-31, ,
2, ,-31, ,
2, ,-31, ,
1, ,-32, ,
2, ,-31, ,
1, ,-31, ,
2, ,-32, ,
2, ,-31, ,
2, ,-31, ,
1, ,-31, ,
2, ,-31, ,
1, ,-31, ,
1, ,-31, ,
2, ,-31, ,
2, ,-31, ,
1, ,-31, ,
2, ,-31, ,
1, ,-31, ,
1, ,-31, ,
2, ,-31, ,
2, ,-32, ,
1, ,-31, ,
2, ,-31, ,
1, ,-31, ,
1, ,-31, ,
2, ,-31, ,
2, ,-31, ,
1, ,-32, ,
2, ,-31, ,
1, ,-31, ,
2, ,-31, ,
2, ,-31, ,
2, ,-31, ,
1, ,-32, ,
2, ,-31, ,
1, ,-31, ,
2, ,-31, ,
2, ,-31, ,
2, ,-32, ,
1, ,-32, ,
2, ,-31, ,
1, ,-31, ,
1, ,-32, ,
2, ,-31, ,
2, ,-31, ,
1, ,-31, ,
2, ,-31, ,
1, ,-31, ,
1, ,-31, ,
2, ,-31, ,
2, ,-31, ,
1, ,-32, ,
2, ,-31, ,
1, ,-31, ,
1, ,-31, ,
2, ,-31, ,
2, ,-31, ,
1, ,-31, ,
2, ,-32, ,
1, ,-31, ,
2, ,-31, ,
2, ,-31, ,
2, ,-31, ,
1, ,-31, ,
2, ,-31, ,
1, ,-31, ,
1, ,-31, ,
2, ,-31, ,
2, ,-31, ,
1, ,-31, ,
2, ,-31, ,
1, ,-31, ,
2, ,-31, ,
2, ,-31, ,
2, ,-31, ,
1, ,-32, ,
2, ,-31, ,
1, ,-31, ,
1, ,-31, ,
2, ,-31, ,
2, ,-31, ,
1, ,-31, ,
2, ,-31, ,
1, ,-31, ,
1, ,-31, ,
2, ,-31, ,
2, ,-31, ,
1, ,-32, ,
2, ,-31, ,
1, ,-31, ,
1, ,-32, ,
2, ,-31, ,
2, ,-31, ,
1, ,-32, ,
2, ,-31, ,
1, ,-31, ,
1, ,-31, ,
2, ,-31, ,
2, ,-31, ,
1, ,-31, ,
2, ,-31, ,
1, ,-31, ,
1, ,-31, ,
2, ,-31, ,
2, ,-31, ,
1, ,-32, ,
2, ,-31, ,
1, ,-31, ,
1, ,-31, ,
2, ,-31, ,
2, ,-31, ,
1, ,-32, ,
2, ,-31, ,
1, ,-31, ,
1, ,-32, ,
2, ,-31, ,
2, ,-31, ,
1, ,-32, ,
2, ,-31, ,
1, ,-31, ,
1, ,-31, ,
1, ,-31, ,
1, ,-31, ,
1, ,-32, ,
2, ,-31, ,
1, ,-31, ,
1, ,-31, ,
2, ,-31, ,
2, ,-31, ,
1, ,-31, ,
2, ,-32, ,
1, ,-31, ,
1, ,-31, ,
2, ,-31, ,
1, ,-31, ,
1, ,-32, ,
2, ,-31, ,
1, ,-31, ,
1, ,-31, ,
2, ,-31, ,
2, ,-31, ,
1, ,-32, ,
2, ,-32, ,
1, ,-31, ,
1, ,-31, ,
1, ,-32, ,
1, ,-32, ,
1, ,-32, ,
2, ,-31, ,
1, ,-31, ,
1, ,-32, ,
2, ,-31, ,
1, ,-31, ,
-1, ,-32, ,
2, ,-31, ,
1, ,-31, ,
1, ,-31, ,
2, ,-31, ,
1, ,-31, ,
1, ,-32, ,
2, ,-31, ,
1, ,-31, ,
1, ,-32, ,
2, ,-31, ,
1, ,-31, ,
1, ,-31, ,
2, ,-32, ,
1, ,-31, ,
1, ,-31, ,
2, ,-31, ,
2, ,-31, ,
1, ,-32, ,
2, ,-31, ,
1, ,-31, ,
1, ,-31, ,
2, ,-31, ,
1, ,-31, ,
-1, ,-32, ,
2, ,-32, ,
1, ,-31, ,
1, ,-31, ,
2, ,-32, ,
1, ,-32, ,
1, ,-32, ,
2, ,-31, ,
1, ,-31, ,
1, ,-31, ,
2, ,-31, ,
2, ,-31, ,
-1, ,-31, ,
2, ,-31, ,
1, ,-31, ,
1, ,-31, ,
2, ,-32, ,
2, ,-31, ,
-1, ,-32, ,
2, ,-31, ,
1, ,-31, ,
1, ,-31, ,
2, ,-31, ,
1, ,-31, ,
-1, ,-32, ,
2, ,-31, ,
1, ,-31, ,
1, ,-31, ,
2, ,-31, ,
1, ,-32, ,
-1, ,-31, ,
2, ,-31, ,
1, ,-31, ,
1, ,-32, ,
2, ,-31, ,
2, ,-31, ,
1, ,-31, ,
2, ,-32, ,
1, ,-31, ,
1, ,-31, ,
2, ,-31, ,
1, ,-31, ,
-1, ,-32, ,
2, ,-31, ,
1, ,-31, ,
1, ,-31, ,
2, ,-31, ,
1, ,-31, ,
-1, ,-32, ,
2, ,-32, ,
1, ,-31, ,
1, ,-31, ,
1, ,-31, ,
1, ,-31, ,
-1, ,-32, ,
2, ,-31, ,
1, ,-31, ,
1, ,-32, ,
2, ,-31, ,
1, ,-31, ,
-1, ,-31, ,
2, ,-31, ,
1, ,-31, ,
1, ,-31, ,
2, ,-31, ,
1, ,-31, ,
-1, ,-32, ,
2, ,-31, ,
1, ,-31, ,
1, ,-32, ,
1, ,-31, ,
1, ,-31, ,
-1, ,-32, ,
2, ,-32, ,
1, ,-31, ,
1, ,-31, ,
1, ,-31, ,
1, ,-31, ,
-1, ,-32, ,
2, ,-31, ,
1, ,-31, ,
1, ,-32, ,
2, ,-31, ,
2, ,-31, ,
-1, ,-31, ,
2, ,-32, ,
1, ,-31, ,
1, ,-31, ,
2, ,-31, ,
1, ,-32, ,
-1, ,-32, ,
2, ,-31, ,
1, ,-31, ,
1, ,-31, ,
2, ,-31, ,
1, ,-31, ,
-1, ,-31, ,
1, ,-31, ,
1, ,-31, ,
1, ,-31, ,
2, ,-31, ,
1, ,-32, ,
-1, ,-32, ,
2, ,-31, ,
1, ,-31, ,
1, ,-31, ,
1, ,-31, ,
1, ,-31, ,
-1, ,-31, ,
1, ,-31, ,
1, ,-31, ,
1, ,-31, ,
1, ,-31, ,
1, ,-31, ,
-1, ,-32, ,
2, ,-31, ,
1, ,-31, ,
1, ,-32, ,
2, ,-32, ,
1, ,-31, ,
-1, ,-32, ,
2, ,-32, ,
1, ,-31, ,
1, ,-31, ,
1, ,-31, ,
1, ,-31, ,
-1, ,-32, ,
2, ,-31, ,
1, ,-31, ,
1, ,-31, ,
1, ,-31, ,
2, ,-31, ,
-1, ,-31, ,
2, ,-31, ,
1, ,-31, ,
1, ,-31, ,
1, ,-32, ,
1, ,-31, ,
1, ,-32, ,
2, ,-31, ,
1, ,-31, ,
1, ,-32, ,
2, ,-31, ,
1, ,-31, ,
-1, ,-32, ,
2, ,-31, ,
1, ,-31, ,
1, ,-31, ,
2, ,-31, ,
1, ,-31, ,
-1, ,-32, ,
2, ,-31, ,
1, ,-32, ,
1, ,-32, ,
2, ,-31, ,
1, ,-31, ,
-1, ,-31, ,
1, ,-31, ,
1, ,-31, ,
1, ,-31, ,
1, ,-32, ,
1, ,-31, ,
-1, ,-31, ,
2, ,-31, ,
1, ,-31, ,
1, ,-32, ,
2, ,-31, ,
1, ,-31, ,
-1, ,-32, ,
1, ,-32, ,
1, ,-31, ,
1, ,-31, ,
2, ,-32, ,
1, ,-31, ,
-1, ,-32, ,
1, ,-31, ,
1, ,-31, ,
1, ,-31, ,
1, ,-31, ,
1, ,-31, ,
-1, ,-32, ,
2, ,-32, ,
1, ,-31, ,
1, ,-31, ,
1, ,-32, ,
1, ,-31, ,
-1, ,-32, ,
1, ,-31, ,
1, ,-31, ,
1, ,-32, ,
1, ,-31, ,
1, ,-31, ,
-1, ,-32, ,
1, ,-31, ,
1, ,-31, ,
1, ,-31, ,
1, ,-31, ,
1, ,-31, ,
-1, ,-32, ,
1, ,-31, ,
1, ,-31, ,
1, ,-31, ,
1, ,-31, ,
1, ,-31, ,
-1, ,-31, ,
1, ,-32, ,
1, ,-31, ,
1, ,-31, ,
2, ,-31, ,
1, ,-32, ,
-1, ,-32, ,
2, ,-31, ,
-1, ,-31, ,
1, ,-32, ,
2, ,-31, ,
1, ,-31, ,
-1, ,-32, ,
1, ,-32, ,
1, ,-31, ,
1, ,-32, ,
1, ,-31, ,
1, ,-31, ,
-1, ,-32, ,
2, ,-31, ,
1, ,-31, ,
1, ,-32, ,
2, ,-32, ,
2, ,-31, ,
-1, ,-32, ,
1, ,-31, ,
1, ,-31, ,
1, ,-31, ,
1, ,-31, ,
1, ,-31, ,
-1, ,-32, ,
1, ,-31, ,
1, ,-31, ,
1, ,-31, ,
1, ,-32, ,
1, ,-31, ,
-1, ,-32, ,
2, ,-31, ,
-1, ,-31, ,
1, ,-31, ,
1, ,-32, ,
1, ,-31, ,
-1, ,-32, ,
2, ,-31, ,
1, ,-31, ,
1, ,-32, ,
1, ,-31, ,
1, ,-32, ,
-1, ,-32, ,
1, ,-31, ,
1, ,-31, ,
1, ,-31, ,
1, ,-31, ,
1, ,-32, ,
-1, ,-32, ,
2, ,-31, ,
1, ,-31, ,
1, ,-32, ,
1, ,-31, ,
1, ,-31, ,
-1, ,-31, ,
1, ,-31, ,
1, ,-31, ,
1, ,-31, ,
2, ,-32, ,
1, ,-32, ,
-1, ,-32, ,
2, ,-31, ,
1, ,-31, ,
1, ,-32, ,
2, ,-31, ,
1, ,-32, ,
-1, ,-31, ,
2, ,-31, ,
1, ,-31, ,
1, ,-31, ,
1, ,-31, ,
1, ,-31, ,
-1, ,-32, ,
2, ,-31, ,
1, ,-31, ,
1, ,-32, ,
2, ,-31, ,
1, ,-31, ,
-1, ,-31, ,
1, ,-31, ,
1, ,-31, ,
1, ,-31, ,
1, ,-31, ,
1, ,-31, ,
-1, ,-32, ,
1, ,-31, ,
1, ,-31, ,
1, ,-32, ,
2, ,-31, ,
1, ,-31, ,
-1, ,-32, ,
1, ,-31, ,
1, ,-31, ,
1, ,-31, ,
1, ,-31, ,
1, ,-31, ,
-1, ,-32, ,
1, ,-31, ,
1, ,-31, ,
1, ,-32, ,
1, ,-31, ,
1, ,-21, ,
-1, ,-2, ,
2, ,15, ,
1, ,26, ,
1, ,36, ,
2, ,42, ,
1, ,47, ,
-1, ,52, ,
1, ,53, ,
-1, ,56, ,
1, ,58, ,
2, ,58, ,
1, ,59, ,
-1, ,61, ,
1, ,60, ,
1, ,61, ,
-1, ,62, ,
1, ,61, ,
1, ,61, ,
-1, ,62, ,
2, ,60, ,
-1, ,62, ,
1, ,62, ,
1, ,61, ,
1, ,62, ,
-1, ,63, ,
1, ,61, ,
1, ,62, ,
-1, ,62, ,
1, ,62, ,
78, ,62, ,
48, ,63, ,
30, ,60, ,
18, ,62, ,
12, ,62, ,
10, ,61, ,
7, ,61, ,
5, ,62, ,
6, ,60, ,
5, ,62, ,
2, ,62, ,
3, ,61, ,
2, ,61, ,
2, ,62, ,
3, ,60, ,
1, ,62, ,
2, ,62, ,
3, ,61, ,
3, ,61, ,
1, ,62, ,
3, ,60, ,
2, ,62, ,
2, ,62, ,
3, ,61, ,
2, ,62, ,
2, ,62, ,
3, ,61, ,
2, ,62, ,
2, ,62, ,
3, ,61, ,
2, ,61, ,
3, ,62, ,
7, ,60, ,
5, ,61, ,
5, ,62, ,
5, ,61, ,
3, ,61, ,
3, ,62, ,
5, ,60, ,
2, ,62, ,
3, ,62, ,
3, ,61, ,
2, ,62, ,
2, ,62, ,
3, ,61, ,
2, ,61, ,
2, ,62, ,
3, ,61, ,
2, ,61, ,
1, ,62, ,
3, ,60, ,
2, ,62, ,
2, ,62, ,
3, ,61, ,
3, ,61, ,
1, ,62, ,
3, ,60, ,
2, ,61, ,
2, ,62, ,
3, ,61, ,
2, ,61, ,
1, ,62, ,
3, ,60, ,
2, ,61, ,
2, ,62, ,
3, ,61, ,
5, ,61, ,
6, ,62, ,
7, ,60, ,
6, ,61, ,
5, ,62, ,
6, ,61, ,
5, ,61, ,
2, ,62, ,
5, ,60, ,
2, ,62, ,
2, ,62, ,
2, ,61, ,
2, ,61, ,
1, ,62, ,
3, ,60, ,
2, ,61, ,
2, ,62, ,
3, ,61, ,
2, ,61, ,
1, ,62, ,
3, ,60, ,
2, ,62, ,
2, ,62, ,
3, ,61, ,
2, ,61, ,
1, ,62, ,
3, ,60, ,
2, ,61, ,
2, ,62, ,
3, ,62, ,
2, ,61, ,
1, ,62, ,
3, ,60, ,
2, ,61, ,
2, ,62, ,
3, ,60, ,
2, ,61, ,
1, ,62, ,
3, ,60, ,
2, ,61, ,
2, ,62, ,
3, ,61, ,
2, ,62, ,
1, ,63, ,
3, ,60, ,
2, ,62, ,
2, ,62, ,
2, ,61, ,
2, ,62, ,
1, ,62, ,
3, ,60, ,
2, ,61, ,
2, ,62, ,
3, ,61, ,
2, ,61, ,
1, ,62, ,
3, ,60, ,
2, ,61, ,
2, ,59, ,
3, ,40, ,
2, ,22, ,
1, ,8, ,
3, ,-2, ,
1, ,-9, ,
1, ,-15, ,
3, ,-20, ,
10, ,-22, ,
11, ,-25, ,
11, ,-26, ,
7, ,-28, ,
6, ,-30, ,
6, ,-30, ,
5, ,-31, ,
2, ,-31, ,
3, ,-31, ,
2, ,-32, ,
2, ,-32, ,
3, ,-32, ,
3, ,-32, ,
2, ,-32, ,
3, ,-32, ,
2, ,-32, ,
2, ,-32, ,
2, ,-32, ,
2, ,-32, ,
2, ,-32, ,
3, ,-32, ,
2, ,-32, ,
2, ,-32, ,
3, ,-32, ,
3, ,-32, ,
2, ,-32, ,
3, ,-31, ,
2, ,-32, ,
2, ,-32, ,
3, ,-32, ,
3, ,-32, ,
1, ,-32, ,
2, ,-32, ,
2, ,-31, ,
2, ,-31, ,
2, ,-32, ,
3, ,-32, ,
2, ,-32, ,
3, ,-31, ,
2, ,-31, ,
2, ,-32, ,
2, ,-32, ,
2, ,-31, ,
2, ,-32, ,
3, ,-31, ,
2, ,-32, ,
2, ,-32, ,
2, ,-31, ,
3, ,-31, ,
2, ,-32, ,
2, ,-31, ,
2, ,-31, ,
2, ,-32, ,
2, ,-32, ,
2, ,-31, ,
1, ,-32, ,
3, ,-31, ,
2, ,-31, ,
2, ,-31, ,
3, ,-32, ,
3, ,-31, ,
2, ,-32, ,
3, ,-31, ,
2, ,-31, ,
2, ,-31, ,
2, ,-31, ,
2, ,-32, ,
2, ,-32, ,
3, ,-31, ,
2, ,-31, ,
2, ,-32, ,
2, ,-32, ,
2, ,-31, ,
1, ,-32, ,
2, ,-31, ,
2, ,-32, ,
2, ,-32, ,
2, ,-32, ,
2, ,-32, ,
1, ,-31, ,
3, ,-32, ,
2, ,-31, ,
2, ,-31, ,
3, ,-31, ,
2, ,-31, ,
2, ,-32, ,
2, ,-31, ,
2, ,-31, ,
2, ,-32, ,
2, ,-31, ,
3, ,-31, ,
1, ,-32, ,
2, ,-31, ,
2, ,-31, ,
2, ,-31, ,
2, ,-32, ,
2, ,-32, ,
1, ,-32, ,
3, ,-31, ,
2, ,-31, ,
2, ,-32, ,
2, ,-31, ,
2, ,-32, ,
1, ,-32, ,
2, ,-31, ,
2, ,-31, ,
2, ,-31, ,
2, ,-31, ,
2, ,-31, ,
1, ,-32, ,
2, ,-31, ,
2, ,-31, ,
2, ,-32, ,
2, ,-31, ,
2, ,-32, ,
1, ,-32, ,
2, ,-31, ,
2, ,-31, ,
2, ,-31, ,
2, ,-31, ,
2, ,-31, ,
1, ,-32, ,
2, ,-31, ,
2, ,-31, ,
1, ,-31, ,
2, ,-31, ,
2, ,-31, ,
1, ,-31, ,
2, ,-32, ,
2, ,-31, ,
2, ,-31, ,
2, ,-31, ,
2, ,-31, ,
1, ,-32, ,
2, ,-31, ,
2, ,-31, ,
2, ,-32, ,
2, ,-31, ,
2, ,-31, ,
1, ,-31, ,
3, ,-31, ,
2, ,-31, ,
2, ,-31, ,
2, ,-31, ,
2, ,-31, ,
1, ,-32, ,
2, ,-31, ,
1, ,-31, ,
2, ,-31, ,
2, ,-31, ,
2, ,-32, ,
1, ,-32, ,
2, ,-31, ,
1, ,-31, ,
2, ,-31, ,
2, ,-32, ,
2, ,-31, ,
1, ,-32, ,
2, ,-31, ,
1, ,-31, ,
2, ,-32, ,
2, ,-31, ,
2, ,-31, ,
1, ,-31, ,
2, ,-31, ,
2, ,-31, ,
2, ,-31, ,
2, ,-32, ,
2, ,-31, ,
1, ,-32, ,
2, ,-31, ,
1, ,-31, ,
1, ,-32, ,
2, ,-31, ,
2, ,-31, ,
1, ,-32, ,
2, ,-31, ,
1, ,-31, ,
2, ,-31, ,
2, ,-32, ,
2, ,-31, ,
1, ,-32, ,
2, ,-31, ,
1, ,-31, ,
2, ,-32, ,
2, ,-31, ,
2, ,-31, ,
1, ,-31, ,
2, ,-31, ,
2, ,-31, ,
2, ,-31, ,
2, ,-31, ,
2, ,-31, ,
1, ,-32, ,
2, ,-31, ,
1, ,-31, ,
1, ,-31, ,
2, ,-32, ,
2, ,-31, ,
1, ,-32, ,
2, ,-31, ,
1, ,-31, ,
1, ,-31, ,
2, ,-31, ,
2, ,-31, ,
1, ,-32, ,
2, ,-31, ,
1, ,-31, ,
2, ,-31, ,
2, ,-31, ,
2, ,-31, ,
1, ,-31, ,
2, ,-31, ,
1, ,-31, ,
1, ,-31, ,
2, ,-32, ,
2, ,-31, ,
1, ,-32, ,
2, ,-31, ,
1, ,-32, ,
2, ,-31, ,
2, ,-31, ,
2, ,-31, ,
1, ,-31, ,
2, ,-31, ,
2, ,-31, ,
2, ,-31, ,
2, ,-31, ,
2, ,-31, ,
1, ,-32, ,
2, ,-31, ,
2, ,-31, ,
1, ,-31, ,
2, ,-31, ,
2, ,-31, ,
1, ,-31, ,
2, ,-31, ,
1, ,-31, ,
1, ,-31, ,
2, ,-31, ,
2, ,-31, ,
1, ,-32, ,
2, ,-31, ,
1, ,-31, ,
1, ,-31, ,
2, ,-31, ,
2, ,-31, ,
1, ,-31, ,
2, ,-31, ,
1, ,-31, ,
1, ,-31, ,
2, ,-31, ,
2, ,-31, ,
1, ,-32, ,
2, ,-31, ,
1, ,-31, ,
2, ,-31, ,
2, ,-32, ,
1, ,-31, ,
1, ,-31, ,
2, ,-31, ,
1, ,-31, ,
2, ,-31, ,
2, ,-31, ,
2, ,-31, ,
1, ,-32, ,
2, ,-31, ,
1, ,-31, ,
1, ,-31, ,
2, ,-31, ,
2, ,-31, ,
1, ,-32, ,
2, ,-31, ,
1, ,-31, ,
1, ,-31, ,
2, ,-31, ,
2, ,-31, ,
1, ,-32, ,
2, ,-31, ,
1, ,-31, ,
1, ,-32, ,
2, ,-31, ,
1, ,-31, ,
1, ,-31, ,
2, ,-31, ,
1, ,-31, ,
2, ,-31, ,
2, ,-32, ,
1, ,-31, ,
1, ,-32, ,
2, ,-31, ,
1, ,-31, ,
1, ,-31, ,
2, ,-31, ,
1, ,-31, ,
1, ,-32, ,
2, ,-31, ,
1, ,-31, ,
1, ,-31, ,
2, ,-32, ,
2, ,-31, ,
1, ,-32, ,
2, ,-31, ,
1, ,-31, ,
1, ,-32, ,
2, ,-31, ,
2, ,-31, ,
-1, ,-32, ,
2, ,-31, ,
1, ,-31, ,
1, ,-31, ,
2, ,-31, ,
2, ,-31, ,
-1, ,-31, ,
2, ,-31, ,
1, ,-31, ,
1, ,-32, ,
2, ,-31, ,
1, ,-31, ,
-1, ,-31, ,
2, ,-31, ,
1, ,-31, ,
1, ,-31, ,
2, ,-31, ,
2, ,-31, ,
1, ,-32, ,
2, ,-31, ,
1, ,-31, ,
1, ,-32, ,
2, ,-31, ,
2, ,-31, ,
1, ,-31, ,
2, ,-31, ,
1, ,-31, ,
1, ,-31, ,
2, ,-31, ,
1, ,-31, ,
1, ,-32, ,
2, ,-31, ,
1, ,-31, ,
1, ,-32, ,
2, ,-31, ,
1, ,-31, ,
1, ,-31, ,
2, ,-31, ,
1, ,-32, ,
1, ,-31, ,
2, ,-31, ,
1, ,-31, ,
1, ,-32, ,
2, ,-31, ,
1, ,-31, ,
1, ,-32, ,
2, ,-31, ,
2, ,-31, ,
1, ,-32, ,
2, ,-31, ,
1, ,-31, ,
1, ,-31, ,
2, ,-31, ,
2, ,-31, ,
1, ,-32, ,
2, ,-31, ,
1, ,-31, ,
1, ,-32, ,
2, ,-32, ,
1, ,-31, ,
1, ,-32, ,
2, ,-31, ,
1, ,-31, ,
1, ,-31, ,
2, ,-31, ,
1, ,-31, ,
1, ,-32, ,
2, ,-31, ,
1, ,-31, ,
1, ,-32, ,
2, ,-31, ,
2, ,-31, ,
1, ,-31, ,
2, ,-31, ,
1, ,-31, ,
1, ,-32, ,
2, ,-32, ,
1, ,-32, ,
1, ,-32, ,
2, ,-31, ,
1, ,-31, ,
1, ,-32, ,
2, ,-31, ,
1, ,-31, ,
-1, ,-31, ,
2, ,-31, ,
1, ,-31, ,
1, ,-32, ,
2, ,-31, ,
1, ,-31, ,
1, ,-32, ,
2, ,-31, ,
1, ,-31, ,
1, ,-32, ,
2, ,-31, ,
1, ,-31, ,
1, ,-32, ,
2, ,-31, ,
1, ,-31, ,
1, ,-32, ,
2, ,-31, ,
1, ,-32, ,
1, ,-32, ,
2, ,-31, ,
1, ,-31, ,
1, ,-31, ,
2, ,-31, ,
1, ,-31, ,
-1, ,-31, ,
1, ,-32, ,
1, ,-31, ,
1, ,-31, ,
2, ,-32, ,
1, ,-31, ,
-1, ,-32, ,
2, ,-31, ,
1, ,-31, ,
1, ,-32, ,
2, ,-31, ,
1, ,-31, ,
-1, ,-31, ,
2, ,-31, ,
1, ,-31, ,
1, ,-31, ,
2, ,-31, ,
1, ,-32, ,
-1, ,-32, ,
1, ,-31, ,
1, ,-31, ,
1, ,-32, ,
2, ,-31, ,
1, ,-32, ,
-1, ,-32, ,
2, ,-31, ,
1, ,-31, ,
1, ,-32, ,
2, ,-31, ,
1, ,-32, ,
-1, ,-32, ,
2, ,-31, ,
1, ,-31, ,
1, ,-32, ,
2, ,-31, ,
1, ,-31, ,
-1, ,-31, ,
1, ,-31, ,
1, ,-31, ,
1, ,-31, ,
2, ,-31, ,
1, ,-31, ,
-1, ,-32, ,
2, ,-31, ,
1, ,-31, ,
1, ,-31, ,
2, ,-31, ,
1, ,-32, ,
-1, ,-31, ,
1, ,-31, ,
1, ,-31, ,
1, ,-31, ,
2, ,-31, ,
1, ,-31, ,
-1, ,-32, ,
2, ,-31, ,
1, ,-31, ,
1, ,-31, ,
2, ,-31, ,
1, ,-32, ,
-1, ,-32, ,
2, ,-32, ,
1, ,-31, ,
1, ,-31, ,
2, ,-31, ,
1, ,-31, ,
-1, ,-31, ,
1, ,-31, ,
1, ,-31, ,
1, ,-32, ,
1, ,-32, ,
1, ,-31, ,
1, ,-31, ,
2, ,-31, ,
1, ,-31, ,
1, ,-31, ,
2, ,-32, ,
1, ,-32, ,
1, ,-32, ,
1, ,-31, ,
1, ,-31, ,
1, ,-32, ,
1, ,-31, ,
1, ,-31, ,
-1, ,-31, ,
2, ,-31, ,
1, ,-31, ,
1, ,-31, ,
2, ,-31, ,
1, ,-31, ,
-1, ,-32, ,
2, ,-31, ,
1, ,-31, ,
1, ,-32, ,
2, ,-31, ,
1, ,-31, ,
-1, ,-31, ,
1, ,-31, ,
1, ,-32, ,
1, ,-31, ,
1, ,-32, ,
1, ,-31, ,
-1, ,-32, ,
2, ,-31, ,
1, ,-31, ,
1, ,-31, ,
1, ,-31, ,
1, ,-32, ,
-1, ,-32, ,
2, ,-31, ,
1, ,-31, ,
1, ,-31, ,
1, ,-32, ,
1, ,-31, ,
-1, ,-32, ,
1, ,-31, ,
1, ,-31, ,
1, ,-31, ,
1, ,-31, ,
1, ,-32, ,
-1, ,-32, ,
1, ,-32, ,
1, ,-32, ,
1, ,-31, ,
1, ,-31, ,
1, ,-32, ,
-1, ,-32, ,
1, ,-31, ,
1, ,-31, ,
1, ,-31, ,
1, ,-31, ,
1, ,-31, ,
-1, ,-32, ,
1, ,-31, ,
1, ,-31, ,
1, ,-31, ,
1, ,-32, ,
1, ,-31, ,
-1, ,-32, ,
1, ,-31, ,
-1, ,-31, ,
1, ,-32, ,
1, ,-31, ,
1, ,-32, ,
-1, ,-32, ,
2, ,-31, ,
1, ,-31, ,
1, ,-31, ,
1, ,-32, ,
1, ,-32, ,
-1, ,-32, ,
1, ,-31, ,
1, ,-31, ,
1, ,-32, ,
1, ,-32, ,
1, ,-31, ,
-1, ,-32, ,
2, ,-32, ,
1, ,-31, ,
1, ,-31, ,
1, ,-32, ,
2, ,-32, ,
-1, ,-32, ,
2, ,-31, ,
1, ,-31, ,
1, ,-32, ,
1, ,-31, ,
1, ,-31, ,
-1, ,-31, ,
1, ,-31, ,
1, ,-31, ,
1, ,-31, ,
2, ,-32, ,
1, ,-31, ,
-1, ,-32, ,
1, ,-31, ,
-1, ,-31, ,
1, ,-31, ,
1, ,-31, ,
1, ,-31, ,
-1, ,-32, ,
1, ,-31, ,
1, ,-31, ,
1, ,-31, ,
1, ,-31, ,
2, ,-32, ,
-1, ,-31, ,
1, ,-31, ,
1, ,-31, ,
1, ,-31, ,
2, ,-31, ,
1, ,-31, ,
-1, ,-32, ,
1, ,-32, ,
1, ,-31, ,
1, ,-31, ,
1, ,-31, ,
1, ,-32, ,
-1, ,-32, ,
2, ,-31, ,
1, ,-31, ,
1, ,-32, ,
2, ,-31, ,
1, ,-32, ,
-1, ,-25, ,
2, ,-6, ,
1, ,11, ,
1, ,23, ,
1, ,34, ,
1, ,41, ,
-1, ,47, ,
2, ,50, ,
-1, ,54, ,
1, ,56, ,
1, ,57, ,
1, ,58, ,
-1, ,61, ,
2, ,59, ,
1, ,61, ,
-1, ,61, ,
1, ,61, ,
1, ,61, ,
-1, ,63, ,
2, ,61, ,
-1, ,62, ,
1, ,62, ,
1, ,61, ,
1, ,62, ,
67, ,63, ,
44, ,61, ,
26, ,62, ,
17, ,62, ,
12, ,62, ,
8, ,61, ,
5, ,63, ,
6, ,61, ,
3, ,62, ,
2, ,62, ,
3, ,61, ,
2, ,62, ,
2, ,63, ,
3, ,61, ,
1, ,62, ,
2, ,62, ,
3, ,62, ,
2, ,62, ,
1, ,63, ,
3, ,61, ,
2, ,62, ,
2, ,62, ,
3, ,61, ,
2, ,61, ,
1, ,62, ,
3, ,61, ,
2, ,61, ,
2, ,62, ,
2, ,61, ,
2, ,61, ,
2, ,63, ,
3, ,61, ,
2, ,62, ,
2, ,63, ,
2, ,61, ,
2, ,61, ,
2, ,63, ,
3, ,61, ,
2, ,61, ,
2, ,61, ,
3, ,61, ,
2, ,61, ,
1, ,62, ,
3, ,60, ,
2, ,62, ,
2, ,62, ,
2, ,60, ,
2, ,61, ,
1, ,62, ,
3, ,60, ,
2, ,61, ,
2, ,62, ,
2, ,61, ,
2, ,61, ,
1, ,62, ,
3, ,60, ,
2, ,62, ,
1, ,62, ,
2, ,60, ,
2, ,61, ,
1, ,62, ,
3, ,60, ,
2, ,62, ,
11, ,62, ,
13, ,61, ,
10, ,61, ,
6, ,62, ,
6, ,61, ,
3, ,62, ,
3, ,62, ,
3, ,60, ,
2, ,61, ,
1, ,62, ,
5, ,60, ,
2, ,61, ,
2, ,62, ,
3, ,61, ,
2, ,61, ,
1, ,62, ,
3, ,60, ,
2, ,61, ,
2, ,62, ,
3, ,61, ,
2, ,61, ,
1, ,62, ,
3, ,61, ,
2, ,62, ,
2, ,62, ,
3, ,61, ,
2, ,61, ,
2, ,62, ,
6, ,60, ,
6, ,62, ,
6, ,62, ,
5, ,61, ,
3, ,61, ,
2, ,62, ,
3, ,60, ,
2, ,61, ,
2, ,62, ,
2, ,61, ,
2, ,61, ,
2, ,62, ,
3, ,60, ,
2, ,61, ,
2, ,62, ,
3, ,60, ,
2, ,61, ,
1, ,62, ,
5, ,60, ,
6, ,61, ,
5, ,62, ,
5, ,61, ,
3, ,62, ,
2, ,63, ,
3, ,61, ,
2, ,62, ,
2, ,62, ,
3, ,61, ,
2, ,61, ,
2, ,62, ,
3, ,60, ,
2, ,62, ,
2, ,62, ,
2, ,61, ,
2, ,62, ,
2, ,62, ,
5, ,61, ,
3, ,62, ,
3, ,62, ,
6, ,60, ,
5, ,46, ,
2, ,26, ,
3, ,12, ,
2, ,1, ,
2, ,-7, ,
2, ,-14, ,
2, ,-18, ,
2, ,-22, ,
3, ,-24, ,
2, ,-26, ,
2, ,-27, ,
2, ,-28, ,
2, ,-30, ,
1, ,-31, ,
3, ,-31, ,
2, ,-31, ,
2, ,-32, ,
2, ,-32, ,
3, ,-32, ,
2, ,-32, ,
3, ,-32, ,
2, ,-32, ,
2, ,-32, ,
2, ,-32, ,
3, ,-32, ,
2, ,-32, ,
3, ,-32, ,
2, ,-32, ,
2, ,-32, ,
2, ,-32, ,
3, ,-32, ,
1, ,-32, ,
2, ,-31, ,
2, ,-32, ,
2, ,-32, ,
2, ,-32, ,
2, ,-32, ,
1, ,-32, ,
3, ,-32, ,
2, ,-31, ,
2, ,-31, ,
2, ,-32, ,
2, ,-32, ,
1, ,-32, ,
3, ,-31, ,
2, ,-32, ,
2, ,-32, ,
2, ,-32, ,
2, ,-32, ,
1, ,-32, ,
3, ,-31, ,
2, ,-31, ,
2, ,-31, ,
2, ,-32, ,
2, ,-32, ,
2, ,-32, ,
3, ,-31, ,
2, ,-31, ,
2, ,-32, ,
2, ,-31, ,
3, ,-31, ,
1, ,-32, ,
2, ,-31, ,
2, ,-32, ,
2, ,-32, ,
2, ,-32, ,
2, ,-32, ,
1, ,-32, ,
3, ,-31, ,
2, ,-32, ,
2, ,-32, ,
2, ,-31, ,
2, ,-32, ,
1, ,-31, ,
3, ,-31, ,
2, ,-31, ,
2, ,-31, ,
2, ,-31, ,
2, ,-31, ,
2, ,-32, ,
3, ,-31, ,
2, ,-31, ,
2, ,-32, ,
2, ,-32, ,
2, ,-31, ,
1, ,-31, ,
2, ,-32, ,
2, ,-31, ,
2, ,-32, ,
2, ,-31, ,
2, ,-31, ,
2, ,-32, ,
3, ,-31, ,
2, ,-31, ,
2, ,-32, ,
2, ,-31, ,
2, ,-31, ,
1, ,-31, ,
2, ,-31, ,
2, ,-31, ,
2, ,-31, ,
2, ,-31, ,
2, ,-32, ,
1, ,-32, ,
2, ,-31, ,
2, ,-31, ,
2, ,-32, ,
2, ,-31, ,
2, ,-32, ,
1, ,-31, ,
2, ,-31, ,
2, ,-31, ,
2, ,-31, ,
2, ,-31, ,
2, ,-32, ,
1, ,-32, ,
2, ,-31, ,
2, ,-31, ,
2, ,-32, ,
3, ,-31, ,
2, ,-31, ,
1, ,-31, ,
2, ,-31, ,
2, ,-31, ,
2, ,-31, ,
2, ,-31, ,
2, ,-31, ,
1, ,-31, ,
2, ,-31, ,
2, ,-31, ,
2, ,-32, ,
2, ,-31, ,
2, ,-31, ,
1, ,-32, ,
3, ,-31, ,
2, ,-31, ,
2, ,-31, ,
2, ,-31, ,
2, ,-31, ,
1, ,-32, ,
3, ,-31, ,
2, ,-31, ,
2, ,-31, ,
2, ,-31, ,
2, ,-31, ,
1, ,-31, ,
2, ,-31, ,
2, ,-31, ,
2, ,-31, ,
2, ,-31, ,
2, ,-32, ,
1, ,-32, ,
2, ,-31, ,
1, ,-31, ,
1, ,-31, ,
2, ,-31, ,
2, ,-31, ,
1, ,-31, ,
2, ,-31, ,
2, ,-31, ,
2, ,-31, ,
2, ,-31, ,
