Format,1.0B,
Memory Length,10000,Memory Length,10000,
IntpDistance,0,IntpDistance,0,
Trigger Address,4999,Trigger Address,4999,
Trigger Level,1.040E+00,Trigger Level,1.040E+00,
Source,CH1,Source,CH2,
Vertical Units,V,Vertical Units,V,
Vertical Units Div,0,Vertical Units Div,0,
Vertical Units Extend Div,16,Vertical Units Extend Div,16,
Label,,Label,,
Probe Type,0,Probe Type,0,
Probe Ratio,1.000e+01,Probe Ratio,1.000e+00,
Vertical Scale,5.000e-01,Vertical Scale,1.000e+00,
Vertical Position,-1.820e+00,Vertical Position,0.000e+00,
Horizontal Units,S,Horizontal Units,S,
Horizontal Scale,2.000E-05,Horizontal Scale,2.000E-05,
Horizontal Position,0.000E+00,Horizontal Position,0.000E+00,
Horizontal Mode,Main,Horizontal Mode,Main,
SincET Mode,Real Time,SincET Mode,Real Time,
Sampling Period,2.000e-08,Sampling Period,2.000e-08,
Horizontal Old Scale,2.000E-05,Horizontal Old Scale,2.000E-05,
Horizontal Old Position,0.000E+00,Horizontal Old Position,0.000E+00,
Firmware,V1.23,Firmware,V1.23,
Mode,Fast,Mode,Fast,
Waveform Data,,Waveform Data,,
1, ,-46, ,
1, ,-46, ,
-1, ,-46, ,
2, ,-46, ,
-1, ,-45, ,
-1, ,-45, ,
1, ,-46, ,
1, ,-46, ,
-1, ,-45, ,
1, ,-46, ,
-1, ,-46, ,
-1, ,-46, ,
1, ,-45, ,
1, ,-45, ,
-1, ,-46, ,
1, ,-46, ,
-1, ,-45, ,
-1, ,-46, ,
1, ,-46, ,
1, ,-46, ,
-1, ,-45, ,
1, ,-46, ,
-1, ,-46, ,
1, ,-46, ,
1, ,-46, ,
1, ,-46, ,
-1, ,-46, ,
1, ,-46, ,
1, ,-46, ,
-1, ,-46, ,
1, ,-46, ,
1, ,-46, ,
-1, ,-46, ,
1, ,-46, ,
1, ,-46, ,
1, ,-46, ,
1, ,-45, ,
1, ,-45, ,
-1, ,-46, ,
1, ,-46, ,
1, ,-46, ,
1, ,-46, ,
1, ,-46, ,
1, ,-46, ,
-1, ,-46, ,
1, ,-46, ,
-1, ,-46, ,
-1, ,-46, ,
1, ,-46, ,
1, ,-46, ,
-1, ,-46, ,
1, ,-46, ,
-1, ,-45, ,
-1, ,-46, ,
1, ,-46, ,
1, ,-46, ,
-1, ,-46, ,
1, ,-46, ,
-1, ,-46, ,
-1, ,-46, ,
1, ,-45, ,
1, ,-46, ,
-1, ,-46, ,
1, ,-46, ,
-1, ,-46, ,
-1, ,-46, ,
1, ,-46, ,
1, ,-45, ,
-1, ,-46, ,
1, ,-46, ,
-1, ,-46, ,
-1, ,-46, ,
1, ,-45, ,
1, ,-46, ,
-1, ,-46, ,
1, ,-46, ,
-1, ,-46, ,
-1, ,-46, ,
1, ,-46, ,
1, ,-46, ,
-1, ,-46, ,
1, ,-46, ,
-1, ,-45, ,
-1, ,-46, ,
1, ,-46, ,
1, ,-45, ,
-1, ,-46, ,
1, ,-46, ,
-1, ,-46, ,
-1, ,-46, ,
1, ,-46, ,
1, ,-46, ,
-1, ,-46, ,
1, ,-46, ,
-1, ,-46, ,
-1, ,-46, ,
1, ,-45, ,
1, ,-46, ,
-1, ,-46, ,
1, ,-46, ,
-1, ,-46, ,
-1, ,-46, ,
1, ,-46, ,
1, ,-45, ,
-1, ,-46, ,
1, ,-46, ,
-1, ,-46, ,
-1, ,-46, ,
1, ,-45, ,
1, ,-46, ,
-1, ,-46, ,
1, ,-46, ,
-1, ,-46, ,
-1, ,-46, ,
1, ,-46, ,
1, ,-46, ,
-1, ,-46, ,
1, ,-45, ,
-1, ,-46, ,
-1, ,-46, ,
1, ,-45, ,
1, ,-46, ,
-1, ,-46, ,
1, ,-46, ,
-1, ,-45, ,
-1, ,-46, ,
1, ,-46, ,
1, ,-46, ,
-1, ,-46, ,
1, ,-46, ,
-1, ,-46, ,
-1, ,-46, ,
1, ,-45, ,
1, ,-46, ,
-1, ,-46, ,
1, ,-46, ,
-1, ,-46, ,
-1, ,-46, ,
1, ,-46, ,
1, ,-46, ,
-1, ,-46, ,
1, ,-46, ,
-1, ,-46, ,
-1, ,-46, ,
1, ,-45, ,
1, ,-45, ,
-1, ,-46, ,
1, ,-46, ,
-1, ,-45, ,
-1, ,-46, ,
1, ,-46, ,
1, ,-45, ,
-1, ,-46, ,
2, ,-46, ,
-1, ,-46, ,
-1, ,-46, ,
1, ,-46, ,
1, ,-45, ,
-1, ,-46, ,
1, ,-46, ,
-1, ,-46, ,
-1, ,-46, ,
1, ,-46, ,
1, ,-45, ,
-1, ,-46, ,
1, ,-46, ,
-1, ,-46, ,
-1, ,-46, ,
1, ,-46, ,
1, ,-46, ,
-1, ,-46, ,
1, ,-46, ,
-1, ,-46, ,
-1, ,-46, ,
1, ,-46, ,
1, ,-46, ,
-1, ,-46, ,
1, ,-46, ,
-1, ,-46, ,
-1, ,-46, ,
1, ,-45, ,
1, ,-46, ,
-1, ,-46, ,
1, ,-46, ,
-1, ,-46, ,
-1, ,-46, ,
1, ,-46, ,
1, ,-46, ,
-1, ,-46, ,
1, ,-46, ,
-1, ,-45, ,
-1, ,-46, ,
1, ,-45, ,
1, ,-45, ,
-1, ,-46, ,
1, ,-45, ,
-1, ,-46, ,
-1, ,-46, ,
1, ,-46, ,
1, ,-46, ,
-1, ,-46, ,
1, ,-46, ,
-1, ,-45, ,
-1, ,-46, ,
1, ,-45, ,
1, ,-46, ,
-1, ,-46, ,
1, ,-46, ,
-1, ,-46, ,
-1, ,-46, ,
1, ,-46, ,
1, ,-46, ,
-1, ,-46, ,
1, ,-46, ,
1, ,-46, ,
-1, ,-46, ,
1, ,-45, ,
1, ,-46, ,
-1, ,-46, ,
1, ,-46, ,
-1, ,-46, ,
-1, ,-46, ,
1, ,-46, ,
1, ,-46, ,
-1, ,-46, ,
1, ,-46, ,
-1, ,-45, ,
-1, ,-46, ,
1, ,-45, ,
1, ,-46, ,
-1, ,-46, ,
1, ,-46, ,
-1, ,-46, ,
-1, ,-46, ,
1, ,-46, ,
1, ,-46, ,
-1, ,-46, ,
1, ,-46, ,
-1, ,-46, ,
-1, ,-46, ,
1, ,-45, ,
1, ,-46, ,
-1, ,-46, ,
1, ,-46, ,
-1, ,-46, ,
-1, ,-46, ,
1, ,-46, ,
1, ,-46, ,
-1, ,-46, ,
1, ,-46, ,
-1, ,-46, ,
-1, ,-46, ,
1, ,-46, ,
1, ,-46, ,
-1, ,-46, ,
1, ,-46, ,
-1, ,-46, ,
-1, ,-46, ,
1, ,-46, ,
1, ,-46, ,
-1, ,-46, ,
1, ,-46, ,
-1, ,-46, ,
-1, ,-46, ,
1, ,-46, ,
1, ,-45, ,
-1, ,-46, ,
1, ,-46, ,
-1, ,-46, ,
-1, ,-46, ,
1, ,-46, ,
1, ,-46, ,
-1, ,-46, ,
1, ,-46, ,
1, ,-45, ,
-1, ,-46, ,
1, ,-46, ,
1, ,-45, ,
-1, ,-46, ,
1, ,-46, ,
-1, ,-46, ,
1, ,-46, ,
1, ,-46, ,
1, ,-45, ,
-1, ,-46, ,
1, ,-46, ,
-1, ,-46, ,
-1, ,-46, ,
1, ,-45, ,
1, ,-45, ,
-1, ,-46, ,
1, ,-46, ,
-1, ,-46, ,
-1, ,-46, ,
1, ,-46, ,
1, ,-46, ,
-1, ,-46, ,
1, ,-46, ,
-1, ,-46, ,
-1, ,-46, ,
1, ,-45, ,
1, ,-46, ,
-1, ,-46, ,
1, ,-46, ,
-1, ,-45, ,
-1, ,-46, ,
1, ,-41, ,
1, ,-22, ,
-1, ,-4, ,
2, ,9, ,
-1, ,19, ,
-1, ,26, ,
1, ,32, ,
1, ,36, ,
-1, ,39, ,
2, ,41, ,
1, ,42, ,
-1, ,44, ,
1, ,45, ,
1, ,45, ,
-1, ,46, ,
1, ,46, ,
1, ,46, ,
-1, ,47, ,
1, ,47, ,
1, ,47, ,
-1, ,47, ,
1, ,47, ,
-1, ,47, ,
1, ,47, ,
1, ,47, ,
1, ,47, ,
-1, ,47, ,
1, ,47, ,
1, ,47, ,
-1, ,47, ,
1, ,47, ,
1, ,47, ,
-1, ,47, ,
1, ,47, ,
-1, ,47, ,
-1, ,47, ,
1, ,47, ,
1, ,47, ,
-1, ,47, ,
1, ,46, ,
-1, ,46, ,
-1, ,47, ,
1, ,46, ,
1, ,46, ,
-1, ,47, ,
1, ,47, ,
-1, ,46, ,
-1, ,47, ,
1, ,47, ,
1, ,46, ,
-1, ,47, ,
1, ,47, ,
-1, ,46, ,
-1, ,47, ,
1, ,47, ,
1, ,47, ,
-1, ,46, ,
2, ,46, ,
-1, ,46, ,
-1, ,47, ,
1, ,46, ,
1, ,46, ,
-1, ,47, ,
1, ,47, ,
-1, ,46, ,
-1, ,47, ,
1, ,47, ,
1, ,46, ,
-1, ,46, ,
1, ,46, ,
-1, ,46, ,
-1, ,47, ,
1, ,46, ,
1, ,46, ,
-1, ,47, ,
1, ,46, ,
1, ,46, ,
-1, ,47, ,
1, ,47, ,
1, ,46, ,
-1, ,47, ,
2, ,46, ,
-1, ,46, ,
1, ,46, ,
1, ,46, ,
1, ,46, ,
-1, ,47, ,
1, ,46, ,
-1, ,46, ,
-1, ,46, ,
1, ,46, ,
1, ,46, ,
-1, ,46, ,
1, ,46, ,
-1, ,46, ,
-1, ,47, ,
1, ,46, ,
1, ,46, ,
-1, ,46, ,
1, ,46, ,
-1, ,46, ,
-1, ,46, ,
1, ,46, ,
1, ,46, ,
-1, ,46, ,
1, ,46, ,
-1, ,46, ,
-1, ,47, ,
1, ,46, ,
1, ,46, ,
-1, ,47, ,
1, ,46, ,
-1, ,46, ,
-1, ,46, ,
1, ,46, ,
1, ,46, ,
-1, ,46, ,
1, ,46, ,
-1, ,46, ,
-1, ,47, ,
1, ,46, ,
1, ,46, ,
-1, ,46, ,
2, ,46, ,
-1, ,46, ,
-1, ,46, ,
1, ,46, ,
1, ,46, ,
-1, ,46, ,
2, ,46, ,
-1, ,46, ,
-1, ,47, ,
1, ,46, ,
1, ,46, ,
-1, ,47, ,
2, ,46, ,
-1, ,46, ,
-1, ,46, ,
1, ,46, ,
1, ,46, ,
-1, ,47, ,
2, ,46, ,
-1, ,46, ,
-1, ,47, ,
1, ,46, ,
1, ,46, ,
-1, ,47, ,
1, ,47, ,
-1, ,46, ,
-1, ,46, ,
1, ,46, ,
1, ,46, ,
-1, ,47, ,
1, ,46, ,
-1, ,45, ,
-1, ,28, ,
1, ,9, ,
-1, ,-4, ,
-1, ,-16, ,
1, ,-23, ,
-1, ,-30, ,
-1, ,-34, ,
1, ,-37, ,
1, ,-40, ,
-1, ,-41, ,
1, ,-43, ,
-1, ,-44, ,
-1, ,-44, ,
1, ,-45, ,
1, ,-46, ,
-2, ,-46, ,
2, ,-46, ,
-1, ,-46, ,
-1, ,-46, ,
1, ,-46, ,
1, ,-46, ,
-1, ,-47, ,
1, ,-46, ,
-1, ,-46, ,
-1, ,-46, ,
1, ,-46, ,
1, ,-46, ,
-1, ,-46, ,
1, ,-46, ,
-1, ,-46, ,
-1, ,-47, ,
1, ,-46, ,
1, ,-46, ,
-1, ,-46, ,
1, ,-46, ,
-1, ,-46, ,
-1, ,-46, ,
1, ,-46, ,
1, ,-46, ,
-1, ,-46, ,
1, ,-46, ,
-1, ,-46, ,
-1, ,-46, ,
1, ,-46, ,
1, ,-46, ,
-1, ,-46, ,
1, ,-46, ,
-1, ,-46, ,
-1, ,-46, ,
1, ,-46, ,
1, ,-46, ,
-1, ,-46, ,
1, ,-46, ,
-1, ,-46, ,
-1, ,-46, ,
1, ,-46, ,
1, ,-46, ,
-1, ,-46, ,
1, ,-46, ,
-1, ,-46, ,
-1, ,-46, ,
1, ,-46, ,
1, ,-46, ,
-1, ,-46, ,
1, ,-46, ,
-1, ,-46, ,
-1, ,-46, ,
1, ,-46, ,
1, ,-46, ,
-1, ,-46, ,
1, ,-46, ,
-1, ,-46, ,
-1, ,-46, ,
1, ,-46, ,
1, ,-46, ,
-1, ,-46, ,
2, ,-46, ,
-1, ,-45, ,
-1, ,-46, ,
1, ,-46, ,
1, ,-46, ,
-1, ,-46, ,
1, ,-46, ,
-1, ,-46, ,
-1, ,-46, ,
1, ,-46, ,
1, ,-46, ,
-1, ,-45, ,
2, ,-46, ,
-1, ,-46, ,
-1, ,-46, ,
1, ,-46, ,
1, ,-46, ,
-1, ,-46, ,
1, ,-46, ,
-1, ,-46, ,
-1, ,-46, ,
1, ,-46, ,
59, ,-46, ,
73, ,-46, ,
45, ,-46, ,
27, ,-46, ,
17, ,-46, ,
12, ,-45, ,
8, ,-46, ,
5, ,-46, ,
6, ,-46, ,
3, ,-46, ,
2, ,-46, ,
3, ,-46, ,
2, ,-46, ,
2, ,-46, ,
3, ,-46, ,
2, ,-45, ,
2, ,-46, ,
3, ,-46, ,
3, ,-46, ,
2, ,-46, ,
3, ,-46, ,
2, ,-45, ,
2, ,-46, ,
2, ,-46, ,
3, ,-46, ,
1, ,-46, ,
3, ,-46, ,
2, ,-46, ,
2, ,-46, ,
2, ,-45, ,
3, ,-46, ,
2, ,-46, ,
3, ,-46, ,
2, ,-46, ,
2, ,-46, ,
2, ,-46, ,
2, ,-46, ,
1, ,-46, ,
3, ,-46, ,
2, ,-46, ,
2, ,-46, ,
2, ,-45, ,
2, ,-46, ,
1, ,-46, ,
3, ,-46, ,
2, ,-45, ,
2, ,-46, ,
2, ,-46, ,
3, ,-46, ,
1, ,-45, ,
3, ,-46, ,
2, ,-46, ,
2, ,-46, ,
2, ,-45, ,
3, ,-46, ,
2, ,-46, ,
3, ,-46, ,
2, ,-46, ,
2, ,-46, ,
2, ,-46, ,
2, ,-46, ,
2, ,-46, ,
3, ,-46, ,
2, ,-46, ,
1, ,-46, ,
2, ,-46, ,
3, ,-45, ,
1, ,-46, ,
3, ,-46, ,
2, ,-45, ,
2, ,-46, ,
2, ,-46, ,
2, ,-46, ,
1, ,-46, ,
3, ,-46, ,
2, ,-46, ,
2, ,-46, ,
2, ,-45, ,
2, ,-46, ,
1, ,-46, ,
3, ,-46, ,
2, ,-46, ,
2, ,-46, ,
2, ,-46, ,
2, ,-45, ,
1, ,-46, ,
3, ,-46, ,
2, ,-45, ,
1, ,-46, ,
2, ,-46, ,
2, ,-45, ,
1, ,-46, ,
3, ,-46, ,
2, ,-45, ,
1, ,-46, ,
2, ,-46, ,
2, ,-46, ,
1, ,-46, ,
2, ,-46, ,
2, ,-46, ,
2, ,-46, ,
2, ,-45, ,
2, ,-46, ,
1, ,-46, ,
3, ,-46, ,
1, ,-46, ,
1, ,-46, ,
2, ,-46, ,
2, ,-46, ,
1, ,-46, ,
2, ,-46, ,
2, ,-46, ,
2, ,-46, ,
2, ,-46, ,
2, ,-46, ,
1, ,-46, ,
2, ,-46, ,
2, ,-46, ,
1, ,-46, ,
2, ,-46, ,
2, ,-46, ,
1, ,-46, ,
2, ,-46, ,
1, ,-46, ,
1, ,-46, ,
2, ,-45, ,
2, ,-45, ,
1, ,-46, ,
3, ,-46, ,
1, ,-46, ,
2, ,-46, ,
2, ,-46, ,
2, ,-46, ,
1, ,-46, ,
2, ,-46, ,
2, ,-46, ,
1, ,-46, ,
2, ,-45, ,
2, ,-46, ,
1, ,-46, ,
2, ,-46, ,
2, ,-46, ,
1, ,-46, ,
2, ,-46, ,
2, ,-46, ,
1, ,-45, ,
2, ,-46, ,
1, ,-46, ,
1, ,-46, ,
2, ,-45, ,
2, ,-46, ,
1, ,-46, ,
2, ,-46, ,
1, ,-46, ,
2, ,-46, ,
2, ,-46, ,
2, ,-45, ,
1, ,-46, ,
3, ,-46, ,
1, ,-45, ,
1, ,-46, ,
2, ,-46, ,
2, ,-46, ,
1, ,-46, ,
2, ,-46, ,
2, ,-45, ,
2, ,-46, ,
2, ,-46, ,
2, ,-46, ,
1, ,-46, ,
2, ,-46, ,
1, ,-46, ,
1, ,-46, ,
2, ,-45, ,
2, ,-46, ,
1, ,-46, ,
2, ,-46, ,
1, ,-46, ,
1, ,-46, ,
2, ,-46, ,
2, ,-46, ,
1, ,-45, ,
2, ,-46, ,
1, ,-46, ,
1, ,-46, ,
2, ,-45, ,
2, ,-46, ,
1, ,-46, ,
2, ,-46, ,
1, ,-45, ,
1, ,-46, ,
2, ,-46, ,
2, ,-46, ,
1, ,-46, ,
2, ,-45, ,
1, ,-46, ,
1, ,-46, ,
2, ,-45, ,
2, ,-45, ,
-1, ,-46, ,
2, ,-46, ,
1, ,-45, ,
1, ,-46, ,
2, ,-45, ,
2, ,-46, ,
1, ,-45, ,
2, ,-46, ,
1, ,-45, ,
1, ,-46, ,
2, ,-46, ,
2, ,-46, ,
1, ,-46, ,
2, ,-46, ,
1, ,-45, ,
1, ,-46, ,
2, ,-46, ,
2, ,-45, ,
1, ,-46, ,
2, ,-46, ,
1, ,-45, ,
1, ,-46, ,
2, ,-45, ,
2, ,-45, ,
1, ,-46, ,
2, ,-45, ,
1, ,-46, ,
1, ,-46, ,
2, ,-46, ,
2, ,-46, ,
1, ,-46, ,
2, ,-45, ,
1, ,-45, ,
1, ,-46, ,
2, ,-45, ,
2, ,-45, ,
1, ,-46, ,
2, ,-46, ,
1, ,-45, ,
1, ,-46, ,
2, ,-46, ,
2, ,-46, ,
1, ,-46, ,
2, ,-46, ,
1, ,-46, ,
1, ,-46, ,
2, ,-46, ,
2, ,-45, ,
1, ,-46, ,
2, ,-46, ,
1, ,-46, ,
1, ,-46, ,
2, ,-46, ,
2, ,-46, ,
1, ,-46, ,
2, ,-46, ,
1, ,-46, ,
1, ,-46, ,
2, ,-45, ,
2, ,-45, ,
1, ,-46, ,
2, ,-45, ,
1, ,-46, ,
1, ,-46, ,
2, ,-46, ,
1, ,-46, ,
1, ,-46, ,
2, ,-46, ,
1, ,-46, ,
1, ,-46, ,
1, ,-46, ,
1, ,-45, ,
1, ,-46, ,
2, ,-46, ,
1, ,-46, ,
1, ,-46, ,
2, ,-46, ,
2, ,-45, ,
1, ,-46, ,
2, ,-46, ,
1, ,-46, ,
1, ,-46, ,
2, ,-46, ,
1, ,-46, ,
1, ,-46, ,
2, ,-46, ,
1, ,-45, ,
1, ,-46, ,
2, ,-46, ,
1, ,-46, ,
1, ,-46, ,
2, ,-46, ,
1, ,-46, ,
1, ,-46, ,
2, ,-46, ,
2, ,-46, ,
-1, ,-46, ,
2, ,-46, ,
1, ,-46, ,
1, ,-46, ,
2, ,-46, ,
1, ,-46, ,
1, ,-46, ,
2, ,-46, ,
1, ,-46, ,
1, ,-46, ,
2, ,-45, ,
2, ,-45, ,
1, ,-46, ,
2, ,-46, ,
1, ,-45, ,
1, ,-46, ,
2, ,-46, ,
1, ,-45, ,
1, ,-46, ,
2, ,-46, ,
1, ,-46, ,
1, ,-46, ,
2, ,-46, ,
2, ,-45, ,
1, ,-46, ,
2, ,-46, ,
1, ,-46, ,
1, ,-46, ,
2, ,-46, ,
2, ,-46, ,
-1, ,-46, ,
2, ,-46, ,
1, ,-46, ,
1, ,-46, ,
2, ,-45, ,
2, ,-46, ,
1, ,-46, ,
2, ,-46, ,
1, ,-46, ,
1, ,-46, ,
2, ,-46, ,
1, ,-46, ,
-1, ,-46, ,
2, ,-46, ,
1, ,-45, ,
1, ,-46, ,
2, ,-45, ,
1, ,-46, ,
-1, ,-46, ,
2, ,-46, ,
1, ,-46, ,
1, ,-46, ,
1, ,-46, ,
1, ,-45, ,
-1, ,-46, ,
2, ,-46, ,
1, ,-45, ,
1, ,-46, ,
1, ,-45, ,
1, ,-45, ,
-1, ,-46, ,
2, ,-46, ,
1, ,-46, ,
1, ,-46, ,
1, ,-46, ,
1, ,-46, ,
-1, ,-45, ,
2, ,-46, ,
1, ,-46, ,
1, ,-46, ,
2, ,-46, ,
2, ,-45, ,
1, ,-46, ,
2, ,-46, ,
1, ,-46, ,
1, ,-46, ,
2, ,-46, ,
1, ,-46, ,
-1, ,-46, ,
2, ,-46, ,
1, ,-46, ,
1, ,-46, ,
2, ,-45, ,
1, ,-46, ,
-1, ,-46, ,
2, ,-46, ,
1, ,-45, ,
1, ,-46, ,
2, ,-46, ,
1, ,-46, ,
-1, ,-46, ,
2, ,-46, ,
1, ,-46, ,
1, ,-46, ,
2, ,-45, ,
1, ,-46, ,
1, ,-46, ,
2, ,-46, ,
1, ,-46, ,
1, ,-46, ,
2, ,-46, ,
1, ,-46, ,
-1, ,-46, ,
2, ,-46, ,
1, ,-46, ,
1, ,-46, ,
2, ,-45, ,
1, ,-46, ,
1, ,-46, ,
2, ,-46, ,
1, ,-46, ,
1, ,-46, ,
1, ,-46, ,
1, ,-46, ,
-1, ,-46, ,
2, ,-46, ,
1, ,-46, ,
1, ,-46, ,
2, ,-46, ,
2, ,-46, ,
1, ,-46, ,
2, ,-46, ,
1, ,-46, ,
1, ,-46, ,
2, ,-46, ,
1, ,-46, ,
-1, ,-46, ,
2, ,-46, ,
1, ,-46, ,
1, ,-46, ,
2, ,-46, ,
1, ,-46, ,
-1, ,-46, ,
2, ,-46, ,
1, ,-45, ,
1, ,-46, ,
2, ,-46, ,
1, ,-46, ,
1, ,-46, ,
2, ,-46, ,
1, ,-46, ,
1, ,-46, ,
2, ,-45, ,
1, ,-45, ,
1, ,-46, ,
2, ,-46, ,
1, ,-46, ,
1, ,-46, ,
2, ,-45, ,
1, ,-46, ,
-1, ,-46, ,
2, ,-46, ,
1, ,-46, ,
1, ,-46, ,
2, ,-45, ,
1, ,-46, ,
-1, ,-46, ,
2, ,-46, ,
1, ,-45, ,
1, ,-46, ,
2, ,-45, ,
1, ,-46, ,
-1, ,-46, ,
2, ,-46, ,
1, ,-46, ,
1, ,-46, ,
1, ,-45, ,
1, ,-46, ,
-1, ,-46, ,
2, ,-46, ,
-1, ,-46, ,
-1, ,-46, ,
1, ,-46, ,
2, ,-45, ,
-1, ,-46, ,
2, ,-46, ,
1, ,-46, ,
1, ,-46, ,
1, ,-46, ,
1, ,-46, ,
-1, ,-46, ,
1, ,-46, ,
1, ,-46, ,
1, ,-46, ,
1, ,-45, ,
1, ,-46, ,
-1, ,-46, ,
2, ,-46, ,
1, ,-46, ,
-1, ,-46, ,
1, ,-45, ,
1, ,-45, ,
-1, ,-46, ,
2, ,-46, ,
1, ,-46, ,
1, ,-46, ,
1, ,-46, ,
1, ,-46, ,
-1, ,-46, ,
2, ,-46, ,
-1, ,-45, ,
1, ,-46, ,
1, ,-46, ,
1, ,-45, ,
-1, ,-46, ,
2, ,-46, ,
1, ,-46, ,
1, ,-46, ,
1, ,-46, ,
1, ,-45, ,
-1, ,-46, ,
2, ,-46, ,
1, ,-46, ,
1, ,-46, ,
1, ,-45, ,
1, ,-45, ,
-1, ,-46, ,
2, ,-46, ,
1, ,-46, ,
1, ,-46, ,
2, ,-46, ,
1, ,-46, ,
-1, ,-46, ,
2, ,-46, ,
1, ,-46, ,
-1, ,-46, ,
2, ,-46, ,
1, ,-46, ,
-1, ,-46, ,
1, ,-46, ,
1, ,-46, ,
1, ,-46, ,
2, ,-46, ,
1, ,-43, ,
-1, ,-25, ,
2, ,-7, ,
1, ,6, ,
1, ,17, ,
2, ,25, ,
1, ,31, ,
-1, ,35, ,
2, ,38, ,
1, ,41, ,
1, ,43, ,
1, ,44, ,
1, ,45, ,
-1, ,45, ,
2, ,46, ,
1, ,46, ,
1, ,47, ,
1, ,47, ,
1, ,47, ,
-1, ,47, ,
2, ,47, ,
1, ,47, ,
1, ,47, ,
2, ,47, ,
1, ,47, ,
-1, ,47, ,
2, ,47, ,
1, ,47, ,
1, ,47, ,
2, ,47, ,
1, ,47, ,
-1, ,47, ,
2, ,47, ,
-1, ,47, ,
1, ,47, ,
2, ,46, ,
1, ,46, ,
-1, ,47, ,
2, ,47, ,
1, ,47, ,
1, ,47, ,
1, ,47, ,
1, ,47, ,
-1, ,47, ,
1, ,47, ,
-1, ,47, ,
1, ,47, ,
1, ,46, ,
1, ,46, ,
-1, ,47, ,
2, ,47, ,
-1, ,47, ,
-1, ,47, ,
2, ,46, ,
1, ,46, ,
1, ,47, ,
2, ,46, ,
-1, ,46, ,
1, ,47, ,
2, ,46, ,
1, ,46, ,
-1, ,47, ,
1, ,47, ,
1, ,46, ,
-1, ,46, ,
1, ,46, ,
1, ,46, ,
-1, ,47, ,
1, ,46, ,
1, ,46, ,
1, ,47, ,
1, ,46, ,
1, ,46, ,
-1, ,47, ,
2, ,47, ,
1, ,47, ,
1, ,46, ,
1, ,46, ,
1, ,46, ,
-1, ,47, ,
2, ,47, ,
1, ,46, ,
-1, ,47, ,
2, ,46, ,
1, ,46, ,
-1, ,47, ,
2, ,47, ,
1, ,46, ,
-1, ,46, ,
1, ,46, ,
1, ,46, ,
-1, ,47, ,
2, ,46, ,
1, ,46, ,
1, ,47, ,
1, ,46, ,
1, ,46, ,
-1, ,47, ,
2, ,47, ,
1, ,46, ,
1, ,46, ,
1, ,46, ,
1, ,46, ,
-1, ,46, ,
2, ,46, ,
1, ,46, ,
1, ,47, ,
1, ,46, ,
1, ,46, ,
-1, ,46, ,
2, ,46, ,
1, ,46, ,
1, ,47, ,
1, ,46, ,
1, ,46, ,
-1, ,46, ,
2, ,47, ,
1, ,46, ,
1, ,47, ,
2, ,46, ,
1, ,46, ,
-1, ,47, ,
2, ,47, ,
1, ,46, ,
1, ,46, ,
1, ,46, ,
1, ,46, ,
-1, ,46, ,
2, ,47, ,
1, ,46, ,
-1, ,47, ,
2, ,46, ,
1, ,46, ,
-1, ,47, ,
2, ,47, ,
1, ,46, ,
1, ,46, ,
1, ,46, ,
1, ,46, ,
-1, ,47, ,
2, ,46, ,
1, ,46, ,
1, ,46, ,
2, ,46, ,
1, ,46, ,
-1, ,47, ,
2, ,47, ,
-1, ,46, ,
1, ,47, ,
2, ,46, ,
1, ,46, ,
-1, ,47, ,
2, ,46, ,
1, ,46, ,
1, ,46, ,
1, ,35, ,
1, ,15, ,
-1, ,-1, ,
1, ,-13, ,
1, ,-21, ,
-1, ,-27, ,
1, ,-33, ,
1, ,-36, ,
-1, ,-39, ,
2, ,-41, ,
1, ,-42, ,
1, ,-44, ,
1, ,-44, ,
1, ,-45, ,
-1, ,-45, ,
2, ,-46, ,
-1, ,-46, ,
1, ,-47, ,
1, ,-45, ,
1, ,-46, ,
-1, ,-47, ,
1, ,-46, ,
1, ,-46, ,
-1, ,-46, ,
1, ,-46, ,
1, ,-46, ,
-1, ,-46, ,
2, ,-46, ,
1, ,-46, ,
1, ,-46, ,
1, ,-46, ,
1, ,-46, ,
-1, ,-46, ,
1, ,-46, ,
-1, ,-46, ,
1, ,-46, ,
1, ,-46, ,
1, ,-46, ,
-1, ,-46, ,
2, ,-46, ,
1, ,-46, ,
1, ,-46, ,
1, ,-46, ,
1, ,-46, ,
-1, ,-46, ,
1, ,-46, ,
-1, ,-45, ,
1, ,-46, ,
1, ,-46, ,
1, ,-45, ,
-1, ,-46, ,
1, ,-46, ,
1, ,-46, ,
1, ,-46, ,
1, ,-45, ,
1, ,-46, ,
-1, ,-46, ,
1, ,-46, ,
-1, ,-45, ,
1, ,-46, ,
1, ,-46, ,
1, ,-46, ,
-1, ,-46, ,
1, ,-46, ,
-1, ,-46, ,
1, ,-46, ,
1, ,-45, ,
1, ,-46, ,
-1, ,-46, ,
1, ,-46, ,
-1, ,-46, ,
-1, ,-46, ,
1, ,-46, ,
1, ,-46, ,
-1, ,-46, ,
1, ,-46, ,
-1, ,-45, ,
-1, ,-46, ,
1, ,-45, ,
1, ,-46, ,
-1, ,-46, ,
1, ,-45, ,
-1, ,-45, ,
-1, ,-46, ,
1, ,-45, ,
1, ,-46, ,
-1, ,-46, ,
2, ,-46, ,
1, ,-46, ,
-1, ,-46, ,
1, ,-45, ,
1, ,-45, ,
-1, ,-46, ,
1, ,-46, ,
-1, ,-46, ,
1, ,-46, ,
1, ,-45, ,
1, ,-46, ,
-1, ,-46, ,
2, ,-45, ,
1, ,-46, ,
-1, ,-46, ,
1, ,-45, ,
1, ,-46, ,
-1, ,-46, ,
1, ,-45, ,
-1, ,-45, ,
1, ,-46, ,
2, ,-46, ,
1, ,-46, ,
-1, ,-46, ,
1, ,-46, ,
1, ,-45, ,
-1, ,-46, ,
1, ,-45, ,
1, ,-46, ,
-1, ,-46, ,
1, ,-45, ,
-1, ,-45, ,
1, ,-46, ,
1, ,-46, ,
1, ,-45, ,
-1, ,-46, ,
1, ,-46, ,
-1, ,-46, ,
1, ,-46, ,
1, ,-46, ,
1, ,-46, ,
-1, ,-46, ,
1, ,-45, ,
-1, ,-45, ,
-1, ,-45, ,
1, ,-46, ,
1, ,-46, ,
-1, ,-45, ,
2, ,-46, ,
1, ,-45, ,
1, ,-46, ,
1, ,-45, ,
1, ,-45, ,
-1, ,-46, ,
1, ,-45, ,
-1, ,-45, ,
1, ,-46, ,
1, ,-46, ,
1, ,-45, ,
-1, ,-46, ,
1, ,-45, ,
-1, ,-45, ,
-1, ,-46, ,
2, ,-45, ,
1, ,-45, ,
-1, ,-46, ,
1, ,-45, ,
-1, ,-46, ,
-1, ,-46, ,
1, ,-46, ,
1, ,-46, ,
-1, ,-46, ,
1, ,-46, ,
-1, ,-45, ,
-1, ,-46, ,
1, ,-45, ,
1, ,-45, ,
-1, ,-46, ,
1, ,-46, ,
-1, ,-45, ,
-1, ,-46, ,
1, ,-46, ,
1, ,-46, ,
-1, ,-46, ,
1, ,-45, ,
-1, ,-46, ,
-1, ,-46, ,
1, ,-45, ,
1, ,-45, ,
-1, ,-45, ,
1, ,-46, ,
-1, ,-46, ,
-1, ,-46, ,
1, ,-45, ,
1, ,-46, ,
-1, ,-46, ,
1, ,-46, ,
-1, ,-46, ,
-1, ,-46, ,
1, ,-45, ,
1, ,-45, ,
-1, ,-46, ,
1, ,-45, ,
-1, ,-46, ,
-1, ,-46, ,
-1, ,-46, ,
1, ,-45, ,
-1, ,-46, ,
1, ,-46, ,
-1, ,-45, ,
-1, ,-46, ,
1, ,-45, ,
1, ,-46, ,
-1, ,-46, ,
1, ,-45, ,
-1, ,-45, ,
-1, ,-45, ,
1, ,-46, ,
1, ,-45, ,
-1, ,-46, ,
2, ,-46, ,
-1, ,-45, ,
-1, ,-46, ,
1, ,-45, ,
1, ,-46, ,
-1, ,-46, ,
1, ,-46, ,
-1, ,-46, ,
-1, ,-46, ,
1, ,-45, ,
1, ,-46, ,
-1, ,-45, ,
1, ,-45, ,
-1, ,-45, ,
-1, ,-46, ,
1, ,-45, ,
1, ,-45, ,
-1, ,-46, ,
1, ,-45, ,
-1, ,-45, ,
-1, ,-46, ,
1, ,-45, ,
1, ,-45, ,
-1, ,-45, ,
1, ,-46, ,
-1, ,-45, ,
-1, ,-46, ,
1, ,-45, ,
1, ,-46, ,
-1, ,-46, ,
1, ,-46, ,
-1, ,-45, ,
1, ,-46, ,
1, ,-45, ,
1, ,-46, ,
-1, ,-46, ,
1, ,-46, ,
-1, ,-46, ,
-1, ,-46, ,
1, ,-45, ,
1, ,-46, ,
-1, ,-46, ,
2, ,-46, ,
-1, ,-45, ,
-1, ,-46, ,
1, ,-45, ,
1, ,-46, ,
-1, ,-46, ,
1, ,-46, ,
-1, ,-46, ,
-1, ,-46, ,
1, ,-45, ,
1, ,-46, ,
-1, ,-46, ,
1, ,-45, ,
-1, ,-45, ,
-1, ,-46, ,
1, ,-45, ,
1, ,-46, ,
-1, ,-46, ,
1, ,-46, ,
1, ,-45, ,
-1, ,-46, ,
1, ,-46, ,
1, ,-46, ,
-1, ,-45, ,
1, ,-46, ,
-1, ,-45, ,
-1, ,-46, ,
1, ,-45, ,
1, ,-46, ,
-1, ,-46, ,
1, ,-46, ,
1, ,-45, ,
-1, ,-46, ,
1, ,-46, ,
1, ,-45, ,
-1, ,-46, ,
1, ,-45, ,
-1, ,-45, ,
-1, ,-46, ,
1, ,-46, ,
1, ,-46, ,
-1, ,-46, ,
1, ,-46, ,
-1, ,-45, ,
-1, ,-46, ,
1, ,-45, ,
1, ,-45, ,
-1, ,-45, ,
1, ,-45, ,
-1, ,-46, ,
-1, ,-46, ,
1, ,-45, ,
1, ,-46, ,
-1, ,-45, ,
1, ,-46, ,
-1, ,-45, ,
-1, ,-46, ,
1, ,-46, ,
1, ,-45, ,
-1, ,-46, ,
1, ,-46, ,
-1, ,-45, ,
-1, ,-46, ,
1, ,-46, ,
1, ,-46, ,
-1, ,-45, ,
1, ,-45, ,
-1, ,-46, ,
-1, ,-46, ,
1, ,-45, ,
1, ,-46, ,
-1, ,-46, ,
1, ,-45, ,
-1, ,-45, ,
-1, ,-46, ,
1, ,-45, ,
1, ,-45, ,
-1, ,-46, ,
1, ,-46, ,
-1, ,-45, ,
-1, ,-46, ,
1, ,-45, ,
1, ,-46, ,
-1, ,-46, ,
1, ,-46, ,
-1, ,-46, ,
-1, ,-46, ,
1, ,-45, ,
1, ,-45, ,
-1, ,-45, ,
1, ,-45, ,
-1, ,-45, ,
-1, ,-46, ,
1, ,-46, ,
1, ,-46, ,
-1, ,-45, ,
1, ,-45, ,
-1, ,-45, ,
-1, ,-46, ,
1, ,-46, ,
1, ,-46, ,
-1, ,-46, ,
1, ,-46, ,
-1, ,-45, ,
-1, ,-46, ,
1, ,-46, ,
1, ,-45, ,
-1, ,-46, ,
1, ,-45, ,
-1, ,-46, ,
-1, ,-46, ,
1, ,-46, ,
1, ,-46, ,
-1, ,-45, ,
1, ,-46, ,
-1, ,-45, ,
-1, ,-46, ,
1, ,-45, ,
1, ,-46, ,
-1, ,-45, ,
2, ,-45, ,
-1, ,-46, ,
-1, ,-46, ,
1, ,-46, ,
1, ,-45, ,
-1, ,-45, ,
1, ,-46, ,
1, ,-45, ,
-1, ,-46, ,
1, ,-45, ,
1, ,-46, ,
-1, ,-45, ,
1, ,-46, ,
-1, ,-46, ,
-1, ,-46, ,
1, ,-45, ,
1, ,-45, ,
-1, ,-46, ,
1, ,-46, ,
-1, ,-45, ,
-1, ,-46, ,
1, ,-46, ,
1, ,-46, ,
-1, ,-45, ,
1, ,-46, ,
-1, ,-45, ,
-1, ,-46, ,
1, ,-46, ,
2, ,-45, ,
-1, ,-45, ,
1, ,-46, ,
-1, ,-45, ,
-1, ,-46, ,
1, ,-46, ,
1, ,-45, ,
-1, ,-46, ,
1, ,-45, ,
-1, ,-46, ,
-1, ,-46, ,
1, ,-46, ,
1, ,-46, ,
-1, ,-46, ,
1, ,-46, ,
1, ,-45, ,
-1, ,-46, ,
1, ,-46, ,
1, ,-45, ,
-1, ,-46, ,
1, ,-46, ,
-1, ,-45, ,
1, ,-46, ,
1, ,-46, ,
1, ,-45, ,
-1, ,-46, ,
1, ,-45, ,
-1, ,-46, ,
-1, ,-46, ,
1, ,-46, ,
1, ,-46, ,
-1, ,-46, ,
1, ,-45, ,
-1, ,-45, ,
-1, ,-46, ,
1, ,-46, ,
1, ,-46, ,
-1, ,-46, ,
1, ,-45, ,
-1, ,-45, ,
-1, ,-46, ,
1, ,-45, ,
1, ,-46, ,
-1, ,-46, ,
1, ,-46, ,
-1, ,-46, ,
-1, ,-46, ,
1, ,-46, ,
1, ,-46, ,
-1, ,-45, ,
1, ,-46, ,
-1, ,-45, ,
-1, ,-46, ,
1, ,-46, ,
1, ,-46, ,
-1, ,-46, ,
1, ,-45, ,
-1, ,-45, ,
-1, ,-46, ,
1, ,-46, ,
1, ,-45, ,
-1, ,-46, ,
1, ,-46, ,
-1, ,-45, ,
-1, ,-46, ,
1, ,-45, ,
1, ,-46, ,
-1, ,-46, ,
1, ,-45, ,
-1, ,-45, ,
-1, ,-46, ,
1, ,-46, ,
1, ,-46, ,
-2, ,-45, ,
1, ,-45, ,
-1, ,-46, ,
1, ,-46, ,
1, ,-46, ,
1, ,-45, ,
-1, ,-46, ,
1, ,-46, ,
-1, ,-45, ,
-1, ,-46, ,
1, ,-45, ,
1, ,-46, ,
-1, ,-46, ,
1, ,-46, ,
-1, ,-45, ,
-1, ,-46, ,
1, ,-46, ,
1, ,-46, ,
-1, ,-46, ,
1, ,-45, ,
-1, ,-45, ,
-1, ,-46, ,
1, ,-46, ,
1, ,-46, ,
-1, ,-46, ,
1, ,-46, ,
-1, ,-45, ,
-1, ,-46, ,
1, ,-46, ,
1, ,-46, ,
-1, ,-46, ,
1, ,-46, ,
-1, ,-46, ,
-1, ,-46, ,
1, ,-46, ,
1, ,-45, ,
-1, ,-45, ,
1, ,-46, ,
-1, ,-46, ,
-1, ,-46, ,
1, ,-46, ,
1, ,-45, ,
-1, ,-46, ,
1, ,-46, ,
1, ,-45, ,
-1, ,-46, ,
1, ,-46, ,
1, ,-46, ,
-1, ,-46, ,
1, ,-46, ,
-1, ,-45, ,
1, ,-46, ,
1, ,-46, ,
1, ,-45, ,
-1, ,-45, ,
1, ,-46, ,
1, ,-46, ,
-1, ,-46, ,
1, ,-46, ,
1, ,-46, ,
-1, ,-46, ,
1, ,-46, ,
-1, ,-45, ,
-1, ,-46, ,
1, ,-45, ,
1, ,-46, ,
-1, ,-46, ,
1, ,-46, ,
-1, ,-46, ,
-1, ,-46, ,
1, ,-46, ,
1, ,-46, ,
-1, ,-45, ,
1, ,-46, ,
-1, ,-45, ,
-1, ,-46, ,
1, ,-46, ,
1, ,-46, ,
-1, ,-46, ,
1, ,-46, ,
-1, ,-45, ,
-1, ,-46, ,
1, ,-46, ,
1, ,-45, ,
-1, ,-46, ,
1, ,-46, ,
-1, ,-45, ,
-1, ,-46, ,
1, ,-46, ,
1, ,-45, ,
-1, ,-46, ,
1, ,-45, ,
-1, ,-46, ,
-1, ,-46, ,
1, ,-46, ,
1, ,-46, ,
-1, ,-46, ,
1, ,-46, ,
-1, ,-45, ,
-1, ,-46, ,
1, ,-46, ,
1, ,-46, ,
-1, ,-45, ,
1, ,-45, ,
-1, ,-46, ,
-1, ,-46, ,
1, ,-46, ,
1, ,-45, ,
-1, ,-46, ,
2, ,-45, ,
-1, ,-45, ,
-1, ,-46, ,
1, ,-46, ,
1, ,-46, ,
-1, ,-46, ,
1, ,-45, ,
-1, ,-45, ,
-1, ,-46, ,
1, ,-46, ,
1, ,-45, ,
-1, ,-46, ,
2, ,-45, ,
1, ,-46, ,
-1, ,-46, ,
1, ,-46, ,
1, ,-46, ,
-1, ,-46, ,
1, ,-46, ,
-1, ,-46, ,
1, ,-46, ,
-1, ,-46, ,
1, ,-46, ,
-1, ,-45, ,
1, ,-45, ,
-1, ,-46, ,
-1, ,-46, ,
1, ,-45, ,
1, ,-46, ,
-1, ,-46, ,
1, ,-46, ,
-1, ,-45, ,
-1, ,-46, ,
1, ,-46, ,
1, ,-46, ,
-1, ,-45, ,
1, ,-45, ,
-1, ,-46, ,
-1, ,-46, ,
1, ,-45, ,
1, ,-46, ,
-1, ,-46, ,
1, ,-46, ,
-1, ,-46, ,
-1, ,-46, ,
1, ,-46, ,
1, ,-46, ,
-1, ,-45, ,
1, ,-31, ,
1, ,-12, ,
1, ,4, ,
1, ,15, ,
1, ,24, ,
-1, ,30, ,
1, ,34, ,
-1, ,38, ,
1, ,40, ,
1, ,42, ,
-1, ,43, ,
-1, ,45, ,
2, ,45, ,
-1, ,46, ,
-1, ,46, ,
1, ,46, ,
1, ,47, ,
-1, ,47, ,
2, ,47, ,
-1, ,47, ,
-1, ,47, ,
1, ,47, ,
1, ,47, ,
-1, ,47, ,
1, ,47, ,
-1, ,47, ,
-1, ,47, ,
1, ,47, ,
1, ,47, ,
-1, ,47, ,
1, ,47, ,
-1, ,47, ,
-1, ,47, ,
1, ,47, ,
1, ,46, ,
-1, ,47, ,
1, ,46, ,
-1, ,47, ,
-1, ,47, ,
1, ,47, ,
1, ,47, ,
-1, ,46, ,
1, ,46, ,
-1, ,46, ,
-1, ,47, ,
1, ,46, ,
1, ,46, ,
-1, ,47, ,
2, ,47, ,
-1, ,46, ,
-1, ,47, ,
1, ,47, ,
1, ,47, ,
-1, ,47, ,
2, ,46, ,
-1, ,46, ,
-1, ,47, ,
1, ,46, ,
1, ,46, ,
-1, ,47, ,
1, ,47, ,
-1, ,46, ,
-1, ,46, ,
1, ,46, ,
1, ,46, ,
-1, ,47, ,
2, ,46, ,
-1, ,46, ,
-1, ,47, ,
1, ,46, ,
1, ,46, ,
-1, ,47, ,
2, ,47, ,
-1, ,46, ,
-1, ,47, ,
1, ,46, ,
1, ,46, ,
-1, ,46, ,
1, ,47, ,
-1, ,46, ,
-1, ,47, ,
1, ,46, ,
1, ,46, ,
-1, ,46, ,
2, ,47, ,
-1, ,47, ,
-1, ,47, ,
1, ,46, ,
1, ,46, ,
-1, ,46, ,
1, ,46, ,
-1, ,46, ,
-1, ,47, ,
1, ,46, ,
1, ,46, ,
-1, ,47, ,
2, ,46, ,
-1, ,46, ,
-1, ,47, ,
1, ,46, ,
1, ,46, ,
-1, ,46, ,
1, ,46, ,
-1, ,46, ,
-1, ,47, ,
1, ,46, ,
1, ,46, ,
-1, ,46, ,
1, ,47, ,
-1, ,46, ,
-1, ,47, ,
1, ,46, ,
1, ,46, ,
-1, ,46, ,
1, ,46, ,
-1, ,46, ,
-1, ,47, ,
1, ,46, ,
1, ,46, ,
-1, ,46, ,
1, ,47, ,
-1, ,46, ,
-1, ,46, ,
1, ,46, ,
1, ,46, ,
-1, ,46, ,
2, ,46, ,
-1, ,46, ,
-1, ,47, ,
1, ,46, ,
1, ,46, ,
-1, ,47, ,
1, ,47, ,
-1, ,46, ,
-1, ,47, ,
1, ,46, ,
-1, ,46, ,
-1, ,47, ,
2, ,46, ,
-1, ,46, ,
-1, ,46, ,
1, ,46, ,
1, ,46, ,
-2, ,46, ,
1, ,46, ,
-1, ,46, ,
-1, ,46, ,
1, ,46, ,
1, ,46, ,
-1, ,46, ,
1, ,46, ,
-1, ,46, ,
-1, ,47, ,
1, ,46, ,
1, ,40, ,
-1, ,20, ,
1, ,3, ,
-1, ,-9, ,
-1, ,-19, ,
1, ,-26, ,
1, ,-32, ,
-1, ,-36, ,
1, ,-39, ,
-1, ,-40, ,
-1, ,-42, ,
1, ,-43, ,
1, ,-44, ,
-1, ,-45, ,
1, ,-45, ,
-1, ,-45, ,
-1, ,-46, ,
1, ,-46, ,
1, ,-46, ,
-1, ,-46, ,
1, ,-46, ,
-1, ,-46, ,
-1, ,-47, ,
1, ,-46, ,
1, ,-46, ,
-1, ,-46, ,
1, ,-46, ,
-1, ,-46, ,
1, ,-47, ,
1, ,-46, ,
1, ,-46, ,
-1, ,-46, ,
1, ,-46, ,
-1, ,-46, ,
-1, ,-46, ,
1, ,-46, ,
1, ,-46, ,
-1, ,-46, ,
1, ,-46, ,
1, ,-46, ,
-1, ,-46, ,
1, ,-46, ,
1, ,-46, ,
-1, ,-46, ,
1, ,-46, ,
-1, ,-46, ,
-1, ,-46, ,
1, ,-46, ,
1, ,-46, ,
-1, ,-46, ,
1, ,-46, ,
1, ,-46, ,
-1, ,-46, ,
1, ,-46, ,
1, ,-46, ,
-1, ,-46, ,
1, ,-46, ,
-1, ,-46, ,
1, ,-46, ,
1, ,-46, ,
1, ,-46, ,
-1, ,-46, ,
1, ,-46, ,
-1, ,-45, ,
-1, ,-46, ,
1, ,-46, ,
1, ,-46, ,
-1, ,-46, ,
2, ,-46, ,
-1, ,-45, ,
-1, ,-46, ,
1, ,-46, ,
1, ,-46, ,
-1, ,-46, ,
1, ,-46, ,
-1, ,-46, ,
-1, ,-46, ,
1, ,-46, ,
1, ,-46, ,
-1, ,-46, ,
1, ,-46, ,
-1, ,-46, ,
-1, ,-46, ,
1, ,-46, ,
1, ,-46, ,
-1, ,-46, ,
1, ,-46, ,
-1, ,-45, ,
-1, ,-46, ,
-1, ,-46, ,
1, ,-46, ,
-1, ,-46, ,
1, ,-46, ,
-1, ,-46, ,
-1, ,-46, ,
1, ,-46, ,
1, ,-46, ,
-1, ,-46, ,
1, ,-46, ,
-1, ,-45, ,
-1, ,-46, ,
1, ,-45, ,
1, ,-46, ,
-1, ,-46, ,
1, ,-46, ,
-1, ,-46, ,
-1, ,-46, ,
1, ,-46, ,
1, ,-46, ,
-1, ,-46, ,
1, ,-45, ,
-1, ,-46, ,
-1, ,-46, ,
1, ,-46, ,
1, ,-46, ,
-1, ,-46, ,
1, ,-46, ,
-1, ,-46, ,
-1, ,-46, ,
1, ,-46, ,
1, ,-46, ,
-1, ,-46, ,
1, ,-46, ,
-1, ,-46, ,
-1, ,-46, ,
1, ,-46, ,
1, ,-46, ,
-1, ,-46, ,
1, ,-46, ,
-1, ,-45, ,
-1, ,-46, ,
1, ,-46, ,
1, ,-45, ,
-1, ,-46, ,
1, ,-46, ,
-1, ,-45, ,
-1, ,-46, ,
1, ,-46, ,
1, ,-45, ,
-1, ,-46, ,
1, ,-46, ,
-1, ,-46, ,
-1, ,-46, ,
1, ,-46, ,
1, ,-46, ,
-1, ,-46, ,
1, ,-46, ,
-1, ,-46, ,
-1, ,-46, ,
1, ,-45, ,
1, ,-46, ,
-1, ,-46, ,
1, ,-46, ,
-1, ,-46, ,
-1, ,-46, ,
1, ,-46, ,
1, ,-45, ,
-1, ,-45, ,
1, ,-46, ,
-1, ,-46, ,
-1, ,-46, ,
1, ,-46, ,
1, ,-46, ,
-1, ,-46, ,
1, ,-45, ,
-1, ,-46, ,
-1, ,-46, ,
1, ,-46, ,
1, ,-46, ,
-1, ,-46, ,
1, ,-46, ,
-1, ,-46, ,
-1, ,-46, ,
1, ,-46, ,
1, ,-46, ,
-1, ,-46, ,
1, ,-46, ,
-1, ,-46, ,
-1, ,-46, ,
1, ,-46, ,
1, ,-45, ,
-1, ,-46, ,
1, ,-45, ,
1, ,-46, ,
-1, ,-46, ,
1, ,-46, ,
1, ,-46, ,
-1, ,-46, ,
1, ,-46, ,
-1, ,-46, ,
-1, ,-46, ,
1, ,-46, ,
1, ,-46, ,
-1, ,-46, ,
1, ,-46, ,
-1, ,-46, ,
-1, ,-46, ,
1, ,-45, ,
1, ,-45, ,
-1, ,-46, ,
1, ,-46, ,
-1, ,-45, ,
-1, ,-46, ,
1, ,-46, ,
1, ,-45, ,
-1, ,-46, ,
1, ,-46, ,
-1, ,-45, ,
-1, ,-46, ,
1, ,-46, ,
1, ,-45, ,
-1, ,-46, ,
1, ,-46, ,
-1, ,-46, ,
-1, ,-45, ,
1, ,-46, ,
1, ,-45, ,
-1, ,-46, ,
1, ,-46, ,
-1, ,-46, ,
-1, ,-46, ,
1, ,-45, ,
1, ,-46, ,
-1, ,-46, ,
1, ,-46, ,
-1, ,-46, ,
-1, ,-46, ,
1, ,-46, ,
1, ,-46, ,
-1, ,-46, ,
1, ,-46, ,
-1, ,-46, ,
-1, ,-46, ,
1, ,-45, ,
1, ,-46, ,
-1, ,-46, ,
1, ,-46, ,
-1, ,-46, ,
-1, ,-46, ,
1, ,-46, ,
1, ,-45, ,
-1, ,-46, ,
1, ,-46, ,
-1, ,-46, ,
-1, ,-46, ,
1, ,-46, ,
1, ,-45, ,
-1, ,-45, ,
1, ,-46, ,
-1, ,-46, ,
-1, ,-46, ,
1, ,-45, ,
1, ,-45, ,
-1, ,-45, ,
1, ,-46, ,
-1, ,-46, ,
-1, ,-46, ,
1, ,-46, ,
1, ,-45, ,
-1, ,-46, ,
1, ,-46, ,
-1, ,-45, ,
-1, ,-46, ,
1, ,-46, ,
1, ,-46, ,
-1, ,-46, ,
1, ,-46, ,
-1, ,-46, ,
-1, ,-46, ,
1, ,-45, ,
1, ,-45, ,
-1, ,-46, ,
1, ,-45, ,
-1, ,-46, ,
-1, ,-46, ,
1, ,-46, ,
1, ,-46, ,
-1, ,-46, ,
1, ,-46, ,
-1, ,-46, ,
-1, ,-46, ,
1, ,-45, ,
1, ,-45, ,
-1, ,-46, ,
1, ,-46, ,
-1, ,-46, ,
-1, ,-46, ,
1, ,-45, ,
1, ,-45, ,
-1, ,-46, ,
1, ,-45, ,
-1, ,-46, ,
-1, ,-46, ,
1, ,-45, ,
1, ,-46, ,
-1, ,-46, ,
1, ,-46, ,
-1, ,-46, ,
-1, ,-45, ,
1, ,-45, ,
1, ,-46, ,
-1, ,-45, ,
1, ,-46, ,
-1, ,-46, ,
-1, ,-46, ,
1, ,-45, ,
1, ,-45, ,
-1, ,-46, ,
1, ,-46, ,
-1, ,-45, ,
-1, ,-46, ,
1, ,-46, ,
1, ,-46, ,
-1, ,-45, ,
1, ,-46, ,
1, ,-46, ,
-1, ,-46, ,
-1, ,-45, ,
1, ,-46, ,
-1, ,-46, ,
1, ,-46, ,
-1, ,-45, ,
-1, ,-45, ,
1, ,-46, ,
1, ,-46, ,
-1, ,-45, ,
1, ,-46, ,
-1, ,-46, ,
-1, ,-46, ,
1, ,-45, ,
1, ,-46, ,
-1, ,-46, ,
1, ,-46, ,
-1, ,-45, ,
-1, ,-46, ,
1, ,-45, ,
1, ,-46, ,
-1, ,-45, ,
1, ,-46, ,
-1, ,-46, ,
-1, ,-46, ,
1, ,-45, ,
1, ,-45, ,
-1, ,-46, ,
1, ,-46, ,
-1, ,-46, ,
-1, ,-46, ,
1, ,-45, ,
1, ,-46, ,
-1, ,-46, ,
1, ,-45, ,
-1, ,-46, ,
-1, ,-46, ,
1, ,-46, ,
1, ,-46, ,
-1, ,-46, ,
1, ,-46, ,
-1, ,-45, ,
-1, ,-45, ,
1, ,-45, ,
1, ,-46, ,
-1, ,-45, ,
1, ,-46, ,
-1, ,-46, ,
-1, ,-46, ,
1, ,-45, ,
1, ,-45, ,
-1, ,-46, ,
1, ,-46, ,
-1, ,-46, ,
-1, ,-46, ,
1, ,-45, ,
1, ,-46, ,
-1, ,-46, ,
1, ,-45, ,
-1, ,-46, ,
-1, ,-46, ,
1, ,-45, ,
1, ,-46, ,
-1, ,-46, ,
1, ,-45, ,
-1, ,-46, ,
-1, ,-46, ,
1, ,-46, ,
1, ,-46, ,
-1, ,-46, ,
1, ,-45, ,
-1, ,-46, ,
-1, ,-46, ,
1, ,-45, ,
1, ,-45, ,
-1, ,-46, ,
1, ,-45, ,
-1, ,-45, ,
-1, ,-46, ,
1, ,-46, ,
1, ,-45, ,
-1, ,-45, ,
1, ,-45, ,
1, ,-45, ,
-1, ,-46, ,
1, ,-45, ,
1, ,-46, ,
-1, ,-46, ,
1, ,-45, ,
-1, ,-46, ,
-1, ,-46, ,
1, ,-46, ,
1, ,-45, ,
-1, ,-46, ,
1, ,-46, ,
-1, ,-45, ,
-1, ,-46, ,
1, ,-45, ,
1, ,-46, ,
-1, ,-46, ,
1, ,-46, ,
-1, ,-45, ,
-1, ,-46, ,
1, ,-46, ,
1, ,-45, ,
-1, ,-46, ,
1, ,-46, ,
-1, ,-46, ,
-1, ,-46, ,
1, ,-45, ,
1, ,-46, ,
-1, ,-46, ,
1, ,-45, ,
-1, ,-46, ,
-1, ,-46, ,
1, ,-45, ,
1, ,-46, ,
-1, ,-46, ,
1, ,-46, ,
-1, ,-45, ,
-1, ,-46, ,
1, ,-45, ,
1, ,-46, ,
-1, ,-46, ,
2, ,-45, ,
-1, ,-45, ,
-1, ,-46, ,
1, ,-45, ,
1, ,-46, ,
-1, ,-45, ,
1, ,-46, ,
-1, ,-46, ,
-1, ,-46, ,
1, ,-45, ,
1, ,-45, ,
-1, ,-46, ,
1, ,-46, ,
-1, ,-45, ,
-1, ,-46, ,
1, ,-45, ,
1, ,-46, ,
-1, ,-45, ,
1, ,-46, ,
-1, ,-45, ,
-1, ,-46, ,
1, ,-45, ,
1, ,-46, ,
-1, ,-45, ,
1, ,-45, ,
-1, ,-45, ,
-1, ,-46, ,
1, ,-46, ,
1, ,-45, ,
-1, ,-45, ,
1, ,-45, ,
-1, ,-45, ,
-1, ,-46, ,
1, ,-45, ,
1, ,-45, ,
-1, ,-46, ,
1, ,-45, ,
-1, ,-46, ,
-1, ,-46, ,
1, ,-46, ,
1, ,-46, ,
-1, ,-46, ,
1, ,-46, ,
-1, ,-46, ,
-1, ,-46, ,
1, ,-45, ,
1, ,-45, ,
-1, ,-46, ,
1, ,-45, ,
-1, ,-45, ,
-1, ,-46, ,
1, ,-45, ,
1, ,-46, ,
-1, ,-45, ,
1, ,-45, ,
-1, ,-45, ,
-1, ,-46, ,
1, ,-45, ,
1, ,-46, ,
-1, ,-46, ,
1, ,-45, ,
-1, ,-45, ,
-1, ,-46, ,
1, ,-46, ,
1, ,-46, ,
-1, ,-46, ,
1, ,-46, ,
-1, ,-45, ,
-1, ,-46, ,
1, ,-45, ,
1, ,-45, ,
-1, ,-46, ,
1, ,-45, ,
-1, ,-45, ,
-1, ,-46, ,
1, ,-46, ,
1, ,-46, ,
-1, ,-45, ,
1, ,-45, ,
-1, ,-45, ,
-1, ,-46, ,
1, ,-45, ,
1, ,-45, ,
-1, ,-46, ,
1, ,-46, ,
-1, ,-45, ,
-1, ,-46, ,
1, ,-45, ,
1, ,-46, ,
-1, ,-45, ,
1, ,-46, ,
-1, ,-45, ,
-1, ,-46, ,
1, ,-45, ,
1, ,-46, ,
-1, ,-46, ,
1, ,-46, ,
-1, ,-45, ,
-1, ,-46, ,
1, ,-46, ,
1, ,-45, ,
-1, ,-45, ,
1, ,-45, ,
-1, ,-45, ,
1, ,-46, ,
1, ,-45, ,
1, ,-46, ,
-1, ,-46, ,
1, ,-46, ,
-1, ,-45, ,
-1, ,-46, ,
1, ,-45, ,
1, ,-45, ,
-1, ,-46, ,
1, ,-46, ,
-1, ,-46, ,
-1, ,-46, ,
1, ,-45, ,
1, ,-46, ,
-1, ,-46, ,
1, ,-45, ,
-1, ,-46, ,
-1, ,-46, ,
1, ,-46, ,
1, ,-46, ,
-1, ,-45, ,
1, ,-46, ,
-1, ,-46, ,
-1, ,-46, ,
1, ,-45, ,
1, ,-46, ,
-1, ,-46, ,
1, ,-46, ,
-1, ,-45, ,
-1, ,-46, ,
1, ,-45, ,
1, ,-46, ,
-1, ,-45, ,
1, ,-46, ,
-1, ,-46, ,
-1, ,-46, ,
1, ,-46, ,
1, ,-46, ,
-1, ,-46, ,
1, ,-46, ,
-1, ,-45, ,
-1, ,-46, ,
1, ,-46, ,
1, ,-45, ,
-1, ,-45, ,
1, ,-46, ,
-1, ,-45, ,
-1, ,-46, ,
1, ,-46, ,
1, ,-46, ,
-1, ,-46, ,
1, ,-46, ,
-1, ,-45, ,
-1, ,-46, ,
1, ,-46, ,
1, ,-46, ,
-1, ,-45, ,
1, ,-46, ,
-1, ,-45, ,
-1, ,-46, ,
1, ,-45, ,
1, ,-46, ,
-1, ,-46, ,
1, ,-45, ,
1, ,-45, ,
-1, ,-46, ,
1, ,-45, ,
1, ,-46, ,
-1, ,-46, ,
1, ,-46, ,
-1, ,-46, ,
-1, ,-46, ,
-1, ,-45, ,
1, ,-46, ,
-1, ,-45, ,
1, ,-46, ,
1, ,-45, ,
1, ,-46, ,
1, ,-46, ,
1, ,-46, ,
-1, ,-45, ,
1, ,-45, ,
-1, ,-36, ,
1, ,-16, ,
2, ,0, ,
1, ,13, ,
-1, ,21, ,
1, ,28, ,
-1, ,34, ,
1, ,37, ,
1, ,39, ,
1, ,41, ,
-1, ,43, ,
1, ,44, ,
-1, ,45, ,
-1, ,46, ,
1, ,46, ,
1, ,46, ,
-1, ,46, ,
1, ,47, ,
-1, ,47, ,
-1, ,47, ,
1, ,46, ,
1, ,47, ,
-1, ,47, ,
1, ,47, ,
-1, ,47, ,
-1, ,47, ,
1, ,47, ,
1, ,47, ,
-1, ,47, ,
1, ,47, ,
-1, ,47, ,
-1, ,47, ,
1, ,47, ,
1, ,47, ,
-1, ,47, ,
1, ,47, ,
-1, ,46, ,
-1, ,47, ,
1, ,46, ,
1, ,46, ,
-1, ,46, ,
1, ,47, ,
-1, ,47, ,
-1, ,47, ,
1, ,46, ,
1, ,46, ,
-1, ,47, ,
1, ,47, ,
1, ,47, ,
-1, ,47, ,
1, ,46, ,
1, ,46, ,
-1, ,46, ,
1, ,46, ,
-1, ,46, ,
-1, ,47, ,
1, ,46, ,
1, ,46, ,
-1, ,46, ,
1, ,46, ,
-1, ,46, ,
-1, ,47, ,
1, ,46, ,
-1, ,46, ,
-1, ,47, ,
1, ,46, ,
-1, ,46, ,
-1, ,47, ,
1, ,46, ,
1, ,46, ,
-1, ,46, ,
2, ,47, ,
-1, ,46, ,
-1, ,47, ,
1, ,46, ,
1, ,46, ,
-1, ,46, ,
1, ,47, ,
-1, ,46, ,
-1, ,47, ,
1, ,46, ,
1, ,46, ,
-1, ,46, ,
2, ,47, ,
-1, ,46, ,
-1, ,47, ,
1, ,46, ,
1, ,46, ,
-1, ,46, ,
1, ,47, ,
-1, ,46, ,
-1, ,47, ,
2, ,46, ,
1, ,46, ,
-1, ,46, ,
1, ,47, ,
-1, ,46, ,
-1, ,47, ,
1, ,46, ,
1, ,46, ,
-1, ,46, ,
2, ,47, ,
-1, ,46, ,
-1, ,47, ,
1, ,46, ,
1, ,46, ,
-1, ,47, ,
2, ,46, ,
-1, ,46, ,
-1, ,46, ,
1, ,46, ,
1, ,46, ,
-1, ,46, ,
1, ,47, ,
-1, ,46, ,
-1, ,47, ,
1, ,46, ,
1, ,46, ,
-1, ,46, ,
1, ,46, ,
1, ,46, ,
-1, ,46, ,
1, ,46, ,
1, ,46, ,
-1, ,46, ,
1, ,46, ,
-1, ,46, ,
-1, ,47, ,
1, ,46, ,
1, ,46, ,
-1, ,46, ,
1, ,46, ,
-1, ,46, ,
-1, ,46, ,
1, ,46, ,
1, ,46, ,
-1, ,46, ,
1, ,46, ,
-1, ,46, ,
-1, ,46, ,
1, ,46, ,
1, ,46, ,
-1, ,46, ,
1, ,47, ,
-1, ,46, ,
-1, ,46, ,
1, ,46, ,
1, ,46, ,
-1, ,46, ,
1, ,46, ,
-1, ,46, ,
-1, ,47, ,
1, ,46, ,
1, ,46, ,
-1, ,43, ,
1, ,25, ,
-1, ,6, ,
-1, ,-6, ,
1, ,-17, ,
-1, ,-24, ,
-1, ,-31, ,
1, ,-35, ,
-1, ,-37, ,
-1, ,-40, ,
1, ,-42, ,
1, ,-43, ,
-1, ,-44, ,
1, ,-45, ,
-1, ,-45, ,
-1, ,-46, ,
1, ,-45, ,
1, ,-46, ,
-1, ,-46, ,
1, ,-46, ,
-1, ,-46, ,
-1, ,-46, ,
1, ,-46, ,
1, ,-46, ,
-1, ,-47, ,
1, ,-46, ,
-1, ,-46, ,
-1, ,-47, ,
1, ,-46, ,
1, ,-46, ,
-1, ,-46, ,
1, ,-46, ,
-1, ,-46, ,
-1, ,-46, ,
1, ,-46, ,
1, ,-46, ,
-1, ,-46, ,
1, ,-46, ,
-1, ,-46, ,
-1, ,-46, ,
1, ,-46, ,
1, ,-46, ,
-1, ,-46, ,
1, ,-46, ,
-1, ,-46, ,
1, ,-46, ,
1, ,-46, ,
1, ,-46, ,
-1, ,-46, ,
1, ,-46, ,
1, ,-46, ,
-1, ,-46, ,
1, ,-46, ,
1, ,-46, ,
-1, ,-46, ,
1, ,-46, ,
-1, ,-45, ,
1, ,-46, ,
1, ,-46, ,
1, ,-46, ,
-1, ,-46, ,
1, ,-46, ,
-1, ,-46, ,
-1, ,-46, ,
1, ,-46, ,
1, ,-46, ,
-1, ,-46, ,
1, ,-46, ,
-1, ,-45, ,
-1, ,-46, ,
1, ,-46, ,
1, ,-46, ,
-1, ,-46, ,
2, ,-46, ,
-1, ,-46, ,
-1, ,-46, ,
1, ,-45, ,
1, ,-45, ,
-1, ,-46, ,
1, ,-46, ,
-1, ,-46, ,
-1, ,-46, ,
1, ,-46, ,
1, ,-46, ,
-1, ,-46, ,
1, ,-46, ,
-1, ,-45, ,
-1, ,-46, ,
1, ,-45, ,
1, ,-46, ,
-1, ,-46, ,
1, ,-46, ,
-1, ,-46, ,
-1, ,-46, ,
1, ,-46, ,
1, ,-46, ,
-1, ,-46, ,
1, ,-46, ,
-1, ,-46, ,
-1, ,-46, ,
1, ,-45, ,
1, ,-45, ,
-1, ,-46, ,
1, ,-46, ,
-1, ,-45, ,
-1, ,-46, ,
1, ,-46, ,
1, ,-46, ,
-1, ,-45, ,
1, ,-46, ,
-1, ,-46, ,
-1, ,-46, ,
1, ,-46, ,
1, ,-46, ,
-1, ,-46, ,
1, ,-46, ,
-1, ,-46, ,
-1, ,-46, ,
1, ,-46, ,
1, ,-46, ,
-1, ,-46, ,
1, ,-46, ,
-1, ,-46, ,
-1, ,-46, ,
1, ,-46, ,
1, ,-46, ,
-1, ,-46, ,
1, ,-46, ,
-1, ,-45, ,
-1, ,-46, ,
1, ,-46, ,
1, ,-45, ,
-1, ,-46, ,
1, ,-46, ,
-1, ,-46, ,
-1, ,-46, ,
1, ,-46, ,
1, ,-46, ,
-1, ,-46, ,
1, ,-46, ,
-1, ,-46, ,
-1, ,-46, ,
1, ,-46, ,
1, ,-46, ,
-1, ,-46, ,
1, ,-46, ,
-1, ,-46, ,
-1, ,-46, ,
1, ,-45, ,
1, ,-45, ,
-1, ,-46, ,
1, ,-45, ,
-1, ,-45, ,
-1, ,-46, ,
1, ,-46, ,
1, ,-46, ,
-1, ,-46, ,
1, ,-46, ,
-1, ,-45, ,
-1, ,-46, ,
1, ,-45, ,
1, ,-45, ,
-1, ,-46, ,
1, ,-46, ,
-1, ,-46, ,
-1, ,-46, ,
1, ,-45, ,
1, ,-45, ,
-1, ,-46, ,
1, ,-45, ,
-1, ,-45, ,
-1, ,-46, ,
1, ,-46, ,
1, ,-46, ,
-1, ,-46, ,
1, ,-46, ,
-1, ,-45, ,
-1, ,-46, ,
1, ,-46, ,
1, ,-45, ,
-1, ,-46, ,
2, ,-46, ,
-1, ,-45, ,
-1, ,-46, ,
1, ,-45, ,
1, ,-46, ,
-1, ,-46, ,
1, ,-46, ,
-1, ,-46, ,
-1, ,-46, ,
1, ,-46, ,
1, ,-45, ,
-1, ,-46, ,
1, ,-46, ,
-1, ,-46, ,
-1, ,-46, ,
1, ,-45, ,
1, ,-45, ,
-1, ,-46, ,
1, ,-45, ,
-1, ,-45, ,
-1, ,-46, ,
1, ,-46, ,
1, ,-46, ,
-1, ,-46, ,
1, ,-46, ,
-1, ,-46, ,
-1, ,-46, ,
1, ,-45, ,
1, ,-46, ,
-1, ,-46, ,
1, ,-46, ,
-1, ,-46, ,
-1, ,-46, ,
1, ,-46, ,
1, ,-46, ,
-1, ,-46, ,
1, ,-46, ,
-1, ,-46, ,
-1, ,-46, ,
1, ,-46, ,
1, ,-45, ,
-1, ,-46, ,
1, ,-46, ,
-1, ,-45, ,
-1, ,-46, ,
1, ,-46, ,
1, ,-46, ,
-1, ,-46, ,
1, ,-46, ,
-1, ,-46, ,
-1, ,-46, ,
1, ,-45, ,
1, ,-45, ,
-1, ,-46, ,
1, ,-46, ,
-1, ,-45, ,
-1, ,-46, ,
1, ,-46, ,
1, ,-46, ,
-1, ,-45, ,
1, ,-46, ,
-1, ,-45, ,
-1, ,-46, ,
1, ,-46, ,
1, ,-45, ,
-1, ,-46, ,
1, ,-46, ,
-1, ,-45, ,
-1, ,-46, ,
1, ,-46, ,
1, ,-45, ,
-1, ,-46, ,
1, ,-46, ,
-1, ,-45, ,
-1, ,-46, ,
1, ,-45, ,
1, ,-46, ,
-1, ,-46, ,
1, ,-46, ,
-1, ,-45, ,
-1, ,-46, ,
1, ,-46, ,
1, ,-46, ,
-1, ,-45, ,
1, ,-46, ,
-1, ,-46, ,
-1, ,-46, ,
1, ,-45, ,
1, ,-46, ,
-1, ,-46, ,
1, ,-46, ,
-1, ,-46, ,
-1, ,-46, ,
1, ,-46, ,
1, ,-46, ,
-1, ,-46, ,
1, ,-46, ,
-1, ,-45, ,
-1, ,-46, ,
1, ,-46, ,
1, ,-46, ,
-1, ,-46, ,
1, ,-46, ,
-1, ,-46, ,
-1, ,-46, ,
1, ,-45, ,
1, ,-46, ,
-1, ,-45, ,
1, ,-45, ,
-1, ,-46, ,
-1, ,-46, ,
1, ,-45, ,
1, ,-46, ,
-1, ,-46, ,
1, ,-45, ,
-1, ,-45, ,
-1, ,-46, ,
1, ,-46, ,
1, ,-45, ,
-1, ,-46, ,
1, ,-46, ,
-1, ,-46, ,
1, ,-46, ,
1, ,-45, ,
1, ,-45, ,
-1, ,-46, ,
1, ,-46, ,
-1, ,-45, ,
-1, ,-46, ,
1, ,-46, ,
1, ,-46, ,
-1, ,-46, ,
1, ,-46, ,
-1, ,-45, ,
-1, ,-46, ,
1, ,-45, ,
1, ,-46, ,
-1, ,-46, ,
1, ,-46, ,
-1, ,-45, ,
-1, ,-46, ,
1, ,-46, ,
1, ,-46, ,
-1, ,-46, ,
1, ,-46, ,
-1, ,-46, ,
-1, ,-46, ,
1, ,-46, ,
1, ,-45, ,
-1, ,-46, ,
1, ,-46, ,
-1, ,-45, ,
-1, ,-46, ,
1, ,-45, ,
1, ,-46, ,
-1, ,-46, ,
1, ,-46, ,
-1, ,-45, ,
-1, ,-46, ,
1, ,-45, ,
1, ,-45, ,
-1, ,-46, ,
1, ,-46, ,
-1, ,-45, ,
-1, ,-46, ,
1, ,-46, ,
1, ,-45, ,
-1, ,-46, ,
2, ,-46, ,
-1, ,-45, ,
-1, ,-46, ,
1, ,-45, ,
1, ,-46, ,
-1, ,-46, ,
2, ,-45, ,
-1, ,-46, ,
-1, ,-46, ,
1, ,-46, ,
1, ,-46, ,
-1, ,-46, ,
1, ,-46, ,
-1, ,-46, ,
-1, ,-46, ,
1, ,-45, ,
1, ,-45, ,
-1, ,-46, ,
1, ,-46, ,
-1, ,-45, ,
-1, ,-46, ,
1, ,-46, ,
1, ,-45, ,
-1, ,-46, ,
1, ,-46, ,
-1, ,-46, ,
-1, ,-46, ,
1, ,-45, ,
1, ,-46, ,
-1, ,-46, ,
1, ,-46, ,
-1, ,-46, ,
-1, ,-46, ,
1, ,-46, ,
1, ,-46, ,
-1, ,-46, ,
1, ,-46, ,
-1, ,-45, ,
-1, ,-46, ,
1, ,-46, ,
1, ,-46, ,
-1, ,-46, ,
1, ,-46, ,
-1, ,-46, ,
-1, ,-46, ,
1, ,-45, ,
1, ,-46, ,
-1, ,-46, ,
1, ,-46, ,
-1, ,-45, ,
-1, ,-46, ,
1, ,-46, ,
1, ,-46, ,
-1, ,-46, ,
1, ,-46, ,
-1, ,-46, ,
-1, ,-46, ,
1, ,-46, ,
1, ,-45, ,
-1, ,-46, ,
1, ,-46, ,
-1, ,-46, ,
-1, ,-46, ,
1, ,-46, ,
1, ,-46, ,
-1, ,-46, ,
1, ,-46, ,
-1, ,-45, ,
-1, ,-46, ,
1, ,-46, ,
1, ,-46, ,
-1, ,-46, ,
1, ,-46, ,
-1, ,-46, ,
-1, ,-46, ,
1, ,-46, ,
1, ,-46, ,
-1, ,-46, ,
1, ,-46, ,
-1, ,-46, ,
-1, ,-46, ,
1, ,-46, ,
1, ,-46, ,
-1, ,-46, ,
1, ,-46, ,
-1, ,-46, ,
-1, ,-46, ,
1, ,-46, ,
1, ,-46, ,
-1, ,-46, ,
1, ,-46, ,
-1, ,-46, ,
-1, ,-46, ,
1, ,-46, ,
1, ,-46, ,
-1, ,-46, ,
1, ,-46, ,
-1, ,-46, ,
-1, ,-46, ,
1, ,-45, ,
1, ,-46, ,
-1, ,-46, ,
2, ,-46, ,
-1, ,-46, ,
-1, ,-46, ,
1, ,-46, ,
1, ,-46, ,
-1, ,-46, ,
1, ,-46, ,
1, ,-46, ,
-1, ,-46, ,
1, ,-45, ,
1, ,-45, ,
-1, ,-46, ,
1, ,-46, ,
-1, ,-45, ,
-1, ,-46, ,
1, ,-46, ,
1, ,-46, ,
-1, ,-46, ,
1, ,-46, ,
-1, ,-46, ,
-1, ,-46, ,
1, ,-45, ,
1, ,-46, ,
-1, ,-46, ,
1, ,-46, ,
-1, ,-45, ,
-1, ,-46, ,
1, ,-46, ,
1, ,-46, ,
-1, ,-46, ,
1, ,-46, ,
-1, ,-46, ,
-1, ,-46, ,
1, ,-45, ,
1, ,-45, ,
-1, ,-46, ,
1, ,-46, ,
-1, ,-45, ,
-1, ,-46, ,
1, ,-46, ,
1, ,-46, ,
-1, ,-46, ,
1, ,-46, ,
-1, ,-45, ,
-1, ,-46, ,
1, ,-45, ,
1, ,-46, ,
-1, ,-46, ,
1, ,-46, ,
-1, ,-46, ,
-1, ,-46, ,
1, ,-46, ,
1, ,-45, ,
-1, ,-46, ,
1, ,-46, ,
-1, ,-46, ,
-1, ,-46, ,
1, ,-45, ,
1, ,-46, ,
-1, ,-46, ,
1, ,-46, ,
-1, ,-45, ,
-1, ,-46, ,
1, ,-46, ,
1, ,-46, ,
-1, ,-46, ,
1, ,-46, ,
-1, ,-46, ,
-1, ,-46, ,
1, ,-45, ,
1, ,-46, ,
-1, ,-46, ,
1, ,-46, ,
-1, ,-46, ,
-1, ,-46, ,
1, ,-46, ,
1, ,-45, ,
-1, ,-46, ,
1, ,-46, ,
-1, ,-46, ,
-1, ,-46, ,
1, ,-45, ,
1, ,-46, ,
-1, ,-46, ,
1, ,-45, ,
-1, ,-45, ,
-1, ,-46, ,
1, ,-45, ,
1, ,-46, ,
-1, ,-46, ,
1, ,-46, ,
-1, ,-46, ,
-1, ,-46, ,
1, ,-45, ,
1, ,-46, ,
-1, ,-46, ,
1, ,-46, ,
-1, ,-46, ,
-1, ,-46, ,
1, ,-45, ,
1, ,-46, ,
-1, ,-46, ,
1, ,-46, ,
-1, ,-45, ,
-1, ,-46, ,
1, ,-46, ,
1, ,-46, ,
-1, ,-46, ,
1, ,-45, ,
-1, ,-46, ,
-1, ,-46, ,
1, ,-46, ,
1, ,-45, ,
-1, ,-46, ,
2, ,-46, ,
-1, ,-46, ,
-1, ,-46, ,
1, ,-45, ,
1, ,-46, ,
-1, ,-46, ,
1, ,-46, ,
-1, ,-46, ,
-1, ,-46, ,
1, ,-46, ,
1, ,-46, ,
-1, ,-46, ,
2, ,-46, ,
-1, ,-46, ,
-1, ,-46, ,
1, ,-46, ,
1, ,-45, ,
-1, ,-46, ,
1, ,-46, ,
-1, ,-46, ,
-1, ,-46, ,
1, ,-46, ,
1, ,-46, ,
-1, ,-46, ,
1, ,-45, ,
-1, ,-46, ,
-1, ,-46, ,
1, ,-45, ,
1, ,-46, ,
-1, ,-46, ,
1, ,-46, ,
-1, ,-46, ,
-1, ,-46, ,
1, ,-46, ,
1, ,-46, ,
-1, ,-46, ,
1, ,-46, ,
-1, ,-46, ,
-1, ,-46, ,
1, ,-45, ,
1, ,-45, ,
-1, ,-46, ,
1, ,-46, ,
-1, ,-46, ,
-1, ,-46, ,
1, ,-45, ,
1, ,-46, ,
-1, ,-46, ,
1, ,-46, ,
-1, ,-45, ,
-1, ,-46, ,
1, ,-46, ,
1, ,-46, ,
-1, ,-46, ,
1, ,-46, ,
-1, ,-46, ,
-1, ,-46, ,
1, ,-46, ,
1, ,-46, ,
-1, ,-46, ,
1, ,-46, ,
-1, ,-46, ,
-1, ,-41, ,
1, ,-22, ,
1, ,-4, ,
-1, ,8, ,
1, ,19, ,
-1, ,26, ,
1, ,32, ,
1, ,36, ,
1, ,39, ,
-1, ,41, ,
1, ,43, ,
-1, ,44, ,
-1, ,45, ,
1, ,46, ,
1, ,46, ,
-1, ,46, ,
1, ,46, ,
-1, ,47, ,
-1, ,47, ,
1, ,46, ,
1, ,47, ,
-1, ,47, ,
1, ,47, ,
-1, ,47, ,
-1, ,47, ,
1, ,47, ,
1, ,47, ,
-1, ,47, ,
1, ,47, ,
-1, ,47, ,
-1, ,47, ,
1, ,47, ,
1, ,47, ,
-1, ,47, ,
1, ,47, ,
-1, ,46, ,
-1, ,47, ,
1, ,47, ,
-1, ,46, ,
-1, ,47, ,
1, ,47, ,
-1, ,46, ,
-1, ,47, ,
1, ,46, ,
1, ,47, ,
-1, ,47, ,
2, ,46, ,
1, ,46, ,
-1, ,47, ,
1, ,46, ,
1, ,46, ,
-1, ,47, ,
1, ,47, ,
-1, ,46, ,
-1, ,47, ,
1, ,46, ,
1, ,46, ,
-1, ,47, ,
2, ,46, ,
-1, ,46, ,
-1, ,47, ,
1, ,46, ,
-1, ,46, ,
-1, ,47, ,
1, ,46, ,
-1, ,46, ,
-1, ,47, ,
1, ,46, ,
1, ,46, ,
-1, ,47, ,
1, ,47, ,
-1, ,46, ,
-1, ,47, ,
1, ,46, ,
1, ,46, ,
-1, ,47, ,
2, ,46, ,
-1, ,46, ,
-1, ,47, ,
1, ,46, ,
1, ,46, ,
-1, ,47, ,
1, ,46, ,
-1, ,46, ,
-1, ,47, ,
1, ,46, ,
1, ,46, ,
-1, ,46, ,
2, ,46, ,
-1, ,46, ,
-1, ,46, ,
1, ,46, ,
1, ,46, ,
-1, ,47, ,
1, ,47, ,
-1, ,46, ,
-1, ,46, ,
1, ,46, ,
1, ,46, ,
-1, ,47, ,
2, ,46, ,
-1, ,46, ,
-1, ,47, ,
1, ,46, ,
1, ,46, ,
-1, ,47, ,
1, ,46, ,
-1, ,46, ,
-1, ,46, ,
1, ,46, ,
1, ,46, ,
-1, ,46, ,
2, ,47, ,
-1, ,46, ,
-1, ,46, ,
1, ,46, ,
1, ,46, ,
-1, ,46, ,
2, ,46, ,
-1, ,46, ,
-1, ,46, ,
1, ,46, ,
1, ,46, ,
-1, ,46, ,
2, ,46, ,
-1, ,46, ,
-1, ,46, ,
1, ,46, ,
-1, ,46, ,
-1, ,47, ,
1, ,46, ,
-1, ,46, ,
-1, ,46, ,
1, ,46, ,
1, ,46, ,
-1, ,46, ,
1, ,46, ,
-1, ,46, ,
99, ,47, ,
69, ,46, ,
40, ,46, ,
25, ,46, ,
18, ,46, ,
12, ,46, ,
8, ,47, ,
7, ,46, ,
5, ,46, ,
2, ,46, ,
3, ,46, ,
2, ,46, ,
2, ,46, ,
3, ,46, ,
2, ,46, ,
2, ,46, ,
3, ,45, ,
2, ,31, ,
2, ,12, ,
2, ,-3, ,
2, ,-15, ,
1, ,-23, ,
3, ,-28, ,
2, ,-34, ,
1, ,-37, ,
2, ,-39, ,
2, ,-41, ,
1, ,-43, ,
3, ,-44, ,
2, ,-44, ,
2, ,-45, ,
2, ,-45, ,
2, ,-46, ,
1, ,-46, ,
3, ,-46, ,
2, ,-46, ,
2, ,-46, ,
2, ,-46, ,
2, ,-46, ,
2, ,-46, ,
3, ,-46, ,
2, ,-46, ,
2, ,-47, ,
3, ,-46, ,
2, ,-46, ,
1, ,-46, ,
3, ,-46, ,
2, ,-46, ,
2, ,-46, ,
3, ,-46, ,
3, ,-46, ,
2, ,-46, ,
3, ,-46, ,
2, ,-46, ,
2, ,-46, ,
2, ,-46, ,
3, ,-46, ,
2, ,-46, ,
3, ,-46, ,
2, ,-46, ,
2, ,-46, ,
2, ,-46, ,
2, ,-46, ,
1, ,-46, ,
3, ,-46, ,
2, ,-46, ,
2, ,-46, ,
2, ,-46, ,
3, ,-46, ,
1, ,-46, ,
3, ,-46, ,
2, ,-46, ,
2, ,-46, ,
2, ,-46, ,
2, ,-46, ,
1, ,-46, ,
3, ,-46, ,
2, ,-46, ,
2, ,-46, ,
2, ,-46, ,
3, ,-46, ,
2, ,-46, ,
3, ,-46, ,
2, ,-46, ,
2, ,-46, ,
2, ,-46, ,
2, ,-46, ,
1, ,-46, ,
3, ,-46, ,
2, ,-46, ,
1, ,-46, ,
2, ,-46, ,
3, ,-46, ,
1, ,-46, ,
2, ,-46, ,
2, ,-46, ,
2, ,-46, ,
2, ,-46, ,
2, ,-46, ,
1, ,-46, ,
3, ,-46, ,
2, ,-46, ,
2, ,-46, ,
2, ,-46, ,
3, ,-46, ,
1, ,-46, ,
3, ,-45, ,
1, ,-46, ,
1, ,-46, ,
2, ,-46, ,
2, ,-46, ,
1, ,-46, ,
3, ,-46, ,
2, ,-46, ,
1, ,-46, ,
2, ,-46, ,
2, ,-46, ,
2, ,-46, ,
3, ,-46, ,
1, ,-46, ,
2, ,-46, ,
2, ,-46, ,
2, ,-46, ,
1, ,-45, ,
3, ,-46, ,
2, ,-46, ,
2, ,-46, ,
2, ,-46, ,
3, ,-46, ,
1, ,-46, ,
3, ,-46, ,
1, ,-46, ,
1, ,-46, ,
2, ,-46, ,
2, ,-46, ,
1, ,-46, ,
2, ,-46, ,
1, ,-45, ,
2, ,-46, ,
2, ,-45, ,
2, ,-46, ,
1, ,-46, ,
2, ,-46, ,
1, ,-46, ,
1, ,-46, ,
2, ,-46, ,
2, ,-46, ,
1, ,-46, ,
2, ,-46, ,
1, ,-46, ,
2, ,-46, ,
2, ,-46, ,
2, ,-46, ,
1, ,-46, ,
2, ,-46, ,
1, ,-45, ,
1, ,-46, ,
2, ,-46, ,
2, ,-46, ,
1, ,-46, ,
2, ,-46, ,
1, ,-46, ,
2, ,-46, ,
2, ,-46, ,
2, ,-46, ,
1, ,-46, ,
2, ,-46, ,
1, ,-45, ,
1, ,-46, ,
2, ,-46, ,
2, ,-46, ,
1, ,-46, ,
2, ,-46, ,
1, ,-45, ,
1, ,-46, ,
2, ,-46, ,
2, ,-45, ,
1, ,-46, ,
2, ,-46, ,
1, ,-45, ,
1, ,-46, ,
2, ,-46, ,
2, ,-46, ,
1, ,-46, ,
2, ,-46, ,
1, ,-46, ,
1, ,-46, ,
2, ,-46, ,
2, ,-46, ,
1, ,-46, ,
2, ,-46, ,
1, ,-46, ,
2, ,-46, ,
2, ,-46, ,
2, ,-46, ,
1, ,-45, ,
2, ,-45, ,
1, ,-46, ,
1, ,-46, ,
2, ,-46, ,
2, ,-45, ,
1, ,-46, ,
3, ,-45, ,
2, ,-45, ,
1, ,-46, ,
2, ,-46, ,
2, ,-46, ,
1, ,-46, ,
2, ,-46, ,
1, ,-45, ,
1, ,-46, ,
2, ,-46, ,
2, ,-45, ,
1, ,-46, ,
2, ,-46, ,
2, ,-46, ,
1, ,-46, ,
2, ,-46, ,
2, ,-46, ,
1, ,-46, ,
2, ,-46, ,
1, ,-45, ,
1, ,-46, ,
2, ,-46, ,
2, ,-45, ,
1, ,-46, ,
2, ,-46, ,
1, ,-46, ,
2, ,-46, ,
2, ,-46, ,
2, ,-46, ,
1, ,-46, ,
2, ,-46, ,
1, ,-45, ,
1, ,-46, ,
2, ,-46, ,
2, ,-46, ,
1, ,-46, ,
2, ,-46, ,
1, ,-46, ,
1, ,-46, ,
2, ,-46, ,
2, ,-46, ,
1, ,-46, ,
2, ,-46, ,
1, ,-46, ,
1, ,-46, ,
2, ,-46, ,
2, ,-46, ,
1, ,-46, ,
2, ,-46, ,
1, ,-46, ,
1, ,-46, ,
2, ,-46, ,
1, ,-45, ,
1, ,-46, ,
2, ,-46, ,
1, ,-45, ,
1, ,-46, ,
2, ,-45, ,
2, ,-46, ,
1, ,-46, ,
2, ,-45, ,
1, ,-46, ,
1, ,-46, ,
2, ,-46, ,
1, ,-46, ,
1, ,-46, ,
2, ,-46, ,
1, ,-45, ,
1, ,-46, ,
2, ,-45, ,
2, ,-45, ,
1, ,-46, ,
2, ,-46, ,
1, ,-46, ,
1, ,-46, ,
2, ,-46, ,
1, ,-46, ,
1, ,-46, ,
2, ,-45, ,
1, ,-46, ,
1, ,-46, ,
2, ,-46, ,
1, ,-46, ,
1, ,-46, ,
2, ,-46, ,
1, ,-46, ,
1, ,-46, ,
2, ,-46, ,
49, ,-45, ,
41, ,-45, ,
26, ,-46, ,
17, ,-45, ,
11, ,-46, ,
8, ,-46, ,
7, ,-45, ,
3, ,-46, ,
6, ,-45, ,
3, ,-45, ,
3, ,-46, ,
5, ,-45, ,
5, ,-46, ,
2, ,-46, ,
5, ,-45, ,
2, ,-46, ,
2, ,-46, ,
3, ,-46, ,
3, ,-45, ,
2, ,-46, ,
3, ,-46, ,
2, ,-46, ,
2, ,-46, ,
3, ,-46, ,
3, ,-45, ,
2, ,-45, ,
3, ,-45, ,
2, ,-46, ,
2, ,-46, ,
3, ,-45, ,
3, ,-46, ,
2, ,-46, ,
3, ,-45, ,
2, ,-45, ,
2, ,-46, ,
2, ,-46, ,
3, ,-46, ,
1, ,-46, ,
3, ,-46, ,
2, ,-46, ,
2, ,-46, ,
2, ,-46, ,
3, ,-45, ,
2, ,-46, ,
3, ,-46, ,
2, ,-45, ,
2, ,-46, ,
2, ,-46, ,
3, ,-46, ,
2, ,-46, ,
3, ,-46, ,
2, ,-46, ,
2, ,-46, ,
2, ,-46, ,
3, ,-46, ,
1, ,-46, ,
3, ,-46, ,
2, ,-45, ,
2, ,-46, ,
2, ,-46, ,
3, ,-46, ,
2, ,-45, ,
3, ,-45, ,
2, ,-45, ,
2, ,-46, ,
2, ,-46, ,
3, ,-45, ,
2, ,-46, ,
3, ,-46, ,
2, ,-46, ,
2, ,-46, ,
2, ,-46, ,
3, ,-46, ,
1, ,-46, ,
3, ,-46, ,
2, ,-46, ,
2, ,-46, ,
2, ,-46, ,
3, ,-46, ,
1, ,-46, ,
3, ,-46, ,
2, ,-46, ,
2, ,-46, ,
2, ,-46, ,
2, ,-45, ,
1, ,-46, ,
3, ,-46, ,
2, ,-46, ,
2, ,-46, ,
2, ,-46, ,
2, ,-45, ,
1, ,-46, ,
3, ,-45, ,
2, ,-46, ,
1, ,-46, ,
2, ,-46, ,
3, ,-46, ,
2, ,-46, ,
2, ,-46, ,
2, ,-46, ,
2, ,-46, ,
2, ,-46, ,
2, ,-45, ,
1, ,-46, ,
3, ,-46, ,
2, ,-46, ,
2, ,-45, ,
2, ,-46, ,
2, ,-46, ,
1, ,-46, ,
3, ,-45, ,
2, ,-46, ,
1, ,-46, ,
2, ,-45, ,
2, ,-46, ,
1, ,-46, ,
2, ,-46, ,
1, ,-46, ,
1, ,-46, ,
2, ,-46, ,
2, ,-45, ,
1, ,-46, ,
2, ,-46, ,
1, ,-46, ,
2, ,-46, ,
2, ,-46, ,
2, ,-46, ,
1, ,-46, ,
3, ,-46, ,
2, ,-46, ,
2, ,-46, ,
2, ,-46, ,
2, ,-46, ,
1, ,-46, ,
2, ,-46, ,
1, ,-46, ,
1, ,-46, ,
2, ,-46, ,
2, ,-45, ,
1, ,-46, ,
2, ,-46, ,
1, ,-46, ,
2, ,-46, ,
2, ,-46, ,
2, ,-46, ,
1, ,-46, ,
2, ,-46, ,
2, ,-46, ,
2, ,-46, ,
2, ,-46, ,
2, ,-46, ,
1, ,-46, ,
2, ,-46, ,
1, ,-45, ,
1, ,-46, ,
2, ,-46, ,
2, ,-46, ,
1, ,-46, ,
2, ,-46, ,
1, ,-45, ,
1, ,-46, ,
2, ,-45, ,
2, ,-45, ,
1, ,-46, ,
2, ,-46, ,
1, ,-46, ,
1, ,-46, ,
2, ,-46, ,
2, ,-46, ,
1, ,-46, ,
2, ,-46, ,
2, ,-45, ,
2, ,-46, ,
3, ,-46, ,
2, ,-46, ,
1, ,-46, ,
2, ,-46, ,
1, ,-46, ,
1, ,-46, ,
2, ,-46, ,
2, ,-45, ,
1, ,-46, ,
2, ,-46, ,
2, ,-46, ,
2, ,-46, ,
2, ,-45, ,
2, ,-46, ,
1, ,-46, ,
2, ,-45, ,
1, ,-46, ,
1, ,-46, ,
2, ,-46, ,
2, ,-46, ,
1, ,-45, ,
2, ,-46, ,
2, ,-46, ,
2, ,-46, ,
2, ,-46, ,
1, ,-46, ,
1, ,-46, ,
2, ,-46, ,
1, ,-45, ,
1, ,-46, ,
2, ,-46, ,
2, ,-45, ,
1, ,-46, ,
2, ,-46, ,
1, ,-46, ,
2, ,-46, ,
2, ,-46, ,
2, ,-46, ,
1, ,-46, ,
2, ,-46, ,
1, ,-45, ,
1, ,-46, ,
2, ,-46, ,
2, ,-46, ,
1, ,-46, ,
2, ,-46, ,
1, ,-46, ,
1, ,-46, ,
2, ,-45, ,
2, ,-46, ,
1, ,-46, ,
2, ,-46, ,
1, ,-46, ,
1, ,-46, ,
2, ,-46, ,
2, ,-45, ,
1, ,-46, ,
2, ,-46, ,
1, ,-46, ,
1, ,-46, ,
2, ,-45, ,
2, ,-46, ,
1, ,-46, ,
2, ,-46, ,
1, ,-46, ,
1, ,-46, ,
2, ,-46, ,
2, ,-46, ,
1, ,-46, ,
2, ,-46, ,
1, ,-45, ,
1, ,-46, ,
2, ,-45, ,
2, ,-46, ,
1, ,-46, ,
2, ,-46, ,
1, ,-46, ,
1, ,-46, ,
2, ,-46, ,
1, ,-46, ,
1, ,-46, ,
2, ,-46, ,
1, ,-46, ,
1, ,-46, ,
2, ,-46, ,
2, ,-46, ,
1, ,-46, ,
2, ,-46, ,
1, ,-46, ,
1, ,-46, ,
2, ,-46, ,
1, ,-46, ,
1, ,-46, ,
2, ,-46, ,
1, ,-46, ,
1, ,-46, ,
2, ,-46, ,
2, ,-45, ,
1, ,-46, ,
2, ,-45, ,
1, ,-46, ,
1, ,-46, ,
2, ,-46, ,
1, ,-46, ,
1, ,-46, ,
2, ,-46, ,
1, ,-46, ,
1, ,-46, ,
2, ,-46, ,
2, ,-45, ,
1, ,-46, ,
2, ,-46, ,
1, ,-46, ,
1, ,-46, ,
2, ,-46, ,
1, ,-46, ,
1, ,-46, ,
2, ,-46, ,
1, ,-46, ,
1, ,-46, ,
2, ,-46, ,
2, ,-45, ,
1, ,-46, ,
2, ,-46, ,
1, ,-45, ,
1, ,-46, ,
2, ,-46, ,
1, ,-46, ,
1, ,-46, ,
2, ,-46, ,
1, ,-46, ,
1, ,-46, ,
2, ,-45, ,
1, ,-46, ,
1, ,-46, ,
2, ,-46, ,
1, ,-46, ,
1, ,-46, ,
2, ,-46, ,
1, ,-45, ,
1, ,-46, ,
2, ,-46, ,
1, ,-46, ,
1, ,-46, ,
2, ,-45, ,
2, ,-46, ,
1, ,-46, ,
2, ,-46, ,
1, ,-45, ,
1, ,-46, ,
2, ,-46, ,
1, ,-46, ,
1, ,-46, ,
2, ,-46, ,
1, ,-46, ,
1, ,-46, ,
2, ,-45, ,
2, ,-46, ,
1, ,-46, ,
2, ,-46, ,
1, ,-46, ,
1, ,-46, ,
2, ,-46, ,
1, ,-45, ,
-1, ,-46, ,
2, ,-46, ,
1, ,-46, ,
1, ,-46, ,
2, ,-46, ,
1, ,-46, ,
1, ,-46, ,
2, ,-46, ,
1, ,-46, ,
1, ,-46, ,
2, ,-46, ,
1, ,-46, ,
1, ,-46, ,
2, ,-46, ,
1, ,-46, ,
1, ,-46, ,
2, ,-44, ,
1, ,-27, ,
1, ,-8, ,
2, ,6, ,
1, ,17, ,
1, ,24, ,
2, ,31, ,
2, ,35, ,
1, ,38, ,
2, ,41, ,
1, ,42, ,
1, ,44, ,
2, ,45, ,
1, ,45, ,
1, ,46, ,
2, ,46, ,
1, ,47, ,
1, ,47, ,
2, ,47, ,
1, ,47, ,
1, ,47, ,
2, ,47, ,
1, ,47, ,
1, ,47, ,
2, ,47, ,
1, ,47, ,
-1, ,47, ,
2, ,47, ,
1, ,47, ,
1, ,47, ,
2, ,46, ,
1, ,46, ,
-1, ,47, ,
2, ,47, ,
1, ,47, ,
1, ,47, ,
1, ,47, ,
1, ,47, ,
-1, ,47, ,
2, ,47, ,
1, ,46, ,
1, ,47, ,
2, ,47, ,
1, ,46, ,
-1, ,47, ,
2, ,47, ,
1, ,46, ,
1, ,47, ,
2, ,46, ,
1, ,46, ,
-1, ,47, ,
2, ,46, ,
1, ,46, ,
1, ,47, ,
2, ,46, ,
1, ,46, ,
-1, ,47, ,
2, ,47, ,
1, ,46, ,
1, ,46, ,
1, ,46, ,
1, ,46, ,
1, ,46, ,
2, ,47, ,
1, ,46, ,
-1, ,47, ,
2, ,46, ,
2, ,46, ,
-1, ,47, ,
2, ,47, ,
1, ,46, ,
1, ,46, ,
2, ,46, ,
1, ,46, ,
-1, ,46, ,
2, ,46, ,
1, ,46, ,
1, ,47, ,
1, ,46, ,
1, ,46, ,
1, ,46, ,
2, ,47, ,
1, ,46, ,
1, ,46, ,
2, ,46, ,
1, ,46, ,
1, ,47, ,
2, ,47, ,
1, ,46, ,
1, ,46, ,
2, ,46, ,
1, ,46, ,
-1, ,47, ,
2, ,47, ,
1, ,46, ,
1, ,46, ,
2, ,46, ,
1, ,46, ,
-1, ,46, ,
2, ,46, ,
1, ,46, ,
1, ,46, ,
2, ,46, ,
1, ,46, ,
-1, ,47, ,
2, ,46, ,
1, ,46, ,
1, ,46, ,
1, ,46, ,
1, ,46, ,
-1, ,46, ,
2, ,46, ,
1, ,46, ,
1, ,46, ,
2, ,46, ,
1, ,46, ,
-1, ,47, ,
2, ,47, ,
1, ,46, ,
1, ,47, ,
2, ,46, ,
1, ,46, ,
-1, ,46, ,
2, ,46, ,
1, ,46, ,
1, ,47, ,
2, ,46, ,
1, ,46, ,
1, ,46, ,
2, ,46, ,
1, ,46, ,
1, ,46, ,
2, ,46, ,
1, ,46, ,
1, ,46, ,
1, ,46, ,
1, ,46, ,
1, ,46, ,
2, ,46, ,
1, ,46, ,
-1, ,46, ,
1, ,46, ,
1, ,46, ,
1, ,47, ,
2, ,46, ,
1, ,46, ,
-1, ,46, ,
2, ,46, ,
1, ,46, ,
1, ,47, ,
1, ,46, ,
1, ,46, ,
-1, ,46, ,
2, ,46, ,
1, ,46, ,
1, ,36, ,
1, ,16, ,
1, ,0, ,
-1, ,-12, ,
2, ,-21, ,
1, ,-27, ,
1, ,-33, ,
1, ,-36, ,
1, ,-39, ,
-1, ,-41, ,
2, ,-43, ,
1, ,-43, ,
1, ,-44, ,
1, ,-45, ,
2, ,-45, ,
-1, ,-46, ,
2, ,-46, ,
-1, ,-46, ,
1, ,-46, ,
1, ,-46, ,
1, ,-46, ,
-1, ,-46, ,
2, ,-46, ,
1, ,-46, ,
1, ,-46, ,
2, ,-46, ,
1, ,-46, ,
-1, ,-46, ,
2, ,-46, ,
1, ,-46, ,
1, ,-46, ,
72, ,-46, ,
45, ,-46, ,
27, ,-46, ,
18, ,-46, ,
11, ,-46, ,
8, ,-47, ,
7, ,-46, ,
5, ,-46, ,
3, ,-46, ,
6, ,-46, ,
3, ,-46, ,
2, ,-46, ,
3, ,-46, ,
2, ,-46, ,
1, ,-46, ,
3, ,-46, ,
2, ,-46, ,
2, ,-46, ,
3, ,-45, ,
3, ,-46, ,
1, ,-46, ,
3, ,-46, ,
2, ,-46, ,
2, ,-46, ,
3, ,-46, ,
3, ,-46, ,
2, ,-46, ,
3, ,-46, ,
2, ,-46, ,
2, ,-46, ,
2, ,-46, ,
3, ,-46, ,
1, ,-46, ,
3, ,-46, ,
2, ,-46, ,
2, ,-46, ,
3, ,-46, ,
3, ,-46, ,
1, ,-46, ,
3, ,-46, ,
2, ,-46, ,
2, ,-46, ,
3, ,-46, ,
2, ,-46, ,
2, ,-46, ,
2, ,-46, ,
2, ,-46, ,
2, ,-46, ,
2, ,-46, ,
3, ,-46, ,
2, ,-46, ,
3, ,-46, ,
2, ,-46, ,
2, ,-46, ,
2, ,-45, ,
3, ,-46, ,
2, ,-46, ,
3, ,-46, ,
2, ,-46, ,
2, ,-46, ,
2, ,-46, ,
2, ,-46, ,
2, ,-46, ,
3, ,-46, ,
2, ,-46, ,
2, ,-46, ,
2, ,-45, ,
3, ,-46, ,
2, ,-46, ,
3, ,-46, ,
1, ,-45, ,
1, ,-46, ,
2, ,-46, ,
3, ,-46, ,
1, ,-46, ,
2, ,-46, ,
2, ,-46, ,
2, ,-46, ,
2, ,-45, ,
2, ,-46, ,
1, ,-46, ,
3, ,-46, ,
2, ,-46, ,
2, ,-46, ,
3, ,-46, ,
2, ,-46, ,
1, ,-46, ,
2, ,-46, ,
2, ,-46, ,
1, ,-46, ,
2, ,-46, ,
2, ,-46, ,
1, ,-46, ,
3, ,-46, ,
2, ,-45, ,
2, ,-46, ,
2, ,-46, ,
2, ,-46, ,
1, ,-46, ,
2, ,-46, ,
1, ,-46, ,
1, ,-46, ,
2, ,-45, ,
3, ,-45, ,
2, ,-46, ,
3, ,-46, ,
2, ,-46, ,
2, ,-46, ,
2, ,-46, ,
2, ,-46, ,
1, ,-46, ,
2, ,-46, ,
1, ,-46, ,
1, ,-46, ,
2, ,-45, ,
2, ,-45, ,
1, ,-46, ,
2, ,-46, ,
2, ,-45, ,
2, ,-46, ,
2, ,-46, ,
2, ,-46, ,
1, ,-45, ,
2, ,-46, ,
2, ,-45, ,
1, ,-46, ,
2, ,-45, ,
2, ,-46, ,
1, ,-46, ,
2, ,-46, ,
1, ,-46, ,
2, ,-46, ,
3, ,-46, ,
2, ,-46, ,
1, ,-46, ,
2, ,-46, ,
2, ,-46, ,
2, ,-46, ,
2, ,-45, ,
2, ,-46, ,
1, ,-46, ,
2, ,-46, ,
1, ,-45, ,
1, ,-46, ,
2, ,-46, ,
2, ,-46, ,
1, ,-46, ,
2, ,-46, ,
2, ,-45, ,
2, ,-46, ,
2, ,-45, ,
2, ,-46, ,
1, ,-46, ,
2, ,-46, ,
1, ,-45, ,
1, ,-46, ,
2, ,-46, ,
2, ,-46, ,
1, ,-46, ,
3, ,-46, ,
2, ,-46, ,
2, ,-46, ,
2, ,-45, ,
2, ,-46, ,
1, ,-46, ,
2, ,-46, ,
1, ,-45, ,
1, ,-46, ,
2, ,-46, ,
2, ,-45, ,
1, ,-46, ,
2, ,-46, ,
2, ,-45, ,
2, ,-46, ,
2, ,-45, ,
2, ,-45, ,
1, ,-46, ,
2, ,-46, ,
1, ,-45, ,
1, ,-46, ,
2, ,-46, ,
2, ,-46, ,
1, ,-46, ,
2, ,-46, ,
2, ,-45, ,
2, ,-46, ,
2, ,-45, ,
2, ,-46, ,
1, ,-46, ,
2, ,-45, ,
1, ,-45, ,
1, ,-46, ,
2, ,-46, ,
2, ,-45, ,
1, ,-45, ,
2, ,-46, ,
1, ,-45, ,
1, ,-46, ,
2, ,-45, ,
2, ,-45, ,
1, ,-46, ,
2, ,-46, ,
1, ,-46, ,
2, ,-46, ,
2, ,-46, ,
2, ,-45, ,
1, ,-46, ,
2, ,-46, ,
1, ,-46, ,
1, ,-46, ,
2, ,-45, ,
2, ,-46, ,
1, ,-46, ,
2, ,-46, ,
1, ,-45, ,
1, ,-46, ,
2, ,-46, ,
2, ,-46, ,
1, ,-45, ,
2, ,-46, ,
1, ,-46, ,
1, ,-46, ,
2, ,-45, ,
2, ,-45, ,
1, ,-46, ,
2, ,-46, ,
1, ,-45, ,
1, ,-46, ,
2, ,-45, ,
2, ,-46, ,
1, ,-46, ,
2, ,-46, ,
1, ,-46, ,
1, ,-46, ,
2, ,-45, ,
1, ,-45, ,
1, ,-46, ,
2, ,-46, ,
1, ,-45, ,
1, ,-46, ,
2, ,-46, ,
2, ,-46, ,
1, ,-46, ,
2, ,-46, ,
1, ,-46, ,
1, ,-46, ,
2, ,-45, ,
2, ,-45, ,
1, ,-46, ,
2, ,-45, ,
1, ,-46, ,
1, ,-46, ,
2, ,-46, ,
1, ,-45, ,
1, ,-45, ,
2, ,-46, ,
1, ,-46, ,
1, ,-46, ,
2, ,-45, ,
2, ,-45, ,
1, ,-46, ,
2, ,-46, ,
1, ,-46, ,
1, ,-46, ,
2, ,-46, ,
1, ,-45, ,
1, ,-46, ,
2, ,-46, ,
1, ,-46, ,
1, ,-46, ,
1, ,-45, ,
2, ,-46, ,
1, ,-46, ,
2, ,-46, ,
1, ,-46, ,
1, ,-46, ,
2, ,-46, ,
2, ,-45, ,
-1, ,-46, ,
2, ,-46, ,
2, ,-46, ,
1, ,-46, ,
2, ,-46, ,
2, ,-45, ,
1, ,-46, ,
2, ,-46, ,
1, ,-45, ,
1, ,-46, ,
2, ,-46, ,
1, ,-46, ,
1, ,-46, ,
2, ,-46, ,
1, ,-46, ,
1, ,-46, ,
2, ,-46, ,
1, ,-45, ,
1, ,-46, ,
2, ,-46, ,
1, ,-46, ,
1, ,-46, ,
2, ,-46, ,
1, ,-46, ,
1, ,-46, ,
2, ,-46, ,
1, ,-46, ,
1, ,-46, ,
2, ,-46, ,
2, ,-45, ,
1, ,-46, ,
2, ,-46, ,
1, ,-45, ,
1, ,-46, ,
2, ,-46, ,
1, ,-45, ,
1, ,-46, ,
2, ,-46, ,
1, ,-45, ,
1, ,-46, ,
1, ,-45, ,
1, ,-45, ,
1, ,-46, ,
2, ,-46, ,
1, ,-46, ,
1, ,-46, ,
2, ,-45, ,
2, ,-45, ,
1, ,-46, ,
2, ,-46, ,
1, ,-46, ,
1, ,-46, ,
2, ,-46, ,
2, ,-45, ,
1, ,-46, ,
2, ,-46, ,
1, ,-45, ,
1, ,-46, ,
2, ,-46, ,
1, ,-45, ,
1, ,-46, ,
2, ,-46, ,
1, ,-46, ,
1, ,-46, ,
2, ,-45, ,
1, ,-46, ,
1, ,-46, ,
2, ,-46, ,
1, ,-46, ,
1, ,-46, ,
2, ,-45, ,
1, ,-45, ,
-1, ,-46, ,
2, ,-46, ,
1, ,-46, ,
1, ,-46, ,
2, ,-45, ,
1, ,-46, ,
1, ,-46, ,
2, ,-46, ,
1, ,-45, ,
1, ,-46, ,
2, ,-46, ,
1, ,-46, ,
1, ,-46, ,
2, ,-46, ,
1, ,-46, ,
1, ,-46, ,
2, ,-45, ,
1, ,-45, ,
1, ,-46, ,
2, ,-46, ,
1, ,-45, ,
1, ,-46, ,
2, ,-46, ,
1, ,-46, ,
1, ,-46, ,
2, ,-46, ,
1, ,-46, ,
1, ,-46, ,
2, ,-45, ,
1, ,-46, ,
-1, ,-46, ,
2, ,-46, ,
1, ,-46, ,
1, ,-46, ,
1, ,-46, ,
1, ,-46, ,
-1, ,-46, ,
2, ,-46, ,
1, ,-45, ,
1, ,-46, ,
1, ,-46, ,
1, ,-45, ,
-1, ,-46, ,
2, ,-46, ,
1, ,-46, ,
1, ,-46, ,
1, ,-46, ,
1, ,-45, ,
-1, ,-46, ,
2, ,-46, ,
1, ,-45, ,
1, ,-46, ,
2, ,-46, ,
1, ,-46, ,
-1, ,-46, ,
2, ,-46, ,
1, ,-45, ,
1, ,-46, ,
2, ,-46, ,
1, ,-46, ,
-1, ,-46, ,
2, ,-46, ,
1, ,-46, ,
1, ,-46, ,
2, ,-46, ,
1, ,-45, ,
-1, ,-46, ,
2, ,-46, ,
1, ,-46, ,
1, ,-46, ,
2, ,-46, ,
1, ,-46, ,
-1, ,-46, ,
2, ,-46, ,
1, ,-46, ,
1, ,-46, ,
2, ,-46, ,
1, ,-45, ,
-1, ,-46, ,
2, ,-46, ,
1, ,-45, ,
1, ,-46, ,
2, ,-46, ,
1, ,-46, ,
1, ,-46, ,
2, ,-46, ,
1, ,-46, ,
1, ,-46, ,
1, ,-45, ,
1, ,-46, ,
-1, ,-46, ,
2, ,-46, ,
1, ,-46, ,
1, ,-46, ,
2, ,-45, ,
2, ,-46, ,
-1, ,-46, ,
2, ,-46, ,
1, ,-46, ,
1, ,-46, ,
2, ,-45, ,
1, ,-46, ,
1, ,-46, ,
2, ,-46, ,
1, ,-45, ,
1, ,-46, ,
2, ,-46, ,
1, ,-46, ,
-1, ,-46, ,
2, ,-46, ,
1, ,-46, ,
1, ,-46, ,
1, ,-46, ,
1, ,-46, ,
-1, ,-46, ,
2, ,-46, ,
1, ,-46, ,
1, ,-46, ,
1, ,-46, ,
2, ,-46, ,
-1, ,-46, ,
2, ,-46, ,
1, ,-46, ,
1, ,-46, ,
1, ,-46, ,
1, ,-46, ,
-1, ,-46, ,
2, ,-46, ,
1, ,-45, ,
1, ,-46, ,
1, ,-46, ,
1, ,-46, ,
-1, ,-46, ,
2, ,-46, ,
1, ,-46, ,
1, ,-46, ,
1, ,-45, ,
2, ,-45, ,
-1, ,-46, ,
2, ,-46, ,
1, ,-46, ,
1, ,-46, ,
1, ,-46, ,
1, ,-46, ,
-1, ,-46, ,
1, ,-46, ,
1, ,-46, ,
1, ,-46, ,
1, ,-46, ,
2, ,-46, ,
-1, ,-46, ,
2, ,-46, ,
-1, ,-46, ,
1, ,-46, ,
2, ,-46, ,
1, ,-45, ,
-1, ,-45, ,
2, ,-46, ,
1, ,-46, ,
-1, ,-46, ,
1, ,-45, ,
1, ,-46, ,
-1, ,-46, ,
2, ,-46, ,
1, ,-46, ,
1, ,-46, ,
1, ,-46, ,
2, ,-46, ,
-1, ,-46, ,
1, ,-46, ,
1, ,-45, ,
64, ,-46, ,
41, ,-46, ,
25, ,-45, ,
16, ,-46, ,
12, ,-46, ,
7, ,-45, ,
5, ,-46, ,
5, ,-46, ,
3, ,-46, ,
2, ,-46, ,
5, ,-46, ,
2, ,-46, ,
2, ,-46, ,
2, ,-46, ,
2, ,-46, ,
2, ,-46, ,
3, ,-46, ,
2, ,-46, ,
2, ,-46, ,
2, ,-46, ,
3, ,-46, ,
1, ,-46, ,
3, ,-46, ,
2, ,-46, ,
2, ,-46, ,
2, ,-45, ,
3, ,-45, ,
2, ,-46, ,
3, ,-46, ,
2, ,-46, ,
2, ,-46, ,
2, ,-46, ,
3, ,-46, ,
2, ,-46, ,
3, ,-46, ,
2, ,-46, ,
2, ,-46, ,
2, ,-45, ,
3, ,-46, ,
1, ,-46, ,
3, ,-46, ,
2, ,-46, ,
2, ,-46, ,
2, ,-46, ,
3, ,-45, ,
1, ,-46, ,
3, ,-46, ,
2, ,-45, ,
2, ,-46, ,
2, ,-46, ,
2, ,-46, ,
1, ,-46, ,
3, ,-46, ,
2, ,-46, ,
2, ,-46, ,
2, ,-46, ,
3, ,-46, ,
2, ,-46, ,
3, ,-45, ,
2, ,-45, ,
2, ,-46, ,
2, ,-45, ,
3, ,-45, ,
2, ,-46, ,
3, ,-45, ,
2, ,-46, ,
2, ,-46, ,
2, ,-46, ,
3, ,-46, ,
1, ,-46, ,
3, ,-46, ,
2, ,-46, ,
2, ,-46, ,
2, ,-45, ,
3, ,-45, ,
2, ,-34, ,
3, ,-14, ,
2, ,2, ,
2, ,14, ,
2, ,22, ,
3, ,28, ,
1, ,34, ,
3, ,37, ,
2, ,40, ,
2, ,42, ,
2, ,43, ,
2, ,44, ,
1, ,45, ,
3, ,46, ,
2, ,46, ,
1, ,47, ,
2, ,46, ,
2, ,47, ,
1, ,47, ,
3, ,47, ,
2, ,47, ,
1, ,47, ,
3, ,47, ,
2, ,47, ,
1, ,47, ,
2, ,47, ,
1, ,47, ,
1, ,47, ,
2, ,47, ,
2, ,47, ,
1, ,47, ,
2, ,47, ,
2, ,46, ,
2, ,47, ,
2, ,47, ,
2, ,47, ,
1, ,47, ,
2, ,47, ,
2, ,47, ,
1, ,47, ,
2, ,47, ,
2, ,46, ,
1, ,47, ,
2, ,47, ,
1, ,46, ,
1, ,47, ,
2, ,46, ,
2, ,47, ,
1, ,47, ,
2, ,46, ,
2, ,47, ,
1, ,47, ,
2, ,46, ,
2, ,46, ,
1, ,47, ,
2, ,47, ,
1, ,46, ,
1, ,47, ,
2, ,47, ,
2, ,46, ,
1, ,46, ,
2, ,46, ,
2, ,46, ,
1, ,47, ,
2, ,46, ,
2, ,46, ,
1, ,47, ,
2, ,47, ,
2, ,46, ,
1, ,47, ,
2, ,46, ,
2, ,46, ,
1, ,47, ,
2, ,46, ,
2, ,46, ,
1, ,47, ,
2, ,46, ,
2, ,46, ,
1, ,47, ,
2, ,46, ,
1, ,46, ,
1, ,47, ,
2, ,46, ,
2, ,46, ,
1, ,47, ,
2, ,46, ,
1, ,46, ,
1, ,47, ,
2, ,46, ,
2, ,46, ,
1, ,46, ,
2, ,46, ,
2, ,46, ,
1, ,47, ,
2, ,46, ,
2, ,46, ,
1, ,47, ,
2, ,46, ,
2, ,46, ,
1, ,47, ,
2, ,46, ,
2, ,46, ,
1, ,47, ,
2, ,46, ,
1, ,46, ,
1, ,47, ,
2, ,47, ,
2, ,46, ,
1, ,47, ,
2, ,46, ,
1, ,46, ,
1, ,46, ,
2, ,46, ,
2, ,46, ,
1, ,46, ,
2, ,47, ,
1, ,46, ,
1, ,47, ,
2, ,46, ,
2, ,46, ,
1, ,46, ,
2, ,46, ,
1, ,46, ,
1, ,47, ,
2, ,46, ,
1, ,46, ,
1, ,46, ,
2, ,46, ,
1, ,46, ,
1, ,46, ,
2, ,46, ,
2, ,46, ,
1, ,46, ,
2, ,46, ,
1, ,46, ,
1, ,47, ,
2, ,46, ,
2, ,46, ,
1, ,47, ,
2, ,46, ,
1, ,46, ,
1, ,46, ,
2, ,47, ,
1, ,46, ,
1, ,46, ,
2, ,46, ,
1, ,46, ,
1, ,47, ,
2, ,46, ,
1, ,46, ,
1, ,47, ,
2, ,46, ,
1, ,46, ,
1, ,46, ,
2, ,40, ,
1, ,20, ,
1, ,3, ,
2, ,-9, ,
1, ,-19, ,
1, ,-26, ,
2, ,-32, ,
1, ,-36, ,
-1, ,-38, ,
2, ,-40, ,
1, ,-42, ,
1, ,-44, ,
2, ,-44, ,
1, ,-45, ,
1, ,-45, ,
2, ,-45, ,
1, ,-46, ,
1, ,-46, ,
2, ,-46, ,
2, ,-46, ,
1, ,-46, ,
2, ,-46, ,
1, ,-46, ,
1, ,-47, ,
2, ,-46, ,
1, ,-46, ,
1, ,-46, ,
2, ,-46, ,
1, ,-46, ,
1, ,-46, ,
2, ,-46, ,
1, ,-46, ,
1, ,-46, ,
2, ,-46, ,
1, ,-46, ,
1, ,-46, ,
2, ,-46, ,
2, ,-46, ,
1, ,-46, ,
2, ,-46, ,
1, ,-46, ,
1, ,-46, ,
2, ,-46, ,
2, ,-46, ,
1, ,-46, ,
2, ,-46, ,
1, ,-46, ,
1, ,-46, ,
2, ,-46, ,
2, ,-46, ,
1, ,-46, ,
2, ,-46, ,
1, ,-46, ,
1, ,-46, ,
2, ,-46, ,
1, ,-46, ,
1, ,-46, ,
2, ,-46, ,
2, ,-46, ,
1, ,-46, ,
2, ,-46, ,
1, ,-46, ,
1, ,-46, ,
2, ,-46, ,
1, ,-46, ,
1, ,-46, ,
2, ,-46, ,
1, ,-46, ,
1, ,-46, ,
2, ,-46, ,
1, ,-46, ,
1, ,-46, ,
1, ,-46, ,
1, ,-46, ,
1, ,-46, ,
2, ,-46, ,
1, ,-46, ,
1, ,-46, ,
2, ,-46, ,
2, ,-46, ,
1, ,-46, ,
2, ,-46, ,
1, ,-46, ,
1, ,-46, ,
2, ,-45, ,
1, ,-46, ,
1, ,-46, ,
2, ,-46, ,
1, ,-46, ,
1, ,-46, ,
2, ,-46, ,
1, ,-46, ,
1, ,-46, ,
2, ,-46, ,
1, ,-46, ,
2, ,-46, ,
2, ,-46, ,
1, ,-46, ,
1, ,-46, ,
2, ,-46, ,
1, ,-46, ,
1, ,-46, ,
2, ,-46, ,
2, ,-46, ,
1, ,-46, ,
2, ,-45, ,
1, ,-46, ,
1, ,-46, ,
2, ,-46, ,
1, ,-46, ,
1, ,-46, ,
2, ,-46, ,
1, ,-46, ,
1, ,-46, ,
2, ,-46, ,
1, ,-46, ,
1, ,-46, ,
2, ,-46, ,
1, ,-46, ,
1, ,-46, ,
1, ,-46, ,
1, ,-45, ,
1, ,-46, ,
2, ,-46, ,
1, ,-46, ,
1, ,-46, ,
1, ,-46, ,
2, ,-46, ,
1, ,-45, ,
2, ,-46, ,
1, ,-46, ,
1, ,-46, ,
2, ,-45, ,
1, ,-46, ,
-1, ,-46, ,
2, ,-45, ,
1, ,-46, ,
1, ,-46, ,
2, ,-46, ,
1, ,-46, ,
-1, ,-46, ,
2, ,-46, ,
1, ,-46, ,
1, ,-46, ,
2, ,-45, ,
1, ,-45, ,
1, ,-46, ,
2, ,-46, ,
1, ,-46, ,
1, ,-46, ,
2, ,-46, ,
1, ,-46, ,
-1, ,-46, ,
2, ,-46, ,
1, ,-46, ,
1, ,-46, ,
2, ,-45, ,
1, ,-46, ,
-1, ,-46, ,
2, ,-46, ,
1, ,-45, ,
1, ,-46, ,
1, ,-46, ,
1, ,-46, ,
-1, ,-46, ,
2, ,-46, ,
1, ,-46, ,
-1, ,-46, ,
1, ,-46, ,
1, ,-45, ,
-1, ,-46, ,
2, ,-46, ,
1, ,-46, ,
1, ,-46, ,
2, ,-46, ,
1, ,-46, ,
-1, ,-46, ,
2, ,-46, ,
1, ,-46, ,
1, ,-46, ,
1, ,-46, ,
2, ,-46, ,
1, ,-46, ,
2, ,-46, ,
1, ,-45, ,
1, ,-46, ,
2, ,-46, ,
1, ,-45, ,
-1, ,-46, ,
2, ,-46, ,
1, ,-46, ,
1, ,-46, ,
1, ,-46, ,
1, ,-46, ,
1, ,-46, ,
2, ,-46, ,
-1, ,-46, ,
1, ,-45, ,
2, ,-46, ,
2, ,-46, ,
-1, ,-46, ,
2, ,-46, ,
1, ,-45, ,
1, ,-46, ,
1, ,-46, ,
1, ,-45, ,
-1, ,-46, ,
2, ,-45, ,
1, ,-45, ,
1, ,-46, ,
1, ,-45, ,
1, ,-45, ,
-1, ,-46, ,
2, ,-46, ,
1, ,-46, ,
1, ,-46, ,
2, ,-46, ,
2, ,-46, ,
-1, ,-46, ,
2, ,-45, ,
1, ,-46, ,
1, ,-46, ,
2, ,-46, ,
2, ,-46, ,
-1, ,-46, ,
2, ,-46, ,
1, ,-45, ,
1, ,-46, ,
1, ,-46, ,
1, ,-46, ,
-1, ,-46, ,
2, ,-45, ,
1, ,-45, ,
1, ,-46, ,
1, ,-46, ,
2, ,-46, ,
-1, ,-46, ,
2, ,-45, ,
1, ,-45, ,
1, ,-46, ,
1, ,-45, ,
1, ,-46, ,
1, ,-46, ,
2, ,-46, ,
1, ,-46, ,
1, ,-46, ,
1, ,-46, ,
1, ,-45, ,
-1, ,-46, ,
2, ,-45, ,
1, ,-46, ,
73, ,-46, ,
48, ,-45, ,
30, ,-46, ,
20, ,-46, ,
13, ,-46, ,
8, ,-46, ,
6, ,-46, ,
6, ,-46, ,
3, ,-46, ,
2, ,-46, ,
3, ,-45, ,
2, ,-45, ,
2, ,-46, ,
2, ,-45, ,
2, ,-46, ,
2, ,-46, ,
3, ,-46, ,
2, ,-46, ,
2, ,-46, ,
3, ,-45, ,
2, ,-46, ,
2, ,-46, ,
3, ,-46, ,
2, ,-45, ,
2, ,-46, ,
2, ,-46, ,
2, ,-46, ,
1, ,-46, ,
3, ,-46, ,
2, ,-46, ,
2, ,-46, ,
3, ,-46, ,
3, ,-46, ,
1, ,-46, ,
3, ,-46, ,
2, ,-46, ,
2, ,-46, ,
2, ,-45, ,
3, ,-46, ,
2, ,-46, ,
3, ,-46, ,
2, ,-45, ,
2, ,-46, ,
2, ,-46, ,
3, ,-46, ,
1, ,-46, ,
3, ,-46, ,
2, ,-45, ,
2, ,-46, ,
3, ,-46, ,
3, ,-45, ,
1, ,-46, ,
3, ,-46, ,
2, ,-45, ,
1, ,-46, ,
2, ,-46, ,
3, ,-45, ,
1, ,-46, ,
2, ,-46, ,
2, ,-46, ,
2, ,-46, ,
2, ,-45, ,
2, ,-46, ,
1, ,-46, ,
3, ,-46, ,
2, ,-46, ,
2, ,-46, ,
2, ,-46, ,
3, ,-45, ,
1, ,-46, ,
2, ,-46, ,
2, ,-46, ,
2, ,-46, ,
2, ,-46, ,
2, ,-45, ,
2, ,-46, ,
3, ,-46, ,
2, ,-45, ,
2, ,-46, ,
2, ,-46, ,
2, ,-45, ,
1, ,-46, ,
3, ,-46, ,
2, ,-45, ,
2, ,-46, ,
2, ,-46, ,
2, ,-46, ,
1, ,-46, ,
3, ,-46, ,
1, ,-46, ,
1, ,-46, ,
2, ,-46, ,
2, ,-46, ,
1, ,-46, ,
2, ,-46, ,
2, ,-46, ,
2, ,-46, ,
2, ,-46, ,
2, ,-46, ,
1, ,-46, ,
3, ,-46, ,
2, ,-46, ,
2, ,-46, ,
2, ,-46, ,
2, ,-46, ,
1, ,-46, ,
3, ,-46, ,
2, ,-45, ,
1, ,-46, ,
2, ,-45, ,
2, ,-45, ,
1, ,-46, ,
2, ,-46, ,
2, ,-46, ,
2, ,-46, ,
2, ,-46, ,
2, ,-46, ,
1, ,-46, ,
3, ,-45, ,
2, ,-46, ,
1, ,-46, ,
3, ,-45, ,
2, ,-46, ,
1, ,-46, ,
3, ,-46, ,
2, ,-46, ,
1, ,-46, ,
2, ,-46, ,
2, ,-46, ,
1, ,-46, ,
3, ,-46, ,
2, ,-46, ,
1, ,-46, ,
2, ,-46, ,
2, ,-46, ,
2, ,-46, ,
2, ,-46, ,
2, ,-46, ,
2, ,-46, ,
2, ,-46, ,
2, ,-46, ,
1, ,-46, ,
2, ,-46, ,
2, ,-45, ,
1, ,-46, ,
2, ,-46, ,
2, ,-46, ,
1, ,-46, ,
2, ,-46, ,
1, ,-46, ,
1, ,-46, ,
2, ,-46, ,
2, ,-46, ,
1, ,-46, ,
3, ,-46, ,
1, ,-46, ,
1, ,-46, ,
2, ,-46, ,
2, ,-46, ,
1, ,-46, ,
2, ,-46, ,
1, ,-46, ,
2, ,-46, ,
2, ,-46, ,
2, ,-45, ,
1, ,-46, ,
2, ,-46, ,
1, ,-45, ,
2, ,-46, ,
2, ,-45, ,
2, ,-46, ,
1, ,-45, ,
2, ,-46, ,
1, ,-46, ,
2, ,-46, ,
2, ,-46, ,
2, ,-46, ,
1, ,-46, ,
2, ,-46, ,
1, ,-46, ,
1, ,-46, ,
2, ,-45, ,
2, ,-46, ,
1, ,-46, ,
2, ,-46, ,
1, ,-46, ,
1, ,-46, ,
2, ,-46, ,
2, ,-46, ,
1, ,-46, ,
2, ,-46, ,
1, ,-46, ,
1, ,-46, ,
2, ,-45, ,
2, ,-45, ,
1, ,-46, ,
2, ,-46, ,
1, ,-46, ,
1, ,-46, ,
2, ,-46, ,
2, ,-46, ,
1, ,-46, ,
2, ,-46, ,
1, ,-45, ,
1, ,-46, ,
2, ,-45, ,
2, ,-45, ,
1, ,-45, ,
2, ,-46, ,
1, ,-46, ,
1, ,-46, ,
2, ,-46, ,
2, ,-46, ,
1, ,-46, ,
2, ,-46, ,
1, ,-46, ,
1, ,-45, ,
2, ,-45, ,
1, ,-45, ,
1, ,-46, ,
2, ,-46, ,
1, ,-46, ,
2, ,-46, ,
2, ,-46, ,
2, ,-45, ,
1, ,-46, ,
2, ,-46, ,
1, ,-46, ,
1, ,-46, ,
2, ,-45, ,
2, ,-46, ,
1, ,-46, ,
2, ,-46, ,
1, ,-46, ,
1, ,-46, ,
2, ,-46, ,
2, ,-45, ,
1, ,-46, ,
2, ,-46, ,
1, ,-46, ,
1, ,-46, ,
2, ,-45, ,
2, ,-46, ,
1, ,-46, ,
2, ,-46, ,
1, ,-46, ,
1, ,-46, ,
2, ,-46, ,
1, ,-45, ,
1, ,-46, ,
2, ,-46, ,
1, ,-46, ,
1, ,-46, ,
2, ,-45, ,
2, ,-46, ,
1, ,-46, ,
2, ,-46, ,
1, ,-46, ,
1, ,-46, ,
2, ,-46, ,
2, ,-46, ,
1, ,-46, ,
2, ,-46, ,
1, ,-45, ,
1, ,-46, ,
2, ,-45, ,
1, ,-46, ,
1, ,-46, ,
2, ,-46, ,
1, ,-45, ,
1, ,-46, ,
2, ,-45, ,
2, ,-46, ,
1, ,-46, ,
2, ,-46, ,
1, ,-46, ,
1, ,-46, ,
2, ,-45, ,
2, ,-46, ,
1, ,-46, ,
2, ,-46, ,
1, ,-46, ,
1, ,-46, ,
2, ,-46, ,
1, ,-46, ,
1, ,-46, ,
2, ,-46, ,
1, ,-46, ,
1, ,-46, ,
2, ,-45, ,
2, ,-45, ,
-1, ,-46, ,
2, ,-46, ,
1, ,-45, ,
1, ,-46, ,
2, ,-45, ,
1, ,-45, ,
1, ,-46, ,
2, ,-46, ,
1, ,-46, ,
1, ,-46, ,
2, ,-46, ,
1, ,-46, ,
-1, ,-46, ,
2, ,-46, ,
1, ,-46, ,
1, ,-46, ,
2, ,-46, ,
1, ,-46, ,
-1, ,-46, ,
2, ,-46, ,
1, ,-46, ,
1, ,-46, ,
1, ,-46, ,
1, ,-45, ,
1, ,-46, ,
2, ,-46, ,
1, ,-45, ,
1, ,-46, ,
2, ,-46, ,
2, ,-46, ,
-1, ,-45, ,
2, ,-46, ,
1, ,-45, ,
1, ,-46, ,
2, ,-46, ,
1, ,-46, ,
1, ,-46, ,
2, ,-45, ,
1, ,-46, ,
1, ,-46, ,
2, ,-45, ,
1, ,-45, ,
-1, ,-46, ,
2, ,-45, ,
1, ,-46, ,
1, ,-46, ,
2, ,-46, ,
1, ,-45, ,
1, ,-46, ,
2, ,-46, ,
1, ,-46, ,
1, ,-46, ,
2, ,-45, ,
1, ,-46, ,
-1, ,-46, ,
2, ,-46, ,
1, ,-45, ,
1, ,-46, ,
2, ,-45, ,
2, ,-46, ,
1, ,-46, ,
2, ,-46, ,
1, ,-45, ,
1, ,-46, ,
2, ,-46, ,
1, ,-45, ,
1, ,-46, ,
2, ,-46, ,
1, ,-46, ,
1, ,-46, ,
2, ,-45, ,
1, ,-46, ,
1, ,-46, ,
2, ,-46, ,
1, ,-45, ,
1, ,-46, ,
2, ,-46, ,
1, ,-46, ,
-1, ,-46, ,
2, ,-46, ,
1, ,-46, ,
1, ,-46, ,
2, ,-45, ,
2, ,-45, ,
1, ,-46, ,
2, ,-39, ,
1, ,-19, ,
2, ,-2, ,
2, ,11, ,
2, ,20, ,
1, ,27, ,
2, ,33, ,
1, ,36, ,
1, ,39, ,
2, ,41, ,
1, ,43, ,
1, ,44, ,
2, ,45, ,
1, ,45, ,
1, ,46, ,
2, ,46, ,
1, ,46, ,
1, ,47, ,
2, ,47, ,
1, ,47, ,
1, ,47, ,
1, ,47, ,
1, ,47, ,
1, ,47, ,
2, ,47, ,
1, ,47, ,
1, ,47, ,
2, ,47, ,
1, ,47, ,
1, ,47, ,
1, ,47, ,
1, ,47, ,
1, ,47, ,
1, ,46, ,
1, ,47, ,
1, ,47, ,
2, ,47, ,
1, ,47, ,
1, ,47, ,
2, ,46, ,
1, ,47, ,
-1, ,47, ,
2, ,47, ,
1, ,46, ,
1, ,47, ,
1, ,46, ,
1, ,46, ,
-1, ,47, ,
2, ,46, ,
1, ,47, ,
1, ,47, ,
2, ,46, ,
1, ,46, ,
-1, ,47, ,
2, ,47, ,
1, ,46, ,
1, ,47, ,
2, ,46, ,
1, ,46, ,
-1, ,47, ,
2, ,47, ,
1, ,46, ,
1, ,47, ,
1, ,46, ,
1, ,46, ,
-1, ,47, ,
2, ,47, ,
1, ,46, ,
1, ,47, ,
1, ,46, ,
1, ,46, ,
-1, ,47, ,
2, ,47, ,
1, ,46, ,
1, ,47, ,
2, ,46, ,
1, ,46, ,
-1, ,47, ,
2, ,47, ,
1, ,46, ,
1, ,47, ,
2, ,46, ,
1, ,46, ,
-1, ,47, ,
2, ,47, ,
1, ,46, ,
1, ,47, ,
2, ,46, ,
1, ,46, ,
-1, ,47, ,
2, ,47, ,
1, ,47, ,
1, ,46, ,
2, ,46, ,
1, ,46, ,
-1, ,46, ,
2, ,46, ,
1, ,46, ,
1, ,46, ,
2, ,47, ,
1, ,46, ,
-1, ,47, ,
2, ,46, ,
1, ,46, ,
1, ,46, ,
2, ,46, ,
1, ,46, ,
-1, ,46, ,
2, ,47, ,
1, ,46, ,
1, ,47, ,
2, ,46, ,
1, ,46, ,
-1, ,47, ,
2, ,47, ,
1, ,46, ,
1, ,47, ,
2, ,46, ,
1, ,46, ,
-1, ,47, ,
2, ,46, ,
1, ,46, ,
1, ,47, ,
2, ,46, ,
1, ,46, ,
-1, ,47, ,
2, ,46, ,
1, ,46, ,
1, ,47, ,
2, ,46, ,
1, ,46, ,
1, ,46, ,
2, ,46, ,
1, ,46, ,
1, ,47, ,
1, ,46, ,
1, ,46, ,
-1, ,47, ,
2, ,46, ,
1, ,46, ,
1, ,46, ,
2, ,46, ,
1, ,46, ,
-1, ,47, ,
2, ,46, ,
1, ,46, ,
1, ,46, ,
2, ,46, ,
1, ,46, ,
-1, ,47, ,
2, ,47, ,
1, ,46, ,
1, ,46, ,
1, ,46, ,
1, ,43, ,
-1, ,25, ,
2, ,7, ,
-1, ,-6, ,
1, ,-17, ,
1, ,-24, ,
1, ,-31, ,
-1, ,-35, ,
1, ,-38, ,
-1, ,-40, ,
1, ,-42, ,
1, ,-43, ,
1, ,-44, ,
-1, ,-45, ,
1, ,-45, ,
-1, ,-46, ,
1, ,-46, ,
1, ,-46, ,
1, ,-46, ,
-1, ,-46, ,
2, ,-46, ,
1, ,-47, ,
-1, ,-47, ,
1, ,-46, ,
1, ,-46, ,
-1, ,-46, ,
1, ,-46, ,
1, ,-46, ,
1, ,-47, ,
2, ,-46, ,
1, ,-46, ,
-1, ,-46, ,
2, ,-46, ,
-1, ,-46, ,
1, ,-46, ,
1, ,-46, ,
1, ,-46, ,
-1, ,-46, ,
2, ,-46, ,
1, ,-46, ,
-1, ,-46, ,
2, ,-46, ,
1, ,-46, ,
-1, ,-46, ,
1, ,-46, ,
1, ,-46, ,
1, ,-47, ,
1, ,-46, ,
1, ,-46, ,
-1, ,-46, ,
2, ,-46, ,
1, ,-46, ,
1, ,-46, ,
1, ,-46, ,
1, ,-46, ,
-1, ,-46, ,
2, ,-46, ,
1, ,-46, ,
1, ,-46, ,
1, ,-45, ,
1, ,-46, ,
-1, ,-46, ,
2, ,-46, ,
1, ,-46, ,
1, ,-46, ,
1, ,-46, ,
2, ,-46, ,
-1, ,-46, ,
2, ,-46, ,
-1, ,-46, ,
1, ,-46, ,
1, ,-45, ,
1, ,-45, ,
-1, ,-46, ,
2, ,-46, ,
-1, ,-45, ,
-1, ,-46, ,
1, ,-46, ,
1, ,-45, ,
-1, ,-46, ,
2, ,-46, ,
1, ,-46, ,
1, ,-46, ,
1, ,-45, ,
1, ,-46, ,
-1, ,-46, ,
2, ,-46, ,
1, ,-46, ,
1, ,-46, ,
1, ,-45, ,
1, ,-45, ,
-1, ,-46, ,
2, ,-46, ,
1, ,-46, ,
1, ,-46, ,
2, ,-45, ,
1, ,-46, ,
-1, ,-46, ,
2, ,-46, ,
1, ,-45, ,
1, ,-46, ,
1, ,-45, ,
1, ,-45, ,
-1, ,-46, ,
2, ,-46, ,
1, ,-46, ,
1, ,-46, ,
1, ,-45, ,
1, ,-45, ,
-1, ,-46, ,
2, ,-46, ,
1, ,-46, ,
1, ,-46, ,
1, ,-46, ,
1, ,-46, ,
-1, ,-46, ,
2, ,-46, ,
1, ,-46, ,
1, ,-46, ,
1, ,-45, ,
1, ,-45, ,
-1, ,-46, ,
1, ,-46, ,
1, ,-45, ,
1, ,-46, ,
1, ,-45, ,
1, ,-45, ,
-1, ,-46, ,
2, ,-46, ,
-1, ,-46, ,
1, ,-46, ,
1, ,-45, ,
1, ,-46, ,
-1, ,-46, ,
2, ,-46, ,
1, ,-46, ,
-1, ,-46, ,
1, ,-46, ,
1, ,-46, ,
-1, ,-46, ,
1, ,-46, ,
-1, ,-46, ,
1, ,-46, ,
1, ,-45, ,
1, ,-45, ,
-1, ,-46, ,
1, ,-45, ,
-1, ,-45, ,
-1, ,-46, ,
1, ,-45, ,
1, ,-46, ,
-1, ,-46, ,
1, ,-46, ,
-1, ,-46, ,
-1, ,-46, ,
1, ,-45, ,
1, ,-46, ,
-1, ,-46, ,
1, ,-46, ,
-1, ,-46, ,
1, ,-46, ,
1, ,-46, ,
1, ,-46, ,
-1, ,-46, ,
1, ,-46, ,
-1, ,-46, ,
-1, ,-46, ,
1, ,-45, ,
1, ,-45, ,
-1, ,-46, ,
2, ,-45, ,
-1, ,-46, ,
-1, ,-46, ,
1, ,-46, ,
1, ,-46, ,
-1, ,-45, ,
1, ,-46, ,
1, ,-45, ,
-1, ,-46, ,
1, ,-45, ,
1, ,-45, ,
-1, ,-46, ,
2, ,-46, ,
-1, ,-45, ,
1, ,-46, ,
1, ,-45, ,
1, ,-46, ,
-1, ,-45, ,
1, ,-46, ,
-1, ,-45, ,
-1, ,-46, ,
1, ,-45, ,
1, ,-45, ,
-1, ,-45, ,
1, ,-46, ,
-1, ,-45, ,
-1, ,-46, ,
1, ,-46, ,
1, ,-46, ,
-1, ,-45, ,
1, ,-46, ,
1, ,-46, ,
1, ,-46, ,
1, ,-45, ,
1, ,-46, ,
-1, ,-46, ,
2, ,-45, ,
1, ,-46, ,
1, ,-46, ,
1, ,-45, ,
1, ,-46, ,
-1, ,-45, ,
2, ,-45, ,
1, ,-46, ,
-1, ,-46, ,
1, ,-45, ,
1, ,-45, ,
-1, ,-46, ,
2, ,-45, ,
-1, ,-45, ,
1, ,-46, ,
1, ,-45, ,
1, ,-45, ,
-1, ,-45, ,
2, ,-45, ,
-1, ,-46, ,
1, ,-46, ,
1, ,-45, ,
1, ,-46, ,
-1, ,-46, ,
1, ,-45, ,
1, ,-46, ,
-1, ,-46, ,
1, ,-45, ,
1, ,-45, ,
-1, ,-45, ,
2, ,-45, ,
1, ,-45, ,
1, ,-46, ,
1, ,-45, ,
1, ,-46, ,
-1, ,-45, ,
1, ,-45, ,
-1, ,-45, ,
1, ,-46, ,
1, ,-46, ,
1, ,-46, ,
-1, ,-46, ,
1, ,-45, ,
-1, ,-45, ,
-1, ,-46, ,
1, ,-45, ,
1, ,-46, ,
-1, ,-46, ,
2, ,-45, ,
-1, ,-45, ,
-1, ,-46, ,
1, ,-45, ,
1, ,-45, ,
-1, ,-46, ,
1, ,-45, ,
-1, ,-45, ,
-1, ,-46, ,
1, ,-45, ,
1, ,-45, ,
-1, ,-46, ,
2, ,-46, ,
-1, ,-45, ,
-1, ,-46, ,
1, ,-45, ,
1, ,-46, ,
-1, ,-45, ,
1, ,-46, ,
-1, ,-45, ,
-1, ,-46, ,
1, ,-45, ,
1, ,-46, ,
-1, ,-46, ,
1, ,-45, ,
-1, ,-45, ,
-1, ,-46, ,
1, ,-45, ,
1, ,-45, ,
-1, ,-45, ,
2, ,-45, ,
-1, ,-45, ,
-1, ,-46, ,
1, ,-45, ,
1, ,-45, ,
-1, ,-45, ,
2, ,-46, ,
-1, ,-45, ,
-1, ,-46, ,
1, ,-45, ,
1, ,-46, ,
-1, ,-46, ,
2, ,-46, ,
-1, ,-46, ,
-1, ,-46, ,
1, ,-45, ,
1, ,-46, ,
-1, ,-46, ,
1, ,-45, ,
-1, ,-45, ,
-1, ,-46, ,
1, ,-46, ,
1, ,-46, ,
-1, ,-46, ,
1, ,-46, ,
-1, ,-45, ,
-1, ,-46, ,
1, ,-45, ,
1, ,-46, ,
-1, ,-46, ,
2, ,-45, ,
-1, ,-45, ,
-1, ,-45, ,
1, ,-45, ,
1, ,-45, ,
-1, ,-45, ,
1, ,-46, ,
-1, ,-45, ,
-1, ,-46, ,
1, ,-45, ,
1, ,-46, ,
-1, ,-46, ,
1, ,-45, ,
-1, ,-46, ,
-1, ,-46, ,
1, ,-45, ,
1, ,-45, ,
-1, ,-45, ,
2, ,-46, ,
1, ,-45, ,
-1, ,-46, ,
1, ,-45, ,
1, ,-46, ,
-1, ,-46, ,
1, ,-46, ,
-1, ,-46, ,
-1, ,-46, ,
1, ,-45, ,
1, ,-46, ,
-1, ,-46, ,
1, ,-46, ,
-1, ,-45, ,
-1, ,-46, ,
1, ,-45, ,
1, ,-46, ,
-1, ,-46, ,
1, ,-46, ,
1, ,-45, ,
-1, ,-46, ,
1, ,-46, ,
1, ,-45, ,
-1, ,-45, ,
2, ,-46, ,
-1, ,-45, ,
1, ,-46, ,
1, ,-45, ,
1, ,-46, ,
-1, ,-46, ,
1, ,-45, ,
-1, ,-45, ,
-1, ,-46, ,
1, ,-46, ,
1, ,-46, ,
-1, ,-46, ,
2, ,-46, ,
-1, ,-46, ,
-1, ,-46, ,
1, ,-45, ,
1, ,-46, ,
-1, ,-46, ,
2, ,-46, ,
-1, ,-46, ,
-1, ,-46, ,
1, ,-45, ,
1, ,-46, ,
-1, ,-46, ,
1, ,-46, ,
1, ,-45, ,
-1, ,-46, ,
1, ,-45, ,
1, ,-45, ,
-1, ,-46, ,
1, ,-45, ,
-1, ,-45, ,
1, ,-46, ,
1, ,-46, ,
1, ,-46, ,
-1, ,-46, ,
1, ,-46, ,
1, ,-46, ,
-1, ,-46, ,
1, ,-46, ,
1, ,-46, ,
-1, ,-46, ,
1, ,-46, ,
1, ,-45, ,
1, ,-46, ,
1, ,-45, ,
1, ,-46, ,
-1, ,-45, ,
1, ,-46, ,
-1, ,-46, ,
1, ,-46, ,
1, ,-45, ,
1, ,-46, ,
-1, ,-46, ,
1, ,-46, ,
-1, ,-45, ,
-1, ,-46, ,
1, ,-46, ,
1, ,-45, ,
-1, ,-46, ,
1, ,-46, ,
-1, ,-45, ,
-1, ,-46, ,
1, ,-46, ,
1, ,-46, ,
-1, ,-46, ,
1, ,-45, ,
-1, ,-45, ,
-1, ,-46, ,
1, ,-46, ,
1, ,-46, ,
-1, ,-46, ,
1, ,-45, ,
-1, ,-45, ,
1, ,-46, ,
1, ,-45, ,
1, ,-46, ,
-1, ,-46, ,
2, ,-46, ,
-1, ,-45, ,
-1, ,-46, ,
1, ,-45, ,
1, ,-46, ,
-1, ,-46, ,
1, ,-46, ,
-1, ,-45, ,
-1, ,-46, ,
1, ,-45, ,
1, ,-46, ,
-1, ,-46, ,
1, ,-46, ,
-1, ,-46, ,
-1, ,-46, ,
1, ,-46, ,
1, ,-46, ,
-1, ,-45, ,
1, ,-46, ,
-1, ,-45, ,
-1, ,-46, ,
1, ,-45, ,
1, ,-46, ,
-1, ,-46, ,
1, ,-46, ,
-1, ,-45, ,
-1, ,-46, ,
1, ,-45, ,
1, ,-45, ,
-1, ,-46, ,
1, ,-46, ,
-1, ,-46, ,
-1, ,-46, ,
1, ,-45, ,
1, ,-46, ,
-1, ,-46, ,
2, ,-46, ,
-1, ,-45, ,
-1, ,-46, ,
1, ,-46, ,
2, ,-46, ,
-1, ,-45, ,
1, ,-46, ,
1, ,-46, ,
-1, ,-46, ,
1, ,-46, ,
1, ,-46, ,
-1, ,-46, ,
1, ,-46, ,
-1, ,-45, ,
-1, ,-46, ,
1, ,-45, ,
1, ,-46, ,
-1, ,-46, ,
1, ,-46, ,
-1, ,-45, ,
-1, ,-46, ,
1, ,-45, ,
1, ,-46, ,
-1, ,-46, ,
1, ,-45, ,
-1, ,-46, ,
-1, ,-46, ,
1, ,-46, ,
1, ,-46, ,
-1, ,-46, ,
1, ,-46, ,
1, ,-46, ,
-1, ,-46, ,
1, ,-45, ,
1, ,-45, ,
-1, ,-46, ,
1, ,-46, ,
-1, ,-46, ,
-1, ,-46, ,
1, ,-46, ,
2, ,-46, ,
-1, ,-45, ,
2, ,-46, ,
1, ,-45, ,
-1, ,-46, ,
1, ,-45, ,
1, ,-46, ,
-1, ,-46, ,
2, ,-46, ,
1, ,-45, ,
1, ,-46, ,
1, ,-46, ,
1, ,-46, ,
-1, ,-46, ,
1, ,-46, ,
1, ,-46, ,
1, ,-46, ,
1, ,-46, ,
1, ,-46, ,
-1, ,-46, ,
1, ,-46, ,
-1, ,-45, ,
1, ,-46, ,
1, ,-46, ,
1, ,-45, ,
-1, ,-45, ,
1, ,-45, ,
-1, ,-46, ,
-1, ,-46, ,
1, ,-45, ,
1, ,-46, ,
-1, ,-46, ,
1, ,-45, ,
1, ,-46, ,
-1, ,-46, ,
1, ,-46, ,
1, ,-45, ,
-1, ,-45, ,
1, ,-45, ,
1, ,-46, ,
-1, ,-46, ,
1, ,-45, ,
2, ,-46, ,
-1, ,-46, ,
1, ,-46, ,
-1, ,-46, ,
-1, ,-46, ,
1, ,-46, ,
1, ,-46, ,
-1, ,-45, ,
1, ,-46, ,
-1, ,-45, ,
-1, ,-46, ,
1, ,-45, ,
1, ,-45, ,
-1, ,-46, ,
1, ,-46, ,
-1, ,-46, ,
-1, ,-46, ,
1, ,-46, ,
1, ,-46, ,
-1, ,-45, ,
1, ,-46, ,
-1, ,-45, ,
83, ,-46, ,
52, ,-46, ,
32, ,-46, ,
20, ,-46, ,
15, ,-45, ,
8, ,-46, ,
7, ,-46, ,
6, ,-46, ,
3, ,-46, ,
2, ,-46, ,
3, ,-46, ,
2, ,-46, ,
2, ,-46, ,
2, ,-46, ,
2, ,-45, ,
2, ,-46, ,
3, ,-46, ,
2, ,-46, ,
2, ,-46, ,
2, ,-46, ,
2, ,-46, ,
1, ,-46, ,
3, ,-46, ,
2, ,-45, ,
2, ,-46, ,
2, ,-46, ,
3, ,-46, ,
2, ,-46, ,
3, ,-46, ,
2, ,-46, ,
2, ,-46, ,
2, ,-46, ,
3, ,-46, ,
2, ,-46, ,
3, ,-46, ,
2, ,-46, ,
2, ,-46, ,
2, ,-46, ,
3, ,-45, ,
1, ,-46, ,
3, ,-46, ,
2, ,-45, ,
2, ,-46, ,
3, ,-46, ,
3, ,-46, ,
1, ,-46, ,
3, ,-45, ,
2, ,-46, ,
2, ,-46, ,
3, ,-46, ,
2, ,-46, ,
2, ,-46, ,
3, ,-45, ,
2, ,-42, ,
2, ,-24, ,
2, ,-6, ,
3, ,7, ,
2, ,18, ,
3, ,25, ,
2, ,32, ,
2, ,36, ,
2, ,38, ,
3, ,41, ,
2, ,42, ,
3, ,44, ,
2, ,45, ,
2, ,46, ,
3, ,46, ,
2, ,46, ,
1, ,46, ,
3, ,47, ,
2, ,46, ,
2, ,47, ,
3, ,47, ,
2, ,47, ,
1, ,47, ,
3, ,47, ,
2, ,47, ,
2, ,47, ,
2, ,47, ,
2, ,47, ,
2, ,47, ,
2, ,47, ,
2, ,47, ,
2, ,47, ,
2, ,46, ,
2, ,47, ,
1, ,46, ,
3, ,47, ,
2, ,47, ,
2, ,47, ,
2, ,47, ,
2, ,46, ,
1, ,47, ,
3, ,47, ,
2, ,46, ,
2, ,47, ,
2, ,47, ,
2, ,46, ,
1, ,46, ,
3, ,47, ,
2, ,46, ,
1, ,47, ,
2, ,46, ,
2, ,46, ,
1, ,47, ,
3, ,47, ,
1, ,46, ,
1, ,47, ,
2, ,46, ,
2, ,46, ,
1, ,46, ,
2, ,46, ,
2, ,46, ,
2, ,47, ,
2, ,46, ,
2, ,47, ,
1, ,47, ,
2, ,47, ,
1, ,46, ,
1, ,47, ,
2, ,46, ,
2, ,46, ,
1, ,47, ,
2, ,47, ,
2, ,46, ,
1, ,47, ,
2, ,46, ,
2, ,46, ,
1, ,47, ,
2, ,46, ,
2, ,46, ,
1, ,47, ,
2, ,46, ,
2, ,47, ,
1, ,46, ,
2, ,47, ,
2, ,46, ,
1, ,46, ,
2, ,46, ,
2, ,46, ,
1, ,46, ,
2, ,47, ,
1, ,46, ,
1, ,47, ,
2, ,46, ,
2, ,46, ,
1, ,46, ,
2, ,46, ,
1, ,46, ,
1, ,47, ,
2, ,46, ,
2, ,46, ,
1, ,47, ,
2, ,47, ,
2, ,46, ,
2, ,47, ,
2, ,46, ,
2, ,46, ,
1, ,47, ,
3, ,46, ,
2, ,46, ,
1, ,47, ,
2, ,46, ,
2, ,46, ,
1, ,46, ,
2, ,46, ,
1, ,46, ,
2, ,47, ,
2, ,46, ,
2, ,46, ,
1, ,46, ,
2, ,46, ,
1, ,46, ,
1, ,47, ,
2, ,46, ,
2, ,46, ,
1, ,47, ,
2, ,46, ,
2, ,46, ,
1, ,46, ,
2, ,46, ,
1, ,46, ,
1, ,46, ,
2, ,46, ,
1, ,46, ,
1, ,46, ,
2, ,46, ,
2, ,46, ,
1, ,46, ,
2, ,46, ,
2, ,46, ,
1, ,46, ,
2, ,46, ,
2, ,47, ,
1, ,46, ,
2, ,46, ,
1, ,46, ,
1, ,47, ,
2, ,46, ,
1, ,46, ,
1, ,47, ,
2, ,46, ,
1, ,46, ,
1, ,46, ,
2, ,46, ,
2, ,46, ,
1, ,46, ,
2, ,31, ,
1, ,12, ,
1, ,-3, ,
2, ,-15, ,
1, ,-22, ,
-1, ,-28, ,
2, ,-34, ,
1, ,-37, ,
1, ,-40, ,
2, ,-41, ,
2, ,-43, ,
1, ,-44, ,
2, ,-44, ,
1, ,-45, ,
1, ,-46, ,
2, ,-46, ,
2, ,-46, ,
1, ,-46, ,
2, ,-46, ,
1, ,-46, ,
1, ,-47, ,
2, ,-46, ,
1, ,-46, ,
1, ,-47, ,
2, ,-46, ,
1, ,-46, ,
1, ,-47, ,
2, ,-46, ,
2, ,-46, ,
1, ,-46, ,
2, ,-46, ,
1, ,-46, ,
1, ,-46, ,
2, ,-46, ,
2, ,-46, ,
1, ,-46, ,
2, ,-46, ,
1, ,-46, ,
1, ,-46, ,
2, ,-46, ,
1, ,-46, ,
1, ,-46, ,
2, ,-46, ,
1, ,-46, ,
1, ,-46, ,
2, ,-46, ,
1, ,-46, ,
1, ,-46, ,
2, ,-46, ,
1, ,-46, ,
1, ,-46, ,
2, ,-46, ,
1, ,-46, ,
1, ,-46, ,
2, ,-46, ,
1, ,-46, ,
1, ,-46, ,
2, ,-46, ,
2, ,-46, ,
1, ,-46, ,
2, ,-46, ,
1, ,-45, ,
1, ,-46, ,
2, ,-46, ,
1, ,-46, ,
1, ,-46, ,
2, ,-46, ,
1, ,-46, ,
1, ,-46, ,
1, ,-46, ,
1, ,-46, ,
1, ,-46, ,
2, ,-46, ,
1, ,-46, ,
1, ,-46, ,
1, ,-46, ,
2, ,-46, ,
1, ,-46, ,
2, ,-46, ,
1, ,-46, ,
1, ,-46, ,
2, ,-45, ,
2, ,-46, ,
1, ,-46, ,
2, ,-46, ,
1, ,-46, ,
1, ,-46, ,
2, ,-46, ,
1, ,-46, ,
-1, ,-46, ,
2, ,-46, ,
1, ,-46, ,
1, ,-46, ,
2, ,-45, ,
1, ,-46, ,
1, ,-46, ,
2, ,-45, ,
1, ,-46, ,
1, ,-46, ,
2, ,-46, ,
1, ,-46, ,
1, ,-46, ,
2, ,-45, ,
1, ,-46, ,
1, ,-46, ,
2, ,-46, ,
2, ,-45, ,
1, ,-46, ,
2, ,-46, ,
1, ,-46, ,
1, ,-46, ,
2, ,-46, ,
1, ,-46, ,
1, ,-46, ,
2, ,-46, ,
1, ,-45, ,
1, ,-46, ,
2, ,-45, ,
1, ,-45, ,
1, ,-46, ,
2, ,-46, ,
1, ,-46, ,
1, ,-46, ,
2, ,-46, ,
1, ,-46, ,
1, ,-46, ,
2, ,-46, ,
1, ,-46, ,
1, ,-46, ,
1, ,-45, ,
1, ,-46, ,
-1, ,-46, ,
2, ,-46, ,
1, ,-46, ,
1, ,-46, ,
2, ,-46, ,
2, ,-46, ,
-1, ,-46, ,
2, ,-45, ,
1, ,-45, ,
1, ,-46, ,
2, ,-46, ,
1, ,-46, ,
1, ,-46, ,
2, ,-46, ,
1, ,-46, ,
1, ,-46, ,
2, ,-46, ,
1, ,-46, ,
-1, ,-45, ,
2, ,-46, ,
1, ,-46, ,
1, ,-46, ,
1, ,-45, ,
2, ,-46, ,
-1, ,-46, ,
2, ,-45, ,
1, ,-46, ,
1, ,-46, ,
2, ,-46, ,
1, ,-46, ,
-1, ,-46, ,
2, ,-46, ,
1, ,-46, ,
1, ,-46, ,
2, ,-45, ,
1, ,-46, ,
1, ,-46, ,
2, ,-46, ,
1, ,-46, ,
1, ,-46, ,
2, ,-46, ,
2, ,-45, ,
-1, ,-45, ,
2, ,-46, ,
1, ,-45, ,
1, ,-46, ,
1, ,-46, ,
1, ,-46, ,
-1, ,-46, ,
2, ,-46, ,
1, ,-45, ,
1, ,-46, ,
2, ,-46, ,
2, ,-45, ,
-1, ,-46, ,
2, ,-46, ,
1, ,-46, ,
1, ,-46, ,
1, ,-45, ,
1, ,-46, ,
1, ,-46, ,
2, ,-45, ,
1, ,-46, ,
1, ,-46, ,
2, ,-46, ,
1, ,-46, ,
-1, ,-46, ,
2, ,-46, ,
1, ,-45, ,
1, ,-46, ,
1, ,-45, ,
1, ,-45, ,
-1, ,-46, ,
2, ,-46, ,
1, ,-45, ,
1, ,-46, ,
2, ,-46, ,
1, ,-45, ,
-1, ,-46, ,
2, ,-46, ,
1, ,-46, ,
1, ,-46, ,
1, ,-46, ,
1, ,-46, ,
-1, ,-46, ,
2, ,-46, ,
1, ,-45, ,
1, ,-46, ,
1, ,-46, ,
1, ,-46, ,
-1, ,-46, ,
2, ,-46, ,
1, ,-46, ,
1, ,-46, ,
1, ,-46, ,
1, ,-45, ,
-1, ,-46, ,
2, ,-46, ,
1, ,-46, ,
1, ,-46, ,
2, ,-46, ,
1, ,-46, ,
-1, ,-46, ,
2, ,-45, ,
1, ,-46, ,
1, ,-46, ,
1, ,-46, ,
1, ,-46, ,
-1, ,-46, ,
2, ,-46, ,
1, ,-46, ,
1, ,-46, ,
1, ,-46, ,
2, ,-45, ,
-1, ,-45, ,
2, ,-46, ,
1, ,-45, ,
1, ,-46, ,
1, ,-45, ,
1, ,-46, ,
1, ,-46, ,
2, ,-45, ,
1, ,-45, ,
1, ,-46, ,
2, ,-46, ,
1, ,-46, ,
-1, ,-46, ,
2, ,-46, ,
1, ,-45, ,
1, ,-46, ,
2, ,-45, ,
1, ,-46, ,
-1, ,-46, ,
2, ,-46, ,
1, ,-45, ,
1, ,-46, ,
1, ,-46, ,
1, ,-46, ,
-1, ,-46, ,
2, ,-46, ,
1, ,-46, ,
1, ,-46, ,
1, ,-46, ,
1, ,-46, ,
-1, ,-46, ,
2, ,-46, ,
1, ,-45, ,
1, ,-46, ,
1, ,-45, ,
1, ,-45, ,
-1, ,-45, ,
2, ,-46, ,
1, ,-46, ,
1, ,-46, ,
1, ,-46, ,
1, ,-46, ,
-1, ,-46, ,
2, ,-45, ,
1, ,-46, ,
1, ,-46, ,
1, ,-46, ,
1, ,-46, ,
-1, ,-46, ,
2, ,-46, ,
1, ,-46, ,
1, ,-46, ,
1, ,-45, ,
1, ,-46, ,
-1, ,-45, ,
2, ,-46, ,
1, ,-46, ,
1, ,-46, ,
2, ,-46, ,
1, ,-46, ,
-1, ,-46, ,
2, ,-46, ,
1, ,-46, ,
1, ,-46, ,
1, ,-45, ,
1, ,-45, ,
-1, ,-46, ,
2, ,-46, ,
-1, ,-46, ,
1, ,-46, ,
1, ,-46, ,
2, ,-46, ,
-1, ,-46, ,
1, ,-46, ,
1, ,-45, ,
1, ,-46, ,
1, ,-45, ,
1, ,-46, ,
-1, ,-46, ,
2, ,-46, ,
1, ,-46, ,
1, ,-46, ,
1, ,-46, ,
1, ,-45, ,
-1, ,-45, ,
2, ,-46, ,
1, ,-45, ,
1, ,-46, ,
1, ,-45, ,
1, ,-45, ,
-1, ,-46, ,
2, ,-46, ,
1, ,-46, ,
1, ,-46, ,
1, ,-46, ,
1, ,-46, ,
-1, ,-46, ,
2, ,-46, ,
1, ,-46, ,
1, ,-46, ,
1, ,-46, ,
1, ,-46, ,
-1, ,-46, ,
2, ,-45, ,
1, ,-45, ,
1, ,-46, ,
1, ,-46, ,
1, ,-45, ,
-1, ,-46, ,
2, ,-46, ,
1, ,-46, ,
1, ,-46, ,
1, ,-46, ,
1, ,-45, ,
-1, ,-46, ,
2, ,-46, ,
1, ,-46, ,
1, ,-46, ,
1, ,-46, ,
1, ,-46, ,
-1, ,-46, ,
1, ,-46, ,
1, ,-46, ,
1, ,-46, ,
1, ,-45, ,
2, ,-45, ,
-1, ,-46, ,
2, ,-46, ,
1, ,-45, ,
1, ,-46, ,
1, ,-46, ,
1, ,-45, ,
-1, ,-46, ,
2, ,-46, ,
1, ,-45, ,
1, ,-46, ,
2, ,-46, ,
1, ,-45, ,
-1, ,-46, ,
1, ,-46, ,
1, ,-46, ,
1, ,-46, ,
1, ,-46, ,
1, ,-45, ,
-1, ,-46, ,
2, ,-46, ,
1, ,-46, ,
1, ,-46, ,
1, ,-45, ,
1, ,-46, ,
-1, ,-46, ,
2, ,-46, ,
1, ,-46, ,
1, ,-45, ,
1, ,-46, ,
2, ,-46, ,
-1, ,-46, ,
2, ,-46, ,
1, ,-46, ,
1, ,-46, ,
1, ,-45, ,
1, ,-45, ,
-1, ,-46, ,
1, ,-46, ,
1, ,-46, ,
1, ,-46, ,
2, ,-46, ,
1, ,-46, ,
-1, ,-46, ,
2, ,-46, ,
1, ,-45, ,
1, ,-46, ,
1, ,-46, ,
1, ,-45, ,
-1, ,-46, ,
2, ,-46, ,
1, ,-46, ,
1, ,-46, ,
1, ,-46, ,
1, ,-45, ,
-1, ,-46, ,
2, ,-46, ,
1, ,-46, ,
1, ,-46, ,
1, ,-45, ,
1, ,-45, ,
-1, ,-46, ,
1, ,-46, ,
1, ,-45, ,
1, ,-46, ,
1, ,-45, ,
1, ,-46, ,
-1, ,-46, ,
1, ,-46, ,
1, ,-45, ,
1, ,-46, ,
1, ,-46, ,
1, ,-46, ,
-1, ,-46, ,
1, ,-46, ,
-1, ,-45, ,
1, ,-46, ,
1, ,-46, ,
1, ,-45, ,
-1, ,-46, ,
1, ,-46, ,
1, ,-46, ,
-1, ,-46, ,
1, ,-46, ,
1, ,-45, ,
-1, ,-46, ,
1, ,-46, ,
1, ,-46, ,
-1, ,-46, ,
1, ,-46, ,
1, ,-46, ,
-1, ,-46, ,
2, ,-46, ,
1, ,-46, ,
1, ,-46, ,
2, ,-45, ,
1, ,-45, ,
-1, ,-46, ,
1, ,-46, ,
1, ,-46, ,
1, ,-46, ,
2, ,-46, ,
1, ,-46, ,
-1, ,-46, ,
2, ,-46, ,
1, ,-46, ,
-1, ,-46, ,
1, ,-45, ,
1, ,-46, ,
-1, ,-46, ,
1, ,-45, ,
1, ,-45, ,
1, ,-46, ,
1, ,-46, ,
1, ,-45, ,
-1, ,-46, ,
2, ,-46, ,
-1, ,-46, ,
-1, ,-46, ,
1, ,-45, ,
1, ,-46, ,
-1, ,-46, ,
2, ,-45, ,
1, ,-45, ,
1, ,-46, ,
1, ,-45, ,
1, ,-46, ,
-1, ,-46, ,
1, ,-46, ,
-1, ,-45, ,
1, ,-46, ,
1, ,-45, ,
1, ,-46, ,
-1, ,-46, ,
1, ,-46, ,
-1, ,-46, ,
1, ,-46, ,
1, ,-45, ,
1, ,-45, ,
-1, ,-45, ,
1, ,-46, ,
-1, ,-46, ,
-1, ,-46, ,
1, ,-45, ,
1, ,-45, ,
-1, ,-46, ,
1, ,-46, ,
1, ,-46, ,
1, ,-46, ,
1, ,-46, ,
1, ,-46, ,
-1, ,-46, ,
1, ,-46, ,
1, ,-46, ,
1, ,-46, ,
1, ,-45, ,
1, ,-46, ,
-1, ,-46, ,
2, ,-46, ,
1, ,-46, ,
1, ,-46, ,
1, ,-45, ,
1, ,-45, ,
-1, ,-45, ,
1, ,-45, ,
-1, ,-45, ,
-1, ,-46, ,
1, ,-45, ,
1, ,-45, ,
-1, ,-46, ,
1, ,-46, ,
-1, ,-45, ,
-1, ,-46, ,
1, ,-45, ,
1, ,-45, ,
-1, ,-46, ,
1, ,-46, ,
-1, ,-46, ,
-1, ,-46, ,
1, ,-45, ,
1, ,-46, ,
-1, ,-46, ,
1, ,-45, ,
-1, ,-46, ,
-1, ,-46, ,
1, ,-46, ,
1, ,-46, ,
-1, ,-45, ,
1, ,-45, ,
-1, ,-45, ,
1, ,-46, ,
1, ,-45, ,
1, ,-45, ,
-1, ,-46, ,
1, ,-46, ,
-1, ,-46, ,
-1, ,-46, ,
1, ,-45, ,
2, ,-46, ,
-1, ,-46, ,
1, ,-46, ,
-1, ,-46, ,
-1, ,-46, ,
1, ,-46, ,
1, ,-46, ,
-1, ,-46, ,
1, ,-46, ,
-1, ,-45, ,
-1, ,-46, ,
1, ,-46, ,
1, ,-46, ,
-1, ,-46, ,
1, ,-45, ,
-1, ,-46, ,
-1, ,-46, ,
1, ,-45, ,
1, ,-45, ,
-1, ,-45, ,
2, ,-46, ,
-1, ,-46, ,
-1, ,-46, ,
2, ,-45, ,
1, ,-46, ,
-1, ,-45, ,
1, ,-46, ,
-1, ,-45, ,
-1, ,-46, ,
1, ,-45, ,
1, ,-46, ,
-1, ,-46, ,
2, ,-46, ,
1, ,-45, ,
-1, ,-46, ,
1, ,-45, ,
1, ,-46, ,
-1, ,-45, ,
1, ,-46, ,
-1, ,-45, ,
-1, ,-46, ,
1, ,-45, ,
1, ,-46, ,
-1, ,-45, ,
1, ,-45, ,
-1, ,-45, ,
-1, ,-46, ,
1, ,-45, ,
1, ,-46, ,
-1, ,-46, ,
1, ,-46, ,
1, ,-45, ,
-1, ,-46, ,
1, ,-45, ,
1, ,-46, ,
-1, ,-46, ,
1, ,-45, ,
1, ,-45, ,
1, ,-45, ,
1, ,-30, ,
2, ,-11, ,
-1, ,4, ,
2, ,16, ,
1, ,24, ,
1, ,30, ,
1, ,34, ,
1, ,38, ,
-1, ,40, ,
1, ,42, ,
-1, ,43, ,
1, ,45, ,
1, ,45, ,
1, ,45, ,
-1, ,46, ,
1, ,47, ,
1, ,47, ,
-1, ,47, ,
1, ,47, ,
1, ,47, ,
-1, ,47, ,
2, ,47, ,
1, ,47, ,
1, ,47, ,
1, ,47, ,
-1, ,47, ,
-1, ,47, ,
1, ,47, ,
1, ,47, ,
1, ,47, ,
1, ,46, ,
1, ,47, ,
-1, ,46, ,
1, ,47, ,
-1, ,47, ,
-1, ,47, ,
1, ,46, ,
1, ,46, ,
-1, ,47, ,
2, ,47, ,
-1, ,46, ,
-1, ,46, ,
1, ,46, ,
1, ,46, ,
-1, ,47, ,
1, ,47, ,
-1, ,47, ,
-1, ,47, ,
2, ,46, ,
1, ,46, ,
-1, ,47, ,
2, ,47, ,
-1, ,46, ,
-1, ,46, ,
1, ,46, ,
1, ,46, ,
-1, ,46, ,
2, ,46, ,
1, ,46, ,
-1, ,46, ,
2, ,46, ,
1, ,46, ,
-1, ,47, ,
2, ,47, ,
1, ,46, ,
-1, ,47, ,
1, ,46, ,
1, ,46, ,
-1, ,46, ,
1, ,47, ,
-1, ,46, ,
-1, ,47, ,
1, ,46, ,
1, ,46, ,
-1, ,46, ,
1, ,47, ,
-1, ,46, ,
-1, ,46, ,
1, ,46, ,
1, ,46, ,
-1, ,47, ,
2, ,47, ,
-1, ,46, ,
-1, ,46, ,
1, ,46, ,
1, ,46, ,
-1, ,47, ,
1, ,47, ,
-1, ,46, ,
-1, ,46, ,
1, ,46, ,
1, ,46, ,
-1, ,47, ,
1, ,46, ,
-1, ,46, ,
-1, ,46, ,
1, ,46, ,
1, ,46, ,
-1, ,47, ,
1, ,46, ,
-1, ,46, ,
-1, ,46, ,
1, ,46, ,
1, ,46, ,
-1, ,46, ,
1, ,47, ,
-1, ,46, ,
-1, ,46, ,
1, ,46, ,
1, ,46, ,
-1, ,46, ,
1, ,47, ,
-1, ,46, ,
-1, ,46, ,
1, ,46, ,
1, ,46, ,
-1, ,46, ,
2, ,47, ,
-1, ,46, ,
-1, ,46, ,
1, ,46, ,
1, ,46, ,
-1, ,46, ,
2, ,47, ,
-1, ,46, ,
-1, ,47, ,
1, ,46, ,
1, ,46, ,
-1, ,46, ,
2, ,46, ,
-1, ,46, ,
-1, ,47, ,
2, ,46, ,
1, ,46, ,
-1, ,46, ,
2, ,47, ,
-1, ,46, ,
-1, ,46, ,
1, ,46, ,
1, ,46, ,
-1, ,47, ,
2, ,47, ,
1, ,46, ,
1, ,46, ,
1, ,46, ,
1, ,46, ,
-1, ,46, ,
2, ,46, ,
1, ,46, ,
1, ,47, ,
1, ,46, ,
1, ,46, ,
-1, ,46, ,
2, ,46, ,
-1, ,36, ,
-1, ,17, ,
1, ,1, ,
1, ,-12, ,
-1, ,-21, ,
2, ,-27, ,
-1, ,-33, ,
-1, ,-37, ,
1, ,-39, ,
1, ,-41, ,
-1, ,-43, ,
1, ,-43, ,
-1, ,-44, ,
1, ,-45, ,
1, ,-45, ,
1, ,-45, ,
-1, ,-46, ,
2, ,-46, ,
-1, ,-46, ,
-1, ,-47, ,
1, ,-46, ,
1, ,-46, ,
-1, ,-47, ,
1, ,-47, ,
-1, ,-46, ,
1, ,-46, ,
1, ,-46, ,
1, ,-46, ,
-1, ,-46, ,
1, ,-46, ,
-1, ,-46, ,
-1, ,-46, ,
1, ,-46, ,
1, ,-46, ,
-1, ,-46, ,
1, ,-46, ,
-1, ,-46, ,
-1, ,-46, ,
1, ,-46, ,
1, ,-46, ,
-1, ,-46, ,
1, ,-46, ,
-1, ,-46, ,
-1, ,-46, ,
1, ,-46, ,
1, ,-46, ,
-1, ,-46, ,
1, ,-46, ,
-1, ,-46, ,
-1, ,-46, ,
1, ,-46, ,
1, ,-46, ,
-1, ,-46, ,
1, ,-46, ,
-1, ,-46, ,
-1, ,-46, ,
1, ,-46, ,
1, ,-46, ,
-1, ,-46, ,
1, ,-46, ,
-1, ,-46, ,
-1, ,-46, ,
1, ,-46, ,
1, ,-45, ,
-1, ,-46, ,
1, ,-46, ,
-1, ,-46, ,
-1, ,-46, ,
1, ,-45, ,
1, ,-46, ,
-1, ,-46, ,
1, ,-46, ,
-1, ,-46, ,
-1, ,-46, ,
1, ,-46, ,
1, ,-46, ,
-1, ,-46, ,
1, ,-46, ,
-1, ,-46, ,
-1, ,-46, ,
1, ,-45, ,
1, ,-45, ,
-1, ,-46, ,
1, ,-46, ,
-1, ,-45, ,
-1, ,-46, ,
1, ,-45, ,
1, ,-45, ,
-1, ,-46, ,
1, ,-46, ,
-1, ,-46, ,
-1, ,-46, ,
1, ,-45, ,
1, ,-46, ,
-1, ,-46, ,
1, ,-46, ,
-1, ,-46, ,
-1, ,-46, ,
1, ,-45, ,
1, ,-46, ,
-1, ,-46, ,
1, ,-46, ,
-1, ,-46, ,
-1, ,-46, ,
1, ,-45, ,
1, ,-45, ,
-1, ,-46, ,
1, ,-46, ,
-1, ,-46, ,
-1, ,-46, ,
1, ,-46, ,
1, ,-46, ,
-1, ,-46, ,
1, ,-46, ,
-1, ,-46, ,
-1, ,-46, ,
1, ,-45, ,
1, ,-46, ,
-1, ,-46, ,
1, ,-46, ,
-1, ,-45, ,
-1, ,-46, ,
1, ,-45, ,
1, ,-45, ,
-1, ,-46, ,
1, ,-46, ,
-1, ,-45, ,
-1, ,-46, ,
1, ,-45, ,
1, ,-45, ,
-1, ,-46, ,
1, ,-46, ,
-1, ,-46, ,
-1, ,-46, ,
1, ,-45, ,
1, ,-45, ,
-1, ,-45, ,
1, ,-46, ,
-1, ,-45, ,
-1, ,-46, ,
1, ,-45, ,
1, ,-45, ,
-1, ,-46, ,
1, ,-46, ,
-1, ,-45, ,
-1, ,-46, ,
1, ,-45, ,
1, ,-46, ,
-1, ,-46, ,
1, ,-46, ,
1, ,-45, ,
-1, ,-46, ,
1, ,-45, ,
1, ,-46, ,
-1, ,-46, ,
2, ,-46, ,
-1, ,-46, ,
1, ,-46, ,
1, ,-45, ,
1, ,-45, ,
-1, ,-46, ,
1, ,-45, ,
-1, ,-45, ,
-1, ,-46, ,
1, ,-45, ,
1, ,-45, ,
-1, ,-46, ,
1, ,-46, ,
-1, ,-46, ,
-1, ,-46, ,
1, ,-45, ,
1, ,-46, ,
-1, ,-46, ,
1, ,-46, ,
-1, ,-46, ,
-1, ,-46, ,
1, ,-45, ,
1, ,-45, ,
-1, ,-46, ,
1, ,-46, ,
-1, ,-45, ,
-1, ,-46, ,
1, ,-46, ,
1, ,-46, ,
-1, ,-46, ,
1, ,-46, ,
-1, ,-46, ,
-1, ,-46, ,
1, ,-45, ,
1, ,-46, ,
-1, ,-46, ,
1, ,-46, ,
-1, ,-45, ,
-1, ,-46, ,
1, ,-45, ,
1, ,-46, ,
-1, ,-46, ,
1, ,-46, ,
-1, ,-45, ,
-1, ,-46, ,
1, ,-45, ,
1, ,-45, ,
-1, ,-46, ,
1, ,-45, ,
-1, ,-46, ,
-1, ,-46, ,
1, ,-45, ,
1, ,-45, ,
-1, ,-45, ,
1, ,-45, ,
-1, ,-45, ,
-1, ,-46, ,
1, ,-46, ,
1, ,-45, ,
-1, ,-46, ,
1, ,-45, ,
-1, ,-46, ,
-1, ,-46, ,
1, ,-45, ,
1, ,-45, ,
-1, ,-46, ,
1, ,-46, ,
-1, ,-46, ,
-1, ,-46, ,
1, ,-45, ,
1, ,-45, ,
-1, ,-46, ,
1, ,-45, ,
-1, ,-45, ,
-1, ,-46, ,
1, ,-45, ,
1, ,-46, ,
-1, ,-46, ,
1, ,-46, ,
-1, ,-45, ,
-1, ,-46, ,
1, ,-45, ,
1, ,-45, ,
-1, ,-45, ,
1, ,-45, ,
-1, ,-45, ,
-1, ,-46, ,
1, ,-45, ,
1, ,-45, ,
-1, ,-45, ,
1, ,-45, ,
-1, ,-46, ,
-1, ,-46, ,
1, ,-45, ,
1, ,-46, ,
-1, ,-46, ,
1, ,-46, ,
-1, ,-45, ,
-1, ,-46, ,
1, ,-45, ,
1, ,-45, ,
-1, ,-46, ,
1, ,-45, ,
1, ,-45, ,
-1, ,-46, ,
1, ,-45, ,
1, ,-46, ,
-1, ,-45, ,
1, ,-45, ,
-1, ,-45, ,
-1, ,-46, ,
1, ,-46, ,
1, ,-46, ,
-1, ,-45, ,
1, ,-46, ,
-1, ,-46, ,
-1, ,-46, ,
1, ,-46, ,
1, ,-46, ,
-1, ,-46, ,
1, ,-45, ,
-1, ,-45, ,
-1, ,-45, ,
1, ,-45, ,
1, ,-45, ,
-1, ,-46, ,
1, ,-46, ,
-1, ,-46, ,
1, ,-46, ,
1, ,-45, ,
1, ,-46, ,
-1, ,-46, ,
1, ,-46, ,
-1, ,-45, ,
-1, ,-46, ,
1, ,-46, ,
1, ,-45, ,
-1, ,-45, ,
1, ,-46, ,
-1, ,-45, ,
-1, ,-46, ,
1, ,-45, ,
1, ,-46, ,
-1, ,-46, ,
1, ,-46, ,
-1, ,-46, ,
-1, ,-46, ,
1, ,-46, ,
1, ,-46, ,
-1, ,-46, ,
1, ,-46, ,
-1, ,-45, ,
-1, ,-46, ,
1, ,-45, ,
1, ,-46, ,
-1, ,-46, ,
1, ,-46, ,
-1, ,-45, ,
-1, ,-46, ,
1, ,-45, ,
1, ,-46, ,
-1, ,-46, ,
1, ,-46, ,
-1, ,-46, ,
-1, ,-46, ,
1, ,-45, ,
1, ,-46, ,
-1, ,-46, ,
1, ,-45, ,
-1, ,-46, ,
-1, ,-46, ,
1, ,-46, ,
1, ,-46, ,
-1, ,-46, ,
1, ,-46, ,
-1, ,-45, ,
-1, ,-46, ,
1, ,-45, ,
1, ,-45, ,
-1, ,-46, ,
1, ,-46, ,
-1, ,-46, ,
-1, ,-46, ,
1, ,-46, ,
1, ,-46, ,
-1, ,-45, ,
1, ,-46, ,
-1, ,-46, ,
-1, ,-46, ,
1, ,-45, ,
1, ,-45, ,
-1, ,-46, ,
2, ,-46, ,
-1, ,-46, ,
-1, ,-46, ,
1, ,-46, ,
1, ,-45, ,
-1, ,-46, ,
1, ,-46, ,
-1, ,-46, ,
-1, ,-46, ,
1, ,-45, ,
1, ,-45, ,
-1, ,-46, ,
1, ,-46, ,
-1, ,-45, ,
-1, ,-46, ,
1, ,-46, ,
1, ,-45, ,
-1, ,-46, ,
1, ,-46, ,
-1, ,-45, ,
-1, ,-46, ,
1, ,-45, ,
1, ,-45, ,
-1, ,-46, ,
1, ,-46, ,
-1, ,-46, ,
-1, ,-46, ,
1, ,-46, ,
1, ,-45, ,
-1, ,-46, ,
1, ,-45, ,
-1, ,-46, ,
-1, ,-46, ,
1, ,-46, ,
1, ,-45, ,
-1, ,-46, ,
1, ,-46, ,
-1, ,-46, ,
-1, ,-46, ,
1, ,-46, ,
1, ,-46, ,
-1, ,-46, ,
1, ,-46, ,
-1, ,-46, ,
-1, ,-46, ,
1, ,-45, ,
1, ,-45, ,
-1, ,-46, ,
1, ,-45, ,
-1, ,-45, ,
-1, ,-46, ,
1, ,-45, ,
1, ,-45, ,
-1, ,-45, ,
1, ,-46, ,
-1, ,-46, ,
-1, ,-46, ,
1, ,-46, ,
1, ,-46, ,
-1, ,-46, ,
1, ,-46, ,
-1, ,-45, ,
-1, ,-46, ,
1, ,-45, ,
1, ,-46, ,
-1, ,-46, ,
1, ,-46, ,
-1, ,-46, ,
-1, ,-46, ,
1, ,-45, ,
1, ,-45, ,
-1, ,-46, ,
1, ,-46, ,
-1, ,-46, ,
-1, ,-46, ,
1, ,-46, ,
1, ,-46, ,
-1, ,-45, ,
1, ,-46, ,
-1, ,-46, ,
-1, ,-46, ,
1, ,-45, ,
1, ,-46, ,
-1, ,-46, ,
1, ,-45, ,
-1, ,-45, ,
-1, ,-46, ,
1, ,-46, ,
1, ,-45, ,
-1, ,-46, ,
1, ,-46, ,
-1, ,-46, ,
-1, ,-46, ,
1, ,-45, ,
1, ,-46, ,
-1, ,-46, ,
1, ,-46, ,
-1, ,-45, ,
-1, ,-46, ,
1, ,-45, ,
1, ,-45, ,
-1, ,-45, ,
1, ,-46, ,
-1, ,-46, ,
-1, ,-46, ,
1, ,-46, ,
1, ,-46, ,
-1, ,-46, ,
1, ,-45, ,
-1, ,-45, ,
-1, ,-46, ,
1, ,-46, ,
1, ,-46, ,
-1, ,-46, ,
1, ,-46, ,
-1, ,-46, ,
-1, ,-46, ,
1, ,-45, ,
1, ,-46, ,
-1, ,-46, ,
1, ,-45, ,
-1, ,-45, ,
-1, ,-46, ,
1, ,-45, ,
1, ,-45, ,
-1, ,-45, ,
1, ,-45, ,
-1, ,-46, ,
-1, ,-46, ,
1, ,-45, ,
1, ,-46, ,
-1, ,-46, ,
1, ,-46, ,
-1, ,-46, ,
-1, ,-46, ,
1, ,-46, ,
1, ,-46, ,
-1, ,-46, ,
1, ,-46, ,
-1, ,-46, ,
-1, ,-46, ,
1, ,-45, ,
1, ,-46, ,
-1, ,-46, ,
1, ,-45, ,
-1, ,-45, ,
-1, ,-46, ,
1, ,-45, ,
1, ,-46, ,
-1, ,-46, ,
1, ,-45, ,
-1, ,-46, ,
-1, ,-46, ,
1, ,-45, ,
1, ,-46, ,
-1, ,-46, ,
1, ,-45, ,
-1, ,-45, ,
-1, ,-45, ,
1, ,-46, ,
1, ,-46, ,
-1, ,-45, ,
1, ,-46, ,
-1, ,-45, ,
-1, ,-46, ,
1, ,-45, ,
1, ,-45, ,
-1, ,-46, ,
1, ,-46, ,
-1, ,-46, ,
-1, ,-46, ,
1, ,-45, ,
1, ,-45, ,
-1, ,-46, ,
1, ,-46, ,
1, ,-45, ,
-1, ,-46, ,
1, ,-45, ,
1, ,-46, ,
-1, ,-46, ,
1, ,-46, ,
-1, ,-45, ,
-1, ,-46, ,
1, ,-46, ,
1, ,-46, ,
-1, ,-45, ,
1, ,-45, ,
-1, ,-45, ,
-1, ,-46, ,
1, ,-46, ,
1, ,-45, ,
-1, ,-46, ,
1, ,-45, ,
-1, ,-45, ,
-1, ,-46, ,
1, ,-45, ,
1, ,-46, ,
-1, ,-46, ,
1, ,-46, ,
-1, ,-45, ,
-1, ,-46, ,
1, ,-45, ,
1, ,-46, ,
-1, ,-45, ,
1, ,-46, ,
-1, ,-45, ,
-1, ,-46, ,
1, ,-46, ,
1, ,-46, ,
-1, ,-46, ,
1, ,-46, ,
1, ,-45, ,
-1, ,-46, ,
1, ,-46, ,
1, ,-46, ,
-1, ,-46, ,
1, ,-45, ,
-1, ,-45, ,
1, ,-46, ,
1, ,-45, ,
1, ,-46, ,
-1, ,-45, ,
1, ,-45, ,
1, ,-46, ,
-1, ,-46, ,
1, ,-45, ,
1, ,-46, ,
-1, ,-46, ,
1, ,-46, ,
-1, ,-45, ,
-1, ,-46, ,
1, ,-45, ,
1, ,-46, ,
-1, ,-46, ,
1, ,-46, ,
-1, ,-46, ,
-1, ,-46, ,
1, ,-45, ,
1, ,-46, ,
-1, ,-46, ,
1, ,-46, ,
-1, ,-45, ,
-1, ,-46, ,
1, ,-45, ,
1, ,-46, ,
-1, ,-45, ,
1, ,-46, ,
-1, ,-46, ,
-1, ,-46, ,
1, ,-45, ,
1, ,-46, ,
-1, ,-46, ,
1, ,-45, ,
-1, ,-45, ,
-1, ,-46, ,
1, ,-46, ,
1, ,-46, ,
-1, ,-46, ,
1, ,-46, ,
-1, ,-45, ,
-1, ,-46, ,
1, ,-46, ,
1, ,-46, ,
-1, ,-46, ,
1, ,-46, ,
-1, ,-45, ,
-1, ,-46, ,
1, ,-46, ,
1, ,-46, ,
-1, ,-46, ,
1, ,-45, ,
-1, ,-45, ,
-1, ,-46, ,
1, ,-46, ,
1, ,-45, ,
-1, ,-46, ,
1, ,-45, ,
-1, ,-46, ,
-1, ,-46, ,
1, ,-45, ,
1, ,-34, ,
-1, ,-14, ,
2, ,2, ,
-1, ,14, ,
-1, ,22, ,
1, ,28, ,
1, ,34, ,
-1, ,37, ,
1, ,40, ,
-1, ,42, ,
-1, ,44, ,
1, ,44, ,
1, ,45, ,
-1, ,45, ,
1, ,46, ,
1, ,46, ,
-1, ,47, ,
1, ,46, ,
1, ,47, ,
-1, ,47, ,
2, ,47, ,
-1, ,47, ,
-1, ,47, ,
1, ,47, ,
1, ,47, ,
-1, ,47, ,
1, ,47, ,
-1, ,47, ,
-1, ,47, ,
1, ,47, ,
1, ,47, ,
-1, ,47, ,
1, ,46, ,
-1, ,47, ,
-1, ,47, ,
1, ,47, ,
1, ,47, ,
-1, ,46, ,
1, ,47, ,
-1, ,46, ,
-1, ,47, ,
1, ,46, ,
1, ,46, ,
-1, ,47, ,
2, ,47, ,
-1, ,46, ,
-1, ,47, ,
1, ,46, ,
1, ,46, ,
-1, ,46, ,
2, ,47, ,
-1, ,46, ,
-1, ,47, ,
1, ,46, ,
1, ,46, ,
-1, ,46, ,
1, ,46, ,
-1, ,46, ,
-1, ,47, ,
1, ,46, ,
1, ,46, ,
-1, ,47, ,
2, ,47, ,
-1, ,46, ,
-1, ,46, ,
1, ,46, ,
1, ,46, ,
-1, ,46, ,
2, ,47, ,
-1, ,46, ,
-1, ,47, ,
1, ,46, ,
1, ,46, ,
-1, ,46, ,
1, ,47, ,
-1, ,46, ,
-1, ,46, ,
1, ,46, ,
-1, ,46, ,
-2, ,46, ,
1, ,46, ,
-1, ,46, ,
-1, ,47, ,
1, ,46, ,
1, ,46, ,
-1, ,46, ,
1, ,46, ,
-1, ,46, ,
-1, ,46, ,
1, ,47, ,
1, ,46, ,
-1, ,46, ,
2, ,46, ,
-1, ,46, ,
-1, ,47, ,
1, ,46, ,
1, ,46, ,
-1, ,47, ,
1, ,46, ,
-1, ,46, ,
-1, ,46, ,
1, ,46, ,
1, ,46, ,
-1, ,46, ,
1, ,46, ,
-1, ,46, ,
-1, ,47, ,
1, ,46, ,
1, ,46, ,
-1, ,46, ,
1, ,47, ,
-1, ,46, ,
-1, ,47, ,
1, ,46, ,
1, ,46, ,
-1, ,46, ,
1, ,46, ,
-1, ,46, ,
-1, ,46, ,
1, ,46, ,
1, ,46, ,
-1, ,46, ,
2, ,47, ,
-1, ,46, ,
-1, ,46, ,
1, ,46, ,
1, ,46, ,
-1, ,46, ,
2, ,46, ,
-1, ,46, ,
-1, ,47, ,
1, ,46, ,
1, ,46, ,
-1, ,46, ,
1, ,46, ,
-1, ,46, ,
-1, ,47, ,
1, ,46, ,
1, ,46, ,
-1, ,46, ,
2, ,46, ,
-1, ,46, ,
-1, ,47, ,
1, ,46, ,
1, ,46, ,
-1, ,46, ,
2, ,46, ,
-1, ,46, ,
-1, ,47, ,
1, ,46, ,
1, ,46, ,
-1, ,46, ,
2, ,46, ,
-1, ,46, ,
-1, ,41, ,
1, ,21, ,
1, ,4, ,
-1, ,-8, ,
1, ,-19, ,
-1, ,-25, ,
-1, ,-32, ,
1, ,-35, ,
1, ,-38, ,
-1, ,-41, ,
2, ,-42, ,
-1, ,-43, ,
-1, ,-44, ,
1, ,-45, ,
1, ,-46, ,
-1, ,-45, ,
1, ,-46, ,
-1, ,-46, ,
-1, ,-47, ,
1, ,-46, ,
1, ,-46, ,
-1, ,-46, ,
1, ,-46, ,
-1, ,-46, ,
-1, ,-47, ,
1, ,-46, ,
1, ,-46, ,
-1, ,-46, ,
2, ,-46, ,
1, ,-46, ,
-1, ,-47, ,
1, ,-46, ,
1, ,-46, ,
-1, ,-46, ,
1, ,-46, ,
-1, ,-46, ,
-1, ,-46, ,
1, ,-46, ,
1, ,-46, ,
-1, ,-46, ,
1, ,-46, ,
-1, ,-46, ,
-1, ,-46, ,
1, ,-46, ,
1, ,-46, ,
-1, ,-46, ,
1, ,-46, ,
-1, ,-45, ,
-1, ,-46, ,
1, ,-46, ,
1, ,-46, ,
-1, ,-46, ,
1, ,-46, ,
-1, ,-46, ,
-1, ,-46, ,
1, ,-46, ,
99, ,-46, ,
68, ,-46, ,
40, ,-45, ,
26, ,-45, ,
16, ,-46, ,
11, ,-46, ,
7, ,-46, ,
3, ,-46, ,
6, ,-46, ,
2, ,-45, ,
2, ,-46, ,
3, ,-46, ,
2, ,-46, ,
2, ,-46, ,
3, ,-46, ,
2, ,-45, ,
2, ,-46, ,
2, ,-46, ,
3, ,-46, ,
1, ,-45, ,
3, ,-45, ,
2, ,-45, ,
2, ,-46, ,
2, ,-46, ,
3, ,-45, ,
1, ,-46, ,
3, ,-45, ,
2, ,-46, ,
2, ,-46, ,
2, ,-46, ,
2, ,-46, ,
1, ,-46, ,
3, ,-46, ,
2, ,-46, ,
1, ,-46, ,
2, ,-46, ,
2, ,-46, ,
1, ,-46, ,
3, ,-46, ,
1, ,-46, ,
2, ,-46, ,
2, ,-46, ,
3, ,-46, ,
1, ,-45, ,
3, ,-46, ,
2, ,-46, ,
2, ,-46, ,
2, ,-46, ,
3, ,-46, ,
1, ,-46, ,
3, ,-46, ,
2, ,-45, ,
2, ,-46, ,
2, ,-46, ,
3, ,-45, ,
1, ,-46, ,
3, ,-46, ,
2, ,-45, ,
2, ,-46, ,
3, ,-45, ,
2, ,-46, ,
2, ,-46, ,
3, ,-46, ,
2, ,-46, ,
2, ,-46, ,
2, ,-46, ,
2, ,-46, ,
1, ,-45, ,
3, ,-46, ,
2, ,-46, ,
2, ,-46, ,
2, ,-45, ,
2, ,-46, ,
1, ,-45, ,
3, ,-46, ,
2, ,-46, ,
1, ,-46, ,
2, ,-46, ,
3, ,-46, ,
1, ,-46, ,
3, ,-46, ,
2, ,-46, ,
1, ,-46, ,
2, ,-45, ,
2, ,-46, ,
1, ,-46, ,
3, ,-45, ,
1, ,-45, ,
2, ,-46, ,
2, ,-46, ,
3, ,-46, ,
1, ,-46, ,
2, ,-45, ,
2, ,-46, ,
2, ,-46, ,
2, ,-46, ,
2, ,-45, ,
1, ,-46, ,
3, ,-46, ,
2, ,-46, ,
2, ,-46, ,
11, ,-46, ,
22, ,-46, ,
16, ,-45, ,
12, ,-46, ,
8, ,-45, ,
6, ,-46, ,
6, ,-46, ,
5, ,-45, ,
2, ,-46, ,
5, ,-46, ,
2, ,-45, ,
2, ,-46, ,
3, ,-46, ,
3, ,-46, ,
2, ,-45, ,
3, ,-46, ,
2, ,-46, ,
2, ,-46, ,
3, ,-46, ,
3, ,-46, ,
1, ,-46, ,
3, ,-46, ,
2, ,-45, ,
2, ,-46, ,
2, ,-46, ,
3, ,-45, ,
1, ,-45, ,
3, ,-46, ,
2, ,-45, ,
2, ,-46, ,
2, ,-46, ,
3, ,-45, ,
2, ,-45, ,
3, ,-46, ,
2, ,-46, ,
2, ,-46, ,
2, ,-46, ,
3, ,-45, ,
1, ,-46, ,
3, ,-46, ,
2, ,-45, ,
2, ,-46, ,
2, ,-46, ,
2, ,-46, ,
2, ,-46, ,
3, ,-45, ,
2, ,-46, ,
1, ,-46, ,
2, ,-46, ,
3, ,-46, ,
1, ,-45, ,
3, ,-45, ,
2, ,-45, ,
2, ,-46, ,
2, ,-46, ,
3, ,-45, ,
2, ,-46, ,
3, ,-46, ,
2, ,-45, ,
2, ,-46, ,
2, ,-46, ,
3, ,-46, ,
1, ,-46, ,
2, ,-46, ,
2, ,-45, ,
2, ,-46, ,
2, ,-46, ,
2, ,-46, ,
1, ,-46, ,
2, ,-45, ,
2, ,-45, ,
2, ,-46, ,
2, ,-46, ,
2, ,-46, ,
1, ,-46, ,
3, ,-45, ,
2, ,-46, ,
1, ,-46, ,
2, ,-46, ,
2, ,-45, ,
1, ,-46, ,
3, ,-46, ,
2, ,-46, ,
1, ,-46, ,
2, ,-45, ,
3, ,-45, ,
1, ,-45, ,
2, ,-46, ,
2, ,-46, ,
2, ,-46, ,
3, ,-46, ,
2, ,-46, ,
1, ,-46, ,
3, ,-46, ,
2, ,-46, ,
2, ,-46, ,
2, ,-46, ,
2, ,-46, ,
1, ,-46, ,
2, ,-46, ,
2, ,-46, ,
2, ,-46, ,
2, ,-45, ,
2, ,-46, ,
1, ,-46, ,
3, ,-46, ,
2, ,-46, ,
2, ,-46, ,
2, ,-46, ,
2, ,-46, ,
1, ,-46, ,
3, ,-46, ,
2, ,-46, ,
2, ,-46, ,
2, ,-45, ,
2, ,-45, ,
1, ,-46, ,
3, ,-45, ,
2, ,-46, ,
2, ,-45, ,
2, ,-45, ,
2, ,-46, ,
1, ,-46, ,
2, ,-46, ,
1, ,-46, ,
1, ,-46, ,
2, ,-46, ,
2, ,-46, ,
1, ,-46, ,
3, ,-46, ,
1, ,-46, ,
2, ,-45, ,
2, ,-45, ,
2, ,-45, ,
1, ,-46, ,
2, ,-46, ,
2, ,-46, ,
2, ,-46, ,
2, ,-45, ,
2, ,-45, ,
1, ,-45, ,
2, ,-46, ,
1, ,-46, ,
1, ,-46, ,
2, ,-46, ,
2, ,-46, ,
1, ,-45, ,
2, ,-46, ,
1, ,-46, ,
1, ,-46, ,
2, ,-46, ,
2, ,-45, ,
1, ,-46, ,
2, ,-46, ,
1, ,-46, ,
2, ,-46, ,
2, ,-45, ,
2, ,-45, ,
1, ,-46, ,
2, ,-46, ,
1, ,-46, ,
2, ,-46, ,
2, ,-45, ,
2, ,-46, ,
1, ,-46, ,
2, ,-46, ,
1, ,-46, ,
1, ,-46, ,
2, ,-45, ,
2, ,-46, ,
1, ,-46, ,
2, ,-46, ,
1, ,-46, ,
1, ,-46, ,
2, ,-45, ,
2, ,-46, ,
1, ,-46, ,
2, ,-46, ,
1, ,-46, ,
1, ,-46, ,
2, ,-45, ,
2, ,-45, ,
1, ,-46, ,
3, ,-45, ,
1, ,-46, ,
1, ,-46, ,
2, ,-45, ,
2, ,-46, ,
1, ,-46, ,
2, ,-46, ,
1, ,-46, ,
1, ,-46, ,
2, ,-45, ,
2, ,-46, ,
1, ,-45, ,
2, ,-46, ,
1, ,-46, ,
1, ,-46, ,
2, ,-45, ,
2, ,-45, ,
1, ,-46, ,
2, ,-45, ,
1, ,-46, ,
1, ,-46, ,
2, ,-46, ,
2, ,-45, ,
1, ,-46, ,
2, ,-45, ,
2, ,-45, ,
1, ,-46, ,
2, ,-45, ,
2, ,-46, ,
1, ,-45, ,
2, ,-45, ,
1, ,-45, ,
1, ,-45, ,
2, ,-46, ,
2, ,-46, ,
1, ,-46, ,
2, ,-46, ,
1, ,-46, ,
2, ,-46, ,
2, ,-45, ,
2, ,-46, ,
1, ,-46, ,
2, ,-46, ,
1, ,-46, ,
1, ,-46, ,
2, ,-46, ,
1, ,-46, ,
1, ,-45, ,
2, ,-45, ,
1, ,-45, ,
1, ,-46, ,
2, ,-45, ,
2, ,-46, ,
1, ,-45, ,
2, ,-45, ,
1, ,-45, ,
1, ,-46, ,
2, ,-45, ,
1, ,-46, ,
1, ,-46, ,
2, ,-46, ,
1, ,-45, ,
1, ,-46, ,
2, ,-46, ,
1, ,-46, ,
1, ,-46, ,
2, ,-45, ,
1, ,-45, ,
1, ,-46, ,
2, ,-45, ,
1, ,-46, ,
1, ,-45, ,
2, ,-46, ,
1, ,-46, ,
1, ,-46, ,
2, ,-45, ,
2, ,-46, ,
1, ,-46, ,
2, ,-45, ,
1, ,-45, ,
1, ,-46, ,
2, ,-46, ,
1, ,-45, ,
1, ,-45, ,
2, ,-45, ,
1, ,-45, ,
1, ,-46, ,
2, ,-45, ,
1, ,-46, ,
1, ,-46, ,
2, ,-45, ,
1, ,-45, ,
1, ,-46, ,
2, ,-46, ,
1, ,-46, ,
1, ,-46, ,
2, ,-46, ,
1, ,-45, ,
1, ,-46, ,
2, ,-45, ,
1, ,-46, ,
1, ,-46, ,
2, ,-45, ,
1, ,-45, ,
1, ,-45, ,
2, ,-45, ,
1, ,-46, ,
-1, ,-45, ,
2, ,-46, ,
1, ,-46, ,
1, ,-46, ,
2, ,-45, ,
1, ,-46, ,
1, ,-46, ,
2, ,-45, ,
1, ,-45, ,
1, ,-46, ,
2, ,-46, ,
2, ,-46, ,
-1, ,-45, ,
2, ,-45, ,
1, ,-45, ,
1, ,-46, ,
2, ,-45, ,
1, ,-45, ,
-1, ,-46, ,
2, ,-46, ,
1, ,-45, ,
1, ,-46, ,
2, ,-46, ,
2, ,-46, ,
-1, ,-46, ,
1, ,-45, ,
1, ,-46, ,
1, ,-46, ,
2, ,-46, ,
1, ,-46, ,
1, ,-46, ,
2, ,-46, ,
1, ,-46, ,
1, ,-46, ,
2, ,-45, ,
1, ,-46, ,
-1, ,-45, ,
2, ,-46, ,
1, ,-45, ,
1, ,-46, ,
2, ,-45, ,
1, ,-46, ,
1, ,-46, ,
2, ,-46, ,
1, ,-45, ,
1, ,-46, ,
2, ,-45, ,
1, ,-46, ,
-1, ,-46, ,
2, ,-46, ,
1, ,-45, ,
1, ,-46, ,
2, ,-45, ,
1, ,-46, ,
-1, ,-46, ,
2, ,-46, ,
1, ,-46, ,
1, ,-46, ,
2, ,-46, ,
1, ,-45, ,
1, ,-45, ,
2, ,-45, ,
1, ,-46, ,
1, ,-46, ,
2, ,-45, ,
1, ,-46, ,
-1, ,-46, ,
2, ,-46, ,
1, ,-45, ,
1, ,-46, ,
2, ,-45, ,
1, ,-46, ,
-1, ,-46, ,
2, ,-45, ,
1, ,-45, ,
1, ,-46, ,
2, ,-45, ,
1, ,-46, ,
1, ,-46, ,
2, ,-45, ,
1, ,-46, ,
1, ,-46, ,
2, ,-46, ,
1, ,-45, ,
-1, ,-45, ,
2, ,-46, ,
1, ,-45, ,
1, ,-46, ,
2, ,-45, ,
1, ,-46, ,
-1, ,-46, ,
2, ,-46, ,
1, ,-46, ,
1, ,-46, ,
2, ,-46, ,
1, ,-46, ,
1, ,-46, ,
2, ,-46, ,
1, ,-46, ,
1, ,-46, ,
2, ,-45, ,
1, ,-45, ,
-1, ,-46, ,
2, ,-45, ,
1, ,-46, ,
1, ,-46, ,
2, ,-45, ,
1, ,-46, ,
-1, ,-45, ,
2, ,-46, ,
1, ,-46, ,
1, ,-46, ,
2, ,-46, ,
1, ,-46, ,
1, ,-46, ,
2, ,-46, ,
1, ,-46, ,
1, ,-46, ,
2, ,-46, ,
1, ,-46, ,
-1, ,-45, ,
2, ,-46, ,
1, ,-45, ,
1, ,-46, ,
2, ,-46, ,
1, ,-45, ,
1, ,-46, ,
2, ,-46, ,
1, ,-45, ,
1, ,-46, ,
2, ,-46, ,
1, ,-46, ,
-1, ,-46, ,
2, ,-46, ,
1, ,-46, ,
1, ,-46, ,
1, ,-45, ,
1, ,-46, ,
-1, ,-46, ,
1, ,-46, ,
1, ,-45, ,
1, ,-46, ,
2, ,-45, ,
1, ,-46, ,
-1, ,-46, ,
2, ,-46, ,
1, ,-46, ,
1, ,-46, ,
1, ,-45, ,
1, ,-46, ,
-1, ,-46, ,
2, ,-46, ,
1, ,-46, ,
1, ,-46, ,
2, ,-46, ,
1, ,-46, ,
-1, ,-45, ,
2, ,-46, ,
1, ,-45, ,
1, ,-46, ,
2, ,-45, ,
1, ,-46, ,
-1, ,-46, ,
2, ,-46, ,
1, ,-46, ,
1, ,-46, ,
1, ,-46, ,
1, ,-46, ,
-1, ,-46, ,
2, ,-46, ,
1, ,-46, ,
1, ,-46, ,
2, ,-45, ,
1, ,-46, ,
-1, ,-46, ,
2, ,-46, ,
1, ,-45, ,
1, ,-46, ,
1, ,-46, ,
73, ,-45, ,
46, ,-38, ,
30, ,-19, ,
20, ,-2, ,
13, ,11, ,
10, ,20, ,
7, ,27, ,
5, ,33, ,
6, ,37, ,
3, ,39, ,
2, ,42, ,
3, ,43, ,
2, ,44, ,
2, ,45, ,
3, ,46, ,
2, ,46, ,
2, ,46, ,
3, ,46, ,
3, ,46, ,
2, ,47, ,
3, ,47, ,
2, ,47, ,
2, ,47, ,
3, ,47, ,
2, ,47, ,
1, ,47, ,
3, ,47, ,
2, ,47, ,
2, ,47, ,
3, ,47, ,
2, ,47, ,
2, ,47, ,
3, ,47, ,
2, ,47, ,
2, ,47, ,
3, ,47, ,
2, ,47, ,
2, ,47, ,
3, ,47, ,
2, ,46, ,
2, ,47, ,
3, ,46, ,
2, ,46, ,
2, ,46, ,
3, ,47, ,
2, ,46, ,
2, ,47, ,
3, ,46, ,
2, ,46, ,
1, ,46, ,
3, ,47, ,
2, ,46, ,
2, ,47, ,
3, ,46, ,
2, ,46, ,
2, ,47, ,
3, ,47, ,
2, ,46, ,
1, ,47, ,
3, ,46, ,
2, ,46, ,
1, ,46, ,
3, ,47, ,
2, ,46, ,
2, ,46, ,
3, ,46, ,
2, ,46, ,
1, ,47, ,
3, ,47, ,
1, ,46, ,
2, ,47, ,
3, ,46, ,
2, ,46, ,
1, ,46, ,
2, ,46, ,
2, ,46, ,
2, ,46, ,
3, ,47, ,
2, ,46, ,
1, ,46, ,
2, ,46, ,
2, ,46, ,
2, ,47, ,
3, ,46, ,
2, ,46, ,
1, ,47, ,
2, ,47, ,
2, ,46, ,
1, ,47, ,
2, ,46, ,
2, ,46, ,
1, ,46, ,
2, ,46, ,
2, ,46, ,
2, ,47, ,
3, ,46, ,
2, ,46, ,
1, ,46, ,
2, ,46, ,
2, ,46, ,
1, ,47, ,
2, ,46, ,
2, ,46, ,
1, ,46, ,
2, ,46, ,
2, ,46, ,
1, ,47, ,
2, ,46, ,
2, ,46, ,
1, ,46, ,
2, ,47, ,
2, ,46, ,
1, ,47, ,
2, ,46, ,
2, ,46, ,
1, ,46, ,
2, ,46, ,
1, ,46, ,
1, ,46, ,
2, ,46, ,
2, ,46, ,
1, ,46, ,
2, ,46, ,
2, ,46, ,
2, ,46, ,
2, ,46, ,
2, ,46, ,
1, ,46, ,
2, ,47, ,
1, ,46, ,
1, ,46, ,
2, ,46, ,
2, ,46, ,
1, ,46, ,
2, ,47, ,
2, ,46, ,
2, ,46, ,
2, ,46, ,
2, ,46, ,
1, ,46, ,
2, ,47, ,
1, ,46, ,
1, ,46, ,
2, ,46, ,
1, ,46, ,
1, ,46, ,
3, ,46, ,
1, ,46, ,
1, ,47, ,
2, ,46, ,
2, ,46, ,
1, ,46, ,
2, ,47, ,
1, ,46, ,
2, ,47, ,
2, ,44, ,
1, ,27, ,
1, ,8, ,
2, ,-5, ,
1, ,-16, ,
1, ,-24, ,
2, ,-30, ,
2, ,-34, ,
1, ,-38, ,
2, ,-40, ,
1, ,-42, ,
2, ,-43, ,
2, ,-44, ,
2, ,-44, ,
1, ,-45, ,
2, ,-45, ,
1, ,-46, ,
2, ,-47, ,
2, ,-46, ,
2, ,-46, ,
1, ,-46, ,
2, ,-46, ,
1, ,-46, ,
2, ,-46, ,
2, ,-46, ,
2, ,-46, ,
1, ,-46, ,
2, ,-46, ,
2, ,-46, ,
2, ,-47, ,
2, ,-46, ,
2, ,-46, ,
1, ,-46, ,
2, ,-46, ,
1, ,-46, ,
1, ,-46, ,
2, ,-46, ,
2, ,-46, ,
1, ,-46, ,
2, ,-46, ,
1, ,-46, ,
1, ,-46, ,
2, ,-46, ,
2, ,-46, ,
1, ,-46, ,
2, ,-46, ,
1, ,-46, ,
1, ,-46, ,
2, ,-46, ,
2, ,-46, ,
1, ,-46, ,
2, ,-46, ,
1, ,-46, ,
1, ,-46, ,
2, ,-46, ,
2, ,-46, ,
1, ,-46, ,
2, ,-46, ,
1, ,-45, ,
1, ,-46, ,
2, ,-46, ,
2, ,-46, ,
1, ,-46, ,
2, ,-46, ,
1, ,-46, ,
1, ,-46, ,
2, ,-45, ,
1, ,-46, ,
1, ,-46, ,
2, ,-46, ,
1, ,-46, ,
1, ,-46, ,
2, ,-46, ,
1, ,-46, ,
1, ,-46, ,
2, ,-46, ,
1, ,-45, ,
1, ,-46, ,
2, ,-46, ,
2, ,-46, ,
1, ,-46, ,
2, ,-46, ,
1, ,-46, ,
1, ,-46, ,
2, ,-46, ,
2, ,-46, ,
1, ,-45, ,
2, ,-46, ,
1, ,-46, ,
1, ,-46, ,
2, ,-46, ,
2, ,-46, ,
1, ,-46, ,
2, ,-46, ,
1, ,-45, ,
1, ,-46, ,
2, ,-46, ,
2, ,-46, ,
1, ,-46, ,
2, ,-46, ,
1, ,-46, ,
1, ,-46, ,
2, ,-46, ,
2, ,-46, ,
1, ,-46, ,
2, ,-46, ,
1, ,-46, ,
1, ,-46, ,
2, ,-45, ,
1, ,-46, ,
1, ,-46, ,
2, ,-46, ,
1, ,-46, ,
1, ,-46, ,
2, ,-46, ,
1, ,-46, ,
1, ,-46, ,
2, ,-46, ,
1, ,-45, ,
1, ,-46, ,
2, ,-46, ,
1, ,-46, ,
1, ,-46, ,
2, ,-46, ,
1, ,-45, ,
1, ,-46, ,
2, ,-45, ,
1, ,-46, ,
1, ,-46, ,
2, ,-46, ,
1, ,-46, ,
1, ,-46, ,
2, ,-46, ,
2, ,-45, ,
1, ,-46, ,
2, ,-46, ,
1, ,-46, ,
1, ,-46, ,
2, ,-45, ,
1, ,-46, ,
1, ,-46, ,
2, ,-46, ,
1, ,-45, ,
1, ,-46, ,
2, ,-46, ,
1, ,-46, ,
1, ,-46, ,
2, ,-46, ,
1, ,-46, ,
1, ,-46, ,
2, ,-46, ,
1, ,-46, ,
1, ,-46, ,
2, ,-46, ,
1, ,-45, ,
1, ,-46, ,
2, ,-45, ,
1, ,-46, ,
1, ,-46, ,
2, ,-46, ,
1, ,-46, ,
1, ,-46, ,
2, ,-46, ,
1, ,-46, ,
1, ,-46, ,
2, ,-46, ,
1, ,-46, ,
1, ,-46, ,
2, ,-46, ,
2, ,-46, ,
1, ,-46, ,
2, ,-46, ,
1, ,-46, ,
1, ,-46, ,
2, ,-46, ,
2, ,-46, ,
1, ,-46, ,
2, ,-46, ,
1, ,-45, ,
1, ,-46, ,
2, ,-46, ,
1, ,-46, ,
1, ,-46, ,
2, ,-46, ,
1, ,-46, ,
1, ,-46, ,
2, ,-45, ,
1, ,-45, ,
1, ,-46, ,
2, ,-46, ,
1, ,-45, ,
1, ,-46, ,
2, ,-46, ,
1, ,-46, ,
1, ,-46, ,
2, ,-46, ,
1, ,-46, ,
1, ,-46, ,
2, ,-46, ,
1, ,-46, ,
1, ,-46, ,
1, ,-46, ,
1, ,-46, ,
1, ,-46, ,
2, ,-46, ,
1, ,-45, ,
1, ,-46, ,
2, ,-46, ,
1, ,-46, ,
1, ,-46, ,
2, ,-45, ,
1, ,-45, ,
-1, ,-46, ,
2, ,-46, ,
1, ,-45, ,
1, ,-46, ,
1, ,-46, ,
1, ,-46, ,
-1, ,-46, ,
2, ,-46, ,
1, ,-45, ,
1, ,-46, ,
2, ,-46, ,
2, ,-46, ,
-1, ,-46, ,
2, ,-46, ,
1, ,-45, ,
1, ,-46, ,
1, ,-46, ,
1, ,-46, ,
-1, ,-46, ,
2, ,-46, ,
1, ,-46, ,
1, ,-46, ,
2, ,-45, ,
1, ,-45, ,
-1, ,-45, ,
2, ,-46, ,
1, ,-45, ,
1, ,-46, ,
2, ,-46, ,
1, ,-46, ,
1, ,-46, ,
2, ,-46, ,
1, ,-46, ,
1, ,-46, ,
1, ,-46, ,
1, ,-46, ,
-1, ,-46, ,
2, ,-46, ,
1, ,-46, ,
1, ,-46, ,
1, ,-46, ,
1, ,-46, ,
-1, ,-46, ,
2, ,-46, ,
1, ,-46, ,
1, ,-46, ,
1, ,-45, ,
1, ,-46, ,
1, ,-46, ,
2, ,-46, ,
1, ,-46, ,
1, ,-46, ,
2, ,-46, ,
1, ,-46, ,
-1, ,-46, ,
2, ,-46, ,
1, ,-45, ,
1, ,-46, ,
2, ,-46, ,
1, ,-45, ,
1, ,-46, ,
2, ,-46, ,
1, ,-46, ,
1, ,-46, ,
2, ,-46, ,
2, ,-46, ,
1, ,-45, ,
2, ,-46, ,
1, ,-46, ,
1, ,-46, ,
2, ,-45, ,
1, ,-46, ,
-1, ,-46, ,
2, ,-46, ,
1, ,-45, ,
1, ,-46, ,
2, ,-45, ,
1, ,-46, ,
-1, ,-46, ,
2, ,-46, ,
1, ,-46, ,
1, ,-46, ,
2, ,-46, ,
1, ,-46, ,
1, ,-46, ,
2, ,-46, ,
1, ,-45, ,
1, ,-46, ,
2, ,-45, ,
1, ,-45, ,
-1, ,-45, ,
2, ,-46, ,
1, ,-46, ,
1, ,-46, ,
2, ,-45, ,
2, ,-46, ,
-1, ,-46, ,
1, ,-46, ,
1, ,-45, ,
1, ,-46, ,
2, ,-45, ,
1, ,-46, ,
-1, ,-45, ,
2, ,-46, ,
1, ,-46, ,
1, ,-46, ,
1, ,-45, ,
1, ,-46, ,
-1, ,-46, ,
2, ,-46, ,
1, ,-46, ,
1, ,-46, ,
2, ,-45, ,
1, ,-46, ,
-1, ,-46, ,
2, ,-46, ,
1, ,-46, ,
1, ,-46, ,
2, ,-45, ,
1, ,-45, ,
-1, ,-46, ,
2, ,-46, ,
1, ,-45, ,
1, ,-46, ,
1, ,-46, ,
1, ,-46, ,
-1, ,-46, ,
1, ,-46, ,
1, ,-46, ,
1, ,-46, ,
1, ,-45, ,
1, ,-45, ,
-1, ,-46, ,
1, ,-46, ,
1, ,-46, ,
1, ,-46, ,
2, ,-45, ,
2, ,-45, ,
-1, ,-46, ,
2, ,-46, ,
1, ,-46, ,
1, ,-46, ,
1, ,-46, ,
1, ,-45, ,
-1, ,-46, ,
1, ,-46, ,
-1, ,-46, ,
-1, ,-46, ,
1, ,-46, ,
1, ,-45, ,
-1, ,-46, ,
2, ,-46, ,
1, ,-46, ,
-1, ,-46, ,
1, ,-45, ,
1, ,-46, ,
-1, ,-46, ,
1, ,-46, ,
-1, ,-45, ,
1, ,-45, ,
1, ,-46, ,
1, ,-46, ,
-1, ,-46, ,
2, ,-46, ,
1, ,-45, ,
1, ,-46, ,
1, ,-46, ,
1, ,-46, ,
-1, ,-46, ,
2, ,-46, ,
1, ,-45, ,
1, ,-46, ,
1, ,-45, ,
1, ,-46, ,
-1, ,-46, ,
2, ,-46, ,
1, ,-46, ,
1, ,-46, ,
1, ,-45, ,
1, ,-46, ,
-1, ,-46, ,
2, ,-46, ,
1, ,-45, ,
1, ,-46, ,
1, ,-46, ,
2, ,-46, ,
-1, ,-46, ,
2, ,-46, ,
1, ,-46, ,
1, ,-46, ,
2, ,-45, ,
1, ,-46, ,
-1, ,-46, ,
2, ,-45, ,
1, ,-46, ,
1, ,-46, ,
1, ,-45, ,
1, ,-45, ,
-1, ,-46, ,
2, ,-46, ,
-1, ,-46, ,
1, ,-46, ,
1, ,-45, ,
1, ,-46, ,
-1, ,-46, ,
2, ,-46, ,
1, ,-46, ,
1, ,-46, ,
1, ,-45, ,
1, ,-45, ,
-1, ,-45, ,
2, ,-45, ,
1, ,-45, ,
1, ,-46, ,
1, ,-45, ,
2, ,-45, ,
-1, ,-46, ,
2, ,-46, ,
1, ,-45, ,
1, ,-46, ,
1, ,-46, ,
1, ,-46, ,
-1, ,-46, ,
2, ,-46, ,
1, ,-46, ,
1, ,-46, ,
1, ,-45, ,
1, ,-46, ,
-1, ,-46, ,
1, ,-46, ,
1, ,-46, ,
1, ,-46, ,
1, ,-46, ,
1, ,-46, ,
-1, ,-45, ,
2, ,-45, ,
1, ,-45, ,
1, ,-46, ,
1, ,-45, ,
1, ,-46, ,
-1, ,-46, ,
2, ,-46, ,
1, ,-45, ,
1, ,-46, ,
1, ,-46, ,
1, ,-46, ,
-1, ,-46, ,
1, ,-46, ,
1, ,-45, ,
1, ,-46, ,
1, ,-45, ,
1, ,-45, ,
-1, ,-45, ,
1, ,-45, ,
1, ,-46, ,
1, ,-46, ,
1, ,-46, ,
1, ,-46, ,
-1, ,-46, ,
2, ,-46, ,
1, ,-46, ,
1, ,-46, ,
1, ,-45, ,
1, ,-45, ,
-1, ,-46, ,
1, ,-45, ,
1, ,-45, ,
-1, ,-46, ,
1, ,-45, ,
1, ,-46, ,
-1, ,-45, ,
2, ,-46, ,
-1, ,-46, ,
1, ,-46, ,
1, ,-45, ,
1, ,-45, ,
-1, ,-46, ,
2, ,-46, ,
-1, ,-46, ,
-1, ,-45, ,
1, ,-45, ,
1, ,-45, ,
-1, ,-45, ,
1, ,-46, ,
-1, ,-45, ,
1, ,-46, ,
1, ,-45, ,
1, ,-46, ,
-1, ,-46, ,
2, ,-46, ,
1, ,-45, ,
-1, ,-46, ,
1, ,-46, ,
1, ,-45, ,
-1, ,-46, ,
2, ,-46, ,
1, ,-45, ,
1, ,-46, ,
1, ,-46, ,
1, ,-46, ,
-1, ,-46, ,
1, ,-45, ,
1, ,-45, ,
1, ,-46, ,
1, ,-45, ,
1, ,-45, ,
-1, ,-45, ,
2, ,-46, ,
1, ,-46, ,
1, ,-46, ,
1, ,-45, ,
1, ,-46, ,
-1, ,-46, ,
2, ,-46, ,
1, ,-45, ,
1, ,-46, ,
1, ,-46, ,
1, ,-46, ,
-1, ,-46, ,
1, ,-45, ,
1, ,-45, ,
1, ,-46, ,
1, ,-45, ,
1, ,-46, ,
-1, ,-45, ,
2, ,-46, ,
1, ,-45, ,
1, ,-46, ,
1, ,-46, ,
1, ,-45, ,
-1, ,-45, ,
2, ,-46, ,
1, ,-45, ,
1, ,-46, ,
1, ,-45, ,
1, ,-46, ,
-1, ,-46, ,
2, ,-46, ,
1, ,-45, ,
1, ,-46, ,
1, ,-46, ,
1, ,-46, ,
-1, ,-46, ,
1, ,-46, ,
1, ,-46, ,
-1, ,-46, ,
1, ,-45, ,
1, ,-45, ,
-1, ,-46, ,
1, ,-46, ,
1, ,-45, ,
1, ,-46, ,
1, ,-45, ,
1, ,-45, ,
-1, ,-45, ,
2, ,-46, ,
1, ,-45, ,
-1, ,-46, ,
1, ,-45, ,
1, ,-46, ,
-1, ,-46, ,
1, ,-45, ,
-1, ,-45, ,
1, ,-46, ,
1, ,-45, ,
1, ,-46, ,
-1, ,-46, ,
1, ,-46, ,
1, ,-46, ,
-1, ,-46, ,
1, ,-45, ,
1, ,-46, ,
-1, ,-46, ,
1, ,-46, ,
-1, ,-45, ,
1, ,-46, ,
1, ,-46, ,
1, ,-46, ,
-1, ,-46, ,
1, ,-45, ,
-1, ,-45, ,
-1, ,-46, ,
1, ,-45, ,
1, ,-46, ,
-1, ,-46, ,
1, ,-46, ,
-1, ,-45, ,
-1, ,-46, ,
1, ,-46, ,
1, ,-46, ,
-1, ,-46, ,
1, ,-46, ,
-1, ,-46, ,
-1, ,-46, ,
1, ,-45, ,
1, ,-46, ,
-1, ,-46, ,
1, ,-45, ,
-1, ,-46, ,
-1, ,-46, ,
1, ,-46, ,
1, ,-45, ,
-1, ,-46, ,
1, ,-46, ,
-1, ,-46, ,
-1, ,-46, ,
1, ,-46, ,
1, ,-46, ,
-1, ,-45, ,
2, ,-46, ,
1, ,-45, ,
-1, ,-46, ,
1, ,-46, ,
1, ,-46, ,
-1, ,-46, ,
1, ,-42, ,
1, ,-24, ,
1, ,-6, ,
1, ,7, ,
1, ,18, ,
-1, ,25, ,
2, ,32, ,
1, ,35, ,
1, ,39, ,
1, ,40, ,
1, ,42, ,
-1, ,44, ,
1, ,45, ,
-1, ,45, ,
-1, ,46, ,
1, ,46, ,
1, ,46, ,
-1, ,46, ,
2, ,47, ,
-1, ,47, ,
-1, ,47, ,
1, ,46, ,
1, ,47, ,
-1, ,47, ,
2, ,47, ,
1, ,46, ,
-1, ,47, ,
1, ,46, ,
1, ,47, ,
-1, ,47, ,
2, ,47, ,
-1, ,47, ,
-1, ,47, ,
1, ,47, ,
1, ,47, ,
-1, ,47, ,
1, ,47, ,
1, ,46, ,
-1, ,47, ,
1, ,47, ,
1, ,46, ,
-1, ,47, ,
2, ,46, ,
1, ,47, ,
-1, ,47, ,
1, ,46, ,
1, ,46, ,
-1, ,46, ,
1, ,46, ,
-1, ,46, ,
-1, ,46, ,
1, ,47, ,
1, ,46, ,
-1, ,46, ,
2, ,47, ,
-1, ,46, ,
-1, ,47, ,
1, ,46, ,
1, ,46, ,
-1, ,46, ,
2, ,46, ,
1, ,46, ,
1, ,47, ,
1, ,47, ,
1, ,46, ,
-1, ,47, ,
2, ,46, ,
-1, ,46, ,
1, ,47, ,
1, ,46, ,
1, ,46, ,
-1, ,47, ,
2, ,47, ,
1, ,46, ,
-1, ,46, ,
1, ,46, ,
1, ,46, ,
-1, ,46, ,
2, ,47, ,
1, ,46, ,
1, ,47, ,
1, ,46, ,
1, ,46, ,
-1, ,46, ,
1, ,47, ,
1, ,46, ,
-1, ,46, ,
1, ,46, ,
1, ,46, ,
-1, ,46, ,
1, ,46, ,
1, ,46, ,
1, ,47, ,
1, ,46, ,
1, ,46, ,
-1, ,46, ,
1, ,47, ,
-1, ,46, ,
-1, ,47, ,
1, ,46, ,
1, ,46, ,
-1, ,46, ,
2, ,46, ,
1, ,46, ,
-1, ,47, ,
1, ,46, ,
1, ,46, ,
-1, ,46, ,
1, ,47, ,
1, ,46, ,
1, ,47, ,
1, ,46, ,
1, ,46, ,
-1, ,46, ,
2, ,46, ,
-1, ,46, ,
-1, ,47, ,
1, ,46, ,
1, ,46, ,
-1, ,46, ,
1, ,47, ,
-1, ,46, ,
-1, ,46, ,
1, ,46, ,
1, ,46, ,
-1, ,46, ,
2, ,46, ,
-1, ,46, ,
-1, ,47, ,
1, ,46, ,
1, ,46, ,
-1, ,46, ,
2, ,46, ,
-1, ,46, ,
-1, ,46, ,
1, ,46, ,
1, ,46, ,
-1, ,46, ,
2, ,46, ,
-1, ,46, ,
-1, ,46, ,
1, ,46, ,
1, ,46, ,
-1, ,47, ,
2, ,46, ,
1, ,46, ,
-1, ,46, ,
1, ,46, ,
1, ,46, ,
-1, ,46, ,
2, ,46, ,
-1, ,46, ,
-1, ,46, ,
1, ,46, ,
1, ,46, ,
-1, ,34, ,
1, ,14, ,
-1, ,-2, ,
-1, ,-14, ,
1, ,-22, ,
1, ,-28, ,
-1, ,-33, ,
1, ,-37, ,
-1, ,-39, ,
-1, ,-41, ,
1, ,-43, ,
1, ,-44, ,
-1, ,-44, ,
1, ,-45, ,
-1, ,-45, ,
-1, ,-46, ,
1, ,-46, ,
1, ,-46, ,
-1, ,-46, ,
1, ,-46, ,
1, ,-46, ,
-1, ,-46, ,
1, ,-46, ,
1, ,-46, ,
-1, ,-46, ,
1, ,-46, ,
1, ,-46, ,
1, ,-46, ,
1, ,-46, ,
1, ,-46, ,
-1, ,-46, ,
1, ,-46, ,
-1, ,-46, ,
1, ,-46, ,
1, ,-46, ,
1, ,-46, ,
-1, ,-46, ,
1, ,-46, ,
1, ,-46, ,
1, ,-46, ,
1, ,-46, ,
1, ,-46, ,
-1, ,-46, ,
1, ,-46, ,
-1, ,-46, ,
-1, ,-46, ,
62, ,-46, ,
69, ,-46, ,
43, ,-46, ,
27, ,-46, ,
17, ,-46, ,
11, ,-46, ,
8, ,-46, ,
6, ,-46, ,
5, ,-46, ,
5, ,-46, ,
3, ,-46, ,
2, ,-46, ,
3, ,-46, ,
3, ,-46, ,
2, ,-46, ,
3, ,-46, ,
2, ,-46, ,
2, ,-46, ,
3, ,-46, ,
2, ,-46, ,
2, ,-46, ,
3, ,-46, ,
2, ,-46, ,
2, ,-46, ,
3, ,-46, ,
3, ,-46, ,
2, ,-46, ,
3, ,-46, ,
2, ,-45, ,
2, ,-46, ,
3, ,-46, ,
3, ,-46, ,
2, ,-46, ,
3, ,-46, ,
2, ,-46, ,
2, ,-46, ,
2, ,-46, ,
2, ,-46, ,
2, ,-46, ,
3, ,-46, ,
2, ,-46, ,
1, ,-46, ,
2, ,-46, ,
3, ,-46, ,
1, ,-46, ,
3, ,-46, ,
2, ,-46, ,
2, ,-46, ,
2, ,-46, ,
3, ,-46, ,
1, ,-46, ,
3, ,-46, ,
2, ,-45, ,
2, ,-46, ,
3, ,-46, ,
3, ,-46, ,
1, ,-46, ,
3, ,-46, ,
2, ,-45, ,
2, ,-46, ,
2, ,-46, ,
3, ,-46, ,
1, ,-46, ,
3, ,-46, ,
2, ,-46, ,
2, ,-46, ,
2, ,-46, ,
3, ,-46, ,
1, ,-46, ,
3, ,-46, ,
2, ,-46, ,
1, ,-46, ,
2, ,-46, ,
2, ,-46, ,
1, ,-46, ,
3, ,-45, ,
2, ,-45, ,
2, ,-46, ,
2, ,-46, ,
2, ,-46, ,
1, ,-46, ,
3, ,-45, ,
2, ,-46, ,
1, ,-46, ,
2, ,-46, ,
2, ,-46, ,
1, ,-46, ,
3, ,-46, ,
2, ,-45, ,
1, ,-46, ,
2, ,-46, ,
2, ,-46, ,
1, ,-46, ,
3, ,-46, ,
2, ,-45, ,
2, ,-46, ,
2, ,-46, ,
2, ,-46, ,
2, ,-45, ,
3, ,-46, ,
1, ,-46, ,
2, ,-46, ,
2, ,-46, ,
2, ,-46, ,
1, ,-46, ,
2, ,-45, ,
1, ,-45, ,
2, ,-46, ,
2, ,-46, ,
2, ,-46, ,
1, ,-46, ,
3, ,-45, ,
2, ,-46, ,
2, ,-46, ,
2, ,-45, ,
2, ,-46, ,
1, ,-46, ,
3, ,-45, ,
