Format,1.0B,
Memory Length,10000,Memory Length,10000,
IntpDistance,0,IntpDistance,0,
Trigger Address,4999,Trigger Address,4999,
Trigger Level,1.040E+00,Trigger Level,1.040E+00,
Source,CH1,Source,CH2,
Vertical Units,V,Vertical Units,V,
Vertical Units Div,0,Vertical Units Div,0,
Vertical Units Extend Div,16,Vertical Units Extend Div,16,
Label,,Label,,
Probe Type,0,Probe Type,0,
Probe Ratio,1.000e+01,Probe Ratio,1.000e+00,
Vertical Scale,5.000e-01,Vertical Scale,1.000e+00,
Vertical Position,-1.820e+00,Vertical Position,0.000e+00,
Horizontal Units,S,Horizontal Units,S,
Horizontal Scale,2.000E-05,Horizontal Scale,2.000E-05,
Horizontal Position,0.000E+00,Horizontal Position,0.000E+00,
Horizontal Mode,Main,Horizontal Mode,Main,
SincET Mode,Real Time,SincET Mode,Real Time,
Sampling Period,2.000e-08,Sampling Period,2.000e-08,
Horizontal Old Scale,2.000E-05,Horizontal Old Scale,2.000E-05,
Horizontal Old Position,0.000E+00,Horizontal Old Position,0.000E+00,
Firmware,V1.23,Firmware,V1.23,
Mode,Fast,Mode,Fast,
Waveform Data,,Waveform Data,,
2, ,-30, ,
2, ,-31, ,
1, ,-31, ,
2, ,-31, ,
1, ,-30, ,
1, ,-30, ,
2, ,-31, ,
2, ,-31, ,
1, ,-30, ,
2, ,-31, ,
1, ,-30, ,
1, ,-30, ,
2, ,-30, ,
2, ,-30, ,
1, ,-30, ,
2, ,-31, ,
1, ,-30, ,
1, ,-31, ,
2, ,-31, ,
1, ,-31, ,
1, ,-31, ,
2, ,-31, ,
1, ,-30, ,
1, ,-31, ,
2, ,-31, ,
1, ,-31, ,
1, ,-30, ,
2, ,-31, ,
1, ,-30, ,
1, ,-31, ,
2, ,-31, ,
1, ,-31, ,
1, ,-31, ,
1, ,-31, ,
1, ,-30, ,
1, ,-30, ,
2, ,-30, ,
1, ,-31, ,
1, ,-31, ,
2, ,-31, ,
1, ,-30, ,
1, ,-31, ,
2, ,-31, ,
2, ,-31, ,
1, ,-30, ,
2, ,-31, ,
1, ,-30, ,
1, ,-30, ,
2, ,-30, ,
2, ,-30, ,
1, ,-30, ,
2, ,-31, ,
1, ,-30, ,
1, ,-30, ,
2, ,-31, ,
1, ,-31, ,
1, ,-30, ,
2, ,-31, ,
1, ,-31, ,
1, ,-30, ,
1, ,-30, ,
1, ,-31, ,
1, ,-30, ,
2, ,-30, ,
1, ,-30, ,
1, ,-31, ,
2, ,-31, ,
2, ,-31, ,
1, ,-31, ,
2, ,-30, ,
1, ,-30, ,
1, ,-30, ,
2, ,-30, ,
1, ,-31, ,
1, ,-30, ,
2, ,-31, ,
1, ,-30, ,
1, ,-30, ,
2, ,-31, ,
1, ,-31, ,
1, ,-31, ,
2, ,-31, ,
1, ,-31, ,
1, ,-31, ,
2, ,-31, ,
1, ,-30, ,
1, ,-31, ,
2, ,-31, ,
1, ,-30, ,
1, ,-30, ,
2, ,-30, ,
1, ,-30, ,
1, ,-30, ,
2, ,-31, ,
1, ,-30, ,
1, ,-30, ,
2, ,-31, ,
1, ,-31, ,
1, ,-31, ,
2, ,-31, ,
1, ,-30, ,
1, ,-30, ,
2, ,-31, ,
1, ,-31, ,
1, ,-30, ,
2, ,-30, ,
1, ,-30, ,
1, ,-30, ,
1, ,-30, ,
1, ,-31, ,
1, ,-31, ,
1, ,-31, ,
1, ,-30, ,
1, ,-31, ,
2, ,-31, ,
2, ,-30, ,
1, ,-30, ,
2, ,-30, ,
1, ,-31, ,
1, ,-30, ,
2, ,-31, ,
1, ,-31, ,
1, ,-30, ,
2, ,-31, ,
1, ,-30, ,
1, ,-30, ,
2, ,-31, ,
1, ,-31, ,
1, ,-31, ,
2, ,-31, ,
1, ,-31, ,
1, ,-31, ,
2, ,-30, ,
1, ,-30, ,
1, ,-31, ,
2, ,-31, ,
1, ,-30, ,
1, ,-30, ,
2, ,-31, ,
1, ,-30, ,
1, ,-31, ,
2, ,-31, ,
1, ,-31, ,
1, ,-30, ,
1, ,-30, ,
1, ,-31, ,
-1, ,-30, ,
2, ,-31, ,
1, ,-30, ,
1, ,-30, ,
2, ,-31, ,
1, ,-31, ,
-1, ,-30, ,
1, ,-31, ,
1, ,-30, ,
1, ,-30, ,
1, ,-31, ,
1, ,-31, ,
1, ,-31, ,
2, ,-31, ,
1, ,-31, ,
1, ,-30, ,
2, ,-31, ,
2, ,-31, ,
-1, ,-30, ,
2, ,-30, ,
1, ,-31, ,
1, ,-30, ,
2, ,-31, ,
1, ,-31, ,
-1, ,-30, ,
1, ,-31, ,
1, ,-30, ,
1, ,-31, ,
2, ,-31, ,
1, ,-31, ,
-1, ,-30, ,
1, ,-31, ,
1, ,-31, ,
1, ,-30, ,
1, ,-30, ,
1, ,-30, ,
-1, ,-30, ,
1, ,-30, ,
1, ,-30, ,
1, ,-31, ,
2, ,-31, ,
2, ,-30, ,
-1, ,-30, ,
1, ,-30, ,
1, ,-31, ,
1, ,-31, ,
2, ,-30, ,
1, ,-31, ,
-1, ,-30, ,
2, ,-31, ,
1, ,-30, ,
1, ,-31, ,
1, ,-31, ,
1, ,-31, ,
1, ,-31, ,
1, ,-30, ,
1, ,-31, ,
1, ,-31, ,
2, ,-31, ,
2, ,-30, ,
-1, ,-30, ,
2, ,-31, ,
1, ,-30, ,
1, ,-30, ,
2, ,-31, ,
1, ,-31, ,
-1, ,-30, ,
1, ,-31, ,
1, ,-31, ,
1, ,-31, ,
2, ,-30, ,
1, ,-31, ,
-1, ,-30, ,
1, ,-31, ,
1, ,-30, ,
1, ,-30, ,
1, ,-31, ,
1, ,-31, ,
-1, ,-30, ,
1, ,-31, ,
1, ,-31, ,
1, ,-31, ,
1, ,-31, ,
2, ,-30, ,
-1, ,-30, ,
2, ,-30, ,
1, ,-30, ,
1, ,-31, ,
1, ,-31, ,
1, ,-31, ,
-1, ,-30, ,
2, ,-30, ,
1, ,-30, ,
1, ,-30, ,
2, ,-31, ,
1, ,-31, ,
-1, ,-30, ,
2, ,-31, ,
1, ,-31, ,
1, ,-31, ,
1, ,-31, ,
1, ,-31, ,
-1, ,-30, ,
1, ,-31, ,
1, ,-30, ,
1, ,-30, ,
1, ,-30, ,
1, ,-31, ,
-1, ,-31, ,
1, ,-31, ,
1, ,-31, ,
1, ,-31, ,
2, ,-31, ,
2, ,-31, ,
-1, ,-31, ,
1, ,-31, ,
1, ,-31, ,
1, ,-31, ,
2, ,-31, ,
1, ,-31, ,
-1, ,-30, ,
2, ,-31, ,
1, ,-30, ,
1, ,-30, ,
2, ,-31, ,
1, ,-31, ,
-1, ,-30, ,
1, ,-30, ,
1, ,-31, ,
1, ,-30, ,
1, ,-30, ,
1, ,-31, ,
-1, ,-30, ,
1, ,-31, ,
1, ,-30, ,
1, ,-30, ,
1, ,-31, ,
1, ,-31, ,
-1, ,-30, ,
2, ,-30, ,
1, ,-31, ,
1, ,-31, ,
2, ,-31, ,
1, ,-31, ,
-1, ,-30, ,
2, ,-31, ,
1, ,-30, ,
1, ,-30, ,
1, ,-31, ,
1, ,-31, ,
-1, ,-30, ,
2, ,-31, ,
1, ,-30, ,
1, ,-31, ,
2, ,-30, ,
1, ,-31, ,
-1, ,-31, ,
1, ,-31, ,
1, ,-31, ,
1, ,-31, ,
1, ,-31, ,
1, ,-31, ,
-1, ,-28, ,
2, ,-14, ,
1, ,6, ,
1, ,21, ,
2, ,31, ,
1, ,40, ,
-1, ,45, ,
2, ,51, ,
1, ,54, ,
1, ,56, ,
2, ,58, ,
1, ,59, ,
-1, ,60, ,
2, ,61, ,
1, ,60, ,
1, ,61, ,
68, ,62, ,
44, ,61, ,
26, ,62, ,
18, ,64, ,
11, ,62, ,
7, ,63, ,
6, ,63, ,
3, ,63, ,
2, ,63, ,
3, ,64, ,
2, ,63, ,
1, ,63, ,
3, ,63, ,
2, ,62, ,
2, ,63, ,
3, ,63, ,
2, ,62, ,
2, ,63, ,
3, ,63, ,
2, ,62, ,
1, ,63, ,
3, ,64, ,
2, ,62, ,
2, ,63, ,
3, ,63, ,
2, ,62, ,
1, ,62, ,
3, ,63, ,
2, ,62, ,
2, ,63, ,
3, ,63, ,
2, ,62, ,
1, ,62, ,
3, ,63, ,
2, ,62, ,
2, ,62, ,
3, ,63, ,
2, ,62, ,
1, ,62, ,
3, ,63, ,
2, ,61, ,
2, ,63, ,
3, ,63, ,
2, ,63, ,
1, ,62, ,
3, ,63, ,
2, ,62, ,
2, ,62, ,
2, ,63, ,
2, ,62, ,
1, ,62, ,
3, ,63, ,
2, ,61, ,
2, ,62, ,
3, ,63, ,
5, ,62, ,
11, ,62, ,
12, ,63, ,
8, ,62, ,
6, ,62, ,
6, ,63, ,
5, ,62, ,
2, ,62, ,
3, ,63, ,
2, ,61, ,
2, ,62, ,
3, ,63, ,
3, ,62, ,
2, ,62, ,
3, ,64, ,
2, ,62, ,
2, ,62, ,
3, ,63, ,
2, ,62, ,
2, ,62, ,
3, ,63, ,
2, ,61, ,
2, ,62, ,
3, ,63, ,
2, ,61, ,
1, ,62, ,
3, ,63, ,
2, ,60, ,
2, ,62, ,
3, ,63, ,
3, ,62, ,
1, ,62, ,
3, ,63, ,
2, ,62, ,
1, ,63, ,
3, ,63, ,
3, ,62, ,
2, ,62, ,
3, ,63, ,
5, ,62, ,
8, ,62, ,
8, ,62, ,
6, ,62, ,
3, ,62, ,
5, ,63, ,
3, ,62, ,
2, ,62, ,
3, ,63, ,
2, ,62, ,
1, ,62, ,
3, ,63, ,
2, ,61, ,
2, ,62, ,
3, ,63, ,
3, ,62, ,
1, ,62, ,
3, ,63, ,
3, ,61, ,
3, ,63, ,
5, ,63, ,
5, ,62, ,
3, ,62, ,
5, ,63, ,
3, ,61, ,
3, ,62, ,
3, ,62, ,
3, ,61, ,
2, ,62, ,
3, ,63, ,
2, ,61, ,
2, ,63, ,
3, ,63, ,
3, ,62, ,
1, ,62, ,
3, ,63, ,
2, ,62, ,
2, ,62, ,
3, ,63, ,
3, ,62, ,
2, ,62, ,
5, ,63, ,
5, ,61, ,
5, ,62, ,
5, ,62, ,
3, ,52, ,
1, ,32, ,
3, ,16, ,
2, ,4, ,
2, ,-5, ,
2, ,-12, ,
2, ,-17, ,
1, ,-20, ,
3, ,-23, ,
2, ,-25, ,
2, ,-26, ,
2, ,-27, ,
3, ,-28, ,
2, ,-30, ,
3, ,-30, ,
2, ,-31, ,
2, ,-31, ,
3, ,-31, ,
2, ,-31, ,
2, ,-31, ,
3, ,-31, ,
2, ,-31, ,
2, ,-31, ,
2, ,-31, ,
3, ,-31, ,
1, ,-31, ,
2, ,-31, ,
2, ,-31, ,
2, ,-31, ,
2, ,-31, ,
3, ,-31, ,
1, ,-31, ,
3, ,-31, ,
2, ,-31, ,
2, ,-31, ,
2, ,-31, ,
2, ,-31, ,
1, ,-31, ,
3, ,-31, ,
2, ,-31, ,
2, ,-31, ,
2, ,-31, ,
3, ,-31, ,
1, ,-31, ,
3, ,-31, ,
2, ,-31, ,
2, ,-31, ,
2, ,-31, ,
2, ,-31, ,
1, ,-31, ,
3, ,-31, ,
2, ,-31, ,
2, ,-31, ,
2, ,-31, ,
2, ,-31, ,
2, ,-31, ,
3, ,-31, ,
2, ,-31, ,
2, ,-31, ,
2, ,-31, ,
2, ,-30, ,
2, ,-30, ,
3, ,-30, ,
2, ,-30, ,
2, ,-30, ,
3, ,-31, ,
3, ,-31, ,
2, ,-31, ,
2, ,-31, ,
2, ,-31, ,
2, ,-31, ,
2, ,-31, ,
2, ,-31, ,
1, ,-30, ,
2, ,-31, ,
2, ,-31, ,
2, ,-31, ,
3, ,-31, ,
3, ,-30, ,
2, ,-31, ,
3, ,-31, ,
2, ,-31, ,
2, ,-31, ,
2, ,-31, ,
3, ,-31, ,
2, ,-30, ,
2, ,-30, ,
2, ,-31, ,
2, ,-31, ,
2, ,-31, ,
2, ,-30, ,
2, ,-30, ,
2, ,-30, ,
2, ,-30, ,
2, ,-30, ,
2, ,-31, ,
2, ,-31, ,
1, ,-31, ,
2, ,-30, ,
2, ,-31, ,
2, ,-31, ,
2, ,-31, ,
3, ,-31, ,
1, ,-30, ,
2, ,-31, ,
2, ,-30, ,
2, ,-30, ,
2, ,-31, ,
2, ,-30, ,
1, ,-31, ,
2, ,-30, ,
2, ,-30, ,
2, ,-30, ,
2, ,-31, ,
2, ,-31, ,
1, ,-30, ,
2, ,-31, ,
2, ,-30, ,
2, ,-30, ,
2, ,-31, ,
2, ,-31, ,
1, ,-30, ,
2, ,-30, ,
2, ,-30, ,
2, ,-30, ,
2, ,-30, ,
2, ,-31, ,
1, ,-30, ,
2, ,-31, ,
2, ,-30, ,
2, ,-30, ,
2, ,-30, ,
2, ,-30, ,
1, ,-30, ,
2, ,-30, ,
2, ,-30, ,
2, ,-30, ,
2, ,-30, ,
2, ,-31, ,
1, ,-30, ,
2, ,-30, ,
2, ,-31, ,
1, ,-30, ,
2, ,-31, ,
2, ,-30, ,
1, ,-31, ,
2, ,-31, ,
2, ,-30, ,
1, ,-30, ,
2, ,-30, ,
2, ,-30, ,
1, ,-31, ,
2, ,-31, ,
2, ,-30, ,
2, ,-30, ,
2, ,-31, ,
2, ,-30, ,
1, ,-31, ,
2, ,-31, ,
2, ,-30, ,
2, ,-30, ,
2, ,-30, ,
2, ,-31, ,
1, ,-30, ,
2, ,-30, ,
1, ,-30, ,
1, ,-31, ,
2, ,-31, ,
2, ,-30, ,
1, ,-30, ,
2, ,-30, ,
2, ,-30, ,
2, ,-30, ,
2, ,-30, ,
2, ,-31, ,
1, ,-30, ,
2, ,-31, ,
1, ,-30, ,
1, ,-30, ,
2, ,-31, ,
2, ,-30, ,
1, ,-31, ,
2, ,-31, ,
2, ,-31, ,
2, ,-30, ,
2, ,-30, ,
2, ,-31, ,
1, ,-30, ,
2, ,-31, ,
1, ,-30, ,
1, ,-31, ,
3, ,-31, ,
2, ,-31, ,
1, ,-30, ,
2, ,-30, ,
2, ,-31, ,
2, ,-31, ,
2, ,-30, ,
2, ,-31, ,
1, ,-30, ,
2, ,-30, ,
2, ,-30, ,
1, ,-31, ,
2, ,-31, ,
2, ,-30, ,
1, ,-30, ,
2, ,-30, ,
2, ,-31, ,
1, ,-31, ,
2, ,-30, ,
2, ,-30, ,
2, ,-30, ,
2, ,-30, ,
2, ,-31, ,
1, ,-31, ,
2, ,-31, ,
2, ,-30, ,
1, ,-30, ,
2, ,-30, ,
1, ,-31, ,
1, ,-31, ,
2, ,-31, ,
2, ,-31, ,
1, ,-30, ,
2, ,-30, ,
2, ,-30, ,
2, ,-30, ,
2, ,-31, ,
2, ,-31, ,
1, ,-30, ,
3, ,-30, ,
2, ,-31, ,
1, ,-31, ,
2, ,-30, ,
2, ,-30, ,
1, ,-30, ,
2, ,-31, ,
1, ,-30, ,
1, ,-31, ,
2, ,-31, ,
1, ,-30, ,
1, ,-30, ,
2, ,-30, ,
2, ,-30, ,
2, ,-31, ,
2, ,-30, ,
2, ,-31, ,
1, ,-30, ,
2, ,-31, ,
1, ,-30, ,
1, ,-30, ,
2, ,-30, ,
2, ,-30, ,
1, ,-30, ,
2, ,-30, ,
2, ,-31, ,
2, ,-31, ,
2, ,-31, ,
2, ,-31, ,
1, ,-30, ,
2, ,-31, ,
2, ,-30, ,
1, ,-30, ,
2, ,-31, ,
2, ,-30, ,
1, ,-30, ,
2, ,-30, ,
1, ,-31, ,
1, ,-31, ,
2, ,-31, ,
1, ,-31, ,
1, ,-30, ,
2, ,-30, ,
1, ,-30, ,
1, ,-30, ,
2, ,-30, ,
2, ,-31, ,
1, ,-30, ,
2, ,-30, ,
1, ,-30, ,
1, ,-31, ,
2, ,-31, ,
2, ,-31, ,
1, ,-31, ,
2, ,-31, ,
1, ,-30, ,
1, ,-30, ,
2, ,-31, ,
2, ,-31, ,
1, ,-30, ,
2, ,-31, ,
1, ,-30, ,
1, ,-30, ,
2, ,-31, ,
2, ,-31, ,
1, ,-31, ,
2, ,-30, ,
1, ,-31, ,
1, ,-31, ,
2, ,-31, ,
2, ,-30, ,
1, ,-30, ,
2, ,-31, ,
1, ,-30, ,
1, ,-30, ,
2, ,-30, ,
2, ,-31, ,
1, ,-30, ,
2, ,-31, ,
1, ,-31, ,
1, ,-31, ,
2, ,-31, ,
1, ,-31, ,
1, ,-30, ,
2, ,-31, ,
1, ,-30, ,
1, ,-30, ,
2, ,-30, ,
2, ,-31, ,
1, ,-30, ,
2, ,-31, ,
1, ,-31, ,
1, ,-31, ,
2, ,-31, ,
1, ,-31, ,
1, ,-30, ,
2, ,-30, ,
1, ,-30, ,
1, ,-30, ,
2, ,-30, ,
2, ,-31, ,
1, ,-31, ,
2, ,-30, ,
1, ,-31, ,
1, ,-31, ,
2, ,-31, ,
2, ,-31, ,
1, ,-30, ,
2, ,-31, ,
1, ,-30, ,
1, ,-30, ,
2, ,-30, ,
1, ,-31, ,
1, ,-30, ,
2, ,-31, ,
1, ,-30, ,
1, ,-31, ,
2, ,-31, ,
2, ,-30, ,
1, ,-30, ,
2, ,-30, ,
2, ,-31, ,
1, ,-31, ,
2, ,-30, ,
2, ,-31, ,
1, ,-30, ,
2, ,-31, ,
1, ,-30, ,
1, ,-30, ,
2, ,-31, ,
2, ,-31, ,
1, ,-30, ,
2, ,-30, ,
1, ,-31, ,
1, ,-31, ,
2, ,-30, ,
2, ,-30, ,
1, ,-30, ,
2, ,-31, ,
1, ,-30, ,
1, ,-31, ,
2, ,-31, ,
1, ,-30, ,
1, ,-30, ,
2, ,-31, ,
1, ,-31, ,
1, ,-31, ,
2, ,-31, ,
2, ,-31, ,
1, ,-31, ,
2, ,-31, ,
1, ,-30, ,
1, ,-30, ,
2, ,-30, ,
1, ,-30, ,
1, ,-30, ,
2, ,-30, ,
1, ,-31, ,
1, ,-31, ,
2, ,-30, ,
1, ,-30, ,
1, ,-30, ,
2, ,-31, ,
1, ,-31, ,
1, ,-31, ,
2, ,-30, ,
1, ,-31, ,
1, ,-31, ,
2, ,-31, ,
1, ,-31, ,
1, ,-30, ,
2, ,-31, ,
1, ,-31, ,
1, ,-30, ,
2, ,-31, ,
1, ,-31, ,
1, ,-31, ,
2, ,-31, ,
2, ,-30, ,
-1, ,-30, ,
1, ,-31, ,
1, ,-31, ,
1, ,-30, ,
2, ,-31, ,
1, ,-30, ,
1, ,-30, ,
1, ,-30, ,
1, ,-31, ,
1, ,-30, ,
2, ,-31, ,
1, ,-31, ,
1, ,-31, ,
2, ,-31, ,
1, ,-30, ,
1, ,-31, ,
2, ,-31, ,
1, ,-30, ,
1, ,-31, ,
2, ,-31, ,
1, ,-30, ,
1, ,-31, ,
2, ,-31, ,
1, ,-31, ,
-1, ,-30, ,
2, ,-31, ,
1, ,-30, ,
1, ,-31, ,
2, ,-30, ,
1, ,-30, ,
1, ,-30, ,
2, ,-30, ,
1, ,-31, ,
1, ,-31, ,
2, ,-31, ,
1, ,-31, ,
-1, ,-30, ,
1, ,-30, ,
1, ,-30, ,
1, ,-30, ,
2, ,-30, ,
1, ,-31, ,
1, ,-30, ,
1, ,-31, ,
1, ,-30, ,
1, ,-30, ,
2, ,-31, ,
1, ,-31, ,
-1, ,-30, ,
2, ,-30, ,
1, ,-31, ,
1, ,-31, ,
1, ,-31, ,
1, ,-30, ,
1, ,-30, ,
2, ,-31, ,
1, ,-30, ,
1, ,-31, ,
2, ,-30, ,
1, ,-31, ,
1, ,-30, ,
1, ,-30, ,
1, ,-31, ,
1, ,-30, ,
2, ,-30, ,
1, ,-31, ,
-1, ,-31, ,
2, ,-31, ,
1, ,-30, ,
1, ,-30, ,
2, ,-31, ,
1, ,-31, ,
1, ,-30, ,
2, ,-30, ,
1, ,-31, ,
1, ,-31, ,
2, ,-31, ,
2, ,-31, ,
1, ,-30, ,
2, ,-31, ,
1, ,-30, ,
1, ,-31, ,
2, ,-31, ,
1, ,-30, ,
-1, ,-30, ,
1, ,-30, ,
1, ,-31, ,
1, ,-31, ,
2, ,-31, ,
1, ,-31, ,
1, ,-30, ,
2, ,-31, ,
1, ,-31, ,
1, ,-31, ,
2, ,-31, ,
1, ,-30, ,
1, ,-30, ,
2, ,-31, ,
1, ,-30, ,
1, ,-30, ,
1, ,-31, ,
1, ,-31, ,
1, ,-30, ,
1, ,-31, ,
1, ,-30, ,
1, ,-30, ,
2, ,-30, ,
2, ,-30, ,
-1, ,-30, ,
1, ,-31, ,
1, ,-31, ,
1, ,-30, ,
1, ,-31, ,
1, ,-31, ,
-1, ,-30, ,
1, ,-31, ,
1, ,-30, ,
1, ,-31, ,
2, ,-31, ,
1, ,-31, ,
-1, ,-30, ,
2, ,-31, ,
1, ,-30, ,
1, ,-30, ,
1, ,-30, ,
1, ,-31, ,
1, ,-30, ,
1, ,-31, ,
1, ,-31, ,
1, ,-31, ,
1, ,-31, ,
1, ,-31, ,
-1, ,-30, ,
1, ,-30, ,
1, ,-31, ,
1, ,-31, ,
1, ,-31, ,
1, ,-30, ,
-1, ,-30, ,
1, ,-30, ,
1, ,-30, ,
1, ,-31, ,
1, ,-31, ,
2, ,-30, ,
-1, ,-30, ,
1, ,-30, ,
1, ,-31, ,
1, ,-31, ,
2, ,-31, ,
1, ,-31, ,
-1, ,-30, ,
2, ,-31, ,
1, ,-30, ,
1, ,-30, ,
2, ,-31, ,
1, ,-30, ,
-1, ,-30, ,
1, ,-30, ,
1, ,-31, ,
1, ,-30, ,
1, ,-31, ,
1, ,-30, ,
-1, ,-30, ,
1, ,-31, ,
1, ,-30, ,
1, ,-30, ,
1, ,-31, ,
1, ,-31, ,
-1, ,-31, ,
1, ,-31, ,
1, ,-30, ,
1, ,-30, ,
2, ,-30, ,
1, ,-31, ,
-1, ,-30, ,
1, ,-31, ,
1, ,-31, ,
1, ,-31, ,
2, ,-30, ,
1, ,-31, ,
-1, ,-30, ,
1, ,-31, ,
1, ,-31, ,
1, ,-31, ,
2, ,-30, ,
1, ,-31, ,
-1, ,-30, ,
2, ,-31, ,
1, ,-31, ,
1, ,-31, ,
2, ,-31, ,
1, ,-30, ,
-1, ,-30, ,
1, ,-31, ,
1, ,-31, ,
1, ,-31, ,
2, ,-30, ,
1, ,-31, ,
1, ,-30, ,
1, ,-31, ,
1, ,-30, ,
1, ,-30, ,
2, ,-30, ,
2, ,-30, ,
-1, ,-30, ,
2, ,-31, ,
1, ,-31, ,
1, ,-30, ,
1, ,-30, ,
1, ,-31, ,
1, ,-31, ,
74, ,-31, ,
46, ,-31, ,
29, ,-31, ,
20, ,-31, ,
13, ,-31, ,
7, ,-30, ,
6, ,-31, ,
5, ,-20, ,
3, ,1, ,
3, ,17, ,
2, ,28, ,
2, ,38, ,
3, ,44, ,
2, ,50, ,
2, ,53, ,
2, ,56, ,
2, ,58, ,
2, ,59, ,
3, ,60, ,
2, ,60, ,
2, ,61, ,
3, ,62, ,
2, ,61, ,
2, ,62, ,
3, ,64, ,
2, ,62, ,
2, ,63, ,
3, ,63, ,
2, ,63, ,
1, ,63, ,
3, ,64, ,
2, ,62, ,
2, ,63, ,
2, ,63, ,
2, ,63, ,
1, ,63, ,
3, ,64, ,
2, ,62, ,
1, ,63, ,
2, ,64, ,
2, ,63, ,
2, ,62, ,
10, ,63, ,
8, ,62, ,
7, ,63, ,
7, ,63, ,
5, ,62, ,
3, ,62, ,
5, ,63, ,
2, ,62, ,
2, ,63, ,
3, ,63, ,
2, ,62, ,
1, ,62, ,
3, ,63, ,
2, ,62, ,
2, ,63, ,
3, ,63, ,
2, ,62, ,
2, ,63, ,
3, ,63, ,
2, ,61, ,
2, ,63, ,
3, ,63, ,
2, ,62, ,
1, ,62, ,
3, ,63, ,
2, ,61, ,
2, ,63, ,
3, ,63, ,
2, ,62, ,
1, ,62, ,
3, ,63, ,
3, ,62, ,
6, ,63, ,
7, ,63, ,
6, ,62, ,
5, ,62, ,
5, ,63, ,
3, ,61, ,
3, ,62, ,
3, ,63, ,
3, ,62, ,
1, ,62, ,
3, ,63, ,
2, ,61, ,
2, ,62, ,
2, ,63, ,
3, ,62, ,
1, ,62, ,
3, ,63, ,
2, ,61, ,
2, ,62, ,
3, ,63, ,
2, ,62, ,
2, ,63, ,
3, ,64, ,
2, ,61, ,
2, ,63, ,
3, ,63, ,
2, ,62, ,
1, ,63, ,
3, ,64, ,
2, ,62, ,
2, ,62, ,
3, ,62, ,
3, ,62, ,
1, ,62, ,
3, ,63, ,
2, ,62, ,
2, ,62, ,
3, ,63, ,
6, ,61, ,
6, ,62, ,
7, ,63, ,
6, ,62, ,
5, ,62, ,
5, ,63, ,
5, ,63, ,
2, ,63, ,
5, ,63, ,
3, ,62, ,
3, ,62, ,
3, ,63, ,
3, ,62, ,
2, ,62, ,
3, ,63, ,
2, ,62, ,
2, ,62, ,
3, ,63, ,
3, ,62, ,
2, ,62, ,
3, ,63, ,
2, ,62, ,
2, ,62, ,
3, ,62, ,
3, ,62, ,
2, ,62, ,
3, ,63, ,
2, ,62, ,
2, ,62, ,
3, ,62, ,
3, ,62, ,
2, ,62, ,
3, ,63, ,
2, ,61, ,
2, ,62, ,
3, ,63, ,
2, ,62, ,
1, ,62, ,
3, ,63, ,
2, ,62, ,
1, ,62, ,
3, ,62, ,
2, ,61, ,
2, ,62, ,
3, ,63, ,
2, ,61, ,
2, ,63, ,
5, ,63, ,
7, ,62, ,
7, ,57, ,
7, ,38, ,
6, ,19, ,
3, ,6, ,
5, ,-3, ,
3, ,-9, ,
1, ,-16, ,
3, ,-19, ,
2, ,-22, ,
2, ,-24, ,
2, ,-26, ,
2, ,-27, ,
2, ,-28, ,
3, ,-30, ,
2, ,-30, ,
2, ,-30, ,
3, ,-31, ,
3, ,-31, ,
2, ,-31, ,
3, ,-31, ,
2, ,-30, ,
2, ,-31, ,
3, ,-31, ,
3, ,-31, ,
1, ,-31, ,
3, ,-31, ,
2, ,-31, ,
2, ,-31, ,
2, ,-31, ,
3, ,-31, ,
2, ,-31, ,
2, ,-31, ,
2, ,-31, ,
2, ,-31, ,
3, ,-31, ,
3, ,-31, ,
1, ,-31, ,
3, ,-31, ,
2, ,-31, ,
2, ,-31, ,
2, ,-31, ,
3, ,-31, ,
1, ,-31, ,
2, ,-31, ,
1, ,-30, ,
2, ,-31, ,
2, ,-31, ,
3, ,-31, ,
2, ,-31, ,
3, ,-31, ,
2, ,-30, ,
2, ,-30, ,
3, ,-31, ,
3, ,-31, ,
2, ,-31, ,
2, ,-31, ,
2, ,-30, ,
2, ,-30, ,
2, ,-31, ,
2, ,-31, ,
1, ,-30, ,
2, ,-31, ,
2, ,-31, ,
2, ,-31, ,
2, ,-31, ,
2, ,-31, ,
1, ,-31, ,
2, ,-31, ,
2, ,-30, ,
2, ,-30, ,
2, ,-31, ,
2, ,-31, ,
1, ,-31, ,
3, ,-31, ,
2, ,-30, ,
2, ,-31, ,
2, ,-31, ,
2, ,-31, ,
1, ,-31, ,
2, ,-31, ,
2, ,-30, ,
2, ,-31, ,
2, ,-31, ,
2, ,-31, ,
1, ,-31, ,
3, ,-31, ,
2, ,-31, ,
2, ,-30, ,
2, ,-31, ,
2, ,-30, ,
1, ,-30, ,
2, ,-31, ,
2, ,-30, ,
2, ,-31, ,
2, ,-31, ,
2, ,-31, ,
2, ,-31, ,
3, ,-31, ,
2, ,-31, ,
2, ,-30, ,
2, ,-31, ,
2, ,-31, ,
1, ,-31, ,
3, ,-31, ,
2, ,-30, ,
2, ,-31, ,
2, ,-31, ,
2, ,-31, ,
2, ,-30, ,
2, ,-31, ,
2, ,-30, ,
1, ,-30, ,
2, ,-31, ,
2, ,-31, ,
1, ,-30, ,
2, ,-31, ,
2, ,-30, ,
2, ,-30, ,
2, ,-30, ,
2, ,-30, ,
1, ,-30, ,
2, ,-31, ,
2, ,-31, ,
2, ,-30, ,
2, ,-31, ,
2, ,-30, ,
1, ,-30, ,
3, ,-31, ,
2, ,-31, ,
2, ,-30, ,
2, ,-31, ,
2, ,-31, ,
1, ,-30, ,
2, ,-31, ,
2, ,-31, ,
2, ,-31, ,
2, ,-31, ,
2, ,-31, ,
1, ,-30, ,
2, ,-31, ,
1, ,-30, ,
2, ,-30, ,
2, ,-30, ,
2, ,-30, ,
1, ,-30, ,
2, ,-30, ,
2, ,-31, ,
2, ,-31, ,
3, ,-31, ,
2, ,-31, ,
1, ,-30, ,
3, ,-31, ,
2, ,-30, ,
1, ,-30, ,
2, ,-30, ,
2, ,-30, ,
1, ,-30, ,
2, ,-30, ,
2, ,-30, ,
1, ,-30, ,
2, ,-31, ,
2, ,-31, ,
1, ,-31, ,
2, ,-30, ,
1, ,-31, ,
2, ,-30, ,
2, ,-31, ,
2, ,-31, ,
1, ,-30, ,
2, ,-31, ,
2, ,-31, ,
2, ,-30, ,
2, ,-31, ,
2, ,-31, ,
1, ,-31, ,
2, ,-30, ,
2, ,-30, ,
2, ,-31, ,
2, ,-31, ,
2, ,-31, ,
1, ,-31, ,
2, ,-31, ,
1, ,-30, ,
1, ,-31, ,
2, ,-30, ,
2, ,-30, ,
1, ,-31, ,
2, ,-31, ,
1, ,-31, ,
2, ,-31, ,
2, ,-31, ,
2, ,-31, ,
1, ,-30, ,
2, ,-31, ,
1, ,-30, ,
2, ,-30, ,
2, ,-31, ,
2, ,-31, ,
1, ,-30, ,
2, ,-31, ,
1, ,-30, ,
1, ,-31, ,
2, ,-30, ,
2, ,-31, ,
3, ,-30, ,
35, ,-30, ,
24, ,-31, ,
16, ,-30, ,
12, ,-30, ,
8, ,-31, ,
5, ,-30, ,
5, ,-31, ,
3, ,-30, ,
2, ,-30, ,
3, ,-30, ,
2, ,-31, ,
2, ,-30, ,
3, ,-30, ,
2, ,-31, ,
2, ,-31, ,
3, ,-31, ,
3, ,-31, ,
1, ,-31, ,
3, ,-31, ,
2, ,-30, ,
2, ,-30, ,
3, ,-31, ,
3, ,-30, ,
2, ,-30, ,
3, ,-31, ,
2, ,-30, ,
2, ,-30, ,
3, ,-31, ,
2, ,-30, ,
2, ,-31, ,
3, ,-31, ,
2, ,-31, ,
2, ,-31, ,
2, ,-31, ,
2, ,-31, ,
2, ,-30, ,
3, ,-30, ,
2, ,-30, ,
2, ,-30, ,
3, ,-30, ,
3, ,-30, ,
2, ,-30, ,
3, ,-30, ,
2, ,-30, ,
2, ,-31, ,
2, ,-31, ,
3, ,-30, ,
1, ,-30, ,
3, ,-30, ,
2, ,-30, ,
2, ,-30, ,
2, ,-31, ,
3, ,-30, ,
2, ,-30, ,
3, ,-31, ,
2, ,-30, ,
2, ,-31, ,
3, ,-31, ,
3, ,-30, ,
1, ,-31, ,
3, ,-30, ,
2, ,-30, ,
2, ,-30, ,
2, ,-31, ,
3, ,-31, ,
2, ,-31, ,
3, ,-31, ,
2, ,-30, ,
2, ,-31, ,
2, ,-31, ,
2, ,-31, ,
1, ,-30, ,
2, ,-30, ,
2, ,-30, ,
2, ,-30, ,
2, ,-31, ,
2, ,-30, ,
1, ,-30, ,
3, ,-31, ,
2, ,-30, ,
2, ,-30, ,
2, ,-31, ,
2, ,-31, ,
1, ,-30, ,
3, ,-30, ,
2, ,-30, ,
2, ,-30, ,
2, ,-31, ,
3, ,-31, ,
1, ,-31, ,
3, ,-31, ,
2, ,-30, ,
2, ,-30, ,
2, ,-31, ,
2, ,-30, ,
1, ,-31, ,
3, ,-31, ,
2, ,-30, ,
2, ,-31, ,
2, ,-30, ,
2, ,-31, ,
1, ,-31, ,
3, ,-31, ,
2, ,-30, ,
1, ,-30, ,
2, ,-31, ,
2, ,-31, ,
1, ,-31, ,
2, ,-31, ,
2, ,-31, ,
2, ,-30, ,
2, ,-31, ,
2, ,-31, ,
1, ,-31, ,
2, ,-31, ,
2, ,-31, ,
1, ,-30, ,
2, ,-31, ,
2, ,-30, ,
1, ,-31, ,
3, ,-31, ,
2, ,-30, ,
1, ,-31, ,
2, ,-30, ,
2, ,-31, ,
1, ,-31, ,
2, ,-31, ,
2, ,-30, ,
2, ,-31, ,
2, ,-31, ,
2, ,-31, ,
1, ,-30, ,
2, ,-30, ,
2, ,-30, ,
1, ,-30, ,
2, ,-30, ,
2, ,-30, ,
1, ,-30, ,
2, ,-31, ,
2, ,-30, ,
2, ,-30, ,
2, ,-31, ,
2, ,-31, ,
1, ,-30, ,
2, ,-31, ,
2, ,-31, ,
1, ,-30, ,
2, ,-30, ,
2, ,-31, ,
1, ,-30, ,
2, ,-30, ,
1, ,-31, ,
2, ,-31, ,
3, ,-31, ,
2, ,-31, ,
1, ,-30, ,
2, ,-30, ,
1, ,-31, ,
2, ,-31, ,
2, ,-30, ,
2, ,-30, ,
1, ,-30, ,
2, ,-31, ,
2, ,-30, ,
2, ,-30, ,
2, ,-31, ,
2, ,-31, ,
1, ,-30, ,
2, ,-31, ,
2, ,-31, ,
2, ,-31, ,
2, ,-30, ,
2, ,-31, ,
1, ,-30, ,
2, ,-30, ,
1, ,-30, ,
1, ,-30, ,
2, ,-31, ,
2, ,-30, ,
1, ,-30, ,
2, ,-31, ,
2, ,-31, ,
2, ,-31, ,
2, ,-31, ,
2, ,-31, ,
1, ,-30, ,
2, ,-31, ,
2, ,-30, ,
1, ,-31, ,
2, ,-31, ,
2, ,-30, ,
1, ,-30, ,
2, ,-30, ,
2, ,-30, ,
2, ,-31, ,
2, ,-31, ,
2, ,-31, ,
1, ,-31, ,
2, ,-30, ,
2, ,-30, ,
1, ,-31, ,
2, ,-31, ,
2, ,-31, ,
1, ,-30, ,
2, ,-30, ,
2, ,-31, ,
1, ,-31, ,
2, ,-30, ,
2, ,-31, ,
1, ,-30, ,
2, ,-30, ,
1, ,-30, ,
1, ,-31, ,
2, ,-31, ,
2, ,-30, ,
1, ,-30, ,
2, ,-30, ,
1, ,-30, ,
2, ,-31, ,
2, ,-31, ,
2, ,-31, ,
1, ,-30, ,
2, ,-30, ,
1, ,-30, ,
2, ,-31, ,
2, ,-31, ,
2, ,-30, ,
1, ,-30, ,
2, ,-30, ,
1, ,-30, ,
1, ,-31, ,
2, ,-31, ,
2, ,-31, ,
1, ,-30, ,
2, ,-30, ,
1, ,-30, ,
1, ,-31, ,
2, ,-31, ,
2, ,-30, ,
1, ,-30, ,
2, ,-30, ,
2, ,-30, ,
1, ,-31, ,
2, ,-31, ,
2, ,-31, ,
1, ,-30, ,
2, ,-31, ,
1, ,-31, ,
1, ,-31, ,
2, ,-30, ,
2, ,-30, ,
1, ,-30, ,
2, ,-30, ,
1, ,-31, ,
1, ,-31, ,
2, ,-31, ,
2, ,-31, ,
1, ,-30, ,
2, ,-31, ,
1, ,-30, ,
1, ,-31, ,
2, ,-31, ,
2, ,-30, ,
1, ,-30, ,
2, ,-30, ,
1, ,-31, ,
1, ,-31, ,
2, ,-31, ,
1, ,-31, ,
1, ,-30, ,
2, ,-30, ,
1, ,-30, ,
1, ,-31, ,
2, ,-31, ,
2, ,-31, ,
1, ,-30, ,
2, ,-30, ,
1, ,-31, ,
1, ,-31, ,
2, ,-31, ,
2, ,-31, ,
1, ,-30, ,
2, ,-30, ,
1, ,-30, ,
1, ,-31, ,
2, ,-31, ,
2, ,-31, ,
1, ,-30, ,
2, ,-30, ,
2, ,-30, ,
1, ,-31, ,
2, ,-30, ,
2, ,-31, ,
1, ,-30, ,
2, ,-31, ,
1, ,-31, ,
1, ,-31, ,
2, ,-31, ,
2, ,-30, ,
1, ,-30, ,
2, ,-30, ,
1, ,-30, ,
1, ,-31, ,
2, ,-31, ,
2, ,-31, ,
1, ,-30, ,
2, ,-30, ,
1, ,-31, ,
1, ,-31, ,
2, ,-31, ,
2, ,-30, ,
1, ,-30, ,
2, ,-30, ,
1, ,-31, ,
1, ,-31, ,
2, ,-31, ,
2, ,-30, ,
1, ,-30, ,
2, ,-30, ,
1, ,-30, ,
1, ,-31, ,
2, ,-31, ,
1, ,-30, ,
1, ,-30, ,
2, ,-30, ,
1, ,-31, ,
1, ,-31, ,
2, ,-31, ,
2, ,-31, ,
1, ,-30, ,
2, ,-30, ,
1, ,-30, ,
1, ,-31, ,
2, ,-31, ,
2, ,-30, ,
1, ,-30, ,
2, ,-30, ,
1, ,-31, ,
1, ,-31, ,
2, ,-31, ,
2, ,-31, ,
1, ,-30, ,
2, ,-30, ,
1, ,-31, ,
1, ,-31, ,
2, ,-31, ,
2, ,-31, ,
1, ,-30, ,
2, ,-30, ,
1, ,-31, ,
2, ,-31, ,
2, ,-31, ,
1, ,-31, ,
1, ,-30, ,
2, ,-30, ,
1, ,-31, ,
1, ,-31, ,
2, ,-31, ,
2, ,-30, ,
1, ,-30, ,
2, ,-30, ,
1, ,-31, ,
1, ,-31, ,
2, ,-31, ,
1, ,-31, ,
1, ,-30, ,
2, ,-30, ,
1, ,-31, ,
1, ,-31, ,
34, ,-31, ,
46, ,-31, ,
30, ,-30, ,
20, ,-30, ,
12, ,-31, ,
8, ,-31, ,
7, ,-31, ,
6, ,-31, ,
3, ,-30, ,
5, ,-30, ,
2, ,-31, ,
2, ,-31, ,
3, ,-31, ,
3, ,-30, ,
2, ,-30, ,
3, ,-30, ,
2, ,-31, ,
2, ,-31, ,
3, ,-31, ,
3, ,-31, ,
2, ,-30, ,
3, ,-31, ,
2, ,-31, ,
2, ,-31, ,
3, ,-30, ,
3, ,-31, ,
2, ,-30, ,
2, ,-30, ,
2, ,-31, ,
2, ,-31, ,
3, ,-31, ,
3, ,-31, ,
2, ,-30, ,
3, ,-31, ,
2, ,-31, ,
2, ,-31, ,
3, ,-31, ,
3, ,-31, ,
2, ,-30, ,
2, ,-30, ,
2, ,-31, ,
2, ,-31, ,
2, ,-31, ,
2, ,-30, ,
2, ,-30, ,
2, ,-31, ,
2, ,-30, ,
2, ,-31, ,
2, ,-30, ,
2, ,-30, ,
1, ,-30, ,
3, ,-30, ,
2, ,-31, ,
2, ,-24, ,
3, ,-4, ,
3, ,14, ,
2, ,25, ,
3, ,35, ,
2, ,42, ,
2, ,49, ,
3, ,52, ,
2, ,55, ,
1, ,57, ,
3, ,60, ,
2, ,59, ,
2, ,60, ,
3, ,61, ,
2, ,62, ,
2, ,62, ,
3, ,63, ,
2, ,62, ,
2, ,63, ,
3, ,62, ,
2, ,63, ,
1, ,63, ,
3, ,63, ,
1, ,62, ,
1, ,63, ,
3, ,63, ,
2, ,63, ,
2, ,63, ,
12, ,63, ,
15, ,62, ,
11, ,62, ,
10, ,63, ,
6, ,62, ,
3, ,63, ,
5, ,63, ,
2, ,62, ,
2, ,63, ,
2, ,63, ,
2, ,62, ,
2, ,62, ,
3, ,63, ,
2, ,62, ,
2, ,62, ,
3, ,63, ,
2, ,63, ,
1, ,62, ,
3, ,63, ,
2, ,62, ,
2, ,62, ,
3, ,63, ,
2, ,63, ,
2, ,62, ,
3, ,63, ,
2, ,62, ,
2, ,62, ,
3, ,63, ,
2, ,62, ,
1, ,62, ,
3, ,63, ,
2, ,62, ,
2, ,62, ,
3, ,63, ,
3, ,62, ,
6, ,62, ,
10, ,62, ,
7, ,62, ,
6, ,63, ,
6, ,63, ,
5, ,62, ,
3, ,62, ,
3, ,63, ,
2, ,62, ,
2, ,63, ,
2, ,63, ,
2, ,62, ,
2, ,62, ,
3, ,63, ,
2, ,61, ,
2, ,62, ,
3, ,62, ,
2, ,62, ,
2, ,63, ,
3, ,63, ,
2, ,62, ,
2, ,62, ,
3, ,63, ,
3, ,62, ,
1, ,62, ,
3, ,63, ,
2, ,62, ,
2, ,62, ,
3, ,62, ,
2, ,62, ,
1, ,62, ,
3, ,63, ,
2, ,62, ,
2, ,62, ,
3, ,63, ,
3, ,62, ,
2, ,62, ,
3, ,62, ,
2, ,62, ,
2, ,62, ,
2, ,63, ,
2, ,62, ,
1, ,62, ,
3, ,63, ,
2, ,61, ,
2, ,63, ,
3, ,63, ,
3, ,62, ,
8, ,63, ,
10, ,63, ,
6, ,62, ,
5, ,62, ,
5, ,62, ,
3, ,62, ,
2, ,62, ,
3, ,63, ,
2, ,62, ,
2, ,62, ,
3, ,62, ,
2, ,62, ,
1, ,62, ,
3, ,63, ,
2, ,61, ,
2, ,62, ,
3, ,62, ,
3, ,62, ,
2, ,62, ,
3, ,63, ,
2, ,62, ,
2, ,62, ,
3, ,63, ,
2, ,62, ,
1, ,62, ,
3, ,63, ,
3, ,62, ,
5, ,63, ,
7, ,63, ,
6, ,63, ,
3, ,62, ,
5, ,63, ,
3, ,62, ,
3, ,62, ,
3, ,63, ,
3, ,62, ,
2, ,62, ,
3, ,63, ,
2, ,61, ,
2, ,62, ,
3, ,63, ,
3, ,62, ,
1, ,62, ,
3, ,60, ,
2, ,42, ,
1, ,23, ,
2, ,9, ,
2, ,0, ,
1, ,-8, ,
3, ,-14, ,
2, ,-18, ,
2, ,-21, ,
3, ,-24, ,
2, ,-26, ,
1, ,-27, ,
3, ,-28, ,
2, ,-28, ,
2, ,-30, ,
3, ,-30, ,
3, ,-30, ,
2, ,-31, ,
3, ,-31, ,
2, ,-31, ,
2, ,-31, ,
3, ,-31, ,
3, ,-31, ,
1, ,-31, ,
2, ,-31, ,
2, ,-31, ,
2, ,-31, ,
2, ,-31, ,
2, ,-31, ,
2, ,-31, ,
3, ,-31, ,
2, ,-31, ,
2, ,-31, ,
3, ,-31, ,
3, ,-31, ,
2, ,-31, ,
3, ,-31, ,
2, ,-31, ,
2, ,-31, ,
2, ,-31, ,
2, ,-31, ,
2, ,-31, ,
3, ,-31, ,
2, ,-31, ,
2, ,-31, ,
2, ,-31, ,
2, ,-31, ,
1, ,-31, ,
2, ,-31, ,
2, ,-31, ,
2, ,-31, ,
2, ,-31, ,
3, ,-31, ,
1, ,-31, ,
3, ,-31, ,
2, ,-31, ,
2, ,-31, ,
2, ,-31, ,
2, ,-31, ,
1, ,-30, ,
2, ,-31, ,
2, ,-31, ,
2, ,-31, ,
3, ,-31, ,
3, ,-31, ,
1, ,-31, ,
2, ,-31, ,
2, ,-31, ,
2, ,-31, ,
2, ,-31, ,
2, ,-31, ,
1, ,-31, ,
2, ,-31, ,
2, ,-31, ,
2, ,-31, ,
3, ,-31, ,
2, ,-31, ,
1, ,-30, ,
2, ,-31, ,
2, ,-31, ,
2, ,-30, ,
2, ,-31, ,
2, ,-31, ,
1, ,-30, ,
2, ,-31, ,
2, ,-31, ,
2, ,-31, ,
3, ,-31, ,
2, ,-31, ,
1, ,-31, ,
2, ,-30, ,
2, ,-31, ,
2, ,-31, ,
2, ,-31, ,
3, ,-31, ,
1, ,-31, ,
2, ,-31, ,
2, ,-31, ,
2, ,-30, ,
2, ,-31, ,
2, ,-30, ,
2, ,-30, ,
3, ,-31, ,
2, ,-30, ,
2, ,-31, ,
2, ,-30, ,
2, ,-31, ,
1, ,-31, ,
2, ,-31, ,
2, ,-30, ,
2, ,-30, ,
2, ,-31, ,
2, ,-31, ,
1, ,-31, ,
3, ,-31, ,
2, ,-30, ,
2, ,-31, ,
2, ,-31, ,
2, ,-31, ,
1, ,-30, ,
3, ,-31, ,
2, ,-31, ,
2, ,-31, ,
2, ,-31, ,
2, ,-31, ,
1, ,-30, ,
2, ,-31, ,
2, ,-31, ,
2, ,-31, ,
2, ,-31, ,
2, ,-31, ,
1, ,-30, ,
2, ,-30, ,
2, ,-31, ,
1, ,-30, ,
2, ,-30, ,
2, ,-31, ,
1, ,-30, ,
2, ,-30, ,
1, ,-30, ,
2, ,-30, ,
2, ,-30, ,
2, ,-31, ,
1, ,-30, ,
2, ,-31, ,
2, ,-31, ,
2, ,-31, ,
2, ,-30, ,
2, ,-31, ,
1, ,-30, ,
2, ,-30, ,
2, ,-30, ,
2, ,-31, ,
2, ,-31, ,
2, ,-31, ,
1, ,-30, ,
2, ,-30, ,
2, ,-31, ,
1, ,-31, ,
2, ,-30, ,
2, ,-31, ,
1, ,-30, ,
2, ,-31, ,
1, ,-30, ,
1, ,-31, ,
2, ,-31, ,
2, ,-30, ,
1, ,-30, ,
2, ,-30, ,
2, ,-30, ,
2, ,-30, ,
2, ,-31, ,
2, ,-31, ,
1, ,-30, ,
2, ,-30, ,
1, ,-30, ,
1, ,-31, ,
2, ,-30, ,
2, ,-31, ,
1, ,-30, ,
2, ,-30, ,
1, ,-31, ,
2, ,-30, ,
2, ,-31, ,
2, ,-31, ,
1, ,-31, ,
2, ,-30, ,
1, ,-30, ,
2, ,-31, ,
2, ,-31, ,
2, ,-30, ,
1, ,-30, ,
2, ,-30, ,
2, ,-31, ,
1, ,-30, ,
2, ,-31, ,
2, ,-30, ,
1, ,-30, ,
2, ,-31, ,
1, ,-31, ,
1, ,-31, ,
2, ,-30, ,
2, ,-30, ,
1, ,-30, ,
2, ,-30, ,
2, ,-31, ,
2, ,-30, ,
2, ,-30, ,
2, ,-31, ,
1, ,-30, ,
2, ,-31, ,
1, ,-30, ,
1, ,-31, ,
2, ,-30, ,
2, ,-30, ,
1, ,-31, ,
2, ,-31, ,
1, ,-31, ,
1, ,-30, ,
2, ,-30, ,
2, ,-30, ,
2, ,-30, ,
2, ,-31, ,
1, ,-31, ,
2, ,-31, ,
2, ,-30, ,
2, ,-31, ,
1, ,-30, ,
2, ,-30, ,
2, ,-31, ,
1, ,-30, ,
2, ,-30, ,
2, ,-31, ,
1, ,-30, ,
2, ,-30, ,
1, ,-31, ,
1, ,-31, ,
2, ,-30, ,
2, ,-30, ,
1, ,-30, ,
2, ,-30, ,
2, ,-31, ,
1, ,-30, ,
2, ,-30, ,
2, ,-30, ,
1, ,-30, ,
2, ,-30, ,
2, ,-31, ,
1, ,-31, ,
2, ,-30, ,
2, ,-30, ,
1, ,-30, ,
2, ,-30, ,
1, ,-31, ,
1, ,-30, ,
2, ,-30, ,
2, ,-31, ,
1, ,-30, ,
2, ,-30, ,
1, ,-30, ,
1, ,-30, ,
2, ,-30, ,
2, ,-30, ,
1, ,-30, ,
2, ,-30, ,
2, ,-31, ,
2, ,-31, ,
2, ,-31, ,
2, ,-31, ,
1, ,-30, ,
2, ,-30, ,
1, ,-30, ,
1, ,-31, ,
2, ,-30, ,
2, ,-30, ,
1, ,-30, ,
2, ,-30, ,
1, ,-31, ,
1, ,-30, ,
2, ,-30, ,
2, ,-31, ,
1, ,-30, ,
2, ,-30, ,
1, ,-31, ,
1, ,-30, ,
2, ,-30, ,
2, ,-30, ,
1, ,-30, ,
2, ,-30, ,
2, ,-31, ,
2, ,-30, ,
2, ,-30, ,
1, ,-31, ,
1, ,-30, ,
2, ,-30, ,
1, ,-30, ,
1, ,-31, ,
2, ,-30, ,
2, ,-30, ,
1, ,-30, ,
2, ,-30, ,
1, ,-31, ,
1, ,-30, ,
2, ,-30, ,
2, ,-31, ,
1, ,-30, ,
2, ,-30, ,
1, ,-30, ,
1, ,-30, ,
2, ,-31, ,
2, ,-30, ,
1, ,-30, ,
2, ,-30, ,
1, ,-31, ,
1, ,-31, ,
2, ,-30, ,
2, ,-31, ,
1, ,-30, ,
2, ,-30, ,
1, ,-30, ,
2, ,-31, ,
2, ,-30, ,
2, ,-31, ,
1, ,-30, ,
2, ,-30, ,
1, ,-31, ,
2, ,-30, ,
2, ,-30, ,
1, ,-31, ,
1, ,-30, ,
2, ,-30, ,
1, ,-31, ,
1, ,-30, ,
2, ,-31, ,
2, ,-31, ,
1, ,-30, ,
2, ,-30, ,
1, ,-30, ,
1, ,-30, ,
2, ,-30, ,
2, ,-30, ,
1, ,-30, ,
2, ,-30, ,
1, ,-31, ,
1, ,-31, ,
2, ,-30, ,
1, ,-30, ,
1, ,-30, ,
2, ,-30, ,
1, ,-31, ,
1, ,-30, ,
2, ,-30, ,
1, ,-31, ,
1, ,-30, ,
2, ,-30, ,
1, ,-30, ,
1, ,-31, ,
2, ,-30, ,
1, ,-30, ,
1, ,-30, ,
2, ,-30, ,
1, ,-31, ,
1, ,-30, ,
2, ,-30, ,
2, ,-31, ,
1, ,-30, ,
2, ,-31, ,
1, ,-30, ,
1, ,-31, ,
2, ,-31, ,
1, ,-31, ,
1, ,-30, ,
2, ,-30, ,
1, ,-31, ,
1, ,-31, ,
2, ,-30, ,
1, ,-30, ,
1, ,-30, ,
2, ,-30, ,
1, ,-31, ,
1, ,-31, ,
2, ,-30, ,
1, ,-31, ,
1, ,-30, ,
2, ,-30, ,
1, ,-31, ,
1, ,-30, ,
2, ,-30, ,
1, ,-31, ,
1, ,-30, ,
2, ,-30, ,
1, ,-31, ,
1, ,-31, ,
2, ,-31, ,
1, ,-30, ,
-1, ,-30, ,
2, ,-30, ,
1, ,-30, ,
1, ,-31, ,
2, ,-30, ,
1, ,-30, ,
1, ,-30, ,
2, ,-30, ,
1, ,-30, ,
1, ,-30, ,
2, ,-31, ,
1, ,-30, ,
1, ,-30, ,
2, ,-30, ,
1, ,-30, ,
1, ,-30, ,
2, ,-30, ,
1, ,-31, ,
1, ,-30, ,
2, ,-30, ,
1, ,-31, ,
1, ,-31, ,
2, ,-30, ,
1, ,-30, ,
1, ,-30, ,
2, ,-30, ,
1, ,-31, ,
1, ,-31, ,
2, ,-30, ,
2, ,-31, ,
1, ,-30, ,
1, ,-30, ,
1, ,-30, ,
1, ,-31, ,
2, ,-30, ,
1, ,-30, ,
1, ,-30, ,
2, ,-30, ,
1, ,-31, ,
1, ,-30, ,
2, ,-30, ,
2, ,-30, ,
1, ,-30, ,
2, ,-30, ,
1, ,-30, ,
1, ,-31, ,
2, ,-31, ,
1, ,-30, ,
1, ,-30, ,
2, ,-30, ,
1, ,-31, ,
1, ,-30, ,
2, ,-31, ,
1, ,-30, ,
1, ,-30, ,
2, ,-30, ,
1, ,-31, ,
1, ,-31, ,
2, ,-30, ,
1, ,-30, ,
1, ,-30, ,
2, ,-30, ,
1, ,-31, ,
1, ,-31, ,
2, ,-30, ,
1, ,-30, ,
1, ,-30, ,
2, ,-30, ,
1, ,-30, ,
1, ,-30, ,
2, ,-31, ,
1, ,-30, ,
-1, ,-30, ,
2, ,-30, ,
1, ,-30, ,
1, ,-30, ,
2, ,-30, ,
1, ,-31, ,
1, ,-30, ,
1, ,-30, ,
1, ,-30, ,
1, ,-31, ,
2, ,-31, ,
1, ,-30, ,
1, ,-30, ,
2, ,-30, ,
1, ,-31, ,
1, ,-31, ,
1, ,-31, ,
1, ,-31, ,
1, ,-30, ,
2, ,-30, ,
1, ,-31, ,
1, ,-31, ,
2, ,-31, ,
2, ,-30, ,
-1, ,-30, ,
2, ,-30, ,
1, ,-31, ,
1, ,-30, ,
2, ,-30, ,
1, ,-30, ,
-1, ,-30, ,
1, ,-30, ,
1, ,-30, ,
1, ,-31, ,
1, ,-31, ,
1, ,-31, ,
-1, ,-30, ,
1, ,-30, ,
1, ,-31, ,
1, ,-31, ,
1, ,-31, ,
1, ,-31, ,
-1, ,-30, ,
1, ,-30, ,
1, ,-30, ,
1, ,-31, ,
1, ,-30, ,
1, ,-30, ,
-1, ,-30, ,
1, ,-30, ,
1, ,-31, ,
1, ,-31, ,
2, ,-30, ,
1, ,-31, ,
-1, ,-30, ,
2, ,-30, ,
1, ,-30, ,
1, ,-31, ,
1, ,-30, ,
1, ,-30, ,
1, ,-30, ,
1, ,-30, ,
1, ,-31, ,
1, ,-31, ,
2, ,-30, ,
2, ,-30, ,
-1, ,-30, ,
2, ,-30, ,
1, ,-31, ,
1, ,-31, ,
2, ,-31, ,
1, ,-30, ,
-1, ,-30, ,
1, ,-30, ,
1, ,-31, ,
1, ,-31, ,
1, ,-30, ,
1, ,-30, ,
-1, ,-30, ,
2, ,-30, ,
1, ,-30, ,
1, ,-31, ,
2, ,-30, ,
1, ,-30, ,
-1, ,-30, ,
1, ,-30, ,
1, ,-31, ,
1, ,-31, ,
2, ,-30, ,
1, ,-31, ,
1, ,-30, ,
1, ,-30, ,
1, ,-31, ,
1, ,-31, ,
2, ,-30, ,
1, ,-31, ,
-1, ,-30, ,
2, ,-30, ,
1, ,-31, ,
1, ,-31, ,
1, ,-31, ,
1, ,-31, ,
1, ,-30, ,
2, ,-30, ,
1, ,-30, ,
1, ,-31, ,
1, ,-30, ,
1, ,-30, ,
-1, ,-30, ,
2, ,-30, ,
1, ,-31, ,
1, ,-31, ,
2, ,-31, ,
1, ,-31, ,
-1, ,-30, ,
1, ,-30, ,
1, ,-30, ,
1, ,-31, ,
1, ,-30, ,
1, ,-30, ,
-1, ,-30, ,
1, ,-30, ,
1, ,-30, ,
1, ,-31, ,
1, ,-31, ,
1, ,-31, ,
-1, ,-30, ,
1, ,-30, ,
1, ,-30, ,
1, ,-31, ,
2, ,-31, ,
1, ,-31, ,
-1, ,-30, ,
1, ,-30, ,
1, ,-30, ,
1, ,-30, ,
1, ,-30, ,
1, ,-30, ,
-1, ,-30, ,
1, ,-30, ,
1, ,-30, ,
1, ,-31, ,
1, ,-31, ,
1, ,-31, ,
-1, ,-30, ,
1, ,-30, ,
1, ,-30, ,
1, ,-31, ,
2, ,-30, ,
1, ,-31, ,
-1, ,-30, ,
1, ,-30, ,
1, ,-31, ,
1, ,-31, ,
1, ,-31, ,
1, ,-30, ,
-1, ,-30, ,
1, ,-30, ,
1, ,-31, ,
1, ,-31, ,
1, ,-27, ,
1, ,-11, ,
1, ,8, ,
2, ,23, ,
1, ,33, ,
1, ,41, ,
2, ,46, ,
2, ,51, ,
-1, ,54, ,
2, ,57, ,
-1, ,58, ,
1, ,59, ,
1, ,61, ,
1, ,61, ,
-1, ,62, ,
2, ,62, ,
1, ,62, ,
-1, ,62, ,
1, ,63, ,
1, ,63, ,
-1, ,63, ,
2, ,63, ,
-1, ,63, ,
-1, ,63, ,
1, ,63, ,
1, ,63, ,
74, ,63, ,
57, ,64, ,
32, ,62, ,
21, ,62, ,
13, ,63, ,
10, ,62, ,
6, ,63, ,
6, ,64, ,
5, ,62, ,
3, ,63, ,
5, ,63, ,
3, ,63, ,
2, ,63, ,
3, ,63, ,
2, ,62, ,
2, ,63, ,
3, ,63, ,
2, ,63, ,
1, ,62, ,
3, ,63, ,
2, ,62, ,
2, ,63, ,
3, ,63, ,
3, ,62, ,
1, ,62, ,
3, ,63, ,
2, ,62, ,
2, ,62, ,
3, ,63, ,
2, ,63, ,
1, ,62, ,
3, ,63, ,
2, ,62, ,
2, ,63, ,
3, ,63, ,
3, ,62, ,
2, ,62, ,
3, ,63, ,
2, ,62, ,
2, ,62, ,
3, ,63, ,
2, ,62, ,
1, ,62, ,
3, ,63, ,
2, ,62, ,
2, ,62, ,
3, ,63, ,
2, ,62, ,
1, ,63, ,
3, ,63, ,
3, ,62, ,
10, ,63, ,
10, ,63, ,
7, ,62, ,
5, ,62, ,
6, ,63, ,
5, ,62, ,
3, ,62, ,
3, ,63, ,
3, ,62, ,
2, ,62, ,
5, ,63, ,
2, ,62, ,
2, ,62, ,
2, ,62, ,
2, ,62, ,
2, ,62, ,
5, ,62, ,
3, ,61, ,
2, ,62, ,
3, ,63, ,
3, ,62, ,
2, ,62, ,
5, ,63, ,
2, ,62, ,
2, ,62, ,
3, ,63, ,
2, ,62, ,
1, ,62, ,
3, ,63, ,
2, ,62, ,
2, ,62, ,
3, ,62, ,
3, ,62, ,
2, ,62, ,
5, ,63, ,
5, ,62, ,
5, ,62, ,
6, ,63, ,
5, ,62, ,
3, ,62, ,
5, ,63, ,
2, ,62, ,
2, ,62, ,
3, ,63, ,
3, ,62, ,
2, ,62, ,
3, ,62, ,
2, ,62, ,
2, ,62, ,
3, ,63, ,
2, ,62, ,
1, ,62, ,
3, ,63, ,
2, ,62, ,
2, ,62, ,
3, ,63, ,
2, ,62, ,
1, ,62, ,
3, ,63, ,
2, ,62, ,
2, ,62, ,
3, ,62, ,
6, ,62, ,
5, ,62, ,
6, ,63, ,
5, ,61, ,
3, ,62, ,
5, ,63, ,
3, ,62, ,
2, ,62, ,
5, ,63, ,
2, ,62, ,
2, ,62, ,
3, ,63, ,
2, ,62, ,
1, ,62, ,
3, ,63, ,
2, ,61, ,
2, ,49, ,
3, ,28, ,
2, ,13, ,
1, ,2, ,
3, ,-6, ,
2, ,-13, ,
2, ,-18, ,
3, ,-21, ,
2, ,-23, ,
2, ,-25, ,
3, ,-26, ,
2, ,-28, ,
2, ,-28, ,
3, ,-30, ,
3, ,-30, ,
1, ,-30, ,
3, ,-30, ,
2, ,-31, ,
2, ,-31, ,
3, ,-31, ,
3, ,-31, ,
2, ,-31, ,
3, ,-31, ,
2, ,-31, ,
2, ,-31, ,
3, ,-31, ,
3, ,-31, ,
2, ,-31, ,
8, ,-31, ,
8, ,-31, ,
6, ,-31, ,
6, ,-31, ,
6, ,-31, ,
3, ,-31, ,
3, ,-31, ,
2, ,-31, ,
2, ,-31, ,
3, ,-31, ,
3, ,-31, ,
1, ,-31, ,
3, ,-31, ,
2, ,-31, ,
2, ,-31, ,
3, ,-31, ,
3, ,-31, ,
2, ,-31, ,
3, ,-31, ,
2, ,-31, ,
2, ,-31, ,
3, ,-31, ,
3, ,-31, ,
2, ,-31, ,
3, ,-31, ,
2, ,-31, ,
2, ,-31, ,
3, ,-31, ,
3, ,-31, ,
2, ,-30, ,
3, ,-30, ,
2, ,-30, ,
2, ,-31, ,
2, ,-31, ,
3, ,-31, ,
2, ,-31, ,
3, ,-31, ,
2, ,-30, ,
2, ,-30, ,
2, ,-31, ,
3, ,-31, ,
2, ,-31, ,
3, ,-31, ,
2, ,-31, ,
2, ,-31, ,
2, ,-31, ,
3, ,-31, ,
2, ,-31, ,
2, ,-31, ,
2, ,-31, ,
2, ,-30, ,
2, ,-31, ,
3, ,-31, ,
2, ,-31, ,
2, ,-30, ,
2, ,-31, ,
2, ,-31, ,
2, ,-31, ,
3, ,-31, ,
2, ,-31, ,
3, ,-31, ,
2, ,-31, ,
2, ,-30, ,
2, ,-30, ,
3, ,-31, ,
2, ,-31, ,
2, ,-30, ,
2, ,-31, ,
2, ,-31, ,
2, ,-31, ,
2, ,-31, ,
1, ,-31, ,
2, ,-31, ,
2, ,-30, ,
2, ,-30, ,
2, ,-31, ,
3, ,-30, ,
1, ,-30, ,
2, ,-30, ,
2, ,-31, ,
2, ,-31, ,
2, ,-31, ,
3, ,-31, ,
2, ,-30, ,
3, ,-31, ,
2, ,-30, ,
2, ,-30, ,
2, ,-31, ,
2, ,-30, ,
1, ,-30, ,
2, ,-30, ,
2, ,-31, ,
2, ,-31, ,
2, ,-31, ,
3, ,-31, ,
2, ,-31, ,
3, ,-30, ,
2, ,-31, ,
2, ,-31, ,
2, ,-31, ,
2, ,-31, ,
1, ,-30, ,
2, ,-30, ,
2, ,-31, ,
2, ,-31, ,
3, ,-30, ,
2, ,-31, ,
1, ,-31, ,
2, ,-30, ,
2, ,-30, ,
2, ,-30, ,
2, ,-31, ,
2, ,-31, ,
1, ,-30, ,
3, ,-30, ,
2, ,-31, ,
2, ,-30, ,
2, ,-30, ,
2, ,-31, ,
2, ,-30, ,
3, ,-30, ,
2, ,-31, ,
1, ,-30, ,
3, ,-31, ,
2, ,-30, ,
1, ,-30, ,
2, ,-30, ,
2, ,-31, ,
2, ,-30, ,
2, ,-30, ,
2, ,-31, ,
1, ,-30, ,
2, ,-30, ,
2, ,-30, ,
2, ,-31, ,
2, ,-30, ,
2, ,-30, ,
1, ,-30, ,
2, ,-30, ,
2, ,-31, ,
1, ,-30, ,
2, ,-30, ,
2, ,-31, ,
1, ,-30, ,
3, ,-31, ,
2, ,-30, ,
1, ,-30, ,
2, ,-30, ,
2, ,-30, ,
1, ,-30, ,
2, ,-30, ,
2, ,-30, ,
2, ,-31, ,
2, ,-31, ,
2, ,-30, ,
1, ,-30, ,
2, ,-30, ,
2, ,-30, ,
1, ,-31, ,
2, ,-30, ,
2, ,-31, ,
1, ,-30, ,
2, ,-30, ,
2, ,-31, ,
2, ,-30, ,
2, ,-30, ,
2, ,-31, ,
1, ,-30, ,
2, ,-30, ,
1, ,-31, ,
1, ,-30, ,
3, ,-31, ,
2, ,-31, ,
1, ,-30, ,
2, ,-30, ,
1, ,-31, ,
2, ,-30, ,
2, ,-30, ,
2, ,-30, ,
1, ,-30, ,
2, ,-30, ,
1, ,-31, ,
2, ,-31, ,
2, ,-30, ,
2, ,-30, ,
1, ,-30, ,
2, ,-30, ,
2, ,-31, ,
2, ,-30, ,
35, ,-31, ,
24, ,-31, ,
15, ,-30, ,
11, ,-31, ,
7, ,-30, ,
6, ,-31, ,
5, ,-31, ,
3, ,-30, ,
2, ,-30, ,
3, ,-30, ,
2, ,-31, ,
2, ,-31, ,
3, ,-30, ,
3, ,-31, ,
2, ,-30, ,
3, ,-30, ,
2, ,-30, ,
2, ,-30, ,
3, ,-30, ,
2, ,-31, ,
2, ,-30, ,
3, ,-30, ,
2, ,-30, ,
2, ,-31, ,
3, ,-30, ,
3, ,-31, ,
2, ,-30, ,
3, ,-30, ,
2, ,-30, ,
2, ,-31, ,
3, ,-30, ,
2, ,-31, ,
1, ,-30, ,
3, ,-30, ,
2, ,-31, ,
2, ,-30, ,
2, ,-30, ,
3, ,-31, ,
2, ,-30, ,
3, ,-30, ,
2, ,-30, ,
2, ,-31, ,
3, ,-30, ,
3, ,-31, ,
2, ,-30, ,
2, ,-30, ,
2, ,-30, ,
2, ,-30, ,
3, ,-30, ,
2, ,-31, ,
2, ,-30, ,
3, ,-30, ,
2, ,-30, ,
2, ,-31, ,
2, ,-30, ,
3, ,-30, ,
2, ,-30, ,
2, ,-30, ,
2, ,-31, ,
2, ,-30, ,
2, ,-30, ,
2, ,-30, ,
1, ,-30, ,
2, ,-30, ,
2, ,-30, ,
2, ,-30, ,
3, ,-30, ,
2, ,-30, ,
2, ,-30, ,
2, ,-30, ,
2, ,-31, ,
2, ,-31, ,
3, ,-30, ,
2, ,-31, ,
2, ,-30, ,
3, ,-30, ,
2, ,-30, ,
2, ,-31, ,
3, ,-31, ,
2, ,-31, ,
2, ,-30, ,
3, ,-30, ,
2, ,-31, ,
2, ,-31, ,
2, ,-30, ,
3, ,-30, ,
1, ,-30, ,
3, ,-30, ,
2, ,-30, ,
2, ,-31, ,
3, ,-30, ,
2, ,-30, ,
1, ,-30, ,
2, ,-30, ,
2, ,-30, ,
2, ,-31, ,
2, ,-30, ,
2, ,-31, ,
1, ,-30, ,
2, ,-31, ,
2, ,-31, ,
2, ,-31, ,
3, ,-31, ,
3, ,-30, ,
1, ,-30, ,
2, ,-30, ,
2, ,-31, ,
1, ,-31, ,
2, ,-30, ,
2, ,-31, ,
1, ,-30, ,
2, ,-30, ,
2, ,-30, ,
2, ,-30, ,
2, ,-31, ,
2, ,-30, ,
1, ,-30, ,
3, ,-30, ,
2, ,-31, ,
2, ,-31, ,
2, ,-30, ,
2, ,-31, ,
1, ,-30, ,
3, ,-30, ,
2, ,-30, ,
2, ,-31, ,
2, ,-31, ,
2, ,-30, ,
1, ,-30, ,
2, ,-30, ,
2, ,-31, ,
1, ,-31, ,
2, ,-30, ,
2, ,-31, ,
1, ,-30, ,
2, ,-30, ,
2, ,-30, ,
2, ,-31, ,
2, ,-30, ,
2, ,-31, ,
1, ,-30, ,
2, ,-30, ,
2, ,-31, ,
1, ,-30, ,
2, ,-31, ,
2, ,-30, ,
1, ,-30, ,
2, ,-30, ,
1, ,-30, ,
1, ,-31, ,
2, ,-30, ,
2, ,-30, ,
1, ,-30, ,
2, ,-30, ,
2, ,-30, ,
2, ,-31, ,
2, ,-30, ,
2, ,-31, ,
1, ,-30, ,
2, ,-31, ,
2, ,-31, ,
2, ,-31, ,
2, ,-30, ,
2, ,-30, ,
1, ,-30, ,
2, ,-30, ,
1, ,-31, ,
1, ,-30, ,
2, ,-30, ,
2, ,-31, ,
1, ,-30, ,
2, ,-30, ,
1, ,-30, ,
1, ,-31, ,
2, ,-30, ,
2, ,-30, ,
1, ,-30, ,
2, ,-30, ,
2, ,-31, ,
2, ,-31, ,
2, ,-31, ,
2, ,-31, ,
1, ,-30, ,
2, ,-30, ,
1, ,-30, ,
1, ,-31, ,
2, ,-31, ,
2, ,-31, ,
1, ,-30, ,
2, ,-30, ,
2, ,-31, ,
2, ,-31, ,
2, ,-31, ,
2, ,-31, ,
1, ,-30, ,
2, ,-30, ,
1, ,-30, ,
1, ,-31, ,
2, ,-31, ,
2, ,-31, ,
1, ,-30, ,
2, ,-30, ,
2, ,-31, ,
2, ,-31, ,
2, ,-31, ,
2, ,-31, ,
1, ,-30, ,
2, ,-30, ,
1, ,-30, ,
1, ,-30, ,
2, ,-31, ,
2, ,-30, ,
1, ,-30, ,
2, ,-30, ,
2, ,-31, ,
2, ,-30, ,
2, ,-31, ,
2, ,-31, ,
1, ,-30, ,
2, ,-30, ,
2, ,-30, ,
2, ,-31, ,
2, ,-31, ,
2, ,-31, ,
1, ,-30, ,
2, ,-31, ,
1, ,-31, ,
1, ,-31, ,
2, ,-31, ,
2, ,-31, ,
1, ,-30, ,
2, ,-30, ,
2, ,-30, ,
2, ,-31, ,
2, ,-30, ,
2, ,-30, ,
1, ,-30, ,
2, ,-30, ,
2, ,-31, ,
1, ,-31, ,
2, ,-31, ,
2, ,-31, ,
1, ,-30, ,
2, ,-30, ,
2, ,-31, ,
1, ,-31, ,
2, ,-31, ,
2, ,-31, ,
1, ,-30, ,
2, ,-30, ,
1, ,-31, ,
1, ,-31, ,
2, ,-31, ,
1, ,-30, ,
1, ,-30, ,
2, ,-30, ,
1, ,-30, ,
1, ,-30, ,
2, ,-31, ,
2, ,-30, ,
1, ,-30, ,
2, ,-30, ,
1, ,-31, ,
1, ,-31, ,
2, ,-31, ,
2, ,-31, ,
1, ,-30, ,
2, ,-30, ,
1, ,-30, ,
1, ,-31, ,
2, ,-31, ,
1, ,-30, ,
1, ,-30, ,
2, ,-31, ,
2, ,-30, ,
2, ,-30, ,
2, ,-31, ,
2, ,-31, ,
1, ,-30, ,
2, ,-30, ,
2, ,-31, ,
1, ,-30, ,
2, ,-31, ,
2, ,-30, ,
1, ,-30, ,
2, ,-30, ,
1, ,-31, ,
1, ,-31, ,
2, ,-30, ,
2, ,-31, ,
1, ,-30, ,
2, ,-31, ,
1, ,-31, ,
1, ,-31, ,
2, ,-31, ,
2, ,-31, ,
1, ,-30, ,
2, ,-30, ,
1, ,-31, ,
1, ,-31, ,
2, ,-30, ,
2, ,-31, ,
1, ,-30, ,
2, ,-31, ,
1, ,-30, ,
2, ,-31, ,
2, ,-30, ,
1, ,-30, ,
1, ,-30, ,
2, ,-31, ,
1, ,-31, ,
1, ,-31, ,
2, ,-30, ,
1, ,-31, ,
1, ,-30, ,
2, ,-30, ,
1, ,-31, ,
1, ,-31, ,
2, ,-31, ,
1, ,-30, ,
1, ,-30, ,
2, ,-30, ,
1, ,-31, ,
1, ,-31, ,
2, ,-30, ,
1, ,-31, ,
1, ,-30, ,
2, ,-31, ,
1, ,-31, ,
1, ,-30, ,
2, ,-31, ,
1, ,-30, ,
-1, ,-30, ,
2, ,-30, ,
1, ,-31, ,
1, ,-30, ,
2, ,-31, ,
1, ,-31, ,
1, ,-30, ,
2, ,-30, ,
1, ,-30, ,
1, ,-31, ,
2, ,-31, ,
1, ,-31, ,
-1, ,-30, ,
2, ,-30, ,
1, ,-31, ,
1, ,-30, ,
2, ,-30, ,
2, ,-31, ,
1, ,-30, ,
2, ,-31, ,
1, ,-30, ,
1, ,-30, ,
2, ,-31, ,
2, ,-31, ,
-1, ,-30, ,
2, ,-31, ,
1, ,-31, ,
1, ,-31, ,
2, ,-31, ,
2, ,-31, ,
1, ,-30, ,
2, ,-31, ,
1, ,-30, ,
1, ,-31, ,
2, ,-31, ,
2, ,-30, ,
1, ,-31, ,
2, ,-30, ,
1, ,-30, ,
1, ,-31, ,
2, ,-30, ,
2, ,-31, ,
1, ,-30, ,
2, ,-31, ,
1, ,-30, ,
1, ,-30, ,
2, ,-31, ,
1, ,-31, ,
1, ,-30, ,
2, ,-30, ,
1, ,-31, ,
1, ,-30, ,
2, ,-30, ,
2, ,-31, ,
1, ,-30, ,
2, ,-31, ,
1, ,-31, ,
1, ,-30, ,
2, ,-31, ,
2, ,-31, ,
1, ,-30, ,
2, ,-31, ,
1, ,-31, ,
1, ,-31, ,
2, ,-30, ,
2, ,-31, ,
1, ,-30, ,
2, ,-30, ,
1, ,-30, ,
1, ,-31, ,
2, ,-30, ,
1, ,-31, ,
1, ,-30, ,
2, ,-30, ,
1, ,-31, ,
1, ,-30, ,
2, ,-31, ,
1, ,-30, ,
1, ,-16, ,
2, ,4, ,
2, ,20, ,
1, ,31, ,
2, ,39, ,
2, ,45, ,
-1, ,50, ,
2, ,54, ,
1, ,56, ,
1, ,58, ,
2, ,60, ,
1, ,60, ,
1, ,61, ,
2, ,62, ,
1, ,61, ,
1, ,62, ,
2, ,63, ,
1, ,63, ,
-1, ,62, ,
2, ,64, ,
1, ,62, ,
-1, ,63, ,
1, ,63, ,
1, ,63, ,
-1, ,63, ,
2, ,63, ,
1, ,62, ,
1, ,63, ,
2, ,63, ,
1, ,62, ,
-1, ,62, ,
52, ,63, ,
50, ,62, ,
30, ,63, ,
20, ,63, ,
12, ,63, ,
7, ,63, ,
7, ,63, ,
3, ,62, ,
2, ,63, ,
3, ,63, ,
2, ,62, ,
1, ,63, ,
2, ,63, ,
2, ,62, ,
2, ,63, ,
3, ,63, ,
2, ,62, ,
1, ,62, ,
3, ,63, ,
2, ,62, ,
2, ,62, ,
3, ,63, ,
2, ,62, ,
2, ,63, ,
3, ,63, ,
2, ,62, ,
2, ,62, ,
3, ,63, ,
2, ,62, ,
1, ,63, ,
3, ,63, ,
2, ,62, ,
2, ,62, ,
7, ,63, ,
8, ,63, ,
6, ,62, ,
7, ,63, ,
5, ,62, ,
3, ,63, ,
5, ,62, ,
2, ,62, ,
2, ,62, ,
3, ,63, ,
2, ,62, ,
2, ,63, ,
3, ,62, ,
2, ,62, ,
1, ,62, ,
3, ,63, ,
2, ,61, ,
2, ,62, ,
3, ,63, ,
2, ,62, ,
1, ,62, ,
3, ,63, ,
2, ,62, ,
2, ,62, ,
3, ,63, ,
5, ,62, ,
5, ,62, ,
6, ,63, ,
5, ,62, ,
3, ,62, ,
5, ,63, ,
3, ,63, ,
2, ,62, ,
3, ,63, ,
2, ,62, ,
2, ,62, ,
2, ,63, ,
2, ,62, ,
2, ,62, ,
3, ,63, ,
2, ,62, ,
2, ,62, ,
3, ,63, ,
2, ,62, ,
1, ,62, ,
3, ,63, ,
2, ,61, ,
2, ,62, ,
3, ,62, ,
2, ,62, ,
2, ,62, ,
3, ,63, ,
2, ,61, ,
2, ,62, ,
3, ,62, ,
2, ,62, ,
1, ,62, ,
3, ,63, ,
2, ,62, ,
2, ,63, ,
3, ,63, ,
2, ,62, ,
2, ,62, ,
3, ,63, ,
7, ,62, ,
7, ,62, ,
8, ,63, ,
6, ,62, ,
3, ,62, ,
5, ,63, ,
3, ,62, ,
2, ,62, ,
3, ,63, ,
3, ,62, ,
1, ,62, ,
3, ,63, ,
2, ,61, ,
2, ,62, ,
3, ,62, ,
3, ,62, ,
2, ,62, ,
3, ,63, ,
2, ,62, ,
2, ,62, ,
3, ,63, ,
2, ,62, ,
2, ,62, ,
3, ,63, ,
2, ,62, ,
2, ,62, ,
2, ,54, ,
2, ,34, ,
1, ,17, ,
3, ,4, ,
2, ,-4, ,
1, ,-11, ,
3, ,-16, ,
2, ,-20, ,
1, ,-23, ,
3, ,-25, ,
2, ,-26, ,
2, ,-27, ,
3, ,-28, ,
3, ,-30, ,
2, ,-30, ,
3, ,-31, ,
2, ,-31, ,
2, ,-31, ,
2, ,-31, ,
2, ,-31, ,
1, ,-31, ,
2, ,-31, ,
2, ,-31, ,
2, ,-31, ,
2, ,-31, ,
3, ,-31, ,
1, ,-31, ,
2, ,-32, ,
2, ,-31, ,
2, ,-31, ,
3, ,-31, ,
2, ,-31, ,
1, ,-31, ,
3, ,-31, ,
2, ,-31, ,
2, ,-31, ,
2, ,-31, ,
3, ,-31, ,
2, ,-31, ,
3, ,-31, ,
2, ,-31, ,
2, ,-31, ,
2, ,-31, ,
2, ,-31, ,
1, ,-31, ,
3, ,-31, ,
2, ,-31, ,
2, ,-31, ,
2, ,-31, ,
2, ,-31, ,
1, ,-30, ,
3, ,-31, ,
2, ,-31, ,
2, ,-31, ,
2, ,-31, ,
2, ,-31, ,
2, ,-31, ,
3, ,-31, ,
2, ,-31, ,
2, ,-31, ,
3, ,-31, ,
3, ,-31, ,
2, ,-30, ,
2, ,-31, ,
2, ,-31, ,
2, ,-31, ,
2, ,-31, ,
2, ,-30, ,
1, ,-31, ,
2, ,-31, ,
2, ,-31, ,
2, ,-31, ,
2, ,-31, ,
2, ,-31, ,
2, ,-30, ,
3, ,-31, ,
2, ,-31, ,
2, ,-31, ,
2, ,-31, ,
3, ,-31, ,
1, ,-30, ,
2, ,-31, ,
2, ,-31, ,
2, ,-31, ,
3, ,-31, ,
2, ,-31, ,
1, ,-30, ,
2, ,-30, ,
2, ,-31, ,
2, ,-31, ,
2, ,-31, ,
2, ,-31, ,
1, ,-30, ,
3, ,-30, ,
2, ,-31, ,
2, ,-31, ,
2, ,-31, ,
2, ,-31, ,
2, ,-30, ,
2, ,-30, ,
2, ,-31, ,
2, ,-31, ,
2, ,-31, ,
2, ,-31, ,
1, ,-30, ,
2, ,-30, ,
1, ,-31, ,
2, ,-31, ,
2, ,-30, ,
2, ,-31, ,
1, ,-30, ,
2, ,-30, ,
2, ,-31, ,
2, ,-31, ,
2, ,-31, ,
2, ,-31, ,
1, ,-30, ,
2, ,-30, ,
2, ,-31, ,
1, ,-31, ,
2, ,-31, ,
2, ,-31, ,
1, ,-30, ,
2, ,-30, ,
1, ,-31, ,
2, ,-31, ,
3, ,-30, ,
2, ,-31, ,
1, ,-30, ,
2, ,-30, ,
1, ,-31, ,
2, ,-31, ,
2, ,-30, ,
2, ,-31, ,
1, ,-31, ,
2, ,-30, ,
1, ,-30, ,
2, ,-30, ,
2, ,-30, ,
2, ,-30, ,
1, ,-30, ,
2, ,-30, ,
2, ,-31, ,
2, ,-30, ,
2, ,-30, ,
2, ,-31, ,
1, ,-31, ,
2, ,-30, ,
1, ,-30, ,
1, ,-30, ,
2, ,-31, ,
2, ,-30, ,
1, ,-30, ,
2, ,-30, ,
1, ,-31, ,
2, ,-30, ,
2, ,-30, ,
2, ,-31, ,
1, ,-30, ,
2, ,-30, ,
2, ,-30, ,
2, ,-31, ,
2, ,-31, ,
2, ,-30, ,
1, ,-30, ,
2, ,-30, ,
2, ,-31, ,
1, ,-30, ,
2, ,-30, ,
2, ,-31, ,
1, ,-30, ,
2, ,-30, ,
1, ,-30, ,
1, ,-30, ,
2, ,-30, ,
2, ,-30, ,
1, ,-30, ,
2, ,-30, ,
2, ,-30, ,
2, ,-30, ,
2, ,-30, ,
2, ,-31, ,
1, ,-30, ,
2, ,-31, ,
2, ,-31, ,
1, ,-31, ,
2, ,-30, ,
2, ,-30, ,
1, ,-30, ,
2, ,-30, ,
1, ,-30, ,
1, ,-30, ,
2, ,-30, ,
2, ,-30, ,
1, ,-30, ,
2, ,-30, ,
2, ,-31, ,
2, ,-30, ,
2, ,-31, ,
1, ,-30, ,
1, ,-30, ,
2, ,-30, ,
2, ,-31, ,
1, ,-30, ,
2, ,-30, ,
2, ,-31, ,
1, ,-30, ,
2, ,-30, ,
1, ,-30, ,
1, ,-30, ,
2, ,-30, ,
2, ,-30, ,
1, ,-30, ,
2, ,-30, ,
2, ,-31, ,
1, ,-31, ,
2, ,-30, ,
2, ,-30, ,
1, ,-30, ,
2, ,-31, ,
2, ,-30, ,
1, ,-30, ,
2, ,-30, ,
2, ,-30, ,
1, ,-31, ,
2, ,-30, ,
2, ,-31, ,
1, ,-30, ,
2, ,-30, ,
2, ,-30, ,
1, ,-30, ,
2, ,-30, ,
1, ,-30, ,
1, ,-30, ,
2, ,-30, ,
2, ,-30, ,
1, ,-30, ,
2, ,-30, ,
2, ,-31, ,
2, ,-30, ,
2, ,-30, ,
2, ,-31, ,
1, ,-30, ,
2, ,-30, ,
1, ,-30, ,
1, ,-31, ,
2, ,-30, ,
2, ,-30, ,
1, ,-30, ,
2, ,-30, ,
1, ,-30, ,
2, ,-30, ,
2, ,-31, ,
2, ,-30, ,
1, ,-30, ,
2, ,-31, ,
1, ,-31, ,
1, ,-31, ,
2, ,-31, ,
1, ,-30, ,
1, ,-30, ,
49, ,-30, ,
32, ,-31, ,
20, ,-30, ,
13, ,-30, ,
10, ,-31, ,
7, ,-31, ,
6, ,-31, ,
3, ,-30, ,
2, ,-31, ,
3, ,-30, ,
3, ,-30, ,
2, ,-30, ,
3, ,-31, ,
2, ,-31, ,
2, ,-31, ,
3, ,-31, ,
3, ,-30, ,
2, ,-30, ,
3, ,-30, ,
2, ,-30, ,
2, ,-31, ,
2, ,-31, ,
3, ,-30, ,
2, ,-30, ,
3, ,-30, ,
2, ,-31, ,
2, ,-31, ,
3, ,-31, ,
3, ,-31, ,
2, ,-30, ,
3, ,-30, ,
2, ,-31, ,
2, ,-31, ,
3, ,-31, ,
3, ,-30, ,
1, ,-30, ,
2, ,-30, ,
2, ,-31, ,
2, ,-31, ,
3, ,-31, ,
3, ,-31, ,
2, ,-30, ,
3, ,-31, ,
2, ,-30, ,
2, ,-31, ,
3, ,-31, ,
3, ,-31, ,
2, ,-30, ,
3, ,-30, ,
2, ,-31, ,
2, ,-30, ,
3, ,-30, ,
3, ,-30, ,
2, ,-30, ,
3, ,-30, ,
2, ,-30, ,
2, ,-30, ,
3, ,-31, ,
2, ,-30, ,
1, ,-30, ,
3, ,-30, ,
2, ,-31, ,
2, ,-31, ,
2, ,-30, ,
3, ,-30, ,
1, ,-30, ,
3, ,-30, ,
2, ,-30, ,
2, ,-31, ,
2, ,-31, ,
2, ,-30, ,
2, ,-30, ,
3, ,-30, ,
2, ,-31, ,
2, ,-31, ,
3, ,-30, ,
3, ,-31, ,
2, ,-30, ,
2, ,-30, ,
2, ,-30, ,
2, ,-31, ,
2, ,-30, ,
2, ,-30, ,
2, ,-30, ,
2, ,-30, ,
2, ,-31, ,
2, ,-31, ,
2, ,-31, ,
2, ,-31, ,
2, ,-30, ,
3, ,-31, ,
2, ,-31, ,
2, ,-31, ,
2, ,-30, ,
3, ,-30, ,
1, ,-30, ,
2, ,-31, ,
2, ,-31, ,
2, ,-30, ,
2, ,-31, ,
2, ,-30, ,
1, ,-31, ,
3, ,-31, ,
2, ,-31, ,
1, ,-31, ,
2, ,-31, ,
2, ,-30, ,
1, ,-30, ,
2, ,-30, ,
1, ,-31, ,
2, ,-31, ,
2, ,-31, ,
2, ,-31, ,
2, ,-31, ,
3, ,-31, ,
2, ,-31, ,
2, ,-30, ,
2, ,-30, ,
3, ,-30, ,
1, ,-30, ,
2, ,-30, ,
2, ,-31, ,
2, ,-31, ,
2, ,-30, ,
2, ,-31, ,
1, ,-30, ,
2, ,-31, ,
2, ,-31, ,
2, ,-30, ,
2, ,-30, ,
2, ,-31, ,
1, ,-30, ,
2, ,-30, ,
2, ,-31, ,
1, ,-31, ,
2, ,-31, ,
2, ,-31, ,
1, ,-30, ,
2, ,-30, ,
2, ,-31, ,
2, ,-30, ,
2, ,-31, ,
2, ,-31, ,
1, ,-31, ,
2, ,-30, ,
2, ,-31, ,
1, ,-31, ,
3, ,-30, ,
2, ,-31, ,
1, ,-31, ,
2, ,-31, ,
2, ,-30, ,
1, ,-30, ,
2, ,-30, ,
2, ,-30, ,
1, ,-30, ,
2, ,-30, ,
2, ,-31, ,
1, ,-31, ,
2, ,-31, ,
2, ,-31, ,
1, ,-30, ,
2, ,-30, ,
1, ,-30, ,
1, ,-31, ,
2, ,-31, ,
2, ,-31, ,
1, ,-30, ,
2, ,-30, ,
1, ,-31, ,
2, ,-31, ,
2, ,-30, ,
2, ,-30, ,
1, ,-30, ,
2, ,-31, ,
2, ,-31, ,
2, ,-31, ,
2, ,-31, ,
2, ,-30, ,
1, ,-31, ,
2, ,-30, ,
2, ,-31, ,
1, ,-31, ,
2, ,-30, ,
2, ,-30, ,
1, ,-30, ,
2, ,-31, ,
1, ,-30, ,
1, ,-30, ,
2, ,-30, ,
2, ,-30, ,
1, ,-31, ,
2, ,-30, ,
2, ,-31, ,
2, ,-30, ,
2, ,-30, ,
2, ,-31, ,
1, ,-30, ,
2, ,-31, ,
1, ,-31, ,
1, ,-30, ,
2, ,-30, ,
2, ,-30, ,
1, ,-31, ,
2, ,-31, ,
1, ,-31, ,
2, ,-30, ,
2, ,-31, ,
2, ,-31, ,
1, ,-30, ,
2, ,-30, ,
1, ,-31, ,
2, ,-31, ,
2, ,-31, ,
2, ,-30, ,
1, ,-30, ,
2, ,-30, ,
1, ,-31, ,
1, ,-30, ,
2, ,-31, ,
2, ,-31, ,
1, ,-30, ,
2, ,-30, ,
1, ,-30, ,
2, ,-30, ,
2, ,-31, ,
2, ,-31, ,
1, ,-30, ,
2, ,-30, ,
1, ,-31, ,
2, ,-31, ,
2, ,-30, ,
2, ,-31, ,
1, ,-30, ,
2, ,-30, ,
1, ,-31, ,
2, ,-30, ,
2, ,-31, ,
2, ,-31, ,
1, ,-30, ,
2, ,-30, ,
2, ,-31, ,
1, ,-31, ,
2, ,-30, ,
2, ,-31, ,
1, ,-31, ,
2, ,-30, ,
1, ,-31, ,
1, ,-31, ,
2, ,-30, ,
2, ,-30, ,
1, ,-30, ,
2, ,-30, ,
2, ,-31, ,
2, ,-31, ,
2, ,-31, ,
2, ,-31, ,
1, ,-30, ,
2, ,-31, ,
1, ,-30, ,
1, ,-30, ,
2, ,-31, ,
2, ,-30, ,
1, ,-30, ,
2, ,-30, ,
1, ,-31, ,
1, ,-31, ,
2, ,-30, ,
2, ,-31, ,
1, ,-30, ,
2, ,-31, ,
1, ,-31, ,
1, ,-30, ,
2, ,-31, ,
2, ,-30, ,
1, ,-30, ,
2, ,-30, ,
1, ,-31, ,
2, ,-31, ,
2, ,-31, ,
2, ,-31, ,
1, ,-30, ,
2, ,-30, ,
1, ,-30, ,
1, ,-31, ,
2, ,-31, ,
2, ,-30, ,
1, ,-30, ,
2, ,-30, ,
1, ,-31, ,
1, ,-31, ,
1, ,-31, ,
1, ,-31, ,
1, ,-30, ,
2, ,-31, ,
1, ,-31, ,
2, ,-31, ,
2, ,-31, ,
2, ,-31, ,
1, ,-30, ,
2, ,-30, ,
1, ,-31, ,
1, ,-31, ,
2, ,-30, ,
1, ,-31, ,
1, ,-30, ,
2, ,-31, ,
1, ,-31, ,
1, ,-31, ,
2, ,-31, ,
2, ,-30, ,
1, ,-30, ,
2, ,-30, ,
1, ,-31, ,
1, ,-31, ,
2, ,-30, ,
2, ,-31, ,
1, ,-30, ,
2, ,-30, ,
1, ,-31, ,
1, ,-31, ,
2, ,-31, ,
2, ,-30, ,
1, ,-30, ,
2, ,-30, ,
1, ,-31, ,
1, ,-31, ,
2, ,-30, ,
2, ,-31, ,
1, ,-30, ,
2, ,-30, ,
1, ,-30, ,
1, ,-31, ,
2, ,-31, ,
1, ,-31, ,
1, ,-30, ,
2, ,-30, ,
1, ,-31, ,
2, ,-31, ,
2, ,-31, ,
1, ,-30, ,
1, ,-30, ,
2, ,-30, ,
1, ,-31, ,
1, ,-31, ,
2, ,-31, ,
1, ,-31, ,
1, ,-30, ,
2, ,-30, ,
1, ,-31, ,
2, ,-31, ,
2, ,-31, ,
2, ,-31, ,
1, ,-30, ,
2, ,-30, ,
1, ,-30, ,
1, ,-31, ,
2, ,-31, ,
2, ,-30, ,
1, ,-30, ,
2, ,-30, ,
1, ,-31, ,
1, ,-31, ,
2, ,-30, ,
2, ,-31, ,
1, ,-30, ,
2, ,-20, ,
2, ,0, ,
2, ,17, ,
2, ,28, ,
2, ,37, ,
1, ,44, ,
2, ,50, ,
1, ,52, ,
1, ,56, ,
2, ,58, ,
1, ,59, ,
-1, ,60, ,
2, ,61, ,
1, ,61, ,
1, ,62, ,
2, ,63, ,
1, ,62, ,
-1, ,62, ,
2, ,63, ,
1, ,62, ,
1, ,63, ,
2, ,63, ,
1, ,63, ,
-1, ,62, ,
2, ,63, ,
1, ,62, ,
1, ,63, ,
2, ,63, ,
1, ,63, ,
1, ,63, ,
60, ,63, ,
39, ,62, ,
24, ,62, ,
16, ,63, ,
11, ,63, ,
7, ,62, ,
7, ,63, ,
3, ,62, ,
2, ,62, ,
3, ,63, ,
2, ,63, ,
2, ,62, ,
3, ,63, ,
2, ,62, ,
2, ,63, ,
2, ,63, ,
3, ,62, ,
2, ,62, ,
3, ,63, ,
2, ,62, ,
2, ,62, ,
3, ,62, ,
2, ,62, ,
1, ,62, ,
3, ,63, ,
2, ,62, ,
3, ,62, ,
6, ,63, ,
7, ,62, ,
5, ,63, ,
6, ,63, ,
5, ,62, ,
3, ,63, ,
3, ,63, ,
3, ,62, ,
2, ,62, ,
3, ,63, ,
2, ,62, ,
2, ,62, ,
2, ,62, ,
2, ,62, ,
2, ,62, ,
3, ,63, ,
2, ,62, ,
2, ,62, ,
3, ,62, ,
2, ,62, ,
1, ,62, ,
3, ,63, ,
2, ,62, ,
2, ,62, ,
3, ,63, ,
2, ,62, ,
2, ,62, ,
3, ,63, ,
2, ,62, ,
2, ,62, ,
3, ,63, ,
6, ,62, ,
5, ,62, ,
7, ,62, ,
5, ,62, ,
3, ,62, ,
3, ,63, ,
3, ,62, ,
1, ,62, ,
3, ,62, ,
1, ,61, ,
2, ,62, ,
2, ,63, ,
2, ,62, ,
1, ,62, ,
3, ,63, ,
2, ,62, ,
2, ,63, ,
3, ,63, ,
2, ,62, ,
2, ,62, ,
3, ,63, ,
2, ,61, ,
2, ,62, ,
3, ,63, ,
2, ,62, ,
1, ,62, ,
3, ,63, ,
2, ,62, ,
2, ,62, ,
3, ,63, ,
2, ,62, ,
1, ,62, ,
3, ,63, ,
3, ,62, ,
6, ,62, ,
7, ,63, ,
7, ,63, ,
5, ,62, ,
6, ,63, ,
3, ,62, ,
3, ,62, ,
3, ,63, ,
3, ,62, ,
2, ,62, ,
3, ,63, ,
2, ,62, ,
2, ,62, ,
2, ,62, ,
3, ,62, ,
2, ,62, ,
3, ,62, ,
2, ,62, ,
2, ,62, ,
3, ,63, ,
2, ,62, ,
2, ,62, ,
3, ,63, ,
2, ,62, ,
2, ,62, ,
3, ,63, ,
2, ,62, ,
2, ,62, ,
3, ,63, ,
2, ,62, ,
2, ,62, ,
3, ,62, ,
3, ,59, ,
1, ,40, ,
5, ,21, ,
5, ,8, ,
5, ,-2, ,
6, ,-9, ,
5, ,-15, ,
3, ,-19, ,
5, ,-22, ,
3, ,-24, ,
2, ,-26, ,
3, ,-27, ,
3, ,-28, ,
2, ,-28, ,
3, ,-30, ,
2, ,-30, ,
2, ,-30, ,
3, ,-31, ,
3, ,-31, ,
2, ,-31, ,
3, ,-31, ,
2, ,-31, ,
2, ,-31, ,
3, ,-31, ,
3, ,-31, ,
2, ,-31, ,
3, ,-31, ,
2, ,-31, ,
2, ,-31, ,
3, ,-31, ,
3, ,-31, ,
1, ,-31, ,
3, ,-31, ,
2, ,-31, ,
2, ,-31, ,
2, ,-31, ,
3, ,-31, ,
1, ,-31, ,
3, ,-31, ,
2, ,-31, ,
2, ,-31, ,
2, ,-31, ,
3, ,-31, ,
2, ,-31, ,
3, ,-30, ,
2, ,-31, ,
2, ,-31, ,
3, ,-31, ,
2, ,-31, ,
1, ,-31, ,
2, ,-31, ,
2, ,-31, ,
2, ,-30, ,
2, ,-31, ,
2, ,-31, ,
2, ,-31, ,
2, ,-31, ,
2, ,-31, ,
2, ,-31, ,
2, ,-31, ,
3, ,-31, ,
1, ,-31, ,
3, ,-31, ,
2, ,-30, ,
2, ,-31, ,
2, ,-31, ,
2, ,-31, ,
1, ,-30, ,
3, ,-30, ,
2, ,-31, ,
2, ,-30, ,
3, ,-30, ,
2, ,-31, ,
1, ,-31, ,
3, ,-31, ,
2, ,-31, ,
2, ,-31, ,
2, ,-30, ,
3, ,-31, ,
2, ,-30, ,
2, ,-31, ,
2, ,-31, ,
2, ,-31, ,
2, ,-30, ,
2, ,-31, ,
2, ,-31, ,
2, ,-30, ,
2, ,-30, ,
2, ,-30, ,
2, ,-31, ,
2, ,-31, ,
1, ,-30, ,
2, ,-31, ,
2, ,-31, ,
2, ,-31, ,
3, ,-31, ,
2, ,-31, ,
2, ,-30, ,
3, ,-30, ,
2, ,-30, ,
2, ,-31, ,
2, ,-31, ,
2, ,-31, ,
1, ,-31, ,
2, ,-30, ,
2, ,-31, ,
2, ,-30, ,
2, ,-30, ,
3, ,-31, ,
2, ,-30, ,
3, ,-30, ,
2, ,-30, ,
2, ,-31, ,
2, ,-31, ,
2, ,-30, ,
1, ,-30, ,
2, ,-30, ,
2, ,-30, ,
2, ,-30, ,
2, ,-30, ,
3, ,-31, ,
1, ,-30, ,
3, ,-30, ,
2, ,-31, ,
2, ,-30, ,
2, ,-30, ,
2, ,-30, ,
1, ,-30, ,
2, ,-31, ,
2, ,-30, ,
2, ,-31, ,
2, ,-30, ,
2, ,-31, ,
1, ,-30, ,
2, ,-31, ,
2, ,-30, ,
2, ,-30, ,
2, ,-30, ,
2, ,-30, ,
1, ,-30, ,
3, ,-30, ,
2, ,-30, ,
2, ,-30, ,
2, ,-30, ,
2, ,-31, ,
1, ,-31, ,
2, ,-30, ,
2, ,-30, ,
2, ,-30, ,
2, ,-30, ,
2, ,-30, ,
1, ,-30, ,
2, ,-30, ,
2, ,-30, ,
1, ,-30, ,
2, ,-30, ,
2, ,-31, ,
1, ,-30, ,
2, ,-30, ,
2, ,-30, ,
2, ,-31, ,
2, ,-30, ,
2, ,-31, ,
1, ,-30, ,
2, ,-30, ,
1, ,-31, ,
1, ,-31, ,
2, ,-30, ,
2, ,-30, ,
1, ,-30, ,
2, ,-30, ,
1, ,-30, ,
2, ,-30, ,
2, ,-31, ,
2, ,-30, ,
1, ,-30, ,
2, ,-30, ,
2, ,-30, ,
1, ,-30, ,
2, ,-30, ,
2, ,-30, ,
1, ,-30, ,
2, ,-30, ,
1, ,-30, ,
1, ,-31, ,
3, ,-30, ,
34, ,-30, ,
22, ,-30, ,
16, ,-30, ,
10, ,-31, ,
7, ,-30, ,
7, ,-31, ,
6, ,-31, ,
3, ,-30, ,
5, ,-30, ,
3, ,-30, ,
2, ,-30, ,
3, ,-31, ,
3, ,-30, ,
2, ,-30, ,
3, ,-30, ,
2, ,-31, ,
2, ,-31, ,
3, ,-31, ,
3, ,-30, ,
2, ,-30, ,
3, ,-30, ,
2, ,-30, ,
2, ,-31, ,
2, ,-31, ,
3, ,-30, ,
1, ,-30, ,
3, ,-30, ,
2, ,-30, ,
2, ,-30, ,
3, ,-30, ,
3, ,-31, ,
2, ,-30, ,
3, ,-31, ,
2, ,-30, ,
2, ,-31, ,
3, ,-30, ,
2, ,-31, ,
2, ,-30, ,
3, ,-30, ,
2, ,-31, ,
2, ,-31, ,
2, ,-30, ,
2, ,-30, ,
2, ,-30, ,
3, ,-30, ,
2, ,-30, ,
2, ,-30, ,
3, ,-30, ,
2, ,-31, ,
2, ,-30, ,
3, ,-30, ,
2, ,-31, ,
2, ,-31, ,
2, ,-31, ,
3, ,-31, ,
2, ,-30, ,
3, ,-30, ,
2, ,-30, ,
2, ,-31, ,
3, ,-30, ,
3, ,-30, ,
1, ,-30, ,
3, ,-30, ,
2, ,-31, ,
2, ,-31, ,
2, ,-30, ,
2, ,-30, ,
1, ,-30, ,
3, ,-30, ,
2, ,-30, ,
2, ,-31, ,
2, ,-30, ,
3, ,-31, ,
2, ,-30, ,
3, ,-30, ,
2, ,-31, ,
2, ,-31, ,
3, ,-30, ,
3, ,-30, ,
2, ,-30, ,
2, ,-30, ,
2, ,-30, ,
2, ,-31, ,
2, ,-31, ,
2, ,-31, ,
1, ,-30, ,
2, ,-30, ,
2, ,-31, ,
2, ,-31, ,
2, ,-30, ,
2, ,-30, ,
1, ,-30, ,
3, ,-31, ,
2, ,-30, ,
2, ,-31, ,
2, ,-31, ,
2, ,-30, ,
1, ,-30, ,
2, ,-30, ,
2, ,-31, ,
2, ,-31, ,
3, ,-30, ,
2, ,-31, ,
1, ,-30, ,
2, ,-30, ,
2, ,-30, ,
2, ,-31, ,
2, ,-31, ,
2, ,-31, ,
2, ,-30, ,
2, ,-30, ,
2, ,-31, ,
2, ,-31, ,
2, ,-30, ,
2, ,-30, ,
1, ,-30, ,
2, ,-31, ,
2, ,-30, ,
2, ,-31, ,
2, ,-30, ,
2, ,-30, ,
1, ,-30, ,
2, ,-30, ,
1, ,-31, ,
2, ,-31, ,
2, ,-30, ,
2, ,-31, ,
1, ,-30, ,
2, ,-30, ,
2, ,-30, ,
2, ,-31, ,
2, ,-30, ,
2, ,-31, ,
1, ,-30, ,
2, ,-31, ,
2, ,-31, ,
1, ,-31, ,
2, ,-30, ,
2, ,-31, ,
1, ,-30, ,
2, ,-30, ,
2, ,-30, ,
2, ,-31, ,
2, ,-31, ,
2, ,-30, ,
1, ,-30, ,
2, ,-30, ,
2, ,-30, ,
2, ,-30, ,
3, ,-30, ,
2, ,-31, ,
1, ,-31, ,
2, ,-31, ,
2, ,-31, ,
2, ,-30, ,
2, ,-31, ,
2, ,-31, ,
1, ,-30, ,
2, ,-30, ,
2, ,-30, ,
2, ,-31, ,
2, ,-30, ,
2, ,-31, ,
1, ,-30, ,
2, ,-31, ,
1, ,-30, ,
1, ,-31, ,
2, ,-31, ,
2, ,-30, ,
1, ,-30, ,
2, ,-30, ,
2, ,-31, ,
2, ,-31, ,
2, ,-30, ,
2, ,-31, ,
1, ,-30, ,
2, ,-30, ,
1, ,-31, ,
1, ,-30, ,
2, ,-31, ,
2, ,-30, ,
1, ,-30, ,
2, ,-31, ,
2, ,-31, ,
2, ,-31, ,
2, ,-30, ,
2, ,-31, ,
1, ,-30, ,
2, ,-31, ,
2, ,-30, ,
2, ,-30, ,
2, ,-31, ,
2, ,-30, ,
1, ,-30, ,
2, ,-30, ,
2, ,-31, ,
1, ,-31, ,
2, ,-30, ,
2, ,-31, ,
1, ,-30, ,
2, ,-31, ,
2, ,-30, ,
1, ,-31, ,
2, ,-31, ,
2, ,-30, ,
1, ,-30, ,
2, ,-31, ,
2, ,-30, ,
1, ,-31, ,
2, ,-30, ,
2, ,-30, ,
1, ,-31, ,
2, ,-31, ,
1, ,-31, ,
1, ,-31, ,
2, ,-31, ,
2, ,-30, ,
1, ,-31, ,
2, ,-30, ,
2, ,-31, ,
2, ,-31, ,
2, ,-31, ,
2, ,-31, ,
1, ,-30, ,
2, ,-31, ,
1, ,-30, ,
1, ,-31, ,
2, ,-31, ,
2, ,-31, ,
1, ,-30, ,
2, ,-30, ,
2, ,-30, ,
1, ,-31, ,
2, ,-30, ,
2, ,-31, ,
1, ,-30, ,
2, ,-30, ,
2, ,-30, ,
1, ,-30, ,
2, ,-31, ,
2, ,-31, ,
1, ,-30, ,
2, ,-31, ,
1, ,-31, ,
1, ,-31, ,
2, ,-31, ,
2, ,-31, ,
1, ,-30, ,
2, ,-30, ,
1, ,-31, ,
2, ,-30, ,
2, ,-30, ,
2, ,-31, ,
1, ,-30, ,
2, ,-30, ,
1, ,-31, ,
2, ,-31, ,
2, ,-30, ,
2, ,-31, ,
1, ,-30, ,
2, ,-30, ,
1, ,-30, ,
1, ,-31, ,
2, ,-31, ,
2, ,-30, ,
1, ,-30, ,
2, ,-30, ,
1, ,-31, ,
2, ,-30, ,
2, ,-30, ,
2, ,-31, ,
1, ,-30, ,
2, ,-31, ,
1, ,-31, ,
2, ,-31, ,
2, ,-31, ,
1, ,-30, ,
1, ,-30, ,
2, ,-30, ,
1, ,-31, ,
2, ,-31, ,
2, ,-30, ,
2, ,-31, ,
1, ,-30, ,
2, ,-31, ,
1, ,-30, ,
1, ,-30, ,
2, ,-31, ,
2, ,-31, ,
1, ,-31, ,
2, ,-30, ,
1, ,-30, ,
1, ,-31, ,
2, ,-31, ,
2, ,-31, ,
1, ,-30, ,
2, ,-31, ,
1, ,-30, ,
1, ,-31, ,
2, ,-31, ,
2, ,-31, ,
1, ,-30, ,
2, ,-30, ,
1, ,-31, ,
1, ,-31, ,
2, ,-30, ,
2, ,-31, ,
1, ,-30, ,
2, ,-30, ,
1, ,-30, ,
1, ,-31, ,
2, ,-31, ,
2, ,-30, ,
1, ,-30, ,
2, ,-31, ,
1, ,-31, ,
1, ,-31, ,
2, ,-30, ,
1, ,-31, ,
1, ,-30, ,
2, ,-30, ,
1, ,-30, ,
1, ,-30, ,
2, ,-30, ,
2, ,-30, ,
1, ,-30, ,
2, ,-30, ,
1, ,-30, ,
1, ,-31, ,
2, ,-31, ,
2, ,-31, ,
1, ,-30, ,
2, ,-31, ,
1, ,-31, ,
1, ,-31, ,
2, ,-31, ,
2, ,-31, ,
1, ,-30, ,
2, ,-30, ,
1, ,-31, ,
1, ,-31, ,
2, ,-31, ,
2, ,-31, ,
1, ,-30, ,
2, ,-30, ,
1, ,-30, ,
1, ,-31, ,
2, ,-31, ,
2, ,-30, ,
1, ,-30, ,
2, ,-30, ,
1, ,-31, ,
1, ,-31, ,
2, ,-30, ,
1, ,-30, ,
1, ,-30, ,
2, ,-30, ,
1, ,-30, ,
1, ,-31, ,
2, ,-31, ,
1, ,-30, ,
1, ,-30, ,
2, ,-30, ,
1, ,-30, ,
1, ,-31, ,
2, ,-31, ,
1, ,-31, ,
1, ,-30, ,
2, ,-30, ,
1, ,-31, ,
1, ,-31, ,
2, ,-31, ,
1, ,-31, ,
-1, ,-30, ,
2, ,-30, ,
1, ,-31, ,
1, ,-31, ,
2, ,-31, ,
1, ,-31, ,
1, ,-30, ,
2, ,-30, ,
1, ,-30, ,
1, ,-31, ,
2, ,-31, ,
1, ,-31, ,
1, ,-30, ,
2, ,-30, ,
1, ,-31, ,
1, ,-30, ,
2, ,-31, ,
2, ,-31, ,
1, ,-30, ,
2, ,-30, ,
1, ,-30, ,
1, ,-31, ,
2, ,-31, ,
1, ,-31, ,
1, ,-30, ,
1, ,-30, ,
1, ,-31, ,
1, ,-31, ,
2, ,-31, ,
1, ,-31, ,
1, ,-30, ,
2, ,-30, ,
1, ,-31, ,
1, ,-31, ,
1, ,-31, ,
1, ,-31, ,
1, ,-30, ,
2, ,-30, ,
1, ,-31, ,
1, ,-31, ,
2, ,-30, ,
2, ,-31, ,
1, ,-30, ,
2, ,-31, ,
1, ,-31, ,
1, ,-31, ,
2, ,-31, ,
1, ,-31, ,
1, ,-30, ,
2, ,-30, ,
1, ,-31, ,
1, ,-31, ,
2, ,-31, ,
1, ,-31, ,
1, ,-30, ,
2, ,-30, ,
1, ,-30, ,
1, ,-31, ,
2, ,-30, ,
1, ,-30, ,
1, ,-30, ,
2, ,-30, ,
1, ,-31, ,
1, ,-31, ,
2, ,-31, ,
1, ,-31, ,
1, ,-30, ,
2, ,-31, ,
1, ,-23, ,
1, ,-3, ,
2, ,14, ,
2, ,26, ,
1, ,36, ,
2, ,43, ,
1, ,47, ,
1, ,53, ,
2, ,55, ,
1, ,57, ,
-1, ,58, ,
1, ,60, ,
1, ,60, ,
1, ,61, ,
2, ,62, ,
1, ,62, ,
1, ,62, ,
2, ,63, ,
1, ,63, ,
1, ,63, ,
2, ,63, ,
1, ,63, ,
-1, ,63, ,
2, ,63, ,
1, ,63, ,
1, ,63, ,
2, ,63, ,
1, ,63, ,
-1, ,63, ,
2, ,63, ,
1, ,62, ,
1, ,63, ,
1, ,63, ,
1, ,63, ,
-1, ,63, ,
66, ,63, ,
48, ,62, ,
29, ,63, ,
20, ,63, ,
12, ,63, ,
8, ,63, ,
7, ,63, ,
5, ,62, ,
3, ,62, ,
3, ,63, ,
2, ,62, ,
2, ,62, ,
3, ,63, ,
2, ,62, ,
2, ,63, ,
2, ,63, ,
3, ,62, ,
1, ,62, ,
3, ,63, ,
2, ,62, ,
2, ,62, ,
3, ,63, ,
3, ,62, ,
5, ,62, ,
6, ,63, ,
5, ,62, ,
3, ,63, ,
5, ,63, ,
3, ,63, ,
2, ,62, ,
3, ,63, ,
2, ,62, ,
2, ,62, ,
2, ,63, ,
2, ,62, ,
2, ,62, ,
3, ,63, ,
2, ,62, ,
2, ,62, ,
3, ,63, ,
2, ,62, ,
1, ,62, ,
3, ,63, ,
2, ,62, ,
2, ,62, ,
3, ,62, ,
3, ,62, ,
2, ,62, ,
3, ,63, ,
2, ,62, ,
2, ,63, ,
3, ,63, ,
2, ,62, ,
1, ,62, ,
3, ,63, ,
2, ,62, ,
3, ,62, ,
8, ,63, ,
7, ,62, ,
5, ,62, ,
6, ,63, ,
3, ,62, ,
3, ,62, ,
5, ,63, ,
5, ,62, ,
2, ,62, ,
5, ,63, ,
2, ,62, ,
2, ,62, ,
2, ,63, ,
2, ,62, ,
2, ,62, ,
3, ,62, ,
2, ,62, ,
2, ,62, ,
3, ,63, ,
2, ,62, ,
1, ,62, ,
3, ,63, ,
3, ,61, ,
3, ,62, ,
5, ,63, ,
3, ,62, ,
2, ,62, ,
3, ,63, ,
2, ,62, ,
2, ,63, ,
3, ,63, ,
3, ,62, ,
2, ,62, ,
3, ,63, ,
2, ,62, ,
2, ,62, ,
3, ,62, ,
2, ,62, ,
1, ,62, ,
3, ,63, ,
2, ,62, ,
2, ,62, ,
3, ,63, ,
2, ,62, ,
1, ,62, ,
3, ,63, ,
2, ,62, ,
2, ,62, ,
3, ,63, ,
2, ,63, ,
2, ,62, ,
3, ,63, ,
2, ,62, ,
2, ,62, ,
3, ,62, ,
3, ,62, ,
2, ,62, ,
8, ,63, ,
7, ,61, ,
6, ,62, ,
6, ,62, ,
5, ,62, ,
3, ,60, ,
5, ,44, ,
2, ,25, ,
2, ,11, ,
3, ,0, ,
3, ,-7, ,
1, ,-14, ,
3, ,-18, ,
2, ,-21, ,
2, ,-24, ,
3, ,-25, ,
3, ,-27, ,
2, ,-28, ,
3, ,-28, ,
2, ,-30, ,
2, ,-30, ,
3, ,-31, ,
2, ,-31, ,
2, ,-31, ,
3, ,-31, ,
2, ,-31, ,
2, ,-31, ,
3, ,-31, ,
3, ,-31, ,
2, ,-31, ,
3, ,-31, ,
6, ,-31, ,
6, ,-31, ,
7, ,-31, ,
6, ,-31, ,
3, ,-31, ,
5, ,-31, ,
3, ,-31, ,
3, ,-31, ,
3, ,-31, ,
3, ,-31, ,
1, ,-31, ,
3, ,-31, ,
2, ,-31, ,
2, ,-31, ,
3, ,-31, ,
3, ,-31, ,
2, ,-31, ,
3, ,-31, ,
2, ,-31, ,
2, ,-31, ,
3, ,-31, ,
3, ,-31, ,
2, ,-31, ,
3, ,-31, ,
2, ,-31, ,
2, ,-31, ,
3, ,-31, ,
3, ,-31, ,
2, ,-31, ,
3, ,-31, ,
2, ,-31, ,
2, ,-31, ,
3, ,-31, ,
3, ,-31, ,
2, ,-31, ,
3, ,-31, ,
2, ,-31, ,
2, ,-31, ,
3, ,-31, ,
3, ,-31, ,
2, ,-31, ,
3, ,-30, ,
2, ,-31, ,
2, ,-31, ,
3, ,-31, ,
3, ,-31, ,
1, ,-31, ,
3, ,-30, ,
2, ,-31, ,
2, ,-30, ,
2, ,-30, ,
2, ,-31, ,
2, ,-31, ,
3, ,-31, ,
2, ,-31, ,
2, ,-31, ,
2, ,-31, ,
2, ,-31, ,
1, ,-31, ,
3, ,-31, ,
2, ,-31, ,
2, ,-31, ,
2, ,-31, ,
2, ,-31, ,
1, ,-31, ,
3, ,-30, ,
2, ,-31, ,
2, ,-31, ,
2, ,-31, ,
2, ,-31, ,
2, ,-31, ,
3, ,-31, ,
2, ,-31, ,
2, ,-30, ,
2, ,-31, ,
2, ,-30, ,
1, ,-30, ,
2, ,-30, ,
2, ,-31, ,
2, ,-31, ,
2, ,-31, ,
3, ,-31, ,
1, ,-30, ,
3, ,-31, ,
2, ,-31, ,
2, ,-30, ,
2, ,-31, ,
3, ,-30, ,
1, ,-30, ,
2, ,-30, ,
2, ,-31, ,
2, ,-30, ,
2, ,-30, ,
3, ,-31, ,
1, ,-30, ,
2, ,-31, ,
2, ,-31, ,
2, ,-31, ,
2, ,-31, ,
2, ,-31, ,
1, ,-30, ,
3, ,-30, ,
2, ,-30, ,
2, ,-31, ,
2, ,-31, ,
2, ,-31, ,
1, ,-30, ,
2, ,-30, ,
2, ,-31, ,
2, ,-30, ,
2, ,-30, ,
2, ,-30, ,
1, ,-30, ,
2, ,-30, ,
2, ,-30, ,
2, ,-31, ,
2, ,-31, ,
2, ,-30, ,
1, ,-30, ,
3, ,-30, ,
2, ,-31, ,
2, ,-31, ,
2, ,-31, ,
2, ,-30, ,
1, ,-30, ,
3, ,-30, ,
2, ,-31, ,
2, ,-30, ,
3, ,-30, ,
3, ,-30, ,
2, ,-30, ,
2, ,-31, ,
1, ,-31, ,
2, ,-31, ,
2, ,-31, ,
2, ,-30, ,
1, ,-30, ,
2, ,-30, ,
2, ,-31, ,
2, ,-30, ,
2, ,-30, ,
2, ,-30, ,
1, ,-30, ,
2, ,-30, ,
2, ,-31, ,
2, ,-30, ,
3, ,-31, ,
2, ,-31, ,
1, ,-30, ,
2, ,-30, ,
2, ,-31, ,
2, ,-30, ,
2, ,-30, ,
3, ,-30, ,
1, ,-30, ,
2, ,-30, ,
2, ,-30, ,
1, ,-30, ,
2, ,-30, ,
3, ,-30, ,
1, ,-30, ,
2, ,-30, ,
2, ,-31, ,
2, ,-31, ,
2, ,-30, ,
2, ,-31, ,
1, ,-30, ,
2, ,-30, ,
2, ,-30, ,
1, ,-31, ,
2, ,-31, ,
2, ,-30, ,
1, ,-30, ,
2, ,-30, ,
2, ,-31, ,
1, ,-30, ,
2, ,-30, ,
2, ,-31, ,
1, ,-30, ,
2, ,-30, ,
1, ,-30, ,
1, ,-31, ,
2, ,-30, ,
2, ,-30, ,
1, ,-30, ,
2, ,-30, ,
1, ,-31, ,
2, ,-31, ,
2, ,-30, ,
2, ,-31, ,
1, ,-30, ,
2, ,-30, ,
1, ,-30, ,
2, ,-31, ,
2, ,-31, ,
2, ,-30, ,
1, ,-30, ,
2, ,-30, ,
2, ,-31, ,
2, ,-31, ,
2, ,-30, ,
2, ,-31, ,
1, ,-30, ,
2, ,-30, ,
1, ,-30, ,
1, ,-31, ,
2, ,-31, ,
2, ,-31, ,
1, ,-30, ,
2, ,-30, ,
2, ,-31, ,
2, ,-30, ,
2, ,-30, ,
2, ,-30, ,
1, ,-30, ,
2, ,-30, ,
2, ,-30, ,
1, ,-31, ,
2, ,-30, ,
2, ,-30, ,
1, ,-30, ,
2, ,-30, ,
1, ,-31, ,
1, ,-31, ,
2, ,-30, ,
2, ,-31, ,
1, ,-30, ,
2, ,-30, ,
2, ,-30, ,
2, ,-31, ,
2, ,-31, ,
2, ,-30, ,
1, ,-30, ,
2, ,-30, ,
1, ,-31, ,
1, ,-30, ,
2, ,-30, ,
2, ,-30, ,
1, ,-30, ,
2, ,-30, ,
1, ,-30, ,
2, ,-31, ,
2, ,-30, ,
2, ,-30, ,
1, ,-30, ,
2, ,-30, ,
1, ,-31, ,
2, ,-31, ,
2, ,-30, ,
2, ,-31, ,
1, ,-30, ,
2, ,-30, ,
1, ,-30, ,
2, ,-31, ,
2, ,-30, ,
2, ,-30, ,
1, ,-30, ,
2, ,-30, ,
1, ,-30, ,
1, ,-31, ,
2, ,-30, ,
2, ,-31, ,
1, ,-30, ,
2, ,-31, ,
1, ,-30, ,
1, ,-31, ,
2, ,-30, ,
2, ,-30, ,
1, ,-30, ,
2, ,-30, ,
2, ,-31, ,
2, ,-31, ,
2, ,-31, ,
2, ,-31, ,
1, ,-30, ,
2, ,-30, ,
1, ,-30, ,
1, ,-30, ,
2, ,-30, ,
2, ,-30, ,
1, ,-30, ,
2, ,-30, ,
1, ,-31, ,
2, ,-31, ,
2, ,-30, ,
2, ,-31, ,
1, ,-30, ,
2, ,-30, ,
1, ,-30, ,
1, ,-31, ,
2, ,-31, ,
2, ,-30, ,
1, ,-30, ,
2, ,-30, ,
1, ,-31, ,
1, ,-31, ,
2, ,-30, ,
1, ,-31, ,
1, ,-30, ,
2, ,-31, ,
1, ,-30, ,
1, ,-31, ,
2, ,-31, ,
2, ,-30, ,
1, ,-30, ,
2, ,-30, ,
1, ,-31, ,
1, ,-30, ,
2, ,-31, ,
2, ,-31, ,
1, ,-30, ,
2, ,-30, ,
1, ,-30, ,
1, ,-31, ,
2, ,-31, ,
1, ,-30, ,
1, ,-30, ,
2, ,-30, ,
1, ,-31, ,
1, ,-31, ,
2, ,-30, ,
2, ,-30, ,
1, ,-30, ,
2, ,-30, ,
1, ,-31, ,
1, ,-31, ,
2, ,-31, ,
1, ,-30, ,
1, ,-30, ,
2, ,-30, ,
1, ,-31, ,
1, ,-31, ,
2, ,-31, ,
1, ,-30, ,
1, ,-30, ,
2, ,-31, ,
1, ,-30, ,
1, ,-30, ,
2, ,-31, ,
2, ,-30, ,
1, ,-30, ,
2, ,-30, ,
1, ,-31, ,
1, ,-31, ,
2, ,-31, ,
2, ,-31, ,
1, ,-30, ,
2, ,-30, ,
1, ,-31, ,
1, ,-31, ,
2, ,-31, ,
1, ,-30, ,
1, ,-30, ,
2, ,-30, ,
3, ,-31, ,
50, ,-31, ,
34, ,-30, ,
21, ,-31, ,
13, ,-31, ,
10, ,-30, ,
7, ,-30, ,
5, ,-31, ,
5, ,-31, ,
3, ,-30, ,
2, ,-30, ,
3, ,-30, ,
2, ,-31, ,
2, ,-31, ,
3, ,-30, ,
3, ,-31, ,
2, ,-30, ,
3, ,-31, ,
2, ,-31, ,
2, ,-31, ,
3, ,-31, ,
3, ,-30, ,
2, ,-30, ,
3, ,-30, ,
2, ,-31, ,
2, ,-30, ,
3, ,-31, ,
3, ,-30, ,
1, ,-30, ,
3, ,-31, ,
2, ,-31, ,
2, ,-31, ,
3, ,-31, ,
3, ,-31, ,
2, ,-30, ,
3, ,-30, ,
2, ,-31, ,
2, ,-31, ,
3, ,-31, ,
3, ,-31, ,
2, ,-31, ,
3, ,-31, ,
2, ,-31, ,
2, ,-31, ,
3, ,-31, ,
3, ,-30, ,
2, ,-31, ,
2, ,-30, ,
2, ,-31, ,
2, ,-31, ,
2, ,-30, ,
2, ,-31, ,
2, ,-30, ,
3, ,-31, ,
2, ,-30, ,
2, ,-31, ,
3, ,-30, ,
3, ,-30, ,
1, ,-30, ,
3, ,-30, ,
2, ,-31, ,
2, ,-31, ,
2, ,-30, ,
3, ,-31, ,
1, ,-30, ,
2, ,-30, ,
2, ,-30, ,
2, ,-31, ,
2, ,-31, ,
2, ,-30, ,
1, ,-30, ,
3, ,-30, ,
2, ,-31, ,
2, ,-30, ,
3, ,-30, ,
3, ,-30, ,
2, ,-30, ,
2, ,-30, ,
2, ,-31, ,
2, ,-30, ,
3, ,-31, ,
3, ,-31, ,
1, ,-30, ,
2, ,-30, ,
2, ,-31, ,
2, ,-31, ,
2, ,-30, ,
2, ,-31, ,
1, ,-30, ,
3, ,-30, ,
2, ,-30, ,
2, ,-30, ,
2, ,-31, ,
2, ,-31, ,
1, ,-30, ,
2, ,-30, ,
2, ,-31, ,
2, ,-31, ,
2, ,-30, ,
3, ,-31, ,
1, ,-30, ,
2, ,-30, ,
1, ,-30, ,
2, ,-30, ,
3, ,-31, ,
2, ,-31, ,
1, ,-30, ,
2, ,-30, ,
2, ,-31, ,
2, ,-30, ,
2, ,-30, ,
2, ,-30, ,
1, ,-30, ,
2, ,-30, ,
2, ,-30, ,
2, ,-31, ,
2, ,-30, ,
2, ,-30, ,
1, ,-30, ,
3, ,-30, ,
1, ,-31, ,
2, ,-31, ,
3, ,-30, ,
2, ,-31, ,
1, ,-30, ,
2, ,-30, ,
2, ,-30, ,
2, ,-31, ,
2, ,-30, ,
2, ,-30, ,
1, ,-30, ,
2, ,-30, ,
2, ,-31, ,
2, ,-30, ,
2, ,-30, ,
2, ,-30, ,
1, ,-30, ,
2, ,-30, ,
2, ,-30, ,
2, ,-30, ,
2, ,-31, ,
2, ,-30, ,
1, ,-30, ,
2, ,-30, ,
2, ,-31, ,
2, ,-30, ,
2, ,-30, ,
2, ,-31, ,
1, ,-30, ,
2, ,-30, ,
2, ,-31, ,
2, ,-31, ,
2, ,-31, ,
2, ,-31, ,
1, ,-30, ,
2, ,-30, ,
2, ,-31, ,
2, ,-31, ,
2, ,-31, ,
2, ,-31, ,
1, ,-30, ,
2, ,-31, ,
2, ,-31, ,
1, ,-31, ,
2, ,-30, ,
2, ,-31, ,
1, ,-30, ,
2, ,-30, ,
2, ,-31, ,
1, ,-31, ,
2, ,-30, ,
2, ,-31, ,
1, ,-31, ,
2, ,-30, ,
2, ,-31, ,
1, ,-31, ,
2, ,-31, ,
2, ,-31, ,
1, ,-30, ,
2, ,-30, ,
2, ,-31, ,
1, ,-31, ,
2, ,-31, ,
2, ,-31, ,
2, ,-30, ,
2, ,-30, ,
1, ,-30, ,
1, ,-31, ,
2, ,-31, ,
2, ,-30, ,
1, ,-30, ,
2, ,-30, ,
2, ,-31, ,
2, ,-30, ,
2, ,-30, ,
2, ,-31, ,
1, ,-30, ,
2, ,-30, ,
1, ,-30, ,
2, ,-31, ,
2, ,-30, ,
2, ,-30, ,
1, ,-30, ,
2, ,-30, ,
2, ,-31, ,
1, ,-31, ,
2, ,-30, ,
2, ,-31, ,
1, ,-30, ,
2, ,-30, ,
2, ,-31, ,
1, ,-31, ,
2, ,-31, ,
2, ,-31, ,
1, ,-30, ,
2, ,-30, ,
1, ,-31, ,
1, ,-31, ,
2, ,-30, ,
2, ,-30, ,
1, ,-30, ,
2, ,-31, ,
2, ,-31, ,
2, ,-31, ,
2, ,-31, ,
2, ,-30, ,
1, ,-30, ,
2, ,-30, ,
1, ,-31, ,
1, ,-31, ,
2, ,-30, ,
2, ,-31, ,
1, ,-30, ,
2, ,-31, ,
1, ,-31, ,
1, ,-31, ,
2, ,-31, ,
2, ,-30, ,
1, ,-30, ,
2, ,-30, ,
1, ,-31, ,
2, ,-31, ,
2, ,-31, ,
2, ,-31, ,
1, ,-30, ,
2, ,-30, ,
1, ,-30, ,
2, ,-27, ,
2, ,-9, ,
2, ,9, ,
1, ,23, ,
2, ,34, ,
2, ,40, ,
2, ,46, ,
2, ,51, ,
2, ,55, ,
1, ,57, ,
2, ,59, ,
1, ,59, ,
1, ,60, ,
2, ,62, ,
1, ,62, ,
1, ,62, ,
2, ,63, ,
1, ,62, ,
1, ,63, ,
2, ,63, ,
1, ,63, ,
1, ,63, ,
2, ,63, ,
1, ,62, ,
1, ,63, ,
2, ,63, ,
1, ,62, ,
46, ,63, ,
36, ,63, ,
22, ,62, ,
15, ,63, ,
11, ,63, ,
7, ,62, ,
5, ,62, ,
5, ,63, ,
3, ,62, ,
2, ,63, ,
3, ,63, ,
2, ,62, ,
1, ,62, ,
3, ,63, ,
2, ,62, ,
2, ,63, ,
3, ,63, ,
2, ,62, ,
2, ,63, ,
3, ,63, ,
2, ,62, ,
2, ,62, ,
3, ,63, ,
5, ,63, ,
5, ,62, ,
7, ,63, ,
5, ,62, ,
3, ,62, ,
5, ,63, ,
5, ,63, ,
2, ,63, ,
5, ,63, ,
2, ,62, ,
2, ,63, ,
3, ,63, ,
2, ,62, ,
2, ,62, ,
3, ,63, ,
2, ,62, ,
2, ,62, ,
3, ,63, ,
3, ,62, ,
1, ,62, ,
3, ,62, ,
2, ,61, ,
2, ,62, ,
3, ,63, ,
3, ,62, ,
1, ,62, ,
3, ,62, ,
2, ,62, ,
2, ,62, ,
3, ,63, ,
2, ,62, ,
1, ,62, ,
3, ,62, ,
2, ,62, ,
2, ,62, ,
3, ,63, ,
2, ,62, ,
1, ,62, ,
3, ,63, ,
2, ,62, ,
2, ,63, ,
3, ,62, ,
2, ,62, ,
1, ,62, ,
3, ,63, ,
2, ,62, ,
2, ,63, ,
7, ,62, ,
8, ,62, ,
7, ,62, ,
7, ,63, ,
5, ,62, ,
3, ,62, ,
5, ,62, ,
5, ,63, ,
3, ,62, ,
5, ,63, ,
3, ,62, ,
3, ,62, ,
3, ,63, ,
3, ,62, ,
2, ,62, ,
3, ,63, ,
2, ,62, ,
2, ,62, ,
2, ,62, ,
2, ,62, ,
1, ,62, ,
3, ,63, ,
2, ,62, ,
2, ,62, ,
3, ,62, ,
2, ,62, ,
1, ,62, ,
3, ,63, ,
2, ,62, ,
2, ,62, ,
3, ,63, ,
3, ,62, ,
1, ,62, ,
3, ,63, ,
2, ,62, ,
2, ,62, ,
3, ,63, ,
2, ,62, ,
1, ,62, ,
3, ,63, ,
2, ,61, ,
2, ,62, ,
3, ,63, ,
3, ,62, ,
5, ,62, ,
8, ,63, ,
6, ,62, ,
6, ,62, ,
5, ,63, ,
3, ,62, ,
2, ,62, ,
3, ,63, ,
2, ,62, ,
2, ,62, ,
2, ,63, ,
3, ,62, ,
1, ,62, ,
3, ,62, ,
2, ,49, ,
2, ,28, ,
2, ,14, ,
2, ,2, ,
1, ,-6, ,
3, ,-13, ,
2, ,-17, ,
2, ,-21, ,
2, ,-23, ,
2, ,-25, ,
1, ,-26, ,
3, ,-27, ,
2, ,-28, ,
2, ,-30, ,
3, ,-30, ,
2, ,-30, ,
2, ,-31, ,
3, ,-31, ,
2, ,-31, ,
2, ,-31, ,
3, ,-31, ,
2, ,-31, ,
2, ,-31, ,
3, ,-31, ,
2, ,-31, ,
2, ,-31, ,
2, ,-31, ,
3, ,-31, ,
1, ,-31, ,
3, ,-31, ,
2, ,-31, ,
2, ,-31, ,
2, ,-31, ,
3, ,-31, ,
1, ,-31, ,
2, ,-31, ,
2, ,-31, ,
2, ,-31, ,
2, ,-31, ,
3, ,-31, ,
1, ,-31, ,
3, ,-31, ,
2, ,-31, ,
2, ,-31, ,
2, ,-31, ,
3, ,-31, ,
1, ,-31, ,
3, ,-31, ,
2, ,-31, ,
2, ,-30, ,
2, ,-31, ,
3, ,-31, ,
1, ,-30, ,
3, ,-31, ,
2, ,-31, ,
2, ,-31, ,
2, ,-31, ,
3, ,-31, ,
1, ,-31, ,
3, ,-31, ,
2, ,-31, ,
2, ,-31, ,
2, ,-31, ,
2, ,-31, ,
1, ,-31, ,
3, ,-31, ,
2, ,-31, ,
2, ,-31, ,
2, ,-31, ,
2, ,-31, ,
1, ,-31, ,
2, ,-31, ,
2, ,-30, ,
2, ,-31, ,
2, ,-31, ,
2, ,-31, ,
1, ,-30, ,
3, ,-30, ,
2, ,-31, ,
2, ,-30, ,
2, ,-31, ,
2, ,-31, ,
1, ,-30, ,
2, ,-31, ,
2, ,-31, ,
2, ,-30, ,
2, ,-31, ,
2, ,-31, ,
1, ,-30, ,
2, ,-31, ,
2, ,-31, ,
2, ,-31, ,
2, ,-30, ,
2, ,-31, ,
1, ,-31, ,
3, ,-31, ,
1, ,-30, ,
2, ,-31, ,
2, ,-31, ,
2, ,-31, ,
1, ,-30, ,
2, ,-30, ,
2, ,-31, ,
2, ,-31, ,
2, ,-31, ,
2, ,-30, ,
1, ,-30, ,
2, ,-31, ,
2, ,-31, ,
2, ,-31, ,
3, ,-31, ,
2, ,-31, ,
1, ,-30, ,
2, ,-30, ,
2, ,-31, ,
2, ,-31, ,
2, ,-31, ,
2, ,-31, ,
1, ,-30, ,
2, ,-31, ,
2, ,-30, ,
1, ,-31, ,
2, ,-30, ,
2, ,-31, ,
1, ,-31, ,
2, ,-30, ,
1, ,-31, ,
1, ,-30, ,
2, ,-31, ,
2, ,-31, ,
1, ,-30, ,
2, ,-31, ,
2, ,-30, ,
2, ,-30, ,
2, ,-30, ,
2, ,-31, ,
1, ,-31, ,
2, ,-30, ,
2, ,-31, ,
1, ,-30, ,
3, ,-30, ,
2, ,-31, ,
1, ,-30, ,
2, ,-31, ,
2, ,-30, ,
1, ,-31, ,
2, ,-31, ,
2, ,-30, ,
1, ,-30, ,
2, ,-30, ,
1, ,-31, ,
1, ,-30, ,
2, ,-31, ,
2, ,-31, ,
1, ,-30, ,
2, ,-30, ,
1, ,-30, ,
2, ,-30, ,
2, ,-30, ,
2, ,-30, ,
1, ,-30, ,
2, ,-30, ,
2, ,-31, ,
2, ,-30, ,
2, ,-30, ,
2, ,-31, ,
1, ,-30, ,
2, ,-31, ,
2, ,-31, ,
1, ,-30, ,
2, ,-31, ,
2, ,-30, ,
1, ,-30, ,
2, ,-30, ,
1, ,-30, ,
1, ,-30, ,
2, ,-30, ,
2, ,-31, ,
1, ,-30, ,
2, ,-30, ,
2, ,-30, ,
2, ,-31, ,
2, ,-30, ,
2, ,-31, ,
1, ,-30, ,
2, ,-31, ,
2, ,-30, ,
1, ,-30, ,
2, ,-30, ,
2, ,-31, ,
1, ,-30, ,
2, ,-30, ,
2, ,-31, ,
1, ,-31, ,
2, ,-31, ,
2, ,-30, ,
7, ,-30, ,
35, ,-30, ,
24, ,-31, ,
15, ,-30, ,
11, ,-31, ,
8, ,-31, ,
6, ,-31, ,
6, ,-30, ,
3, ,-31, ,
3, ,-31, ,
3, ,-30, ,
3, ,-30, ,
2, ,-30, ,
3, ,-30, ,
2, ,-31, ,
2, ,-30, ,
3, ,-30, ,
3, ,-31, ,
2, ,-30, ,
3, ,-31, ,
2, ,-30, ,
2, ,-30, ,
3, ,-30, ,
3, ,-31, ,
2, ,-30, ,
3, ,-30, ,
2, ,-30, ,
2, ,-31, ,
3, ,-30, ,
3, ,-31, ,
2, ,-30, ,
3, ,-30, ,
2, ,-30, ,
2, ,-31, ,
3, ,-31, ,
3, ,-31, ,
2, ,-30, ,
3, ,-30, ,
2, ,-30, ,
2, ,-30, ,
3, ,-30, ,
3, ,-31, ,
2, ,-30, ,
3, ,-31, ,
2, ,-30, ,
2, ,-30, ,
2, ,-30, ,
2, ,-30, ,
1, ,-30, ,
3, ,-30, ,
2, ,-30, ,
2, ,-31, ,
2, ,-30, ,
2, ,-30, ,
2, ,-30, ,
3, ,-30, ,
2, ,-30, ,
2, ,-30, ,
2, ,-31, ,
3, ,-30, ,
2, ,-30, ,
2, ,-30, ,
2, ,-31, ,
2, ,-31, ,
2, ,-31, ,
2, ,-31, ,
2, ,-30, ,
2, ,-30, ,
2, ,-30, ,
2, ,-31, ,
2, ,-30, ,
2, ,-30, ,
1, ,-30, ,
2, ,-30, ,
2, ,-31, ,
2, ,-31, ,
2, ,-30, ,
2, ,-30, ,
1, ,-30, ,
2, ,-30, ,
2, ,-30, ,
2, ,-30, ,
2, ,-30, ,
2, ,-30, ,
2, ,-30, ,
3, ,-30, ,
2, ,-31, ,
1, ,-30, ,
3, ,-30, ,
3, ,-30, ,
2, ,-30, ,
2, ,-30, ,
2, ,-30, ,
2, ,-31, ,
2, ,-31, ,
2, ,-30, ,
2, ,-30, ,
3, ,-30, ,
2, ,-31, ,
2, ,-30, ,
2, ,-30, ,
3, ,-31, ,
2, ,-30, ,
2, ,-31, ,
2, ,-30, ,
2, ,-30, ,
2, ,-30, ,
2, ,-31, ,
1, ,-30, ,
2, ,-30, ,
2, ,-31, ,
2, ,-30, ,
2, ,-31, ,
3, ,-31, ,
1, ,-30, ,
3, ,-30, ,
2, ,-30, ,
2, ,-31, ,
2, ,-31, ,
2, ,-31, ,
1, ,-30, ,
3, ,-30, ,
2, ,-30, ,
2, ,-31, ,
2, ,-31, ,
2, ,-31, ,
1, ,-30, ,
2, ,-30, ,
2, ,-31, ,
2, ,-31, ,
2, ,-31, ,
2, ,-30, ,
1, ,-30, ,
2, ,-30, ,
2, ,-31, ,
2, ,-30, ,
2, ,-31, ,
2, ,-31, ,
2, ,-30, ,
3, ,-31, ,
2, ,-30, ,
2, ,-31, ,
2, ,-31, ,
2, ,-31, ,
1, ,-30, ,
2, ,-30, ,
2, ,-31, ,
2, ,-30, ,
2, ,-30, ,
2, ,-31, ,
1, ,-30, ,
3, ,-30, ,
2, ,-30, ,
2, ,-31, ,
2, ,-31, ,
2, ,-30, ,
1, ,-30, ,
3, ,-30, ,
2, ,-31, ,
1, ,-31, ,
2, ,-31, ,
2, ,-31, ,
1, ,-30, ,
2, ,-30, ,
2, ,-30, ,
1, ,-31, ,
2, ,-31, ,
2, ,-30, ,
1, ,-30, ,
2, ,-30, ,
1, ,-30, ,
1, ,-31, ,
2, ,-30, ,
2, ,-30, ,
1, ,-30, ,
2, ,-30, ,
2, ,-30, ,
2, ,-31, ,
2, ,-31, ,
2, ,-31, ,
1, ,-30, ,
2, ,-30, ,
1, ,-31, ,
1, ,-31, ,
2, ,-31, ,
2, ,-31, ,
1, ,-30, ,
2, ,-30, ,
1, ,-30, ,
1, ,-31, ,
2, ,-31, ,
2, ,-30, ,
1, ,-30, ,
2, ,-30, ,
1, ,-31, ,
2, ,-31, ,
2, ,-31, ,
1, ,-30, ,
1, ,-30, ,
2, ,-30, ,
1, ,-30, ,
2, ,-31, ,
2, ,-31, ,
2, ,-30, ,
1, ,-30, ,
2, ,-30, ,
2, ,-31, ,
2, ,-30, ,
2, ,-30, ,
2, ,-31, ,
1, ,-30, ,
2, ,-30, ,
1, ,-31, ,
1, ,-31, ,
2, ,-31, ,
2, ,-31, ,
1, ,-30, ,
2, ,-30, ,
2, ,-31, ,
2, ,-30, ,
2, ,-31, ,
2, ,-30, ,
1, ,-30, ,
2, ,-30, ,
1, ,-31, ,
1, ,-31, ,
2, ,-31, ,
2, ,-30, ,
1, ,-30, ,
2, ,-30, ,
1, ,-31, ,
2, ,-30, ,
2, ,-31, ,
2, ,-31, ,
1, ,-30, ,
2, ,-30, ,
2, ,-30, ,
2, ,-31, ,
2, ,-31, ,
2, ,-31, ,
1, ,-30, ,
2, ,-30, ,
2, ,-31, ,
1, ,-31, ,
2, ,-31, ,
2, ,-31, ,
1, ,-30, ,
2, ,-30, ,
1, ,-30, ,
1, ,-31, ,
2, ,-30, ,
2, ,-30, ,
1, ,-30, ,
2, ,-30, ,
2, ,-31, ,
1, ,-31, ,
2, ,-31, ,
2, ,-31, ,
1, ,-30, ,
2, ,-31, ,
2, ,-30, ,
1, ,-31, ,
2, ,-31, ,
2, ,-30, ,
1, ,-30, ,
2, ,-30, ,
2, ,-30, ,
1, ,-31, ,
2, ,-31, ,
2, ,-30, ,
1, ,-30, ,
2, ,-30, ,
1, ,-31, ,
1, ,-31, ,
2, ,-31, ,
2, ,-31, ,
1, ,-30, ,
2, ,-30, ,
1, ,-31, ,
1, ,-31, ,
2, ,-31, ,
2, ,-31, ,
1, ,-30, ,
2, ,-30, ,
1, ,-30, ,
1, ,-31, ,
2, ,-31, ,
2, ,-31, ,
1, ,-30, ,
2, ,-30, ,
1, ,-30, ,
1, ,-31, ,
2, ,-30, ,
1, ,-31, ,
1, ,-30, ,
49, ,-30, ,
34, ,-31, ,
21, ,-31, ,
15, ,-30, ,
11, ,-30, ,
7, ,-30, ,
7, ,-30, ,
5, ,-31, ,
3, ,-31, ,
3, ,-31, ,
3, ,-31, ,
2, ,-30, ,
3, ,-30, ,
2, ,-31, ,
2, ,-31, ,
3, ,-31, ,
2, ,-30, ,
2, ,-30, ,
3, ,-30, ,
2, ,-30, ,
2, ,-30, ,
3, ,-31, ,
3, ,-31, ,
2, ,-30, ,
3, ,-30, ,
2, ,-31, ,
2, ,-31, ,
3, ,-30, ,
3, ,-30, ,
1, ,-30, ,
2, ,-30, ,
2, ,-31, ,
2, ,-31, ,
3, ,-31, ,
3, ,-31, ,
2, ,-30, ,
3, ,-31, ,
2, ,-31, ,
2, ,-31, ,
3, ,-31, ,
2, ,-30, ,
2, ,-30, ,
3, ,-30, ,
2, ,-31, ,
2, ,-31, ,
2, ,-30, ,
2, ,-30, ,
2, ,-30, ,
2, ,-30, ,
2, ,-31, ,
2, ,-31, ,
3, ,-31, ,
3, ,-30, ,
2, ,-30, ,
2, ,-30, ,
2, ,-31, ,
2, ,-31, ,
2, ,-31, ,
2, ,-31, ,
2, ,-30, ,
3, ,-30, ,
2, ,-31, ,
2, ,-31, ,
2, ,-31, ,
2, ,-30, ,
1, ,-30, ,
3, ,-31, ,
2, ,-31, ,
2, ,-31, ,
2, ,-31, ,
3, ,-31, ,
2, ,-30, ,
3, ,-30, ,
2, ,-30, ,
2, ,-31, ,
2, ,-30, ,
2, ,-30, ,
1, ,-30, ,
2, ,-30, ,
2, ,-31, ,
2, ,-31, ,
2, ,-31, ,
2, ,-31, ,
1, ,-30, ,
3, ,-30, ,
2, ,-30, ,
2, ,-31, ,
3, ,-31, ,
3, ,-31, ,
1, ,-30, ,
3, ,-30, ,
2, ,-31, ,
2, ,-31, ,
2, ,-31, ,
3, ,-31, ,
1, ,-30, ,
3, ,-30, ,
2, ,-31, ,
2, ,-31, ,
2, ,-30, ,
2, ,-30, ,
2, ,-30, ,
2, ,-30, ,
2, ,-31, ,
2, ,-31, ,
2, ,-31, ,
3, ,-31, ,
1, ,-30, ,
2, ,-30, ,
2, ,-30, ,
2, ,-31, ,
2, ,-31, ,
2, ,-30, ,
1, ,-30, ,
2, ,-30, ,
2, ,-31, ,
2, ,-31, ,
2, ,-31, ,
2, ,-31, ,
1, ,-30, ,
2, ,-30, ,
2, ,-31, ,
2, ,-31, ,
2, ,-30, ,
2, ,-31, ,
1, ,-30, ,
2, ,-30, ,
2, ,-31, ,
2, ,-30, ,
3, ,-31, ,
2, ,-31, ,
1, ,-30, ,
2, ,-31, ,
2, ,-30, ,
2, ,-30, ,
2, ,-30, ,
3, ,-15, ,
2, ,4, ,
2, ,20, ,
2, ,31, ,
2, ,39, ,
2, ,45, ,
2, ,50, ,
1, ,54, ,
3, ,56, ,
1, ,58, ,
1, ,59, ,
2, ,60, ,
2, ,61, ,
1, ,62, ,
2, ,62, ,
2, ,62, ,
1, ,62, ,
2, ,63, ,
2, ,63, ,
1, ,63, ,
2, ,63, ,
1, ,62, ,
1, ,63, ,
2, ,63, ,
2, ,63, ,
10, ,63, ,
29, ,63, ,
20, ,62, ,
13, ,63, ,
11, ,63, ,
7, ,63, ,
5, ,63, ,
5, ,63, ,
2, ,62, ,
2, ,63, ,
3, ,63, ,
2, ,63, ,
2, ,63, ,
3, ,63, ,
2, ,62, ,
2, ,62, ,
3, ,63, ,
2, ,63, ,
1, ,63, ,
3, ,63, ,
2, ,62, ,
2, ,63, ,
3, ,63, ,
2, ,62, ,
1, ,62, ,
3, ,63, ,
2, ,62, ,
2, ,62, ,
3, ,62, ,
2, ,62, ,
1, ,62, ,
3, ,63, ,
2, ,62, ,
1, ,62, ,
3, ,62, ,
3, ,62, ,
5, ,62, ,
8, ,63, ,
6, ,62, ,
5, ,62, ,
6, ,63, ,
5, ,62, ,
3, ,62, ,
5, ,63, ,
3, ,62, ,
3, ,62, ,
3, ,63, ,
3, ,62, ,
2, ,62, ,
3, ,63, ,
2, ,62, ,
2, ,62, ,
3, ,62, ,
2, ,62, ,
1, ,62, ,
3, ,63, ,
2, ,62, ,
2, ,62, ,
3, ,63, ,
2, ,62, ,
2, ,62, ,
3, ,63, ,
2, ,62, ,
2, ,62, ,
3, ,63, ,
2, ,62, ,
2, ,62, ,
3, ,63, ,
2, ,62, ,
2, ,62, ,
3, ,63, ,
2, ,62, ,
1, ,62, ,
3, ,63, ,
2, ,62, ,
2, ,63, ,
3, ,62, ,
2, ,62, ,
2, ,62, ,
6, ,62, ,
6, ,62, ,
7, ,62, ,
7, ,63, ,
6, ,63, ,
3, ,62, ,
5, ,63, ,
3, ,62, ,
2, ,62, ,
3, ,63, ,
2, ,62, ,
2, ,62, ,
3, ,63, ,
2, ,62, ,
2, ,63, ,
3, ,63, ,
3, ,62, ,
2, ,62, ,
3, ,63, ,
2, ,62, ,
2, ,62, ,
3, ,63, ,
2, ,62, ,
2, ,62, ,
3, ,63, ,
2, ,62, ,
2, ,62, ,
3, ,63, ,
2, ,62, ,
1, ,62, ,
3, ,62, ,
3, ,61, ,
5, ,62, ,
6, ,62, ,
6, ,62, ,
5, ,62, ,
6, ,63, ,
3, ,62, ,
3, ,63, ,
3, ,62, ,
3, ,62, ,
2, ,62, ,
3, ,63, ,
2, ,62, ,
2, ,62, ,
2, ,63, ,
3, ,62, ,
2, ,62, ,
5, ,63, ,
3, ,62, ,
3, ,54, ,
3, ,34, ,
3, ,17, ,
3, ,5, ,
5, ,-4, ,
3, ,-11, ,
3, ,-16, ,
3, ,-20, ,
3, ,-23, ,
2, ,-25, ,
3, ,-26, ,
2, ,-27, ,
2, ,-28, ,
3, ,-30, ,
3, ,-30, ,
1, ,-30, ,
3, ,-31, ,
2, ,-31, ,
2, ,-31, ,
3, ,-31, ,
3, ,-31, ,
2, ,-31, ,
3, ,-31, ,
2, ,-31, ,
2, ,-31, ,
3, ,-31, ,
3, ,-31, ,
2, ,-31, ,
3, ,-31, ,
2, ,-31, ,
2, ,-31, ,
3, ,-31, ,
3, ,-31, ,
2, ,-31, ,
3, ,-31, ,
2, ,-31, ,
2, ,-31, ,
3, ,-31, ,
3, ,-31, ,
2, ,-31, ,
3, ,-31, ,
2, ,-31, ,
2, ,-31, ,
3, ,-31, ,
3, ,-31, ,
2, ,-31, ,
3, ,-31, ,
2, ,-31, ,
2, ,-31, ,
2, ,-31, ,
3, ,-31, ,
2, ,-31, ,
2, ,-31, ,
2, ,-31, ,
2, ,-31, ,
2, ,-30, ,
3, ,-31, ,
2, ,-30, ,
3, ,-31, ,
2, ,-31, ,
2, ,-31, ,
3, ,-31, ,
2, ,-31, ,
2, ,-30, ,
3, ,-30, ,
2, ,-31, ,
2, ,-31, ,
2, ,-31, ,
3, ,-31, ,
1, ,-30, ,
2, ,-31, ,
2, ,-31, ,
2, ,-31, ,
3, ,-31, ,
3, ,-31, ,
1, ,-31, ,
3, ,-31, ,
2, ,-31, ,
2, ,-31, ,
2, ,-31, ,
3, ,-31, ,
1, ,-30, ,
3, ,-31, ,
2, ,-31, ,
2, ,-31, ,
2, ,-31, ,
3, ,-30, ,
2, ,-30, ,
3, ,-31, ,
2, ,-31, ,
2, ,-31, ,
2, ,-31, ,
2, ,-31, ,
1, ,-30, ,
3, ,-31, ,
1, ,-31, ,
2, ,-31, ,
3, ,-31, ,
2, ,-31, ,
2, ,-30, ,
3, ,-30, ,
2, ,-31, ,
2, ,-30, ,
2, ,-31, ,
2, ,-31, ,
1, ,-30, ,
2, ,-30, ,
2, ,-31, ,
2, ,-31, ,
2, ,-31, ,
2, ,-31, ,
1, ,-30, ,
2, ,-30, ,
2, ,-31, ,
2, ,-30, ,
2, ,-30, ,
2, ,-30, ,
1, ,-30, ,
2, ,-30, ,
2, ,-31, ,
1, ,-30, ,
2, ,-31, ,
2, ,-31, ,
1, ,-30, ,
2, ,-30, ,
2, ,-31, ,
2, ,-31, ,
2, ,-30, ,
2, ,-31, ,
1, ,-30, ,
2, ,-30, ,
2, ,-30, ,
2, ,-31, ,
2, ,-31, ,
2, ,-30, ,
1, ,-30, ,
2, ,-30, ,
2, ,-31, ,
1, ,-31, ,
3, ,-30, ,
2, ,-31, ,
2, ,-30, ,
2, ,-30, ,
2, ,-30, ,
2, ,-31, ,
2, ,-31, ,
2, ,-30, ,
1, ,-30, ,
2, ,-30, ,
2, ,-31, ,
2, ,-31, ,
2, ,-31, ,
2, ,-31, ,
1, ,-31, ,
2, ,-31, ,
1, ,-30, ,
1, ,-31, ,
2, ,-30, ,
2, ,-31, ,
1, ,-30, ,
2, ,-30, ,
2, ,-30, ,
2, ,-30, ,
2, ,-30, ,
2, ,-31, ,
1, ,-30, ,
2, ,-30, ,
2, ,-31, ,
1, ,-31, ,
2, ,-31, ,
2, ,-31, ,
1, ,-30, ,
2, ,-30, ,
2, ,-31, ,
2, ,-30, ,
2, ,-31, ,
2, ,-30, ,
1, ,-30, ,
2, ,-30, ,
2, ,-30, ,
1, ,-30, ,
2, ,-31, ,
2, ,-31, ,
1, ,-30, ,
2, ,-30, ,
2, ,-31, ,
1, ,-30, ,
2, ,-30, ,
2, ,-31, ,
1, ,-30, ,
2, ,-30, ,
2, ,-31, ,
1, ,-31, ,
2, ,-30, ,
2, ,-30, ,
1, ,-30, ,
2, ,-30, ,
2, ,-31, ,
1, ,-31, ,
2, ,-30, ,
2, ,-31, ,
1, ,-30, ,
2, ,-31, ,
1, ,-30, ,
1, ,-30, ,
2, ,-30, ,
2, ,-31, ,
1, ,-30, ,
2, ,-30, ,
2, ,-31, ,
2, ,-30, ,
2, ,-31, ,
2, ,-31, ,
1, ,-30, ,
2, ,-30, ,
1, ,-30, ,
1, ,-31, ,
2, ,-31, ,
2, ,-30, ,
1, ,-30, ,
2, ,-30, ,
2, ,-31, ,
2, ,-31, ,
2, ,-31, ,
2, ,-31, ,
2, ,-30, ,
2, ,-30, ,
1, ,-30, ,
1, ,-31, ,
2, ,-30, ,
2, ,-30, ,
1, ,-30, ,
2, ,-30, ,
2, ,-31, ,
1, ,-31, ,
2, ,-31, ,
2, ,-31, ,
1, ,-30, ,
2, ,-30, ,
1, ,-31, ,
1, ,-31, ,
2, ,-31, ,
2, ,-30, ,
1, ,-30, ,
2, ,-30, ,
1, ,-31, ,
1, ,-31, ,
2, ,-30, ,
2, ,-30, ,
1, ,-30, ,
43, ,-30, ,
29, ,-30, ,
18, ,-30, ,
12, ,-31, ,
8, ,-30, ,
5, ,-30, ,
5, ,-30, ,
3, ,-31, ,
3, ,-30, ,
3, ,-30, ,
2, ,-31, ,
2, ,-30, ,
3, ,-31, ,
2, ,-30, ,
2, ,-31, ,
3, ,-31, ,
3, ,-30, ,
1, ,-30, ,
3, ,-30, ,
2, ,-31, ,
2, ,-31, ,
2, ,-30, ,
2, ,-30, ,
1, ,-30, ,
3, ,-31, ,
2, ,-30, ,
2, ,-30, ,
3, ,-30, ,
3, ,-30, ,
2, ,-30, ,
3, ,-30, ,
2, ,-30, ,
2, ,-30, ,
2, ,-30, ,
3, ,-30, ,
2, ,-30, ,
2, ,-31, ,
2, ,-30, ,
2, ,-31, ,
3, ,-30, ,
2, ,-30, ,
2, ,-30, ,
2, ,-30, ,
2, ,-31, ,
2, ,-31, ,
3, ,-30, ,
3, ,-30, ,
1, ,-30, ,
3, ,-30, ,
2, ,-30, ,
2, ,-31, ,
3, ,-30, ,
3, ,-31, ,
1, ,-30, ,
3, ,-30, ,
2, ,-31, ,
2, ,-31, ,
2, ,-30, ,
3, ,-31, ,
2, ,-30, ,
2, ,-30, ,
2, ,-31, ,
2, ,-31, ,
2, ,-30, ,
2, ,-30, ,
1, ,-30, ,
2, ,-30, ,
2, ,-31, ,
2, ,-31, ,
2, ,-30, ,
2, ,-31, ,
2, ,-30, ,
3, ,-31, ,
2, ,-30, ,
2, ,-30, ,
2, ,-30, ,
2, ,-30, ,
1, ,-30, ,
2, ,-30, ,
2, ,-30, ,
2, ,-31, ,
3, ,-31, ,
2, ,-31, ,
2, ,-30, ,
3, ,-30, ,
2, ,-30, ,
2, ,-31, ,
2, ,-31, ,
3, ,-30, ,
1, ,-30, ,
2, ,-30, ,
2, ,-31, ,
2, ,-30, ,
2, ,-30, ,
2, ,-30, ,
1, ,-31, ,
3, ,-30, ,
2, ,-31, ,
2, ,-31, ,
2, ,-31, ,
3, ,-30, ,
1, ,-30, ,
3, ,-31, ,
2, ,-31, ,
2, ,-31, ,
2, ,-30, ,
2, ,-30, ,
2, ,-30, ,
2, ,-31, ,
2, ,-31, ,
2, ,-30, ,
2, ,-31, ,
2, ,-30, ,
2, ,-30, ,
2, ,-30, ,
2, ,-31, ,
2, ,-30, ,
2, ,-30, ,
2, ,-30, ,
1, ,-30, ,
2, ,-30, ,
2, ,-30, ,
1, ,-30, ,
2, ,-30, ,
2, ,-30, ,
2, ,-30, ,
3, ,-30, ,
2, ,-31, ,
2, ,-30, ,
2, ,-30, ,
2, ,-31, ,
1, ,-30, ,
2, ,-30, ,
2, ,-30, ,
2, ,-31, ,
2, ,-30, ,
2, ,-30, ,
1, ,-30, ,
2, ,-30, ,
2, ,-31, ,
2, ,-30, ,
2, ,-30, ,
2, ,-31, ,
1, ,-30, ,
2, ,-30, ,
1, ,-30, ,
1, ,-31, ,
2, ,-30, ,
2, ,-31, ,
1, ,-30, ,
2, ,-30, ,
2, ,-31, ,
2, ,-30, ,
2, ,-30, ,
2, ,-31, ,
1, ,-31, ,
2, ,-30, ,
2, ,-31, ,
1, ,-30, ,
2, ,-31, ,
2, ,-31, ,
1, ,-30, ,
2, ,-30, ,
2, ,-31, ,
1, ,-30, ,
2, ,-30, ,
2, ,-31, ,
1, ,-30, ,
2, ,-31, ,
2, ,-31, ,
1, ,-31, ,
2, ,-31, ,
2, ,-31, ,
1, ,-30, ,
2, ,-30, ,
2, ,-31, ,
1, ,-30, ,
2, ,-30, ,
2, ,-31, ,
1, ,-30, ,
2, ,-31, ,
2, ,-30, ,
1, ,-31, ,
2, ,-31, ,
2, ,-30, ,
1, ,-30, ,
2, ,-30, ,
2, ,-31, ,
1, ,-30, ,
2, ,-30, ,
2, ,-31, ,
1, ,-30, ,
2, ,-30, ,
1, ,-31, ,
1, ,-30, ,
2, ,-30, ,
2, ,-30, ,
1, ,-30, ,
2, ,-30, ,
1, ,-30, ,
1, ,-31, ,
2, ,-31, ,
2, ,-30, ,
1, ,-30, ,
2, ,-30, ,
1, ,-30, ,
1, ,-30, ,
2, ,-30, ,
2, ,-30, ,
1, ,-30, ,
2, ,-30, ,
2, ,-31, ,
2, ,-30, ,
2, ,-31, ,
2, ,-30, ,
1, ,-30, ,
2, ,-30, ,
1, ,-30, ,
1, ,-30, ,
2, ,-31, ,
2, ,-30, ,
1, ,-30, ,
2, ,-30, ,
1, ,-31, ,
1, ,-30, ,
2, ,-30, ,
2, ,-30, ,
1, ,-30, ,
2, ,-30, ,
1, ,-30, ,
2, ,-31, ,
2, ,-30, ,
2, ,-30, ,
1, ,-30, ,
2, ,-30, ,
1, ,-31, ,
2, ,-31, ,
2, ,-30, ,
2, ,-30, ,
1, ,-30, ,
2, ,-30, ,
1, ,-30, ,
1, ,-31, ,
2, ,-31, ,
2, ,-30, ,
1, ,-31, ,
2, ,-30, ,
2, ,-31, ,
2, ,-31, ,
2, ,-31, ,
2, ,-31, ,
1, ,-30, ,
2, ,-30, ,
1, ,-31, ,
1, ,-30, ,
2, ,-30, ,
2, ,-30, ,
1, ,-30, ,
2, ,-31, ,
2, ,-31, ,
2, ,-31, ,
2, ,-31, ,
2, ,-31, ,
1, ,-30, ,
2, ,-31, ,
1, ,-31, ,
1, ,-31, ,
2, ,-31, ,
2, ,-30, ,
1, ,-30, ,
2, ,-30, ,
1, ,-31, ,
1, ,-31, ,
2, ,-30, ,
2, ,-31, ,
1, ,-30, ,
2, ,-30, ,
1, ,-30, ,
1, ,-31, ,
2, ,-31, ,
2, ,-30, ,
1, ,-30, ,
2, ,-30, ,
1, ,-31, ,
1, ,-31, ,
2, ,-30, ,
2, ,-31, ,
1, ,-30, ,
2, ,-30, ,
1, ,-30, ,
1, ,-31, ,
2, ,-31, ,
2, ,-30, ,
1, ,-30, ,
2, ,-31, ,
1, ,-31, ,
1, ,-30, ,
2, ,-30, ,
2, ,-30, ,
1, ,-30, ,
2, ,-30, ,
1, ,-31, ,
1, ,-31, ,
2, ,-31, ,
2, ,-31, ,
1, ,-30, ,
2, ,-30, ,
1, ,-31, ,
1, ,-31, ,
2, ,-31, ,
1, ,-30, ,
1, ,-30, ,
2, ,-30, ,
1, ,-30, ,
1, ,-31, ,
2, ,-31, ,
2, ,-31, ,
1, ,-30, ,
2, ,-30, ,
1, ,-31, ,
1, ,-31, ,
2, ,-30, ,
2, ,-31, ,
1, ,-30, ,
2, ,-31, ,
1, ,-30, ,
1, ,-31, ,
2, ,-31, ,
1, ,-30, ,
1, ,-30, ,
2, ,-30, ,
1, ,-31, ,
1, ,-31, ,
2, ,-30, ,
2, ,-31, ,
1, ,-30, ,
2, ,-30, ,
1, ,-30, ,
1, ,-31, ,
2, ,-31, ,
1, ,-31, ,
24, ,-30, ,
46, ,-30, ,
29, ,-31, ,
18, ,-31, ,
13, ,-31, ,
10, ,-30, ,
6, ,-30, ,
6, ,-30, ,
5, ,-30, ,
3, ,-31, ,
3, ,-31, ,
3, ,-30, ,
2, ,-30, ,
3, ,-30, ,
2, ,-31, ,
2, ,-31, ,
3, ,-30, ,
3, ,-31, ,
2, ,-30, ,
3, ,-30, ,
2, ,-30, ,
2, ,-31, ,
3, ,-30, ,
3, ,-30, ,
2, ,-30, ,
3, ,-30, ,
2, ,-30, ,
2, ,-30, ,
3, ,-30, ,
3, ,-30, ,
2, ,-30, ,
3, ,-31, ,
2, ,-31, ,
2, ,-31, ,
2, ,-31, ,
3, ,-30, ,
2, ,-20, ,
3, ,-1, ,
2, ,16, ,
2, ,28, ,
3, ,37, ,
3, ,44, ,
2, ,49, ,
3, ,53, ,
2, ,55, ,
2, ,57, ,
3, ,59, ,
2, ,60, ,
1, ,61, ,
3, ,62, ,
2, ,61, ,
2, ,62, ,
2, ,62, ,
2, ,62, ,
1, ,63, ,
3, ,63, ,
2, ,63, ,
2, ,63, ,
2, ,63, ,
2, ,63, ,
1, ,63, ,
3, ,64, ,
2, ,62, ,
2, ,63, ,
3, ,63, ,
2, ,63, ,
1, ,63, ,
3, ,63, ,
2, ,62, ,
1, ,63, ,
2, ,63, ,
2, ,62, ,
1, ,63, ,
3, ,63, ,
1, ,61, ,
2, ,63, ,
2, ,63, ,
2, ,62, ,
1, ,63, ,
11, ,63, ,
15, ,62, ,
11, ,62, ,
8, ,63, ,
6, ,62, ,
5, ,62, ,
5, ,63, ,
3, ,62, ,
2, ,63, ,
3, ,63, ,
3, ,62, ,
1, ,62, ,
3, ,63, ,
2, ,62, ,
2, ,62, ,
3, ,63, ,
3, ,62, ,
2, ,62, ,
3, ,63, ,
2, ,62, ,
1, ,62, ,
3, ,63, ,
3, ,63, ,
1, ,62, ,
3, ,63, ,
2, ,62, ,
2, ,62, ,
3, ,62, ,
3, ,62, ,
3, ,62, ,
6, ,63, ,
5, ,62, ,
5, ,62, ,
5, ,63, ,
5, ,63, ,
2, ,62, ,
3, ,63, ,
2, ,62, ,
2, ,63, ,
2, ,63, ,
2, ,62, ,
2, ,62, ,
3, ,63, ,
2, ,61, ,
2, ,62, ,
3, ,62, ,
2, ,63, ,
1, ,62, ,
3, ,62, ,
2, ,62, ,
2, ,63, ,
3, ,62, ,
3, ,62, ,
3, ,62, ,
7, ,63, ,
5, ,62, ,
3, ,62, ,
5, ,63, ,
5, ,62, ,
3, ,62, ,
5, ,63, ,
2, ,62, ,
2, ,62, ,
3, ,63, ,
3, ,62, ,
2, ,62, ,
3, ,63, ,
2, ,62, ,
2, ,62, ,
3, ,63, ,
2, ,62, ,
2, ,62, ,
3, ,63, ,
2, ,62, ,
2, ,62, ,
3, ,63, ,
3, ,62, ,
1, ,62, ,
3, ,63, ,
2, ,62, ,
2, ,62, ,
3, ,62, ,
2, ,63, ,
2, ,62, ,
3, ,63, ,
2, ,62, ,
2, ,62, ,
3, ,63, ,
3, ,62, ,
2, ,62, ,
6, ,63, ,
6, ,62, ,
5, ,62, ,
6, ,62, ,
5, ,62, ,
2, ,62, ,
5, ,63, ,
2, ,62, ,
2, ,63, ,
2, ,63, ,
2, ,62, ,
2, ,62, ,
3, ,63, ,
2, ,62, ,
2, ,62, ,
3, ,62, ,
2, ,62, ,
1, ,62, ,
3, ,63, ,
2, ,62, ,
2, ,62, ,
5, ,59, ,
6, ,40, ,
5, ,22, ,
6, ,8, ,
3, ,-2, ,
3, ,-8, ,
3, ,-15, ,
2, ,-19, ,
2, ,-22, ,
3, ,-24, ,
2, ,-26, ,
2, ,-27, ,
3, ,-28, ,
3, ,-28, ,
1, ,-30, ,
3, ,-30, ,
2, ,-31, ,
2, ,-31, ,
3, ,-31, ,
2, ,-31, ,
1, ,-31, ,
3, ,-31, ,
2, ,-31, ,
2, ,-31, ,
2, ,-31, ,
3, ,-31, ,
2, ,-31, ,
3, ,-31, ,
2, ,-31, ,
2, ,-31, ,
3, ,-31, ,
3, ,-31, ,
2, ,-31, ,
3, ,-31, ,
2, ,-31, ,
2, ,-31, ,
2, ,-31, ,
3, ,-31, ,
1, ,-31, ,
2, ,-31, ,
2, ,-31, ,
2, ,-31, ,
5, ,-31, ,
8, ,-31, ,
7, ,-31, ,
7, ,-31, ,
5, ,-31, ,
5, ,-31, ,
5, ,-31, ,
3, ,-31, ,
2, ,-31, ,
3, ,-31, ,
2, ,-31, ,
2, ,-31, ,
3, ,-31, ,
3, ,-31, ,
2, ,-31, ,
3, ,-31, ,
2, ,-31, ,
2, ,-31, ,
3, ,-31, ,
2, ,-31, ,
2, ,-31, ,
3, ,-31, ,
2, ,-31, ,
2, ,-31, ,
3, ,-31, ,
3, ,-31, ,
2, ,-31, ,
3, ,-31, ,
2, ,-30, ,
2, ,-31, ,
2, ,-31, ,
3, ,-31, ,
2, ,-31, ,
3, ,-31, ,
2, ,-31, ,
2, ,-30, ,
3, ,-31, ,
3, ,-31, ,
2, ,-30, ,
3, ,-30, ,
2, ,-31, ,
2, ,-31, ,
3, ,-31, ,
3, ,-31, ,
2, ,-31, ,
3, ,-30, ,
2, ,-31, ,
2, ,-31, ,
3, ,-31, ,
3, ,-31, ,
2, ,-30, ,
3, ,-31, ,
2, ,-31, ,
2, ,-31, ,
3, ,-31, ,
3, ,-31, ,
1, ,-31, ,
3, ,-30, ,
2, ,-31, ,
2, ,-31, ,
3, ,-30, ,
3, ,-31, ,
2, ,-30, ,
3, ,-31, ,
2, ,-30, ,
2, ,-31, ,
2, ,-31, ,
3, ,-31, ,
1, ,-30, ,
3, ,-30, ,
2, ,-31, ,
2, ,-31, ,
2, ,-31, ,
3, ,-31, ,
2, ,-31, ,
3, ,-30, ,
2, ,-31, ,
2, ,-30, ,
2, ,-31, ,
3, ,-30, ,
1, ,-30, ,
2, ,-30, ,
2, ,-30, ,
2, ,-30, ,
2, ,-30, ,
2, ,-30, ,
1, ,-30, ,
2, ,-30, ,
2, ,-30, ,
2, ,-31, ,
2, ,-31, ,
3, ,-31, ,
1, ,-31, ,
3, ,-30, ,
2, ,-31, ,
2, ,-31, ,
2, ,-30, ,
3, ,-31, ,
1, ,-30, ,
3, ,-30, ,
2, ,-30, ,
2, ,-31, ,
2, ,-31, ,
2, ,-31, ,
1, ,-30, ,
2, ,-30, ,
2, ,-31, ,
2, ,-31, ,
2, ,-30, ,
2, ,-31, ,
1, ,-30, ,
2, ,-30, ,
2, ,-30, ,
2, ,-30, ,
2, ,-31, ,
2, ,-31, ,
1, ,-30, ,
2, ,-30, ,
2, ,-31, ,
1, ,-31, ,
3, ,-30, ,
3, ,-31, ,
1, ,-30, ,
2, ,-31, ,
1, ,-31, ,
1, ,-30, ,
2, ,-31, ,
2, ,-31, ,
1, ,-30, ,
3, ,-30, ,
2, ,-30, ,
2, ,-31, ,
2, ,-30, ,
2, ,-30, ,
1, ,-30, ,
3, ,-30, ,
2, ,-30, ,
2, ,-30, ,
2, ,-31, ,
2, ,-31, ,
1, ,-30, ,
2, ,-30, ,
2, ,-31, ,
2, ,-30, ,
2, ,-30, ,
2, ,-31, ,
1, ,-30, ,
2, ,-30, ,
2, ,-30, ,
1, ,-31, ,
2, ,-30, ,
2, ,-30, ,
1, ,-30, ,
3, ,-30, ,
2, ,-31, ,
2, ,-30, ,
2, ,-30, ,
2, ,-31, ,
1, ,-30, ,
3, ,-31, ,
1, ,-30, ,
1, ,-31, ,
2, ,-31, ,
2, ,-30, ,
1, ,-30, ,
2, ,-30, ,
2, ,-31, ,
2, ,-31, ,
2, ,-30, ,
2, ,-31, ,
1, ,-30, ,
2, ,-30, ,
2, ,-30, ,
2, ,-30, ,
2, ,-30, ,
2, ,-30, ,
1, ,-30, ,
2, ,-30, ,
1, ,-30, ,
1, ,-31, ,
2, ,-31, ,
2, ,-31, ,
1, ,-30, ,
3, ,-30, ,
1, ,-31, ,
2, ,-31, ,
2, ,-31, ,
2, ,-30, ,
1, ,-30, ,
2, ,-30, ,
2, ,-31, ,
2, ,-30, ,
2, ,-31, ,
2, ,-31, ,
1, ,-30, ,
2, ,-31, ,
2, ,-31, ,
1, ,-31, ,
2, ,-31, ,
2, ,-31, ,
1, ,-31, ,
2, ,-30, ,
2, ,-31, ,
1, ,-31, ,
2, ,-30, ,
2, ,-31, ,
1, ,-30, ,
2, ,-30, ,
1, ,-30, ,
1, ,-31, ,
2, ,-30, ,
2, ,-31, ,
1, ,-30, ,
3, ,-30, ,
2, ,-31, ,
2, ,-31, ,
2, ,-31, ,
2, ,-30, ,
1, ,-30, ,
2, ,-31, ,
1, ,-30, ,
1, ,-30, ,
2, ,-31, ,
2, ,-31, ,
1, ,-30, ,
2, ,-30, ,
1, ,-31, ,
2, ,-31, ,
2, ,-30, ,
2, ,-31, ,
1, ,-30, ,
2, ,-30, ,
1, ,-31, ,
2, ,-31, ,
2, ,-31, ,
2, ,-31, ,
1, ,-30, ,
2, ,-30, ,
2, ,-31, ,
2, ,-31, ,
2, ,-31, ,
2, ,-31, ,
1, ,-30, ,
2, ,-31, ,
1, ,-30, ,
1, ,-30, ,
2, ,-31, ,
2, ,-31, ,
1, ,-30, ,
2, ,-30, ,
1, ,-31, ,
1, ,-30, ,
2, ,-30, ,
2, ,-31, ,
1, ,-30, ,
2, ,-31, ,
1, ,-31, ,
2, ,-30, ,
2, ,-31, ,
2, ,-30, ,
1, ,-30, ,
2, ,-30, ,
2, ,-31, ,
2, ,-31, ,
2, ,-30, ,
2, ,-31, ,
1, ,-30, ,
2, ,-31, ,
2, ,-31, ,
1, ,-30, ,
2, ,-31, ,
2, ,-31, ,
1, ,-31, ,
2, ,-30, ,
1, ,-31, ,
1, ,-30, ,
2, ,-30, ,
20, ,-31, ,
40, ,-30, ,
26, ,-30, ,
17, ,-30, ,
11, ,-31, ,
8, ,-31, ,
6, ,-31, ,
3, ,-31, ,
5, ,-30, ,
2, ,-31, ,
2, ,-31, ,
3, ,-31, ,
3, ,-31, ,
2, ,-30, ,
3, ,-31, ,
2, ,-30, ,
2, ,-30, ,
3, ,-31, ,
3, ,-31, ,
2, ,-30, ,
3, ,-30, ,
2, ,-31, ,
2, ,-31, ,
2, ,-30, ,
2, ,-31, ,
1, ,-31, ,
3, ,-30, ,
2, ,-30, ,
2, ,-30, ,
2, ,-30, ,
3, ,-31, ,
2, ,-31, ,
3, ,-30, ,
2, ,-31, ,
2, ,-31, ,
3, ,-31, ,
3, ,-31, ,
1, ,-30, ,
3, ,-31, ,
2, ,-30, ,
2, ,-31, ,
3, ,-31, ,
3, ,-30, ,
1, ,-31, ,
3, ,-30, ,
2, ,-31, ,
2, ,-31, ,
2, ,-30, ,
3, ,-31, ,
1, ,-30, ,
2, ,-31, ,
2, ,-30, ,
2, ,-31, ,
3, ,-31, ,
3, ,-30, ,
1, ,-30, ,
3, ,-30, ,
2, ,-31, ,
2, ,-30, ,
2, ,-31, ,
3, ,-31, ,
1, ,-31, ,
3, ,-31, ,
2, ,-30, ,
2, ,-30, ,
3, ,-30, ,
3, ,-30, ,
1, ,-30, ,
3, ,-31, ,
2, ,-31, ,
2, ,-31, ,
2, ,-31, ,
2, ,-31, ,
1, ,-30, ,
3, ,-30, ,
2, ,-30, ,
2, ,-30, ,
2, ,-30, ,
2, ,-30, ,
2, ,-30, ,
2, ,-30, ,
2, ,-30, ,
2, ,-31, ,
3, ,-31, ,
2, ,-31, ,
1, ,-30, ,
3, ,-31, ,
1, ,-31, ,
2, ,-31, ,
2, ,-31, ,
2, ,-31, ,
2, ,-30, ,
2, ,-30, ,
2, ,-31, ,
2, ,-30, ,
2, ,-30, ,
2, ,-31, ,
2, ,-30, ,
2, ,-30, ,
2, ,-30, ,
2, ,-30, ,
2, ,-31, ,
2, ,-30, ,
1, ,-30, ,
2, ,-30, ,
2, ,-31, ,
2, ,-30, ,
2, ,-30, ,
2, ,-30, ,
1, ,-30, ,
3, ,-30, ,
2, ,-30, ,
2, ,-30, ,
2, ,-31, ,
2, ,-31, ,
1, ,-30, ,
2, ,-30, ,
2, ,-30, ,
1, ,-31, ,
2, ,-31, ,
2, ,-30, ,
1, ,-30, ,
2, ,-30, ,
1, ,-30, ,
1, ,-31, ,
2, ,-31, ,
2, ,-31, ,
2, ,-30, ,
2, ,-30, ,
2, ,-31, ,
2, ,-31, ,
2, ,-30, ,
2, ,-31, ,
1, ,-30, ,
2, ,-30, ,
2, ,-30, ,
1, ,-31, ,
2, ,-31, ,
2, ,-30, ,
1, ,-30, ,
2, ,-30, ,
2, ,-31, ,
1, ,-31, ,
2, ,-31, ,
2, ,-31, ,
1, ,-30, ,
2, ,-31, ,
2, ,-30, ,
1, ,-31, ,
2, ,-31, ,
2, ,-30, ,
1, ,-30, ,
2, ,-30, ,
2, ,-31, ,
2, ,-30, ,
2, ,-31, ,
2, ,-31, ,
1, ,-30, ,
2, ,-31, ,
2, ,-31, ,
2, ,-31, ,
2, ,-31, ,
2, ,-30, ,
1, ,-30, ,
2, ,-30, ,
1, ,-30, ,
1, ,-31, ,
2, ,-30, ,
2, ,-31, ,
1, ,-30, ,
2, ,-31, ,
2, ,-30, ,
2, ,-30, ,
2, ,-30, ,
2, ,-30, ,
1, ,-30, ,
2, ,-30, ,
2, ,-31, ,
2, ,-31, ,
2, ,-31, ,
2, ,-31, ,
1, ,-30, ,
2, ,-30, ,
2, ,-30, ,
1, ,-30, ,
2, ,-30, ,
2, ,-30, ,
1, ,-30, ,
2, ,-30, ,
2, ,-31, ,
1, ,-30, ,
2, ,-31, ,
2, ,-31, ,
1, ,-30, ,
2, ,-31, ,
1, ,-30, ,
2, ,-31, ,
2, ,-31, ,
2, ,-31, ,
1, ,-30, ,
2, ,-30, ,
2, ,-31, ,
1, ,-31, ,
2, ,-30, ,
2, ,-31, ,
1, ,-30, ,
2, ,-30, ,
2, ,-30, ,
1, ,-31, ,
2, ,-31, ,
2, ,-30, ,
1, ,-30, ,
2, ,-30, ,
2, ,-30, ,
1, ,-30, ,
2, ,-30, ,
2, ,-31, ,
1, ,-30, ,
2, ,-30, ,
2, ,-30, ,
1, ,-31, ,
2, ,-31, ,
1, ,-30, ,
1, ,-30, ,
2, ,-30, ,
1, ,-30, ,
1, ,-31, ,
2, ,-31, ,
2, ,-31, ,
1, ,-30, ,
2, ,-31, ,
1, ,-30, ,
2, ,-31, ,
2, ,-31, ,
2, ,-30, ,
1, ,-30, ,
2, ,-31, ,
1, ,-31, ,
2, ,-31, ,
2, ,-31, ,
2, ,-31, ,
1, ,-30, ,
2, ,-31, ,
1, ,-30, ,
1, ,-31, ,
2, ,-31, ,
2, ,-31, ,
1, ,-30, ,
2, ,-30, ,
1, ,-31, ,
1, ,-31, ,
2, ,-31, ,
2, ,-31, ,
1, ,-30, ,
2, ,-31, ,
1, ,-31, ,
2, ,-31, ,
2, ,-31, ,
1, ,-30, ,
1, ,-30, ,
2, ,-30, ,
1, ,-31, ,
1, ,-31, ,
2, ,-30, ,
2, ,-30, ,
1, ,-30, ,
2, ,-30, ,
1, ,-30, ,
2, ,-31, ,
2, ,-31, ,
2, ,-30, ,
1, ,-30, ,
2, ,-30, ,
1, ,-30, ,
1, ,-31, ,
2, ,-31, ,
2, ,-31, ,
1, ,-30, ,
2, ,-31, ,
1, ,-31, ,
1, ,-30, ,
2, ,-31, ,
2, ,-30, ,
1, ,-30, ,
2, ,-30, ,
1, ,-30, ,
1, ,-31, ,
2, ,-31, ,
2, ,-31, ,
1, ,-30, ,
2, ,-30, ,
1, ,-30, ,
1, ,-31, ,
2, ,-31, ,
2, ,-31, ,
1, ,-30, ,
2, ,-30, ,
1, ,-30, ,
1, ,-31, ,
2, ,-30, ,
2, ,-31, ,
1, ,-30, ,
2, ,-30, ,
1, ,-30, ,
1, ,-31, ,
2, ,-31, ,
2, ,-31, ,
1, ,-30, ,
2, ,-25, ,
2, ,-5, ,
2, ,12, ,
2, ,25, ,
2, ,35, ,
1, ,42, ,
2, ,47, ,
1, ,51, ,
1, ,55, ,
2, ,57, ,
1, ,59, ,
1, ,60, ,
2, ,61, ,
1, ,61, ,
1, ,61, ,
2, ,62, ,
1, ,63, ,
1, ,62, ,
2, ,63, ,
1, ,63, ,
1, ,63, ,
2, ,63, ,
1, ,63, ,
1, ,63, ,
2, ,63, ,
1, ,62, ,
1, ,63, ,
2, ,63, ,
1, ,63, ,
1, ,63, ,
2, ,63, ,
1, ,62, ,
1, ,63, ,
17, ,63, ,
46, ,63, ,
30, ,63, ,
20, ,63, ,
12, ,62, ,
8, ,63, ,
7, ,63, ,
5, ,62, ,
3, ,63, ,
3, ,63, ,
2, ,62, ,
2, ,63, ,
3, ,63, ,
2, ,63, ,
2, ,62, ,
3, ,63, ,
2, ,62, ,
2, ,62, ,
3, ,63, ,
2, ,63, ,
1, ,62, ,
3, ,63, ,
2, ,62, ,
2, ,62, ,
3, ,62, ,
3, ,62, ,
1, ,62, ,
3, ,63, ,
2, ,62, ,
2, ,62, ,
3, ,63, ,
2, ,62, ,
1, ,62, ,
3, ,63, ,
2, ,62, ,
2, ,63, ,
5, ,62, ,
7, ,63, ,
6, ,62, ,
7, ,63, ,
5, ,62, ,
3, ,62, ,
5, ,63, ,
3, ,62, ,
2, ,62, ,
3, ,63, ,
2, ,62, ,
2, ,62, ,
3, ,63, ,
2, ,62, ,
2, ,62, ,
3, ,63, ,
2, ,62, ,
2, ,62, ,
3, ,63, ,
2, ,63, ,
1, ,62, ,
3, ,63, ,
1, ,62, ,
1, ,62, ,
3, ,62, ,
2, ,62, ,
1, ,62, ,
3, ,63, ,
2, ,61, ,
2, ,62, ,
3, ,62, ,
2, ,62, ,
1, ,62, ,
3, ,63, ,
2, ,62, ,
2, ,62, ,
3, ,63, ,
2, ,62, ,
1, ,62, ,
3, ,63, ,
2, ,62, ,
2, ,62, ,
3, ,63, ,
2, ,62, ,
1, ,62, ,
3, ,63, ,
1, ,62, ,
2, ,62, ,
3, ,63, ,
2, ,62, ,
1, ,62, ,
3, ,63, ,
2, ,62, ,
2, ,62, ,
3, ,63, ,
2, ,62, ,
1, ,62, ,
3, ,62, ,
7, ,62, ,
12, ,62, ,
11, ,62, ,
8, ,62, ,
6, ,62, ,
6, ,62, ,
3, ,62, ,
3, ,62, ,
3, ,63, ,
2, ,62, ,
2, ,62, ,
3, ,63, ,
2, ,62, ,
2, ,62, ,
2, ,63, ,
2, ,62, ,
1, ,62, ,
3, ,62, ,
2, ,61, ,
2, ,62, ,
3, ,62, ,
2, ,62, ,
2, ,62, ,
3, ,63, ,
2, ,62, ,
2, ,62, ,
3, ,62, ,
2, ,61, ,
2, ,45, ,
6, ,26, ,
6, ,12, ,
5, ,1, ,
5, ,-7, ,
5, ,-14, ,
3, ,-18, ,
5, ,-21, ,
2, ,-23, ,
2, ,-25, ,
3, ,-26, ,
2, ,-28, ,
2, ,-28, ,
3, ,-30, ,
2, ,-30, ,
2, ,-31, ,
3, ,-31, ,
3, ,-31, ,
2, ,-31, ,
3, ,-31, ,
2, ,-31, ,
2, ,-31, ,
3, ,-31, ,
3, ,-31, ,
2, ,-31, ,
3, ,-31, ,
2, ,-31, ,
2, ,-31, ,
3, ,-31, ,
3, ,-31, ,
2, ,-31, ,
3, ,-31, ,
2, ,-31, ,
2, ,-31, ,
3, ,-31, ,
3, ,-31, ,
2, ,-31, ,
3, ,-31, ,
2, ,-31, ,
2, ,-31, ,
3, ,-31, ,
3, ,-31, ,
2, ,-31, ,
3, ,-31, ,
2, ,-31, ,
2, ,-31, ,
2, ,-31, ,
3, ,-31, ,
2, ,-31, ,
5, ,-31, ,
8, ,-31, ,
8, ,-31, ,
8, ,-31, ,
7, ,-31, ,
5, ,-30, ,
5, ,-31, ,
3, ,-31, ,
3, ,-31, ,
3, ,-31, ,
3, ,-31, ,
2, ,-30, ,
3, ,-31, ,
2, ,-31, ,
2, ,-31, ,
3, ,-31, ,
3, ,-31, ,
2, ,-30, ,
3, ,-31, ,
2, ,-31, ,
2, ,-31, ,
3, ,-31, ,
3, ,-31, ,
2, ,-31, ,
2, ,-30, ,
2, ,-31, ,
2, ,-31, ,
2, ,-30, ,
3, ,-31, ,
2, ,-31, ,
3, ,-31, ,
2, ,-30, ,
2, ,-31, ,
2, ,-31, ,
3, ,-31, ,
2, ,-31, ,
3, ,-30, ,
2, ,-31, ,
2, ,-31, ,
3, ,-31, ,
3, ,-31, ,
2, ,-30, ,
3, ,-31, ,
2, ,-31, ,
2, ,-30, ,
2, ,-31, ,
3, ,-31, ,
1, ,-30, ,
3, ,-30, ,
2, ,-31, ,
2, ,-31, ,
2, ,-31, ,
3, ,-31, ,
1, ,-31, ,
3, ,-30, ,
2, ,-30, ,
2, ,-31, ,
2, ,-31, ,
3, ,-31, ,
1, ,-30, ,
3, ,-31, ,
2, ,-31, ,
2, ,-31, ,
3, ,-31, ,
3, ,-31, ,
2, ,-30, ,
3, ,-31, ,
2, ,-31, ,
2, ,-30, ,
3, ,-31, ,
3, ,-30, ,
1, ,-30, ,
2, ,-30, ,
2, ,-30, ,
2, ,-31, ,
2, ,-31, ,
3, ,-30, ,
1, ,-31, ,
3, ,-30, ,
2, ,-30, ,
2, ,-30, ,
2, ,-31, ,
2, ,-30, ,
2, ,-30, ,
3, ,-31, ,
2, ,-31, ,
2, ,-31, ,
2, ,-30, ,
3, ,-31, ,
1, ,-30, ,
2, ,-30, ,
2, ,-30, ,
2, ,-31, ,
3, ,-31, ,
3, ,-30, ,
2, ,-30, ,
2, ,-30, ,
2, ,-31, ,
2, ,-31, ,
2, ,-31, ,
2, ,-30, ,
2, ,-30, ,
3, ,-30, ,
2, ,-30, ,
2, ,-31, ,
2, ,-31, ,
2, ,-30, ,
1, ,-30, ,
2, ,-30, ,
2, ,-31, ,
2, ,-31, ,
2, ,-31, ,
2, ,-31, ,
1, ,-30, ,
3, ,-31, ,
2, ,-31, ,
2, ,-31, ,
2, ,-31, ,
2, ,-30, ,
2, ,-30, ,
3, ,-30, ,
1, ,-31, ,
2, ,-31, ,
2, ,-31, ,
3, ,-31, ,
2, ,-30, ,
2, ,-31, ,
2, ,-31, ,
2, ,-31, ,
2, ,-31, ,
2, ,-30, ,
1, ,-30, ,
2, ,-30, ,
2, ,-31, ,
2, ,-30, ,
2, ,-30, ,
2, ,-30, ,
1, ,-30, ,
2, ,-30, ,
2, ,-31, ,
2, ,-31, ,
2, ,-31, ,
3, ,-31, ,
2, ,-30, ,
2, ,-30, ,
1, ,-30, ,
1, ,-31, ,
2, ,-31, ,
2, ,-31, ,
1, ,-30, ,
2, ,-30, ,
2, ,-31, ,
2, ,-31, ,
2, ,-30, ,
2, ,-30, ,
1, ,-30, ,
2, ,-30, ,
1, ,-31, ,
2, ,-30, ,
2, ,-30, ,
2, ,-30, ,
1, ,-30, ,
2, ,-30, ,
1, ,-30, ,
1, ,-31, ,
2, ,-31, ,
2, ,-31, ,
1, ,-30, ,
2, ,-30, ,
2, ,-31, ,
2, ,-31, ,
2, ,-30, ,
2, ,-31, ,
1, ,-30, ,
2, ,-30, ,
2, ,-30, ,
2, ,-30, ,
2, ,-31, ,
2, ,-30, ,
1, ,-30, ,
2, ,-30, ,
1, ,-31, ,
1, ,-31, ,
2, ,-30, ,
2, ,-31, ,
1, ,-30, ,
2, ,-30, ,
1, ,-30, ,
2, ,-31, ,
2, ,-31, ,
2, ,-30, ,
1, ,-30, ,
2, ,-30, ,
1, ,-31, ,
2, ,-30, ,
2, ,-30, ,
2, ,-30, ,
1, ,-30, ,
2, ,-30, ,
1, ,-30, ,
2, ,-31, ,
2, ,-31, ,
2, ,-30, ,
1, ,-30, ,
2, ,-30, ,
2, ,-31, ,
2, ,-31, ,
2, ,-30, ,
2, ,-31, ,
1, ,-30, ,
2, ,-30, ,
1, ,-30, ,
1, ,-31, ,
2, ,-31, ,
2, ,-30, ,
1, ,-30, ,
2, ,-30, ,
2, ,-31, ,
2, ,-31, ,
2, ,-31, ,
2, ,-31, ,
1, ,-30, ,
2, ,-30, ,
1, ,-30, ,
1, ,-30, ,
2, ,-31, ,
2, ,-30, ,
1, ,-30, ,
2, ,-30, ,
2, ,-31, ,
2, ,-31, ,
2, ,-30, ,
2, ,-31, ,
1, ,-30, ,
2, ,-30, ,
1, ,-30, ,
1, ,-31, ,
2, ,-31, ,
2, ,-30, ,
1, ,-30, ,
2, ,-30, ,
1, ,-31, ,
1, ,-31, ,
2, ,-31, ,
2, ,-31, ,
1, ,-30, ,
2, ,-30, ,
1, ,-31, ,
1, ,-31, ,
2, ,-31, ,
1, ,-31, ,
1, ,-30, ,
2, ,-30, ,
1, ,-31, ,
2, ,-31, ,
2, ,-30, ,
2, ,-31, ,
1, ,-30, ,
2, ,-30, ,
2, ,-30, ,
1, ,-30, ,
2, ,-31, ,
2, ,-31, ,
1, ,-30, ,
2, ,-30, ,
1, ,-30, ,
1, ,-31, ,
2, ,-30, ,
2, ,-31, ,
1, ,-30, ,
2, ,-30, ,
1, ,-30, ,
1, ,-31, ,
2, ,-30, ,
2, ,-30, ,
1, ,-30, ,
2, ,-30, ,
1, ,-31, ,
1, ,-31, ,
2, ,-30, ,
2, ,-31, ,
1, ,-30, ,
2, ,-30, ,
1, ,-30, ,
1, ,-31, ,
2, ,-31, ,
2, ,-30, ,
1, ,-30, ,
2, ,-30, ,
1, ,-31, ,
1, ,-31, ,
2, ,-30, ,
2, ,-31, ,
1, ,-30, ,
2, ,-30, ,
1, ,-30, ,
1, ,-31, ,
2, ,-31, ,
2, ,-30, ,
1, ,-30, ,
2, ,-30, ,
1, ,-31, ,
1, ,-31, ,
2, ,-31, ,
2, ,-31, ,
1, ,-31, ,
2, ,-30, ,
1, ,-30, ,
1, ,-31, ,
2, ,-31, ,
2, ,-31, ,
1, ,-30, ,
2, ,-30, ,
1, ,-30, ,
1, ,-31, ,
2, ,-31, ,
2, ,-31, ,
1, ,-30, ,
2, ,-31, ,
1, ,-30, ,
1, ,-31, ,
2, ,-30, ,
2, ,-31, ,
1, ,-30, ,
2, ,-30, ,
1, ,-31, ,
1, ,-31, ,
2, ,-30, ,
2, ,-31, ,
1, ,-31, ,
2, ,-31, ,
1, ,-31, ,
1, ,-31, ,
2, ,-31, ,
2, ,-30, ,
1, ,-30, ,
2, ,-30, ,
1, ,-30, ,
1, ,-31, ,
2, ,-30, ,
2, ,-31, ,
1, ,-30, ,
2, ,-31, ,
1, ,-30, ,
1, ,-31, ,
2, ,-31, ,
2, ,-30, ,
1, ,-30, ,
2, ,-30, ,
1, ,-31, ,
1, ,-31, ,
2, ,-30, ,
1, ,-31, ,
1, ,-30, ,
2, ,-30, ,
1, ,-30, ,
1, ,-31, ,
2, ,-31, ,
1, ,-30, ,
1, ,-30, ,
2, ,-30, ,
1, ,-31, ,
1, ,-31, ,
2, ,-30, ,
1, ,-31, ,
1, ,-30, ,
2, ,-30, ,
1, ,-30, ,
1, ,-31, ,
2, ,-31, ,
1, ,-31, ,
1, ,-30, ,
2, ,-30, ,
1, ,-31, ,
1, ,-31, ,
2, ,-30, ,
1, ,-31, ,
1, ,-30, ,
2, ,-30, ,
1, ,-31, ,
1, ,-31, ,
2, ,-31, ,
1, ,-30, ,
1, ,-30, ,
2, ,-30, ,
1, ,-31, ,
1, ,-31, ,
2, ,-30, ,
1, ,-30, ,
1, ,-31, ,
2, ,-30, ,
1, ,-31, ,
1, ,-31, ,
2, ,-31, ,
1, ,-31, ,
1, ,-30, ,
2, ,-30, ,
1, ,-31, ,
1, ,-31, ,
2, ,-30, ,
2, ,-31, ,
1, ,-30, ,
1, ,-30, ,
1, ,-31, ,
1, ,-31, ,
2, ,-31, ,
1, ,-30, ,
1, ,-30, ,
1, ,-30, ,
1, ,-31, ,
1, ,-30, ,
2, ,-30, ,
1, ,-31, ,
1, ,-30, ,
2, ,-31, ,
1, ,-30, ,
1, ,-31, ,
2, ,-31, ,
2, ,-30, ,
1, ,-30, ,
2, ,-30, ,
1, ,-31, ,
1, ,-31, ,
2, ,-31, ,
1, ,-30, ,
1, ,-30, ,
2, ,-31, ,
1, ,-30, ,
1, ,-31, ,
2, ,-31, ,
1, ,-30, ,
-1, ,-30, ,
2, ,-30, ,
1, ,-30, ,
1, ,-31, ,
2, ,-31, ,
1, ,-31, ,
1, ,-30, ,
2, ,-30, ,
1, ,-30, ,
1, ,-31, ,
2, ,-31, ,
1, ,-30, ,
1, ,-30, ,
2, ,-31, ,
1, ,-31, ,
1, ,-30, ,
2, ,-31, ,
2, ,-31, ,
1, ,-30, ,
1, ,-30, ,
1, ,-31, ,
2, ,-31, ,
2, ,-30, ,
1, ,-30, ,
1, ,-30, ,
2, ,-30, ,
1, ,-31, ,
1, ,-31, ,
2, ,-31, ,
1, ,-31, ,
1, ,-30, ,
2, ,-31, ,
1, ,-31, ,
1, ,-31, ,
2, ,-31, ,
1, ,-30, ,
1, ,-30, ,
2, ,-30, ,
1, ,-31, ,
1, ,-31, ,
2, ,-31, ,
2, ,-31, ,
1, ,-30, ,
2, ,-30, ,
1, ,-30, ,
1, ,-31, ,
2, ,-31, ,
1, ,-30, ,
1, ,-30, ,
2, ,-30, ,
1, ,-31, ,
1, ,-31, ,
2, ,-30, ,
1, ,-31, ,
1, ,-30, ,
1, ,-30, ,
1, ,-31, ,
1, ,-31, ,
2, ,-31, ,
2, ,-31, ,
1, ,-30, ,
2, ,-30, ,
1, ,-31, ,
1, ,-31, ,
1, ,-30, ,
1, ,-31, ,
1, ,-30, ,
2, ,-30, ,
1, ,-31, ,
1, ,-31, ,
2, ,-31, ,
2, ,-30, ,
1, ,-31, ,
2, ,-30, ,
1, ,-31, ,
1, ,-31, ,
2, ,-30, ,
1, ,-31, ,
1, ,-30, ,
2, ,-31, ,
1, ,-31, ,
1, ,-31, ,
2, ,-31, ,
1, ,-30, ,
-1, ,-30, ,
1, ,-31, ,
1, ,-31, ,
1, ,-30, ,
1, ,-31, ,
1, ,-31, ,
1, ,-30, ,
2, ,-30, ,
1, ,-30, ,
1, ,-31, ,
2, ,-31, ,
1, ,-31, ,
1, ,-30, ,
1, ,-30, ,
1, ,-31, ,
1, ,-31, ,
2, ,-30, ,
1, ,-30, ,
1, ,-30, ,
2, ,-30, ,
1, ,-30, ,
1, ,-31, ,
2, ,-31, ,
1, ,-31, ,
-1, ,-30, ,
2, ,-31, ,
1, ,-31, ,
1, ,-31, ,
1, ,-30, ,
1, ,-31, ,
-1, ,-30, ,
1, ,-31, ,
1, ,-31, ,
1, ,-31, ,
1, ,-31, ,
1, ,-31, ,
-1, ,-30, ,
1, ,-30, ,
1, ,-31, ,
1, ,-30, ,
1, ,-30, ,
1, ,-30, ,
-1, ,-30, ,
1, ,-30, ,
1, ,-31, ,
1, ,-31, ,
1, ,-31, ,
1, ,-31, ,
-1, ,-30, ,
2, ,-30, ,
1, ,-31, ,
1, ,-31, ,
1, ,-31, ,
1, ,-31, ,
1, ,-30, ,
1, ,-31, ,
1, ,-31, ,
1, ,-31, ,
2, ,-31, ,
2, ,-30, ,
-1, ,-30, ,
2, ,-30, ,
1, ,-27, ,
1, ,-11, ,
2, ,7, ,
1, ,23, ,
-1, ,33, ,
2, ,41, ,
1, ,46, ,
1, ,51, ,
2, ,54, ,
1, ,57, ,
-1, ,58, ,
2, ,60, ,
1, ,60, ,
1, ,61, ,
1, ,62, ,
1, ,62, ,
1, ,62, ,
2, ,63, ,
-1, ,62, ,
1, ,63, ,
2, ,63, ,
1, ,63, ,
-1, ,63, ,
2, ,63, ,
1, ,63, ,
3, ,63, ,
63, ,63, ,
41, ,63, ,
24, ,63, ,
17, ,63, ,
11, ,63, ,
7, ,63, ,
6, ,63, ,
3, ,63, ,
3, ,62, ,
5, ,63, ,
2, ,62, ,
2, ,62, ,
3, ,63, ,
3, ,62, ,
2, ,62, ,
3, ,63, ,
2, ,62, ,
2, ,63, ,
3, ,63, ,
3, ,62, ,
1, ,63, ,
3, ,63, ,
2, ,62, ,
2, ,63, ,
3, ,63, ,
2, ,62, ,
2, ,62, ,
3, ,63, ,
2, ,62, ,
2, ,62, ,
3, ,63, ,
2, ,62, ,
1, ,62, ,
3, ,63, ,
2, ,62, ,
2, ,62, ,
3, ,62, ,
3, ,62, ,
1, ,62, ,
3, ,63, ,
2, ,62, ,
7, ,62, ,
10, ,63, ,
8, ,62, ,
6, ,62, ,
6, ,63, ,
5, ,62, ,
3, ,63, ,
3, ,63, ,
3, ,62, ,
2, ,62, ,
3, ,63, ,
2, ,62, ,
2, ,62, ,
2, ,63, ,
2, ,62, ,
1, ,62, ,
3, ,63, ,
2, ,62, ,
2, ,62, ,
3, ,62, ,
3, ,62, ,
2, ,62, ,
3, ,63, ,
2, ,62, ,
3, ,62, ,
5, ,63, ,
5, ,62, ,
3, ,62, ,
5, ,63, ,
2, ,62, ,
2, ,62, ,
2, ,63, ,
3, ,62, ,
2, ,62, ,
3, ,63, ,
2, ,62, ,
2, ,62, ,
3, ,63, ,
2, ,62, ,
1, ,62, ,
3, ,63, ,
2, ,62, ,
2, ,62, ,
3, ,62, ,
2, ,62, ,
2, ,62, ,
5, ,62, ,
6, ,62, ,
5, ,62, ,
6, ,63, ,
5, ,62, ,
2, ,62, ,
3, ,63, ,
2, ,62, ,
2, ,62, ,
2, ,63, ,
2, ,62, ,
2, ,62, ,
3, ,63, ,
2, ,61, ,
2, ,62, ,
3, ,63, ,
2, ,62, ,
1, ,62, ,
3, ,63, ,
2, ,62, ,
2, ,63, ,
2, ,62, ,
2, ,62, ,
1, ,62, ,
3, ,63, ,
2, ,61, ,
1, ,62, ,
2, ,62, ,
2, ,62, ,
1, ,62, ,
3, ,63, ,
2, ,62, ,
1, ,62, ,
3, ,63, ,
3, ,62, ,
3, ,62, ,
7, ,63, ,
7, ,61, ,
6, ,62, ,
6, ,63, ,
5, ,62, ,
2, ,62, ,
3, ,52, ,
2, ,32, ,
2, ,15, ,
2, ,3, ,
2, ,-5, ,
1, ,-12, ,
3, ,-17, ,
2, ,-20, ,
2, ,-23, ,
2, ,-25, ,
2, ,-26, ,
2, ,-27, ,
3, ,-28, ,
2, ,-30, ,
2, ,-30, ,
3, ,-30, ,
2, ,-31, ,
2, ,-31, ,
3, ,-31, ,
2, ,-31, ,
2, ,-31, ,
3, ,-31, ,
3, ,-31, ,
2, ,-31, ,
3, ,-31, ,
2, ,-31, ,
2, ,-31, ,
2, ,-31, ,
3, ,-31, ,
2, ,-31, ,
3, ,-31, ,
2, ,-31, ,
2, ,-31, ,
3, ,-31, ,
3, ,-31, ,
2, ,-31, ,
3, ,-31, ,
2, ,-31, ,
2, ,-31, ,
2, ,-31, ,
3, ,-31, ,
2, ,-31, ,
2, ,-31, ,
2, ,-31, ,
2, ,-31, ,
10, ,-31, ,
11, ,-31, ,
7, ,-31, ,
6, ,-31, ,
5, ,-31, ,
5, ,-31, ,
5, ,-31, ,
5, ,-31, ,
2, ,-31, ,
3, ,-31, ,
2, ,-31, ,
2, ,-31, ,
3, ,-31, ,
3, ,-31, ,
2, ,-31, ,
3, ,-31, ,
2, ,-31, ,
2, ,-31, ,
3, ,-31, ,
3, ,-31, ,
2, ,-31, ,
3, ,-31, ,
2, ,-31, ,
2, ,-31, ,
2, ,-31, ,
3, ,-30, ,
1, ,-30, ,
3, ,-30, ,
2, ,-31, ,
2, ,-31, ,
2, ,-30, ,
3, ,-31, ,
2, ,-30, ,
3, ,-31, ,
2, ,-31, ,
2, ,-31, ,
3, ,-31, ,
3, ,-30, ,
1, ,-31, ,
3, ,-30, ,
2, ,-31, ,
2, ,-31, ,
3, ,-31, ,
3, ,-31, ,
2, ,-31, ,
3, ,-31, ,
2, ,-30, ,
2, ,-31, ,
2, ,-31, ,
3, ,-31, ,
2, ,-30, ,
2, ,-30, ,
2, ,-31, ,
2, ,-31, ,
2, ,-31, ,
3, ,-31, ,
1, ,-30, ,
2, ,-31, ,
2, ,-30, ,
2, ,-30, ,
2, ,-31, ,
2, ,-31, ,
1, ,-31, ,
3, ,-30, ,
2, ,-31, ,
2, ,-31, ,
2, ,-31, ,
3, ,-31, ,
2, ,-30, ,
3, ,-31, ,
2, ,-31, ,
2, ,-31, ,
2, ,-30, ,
2, ,-30, ,
1, ,-30, ,
2, ,-30, ,
2, ,-31, ,
2, ,-31, ,
2, ,-31, ,
2, ,-31, ,
1, ,-30, ,
2, ,-30, ,
2, ,-30, ,
2, ,-30, ,
2, ,-31, ,
2, ,-31, ,
1, ,-30, ,
3, ,-30, ,
2, ,-31, ,
2, ,-31, ,
3, ,-30, ,
3, ,-31, ,
1, ,-30, ,
2, ,-31, ,
2, ,-30, ,
2, ,-31, ,
2, ,-31, ,
3, ,-30, ,
2, ,-30, ,
2, ,-30, ,
2, ,-31, ,
2, ,-30, ,
2, ,-31, ,
2, ,-30, ,
1, ,-30, ,
2, ,-30, ,
2, ,-30, ,
2, ,-31, ,
2, ,-31, ,
2, ,-31, ,
2, ,-30, ,
2, ,-30, ,
2, ,-31, ,
2, ,-30, ,
2, ,-30, ,
3, ,-31, ,
2, ,-30, ,
2, ,-30, ,
2, ,-30, ,
2, ,-31, ,
3, ,-31, ,
2, ,-30, ,
2, ,-30, ,
3, ,-30, ,
2, ,-30, ,
2, ,-30, ,
2, ,-30, ,
2, ,-31, ,
1, ,-30, ,
2, ,-31, ,
2, ,-31, ,
2, ,-30, ,
2, ,-30, ,
2, ,-31, ,
1, ,-30, ,
2, ,-30, ,
2, ,-30, ,
2, ,-30, ,
2, ,-30, ,
2, ,-30, ,
1, ,-30, ,
2, ,-31, ,
2, ,-30, ,
2, ,-31, ,
2, ,-31, ,
2, ,-30, ,
1, ,-30, ,
2, ,-30, ,
2, ,-31, ,
2, ,-31, ,
3, ,-30, ,
2, ,-31, ,
1, ,-30, ,
2, ,-30, ,
1, ,-30, ,
1, ,-30, ,
2, ,-31, ,
2, ,-30, ,
1, ,-30, ,
2, ,-30, ,
2, ,-31, ,
2, ,-31, ,
2, ,-30, ,
2, ,-31, ,
1, ,-30, ,
2, ,-30, ,
2, ,-30, ,
2, ,-31, ,
2, ,-30, ,
2, ,-30, ,
1, ,-30, ,
2, ,-30, ,
1, ,-31, ,
1, ,-30, ,
2, ,-30, ,
2, ,-31, ,
1, ,-30, ,
3, ,-30, ,
2, ,-30, ,
2, ,-30, ,
2, ,-31, ,
2, ,-30, ,
1, ,-30, ,
2, ,-30, ,
2, ,-31, ,
1, ,-30, ,
2, ,-31, ,
2, ,-31, ,
1, ,-30, ,
2, ,-30, ,
2, ,-31, ,
1, ,-30, ,
2, ,-30, ,
2, ,-30, ,
1, ,-30, ,
2, ,-30, ,
2, ,-31, ,
1, ,-31, ,
2, ,-30, ,
2, ,-31, ,
1, ,-30, ,
2, ,-30, ,
2, ,-31, ,
1, ,-30, ,
2, ,-31, ,
2, ,-30, ,
1, ,-30, ,
2, ,-30, ,
1, ,-31, ,
1, ,-31, ,
2, ,-31, ,
2, ,-31, ,
1, ,-30, ,
2, ,-30, ,
1, ,-31, ,
1, ,-30, ,
2, ,-30, ,
2, ,-30, ,
1, ,-30, ,
2, ,-30, ,
2, ,-31, ,
2, ,-30, ,
2, ,-30, ,
2, ,-31, ,
1, ,-30, ,
2, ,-30, ,
1, ,-30, ,
1, ,-30, ,
2, ,-31, ,
2, ,-30, ,
1, ,-30, ,
2, ,-30, ,
2, ,-31, ,
2, ,-31, ,
2, ,-30, ,
2, ,-31, ,
1, ,-30, ,
2, ,-31, ,
1, ,-30, ,
1, ,-31, ,
2, ,-30, ,
2, ,-30, ,
1, ,-30, ,
2, ,-30, ,
1, ,-31, ,
1, ,-30, ,
2, ,-31, ,
2, ,-31, ,
1, ,-30, ,
2, ,-30, ,
1, ,-30, ,
1, ,-30, ,
2, ,-30, ,
2, ,-31, ,
1, ,-30, ,
2, ,-30, ,
2, ,-31, ,
2, ,-30, ,
2, ,-30, ,
2, ,-31, ,
1, ,-30, ,
2, ,-30, ,
1, ,-31, ,
1, ,-30, ,
2, ,-31, ,
2, ,-30, ,
1, ,-30, ,
2, ,-30, ,
2, ,-30, ,
2, ,-30, ,
2, ,-30, ,
2, ,-31, ,
1, ,-31, ,
2, ,-30, ,
1, ,-30, ,
1, ,-30, ,
2, ,-30, ,
2, ,-31, ,
1, ,-30, ,
2, ,-30, ,
1, ,-30, ,
2, ,-30, ,
2, ,-30, ,
2, ,-31, ,
1, ,-30, ,
2, ,-31, ,
2, ,-31, ,
2, ,-30, ,
2, ,-30, ,
2, ,-30, ,
1, ,-30, ,
2, ,-30, ,
1, ,-31, ,
1, ,-30, ,
2, ,-30, ,
2, ,-30, ,
1, ,-30, ,
2, ,-31, ,
1, ,-30, ,
2, ,-30, ,
2, ,-30, ,
1, ,-31, ,
1, ,-31, ,
2, ,-30, ,
1, ,-31, ,
1, ,-31, ,
2, ,-30, ,
2, ,-31, ,
1, ,-30, ,
2, ,-31, ,
1, ,-30, ,
1, ,-31, ,
2, ,-31, ,
2, ,-31, ,
1, ,-30, ,
2, ,-30, ,
1, ,-31, ,
1, ,-30, ,
2, ,-31, ,
1, ,-31, ,
1, ,-30, ,
2, ,-30, ,
1, ,-30, ,
1, ,-30, ,
44, ,-30, ,
41, ,-30, ,
25, ,-30, ,
17, ,-30, ,
11, ,-31, ,
7, ,-30, ,
7, ,-30, ,
6, ,-31, ,
5, ,-30, ,
5, ,-30, ,
2, ,-31, ,
2, ,-31, ,
3, ,-31, ,
3, ,-31, ,
2, ,-30, ,
3, ,-31, ,
2, ,-31, ,
2, ,-31, ,
3, ,-30, ,
3, ,-30, ,
2, ,-30, ,
3, ,-30, ,
2, ,-30, ,
2, ,-31, ,
2, ,-30, ,
3, ,-31, ,
2, ,-30, ,
3, ,-30, ,
2, ,-31, ,
2, ,-30, ,
3, ,-31, ,
3, ,-31, ,
2, ,-30, ,
3, ,-31, ,
2, ,-30, ,
2, ,-30, ,
3, ,-31, ,
2, ,-30, ,
1, ,-30, ,
3, ,-30, ,
2, ,-30, ,
2, ,-31, ,
3, ,-30, ,
3, ,-30, ,
2, ,-30, ,
3, ,-31, ,
2, ,-31, ,
2, ,-30, ,
2, ,-31, ,
3, ,-30, ,
2, ,-30, ,
3, ,-30, ,
2, ,-31, ,
2, ,-31, ,
2, ,-31, ,
2, ,-30, ,
2, ,-30, ,
3, ,-30, ,
2, ,-30, ,
2, ,-30, ,
2, ,-31, ,
2, ,-31, ,
1, ,-30, ,
2, ,-30, ,
2, ,-31, ,
2, ,-30, ,
2, ,-30, ,
3, ,-31, ,
2, ,-30, ,
3, ,-31, ,
2, ,-31, ,
2, ,-31, ,
2, ,-30, ,
3, ,-30, ,
2, ,-30, ,
3, ,-30, ,
2, ,-31, ,
2, ,-31, ,
2, ,-31, ,
2, ,-31, ,
1, ,-30, ,
2, ,-30, ,
2, ,-31, ,
2, ,-30, ,
2, ,-31, ,
2, ,-31, ,
1, ,-30, ,
3, ,-30, ,
2, ,-31, ,
2, ,-31, ,
2, ,-30, ,
3, ,-31, ,
1, ,-30, ,
3, ,-31, ,
2, ,-31, ,
2, ,-31, ,
2, ,-31, ,
2, ,-30, ,
1, ,-30, ,
3, ,-30, ,
2, ,-31, ,
2, ,-31, ,
2, ,-31, ,
3, ,-31, ,
1, ,-30, ,
2, ,-30, ,
2, ,-30, ,
2, ,-31, ,
2, ,-31, ,
2, ,-31, ,
1, ,-30, ,
3, ,-30, ,
2, ,-31, ,
2, ,-31, ,
2, ,-30, ,
2, ,-31, ,
1, ,-30, ,
2, ,-30, ,
2, ,-30, ,
1, ,-31, ,
2, ,-31, ,
2, ,-30, ,
1, ,-30, ,
3, ,-30, ,
2, ,-31, ,
2, ,-31, ,
2, ,-31, ,
2, ,-31, ,
1, ,-30, ,
3, ,-30, ,
1, ,-31, ,
1, ,-31, ,
2, ,-31, ,
2, ,-31, ,
1, ,-30, ,
2, ,-30, ,
2, ,-31, ,
2, ,-31, ,
2, ,-30, ,
2, ,-31, ,
1, ,-30, ,
2, ,-30, ,
2, ,-30, ,
2, ,-31, ,
2, ,-31, ,
2, ,-31, ,
1, ,-30, ,
2, ,-30, ,
2, ,-31, ,
1, ,-31, ,
2, ,-31, ,
2, ,-31, ,
1, ,-30, ,
3, ,-31, ,
2, ,-30, ,
1, ,-31, ,
2, ,-31, ,
2, ,-30, ,
1, ,-30, ,
2, ,-30, ,
2, ,-31, ,
1, ,-31, ,
2, ,-30, ,
2, ,-31, ,
1, ,-30, ,
2, ,-30, ,
2, ,-30, ,
1, ,-31, ,
2, ,-31, ,
2, ,-30, ,
1, ,-30, ,
2, ,-30, ,
2, ,-31, ,
1, ,-31, ,
2, ,-31, ,
2, ,-31, ,
1, ,-31, ,
2, ,-31, ,
2, ,-31, ,
1, ,-31, ,
2, ,-31, ,
2, ,-30, ,
1, ,-30, ,
2, ,-30, ,
1, ,-31, ,
1, ,-31, ,
2, ,-30, ,
2, ,-31, ,
1, ,-30, ,
2, ,-31, ,
1, ,-30, ,
1, ,-31, ,
2, ,-31, ,
2, ,-31, ,
1, ,-30, ,
2, ,-30, ,
1, ,-30, ,
2, ,-31, ,
2, ,-31, ,
2, ,-31, ,
1, ,-30, ,
2, ,-31, ,
2, ,-30, ,
2, ,-31, ,
2, ,-31, ,
2, ,-30, ,
1, ,-30, ,
2, ,-31, ,
1, ,-31, ,
1, ,-31, ,
2, ,-31, ,
2, ,-31, ,
1, ,-30, ,
2, ,-30, ,
1, ,-31, ,
1, ,-31, ,
2, ,-31, ,
2, ,-31, ,
1, ,-30, ,
2, ,-30, ,
1, ,-31, ,
2, ,-30, ,
2, ,-30, ,
2, ,-31, ,
1, ,-30, ,
2, ,-30, ,
1, ,-31, ,
1, ,-31, ,
2, ,-31, ,
2, ,-31, ,
1, ,-30, ,
2, ,-30, ,
2, ,-30, ,
2, ,-31, ,
2, ,-31, ,
2, ,-31, ,
1, ,-30, ,
2, ,-30, ,
1, ,-31, ,
1, ,-31, ,
2, ,-31, ,
2, ,-31, ,
1, ,-30, ,
2, ,-31, ,
2, ,-31, ,
2, ,-31, ,
2, ,-31, ,
2, ,-31, ,
1, ,-30, ,
2, ,-30, ,
1, ,-30, ,
1, ,-31, ,
2, ,-31, ,
1, ,-31, ,
1, ,-30, ,
2, ,-30, ,
1, ,-30, ,
1, ,-30, ,
2, ,-17, ,
2, ,3, ,
1, ,18, ,
2, ,30, ,
2, ,38, ,
2, ,45, ,
2, ,50, ,
2, ,53, ,
1, ,56, ,
2, ,58, ,
1, ,59, ,
1, ,60, ,
2, ,61, ,
1, ,62, ,
1, ,62, ,
2, ,62, ,
1, ,62, ,
1, ,63, ,
2, ,63, ,
1, ,62, ,
1, ,62, ,
2, ,64, ,
1, ,62, ,
1, ,63, ,
2, ,63, ,
1, ,63, ,
1, ,63, ,
2, ,63, ,
1, ,63, ,
1, ,63, ,
2, ,63, ,
1, ,63, ,
1, ,63, ,
5, ,63, ,
44, ,62, ,
29, ,63, ,
18, ,64, ,
12, ,62, ,
7, ,63, ,
7, ,63, ,
5, ,62, ,
3, ,62, ,
5, ,63, ,
2, ,62, ,
2, ,63, ,
3, ,63, ,
2, ,62, ,
2, ,62, ,
3, ,63, ,
2, ,62, ,
1, ,62, ,
3, ,63, ,
2, ,62, ,
2, ,62, ,
3, ,63, ,
2, ,62, ,
1, ,62, ,
3, ,63, ,
2, ,62, ,
2, ,62, ,
3, ,63, ,
3, ,63, ,
1, ,62, ,
3, ,63, ,
3, ,62, ,
6, ,63, ,
7, ,63, ,
6, ,62, ,
5, ,62, ,
6, ,63, ,
3, ,62, ,
3, ,62, ,
3, ,63, ,
3, ,62, ,
2, ,62, ,
3, ,63, ,
2, ,62, ,
2, ,62, ,
3, ,63, ,
2, ,62, ,
1, ,62, ,
3, ,63, ,
2, ,62, ,
2, ,62, ,
2, ,62, ,
3, ,62, ,
2, ,62, ,
3, ,63, ,
2, ,62, ,
2, ,62, ,
3, ,63, ,
2, ,62, ,
2, ,62, ,
3, ,63, ,
2, ,61, ,
5, ,62, ,
6, ,63, ,
6, ,62, ,
5, ,62, ,
5, ,63, ,
3, ,62, ,
2, ,62, ,
3, ,63, ,
3, ,62, ,
1, ,62, ,
3, ,63, ,
2, ,62, ,
2, ,63, ,
3, ,63, ,
2, ,62, ,
2, ,62, ,
3, ,63, ,
2, ,62, ,
2, ,63, ,
3, ,63, ,
3, ,62, ,
2, ,62, ,
3, ,63, ,
2, ,62, ,
3, ,62, ,
6, ,63, ,
6, ,62, ,
3, ,62, ,
5, ,63, ,
2, ,61, ,
2, ,63, ,
3, ,63, ,
2, ,62, ,
1, ,62, ,
3, ,63, ,
2, ,62, ,
2, ,62, ,
3, ,63, ,
3, ,62, ,
1, ,62, ,
3, ,63, ,
2, ,62, ,
2, ,62, ,
3, ,62, ,
2, ,62, ,
2, ,62, ,
5, ,63, ,
5, ,62, ,
5, ,63, ,
6, ,62, ,
5, ,62, ,
3, ,62, ,
5, ,63, ,
3, ,61, ,
3, ,62, ,
3, ,62, ,
3, ,62, ,
2, ,62, ,
3, ,62, ,
2, ,56, ,
2, ,36, ,
3, ,19, ,
3, ,6, ,
1, ,-3, ,
3, ,-11, ,
2, ,-16, ,
2, ,-19, ,
2, ,-22, ,
2, ,-24, ,
1, ,-26, ,
3, ,-27, ,
2, ,-28, ,
2, ,-30, ,
2, ,-30, ,
2, ,-31, ,
2, ,-30, ,
3, ,-31, ,
2, ,-31, ,
2, ,-31, ,
3, ,-31, ,
2, ,-31, ,
2, ,-31, ,
2, ,-31, ,
2, ,-31, ,
2, ,-31, ,
2, ,-31, ,
3, ,-31, ,
2, ,-31, ,
2, ,-31, ,
2, ,-31, ,
2, ,-31, ,
3, ,-31, ,
2, ,-31, ,
2, ,-31, ,
3, ,-31, ,
2, ,-31, ,
2, ,-31, ,
2, ,-31, ,
3, ,-31, ,
2, ,-31, ,
3, ,-31, ,
2, ,-31, ,
2, ,-31, ,
2, ,-31, ,
3, ,-31, ,
2, ,-31, ,
2, ,-31, ,
2, ,-31, ,
2, ,-31, ,
2, ,-31, ,
2, ,-31, ,
2, ,-30, ,
3, ,-31, ,
2, ,-31, ,
2, ,-31, ,
3, ,-31, ,
2, ,-31, ,
2, ,-30, ,
3, ,-31, ,
2, ,-31, ,
2, ,-31, ,
3, ,-31, ,
2, ,-31, ,
1, ,-30, ,
3, ,-31, ,
2, ,-31, ,
2, ,-30, ,
3, ,-31, ,
2, ,-31, ,
1, ,-30, ,
2, ,-30, ,
2, ,-31, ,
2, ,-31, ,
2, ,-31, ,
2, ,-31, ,
2, ,-31, ,
3, ,-30, ,
2, ,-31, ,
2, ,-31, ,
2, ,-31, ,
3, ,-30, ,
1, ,-30, ,
2, ,-31, ,
2, ,-31, ,
2, ,-31, ,
2, ,-30, ,
2, ,-31, ,
1, ,-30, ,
3, ,-30, ,
2, ,-30, ,
2, ,-31, ,
2, ,-31, ,
2, ,-31, ,
2, ,-31, ,
2, ,-30, ,
2, ,-31, ,
2, ,-31, ,
2, ,-31, ,
2, ,-31, ,
1, ,-31, ,
2, ,-30, ,
2, ,-30, ,
2, ,-31, ,
2, ,-31, ,
2, ,-30, ,
2, ,-31, ,
2, ,-31, ,
2, ,-30, ,
2, ,-31, ,
2, ,-30, ,
2, ,-31, ,
1, ,-30, ,
2, ,-30, ,
2, ,-31, ,
2, ,-31, ,
2, ,-31, ,
2, ,-30, ,
1, ,-31, ,
2, ,-31, ,
2, ,-31, ,
1, ,-31, ,
2, ,-31, ,
2, ,-31, ,
1, ,-30, ,
2, ,-31, ,
1, ,-30, ,
2, ,-31, ,
2, ,-30, ,
2, ,-31, ,
1, ,-30, ,
2, ,-30, ,
1, ,-31, ,
2, ,-30, ,
2, ,-31, ,
2, ,-31, ,
1, ,-30, ,
2, ,-30, ,
2, ,-30, ,
2, ,-30, ,
2, ,-31, ,
2, ,-30, ,
1, ,-30, ,
2, ,-30, ,
1, ,-31, ,
1, ,-30, ,
2, ,-30, ,
2, ,-31, ,
1, ,-30, ,
2, ,-30, ,
2, ,-30, ,
2, ,-31, ,
2, ,-30, ,
2, ,-31, ,
1, ,-30, ,
2, ,-30, ,
2, ,-31, ,
1, ,-30, ,
2, ,-30, ,
2, ,-30, ,
1, ,-30, ,
2, ,-30, ,
