Format,1.0B,
Memory Length,10000,Memory Length,10000,
IntpDistance,0,IntpDistance,0,
Trigger Address,4999,Trigger Address,4999,
Trigger Level,1.040E+00,Trigger Level,1.040E+00,
Source,CH1,Source,CH2,
Vertical Units,V,Vertical Units,V,
Vertical Units Div,0,Vertical Units Div,0,
Vertical Units Extend Div,16,Vertical Units Extend Div,16,
Label,,Label,,
Probe Type,0,Probe Type,0,
Probe Ratio,1.000e+01,Probe Ratio,1.000e+00,
Vertical Scale,5.000e-01,Vertical Scale,1.000e+00,
Vertical Position,-1.820e+00,Vertical Position,0.000e+00,
Horizontal Units,S,Horizontal Units,S,
Horizontal Scale,2.000E-05,Horizontal Scale,2.000E-05,
Horizontal Position,0.000E+00,Horizontal Position,0.000E+00,
Horizontal Mode,Main,Horizontal Mode,Main,
SincET Mode,Real Time,SincET Mode,Real Time,
Sampling Period,2.000e-08,Sampling Period,2.000e-08,
Horizontal Old Scale,2.000E-05,Horizontal Old Scale,2.000E-05,
Horizontal Old Position,0.000E+00,Horizontal Old Position,0.000E+00,
Firmware,V1.23,Firmware,V1.23,
Mode,Fast,Mode,Fast,
Waveform Data,,Waveform Data,,
1, ,-33, ,
1, ,-33, ,
1, ,-33, ,
2, ,-33, ,
-1, ,-33, ,
2, ,-33, ,
1, ,-34, ,
1, ,-33, ,
2, ,-33, ,
1, ,-34, ,
-1, ,-33, ,
2, ,-33, ,
1, ,-33, ,
1, ,-33, ,
1, ,-33, ,
2, ,-33, ,
-1, ,-33, ,
2, ,-33, ,
1, ,-33, ,
1, ,-33, ,
1, ,-33, ,
1, ,-33, ,
-1, ,-33, ,
2, ,-33, ,
1, ,-33, ,
1, ,-33, ,
2, ,-33, ,
2, ,-33, ,
-1, ,-33, ,
2, ,-33, ,
1, ,-33, ,
1, ,-33, ,
1, ,-33, ,
2, ,-33, ,
-1, ,-33, ,
2, ,-33, ,
1, ,-33, ,
1, ,-33, ,
2, ,-33, ,
1, ,-33, ,
-1, ,-33, ,
2, ,-33, ,
1, ,-33, ,
-1, ,-33, ,
1, ,-33, ,
2, ,-33, ,
-1, ,-33, ,
2, ,-33, ,
1, ,-33, ,
1, ,-33, ,
1, ,-33, ,
1, ,-33, ,
-1, ,-33, ,
2, ,-33, ,
1, ,-33, ,
1, ,-33, ,
1, ,-33, ,
1, ,-33, ,
-1, ,-33, ,
2, ,-33, ,
1, ,-33, ,
1, ,-33, ,
1, ,-33, ,
1, ,-33, ,
-1, ,-33, ,
2, ,-33, ,
1, ,-33, ,
1, ,-33, ,
1, ,-33, ,
1, ,-34, ,
-1, ,-33, ,
2, ,-33, ,
1, ,-33, ,
1, ,-33, ,
1, ,-33, ,
1, ,-33, ,
-1, ,-33, ,
2, ,-33, ,
1, ,-33, ,
1, ,-33, ,
1, ,-33, ,
1, ,-33, ,
-1, ,-33, ,
2, ,-33, ,
1, ,-33, ,
1, ,-33, ,
1, ,-33, ,
1, ,-33, ,
-1, ,-33, ,
2, ,-33, ,
1, ,-34, ,
-1, ,-33, ,
1, ,-33, ,
1, ,-34, ,
-1, ,-33, ,
2, ,-33, ,
1, ,-33, ,
1, ,-33, ,
1, ,-33, ,
1, ,-33, ,
-1, ,-33, ,
2, ,-33, ,
1, ,-33, ,
1, ,-33, ,
1, ,-33, ,
1, ,-34, ,
-1, ,-33, ,
1, ,-33, ,
1, ,-33, ,
1, ,-33, ,
1, ,-33, ,
1, ,-33, ,
-1, ,-33, ,
2, ,-33, ,
1, ,-33, ,
1, ,-33, ,
1, ,-33, ,
1, ,-33, ,
-1, ,-33, ,
2, ,-33, ,
1, ,-33, ,
1, ,-33, ,
1, ,-33, ,
1, ,-33, ,
-1, ,-33, ,
2, ,-33, ,
1, ,-33, ,
1, ,-33, ,
1, ,-33, ,
1, ,-33, ,
-1, ,-33, ,
2, ,-33, ,
1, ,-33, ,
1, ,-33, ,
2, ,-33, ,
1, ,-33, ,
-1, ,-33, ,
2, ,-33, ,
1, ,-33, ,
-1, ,-33, ,
1, ,-33, ,
2, ,-33, ,
-1, ,-33, ,
1, ,-33, ,
1, ,-33, ,
1, ,-33, ,
1, ,-33, ,
1, ,-33, ,
-1, ,-33, ,
2, ,-33, ,
1, ,-33, ,
-1, ,-33, ,
1, ,-33, ,
1, ,-34, ,
-1, ,-33, ,
2, ,-33, ,
1, ,-33, ,
1, ,-34, ,
1, ,-34, ,
1, ,-33, ,
-1, ,-33, ,
2, ,-33, ,
1, ,-33, ,
-1, ,-33, ,
1, ,-33, ,
1, ,-33, ,
-1, ,-33, ,
2, ,-33, ,
1, ,-33, ,
1, ,-33, ,
1, ,-33, ,
1, ,-33, ,
-1, ,-33, ,
2, ,-33, ,
1, ,-33, ,
-1, ,-33, ,
1, ,-33, ,
1, ,-33, ,
-1, ,-33, ,
2, ,-33, ,
1, ,-33, ,
1, ,-34, ,
1, ,-33, ,
1, ,-33, ,
-1, ,-33, ,
2, ,-33, ,
1, ,-33, ,
-1, ,-33, ,
1, ,-33, ,
1, ,-33, ,
-1, ,-33, ,
2, ,-33, ,
-1, ,-33, ,
-1, ,-33, ,
1, ,-33, ,
1, ,-33, ,
-1, ,-33, ,
2, ,-33, ,
1, ,-34, ,
-1, ,-33, ,
1, ,-33, ,
1, ,-33, ,
-1, ,-33, ,
1, ,-33, ,
-1, ,-33, ,
1, ,-33, ,
1, ,-33, ,
1, ,-33, ,
-1, ,-34, ,
2, ,-33, ,
1, ,-34, ,
-1, ,-33, ,
1, ,-33, ,
1, ,-33, ,
-1, ,-33, ,
2, ,-33, ,
1, ,-33, ,
1, ,-33, ,
1, ,-33, ,
1, ,-33, ,
-1, ,-33, ,
2, ,-33, ,
1, ,-33, ,
-1, ,-33, ,
1, ,-33, ,
1, ,-33, ,
-1, ,-33, ,
2, ,-33, ,
1, ,-33, ,
-1, ,-33, ,
1, ,-33, ,
1, ,-33, ,
-1, ,-33, ,
2, ,-33, ,
1, ,-33, ,
-1, ,-33, ,
2, ,-33, ,
1, ,-33, ,
-1, ,-33, ,
2, ,-33, ,
1, ,-33, ,
-1, ,-34, ,
1, ,-33, ,
1, ,-33, ,
-1, ,-33, ,
2, ,-33, ,
-1, ,-34, ,
-1, ,-33, ,
1, ,-33, ,
1, ,-33, ,
-1, ,-33, ,
2, ,-33, ,
1, ,-33, ,
-1, ,-33, ,
1, ,-33, ,
1, ,-33, ,
-1, ,-33, ,
2, ,-33, ,
1, ,-34, ,
-1, ,-33, ,
1, ,-33, ,
1, ,-33, ,
-1, ,-33, ,
2, ,-33, ,
1, ,-33, ,
-1, ,-33, ,
1, ,-33, ,
1, ,-33, ,
-1, ,-33, ,
2, ,-33, ,
1, ,-33, ,
-1, ,-33, ,
1, ,-33, ,
1, ,-34, ,
-1, ,-33, ,
2, ,-33, ,
-1, ,-33, ,
-1, ,-33, ,
1, ,-33, ,
1, ,-33, ,
-1, ,-33, ,
2, ,-33, ,
-1, ,-33, ,
-1, ,-33, ,
1, ,-33, ,
1, ,-34, ,
-1, ,-33, ,
2, ,-33, ,
1, ,-33, ,
-1, ,-33, ,
1, ,-33, ,
1, ,-33, ,
-1, ,-33, ,
2, ,-33, ,
1, ,-34, ,
-1, ,-33, ,
1, ,-33, ,
1, ,-34, ,
-1, ,-33, ,
2, ,-33, ,
-1, ,-33, ,
1, ,-34, ,
1, ,-33, ,
1, ,-33, ,
-1, ,-33, ,
2, ,-33, ,
1, ,-34, ,
-1, ,-31, ,
1, ,-15, ,
1, ,4, ,
-1, ,18, ,
2, ,28, ,
1, ,37, ,
-1, ,43, ,
1, ,47, ,
1, ,51, ,
-1, ,54, ,
2, ,56, ,
1, ,56, ,
-1, ,58, ,
2, ,58, ,
1, ,59, ,
-1, ,59, ,
1, ,60, ,
-1, ,59, ,
-1, ,60, ,
1, ,60, ,
-1, ,60, ,
-2, ,60, ,
2, ,61, ,
-1, ,60, ,
-1, ,60, ,
1, ,61, ,
1, ,60, ,
-1, ,60, ,
2, ,60, ,
-1, ,60, ,
-1, ,60, ,
1, ,60, ,
1, ,60, ,
-1, ,60, ,
2, ,60, ,
-1, ,60, ,
-1, ,60, ,
1, ,60, ,
1, ,60, ,
-1, ,60, ,
1, ,60, ,
-1, ,60, ,
-1, ,60, ,
1, ,60, ,
-1, ,60, ,
-2, ,60, ,
2, ,60, ,
-1, ,60, ,
-1, ,60, ,
1, ,60, ,
1, ,60, ,
-1, ,60, ,
2, ,60, ,
-1, ,59, ,
-1, ,60, ,
1, ,60, ,
1, ,60, ,
-1, ,60, ,
2, ,60, ,
-1, ,60, ,
-1, ,59, ,
1, ,60, ,
-1, ,60, ,
-1, ,60, ,
1, ,60, ,
73, ,59, ,
45, ,60, ,
29, ,60, ,
18, ,59, ,
11, ,60, ,
10, ,60, ,
5, ,60, ,
3, ,59, ,
5, ,60, ,
2, ,60, ,
1, ,59, ,
3, ,60, ,
2, ,59, ,
2, ,59, ,
3, ,60, ,
2, ,60, ,
1, ,60, ,
3, ,60, ,
2, ,59, ,
1, ,60, ,
3, ,60, ,
2, ,60, ,
1, ,59, ,
3, ,61, ,
2, ,59, ,
2, ,60, ,
2, ,60, ,
2, ,59, ,
1, ,60, ,
3, ,60, ,
1, ,59, ,
1, ,60, ,
2, ,60, ,
2, ,59, ,
1, ,60, ,
3, ,60, ,
1, ,59, ,
1, ,60, ,
2, ,60, ,
2, ,60, ,
1, ,59, ,
3, ,60, ,
2, ,59, ,
1, ,59, ,
2, ,60, ,
2, ,60, ,
1, ,60, ,
3, ,60, ,
2, ,59, ,
1, ,60, ,
2, ,60, ,
2, ,59, ,
1, ,60, ,
3, ,60, ,
2, ,59, ,
1, ,60, ,
3, ,60, ,
2, ,60, ,
1, ,59, ,
3, ,60, ,
2, ,59, ,
1, ,60, ,
2, ,60, ,
2, ,59, ,
1, ,59, ,
3, ,60, ,
1, ,59, ,
1, ,60, ,
2, ,60, ,
2, ,60, ,
1, ,59, ,
2, ,60, ,
1, ,59, ,
1, ,60, ,
2, ,60, ,
2, ,60, ,
1, ,59, ,
3, ,60, ,
1, ,59, ,
1, ,60, ,
2, ,60, ,
2, ,60, ,
-1, ,60, ,
3, ,60, ,
2, ,59, ,
1, ,59, ,
2, ,60, ,
2, ,59, ,
1, ,59, ,
3, ,60, ,
1, ,51, ,
1, ,31, ,
2, ,14, ,
2, ,2, ,
1, ,-7, ,
2, ,-14, ,
1, ,-19, ,
1, ,-23, ,
2, ,-25, ,
2, ,-27, ,
1, ,-28, ,
3, ,-31, ,
2, ,-32, ,
1, ,-32, ,
2, ,-33, ,
2, ,-33, ,
1, ,-33, ,
3, ,-33, ,
2, ,-34, ,
2, ,-34, ,
2, ,-34, ,
2, ,-34, ,
1, ,-34, ,
3, ,-34, ,
1, ,-34, ,
1, ,-34, ,
2, ,-34, ,
2, ,-34, ,
1, ,-34, ,
3, ,-34, ,
1, ,-33, ,
1, ,-34, ,
2, ,-34, ,
2, ,-34, ,
1, ,-33, ,
3, ,-34, ,
2, ,-34, ,
1, ,-34, ,
2, ,-33, ,
2, ,-34, ,
1, ,-33, ,
3, ,-34, ,
1, ,-33, ,
1, ,-33, ,
2, ,-33, ,
2, ,-34, ,
1, ,-34, ,
3, ,-33, ,
2, ,-34, ,
1, ,-33, ,
2, ,-33, ,
2, ,-34, ,
1, ,-33, ,
3, ,-33, ,
1, ,-34, ,
1, ,-33, ,
2, ,-34, ,
2, ,-33, ,
-1, ,-33, ,
3, ,-33, ,
1, ,-34, ,
1, ,-33, ,
2, ,-33, ,
2, ,-33, ,
1, ,-33, ,
2, ,-33, ,
1, ,-33, ,
1, ,-33, ,
2, ,-33, ,
2, ,-33, ,
-1, ,-33, ,
3, ,-33, ,
1, ,-34, ,
1, ,-33, ,
2, ,-33, ,
2, ,-34, ,
1, ,-33, ,
2, ,-33, ,
1, ,-33, ,
1, ,-33, ,
2, ,-33, ,
2, ,-33, ,
1, ,-33, ,
3, ,-33, ,
1, ,-34, ,
1, ,-33, ,
2, ,-33, ,
2, ,-33, ,
1, ,-33, ,
3, ,-33, ,
1, ,-33, ,
1, ,-33, ,
2, ,-33, ,
2, ,-33, ,
-1, ,-33, ,
3, ,-33, ,
1, ,-34, ,
1, ,-33, ,
2, ,-33, ,
2, ,-33, ,
-1, ,-33, ,
2, ,-33, ,
1, ,-33, ,
1, ,-34, ,
2, ,-33, ,
2, ,-33, ,
1, ,-33, ,
3, ,-33, ,
1, ,-33, ,
1, ,-33, ,
2, ,-33, ,
2, ,-33, ,
1, ,-33, ,
2, ,-33, ,
1, ,-33, ,
1, ,-33, ,
2, ,-34, ,
2, ,-33, ,
-1, ,-33, ,
3, ,-33, ,
1, ,-33, ,
1, ,-33, ,
2, ,-33, ,
2, ,-33, ,
1, ,-33, ,
2, ,-33, ,
1, ,-33, ,
1, ,-34, ,
2, ,-33, ,
2, ,-33, ,
-1, ,-33, ,
2, ,-33, ,
1, ,-33, ,
1, ,-33, ,
2, ,-33, ,
2, ,-33, ,
1, ,-33, ,
2, ,-33, ,
1, ,-33, ,
1, ,-33, ,
2, ,-33, ,
2, ,-33, ,
-1, ,-33, ,
3, ,-33, ,
1, ,-34, ,
1, ,-33, ,
2, ,-33, ,
2, ,-33, ,
-1, ,-33, ,
2, ,-33, ,
1, ,-33, ,
1, ,-33, ,
2, ,-33, ,
2, ,-33, ,
-1, ,-33, ,
2, ,-33, ,
1, ,-33, ,
1, ,-33, ,
2, ,-33, ,
2, ,-33, ,
1, ,-33, ,
2, ,-33, ,
1, ,-33, ,
1, ,-34, ,
2, ,-33, ,
2, ,-33, ,
-1, ,-33, ,
2, ,-33, ,
1, ,-34, ,
1, ,-33, ,
2, ,-33, ,
2, ,-33, ,
-1, ,-33, ,
2, ,-33, ,
1, ,-33, ,
1, ,-33, ,
2, ,-33, ,
2, ,-33, ,
-1, ,-33, ,
2, ,-33, ,
1, ,-33, ,
1, ,-33, ,
2, ,-33, ,
2, ,-33, ,
-1, ,-33, ,
2, ,-33, ,
1, ,-33, ,
1, ,-34, ,
2, ,-33, ,
2, ,-33, ,
-1, ,-33, ,
2, ,-33, ,
1, ,-34, ,
1, ,-33, ,
2, ,-33, ,
2, ,-33, ,
-1, ,-33, ,
2, ,-33, ,
1, ,-33, ,
1, ,-33, ,
2, ,-33, ,
2, ,-33, ,
-1, ,-33, ,
2, ,-33, ,
1, ,-33, ,
1, ,-33, ,
1, ,-33, ,
1, ,-34, ,
-1, ,-33, ,
2, ,-33, ,
1, ,-33, ,
1, ,-33, ,
2, ,-33, ,
1, ,-33, ,
-1, ,-33, ,
2, ,-33, ,
1, ,-33, ,
1, ,-33, ,
2, ,-33, ,
1, ,-33, ,
-1, ,-33, ,
2, ,-33, ,
1, ,-33, ,
1, ,-33, ,
2, ,-33, ,
2, ,-33, ,
-1, ,-33, ,
2, ,-33, ,
1, ,-34, ,
1, ,-33, ,
2, ,-33, ,
2, ,-33, ,
-1, ,-33, ,
2, ,-33, ,
1, ,-33, ,
1, ,-33, ,
2, ,-33, ,
2, ,-33, ,
-1, ,-33, ,
2, ,-33, ,
1, ,-33, ,
1, ,-33, ,
2, ,-33, ,
1, ,-33, ,
-1, ,-33, ,
2, ,-33, ,
1, ,-33, ,
1, ,-33, ,
2, ,-33, ,
1, ,-33, ,
-1, ,-33, ,
2, ,-33, ,
1, ,-33, ,
1, ,-33, ,
2, ,-33, ,
2, ,-33, ,
-1, ,-33, ,
2, ,-33, ,
1, ,-33, ,
1, ,-33, ,
2, ,-33, ,
1, ,-33, ,
-1, ,-33, ,
2, ,-33, ,
1, ,-34, ,
1, ,-33, ,
2, ,-33, ,
2, ,-33, ,
-1, ,-33, ,
2, ,-33, ,
1, ,-33, ,
1, ,-33, ,
2, ,-33, ,
1, ,-33, ,
-1, ,-33, ,
2, ,-33, ,
1, ,-33, ,
1, ,-33, ,
1, ,-33, ,
2, ,-33, ,
-1, ,-33, ,
2, ,-33, ,
1, ,-33, ,
1, ,-33, ,
2, ,-33, ,
1, ,-33, ,
-1, ,-33, ,
2, ,-33, ,
1, ,-33, ,
1, ,-33, ,
2, ,-33, ,
2, ,-33, ,
-1, ,-33, ,
2, ,-33, ,
1, ,-33, ,
1, ,-33, ,
1, ,-33, ,
2, ,-33, ,
-1, ,-33, ,
2, ,-33, ,
1, ,-34, ,
1, ,-33, ,
2, ,-33, ,
1, ,-33, ,
-1, ,-33, ,
2, ,-33, ,
1, ,-33, ,
1, ,-33, ,
2, ,-33, ,
1, ,-33, ,
-1, ,-33, ,
2, ,-33, ,
1, ,-33, ,
-1, ,-33, ,
2, ,-33, ,
1, ,-33, ,
-1, ,-33, ,
2, ,-33, ,
1, ,-33, ,
-1, ,-33, ,
1, ,-33, ,
1, ,-33, ,
-1, ,-33, ,
2, ,-33, ,
1, ,-34, ,
1, ,-33, ,
1, ,-33, ,
1, ,-33, ,
-1, ,-33, ,
2, ,-33, ,
-1, ,-33, ,
-1, ,-33, ,
1, ,-33, ,
1, ,-33, ,
-1, ,-33, ,
2, ,-33, ,
1, ,-33, ,
-1, ,-33, ,
1, ,-33, ,
1, ,-33, ,
-1, ,-33, ,
2, ,-33, ,
1, ,-33, ,
1, ,-33, ,
1, ,-33, ,
1, ,-33, ,
-1, ,-34, ,
2, ,-33, ,
1, ,-34, ,
1, ,-33, ,
1, ,-33, ,
1, ,-34, ,
-1, ,-33, ,
2, ,-33, ,
1, ,-33, ,
1, ,-33, ,
1, ,-33, ,
1, ,-33, ,
-1, ,-33, ,
2, ,-33, ,
1, ,-33, ,
-1, ,-33, ,
1, ,-33, ,
1, ,-33, ,
-1, ,-33, ,
2, ,-33, ,
1, ,-33, ,
1, ,-33, ,
2, ,-33, ,
1, ,-33, ,
-1, ,-33, ,
2, ,-33, ,
1, ,-33, ,
1, ,-33, ,
1, ,-33, ,
2, ,-33, ,
-1, ,-33, ,
2, ,-33, ,
1, ,-33, ,
1, ,-33, ,
2, ,-33, ,
1, ,-33, ,
-1, ,-33, ,
2, ,-33, ,
1, ,-33, ,
1, ,-33, ,
1, ,-33, ,
2, ,-33, ,
-1, ,-33, ,
2, ,-33, ,
1, ,-33, ,
1, ,-34, ,
2, ,-33, ,
2, ,-33, ,
-1, ,-33, ,
2, ,-33, ,
1, ,-34, ,
-1, ,-33, ,
1, ,-33, ,
2, ,-33, ,
-1, ,-33, ,
2, ,-33, ,
1, ,-33, ,
1, ,-33, ,
1, ,-33, ,
2, ,-33, ,
-1, ,-33, ,
2, ,-33, ,
1, ,-33, ,
1, ,-33, ,
1, ,-33, ,
1, ,-33, ,
-1, ,-33, ,
1, ,-33, ,
-1, ,-33, ,
-1, ,-33, ,
1, ,-33, ,
1, ,-33, ,
-1, ,-33, ,
2, ,-33, ,
1, ,-33, ,
-1, ,-33, ,
1, ,-33, ,
1, ,-33, ,
-1, ,-33, ,
1, ,-33, ,
-1, ,-33, ,
1, ,-33, ,
2, ,-33, ,
1, ,-33, ,
-1, ,-33, ,
2, ,-33, ,
1, ,-33, ,
-1, ,-33, ,
1, ,-33, ,
1, ,-33, ,
-1, ,-33, ,
2, ,-33, ,
-1, ,-33, ,
-1, ,-33, ,
1, ,-33, ,
1, ,-33, ,
-1, ,-34, ,
2, ,-33, ,
-1, ,-33, ,
-1, ,-33, ,
1, ,-33, ,
1, ,-33, ,
-1, ,-33, ,
2, ,-33, ,
-1, ,-33, ,
-1, ,-33, ,
1, ,-33, ,
1, ,-33, ,
-1, ,-33, ,
2, ,-33, ,
1, ,-33, ,
-1, ,-33, ,
1, ,-33, ,
1, ,-33, ,
-1, ,-33, ,
1, ,-33, ,
1, ,-33, ,
-1, ,-33, ,
1, ,-33, ,
1, ,-33, ,
-1, ,-33, ,
2, ,-33, ,
1, ,-33, ,
-1, ,-33, ,
1, ,-33, ,
1, ,-33, ,
-1, ,-33, ,
2, ,-33, ,
-1, ,-33, ,
1, ,-33, ,
1, ,-33, ,
1, ,-33, ,
-1, ,-33, ,
2, ,-33, ,
1, ,-34, ,
-1, ,-33, ,
1, ,-33, ,
1, ,-33, ,
-1, ,-33, ,
2, ,-33, ,
-1, ,-33, ,
1, ,-33, ,
1, ,-33, ,
1, ,-33, ,
-1, ,-34, ,
2, ,-33, ,
-1, ,-34, ,
-1, ,-33, ,
1, ,-33, ,
1, ,-33, ,
-1, ,-33, ,
1, ,-33, ,
1, ,-33, ,
-1, ,-33, ,
1, ,-33, ,
1, ,-33, ,
-1, ,-33, ,
2, ,-33, ,
1, ,-33, ,
71, ,-33, ,
55, ,-33, ,
34, ,-33, ,
21, ,-33, ,
13, ,-33, ,
8, ,-33, ,
6, ,-33, ,
5, ,-33, ,
3, ,-33, ,
2, ,-33, ,
3, ,-33, ,
2, ,-34, ,
2, ,-33, ,
3, ,-33, ,
2, ,-33, ,
1, ,-33, ,
3, ,-33, ,
2, ,-33, ,
2, ,-33, ,
2, ,-33, ,
2, ,-33, ,
1, ,-33, ,
3, ,-33, ,
2, ,-33, ,
1, ,-33, ,
3, ,-33, ,
3, ,-33, ,
1, ,-33, ,
3, ,-33, ,
2, ,-33, ,
2, ,-33, ,
2, ,-33, ,
2, ,-33, ,
1, ,-33, ,
5, ,-33, ,
2, ,-33, ,
1, ,-33, ,
2, ,-33, ,
2, ,-33, ,
1, ,-33, ,
3, ,-33, ,
2, ,-33, ,
1, ,-34, ,
2, ,-33, ,
3, ,-33, ,
1, ,-33, ,
3, ,-33, ,
2, ,-33, ,
1, ,-33, ,
3, ,-33, ,
3, ,-33, ,
1, ,-33, ,
3, ,-33, ,
1, ,-33, ,
1, ,-33, ,
3, ,-33, ,
2, ,-33, ,
1, ,-33, ,
3, ,-33, ,
2, ,-34, ,
1, ,-33, ,
2, ,-33, ,
2, ,-33, ,
1, ,-33, ,
3, ,-33, ,
1, ,-33, ,
1, ,-33, ,
2, ,-33, ,
2, ,-33, ,
1, ,-33, ,
3, ,-33, ,
1, ,-33, ,
1, ,-33, ,
3, ,-33, ,
2, ,-33, ,
1, ,-33, ,
3, ,-33, ,
1, ,-33, ,
1, ,-33, ,
2, ,-33, ,
2, ,-33, ,
1, ,-33, ,
3, ,-33, ,
2, ,-33, ,
1, ,-33, ,
2, ,-33, ,
2, ,-33, ,
1, ,-33, ,
3, ,-33, ,
1, ,-33, ,
1, ,-33, ,
2, ,-33, ,
3, ,-33, ,
1, ,-33, ,
3, ,-33, ,
1, ,-33, ,
1, ,-33, ,
2, ,-33, ,
2, ,-33, ,
1, ,-33, ,
3, ,-33, ,
1, ,-33, ,
2, ,-33, ,
2, ,-33, ,
2, ,-33, ,
1, ,-33, ,
3, ,-33, ,
2, ,-34, ,
1, ,-33, ,
2, ,-33, ,
2, ,-33, ,
1, ,-33, ,
3, ,-33, ,
1, ,-33, ,
1, ,-34, ,
2, ,-33, ,
2, ,-33, ,
1, ,-33, ,
3, ,-33, ,
2, ,-34, ,
1, ,-33, ,
2, ,-32, ,
2, ,-20, ,
1, ,0, ,
3, ,16, ,
1, ,27, ,
2, ,36, ,
3, ,42, ,
2, ,46, ,
1, ,51, ,
3, ,53, ,
1, ,54, ,
1, ,57, ,
2, ,57, ,
2, ,58, ,
1, ,58, ,
3, ,60, ,
1, ,59, ,
1, ,59, ,
2, ,60, ,
2, ,60, ,
1, ,60, ,
2, ,61, ,
1, ,60, ,
1, ,60, ,
2, ,60, ,
2, ,60, ,
1, ,60, ,
2, ,60, ,
1, ,60, ,
1, ,60, ,
2, ,60, ,
2, ,60, ,
1, ,60, ,
2, ,60, ,
1, ,60, ,
1, ,60, ,
3, ,60, ,
2, ,60, ,
1, ,60, ,
2, ,61, ,
1, ,59, ,
1, ,60, ,
2, ,60, ,
2, ,60, ,
-1, ,60, ,
2, ,60, ,
1, ,60, ,
1, ,60, ,
2, ,60, ,
2, ,60, ,
1, ,59, ,
3, ,60, ,
35, ,60, ,
25, ,60, ,
17, ,60, ,
11, ,60, ,
6, ,60, ,
7, ,60, ,
5, ,60, ,
2, ,60, ,
5, ,60, ,
3, ,60, ,
2, ,59, ,
5, ,60, ,
2, ,59, ,
2, ,60, ,
3, ,59, ,
2, ,60, ,
1, ,59, ,
3, ,61, ,
2, ,60, ,
1, ,60, ,
2, ,60, ,
2, ,59, ,
1, ,60, ,
3, ,61, ,
2, ,59, ,
1, ,60, ,
3, ,60, ,
2, ,60, ,
1, ,59, ,
3, ,60, ,
2, ,59, ,
2, ,60, ,
2, ,60, ,
2, ,60, ,
1, ,59, ,
3, ,60, ,
2, ,59, ,
1, ,60, ,
3, ,60, ,
2, ,60, ,
1, ,59, ,
3, ,60, ,
1, ,59, ,
1, ,60, ,
2, ,60, ,
2, ,59, ,
1, ,59, ,
3, ,60, ,
2, ,59, ,
2, ,60, ,
2, ,60, ,
2, ,59, ,
1, ,60, ,
3, ,60, ,
1, ,59, ,
1, ,60, ,
2, ,60, ,
2, ,60, ,
1, ,60, ,
3, ,60, ,
2, ,59, ,
1, ,60, ,
2, ,60, ,
2, ,60, ,
1, ,59, ,
3, ,60, ,
1, ,60, ,
1, ,60, ,
2, ,60, ,
2, ,60, ,
1, ,60, ,
3, ,60, ,
1, ,59, ,
1, ,60, ,
2, ,60, ,
2, ,60, ,
1, ,60, ,
13, ,60, ,
12, ,59, ,
8, ,59, ,
7, ,60, ,
6, ,59, ,
3, ,60, ,
5, ,60, ,
2, ,59, ,
2, ,60, ,
3, ,60, ,
2, ,60, ,
1, ,59, ,
3, ,60, ,
2, ,59, ,
2, ,60, ,
2, ,61, ,
2, ,59, ,
1, ,60, ,
3, ,60, ,
2, ,59, ,
2, ,60, ,
2, ,60, ,
2, ,60, ,
1, ,60, ,
3, ,60, ,
2, ,59, ,
1, ,54, ,
2, ,35, ,
2, ,17, ,
1, ,4, ,
3, ,-5, ,
1, ,-13, ,
1, ,-18, ,
2, ,-22, ,
2, ,-25, ,
1, ,-27, ,
3, ,-28, ,
2, ,-31, ,
2, ,-31, ,
2, ,-32, ,
2, ,-33, ,
1, ,-33, ,
3, ,-33, ,
2, ,-33, ,
2, ,-34, ,
2, ,-34, ,
2, ,-34, ,
1, ,-34, ,
3, ,-34, ,
2, ,-34, ,
1, ,-34, ,
2, ,-34, ,
2, ,-34, ,
1, ,-34, ,
3, ,-34, ,
1, ,-34, ,
2, ,-34, ,
2, ,-34, ,
2, ,-34, ,
1, ,-34, ,
3, ,-33, ,
2, ,-34, ,
1, ,-33, ,
2, ,-34, ,
2, ,-34, ,
1, ,-33, ,
3, ,-34, ,
1, ,-33, ,
1, ,-33, ,
2, ,-34, ,
2, ,-34, ,
1, ,-33, ,
3, ,-33, ,
2, ,-34, ,
1, ,-33, ,
2, ,-33, ,
2, ,-34, ,
1, ,-33, ,
3, ,-34, ,
2, ,-33, ,
1, ,-34, ,
2, ,-34, ,
2, ,-33, ,
1, ,-34, ,
3, ,-33, ,
2, ,-34, ,
1, ,-34, ,
2, ,-33, ,
2, ,-34, ,
1, ,-34, ,
3, ,-34, ,
1, ,-33, ,
1, ,-33, ,
2, ,-34, ,
2, ,-33, ,
1, ,-33, ,
3, ,-33, ,
2, ,-34, ,
1, ,-33, ,
2, ,-33, ,
2, ,-33, ,
1, ,-33, ,
3, ,-34, ,
1, ,-34, ,
1, ,-33, ,
2, ,-33, ,
2, ,-33, ,
1, ,-34, ,
3, ,-33, ,
2, ,-33, ,
1, ,-33, ,
2, ,-33, ,
2, ,-34, ,
1, ,-33, ,
3, ,-33, ,
1, ,-33, ,
1, ,-33, ,
2, ,-33, ,
2, ,-33, ,
1, ,-33, ,
3, ,-33, ,
2, ,-33, ,
1, ,-33, ,
2, ,-33, ,
2, ,-34, ,
1, ,-33, ,
3, ,-33, ,
2, ,-33, ,
1, ,-34, ,
2, ,-33, ,
2, ,-33, ,
1, ,-33, ,
3, ,-33, ,
1, ,-33, ,
1, ,-33, ,
2, ,-33, ,
2, ,-34, ,
1, ,-33, ,
3, ,-33, ,
1, ,-33, ,
1, ,-33, ,
2, ,-33, ,
2, ,-33, ,
1, ,-33, ,
3, ,-33, ,
2, ,-33, ,
1, ,-33, ,
2, ,-33, ,
2, ,-33, ,
1, ,-33, ,
3, ,-33, ,
1, ,-33, ,
1, ,-33, ,
2, ,-33, ,
2, ,-33, ,
1, ,-34, ,
3, ,-33, ,
1, ,-33, ,
1, ,-33, ,
2, ,-33, ,
2, ,-33, ,
1, ,-33, ,
3, ,-33, ,
1, ,-33, ,
1, ,-33, ,
2, ,-33, ,
2, ,-33, ,
-1, ,-33, ,
3, ,-33, ,
1, ,-33, ,
1, ,-33, ,
2, ,-33, ,
2, ,-33, ,
32, ,-33, ,
26, ,-34, ,
16, ,-33, ,
11, ,-33, ,
8, ,-33, ,
6, ,-33, ,
3, ,-33, ,
5, ,-33, ,
2, ,-33, ,
2, ,-33, ,
3, ,-33, ,
2, ,-33, ,
1, ,-33, ,
3, ,-33, ,
2, ,-33, ,
2, ,-33, ,
3, ,-33, ,
2, ,-33, ,
1, ,-33, ,
5, ,-33, ,
2, ,-33, ,
2, ,-33, ,
2, ,-33, ,
2, ,-33, ,
1, ,-33, ,
3, ,-33, ,
2, ,-33, ,
1, ,-33, ,
2, ,-33, ,
2, ,-33, ,
1, ,-33, ,
3, ,-33, ,
2, ,-33, ,
2, ,-33, ,
2, ,-33, ,
2, ,-33, ,
1, ,-33, ,
3, ,-33, ,
2, ,-33, ,
1, ,-33, ,
2, ,-33, ,
2, ,-33, ,
1, ,-33, ,
3, ,-33, ,
2, ,-33, ,
1, ,-33, ,
2, ,-33, ,
2, ,-33, ,
1, ,-33, ,
3, ,-33, ,
2, ,-33, ,
2, ,-33, ,
2, ,-33, ,
2, ,-33, ,
1, ,-33, ,
3, ,-33, ,
2, ,-33, ,
1, ,-33, ,
2, ,-33, ,
2, ,-33, ,
1, ,-33, ,
3, ,-34, ,
2, ,-33, ,
2, ,-34, ,
2, ,-33, ,
3, ,-33, ,
1, ,-33, ,
3, ,-33, ,
2, ,-33, ,
1, ,-33, ,
2, ,-33, ,
2, ,-33, ,
1, ,-33, ,
3, ,-33, ,
2, ,-33, ,
1, ,-33, ,
2, ,-33, ,
2, ,-33, ,
1, ,-33, ,
5, ,-33, ,
2, ,-33, ,
1, ,-33, ,
2, ,-33, ,
3, ,-33, ,
1, ,-33, ,
3, ,-33, ,
1, ,-33, ,
1, ,-33, ,
3, ,-33, ,
2, ,-33, ,
1, ,-33, ,
3, ,-33, ,
2, ,-33, ,
1, ,-33, ,
2, ,-33, ,
2, ,-33, ,
1, ,-33, ,
3, ,-33, ,
2, ,-33, ,
1, ,-33, ,
2, ,-33, ,
2, ,-33, ,
1, ,-33, ,
3, ,-33, ,
2, ,-33, ,
1, ,-33, ,
2, ,-33, ,
2, ,-33, ,
1, ,-33, ,
3, ,-33, ,
1, ,-33, ,
1, ,-33, ,
2, ,-33, ,
2, ,-33, ,
1, ,-33, ,
3, ,-33, ,
2, ,-33, ,
1, ,-33, ,
2, ,-33, ,
2, ,-33, ,
1, ,-33, ,
3, ,-33, ,
1, ,-33, ,
1, ,-33, ,
2, ,-33, ,
2, ,-33, ,
1, ,-33, ,
3, ,-33, ,
1, ,-34, ,
1, ,-33, ,
2, ,-33, ,
2, ,-33, ,
1, ,-33, ,
3, ,-33, ,
1, ,-33, ,
1, ,-33, ,
2, ,-33, ,
2, ,-33, ,
1, ,-33, ,
3, ,-33, ,
2, ,-34, ,
1, ,-33, ,
2, ,-33, ,
2, ,-33, ,
1, ,-33, ,
3, ,-33, ,
1, ,-33, ,
1, ,-33, ,
2, ,-33, ,
2, ,-33, ,
1, ,-33, ,
3, ,-33, ,
1, ,-33, ,
1, ,-33, ,
2, ,-33, ,
2, ,-33, ,
1, ,-33, ,
2, ,-33, ,
1, ,-33, ,
1, ,-33, ,
2, ,-33, ,
2, ,-33, ,
1, ,-33, ,
3, ,-33, ,
1, ,-33, ,
1, ,-33, ,
2, ,-33, ,
2, ,-33, ,
1, ,-33, ,
3, ,-33, ,
1, ,-33, ,
1, ,-33, ,
2, ,-33, ,
2, ,-33, ,
-1, ,-33, ,
2, ,-33, ,
1, ,-34, ,
1, ,-33, ,
2, ,-33, ,
2, ,-33, ,
1, ,-33, ,
2, ,-33, ,
1, ,-33, ,
1, ,-33, ,
2, ,-33, ,
2, ,-33, ,
-1, ,-33, ,
3, ,-33, ,
2, ,-34, ,
1, ,-33, ,
2, ,-33, ,
2, ,-33, ,
1, ,-33, ,
2, ,-33, ,
7, ,-33, ,
34, ,-33, ,
24, ,-33, ,
16, ,-33, ,
8, ,-33, ,
8, ,-33, ,
5, ,-33, ,
3, ,-33, ,
3, ,-33, ,
2, ,-33, ,
1, ,-33, ,
3, ,-34, ,
2, ,-33, ,
2, ,-34, ,
2, ,-33, ,
2, ,-33, ,
1, ,-33, ,
5, ,-33, ,
2, ,-33, ,
2, ,-33, ,
2, ,-33, ,
3, ,-33, ,
1, ,-33, ,
3, ,-33, ,
2, ,-33, ,
2, ,-33, ,
3, ,-33, ,
3, ,-33, ,
1, ,-33, ,
3, ,-33, ,
2, ,-34, ,
2, ,-33, ,
2, ,-33, ,
2, ,-33, ,
1, ,-33, ,
3, ,-33, ,
2, ,-33, ,
1, ,-33, ,
2, ,-33, ,
3, ,-33, ,
1, ,-33, ,
5, ,-33, ,
2, ,-34, ,
1, ,-33, ,
2, ,-33, ,
3, ,-33, ,
1, ,-33, ,
3, ,-33, ,
1, ,-33, ,
2, ,-33, ,
2, ,-33, ,
2, ,-33, ,
1, ,-33, ,
3, ,-33, ,
2, ,-34, ,
2, ,-33, ,
2, ,-33, ,
3, ,-34, ,
1, ,-33, ,
3, ,-33, ,
2, ,-34, ,
2, ,-33, ,
2, ,-34, ,
2, ,-33, ,
1, ,-33, ,
3, ,-33, ,
2, ,-33, ,
1, ,-33, ,
2, ,-33, ,
3, ,-33, ,
1, ,-33, ,
3, ,-33, ,
2, ,-33, ,
1, ,-33, ,
2, ,-33, ,
2, ,-33, ,
1, ,-33, ,
3, ,-33, ,
2, ,-34, ,
1, ,-33, ,
2, ,-33, ,
2, ,-33, ,
1, ,-33, ,
2, ,-33, ,
2, ,-33, ,
2, ,-33, ,
2, ,-33, ,
3, ,-33, ,
1, ,-33, ,
3, ,-33, ,
1, ,-33, ,
1, ,-33, ,
3, ,-33, ,
3, ,-33, ,
1, ,-33, ,
3, ,-33, ,
2, ,-33, ,
2, ,-34, ,
2, ,-33, ,
2, ,-33, ,
1, ,-33, ,
3, ,-33, ,
2, ,-33, ,
1, ,-33, ,
2, ,-33, ,
2, ,-33, ,
1, ,-33, ,
3, ,-33, ,
1, ,-33, ,
1, ,-33, ,
2, ,-33, ,
2, ,-33, ,
1, ,-33, ,
3, ,-33, ,
2, ,-34, ,
1, ,-33, ,
2, ,-33, ,
2, ,-33, ,
1, ,-33, ,
3, ,-33, ,
1, ,-33, ,
1, ,-33, ,
2, ,-33, ,
2, ,-33, ,
1, ,-33, ,
3, ,-33, ,
1, ,-34, ,
1, ,-33, ,
2, ,-33, ,
2, ,-34, ,
1, ,-33, ,
3, ,-33, ,
1, ,-33, ,
1, ,-33, ,
2, ,-33, ,
2, ,-33, ,
1, ,-33, ,
3, ,-33, ,
1, ,-33, ,
1, ,-33, ,
2, ,-33, ,
2, ,-33, ,
1, ,-33, ,
3, ,-34, ,
1, ,-33, ,
1, ,-33, ,
2, ,-33, ,
2, ,-33, ,
-1, ,-33, ,
3, ,-33, ,
1, ,-34, ,
1, ,-33, ,
2, ,-33, ,
2, ,-33, ,
1, ,-33, ,
2, ,-33, ,
1, ,-33, ,
1, ,-33, ,
2, ,-33, ,
2, ,-33, ,
1, ,-33, ,
3, ,-33, ,
2, ,-33, ,
1, ,-33, ,
2, ,-33, ,
2, ,-34, ,
1, ,-33, ,
3, ,-33, ,
1, ,-33, ,
1, ,-33, ,
2, ,-33, ,
2, ,-33, ,
-1, ,-33, ,
3, ,-33, ,
1, ,-34, ,
1, ,-33, ,
2, ,-33, ,
2, ,-33, ,
1, ,-33, ,
2, ,-33, ,
1, ,-33, ,
1, ,-33, ,
2, ,-33, ,
2, ,-33, ,
1, ,-34, ,
3, ,-33, ,
1, ,-33, ,
1, ,-33, ,
2, ,-33, ,
2, ,-34, ,
1, ,-33, ,
3, ,-33, ,
1, ,-33, ,
1, ,-33, ,
2, ,-33, ,
2, ,-33, ,
-1, ,-33, ,
3, ,-33, ,
1, ,-34, ,
1, ,-33, ,
2, ,-33, ,
2, ,-33, ,
1, ,-33, ,
2, ,-33, ,
1, ,-33, ,
1, ,-33, ,
2, ,-33, ,
2, ,-33, ,
-1, ,-33, ,
3, ,-33, ,
2, ,-34, ,
1, ,-33, ,
2, ,-33, ,
2, ,-33, ,
1, ,-33, ,
2, ,-33, ,
1, ,-33, ,
1, ,-34, ,
2, ,-33, ,
2, ,-33, ,
-1, ,-33, ,
3, ,-33, ,
1, ,-34, ,
1, ,-33, ,
1, ,-33, ,
2, ,-33, ,
1, ,-33, ,
2, ,-33, ,
1, ,-33, ,
1, ,-33, ,
2, ,-33, ,
2, ,-33, ,
-1, ,-33, ,
2, ,-33, ,
1, ,-34, ,
1, ,-33, ,
2, ,-33, ,
2, ,-34, ,
-1, ,-33, ,
2, ,-33, ,
1, ,-33, ,
1, ,-33, ,
2, ,-34, ,
2, ,-33, ,
-1, ,-33, ,
2, ,-33, ,
1, ,-33, ,
1, ,-33, ,
2, ,-33, ,
2, ,-34, ,
-1, ,-33, ,
2, ,-33, ,
1, ,-33, ,
1, ,-33, ,
2, ,-33, ,
2, ,-33, ,
-1, ,-33, ,
2, ,-33, ,
1, ,-34, ,
1, ,-33, ,
2, ,-33, ,
2, ,-33, ,
-1, ,-33, ,
2, ,-33, ,
1, ,-33, ,
1, ,-33, ,
2, ,-33, ,
2, ,-33, ,
-1, ,-33, ,
2, ,-33, ,
1, ,-34, ,
1, ,-33, ,
1, ,-33, ,
2, ,-34, ,
-1, ,-33, ,
2, ,-34, ,
1, ,-33, ,
1, ,-33, ,
2, ,-33, ,
1, ,-33, ,
-1, ,-33, ,
2, ,-33, ,
1, ,-33, ,
1, ,-33, ,
2, ,-33, ,
2, ,-33, ,
-1, ,-24, ,
2, ,-5, ,
1, ,12, ,
1, ,24, ,
2, ,33, ,
2, ,40, ,
-1, ,45, ,
2, ,50, ,
1, ,52, ,
1, ,55, ,
2, ,56, ,
1, ,57, ,
-1, ,58, ,
2, ,59, ,
1, ,59, ,
1, ,59, ,
1, ,60, ,
1, ,60, ,
-1, ,60, ,
2, ,61, ,
1, ,59, ,
1, ,60, ,
2, ,61, ,
1, ,60, ,
-1, ,60, ,
2, ,60, ,
1, ,60, ,
1, ,60, ,
2, ,60, ,
1, ,60, ,
-1, ,60, ,
2, ,61, ,
1, ,60, ,
-1, ,60, ,
2, ,60, ,
1, ,60, ,
-1, ,60, ,
2, ,60, ,
1, ,60, ,
1, ,60, ,
2, ,60, ,
1, ,60, ,
-1, ,60, ,
2, ,61, ,
1, ,60, ,
1, ,60, ,
2, ,60, ,
1, ,60, ,
-1, ,60, ,
2, ,60, ,
1, ,59, ,
1, ,60, ,
2, ,60, ,
1, ,59, ,
-1, ,60, ,
2, ,60, ,
1, ,59, ,
-1, ,60, ,
2, ,60, ,
1, ,60, ,
-1, ,59, ,
2, ,60, ,
1, ,60, ,
1, ,60, ,
2, ,60, ,
1, ,60, ,
-1, ,60, ,
2, ,60, ,
1, ,59, ,
1, ,60, ,
2, ,60, ,
1, ,60, ,
-1, ,60, ,
2, ,61, ,
1, ,59, ,
1, ,60, ,
2, ,60, ,
1, ,59, ,
-1, ,59, ,
54, ,60, ,
34, ,59, ,
21, ,60, ,
15, ,60, ,
10, ,60, ,
7, ,60, ,
7, ,60, ,
3, ,59, ,
3, ,60, ,
5, ,61, ,
3, ,59, ,
2, ,60, ,
5, ,61, ,
2, ,59, ,
2, ,59, ,
3, ,60, ,
2, ,60, ,
1, ,60, ,
3, ,60, ,
2, ,59, ,
1, ,60, ,
2, ,60, ,
2, ,60, ,
1, ,60, ,
3, ,60, ,
1, ,59, ,
1, ,59, ,
2, ,60, ,
2, ,60, ,
1, ,59, ,
3, ,60, ,
1, ,59, ,
1, ,60, ,
2, ,60, ,
2, ,60, ,
1, ,59, ,
3, ,60, ,
2, ,59, ,
1, ,59, ,
2, ,61, ,
2, ,60, ,
1, ,60, ,
3, ,60, ,
1, ,59, ,
1, ,60, ,
2, ,60, ,
2, ,59, ,
1, ,60, ,
3, ,60, ,
2, ,59, ,
1, ,60, ,
2, ,60, ,
2, ,60, ,
1, ,60, ,
3, ,60, ,
1, ,60, ,
1, ,60, ,
2, ,60, ,
2, ,59, ,
1, ,59, ,
3, ,60, ,
2, ,59, ,
6, ,60, ,
12, ,60, ,
10, ,60, ,
7, ,59, ,
7, ,60, ,
3, ,59, ,
2, ,60, ,
3, ,60, ,
2, ,59, ,
1, ,59, ,
3, ,60, ,
2, ,59, ,
1, ,60, ,
3, ,58, ,
2, ,41, ,
1, ,22, ,
3, ,7, ,
2, ,-3, ,
1, ,-11, ,
2, ,-17, ,
2, ,-21, ,
1, ,-24, ,
3, ,-26, ,
2, ,-28, ,
1, ,-30, ,
2, ,-31, ,
2, ,-32, ,
1, ,-32, ,
5, ,-33, ,
2, ,-33, ,
2, ,-34, ,
3, ,-34, ,
3, ,-34, ,
1, ,-34, ,
3, ,-34, ,
2, ,-34, ,
1, ,-34, ,
2, ,-34, ,
2, ,-34, ,
1, ,-34, ,
3, ,-34, ,
2, ,-34, ,
2, ,-34, ,
3, ,-34, ,
2, ,-34, ,
1, ,-34, ,
5, ,-34, ,
2, ,-34, ,
1, ,-34, ,
2, ,-34, ,
2, ,-34, ,
1, ,-33, ,
3, ,-34, ,
2, ,-33, ,
2, ,-34, ,
2, ,-34, ,
2, ,-34, ,
1, ,-34, ,
5, ,-33, ,
2, ,-34, ,
1, ,-33, ,
2, ,-33, ,
2, ,-34, ,
1, ,-33, ,
3, ,-34, ,
2, ,-33, ,
1, ,-34, ,
2, ,-34, ,
2, ,-34, ,
1, ,-33, ,
3, ,-33, ,
2, ,-34, ,
1, ,-33, ,
2, ,-33, ,
2, ,-34, ,
1, ,-33, ,
3, ,-34, ,
1, ,-33, ,
1, ,-33, ,
2, ,-34, ,
2, ,-33, ,
1, ,-33, ,
3, ,-33, ,
2, ,-34, ,
1, ,-33, ,
2, ,-33, ,
2, ,-33, ,
1, ,-33, ,
3, ,-33, ,
1, ,-33, ,
1, ,-34, ,
2, ,-33, ,
2, ,-33, ,
1, ,-33, ,
3, ,-33, ,
2, ,-34, ,
1, ,-33, ,
2, ,-33, ,
2, ,-33, ,
1, ,-33, ,
3, ,-33, ,
2, ,-33, ,
1, ,-33, ,
2, ,-33, ,
2, ,-33, ,
1, ,-33, ,
3, ,-33, ,
1, ,-34, ,
1, ,-33, ,
2, ,-33, ,
2, ,-33, ,
1, ,-33, ,
3, ,-33, ,
1, ,-33, ,
1, ,-33, ,
2, ,-33, ,
2, ,-33, ,
1, ,-33, ,
3, ,-33, ,
1, ,-33, ,
1, ,-33, ,
2, ,-33, ,
2, ,-33, ,
1, ,-33, ,
3, ,-33, ,
2, ,-33, ,
1, ,-33, ,
2, ,-33, ,
2, ,-33, ,
1, ,-33, ,
3, ,-33, ,
1, ,-33, ,
1, ,-33, ,
2, ,-33, ,
2, ,-33, ,
1, ,-33, ,
3, ,-33, ,
1, ,-33, ,
1, ,-34, ,
2, ,-33, ,
2, ,-33, ,
1, ,-33, ,
3, ,-33, ,
2, ,-33, ,
1, ,-33, ,
2, ,-33, ,
2, ,-33, ,
1, ,-33, ,
3, ,-33, ,
1, ,-33, ,
1, ,-33, ,
2, ,-33, ,
2, ,-33, ,
1, ,-33, ,
3, ,-33, ,
1, ,-34, ,
1, ,-33, ,
2, ,-33, ,
2, ,-33, ,
1, ,-33, ,
3, ,-33, ,
1, ,-33, ,
1, ,-33, ,
2, ,-33, ,
3, ,-33, ,
1, ,-33, ,
3, ,-33, ,
1, ,-33, ,
1, ,-33, ,
2, ,-33, ,
2, ,-33, ,
1, ,-33, ,
2, ,-33, ,
1, ,-33, ,
1, ,-33, ,
2, ,-33, ,
2, ,-33, ,
1, ,-33, ,
3, ,-33, ,
1, ,-34, ,
1, ,-33, ,
2, ,-33, ,
2, ,-33, ,
1, ,-33, ,
2, ,-33, ,
1, ,-33, ,
1, ,-33, ,
2, ,-33, ,
2, ,-33, ,
1, ,-33, ,
3, ,-33, ,
1, ,-33, ,
1, ,-33, ,
2, ,-33, ,
2, ,-33, ,
1, ,-33, ,
2, ,-33, ,
1, ,-33, ,
1, ,-33, ,
2, ,-33, ,
2, ,-33, ,
-1, ,-33, ,
3, ,-33, ,
2, ,-33, ,
1, ,-33, ,
2, ,-33, ,
2, ,-33, ,
1, ,-33, ,
2, ,-33, ,
1, ,-33, ,
1, ,-33, ,
2, ,-33, ,
2, ,-33, ,
-1, ,-33, ,
2, ,-33, ,
1, ,-34, ,
1, ,-33, ,
2, ,-33, ,
2, ,-33, ,
-1, ,-33, ,
2, ,-33, ,
1, ,-33, ,
1, ,-33, ,
2, ,-33, ,
2, ,-33, ,
-1, ,-33, ,
2, ,-33, ,
1, ,-33, ,
1, ,-33, ,
2, ,-33, ,
2, ,-33, ,
-1, ,-33, ,
2, ,-33, ,
1, ,-33, ,
1, ,-33, ,
2, ,-33, ,
2, ,-33, ,
-1, ,-33, ,
2, ,-33, ,
1, ,-33, ,
1, ,-33, ,
2, ,-33, ,
2, ,-33, ,
1, ,-33, ,
2, ,-33, ,
1, ,-33, ,
1, ,-34, ,
2, ,-33, ,
2, ,-33, ,
-1, ,-33, ,
2, ,-33, ,
1, ,-33, ,
1, ,-33, ,
2, ,-33, ,
2, ,-33, ,
-1, ,-33, ,
2, ,-33, ,
1, ,-33, ,
1, ,-33, ,
2, ,-33, ,
2, ,-33, ,
-1, ,-33, ,
2, ,-33, ,
1, ,-34, ,
1, ,-33, ,
2, ,-33, ,
2, ,-33, ,
-1, ,-33, ,
2, ,-33, ,
1, ,-33, ,
1, ,-33, ,
2, ,-33, ,
2, ,-33, ,
-1, ,-33, ,
2, ,-33, ,
1, ,-33, ,
1, ,-33, ,
2, ,-33, ,
2, ,-33, ,
-1, ,-33, ,
2, ,-33, ,
1, ,-33, ,
1, ,-33, ,
2, ,-33, ,
2, ,-33, ,
-1, ,-33, ,
2, ,-33, ,
1, ,-34, ,
1, ,-33, ,
2, ,-33, ,
2, ,-33, ,
-1, ,-33, ,
2, ,-33, ,
1, ,-33, ,
1, ,-33, ,
2, ,-33, ,
2, ,-33, ,
-1, ,-33, ,
2, ,-33, ,
1, ,-33, ,
1, ,-33, ,
2, ,-33, ,
2, ,-33, ,
-1, ,-33, ,
2, ,-33, ,
1, ,-33, ,
1, ,-34, ,
2, ,-33, ,
1, ,-33, ,
-1, ,-33, ,
2, ,-33, ,
1, ,-33, ,
1, ,-34, ,
2, ,-33, ,
2, ,-33, ,
-1, ,-33, ,
2, ,-33, ,
1, ,-33, ,
1, ,-33, ,
1, ,-33, ,
54, ,-33, ,
38, ,-33, ,
25, ,-33, ,
16, ,-33, ,
10, ,-33, ,
8, ,-33, ,
6, ,-33, ,
3, ,-33, ,
5, ,-33, ,
2, ,-33, ,
2, ,-33, ,
3, ,-33, ,
3, ,-33, ,
1, ,-33, ,
3, ,-33, ,
2, ,-34, ,
2, ,-33, ,
2, ,-33, ,
2, ,-33, ,
1, ,-33, ,
3, ,-33, ,
2, ,-33, ,
2, ,-33, ,
2, ,-33, ,
2, ,-33, ,
1, ,-33, ,
3, ,-33, ,
2, ,-33, ,
1, ,-33, ,
3, ,-33, ,
2, ,-33, ,
1, ,-33, ,
3, ,-33, ,
2, ,-33, ,
1, ,-33, ,
3, ,-33, ,
2, ,-33, ,
1, ,-33, ,
3, ,-33, ,
2, ,-34, ,
2, ,-33, ,
2, ,-33, ,
2, ,-33, ,
1, ,-33, ,
3, ,-33, ,
2, ,-34, ,
2, ,-33, ,
3, ,-33, ,
2, ,-33, ,
1, ,-33, ,
3, ,-33, ,
2, ,-34, ,
1, ,-33, ,
2, ,-33, ,
2, ,-33, ,
1, ,-33, ,
3, ,-33, ,
2, ,-33, ,
2, ,-33, ,
2, ,-33, ,
2, ,-33, ,
1, ,-33, ,
3, ,-33, ,
2, ,-34, ,
1, ,-33, ,
2, ,-33, ,
2, ,-34, ,
1, ,-33, ,
3, ,-33, ,
2, ,-33, ,
1, ,-34, ,
2, ,-33, ,
2, ,-33, ,
1, ,-33, ,
3, ,-33, ,
2, ,-33, ,
1, ,-33, ,
2, ,-33, ,
2, ,-33, ,
1, ,-33, ,
3, ,-33, ,
1, ,-33, ,
2, ,-34, ,
2, ,-33, ,
2, ,-33, ,
1, ,-33, ,
3, ,-33, ,
2, ,-33, ,
1, ,-33, ,
2, ,-33, ,
2, ,-33, ,
1, ,-33, ,
3, ,-33, ,
1, ,-33, ,
1, ,-34, ,
2, ,-33, ,
2, ,-33, ,
1, ,-33, ,
3, ,-33, ,
2, ,-34, ,
1, ,-33, ,
3, ,-33, ,
2, ,-34, ,
1, ,-33, ,
3, ,-33, ,
2, ,-33, ,
1, ,-33, ,
2, ,-33, ,
2, ,-33, ,
1, ,-33, ,
3, ,-33, ,
2, ,-33, ,
1, ,-33, ,
2, ,-33, ,
2, ,-33, ,
1, ,-33, ,
3, ,-33, ,
1, ,-33, ,
1, ,-33, ,
2, ,-33, ,
2, ,-33, ,
1, ,-33, ,
3, ,-33, ,
1, ,-33, ,
1, ,-33, ,
2, ,-33, ,
3, ,-33, ,
1, ,-33, ,
3, ,-33, ,
1, ,-33, ,
1, ,-34, ,
2, ,-33, ,
2, ,-33, ,
1, ,-33, ,
3, ,-33, ,
1, ,-34, ,
1, ,-33, ,
2, ,-33, ,
2, ,-33, ,
1, ,-33, ,
3, ,-33, ,
1, ,-33, ,
1, ,-33, ,
2, ,-33, ,
2, ,-33, ,
1, ,-33, ,
3, ,-33, ,
1, ,-33, ,
1, ,-33, ,
2, ,-33, ,
2, ,-33, ,
1, ,-33, ,
2, ,-33, ,
1, ,-33, ,
1, ,-33, ,
2, ,-33, ,
2, ,-33, ,
1, ,-33, ,
3, ,-33, ,
1, ,-34, ,
1, ,-33, ,
2, ,-33, ,
2, ,-33, ,
1, ,-33, ,
2, ,-33, ,
1, ,-33, ,
1, ,-33, ,
2, ,-33, ,
2, ,-33, ,
-1, ,-33, ,
3, ,-33, ,
1, ,-33, ,
1, ,-33, ,
2, ,-33, ,
2, ,-33, ,
1, ,-33, ,
2, ,-33, ,
1, ,-33, ,
2, ,-33, ,
2, ,-33, ,
2, ,-33, ,
-1, ,-33, ,
3, ,-33, ,
1, ,-34, ,
1, ,-33, ,
2, ,-33, ,
2, ,-33, ,
1, ,-33, ,
2, ,-33, ,
1, ,-33, ,
1, ,-33, ,
2, ,-33, ,
2, ,-33, ,
-1, ,-33, ,
3, ,-33, ,
1, ,-34, ,
1, ,-33, ,
2, ,-33, ,
2, ,-33, ,
1, ,-33, ,
2, ,-33, ,
1, ,-33, ,
1, ,-34, ,
2, ,-33, ,
2, ,-33, ,
-1, ,-33, ,
3, ,-33, ,
1, ,-34, ,
1, ,-33, ,
2, ,-33, ,
2, ,-33, ,
1, ,-33, ,
2, ,-33, ,
1, ,-33, ,
1, ,-33, ,
2, ,-33, ,
2, ,-33, ,
-1, ,-33, ,
2, ,-33, ,
1, ,-33, ,
1, ,-33, ,
2, ,-33, ,
2, ,-33, ,
1, ,-33, ,
2, ,-33, ,
1, ,-33, ,
2, ,-34, ,
2, ,-33, ,
2, ,-33, ,
1, ,-33, ,
2, ,-33, ,
1, ,-34, ,
2, ,-33, ,
3, ,-33, ,
2, ,-33, ,
1, ,-33, ,
2, ,-33, ,
1, ,-33, ,
1, ,-34, ,
2, ,-33, ,
2, ,-33, ,
1, ,-33, ,
2, ,-33, ,
1, ,-34, ,
1, ,-33, ,
2, ,-33, ,
2, ,-33, ,
-1, ,-33, ,
2, ,-33, ,
1, ,-33, ,
1, ,-33, ,
1, ,-33, ,
2, ,-33, ,
-1, ,-33, ,
2, ,-33, ,
1, ,-34, ,
1, ,-33, ,
2, ,-33, ,
2, ,-33, ,
-1, ,-33, ,
2, ,-33, ,
1, ,-33, ,
1, ,-33, ,
2, ,-33, ,
2, ,-33, ,
-1, ,-33, ,
2, ,-33, ,
1, ,-33, ,
1, ,-33, ,
2, ,-33, ,
2, ,-34, ,
-1, ,-33, ,
2, ,-33, ,
1, ,-33, ,
1, ,-34, ,
1, ,-33, ,
2, ,-33, ,
-1, ,-33, ,
2, ,-33, ,
1, ,-33, ,
1, ,-33, ,
2, ,-33, ,
2, ,-33, ,
-1, ,-33, ,
2, ,-33, ,
1, ,-33, ,
1, ,-34, ,
2, ,-33, ,
2, ,-33, ,
-1, ,-33, ,
2, ,-33, ,
1, ,-34, ,
1, ,-33, ,
2, ,-33, ,
2, ,-33, ,
-1, ,-33, ,
2, ,-33, ,
1, ,-33, ,
1, ,-33, ,
1, ,-33, ,
2, ,-33, ,
-1, ,-33, ,
2, ,-33, ,
1, ,-33, ,
1, ,-33, ,
1, ,-33, ,
2, ,-33, ,
-1, ,-33, ,
2, ,-33, ,
1, ,-34, ,
1, ,-34, ,
2, ,-33, ,
1, ,-33, ,
-1, ,-33, ,
2, ,-33, ,
1, ,-34, ,
1, ,-33, ,
2, ,-33, ,
2, ,-33, ,
-1, ,-33, ,
2, ,-30, ,
1, ,-11, ,
1, ,7, ,
2, ,21, ,
2, ,31, ,
-1, ,39, ,
2, ,44, ,
1, ,49, ,
1, ,52, ,
1, ,54, ,
1, ,56, ,
-1, ,57, ,
2, ,58, ,
1, ,58, ,
-1, ,59, ,
2, ,59, ,
1, ,59, ,
-1, ,60, ,
2, ,60, ,
1, ,60, ,
-1, ,60, ,
2, ,60, ,
1, ,60, ,
-1, ,60, ,
2, ,61, ,
1, ,60, ,
-1, ,60, ,
2, ,60, ,
1, ,60, ,
-1, ,60, ,
2, ,61, ,
-1, ,60, ,
-1, ,60, ,
2, ,61, ,
1, ,60, ,
-1, ,60, ,
2, ,60, ,
1, ,60, ,
-1, ,60, ,
2, ,60, ,
1, ,60, ,
-1, ,60, ,
2, ,60, ,
1, ,60, ,
-1, ,60, ,
2, ,60, ,
1, ,60, ,
-1, ,60, ,
2, ,60, ,
1, ,59, ,
1, ,60, ,
2, ,60, ,
1, ,60, ,
-1, ,59, ,
2, ,60, ,
1, ,59, ,
-1, ,60, ,
1, ,61, ,
1, ,60, ,
-1, ,60, ,
1, ,60, ,
1, ,60, ,
1, ,60, ,
2, ,60, ,
1, ,60, ,
-1, ,60, ,
2, ,60, ,
1, ,59, ,
-1, ,60, ,
2, ,60, ,
1, ,60, ,
-1, ,60, ,
2, ,60, ,
-1, ,59, ,
-1, ,60, ,
57, ,60, ,
36, ,59, ,
22, ,59, ,
16, ,60, ,
8, ,59, ,
6, ,60, ,
6, ,60, ,
3, ,60, ,
2, ,60, ,
5, ,60, ,
2, ,59, ,
1, ,60, ,
3, ,60, ,
2, ,59, ,
1, ,59, ,
3, ,60, ,
2, ,60, ,
1, ,60, ,
3, ,60, ,
2, ,59, ,
1, ,60, ,
3, ,60, ,
1, ,59, ,
1, ,60, ,
2, ,60, ,
2, ,60, ,
1, ,59, ,
3, ,60, ,
2, ,59, ,
1, ,59, ,
2, ,60, ,
2, ,60, ,
1, ,59, ,
3, ,60, ,
2, ,59, ,
1, ,60, ,
2, ,61, ,
2, ,60, ,
1, ,59, ,
3, ,60, ,
1, ,59, ,
1, ,59, ,
2, ,60, ,
2, ,59, ,
1, ,60, ,
3, ,60, ,
1, ,59, ,
1, ,60, ,
2, ,60, ,
2, ,59, ,
1, ,59, ,
3, ,60, ,
1, ,59, ,
1, ,59, ,
2, ,60, ,
2, ,59, ,
1, ,59, ,
2, ,60, ,
1, ,59, ,
1, ,60, ,
2, ,60, ,
2, ,60, ,
1, ,60, ,
3, ,60, ,
1, ,59, ,
1, ,60, ,
2, ,60, ,
2, ,60, ,
1, ,60, ,
3, ,60, ,
3, ,59, ,
13, ,60, ,
13, ,60, ,
8, ,59, ,
5, ,59, ,
6, ,60, ,
3, ,59, ,
2, ,60, ,
3, ,60, ,
2, ,59, ,
1, ,46, ,
3, ,27, ,
1, ,12, ,
1, ,0, ,
2, ,-8, ,
2, ,-15, ,
1, ,-20, ,
3, ,-23, ,
2, ,-26, ,
1, ,-27, ,
2, ,-30, ,
2, ,-31, ,
1, ,-32, ,
3, ,-33, ,
2, ,-33, ,
2, ,-33, ,
2, ,-34, ,
3, ,-34, ,
1, ,-34, ,
3, ,-34, ,
2, ,-34, ,
2, ,-34, ,
2, ,-34, ,
2, ,-34, ,
1, ,-34, ,
3, ,-34, ,
2, ,-34, ,
1, ,-34, ,
2, ,-34, ,
3, ,-34, ,
1, ,-34, ,
3, ,-34, ,
2, ,-34, ,
2, ,-33, ,
2, ,-33, ,
2, ,-34, ,
1, ,-34, ,
3, ,-34, ,
2, ,-33, ,
2, ,-34, ,
2, ,-34, ,
3, ,-34, ,
1, ,-34, ,
3, ,-33, ,
2, ,-34, ,
1, ,-33, ,
2, ,-33, ,
3, ,-34, ,
1, ,-34, ,
3, ,-33, ,
2, ,-33, ,
2, ,-33, ,
2, ,-34, ,
2, ,-33, ,
1, ,-34, ,
3, ,-33, ,
2, ,-34, ,
1, ,-33, ,
2, ,-33, ,
3, ,-34, ,
1, ,-33, ,
3, ,-33, ,
2, ,-33, ,
2, ,-33, ,
2, ,-33, ,
2, ,-33, ,
1, ,-33, ,
3, ,-33, ,
1, ,-33, ,
1, ,-33, ,
2, ,-33, ,
2, ,-33, ,
1, ,-33, ,
3, ,-33, ,
2, ,-33, ,
1, ,-33, ,
2, ,-33, ,
2, ,-33, ,
1, ,-33, ,
3, ,-33, ,
2, ,-33, ,
1, ,-33, ,
2, ,-33, ,
2, ,-34, ,
-1, ,-33, ,
3, ,-33, ,
2, ,-33, ,
1, ,-33, ,
2, ,-33, ,
2, ,-33, ,
1, ,-34, ,
2, ,-33, ,
1, ,-34, ,
1, ,-33, ,
2, ,-33, ,
2, ,-33, ,
1, ,-33, ,
3, ,-33, ,
1, ,-33, ,
1, ,-33, ,
2, ,-33, ,
2, ,-33, ,
1, ,-33, ,
3, ,-33, ,
1, ,-33, ,
1, ,-33, ,
2, ,-33, ,
2, ,-33, ,
1, ,-33, ,
3, ,-33, ,
1, ,-33, ,
1, ,-34, ,
2, ,-33, ,
2, ,-33, ,
1, ,-33, ,
3, ,-33, ,
1, ,-33, ,
1, ,-33, ,
2, ,-33, ,
2, ,-34, ,
-1, ,-33, ,
3, ,-33, ,
1, ,-33, ,
1, ,-33, ,
2, ,-33, ,
2, ,-33, ,
1, ,-33, ,
2, ,-33, ,
1, ,-34, ,
1, ,-33, ,
2, ,-33, ,
2, ,-34, ,
1, ,-33, ,
3, ,-33, ,
1, ,-33, ,
1, ,-34, ,
2, ,-33, ,
2, ,-33, ,
1, ,-33, ,
3, ,-33, ,
1, ,-33, ,
1, ,-33, ,
2, ,-33, ,
2, ,-33, ,
1, ,-33, ,
3, ,-33, ,
1, ,-33, ,
1, ,-33, ,
2, ,-33, ,
2, ,-33, ,
1, ,-33, ,
3, ,-33, ,
1, ,-34, ,
1, ,-33, ,
2, ,-33, ,
2, ,-33, ,
1, ,-33, ,
3, ,-33, ,
1, ,-33, ,
1, ,-33, ,
2, ,-33, ,
2, ,-33, ,
1, ,-33, ,
3, ,-33, ,
1, ,-34, ,
1, ,-33, ,
2, ,-33, ,
2, ,-33, ,
1, ,-33, ,
3, ,-33, ,
1, ,-33, ,
1, ,-33, ,
2, ,-33, ,
2, ,-33, ,
1, ,-33, ,
3, ,-33, ,
1, ,-33, ,
1, ,-33, ,
2, ,-33, ,
2, ,-33, ,
1, ,-33, ,
2, ,-33, ,
1, ,-33, ,
1, ,-33, ,
2, ,-33, ,
2, ,-33, ,
1, ,-33, ,
2, ,-33, ,
1, ,-33, ,
1, ,-33, ,
2, ,-33, ,
2, ,-33, ,
-1, ,-33, ,
3, ,-33, ,
1, ,-33, ,
1, ,-33, ,
2, ,-33, ,
2, ,-33, ,
-1, ,-33, ,
2, ,-33, ,
1, ,-33, ,
1, ,-33, ,
2, ,-33, ,
2, ,-33, ,
-1, ,-33, ,
2, ,-33, ,
1, ,-33, ,
1, ,-33, ,
2, ,-33, ,
2, ,-33, ,
-1, ,-33, ,
2, ,-33, ,
1, ,-33, ,
1, ,-33, ,
2, ,-33, ,
2, ,-33, ,
-1, ,-33, ,
2, ,-33, ,
1, ,-33, ,
1, ,-33, ,
2, ,-33, ,
2, ,-33, ,
-1, ,-33, ,
2, ,-33, ,
1, ,-33, ,
1, ,-33, ,
1, ,-33, ,
2, ,-33, ,
-1, ,-33, ,
2, ,-33, ,
1, ,-33, ,
1, ,-33, ,
1, ,-33, ,
2, ,-33, ,
-1, ,-33, ,
2, ,-33, ,
1, ,-33, ,
1, ,-33, ,
2, ,-33, ,
2, ,-33, ,
-1, ,-33, ,
2, ,-33, ,
1, ,-33, ,
1, ,-33, ,
2, ,-33, ,
2, ,-33, ,
-1, ,-34, ,
2, ,-33, ,
1, ,-33, ,
1, ,-33, ,
2, ,-33, ,
2, ,-34, ,
-1, ,-33, ,
2, ,-33, ,
1, ,-33, ,
1, ,-33, ,
1, ,-34, ,
2, ,-33, ,
-1, ,-33, ,
2, ,-33, ,
1, ,-33, ,
1, ,-33, ,
2, ,-33, ,
2, ,-33, ,
-1, ,-33, ,
2, ,-33, ,
1, ,-33, ,
1, ,-33, ,
1, ,-33, ,
2, ,-33, ,
-1, ,-33, ,
2, ,-33, ,
1, ,-34, ,
1, ,-33, ,
2, ,-33, ,
2, ,-34, ,
-1, ,-33, ,
2, ,-33, ,
1, ,-33, ,
1, ,-33, ,
1, ,-33, ,
2, ,-33, ,
-1, ,-33, ,
2, ,-33, ,
1, ,-33, ,
1, ,-33, ,
2, ,-33, ,
2, ,-33, ,
-1, ,-33, ,
2, ,-33, ,
1, ,-33, ,
1, ,-33, ,
1, ,-33, ,
2, ,-33, ,
-1, ,-33, ,
2, ,-33, ,
1, ,-33, ,
1, ,-33, ,
2, ,-33, ,
1, ,-33, ,
-1, ,-33, ,
2, ,-33, ,
1, ,-33, ,
1, ,-33, ,
1, ,-33, ,
2, ,-33, ,
-1, ,-34, ,
2, ,-33, ,
1, ,-33, ,
1, ,-33, ,
2, ,-33, ,
1, ,-34, ,
-1, ,-33, ,
2, ,-33, ,
1, ,-33, ,
1, ,-33, ,
1, ,-33, ,
2, ,-33, ,
-1, ,-33, ,
2, ,-33, ,
1, ,-33, ,
1, ,-33, ,
2, ,-33, ,
1, ,-34, ,
-1, ,-33, ,
2, ,-33, ,
1, ,-33, ,
1, ,-33, ,
1, ,-33, ,
2, ,-33, ,
-1, ,-33, ,
2, ,-33, ,
1, ,-33, ,
1, ,-33, ,
2, ,-33, ,
2, ,-33, ,
-1, ,-33, ,
2, ,-33, ,
1, ,-33, ,
1, ,-33, ,
2, ,-33, ,
2, ,-33, ,
-1, ,-33, ,
2, ,-33, ,
1, ,-34, ,
1, ,-33, ,
1, ,-33, ,
2, ,-33, ,
-1, ,-33, ,
2, ,-33, ,
1, ,-33, ,
1, ,-33, ,
1, ,-33, ,
1, ,-33, ,
-1, ,-33, ,
2, ,-33, ,
1, ,-33, ,
1, ,-33, ,
1, ,-33, ,
1, ,-33, ,
-1, ,-33, ,
2, ,-33, ,
1, ,-33, ,
1, ,-33, ,
1, ,-33, ,
1, ,-33, ,
-1, ,-33, ,
2, ,-33, ,
1, ,-33, ,
1, ,-33, ,
2, ,-33, ,
1, ,-33, ,
-1, ,-33, ,
1, ,-33, ,
-1, ,-33, ,
-1, ,-34, ,
1, ,-34, ,
1, ,-33, ,
-1, ,-33, ,
2, ,-33, ,
1, ,-33, ,
-1, ,-33, ,
1, ,-33, ,
1, ,-33, ,
-1, ,-33, ,
2, ,-33, ,
1, ,-33, ,
1, ,-33, ,
1, ,-34, ,
1, ,-33, ,
-1, ,-33, ,
2, ,-33, ,
1, ,-34, ,
1, ,-33, ,
2, ,-33, ,
1, ,-34, ,
-1, ,-33, ,
2, ,-33, ,
1, ,-33, ,
-1, ,-33, ,
1, ,-33, ,
1, ,-33, ,
-1, ,-33, ,
2, ,-33, ,
1, ,-33, ,
1, ,-33, ,
2, ,-33, ,
2, ,-34, ,
-1, ,-33, ,
2, ,-33, ,
1, ,-33, ,
1, ,-33, ,
1, ,-33, ,
1, ,-33, ,
-1, ,-33, ,
2, ,-33, ,
1, ,-33, ,
1, ,-33, ,
1, ,-33, ,
1, ,-34, ,
-1, ,-33, ,
2, ,-33, ,
1, ,-33, ,
-1, ,-33, ,
1, ,-33, ,
1, ,-33, ,
-1, ,-33, ,
2, ,-33, ,
1, ,-33, ,
-1, ,-33, ,
2, ,-33, ,
1, ,-34, ,
-1, ,-33, ,
2, ,-33, ,
1, ,-33, ,
1, ,-33, ,
1, ,-33, ,
1, ,-33, ,
-1, ,-33, ,
2, ,-33, ,
1, ,-33, ,
1, ,-33, ,
1, ,-33, ,
1, ,-33, ,
-1, ,-33, ,
2, ,-33, ,
1, ,-33, ,
1, ,-33, ,
1, ,-33, ,
1, ,-33, ,
-1, ,-33, ,
2, ,-33, ,
1, ,-33, ,
1, ,-33, ,
3, ,-33, ,
59, ,-33, ,
38, ,-33, ,
24, ,-33, ,
16, ,-33, ,
10, ,-33, ,
8, ,-33, ,
7, ,-33, ,
3, ,-33, ,
5, ,-33, ,
2, ,-33, ,
2, ,-33, ,
3, ,-33, ,
3, ,-33, ,
1, ,-33, ,
3, ,-33, ,
2, ,-33, ,
2, ,-33, ,
2, ,-33, ,
2, ,-33, ,
1, ,-33, ,
3, ,-33, ,
2, ,-34, ,
2, ,-33, ,
3, ,-33, ,
3, ,-33, ,
1, ,-33, ,
3, ,-33, ,
2, ,-33, ,
2, ,-33, ,
2, ,-33, ,
2, ,-33, ,
1, ,-33, ,
3, ,-33, ,
2, ,-34, ,
2, ,-33, ,
3, ,-33, ,
2, ,-34, ,
1, ,-33, ,
3, ,-33, ,
2, ,-33, ,
1, ,-33, ,
2, ,-33, ,
2, ,-33, ,
1, ,-33, ,
3, ,-33, ,
2, ,-33, ,
1, ,-33, ,
2, ,-33, ,
3, ,-33, ,
1, ,-33, ,
3, ,-33, ,
2, ,-33, ,
1, ,-34, ,
2, ,-33, ,
3, ,-33, ,
1, ,-33, ,
3, ,-33, ,
1, ,-33, ,
1, ,-33, ,
2, ,-33, ,
2, ,-33, ,
1, ,-33, ,
3, ,-33, ,
2, ,-33, ,
2, ,-33, ,
2, ,-33, ,
2, ,-33, ,
1, ,-33, ,
3, ,-33, ,
2, ,-34, ,
1, ,-34, ,
2, ,-33, ,
2, ,-34, ,
1, ,-33, ,
3, ,-33, ,
1, ,-33, ,
1, ,-33, ,
2, ,-33, ,
2, ,-33, ,
1, ,-33, ,
3, ,-33, ,
1, ,-33, ,
1, ,-33, ,
2, ,-33, ,
2, ,-33, ,
1, ,-33, ,
3, ,-33, ,
2, ,-33, ,
1, ,-34, ,
2, ,-33, ,
2, ,-33, ,
1, ,-33, ,
3, ,-33, ,
1, ,-33, ,
1, ,-33, ,
2, ,-33, ,
2, ,-34, ,
1, ,-33, ,
3, ,-33, ,
2, ,-33, ,
1, ,-33, ,
2, ,-33, ,
2, ,-33, ,
1, ,-33, ,
3, ,-33, ,
2, ,-33, ,
1, ,-33, ,
2, ,-33, ,
2, ,-34, ,
1, ,-33, ,
2, ,-33, ,
1, ,-33, ,
1, ,-33, ,
2, ,-33, ,
2, ,-33, ,
1, ,-33, ,
3, ,-33, ,
1, ,-34, ,
1, ,-33, ,
2, ,-33, ,
2, ,-34, ,
1, ,-33, ,
3, ,-33, ,
1, ,-33, ,
1, ,-33, ,
2, ,-33, ,
2, ,-33, ,
1, ,-33, ,
3, ,-33, ,
1, ,-33, ,
1, ,-33, ,
2, ,-33, ,
2, ,-34, ,
1, ,-33, ,
3, ,-33, ,
1, ,-33, ,
1, ,-33, ,
2, ,-33, ,
2, ,-33, ,
1, ,-33, ,
3, ,-33, ,
1, ,-34, ,
1, ,-33, ,
2, ,-33, ,
2, ,-33, ,
1, ,-33, ,
2, ,-33, ,
1, ,-33, ,
1, ,-34, ,
2, ,-33, ,
2, ,-33, ,
1, ,-33, ,
3, ,-33, ,
1, ,-33, ,
1, ,-33, ,
2, ,-33, ,
2, ,-33, ,
-1, ,-33, ,
3, ,-33, ,
1, ,-33, ,
1, ,-34, ,
2, ,-33, ,
2, ,-33, ,
-1, ,-33, ,
3, ,-33, ,
1, ,-33, ,
1, ,-33, ,
2, ,-33, ,
2, ,-33, ,
-1, ,-33, ,
2, ,-33, ,
1, ,-31, ,
1, ,-15, ,
2, ,4, ,
2, ,19, ,
1, ,30, ,
2, ,38, ,
2, ,43, ,
1, ,47, ,
2, ,51, ,
2, ,54, ,
1, ,55, ,
2, ,57, ,
1, ,57, ,
-1, ,58, ,
1, ,59, ,
1, ,59, ,
-1, ,59, ,
2, ,60, ,
2, ,59, ,
1, ,60, ,
2, ,60, ,
2, ,60, ,
-1, ,60, ,
2, ,60, ,
1, ,59, ,
1, ,60, ,
2, ,61, ,
1, ,61, ,
-1, ,60, ,
2, ,61, ,
1, ,60, ,
1, ,60, ,
2, ,60, ,
1, ,60, ,
-1, ,60, ,
2, ,60, ,
1, ,60, ,
1, ,60, ,
1, ,60, ,
1, ,60, ,
-1, ,60, ,
2, ,60, ,
1, ,59, ,
1, ,60, ,
2, ,60, ,
1, ,60, ,
-1, ,60, ,
2, ,60, ,
1, ,59, ,
1, ,60, ,
2, ,60, ,
1, ,60, ,
-1, ,60, ,
2, ,60, ,
1, ,59, ,
1, ,60, ,
2, ,60, ,
1, ,60, ,
-1, ,60, ,
34, ,60, ,
34, ,60, ,
21, ,60, ,
16, ,59, ,
11, ,59, ,
6, ,60, ,
6, ,60, ,
3, ,59, ,
2, ,60, ,
3, ,60, ,
2, ,60, ,
1, ,60, ,
3, ,60, ,
1, ,59, ,
2, ,60, ,
3, ,60, ,
2, ,60, ,
1, ,60, ,
3, ,60, ,
2, ,59, ,
2, ,60, ,
2, ,60, ,
2, ,60, ,
1, ,59, ,
3, ,60, ,
2, ,60, ,
1, ,60, ,
3, ,59, ,
2, ,60, ,
1, ,59, ,
3, ,60, ,
2, ,59, ,
1, ,60, ,
2, ,61, ,
2, ,60, ,
1, ,59, ,
3, ,60, ,
1, ,59, ,
1, ,60, ,
2, ,60, ,
2, ,59, ,
1, ,59, ,
3, ,60, ,
1, ,59, ,
1, ,60, ,
3, ,60, ,
2, ,60, ,
1, ,59, ,
3, ,60, ,
1, ,60, ,
1, ,60, ,
2, ,60, ,
2, ,59, ,
1, ,59, ,
3, ,61, ,
1, ,59, ,
1, ,59, ,
2, ,60, ,
2, ,59, ,
1, ,59, ,
3, ,60, ,
2, ,59, ,
1, ,60, ,
2, ,60, ,
2, ,60, ,
1, ,60, ,
3, ,60, ,
2, ,59, ,
1, ,60, ,
2, ,60, ,
2, ,60, ,
1, ,59, ,
3, ,60, ,
1, ,59, ,
1, ,60, ,
3, ,60, ,
2, ,59, ,
1, ,60, ,
2, ,60, ,
1, ,59, ,
1, ,60, ,
3, ,60, ,
2, ,60, ,
1, ,60, ,
3, ,60, ,
1, ,59, ,
1, ,60, ,
2, ,60, ,
2, ,60, ,
1, ,60, ,
2, ,60, ,
1, ,59, ,
1, ,59, ,
2, ,59, ,
2, ,60, ,
1, ,59, ,
2, ,53, ,
1, ,32, ,
1, ,15, ,
2, ,3, ,
2, ,-6, ,
1, ,-14, ,
2, ,-19, ,
1, ,-22, ,
1, ,-25, ,
2, ,-27, ,
2, ,-30, ,
-1, ,-31, ,
3, ,-32, ,
1, ,-32, ,
1, ,-33, ,
2, ,-33, ,
2, ,-33, ,
1, ,-33, ,
3, ,-33, ,
1, ,-34, ,
1, ,-34, ,
2, ,-34, ,
2, ,-34, ,
1, ,-34, ,
3, ,-34, ,
1, ,-34, ,
1, ,-34, ,
2, ,-34, ,
2, ,-34, ,
1, ,-34, ,
3, ,-34, ,
1, ,-34, ,
1, ,-34, ,
2, ,-34, ,
2, ,-34, ,
1, ,-33, ,
3, ,-34, ,
1, ,-34, ,
2, ,-34, ,
2, ,-34, ,
2, ,-34, ,
1, ,-34, ,
3, ,-34, ,
1, ,-34, ,
1, ,-34, ,
2, ,-33, ,
2, ,-34, ,
1, ,-33, ,
3, ,-33, ,
1, ,-33, ,
1, ,-33, ,
2, ,-34, ,
2, ,-33, ,
1, ,-34, ,
2, ,-33, ,
1, ,-34, ,
1, ,-33, ,
2, ,-33, ,
2, ,-34, ,
1, ,-33, ,
3, ,-33, ,
1, ,-33, ,
1, ,-33, ,
2, ,-33, ,
2, ,-33, ,
1, ,-33, ,
3, ,-33, ,
1, ,-34, ,
1, ,-33, ,
2, ,-33, ,
2, ,-34, ,
1, ,-33, ,
3, ,-34, ,
1, ,-34, ,
1, ,-34, ,
2, ,-34, ,
2, ,-34, ,
1, ,-33, ,
3, ,-33, ,
1, ,-33, ,
1, ,-33, ,
2, ,-34, ,
2, ,-34, ,
1, ,-33, ,
3, ,-33, ,
1, ,-33, ,
1, ,-34, ,
2, ,-33, ,
2, ,-34, ,
1, ,-34, ,
3, ,-33, ,
2, ,-33, ,
1, ,-33, ,
2, ,-33, ,
2, ,-34, ,
1, ,-33, ,
3, ,-34, ,
1, ,-33, ,
1, ,-33, ,
2, ,-34, ,
2, ,-34, ,
1, ,-33, ,
3, ,-33, ,
1, ,-33, ,
1, ,-33, ,
2, ,-33, ,
2, ,-34, ,
-1, ,-33, ,
2, ,-33, ,
1, ,-33, ,
1, ,-33, ,
2, ,-33, ,
2, ,-33, ,
-1, ,-34, ,
2, ,-33, ,
1, ,-34, ,
1, ,-33, ,
2, ,-33, ,
2, ,-33, ,
-1, ,-33, ,
2, ,-34, ,
1, ,-33, ,
1, ,-33, ,
2, ,-34, ,
2, ,-33, ,
-1, ,-33, ,
2, ,-33, ,
1, ,-33, ,
1, ,-33, ,
2, ,-33, ,
2, ,-33, ,
-1, ,-33, ,
2, ,-33, ,
1, ,-33, ,
1, ,-33, ,
1, ,-34, ,
2, ,-33, ,
-1, ,-33, ,
2, ,-33, ,
1, ,-33, ,
1, ,-33, ,
2, ,-33, ,
2, ,-33, ,
-1, ,-33, ,
2, ,-33, ,
1, ,-33, ,
1, ,-33, ,
2, ,-33, ,
1, ,-33, ,
-1, ,-34, ,
2, ,-33, ,
1, ,-33, ,
1, ,-33, ,
2, ,-33, ,
2, ,-33, ,
-1, ,-33, ,
2, ,-33, ,
1, ,-33, ,
1, ,-34, ,
1, ,-33, ,
2, ,-33, ,
-1, ,-33, ,
2, ,-33, ,
1, ,-33, ,
1, ,-33, ,
2, ,-33, ,
2, ,-33, ,
-1, ,-33, ,
2, ,-33, ,
1, ,-33, ,
1, ,-33, ,
2, ,-33, ,
2, ,-33, ,
-1, ,-33, ,
2, ,-33, ,
1, ,-33, ,
1, ,-33, ,
2, ,-33, ,
2, ,-33, ,
-1, ,-33, ,
2, ,-33, ,
1, ,-33, ,
1, ,-34, ,
1, ,-33, ,
2, ,-33, ,
-1, ,-33, ,
2, ,-33, ,
1, ,-33, ,
1, ,-33, ,
2, ,-33, ,
2, ,-33, ,
-1, ,-33, ,
2, ,-33, ,
1, ,-33, ,
1, ,-33, ,
2, ,-33, ,
2, ,-33, ,
1, ,-33, ,
2, ,-33, ,
1, ,-33, ,
1, ,-33, ,
2, ,-33, ,
2, ,-33, ,
-1, ,-33, ,
2, ,-33, ,
1, ,-33, ,
1, ,-34, ,
1, ,-33, ,
2, ,-33, ,
-1, ,-33, ,
2, ,-33, ,
1, ,-33, ,
1, ,-33, ,
2, ,-33, ,
2, ,-33, ,
-1, ,-33, ,
2, ,-33, ,
1, ,-33, ,
1, ,-34, ,
1, ,-33, ,
2, ,-33, ,
-1, ,-33, ,
2, ,-33, ,
1, ,-33, ,
1, ,-33, ,
2, ,-33, ,
2, ,-33, ,
-1, ,-33, ,
2, ,-33, ,
1, ,-33, ,
1, ,-34, ,
2, ,-33, ,
2, ,-33, ,
-1, ,-33, ,
2, ,-33, ,
1, ,-34, ,
1, ,-33, ,
2, ,-33, ,
2, ,-33, ,
-1, ,-33, ,
2, ,-33, ,
1, ,-33, ,
1, ,-33, ,
1, ,-33, ,
2, ,-33, ,
-1, ,-34, ,
2, ,-33, ,
1, ,-33, ,
1, ,-33, ,
2, ,-33, ,
2, ,-33, ,
-1, ,-33, ,
2, ,-33, ,
1, ,-33, ,
1, ,-33, ,
1, ,-33, ,
1, ,-33, ,
-1, ,-33, ,
2, ,-33, ,
1, ,-33, ,
-1, ,-33, ,
2, ,-33, ,
1, ,-33, ,
-1, ,-33, ,
2, ,-33, ,
1, ,-33, ,
1, ,-33, ,
1, ,-33, ,
1, ,-33, ,
-1, ,-33, ,
2, ,-33, ,
1, ,-34, ,
1, ,-33, ,
2, ,-33, ,
1, ,-34, ,
-1, ,-33, ,
2, ,-33, ,
1, ,-33, ,
1, ,-33, ,
1, ,-33, ,
1, ,-33, ,
-1, ,-33, ,
2, ,-33, ,
1, ,-33, ,
1, ,-33, ,
1, ,-33, ,
1, ,-33, ,
-1, ,-33, ,
2, ,-33, ,
1, ,-33, ,
1, ,-33, ,
1, ,-33, ,
1, ,-33, ,
-1, ,-33, ,
2, ,-33, ,
1, ,-33, ,
1, ,-33, ,
1, ,-33, ,
1, ,-33, ,
-1, ,-33, ,
2, ,-33, ,
1, ,-33, ,
1, ,-33, ,
1, ,-33, ,
1, ,-33, ,
-1, ,-33, ,
2, ,-33, ,
1, ,-34, ,
1, ,-33, ,
1, ,-33, ,
1, ,-33, ,
-1, ,-33, ,
2, ,-33, ,
1, ,-33, ,
1, ,-33, ,
1, ,-33, ,
1, ,-33, ,
-1, ,-33, ,
2, ,-33, ,
1, ,-33, ,
1, ,-33, ,
2, ,-33, ,
1, ,-34, ,
-1, ,-33, ,
2, ,-33, ,
1, ,-33, ,
1, ,-33, ,
1, ,-33, ,
1, ,-33, ,
-1, ,-33, ,
2, ,-33, ,
1, ,-33, ,
1, ,-33, ,
2, ,-33, ,
1, ,-33, ,
-1, ,-33, ,
2, ,-33, ,
1, ,-33, ,
1, ,-34, ,
1, ,-33, ,
1, ,-33, ,
-1, ,-33, ,
2, ,-33, ,
1, ,-34, ,
1, ,-33, ,
1, ,-33, ,
1, ,-33, ,
-1, ,-33, ,
2, ,-33, ,
1, ,-33, ,
1, ,-33, ,
1, ,-33, ,
1, ,-33, ,
-1, ,-33, ,
2, ,-33, ,
1, ,-33, ,
-1, ,-33, ,
2, ,-33, ,
1, ,-33, ,
-1, ,-33, ,
1, ,-33, ,
1, ,-33, ,
-1, ,-33, ,
1, ,-33, ,
1, ,-33, ,
-1, ,-33, ,
2, ,-33, ,
1, ,-34, ,
1, ,-33, ,
1, ,-33, ,
1, ,-34, ,
-1, ,-33, ,
1, ,-33, ,
1, ,-33, ,
1, ,-34, ,
1, ,-33, ,
1, ,-33, ,
-1, ,-33, ,
2, ,-33, ,
1, ,-34, ,
1, ,-33, ,
1, ,-33, ,
1, ,-33, ,
-1, ,-33, ,
1, ,-33, ,
-1, ,-33, ,
-1, ,-34, ,
1, ,-33, ,
1, ,-33, ,
-1, ,-33, ,
1, ,-33, ,
-1, ,-33, ,
-1, ,-33, ,
1, ,-33, ,
1, ,-34, ,
-1, ,-33, ,
1, ,-33, ,
-1, ,-34, ,
-1, ,-33, ,
1, ,-33, ,
1, ,-33, ,
-1, ,-33, ,
2, ,-33, ,
-1, ,-33, ,
-1, ,-33, ,
1, ,-33, ,
1, ,-33, ,
-1, ,-33, ,
1, ,-34, ,
1, ,-33, ,
-1, ,-34, ,
1, ,-33, ,
1, ,-33, ,
-1, ,-33, ,
2, ,-33, ,
1, ,-33, ,
1, ,-33, ,
1, ,-33, ,
1, ,-33, ,
-1, ,-33, ,
2, ,-33, ,
1, ,-33, ,
-1, ,-33, ,
1, ,-33, ,
1, ,-33, ,
-1, ,-33, ,
2, ,-33, ,
-1, ,-34, ,
-1, ,-33, ,
1, ,-33, ,
1, ,-33, ,
-1, ,-33, ,
2, ,-33, ,
1, ,-33, ,
-1, ,-33, ,
1, ,-33, ,
1, ,-33, ,
-1, ,-33, ,
2, ,-33, ,
1, ,-33, ,
-1, ,-33, ,
1, ,-33, ,
1, ,-33, ,
-1, ,-33, ,
1, ,-33, ,
1, ,-33, ,
1, ,-33, ,
1, ,-33, ,
1, ,-33, ,
-1, ,-33, ,
2, ,-33, ,
1, ,-34, ,
1, ,-33, ,
1, ,-33, ,
1, ,-33, ,
-1, ,-33, ,
1, ,-33, ,
1, ,-33, ,
1, ,-33, ,
1, ,-33, ,
1, ,-33, ,
-1, ,-33, ,
2, ,-33, ,
1, ,-33, ,
-1, ,-33, ,
1, ,-33, ,
1, ,-33, ,
-1, ,-33, ,
1, ,-33, ,
1, ,-33, ,
1, ,-33, ,
1, ,-33, ,
1, ,-33, ,
-1, ,-33, ,
1, ,-33, ,
1, ,-34, ,
1, ,-33, ,
1, ,-33, ,
1, ,-33, ,
-1, ,-33, ,
2, ,-33, ,
1, ,-33, ,
-1, ,-33, ,
1, ,-33, ,
1, ,-33, ,
-1, ,-33, ,
1, ,-33, ,
-1, ,-34, ,
1, ,-33, ,
1, ,-33, ,
1, ,-34, ,
-1, ,-33, ,
2, ,-34, ,
-1, ,-33, ,
-1, ,-34, ,
1, ,-33, ,
1, ,-33, ,
-1, ,-33, ,
1, ,-33, ,
1, ,-33, ,
-1, ,-33, ,
1, ,-33, ,
1, ,-33, ,
-1, ,-33, ,
1, ,-33, ,
-1, ,-33, ,
1, ,-34, ,
1, ,-33, ,
1, ,-33, ,
-1, ,-33, ,
2, ,-33, ,
-1, ,-33, ,
-1, ,-33, ,
2, ,-33, ,
2, ,-34, ,
-1, ,-33, ,
1, ,-33, ,
-1, ,-33, ,
-1, ,-33, ,
1, ,-33, ,
1, ,-33, ,
-1, ,-33, ,
2, ,-33, ,
1, ,-34, ,
-1, ,-33, ,
1, ,-33, ,
1, ,-33, ,
-1, ,-33, ,
1, ,-33, ,
-1, ,-34, ,
-1, ,-33, ,
1, ,-33, ,
1, ,-33, ,
-1, ,-33, ,
2, ,-33, ,
-1, ,-34, ,
-1, ,-33, ,
1, ,-33, ,
1, ,-33, ,
-1, ,-33, ,
1, ,-33, ,
-1, ,-33, ,
-1, ,-33, ,
1, ,-33, ,
1, ,-33, ,
-1, ,-33, ,
1, ,-33, ,
-1, ,-34, ,
-1, ,-33, ,
1, ,-33, ,
1, ,-33, ,
-1, ,-33, ,
1, ,-33, ,
-1, ,-33, ,
-1, ,-33, ,
1, ,-33, ,
1, ,-33, ,
-1, ,-33, ,
2, ,-33, ,
-1, ,-33, ,
-1, ,-33, ,
1, ,-33, ,
1, ,-33, ,
-1, ,-33, ,
1, ,-33, ,
-1, ,-33, ,
-1, ,-33, ,
1, ,-33, ,
1, ,-33, ,
-1, ,-33, ,
1, ,-33, ,
-1, ,-34, ,
-1, ,-33, ,
1, ,-33, ,
1, ,-33, ,
-1, ,-33, ,
1, ,-34, ,
-1, ,-34, ,
-1, ,-33, ,
1, ,-33, ,
1, ,-33, ,
-1, ,-33, ,
2, ,-33, ,
-1, ,-34, ,
-1, ,-33, ,
1, ,-33, ,
1, ,-33, ,
-1, ,-33, ,
2, ,-33, ,
-1, ,-33, ,
-1, ,-33, ,
1, ,-33, ,
1, ,-33, ,
-1, ,-33, ,
1, ,-33, ,
-1, ,-33, ,
-1, ,-33, ,
1, ,-33, ,
1, ,-33, ,
-1, ,-33, ,
1, ,-33, ,
1, ,-33, ,
-1, ,-34, ,
1, ,-33, ,
1, ,-33, ,
-1, ,-33, ,
1, ,-33, ,
1, ,-34, ,
-1, ,-33, ,
1, ,-33, ,
1, ,-33, ,
-1, ,-33, ,
1, ,-33, ,
-1, ,-33, ,
1, ,-33, ,
1, ,-33, ,
1, ,-33, ,
-1, ,-33, ,
1, ,-33, ,
-1, ,-34, ,
-1, ,-33, ,
1, ,-33, ,
1, ,-33, ,
-1, ,-33, ,
2, ,-33, ,
-1, ,-34, ,
-1, ,-33, ,
1, ,-19, ,
1, ,1, ,
-1, ,16, ,
2, ,27, ,
-1, ,36, ,
-1, ,42, ,
1, ,46, ,
1, ,51, ,
-1, ,53, ,
2, ,56, ,
-1, ,57, ,
-1, ,58, ,
1, ,58, ,
-1, ,59, ,
-1, ,59, ,
1, ,60, ,
-1, ,60, ,
-1, ,60, ,
2, ,60, ,
1, ,60, ,
-1, ,60, ,
2, ,60, ,
-1, ,60, ,
-1, ,61, ,
1, ,60, ,
-1, ,60, ,
-1, ,60, ,
1, ,61, ,
-1, ,60, ,
-1, ,60, ,
2, ,61, ,
1, ,60, ,
-1, ,60, ,
1, ,61, ,
-1, ,60, ,
-1, ,60, ,
1, ,60, ,
-1, ,60, ,
-2, ,59, ,
1, ,61, ,
-1, ,59, ,
-1, ,60, ,
1, ,60, ,
-1, ,60, ,
-1, ,60, ,
1, ,60, ,
-1, ,59, ,
-1, ,60, ,
1, ,60, ,
1, ,59, ,
-1, ,60, ,
1, ,60, ,
-1, ,59, ,
-1, ,60, ,
2, ,60, ,
1, ,60, ,
-1, ,60, ,
1, ,60, ,
-1, ,59, ,
-1, ,60, ,
1, ,60, ,
1, ,59, ,
-1, ,60, ,
1, ,60, ,
-1, ,60, ,
-1, ,60, ,
2, ,60, ,
1, ,60, ,
-1, ,59, ,
1, ,60, ,
-1, ,59, ,
-1, ,60, ,
83, ,60, ,
52, ,59, ,
31, ,59, ,
22, ,60, ,
12, ,60, ,
8, ,60, ,
8, ,60, ,
5, ,59, ,
2, ,60, ,
5, ,60, ,
2, ,60, ,
2, ,60, ,
3, ,59, ,
2, ,60, ,
1, ,59, ,
3, ,60, ,
2, ,59, ,
1, ,60, ,
3, ,60, ,
2, ,59, ,
1, ,60, ,
3, ,60, ,
2, ,60, ,
1, ,60, ,
2, ,60, ,
2, ,59, ,
1, ,60, ,
3, ,60, ,
3, ,59, ,
6, ,59, ,
7, ,60, ,
6, ,59, ,
3, ,60, ,
5, ,60, ,
2, ,59, ,
2, ,60, ,
3, ,60, ,
2, ,60, ,
1, ,59, ,
3, ,60, ,
2, ,59, ,
1, ,60, ,
3, ,60, ,
2, ,60, ,
1, ,59, ,
2, ,60, ,
2, ,59, ,
1, ,60, ,
2, ,60, ,
2, ,59, ,
1, ,59, ,
3, ,60, ,
2, ,59, ,
1, ,60, ,
2, ,60, ,
2, ,60, ,
1, ,60, ,
3, ,60, ,
2, ,59, ,
1, ,60, ,
2, ,60, ,
2, ,59, ,
1, ,59, ,
3, ,60, ,
2, ,59, ,
1, ,60, ,
2, ,60, ,
2, ,59, ,
1, ,59, ,
3, ,60, ,
1, ,59, ,
1, ,60, ,
2, ,60, ,
2, ,59, ,
1, ,60, ,
3, ,60, ,
2, ,59, ,
1, ,60, ,
2, ,60, ,
2, ,60, ,
1, ,60, ,
3, ,60, ,
1, ,55, ,
1, ,37, ,
2, ,18, ,
2, ,5, ,
1, ,-4, ,
3, ,-12, ,
1, ,-18, ,
1, ,-22, ,
2, ,-25, ,
2, ,-27, ,
1, ,-30, ,
2, ,-31, ,
1, ,-32, ,
1, ,-32, ,
2, ,-33, ,
2, ,-33, ,
1, ,-33, ,
3, ,-33, ,
1, ,-34, ,
1, ,-34, ,
2, ,-34, ,
2, ,-34, ,
1, ,-34, ,
3, ,-34, ,
2, ,-34, ,
2, ,-34, ,
2, ,-34, ,
2, ,-34, ,
1, ,-34, ,
3, ,-34, ,
2, ,-34, ,
1, ,-34, ,
2, ,-34, ,
2, ,-34, ,
1, ,-34, ,
3, ,-33, ,
1, ,-34, ,
1, ,-34, ,
2, ,-34, ,
2, ,-34, ,
1, ,-34, ,
3, ,-33, ,
1, ,-34, ,
1, ,-33, ,
2, ,-34, ,
2, ,-33, ,
1, ,-33, ,
3, ,-34, ,
1, ,-33, ,
1, ,-33, ,
2, ,-33, ,
2, ,-33, ,
1, ,-34, ,
3, ,-33, ,
1, ,-34, ,
1, ,-33, ,
2, ,-33, ,
2, ,-34, ,
1, ,-33, ,
3, ,-33, ,
1, ,-33, ,
1, ,-33, ,
2, ,-34, ,
2, ,-33, ,
1, ,-34, ,
3, ,-33, ,
1, ,-33, ,
1, ,-34, ,
2, ,-33, ,
2, ,-33, ,
1, ,-33, ,
3, ,-33, ,
1, ,-33, ,
1, ,-33, ,
2, ,-34, ,
2, ,-33, ,
1, ,-34, ,
3, ,-33, ,
1, ,-33, ,
1, ,-33, ,
2, ,-33, ,
2, ,-34, ,
1, ,-33, ,
3, ,-34, ,
1, ,-33, ,
1, ,-33, ,
2, ,-33, ,
2, ,-33, ,
1, ,-34, ,
3, ,-33, ,
1, ,-33, ,
1, ,-33, ,
2, ,-33, ,
2, ,-34, ,
1, ,-33, ,
3, ,-33, ,
1, ,-33, ,
1, ,-33, ,
2, ,-34, ,
2, ,-33, ,
1, ,-34, ,
3, ,-33, ,
1, ,-33, ,
1, ,-33, ,
2, ,-33, ,
2, ,-34, ,
1, ,-33, ,
2, ,-33, ,
1, ,-33, ,
1, ,-33, ,
2, ,-34, ,
2, ,-33, ,
-1, ,-33, ,
3, ,-33, ,
1, ,-34, ,
1, ,-33, ,
2, ,-33, ,
2, ,-33, ,
-1, ,-33, ,
2, ,-33, ,
1, ,-33, ,
1, ,-34, ,
2, ,-34, ,
2, ,-34, ,
1, ,-33, ,
2, ,-33, ,
1, ,-33, ,
1, ,-33, ,
2, ,-33, ,
2, ,-34, ,
1, ,-33, ,
2, ,-33, ,
1, ,-33, ,
1, ,-33, ,
2, ,-33, ,
2, ,-33, ,
1, ,-33, ,
2, ,-33, ,
1, ,-33, ,
1, ,-33, ,
2, ,-33, ,
2, ,-33, ,
1, ,-33, ,
3, ,-33, ,
1, ,-33, ,
1, ,-33, ,
2, ,-33, ,
2, ,-33, ,
1, ,-33, ,
2, ,-33, ,
13, ,-33, ,
34, ,-33, ,
24, ,-33, ,
16, ,-33, ,
8, ,-33, ,
8, ,-33, ,
5, ,-33, ,
3, ,-33, ,
3, ,-34, ,
2, ,-33, ,
1, ,-33, ,
3, ,-33, ,
2, ,-33, ,
2, ,-33, ,
3, ,-33, ,
3, ,-33, ,
1, ,-33, ,
3, ,-33, ,
2, ,-33, ,
2, ,-33, ,
2, ,-33, ,
2, ,-33, ,
1, ,-33, ,
3, ,-33, ,
2, ,-33, ,
1, ,-33, ,
3, ,-33, ,
3, ,-33, ,
1, ,-33, ,
3, ,-33, ,
2, ,-33, ,
1, ,-33, ,
3, ,-33, ,
2, ,-33, ,
1, ,-33, ,
3, ,-33, ,
1, ,-33, ,
1, ,-33, ,
2, ,-33, ,
2, ,-33, ,
1, ,-33, ,
3, ,-33, ,
2, ,-33, ,
2, ,-33, ,
2, ,-33, ,
2, ,-33, ,
1, ,-33, ,
3, ,-33, ,
2, ,-33, ,
1, ,-33, ,
3, ,-33, ,
3, ,-34, ,
1, ,-33, ,
3, ,-33, ,
2, ,-33, ,
1, ,-34, ,
2, ,-33, ,
2, ,-33, ,
1, ,-33, ,
3, ,-33, ,
2, ,-33, ,
1, ,-33, ,
2, ,-33, ,
3, ,-33, ,
1, ,-33, ,
3, ,-33, ,
2, ,-33, ,
2, ,-34, ,
2, ,-33, ,
2, ,-33, ,
1, ,-33, ,
3, ,-33, ,
2, ,-33, ,
1, ,-33, ,
2, ,-33, ,
2, ,-34, ,
1, ,-33, ,
3, ,-33, ,
2, ,-33, ,
1, ,-33, ,
2, ,-33, ,
2, ,-33, ,
1, ,-33, ,
3, ,-33, ,
2, ,-33, ,
1, ,-33, ,
2, ,-33, ,
2, ,-34, ,
1, ,-33, ,
3, ,-33, ,
2, ,-33, ,
1, ,-33, ,
2, ,-33, ,
2, ,-33, ,
1, ,-33, ,
3, ,-33, ,
2, ,-33, ,
1, ,-33, ,
2, ,-33, ,
2, ,-34, ,
1, ,-33, ,
3, ,-33, ,
1, ,-33, ,
1, ,-33, ,
2, ,-33, ,
2, ,-33, ,
1, ,-33, ,
3, ,-33, ,
2, ,-33, ,
1, ,-33, ,
3, ,-33, ,
3, ,-33, ,
1, ,-33, ,
3, ,-33, ,
1, ,-33, ,
1, ,-33, ,
2, ,-33, ,
2, ,-33, ,
1, ,-33, ,
2, ,-33, ,
1, ,-34, ,
1, ,-33, ,
2, ,-33, ,
2, ,-33, ,
1, ,-33, ,
3, ,-33, ,
1, ,-33, ,
1, ,-33, ,
2, ,-33, ,
2, ,-33, ,
1, ,-33, ,
3, ,-33, ,
1, ,-33, ,
1, ,-33, ,
2, ,-33, ,
2, ,-33, ,
1, ,-33, ,
2, ,-33, ,
1, ,-33, ,
1, ,-33, ,
2, ,-33, ,
2, ,-33, ,
1, ,-33, ,
3, ,-33, ,
1, ,-34, ,
1, ,-33, ,
2, ,-33, ,
2, ,-33, ,
1, ,-33, ,
3, ,-33, ,
1, ,-33, ,
1, ,-33, ,
2, ,-33, ,
2, ,-33, ,
1, ,-33, ,
2, ,-33, ,
1, ,-33, ,
1, ,-33, ,
2, ,-33, ,
2, ,-33, ,
1, ,-33, ,
2, ,-33, ,
1, ,-33, ,
1, ,-33, ,
2, ,-33, ,
2, ,-33, ,
1, ,-33, ,
3, ,-33, ,
1, ,-33, ,
1, ,-33, ,
2, ,-33, ,
2, ,-33, ,
1, ,-33, ,
2, ,-34, ,
1, ,-33, ,
1, ,-33, ,
2, ,-33, ,
2, ,-33, ,
1, ,-33, ,
3, ,-33, ,
1, ,-33, ,
1, ,-33, ,
2, ,-33, ,
2, ,-33, ,
1, ,-33, ,
3, ,-33, ,
1, ,-33, ,
1, ,-34, ,
2, ,-33, ,
2, ,-33, ,
-1, ,-33, ,
2, ,-33, ,
1, ,-34, ,
1, ,-33, ,
2, ,-33, ,
2, ,-33, ,
-1, ,-33, ,
2, ,-33, ,
1, ,-33, ,
1, ,-33, ,
2, ,-33, ,
2, ,-33, ,
1, ,-33, ,
2, ,-33, ,
1, ,-33, ,
1, ,-33, ,
2, ,-33, ,
2, ,-33, ,
-1, ,-33, ,
3, ,-33, ,
1, ,-33, ,
1, ,-33, ,
2, ,-33, ,
2, ,-33, ,
1, ,-33, ,
2, ,-33, ,
1, ,-34, ,
1, ,-33, ,
2, ,-33, ,
2, ,-33, ,
-1, ,-33, ,
2, ,-33, ,
1, ,-33, ,
1, ,-33, ,
1, ,-33, ,
2, ,-33, ,
-1, ,-33, ,
2, ,-33, ,
1, ,-34, ,
1, ,-33, ,
2, ,-33, ,
2, ,-34, ,
-1, ,-33, ,
2, ,-33, ,
1, ,-33, ,
1, ,-33, ,
1, ,-33, ,
2, ,-33, ,
1, ,-33, ,
2, ,-33, ,
1, ,-33, ,
1, ,-33, ,
2, ,-33, ,
1, ,-33, ,
-1, ,-33, ,
2, ,-33, ,
1, ,-33, ,
1, ,-34, ,
1, ,-33, ,
2, ,-33, ,
-1, ,-33, ,
2, ,-33, ,
1, ,-34, ,
1, ,-33, ,
2, ,-33, ,
2, ,-33, ,
-1, ,-33, ,
2, ,-33, ,
1, ,-33, ,
1, ,-33, ,
1, ,-33, ,
1, ,-33, ,
-1, ,-33, ,
2, ,-33, ,
1, ,-34, ,
1, ,-33, ,
2, ,-33, ,
1, ,-34, ,
-1, ,-33, ,
2, ,-33, ,
1, ,-33, ,
1, ,-33, ,
1, ,-33, ,
2, ,-33, ,
-1, ,-33, ,
2, ,-33, ,
1, ,-33, ,
-1, ,-33, ,
1, ,-33, ,
1, ,-33, ,
-1, ,-33, ,
2, ,-33, ,
1, ,-33, ,
1, ,-33, ,
2, ,-33, ,
1, ,-33, ,
-1, ,-33, ,
2, ,-33, ,
1, ,-34, ,
1, ,-33, ,
2, ,-33, ,
2, ,-34, ,
-1, ,-33, ,
2, ,-33, ,
1, ,-33, ,
1, ,-33, ,
2, ,-33, ,
2, ,-33, ,
-1, ,-33, ,
2, ,-33, ,
1, ,-33, ,
1, ,-33, ,
2, ,-33, ,
2, ,-33, ,
-1, ,-33, ,
2, ,-33, ,
1, ,-33, ,
1, ,-34, ,
2, ,-34, ,
2, ,-33, ,
-1, ,-33, ,
2, ,-33, ,
1, ,-34, ,
1, ,-33, ,
2, ,-33, ,
2, ,-33, ,
-1, ,-33, ,
2, ,-33, ,
1, ,-33, ,
1, ,-33, ,
1, ,-33, ,
1, ,-33, ,
-1, ,-33, ,
2, ,-33, ,
1, ,-34, ,
1, ,-33, ,
2, ,-33, ,
1, ,-33, ,
-1, ,-33, ,
2, ,-33, ,
1, ,-33, ,
1, ,-33, ,
1, ,-33, ,
2, ,-33, ,
-1, ,-33, ,
2, ,-33, ,
1, ,-34, ,
1, ,-33, ,
1, ,-33, ,
1, ,-34, ,
-1, ,-33, ,
2, ,-33, ,
1, ,-33, ,
1, ,-33, ,
1, ,-33, ,
1, ,-33, ,
-1, ,-33, ,
2, ,-33, ,
1, ,-33, ,
1, ,-33, ,
1, ,-33, ,
2, ,-33, ,
-1, ,-33, ,
2, ,-33, ,
1, ,-33, ,
1, ,-34, ,
1, ,-33, ,
2, ,-33, ,
-1, ,-33, ,
2, ,-33, ,
1, ,-34, ,
1, ,-33, ,
2, ,-33, ,
1, ,-33, ,
-1, ,-33, ,
2, ,-33, ,
1, ,-33, ,
1, ,-34, ,
1, ,-33, ,
2, ,-33, ,
-1, ,-33, ,
2, ,-34, ,
1, ,-34, ,
1, ,-33, ,
2, ,-33, ,
1, ,-34, ,
-1, ,-33, ,
2, ,-33, ,
1, ,-33, ,
1, ,-33, ,
1, ,-33, ,
2, ,-33, ,
-1, ,-33, ,
2, ,-33, ,
1, ,-34, ,
1, ,-33, ,
2, ,-33, ,
1, ,-34, ,
-1, ,-33, ,
2, ,-34, ,
1, ,-34, ,
1, ,-33, ,
1, ,-33, ,
1, ,-33, ,
-1, ,-33, ,
2, ,-33, ,
1, ,-34, ,
1, ,-33, ,
2, ,-33, ,
1, ,-33, ,
-1, ,-33, ,
2, ,-33, ,
-1, ,-33, ,
1, ,-33, ,
1, ,-33, ,
1, ,-33, ,
-1, ,-33, ,
1, ,-33, ,
1, ,-34, ,
1, ,-34, ,
1, ,-33, ,
1, ,-33, ,
-1, ,-33, ,
2, ,-33, ,
-1, ,-33, ,
1, ,-33, ,
1, ,-33, ,
1, ,-33, ,
-1, ,-33, ,
2, ,-33, ,
1, ,-33, ,
-1, ,-33, ,
2, ,-33, ,
1, ,-33, ,
-1, ,-33, ,
2, ,-33, ,
1, ,-33, ,
1, ,-34, ,
1, ,-34, ,
1, ,-33, ,
-1, ,-33, ,
2, ,-33, ,
1, ,-34, ,
1, ,-33, ,
1, ,-33, ,
1, ,-33, ,
-1, ,-33, ,
2, ,-33, ,
1, ,-33, ,
1, ,-34, ,
1, ,-33, ,
1, ,-33, ,
-1, ,-33, ,
2, ,-33, ,
1, ,-33, ,
1, ,-33, ,
2, ,-33, ,
1, ,-33, ,
-1, ,-33, ,
2, ,-33, ,
1, ,-33, ,
1, ,-33, ,
1, ,-33, ,
1, ,-33, ,
-1, ,-33, ,
2, ,-33, ,
1, ,-34, ,
1, ,-33, ,
1, ,-33, ,
1, ,-34, ,
-1, ,-33, ,
2, ,-34, ,
1, ,-33, ,
1, ,-34, ,
1, ,-33, ,
1, ,-33, ,
-1, ,-33, ,
2, ,-33, ,
1, ,-33, ,
1, ,-33, ,
1, ,-33, ,
1, ,-34, ,
-1, ,-33, ,
2, ,-34, ,
1, ,-33, ,
1, ,-33, ,
1, ,-33, ,
1, ,-24, ,
-1, ,-4, ,
2, ,13, ,
1, ,24, ,
1, ,34, ,
2, ,41, ,
1, ,45, ,
-1, ,50, ,
2, ,53, ,
1, ,55, ,
1, ,57, ,
1, ,57, ,
1, ,58, ,
-1, ,59, ,
2, ,59, ,
1, ,59, ,
-1, ,60, ,
2, ,60, ,
1, ,60, ,
-1, ,60, ,
2, ,61, ,
1, ,60, ,
-1, ,60, ,
2, ,61, ,
1, ,61, ,
-1, ,60, ,
2, ,61, ,
-1, ,60, ,
-1, ,60, ,
2, ,61, ,
1, ,60, ,
-1, ,60, ,
1, ,61, ,
-1, ,60, ,
-1, ,60, ,
2, ,60, ,
1, ,60, ,
-1, ,60, ,
2, ,60, ,
-1, ,59, ,
71, ,60, ,
45, ,60, ,
27, ,60, ,
17, ,60, ,
12, ,60, ,
7, ,59, ,
5, ,60, ,
5, ,60, ,
3, ,60, ,
2, ,60, ,
3, ,60, ,
2, ,59, ,
1, ,60, ,
3, ,60, ,
2, ,60, ,
1, ,59, ,
3, ,60, ,
2, ,60, ,
1, ,60, ,
2, ,61, ,
2, ,60, ,
1, ,60, ,
3, ,60, ,
2, ,59, ,
1, ,60, ,
2, ,60, ,
2, ,59, ,
1, ,60, ,
3, ,60, ,
1, ,60, ,
1, ,60, ,
2, ,60, ,
2, ,60, ,
1, ,60, ,
3, ,60, ,
2, ,59, ,
1, ,60, ,
2, ,60, ,
2, ,60, ,
1, ,60, ,
3, ,60, ,
2, ,59, ,
1, ,60, ,
2, ,60, ,
2, ,60, ,
1, ,60, ,
3, ,60, ,
1, ,59, ,
1, ,60, ,
2, ,60, ,
2, ,59, ,
1, ,60, ,
3, ,60, ,
1, ,59, ,
1, ,60, ,
2, ,60, ,
2, ,60, ,
1, ,60, ,
3, ,60, ,
2, ,59, ,
1, ,60, ,
3, ,60, ,
2, ,60, ,
1, ,60, ,
3, ,60, ,
1, ,59, ,
1, ,60, ,
2, ,60, ,
2, ,60, ,
1, ,59, ,
3, ,60, ,
1, ,58, ,
1, ,60, ,
2, ,60, ,
2, ,60, ,
1, ,60, ,
3, ,60, ,
1, ,59, ,
1, ,60, ,
2, ,60, ,
2, ,60, ,
1, ,60, ,
3, ,60, ,
1, ,59, ,
1, ,60, ,
2, ,60, ,
2, ,59, ,
1, ,59, ,
3, ,60, ,
1, ,59, ,
1, ,60, ,
2, ,60, ,
2, ,59, ,
1, ,60, ,
3, ,60, ,
2, ,59, ,
1, ,60, ,
2, ,60, ,
2, ,60, ,
1, ,59, ,
3, ,60, ,
1, ,59, ,
1, ,59, ,
2, ,60, ,
2, ,60, ,
1, ,60, ,
3, ,60, ,
18, ,59, ,
18, ,60, ,
13, ,60, ,
10, ,60, ,
6, ,59, ,
6, ,60, ,
3, ,59, ,
2, ,58, ,
3, ,42, ,
2, ,23, ,
1, ,8, ,
3, ,-2, ,
1, ,-11, ,
1, ,-16, ,
3, ,-20, ,
2, ,-24, ,
1, ,-26, ,
3, ,-28, ,
2, ,-30, ,
2, ,-31, ,
2, ,-32, ,
2, ,-33, ,
1, ,-33, ,
3, ,-33, ,
2, ,-34, ,
2, ,-34, ,
2, ,-34, ,
2, ,-34, ,
1, ,-34, ,
3, ,-34, ,
2, ,-34, ,
1, ,-34, ,
2, ,-34, ,
3, ,-34, ,
1, ,-34, ,
3, ,-34, ,
2, ,-34, ,
1, ,-34, ,
3, ,-34, ,
2, ,-34, ,
1, ,-33, ,
3, ,-34, ,
2, ,-34, ,
2, ,-34, ,
2, ,-34, ,
2, ,-34, ,
1, ,-34, ,
3, ,-34, ,
2, ,-34, ,
1, ,-34, ,
2, ,-34, ,
3, ,-34, ,
1, ,-33, ,
3, ,-34, ,
2, ,-34, ,
1, ,-34, ,
2, ,-34, ,
2, ,-33, ,
1, ,-34, ,
3, ,-33, ,
2, ,-34, ,
1, ,-33, ,
2, ,-34, ,
2, ,-33, ,
1, ,-33, ,
3, ,-34, ,
2, ,-33, ,
1, ,-34, ,
2, ,-33, ,
2, ,-33, ,
1, ,-34, ,
3, ,-33, ,
2, ,-34, ,
1, ,-33, ,
2, ,-33, ,
3, ,-34, ,
1, ,-33, ,
3, ,-33, ,
1, ,-33, ,
1, ,-33, ,
2, ,-34, ,
2, ,-33, ,
1, ,-33, ,
3, ,-33, ,
2, ,-34, ,
1, ,-33, ,
2, ,-33, ,
2, ,-34, ,
1, ,-33, ,
3, ,-33, ,
1, ,-33, ,
1, ,-33, ,
2, ,-34, ,
2, ,-33, ,
1, ,-33, ,
3, ,-33, ,
2, ,-34, ,
1, ,-33, ,
2, ,-33, ,
2, ,-34, ,
1, ,-33, ,
3, ,-33, ,
2, ,-33, ,
1, ,-33, ,
2, ,-34, ,
2, ,-33, ,
1, ,-33, ,
3, ,-33, ,
2, ,-33, ,
1, ,-33, ,
2, ,-33, ,
2, ,-34, ,
1, ,-33, ,
3, ,-33, ,
1, ,-33, ,
1, ,-34, ,
2, ,-33, ,
2, ,-33, ,
1, ,-33, ,
3, ,-33, ,
1, ,-34, ,
1, ,-33, ,
2, ,-33, ,
2, ,-33, ,
1, ,-33, ,
3, ,-33, ,
1, ,-33, ,
1, ,-33, ,
2, ,-33, ,
2, ,-33, ,
1, ,-33, ,
3, ,-33, ,
1, ,-33, ,
1, ,-33, ,
2, ,-33, ,
2, ,-33, ,
1, ,-33, ,
3, ,-33, ,
1, ,-33, ,
1, ,-34, ,
2, ,-33, ,
2, ,-33, ,
1, ,-33, ,
3, ,-33, ,
2, ,-33, ,
1, ,-33, ,
2, ,-33, ,
2, ,-33, ,
1, ,-33, ,
3, ,-33, ,
1, ,-33, ,
1, ,-33, ,
2, ,-33, ,
2, ,-33, ,
1, ,-33, ,
3, ,-33, ,
1, ,-33, ,
1, ,-33, ,
2, ,-33, ,
2, ,-33, ,
-1, ,-33, ,
3, ,-33, ,
1, ,-33, ,
1, ,-33, ,
2, ,-33, ,
2, ,-33, ,
1, ,-33, ,
2, ,-33, ,
1, ,-33, ,
1, ,-33, ,
2, ,-33, ,
2, ,-33, ,
-1, ,-33, ,
2, ,-34, ,
1, ,-33, ,
1, ,-34, ,
2, ,-33, ,
2, ,-33, ,
-1, ,-33, ,
2, ,-33, ,
1, ,-33, ,
1, ,-33, ,
2, ,-33, ,
2, ,-33, ,
1, ,-33, ,
2, ,-33, ,
1, ,-33, ,
1, ,-33, ,
2, ,-33, ,
2, ,-33, ,
-1, ,-33, ,
3, ,-33, ,
2, ,-33, ,
1, ,-33, ,
2, ,-33, ,
2, ,-33, ,
-1, ,-33, ,
2, ,-33, ,
1, ,-33, ,
1, ,-34, ,
2, ,-33, ,
2, ,-33, ,
-1, ,-33, ,
2, ,-33, ,
1, ,-33, ,
1, ,-33, ,
2, ,-33, ,
2, ,-33, ,
-1, ,-33, ,
2, ,-33, ,
1, ,-33, ,
1, ,-33, ,
2, ,-34, ,
2, ,-33, ,
-1, ,-33, ,
2, ,-33, ,
1, ,-34, ,
1, ,-33, ,
2, ,-33, ,
2, ,-33, ,
1, ,-33, ,
2, ,-33, ,
1, ,-33, ,
1, ,-33, ,
2, ,-33, ,
2, ,-33, ,
-1, ,-33, ,
2, ,-33, ,
1, ,-34, ,
1, ,-33, ,
2, ,-33, ,
2, ,-33, ,
-1, ,-33, ,
2, ,-33, ,
1, ,-33, ,
1, ,-33, ,
2, ,-33, ,
2, ,-33, ,
1, ,-33, ,
2, ,-33, ,
1, ,-33, ,
1, ,-33, ,
2, ,-33, ,
2, ,-33, ,
-1, ,-33, ,
2, ,-33, ,
1, ,-33, ,
1, ,-34, ,
2, ,-33, ,
2, ,-33, ,
-1, ,-33, ,
2, ,-33, ,
1, ,-34, ,
1, ,-33, ,
2, ,-33, ,
2, ,-33, ,
1, ,-33, ,
2, ,-33, ,
1, ,-33, ,
1, ,-33, ,
2, ,-33, ,
2, ,-33, ,
1, ,-33, ,
2, ,-33, ,
1, ,-34, ,
1, ,-33, ,
2, ,-33, ,
2, ,-33, ,
-1, ,-33, ,
2, ,-33, ,
1, ,-33, ,
1, ,-33, ,
1, ,-33, ,
2, ,-33, ,
-1, ,-33, ,
2, ,-33, ,
1, ,-33, ,
1, ,-33, ,
2, ,-33, ,
2, ,-33, ,
-1, ,-33, ,
2, ,-33, ,
1, ,-33, ,
1, ,-33, ,
2, ,-33, ,
2, ,-33, ,
-1, ,-33, ,
2, ,-33, ,
1, ,-33, ,
1, ,-33, ,
2, ,-33, ,
2, ,-33, ,
-1, ,-33, ,
2, ,-33, ,
1, ,-33, ,
1, ,-34, ,
1, ,-33, ,
2, ,-33, ,
-1, ,-33, ,
2, ,-33, ,
1, ,-34, ,
1, ,-33, ,
2, ,-33, ,
2, ,-33, ,
-1, ,-33, ,
2, ,-33, ,
1, ,-33, ,
1, ,-33, ,
2, ,-33, ,
2, ,-33, ,
-1, ,-33, ,
2, ,-33, ,
1, ,-33, ,
1, ,-33, ,
2, ,-33, ,
2, ,-33, ,
-1, ,-33, ,
2, ,-33, ,
1, ,-33, ,
1, ,-33, ,
1, ,-33, ,
2, ,-33, ,
1, ,-33, ,
2, ,-33, ,
1, ,-33, ,
1, ,-33, ,
1, ,-33, ,
1, ,-33, ,
-1, ,-33, ,
2, ,-33, ,
1, ,-33, ,
1, ,-33, ,
1, ,-33, ,
1, ,-33, ,
-1, ,-33, ,
2, ,-33, ,
1, ,-34, ,
1, ,-33, ,
2, ,-33, ,
1, ,-33, ,
-1, ,-33, ,
2, ,-33, ,
1, ,-33, ,
1, ,-33, ,
1, ,-33, ,
2, ,-33, ,
-1, ,-33, ,
2, ,-33, ,
1, ,-33, ,
1, ,-33, ,
1, ,-33, ,
1, ,-34, ,
-1, ,-33, ,
2, ,-33, ,
1, ,-33, ,
1, ,-33, ,
1, ,-33, ,
1, ,-33, ,
-1, ,-33, ,
2, ,-33, ,
1, ,-34, ,
1, ,-33, ,
2, ,-33, ,
1, ,-33, ,
-1, ,-33, ,
2, ,-33, ,
1, ,-33, ,
1, ,-34, ,
1, ,-33, ,
2, ,-33, ,
-1, ,-33, ,
2, ,-33, ,
1, ,-33, ,
-1, ,-33, ,
2, ,-33, ,
1, ,-34, ,
-1, ,-33, ,
2, ,-34, ,
1, ,-33, ,
1, ,-33, ,
1, ,-33, ,
1, ,-33, ,
-1, ,-33, ,
2, ,-33, ,
1, ,-34, ,
1, ,-33, ,
2, ,-33, ,
1, ,-33, ,
-1, ,-33, ,
2, ,-34, ,
1, ,-33, ,
1, ,-34, ,
1, ,-33, ,
2, ,-33, ,
-1, ,-33, ,
2, ,-33, ,
1, ,-34, ,
1, ,-33, ,
2, ,-33, ,
1, ,-33, ,
-1, ,-33, ,
2, ,-33, ,
1, ,-33, ,
1, ,-33, ,
2, ,-33, ,
1, ,-33, ,
-1, ,-33, ,
2, ,-33, ,
1, ,-33, ,
1, ,-33, ,
2, ,-33, ,
2, ,-33, ,
-1, ,-33, ,
2, ,-33, ,
1, ,-33, ,
1, ,-34, ,
1, ,-33, ,
1, ,-33, ,
-1, ,-33, ,
2, ,-33, ,
1, ,-33, ,
1, ,-33, ,
2, ,-33, ,
1, ,-33, ,
-1, ,-33, ,
2, ,-33, ,
1, ,-33, ,
1, ,-33, ,
1, ,-33, ,
2, ,-33, ,
-1, ,-33, ,
2, ,-33, ,
1, ,-34, ,
1, ,-33, ,
1, ,-33, ,
1, ,-33, ,
-1, ,-33, ,
2, ,-33, ,
-1, ,-33, ,
1, ,-33, ,
2, ,-33, ,
1, ,-33, ,
-1, ,-33, ,
2, ,-33, ,
1, ,-33, ,
1, ,-33, ,
1, ,-33, ,
2, ,-33, ,
1, ,-33, ,
2, ,-33, ,
1, ,-34, ,
1, ,-33, ,
2, ,-33, ,
1, ,-33, ,
-1, ,-33, ,
1, ,-33, ,
1, ,-33, ,
1, ,-33, ,
1, ,-33, ,
1, ,-33, ,
-1, ,-33, ,
2, ,-33, ,
1, ,-33, ,
-1, ,-34, ,
1, ,-33, ,
1, ,-33, ,
-1, ,-33, ,
2, ,-33, ,
1, ,-33, ,
1, ,-33, ,
1, ,-33, ,
1, ,-33, ,
-1, ,-33, ,
2, ,-33, ,
-1, ,-33, ,
1, ,-33, ,
1, ,-33, ,
1, ,-33, ,
-1, ,-33, ,
1, ,-33, ,
-1, ,-34, ,
-1, ,-33, ,
1, ,-33, ,
1, ,-33, ,
-1, ,-33, ,
2, ,-33, ,
-1, ,-33, ,
-1, ,-33, ,
1, ,-33, ,
1, ,-33, ,
-1, ,-33, ,
2, ,-33, ,
1, ,-33, ,
-1, ,-33, ,
1, ,-33, ,
1, ,-33, ,
-1, ,-33, ,
2, ,-34, ,
1, ,-33, ,
-1, ,-34, ,
1, ,-33, ,
1, ,-33, ,
-1, ,-33, ,
2, ,-33, ,
1, ,-34, ,
1, ,-33, ,
1, ,-33, ,
1, ,-33, ,
-1, ,-33, ,
2, ,-33, ,
-1, ,-33, ,
-1, ,-33, ,
1, ,-33, ,
1, ,-33, ,
-1, ,-33, ,
1, ,-33, ,
1, ,-33, ,
1, ,-33, ,
1, ,-33, ,
1, ,-33, ,
-1, ,-33, ,
2, ,-33, ,
1, ,-33, ,
1, ,-34, ,
1, ,-33, ,
1, ,-33, ,
-1, ,-33, ,
1, ,-33, ,
-1, ,-34, ,
1, ,-33, ,
1, ,-33, ,
1, ,-33, ,
-1, ,-33, ,
2, ,-33, ,
1, ,-33, ,
1, ,-33, ,
1, ,-33, ,
1, ,-33, ,
-1, ,-33, ,
1, ,-33, ,
1, ,-33, ,
1, ,-33, ,
1, ,-33, ,
1, ,-33, ,
-1, ,-33, ,
2, ,-34, ,
1, ,-33, ,
1, ,-34, ,
1, ,-33, ,
1, ,-33, ,
-1, ,-33, ,
2, ,-33, ,
1, ,-34, ,
1, ,-33, ,
1, ,-33, ,
1, ,-33, ,
-1, ,-33, ,
2, ,-34, ,
1, ,-33, ,
1, ,-34, ,
1, ,-33, ,
1, ,-33, ,
-1, ,-33, ,
2, ,-33, ,
1, ,-34, ,
-1, ,-33, ,
1, ,-33, ,
1, ,-33, ,
-1, ,-33, ,
1, ,-33, ,
1, ,-33, ,
-1, ,-34, ,
1, ,-33, ,
1, ,-33, ,
-1, ,-33, ,
1, ,-33, ,
-1, ,-34, ,
-1, ,-33, ,
1, ,-33, ,
1, ,-33, ,
-1, ,-33, ,
2, ,-33, ,
-1, ,-34, ,
-1, ,-33, ,
1, ,-33, ,
1, ,-33, ,
-1, ,-33, ,
2, ,-33, ,
1, ,-34, ,
-1, ,-33, ,
1, ,-33, ,
1, ,-34, ,
-1, ,-33, ,
2, ,-33, ,
1, ,-33, ,
-1, ,-33, ,
1, ,-33, ,
1, ,-33, ,
-1, ,-33, ,
2, ,-33, ,
-1, ,-34, ,
-1, ,-33, ,
1, ,-33, ,
1, ,-33, ,
-1, ,-33, ,
1, ,-33, ,
-1, ,-33, ,
-1, ,-34, ,
1, ,-33, ,
1, ,-33, ,
-2, ,-33, ,
1, ,-33, ,
-1, ,-34, ,
-1, ,-33, ,
1, ,-33, ,
1, ,-34, ,
-1, ,-33, ,
2, ,-33, ,
-1, ,-33, ,
-1, ,-34, ,
1, ,-33, ,
1, ,-33, ,
-1, ,-33, ,
2, ,-33, ,
1, ,-34, ,
-1, ,-33, ,
1, ,-33, ,
1, ,-33, ,
-1, ,-33, ,
1, ,-33, ,
-1, ,-33, ,
1, ,-33, ,
1, ,-33, ,
1, ,-33, ,
-1, ,-28, ,
1, ,-9, ,
1, ,8, ,
1, ,21, ,
1, ,32, ,
1, ,39, ,
-1, ,44, ,
2, ,49, ,
-1, ,52, ,
-1, ,54, ,
2, ,56, ,
1, ,57, ,
-1, ,58, ,
1, ,59, ,
-1, ,58, ,
-1, ,59, ,
1, ,60, ,
1, ,60, ,
-1, ,60, ,
1, ,60, ,
1, ,60, ,
-1, ,60, ,
2, ,60, ,
1, ,60, ,
-1, ,60, ,
2, ,60, ,
-1, ,60, ,
-1, ,60, ,
1, ,61, ,
1, ,60, ,
-1, ,60, ,
2, ,61, ,
-1, ,60, ,
-1, ,60, ,
2, ,60, ,
1, ,60, ,
-1, ,60, ,
1, ,61, ,
-1, ,59, ,
-1, ,60, ,
1, ,60, ,
1, ,60, ,
-1, ,59, ,
2, ,60, ,
-1, ,60, ,
-1, ,60, ,
2, ,60, ,
1, ,60, ,
-1, ,60, ,
1, ,61, ,
-1, ,60, ,
-1, ,60, ,
1, ,60, ,
1, ,60, ,
-2, ,60, ,
1, ,60, ,
-1, ,59, ,
-1, ,60, ,
2, ,60, ,
1, ,59, ,
-1, ,59, ,
2, ,60, ,
-1, ,59, ,
-1, ,60, ,
1, ,60, ,
1, ,60, ,
-1, ,59, ,
1, ,60, ,
-1, ,59, ,
-1, ,60, ,
2, ,60, ,
1, ,60, ,
-2, ,59, ,
1, ,60, ,
-1, ,59, ,
-1, ,60, ,
1, ,60, ,
1, ,60, ,
-1, ,60, ,
1, ,60, ,
-1, ,59, ,
-1, ,60, ,
2, ,60, ,
1, ,59, ,
-1, ,60, ,
1, ,61, ,
81, ,59, ,
50, ,60, ,
31, ,60, ,
20, ,60, ,
11, ,59, ,
10, ,60, ,
6, ,59, ,
3, ,60, ,
5, ,60, ,
3, ,59, ,
1, ,59, ,
3, ,60, ,
2, ,59, ,
2, ,59, ,
3, ,60, ,
2, ,60, ,
1, ,60, ,
3, ,60, ,
2, ,59, ,
1, ,60, ,
2, ,60, ,
2, ,59, ,
1, ,59, ,
3, ,60, ,
1, ,59, ,
1, ,59, ,
2, ,60, ,
2, ,60, ,
1, ,60, ,
3, ,60, ,
2, ,59, ,
1, ,60, ,
2, ,60, ,
2, ,59, ,
1, ,59, ,
3, ,60, ,
1, ,59, ,
1, ,60, ,
2, ,60, ,
2, ,59, ,
1, ,59, ,
3, ,60, ,
2, ,60, ,
1, ,60, ,
2, ,59, ,
2, ,59, ,
1, ,59, ,
3, ,60, ,
2, ,59, ,
1, ,60, ,
2, ,60, ,
2, ,59, ,
1, ,60, ,
3, ,60, ,
2, ,59, ,
1, ,60, ,
2, ,60, ,
2, ,59, ,
1, ,59, ,
2, ,60, ,
1, ,59, ,
1, ,59, ,
2, ,60, ,
2, ,59, ,
6, ,60, ,
16, ,60, ,
11, ,59, ,
7, ,60, ,
6, ,59, ,
5, ,49, ,
2, ,27, ,
3, ,12, ,
1, ,1, ,
1, ,-8, ,
3, ,-15, ,
2, ,-20, ,
1, ,-23, ,
3, ,-26, ,
2, ,-27, ,
2, ,-30, ,
2, ,-31, ,
2, ,-32, ,
1, ,-32, ,
3, ,-33, ,
2, ,-34, ,
2, ,-33, ,
2, ,-34, ,
2, ,-34, ,
2, ,-34, ,
5, ,-34, ,
1, ,-34, ,
1, ,-34, ,
2, ,-34, ,
3, ,-34, ,
1, ,-34, ,
3, ,-34, ,
2, ,-34, ,
2, ,-34, ,
2, ,-34, ,
2, ,-34, ,
1, ,-34, ,
3, ,-34, ,
2, ,-34, ,
1, ,-34, ,
3, ,-34, ,
2, ,-34, ,
1, ,-34, ,
3, ,-33, ,
2, ,-34, ,
1, ,-34, ,
2, ,-33, ,
2, ,-34, ,
1, ,-33, ,
3, ,-34, ,
2, ,-34, ,
1, ,-33, ,
2, ,-34, ,
2, ,-34, ,
1, ,-34, ,
3, ,-33, ,
2, ,-34, ,
1, ,-33, ,
2, ,-34, ,
2, ,-34, ,
1, ,-33, ,
3, ,-34, ,
2, ,-33, ,
1, ,-33, ,
2, ,-33, ,
2, ,-33, ,
1, ,-34, ,
3, ,-33, ,
2, ,-34, ,
1, ,-33, ,
2, ,-33, ,
3, ,-34, ,
1, ,-33, ,
3, ,-33, ,
2, ,-33, ,
1, ,-33, ,
2, ,-33, ,
2, ,-33, ,
1, ,-34, ,
3, ,-33, ,
2, ,-34, ,
1, ,-33, ,
2, ,-33, ,
2, ,-34, ,
1, ,-33, ,
3, ,-33, ,
1, ,-33, ,
1, ,-33, ,
2, ,-34, ,
2, ,-33, ,
1, ,-34, ,
3, ,-33, ,
1, ,-34, ,
1, ,-33, ,
2, ,-33, ,
2, ,-34, ,
1, ,-33, ,
3, ,-33, ,
1, ,-33, ,
1, ,-33, ,
2, ,-34, ,
2, ,-33, ,
1, ,-34, ,
3, ,-33, ,
2, ,-33, ,
1, ,-33, ,
2, ,-33, ,
2, ,-34, ,
1, ,-33, ,
3, ,-33, ,
1, ,-33, ,
1, ,-33, ,
2, ,-33, ,
2, ,-33, ,
1, ,-33, ,
3, ,-33, ,
2, ,-33, ,
1, ,-33, ,
2, ,-33, ,
2, ,-33, ,
1, ,-33, ,
3, ,-33, ,
1, ,-33, ,
1, ,-33, ,
2, ,-33, ,
2, ,-33, ,
1, ,-33, ,
3, ,-33, ,
1, ,-33, ,
1, ,-33, ,
2, ,-33, ,
2, ,-34, ,
1, ,-33, ,
3, ,-33, ,
1, ,-33, ,
1, ,-33, ,
2, ,-33, ,
2, ,-33, ,
1, ,-33, ,
3, ,-33, ,
2, ,-33, ,
1, ,-33, ,
2, ,-33, ,
2, ,-34, ,
1, ,-33, ,
3, ,-33, ,
1, ,-33, ,
1, ,-33, ,
2, ,-33, ,
2, ,-33, ,
1, ,-33, ,
3, ,-33, ,
1, ,-34, ,
1, ,-33, ,
2, ,-33, ,
2, ,-33, ,
1, ,-33, ,
3, ,-33, ,
1, ,-33, ,
1, ,-34, ,
2, ,-33, ,
2, ,-33, ,
1, ,-33, ,
3, ,-33, ,
2, ,-33, ,
1, ,-33, ,
1, ,-33, ,
2, ,-33, ,
1, ,-33, ,
3, ,-33, ,
1, ,-33, ,
1, ,-33, ,
2, ,-33, ,
2, ,-33, ,
1, ,-33, ,
3, ,-33, ,
1, ,-33, ,
1, ,-33, ,
2, ,-33, ,
2, ,-34, ,
-1, ,-33, ,
3, ,-33, ,
2, ,-33, ,
1, ,-33, ,
2, ,-33, ,
2, ,-33, ,
-1, ,-33, ,
2, ,-33, ,
1, ,-33, ,
1, ,-33, ,
2, ,-33, ,
2, ,-33, ,
-1, ,-33, ,
3, ,-33, ,
1, ,-33, ,
1, ,-33, ,
2, ,-33, ,
2, ,-33, ,
-1, ,-33, ,
2, ,-33, ,
1, ,-33, ,
1, ,-33, ,
1, ,-33, ,
2, ,-33, ,
1, ,-33, ,
2, ,-33, ,
1, ,-33, ,
1, ,-34, ,
2, ,-33, ,
2, ,-33, ,
-1, ,-33, ,
2, ,-33, ,
1, ,-34, ,
1, ,-33, ,
2, ,-33, ,
2, ,-33, ,
1, ,-33, ,
2, ,-33, ,
1, ,-33, ,
1, ,-33, ,
2, ,-33, ,
2, ,-33, ,
-1, ,-33, ,
2, ,-33, ,
1, ,-33, ,
1, ,-33, ,
1, ,-33, ,
2, ,-34, ,
-1, ,-33, ,
2, ,-33, ,
1, ,-33, ,
1, ,-33, ,
2, ,-33, ,
2, ,-33, ,
-1, ,-33, ,
2, ,-33, ,
1, ,-33, ,
1, ,-33, ,
1, ,-33, ,
2, ,-34, ,
-1, ,-33, ,
2, ,-33, ,
1, ,-33, ,
1, ,-33, ,
2, ,-33, ,
2, ,-33, ,
-1, ,-33, ,
2, ,-33, ,
1, ,-33, ,
1, ,-33, ,
1, ,-33, ,
2, ,-33, ,
-1, ,-33, ,
2, ,-33, ,
8, ,-33, ,
40, ,-33, ,
27, ,-33, ,
17, ,-33, ,
10, ,-33, ,
8, ,-33, ,
5, ,-33, ,
3, ,-33, ,
3, ,-33, ,
2, ,-34, ,
1, ,-33, ,
3, ,-33, ,
2, ,-33, ,
2, ,-33, ,
2, ,-33, ,
2, ,-33, ,
1, ,-33, ,
3, ,-33, ,
2, ,-34, ,
2, ,-33, ,
2, ,-33, ,
2, ,-33, ,
1, ,-33, ,
5, ,-33, ,
2, ,-33, ,
2, ,-33, ,
3, ,-34, ,
2, ,-33, ,
1, ,-33, ,
3, ,-33, ,
2, ,-34, ,
2, ,-33, ,
2, ,-33, ,
2, ,-33, ,
1, ,-33, ,
3, ,-33, ,
2, ,-33, ,
1, ,-33, ,
3, ,-33, ,
3, ,-33, ,
1, ,-33, ,
3, ,-33, ,
2, ,-33, ,
1, ,-33, ,
2, ,-33, ,
2, ,-33, ,
1, ,-33, ,
3, ,-33, ,
2, ,-33, ,
1, ,-33, ,
2, ,-33, ,
3, ,-33, ,
1, ,-33, ,
3, ,-33, ,
2, ,-33, ,
1, ,-33, ,
2, ,-33, ,
2, ,-33, ,
1, ,-33, ,
3, ,-33, ,
2, ,-33, ,
1, ,-33, ,
2, ,-33, ,
3, ,-33, ,
1, ,-33, ,
3, ,-33, ,
1, ,-34, ,
1, ,-33, ,
2, ,-33, ,
2, ,-34, ,
1, ,-33, ,
3, ,-33, ,
2, ,-33, ,
2, ,-33, ,
2, ,-33, ,
2, ,-33, ,
1, ,-33, ,
3, ,-33, ,
2, ,-33, ,
1, ,-33, ,
2, ,-33, ,
2, ,-33, ,
1, ,-33, ,
3, ,-33, ,
1, ,-33, ,
1, ,-33, ,
2, ,-33, ,
2, ,-33, ,
1, ,-33, ,
3, ,-33, ,
1, ,-33, ,
1, ,-33, ,
1, ,-33, ,
2, ,-33, ,
1, ,-33, ,
3, ,-33, ,
2, ,-33, ,
2, ,-33, ,
2, ,-34, ,
2, ,-33, ,
1, ,-33, ,
3, ,-33, ,
1, ,-33, ,
1, ,-33, ,
2, ,-33, ,
2, ,-33, ,
1, ,-33, ,
3, ,-33, ,
1, ,-33, ,
1, ,-33, ,
2, ,-33, ,
2, ,-33, ,
1, ,-33, ,
3, ,-33, ,
1, ,-33, ,
1, ,-33, ,
2, ,-33, ,
2, ,-34, ,
1, ,-33, ,
3, ,-33, ,
1, ,-33, ,
1, ,-34, ,
2, ,-33, ,
2, ,-33, ,
1, ,-33, ,
3, ,-33, ,
1, ,-33, ,
1, ,-33, ,
2, ,-33, ,
2, ,-34, ,
1, ,-33, ,
3, ,-33, ,
1, ,-33, ,
1, ,-33, ,
2, ,-33, ,
2, ,-33, ,
-1, ,-33, ,
3, ,-34, ,
1, ,-34, ,
1, ,-33, ,
2, ,-33, ,
2, ,-34, ,
1, ,-33, ,
2, ,-33, ,
1, ,-33, ,
1, ,-33, ,
2, ,-33, ,
2, ,-33, ,
1, ,-33, ,
3, ,-33, ,
1, ,-33, ,
1, ,-33, ,
2, ,-33, ,
2, ,-33, ,
1, ,-33, ,
3, ,-33, ,
1, ,-33, ,
1, ,-33, ,
2, ,-33, ,
2, ,-33, ,
1, ,-33, ,
3, ,-33, ,
1, ,-34, ,
1, ,-33, ,
2, ,-33, ,
2, ,-33, ,
-1, ,-33, ,
3, ,-33, ,
2, ,-33, ,
1, ,-33, ,
2, ,-33, ,
2, ,-33, ,
1, ,-33, ,
3, ,-33, ,
1, ,-33, ,
1, ,-33, ,
2, ,-33, ,
2, ,-34, ,
1, ,-33, ,
3, ,-33, ,
1, ,-33, ,
1, ,-33, ,
2, ,-33, ,
2, ,-33, ,
-1, ,-33, ,
3, ,-33, ,
1, ,-34, ,
1, ,-33, ,
1, ,-33, ,
2, ,-33, ,
1, ,-33, ,
3, ,-33, ,
1, ,-33, ,
1, ,-33, ,
2, ,-33, ,
2, ,-33, ,
1, ,-33, ,
3, ,-33, ,
2, ,-33, ,
1, ,-33, ,
2, ,-33, ,
2, ,-34, ,
-1, ,-33, ,
3, ,-33, ,
1, ,-33, ,
1, ,-34, ,
2, ,-34, ,
2, ,-33, ,
-1, ,-33, ,
2, ,-33, ,
1, ,-33, ,
1, ,-33, ,
2, ,-33, ,
2, ,-34, ,
1, ,-33, ,
3, ,-33, ,
1, ,-33, ,
1, ,-33, ,
2, ,-33, ,
2, ,-33, ,
-1, ,-33, ,
3, ,-33, ,
1, ,-34, ,
1, ,-33, ,
2, ,-33, ,
2, ,-33, ,
-1, ,-33, ,
2, ,-33, ,
1, ,-33, ,
1, ,-33, ,
2, ,-33, ,
2, ,-33, ,
-1, ,-33, ,
2, ,-33, ,
1, ,-34, ,
1, ,-33, ,
1, ,-33, ,
2, ,-34, ,
-1, ,-33, ,
3, ,-33, ,
1, ,-33, ,
1, ,-33, ,
2, ,-33, ,
2, ,-33, ,
-1, ,-33, ,
2, ,-33, ,
1, ,-33, ,
1, ,-33, ,
1, ,-33, ,
1, ,-33, ,
-1, ,-33, ,
2, ,-34, ,
1, ,-33, ,
1, ,-33, ,
1, ,-33, ,
1, ,-33, ,
-1, ,-33, ,
2, ,-33, ,
1, ,-34, ,
1, ,-33, ,
1, ,-34, ,
2, ,-33, ,
-1, ,-33, ,
2, ,-33, ,
1, ,-34, ,
1, ,-33, ,
2, ,-33, ,
2, ,-33, ,
-1, ,-33, ,
2, ,-33, ,
1, ,-33, ,
1, ,-33, ,
1, ,-33, ,
2, ,-33, ,
-1, ,-33, ,
2, ,-33, ,
1, ,-33, ,
1, ,-33, ,
1, ,-33, ,
1, ,-33, ,
-1, ,-33, ,
2, ,-33, ,
1, ,-33, ,
1, ,-33, ,
1, ,-33, ,
2, ,-34, ,
-1, ,-33, ,
2, ,-34, ,
1, ,-33, ,
1, ,-33, ,
2, ,-33, ,
2, ,-33, ,
-1, ,-33, ,
2, ,-33, ,
1, ,-34, ,
1, ,-33, ,
1, ,-33, ,
2, ,-33, ,
-1, ,-33, ,
2, ,-33, ,
1, ,-33, ,
1, ,-33, ,
2, ,-34, ,
2, ,-33, ,
-1, ,-33, ,
2, ,-33, ,
1, ,-33, ,
1, ,-33, ,
1, ,-33, ,
2, ,-33, ,
-1, ,-33, ,
2, ,-33, ,
1, ,-33, ,
1, ,-33, ,
1, ,-33, ,
1, ,-33, ,
-1, ,-33, ,
2, ,-33, ,
1, ,-33, ,
1, ,-33, ,
1, ,-33, ,
1, ,-33, ,
-1, ,-33, ,
2, ,-33, ,
1, ,-33, ,
1, ,-33, ,
1, ,-33, ,
1, ,-33, ,
-1, ,-33, ,
2, ,-33, ,
1, ,-33, ,
1, ,-33, ,
1, ,-33, ,
1, ,-34, ,
-1, ,-33, ,
2, ,-33, ,
1, ,-34, ,
1, ,-33, ,
1, ,-33, ,
2, ,-33, ,
-1, ,-33, ,
2, ,-33, ,
1, ,-33, ,
1, ,-33, ,
1, ,-33, ,
1, ,-33, ,
-1, ,-33, ,
2, ,-33, ,
1, ,-33, ,
1, ,-34, ,
1, ,-33, ,
1, ,-33, ,
-1, ,-33, ,
2, ,-33, ,
1, ,-33, ,
1, ,-33, ,
1, ,-33, ,
1, ,-34, ,
-1, ,-33, ,
2, ,-33, ,
1, ,-33, ,
1, ,-34, ,
1, ,-33, ,
1, ,-33, ,
-1, ,-33, ,
2, ,-33, ,
1, ,-33, ,
1, ,-33, ,
1, ,-33, ,
1, ,-33, ,
-1, ,-33, ,
2, ,-33, ,
1, ,-33, ,
1, ,-33, ,
1, ,-33, ,
1, ,-33, ,
-1, ,-33, ,
1, ,-31, ,
1, ,-15, ,
1, ,4, ,
1, ,19, ,
1, ,30, ,
-1, ,38, ,
2, ,43, ,
1, ,47, ,
1, ,51, ,
1, ,54, ,
1, ,56, ,
-1, ,57, ,
2, ,58, ,
1, ,58, ,
1, ,59, ,
2, ,59, ,
1, ,59, ,
-1, ,60, ,
2, ,60, ,
1, ,60, ,
-1, ,60, ,
1, ,60, ,
1, ,60, ,
-1, ,61, ,
2, ,61, ,
1, ,60, ,
-1, ,60, ,
1, ,60, ,
1, ,60, ,
-1, ,59, ,
2, ,60, ,
-1, ,60, ,
-1, ,60, ,
2, ,60, ,
1, ,60, ,
-1, ,60, ,
1, ,61, ,
1, ,59, ,
-1, ,60, ,
1, ,60, ,
1, ,60, ,
-1, ,60, ,
2, ,60, ,
43, ,59, ,
50, ,60, ,
32, ,60, ,
21, ,60, ,
12, ,60, ,
10, ,60, ,
6, ,59, ,
5, ,60, ,
5, ,60, ,
3, ,60, ,
2, ,60, ,
5, ,60, ,
2, ,60, ,
2, ,60, ,
3, ,60, ,
2, ,60, ,
1, ,59, ,
3, ,60, ,
2, ,59, ,
2, ,60, ,
2, ,60, ,
2, ,60, ,
1, ,60, ,
3, ,60, ,
2, ,59, ,
1, ,59, ,
2, ,60, ,
2, ,60, ,
1, ,59, ,
3, ,60, ,
2, ,59, ,
1, ,60, ,
2, ,60, ,
2, ,60, ,
1, ,60, ,
3, ,60, ,
2, ,59, ,
1, ,60, ,
2, ,60, ,
2, ,60, ,
1, ,59, ,
3, ,60, ,
2, ,59, ,
1, ,59, ,
2, ,60, ,
2, ,60, ,
1, ,60, ,
5, ,60, ,
2, ,59, ,
1, ,60, ,
2, ,59, ,
2, ,59, ,
1, ,59, ,
2, ,60, ,
1, ,59, ,
1, ,59, ,
2, ,60, ,
2, ,60, ,
1, ,60, ,
3, ,60, ,
2, ,59, ,
1, ,60, ,
2, ,60, ,
2, ,60, ,
1, ,59, ,
3, ,60, ,
2, ,60, ,
1, ,60, ,
2, ,60, ,
2, ,60, ,
1, ,59, ,
3, ,60, ,
1, ,59, ,
1, ,60, ,
2, ,60, ,
2, ,59, ,
1, ,59, ,
3, ,60, ,
1, ,59, ,
1, ,60, ,
2, ,60, ,
2, ,60, ,
1, ,59, ,
3, ,60, ,
1, ,60, ,
1, ,60, ,
2, ,60, ,
2, ,60, ,
1, ,60, ,
3, ,60, ,
1, ,59, ,
1, ,60, ,
2, ,60, ,
2, ,60, ,
1, ,59, ,
3, ,60, ,
1, ,59, ,
1, ,60, ,
2, ,60, ,
2, ,60, ,
1, ,59, ,
2, ,60, ,
11, ,59, ,
18, ,60, ,
13, ,60, ,
10, ,60, ,
6, ,60, ,
6, ,60, ,
3, ,59, ,
2, ,60, ,
3, ,60, ,
2, ,60, ,
1, ,52, ,
3, ,32, ,
1, ,15, ,
1, ,3, ,
2, ,-6, ,
2, ,-14, ,
1, ,-19, ,
3, ,-22, ,
2, ,-25, ,
1, ,-27, ,
2, ,-30, ,
2, ,-31, ,
1, ,-32, ,
3, ,-32, ,
2, ,-33, ,
2, ,-33, ,
2, ,-33, ,
2, ,-34, ,
1, ,-33, ,
3, ,-34, ,
2, ,-34, ,
2, ,-34, ,
2, ,-34, ,
2, ,-34, ,
1, ,-34, ,
3, ,-34, ,
2, ,-34, ,
2, ,-34, ,
2, ,-34, ,
2, ,-34, ,
1, ,-34, ,
5, ,-34, ,
2, ,-34, ,
2, ,-34, ,
3, ,-34, ,
3, ,-34, ,
1, ,-33, ,
3, ,-34, ,
2, ,-33, ,
2, ,-33, ,
2, ,-34, ,
2, ,-34, ,
1, ,-33, ,
3, ,-34, ,
1, ,-34, ,
1, ,-34, ,
2, ,-34, ,
3, ,-34, ,
1, ,-33, ,
3, ,-33, ,
2, ,-34, ,
2, ,-33, ,
2, ,-33, ,
2, ,-34, ,
1, ,-33, ,
3, ,-34, ,
1, ,-33, ,
1, ,-33, ,
3, ,-33, ,
2, ,-33, ,
1, ,-33, ,
3, ,-33, ,
2, ,-34, ,
1, ,-33, ,
2, ,-33, ,
2, ,-34, ,
1, ,-33, ,
3, ,-34, ,
2, ,-33, ,
1, ,-33, ,
2, ,-33, ,
2, ,-33, ,
1, ,-33, ,
3, ,-33, ,
2, ,-34, ,
1, ,-33, ,
2, ,-33, ,
2, ,-34, ,
1, ,-34, ,
3, ,-33, ,
2, ,-33, ,
1, ,-33, ,
2, ,-33, ,
2, ,-33, ,
1, ,-33, ,
3, ,-33, ,
2, ,-34, ,
1, ,-33, ,
2, ,-33, ,
2, ,-33, ,
1, ,-33, ,
3, ,-33, ,
2, ,-33, ,
1, ,-33, ,
2, ,-33, ,
2, ,-33, ,
1, ,-33, ,
3, ,-33, ,
2, ,-33, ,
1, ,-33, ,
2, ,-34, ,
2, ,-34, ,
1, ,-33, ,
3, ,-33, ,
1, ,-33, ,
1, ,-33, ,
2, ,-33, ,
2, ,-33, ,
-1, ,-33, ,
2, ,-33, ,
1, ,-33, ,
1, ,-33, ,
2, ,-33, ,
2, ,-33, ,
1, ,-33, ,
3, ,-33, ,
2, ,-33, ,
1, ,-33, ,
2, ,-33, ,
2, ,-34, ,
-1, ,-34, ,
3, ,-33, ,
2, ,-33, ,
1, ,-33, ,
2, ,-33, ,
2, ,-34, ,
1, ,-33, ,
3, ,-33, ,
1, ,-33, ,
1, ,-33, ,
2, ,-33, ,
2, ,-33, ,
1, ,-33, ,
2, ,-33, ,
1, ,-34, ,
1, ,-33, ,
2, ,-33, ,
2, ,-33, ,
1, ,-33, ,
3, ,-33, ,
1, ,-33, ,
1, ,-33, ,
2, ,-33, ,
2, ,-33, ,
1, ,-33, ,
3, ,-33, ,
1, ,-33, ,
1, ,-33, ,
2, ,-33, ,
2, ,-34, ,
1, ,-33, ,
3, ,-33, ,
1, ,-33, ,
1, ,-34, ,
2, ,-33, ,
2, ,-33, ,
1, ,-33, ,
3, ,-33, ,
2, ,-33, ,
1, ,-33, ,
1, ,-33, ,
2, ,-34, ,
1, ,-33, ,
3, ,-33, ,
1, ,-33, ,
1, ,-33, ,
2, ,-34, ,
2, ,-33, ,
1, ,-33, ,
3, ,-33, ,
1, ,-33, ,
1, ,-33, ,
2, ,-33, ,
2, ,-33, ,
1, ,-33, ,
3, ,-33, ,
1, ,-33, ,
1, ,-33, ,
2, ,-33, ,
2, ,-33, ,
1, ,-33, ,
3, ,-33, ,
1, ,-33, ,
1, ,-33, ,
1, ,-33, ,
2, ,-33, ,
1, ,-33, ,
2, ,-33, ,
1, ,-33, ,
1, ,-33, ,
2, ,-34, ,
2, ,-33, ,
-1, ,-33, ,
2, ,-33, ,
1, ,-33, ,
1, ,-33, ,
2, ,-33, ,
2, ,-33, ,
1, ,-33, ,
2, ,-33, ,
1, ,-33, ,
1, ,-34, ,
2, ,-33, ,
2, ,-33, ,
-1, ,-33, ,
3, ,-33, ,
1, ,-33, ,
1, ,-33, ,
1, ,-33, ,
2, ,-33, ,
-1, ,-33, ,
2, ,-33, ,
1, ,-33, ,
1, ,-33, ,
2, ,-33, ,
2, ,-33, ,
-1, ,-33, ,
2, ,-33, ,
1, ,-33, ,
1, ,-33, ,
1, ,-33, ,
2, ,-33, ,
-1, ,-33, ,
2, ,-33, ,
1, ,-34, ,
1, ,-34, ,
2, ,-33, ,
2, ,-33, ,
-1, ,-33, ,
2, ,-33, ,
1, ,-33, ,
1, ,-33, ,
2, ,-33, ,
2, ,-33, ,
1, ,-33, ,
2, ,-33, ,
1, ,-33, ,
1, ,-33, ,
2, ,-33, ,
2, ,-33, ,
-1, ,-33, ,
2, ,-33, ,
1, ,-34, ,
1, ,-33, ,
1, ,-33, ,
2, ,-34, ,
-1, ,-33, ,
2, ,-33, ,
1, ,-33, ,
1, ,-33, ,
2, ,-33, ,
2, ,-33, ,
-1, ,-33, ,
2, ,-33, ,
1, ,-33, ,
1, ,-33, ,
2, ,-33, ,
2, ,-33, ,
-1, ,-33, ,
2, ,-33, ,
1, ,-33, ,
1, ,-34, ,
1, ,-33, ,
2, ,-33, ,
-1, ,-33, ,
2, ,-33, ,
1, ,-34, ,
1, ,-33, ,
1, ,-33, ,
2, ,-33, ,
1, ,-33, ,
2, ,-33, ,
1, ,-33, ,
1, ,-33, ,
2, ,-33, ,
2, ,-33, ,
-1, ,-33, ,
2, ,-33, ,
1, ,-34, ,
1, ,-33, ,
1, ,-33, ,
2, ,-33, ,
-1, ,-33, ,
2, ,-33, ,
1, ,-33, ,
1, ,-34, ,
2, ,-33, ,
1, ,-33, ,
-1, ,-33, ,
2, ,-33, ,
1, ,-34, ,
1, ,-33, ,
1, ,-33, ,
2, ,-33, ,
-1, ,-33, ,
2, ,-33, ,
1, ,-33, ,
1, ,-33, ,
2, ,-33, ,
2, ,-33, ,
-1, ,-33, ,
2, ,-33, ,
1, ,-34, ,
1, ,-33, ,
1, ,-33, ,
2, ,-33, ,
-1, ,-33, ,
2, ,-33, ,
1, ,-33, ,
1, ,-33, ,
2, ,-33, ,
2, ,-33, ,
-1, ,-33, ,
2, ,-33, ,
1, ,-34, ,
1, ,-33, ,
1, ,-33, ,
2, ,-33, ,
-1, ,-33, ,
2, ,-33, ,
1, ,-33, ,
1, ,-33, ,
2, ,-33, ,
1, ,-33, ,
-1, ,-33, ,
2, ,-33, ,
1, ,-34, ,
1, ,-33, ,
1, ,-33, ,
2, ,-33, ,
-1, ,-33, ,
2, ,-33, ,
6, ,-33, ,
48, ,-34, ,
31, ,-33, ,
20, ,-33, ,
12, ,-33, ,
10, ,-33, ,
7, ,-34, ,
5, ,-33, ,
5, ,-33, ,
3, ,-33, ,
2, ,-33, ,
3, ,-33, ,
2, ,-33, ,
2, ,-33, ,
2, ,-33, ,
3, ,-33, ,
1, ,-33, ,
3, ,-33, ,
2, ,-34, ,
2, ,-33, ,
2, ,-33, ,
3, ,-33, ,
1, ,-33, ,
3, ,-33, ,
2, ,-33, ,
2, ,-33, ,
2, ,-33, ,
3, ,-33, ,
1, ,-33, ,
3, ,-33, ,
2, ,-34, ,
2, ,-33, ,
2, ,-33, ,
3, ,-33, ,
1, ,-33, ,
3, ,-33, ,
2, ,-33, ,
1, ,-34, ,
2, ,-33, ,
2, ,-33, ,
1, ,-33, ,
3, ,-33, ,
2, ,-33, ,
2, ,-33, ,
2, ,-33, ,
3, ,-33, ,
1, ,-33, ,
3, ,-33, ,
2, ,-33, ,
1, ,-33, ,
2, ,-33, ,
2, ,-33, ,
1, ,-33, ,
3, ,-33, ,
2, ,-33, ,
1, ,-34, ,
2, ,-33, ,
2, ,-33, ,
1, ,-33, ,
3, ,-33, ,
2, ,-33, ,
1, ,-34, ,
2, ,-33, ,
2, ,-33, ,
1, ,-33, ,
3, ,-33, ,
2, ,-33, ,
1, ,-33, ,
2, ,-33, ,
2, ,-33, ,
1, ,-33, ,
3, ,-33, ,
1, ,-34, ,
1, ,-33, ,
2, ,-33, ,
2, ,-33, ,
1, ,-33, ,
2, ,-33, ,
2, ,-34, ,
1, ,-33, ,
2, ,-33, ,
2, ,-33, ,
1, ,-33, ,
3, ,-33, ,
2, ,-34, ,
1, ,-33, ,
2, ,-33, ,
2, ,-33, ,
1, ,-33, ,
3, ,-33, ,
1, ,-34, ,
1, ,-33, ,
2, ,-33, ,
2, ,-33, ,
1, ,-33, ,
3, ,-33, ,
2, ,-34, ,
1, ,-33, ,
2, ,-33, ,
2, ,-33, ,
1, ,-33, ,
3, ,-33, ,
1, ,-34, ,
1, ,-33, ,
2, ,-33, ,
2, ,-33, ,
1, ,-33, ,
3, ,-33, ,
1, ,-33, ,
2, ,-34, ,
2, ,-33, ,
2, ,-33, ,
1, ,-33, ,
3, ,-33, ,
1, ,-34, ,
1, ,-33, ,
2, ,-33, ,
2, ,-33, ,
1, ,-33, ,
3, ,-33, ,
2, ,-33, ,
1, ,-33, ,
2, ,-33, ,
2, ,-33, ,
1, ,-33, ,
3, ,-33, ,
2, ,-33, ,
1, ,-33, ,
2, ,-33, ,
2, ,-33, ,
1, ,-33, ,
3, ,-33, ,
1, ,-33, ,
1, ,-33, ,
2, ,-33, ,
2, ,-33, ,
1, ,-33, ,
3, ,-33, ,
1, ,-34, ,
1, ,-33, ,
2, ,-33, ,
2, ,-33, ,
1, ,-33, ,
3, ,-33, ,
1, ,-33, ,
1, ,-34, ,
2, ,-33, ,
2, ,-33, ,
1, ,-33, ,
3, ,-33, ,
1, ,-34, ,
1, ,-33, ,
2, ,-33, ,
2, ,-33, ,
1, ,-33, ,
3, ,-33, ,
1, ,-33, ,
1, ,-33, ,
2, ,-33, ,
2, ,-33, ,
-1, ,-33, ,
3, ,-33, ,
1, ,-33, ,
1, ,-33, ,
2, ,-33, ,
2, ,-33, ,
1, ,-33, ,
3, ,-33, ,
1, ,-33, ,
1, ,-33, ,
2, ,-33, ,
2, ,-33, ,
-1, ,-33, ,
3, ,-33, ,
1, ,-33, ,
1, ,-33, ,
2, ,-33, ,
2, ,-34, ,
1, ,-33, ,
2, ,-33, ,
1, ,-33, ,
1, ,-34, ,
2, ,-33, ,
2, ,-33, ,
-1, ,-33, ,
3, ,-33, ,
1, ,-34, ,
1, ,-33, ,
1, ,-33, ,
2, ,-33, ,
1, ,-33, ,
3, ,-33, ,
1, ,-33, ,
1, ,-33, ,
2, ,-33, ,
2, ,-33, ,
-1, ,-33, ,
2, ,-33, ,
1, ,-34, ,
1, ,-33, ,
2, ,-33, ,
2, ,-34, ,
1, ,-33, ,
2, ,-33, ,
1, ,-33, ,
1, ,-33, ,
2, ,-33, ,
2, ,-33, ,
-1, ,-33, ,
3, ,-33, ,
1, ,-34, ,
1, ,-33, ,
2, ,-33, ,
2, ,-33, ,
1, ,-33, ,
2, ,-33, ,
1, ,-33, ,
1, ,-33, ,
2, ,-33, ,
2, ,-33, ,
-1, ,-33, ,
2, ,-33, ,
1, ,-34, ,
1, ,-33, ,
1, ,-33, ,
2, ,-34, ,
1, ,-33, ,
3, ,-33, ,
1, ,-33, ,
1, ,-33, ,
2, ,-33, ,
2, ,-33, ,
-1, ,-33, ,
2, ,-33, ,
1, ,-34, ,
1, ,-33, ,
2, ,-33, ,
2, ,-33, ,
1, ,-33, ,
2, ,-33, ,
1, ,-34, ,
1, ,-34, ,
2, ,-33, ,
2, ,-33, ,
-1, ,-33, ,
2, ,-33, ,
1, ,-34, ,
1, ,-33, ,
2, ,-33, ,
2, ,-33, ,
1, ,-33, ,
2, ,-33, ,
1, ,-33, ,
1, ,-33, ,
2, ,-33, ,
2, ,-33, ,
-1, ,-33, ,
2, ,-33, ,
1, ,-34, ,
1, ,-33, ,
2, ,-33, ,
2, ,-33, ,
-1, ,-33, ,
2, ,-34, ,
1, ,-34, ,
1, ,-33, ,
2, ,-33, ,
2, ,-33, ,
-1, ,-33, ,
2, ,-33, ,
1, ,-33, ,
1, ,-33, ,
1, ,-33, ,
2, ,-34, ,
1, ,-33, ,
2, ,-33, ,
1, ,-33, ,
1, ,-33, ,
2, ,-33, ,
2, ,-33, ,
-1, ,-33, ,
2, ,-33, ,
1, ,-34, ,
1, ,-33, ,
1, ,-33, ,
2, ,-33, ,
1, ,-33, ,
2, ,-33, ,
1, ,-34, ,
1, ,-34, ,
2, ,-33, ,
2, ,-33, ,
-1, ,-34, ,
2, ,-33, ,
1, ,-33, ,
1, ,-21, ,
1, ,-1, ,
2, ,15, ,
-1, ,26, ,
2, ,35, ,
1, ,41, ,
1, ,46, ,
2, ,50, ,
1, ,53, ,
-1, ,55, ,
2, ,57, ,
1, ,57, ,
1, ,58, ,
1, ,59, ,
1, ,59, ,
-1, ,59, ,
2, ,60, ,
1, ,59, ,
1, ,60, ,
2, ,60, ,
1, ,60, ,
-1, ,60, ,
2, ,61, ,
1, ,60, ,
-1, ,60, ,
1, ,61, ,
1, ,60, ,
-1, ,60, ,
2, ,60, ,
1, ,59, ,
-1, ,60, ,
2, ,60, ,
1, ,60, ,
-1, ,60, ,
2, ,61, ,
-1, ,60, ,
-1, ,59, ,
1, ,60, ,
1, ,60, ,
-1, ,60, ,
2, ,60, ,
-1, ,59, ,
-1, ,60, ,
2, ,60, ,
1, ,60, ,
-1, ,59, ,
2, ,60, ,
1, ,60, ,
-1, ,60, ,
2, ,60, ,
1, ,60, ,
-1, ,60, ,
2, ,60, ,
1, ,59, ,
-1, ,60, ,
2, ,59, ,
1, ,59, ,
-1, ,59, ,
2, ,60, ,
1, ,60, ,
-1, ,60, ,
2, ,60, ,
1, ,60, ,
-1, ,59, ,
2, ,60, ,
1, ,60, ,
-1, ,60, ,
2, ,60, ,
1, ,59, ,
-1, ,59, ,
2, ,59, ,
1, ,59, ,
-1, ,59, ,
1, ,60, ,
1, ,60, ,
-1, ,59, ,
2, ,60, ,
1, ,59, ,
52, ,60, ,
45, ,60, ,
29, ,60, ,
17, ,60, ,
13, ,60, ,
8, ,59, ,
6, ,60, ,
5, ,60, ,
3, ,59, ,
2, ,59, ,
3, ,60, ,
2, ,59, ,
1, ,60, ,
3, ,60, ,
2, ,60, ,
1, ,60, ,
3, ,60, ,
2, ,59, ,
2, ,60, ,
2, ,60, ,
2, ,60, ,
1, ,59, ,
3, ,60, ,
2, ,59, ,
1, ,60, ,
3, ,60, ,
2, ,60, ,
1, ,59, ,
3, ,60, ,
1, ,59, ,
1, ,59, ,
2, ,60, ,
2, ,60, ,
1, ,59, ,
3, ,60, ,
2, ,59, ,
1, ,60, ,
2, ,60, ,
2, ,59, ,
1, ,60, ,
2, ,60, ,
1, ,59, ,
1, ,60, ,
2, ,60, ,
2, ,60, ,
1, ,60, ,
3, ,60, ,
1, ,59, ,
1, ,60, ,
2, ,60, ,
2, ,60, ,
1, ,60, ,
3, ,60, ,
2, ,59, ,
1, ,60, ,
2, ,60, ,
2, ,60, ,
1, ,59, ,
3, ,60, ,
1, ,59, ,
1, ,60, ,
3, ,60, ,
5, ,59, ,
12, ,59, ,
12, ,60, ,
8, ,59, ,
6, ,60, ,
5, ,60, ,
5, ,59, ,
2, ,59, ,
3, ,60, ,
2, ,60, ,
1, ,60, ,
3, ,60, ,
2, ,59, ,
1, ,60, ,
3, ,56, ,
1, ,37, ,
1, ,19, ,
2, ,6, ,
2, ,-4, ,
1, ,-12, ,
3, ,-18, ,
1, ,-21, ,
1, ,-24, ,
2, ,-27, ,
2, ,-28, ,
1, ,-31, ,
3, ,-31, ,
2, ,-32, ,
2, ,-33, ,
2, ,-33, ,
2, ,-33, ,
1, ,-34, ,
3, ,-34, ,
1, ,-34, ,
1, ,-34, ,
3, ,-34, ,
2, ,-34, ,
1, ,-34, ,
3, ,-34, ,
2, ,-34, ,
2, ,-34, ,
2, ,-34, ,
2, ,-34, ,
1, ,-34, ,
3, ,-34, ,
2, ,-33, ,
1, ,-34, ,
2, ,-34, ,
2, ,-34, ,
1, ,-34, ,
3, ,-34, ,
2, ,-34, ,
1, ,-34, ,
2, ,-34, ,
3, ,-34, ,
1, ,-33, ,
3, ,-34, ,
1, ,-33, ,
1, ,-34, ,
2, ,-34, ,
3, ,-33, ,
1, ,-33, ,
3, ,-33, ,
2, ,-34, ,
1, ,-33, ,
2, ,-34, ,
2, ,-34, ,
1, ,-33, ,
3, ,-34, ,
2, ,-34, ,
1, ,-33, ,
2, ,-33, ,
2, ,-33, ,
1, ,-33, ,
3, ,-33, ,
1, ,-34, ,
1, ,-33, ,
2, ,-33, ,
3, ,-34, ,
1, ,-33, ,
3, ,-34, ,
2, ,-33, ,
2, ,-33, ,
3, ,-34, ,
3, ,-33, ,
1, ,-34, ,
3, ,-33, ,
1, ,-33, ,
1, ,-33, ,
2, ,-33, ,
2, ,-34, ,
1, ,-33, ,
3, ,-33, ,
2, ,-33, ,
1, ,-33, ,
2, ,-33, ,
3, ,-33, ,
1, ,-33, ,
3, ,-33, ,
2, ,-33, ,
1, ,-34, ,
2, ,-34, ,
2, ,-33, ,
1, ,-33, ,
3, ,-33, ,
2, ,-33, ,
1, ,-33, ,
2, ,-33, ,
3, ,-33, ,
1, ,-33, ,
3, ,-33, ,
2, ,-33, ,
1, ,-33, ,
2, ,-34, ,
2, ,-34, ,
1, ,-33, ,
3, ,-33, ,
1, ,-33, ,
1, ,-33, ,
2, ,-33, ,
2, ,-33, ,
1, ,-33, ,
3, ,-33, ,
1, ,-33, ,
1, ,-33, ,
2, ,-33, ,
2, ,-33, ,
1, ,-33, ,
3, ,-33, ,
1, ,-33, ,
1, ,-33, ,
2, ,-34, ,
2, ,-33, ,
-1, ,-34, ,
3, ,-33, ,
1, ,-34, ,
1, ,-33, ,
2, ,-33, ,
2, ,-34, ,
1, ,-33, ,
3, ,-33, ,
1, ,-33, ,
1, ,-33, ,
2, ,-33, ,
2, ,-33, ,
-1, ,-33, ,
3, ,-33, ,
1, ,-33, ,
1, ,-33, ,
2, ,-33, ,
2, ,-34, ,
-1, ,-33, ,
3, ,-33, ,
1, ,-33, ,
1, ,-33, ,
2, ,-33, ,
2, ,-33, ,
-1, ,-33, ,
2, ,-33, ,
1, ,-33, ,
1, ,-33, ,
2, ,-33, ,
2, ,-34, ,
-1, ,-33, ,
2, ,-33, ,
1, ,-33, ,
1, ,-33, ,
2, ,-34, ,
2, ,-33, ,
-1, ,-33, ,
2, ,-33, ,
1, ,-33, ,
1, ,-33, ,
2, ,-33, ,
2, ,-33, ,
1, ,-33, ,
3, ,-33, ,
1, ,-33, ,
1, ,-33, ,
2, ,-33, ,
2, ,-33, ,
-1, ,-33, ,
3, ,-33, ,
1, ,-33, ,
1, ,-33, ,
2, ,-33, ,
2, ,-33, ,
1, ,-33, ,
3, ,-33, ,
1, ,-33, ,
1, ,-34, ,
2, ,-33, ,
2, ,-33, ,
-1, ,-33, ,
2, ,-33, ,
1, ,-34, ,
1, ,-33, ,
2, ,-33, ,
2, ,-33, ,
1, ,-33, ,
3, ,-33, ,
1, ,-33, ,
1, ,-33, ,
2, ,-33, ,
2, ,-33, ,
-1, ,-33, ,
2, ,-33, ,
1, ,-33, ,
1, ,-33, ,
2, ,-33, ,
2, ,-34, ,
1, ,-33, ,
3, ,-33, ,
1, ,-33, ,
1, ,-33, ,
2, ,-33, ,
2, ,-33, ,
-1, ,-33, ,
3, ,-33, ,
1, ,-33, ,
1, ,-33, ,
1, ,-33, ,
2, ,-33, ,
1, ,-33, ,
3, ,-33, ,
1, ,-33, ,
1, ,-34, ,
2, ,-33, ,
2, ,-33, ,
-1, ,-33, ,
2, ,-33, ,
1, ,-34, ,
1, ,-33, ,
2, ,-33, ,
2, ,-33, ,
-1, ,-33, ,
2, ,-33, ,
1, ,-33, ,
1, ,-34, ,
2, ,-33, ,
2, ,-33, ,
-1, ,-33, ,
2, ,-33, ,
1, ,-33, ,
1, ,-33, ,
1, ,-33, ,
2, ,-33, ,
-1, ,-33, ,
2, ,-33, ,
1, ,-33, ,
1, ,-33, ,
2, ,-34, ,
2, ,-33, ,
-1, ,-33, ,
2, ,-33, ,
1, ,-33, ,
1, ,-33, ,
1, ,-33, ,
2, ,-34, ,
-1, ,-33, ,
2, ,-33, ,
1, ,-33, ,
1, ,-33, ,
2, ,-33, ,
2, ,-33, ,
-1, ,-33, ,
2, ,-33, ,
1, ,-34, ,
1, ,-33, ,
1, ,-33, ,
2, ,-34, ,
-1, ,-33, ,
2, ,-34, ,
1, ,-33, ,
1, ,-33, ,
1, ,-33, ,
1, ,-33, ,
-1, ,-33, ,
2, ,-33, ,
1, ,-33, ,
1, ,-33, ,
1, ,-33, ,
1, ,-33, ,
-1, ,-33, ,
2, ,-33, ,
1, ,-33, ,
1, ,-33, ,
1, ,-34, ,
1, ,-33, ,
-1, ,-33, ,
2, ,-33, ,
1, ,-34, ,
1, ,-33, ,
1, ,-33, ,
1, ,-33, ,
-1, ,-33, ,
2, ,-33, ,
1, ,-33, ,
1, ,-33, ,
2, ,-33, ,
1, ,-33, ,
-1, ,-33, ,
2, ,-33, ,
1, ,-34, ,
1, ,-33, ,
1, ,-33, ,
1, ,-34, ,
-1, ,-33, ,
2, ,-33, ,
1, ,-33, ,
1, ,-33, ,
2, ,-33, ,
2, ,-33, ,
-1, ,-33, ,
2, ,-33, ,
1, ,-33, ,
1, ,-33, ,
1, ,-33, ,
2, ,-33, ,
-1, ,-33, ,
2, ,-33, ,
1, ,-33, ,
1, ,-33, ,
2, ,-33, ,
2, ,-33, ,
-1, ,-33, ,
2, ,-33, ,
1, ,-33, ,
1, ,-33, ,
1, ,-33, ,
1, ,-33, ,
-1, ,-33, ,
2, ,-33, ,
1, ,-33, ,
1, ,-33, ,
2, ,-33, ,
2, ,-33, ,
-1, ,-33, ,
2, ,-33, ,
1, ,-33, ,
1, ,-33, ,
1, ,-33, ,
2, ,-33, ,
-1, ,-33, ,
2, ,-33, ,
1, ,-33, ,
1, ,-34, ,
1, ,-33, ,
1, ,-33, ,
-1, ,-33, ,
2, ,-33, ,
1, ,-34, ,
1, ,-33, ,
1, ,-33, ,
1, ,-33, ,
-1, ,-33, ,
2, ,-33, ,
1, ,-33, ,
1, ,-33, ,
1, ,-33, ,
2, ,-33, ,
-1, ,-33, ,
2, ,-34, ,
1, ,-34, ,
1, ,-33, ,
1, ,-33, ,
1, ,-34, ,
-1, ,-33, ,
2, ,-33, ,
1, ,-33, ,
1, ,-33, ,
2, ,-33, ,
1, ,-33, ,
-1, ,-33, ,
2, ,-33, ,
1, ,-33, ,
1, ,-33, ,
1, ,-33, ,
1, ,-34, ,
-1, ,-33, ,
2, ,-33, ,
1, ,-33, ,
1, ,-34, ,
1, ,-33, ,
1, ,-33, ,
-1, ,-33, ,
2, ,-33, ,
1, ,-33, ,
1, ,-33, ,
1, ,-33, ,
1, ,-34, ,
-1, ,-33, ,
2, ,-34, ,
1, ,-33, ,
-1, ,-34, ,
2, ,-33, ,
1, ,-33, ,
-1, ,-33, ,
2, ,-33, ,
1, ,-34, ,
1, ,-33, ,
1, ,-33, ,
1, ,-33, ,
-1, ,-33, ,
2, ,-33, ,
1, ,-33, ,
-1, ,-33, ,
1, ,-33, ,
1, ,-33, ,
-1, ,-33, ,
2, ,-33, ,
1, ,-34, ,
1, ,-33, ,
1, ,-34, ,
1, ,-34, ,
-1, ,-33, ,
2, ,-33, ,
1, ,-33, ,
-1, ,-33, ,
1, ,-33, ,
1, ,-33, ,
-1, ,-33, ,
2, ,-33, ,
1, ,-33, ,
1, ,-33, ,
1, ,-33, ,
1, ,-34, ,
-1, ,-33, ,
2, ,-33, ,
1, ,-33, ,
1, ,-34, ,
1, ,-33, ,
1, ,-33, ,
-1, ,-33, ,
2, ,-33, ,
1, ,-34, ,
1, ,-33, ,
1, ,-33, ,
1, ,-34, ,
-1, ,-33, ,
2, ,-33, ,
1, ,-33, ,
1, ,-33, ,
1, ,-33, ,
1, ,-33, ,
-1, ,-33, ,
2, ,-33, ,
1, ,-33, ,
1, ,-33, ,
1, ,-33, ,
1, ,-33, ,
-1, ,-33, ,
2, ,-33, ,
1, ,-33, ,
-1, ,-34, ,
1, ,-33, ,
1, ,-33, ,
-1, ,-33, ,
2, ,-33, ,
1, ,-33, ,
1, ,-33, ,
1, ,-33, ,
1, ,-34, ,
-1, ,-33, ,
2, ,-33, ,
1, ,-33, ,
1, ,-34, ,
2, ,-33, ,
1, ,-33, ,
-1, ,-33, ,
2, ,-33, ,
1, ,-33, ,
1, ,-33, ,
1, ,-33, ,
1, ,-34, ,
-1, ,-33, ,
2, ,-33, ,
1, ,-34, ,
1, ,-33, ,
1, ,-33, ,
1, ,-33, ,
-1, ,-33, ,
2, ,-33, ,
1, ,-33, ,
1, ,-33, ,
1, ,-33, ,
1, ,-33, ,
-1, ,-33, ,
2, ,-34, ,
1, ,-33, ,
-1, ,-34, ,
1, ,-33, ,
1, ,-33, ,
-1, ,-33, ,
2, ,-33, ,
1, ,-33, ,
-1, ,-33, ,
1, ,-33, ,
1, ,-34, ,
-1, ,-33, ,
2, ,-33, ,
-1, ,-33, ,
1, ,-34, ,
1, ,-33, ,
1, ,-33, ,
-1, ,-33, ,
2, ,-33, ,
1, ,-33, ,
-1, ,-33, ,
1, ,-33, ,
1, ,-33, ,
-1, ,-33, ,
2, ,-33, ,
1, ,-33, ,
-1, ,-34, ,
1, ,-33, ,
1, ,-33, ,
-1, ,-33, ,
2, ,-33, ,
-1, ,-34, ,
1, ,-33, ,
1, ,-33, ,
1, ,-34, ,
-1, ,-33, ,
2, ,-33, ,
1, ,-33, ,
-1, ,-33, ,
1, ,-34, ,
1, ,-33, ,
-1, ,-33, ,
2, ,-33, ,
1, ,-33, ,
-1, ,-33, ,
1, ,-33, ,
1, ,-33, ,
-1, ,-33, ,
2, ,-33, ,
1, ,-33, ,
-1, ,-33, ,
1, ,-33, ,
1, ,-33, ,
-1, ,-33, ,
2, ,-33, ,
1, ,-34, ,
1, ,-33, ,
1, ,-33, ,
1, ,-33, ,
-1, ,-33, ,
2, ,-33, ,
1, ,-33, ,
-1, ,-33, ,
1, ,-33, ,
1, ,-33, ,
-1, ,-33, ,
1, ,-33, ,
1, ,-33, ,
-1, ,-33, ,
1, ,-33, ,
1, ,-33, ,
-1, ,-33, ,
2, ,-33, ,
1, ,-33, ,
-1, ,-33, ,
1, ,-33, ,
1, ,-33, ,
-1, ,-33, ,
1, ,-33, ,
1, ,-33, ,
-1, ,-33, ,
1, ,-33, ,
1, ,-34, ,
-1, ,-33, ,
2, ,-33, ,
1, ,-33, ,
-1, ,-33, ,
1, ,-34, ,
1, ,-33, ,
-1, ,-34, ,
2, ,-33, ,
1, ,-33, ,
-1, ,-33, ,
1, ,-33, ,
1, ,-33, ,
-1, ,-33, ,
2, ,-33, ,
-1, ,-33, ,
-1, ,-33, ,
1, ,-33, ,
1, ,-33, ,
-1, ,-33, ,
1, ,-33, ,
1, ,-33, ,
-1, ,-33, ,
1, ,-33, ,
1, ,-33, ,
-1, ,-33, ,
2, ,-33, ,
1, ,-33, ,
-1, ,-33, ,
1, ,-34, ,
1, ,-33, ,
-1, ,-33, ,
2, ,-33, ,
-1, ,-33, ,
-1, ,-33, ,
1, ,-33, ,
1, ,-33, ,
-1, ,-33, ,
2, ,-33, ,
1, ,-33, ,
-1, ,-33, ,
1, ,-34, ,
1, ,-33, ,
-1, ,-33, ,
2, ,-33, ,
1, ,-33, ,
-1, ,-33, ,
1, ,-33, ,
1, ,-34, ,
-1, ,-33, ,
2, ,-33, ,
1, ,-33, ,
-1, ,-33, ,
1, ,-34, ,
1, ,-33, ,
-1, ,-33, ,
1, ,-33, ,
-1, ,-33, ,
1, ,-33, ,
1, ,-33, ,
1, ,-34, ,
-1, ,-33, ,
2, ,-33, ,
1, ,-33, ,
-1, ,-33, ,
1, ,-33, ,
1, ,-33, ,
-1, ,-33, ,
1, ,-33, ,
1, ,-33, ,
1, ,-33, ,
1, ,-26, ,
1, ,-7, ,
-1, ,11, ,
2, ,23, ,
-1, ,33, ,
1, ,40, ,
1, ,45, ,
1, ,50, ,
-1, ,53, ,
1, ,55, ,
1, ,55, ,
-1, ,57, ,
1, ,58, ,
1, ,59, ,
-1, ,59, ,
2, ,59, ,
1, ,59, ,
-1, ,59, ,
1, ,60, ,
-1, ,60, ,
-2, ,60, ,
1, ,61, ,
-1, ,60, ,
-1, ,60, ,
1, ,61, ,
1, ,60, ,
-1, ,60, ,
2, ,61, ,
-1, ,59, ,
-1, ,60, ,
2, ,60, ,
1, ,60, ,
-2, ,60, ,
1, ,60, ,
-1, ,59, ,
-1, ,60, ,
1, ,60, ,
1, ,60, ,
-1, ,59, ,
2, ,60, ,
-1, ,59, ,
-1, ,60, ,
1, ,60, ,
1, ,60, ,
-1, ,60, ,
1, ,60, ,
-1, ,59, ,
-1, ,60, ,
1, ,60, ,
1, ,60, ,
-1, ,59, ,
1, ,60, ,
-1, ,59, ,
80, ,60, ,
52, ,60, ,
31, ,60, ,
20, ,59, ,
15, ,60, ,
8, ,59, ,
6, ,60, ,
6, ,60, ,
5, ,60, ,
3, ,60, ,
6, ,60, ,
2, ,59, ,
2, ,60, ,
3, ,60, ,
2, ,60, ,
1, ,60, ,
3, ,60, ,
2, ,59, ,
1, ,59, ,
2, ,60, ,
2, ,60, ,
1, ,59, ,
3, ,60, ,
1, ,59, ,
1, ,60, ,
3, ,60, ,
2, ,60, ,
1, ,59, ,
3, ,60, ,
2, ,59, ,
2, ,60, ,
2, ,60, ,
2, ,60, ,
1, ,59, ,
3, ,60, ,
2, ,59, ,
1, ,60, ,
2, ,60, ,
2, ,60, ,
1, ,59, ,
5, ,60, ,
3, ,59, ,
6, ,59, ,
7, ,61, ,
7, ,60, ,
5, ,59, ,
6, ,60, ,
3, ,60, ,
2, ,60, ,
3, ,60, ,
3, ,59, ,
1, ,59, ,
3, ,60, ,
2, ,59, ,
2, ,60, ,
3, ,60, ,
2, ,60, ,
1, ,59, ,
5, ,60, ,
2, ,59, ,
1, ,59, ,
3, ,60, ,
2, ,59, ,
1, ,59, ,
3, ,60, ,
2, ,59, ,
1, ,60, ,
2, ,60, ,
2, ,59, ,
1, ,60, ,
3, ,60, ,
2, ,59, ,
1, ,60, ,
3, ,60, ,
2, ,59, ,
1, ,59, ,
3, ,60, ,
2, ,59, ,
1, ,59, ,
2, ,60, ,
2, ,60, ,
1, ,59, ,
3, ,60, ,
2, ,59, ,
1, ,60, ,
2, ,60, ,
2, ,59, ,
1, ,60, ,
3, ,60, ,
2, ,59, ,
1, ,59, ,
2, ,60, ,
2, ,60, ,
1, ,59, ,
10, ,60, ,
10, ,59, ,
7, ,60, ,
7, ,60, ,
6, ,60, ,
2, ,59, ,
5, ,60, ,
2, ,58, ,
1, ,43, ,
3, ,24, ,
2, ,8, ,
1, ,-2, ,
3, ,-9, ,
1, ,-16, ,
1, ,-20, ,
2, ,-24, ,
2, ,-26, ,
1, ,-28, ,
3, ,-30, ,
1, ,-31, ,
2, ,-32, ,
2, ,-33, ,
2, ,-33, ,
1, ,-33, ,
3, ,-34, ,
2, ,-34, ,
2, ,-34, ,
2, ,-34, ,
2, ,-34, ,
1, ,-34, ,
3, ,-34, ,
2, ,-34, ,
1, ,-34, ,
2, ,-34, ,
2, ,-34, ,
1, ,-34, ,
3, ,-34, ,
2, ,-34, ,
1, ,-34, ,
2, ,-34, ,
2, ,-34, ,
1, ,-34, ,
3, ,-34, ,
2, ,-34, ,
1, ,-34, ,
2, ,-33, ,
2, ,-34, ,
1, ,-33, ,
3, ,-34, ,
2, ,-34, ,
1, ,-33, ,
2, ,-34, ,
3, ,-33, ,
1, ,-34, ,
3, ,-33, ,
2, ,-34, ,
1, ,-33, ,
2, ,-33, ,
2, ,-34, ,
1, ,-33, ,
3, ,-33, ,
2, ,-33, ,
1, ,-33, ,
2, ,-33, ,
2, ,-33, ,
1, ,-33, ,
3, ,-33, ,
2, ,-34, ,
1, ,-33, ,
2, ,-33, ,
2, ,-34, ,
1, ,-33, ,
3, ,-33, ,
2, ,-33, ,
1, ,-33, ,
2, ,-34, ,
2, ,-33, ,
1, ,-33, ,
3, ,-33, ,
2, ,-34, ,
1, ,-33, ,
2, ,-33, ,
2, ,-34, ,
1, ,-33, ,
3, ,-34, ,
2, ,-33, ,
1, ,-33, ,
2, ,-34, ,
2, ,-34, ,
1, ,-33, ,
3, ,-33, ,
2, ,-34, ,
1, ,-33, ,
2, ,-33, ,
3, ,-34, ,
1, ,-33, ,
3, ,-33, ,
1, ,-33, ,
1, ,-34, ,
2, ,-33, ,
2, ,-33, ,
1, ,-33, ,
3, ,-33, ,
2, ,-34, ,
1, ,-33, ,
2, ,-33, ,
2, ,-34, ,
1, ,-33, ,
5, ,-33, ,
2, ,-33, ,
1, ,-33, ,
2, ,-33, ,
2, ,-33, ,
1, ,-34, ,
3, ,-33, ,
1, ,-34, ,
1, ,-33, ,
2, ,-33, ,
2, ,-34, ,
1, ,-33, ,
3, ,-33, ,
1, ,-33, ,
1, ,-33, ,
2, ,-33, ,
2, ,-33, ,
1, ,-33, ,
3, ,-33, ,
2, ,-34, ,
1, ,-33, ,
2, ,-33, ,
2, ,-33, ,
1, ,-33, ,
3, ,-33, ,
1, ,-33, ,
1, ,-33, ,
2, ,-33, ,
2, ,-33, ,
-1, ,-33, ,
2, ,-33, ,
1, ,-34, ,
1, ,-33, ,
2, ,-33, ,
2, ,-33, ,
1, ,-33, ,
3, ,-33, ,
1, ,-33, ,
1, ,-33, ,
2, ,-34, ,
2, ,-33, ,
-1, ,-33, ,
3, ,-33, ,
2, ,-33, ,
1, ,-33, ,
2, ,-33, ,
2, ,-33, ,
1, ,-33, ,
2, ,-34, ,
1, ,-33, ,
1, ,-33, ,
2, ,-33, ,
2, ,-33, ,
-1, ,-33, ,
2, ,-33, ,
1, ,-33, ,
1, ,-33, ,
1, ,-33, ,
2, ,-33, ,
1, ,-33, ,
2, ,-33, ,
1, ,-33, ,
1, ,-33, ,
2, ,-33, ,
2, ,-33, ,
-1, ,-33, ,
3, ,-33, ,
1, ,-33, ,
1, ,-33, ,
1, ,-33, ,
2, ,-33, ,
1, ,-33, ,
3, ,-33, ,
1, ,-33, ,
1, ,-33, ,
2, ,-33, ,
2, ,-33, ,
-1, ,-33, ,
2, ,-33, ,
1, ,-34, ,
1, ,-33, ,
1, ,-33, ,
2, ,-33, ,
1, ,-33, ,
2, ,-33, ,
1, ,-34, ,
1, ,-33, ,
2, ,-33, ,
2, ,-33, ,
-1, ,-33, ,
2, ,-33, ,
1, ,-34, ,
1, ,-33, ,
2, ,-33, ,
2, ,-33, ,
1, ,-33, ,
3, ,-33, ,
1, ,-33, ,
1, ,-33, ,
2, ,-33, ,
2, ,-33, ,
-1, ,-33, ,
3, ,-33, ,
2, ,-34, ,
1, ,-33, ,
1, ,-33, ,
2, ,-33, ,
1, ,-33, ,
2, ,-33, ,
1, ,-33, ,
1, ,-33, ,
2, ,-33, ,
2, ,-33, ,
-1, ,-33, ,
2, ,-33, ,
1, ,-33, ,
1, ,-33, ,
1, ,-33, ,
2, ,-33, ,
1, ,-33, ,
2, ,-33, ,
1, ,-33, ,
1, ,-33, ,
2, ,-34, ,
2, ,-33, ,
-1, ,-33, ,
2, ,-33, ,
1, ,-33, ,
1, ,-33, ,
1, ,-33, ,
2, ,-33, ,
1, ,-33, ,
2, ,-33, ,
1, ,-33, ,
1, ,-33, ,
2, ,-33, ,
2, ,-33, ,
-1, ,-34, ,
2, ,-33, ,
1, ,-33, ,
1, ,-33, ,
1, ,-33, ,
2, ,-33, ,
-1, ,-33, ,
2, ,-33, ,
1, ,-33, ,
1, ,-33, ,
2, ,-33, ,
2, ,-33, ,
-1, ,-33, ,
2, ,-33, ,
1, ,-33, ,
1, ,-33, ,
2, ,-33, ,
2, ,-33, ,
-1, ,-33, ,
2, ,-33, ,
1, ,-33, ,
1, ,-34, ,
2, ,-33, ,
2, ,-33, ,
-1, ,-33, ,
2, ,-33, ,
1, ,-33, ,
1, ,-33, ,
1, ,-33, ,
1, ,-33, ,
-1, ,-33, ,
2, ,-33, ,
1, ,-33, ,
1, ,-33, ,
2, ,-33, ,
2, ,-33, ,
-1, ,-33, ,
2, ,-33, ,
1, ,-33, ,
1, ,-33, ,
2, ,-33, ,
2, ,-33, ,
-1, ,-33, ,
2, ,-33, ,
1, ,-33, ,
1, ,-33, ,
2, ,-33, ,
2, ,-33, ,
-1, ,-33, ,
2, ,-33, ,
1, ,-34, ,
1, ,-33, ,
1, ,-33, ,
2, ,-33, ,
-1, ,-33, ,
2, ,-33, ,
1, ,-33, ,
1, ,-33, ,
2, ,-33, ,
2, ,-33, ,
-1, ,-33, ,
2, ,-33, ,
1, ,-34, ,
1, ,-33, ,
1, ,-33, ,
2, ,-33, ,
-1, ,-33, ,
2, ,-33, ,
1, ,-33, ,
1, ,-34, ,
2, ,-33, ,
2, ,-33, ,
-1, ,-33, ,
2, ,-33, ,
1, ,-33, ,
1, ,-33, ,
1, ,-33, ,
2, ,-33, ,
-1, ,-33, ,
2, ,-33, ,
1, ,-33, ,
1, ,-33, ,
2, ,-33, ,
1, ,-33, ,
-1, ,-33, ,
2, ,-33, ,
1, ,-34, ,
1, ,-33, ,
1, ,-33, ,
1, ,-33, ,
-1, ,-33, ,
2, ,-33, ,
1, ,-33, ,
1, ,-34, ,
2, ,-33, ,
2, ,-33, ,
-1, ,-33, ,
2, ,-33, ,
1, ,-34, ,
1, ,-33, ,
1, ,-33, ,
2, ,-33, ,
-1, ,-33, ,
2, ,-33, ,
1, ,-33, ,
1, ,-33, ,
1, ,-33, ,
2, ,-33, ,
-1, ,-33, ,
2, ,-33, ,
1, ,-34, ,
1, ,-33, ,
2, ,-33, ,
2, ,-33, ,
1, ,-33, ,
2, ,-33, ,
1, ,-33, ,
1, ,-34, ,
2, ,-33, ,
2, ,-33, ,
1, ,-33, ,
2, ,-33, ,
1, ,-33, ,
1, ,-33, ,
2, ,-33, ,
2, ,-33, ,
-1, ,-33, ,
2, ,-33, ,
1, ,-33, ,
1, ,-34, ,
2, ,-33, ,
1, ,-33, ,
-1, ,-33, ,
2, ,-33, ,
1, ,-34, ,
1, ,-33, ,
1, ,-33, ,
2, ,-33, ,
-1, ,-33, ,
2, ,-33, ,
1, ,-33, ,
1, ,-33, ,
2, ,-33, ,
2, ,-33, ,
-1, ,-33, ,
2, ,-33, ,
1, ,-34, ,
1, ,-33, ,
1, ,-33, ,
1, ,-33, ,
-1, ,-33, ,
2, ,-33, ,
1, ,-33, ,
1, ,-33, ,
2, ,-33, ,
2, ,-33, ,
-1, ,-33, ,
2, ,-33, ,
1, ,-33, ,
1, ,-33, ,
2, ,-33, ,
2, ,-33, ,
-1, ,-33, ,
2, ,-33, ,
1, ,-33, ,
1, ,-34, ,
2, ,-33, ,
2, ,-33, ,
-1, ,-33, ,
2, ,-33, ,
-1, ,-34, ,
1, ,-33, ,
1, ,-33, ,
1, ,-33, ,
-1, ,-33, ,
2, ,-33, ,
1, ,-33, ,
1, ,-33, ,
1, ,-33, ,
1, ,-33, ,
-1, ,-33, ,
2, ,-33, ,
1, ,-33, ,
1, ,-33, ,
1, ,-33, ,
1, ,-34, ,
-1, ,-33, ,
2, ,-33, ,
1, ,-33, ,
1, ,-34, ,
2, ,-33, ,
2, ,-33, ,
-1, ,-33, ,
2, ,-33, ,
1, ,-33, ,
1, ,-33, ,
1, ,-33, ,
2, ,-34, ,
-1, ,-33, ,
2, ,-33, ,
1, ,-33, ,
1, ,-33, ,
2, ,-33, ,
1, ,-33, ,
-1, ,-33, ,
2, ,-33, ,
1, ,-34, ,
1, ,-33, ,
1, ,-33, ,
2, ,-33, ,
-1, ,-33, ,
2, ,-33, ,
1, ,-33, ,
1, ,-34, ,
2, ,-33, ,
2, ,-33, ,
-1, ,-33, ,
2, ,-33, ,
1, ,-33, ,
1, ,-33, ,
2, ,-33, ,
2, ,-33, ,
-1, ,-33, ,
2, ,-33, ,
1, ,-33, ,
1, ,-34, ,
2, ,-33, ,
2, ,-33, ,
-1, ,-33, ,
2, ,-33, ,
1, ,-34, ,
1, ,-33, ,
1, ,-33, ,
2, ,-34, ,
-1, ,-33, ,
2, ,-33, ,
-1, ,-33, ,
1, ,-33, ,
2, ,-33, ,
1, ,-33, ,
-1, ,-33, ,
2, ,-33, ,
1, ,-34, ,
1, ,-33, ,
2, ,-33, ,
1, ,-34, ,
-1, ,-33, ,
2, ,-33, ,
-1, ,-33, ,
1, ,-33, ,
2, ,-33, ,
1, ,-33, ,
-1, ,-33, ,
2, ,-33, ,
1, ,-34, ,
-1, ,-33, ,
1, ,-33, ,
1, ,-33, ,
-1, ,-33, ,
2, ,-33, ,
-1, ,-33, ,
-1, ,-33, ,
2, ,-33, ,
1, ,-33, ,
-1, ,-33, ,
2, ,-33, ,
1, ,-34, ,
-1, ,-33, ,
1, ,-33, ,
2, ,-34, ,
-1, ,-33, ,
2, ,-33, ,
-1, ,-33, ,
1, ,-33, ,
2, ,-33, ,
1, ,-33, ,
-1, ,-33, ,
2, ,-33, ,
-1, ,-34, ,
-1, ,-33, ,
1, ,-33, ,
1, ,-33, ,
-1, ,-33, ,
2, ,-33, ,
1, ,-33, ,
-1, ,-33, ,
2, ,-33, ,
1, ,-33, ,
-1, ,-33, ,
2, ,-33, ,
-1, ,-34, ,
1, ,-33, ,
1, ,-33, ,
1, ,-33, ,
-1, ,-33, ,
1, ,-33, ,
1, ,-33, ,
-1, ,-33, ,
1, ,-33, ,
1, ,-33, ,
-1, ,-33, ,
2, ,-33, ,
1, ,-34, ,
1, ,-33, ,
1, ,-33, ,
1, ,-33, ,
-1, ,-33, ,
2, ,-33, ,
1, ,-33, ,
1, ,-34, ,
2, ,-33, ,
1, ,-33, ,
-1, ,-33, ,
2, ,-33, ,
1, ,-33, ,
-1, ,-33, ,
1, ,-33, ,
1, ,-34, ,
-1, ,-33, ,
2, ,-33, ,
1, ,-33, ,
-1, ,-33, ,
1, ,-33, ,
1, ,-33, ,
-1, ,-33, ,
2, ,-33, ,
1, ,-34, ,
1, ,-33, ,
1, ,-33, ,
1, ,-33, ,
-1, ,-33, ,
2, ,-33, ,
-1, ,-33, ,
1, ,-33, ,
2, ,-33, ,
1, ,-33, ,
-1, ,-33, ,
1, ,-33, ,
-1, ,-34, ,
-1, ,-33, ,
1, ,-33, ,
1, ,-33, ,
-1, ,-33, ,
2, ,-33, ,
1, ,-33, ,
-1, ,-33, ,
2, ,-34, ,
1, ,-33, ,
-1, ,-33, ,
2, ,-33, ,
1, ,-33, ,
1, ,-33, ,
1, ,-33, ,
1, ,-34, ,
-1, ,-33, ,
2, ,-33, ,
1, ,-33, ,
1, ,-34, ,
1, ,-33, ,
1, ,-33, ,
-1, ,-33, ,
2, ,-33, ,
1, ,-34, ,
1, ,-33, ,
1, ,-33, ,
1, ,-34, ,
-1, ,-33, ,
2, ,-33, ,
-1, ,-33, ,
-1, ,-33, ,
1, ,-33, ,
1, ,-33, ,
-1, ,-33, ,
1, ,-33, ,
-1, ,-34, ,
-1, ,-33, ,
2, ,-33, ,
1, ,-33, ,
-1, ,-33, ,
2, ,-33, ,
1, ,-33, ,
-1, ,-34, ,
2, ,-33, ,
1, ,-33, ,
-1, ,-33, ,
2, ,-33, ,
1, ,-33, ,
-1, ,-33, ,
1, ,-33, ,
1, ,-30, ,
-1, ,-12, ,
2, ,6, ,
1, ,20, ,
1, ,31, ,
2, ,38, ,
2, ,44, ,
-1, ,47, ,
2, ,52, ,
-1, ,53, ,
1, ,55, ,
2, ,57, ,
1, ,58, ,
-1, ,58, ,
2, ,60, ,
-1, ,59, ,
-1, ,59, ,
1, ,60, ,
1, ,60, ,
-1, ,60, ,
2, ,61, ,
1, ,60, ,
-1, ,60, ,
2, ,60, ,
1, ,60, ,
-1, ,60, ,
2, ,61, ,
-1, ,60, ,
-1, ,60, ,
2, ,60, ,
1, ,60, ,
-1, ,60, ,
1, ,61, ,
-1, ,60, ,
-1, ,60, ,
2, ,60, ,
1, ,60, ,
-2, ,59, ,
1, ,60, ,
-1, ,59, ,
-1, ,60, ,
1, ,60, ,
1, ,60, ,
-1, ,60, ,
2, ,60, ,
-1, ,59, ,
-1, ,60, ,
2, ,60, ,
-1, ,60, ,
-1, ,60, ,
2, ,60, ,
-1, ,59, ,
-1, ,60, ,
2, ,60, ,
1, ,59, ,
-1, ,60, ,
1, ,60, ,
-1, ,59, ,
-1, ,60, ,
2, ,60, ,
1, ,60, ,
-2, ,59, ,
2, ,60, ,
-1, ,60, ,
-1, ,60, ,
1, ,59, ,
1, ,59, ,
-1, ,60, ,
2, ,60, ,
-1, ,59, ,
-1, ,60, ,
2, ,60, ,
1, ,59, ,
-2, ,60, ,
1, ,60, ,
-1, ,59, ,
-1, ,60, ,
2, ,60, ,
1, ,59, ,
-1, ,59, ,
2, ,60, ,
-1, ,59, ,
-1, ,60, ,
2, ,60, ,
1, ,60, ,
-1, ,59, ,
1, ,60, ,
-1, ,59, ,
-1, ,60, ,
1, ,60, ,
1, ,59, ,
-1, ,59, ,
2, ,60, ,
-1, ,59, ,
77, ,60, ,
48, ,60, ,
29, ,59, ,
17, ,60, ,
12, ,60, ,
8, ,59, ,
6, ,60, ,
6, ,60, ,
3, ,59, ,
3, ,59, ,
5, ,60, ,
3, ,59, ,
2, ,59, ,
5, ,60, ,
3, ,60, ,
2, ,60, ,
3, ,60, ,
2, ,59, ,
2, ,60, ,
3, ,60, ,
2, ,59, ,
1, ,59, ,
3, ,60, ,
2, ,59, ,
2, ,60, ,
3, ,60, ,
2, ,59, ,
1, ,59, ,
3, ,60, ,
2, ,59, ,
2, ,60, ,
3, ,60, ,
2, ,59, ,
1, ,59, ,
3, ,60, ,
2, ,59, ,
1, ,59, ,
3, ,60, ,
2, ,59, ,
1, ,60, ,
3, ,60, ,
2, ,59, ,
2, ,60, ,
3, ,60, ,
2, ,59, ,
1, ,60, ,
3, ,60, ,
1, ,59, ,
1, ,60, ,
3, ,60, ,
2, ,59, ,
1, ,59, ,
6, ,60, ,
8, ,59, ,
7, ,60, ,
8, ,60, ,
6, ,60, ,
3, ,59, ,
5, ,60, ,
3, ,59, ,
1, ,59, ,
3, ,50, ,
3, ,30, ,
1, ,13, ,
2, ,1, ,
2, ,-7, ,
1, ,-14, ,
3, ,-19, ,
2, ,-23, ,
1, ,-26, ,
3, ,-28, ,
2, ,-30, ,
2, ,-31, ,
2, ,-32, ,
3, ,-32, ,
1, ,-33, ,
3, ,-33, ,
2, ,-33, ,
1, ,-34, ,
2, ,-34, ,
2, ,-34, ,
1, ,-34, ,
3, ,-34, ,
2, ,-34, ,
2, ,-34, ,
3, ,-34, ,
3, ,-34, ,
1, ,-34, ,
3, ,-34, ,
2, ,-34, ,
2, ,-34, ,
3, ,-34, ,
3, ,-34, ,
1, ,-34, ,
3, ,-34, ,
2, ,-34, ,
1, ,-33, ,
2, ,-34, ,
2, ,-34, ,
1, ,-34, ,
3, ,-33, ,
1, ,-33, ,
1, ,-34, ,
3, ,-34, ,
3, ,-34, ,
1, ,-34, ,
3, ,-33, ,
2, ,-34, ,
2, ,-33, ,
2, ,-33, ,
2, ,-34, ,
1, ,-33, ,
3, ,-33, ,
2, ,-33, ,
2, ,-33, ,
3, ,-34, ,
2, ,-33, ,
1, ,-33, ,
3, ,-33, ,
2, ,-33, ,
2, ,-34, ,
2, ,-33, ,
2, ,-34, ,
1, ,-33, ,
3, ,-33, ,
2, ,-33, ,
1, ,-34, ,
3, ,-33, ,
3, ,-33, ,
1, ,-33, ,
3, ,-33, ,
2, ,-34, ,
2, ,-33, ,
2, ,-33, ,
2, ,-34, ,
1, ,-33, ,
3, ,-33, ,
2, ,-33, ,
1, ,-34, ,
2, ,-34, ,
2, ,-33, ,
1, ,-33, ,
3, ,-33, ,
2, ,-34, ,
2, ,-33, ,
3, ,-33, ,
2, ,-34, ,
1, ,-33, ,
3, ,-33, ,
2, ,-33, ,
1, ,-33, ,
2, ,-33, ,
2, ,-33, ,
1, ,-33, ,
3, ,-33, ,
2, ,-34, ,
1, ,-33, ,
2, ,-33, ,
2, ,-34, ,
1, ,-33, ,
3, ,-33, ,
2, ,-33, ,
1, ,-34, ,
2, ,-33, ,
3, ,-33, ,
1, ,-33, ,
3, ,-33, ,
1, ,-33, ,
1, ,-33, ,
2, ,-33, ,
2, ,-33, ,
1, ,-33, ,
3, ,-33, ,
1, ,-33, ,
2, ,-33, ,
2, ,-33, ,
2, ,-33, ,
1, ,-33, ,
3, ,-33, ,
1, ,-34, ,
2, ,-33, ,
2, ,-33, ,
2, ,-33, ,
1, ,-33, ,
3, ,-33, ,
1, ,-33, ,
1, ,-33, ,
3, ,-33, ,
2, ,-33, ,
1, ,-33, ,
3, ,-33, ,
2, ,-33, ,
2, ,-33, ,
2, ,-33, ,
2, ,-34, ,
1, ,-33, ,
3, ,-33, ,
1, ,-33, ,
1, ,-33, ,
3, ,-33, ,
2, ,-33, ,
1, ,-33, ,
3, ,-33, ,
1, ,-33, ,
1, ,-33, ,
2, ,-33, ,
2, ,-33, ,
1, ,-33, ,
3, ,-33, ,
1, ,-33, ,
1, ,-33, ,
2, ,-33, ,
2, ,-33, ,
1, ,-33, ,
3, ,-33, ,
2, ,-33, ,
1, ,-33, ,
2, ,-33, ,
2, ,-33, ,
-1, ,-33, ,
3, ,-33, ,
1, ,-33, ,
1, ,-33, ,
2, ,-33, ,
2, ,-33, ,
-1, ,-33, ,
2, ,-33, ,
1, ,-34, ,
1, ,-33, ,
2, ,-33, ,
2, ,-34, ,
-1, ,-33, ,
2, ,-33, ,
1, ,-33, ,
1, ,-33, ,
2, ,-33, ,
2, ,-33, ,
-1, ,-33, ,
2, ,-33, ,
1, ,-34, ,
1, ,-33, ,
2, ,-33, ,
2, ,-33, ,
-1, ,-33, ,
2, ,-33, ,
1, ,-33, ,
1, ,-33, ,
2, ,-33, ,
2, ,-33, ,
1, ,-33, ,
2, ,-33, ,
1, ,-33, ,
1, ,-33, ,
2, ,-33, ,
2, ,-33, ,
-1, ,-33, ,
2, ,-33, ,
1, ,-33, ,
1, ,-33, ,
2, ,-33, ,
2, ,-33, ,
-1, ,-33, ,
2, ,-33, ,
1, ,-33, ,
1, ,-33, ,
2, ,-33, ,
2, ,-33, ,
-1, ,-33, ,
2, ,-33, ,
1, ,-33, ,
1, ,-33, ,
2, ,-33, ,
2, ,-33, ,
1, ,-33, ,
2, ,-33, ,
1, ,-34, ,
1, ,-33, ,
2, ,-33, ,
2, ,-33, ,
-1, ,-33, ,
3, ,-33, ,
1, ,-33, ,
1, ,-33, ,
2, ,-33, ,
2, ,-33, ,
-1, ,-33, ,
2, ,-33, ,
1, ,-33, ,
1, ,-33, ,
2, ,-33, ,
2, ,-33, ,
-1, ,-33, ,
3, ,-33, ,
1, ,-33, ,
1, ,-33, ,
43, ,-33, ,
35, ,-33, ,
20, ,-33, ,
15, ,-33, ,
10, ,-34, ,
7, ,-33, ,
6, ,-33, ,
6, ,-33, ,
3, ,-33, ,
5, ,-33, ,
2, ,-33, ,
2, ,-33, ,
3, ,-33, ,
3, ,-33, ,
1, ,-33, ,
3, ,-33, ,
2, ,-34, ,
2, ,-33, ,
3, ,-33, ,
2, ,-33, ,
1, ,-33, ,
3, ,-33, ,
2, ,-33, ,
2, ,-33, ,
3, ,-33, ,
3, ,-33, ,
1, ,-33, ,
3, ,-33, ,
2, ,-34, ,
2, ,-33, ,
3, ,-33, ,
3, ,-34, ,
1, ,-33, ,
3, ,-33, ,
2, ,-33, ,
2, ,-33, ,
3, ,-33, ,
2, ,-33, ,
1, ,-33, ,
3, ,-33, ,
2, ,-33, ,
2, ,-33, ,
2, ,-33, ,
2, ,-33, ,
1, ,-33, ,
3, ,-33, ,
2, ,-33, ,
2, ,-33, ,
2, ,-33, ,
3, ,-33, ,
1, ,-33, ,
3, ,-33, ,
2, ,-34, ,
1, ,-33, ,
2, ,-33, ,
3, ,-33, ,
1, ,-33, ,
3, ,-33, ,
2, ,-33, ,
1, ,-33, ,
3, ,-33, ,
3, ,-33, ,
1, ,-33, ,
3, ,-33, ,
2, ,-33, ,
2, ,-33, ,
2, ,-33, ,
2, ,-33, ,
1, ,-33, ,
3, ,-33, ,
2, ,-33, ,
1, ,-33, ,
3, ,-33, ,
2, ,-33, ,
1, ,-33, ,
3, ,-33, ,
1, ,-33, ,
2, ,-33, ,
2, ,-33, ,
2, ,-33, ,
1, ,-33, ,
3, ,-33, ,
2, ,-33, ,
1, ,-33, ,
2, ,-33, ,
3, ,-33, ,
1, ,-33, ,
3, ,-33, ,
2, ,-33, ,
1, ,-33, ,
2, ,-33, ,
2, ,-33, ,
1, ,-33, ,
3, ,-33, ,
2, ,-33, ,
1, ,-34, ,
3, ,-33, ,
3, ,-33, ,
1, ,-33, ,
3, ,-33, ,
2, ,-33, ,
1, ,-33, ,
2, ,-33, ,
2, ,-33, ,
1, ,-33, ,
3, ,-33, ,
2, ,-33, ,
1, ,-33, ,
3, ,-33, ,
2, ,-33, ,
1, ,-33, ,
3, ,-33, ,
2, ,-34, ,
1, ,-33, ,
2, ,-33, ,
2, ,-33, ,
1, ,-33, ,
3, ,-33, ,
2, ,-33, ,
1, ,-33, ,
3, ,-33, ,
2, ,-33, ,
1, ,-33, ,
3, ,-33, ,
2, ,-33, ,
1, ,-33, ,
2, ,-33, ,
2, ,-33, ,
1, ,-33, ,
3, ,-33, ,
2, ,-33, ,
1, ,-33, ,
3, ,-33, ,
2, ,-33, ,
1, ,-33, ,
3, ,-33, ,
2, ,-33, ,
1, ,-33, ,
2, ,-33, ,
2, ,-33, ,
1, ,-33, ,
3, ,-33, ,
2, ,-33, ,
1, ,-33, ,
2, ,-33, ,
3, ,-33, ,
1, ,-33, ,
3, ,-33, ,
2, ,-33, ,
1, ,-33, ,
2, ,-33, ,
2, ,-34, ,
1, ,-33, ,
3, ,-33, ,
2, ,-33, ,
1, ,-34, ,
3, ,-34, ,
3, ,-33, ,
1, ,-33, ,
3, ,-33, ,
2, ,-33, ,
1, ,-33, ,
2, ,-33, ,
2, ,-33, ,
1, ,-33, ,
3, ,-33, ,
1, ,-33, ,
1, ,-33, ,
2, ,-33, ,
2, ,-33, ,
1, ,-33, ,
3, ,-33, ,
1, ,-34, ,
1, ,-33, ,
2, ,-33, ,
2, ,-34, ,
-1, ,-33, ,
3, ,-33, ,
1, ,-33, ,
1, ,-33, ,
2, ,-33, ,
2, ,-33, ,
1, ,-33, ,
2, ,-33, ,
1, ,-33, ,
1, ,-33, ,
2, ,-33, ,
2, ,-33, ,
-1, ,-33, ,
3, ,-33, ,
1, ,-33, ,
1, ,-33, ,
2, ,-33, ,
2, ,-34, ,
-1, ,-33, ,
2, ,-33, ,
1, ,-34, ,
1, ,-33, ,
2, ,-33, ,
2, ,-34, ,
1, ,-33, ,
38, ,-33, ,
25, ,-33, ,
16, ,-33, ,
12, ,-33, ,
8, ,-33, ,
6, ,-33, ,
7, ,-33, ,
3, ,-34, ,
2, ,-33, ,
3, ,-33, ,
2, ,-33, ,
1, ,-33, ,
5, ,-34, ,
2, ,-33, ,
2, ,-33, ,
3, ,-33, ,
2, ,-33, ,
1, ,-33, ,
3, ,-33, ,
2, ,-33, ,
2, ,-33, ,
2, ,-33, ,
2, ,-33, ,
1, ,-33, ,
3, ,-33, ,
2, ,-33, ,
1, ,-34, ,
3, ,-33, ,
3, ,-33, ,
1, ,-33, ,
3, ,-33, ,
2, ,-34, ,
2, ,-33, ,
3, ,-33, ,
3, ,-34, ,
1, ,-33, ,
5, ,-33, ,
2, ,-33, ,
2, ,-33, ,
3, ,-33, ,
2, ,-33, ,
1, ,-33, ,
3, ,-33, ,
2, ,-34, ,
1, ,-33, ,
2, ,-33, ,
3, ,-34, ,
1, ,-33, ,
3, ,-33, ,
2, ,-33, ,
2, ,-33, ,
3, ,-34, ,
3, ,-33, ,
1, ,-33, ,
3, ,-33, ,
2, ,-34, ,
2, ,-33, ,
2, ,-33, ,
2, ,-33, ,
1, ,-33, ,
3, ,-33, ,
2, ,-33, ,
2, ,-33, ,
3, ,-33, ,
3, ,-33, ,
1, ,-33, ,
3, ,-34, ,
2, ,-34, ,
2, ,-33, ,
2, ,-33, ,
2, ,-33, ,
1, ,-33, ,
3, ,-33, ,
1, ,-33, ,
1, ,-33, ,
3, ,-33, ,
3, ,-33, ,
1, ,-33, ,
3, ,-34, ,
2, ,-33, ,
2, ,-33, ,
2, ,-33, ,
2, ,-34, ,
1, ,-33, ,
3, ,-33, ,
2, ,-33, ,
1, ,-33, ,
2, ,-33, ,
2, ,-33, ,
1, ,-33, ,
2, ,-33, ,
2, ,-34, ,
1, ,-33, ,
2, ,-33, ,
2, ,-34, ,
1, ,-33, ,
3, ,-33, ,
1, ,-33, ,
1, ,-33, ,
3, ,-33, ,
3, ,-33, ,
1, ,-33, ,
3, ,-33, ,
2, ,-34, ,
1, ,-33, ,
2, ,-33, ,
2, ,-33, ,
1, ,-33, ,
3, ,-33, ,
2, ,-33, ,
1, ,-33, ,
2, ,-33, ,
3, ,-33, ,
1, ,-33, ,
3, ,-33, ,
1, ,-33, ,
1, ,-33, ,
2, ,-33, ,
2, ,-34, ,
1, ,-33, ,
3, ,-33, ,
2, ,-33, ,
1, ,-34, ,
3, ,-33, ,
2, ,-33, ,
1, ,-33, ,
3, ,-33, ,
2, ,-34, ,
1, ,-33, ,
2, ,-33, ,
2, ,-34, ,
1, ,-33, ,
3, ,-33, ,
1, ,-33, ,
1, ,-33, ,
3, ,-33, ,
3, ,-33, ,
1, ,-33, ,
3, ,-33, ,
1, ,-34, ,
1, ,-33, ,
2, ,-33, ,
2, ,-33, ,
1, ,-33, ,
3, ,-33, ,
1, ,-33, ,
1, ,-34, ,
2, ,-33, ,
2, ,-33, ,
1, ,-33, ,
3, ,-33, ,
1, ,-34, ,
1, ,-33, ,
2, ,-33, ,
2, ,-34, ,
1, ,-33, ,
3, ,-33, ,
1, ,-33, ,
1, ,-33, ,
3, ,-33, ,
2, ,-33, ,
1, ,-34, ,
2, ,-33, ,
1, ,-34, ,
1, ,-33, ,
2, ,-33, ,
2, ,-34, ,
1, ,-33, ,
3, ,-33, ,
1, ,-33, ,
1, ,-33, ,
2, ,-34, ,
2, ,-34, ,
1, ,-33, ,
3, ,-33, ,
1, ,-34, ,
1, ,-33, ,
2, ,-33, ,
2, ,-33, ,
1, ,-33, ,
3, ,-33, ,
1, ,-33, ,
1, ,-33, ,
3, ,-34, ,
2, ,-33, ,
1, ,-33, ,
3, ,-33, ,
2, ,-34, ,
1, ,-33, ,
2, ,-33, ,
2, ,-33, ,
1, ,-32, ,
3, ,-17, ,
1, ,2, ,
1, ,17, ,
3, ,27, ,
2, ,36, ,
1, ,43, ,
3, ,47, ,
2, ,50, ,
2, ,53, ,
2, ,55, ,
2, ,56, ,
1, ,57, ,
3, ,59, ,
1, ,58, ,
1, ,59, ,
2, ,59, ,
2, ,60, ,
1, ,60, ,
2, ,60, ,
1, ,60, ,
1, ,60, ,
2, ,61, ,
2, ,61, ,
-1, ,60, ,
3, ,61, ,
1, ,60, ,
1, ,60, ,
2, ,60, ,
2, ,60, ,
-1, ,60, ,
2, ,60, ,
1, ,60, ,
1, ,60, ,
2, ,60, ,
1, ,60, ,
-1, ,60, ,
2, ,60, ,
1, ,60, ,
1, ,60, ,
2, ,60, ,
1, ,60, ,
-1, ,60, ,
2, ,60, ,
1, ,59, ,
1, ,60, ,
2, ,60, ,
1, ,60, ,
-1, ,60, ,
2, ,60, ,
1, ,60, ,
1, ,60, ,
2, ,60, ,
1, ,60, ,
-1, ,59, ,
2, ,60, ,
1, ,59, ,
1, ,60, ,
2, ,60, ,
1, ,60, ,
-1, ,60, ,
2, ,60, ,
1, ,59, ,
1, ,60, ,
2, ,60, ,
2, ,59, ,
-1, ,60, ,
2, ,60, ,
1, ,59, ,
1, ,60, ,
2, ,60, ,
1, ,60, ,
-1, ,60, ,
2, ,60, ,
46, ,59, ,
35, ,60, ,
22, ,60, ,
15, ,59, ,
8, ,59, ,
8, ,60, ,
6, ,59, ,
3, ,60, ,
5, ,60, ,
2, ,60, ,
2, ,59, ,
3, ,60, ,
2, ,59, ,
2, ,60, ,
3, ,60, ,
2, ,60, ,
1, ,59, ,
3, ,60, ,
2, ,59, ,
2, ,60, ,
2, ,60, ,
2, ,60, ,
1, ,59, ,
3, ,60, ,
2, ,59, ,
2, ,60, ,
3, ,60, ,
2, ,60, ,
1, ,59, ,
3, ,60, ,
2, ,59, ,
2, ,60, ,
2, ,60, ,
2, ,59, ,
1, ,60, ,
3, ,60, ,
2, ,59, ,
1, ,60, ,
3, ,60, ,
2, ,59, ,
1, ,60, ,
2, ,60, ,
2, ,59, ,
2, ,60, ,
2, ,60, ,
2, ,60, ,
1, ,59, ,
3, ,60, ,
2, ,59, ,
1, ,60, ,
2, ,60, ,
2, ,59, ,
1, ,59, ,
3, ,60, ,
2, ,59, ,
1, ,60, ,
2, ,60, ,
2, ,60, ,
1, ,59, ,
3, ,60, ,
1, ,59, ,
1, ,60, ,
2, ,60, ,
2, ,59, ,
1, ,59, ,
3, ,60, ,
2, ,59, ,
2, ,60, ,
2, ,60, ,
2, ,60, ,
1, ,60, ,
3, ,60, ,
2, ,59, ,
1, ,60, ,
2, ,60, ,
2, ,59, ,
1, ,59, ,
3, ,60, ,
1, ,59, ,
1, ,60, ,
2, ,60, ,
2, ,54, ,
1, ,34, ,
3, ,16, ,
1, ,4, ,
1, ,-5, ,
2, ,-13, ,
2, ,-19, ,
1, ,-22, ,
2, ,-25, ,
1, ,-27, ,
1, ,-30, ,
2, ,-31, ,
2, ,-32, ,
1, ,-32, ,
3, ,-33, ,
1, ,-33, ,
1, ,-34, ,
3, ,-34, ,
3, ,-34, ,
-1, ,-34, ,
3, ,-34, ,
2, ,-34, ,
1, ,-34, ,
2, ,-34, ,
2, ,-34, ,
1, ,-34, ,
3, ,-34, ,
2, ,-34, ,
1, ,-34, ,
2, ,-34, ,
2, ,-34, ,
1, ,-34, ,
3, ,-34, ,
2, ,-34, ,
1, ,-34, ,
2, ,-34, ,
2, ,-34, ,
1, ,-33, ,
3, ,-34, ,
1, ,-34, ,
1, ,-34, ,
3, ,-33, ,
2, ,-34, ,
1, ,-34, ,
3, ,-34, ,
2, ,-34, ,
1, ,-34, ,
2, ,-33, ,
2, ,-34, ,
1, ,-33, ,
3, ,-34, ,
1, ,-33, ,
1, ,-33, ,
3, ,-33, ,
2, ,-33, ,
1, ,-34, ,
2, ,-33, ,
1, ,-34, ,
1, ,-33, ,
2, ,-33, ,
2, ,-34, ,
1, ,-33, ,
3, ,-34, ,
1, ,-33, ,
1, ,-33, ,
3, ,-33, ,
2, ,-33, ,
1, ,-33, ,
2, ,-34, ,
1, ,-34, ,
1, ,-33, ,
2, ,-34, ,
2, ,-34, ,
1, ,-33, ,
3, ,-33, ,
1, ,-33, ,
1, ,-33, ,
3, ,-34, ,
2, ,-33, ,
1, ,-34, ,
3, ,-33, ,
1, ,-33, ,
1, ,-33, ,
2, ,-33, ,
2, ,-34, ,
1, ,-33, ,
3, ,-34, ,
1, ,-33, ,
1, ,-34, ,
2, ,-34, ,
2, ,-33, ,
1, ,-34, ,
3, ,-33, ,
1, ,-33, ,
1, ,-33, ,
2, ,-33, ,
2, ,-33, ,
1, ,-33, ,
3, ,-33, ,
1, ,-33, ,
1, ,-33, ,
3, ,-33, ,
2, ,-33, ,
1, ,-33, ,
2, ,-33, ,
1, ,-34, ,
1, ,-33, ,
2, ,-33, ,
2, ,-34, ,
-1, ,-33, ,
3, ,-33, ,
1, ,-33, ,
1, ,-33, ,
3, ,-33, ,
2, ,-33, ,
1, ,-33, ,
2, ,-33, ,
1, ,-33, ,
1, ,-33, ,
2, ,-33, ,
2, ,-34, ,
-1, ,-33, ,
3, ,-33, ,
1, ,-33, ,
1, ,-33, ,
3, ,-33, ,
2, ,-33, ,
1, ,-33, ,
2, ,-33, ,
1, ,-33, ,
1, ,-33, ,
2, ,-33, ,
2, ,-33, ,
-1, ,-33, ,
2, ,-33, ,
1, ,-33, ,
1, ,-34, ,
2, ,-33, ,
2, ,-33, ,
1, ,-33, ,
2, ,-33, ,
1, ,-33, ,
1, ,-33, ,
2, ,-33, ,
2, ,-33, ,
-1, ,-33, ,
3, ,-33, ,
1, ,-33, ,
1, ,-33, ,
2, ,-33, ,
2, ,-33, ,
-1, ,-33, ,
2, ,-33, ,
1, ,-33, ,
1, ,-33, ,
2, ,-33, ,
2, ,-33, ,
-1, ,-33, ,
2, ,-33, ,
1, ,-33, ,
1, ,-33, ,
2, ,-33, ,
2, ,-33, ,
