Format,1.0B,
Memory Length,10000,Memory Length,10000,
IntpDistance,0,IntpDistance,0,
Trigger Address,4999,Trigger Address,4999,
Trigger Level,-1.000E+00,Trigger Level,-1.000E+00,
Source,CH1,Source,CH2,
Vertical Units,V,Vertical Units,V,
Vertical Units Div,0,Vertical Units Div,0,
Vertical Units Extend Div,16,Vertical Units Extend Div,16,
Label,,Label,,
Probe Type,0,Probe Type,0,
Probe Ratio,1.000e+01,Probe Ratio,1.000e+00,
Vertical Scale,2.000e-02,Vertical Scale,1.000e+00,
Vertical Position,-5.120e-02,Vertical Position,2.000e-01,
Horizontal Units,S,Horizontal Units,S,
Horizontal Scale,1.000E-05,Horizontal Scale,1.000E-05,
Horizontal Position,0.000E+00,Horizontal Position,0.000E+00,
Horizontal Mode,Main,Horizontal Mode,Main,
SincET Mode,Real Time,SincET Mode,Real Time,
Sampling Period,1.000e-08,Sampling Period,1.000e-08,
Horizontal Old Scale,1.000E-05,Horizontal Old Scale,1.000E-05,
Horizontal Old Position,0.000E+00,Horizontal Old Position,0.000E+00,
Firmware,V1.23,Firmware,V1.23,
Mode,Fast,Mode,Fast,
Waveform Data,,Waveform Data,,
-4, ,-40, ,
-1, ,-40, ,
1, ,-40, ,
1, ,-40, ,
3, ,-40, ,
9, ,-40, ,
6, ,-40, ,
10, ,-40, ,
5, ,-40, ,
4, ,-40, ,
8, ,-41, ,
6, ,-40, ,
1, ,-40, ,
8, ,-40, ,
6, ,-40, ,
3, ,-40, ,
3, ,-40, ,
3, ,-40, ,
3, ,-40, ,
3, ,-40, ,
0, ,-40, ,
5, ,-40, ,
4, ,-40, ,
3, ,-40, ,
-2, ,-40, ,
1, ,-40, ,
1, ,-40, ,
0, ,-40, ,
4, ,-40, ,
-2, ,-40, ,
1, ,-40, ,
5, ,-40, ,
1, ,-40, ,
5, ,-40, ,
5, ,-40, ,
4, ,-40, ,
-4, ,-40, ,
4, ,-40, ,
4, ,-40, ,
3, ,-40, ,
3, ,-40, ,
5, ,-40, ,
5, ,-40, ,
5, ,-40, ,
1, ,-40, ,
5, ,-40, ,
5, ,-40, ,
4, ,-40, ,
4, ,-40, ,
5, ,-40, ,
3, ,-40, ,
1, ,-40, ,
0, ,-40, ,
1, ,-40, ,
0, ,-40, ,
1, ,-40, ,
-2, ,-40, ,
1, ,-40, ,
5, ,-40, ,
-1, ,-40, ,
-1, ,-40, ,
1, ,-40, ,
3, ,-40, ,
0, ,-40, ,
0, ,-40, ,
1, ,-40, ,
5, ,-40, ,
3, ,-40, ,
1, ,-40, ,
3, ,-40, ,
3, ,-40, ,
-1, ,-40, ,
-9, ,-40, ,
-4, ,-40, ,
-7, ,-40, ,
-7, ,-40, ,
-9, ,-40, ,
-6, ,-40, ,
-4, ,-40, ,
-1, ,-40, ,
-5, ,-40, ,
0, ,-40, ,
1, ,-40, ,
-4, ,-40, ,
-6, ,-40, ,
-4, ,-40, ,
-7, ,-40, ,
-6, ,-40, ,
-6, ,-40, ,
-5, ,-40, ,
-2, ,-41, ,
-4, ,-40, ,
-10, ,-40, ,
-2, ,-40, ,
-1, ,-40, ,
-6, ,-40, ,
-10, ,-40, ,
-2, ,-40, ,
-2, ,-40, ,
-4, ,-40, ,
-5, ,-40, ,
-4, ,-40, ,
-2, ,-40, ,
-5, ,-40, ,
-7, ,-40, ,
-2, ,-40, ,
-1, ,-40, ,
-2, ,-40, ,
-6, ,-40, ,
-2, ,-40, ,
-2, ,-40, ,
-4, ,-40, ,
-6, ,-40, ,
-5, ,-40, ,
-5, ,-40, ,
-2, ,-40, ,
-4, ,-40, ,
-1, ,-40, ,
1, ,-40, ,
-2, ,-40, ,
-7, ,-40, ,
-5, ,-40, ,
-5, ,-40, ,
-4, ,-40, ,
-2, ,-40, ,
0, ,-40, ,
0, ,-41, ,
0, ,-40, ,
-2, ,-40, ,
-4, ,-40, ,
-2, ,-40, ,
-5, ,-40, ,
-7, ,-40, ,
-2, ,-40, ,
-1, ,-40, ,
-2, ,-40, ,
-5, ,-40, ,
-5, ,-40, ,
-1, ,-41, ,
-4, ,-40, ,
-10, ,-40, ,
-2, ,-40, ,
-2, ,-40, ,
-1, ,-40, ,
-4, ,-40, ,
1, ,-40, ,
-1, ,-40, ,
-2, ,-40, ,
-4, ,-40, ,
-7, ,-40, ,
-1, ,-41, ,
1, ,-40, ,
-6, ,-40, ,
3, ,-40, ,
4, ,-40, ,
-1, ,-40, ,
-4, ,-40, ,
0, ,-40, ,
-1, ,-40, ,
-1, ,-40, ,
-4, ,-40, ,
0, ,-40, ,
0, ,-41, ,
0, ,-40, ,
-5, ,-40, ,
0, ,-40, ,
1, ,-40, ,
-5, ,-40, ,
-1, ,-40, ,
0, ,-40, ,
0, ,-40, ,
-2, ,-40, ,
-4, ,-40, ,
-1, ,-40, ,
1, ,-41, ,
1, ,-40, ,
-4, ,-40, ,
-1, ,-40, ,
4, ,-40, ,
-2, ,-40, ,
1, ,-40, ,
5, ,-40, ,
1, ,-40, ,
4, ,-40, ,
3, ,-40, ,
1, ,-40, ,
5, ,-40, ,
3, ,-40, ,
-1, ,-40, ,
4, ,-40, ,
5, ,-40, ,
3, ,-40, ,
0, ,-40, ,
4, ,-40, ,
0, ,-40, ,
-1, ,-40, ,
-2, ,-40, ,
0, ,-40, ,
1, ,-41, ,
3, ,-40, ,
1, ,-40, ,
6, ,-40, ,
9, ,-41, ,
5, ,-40, ,
4, ,-40, ,
9, ,-40, ,
5, ,-40, ,
4, ,-40, ,
5, ,-40, ,
3, ,-40, ,
6, ,-41, ,
5, ,-40, ,
-4, ,-40, ,
1, ,-40, ,
3, ,-40, ,
3, ,-40, ,
1, ,-40, ,
8, ,-40, ,
8, ,-40, ,
5, ,-40, ,
6, ,-40, ,
5, ,-40, ,
4, ,-41, ,
4, ,-40, ,
-2, ,-40, ,
1, ,-40, ,
5, ,-41, ,
5, ,-40, ,
5, ,-40, ,
9, ,-40, ,
6, ,-40, ,
3, ,-40, ,
0, ,-40, ,
1, ,-40, ,
3, ,-41, ,
1, ,-40, ,
-1, ,-40, ,
3, ,-40, ,
4, ,-40, ,
3, ,-40, ,
-1, ,-40, ,
3, ,-40, ,
4, ,-40, ,
4, ,-40, ,
1, ,-40, ,
5, ,-40, ,
5, ,-40, ,
4, ,-40, ,
-1, ,-40, ,
1, ,-40, ,
4, ,-40, ,
1, ,-40, ,
1, ,-40, ,
8, ,-40, ,
6, ,-40, ,
8, ,-40, ,
5, ,-40, ,
8, ,-40, ,
8, ,-40, ,
5, ,-40, ,
1, ,-40, ,
4, ,-40, ,
5, ,-40, ,
5, ,-40, ,
3, ,-40, ,
8, ,-40, ,
8, ,-40, ,
4, ,-40, ,
5, ,-40, ,
5, ,-40, ,
4, ,-40, ,
5, ,-40, ,
-1, ,-40, ,
5, ,-40, ,
5, ,-40, ,
3, ,-40, ,
1, ,-40, ,
5, ,-40, ,
5, ,-40, ,
3, ,-40, ,
-1, ,-40, ,
3, ,-40, ,
5, ,-40, ,
6, ,-40, ,
3, ,-40, ,
5, ,-40, ,
6, ,-40, ,
4, ,-40, ,
1, ,-40, ,
5, ,-40, ,
5, ,-40, ,
4, ,-40, ,
4, ,-40, ,
5, ,-40, ,
4, ,-41, ,
4, ,-40, ,
-6, ,-40, ,
0, ,-40, ,
3, ,-41, ,
-1, ,-40, ,
-4, ,-40, ,
4, ,-40, ,
0, ,-40, ,
4, ,-40, ,
1, ,-40, ,
1, ,-40, ,
5, ,-41, ,
4, ,-40, ,
-2, ,-40, ,
-2, ,-40, ,
0, ,-37, ,
1, ,-29, ,
0, ,-19, ,
6, ,-9, ,
5, ,-1, ,
5, ,7, ,
1, ,13, ,
3, ,18, ,
1, ,23, ,
6, ,28, ,
6, ,31, ,
8, ,34, ,
9, ,37, ,
8, ,38, ,
3, ,41, ,
5, ,44, ,
1, ,45, ,
1, ,46, ,
-1, ,47, ,
-1, ,47, ,
1, ,50, ,
1, ,49, ,
-2, ,50, ,
1, ,51, ,
0, ,51, ,
-1, ,50, ,
-5, ,52, ,
0, ,52, ,
3, ,51, ,
0, ,52, ,
-1, ,53, ,
3, ,51, ,
1, ,53, ,
5, ,52, ,
-1, ,53, ,
1, ,53, ,
3, ,53, ,
-2, ,52, ,
-1, ,54, ,
1, ,54, ,
1, ,53, ,
0, ,53, ,
-2, ,54, ,
-1, ,52, ,
-4, ,54, ,
-1, ,53, ,
-6, ,53, ,
-1, ,54, ,
1, ,53, ,
0, ,52, ,
-2, ,54, ,
3, ,53, ,
0, ,53, ,
1, ,53, ,
-1, ,53, ,
1, ,52, ,
1, ,54, ,
4, ,52, ,
-4, ,53, ,
0, ,54, ,
1, ,53, ,
-4, ,51, ,
-6, ,54, ,
-2, ,53, ,
-7, ,53, ,
-4, ,53, ,
-7, ,53, ,
-5, ,52, ,
0, ,53, ,
1, ,52, ,
-5, ,52, ,
-2, ,53, ,
-1, ,53, ,
-5, ,51, ,
-10, ,54, ,
-5, ,53, ,
-5, ,52, ,
-5, ,53, ,
-5, ,53, ,
-2, ,52, ,
-1, ,54, ,
-2, ,52, ,
-7, ,52, ,
-2, ,53, ,
-4, ,53, ,
-4, ,52, ,
-4, ,54, ,
-4, ,53, ,
-2, ,53, ,
0, ,53, ,
-5, ,53, ,
-6, ,52, ,
-2, ,54, ,
0, ,52, ,
-6, ,53, ,
1, ,53, ,
0, ,53, ,
-2, ,52, ,
-5, ,53, ,
0, ,53, ,
0, ,53, ,
-4, ,53, ,
-4, ,53, ,
1, ,51, ,
0, ,53, ,
3, ,52, ,
0, ,52, ,
0, ,53, ,
4, ,53, ,
-2, ,51, ,
-4, ,53, ,
1, ,53, ,
0, ,52, ,
4, ,53, ,
0, ,53, ,
3, ,52, ,
3, ,53, ,
5, ,52, ,
0, ,52, ,
1, ,53, ,
0, ,53, ,
0, ,51, ,
-2, ,53, ,
3, ,53, ,
-1, ,53, ,
0, ,53, ,
-4, ,53, ,
-1, ,52, ,
-1, ,53, ,
3, ,52, ,
3, ,52, ,
4, ,53, ,
6, ,52, ,
3, ,51, ,
3, ,54, ,
6, ,52, ,
-1, ,52, ,
0, ,53, ,
-2, ,53, ,
-2, ,52, ,
0, ,54, ,
1, ,52, ,
-4, ,52, ,
1, ,53, ,
3, ,53, ,
0, ,51, ,
-5, ,54, ,
1, ,52, ,
1, ,53, ,
0, ,53, ,
0, ,53, ,
4, ,52, ,
3, ,54, ,
6, ,52, ,
0, ,53, ,
0, ,53, ,
6, ,53, ,
1, ,51, ,
-1, ,54, ,
8, ,53, ,
1, ,52, ,
3, ,53, ,
3, ,53, ,
1, ,52, ,
1, ,54, ,
0, ,52, ,
-1, ,53, ,
4, ,53, ,
5, ,53, ,
6, ,51, ,
3, ,53, ,
10, ,52, ,
8, ,52, ,
13, ,52, ,
-2, ,53, ,
-4, ,52, ,
-4, ,53, ,
0, ,52, ,
-4, ,52, ,
1, ,53, ,
3, ,53, ,
0, ,51, ,
-6, ,53, ,
6, ,52, ,
6, ,52, ,
5, ,53, ,
5, ,53, ,
3, ,52, ,
4, ,53, ,
3, ,52, ,
1, ,52, ,
6, ,53, ,
5, ,53, ,
8, ,51, ,
1, ,53, ,
8, ,53, ,
6, ,52, ,
4, ,52, ,
0, ,53, ,
1, ,51, ,
1, ,54, ,
4, ,52, ,
-2, ,52, ,
4, ,53, ,
5, ,53, ,
1, ,51, ,
1, ,53, ,
8, ,53, ,
9, ,52, ,
9, ,52, ,
5, ,53, ,
5, ,52, ,
3, ,53, ,
1, ,52, ,
-6, ,52, ,
1, ,53, ,
1, ,53, ,
1, ,51, ,
3, ,53, ,
6, ,53, ,
5, ,52, ,
3, ,52, ,
-1, ,53, ,
0, ,52, ,
-2, ,54, ,
3, ,52, ,
-2, ,52, ,
1, ,53, ,
5, ,53, ,
1, ,51, ,
-2, ,53, ,
5, ,52, ,
0, ,52, ,
4, ,52, ,
3, ,53, ,
4, ,51, ,
4, ,53, ,
5, ,52, ,
0, ,52, ,
1, ,53, ,
1, ,53, ,
-1, ,51, ,
-4, ,53, ,
1, ,52, ,
3, ,52, ,
3, ,52, ,
3, ,53, ,
3, ,52, ,
3, ,53, ,
4, ,52, ,
-2, ,53, ,
4, ,53, ,
4, ,53, ,
4, ,51, ,
1, ,53, ,
8, ,53, ,
5, ,53, ,
6, ,52, ,
3, ,53, ,
1, ,51, ,
3, ,53, ,
3, ,52, ,
-2, ,53, ,
3, ,53, ,
5, ,53, ,
4, ,51, ,
1, ,53, ,
4, ,53, ,
5, ,53, ,
0, ,52, ,
1, ,53, ,
3, ,52, ,
1, ,53, ,
3, ,52, ,
-4, ,53, ,
3, ,53, ,
6, ,53, ,
3, ,51, ,
-1, ,53, ,
4, ,52, ,
-1, ,52, ,
-1, ,52, ,
-4, ,52, ,
-1, ,52, ,
1, ,53, ,
-1, ,52, ,
-5, ,52, ,
-1, ,53, ,
-1, ,53, ,
-4, ,51, ,
-5, ,53, ,
4, ,52, ,
1, ,52, ,
4, ,53, ,
8, ,53, ,
0, ,51, ,
-4, ,53, ,
5, ,52, ,
-5, ,53, ,
-2, ,53, ,
1, ,53, ,
0, ,51, ,
-2, ,53, ,
4, ,53, ,
-1, ,52, ,
1, ,52, ,
-4, ,53, ,
-1, ,52, ,
0, ,53, ,
-1, ,51, ,
-2, ,53, ,
4, ,53, ,
1, ,52, ,
1, ,51, ,
-5, ,53, ,
1, ,53, ,
-2, ,52, ,
-2, ,52, ,
-4, ,53, ,
-1, ,52, ,
1, ,53, ,
3, ,52, ,
-2, ,52, ,
0, ,53, ,
3, ,53, ,
-4, ,51, ,
-4, ,53, ,
4, ,53, ,
0, ,52, ,
1, ,53, ,
0, ,53, ,
1, ,51, ,
-1, ,53, ,
0, ,52, ,
-5, ,53, ,
-1, ,53, ,
0, ,53, ,
1, ,51, ,
-2, ,53, ,
4, ,52, ,
1, ,53, ,
1, ,53, ,
-1, ,53, ,
0, ,52, ,
0, ,53, ,
1, ,52, ,
-1, ,52, ,
-1, ,53, ,
1, ,53, ,
-1, ,51, ,
-2, ,53, ,
0, ,52, ,
-1, ,52, ,
3, ,52, ,
0, ,53, ,
1, ,52, ,
3, ,53, ,
4, ,52, ,
1, ,52, ,
3, ,53, ,
1, ,53, ,
-2, ,51, ,
-5, ,53, ,
-1, ,53, ,
-2, ,52, ,
-1, ,52, ,
-2, ,53, ,
0, ,52, ,
1, ,53, ,
5, ,52, ,
-2, ,52, ,
0, ,53, ,
3, ,53, ,
-1, ,51, ,
-5, ,53, ,
1, ,53, ,
-2, ,52, ,
0, ,52, ,
-2, ,53, ,
0, ,51, ,
1, ,53, ,
0, ,52, ,
-4, ,52, ,
0, ,53, ,
-1, ,53, ,
-1, ,51, ,
-7, ,53, ,
-2, ,52, ,
-1, ,52, ,
-4, ,53, ,
-4, ,53, ,
-1, ,52, ,
0, ,53, ,
3, ,52, ,
0, ,52, ,
6, ,53, ,
5, ,53, ,
4, ,51, ,
-1, ,53, ,
-1, ,53, ,
-4, ,52, ,
-1, ,52, ,
-5, ,53, ,
3, ,52, ,
4, ,53, ,
3, ,52, ,
1, ,52, ,
4, ,53, ,
3, ,52, ,
-1, ,51, ,
0, ,53, ,
4, ,52, ,
4, ,52, ,
3, ,52, ,
4, ,53, ,
4, ,52, ,
4, ,53, ,
3, ,52, ,
-2, ,52, ,
1, ,52, ,
4, ,53, ,
0, ,51, ,
-1, ,53, ,
5, ,52, ,
-1, ,52, ,
0, ,52, ,
-2, ,53, ,
0, ,52, ,
3, ,53, ,
4, ,52, ,
1, ,52, ,
8, ,53, ,
5, ,52, ,
4, ,51, ,
0, ,53, ,
0, ,53, ,
-1, ,52, ,
-1, ,52, ,
-2, ,53, ,
3, ,52, ,
3, ,53, ,
4, ,52, ,
-1, ,52, ,
4, ,53, ,
3, ,53, ,
1, ,51, ,
-1, ,53, ,
1, ,52, ,
3, ,52, ,
1, ,52, ,
-2, ,53, ,
1, ,52, ,
3, ,53, ,
4, ,52, ,
-2, ,52, ,
3, ,53, ,
4, ,52, ,
1, ,51, ,
0, ,53, ,
5, ,52, ,
5, ,53, ,
4, ,52, ,
0, ,53, ,
4, ,52, ,
1, ,53, ,
1, ,52, ,
-2, ,52, ,
-1, ,53, ,
1, ,53, ,
0, ,51, ,
0, ,53, ,
4, ,53, ,
3, ,52, ,
4, ,52, ,
0, ,52, ,
3, ,52, ,
4, ,53, ,
4, ,52, ,
1, ,52, ,
3, ,53, ,
6, ,52, ,
3, ,51, ,
-4, ,53, ,
5, ,53, ,
1, ,52, ,
1, ,53, ,
1, ,53, ,
1, ,51, ,
4, ,53, ,
5, ,52, ,
-1, ,52, ,
3, ,53, ,
4, ,53, ,
4, ,51, ,
0, ,53, ,
5, ,52, ,
3, ,52, ,
4, ,52, ,
4, ,52, ,
3, ,51, ,
3, ,53, ,
1, ,52, ,
-5, ,52, ,
1, ,53, ,
1, ,52, ,
4, ,51, ,
1, ,53, ,
5, ,53, ,
6, ,52, ,
1, ,53, ,
4, ,52, ,
1, ,52, ,
0, ,53, ,
4, ,52, ,
4, ,52, ,
6, ,53, ,
6, ,52, ,
5, ,52, ,
3, ,53, ,
5, ,53, ,
1, ,52, ,
0, ,52, ,
-2, ,53, ,
-1, ,52, ,
0, ,53, ,
-1, ,52, ,
-5, ,52, ,
-1, ,53, ,
1, ,52, ,
0, ,52, ,
-2, ,53, ,
3, ,52, ,
1, ,52, ,
4, ,52, ,
0, ,53, ,
4, ,52, ,
5, ,53, ,
4, ,52, ,
-5, ,53, ,
-2, ,53, ,
1, ,53, ,
-2, ,51, ,
-5, ,53, ,
4, ,52, ,
3, ,52, ,
1, ,53, ,
-1, ,53, ,
0, ,52, ,
1, ,53, ,
-1, ,52, ,
-2, ,52, ,
3, ,53, ,
5, ,53, ,
4, ,51, ,
3, ,53, ,
4, ,52, ,
3, ,53, ,
1, ,52, ,
0, ,52, ,
-1, ,52, ,
-1, ,53, ,
3, ,52, ,
-4, ,53, ,
3, ,53, ,
1, ,53, ,
4, ,51, ,
0, ,53, ,
5, ,53, ,
4, ,53, ,
3, ,53, ,
-1, ,53, ,
0, ,52, ,
0, ,53, ,
-1, ,52, ,
-2, ,53, ,
3, ,53, ,
1, ,52, ,
-1, ,51, ,
-1, ,53, ,
1, ,53, ,
1, ,52, ,
3, ,53, ,
1, ,52, ,
1, ,52, ,
-1, ,53, ,
0, ,52, ,
-6, ,53, ,
-2, ,53, ,
-1, ,53, ,
-2, ,51, ,
-1, ,53, ,
3, ,53, ,
1, ,52, ,
3, ,52, ,
0, ,53, ,
0, ,52, ,
0, ,53, ,
-1, ,52, ,
-5, ,53, ,
-1, ,53, ,
0, ,53, ,
0, ,51, ,
-2, ,53, ,
4, ,52, ,
-1, ,52, ,
-2, ,52, ,
-5, ,53, ,
-4, ,52, ,
-4, ,53, ,
-2, ,52, ,
-2, ,52, ,
4, ,53, ,
1, ,53, ,
0, ,51, ,
-5, ,53, ,
4, ,53, ,
0, ,52, ,
3, ,53, ,
4, ,53, ,
3, ,52, ,
3, ,53, ,
4, ,52, ,
-4, ,52, ,
-1, ,53, ,
-1, ,53, ,
0, ,51, ,
-4, ,53, ,
1, ,52, ,
3, ,52, ,
3, ,52, ,
3, ,53, ,
1, ,52, ,
-1, ,53, ,
3, ,52, ,
-1, ,52, ,
4, ,53, ,
4, ,53, ,
0, ,51, ,
1, ,53, ,
5, ,53, ,
3, ,52, ,
1, ,53, ,
-1, ,53, ,
0, ,51, ,
-1, ,53, ,
0, ,52, ,
3, ,52, ,
3, ,53, ,
3, ,53, ,
0, ,51, ,
-4, ,53, ,
4, ,53, ,
1, ,52, ,
3, ,53, ,
0, ,53, ,
4, ,52, ,
4, ,53, ,
4, ,52, ,
-2, ,52, ,
0, ,53, ,
1, ,53, ,
1, ,52, ,
-4, ,53, ,
5, ,53, ,
1, ,52, ,
4, ,53, ,
1, ,53, ,
0, ,51, ,
5, ,53, ,
4, ,52, ,
-1, ,52, ,
1, ,53, ,
3, ,53, ,
0, ,51, ,
-4, ,53, ,
3, ,52, ,
-1, ,52, ,
0, ,53, ,
-1, ,53, ,
-2, ,51, ,
-1, ,53, ,
0, ,52, ,
-6, ,53, ,
-2, ,53, ,
-1, ,53, ,
-2, ,51, ,
-6, ,53, ,
-4, ,53, ,
-5, ,52, ,
-7, ,53, ,
-7, ,53, ,
-2, ,52, ,
1, ,53, ,
1, ,52, ,
-1, ,52, ,
4, ,53, ,
1, ,53, ,
0, ,51, ,
-2, ,53, ,
6, ,53, ,
9, ,52, ,
8, ,53, ,
5, ,53, ,
6, ,52, ,
8, ,53, ,
9, ,52, ,
-1, ,53, ,
3, ,53, ,
3, ,52, ,
0, ,51, ,
1, ,53, ,
5, ,53, ,
4, ,53, ,
3, ,52, ,
1, ,53, ,
1, ,52, ,
1, ,53, ,
3, ,52, ,
3, ,52, ,
5, ,53, ,
8, ,53, ,
1, ,51, ,
-1, ,53, ,
3, ,52, ,
-2, ,52, ,
-1, ,53, ,
0, ,53, ,
5, ,52, ,
6, ,53, ,
8, ,52, ,
-4, ,53, ,
4, ,53, ,
3, ,53, ,
1, ,51, ,
-4, ,53, ,
1, ,53, ,
-1, ,52, ,
1, ,53, ,
0, ,53, ,
1, ,52, ,
1, ,53, ,
1, ,52, ,
-2, ,52, ,
3, ,53, ,
1, ,53, ,
0, ,51, ,
-4, ,53, ,
-4, ,52, ,
-1, ,52, ,
5, ,52, ,
-4, ,53, ,
0, ,52, ,
4, ,53, ,
3, ,53, ,
0, ,53, ,
5, ,53, ,
8, ,53, ,
4, ,51, ,
3, ,53, ,
8, ,53, ,
4, ,52, ,
4, ,53, ,
1, ,53, ,
4, ,52, ,
4, ,53, ,
4, ,52, ,
-1, ,53, ,
3, ,53, ,
4, ,53, ,
1, ,51, ,
1, ,53, ,
5, ,52, ,
5, ,52, ,
5, ,52, ,
3, ,53, ,
1, ,51, ,
0, ,53, ,
-1, ,52, ,
-2, ,52, ,
-2, ,53, ,
-2, ,53, ,
-2, ,50, ,
-15, ,46, ,
-10, ,35, ,
-16, ,25, ,
-15, ,16, ,
-12, ,8, ,
-10, ,1, ,
-5, ,-4, ,
-4, ,-9, ,
-9, ,-13, ,
-7, ,-18, ,
-9, ,-21, ,
-7, ,-24, ,
-10, ,-26, ,
-1, ,-28, ,
-5, ,-29, ,
-5, ,-31, ,
-5, ,-32, ,
-5, ,-33, ,
-1, ,-35, ,
0, ,-36, ,
-5, ,-36, ,
-2, ,-37, ,
0, ,-38, ,
1, ,-38, ,
0, ,-39, ,
4, ,-39, ,
4, ,-39, ,
1, ,-39, ,
1, ,-40, ,
-1, ,-40, ,
4, ,-40, ,
5, ,-40, ,
1, ,-40, ,
6, ,-40, ,
11, ,-40, ,
5, ,-40, ,
3, ,-41, ,
5, ,-41, ,
4, ,-40, ,
0, ,-41, ,
0, ,-41, ,
3, ,-40, ,
1, ,-41, ,
3, ,-41, ,
1, ,-41, ,
-1, ,-41, ,
5, ,-41, ,
0, ,-40, ,
-2, ,-41, ,
4, ,-41, ,
3, ,-41, ,
3, ,-41, ,
-1, ,-41, ,
-1, ,-41, ,
0, ,-41, ,
-2, ,-41, ,
-5, ,-41, ,
-4, ,-41, ,
-1, ,-41, ,
-1, ,-40, ,
-6, ,-41, ,
3, ,-40, ,
1, ,-40, ,
-2, ,-41, ,
-7, ,-41, ,
-4, ,-40, ,
-5, ,-41, ,
-2, ,-40, ,
-6, ,-40, ,
-2, ,-40, ,
1, ,-40, ,
0, ,-40, ,
-4, ,-41, ,
-1, ,-40, ,
-4, ,-40, ,
-4, ,-40, ,
-5, ,-40, ,
-4, ,-40, ,
1, ,-41, ,
-1, ,-40, ,
-4, ,-40, ,
0, ,-40, ,
0, ,-40, ,
0, ,-40, ,
0, ,-41, ,
5, ,-41, ,
4, ,-40, ,
3, ,-40, ,
1, ,-40, ,
4, ,-40, ,
4, ,-41, ,
5, ,-40, ,
0, ,-40, ,
5, ,-40, ,
8, ,-41, ,
6, ,-40, ,
4, ,-40, ,
9, ,-41, ,
8, ,-40, ,
5, ,-40, ,
3, ,-40, ,
4, ,-40, ,
4, ,-40, ,
1, ,-40, ,
-4, ,-40, ,
1, ,-40, ,
3, ,-41, ,
0, ,-40, ,
1, ,-40, ,
5, ,-40, ,
5, ,-40, ,
0, ,-40, ,
-4, ,-40, ,
-2, ,-40, ,
-2, ,-41, ,
-2, ,-40, ,
-9, ,-40, ,
-4, ,-40, ,
-1, ,-41, ,
-4, ,-40, ,
-9, ,-40, ,
-2, ,-40, ,
-1, ,-40, ,
0, ,-40, ,
-1, ,-40, ,
3, ,-40, ,
6, ,-41, ,
5, ,-40, ,
0, ,-40, ,
5, ,-40, ,
4, ,-41, ,
5, ,-40, ,
-1, ,-40, ,
8, ,-40, ,
8, ,-40, ,
8, ,-41, ,
5, ,-40, ,
4, ,-40, ,
5, ,-41, ,
5, ,-40, ,
-4, ,-40, ,
1, ,-40, ,
3, ,-40, ,
0, ,-40, ,
-1, ,-40, ,
4, ,-40, ,
1, ,-40, ,
-1, ,-40, ,
-4, ,-40, ,
-1, ,-40, ,
0, ,-41, ,
3, ,-40, ,
-2, ,-40, ,
0, ,-40, ,
4, ,-41, ,
1, ,-40, ,
-4, ,-40, ,
1, ,-40, ,
1, ,-40, ,
0, ,-40, ,
-1, ,-40, ,
3, ,-40, ,
3, ,-40, ,
5, ,-40, ,
3, ,-40, ,
6, ,-40, ,
9, ,-40, ,
4, ,-40, ,
0, ,-40, ,
6, ,-40, ,
4, ,-40, ,
5, ,-40, ,
3, ,-40, ,
5, ,-40, ,
6, ,-40, ,
4, ,-40, ,
-2, ,-40, ,
1, ,-40, ,
1, ,-40, ,
-2, ,-40, ,
-2, ,-40, ,
6, ,-40, ,
0, ,-40, ,
-4, ,-40, ,
-1, ,-40, ,
0, ,-40, ,
0, ,-41, ,
3, ,-40, ,
-2, ,-40, ,
-1, ,-40, ,
1, ,-40, ,
0, ,-40, ,
-2, ,-40, ,
1, ,-40, ,
3, ,-40, ,
3, ,-40, ,
4, ,-40, ,
3, ,-40, ,
5, ,-41, ,
3, ,-40, ,
0, ,-40, ,
6, ,-40, ,
9, ,-40, ,
8, ,-40, ,
3, ,-40, ,
5, ,-40, ,
4, ,-40, ,
0, ,-40, ,
1, ,-40, ,
5, ,-40, ,
5, ,-40, ,
6, ,-40, ,
3, ,-40, ,
5, ,-40, ,
6, ,-40, ,
0, ,-40, ,
-1, ,-40, ,
1, ,-40, ,
-1, ,-40, ,
-1, ,-40, ,
-2, ,-40, ,
-2, ,-40, ,
-2, ,-40, ,
-1, ,-40, ,
-9, ,-40, ,
-5, ,-40, ,
-2, ,-40, ,
-4, ,-40, ,
-6, ,-40, ,
1, ,-40, ,
4, ,-40, ,
0, ,-40, ,
0, ,-40, ,
4, ,-40, ,
1, ,-40, ,
3, ,-40, ,
-1, ,-40, ,
-1, ,-40, ,
4, ,-40, ,
1, ,-40, ,
-1, ,-40, ,
4, ,-40, ,
3, ,-40, ,
4, ,-40, ,
3, ,-40, ,
1, ,-40, ,
8, ,-40, ,
6, ,-40, ,
4, ,-40, ,
6, ,-40, ,
4, ,-40, ,
0, ,-40, ,
-7, ,-40, ,
-2, ,-40, ,
-1, ,-40, ,
-2, ,-40, ,
-4, ,-40, ,
-1, ,-40, ,
1, ,-40, ,
-1, ,-40, ,
-9, ,-40, ,
-5, ,-40, ,
-4, ,-40, ,
-7, ,-40, ,
-10, ,-40, ,
1, ,-40, ,
-6, ,-40, ,
-9, ,-40, ,
-2, ,-40, ,
4, ,-40, ,
0, ,-40, ,
6, ,-40, ,
-1, ,-40, ,
3, ,-40, ,
0, ,-40, ,
1, ,-40, ,
1, ,-40, ,
1, ,-40, ,
5, ,-40, ,
1, ,-40, ,
1, ,-40, ,
3, ,-40, ,
3, ,-41, ,
3, ,-40, ,
-2, ,-40, ,
1, ,-40, ,
4, ,-40, ,
0, ,-40, ,
-2, ,-40, ,
0, ,-40, ,
-5, ,-40, ,
-2, ,-40, ,
-4, ,-40, ,
-1, ,-40, ,
0, ,-40, ,
-1, ,-40, ,
-5, ,-40, ,
-2, ,-40, ,
0, ,-40, ,
-5, ,-40, ,
-5, ,-40, ,
-1, ,-40, ,
-1, ,-40, ,
0, ,-40, ,
-2, ,-40, ,
0, ,-40, ,
3, ,-41, ,
1, ,-40, ,
1, ,-40, ,
4, ,-40, ,
5, ,-40, ,
1, ,-40, ,
-1, ,-40, ,
4, ,-40, ,
4, ,-40, ,
4, ,-40, ,
4, ,-40, ,
4, ,-40, ,
5, ,-40, ,
3, ,-40, ,
-1, ,-40, ,
4, ,-40, ,
5, ,-40, ,
3, ,-40, ,
-4, ,-40, ,
3, ,-40, ,
1, ,-40, ,
-4, ,-40, ,
-5, ,-40, ,
-1, ,-40, ,
-2, ,-41, ,
0, ,-40, ,
-4, ,-40, ,
0, ,-40, ,
3, ,-41, ,
-4, ,-40, ,
-5, ,-40, ,
-5, ,-40, ,
-9, ,-40, ,
-5, ,-40, ,
-6, ,-40, ,
-4, ,-40, ,
-1, ,-40, ,
-1, ,-40, ,
-9, ,-40, ,
-2, ,-40, ,
-1, ,-40, ,
-2, ,-40, ,
-1, ,-40, ,
4, ,-40, ,
4, ,-40, ,
3, ,-40, ,
1, ,-40, ,
3, ,-40, ,
1, ,-40, ,
0, ,-40, ,
-4, ,-40, ,
0, ,-40, ,
5, ,-40, ,
3, ,-40, ,
0, ,-40, ,
4, ,-40, ,
1, ,-40, ,
-2, ,-40, ,
-4, ,-40, ,
-2, ,-40, ,
1, ,-40, ,
1, ,-40, ,
-1, ,-40, ,
1, ,-40, ,
3, ,-40, ,
0, ,-40, ,
-1, ,-40, ,
1, ,-40, ,
1, ,-40, ,
0, ,-40, ,
1, ,-40, ,
1, ,-40, ,
4, ,-40, ,
3, ,-40, ,
-4, ,-40, ,
3, ,-40, ,
1, ,-40, ,
1, ,-40, ,
0, ,-40, ,
6, ,-40, ,
5, ,-40, ,
5, ,-40, ,
8, ,-40, ,
5, ,-40, ,
5, ,-41, ,
9, ,-40, ,
1, ,-40, ,
5, ,-40, ,
5, ,-40, ,
4, ,-40, ,
1, ,-40, ,
6, ,-40, ,
5, ,-40, ,
0, ,-40, ,
-2, ,-40, ,
-1, ,-40, ,
-1, ,-41, ,
-1, ,-40, ,
-6, ,-40, ,
-1, ,-40, ,
3, ,-40, ,
-1, ,-40, ,
0, ,-40, ,
4, ,-40, ,
0, ,-40, ,
3, ,-40, ,
-1, ,-40, ,
-2, ,-40, ,
-1, ,-41, ,
0, ,-40, ,
-4, ,-40, ,
0, ,-40, ,
5, ,-40, ,
0, ,-40, ,
-5, ,-40, ,
8, ,-40, ,
3, ,-40, ,
3, ,-40, ,
-1, ,-40, ,
3, ,-40, ,
6, ,-40, ,
3, ,-40, ,
-1, ,-40, ,
3, ,-40, ,
3, ,-40, ,
-1, ,-40, ,
-5, ,-40, ,
4, ,-40, ,
5, ,-40, ,
6, ,-40, ,
5, ,-40, ,
8, ,-39, ,
6, ,-41, ,
4, ,-40, ,
-4, ,-40, ,
-1, ,-40, ,
3, ,-40, ,
1, ,-40, ,
-1, ,-40, ,
4, ,-40, ,
-2, ,-40, ,
-5, ,-40, ,
-1, ,-40, ,
1, ,-40, ,
3, ,-40, ,
9, ,-40, ,
1, ,-40, ,
4, ,-40, ,
9, ,-40, ,
4, ,-40, ,
3, ,-40, ,
8, ,-40, ,
9, ,-40, ,
8, ,-40, ,
3, ,-40, ,
4, ,-40, ,
4, ,-41, ,
3, ,-40, ,
-4, ,-40, ,
1, ,-40, ,
3, ,-40, ,
1, ,-40, ,
1, ,-40, ,
5, ,-40, ,
4, ,-40, ,
3, ,-40, ,
0, ,-40, ,
3, ,-40, ,
3, ,-40, ,
0, ,-40, ,
-2, ,-40, ,
-2, ,-40, ,
0, ,-40, ,
-1, ,-40, ,
-6, ,-40, ,
1, ,-40, ,
-1, ,-40, ,
0, ,-40, ,
-2, ,-40, ,
0, ,-40, ,
3, ,-41, ,
0, ,-40, ,
-2, ,-40, ,
1, ,-40, ,
4, ,-40, ,
5, ,-40, ,
4, ,-40, ,
8, ,-40, ,
9, ,-40, ,
5, ,-40, ,
3, ,-40, ,
4, ,-40, ,
3, ,-41, ,
1, ,-40, ,
-4, ,-40, ,
-1, ,-40, ,
0, ,-40, ,
-2, ,-40, ,
-5, ,-40, ,
1, ,-40, ,
1, ,-40, ,
-1, ,-40, ,
1, ,-40, ,
5, ,-40, ,
4, ,-41, ,
4, ,-40, ,
-1, ,-40, ,
0, ,-40, ,
-1, ,-40, ,
-4, ,-40, ,
-4, ,-40, ,
-1, ,-40, ,
1, ,-40, ,
0, ,-40, ,
1, ,-40, ,
1, ,-40, ,
0, ,-40, ,
1, ,-40, ,
-7, ,-40, ,
-5, ,-40, ,
0, ,-40, ,
-5, ,-40, ,
-2, ,-40, ,
3, ,-40, ,
1, ,-40, ,
1, ,-40, ,
-1, ,-40, ,
-1, ,-40, ,
-1, ,-41, ,
-1, ,-40, ,
-5, ,-40, ,
-2, ,-40, ,
0, ,-40, ,
-4, ,-40, ,
-5, ,-40, ,
0, ,-40, ,
1, ,-40, ,
-2, ,-40, ,
-1, ,-40, ,
3, ,-40, ,
6, ,-41, ,
8, ,-40, ,
5, ,-40, ,
5, ,-40, ,
6, ,-40, ,
1, ,-40, ,
-2, ,-40, ,
3, ,-40, ,
3, ,-40, ,
1, ,-40, ,
3, ,-40, ,
4, ,-40, ,
6, ,-40, ,
4, ,-40, ,
-5, ,-40, ,
-2, ,-40, ,
-1, ,-40, ,
-2, ,-40, ,
-5, ,-40, ,
3, ,-40, ,
3, ,-40, ,
1, ,-40, ,
-1, ,-40, ,
-1, ,-40, ,
-2, ,-41, ,
1, ,-40, ,
-2, ,-40, ,
3, ,-40, ,
4, ,-40, ,
-2, ,-40, ,
-4, ,-40, ,
0, ,-40, ,
-2, ,-40, ,
-4, ,-40, ,
-4, ,-40, ,
-1, ,-40, ,
1, ,-40, ,
1, ,-40, ,
-2, ,-40, ,
1, ,-40, ,
4, ,-40, ,
-2, ,-40, ,
-4, ,-40, ,
1, ,-40, ,
0, ,-40, ,
-1, ,-40, ,
-2, ,-40, ,
3, ,-40, ,
1, ,-40, ,
1, ,-40, ,
-5, ,-40, ,
-4, ,-40, ,
1, ,-40, ,
-4, ,-40, ,
-5, ,-40, ,
1, ,-40, ,
0, ,-40, ,
0, ,-40, ,
-4, ,-40, ,
-2, ,-40, ,
0, ,-41, ,
0, ,-40, ,
-5, ,-40, ,
0, ,-40, ,
1, ,-40, ,
3, ,-40, ,
0, ,-40, ,
4, ,-40, ,
1, ,-40, ,
1, ,-40, ,
1, ,-40, ,
1, ,-40, ,
-1, ,-40, ,
-1, ,-40, ,
-14, ,-40, ,
-11, ,-40, ,
-7, ,-40, ,
-16, ,-40, ,
-20, ,-40, ,
-9, ,-40, ,
-7, ,-40, ,
-4, ,-40, ,
-1, ,-40, ,
5, ,-40, ,
14, ,-40, ,
18, ,-40, ,
15, ,-40, ,
16, ,-40, ,
13, ,-40, ,
5, ,-40, ,
1, ,-40, ,
1, ,-40, ,
1, ,-40, ,
-2, ,-40, ,
-6, ,-40, ,
0, ,-40, ,
-1, ,-40, ,
-2, ,-40, ,
-9, ,-40, ,
-4, ,-40, ,
4, ,-40, ,
0, ,-40, ,
1, ,-40, ,
4, ,-40, ,
1, ,-40, ,
1, ,-40, ,
-4, ,-40, ,
-2, ,-40, ,
-2, ,-41, ,
-2, ,-40, ,
-2, ,-40, ,
3, ,-40, ,
5, ,-40, ,
3, ,-40, ,
-4, ,-40, ,
1, ,-40, ,
1, ,-40, ,
-1, ,-40, ,
-2, ,-40, ,
-1, ,-40, ,
1, ,-41, ,
1, ,-40, ,
3, ,-40, ,
3, ,-40, ,
4, ,-40, ,
-1, ,-40, ,
-2, ,-40, ,
5, ,-40, ,
1, ,-40, ,
0, ,-40, ,
-1, ,-40, ,
-2, ,-40, ,
0, ,-41, ,
-1, ,-40, ,
-6, ,-40, ,
-2, ,-40, ,
-1, ,-40, ,
-2, ,-40, ,
-2, ,-40, ,
3, ,-40, ,
3, ,-40, ,
-1, ,-40, ,
-2, ,-40, ,
1, ,-40, ,
0, ,-41, ,
5, ,-40, ,
-1, ,-40, ,
3, ,-40, ,
6, ,-40, ,
4, ,-40, ,
0, ,-40, ,
5, ,-40, ,
5, ,-40, ,
4, ,-40, ,
1, ,-40, ,
5, ,-40, ,
4, ,-41, ,
5, ,-40, ,
1, ,-40, ,
5, ,-40, ,
9, ,-40, ,
6, ,-40, ,
1, ,-40, ,
6, ,-40, ,
1, ,-40, ,
1, ,-40, ,
-2, ,-40, ,
1, ,-40, ,
0, ,-40, ,
1, ,-40, ,
0, ,-40, ,
-1, ,-40, ,
4, ,-41, ,
1, ,-40, ,
-1, ,-40, ,
0, ,-40, ,
-1, ,-40, ,
0, ,-40, ,
-1, ,-40, ,
-1, ,-40, ,
3, ,-41, ,
1, ,-40, ,
1, ,-40, ,
5, ,-40, ,
8, ,-40, ,
8, ,-40, ,
8, ,-40, ,
10, ,-40, ,
8, ,-40, ,
5, ,-40, ,
6, ,-40, ,
5, ,-40, ,
4, ,-41, ,
4, ,-40, ,
0, ,-40, ,
3, ,-40, ,
6, ,-40, ,
4, ,-40, ,
1, ,-40, ,
5, ,-40, ,
1, ,-40, ,
1, ,-40, ,
-4, ,-40, ,
0, ,-40, ,
0, ,-40, ,
0, ,-40, ,
-5, ,-40, ,
1, ,-40, ,
1, ,-40, ,
-2, ,-40, ,
0, ,-40, ,
0, ,-40, ,
0, ,-40, ,
-2, ,-40, ,
-1, ,-40, ,
0, ,-40, ,
0, ,-40, ,
4, ,-40, ,
-1, ,-40, ,
3, ,-40, ,
6, ,-40, ,
4, ,-40, ,
4, ,-40, ,
8, ,-40, ,
11, ,-40, ,
8, ,-40, ,
5, ,-40, ,
6, ,-40, ,
5, ,-41, ,
1, ,-40, ,
-1, ,-40, ,
4, ,-40, ,
5, ,-40, ,
3, ,-40, ,
-6, ,-40, ,
6, ,-35, ,
9, ,-25, ,
5, ,-14, ,
8, ,-6, ,
6, ,2, ,
4, ,10, ,
4, ,16, ,
-1, ,20, ,
5, ,26, ,
8, ,29, ,
6, ,32, ,
1, ,35, ,
6, ,38, ,
4, ,40, ,
4, ,42, ,
4, ,44, ,
3, ,44, ,
6, ,47, ,
5, ,47, ,
-1, ,48, ,
4, ,49, ,
3, ,50, ,
3, ,49, ,
0, ,51, ,
4, ,51, ,
5, ,51, ,
4, ,52, ,
6, ,52, ,
8, ,51, ,
8, ,53, ,
9, ,52, ,
3, ,53, ,
4, ,53, ,
6, ,53, ,
1, ,51, ,
0, ,53, ,
5, ,53, ,
3, ,53, ,
0, ,53, ,
0, ,54, ,
-1, ,53, ,
1, ,54, ,
-1, ,52, ,
-5, ,53, ,
-2, ,53, ,
-2, ,54, ,
-4, ,52, ,
-5, ,54, ,
0, ,54, ,
0, ,53, ,
3, ,53, ,
0, ,53, ,
4, ,52, ,
6, ,54, ,
6, ,53, ,
5, ,53, ,
8, ,53, ,
6, ,53, ,
4, ,51, ,
0, ,54, ,
6, ,53, ,
0, ,53, ,
4, ,53, ,
6, ,53, ,
3, ,52, ,
6, ,54, ,
5, ,52, ,
0, ,53, ,
1, ,53, ,
0, ,53, ,
3, ,51, ,
1, ,53, ,
-1, ,53, ,
4, ,53, ,
8, ,53, ,
6, ,53, ,
3, ,53, ,
-1, ,54, ,
-2, ,52, ,
-7, ,53, ,
-2, ,53, ,
-2, ,53, ,
-2, ,51, ,
-6, ,53, ,
-2, ,53, ,
-4, ,52, ,
-2, ,53, ,
-4, ,53, ,
-2, ,51, ,
1, ,53, ,
5, ,52, ,
4, ,53, ,
4, ,53, ,
4, ,53, ,
9, ,51, ,
-4, ,54, ,
0, ,53, ,
5, ,53, ,
3, ,53, ,
4, ,53, ,
4, ,52, ,
4, ,53, ,
6, ,52, ,
1, ,53, ,
5, ,53, ,
6, ,53, ,
1, ,51, ,
4, ,53, ,
6, ,53, ,
5, ,53, ,
8, ,53, ,
6, ,53, ,
5, ,52, ,
1, ,54, ,
-2, ,52, ,
-4, ,53, ,
-2, ,53, ,
-1, ,53, ,
-5, ,51, ,
-7, ,53, ,
0, ,53, ,
-2, ,52, ,
-4, ,53, ,
-5, ,53, ,
-1, ,52, ,
-4, ,53, ,
-5, ,52, ,
-5, ,52, ,
-4, ,53, ,
0, ,53, ,
-2, ,51, ,
-4, ,53, ,
3, ,53, ,
0, ,52, ,
3, ,52, ,
0, ,53, ,
1, ,52, ,
3, ,54, ,
1, ,52, ,
-2, ,53, ,
1, ,53, ,
-1, ,53, ,
-2, ,51, ,
-7, ,53, ,
-2, ,53, ,
-4, ,52, ,
-4, ,53, ,
-5, ,53, ,
-2, ,52, ,
-5, ,53, ,
0, ,52, ,
-10, ,52, ,
-4, ,53, ,
-6, ,53, ,
-9, ,51, ,
-10, ,53, ,
-6, ,52, ,
-6, ,52, ,
-5, ,53, ,
-5, ,53, ,
-4, ,52, ,
-2, ,53, ,
-2, ,52, ,
-9, ,52, ,
-4, ,53, ,
0, ,53, ,
0, ,51, ,
-2, ,53, ,
0, ,52, ,
-4, ,53, ,
-1, ,53, ,
-2, ,53, ,
-2, ,52, ,
-1, ,53, ,
0, ,52, ,
-2, ,53, ,
3, ,53, ,
5, ,53, ,
-2, ,51, ,
-5, ,54, ,
-5, ,53, ,
-7, ,52, ,
-6, ,53, ,
-5, ,52, ,
-2, ,52, ,
-1, ,53, ,
0, ,52, ,
-2, ,52, ,
0, ,53, ,
0, ,53, ,
0, ,51, ,
-7, ,53, ,
-2, ,53, ,
-1, ,52, ,
-2, ,53, ,
0, ,53, ,
1, ,52, ,
1, ,53, ,
1, ,52, ,
-1, ,52, ,
5, ,53, ,
6, ,53, ,
5, ,51, ,
5, ,53, ,
8, ,53, ,
3, ,52, ,
3, ,53, ,
1, ,53, ,
0, ,52, ,
4, ,53, ,
6, ,52, ,
4, ,53, ,
10, ,53, ,
8, ,53, ,
8, ,51, ,
1, ,54, ,
-1, ,53, ,
0, ,52, ,
0, ,52, ,
-1, ,52, ,
1, ,52, ,
-1, ,53, ,
0, ,52, ,
-4, ,53, ,
-1, ,53, ,
3, ,53, ,
0, ,51, ,
3, ,53, ,
4, ,53, ,
-1, ,53, ,
-1, ,52, ,
-5, ,53, ,
0, ,52, ,
1, ,53, ,
1, ,52, ,
1, ,52, ,
3, ,53, ,
3, ,53, ,
1, ,51, ,
0, ,53, ,
5, ,52, ,
0, ,53, ,
0, ,53, ,
-2, ,53, ,
0, ,51, ,
1, ,53, ,
3, ,52, ,
-2, ,52, ,
8, ,53, ,
10, ,53, ,
8, ,51, ,
6, ,53, ,
10, ,52, ,
8, ,52, ,
5, ,52, ,
5, ,53, ,
3, ,52, ,
4, ,53, ,
1, ,52, ,
-4, ,53, ,
5, ,53, ,
4, ,53, ,
4, ,51, ,
1, ,54, ,
5, ,52, ,
4, ,52, ,
0, ,52, ,
4, ,52, ,
4, ,52, ,
1, ,53, ,
5, ,52, ,
4, ,52, ,
5, ,53, ,
8, ,52, ,
6, ,51, ,
-1, ,53, ,
-1, ,52, ,
4, ,53, ,
8, ,52, ,
5, ,53, ,
8, ,51, ,
6, ,53, ,
5, ,52, ,
0, ,52, ,
4, ,53, ,
5, ,53, ,
3, ,51, ,
0, ,53, ,
5, ,52, ,
6, ,52, ,
4, ,53, ,
0, ,53, ,
5, ,51, ,
3, ,53, ,
1, ,52, ,
0, ,52, ,
4, ,53, ,
8, ,52, ,
4, ,51, ,
1, ,53, ,
5, ,52, ,
1, ,52, ,
3, ,52, ,
-2, ,53, ,
-2, ,51, ,
1, ,53, ,
1, ,52, ,
0, ,53, ,
4, ,53, ,
1, ,52, ,
1, ,51, ,
-2, ,53, ,
3, ,53, ,
3, ,52, ,
3, ,53, ,
4, ,52, ,
8, ,52, ,
6, ,53, ,
8, ,52, ,
0, ,52, ,
1, ,53, ,
3, ,53, ,
1, ,51, ,
0, ,53, ,
4, ,52, ,
5, ,52, ,
8, ,52, ,
4, ,53, ,
3, ,52, ,
1, ,53, ,
4, ,52, ,
0, ,52, ,
4, ,53, ,
6, ,53, ,
4, ,51, ,
0, ,53, ,
3, ,52, ,
3, ,52, ,
-1, ,53, ,
-1, ,53, ,
0, ,51, ,
-1, ,53, ,
0, ,52, ,
-6, ,52, ,
-1, ,53, ,
3, ,52, ,
-1, ,51, ,
-2, ,53, ,
4, ,53, ,
0, ,52, ,
1, ,52, ,
0, ,53, ,
3, ,52, ,
4, ,54, ,
5, ,52, ,
0, ,53, ,
4, ,53, ,
3, ,52, ,
-1, ,51, ,
-2, ,53, ,
3, ,53, ,
0, ,52, ,
-9, ,52, ,
0, ,53, ,
6, ,52, ,
-2, ,53, ,
5, ,52, ,
-1, ,53, ,
-2, ,53, ,
-4, ,53, ,
-2, ,51, ,
-4, ,53, ,
3, ,52, ,
4, ,52, ,
1, ,52, ,
-1, ,53, ,
-1, ,52, ,
-5, ,53, ,
-6, ,52, ,
-10, ,53, ,
-4, ,53, ,
-2, ,53, ,
-1, ,51, ,
-4, ,53, ,
0, ,53, ,
-4, ,53, ,
-2, ,53, ,
-6, ,53, ,
-1, ,52, ,
1, ,53, ,
4, ,52, ,
-1, ,52, ,
-1, ,53, ,
0, ,53, ,
-4, ,51, ,
-4, ,53, ,
-2, ,53, ,
0, ,52, ,
4, ,52, ,
0, ,53, ,
3, ,52, ,
0, ,53, ,
1, ,52, ,
-4, ,52, ,
-2, ,53, ,
-1, ,52, ,
-2, ,51, ,
-7, ,53, ,
0, ,53, ,
0, ,52, ,
0, ,53, ,
0, ,53, ,
1, ,51, ,
-2, ,53, ,
1, ,52, ,
-4, ,53, ,
-1, ,53, ,
3, ,53, ,
-1, ,51, ,
-2, ,53, ,
3, ,53, ,
-1, ,52, ,
-1, ,53, ,
-1, ,53, ,
-1, ,52, ,
0, ,53, ,
-1, ,52, ,
-4, ,52, ,
-1, ,53, ,
-2, ,53, ,
-2, ,51, ,
-4, ,53, ,
0, ,52, ,
3, ,53, ,
1, ,52, ,
1, ,53, ,
0, ,51, ,
-1, ,53, ,
3, ,52, ,
-1, ,52, ,
3, ,53, ,
0, ,53, ,
-6, ,52, ,
-7, ,53, ,
-1, ,52, ,
-6, ,52, ,
-4, ,53, ,
-2, ,53, ,
-2, ,51, ,
0, ,53, ,
0, ,52, ,
-6, ,52, ,
0, ,53, ,
-2, ,53, ,
-4, ,51, ,
-2, ,53, ,
-1, ,52, ,
-1, ,52, ,
-1, ,53, ,
-4, ,53, ,
1, ,52, ,
0, ,53, ,
1, ,52, ,
-4, ,52, ,
1, ,53, ,
0, ,53, ,
-1, ,51, ,
-6, ,53, ,
3, ,53, ,
-1, ,52, ,
0, ,52, ,
-1, ,53, ,
1, ,52, ,
3, ,53, ,
4, ,52, ,
3, ,52, ,
6, ,53, ,
6, ,53, ,
3, ,51, ,
-2, ,53, ,
3, ,52, ,
-2, ,52, ,
-2, ,52, ,
-2, ,53, ,
1, ,52, ,
1, ,53, ,
3, ,52, ,
-1, ,52, ,
1, ,53, ,
4, ,52, ,
3, ,51, ,
3, ,53, ,
8, ,53, ,
6, ,52, ,
5, ,53, ,
1, ,53, ,
3, ,52, ,
3, ,53, ,
1, ,52, ,
0, ,52, ,
4, ,53, ,
4, ,53, ,
3, ,51, ,
-1, ,53, ,
5, ,52, ,
1, ,52, ,
3, ,52, ,
0, ,53, ,
4, ,52, ,
3, ,53, ,
5, ,52, ,
0, ,53, ,
9, ,53, ,
6, ,53, ,
3, ,51, ,
1, ,53, ,
5, ,52, ,
3, ,52, ,
3, ,52, ,
0, ,52, ,
4, ,52, ,
4, ,53, ,
4, ,52, ,
0, ,52, ,
3, ,53, ,
3, ,53, ,
1, ,51, ,
-1, ,53, ,
3, ,52, ,
0, ,52, ,
3, ,52, ,
1, ,53, ,
4, ,51, ,
3, ,53, ,
0, ,52, ,
0, ,52, ,
3, ,53, ,
9, ,52, ,
5, ,51, ,
4, ,53, ,
9, ,52, ,
4, ,52, ,
4, ,53, ,
1, ,53, ,
4, ,51, ,
1, ,53, ,
1, ,52, ,
-4, ,52, ,
-2, ,53, ,
9, ,53, ,
5, ,51, ,
0, ,54, ,
10, ,52, ,
3, ,52, ,
3, ,52, ,
4, ,53, ,
0, ,51, ,
4, ,53, ,
6, ,52, ,
4, ,53, ,
5, ,52, ,
9, ,53, ,
5, ,51, ,
1, ,53, ,
1, ,53, ,
1, ,52, ,
3, ,52, ,
3, ,53, ,
4, ,52, ,
4, ,53, ,
6, ,52, ,
1, ,52, ,
8, ,53, ,
5, ,53, ,
1, ,51, ,
3, ,53, ,
5, ,53, ,
5, ,52, ,
4, ,52, ,
8, ,53, ,
3, ,52, ,
3, ,53, ,
4, ,52, ,
-5, ,52, ,
1, ,53, ,
4, ,53, ,
1, ,51, ,
0, ,53, ,
6, ,52, ,
-1, ,53, ,
1, ,52, ,
-2, ,53, ,
0, ,52, ,
1, ,53, ,
5, ,52, ,
0, ,52, ,
6, ,53, ,
8, ,53, ,
4, ,51, ,
-2, ,53, ,
0, ,52, ,
0, ,53, ,
-1, ,53, ,
-1, ,53, ,
1, ,51, ,
-2, ,53, ,
1, ,52, ,
-2, ,52, ,
3, ,53, ,
4, ,53, ,
0, ,51, ,
-2, ,53, ,
5, ,53, ,
3, ,52, ,
0, ,52, ,
3, ,53, ,
1, ,52, ,
1, ,53, ,
0, ,52, ,
-6, ,52, ,
0, ,53, ,
1, ,53, ,
0, ,51, ,
0, ,53, ,
3, ,53, ,
3, ,52, ,
0, ,53, ,
-4, ,53, ,
0, ,52, ,
-1, ,53, ,
1, ,52, ,
-1, ,52, ,
4, ,53, ,
5, ,52, ,
3, ,51, ,
-1, ,53, ,
3, ,53, ,
3, ,53, ,
1, ,52, ,
-1, ,53, ,
0, ,52, ,
1, ,53, ,
1, ,52, ,
-1, ,52, ,
0, ,53, ,
1, ,53, ,
0, ,51, ,
-4, ,53, ,
1, ,53, ,
-1, ,52, ,
1, ,52, ,
-1, ,53, ,
3, ,52, ,
1, ,53, ,
3, ,52, ,
-1, ,52, ,
1, ,53, ,
0, ,52, ,
-4, ,51, ,
-2, ,53, ,
4, ,53, ,
3, ,53, ,
3, ,53, ,
-1, ,53, ,
-2, ,52, ,
-1, ,53, ,
-2, ,52, ,
-9, ,53, ,
-2, ,53, ,
-4, ,53, ,
-4, ,51, ,
-2, ,53, ,
5, ,53, ,
0, ,52, ,
-2, ,52, ,
-1, ,53, ,
-1, ,52, ,
-1, ,53, ,
0, ,52, ,
-5, ,53, ,
0, ,53, ,
-1, ,52, ,
-2, ,51, ,
-5, ,54, ,
-1, ,52, ,
-2, ,53, ,
-1, ,53, ,
-4, ,53, ,
0, ,52, ,
-4, ,53, ,
0, ,52, ,
-11, ,52, ,
-7, ,53, ,
-2, ,52, ,
-6, ,51, ,
-5, ,53, ,
-1, ,52, ,
3, ,52, ,
1, ,52, ,
-1, ,53, ,
4, ,52, ,
0, ,53, ,
3, ,52, ,
-4, ,52, ,
-1, ,53, ,
1, ,53, ,
0, ,51, ,
-5, ,53, ,
-1, ,52, ,
-1, ,52, ,
-2, ,53, ,
-4, ,53, ,
-1, ,52, ,
-4, ,53, ,
-1, ,52, ,
1, ,52, ,
6, ,53, ,
5, ,53, ,
4, ,51, ,
-1, ,53, ,
1, ,52, ,
-4, ,52, ,
0, ,53, ,
-2, ,53, ,
1, ,52, ,
4, ,53, ,
1, ,52, ,
-2, ,52, ,
0, ,53, ,
-2, ,53, ,
-4, ,51, ,
-6, ,53, ,
1, ,53, ,
-2, ,52, ,
1, ,52, ,
1, ,53, ,
0, ,52, ,
4, ,53, ,
3, ,52, ,
-4, ,53, ,
1, ,53, ,
1, ,53, ,
3, ,51, ,
-1, ,53, ,
3, ,52, ,
0, ,52, ,
-1, ,53, ,
-2, ,53, ,
-1, ,52, ,
-4, ,53, ,
0, ,52, ,
-6, ,52, ,
0, ,53, ,
1, ,53, ,
-4, ,51, ,
-4, ,53, ,
-1, ,53, ,
-2, ,52, ,
0, ,53, ,
-1, ,53, ,
0, ,51, ,
0, ,53, ,
1, ,52, ,
-2, ,52, ,
0, ,53, ,
1, ,53, ,
0, ,51, ,
-4, ,53, ,
0, ,53, ,
-2, ,52, ,
0, ,52, ,
-2, ,53, ,
3, ,52, ,
3, ,53, ,
4, ,52, ,
0, ,53, ,
4, ,53, ,
4, ,53, ,
0, ,51, ,
-2, ,53, ,
8, ,52, ,
3, ,48, ,
0, ,40, ,
-1, ,30, ,
-5, ,20, ,
-5, ,12, ,
-4, ,4, ,
-7, ,-2, ,
-2, ,-7, ,
-2, ,-11, ,
-4, ,-16, ,
-4, ,-19, ,
-2, ,-22, ,
0, ,-25, ,
-1, ,-27, ,
0, ,-28, ,
-1, ,-30, ,
1, ,-32, ,
3, ,-33, ,
-2, ,-33, ,
4, ,-35, ,
5, ,-36, ,
3, ,-37, ,
1, ,-37, ,
3, ,-38, ,
1, ,-38, ,
0, ,-39, ,
-4, ,-39, ,
-2, ,-39, ,
1, ,-40, ,
3, ,-40, ,
-1, ,-40, ,
4, ,-40, ,
4, ,-40, ,
1, ,-40, ,
-1, ,-41, ,
3, ,-41, ,
4, ,-40, ,
4, ,-41, ,
4, ,-40, ,
8, ,-40, ,
5, ,-41, ,
6, ,-41, ,
0, ,-41, ,
3, ,-41, ,
4, ,-41, ,
-1, ,-40, ,
-5, ,-41, ,
1, ,-41, ,
0, ,-41, ,
1, ,-41, ,
0, ,-41, ,
3, ,-41, ,
4, ,-41, ,
4, ,-41, ,
-1, ,-40, ,
4, ,-41, ,
8, ,-41, ,
5, ,-40, ,
0, ,-41, ,
6, ,-41, ,
3, ,-40, ,
-1, ,-41, ,
-4, ,-40, ,
0, ,-40, ,
3, ,-41, ,
3, ,-41, ,
0, ,-40, ,
4, ,-41, ,
4, ,-41, ,
1, ,-40, ,
-2, ,-40, ,
3, ,-41, ,
-1, ,-40, ,
1, ,-41, ,
3, ,-40, ,
5, ,-41, ,
6, ,-41, ,
4, ,-41, ,
0, ,-40, ,
5, ,-40, ,
5, ,-41, ,
4, ,-40, ,
0, ,-41, ,
4, ,-40, ,
4, ,-40, ,
0, ,-40, ,
3, ,-40, ,
3, ,-40, ,
3, ,-41, ,
6, ,-40, ,
3, ,-40, ,
4, ,-41, ,
9, ,-41, ,
4, ,-40, ,
1, ,-40, ,
4, ,-41, ,
4, ,-40, ,
5, ,-40, ,
1, ,-40, ,
1, ,-40, ,
3, ,-41, ,
3, ,-41, ,
0, ,-40, ,
4, ,-40, ,
5, ,-40, ,
4, ,-40, ,
1, ,-40, ,
3, ,-41, ,
1, ,-40, ,
-1, ,-40, ,
-4, ,-40, ,
0, ,-40, ,
0, ,-41, ,
3, ,-40, ,
1, ,-40, ,
3, ,-40, ,
8, ,-40, ,
0, ,-40, ,
-4, ,-40, ,
0, ,-40, ,
-2, ,-40, ,
-1, ,-40, ,
-4, ,-40, ,
-2, ,-40, ,
0, ,-40, ,
-1, ,-40, ,
-5, ,-40, ,
0, ,-40, ,
-1, ,-40, ,
-1, ,-40, ,
-5, ,-40, ,
1, ,-40, ,
0, ,-40, ,
-1, ,-40, ,
-5, ,-40, ,
-1, ,-40, ,
-2, ,-41, ,
-1, ,-40, ,
-5, ,-40, ,
1, ,-40, ,
5, ,-41, ,
4, ,-40, ,
4, ,-40, ,
3, ,-40, ,
1, ,-40, ,
-1, ,-40, ,
-4, ,-40, ,
-1, ,-40, ,
-1, ,-41, ,
-1, ,-40, ,
-4, ,-40, ,
-1, ,-40, ,
0, ,-40, ,
-1, ,-40, ,
-5, ,-41, ,
4, ,-40, ,
1, ,-40, ,
0, ,-40, ,
3, ,-40, ,
3, ,-40, ,
3, ,-41, ,
3, ,-40, ,
-6, ,-40, ,
-1, ,-40, ,
1, ,-41, ,
-2, ,-40, ,
-4, ,-40, ,
3, ,-40, ,
0, ,-40, ,
-1, ,-40, ,
-2, ,-40, ,
0, ,-40, ,
1, ,-40, ,
-2, ,-40, ,
-5, ,-40, ,
-1, ,-40, ,
4, ,-40, ,
4, ,-40, ,
-1, ,-40, ,
4, ,-41, ,
4, ,-40, ,
0, ,-41, ,
-1, ,-40, ,
-2, ,-40, ,
-1, ,-41, ,
-1, ,-40, ,
-6, ,-40, ,
-1, ,-40, ,
1, ,-40, ,
-2, ,-40, ,
-5, ,-40, ,
1, ,-40, ,
-1, ,-40, ,
0, ,-40, ,
0, ,-40, ,
0, ,-40, ,
3, ,-40, ,
3, ,-40, ,
-4, ,-40, ,
1, ,-40, ,
-2, ,-41, ,
-4, ,-40, ,
-5, ,-40, ,
0, ,-40, ,
3, ,-40, ,
0, ,-40, ,
-2, ,-40, ,
-1, ,-40, ,
-2, ,-41, ,
0, ,-40, ,
-5, ,-40, ,
-2, ,-40, ,
0, ,-40, ,
-4, ,-40, ,
-5, ,-40, ,
3, ,-40, ,
3, ,-40, ,
3, ,-40, ,
1, ,-40, ,
3, ,-40, ,
-2, ,-41, ,
0, ,-40, ,
3, ,-40, ,
-2, ,-40, ,
1, ,-40, ,
1, ,-40, ,
-2, ,-40, ,
3, ,-40, ,
3, ,-40, ,
-1, ,-40, ,
-1, ,-40, ,
1, ,-40, ,
3, ,-41, ,
4, ,-40, ,
0, ,-40, ,
1, ,-40, ,
4, ,-40, ,
0, ,-40, ,
-1, ,-40, ,
4, ,-40, ,
1, ,-40, ,
1, ,-40, ,
3, ,-40, ,
1, ,-40, ,
4, ,-40, ,
3, ,-40, ,
-1, ,-40, ,
1, ,-40, ,
3, ,-40, ,
1, ,-40, ,
-1, ,-40, ,
6, ,-40, ,
9, ,-40, ,
1, ,-40, ,
4, ,-40, ,
0, ,-40, ,
1, ,-40, ,
3, ,-40, ,
-5, ,-40, ,
1, ,-40, ,
4, ,-40, ,
0, ,-40, ,
0, ,-40, ,
3, ,-40, ,
4, ,-40, ,
3, ,-40, ,
-2, ,-40, ,
0, ,-40, ,
-1, ,-40, ,
-2, ,-40, ,
-6, ,-40, ,
0, ,-40, ,
4, ,-40, ,
0, ,-40, ,
0, ,-40, ,
3, ,-40, ,
1, ,-40, ,
3, ,-40, ,
0, ,-40, ,
4, ,-40, ,
3, ,-41, ,
4, ,-40, ,
-2, ,-40, ,
0, ,-40, ,
3, ,-40, ,
-1, ,-40, ,
-4, ,-40, ,
1, ,-40, ,
-1, ,-40, ,
1, ,-40, ,
0, ,-40, ,
3, ,-40, ,
3, ,-40, ,
1, ,-40, ,
-2, ,-40, ,
1, ,-40, ,
4, ,-40, ,
1, ,-40, ,
-2, ,-40, ,
5, ,-40, ,
5, ,-40, ,
5, ,-40, ,
4, ,-40, ,
4, ,-40, ,
6, ,-40, ,
3, ,-40, ,
-2, ,-40, ,
1, ,-40, ,
4, ,-40, ,
3, ,-40, ,
-2, ,-40, ,
3, ,-40, ,
1, ,-40, ,
3, ,-40, ,
3, ,-40, ,
1, ,-40, ,
4, ,-40, ,
4, ,-40, ,
0, ,-40, ,
5, ,-40, ,
9, ,-40, ,
4, ,-40, ,
-1, ,-40, ,
5, ,-40, ,
3, ,-40, ,
1, ,-40, ,
0, ,-40, ,
3, ,-40, ,
3, ,-40, ,
6, ,-40, ,
-1, ,-40, ,
3, ,-40, ,
5, ,-40, ,
-1, ,-40, ,
-2, ,-40, ,
4, ,-40, ,
4, ,-40, ,
4, ,-40, ,
4, ,-40, ,
3, ,-40, ,
5, ,-40, ,
3, ,-40, ,
-4, ,-40, ,
-1, ,-40, ,
1, ,-40, ,
-1, ,-40, ,
-1, ,-40, ,
1, ,-40, ,
1, ,-40, ,
-1, ,-40, ,
-2, ,-40, ,
1, ,-40, ,
4, ,-40, ,
3, ,-40, ,
1, ,-40, ,
4, ,-40, ,
8, ,-40, ,
1, ,-40, ,
-4, ,-40, ,
0, ,-40, ,
-2, ,-40, ,
-1, ,-40, ,
-4, ,-40, ,
0, ,-40, ,
4, ,-40, ,
4, ,-40, ,
-1, ,-40, ,
1, ,-40, ,
4, ,-40, ,
0, ,-40, ,
-6, ,-40, ,
0, ,-40, ,
3, ,-40, ,
-4, ,-40, ,
3, ,-40, ,
0, ,-40, ,
0, ,-40, ,
3, ,-40, ,
1, ,-40, ,
6, ,-40, ,
5, ,-40, ,
3, ,-40, ,
0, ,-40, ,
1, ,-40, ,
1, ,-40, ,
0, ,-40, ,
-1, ,-40, ,
0, ,-40, ,
0, ,-41, ,
1, ,-40, ,
-1, ,-40, ,
3, ,-40, ,
4, ,-40, ,
0, ,-40, ,
-1, ,-40, ,
4, ,-40, ,
4, ,-40, ,
1, ,-40, ,
0, ,-40, ,
4, ,-40, ,
3, ,-40, ,
6, ,-40, ,
3, ,-40, ,
8, ,-40, ,
9, ,-40, ,
3, ,-40, ,
-2, ,-40, ,
3, ,-40, ,
-1, ,-40, ,
-1, ,-40, ,
-4, ,-40, ,
-2, ,-40, ,
3, ,-40, ,
4, ,-40, ,
-2, ,-40, ,
-1, ,-40, ,
3, ,-40, ,
-2, ,-40, ,
-4, ,-40, ,
3, ,-40, ,
3, ,-40, ,
3, ,-40, ,
-2, ,-40, ,
0, ,-40, ,
0, ,-41, ,
0, ,-40, ,
-5, ,-40, ,
1, ,-40, ,
3, ,-40, ,
1, ,-40, ,
-2, ,-40, ,
0, ,-40, ,
0, ,-40, ,
0, ,-40, ,
-2, ,-40, ,
-4, ,-40, ,
1, ,-40, ,
4, ,-40, ,
-1, ,-40, ,
5, ,-40, ,
6, ,-40, ,
4, ,-40, ,
-4, ,-40, ,
0, ,-40, ,
0, ,-40, ,
-5, ,-40, ,
-5, ,-40, ,
-4, ,-40, ,
-2, ,-40, ,
0, ,-40, ,
-2, ,-40, ,
3, ,-40, ,
4, ,-40, ,
1, ,-40, ,
-4, ,-40, ,
4, ,-40, ,
9, ,-40, ,
9, ,-40, ,
3, ,-40, ,
4, ,-40, ,
-7, ,-41, ,
3, ,-40, ,
0, ,-40, ,
-1, ,-40, ,
6, ,-40, ,
1, ,-40, ,
-2, ,-40, ,
3, ,-40, ,
3, ,-40, ,
4, ,-40, ,
5, ,-40, ,
8, ,-40, ,
5, ,-40, ,
3, ,-40, ,
-4, ,-40, ,
0, ,-40, ,
3, ,-40, ,
3, ,-40, ,
1, ,-40, ,
8, ,-40, ,
3, ,-40, ,
0, ,-40, ,
-4, ,-40, ,
-2, ,-40, ,
0, ,-41, ,
-1, ,-40, ,
-2, ,-40, ,
1, ,-40, ,
1, ,-40, ,
0, ,-40, ,
-4, ,-40, ,
1, ,-40, ,
3, ,-40, ,
0, ,-40, ,
3, ,-40, ,
0, ,-40, ,
4, ,-41, ,
3, ,-40, ,
-5, ,-40, ,
3, ,-40, ,
1, ,-40, ,
-1, ,-40, ,
1, ,-40, ,
1, ,-40, ,
3, ,-40, ,
1, ,-40, ,
0, ,-40, ,
1, ,-40, ,
3, ,-41, ,
1, ,-40, ,
-6, ,-39, ,
-1, ,-40, ,
1, ,-40, ,
0, ,-40, ,
-1, ,-40, ,
4, ,-40, ,
4, ,-40, ,
1, ,-40, ,
-1, ,-40, ,
3, ,-40, ,
3, ,-41, ,
3, ,-40, ,
-2, ,-40, ,
1, ,-40, ,
8, ,-40, ,
1, ,-40, ,
-1, ,-40, ,
4, ,-40, ,
0, ,-40, ,
0, ,-40, ,
-2, ,-40, ,
-1, ,-40, ,
0, ,-41, ,
1, ,-40, ,
-1, ,-40, ,
1, ,-40, ,
5, ,-40, ,
3, ,-40, ,
-1, ,-40, ,
6, ,-40, ,
5, ,-40, ,
3, ,-40, ,
4, ,-40, ,
6, ,-40, ,
6, ,-40, ,
5, ,-40, ,
0, ,-40, ,
0, ,-40, ,
1, ,-40, ,
1, ,-40, ,
-1, ,-40, ,
4, ,-40, ,
3, ,-40, ,
3, ,-40, ,
0, ,-40, ,
1, ,-40, ,
3, ,-40, ,
3, ,-40, ,
-4, ,-40, ,
3, ,-40, ,
4, ,-40, ,
4, ,-40, ,
1, ,-40, ,
6, ,-40, ,
4, ,-40, ,
0, ,-40, ,
-4, ,-40, ,
-1, ,-40, ,
-2, ,-40, ,
0, ,-40, ,
-6, ,-40, ,
-1, ,-40, ,
0, ,-40, ,
-1, ,-40, ,
-4, ,-40, ,
4, ,-40, ,
1, ,-40, ,
3, ,-40, ,
1, ,-40, ,
1, ,-40, ,
1, ,-41, ,
3, ,-40, ,
-6, ,-40, ,
-4, ,-40, ,
0, ,-40, ,
-1, ,-40, ,
-4, ,-40, ,
1, ,-40, ,
3, ,-40, ,
1, ,-40, ,
-1, ,-40, ,
0, ,-40, ,
1, ,-41, ,
3, ,-40, ,
-1, ,-40, ,
4, ,-40, ,
1, ,-40, ,
-1, ,-40, ,
-5, ,-40, ,
1, ,-40, ,
3, ,-40, ,
3, ,-40, ,
1, ,-40, ,
3, ,-40, ,
4, ,-41, ,
3, ,-40, ,
0, ,-40, ,
1, ,-40, ,
3, ,-40, ,
3, ,-40, ,
-4, ,-40, ,
5, ,-40, ,
3, ,-40, ,
-1, ,-40, ,
-2, ,-40, ,
0, ,-40, ,
3, ,-41, ,
5, ,-40, ,
-1, ,-40, ,
5, ,-40, ,
8, ,-40, ,
1, ,-40, ,
-2, ,-40, ,
3, ,-40, ,
1, ,-40, ,
3, ,-40, ,
1, ,-40, ,
3, ,-40, ,
4, ,-40, ,
3, ,-40, ,
-4, ,-40, ,
0, ,-40, ,
0, ,-40, ,
0, ,-40, ,
-2, ,-40, ,
1, ,-40, ,
3, ,-40, ,
3, ,-40, ,
0, ,-40, ,
0, ,-40, ,
0, ,-41, ,
3, ,-40, ,
-2, ,-40, ,
1, ,-40, ,
5, ,-40, ,
0, ,-40, ,
-1, ,-40, ,
4, ,-40, ,
0, ,-40, ,
0, ,-40, ,
-5, ,-40, ,
0, ,-40, ,
1, ,-40, ,
1, ,-40, ,
-1, ,-40, ,
1, ,-40, ,
3, ,-40, ,
-1, ,-40, ,
-6, ,-40, ,
0, ,-40, ,
-1, ,-40, ,
0, ,-40, ,
-1, ,-40, ,
1, ,-40, ,
4, ,-41, ,
4, ,-40, ,
-2, ,-40, ,
-1, ,-40, ,
0, ,-40, ,
-4, ,-40, ,
-9, ,-40, ,
0, ,-40, ,
-2, ,-40, ,
-2, ,-40, ,
-1, ,-40, ,
-1, ,-40, ,
-5, ,-41, ,
3, ,-40, ,
0, ,-40, ,
4, ,-40, ,
10, ,-40, ,
4, ,-40, ,
-2, ,-40, ,
5, ,-40, ,
5, ,-40, ,
-2, ,-40, ,
-2, ,-40, ,
1, ,-40, ,
-1, ,-40, ,
3, ,-40, ,
-2, ,-40, ,
3, ,-40, ,
5, ,-40, ,
0, ,-40, ,
-1, ,-40, ,
4, ,-40, ,
3, ,-40, ,
-1, ,-40, ,
0, ,-40, ,
3, ,-40, ,
5, ,-40, ,
4, ,-40, ,
3, ,-40, ,
4, ,-40, ,
4, ,-40, ,
-1, ,-40, ,
-6, ,-40, ,
5, ,-40, ,
0, ,-40, ,
0, ,-40, ,
-2, ,-40, ,
1, ,-40, ,
1, ,-41, ,
3, ,-40, ,
-1, ,-40, ,
-1, ,-40, ,
1, ,-40, ,
-1, ,-40, ,
-4, ,-40, ,
4, ,-40, ,
0, ,-40, ,
0, ,-40, ,
1, ,-40, ,
-1, ,-40, ,
3, ,-40, ,
0, ,-40, ,
-2, ,-40, ,
0, ,-40, ,
3, ,-40, ,
1, ,-40, ,
-4, ,-40, ,
1, ,-40, ,
-1, ,-40, ,
-5, ,-40, ,
-4, ,-40, ,
0, ,-40, ,
3, ,-40, ,
5, ,-40, ,
-2, ,-40, ,
3, ,-40, ,
6, ,-40, ,
-1, ,-40, ,
-6, ,-40, ,
1, ,-40, ,
0, ,-40, ,
0, ,-40, ,
0, ,-40, ,
0, ,-40, ,
3, ,-40, ,
3, ,-40, ,
-1, ,-40, ,
4, ,-40, ,
5, ,-40, ,
1, ,-40, ,
-1, ,-40, ,
3, ,-40, ,
4, ,-40, ,
1, ,-40, ,
1, ,-40, ,
4, ,-40, ,
3, ,-40, ,
3, ,-40, ,
0, ,-40, ,
3, ,-40, ,
5, ,-40, ,
4, ,-40, ,
1, ,-40, ,
5, ,-40, ,
0, ,-40, ,
3, ,-40, ,
-1, ,-40, ,
1, ,-40, ,
1, ,-41, ,
3, ,-40, ,
-1, ,-40, ,
3, ,-40, ,
5, ,-40, ,
1, ,-40, ,
-5, ,-40, ,
4, ,-40, ,
1, ,-40, ,
0, ,-38, ,
4, ,-29, ,
6, ,-20, ,
10, ,-9, ,
9, ,-1, ,
4, ,7, ,
6, ,13, ,
6, ,18, ,
4, ,22, ,
-1, ,28, ,
5, ,31, ,
3, ,34, ,
5, ,37, ,
1, ,39, ,
3, ,40, ,
4, ,44, ,
5, ,44, ,
0, ,46, ,
4, ,47, ,
6, ,48, ,
4, ,47, ,
5, ,50, ,
10, ,50, ,
6, ,50, ,
3, ,51, ,
1, ,51, ,
1, ,51, ,
-4, ,52, ,
0, ,52, ,
-4, ,52, ,
1, ,53, ,
4, ,53, ,
1, ,51, ,
-1, ,53, ,
4, ,53, ,
1, ,52, ,
3, ,53, ,
3, ,53, ,
1, ,52, ,
0, ,54, ,
4, ,53, ,
-4, ,53, ,
1, ,53, ,
4, ,53, ,
1, ,52, ,
-2, ,54, ,
4, ,53, ,
1, ,53, ,
0, ,53, ,
0, ,53, ,
1, ,53, ,
1, ,54, ,
1, ,52, ,
-1, ,53, ,
0, ,54, ,
3, ,53, ,
1, ,52, ,
-1, ,54, ,
6, ,53, ,
5, ,53, ,
5, ,53, ,
4, ,53, ,
4, ,52, ,
3, ,54, ,
3, ,52, ,
-2, ,53, ,
1, ,53, ,
1, ,53, ,
3, ,51, ,
0, ,53, ,
5, ,53, ,
3, ,53, ,
4, ,53, ,
0, ,53, ,
-1, ,52, ,
-1, ,54, ,
0, ,52, ,
-5, ,53, ,
1, ,53, ,
4, ,53, ,
3, ,52, ,
1, ,53, ,
3, ,53, ,
1, ,53, ,
1, ,53, ,
0, ,53, ,
0, ,52, ,
1, ,53, ,
4, ,52, ,
-5, ,53, ,
3, ,53, ,
1, ,53, ,
-1, ,51, ,
-5, ,53, ,
3, ,53, ,
3, ,52, ,
1, ,53, ,
3, ,53, ,
3, ,52, ,
-1, ,53, ,
0, ,52, ,
-7, ,53, ,
-1, ,53, ,
1, ,53, ,
-1, ,51, ,
-1, ,53, ,
5, ,52, ,
-1, ,52, ,
3, ,53, ,
-1, ,53, ,
1, ,52, ,
-1, ,53, ,
-1, ,52, ,
-4, ,53, ,
-1, ,53, ,
1, ,53, ,
1, ,51, ,
-2, ,54, ,
4, ,53, ,
5, ,52, ,
1, ,53, ,
0, ,53, ,
4, ,52, ,
5, ,53, ,
5, ,52, ,
1, ,53, ,
3, ,53, ,
1, ,53, ,
0, ,51, ,
-4, ,53, ,
3, ,53, ,
-1, ,52, ,
1, ,53, ,
-1, ,53, ,
0, ,51, ,
3, ,53, ,
4, ,52, ,
0, ,53, ,
4, ,53, ,
4, ,53, ,
3, ,51, ,
1, ,53, ,
5, ,52, ,
5, ,52, ,
4, ,52, ,
3, ,53, ,
1, ,52, ,
0, ,53, ,
1, ,52, ,
-6, ,53, ,
0, ,53, ,
1, ,53, ,
-1, ,51, ,
-1, ,53, ,
3, ,52, ,
1, ,52, ,
1, ,53, ,
-1, ,53, ,
0, ,52, ,
0, ,53, ,
4, ,52, ,
0, ,53, ,
1, ,53, ,
5, ,53, ,
0, ,51, ,
-2, ,53, ,
3, ,53, ,
-4, ,52, ,
-1, ,52, ,
-4, ,53, ,
0, ,52, ,
-1, ,53, ,
1, ,52, ,
-2, ,53, ,
1, ,53, ,
-1, ,53, ,
1, ,52, ,
-9, ,53, ,
0, ,53, ,
4, ,53, ,
4, ,53, ,
3, ,53, ,
3, ,52, ,
4, ,53, ,
3, ,52, ,
-6, ,53, ,
0, ,53, ,
1, ,53, ,
0, ,52, ,
-1, ,53, ,
3, ,52, ,
-1, ,52, ,
-5, ,52, ,
-11, ,53, ,
-16, ,51, ,
-14, ,53, ,
-14, ,52, ,
-21, ,52, ,
-5, ,53, ,
-5, ,53, ,
-5, ,51, ,
0, ,54, ,
9, ,52, ,
11, ,52, ,
13, ,52, ,
10, ,53, ,
8, ,52, ,
6, ,53, ,
6, ,52, ,
0, ,52, ,
0, ,52, ,
4, ,53, ,
0, ,51, ,
-4, ,53, ,
-1, ,52, ,
-2, ,52, ,
-5, ,53, ,
-5, ,53, ,
0, ,52, ,
0, ,53, ,
6, ,52, ,
-2, ,53, ,
-2, ,53, ,
1, ,53, ,
-4, ,51, ,
-1, ,53, ,
5, ,53, ,
5, ,52, ,
8, ,53, ,
4, ,53, ,
5, ,51, ,
4, ,53, ,
5, ,52, ,
-5, ,52, ,
-2, ,53, ,
-2, ,53, ,
-4, ,51, ,
-9, ,53, ,
-1, ,53, ,
0, ,52, ,
0, ,52, ,
-2, ,53, ,
1, ,52, ,
3, ,53, ,
5, ,52, ,
0, ,52, ,
4, ,53, ,
1, ,53, ,
0, ,51, ,
-6, ,53, ,
-5, ,53, ,
-7, ,52, ,
-5, ,52, ,
-2, ,53, ,
-2, ,51, ,
0, ,53, ,
1, ,52, ,
-1, ,53, ,
5, ,53, ,
4, ,52, ,
3, ,51, ,
-1, ,53, ,
3, ,53, ,
1, ,52, ,
0, ,52, ,
-1, ,53, ,
1, ,52, ,
-1, ,53, ,
1, ,52, ,
-2, ,52, ,
1, ,53, ,
3, ,53, ,
0, ,51, ,
-1, ,53, ,
5, ,52, ,
1, ,52, ,
3, ,52, ,
3, ,53, ,
4, ,52, ,
3, ,54, ,
5, ,52, ,
3, ,52, ,
6, ,53, ,
11, ,52, ,
6, ,51, ,
6, ,54, ,
8, ,53, ,
5, ,52, ,
1, ,53, ,
1, ,53, ,
0, ,51, ,
1, ,53, ,
1, ,52, ,
-2, ,52, ,
5, ,53, ,
6, ,53, ,
3, ,51, ,
1, ,53, ,
8, ,53, ,
4, ,53, ,
5, ,52, ,
4, ,53, ,
6, ,51, ,
6, ,53, ,
5, ,52, ,
3, ,52, ,
4, ,53, ,
3, ,53, ,
3, ,51, ,
-1, ,53, ,
4, ,53, ,
4, ,52, ,
0, ,52, ,
0, ,53, ,
0, ,52, ,
1, ,53, ,
5, ,52, ,
0, ,52, ,
5, ,53, ,
4, ,52, ,
1, ,51, ,
3, ,53, ,
6, ,53, ,
4, ,52, ,
0, ,53, ,
0, ,53, ,
1, ,52, ,
3, ,53, ,
3, ,52, ,
-1, ,53, ,
3, ,53, ,
4, ,53, ,
1, ,51, ,
4, ,53, ,
3, ,52, ,
5, ,52, ,
4, ,53, ,
1, ,53, ,
4, ,52, ,
4, ,53, ,
5, ,52, ,
0, ,52, ,
3, ,53, ,
4, ,53, ,
3, ,51, ,
3, ,53, ,
6, ,52, ,
0, ,53, ,
4, ,52, ,
8, ,53, ,
1, ,52, ,
0, ,53, ,
5, ,51, ,
-1, ,52, ,
3, ,53, ,
4, ,52, ,
4, ,51, ,
-1, ,53, ,
8, ,53, ,
6, ,52, ,
6, ,52, ,
3, ,53, ,
5, ,51, ,
4, ,53, ,
4, ,52, ,
-1, ,52, ,
4, ,53, ,
6, ,53, ,
5, ,51, ,
4, ,53, ,
8, ,53, ,
3, ,52, ,
1, ,53, ,
1, ,53, ,
3, ,52, ,
5, ,53, ,
8, ,52, ,
0, ,53, ,
8, ,53, ,
10, ,53, ,
3, ,51, ,
1, ,53, ,
5, ,52, ,
3, ,52, ,
3, ,52, ,
3, ,53, ,
3, ,52, ,
1, ,53, ,
1, ,52, ,
-4, ,52, ,
1, ,53, ,
1, ,52, ,
-1, ,51, ,
-5, ,53, ,
3, ,52, ,
1, ,53, ,
3, ,52, ,
-1, ,53, ,
3, ,51, ,
0, ,53, ,
-1, ,52, ,
-2, ,52, ,
5, ,53, ,
9, ,52, ,
10, ,51, ,
10, ,53, ,
14, ,53, ,
6, ,52, ,
5, ,53, ,
-2, ,53, ,
1, ,52, ,
-1, ,53, ,
0, ,52, ,
-1, ,52, ,
3, ,53, ,
4, ,52, ,
0, ,51, ,
-1, ,53, ,
4, ,52, ,
-1, ,52, ,
3, ,53, ,
1, ,53, ,
3, ,52, ,
5, ,53, ,
6, ,52, ,
-2, ,52, ,
0, ,53, ,
5, ,53, ,
4, ,51, ,
-4, ,53, ,
5, ,53, ,
4, ,52, ,
1, ,52, ,
5, ,53, ,
5, ,52, ,
5, ,53, ,
5, ,52, ,
-4, ,52, ,
3, ,53, ,
4, ,52, ,
4, ,51, ,
3, ,53, ,
6, ,53, ,
6, ,52, ,
4, ,53, ,
3, ,53, ,
3, ,51, ,
1, ,53, ,
3, ,52, ,
-2, ,52, ,
3, ,53, ,
4, ,53, ,
3, ,51, ,
-1, ,53, ,
3, ,52, ,
1, ,53, ,
1, ,53, ,
-2, ,53, ,
0, ,52, ,
-1, ,53, ,
4, ,52, ,
-2, ,52, ,
1, ,53, ,
3, ,53, ,
-1, ,51, ,
-4, ,53, ,
3, ,53, ,
-6, ,52, ,
1, ,52, ,
1, ,53, ,
-1, ,52, ,
-5, ,53, ,
-4, ,51, ,
-5, ,52, ,
-1, ,53, ,
-4, ,52, ,
-4, ,51, ,
-6, ,53, ,
0, ,52, ,
0, ,52, ,
0, ,53, ,
-1, ,53, ,
-2, ,52, ,
0, ,53, ,
0, ,52, ,
-6, ,52, ,
-2, ,53, ,
-2, ,53, ,
-4, ,51, ,
-7, ,54, ,
0, ,53, ,
-2, ,53, ,
-4, ,53, ,
-4, ,53, ,
-2, ,52, ,
-1, ,53, ,
-2, ,52, ,
-9, ,52, ,
-2, ,53, ,
-2, ,53, ,
-4, ,51, ,
-7, ,53, ,
-4, ,52, ,
-5, ,52, ,
-5, ,52, ,
-4, ,53, ,
-1, ,52, ,
-4, ,53, ,
3, ,52, ,
-5, ,52, ,
-2, ,53, ,
-4, ,53, ,
-7, ,51, ,
-10, ,53, ,
-5, ,53, ,
-2, ,52, ,
-2, ,53, ,
-4, ,52, ,
0, ,52, ,
-1, ,53, ,
1, ,52, ,
-2, ,52, ,
1, ,53, ,
1, ,53, ,
-2, ,51, ,
-2, ,53, ,
1, ,53, ,
-1, ,52, ,
-2, ,53, ,
-6, ,53, ,
-4, ,52, ,
-5, ,53, ,
-2, ,52, ,
-7, ,53, ,
-2, ,53, ,
-1, ,53, ,
-4, ,51, ,
-10, ,53, ,
-1, ,52, ,
-5, ,52, ,
-2, ,53, ,
-1, ,53, ,
1, ,52, ,
1, ,53, ,
4, ,52, ,
1, ,52, ,
0, ,53, ,
-2, ,53, ,
-4, ,51, ,
-6, ,53, ,
-1, ,53, ,
-2, ,52, ,
-4, ,52, ,
0, ,53, ,
0, ,52, ,
-9, ,53, ,
4, ,52, ,
1, ,52, ,
-1, ,53, ,
5, ,53, ,
0, ,51, ,
-5, ,53, ,
-1, ,52, ,
-2, ,53, ,
0, ,53, ,
-1, ,53, ,
3, ,52, ,
1, ,53, ,
3, ,52, ,
-2, ,52, ,
3, ,53, ,
0, ,53, ,
0, ,51, ,
0, ,53, ,
3, ,53, ,
3, ,52, ,
1, ,53, ,
1, ,53, ,
3, ,51, ,
1, ,53, ,
6, ,52, ,
3, ,52, ,
4, ,53, ,
8, ,52, ,
5, ,51, ,
4, ,53, ,
5, ,52, ,
3, ,52, ,
5, ,52, ,
0, ,53, ,
4, ,52, ,
6, ,54, ,
8, ,52, ,
4, ,52, ,
4, ,53, ,
5, ,53, ,
1, ,51, ,
0, ,53, ,
5, ,53, ,
6, ,52, ,
8, ,52, ,
5, ,53, ,
5, ,52, ,
4, ,53, ,
6, ,52, ,
1, ,52, ,
4, ,53, ,
4, ,53, ,
5, ,51, ,
3, ,53, ,
9, ,53, ,
5, ,52, ,
5, ,53, ,
5, ,53, ,
3, ,52, ,
4, ,53, ,
6, ,52, ,
1, ,52, ,
6, ,53, ,
8, ,52, ,
8, ,51, ,
3, ,53, ,
5, ,53, ,
4, ,52, ,
5, ,53, ,
5, ,53, ,
8, ,52, ,
6, ,53, ,
10, ,52, ,
5, ,53, ,
5, ,53, ,
5, ,53, ,
4, ,51, ,
1, ,53, ,
4, ,53, ,
4, ,52, ,
4, ,53, ,
3, ,53, ,
3, ,52, ,
4, ,53, ,
5, ,52, ,
4, ,52, ,
5, ,53, ,
6, ,53, ,
5, ,51, ,
3, ,53, ,
9, ,52, ,
6, ,53, ,
6, ,52, ,
4, ,53, ,
4, ,52, ,
3, ,53, ,
3, ,52, ,
-4, ,53, ,
3, ,53, ,
4, ,53, ,
4, ,51, ,
3, ,53, ,
11, ,53, ,
9, ,52, ,
8, ,53, ,
6, ,53, ,
5, ,52, ,
6, ,53, ,
5, ,52, ,
3, ,52, ,
8, ,53, ,
5, ,53, ,
6, ,51, ,
1, ,54, ,
5, ,53, ,
0, ,52, ,
-1, ,53, ,
-1, ,53, ,
3, ,52, ,
4, ,53, ,
9, ,52, ,
5, ,53, ,
9, ,53, ,
5, ,53, ,
4, ,51, ,
0, ,54, ,
5, ,53, ,
4, ,52, ,
8, ,53, ,
5, ,53, ,
6, ,52, ,
5, ,53, ,
5, ,52, ,
0, ,52, ,
3, ,53, ,
4, ,53, ,
4, ,51, ,
5, ,53, ,
9, ,53, ,
5, ,52, ,
0, ,53, ,
-4, ,53, ,
-1, ,51, ,
-4, ,53, ,
1, ,52, ,
-1, ,52, ,
4, ,53, ,
5, ,53, ,
4, ,51, ,
3, ,53, ,
0, ,53, ,
-1, ,52, ,
0, ,52, ,
-2, ,53, ,
-2, ,51, ,
-4, ,54, ,
-2, ,52, ,
-6, ,53, ,
-5, ,53, ,
-5, ,53, ,
0, ,51, ,
-1, ,53, ,
1, ,53, ,
3, ,52, ,
1, ,53, ,
0, ,53, ,
4, ,52, ,
1, ,53, ,
-2, ,52, ,
-7, ,53, ,
-1, ,53, ,
-2, ,53, ,
0, ,51, ,
3, ,53, ,
6, ,52, ,
0, ,52, ,
0, ,52, ,
0, ,53, ,
0, ,52, ,
3, ,53, ,
3, ,52, ,
-5, ,52, ,
0, ,53, ,
-1, ,53, ,
-1, ,51, ,
-2, ,53, ,
0, ,53, ,
1, ,52, ,
1, ,53, ,
0, ,53, ,
0, ,52, ,
-2, ,54, ,
-1, ,52, ,
-7, ,52, ,
-2, ,53, ,
-1, ,53, ,
-4, ,51, ,
-5, ,53, ,
3, ,53, ,
-2, ,52, ,
-2, ,52, ,
-5, ,53, ,
-2, ,51, ,
-1, ,53, ,
1, ,52, ,
-2, ,53, ,
-1, ,53, ,
-1, ,53, ,
-4, ,51, ,
-1, ,53, ,
0, ,52, ,
1, ,52, ,
1, ,52, ,
-6, ,53, ,
1, ,51, ,
-4, ,53, ,
-4, ,52, ,
-10, ,53, ,
-5, ,53, ,
-2, ,53, ,
-6, ,51, ,
-6, ,53, ,
0, ,53, ,
-4, ,52, ,
3, ,53, ,
4, ,52, ,
-2, ,45, ,
-4, ,37, ,
-7, ,26, ,
-12, ,16, ,
-5, ,9, ,
-5, ,2, ,
-5, ,-4, ,
-10, ,-9, ,
-5, ,-13, ,
-10, ,-17, ,
-10, ,-21, ,
-11, ,-23, ,
-5, ,-26, ,
-5, ,-28, ,
-4, ,-29, ,
-6, ,-30, ,
-4, ,-32, ,
-2, ,-33, ,
-6, ,-35, ,
-9, ,-36, ,
-2, ,-37, ,
-2, ,-37, ,
-5, ,-38, ,
-9, ,-38, ,
1, ,-38, ,
3, ,-39, ,
-5, ,-39, ,
-4, ,-39, ,
-1, ,-40, ,
-1, ,-40, ,
-2, ,-40, ,
-4, ,-40, ,
-1, ,-40, ,
-1, ,-40, ,
-2, ,-41, ,
-5, ,-40, ,
0, ,-40, ,
-1, ,-41, ,
1, ,-41, ,
-1, ,-41, ,
3, ,-41, ,
3, ,-41, ,
1, ,-41, ,
-1, ,-41, ,
3, ,-41, ,
1, ,-41, ,
0, ,-41, ,
-1, ,-41, ,
1, ,-41, ,
3, ,-41, ,
0, ,-41, ,
-1, ,-40, ,
0, ,-40, ,
3, ,-41, ,
4, ,-41, ,
-4, ,-41, ,
1, ,-40, ,
3, ,-40, ,
0, ,-41, ,
1, ,-41, ,
4, ,-40, ,
3, ,-41, ,
5, ,-41, ,
1, ,-40, ,
4, ,-40, ,
3, ,-41, ,
0, ,-40, ,
-4, ,-41, ,
5, ,-41, ,
1, ,-40, ,
3, ,-40, ,
4, ,-40, ,
3, ,-40, ,
4, ,-41, ,
1, ,-41, ,
-4, ,-40, ,
0, ,-40, ,
0, ,-41, ,
-1, ,-40, ,
-4, ,-41, ,
3, ,-40, ,
4, ,-40, ,
0, ,-40, ,
3, ,-40, ,
3, ,-40, ,
1, ,-41, ,
5, ,-40, ,
0, ,-40, ,
3, ,-40, ,
8, ,-41, ,
3, ,-40, ,
1, ,-40, ,
3, ,-41, ,
1, ,-40, ,
3, ,-40, ,
0, ,-40, ,
3, ,-40, ,
4, ,-40, ,
4, ,-40, ,
1, ,-40, ,
4, ,-40, ,
6, ,-40, ,
3, ,-40, ,
-1, ,-40, ,
6, ,-40, ,
3, ,-40, ,
4, ,-40, ,
3, ,-40, ,
5, ,-40, ,
6, ,-41, ,
4, ,-40, ,
1, ,-40, ,
3, ,-40, ,
3, ,-40, ,
1, ,-40, ,
-2, ,-40, ,
8, ,-40, ,
6, ,-40, ,
8, ,-40, ,
5, ,-40, ,
8, ,-40, ,
6, ,-41, ,
6, ,-40, ,
3, ,-40, ,
6, ,-40, ,
6, ,-40, ,
4, ,-40, ,
0, ,-40, ,
6, ,-40, ,
6, ,-40, ,
3, ,-40, ,
1, ,-40, ,
4, ,-40, ,
3, ,-40, ,
4, ,-40, ,
1, ,-40, ,
5, ,-40, ,
5, ,-40, ,
5, ,-40, ,
0, ,-40, ,
1, ,-40, ,
3, ,-40, ,
5, ,-40, ,
4, ,-40, ,
5, ,-40, ,
8, ,-41, ,
8, ,-40, ,
4, ,-40, ,
6, ,-40, ,
5, ,-40, ,
0, ,-40, ,
-2, ,-40, ,
0, ,-40, ,
3, ,-40, ,
1, ,-41, ,
1, ,-40, ,
4, ,-40, ,
3, ,-41, ,
5, ,-40, ,
0, ,-40, ,
4, ,-40, ,
6, ,-40, ,
4, ,-40, ,
1, ,-40, ,
8, ,-40, ,
4, ,-40, ,
5, ,-40, ,
1, ,-40, ,
1, ,-40, ,
1, ,-40, ,
1, ,-40, ,
-1, ,-40, ,
1, ,-40, ,
3, ,-41, ,
4, ,-40, ,
-1, ,-40, ,
4, ,-40, ,
1, ,-40, ,
-1, ,-40, ,
-4, ,-40, ,
-1, ,-40, ,
1, ,-40, ,
1, ,-40, ,
-1, ,-40, ,
5, ,-40, ,
4, ,-40, ,
4, ,-40, ,
1, ,-40, ,
4, ,-40, ,
3, ,-40, ,
1, ,-40, ,
3, ,-40, ,
4, ,-40, ,
4, ,-41, ,
3, ,-40, ,
0, ,-40, ,
4, ,-40, ,
3, ,-40, ,
3, ,-40, ,
0, ,-40, ,
5, ,-40, ,
6, ,-40, ,
4, ,-40, ,
0, ,-40, ,
3, ,-40, ,
1, ,-41, ,
5, ,-40, ,
0, ,-40, ,
5, ,-40, ,
9, ,-41, ,
4, ,-40, ,
3, ,-40, ,
4, ,-40, ,
1, ,-40, ,
-1, ,-40, ,
-7, ,-40, ,
-2, ,-40, ,
-2, ,-40, ,
0, ,-40, ,
-1, ,-40, ,
0, ,-40, ,
4, ,-40, ,
1, ,-40, ,
-2, ,-41, ,
3, ,-40, ,
0, ,-40, ,
0, ,-40, ,
-2, ,-40, ,
-1, ,-40, ,
0, ,-41, ,
-2, ,-40, ,
-4, ,-40, ,
-2, ,-40, ,
0, ,-40, ,
-4, ,-40, ,
-6, ,-40, ,
0, ,-40, ,
-1, ,-40, ,
1, ,-40, ,
-5, ,-40, ,
-2, ,-40, ,
-1, ,-41, ,
-1, ,-40, ,
-5, ,-40, ,
0, ,-40, ,
-1, ,-41, ,
-1, ,-40, ,
-2, ,-40, ,
3, ,-40, ,
3, ,-40, ,
-2, ,-40, ,
-4, ,-40, ,
-5, ,-40, ,
-5, ,-41, ,
-4, ,-40, ,
-9, ,-40, ,
-1, ,-40, ,
0, ,-40, ,
-1, ,-40, ,
-2, ,-40, ,
-1, ,-40, ,
1, ,-40, ,
-1, ,-40, ,
0, ,-40, ,
0, ,-40, ,
3, ,-40, ,
0, ,-40, ,
-4, ,-40, ,
1, ,-40, ,
1, ,-40, ,
-2, ,-40, ,
-6, ,-40, ,
-2, ,-40, ,
0, ,-40, ,
-1, ,-40, ,
-2, ,-40, ,
1, ,-40, ,
1, ,-41, ,
-1, ,-40, ,
-2, ,-40, ,
-1, ,-40, ,
5, ,-40, ,
3, ,-40, ,
0, ,-40, ,
4, ,-40, ,
3, ,-40, ,
1, ,-40, ,
-2, ,-40, ,
0, ,-40, ,
1, ,-40, ,
-1, ,-40, ,
0, ,-40, ,
-2, ,-40, ,
4, ,-40, ,
0, ,-40, ,
-2, ,-40, ,
4, ,-40, ,
1, ,-40, ,
0, ,-40, ,
0, ,-40, ,
-1, ,-40, ,
1, ,-40, ,
3, ,-40, ,
-1, ,-40, ,
1, ,-40, ,
4, ,-40, ,
0, ,-40, ,
-2, ,-40, ,
3, ,-40, ,
1, ,-40, ,
1, ,-40, ,
1, ,-40, ,
0, ,-40, ,
1, ,-41, ,
0, ,-40, ,
-5, ,-40, ,
0, ,-40, ,
-1, ,-40, ,
-2, ,-40, ,
-7, ,-40, ,
-4, ,-40, ,
-1, ,-40, ,
-1, ,-40, ,
0, ,-40, ,
3, ,-40, ,
0, ,-41, ,
1, ,-40, ,
-4, ,-40, ,
0, ,-40, ,
4, ,-40, ,
0, ,-40, ,
-2, ,-40, ,
3, ,-40, ,
1, ,-40, ,
0, ,-40, ,
-2, ,-40, ,
-1, ,-40, ,
-2, ,-40, ,
-2, ,-40, ,
-2, ,-40, ,
3, ,-40, ,
5, ,-40, ,
1, ,-40, ,
0, ,-40, ,
3, ,-40, ,
3, ,-40, ,
3, ,-40, ,
-1, ,-40, ,
5, ,-40, ,
5, ,-40, ,
5, ,-40, ,
1, ,-40, ,
1, ,-40, ,
3, ,-40, ,
-1, ,-40, ,
-4, ,-40, ,
4, ,-40, ,
4, ,-40, ,
6, ,-40, ,
5, ,-40, ,
4, ,-40, ,
5, ,-41, ,
4, ,-40, ,
-2, ,-40, ,
1, ,-40, ,
3, ,-40, ,
4, ,-40, ,
0, ,-40, ,
6, ,-40, ,
5, ,-40, ,
1, ,-40, ,
1, ,-40, ,
3, ,-40, ,
3, ,-41, ,
1, ,-40, ,
-4, ,-40, ,
0, ,-40, ,
1, ,-40, ,
1, ,-40, ,
-4, ,-40, ,
5, ,-40, ,
5, ,-40, ,
5, ,-40, ,
3, ,-40, ,
8, ,-40, ,
5, ,-40, ,
3, ,-40, ,
0, ,-40, ,
1, ,-40, ,
3, ,-40, ,
0, ,-40, ,
-1, ,-40, ,
0, ,-40, ,
1, ,-40, ,
-1, ,-40, ,
-4, ,-40, ,
3, ,-40, ,
1, ,-40, ,
5, ,-40, ,
1, ,-40, ,
3, ,-40, ,
4, ,-40, ,
0, ,-40, ,
-2, ,-40, ,
3, ,-40, ,
1, ,-40, ,
4, ,-40, ,
4, ,-40, ,
5, ,-40, ,
6, ,-41, ,
4, ,-40, ,
-4, ,-40, ,
0, ,-40, ,
1, ,-40, ,
0, ,-40, ,
-2, ,-40, ,
5, ,-40, ,
5, ,-40, ,
4, ,-40, ,
3, ,-40, ,
3, ,-40, ,
1, ,-40, ,
0, ,-40, ,
-1, ,-40, ,
1, ,-40, ,
4, ,-40, ,
0, ,-40, ,
0, ,-40, ,
5, ,-40, ,
0, ,-40, ,
-1, ,-40, ,
-1, ,-40, ,
1, ,-40, ,
5, ,-40, ,
5, ,-40, ,
0, ,-40, ,
4, ,-40, ,
3, ,-40, ,
-1, ,-40, ,
-6, ,-40, ,
0, ,-40, ,
6, ,-40, ,
-2, ,-40, ,
5, ,-40, ,
8, ,-40, ,
1, ,-41, ,
4, ,-40, ,
1, ,-40, ,
3, ,-40, ,
6, ,-40, ,
1, ,-40, ,
0, ,-40, ,
5, ,-40, ,
4, ,-40, ,
4, ,-40, ,
1, ,-40, ,
3, ,-40, ,
3, ,-41, ,
0, ,-40, ,
-6, ,-40, ,
-2, ,-40, ,
1, ,-40, ,
-1, ,-40, ,
0, ,-40, ,
1, ,-40, ,
-4, ,-40, ,
0, ,-40, ,
-2, ,-40, ,
3, ,-40, ,
4, ,-41, ,
3, ,-40, ,
-1, ,-40, ,
0, ,-40, ,
4, ,-40, ,
0, ,-40, ,
-5, ,-40, ,
9, ,-40, ,
-1, ,-40, ,
-4, ,-40, ,
-1, ,-40, ,
-5, ,-40, ,
-1, ,-40, ,
-2, ,-40, ,
-6, ,-40, ,
-1, ,-40, ,
3, ,-40, ,
1, ,-40, ,
-1, ,-40, ,
4, ,-40, ,
3, ,-40, ,
0, ,-40, ,
3, ,-40, ,
1, ,-40, ,
3, ,-40, ,
3, ,-40, ,
-4, ,-40, ,
-1, ,-40, ,
0, ,-40, ,
-1, ,-40, ,
-1, ,-40, ,
3, ,-40, ,
1, ,-40, ,
0, ,-40, ,
-1, ,-40, ,
0, ,-40, ,
-1, ,-41, ,
1, ,-40, ,
-6, ,-40, ,
3, ,-40, ,
6, ,-40, ,
3, ,-40, ,
0, ,-40, ,
1, ,-40, ,
0, ,-40, ,
-2, ,-40, ,
-5, ,-40, ,
0, ,-40, ,
1, ,-40, ,
4, ,-40, ,
0, ,-40, ,
1, ,-40, ,
4, ,-40, ,
0, ,-40, ,
-1, ,-40, ,
3, ,-40, ,
1, ,-40, ,
3, ,-40, ,
0, ,-40, ,
0, ,-40, ,
0, ,-40, ,
-1, ,-40, ,
-4, ,-40, ,
-1, ,-40, ,
1, ,-40, ,
-1, ,-40, ,
-6, ,-40, ,
1, ,-40, ,
0, ,-40, ,
-2, ,-40, ,
-4, ,-40, ,
-2, ,-40, ,
-1, ,-40, ,
0, ,-40, ,
-4, ,-40, ,
0, ,-40, ,
5, ,-40, ,
1, ,-40, ,
-1, ,-40, ,
5, ,-40, ,
1, ,-40, ,
-1, ,-40, ,
0, ,-40, ,
-1, ,-40, ,
3, ,-40, ,
-1, ,-40, ,
-6, ,-40, ,
3, ,-40, ,
-2, ,-41, ,
-4, ,-40, ,
-1, ,-40, ,
-2, ,-40, ,
-1, ,-40, ,
1, ,-40, ,
-1, ,-40, ,
0, ,-40, ,
1, ,-40, ,
0, ,-40, ,
-4, ,-40, ,
6, ,-40, ,
5, ,-40, ,
1, ,-40, ,
-2, ,-40, ,
4, ,-40, ,
3, ,-40, ,
1, ,-40, ,
-2, ,-40, ,
-1, ,-40, ,
0, ,-41, ,
-1, ,-40, ,
-4, ,-40, ,
0, ,-40, ,
3, ,-40, ,
1, ,-40, ,
-1, ,-40, ,
6, ,-40, ,
4, ,-40, ,
1, ,-40, ,
1, ,-40, ,
3, ,-40, ,
3, ,-40, ,
5, ,-40, ,
1, ,-40, ,
3, ,-40, ,
10, ,-40, ,
4, ,-40, ,
-1, ,-40, ,
5, ,-40, ,
4, ,-40, ,
1, ,-40, ,
0, ,-40, ,
0, ,-40, ,
3, ,-40, ,
5, ,-40, ,
-1, ,-40, ,
4, ,-40, ,
6, ,-40, ,
4, ,-40, ,
1, ,-40, ,
5, ,-40, ,
8, ,-40, ,
4, ,-40, ,
4, ,-40, ,
4, ,-40, ,
3, ,-40, ,
4, ,-40, ,
-5, ,-40, ,
-2, ,-40, ,
0, ,-40, ,
0, ,-40, ,
-1, ,-40, ,
4, ,-40, ,
3, ,-40, ,
4, ,-40, ,
3, ,-40, ,
4, ,-40, ,
4, ,-40, ,
3, ,-40, ,
-1, ,-40, ,
5, ,-40, ,
4, ,-40, ,
4, ,-40, ,
0, ,-40, ,
1, ,-40, ,
4, ,-40, ,
-1, ,-40, ,
-1, ,-40, ,
0, ,-40, ,
-2, ,-41, ,
1, ,-40, ,
-2, ,-40, ,
3, ,-40, ,
5, ,-40, ,
1, ,-40, ,
-2, ,-40, ,
4, ,-40, ,
1, ,-40, ,
4, ,-40, ,
5, ,-40, ,
3, ,-40, ,
-4, ,-41, ,
3, ,-40, ,
3, ,-40, ,
-1, ,-40, ,
3, ,-40, ,
-1, ,-40, ,
-2, ,-40, ,
3, ,-41, ,
5, ,-40, ,
5, ,-40, ,
6, ,-40, ,
6, ,-40, ,
5, ,-40, ,
0, ,-40, ,
-2, ,-40, ,
1, ,-40, ,
4, ,-40, ,
1, ,-40, ,
0, ,-40, ,
4, ,-40, ,
4, ,-40, ,
3, ,-40, ,
3, ,-40, ,
3, ,-40, ,
5, ,-41, ,
1, ,-40, ,
-4, ,-40, ,
1, ,-40, ,
1, ,-40, ,
-1, ,-40, ,
-5, ,-40, ,
0, ,-40, ,
3, ,-40, ,
1, ,-40, ,
1, ,-40, ,
6, ,-40, ,
4, ,-41, ,
4, ,-40, ,
-1, ,-40, ,
0, ,-40, ,
4, ,-40, ,
-1, ,-40, ,
-2, ,-40, ,
1, ,-40, ,
3, ,-40, ,
0, ,-40, ,
0, ,-40, ,
4, ,-40, ,
4, ,-41, ,
4, ,-40, ,
-5, ,-40, ,
-1, ,-40, ,
-1, ,-40, ,
-4, ,-40, ,
-4, ,-40, ,
1, ,-40, ,
1, ,-40, ,
1, ,-40, ,
1, ,-40, ,
4, ,-40, ,
3, ,-41, ,
1, ,-40, ,
-1, ,-40, ,
-1, ,-40, ,
5, ,-40, ,
0, ,-40, ,
-4, ,-40, ,
1, ,-40, ,
-1, ,-40, ,
-2, ,-40, ,
-6, ,-40, ,
-2, ,-40, ,
-1, ,-41, ,
-2, ,-40, ,
-4, ,-40, ,
0, ,-40, ,
3, ,-40, ,
1, ,-40, ,
0, ,-40, ,
1, ,-40, ,
1, ,-40, ,
0, ,-40, ,
1, ,-40, ,
0, ,-40, ,
3, ,-41, ,
4, ,-40, ,
-2, ,-40, ,
-1, ,-40, ,
-1, ,-40, ,
-2, ,-40, ,
-4, ,-40, ,
-2, ,-40, ,
1, ,-40, ,
0, ,-40, ,
1, ,-40, ,
3, ,-40, ,
4, ,-41, ,
0, ,-40, ,
-4, ,-40, ,
-1, ,-40, ,
3, ,-40, ,
1, ,-40, ,
-4, ,-40, ,
1, ,-40, ,
1, ,-40, ,
-1, ,-40, ,
-4, ,-40, ,
-1, ,-40, ,
0, ,-40, ,
1, ,-40, ,
0, ,-40, ,
0, ,-40, ,
5, ,-40, ,
-1, ,-40, ,
0, ,-40, ,
3, ,-40, ,
-2, ,-40, ,
0, ,-40, ,
-2, ,-40, ,
0, ,-40, ,
1, ,-40, ,
0, ,-40, ,
-4, ,-40, ,
1, ,-40, ,
1, ,-40, ,
-1, ,-40, ,
-6, ,-40, ,
0, ,-40, ,
-1, ,-40, ,
-2, ,-40, ,
-5, ,-40, ,
-7, ,-39, ,
-4, ,-35, ,
3, ,-25, ,
-1, ,-14, ,
6, ,-6, ,
8, ,2, ,
4, ,10, ,
0, ,15, ,
6, ,21, ,
3, ,26, ,
6, ,30, ,
4, ,33, ,
5, ,35, ,
4, ,38, ,
3, ,40, ,
-2, ,41, ,
3, ,44, ,
5, ,45, ,
4, ,46, ,
0, ,48, ,
4, ,48, ,
3, ,49, ,
3, ,49, ,
0, ,50, ,
3, ,50, ,
3, ,51, ,
5, ,51, ,
0, ,52, ,
4, ,52, ,
6, ,52, ,
0, ,51, ,
-1, ,53, ,
4, ,53, ,
0, ,53, ,
1, ,53, ,
-2, ,53, ,
1, ,52, ,
1, ,54, ,
8, ,53, ,
0, ,53, ,
3, ,53, ,
1, ,53, ,
0, ,52, ,
-1, ,53, ,
3, ,53, ,
-1, ,53, ,
1, ,53, ,
-1, ,54, ,
4, ,53, ,
1, ,54, ,
5, ,53, ,
0, ,53, ,
3, ,53, ,
6, ,53, ,
5, ,52, ,
3, ,54, ,
5, ,53, ,
0, ,53, ,
-1, ,53, ,
-4, ,53, ,
-2, ,52, ,
-1, ,54, ,
1, ,53, ,
-2, ,53, ,
4, ,53, ,
5, ,53, ,
6, ,52, ,
1, ,54, ,
5, ,53, ,
5, ,53, ,
1, ,53, ,
1, ,53, ,
1, ,52, ,
1, ,54, ,
5, ,52, ,
-1, ,53, ,
0, ,53, ,
4, ,53, ,
-1, ,51, ,
-6, ,54, ,
-1, ,53, ,
0, ,53, ,
0, ,53, ,
-1, ,53, ,
3, ,52, ,
0, ,53, ,
3, ,52, ,
-2, ,53, ,
6, ,53, ,
4, ,53, ,
4, ,51, ,
3, ,54, ,
4, ,53, ,
5, ,53, ,
1, ,53, ,
0, ,53, ,
0, ,52, ,
-1, ,53, ,
3, ,52, ,
-1, ,53, ,
5, ,53, ,
5, ,53, ,
3, ,51, ,
3, ,53, ,
10, ,53, ,
5, ,53, ,
5, ,53, ,
1, ,53, ,
1, ,52, ,
1, ,53, ,
3, ,52, ,
-1, ,52, ,
8, ,53, ,
6, ,53, ,
5, ,51, ,
1, ,53, ,
6, ,53, ,
3, ,53, ,
1, ,52, ,
1, ,53, ,
5, ,52, ,
5, ,53, ,
4, ,52, ,
3, ,53, ,
5, ,53, ,
5, ,53, ,
5, ,51, ,
4, ,54, ,
8, ,53, ,
8, ,52, ,
5, ,53, ,
6, ,53, ,
5, ,52, ,
5, ,53, ,
4, ,52, ,
-2, ,53, ,
4, ,53, ,
3, ,53, ,
4, ,51, ,
1, ,53, ,
10, ,52, ,
8, ,53, ,
4, ,53, ,
1, ,53, ,
1, ,52, ,
-1, ,53, ,
0, ,52, ,
1, ,53, ,
5, ,53, ,
4, ,53, ,
3, ,51, ,
4, ,53, ,
4, ,53, ,
3, ,52, ,
3, ,53, ,
-2, ,53, ,
3, ,52, ,
3, ,53, ,
5, ,52, ,
-1, ,53, ,
-1, ,53, ,
3, ,53, ,
-1, ,51, ,
-2, ,53, ,
1, ,53, ,
3, ,52, ,
1, ,53, ,
4, ,52, ,
5, ,52, ,
5, ,53, ,
8, ,52, ,
1, ,52, ,
5, ,53, ,
4, ,53, ,
1, ,51, ,
-2, ,54, ,
4, ,53, ,
8, ,52, ,
5, ,53, ,
1, ,53, ,
0, ,51, ,
-1, ,54, ,
-1, ,52, ,
-6, ,52, ,
0, ,53, ,
3, ,53, ,
0, ,51, ,
-4, ,53, ,
3, ,52, ,
6, ,52, ,
5, ,52, ,
4, ,53, ,
4, ,52, ,
1, ,53, ,
3, ,52, ,
-4, ,53, ,
-1, ,53, ,
-2, ,53, ,
-2, ,51, ,
-10, ,53, ,
-4, ,53, ,
-6, ,52, ,
1, ,53, ,
1, ,53, ,
6, ,52, ,
4, ,53, ,
6, ,52, ,
1, ,53, ,
4, ,53, ,
0, ,53, ,
0, ,51, ,
-6, ,53, ,
-2, ,52, ,
-2, ,52, ,
-1, ,53, ,
1, ,53, ,
4, ,52, ,
0, ,53, ,
0, ,52, ,
-5, ,52, ,
-1, ,53, ,
1, ,53, ,
1, ,51, ,
0, ,53, ,
3, ,52, ,
-1, ,53, ,
0, ,52, ,
-4, ,53, ,
0, ,52, ,
4, ,53, ,
3, ,52, ,
1, ,53, ,
3, ,53, ,
1, ,53, ,
-2, ,51, ,
-5, ,53, ,
-1, ,53, ,
-4, ,52, ,
-1, ,53, ,
-2, ,53, ,
0, ,51, ,
0, ,53, ,
-1, ,52, ,
-4, ,52, ,
0, ,53, ,
0, ,53, ,
-1, ,51, ,
-4, ,53, ,
3, ,53, ,
-1, ,52, ,
-1, ,52, ,
1, ,53, ,
-1, ,52, ,
0, ,54, ,
4, ,53, ,
-5, ,53, ,
1, ,53, ,
1, ,53, ,
-1, ,51, ,
-2, ,53, ,
0, ,53, ,
-1, ,52, ,
0, ,53, ,
-2, ,53, ,
1, ,52, ,
-2, ,54, ,
3, ,52, ,
-1, ,52, ,
-1, ,53, ,
1, ,52, ,
-2, ,51, ,
-2, ,54, ,
1, ,52, ,
0, ,52, ,
0, ,52, ,
-1, ,53, ,
0, ,52, ,
1, ,53, ,
4, ,52, ,
-2, ,52, ,
4, ,53, ,
0, ,53, ,
-1, ,51, ,
-2, ,53, ,
-1, ,53, ,
-5, ,52, ,
-1, ,53, ,
-2, ,53, ,
0, ,52, ,
1, ,53, ,
3, ,52, ,
-5, ,53, ,
-1, ,53, ,
1, ,53, ,
-1, ,51, ,
-2, ,53, ,
3, ,52, ,
-1, ,52, ,
-1, ,52, ,
-4, ,53, ,
-2, ,52, ,
-2, ,53, ,
-2, ,52, ,
-7, ,52, ,
-2, ,53, ,
0, ,53, ,
-1, ,51, ,
-4, ,53, ,
3, ,52, ,
1, ,53, ,
-2, ,53, ,
-1, ,53, ,
0, ,52, ,
-1, ,53, ,
1, ,52, ,
-4, ,53, ,
0, ,53, ,
0, ,53, ,
-4, ,51, ,
-7, ,53, ,
-5, ,53, ,
-9, ,52, ,
-2, ,53, ,
-5, ,53, ,
-2, ,52, ,
1, ,53, ,
3, ,53, ,
-1, ,52, ,
4, ,53, ,
4, ,53, ,
-1, ,51, ,
-1, ,53, ,
3, ,52, ,
3, ,52, ,
4, ,52, ,
0, ,53, ,
3, ,52, ,
4, ,53, ,
6, ,52, ,
1, ,52, ,
3, ,53, ,
4, ,53, ,
1, ,51, ,
-1, ,53, ,
1, ,53, ,
0, ,52, ,
3, ,52, ,
0, ,53, ,
1, ,52, ,
1, ,53, ,
3, ,52, ,
0, ,52, ,
3, ,53, ,
4, ,53, ,
3, ,51, ,
0, ,53, ,
4, ,53, ,
1, ,52, ,
0, ,52, ,
-4, ,53, ,
0, ,52, ,
1, ,53, ,
1, ,52, ,
0, ,52, ,
6, ,53, ,
8, ,53, ,
5, ,51, ,
1, ,53, ,
5, ,52, ,
0, ,52, ,
0, ,53, ,
4, ,53, ,
1, ,52, ,
4, ,53, ,
3, ,52, ,
0, ,52, ,
4, ,53, ,
4, ,53, ,
3, ,51, ,
0, ,53, ,
4, ,53, ,
3, ,53, ,
3, ,53, ,
3, ,53, ,
3, ,52, ,
-1, ,53, ,
1, ,52, ,
-4, ,52, ,
0, ,53, ,
4, ,52, ,
4, ,51, ,
3, ,53, ,
9, ,52, ,
6, ,53, ,
6, ,52, ,
1, ,52, ,
3, ,52, ,
-1, ,53, ,
3, ,52, ,
0, ,52, ,
1, ,53, ,
4, ,53, ,
3, ,51, ,
0, ,53, ,
4, ,53, ,
1, ,53, ,
0, ,53, ,
0, ,53, ,
-1, ,52, ,
3, ,53, ,
3, ,52, ,
0, ,52, ,
3, ,53, ,
4, ,53, ,
3, ,51, ,
0, ,53, ,
6, ,53, ,
4, ,52, ,
3, ,52, ,
3, ,53, ,
1, ,51, ,
3, ,53, ,
3, ,52, ,
-1, ,53, ,
4, ,53, ,
1, ,53, ,
4, ,51, ,
4, ,53, ,
9, ,52, ,
9, ,52, ,
8, ,53, ,
6, ,53, ,
5, ,52, ,
5, ,54, ,
3, ,52, ,
-1, ,53, ,
3, ,53, ,
4, ,53, ,
5, ,51, ,
4, ,53, ,
9, ,52, ,
5, ,53, ,
5, ,52, ,
3, ,53, ,
1, ,52, ,
3, ,53, ,
4, ,52, ,
0, ,52, ,
5, ,53, ,
8, ,53, ,
4, ,51, ,
1, ,53, ,
3, ,53, ,
4, ,53, ,
4, ,53, ,
1, ,53, ,
5, ,52, ,
4, ,53, ,
4, ,52, ,
-2, ,52, ,
0, ,53, ,
0, ,53, ,
-4, ,51, ,
-7, ,53, ,
0, ,53, ,
-1, ,52, ,
3, ,52, ,
4, ,52, ,
3, ,51, ,
5, ,53, ,
1, ,52, ,
-4, ,52, ,
1, ,53, ,
4, ,52, ,
4, ,51, ,
-1, ,53, ,
4, ,53, ,
1, ,52, ,
-1, ,53, ,
0, ,53, ,
-1, ,52, ,
-4, ,54, ,
-1, ,52, ,
0, ,52, ,
3, ,53, ,
3, ,53, ,
0, ,51, ,
-1, ,53, ,
4, ,52, ,
-1, ,53, ,
0, ,52, ,
1, ,53, ,
5, ,52, ,
3, ,53, ,
5, ,52, ,
-2, ,52, ,
0, ,53, ,
-2, ,53, ,
-1, ,51, ,
0, ,53, ,
1, ,52, ,
5, ,52, ,
3, ,52, ,
4, ,53, ,
5, ,51, ,
1, ,53, ,
4, ,52, ,
-2, ,52, ,
-1, ,53, ,
3, ,53, ,
-1, ,51, ,
-1, ,53, ,
3, ,52, ,
0, ,52, ,
4, ,52, ,
1, ,53, ,
3, ,51, ,
1, ,53, ,
5, ,52, ,
-1, ,52, ,
0, ,53, ,
1, ,53, ,
-1, ,51, ,
-5, ,53, ,
0, ,52, ,
0, ,52, ,
0, ,53, ,
-2, ,53, ,
0, ,52, ,
1, ,53, ,
1, ,52, ,
-5, ,53, ,
0, ,53, ,
3, ,53, ,
1, ,51, ,
-4, ,53, ,
1, ,53, ,
-2, ,52, ,
-5, ,52, ,
-10, ,53, ,
-9, ,52, ,
-15, ,53, ,
-15, ,52, ,
-22, ,53, ,
-12, ,53, ,
-11, ,53, ,
-10, ,51, ,
-6, ,54, ,
5, ,53, ,
9, ,53, ,
11, ,52, ,
14, ,53, ,
11, ,52, ,
8, ,53, ,
6, ,52, ,
-4, ,52, ,
-2, ,52, ,
-2, ,53, ,
-4, ,51, ,
-7, ,53, ,
-1, ,52, ,
-9, ,52, ,
-4, ,52, ,
-6, ,53, ,
-5, ,52, ,
-2, ,53, ,
0, ,52, ,
-7, ,53, ,
-2, ,53, ,
0, ,53, ,
-2, ,51, ,
-6, ,53, ,
0, ,53, ,
0, ,52, ,
1, ,53, ,
-1, ,53, ,
4, ,52, ,
5, ,53, ,
5, ,52, ,
-1, ,52, ,
-1, ,53, ,
-1, ,52, ,
-5, ,51, ,
-9, ,53, ,
-2, ,53, ,
-2, ,53, ,
0, ,52, ,
1, ,53, ,
3, ,52, ,
5, ,53, ,
4, ,52, ,
0, ,52, ,
1, ,53, ,
-1, ,53, ,
-1, ,51, ,
-6, ,53, ,
-2, ,53, ,
-4, ,52, ,
-5, ,53, ,
-6, ,53, ,
-5, ,51, ,
-9, ,53, ,
3, ,52, ,
0, ,52, ,
-2, ,53, ,
5, ,53, ,
4, ,51, ,
0, ,53, ,
3, ,52, ,
0, ,53, ,
-1, ,52, ,
-2, ,53, ,
0, ,52, ,
3, ,53, ,
1, ,52, ,
-1, ,52, ,
3, ,53, ,
4, ,53, ,
3, ,51, ,
0, ,53, ,
3, ,53, ,
1, ,53, ,
1, ,52, ,
-2, ,53, ,
-4, ,52, ,
0, ,53, ,
5, ,52, ,
-1, ,53, ,
3, ,53, ,
5, ,53, ,
1, ,51, ,
-4, ,53, ,
6, ,52, ,
3, ,53, ,
1, ,53, ,
3, ,53, ,
0, ,52, ,
1, ,53, ,
3, ,52, ,
-2, ,53, ,
3, ,53, ,
3, ,53, ,
4, ,51, ,
0, ,53, ,
6, ,53, ,
4, ,52, ,
3, ,53, ,
1, ,53, ,
0, ,52, ,
0, ,53, ,
3, ,52, ,
1, ,53, ,
6, ,53, ,
9, ,53, ,
8, ,51, ,
0, ,53, ,
8, ,53, ,
5, ,53, ,
1, ,53, ,
1, ,53, ,
5, ,52, ,
1, ,53, ,
1, ,52, ,
4, ,52, ,
8, ,53, ,
9, ,53, ,
6, ,51, ,
0, ,53, ,
3, ,53, ,
1, ,52, ,
3, ,52, ,
4, ,53, ,
1, ,52, ,
1, ,53, ,
4, ,52, ,
-2, ,52, ,
1, ,53, ,
1, ,53, ,
3, ,51, ,
0, ,53, ,
6, ,52, ,
3, ,52, ,
3, ,53, ,
0, ,53, ,
0, ,52, ,
0, ,53, ,
0, ,52, ,
-1, ,52, ,
6, ,53, ,
8, ,53, ,
6, ,51, ,
5, ,53, ,
6, ,52, ,
5, ,53, ,
3, ,53, ,
0, ,53, ,
4, ,52, ,
3, ,53, ,
5, ,52, ,
0, ,52, ,
1, ,53, ,
6, ,53, ,
1, ,51, ,
-5, ,53, ,
0, ,52, ,
-2, ,53, ,
3, ,52, ,
4, ,53, ,
4, ,52, ,
4, ,53, ,
4, ,52, ,
1, ,53, ,
6, ,53, ,
5, ,53, ,
1, ,51, ,
3, ,53, ,
5, ,53, ,
4, ,52, ,
3, ,53, ,
-1, ,53, ,
1, ,51, ,
1, ,53, ,
6, ,52, ,
-1, ,52, ,
8, ,53, ,
9, ,53, ,
4, ,51, ,
1, ,53, ,
8, ,53, ,
8, ,52, ,
6, ,52, ,
3, ,53, ,
1, ,51, ,
0, ,53, ,
3, ,52, ,
0, ,52, ,
8, ,53, ,
8, ,52, ,
6, ,51, ,
0, ,53, ,
3, ,52, ,
-1, ,52, ,
3, ,53, ,
0, ,53, ,
4, ,52, ,
4, ,53, ,
-2, ,52, ,
0, ,53, ,
6, ,53, ,
-4, ,52, ,
4, ,51, ,
1, ,53, ,
4, ,53, ,
3, ,53, ,
6, ,53, ,
1, ,53, ,
5, ,51, ,
6, ,53, ,
6, ,52, ,
4, ,52, ,
4, ,53, ,
5, ,52, ,
3, ,51, ,
0, ,53, ,
4, ,53, ,
1, ,52, ,
3, ,53, ,
1, ,53, ,
1, ,52, ,
4, ,53, ,
5, ,52, ,
-5, ,53, ,
1, ,53, ,
8, ,52, ,
5, ,51, ,
4, ,53, ,
5, ,53, ,
4, ,52, ,
5, ,53, ,
5, ,53, ,
4, ,51, ,
9, ,53, ,
6, ,49, ,
-1, ,41, ,
-2, ,32, ,
-7, ,21, ,
-7, ,13, ,
-7, ,6, ,
-1, ,-1, ,
0, ,-6, ,
-1, ,-11, ,
0, ,-14, ,
-4, ,-19, ,
-4, ,-22, ,
0, ,-24, ,
-1, ,-26, ,
4, ,-28, ,
1, ,-30, ,
3, ,-32, ,
1, ,-33, ,
1, ,-35, ,
1, ,-35, ,
1, ,-36, ,
0, ,-37, ,
1, ,-37, ,
1, ,-38, ,
0, ,-39, ,
-4, ,-38, ,
-1, ,-39, ,
1, ,-40, ,
-1, ,-39, ,
-2, ,-40, ,
3, ,-40, ,
0, ,-40, ,
-2, ,-40, ,
-1, ,-40, ,
-2, ,-40, ,
-4, ,-41, ,
-4, ,-40, ,
-9, ,-40, ,
-5, ,-40, ,
-4, ,-41, ,
-6, ,-41, ,
-7, ,-40, ,
-2, ,-41, ,
-4, ,-41, ,
-2, ,-41, ,
-2, ,-41, ,
0, ,-41, ,
1, ,-41, ,
1, ,-41, ,
-1, ,-41, ,
-2, ,-41, ,
-1, ,-41, ,
-4, ,-41, ,
-7, ,-41, ,
0, ,-41, ,
0, ,-41, ,
0, ,-41, ,
-2, ,-40, ,
-1, ,-40, ,
-2, ,-41, ,
-4, ,-41, ,
-10, ,-40, ,
-5, ,-40, ,
-5, ,-41, ,
-7, ,-40, ,
-6, ,-41, ,
0, ,-40, ,
1, ,-40, ,
1, ,-40, ,
-1, ,-40, ,
-5, ,-40, ,
-5, ,-41, ,
-5, ,-40, ,
-10, ,-40, ,
-4, ,-40, ,
-2, ,-41, ,
-5, ,-40, ,
-7, ,-41, ,
-5, ,-40, ,
-4, ,-40, ,
-4, ,-41, ,
-6, ,-40, ,
-1, ,-40, ,
-2, ,-41, ,
0, ,-41, ,
-6, ,-40, ,
-2, ,-40, ,
-1, ,-41, ,
-2, ,-40, ,
-5, ,-40, ,
1, ,-41, ,
0, ,-40, ,
-1, ,-40, ,
-1, ,-40, ,
3, ,-40, ,
1, ,-41, ,
4, ,-40, ,
-1, ,-40, ,
-1, ,-40, ,
-1, ,-40, ,
-4, ,-40, ,
-7, ,-41, ,
-1, ,-40, ,
-2, ,-40, ,
-1, ,-40, ,
-1, ,-40, ,
-2, ,-40, ,
-1, ,-41, ,
0, ,-41, ,
-5, ,-40, ,
-2, ,-40, ,
1, ,-40, ,
-1, ,-40, ,
-5, ,-40, ,
1, ,-40, ,
-1, ,-40, ,
-2, ,-40, ,
-6, ,-40, ,
-4, ,-40, ,
0, ,-40, ,
-1, ,-40, ,
-4, ,-40, ,
0, ,-40, ,
1, ,-41, ,
-1, ,-40, ,
-4, ,-40, ,
0, ,-40, ,
-1, ,-40, ,
-2, ,-40, ,
-5, ,-40, ,
-1, ,-40, ,
0, ,-40, ,
1, ,-40, ,
-4, ,-40, ,
1, ,-40, ,
3, ,-40, ,
-1, ,-40, ,
-1, ,-40, ,
-1, ,-40, ,
-1, ,-40, ,
-1, ,-40, ,
-2, ,-40, ,
0, ,-40, ,
-1, ,-41, ,
1, ,-40, ,
-4, ,-40, ,
0, ,-40, ,
3, ,-40, ,
0, ,-40, ,
3, ,-41, ,
3, ,-40, ,
4, ,-40, ,
1, ,-40, ,
-2, ,-40, ,
1, ,-40, ,
1, ,-41, ,
4, ,-40, ,
-1, ,-40, ,
1, ,-40, ,
5, ,-41, ,
1, ,-40, ,
0, ,-40, ,
0, ,-40, ,
-1, ,-40, ,
1, ,-40, ,
1, ,-40, ,
3, ,-40, ,
5, ,-40, ,
5, ,-40, ,
4, ,-40, ,
8, ,-40, ,
10, ,-40, ,
6, ,-40, ,
4, ,-40, ,
8, ,-40, ,
5, ,-40, ,
0, ,-41, ,
-2, ,-40, ,
1, ,-40, ,
1, ,-40, ,
3, ,-40, ,
4, ,-40, ,
6, ,-40, ,
4, ,-40, ,
3, ,-40, ,
-4, ,-40, ,
5, ,-40, ,
5, ,-40, ,
4, ,-40, ,
5, ,-40, ,
4, ,-40, ,
5, ,-41, ,
3, ,-40, ,
-2, ,-40, ,
3, ,-40, ,
6, ,-40, ,
6, ,-40, ,
3, ,-40, ,
5, ,-40, ,
5, ,-40, ,
3, ,-40, ,
1, ,-40, ,
3, ,-40, ,
3, ,-40, ,
8, ,-40, ,
3, ,-40, ,
8, ,-40, ,
9, ,-40, ,
3, ,-40, ,
1, ,-40, ,
4, ,-40, ,
5, ,-40, ,
6, ,-40, ,
1, ,-40, ,
3, ,-40, ,
4, ,-40, ,
3, ,-40, ,
-1, ,-40, ,
0, ,-40, ,
4, ,-40, ,
0, ,-40, ,
-4, ,-40, ,
4, ,-40, ,
1, ,-40, ,
-2, ,-40, ,
0, ,-40, ,
3, ,-40, ,
4, ,-40, ,
4, ,-40, ,
1, ,-40, ,
3, ,-40, ,
4, ,-40, ,
0, ,-40, ,
0, ,-40, ,
4, ,-40, ,
1, ,-40, ,
4, ,-40, ,
1, ,-40, ,
1, ,-40, ,
4, ,-41, ,
1, ,-40, ,
0, ,-40, ,
5, ,-40, ,
5, ,-40, ,
6, ,-40, ,
4, ,-40, ,
8, ,-40, ,
4, ,-40, ,
1, ,-40, ,
0, ,-40, ,
-1, ,-40, ,
3, ,-40, ,
6, ,-40, ,
0, ,-40, ,
4, ,-40, ,
6, ,-40, ,
4, ,-40, ,
1, ,-40, ,
5, ,-40, ,
4, ,-40, ,
1, ,-40, ,
0, ,-40, ,
3, ,-40, ,
1, ,-41, ,
1, ,-40, ,
-4, ,-40, ,
4, ,-40, ,
3, ,-40, ,
0, ,-40, ,
0, ,-40, ,
5, ,-40, ,
3, ,-40, ,
1, ,-40, ,
1, ,-40, ,
3, ,-40, ,
-1, ,-40, ,
-4, ,-40, ,
-2, ,-40, ,
0, ,-40, ,
0, ,-41, ,
1, ,-40, ,
-5, ,-40, ,
4, ,-40, ,
0, ,-40, ,
-2, ,-40, ,
-4, ,-40, ,
0, ,-40, ,
1, ,-41, ,
1, ,-40, ,
-1, ,-40, ,
1, ,-40, ,
1, ,-40, ,
0, ,-40, ,
-5, ,-40, ,
1, ,-40, ,
0, ,-40, ,
-2, ,-40, ,
-2, ,-40, ,
-2, ,-40, ,
-1, ,-40, ,
-4, ,-40, ,
-6, ,-40, ,
-4, ,-40, ,
0, ,-40, ,
-1, ,-40, ,
-4, ,-40, ,
3, ,-40, ,
6, ,-40, ,
1, ,-40, ,
3, ,-40, ,
3, ,-40, ,
0, ,-41, ,
3, ,-40, ,
-6, ,-40, ,
-1, ,-40, ,
-1, ,-40, ,
-1, ,-40, ,
-4, ,-40, ,
1, ,-40, ,
0, ,-40, ,
1, ,-40, ,
-2, ,-40, ,
-4, ,-40, ,
-2, ,-40, ,
0, ,-40, ,
-6, ,-40, ,
-1, ,-40, ,
3, ,-40, ,
-2, ,-40, ,
-2, ,-40, ,
3, ,-40, ,
1, ,-40, ,
3, ,-40, ,
0, ,-40, ,
0, ,-40, ,
-1, ,-41, ,
-1, ,-40, ,
-5, ,-40, ,
-4, ,-40, ,
-1, ,-40, ,
-2, ,-40, ,
-5, ,-40, ,
-1, ,-40, ,
-1, ,-40, ,
0, ,-40, ,
0, ,-40, ,
1, ,-40, ,
1, ,-40, ,
1, ,-40, ,
-4, ,-40, ,
-4, ,-40, ,
0, ,-40, ,
-2, ,-40, ,
-6, ,-40, ,
3, ,-40, ,
1, ,-40, ,
3, ,-40, ,
1, ,-40, ,
-1, ,-40, ,
0, ,-40, ,
0, ,-40, ,
-4, ,-40, ,
-2, ,-40, ,
-1, ,-40, ,
-2, ,-40, ,
-4, ,-40, ,
1, ,-40, ,
-1, ,-40, ,
-4, ,-40, ,
-2, ,-40, ,
0, ,-40, ,
-2, ,-40, ,
-1, ,-40, ,
-6, ,-40, ,
0, ,-40, ,
0, ,-40, ,
-2, ,-40, ,
-2, ,-40, ,
3, ,-40, ,
0, ,-40, ,
-1, ,-40, ,
-4, ,-40, ,
-2, ,-40, ,
0, ,-40, ,
1, ,-40, ,
-5, ,-40, ,
1, ,-40, ,
1, ,-40, ,
-1, ,-40, ,
-5, ,-40, ,
1, ,-40, ,
1, ,-40, ,
1, ,-40, ,
3, ,-40, ,
5, ,-40, ,
4, ,-40, ,
4, ,-40, ,
-2, ,-40, ,
0, ,-40, ,
3, ,-40, ,
0, ,-40, ,
-2, ,-40, ,
3, ,-40, ,
1, ,-40, ,
5, ,-40, ,
1, ,-40, ,
4, ,-40, ,
3, ,-41, ,
0, ,-40, ,
-2, ,-40, ,
4, ,-40, ,
8, ,-40, ,
4, ,-40, ,
4, ,-40, ,
5, ,-40, ,
4, ,-40, ,
0, ,-40, ,
-1, ,-40, ,
0, ,-40, ,
3, ,-40, ,
1, ,-40, ,
0, ,-40, ,
4, ,-40, ,
5, ,-40, ,
3, ,-40, ,
-1, ,-40, ,
3, ,-40, ,
3, ,-40, ,
3, ,-40, ,
3, ,-40, ,
3, ,-40, ,
5, ,-40, ,
6, ,-40, ,
-1, ,-40, ,
4, ,-40, ,
3, ,-40, ,
0, ,-40, ,
-2, ,-40, ,
3, ,-40, ,
3, ,-40, ,
3, ,-40, ,
1, ,-40, ,
1, ,-40, ,
3, ,-41, ,
3, ,-40, ,
-4, ,-40, ,
3, ,-40, ,
5, ,-40, ,
4, ,-40, ,
5, ,-40, ,
8, ,-40, ,
3, ,-40, ,
1, ,-40, ,
0, ,-40, ,
4, ,-40, ,
6, ,-40, ,
5, ,-40, ,
0, ,-40, ,
1, ,-40, ,
3, ,-40, ,
1, ,-40, ,
-1, ,-40, ,
0, ,-40, ,
-2, ,-40, ,
-4, ,-40, ,
-4, ,-40, ,
1, ,-40, ,
4, ,-41, ,
6, ,-40, ,
4, ,-40, ,
4, ,-40, ,
9, ,-40, ,
5, ,-40, ,
-1, ,-40, ,
4, ,-40, ,
-4, ,-40, ,
-4, ,-40, ,
-1, ,-40, ,
1, ,-40, ,
4, ,-40, ,
8, ,-40, ,
1, ,-40, ,
3, ,-40, ,
4, ,-40, ,
1, ,-40, ,
0, ,-40, ,
6, ,-40, ,
6, ,-40, ,
4, ,-41, ,
4, ,-40, ,
3, ,-40, ,
1, ,-41, ,
0, ,-40, ,
0, ,-40, ,
6, ,-40, ,
9, ,-40, ,
5, ,-40, ,
4, ,-40, ,
4, ,-40, ,
-2, ,-40, ,
-2, ,-40, ,
-4, ,-40, ,
-1, ,-40, ,
1, ,-41, ,
4, ,-40, ,
-1, ,-40, ,
4, ,-40, ,
6, ,-41, ,
1, ,-40, ,
-2, ,-40, ,
0, ,-40, ,
4, ,-40, ,
3, ,-40, ,
-1, ,-40, ,
1, ,-40, ,
4, ,-41, ,
8, ,-40, ,
-1, ,-40, ,
1, ,-40, ,
6, ,-40, ,
-1, ,-40, ,
-4, ,-40, ,
3, ,-40, ,
1, ,-40, ,
0, ,-40, ,
-2, ,-40, ,
0, ,-40, ,
1, ,-41, ,
3, ,-40, ,
-1, ,-40, ,
1, ,-40, ,
5, ,-40, ,
1, ,-40, ,
-4, ,-40, ,
0, ,-40, ,
-2, ,-40, ,
-2, ,-40, ,
-6, ,-40, ,
-6, ,-40, ,
-5, ,-41, ,
-1, ,-40, ,
-5, ,-40, ,
1, ,-40, ,
1, ,-40, ,
0, ,-40, ,
-4, ,-40, ,
-1, ,-40, ,
-4, ,-40, ,
-1, ,-40, ,
-2, ,-40, ,
-1, ,-40, ,
3, ,-41, ,
3, ,-40, ,
-4, ,-40, ,
4, ,-40, ,
4, ,-40, ,
5, ,-40, ,
-1, ,-40, ,
3, ,-40, ,
0, ,-40, ,
-2, ,-40, ,
-4, ,-40, ,
0, ,-40, ,
0, ,-41, ,
3, ,-40, ,
-4, ,-40, ,
3, ,-40, ,
5, ,-40, ,
0, ,-40, ,
0, ,-40, ,
4, ,-40, ,
3, ,-40, ,
0, ,-40, ,
-1, ,-40, ,
-1, ,-40, ,
-1, ,-40, ,
0, ,-40, ,
-7, ,-40, ,
-4, ,-40, ,
-4, ,-40, ,
-4, ,-40, ,
-2, ,-40, ,
-2, ,-40, ,
0, ,-40, ,
-2, ,-40, ,
-2, ,-40, ,
-1, ,-40, ,
-1, ,-41, ,
0, ,-40, ,
-4, ,-40, ,
1, ,-40, ,
1, ,-40, ,
0, ,-40, ,
-4, ,-40, ,
1, ,-40, ,
-4, ,-40, ,
-1, ,-40, ,
-4, ,-40, ,
-2, ,-40, ,
0, ,-40, ,
-1, ,-40, ,
-2, ,-40, ,
-1, ,-40, ,
-2, ,-40, ,
-1, ,-40, ,
-5, ,-40, ,
1, ,-40, ,
0, ,-40, ,
-2, ,-40, ,
-1, ,-40, ,
0, ,-40, ,
-2, ,-40, ,
0, ,-40, ,
-7, ,-40, ,
-2, ,-40, ,
1, ,-40, ,
0, ,-40, ,
-2, ,-40, ,
3, ,-40, ,
3, ,-40, ,
-1, ,-40, ,
-2, ,-40, ,
-2, ,-40, ,
-2, ,-41, ,
-2, ,-40, ,
-6, ,-40, ,
0, ,-40, ,
8, ,-40, ,
0, ,-40, ,
-1, ,-40, ,
1, ,-40, ,
1, ,-40, ,
1, ,-40, ,
0, ,-40, ,
4, ,-40, ,
5, ,-40, ,
8, ,-40, ,
1, ,-40, ,
0, ,-40, ,
-1, ,-40, ,
-4, ,-40, ,
-4, ,-40, ,
4, ,-40, ,
1, ,-40, ,
1, ,-40, ,
1, ,-40, ,
1, ,-40, ,
4, ,-40, ,
0, ,-40, ,
-4, ,-40, ,
1, ,-40, ,
3, ,-40, ,
1, ,-40, ,
-4, ,-40, ,
3, ,-40, ,
1, ,-40, ,
1, ,-40, ,
-1, ,-40, ,
1, ,-40, ,
4, ,-40, ,
4, ,-40, ,
-2, ,-40, ,
1, ,-40, ,
4, ,-40, ,
3, ,-40, ,
1, ,-40, ,
6, ,-40, ,
3, ,-40, ,
4, ,-40, ,
3, ,-40, ,
3, ,-40, ,
5, ,-40, ,
4, ,-40, ,
-1, ,-40, ,
3, ,-40, ,
6, ,-40, ,
4, ,-40, ,
-1, ,-40, ,
0, ,-40, ,
1, ,-40, ,
0, ,-40, ,
-2, ,-40, ,
-1, ,-40, ,
-1, ,-41, ,
1, ,-40, ,
-1, ,-40, ,
-1, ,-40, ,
4, ,-40, ,
0, ,-40, ,
0, ,-40, ,
5, ,-40, ,
3, ,-40, ,
5, ,-40, ,
4, ,-40, ,
5, ,-40, ,
3, ,-41, ,
1, ,-40, ,
-5, ,-40, ,
-4, ,-40, ,
3, ,-40, ,
3, ,-40, ,
3, ,-40, ,
5, ,-40, ,
6, ,-40, ,
5, ,-40, ,
1, ,-40, ,
3, ,-40, ,
4, ,-41, ,
5, ,-40, ,
3, ,-40, ,
5, ,-40, ,
9, ,-40, ,
5, ,-40, ,
-1, ,-40, ,
8, ,-40, ,
3, ,-40, ,
3, ,-40, ,
0, ,-40, ,
3, ,-40, ,
6, ,-41, ,
4, ,-40, ,
1, ,-40, ,
4, ,-40, ,
5, ,-40, ,
0, ,-40, ,
-1, ,-40, ,
5, ,-40, ,
4, ,-40, ,
3, ,-40, ,
3, ,-40, ,
4, ,-40, ,
10, ,-41, ,
1, ,-40, ,
-6, ,-40, ,
4, ,-40, ,
4, ,-40, ,
3, ,-40, ,
1, ,-40, ,
6, ,-40, ,
6, ,-40, ,
4, ,-40, ,
3, ,-40, ,
4, ,-40, ,
3, ,-41, ,
4, ,-40, ,
-2, ,-40, ,
3, ,-40, ,
4, ,-40, ,
1, ,-40, ,
0, ,-40, ,
4, ,-40, ,
5, ,-40, ,
1, ,-40, ,
-2, ,-40, ,
3, ,-40, ,
5, ,-41, ,
4, ,-40, ,
0, ,-40, ,
1, ,-40, ,
0, ,-40, ,
-1, ,-40, ,
1, ,-40, ,
5, ,-40, ,
0, ,-40, ,
3, ,-40, ,
-1, ,-40, ,
1, ,-40, ,
4, ,-41, ,
6, ,-40, ,
1, ,-40, ,
4, ,-40, ,
8, ,-40, ,
5, ,-40, ,
-2, ,-40, ,
4, ,-40, ,
4, ,-40, ,
3, ,-40, ,
1, ,-40, ,
3, ,-40, ,
5, ,-41, ,
1, ,-40, ,
-6, ,-37, ,
3, ,-30, ,
6, ,-20, ,
5, ,-10, ,
1, ,-2, ,
6, ,7, ,
6, ,13, ,
4, ,18, ,
3, ,23, ,
5, ,27, ,
6, ,31, ,
9, ,34, ,
5, ,36, ,
8, ,39, ,
6, ,41, ,
8, ,42, ,
1, ,45, ,
-1, ,46, ,
-1, ,47, ,
-2, ,48, ,
-5, ,49, ,
1, ,48, ,
3, ,51, ,
5, ,50, ,
-1, ,50, ,
4, ,51, ,
5, ,51, ,
0, ,51, ,
0, ,53, ,
3, ,52, ,
3, ,52, ,
3, ,53, ,
3, ,53, ,
1, ,52, ,
-1, ,54, ,
0, ,52, ,
-5, ,53, ,
-2, ,53, ,
0, ,53, ,
-2, ,52, ,
-5, ,54, ,
-2, ,53, ,
-5, ,53, ,
-5, ,53, ,
-2, ,54, ,
-1, ,52, ,
0, ,53, ,
-1, ,53, ,
-4, ,53, ,
-1, ,54, ,
3, ,53, ,
-1, ,51, ,
-4, ,54, ,
1, ,53, ,
-9, ,53, ,
-5, ,53, ,
-6, ,53, ,
-5, ,52, ,
-4, ,54, ,
5, ,52, ,
-7, ,53, ,
1, ,54, ,
-5, ,54, ,
-2, ,51, ,
-5, ,54, ,
1, ,53, ,
3, ,53, ,
-2, ,53, ,
-4, ,53, ,
0, ,52, ,
-4, ,54, ,
1, ,52, ,
-4, ,53, ,
3, ,53, ,
3, ,53, ,
-1, ,52, ,
-5, ,54, ,
0, ,53, ,
-4, ,53, ,
0, ,53, ,
-1, ,53, ,
-2, ,52, ,
-4, ,53, ,
-1, ,52, ,
-5, ,53, ,
-1, ,53, ,
0, ,53, ,
-1, ,51, ,
-4, ,54, ,
3, ,53, ,
3, ,52, ,
0, ,53, ,
-1, ,53, ,
1, ,52, ,
0, ,54, ,
3, ,52, ,
-4, ,53, ,
3, ,53, ,
4, ,53, ,
1, ,51, ,
-4, ,53, ,
0, ,53, ,
-2, ,53, ,
0, ,53, ,
-2, ,53, ,
0, ,52, ,
0, ,53, ,
3, ,52, ,
-1, ,53, ,
1, ,53, ,
1, ,52, ,
-1, ,51, ,
-5, ,53, ,
0, ,52, ,
-2, ,53, ,
-4, ,53, ,
-1, ,53, ,
0, ,52, ,
1, ,54, ,
3, ,52, ,
-4, ,52, ,
0, ,53, ,
0, ,53, ,
0, ,51, ,
-4, ,53, ,
5, ,53, ,
1, ,52, ,
-1, ,53, ,
3, ,53, ,
0, ,52, ,
1, ,53, ,
4, ,52, ,
-4, ,53, ,
4, ,53, ,
4, ,53, ,
4, ,51, ,
1, ,53, ,
1, ,52, ,
0, ,53, ,
0, ,52, ,
-4, ,53, ,
0, ,52, ,
-5, ,53, ,
4, ,52, ,
0, ,53, ,
5, ,53, ,
5, ,53, ,
3, ,51, ,
0, ,53, ,
6, ,53, ,
3, ,52, ,
3, ,53, ,
1, ,53, ,
3, ,52, ,
3, ,54, ,
5, ,52, ,
-5, ,53, ,
1, ,53, ,
1, ,53, ,
-4, ,51, ,
-2, ,53, ,
4, ,53, ,
3, ,52, ,
1, ,53, ,
1, ,53, ,
4, ,51, ,
4, ,53, ,
3, ,52, ,
-1, ,52, ,
5, ,53, ,
6, ,53, ,
6, ,51, ,
4, ,53, ,
9, ,52, ,
4, ,52, ,
6, ,53, ,
0, ,53, ,
1, ,52, ,
0, ,53, ,
3, ,52, ,
1, ,53, ,
5, ,53, ,
4, ,52, ,
5, ,51, ,
1, ,53, ,
6, ,53, ,
6, ,53, ,
4, ,53, ,
4, ,53, ,
3, ,52, ,
1, ,53, ,
4, ,52, ,
3, ,52, ,
1, ,53, ,
3, ,52, ,
6, ,51, ,
0, ,53, ,
3, ,53, ,
3, ,53, ,
4, ,52, ,
3, ,52, ,
4, ,52, ,
5, ,53, ,
4, ,52, ,
-2, ,53, ,
5, ,53, ,
6, ,53, ,
5, ,51, ,
5, ,54, ,
8, ,53, ,
4, ,53, ,
6, ,53, ,
-1, ,53, ,
3, ,52, ,
1, ,53, ,
-1, ,52, ,
-6, ,52, ,
0, ,53, ,
8, ,53, ,
6, ,52, ,
5, ,53, ,
6, ,53, ,
1, ,52, ,
3, ,52, ,
1, ,53, ,
3, ,52, ,
4, ,53, ,
3, ,52, ,
0, ,52, ,
5, ,53, ,
3, ,53, ,
1, ,51, ,
-2, ,53, ,
5, ,52, ,
3, ,52, ,
4, ,53, ,
5, ,53, ,
5, ,52, ,
6, ,53, ,
5, ,52, ,
0, ,52, ,
1, ,53, ,
1, ,53, ,
3, ,51, ,
1, ,53, ,
9, ,52, ,
5, ,52, ,
4, ,53, ,
5, ,53, ,
1, ,52, ,
0, ,53, ,
0, ,52, ,
-5, ,53, ,
3, ,53, ,
5, ,53, ,
4, ,51, ,
1, ,53, ,
-1, ,53, ,
0, ,52, ,
-1, ,53, ,
-6, ,53, ,
0, ,51, ,
-2, ,53, ,
4, ,52, ,
-1, ,52, ,
5, ,53, ,
4, ,53, ,
0, ,51, ,
-1, ,53, ,
3, ,52, ,
-1, ,52, ,
4, ,52, ,
1, ,53, ,
0, ,52, ,
0, ,53, ,
-1, ,52, ,
-5, ,52, ,
-2, ,53, ,
-2, ,52, ,
-2, ,51, ,
-4, ,53, ,
-1, ,53, ,
0, ,52, ,
3, ,52, ,
0, ,53, ,
0, ,52, ,
1, ,54, ,
0, ,52, ,
-1, ,52, ,
1, ,52, ,
4, ,53, ,
-1, ,51, ,
-4, ,53, ,
1, ,53, ,
-1, ,52, ,
-1, ,53, ,
-1, ,53, ,
-1, ,52, ,
1, ,53, ,
0, ,52, ,
-6, ,52, ,
0, ,53, ,
-1, ,53, ,
0, ,51, ,
-5, ,53, ,
0, ,52, ,
-1, ,52, ,
-1, ,52, ,
-2, ,52, ,
0, ,52, ,
1, ,53, ,
3, ,52, ,
-1, ,52, ,
1, ,53, ,
3, ,53, ,
0, ,51, ,
-5, ,53, ,
3, ,52, ,
0, ,52, ,
-2, ,53, ,
-2, ,53, ,
-2, ,52, ,
-1, ,53, ,
-1, ,52, ,
-6, ,52, ,
-1, ,53, ,
-1, ,52, ,
-4, ,51, ,
-2, ,53, ,
-1, ,53, ,
0, ,52, ,
0, ,53, ,
-2, ,53, ,
1, ,51, ,
0, ,53, ,
3, ,52, ,
-6, ,53, ,
-2, ,53, ,
3, ,53, ,
-1, ,51, ,
-2, ,53, ,
3, ,52, ,
-1, ,52, ,
-1, ,52, ,
-1, ,53, ,
-1, ,52, ,
-1, ,53, ,
0, ,52, ,
-4, ,52, ,
0, ,53, ,
0, ,52, ,
-2, ,51, ,
-7, ,53, ,
-2, ,53, ,
-2, ,52, ,
-2, ,52, ,
-1, ,53, ,
1, ,51, ,
0, ,53, ,
1, ,52, ,
-1, ,53, ,
-1, ,53, ,
-1, ,52, ,
-6, ,51, ,
-7, ,53, ,
-1, ,53, ,
-4, ,52, ,
-1, ,53, ,
-1, ,53, ,
-1, ,51, ,
4, ,53, ,
3, ,52, ,
-2, ,53, ,
0, ,53, ,
0, ,53, ,
0, ,51, ,
-4, ,53, ,
3, ,53, ,
0, ,52, ,
-2, ,53, ,
-2, ,53, ,
0, ,52, ,
-1, ,53, ,
3, ,52, ,
-1, ,52, ,
4, ,53, ,
4, ,53, ,
0, ,51, ,
-1, ,53, ,
5, ,52, ,
0, ,52, ,
4, ,53, ,
1, ,53, ,
4, ,52, ,
6, ,53, ,
6, ,52, ,
1, ,53, ,
3, ,53, ,
3, ,52, ,
-1, ,51, ,
-5, ,53, ,
-1, ,53, ,
-5, ,52, ,
3, ,52, ,
-1, ,53, ,
-1, ,52, ,
9, ,53, ,
6, ,52, ,
-1, ,52, ,
1, ,53, ,
1, ,52, ,
0, ,51, ,
-1, ,54, ,
3, ,53, ,
3, ,52, ,
3, ,53, ,
1, ,53, ,
0, ,52, ,
3, ,53, ,
0, ,52, ,
-1, ,52, ,
4, ,53, ,
3, ,52, ,
4, ,51, ,
0, ,53, ,
4, ,53, ,
4, ,52, ,
1, ,52, ,
0, ,53, ,
4, ,51, ,
3, ,53, ,
4, ,52, ,
0, ,52, ,
5, ,53, ,
4, ,53, ,
4, ,51, ,
3, ,53, ,
1, ,53, ,
-4, ,52, ,
-2, ,53, ,
-2, ,53, ,
1, ,52, ,
5, ,53, ,
6, ,52, ,
0, ,53, ,
6, ,53, ,
5, ,53, ,
3, ,51, ,
-1, ,53, ,
5, ,53, ,
6, ,52, ,
5, ,52, ,
3, ,53, ,
3, ,52, ,
3, ,53, ,
4, ,52, ,
-1, ,52, ,
3, ,53, ,
5, ,52, ,
4, ,51, ,
1, ,53, ,
8, ,53, ,
3, ,53, ,
4, ,53, ,
1, ,53, ,
0, ,52, ,
3, ,53, ,
3, ,52, ,
1, ,53, ,
3, ,53, ,
5, ,52, ,
3, ,51, ,
0, ,53, ,
5, ,52, ,
5, ,52, ,
6, ,53, ,
5, ,53, ,
5, ,51, ,
5, ,53, ,
6, ,52, ,
0, ,52, ,
1, ,53, ,
3, ,53, ,
4, ,51, ,
-1, ,53, ,
4, ,52, ,
1, ,52, ,
1, ,53, ,
4, ,53, ,
4, ,52, ,
5, ,53, ,
5, ,52, ,
-2, ,52, ,
4, ,53, ,
5, ,53, ,
3, ,51, ,
4, ,53, ,
6, ,53, ,
4, ,52, ,
1, ,53, ,
3, ,53, ,
1, ,52, ,
-1, ,53, ,
1, ,52, ,
-5, ,53, ,
1, ,53, ,
4, ,53, ,
3, ,51, ,
1, ,53, ,
5, ,52, ,
3, ,52, ,
1, ,52, ,
-2, ,53, ,
-1, ,51, ,
-1, ,53, ,
0, ,52, ,
-4, ,52, ,
0, ,53, ,
1, ,53, ,
1, ,51, ,
0, ,53, ,
3, ,53, ,
4, ,52, ,
1, ,53, ,
1, ,53, ,
1, ,52, ,
3, ,54, ,
4, ,52, ,
1, ,53, ,
5, ,53, ,
4, ,53, ,
3, ,51, ,
0, ,54, ,
5, ,53, ,
1, ,53, ,
3, ,52, ,
1, ,53, ,
1, ,52, ,
3, ,53, ,
0, ,52, ,
-2, ,53, ,
1, ,53, ,
-1, ,52, ,
0, ,51, ,
-1, ,53, ,
6, ,53, ,
5, ,52, ,
1, ,52, ,
1, ,53, ,
1, ,52, ,
3, ,53, ,
0, ,52, ,
-2, ,53, ,
3, ,53, ,
4, ,53, ,
1, ,51, ,
-1, ,53, ,
3, ,52, ,
-1, ,52, ,
-2, ,53, ,
-2, ,53, ,
-1, ,52, ,
0, ,53, ,
3, ,52, ,
-5, ,53, ,
1, ,53, ,
1, ,53, ,
0, ,51, ,
1, ,53, ,
3, ,53, ,
1, ,52, ,
0, ,53, ,
-2, ,53, ,
-1, ,52, ,
-2, ,53, ,
-2, ,52, ,
-6, ,53, ,
-4, ,53, ,
0, ,53, ,
-1, ,51, ,
-2, ,53, ,
3, ,52, ,
-2, ,52, ,
0, ,52, ,
-2, ,53, ,
0, ,52, ,
-2, ,53, ,
-4, ,52, ,
-7, ,52, ,
-1, ,53, ,
0, ,53, ,
1, ,51, ,
-1, ,53, ,
4, ,52, ,
0, ,52, ,
-1, ,52, ,
-1, ,53, ,
0, ,52, ,
0, ,53, ,
1, ,52, ,
-1, ,52, ,
0, ,53, ,
0, ,52, ,
-2, ,51, ,
-5, ,53, ,
0, ,53, ,
0, ,52, ,
0, ,52, ,
1, ,53, ,
1, ,52, ,
0, ,53, ,
4, ,52, ,
-2, ,53, ,
3, ,53, ,
1, ,53, ,
0, ,51, ,
-2, ,53, ,
1, ,53, ,
0, ,52, ,
1, ,53, ,
-1, ,53, ,
1, ,51, ,
-1, ,53, ,
-2, ,52, ,
-6, ,53, ,
-2, ,53, ,
-2, ,53, ,
-1, ,51, ,
-2, ,53, ,
4, ,52, ,
-1, ,52, ,
3, ,53, ,
0, ,53, ,
4, ,51, ,
3, ,53, ,
1, ,52, ,
-4, ,52, ,
0, ,53, ,
1, ,52, ,
0, ,51, ,
-1, ,53, ,
1, ,53, ,
-1, ,52, ,
-1, ,52, ,
-4, ,53, ,
0, ,52, ,
1, ,53, ,
1, ,52, ,
-4, ,53, ,
1, ,53, ,
3, ,53, ,
-1, ,51, ,
-6, ,53, ,
-1, ,52, ,
-4, ,53, ,
0, ,52, ,
-1, ,53, ,
1, ,52, ,
1, ,53, ,
-1, ,52, ,
-6, ,53, ,
-1, ,53, ,
-6, ,52, ,
-4, ,51, ,
-5, ,53, ,
0, ,53, ,
1, ,52, ,
3, ,52, ,
4, ,53, ,
4, ,52, ,
3, ,53, ,
3, ,52, ,
-1, ,53, ,
4, ,53, ,
4, ,53, ,
0, ,51, ,
-6, ,53, ,
-1, ,53, ,
-5, ,53, ,
-1, ,52, ,
-2, ,53, ,
0, ,51, ,
1, ,53, ,
5, ,52, ,
0, ,53, ,
6, ,53, ,
5, ,52, ,
1, ,51, ,
0, ,53, ,
0, ,53, ,
0, ,53, ,
1, ,52, ,
-1, ,53, ,
4, ,52, ,
5, ,53, ,
9, ,52, ,
1, ,53, ,
4, ,53, ,
4, ,53, ,
0, ,51, ,
0, ,53, ,
4, ,53, ,
1, ,52, ,
3, ,52, ,
0, ,53, ,
1, ,51, ,
5, ,53, ,
4, ,52, ,
0, ,53, ,
5, ,53, ,
4, ,52, ,
0, ,51, ,
-2, ,54, ,
4, ,52, ,
3, ,52, ,
5, ,53, ,
5, ,53, ,
0, ,51, ,
1, ,53, ,
5, ,52, ,
0, ,53, ,
3, ,53, ,
1, ,53, ,
0, ,51, ,
-2, ,53, ,
1, ,52, ,
-2, ,53, ,
-2, ,53, ,
-4, ,53, ,
-2, ,52, ,
-2, ,53, ,
3, ,52, ,
1, ,53, ,
9, ,53, ,
9, ,53, ,
6, ,51, ,
0, ,53, ,
3, ,52, ,
5, ,52, ,
0, ,53, ,
0, ,53, ,
4, ,52, ,
1, ,53, ,
4, ,52, ,
0, ,53, ,
3, ,53, ,
4, ,52, ,
3, ,51, ,
0, ,53, ,
6, ,53, ,
5, ,52, ,
6, ,53, ,
6, ,53, ,
9, ,52, ,
4, ,53, ,
3, ,52, ,
-4, ,52, ,
-1, ,53, ,
1, ,53, ,
3, ,51, ,
1, ,53, ,
6, ,52, ,
1, ,52, ,
1, ,52, ,
-1, ,53, ,
0, ,52, ,
1, ,53, ,
0, ,52, ,
1, ,52, ,
6, ,53, ,
8, ,53, ,
4, ,51, ,
1, ,54, ,
8, ,52, ,
3, ,53, ,
6, ,53, ,
5, ,53, ,
3, ,51, ,
5, ,53, ,
4, ,52, ,
1, ,52, ,
6, ,52, ,
0, ,47, ,
0, ,36, ,
-5, ,27, ,
-4, ,17, ,
1, ,9, ,
-1, ,2, ,
3, ,-4, ,
3, ,-8, ,
0, ,-13, ,
-1, ,-17, ,
-9, ,-20, ,
-4, ,-23, ,
-1, ,-25, ,
-1, ,-28, ,
-6, ,-29, ,
1, ,-31, ,
0, ,-32, ,
-1, ,-33, ,
-5, ,-35, ,
-2, ,-36, ,
-1, ,-37, ,
1, ,-37, ,
-5, ,-37, ,
1, ,-38, ,
3, ,-39, ,
1, ,-39, ,
0, ,-40, ,
3, ,-40, ,
1, ,-39, ,
1, ,-40, ,
-2, ,-40, ,
0, ,-40, ,
0, ,-41, ,
-1, ,-40, ,
-4, ,-40, ,
0, ,-41, ,
4, ,-41, ,
0, ,-40, ,
-2, ,-41, ,
1, ,-41, ,
-2, ,-41, ,
3, ,-41, ,
-2, ,-41, ,
0, ,-41, ,
1, ,-41, ,
0, ,-41, ,
-1, ,-41, ,
3, ,-41, ,
4, ,-41, ,
1, ,-40, ,
-1, ,-41, ,
6, ,-41, ,
6, ,-40, ,
4, ,-41, ,
-1, ,-40, ,
0, ,-40, ,
1, ,-41, ,
0, ,-41, ,
-2, ,-40, ,
0, ,-41, ,
1, ,-41, ,
1, ,-41, ,
1, ,-41, ,
6, ,-41, ,
3, ,-41, ,
0, ,-41, ,
1, ,-40, ,
0, ,-41, ,
0, ,-41, ,
3, ,-41, ,
0, ,-40, ,
4, ,-40, ,
5, ,-41, ,
6, ,-40, ,
6, ,-40, ,
-1, ,-41, ,
0, ,-40, ,
1, ,-41, ,
-6, ,-40, ,
-4, ,-40, ,
-10, ,-41, ,
-15, ,-40, ,
-20, ,-40, ,
-17, ,-40, ,
-9, ,-41, ,
-12, ,-40, ,
-11, ,-40, ,
-2, ,-40, ,
4, ,-40, ,
9, ,-40, ,
6, ,-40, ,
10, ,-41, ,
11, ,-41, ,
5, ,-41, ,
1, ,-40, ,
1, ,-40, ,
3, ,-41, ,
0, ,-40, ,
-4, ,-40, ,
3, ,-40, ,
0, ,-40, ,
-2, ,-40, ,
-6, ,-40, ,
-2, ,-40, ,
-2, ,-41, ,
-5, ,-40, ,
-4, ,-40, ,
-1, ,-40, ,
1, ,-40, ,
-1, ,-40, ,
-5, ,-40, ,
1, ,-40, ,
0, ,-40, ,
-1, ,-40, ,
0, ,-40, ,
0, ,-40, ,
-1, ,-40, ,
0, ,-40, ,
-5, ,-40, ,
-1, ,-40, ,
0, ,-40, ,
0, ,-40, ,
-7, ,-40, ,
0, ,-41, ,
0, ,-40, ,
-2, ,-40, ,
0, ,-40, ,
5, ,-40, ,
4, ,-41, ,
5, ,-40, ,
-2, ,-40, ,
0, ,-40, ,
1, ,-40, ,
-2, ,-40, ,
-7, ,-40, ,
0, ,-40, ,
0, ,-40, ,
0, ,-40, ,
-2, ,-40, ,
-1, ,-40, ,
-1, ,-41, ,
0, ,-40, ,
-6, ,-40, ,
1, ,-40, ,
1, ,-40, ,
3, ,-40, ,
0, ,-40, ,
5, ,-40, ,
5, ,-40, ,
3, ,-40, ,
-2, ,-40, ,
1, ,-40, ,
-1, ,-41, ,
1, ,-40, ,
-2, ,-40, ,
0, ,-40, ,
5, ,-40, ,
4, ,-40, ,
-6, ,-40, ,
1, ,-40, ,
-10, ,-40, ,
-1, ,-40, ,
3, ,-40, ,
1, ,-40, ,
8, ,-41, ,
3, ,-40, ,
-1, ,-40, ,
0, ,-40, ,
1, ,-40, ,
0, ,-40, ,
-2, ,-40, ,
3, ,-40, ,
4, ,-40, ,
4, ,-40, ,
0, ,-40, ,
4, ,-40, ,
3, ,-41, ,
3, ,-40, ,
-4, ,-40, ,
-2, ,-40, ,
1, ,-40, ,
-2, ,-40, ,
-4, ,-40, ,
0, ,-40, ,
3, ,-40, ,
1, ,-40, ,
4, ,-40, ,
1, ,-40, ,
4, ,-41, ,
4, ,-40, ,
0, ,-40, ,
3, ,-40, ,
3, ,-40, ,
3, ,-40, ,
-1, ,-40, ,
0, ,-40, ,
0, ,-40, ,
-2, ,-40, ,
-2, ,-40, ,
3, ,-40, ,
4, ,-40, ,
8, ,-40, ,
1, ,-40, ,
8, ,-40, ,
6, ,-40, ,
1, ,-40, ,
-2, ,-40, ,
4, ,-41, ,
4, ,-40, ,
9, ,-40, ,
6, ,-40, ,
8, ,-40, ,
10, ,-40, ,
10, ,-40, ,
4, ,-40, ,
6, ,-40, ,
5, ,-40, ,
3, ,-40, ,
3, ,-40, ,
6, ,-40, ,
4, ,-40, ,
3, ,-40, ,
3, ,-40, ,
4, ,-40, ,
4, ,-41, ,
3, ,-40, ,
-1, ,-40, ,
3, ,-40, ,
9, ,-40, ,
6, ,-40, ,
3, ,-40, ,
6, ,-40, ,
4, ,-40, ,
5, ,-40, ,
3, ,-40, ,
5, ,-40, ,
6, ,-40, ,
6, ,-40, ,
0, ,-40, ,
3, ,-40, ,
1, ,-40, ,
1, ,-40, ,
-4, ,-40, ,
4, ,-40, ,
4, ,-40, ,
3, ,-40, ,
3, ,-40, ,
3, ,-40, ,
5, ,-41, ,
6, ,-40, ,
-1, ,-40, ,
4, ,-40, ,
3, ,-40, ,
0, ,-40, ,
-4, ,-40, ,
-1, ,-40, ,
1, ,-40, ,
0, ,-40, ,
0, ,-40, ,
1, ,-40, ,
3, ,-40, ,
4, ,-40, ,
-4, ,-40, ,
3, ,-40, ,
6, ,-40, ,
4, ,-40, ,
0, ,-40, ,
5, ,-40, ,
3, ,-40, ,
3, ,-40, ,
0, ,-40, ,
3, ,-40, ,
3, ,-40, ,
4, ,-40, ,
1, ,-40, ,
3, ,-40, ,
3, ,-40, ,
0, ,-40, ,
-1, ,-40, ,
0, ,-40, ,
3, ,-40, ,
3, ,-40, ,
1, ,-40, ,
3, ,-40, ,
5, ,-41, ,
6, ,-40, ,
3, ,-40, ,
8, ,-40, ,
9, ,-40, ,
9, ,-40, ,
4, ,-40, ,
9, ,-40, ,
9, ,-40, ,
6, ,-40, ,
6, ,-40, ,
8, ,-40, ,
9, ,-40, ,
6, ,-40, ,
-1, ,-40, ,
3, ,-40, ,
1, ,-40, ,
0, ,-40, ,
-1, ,-40, ,
4, ,-40, ,
3, ,-40, ,
1, ,-40, ,
4, ,-40, ,
3, ,-40, ,
5, ,-40, ,
6, ,-40, ,
-4, ,-40, ,
5, ,-40, ,
11, ,-40, ,
8, ,-40, ,
5, ,-40, ,
5, ,-40, ,
5, ,-40, ,
4, ,-40, ,
4, ,-40, ,
5, ,-40, ,
4, ,-41, ,
8, ,-40, ,
0, ,-40, ,
3, ,-40, ,
5, ,-40, ,
0, ,-40, ,
-1, ,-40, ,
4, ,-40, ,
1, ,-40, ,
4, ,-40, ,
-1, ,-40, ,
4, ,-40, ,
3, ,-41, ,
1, ,-40, ,
0, ,-40, ,
4, ,-40, ,
4, ,-40, ,
3, ,-40, ,
-1, ,-41, ,
3, ,-40, ,
1, ,-40, ,
-1, ,-40, ,
-2, ,-40, ,
-2, ,-40, ,
-4, ,-40, ,
-1, ,-40, ,
-5, ,-40, ,
0, ,-40, ,
6, ,-40, ,
3, ,-40, ,
1, ,-40, ,
5, ,-40, ,
3, ,-40, ,
-1, ,-40, ,
-5, ,-40, ,
-4, ,-40, ,
-4, ,-40, ,
-5, ,-40, ,
-6, ,-40, ,
-1, ,-40, ,
0, ,-40, ,
-1, ,-40, ,
-4, ,-40, ,
1, ,-40, ,
0, ,-40, ,
-1, ,-40, ,
-2, ,-40, ,
0, ,-40, ,
0, ,-40, ,
4, ,-40, ,
-4, ,-40, ,
1, ,-40, ,
4, ,-40, ,
0, ,-40, ,
-1, ,-40, ,
1, ,-40, ,
1, ,-40, ,
1, ,-40, ,
-6, ,-40, ,
-5, ,-40, ,
-5, ,-40, ,
-4, ,-40, ,
-9, ,-40, ,
-4, ,-40, ,
-4, ,-40, ,
-6, ,-40, ,
-5, ,-40, ,
-1, ,-40, ,
-1, ,-40, ,
-2, ,-40, ,
-5, ,-40, ,
-5, ,-40, ,
-7, ,-40, ,
-6, ,-40, ,
-10, ,-40, ,
-6, ,-40, ,
-4, ,-40, ,
-5, ,-40, ,
-4, ,-40, ,
1, ,-40, ,
-2, ,-40, ,
-4, ,-40, ,
-6, ,-40, ,
-7, ,-40, ,
-4, ,-40, ,
-4, ,-40, ,
-7, ,-40, ,
-4, ,-40, ,
-2, ,-40, ,
-2, ,-40, ,
-9, ,-40, ,
-1, ,-40, ,
-4, ,-40, ,
-2, ,-40, ,
-4, ,-40, ,
-2, ,-40, ,
-2, ,-41, ,
-4, ,-40, ,
-7, ,-40, ,
-5, ,-40, ,
-5, ,-40, ,
-6, ,-40, ,
-9, ,-40, ,
-1, ,-40, ,
0, ,-40, ,
-1, ,-40, ,
0, ,-40, ,
0, ,-40, ,
0, ,-40, ,
-1, ,-40, ,
-6, ,-40, ,
-1, ,-40, ,
1, ,-40, ,
-1, ,-40, ,
0, ,-40, ,
1, ,-40, ,
0, ,-40, ,
-2, ,-40, ,
-2, ,-40, ,
-1, ,-40, ,
0, ,-41, ,
1, ,-40, ,
-7, ,-40, ,
0, ,-40, ,
1, ,-40, ,
-2, ,-40, ,
-5, ,-40, ,
1, ,-40, ,
-2, ,-40, ,
0, ,-40, ,
-2, ,-40, ,
3, ,-40, ,
4, ,-41, ,
4, ,-40, ,
-1, ,-40, ,
4, ,-40, ,
6, ,-40, ,
-2, ,-40, ,
0, ,-40, ,
1, ,-40, ,
-6, ,-40, ,
3, ,-40, ,
-2, ,-40, ,
0, ,-40, ,
1, ,-41, ,
3, ,-40, ,
-1, ,-40, ,
0, ,-40, ,
3, ,-40, ,
0, ,-40, ,
-1, ,-40, ,
6, ,-40, ,
8, ,-40, ,
9, ,-40, ,
5, ,-40, ,
1, ,-40, ,
3, ,-41, ,
0, ,-40, ,
-5, ,-40, ,
1, ,-40, ,
1, ,-40, ,
-1, ,-40, ,
-7, ,-40, ,
3, ,-40, ,
5, ,-40, ,
4, ,-40, ,
3, ,-40, ,
1, ,-40, ,
1, ,-41, ,
4, ,-40, ,
-1, ,-40, ,
4, ,-40, ,
5, ,-40, ,
5, ,-40, ,
-1, ,-40, ,
1, ,-40, ,
1, ,-40, ,
-1, ,-40, ,
-2, ,-40, ,
-1, ,-40, ,
1, ,-41, ,
3, ,-40, ,
-1, ,-40, ,
4, ,-40, ,
3, ,-40, ,
0, ,-40, ,
-1, ,-40, ,
3, ,-40, ,
6, ,-40, ,
10, ,-40, ,
8, ,-40, ,
9, ,-40, ,
6, ,-41, ,
6, ,-40, ,
-1, ,-40, ,
1, ,-40, ,
5, ,-40, ,
1, ,-40, ,
0, ,-40, ,
5, ,-40, ,
3, ,-40, ,
4, ,-40, ,
4, ,-40, ,
3, ,-40, ,
6, ,-41, ,
10, ,-40, ,
6, ,-40, ,
9, ,-40, ,
9, ,-40, ,
14, ,-40, ,
4, ,-40, ,
3, ,-40, ,
8, ,-40, ,
5, ,-40, ,
4, ,-40, ,
5, ,-40, ,
6, ,-40, ,
8, ,-40, ,
0, ,-40, ,
3, ,-40, ,
3, ,-40, ,
0, ,-40, ,
1, ,-40, ,
5, ,-40, ,
4, ,-40, ,
4, ,-40, ,
5, ,-40, ,
3, ,-40, ,
6, ,-40, ,
5, ,-40, ,
0, ,-40, ,
4, ,-40, ,
4, ,-40, ,
1, ,-40, ,
0, ,-40, ,
1, ,-40, ,
4, ,-40, ,
3, ,-40, ,
4, ,-40, ,
5, ,-40, ,
4, ,-41, ,
6, ,-40, ,
4, ,-40, ,
3, ,-40, ,
5, ,-40, ,
3, ,-40, ,
-1, ,-40, ,
1, ,-40, ,
1, ,-40, ,
3, ,-40, ,
-1, ,-40, ,
4, ,-40, ,
6, ,-41, ,
8, ,-40, ,
1, ,-40, ,
6, ,-40, ,
9, ,-40, ,
3, ,-40, ,
-1, ,-40, ,
3, ,-40, ,
0, ,-40, ,
0, ,-40, ,
-2, ,-40, ,
1, ,-40, ,
3, ,-41, ,
4, ,-40, ,
-2, ,-40, ,
1, ,-40, ,
4, ,-40, ,
3, ,-40, ,
-1, ,-40, ,
8, ,-40, ,
5, ,-40, ,
3, ,-40, ,
0, ,-40, ,
-1, ,-40, ,
3, ,-41, ,
1, ,-40, ,
-2, ,-40, ,
1, ,-40, ,
4, ,-40, ,
1, ,-40, ,
-1, ,-40, ,
3, ,-40, ,
1, ,-40, ,
1, ,-40, ,
-2, ,-40, ,
0, ,-40, ,
1, ,-41, ,
3, ,-40, ,
-2, ,-40, ,
4, ,-40, ,
8, ,-41, ,
3, ,-40, ,
-2, ,-40, ,
5, ,-40, ,
1, ,-40, ,
-1, ,-40, ,
-2, ,-40, ,
-1, ,-40, ,
-1, ,-41, ,
-1, ,-40, ,
-5, ,-40, ,
-2, ,-40, ,
0, ,-40, ,
1, ,-40, ,
-4, ,-40, ,
1, ,-40, ,
3, ,-40, ,
0, ,-40, ,
-2, ,-40, ,
-2, ,-40, ,
-1, ,-41, ,
1, ,-40, ,
-4, ,-40, ,
0, ,-40, ,
3, ,-40, ,
-1, ,-40, ,
-2, ,-40, ,
1, ,-40, ,
-2, ,-40, ,
-1, ,-40, ,
-6, ,-40, ,
-4, ,-40, ,
-2, ,-41, ,
-2, ,-40, ,
-7, ,-40, ,
-2, ,-40, ,
0, ,-40, ,
-1, ,-40, ,
-2, ,-40, ,
3, ,-41, ,
0, ,-40, ,
-4, ,-40, ,
-6, ,-40, ,
-6, ,-40, ,
-4, ,-41, ,
-4, ,-40, ,
-7, ,-40, ,
-2, ,-40, ,
-1, ,-40, ,
-2, ,-40, ,
-6, ,-40, ,
0, ,-40, ,
0, ,-40, ,
1, ,-40, ,
0, ,-40, ,
0, ,-40, ,
0, ,-40, ,
-4, ,-40, ,
-5, ,-40, ,
1, ,-40, ,
1, ,-40, ,
0, ,-40, ,
-2, ,-40, ,
0, ,-40, ,
0, ,-40, ,
1, ,-40, ,
-2, ,-40, ,
0, ,-40, ,
0, ,-41, ,
3, ,-40, ,
-6, ,-40, ,
-2, ,-40, ,
-1, ,-40, ,
-5, ,-40, ,
-4, ,-40, ,
0, ,-40, ,
0, ,-40, ,
0, ,-40, ,
-2, ,-40, ,
-4, ,-40, ,
-4, ,-41, ,
-2, ,-40, ,
-6, ,-40, ,
-1, ,-40, ,
4, ,-40, ,
3, ,-40, ,
0, ,-40, ,
3, ,-40, ,
-1, ,-40, ,
-4, ,-40, ,
-6, ,-40, ,
-5, ,-40, ,
-1, ,-41, ,
-1, ,-40, ,
-4, ,-40, ,
0, ,-40, ,
1, ,-41, ,
-2, ,-40, ,
-6, ,-40, ,
-1, ,-40, ,
0, ,-40, ,
5, ,-40, ,
1, ,-40, ,
3, ,-40, ,
3, ,-41, ,
0, ,-40, ,
-6, ,-40, ,
-1, ,-40, ,
-1, ,-40, ,
-2, ,-40, ,
-5, ,-40, ,
3, ,-40, ,
4, ,-40, ,
0, ,-40, ,
-1, ,-40, ,
-1, ,-40, ,
-1, ,-40, ,
3, ,-40, ,
-2, ,-40, ,
3, ,-40, ,
5, ,-40, ,
1, ,-40, ,
1, ,-40, ,
4, ,-40, ,
1, ,-40, ,
1, ,-40, ,
0, ,-40, ,
1, ,-40, ,
1, ,-40, ,
1, ,-40, ,
-1, ,-40, ,
1, ,-40, ,
5, ,-40, ,
0, ,-40, ,
-4, ,-40, ,
4, ,-41, ,
4, ,-40, ,
3, ,-40, ,
4, ,-40, ,
6, ,-39, ,
4, ,-41, ,
5, ,-40, ,
1, ,-40, ,
1, ,-40, ,
3, ,-40, ,
-1, ,-40, ,
-4, ,-40, ,
4, ,-40, ,
0, ,-40, ,
1, ,-40, ,
-1, ,-40, ,
0, ,-40, ,
0, ,-40, ,
3, ,-40, ,
-1, ,-40, ,
3, ,-40, ,
5, ,-40, ,
4, ,-40, ,
1, ,-40, ,
5, ,-40, ,
6, ,-40, ,
4, ,-40, ,
3, ,-40, ,
1, ,-40, ,
3, ,-41, ,
3, ,-40, ,
-2, ,-40, ,
1, ,-40, ,
0, ,-40, ,
4, ,-35, ,
4, ,-25, ,
10, ,-16, ,
10, ,-6, ,
8, ,2, ,
5, ,9, ,
6, ,15, ,
8, ,20, ,
9, ,26, ,
5, ,29, ,
8, ,33, ,
6, ,35, ,
3, ,36, ,
-1, ,40, ,
3, ,42, ,
6, ,44, ,
6, ,45, ,
8, ,47, ,
6, ,47, ,
5, ,48, ,
6, ,49, ,
-1, ,49, ,
3, ,50, ,
5, ,50, ,
3, ,49, ,
1, ,52, ,
4, ,52, ,
5, ,52, ,
4, ,52, ,
4, ,52, ,
8, ,51, ,
5, ,53, ,
8, ,52, ,
3, ,53, ,
6, ,53, ,
5, ,53, ,
3, ,52, ,
0, ,53, ,
1, ,54, ,
0, ,53, ,
1, ,53, ,
3, ,53, ,
3, ,52, ,
5, ,54, ,
4, ,52, ,
1, ,53, ,
5, ,54, ,
4, ,53, ,
3, ,52, ,
-1, ,54, ,
5, ,54, ,
4, ,53, ,
5, ,53, ,
6, ,53, ,
5, ,52, ,
8, ,54, ,
8, ,52, ,
0, ,53, ,
1, ,54, ,
1, ,53, ,
1, ,51, ,
-5, ,53, ,
1, ,53, ,
0, ,53, ,
-1, ,53, ,
1, ,53, ,
0, ,53, ,
0, ,54, ,
4, ,53, ,
-2, ,53, ,
4, ,53, ,
4, ,53, ,
1, ,51, ,
-1, ,54, ,
4, ,53, ,
0, ,53, ,
1, ,53, ,
0, ,53, ,
-2, ,52, ,
1, ,54, ,
3, ,52, ,
-1, ,53, ,
0, ,53, ,
1, ,53, ,
-1, ,51, ,
-4, ,54, ,
-2, ,52, ,
-2, ,52, ,
-2, ,53, ,
-4, ,53, ,
3, ,52, ,
3, ,53, ,
6, ,52, ,
1, ,53, ,
3, ,53, ,
3, ,53, ,
-2, ,51, ,
-4, ,53, ,
0, ,53, ,
-1, ,53, ,
1, ,53, ,
-4, ,53, ,
-1, ,52, ,
1, ,53, ,
1, ,52, ,
-2, ,53, ,
4, ,53, ,
8, ,53, ,
4, ,52, ,
4, ,53, ,
4, ,53, ,
4, ,53, ,
0, ,53, ,
0, ,53, ,
-1, ,52, ,
-2, ,53, ,
0, ,52, ,
-4, ,53, ,
-1, ,53, ,
0, ,53, ,
1, ,51, ,
-4, ,53, ,
3, ,52, ,
-1, ,52, ,
0, ,53, ,
0, ,53, ,
-1, ,52, ,
1, ,53, ,
1, ,52, ,
-4, ,53, ,
4, ,53, ,
1, ,53, ,
1, ,51, ,
3, ,53, ,
1, ,53, ,
1, ,53, ,
-2, ,53, ,
-2, ,53, ,
0, ,52, ,
0, ,53, ,
3, ,52, ,
-4, ,53, ,
0, ,53, ,
1, ,53, ,
-1, ,51, ,
-1, ,53, ,
3, ,53, ,
1, ,52, ,
1, ,52, ,
-1, ,53, ,
1, ,52, ,
-1, ,53, ,
0, ,52, ,
-4, ,52, ,
1, ,53, ,
1, ,52, ,
1, ,51, ,
-2, ,53, ,
3, ,52, ,
-1, ,53, ,
-1, ,52, ,
-5, ,52, ,
-4, ,52, ,
-4, ,53, ,
-2, ,52, ,
-5, ,53, ,
-2, ,53, ,
0, ,53, ,
1, ,51, ,
-5, ,53, ,
3, ,53, ,
-1, ,52, ,
-1, ,53, ,
-2, ,53, ,
3, ,51, ,
1, ,53, ,
1, ,52, ,
-1, ,52, ,
-1, ,53, ,
0, ,53, ,
1, ,51, ,
0, ,53, ,
5, ,52, ,
0, ,52, ,
0, ,53, ,
-1, ,53, ,
-1, ,52, ,
-1, ,53, ,
3, ,52, ,
-5, ,52, ,
0, ,53, ,
4, ,53, ,
0, ,51, ,
0, ,54, ,
5, ,53, ,
3, ,52, ,
3, ,52, ,
-1, ,52, ,
-1, ,51, ,
-1, ,53, ,
-1, ,52, ,
-7, ,52, ,
-2, ,53, ,
-5, ,53, ,
3, ,51, ,
8, ,53, ,
4, ,53, ,
3, ,52, ,
1, ,53, ,
-1, ,53, ,
1, ,51, ,
1, ,53, ,
4, ,52, ,
0, ,53, ,
0, ,53, ,
5, ,53, ,
-2, ,51, ,
-2, ,53, ,
3, ,52, ,
-4, ,52, ,
1, ,52, ,
1, ,53, ,
1, ,52, ,
5, ,53, ,
1, ,52, ,
-5, ,52, ,
0, ,53, ,
0, ,53, ,
0, ,51, ,
-1, ,53, ,
4, ,53, ,
1, ,52, ,
3, ,53, ,
-2, ,53, ,
0, ,52, ,
3, ,53, ,
0, ,52, ,
1, ,52, ,
4, ,53, ,
5, ,53, ,
4, ,51, ,
1, ,53, ,
4, ,52, ,
1, ,52, ,
5, ,52, ,
3, ,53, ,
4, ,52, ,
4, ,53, ,
4, ,52, ,
-1, ,52, ,
1, ,53, ,
3, ,52, ,
3, ,51, ,
-1, ,53, ,
3, ,52, ,
1, ,52, ,
1, ,53, ,
3, ,53, ,
3, ,52, ,
8, ,53, ,
4, ,52, ,
-6, ,53, ,
4, ,53, ,
8, ,53, ,
-4, ,51, ,
3, ,53, ,
5, ,53, ,
3, ,52, ,
6, ,53, ,
5, ,53, ,
4, ,52, ,
4, ,53, ,
4, ,53, ,
-1, ,52, ,
1, ,53, ,
3, ,52, ,
1, ,51, ,
0, ,53, ,
3, ,53, ,
4, ,52, ,
5, ,52, ,
1, ,53, ,
0, ,51, ,
0, ,53, ,
3, ,52, ,
-2, ,52, ,
1, ,53, ,
5, ,53, ,
1, ,51, ,
1, ,53, ,
6, ,53, ,
3, ,53, ,
4, ,53, ,
5, ,53, ,
3, ,52, ,
4, ,53, ,
4, ,52, ,
0, ,52, ,
-1, ,53, ,
1, ,53, ,
-1, ,51, ,
-6, ,53, ,
-1, ,53, ,
0, ,52, ,
-1, ,53, ,
1, ,52, ,
1, ,52, ,
-1, ,53, ,
5, ,52, ,
-4, ,52, ,
0, ,53, ,
0, ,52, ,
-1, ,51, ,
-1, ,53, ,
4, ,52, ,
4, ,52, ,
4, ,53, ,
1, ,53, ,
1, ,51, ,
0, ,53, ,
5, ,52, ,
-4, ,52, ,
-1, ,53, ,
0, ,53, ,
-2, ,51, ,
-6, ,53, ,
1, ,52, ,
0, ,52, ,
1, ,52, ,
-1, ,53, ,
1, ,51, ,
3, ,53, ,
6, ,53, ,
1, ,52, ,
4, ,53, ,
4, ,53, ,
-2, ,51, ,
-4, ,53, ,
1, ,53, ,
-6, ,52, ,
0, ,52, ,
0, ,53, ,
1, ,52, ,
4, ,53, ,
4, ,52, ,
1, ,53, ,
4, ,53, ,
3, ,52, ,
3, ,51, ,
-2, ,53, ,
4, ,53, ,
1, ,52, ,
1, ,52, ,
1, ,52, ,
3, ,52, ,
3, ,53, ,
4, ,52, ,
-1, ,53, ,
-1, ,53, ,
0, ,52, ,
-1, ,51, ,
-2, ,53, ,
3, ,53, ,
1, ,52, ,
1, ,52, ,
0, ,52, ,
0, ,52, ,
0, ,54, ,
0, ,52, ,
-4, ,52, ,
3, ,53, ,
3, ,53, ,
1, ,51, ,
-1, ,53, ,
-1, ,53, ,
-4, ,52, ,
-4, ,52, ,
-4, ,53, ,
-1, ,52, ,
0, ,53, ,
3, ,52, ,
-5, ,53, ,
0, ,53, ,
1, ,52, ,
-2, ,51, ,
-6, ,53, ,
-1, ,53, ,
0, ,53, ,
4, ,52, ,
-1, ,53, ,
3, ,52, ,
0, ,53, ,
0, ,52, ,
-4, ,53, ,
-2, ,53, ,
-1, ,53, ,
-1, ,51, ,
0, ,53, ,
3, ,52, ,
1, ,53, ,
1, ,53, ,
-1, ,53, ,
0, ,51, ,
0, ,53, ,
3, ,52, ,
-2, ,52, ,
0, ,53, ,
5, ,53, ,
1, ,51, ,
-4, ,53, ,
4, ,52, ,
1, ,52, ,
0, ,52, ,
-1, ,53, ,
-1, ,52, ,
3, ,53, ,
3, ,52, ,
-4, ,53, ,
1, ,53, ,
1, ,53, ,
4, ,51, ,
0, ,53, ,
3, ,52, ,
-1, ,52, ,
-2, ,53, ,
-1, ,53, ,
-1, ,52, ,
0, ,53, ,
5, ,52, ,
-4, ,52, ,
3, ,53, ,
4, ,53, ,
4, ,52, ,
-1, ,53, ,
3, ,53, ,
1, ,52, ,
4, ,53, ,
0, ,53, ,
4, ,52, ,
0, ,53, ,
0, ,52, ,
-9, ,53, ,
-4, ,53, ,
-1, ,53, ,
-2, ,51, ,
-5, ,53, ,
1, ,52, ,
1, ,52, ,
1, ,53, ,
-2, ,53, ,
1, ,52, ,
0, ,53, ,
4, ,52, ,
3, ,53, ,
4, ,53, ,
8, ,52, ,
3, ,51, ,
1, ,53, ,
4, ,53, ,
-4, ,53, ,
0, ,53, ,
-1, ,53, ,
0, ,51, ,
1, ,53, ,
3, ,52, ,
1, ,53, ,
4, ,53, ,
4, ,52, ,
3, ,51, ,
0, ,53, ,
5, ,52, ,
3, ,52, ,
1, ,52, ,
0, ,53, ,
3, ,51, ,
0, ,53, ,
1, ,52, ,
-5, ,52, ,
1, ,52, ,
4, ,53, ,
3, ,51, ,
1, ,53, ,
6, ,52, ,
4, ,52, ,
3, ,53, ,
1, ,53, ,
0, ,52, ,
1, ,53, ,
4, ,52, ,
-1, ,52, ,
5, ,53, ,
5, ,53, ,
4, ,51, ,
3, ,53, ,
5, ,53, ,
4, ,52, ,
0, ,53, ,
1, ,53, ,
1, ,52, ,
0, ,53, ,
4, ,52, ,
1, ,53, ,
5, ,53, ,
6, ,52, ,
5, ,51, ,
1, ,53, ,
9, ,53, ,
4, ,52, ,
4, ,52, ,
1, ,53, ,
4, ,51, ,
5, ,53, ,
8, ,52, ,
1, ,52, ,
1, ,53, ,
4, ,52, ,
1, ,51, ,
-1, ,53, ,
4, ,52, ,
1, ,52, ,
0, ,52, ,
-1, ,53, ,
1, ,52, ,
-1, ,53, ,
-1, ,52, ,
-4, ,52, ,
-1, ,53, ,
3, ,53, ,
4, ,51, ,
1, ,53, ,
6, ,52, ,
3, ,53, ,
6, ,53, ,
1, ,53, ,
-1, ,52, ,
0, ,53, ,
1, ,53, ,
-5, ,53, ,
4, ,53, ,
6, ,53, ,
4, ,51, ,
0, ,53, ,
1, ,52, ,
-1, ,52, ,
-2, ,52, ,
-4, ,52, ,
1, ,52, ,
1, ,53, ,
3, ,52, ,
-1, ,53, ,
1, ,53, ,
3, ,53, ,
0, ,52, ,
-2, ,53, ,
3, ,52, ,
5, ,52, ,
5, ,53, ,
6, ,53, ,
6, ,52, ,
3, ,53, ,
3, ,52, ,
-5, ,53, ,
-1, ,53, ,
-2, ,53, ,
-2, ,51, ,
0, ,53, ,
5, ,53, ,
4, ,52, ,
4, ,53, ,
1, ,53, ,
3, ,52, ,
3, ,53, ,
5, ,53, ,
-1, ,53, ,
4, ,53, ,
5, ,52, ,
1, ,51, ,
-1, ,53, ,
3, ,53, ,
-1, ,52, ,
0, ,53, ,
-2, ,53, ,
0, ,52, ,
3, ,53, ,
3, ,52, ,
-1, ,52, ,
3, ,53, ,
-1, ,53, ,
-1, ,51, ,
-4, ,53, ,
1, ,53, ,
0, ,53, ,
1, ,52, ,
3, ,53, ,
3, ,52, ,
5, ,53, ,
3, ,52, ,
-6, ,52, ,
-2, ,53, ,
-1, ,53, ,
-2, ,51, ,
-9, ,53, ,
1, ,52, ,
-1, ,52, ,
0, ,52, ,
-1, ,53, ,
1, ,52, ,
1, ,53, ,
1, ,52, ,
-5, ,53, ,
1, ,53, ,
1, ,52, ,
0, ,51, ,
-2, ,54, ,
1, ,52, ,
0, ,52, ,
-1, ,53, ,
-1, ,53, ,
0, ,52, ,
-1, ,53, ,
1, ,52, ,
-5, ,52, ,
0, ,53, ,
3, ,52, ,
-2, ,51, ,
-6, ,53, ,
-1, ,53, ,
-2, ,52, ,
0, ,53, ,
-4, ,53, ,
1, ,52, ,
3, ,53, ,
3, ,52, ,
-4, ,52, ,
0, ,53, ,
0, ,53, ,
-2, ,51, ,
-5, ,53, ,
-1, ,53, ,
-5, ,52, ,
0, ,53, ,
1, ,53, ,
3, ,51, ,
4, ,53, ,
4, ,52, ,
-1, ,53, ,
0, ,53, ,
3, ,53, ,
0, ,51, ,
-2, ,53, ,
4, ,53, ,
0, ,52, ,
1, ,53, ,
1, ,53, ,
-1, ,52, ,
1, ,53, ,
3, ,52, ,
-9, ,53, ,
5, ,53, ,
3, ,52, ,
-1, ,51, ,
0, ,53, ,
0, ,53, ,
-1, ,52, ,
-4, ,52, ,
-5, ,53, ,
-1, ,52, ,
-1, ,53, ,
3, ,52, ,
-2, ,53, ,
0, ,53, ,
3, ,53, ,
0, ,51, ,
0, ,53, ,
1, ,53, ,
1, ,53, ,
3, ,53, ,
0, ,53, ,
4, ,52, ,
1, ,53, ,
-2, ,52, ,
-6, ,52, ,
-2, ,53, ,
-2, ,53, ,
-4, ,51, ,
-6, ,53, ,
-2, ,52, ,
-2, ,53, ,
4, ,52, ,
-1, ,53, ,
3, ,51, ,
1, ,53, ,
1, ,52, ,
-2, ,52, ,
1, ,53, ,
3, ,53, ,
-1, ,51, ,
-1, ,53, ,
4, ,53, ,
-5, ,53, ,
0, ,53, ,
-2, ,52, ,
1, ,51, ,
3, ,53, ,
4, ,52, ,
3, ,52, ,
3, ,53, ,
4, ,53, ,
1, ,51, ,
1, ,53, ,
6, ,52, ,
4, ,52, ,
3, ,53, ,
0, ,53, ,
4, ,51, ,
4, ,53, ,
8, ,52, ,
1, ,53, ,
5, ,53, ,
4, ,53, ,
3, ,51, ,
-1, ,53, ,
4, ,53, ,
1, ,52, ,
8, ,53, ,
0, ,53, ,
0, ,52, ,
9, ,53, ,
3, ,52, ,
-1, ,53, ,
5, ,53, ,
3, ,53, ,
4, ,51, ,
-1, ,53, ,
6, ,52, ,
5, ,52, ,
3, ,53, ,
3, ,53, ,
5, ,52, ,
3, ,53, ,
5, ,52, ,
-4, ,53, ,
0, ,53, ,
4, ,53, ,
-1, ,51, ,
1, ,53, ,
4, ,53, ,
-1, ,52, ,
-1, ,53, ,
0, ,53, ,
4, ,52, ,
8, ,53, ,
9, ,52, ,
3, ,53, ,
4, ,53, ,
4, ,53, ,
0, ,51, ,
-2, ,53, ,
1, ,52, ,
3, ,52, ,
1, ,53, ,
-1, ,53, ,
3, ,52, ,
0, ,53, ,
3, ,52, ,
-5, ,53, ,
1, ,53, ,
1, ,53, ,
3, ,51, ,
0, ,53, ,
6, ,52, ,
3, ,53, ,
4, ,52, ,
3, ,53, ,
3, ,51, ,
5, ,53, ,
5, ,52, ,
3, ,52, ,
8, ,53, ,
6, ,53, ,
9, ,51, ,
5, ,50, ,
3, ,41, ,
-4, ,31, ,
-5, ,21, ,
-9, ,13, ,
-5, ,6, ,
-4, ,-1, ,
0, ,-6, ,
-4, ,-10, ,
0, ,-16, ,
3, ,-19, ,
-1, ,-22, ,
-1, ,-24, ,
5, ,-27, ,
1, ,-28, ,
3, ,-30, ,
1, ,-31, ,
3, ,-32, ,
-1, ,-35, ,
0, ,-36, ,
-4, ,-36, ,
0, ,-37, ,
1, ,-38, ,
-1, ,-38, ,
-2, ,-39, ,
1, ,-39, ,
4, ,-39, ,
3, ,-39, ,
4, ,-40, ,
4, ,-39, ,
3, ,-40, ,
4, ,-40, ,
-1, ,-40, ,
1, ,-40, ,
6, ,-40, ,
1, ,-40, ,
1, ,-41, ,
6, ,-41, ,
3, ,-41, ,
0, ,-41, ,
0, ,-41, ,
-4, ,-41, ,
0, ,-41, ,
-2, ,-41, ,
-5, ,-40, ,
0, ,-41, ,
3, ,-41, ,
1, ,-40, ,
1, ,-41, ,
6, ,-41, ,
3, ,-40, ,
1, ,-41, ,
-2, ,-40, ,
1, ,-41, ,
-1, ,-41, ,
-1, ,-41, ,
-4, ,-40, ,
1, ,-41, ,
3, ,-41, ,
-1, ,-40, ,
-6, ,-41, ,
-1, ,-40, ,
-2, ,-40, ,
-1, ,-41, ,
-2, ,-40, ,
1, ,-41, ,
3, ,-41, ,
3, ,-41, ,
-4, ,-40, ,
4, ,-40, ,
4, ,-41, ,
3, ,-40, ,
1, ,-41, ,
5, ,-40, ,
6, ,-40, ,
3, ,-40, ,
1, ,-40, ,
0, ,-40, ,
0, ,-41, ,
4, ,-40, ,
-2, ,-40, ,
0, ,-40, ,
4, ,-40, ,
3, ,-40, ,
1, ,-40, ,
5, ,-40, ,
4, ,-40, ,
5, ,-40, ,
3, ,-40, ,
3, ,-40, ,
1, ,-41, ,
4, ,-40, ,
0, ,-40, ,
0, ,-40, ,
1, ,-41, ,
0, ,-40, ,
-4, ,-41, ,
-1, ,-41, ,
1, ,-40, ,
1, ,-40, ,
0, ,-40, ,
0, ,-40, ,
1, ,-41, ,
4, ,-40, ,
0, ,-40, ,
-1, ,-40, ,
4, ,-41, ,
-1, ,-40, ,
-5, ,-40, ,
-1, ,-40, ,
-1, ,-40, ,
1, ,-40, ,
0, ,-40, ,
-1, ,-40, ,
1, ,-40, ,
-1, ,-40, ,
-5, ,-40, ,
-4, ,-40, ,
-1, ,-41, ,
-2, ,-40, ,
-4, ,-40, ,
1, ,-40, ,
-2, ,-40, ,
-4, ,-41, ,
-6, ,-40, ,
-4, ,-40, ,
-5, ,-41, ,
-1, ,-40, ,
-6, ,-40, ,
-1, ,-40, ,
0, ,-40, ,
0, ,-40, ,
-4, ,-40, ,
1, ,-40, ,
1, ,-40, ,
1, ,-40, ,
0, ,-40, ,
-1, ,-40, ,
-2, ,-41, ,
-2, ,-40, ,
-9, ,-40, ,
-1, ,-40, ,
-1, ,-40, ,
-1, ,-40, ,
-6, ,-40, ,
0, ,-40, ,
0, ,-40, ,
0, ,-40, ,
-1, ,-40, ,
3, ,-40, ,
1, ,-41, ,
4, ,-40, ,
-1, ,-40, ,
0, ,-40, ,
4, ,-40, ,
-4, ,-40, ,
-7, ,-40, ,
-1, ,-41, ,
-1, ,-40, ,
0, ,-40, ,
-1, ,-40, ,
4, ,-40, ,
1, ,-41, ,
-2, ,-40, ,
-5, ,-40, ,
-4, ,-40, ,
1, ,-40, ,
0, ,-40, ,
-5, ,-40, ,
9, ,-40, ,
4, ,-40, ,
0, ,-40, ,
1, ,-40, ,
0, ,-40, ,
1, ,-41, ,
1, ,-40, ,
-1, ,-40, ,
3, ,-40, ,
1, ,-40, ,
0, ,-40, ,
-4, ,-40, ,
0, ,-40, ,
0, ,-40, ,
1, ,-40, ,
-1, ,-40, ,
1, ,-40, ,
5, ,-40, ,
4, ,-40, ,
-2, ,-40, ,
1, ,-40, ,
3, ,-40, ,
1, ,-40, ,
-2, ,-40, ,
1, ,-40, ,
5, ,-40, ,
3, ,-40, ,
0, ,-40, ,
3, ,-40, ,
0, ,-40, ,
-1, ,-40, ,
-6, ,-40, ,
-5, ,-40, ,
1, ,-40, ,
-4, ,-40, ,
-2, ,-40, ,
1, ,-40, ,
1, ,-40, ,
1, ,-40, ,
3, ,-40, ,
0, ,-40, ,
3, ,-40, ,
3, ,-40, ,
-1, ,-40, ,
1, ,-40, ,
1, ,-40, ,
0, ,-40, ,
-2, ,-40, ,
1, ,-40, ,
1, ,-40, ,
0, ,-40, ,
-1, ,-40, ,
4, ,-40, ,
5, ,-41, ,
4, ,-40, ,
-1, ,-40, ,
3, ,-40, ,
4, ,-40, ,
0, ,-40, ,
-4, ,-40, ,
3, ,-40, ,
3, ,-40, ,
4, ,-40, ,
3, ,-40, ,
4, ,-40, ,
5, ,-40, ,
5, ,-40, ,
0, ,-40, ,
4, ,-40, ,
3, ,-40, ,
3, ,-40, ,
-1, ,-40, ,
4, ,-40, ,
3, ,-40, ,
1, ,-40, ,
1, ,-40, ,
3, ,-40, ,
4, ,-40, ,
5, ,-40, ,
-2, ,-40, ,
3, ,-40, ,
5, ,-40, ,
4, ,-40, ,
3, ,-40, ,
6, ,-40, ,
4, ,-40, ,
1, ,-40, ,
0, ,-40, ,
0, ,-40, ,
3, ,-41, ,
1, ,-40, ,
-2, ,-40, ,
4, ,-40, ,
4, ,-40, ,
0, ,-40, ,
0, ,-40, ,
1, ,-40, ,
0, ,-40, ,
-1, ,-40, ,
-4, ,-40, ,
3, ,-40, ,
5, ,-41, ,
4, ,-40, ,
1, ,-40, ,
5, ,-40, ,
5, ,-40, ,
6, ,-40, ,
4, ,-40, ,
0, ,-40, ,
-2, ,-40, ,
0, ,-40, ,
-1, ,-40, ,
1, ,-40, ,
5, ,-40, ,
3, ,-40, ,
0, ,-40, ,
1, ,-40, ,
3, ,-40, ,
3, ,-40, ,
-1, ,-40, ,
8, ,-40, ,
6, ,-40, ,
6, ,-40, ,
3, ,-40, ,
1, ,-40, ,
3, ,-41, ,
4, ,-40, ,
3, ,-40, ,
5, ,-40, ,
8, ,-40, ,
8, ,-40, ,
3, ,-40, ,
5, ,-40, ,
1, ,-40, ,
-1, ,-40, ,
-2, ,-40, ,
1, ,-40, ,
5, ,-40, ,
3, ,-40, ,
1, ,-40, ,
5, ,-40, ,
6, ,-40, ,
6, ,-40, ,
5, ,-40, ,
3, ,-40, ,
8, ,-40, ,
0, ,-40, ,
1, ,-40, ,
5, ,-40, ,
1, ,-40, ,
3, ,-40, ,
-1, ,-40, ,
1, ,-40, ,
6, ,-40, ,
3, ,-40, ,
1, ,-40, ,
5, ,-40, ,
6, ,-40, ,
6, ,-40, ,
4, ,-40, ,
6, ,-40, ,
0, ,-40, ,
1, ,-40, ,
3, ,-40, ,
-1, ,-40, ,
3, ,-40, ,
3, ,-40, ,
-1, ,-40, ,
6, ,-40, ,
4, ,-40, ,
0, ,-40, ,
-1, ,-40, ,
0, ,-40, ,
3, ,-41, ,
3, ,-41, ,
0, ,-40, ,
3, ,-40, ,
4, ,-40, ,
0, ,-40, ,
-2, ,-40, ,
1, ,-40, ,
0, ,-40, ,
-1, ,-40, ,
0, ,-40, ,
0, ,-40, ,
3, ,-41, ,
1, ,-40, ,
0, ,-40, ,
4, ,-40, ,
1, ,-41, ,
4, ,-40, ,
-5, ,-40, ,
4, ,-40, ,
-7, ,-40, ,
0, ,-40, ,
1, ,-40, ,
-4, ,-40, ,
4, ,-41, ,
3, ,-40, ,
-6, ,-40, ,
-1, ,-40, ,
5, ,-40, ,
1, ,-40, ,
0, ,-40, ,
5, ,-40, ,
1, ,-40, ,
1, ,-40, ,
0, ,-40, ,
0, ,-40, ,
-1, ,-41, ,
-1, ,-40, ,
-4, ,-40, ,
1, ,-40, ,
1, ,-40, ,
4, ,-40, ,
-2, ,-40, ,
3, ,-40, ,
3, ,-40, ,
0, ,-40, ,
-1, ,-40, ,
0, ,-40, ,
1, ,-40, ,
5, ,-40, ,
1, ,-40, ,
4, ,-40, ,
8, ,-40, ,
1, ,-40, ,
-2, ,-40, ,
0, ,-40, ,
-2, ,-40, ,
-4, ,-40, ,
-9, ,-40, ,
-9, ,-40, ,
-11, ,-40, ,
-14, ,-40, ,
-22, ,-40, ,
-14, ,-40, ,
-6, ,-40, ,
-7, ,-40, ,
-6, ,-40, ,
3, ,-40, ,
6, ,-40, ,
10, ,-40, ,
11, ,-40, ,
9, ,-40, ,
8, ,-40, ,
6, ,-40, ,
-4, ,-40, ,
-1, ,-40, ,
0, ,-40, ,
-2, ,-40, ,
-6, ,-40, ,
-1, ,-40, ,
-4, ,-40, ,
-4, ,-40, ,
-7, ,-40, ,
-5, ,-40, ,
-1, ,-40, ,
0, ,-40, ,
-4, ,-40, ,
0, ,-40, ,
3, ,-40, ,
-1, ,-40, ,
-5, ,-40, ,
-2, ,-40, ,
0, ,-40, ,
-1, ,-40, ,
0, ,-40, ,
4, ,-40, ,
1, ,-41, ,
0, ,-40, ,
-7, ,-40, ,
-4, ,-40, ,
-1, ,-40, ,
-2, ,-40, ,
-7, ,-40, ,
0, ,-40, ,
0, ,-40, ,
-4, ,-40, ,
-2, ,-40, ,
-1, ,-40, ,
1, ,-41, ,
1, ,-40, ,
-2, ,-40, ,
-2, ,-40, ,
1, ,-40, ,
-4, ,-40, ,
-7, ,-40, ,
1, ,-40, ,
1, ,-40, ,
0, ,-40, ,
0, ,-40, ,
3, ,-40, ,
1, ,-40, ,
0, ,-40, ,
-4, ,-40, ,
-2, ,-40, ,
4, ,-41, ,
3, ,-40, ,
-2, ,-40, ,
3, ,-40, ,
1, ,-40, ,
3, ,-40, ,
1, ,-40, ,
-1, ,-40, ,
-1, ,-40, ,
-1, ,-40, ,
-4, ,-40, ,
0, ,-40, ,
0, ,-40, ,
-1, ,-40, ,
-7, ,-40, ,
-2, ,-40, ,
-1, ,-40, ,
-4, ,-40, ,
0, ,-40, ,
5, ,-40, ,
5, ,-40, ,
6, ,-40, ,
-1, ,-40, ,
4, ,-40, ,
4, ,-40, ,
1, ,-40, ,
-4, ,-40, ,
1, ,-40, ,
4, ,-40, ,
4, ,-40, ,
4, ,-40, ,
5, ,-40, ,
4, ,-40, ,
-1, ,-40, ,
-6, ,-40, ,
-4, ,-40, ,
0, ,-40, ,
0, ,-40, ,
4, ,-40, ,
8, ,-40, ,
5, ,-40, ,
3, ,-40, ,
-2, ,-40, ,
1, ,-40, ,
3, ,-40, ,
5, ,-40, ,
4, ,-40, ,
4, ,-40, ,
5, ,-40, ,
0, ,-40, ,
-6, ,-40, ,
0, ,-40, ,
-2, ,-40, ,
1, ,-40, ,
1, ,-40, ,
5, ,-40, ,
6, ,-40, ,
4, ,-40, ,
-1, ,-40, ,
0, ,-40, ,
3, ,-40, ,
1, ,-40, ,
-1, ,-40, ,
6, ,-40, ,
5, ,-40, ,
6, ,-40, ,
4, ,-40, ,
8, ,-40, ,
5, ,-40, ,
6, ,-40, ,
3, ,-40, ,
4, ,-40, ,
5, ,-40, ,
5, ,-40, ,
-1, ,-40, ,
6, ,-40, ,
3, ,-40, ,
3, ,-40, ,
3, ,-40, ,
3, ,-40, ,
4, ,-41, ,
3, ,-40, ,
-1, ,-40, ,
5, ,-40, ,
8, ,-40, ,
5, ,-40, ,
3, ,-40, ,
5, ,-40, ,
3, ,-40, ,
0, ,-40, ,
-2, ,-40, ,
0, ,-40, ,
0, ,-40, ,
1, ,-40, ,
-1, ,-40, ,
4, ,-40, ,
5, ,-40, ,
4, ,-40, ,
1, ,-40, ,
3, ,-40, ,
3, ,-40, ,
4, ,-40, ,
1, ,-40, ,
5, ,-40, ,
6, ,-41, ,
4, ,-40, ,
-1, ,-40, ,
1, ,-40, ,
1, ,-40, ,
0, ,-40, ,
-2, ,-40, ,
6, ,-40, ,
4, ,-40, ,
3, ,-40, ,
0, ,-40, ,
4, ,-40, ,
1, ,-40, ,
1, ,-40, ,
-1, ,-40, ,
1, ,-40, ,
5, ,-40, ,
4, ,-40, ,
-1, ,-40, ,
4, ,-40, ,
1, ,-40, ,
3, ,-40, ,
1, ,-40, ,
0, ,-40, ,
4, ,-40, ,
1, ,-40, ,
1, ,-40, ,
8, ,-40, ,
5, ,-40, ,
4, ,-40, ,
0, ,-40, ,
4, ,-40, ,
1, ,-40, ,
1, ,-40, ,
1, ,-40, ,
3, ,-40, ,
4, ,-40, ,
9, ,-40, ,
-1, ,-40, ,
6, ,-40, ,
8, ,-40, ,
8, ,-40, ,
5, ,-40, ,
6, ,-40, ,
9, ,-40, ,
6, ,-40, ,
5, ,-40, ,
6, ,-40, ,
6, ,-40, ,
4, ,-40, ,
-1, ,-40, ,
1, ,-40, ,
5, ,-40, ,
4, ,-40, ,
1, ,-40, ,
4, ,-40, ,
3, ,-40, ,
0, ,-40, ,
1, ,-40, ,
5, ,-40, ,
6, ,-41, ,
1, ,-40, ,
0, ,-40, ,
8, ,-40, ,
9, ,-40, ,
4, ,-40, ,
-1, ,-40, ,
6, ,-40, ,
0, ,-40, ,
3, ,-40, ,
1, ,-40, ,
1, ,-40, ,
5, ,-40, ,
3, ,-40, ,
1, ,-40, ,
3, ,-40, ,
5, ,-40, ,
3, ,-40, ,
-1, ,-40, ,
5, ,-40, ,
3, ,-40, ,
4, ,-40, ,
4, ,-40, ,
1, ,-40, ,
5, ,-40, ,
6, ,-40, ,
1, ,-40, ,
5, ,-40, ,
4, ,-40, ,
0, ,-40, ,
-6, ,-40, ,
0, ,-40, ,
-1, ,-40, ,
-2, ,-40, ,
-1, ,-40, ,
-2, ,-40, ,
1, ,-41, ,
1, ,-40, ,
-4, ,-40, ,
3, ,-40, ,
4, ,-40, ,
3, ,-40, ,
0, ,-40, ,
5, ,-40, ,
1, ,-40, ,
-2, ,-40, ,
-5, ,-40, ,
-5, ,-40, ,
-5, ,-41, ,
-1, ,-40, ,
-5, ,-40, ,
1, ,-40, ,
3, ,-40, ,
0, ,-40, ,
-4, ,-40, ,
0, ,-40, ,
-1, ,-40, ,
-2, ,-40, ,
-4, ,-40, ,
-1, ,-40, ,
0, ,-41, ,
3, ,-40, ,
-2, ,-40, ,
0, ,-40, ,
0, ,-40, ,
-1, ,-40, ,
-4, ,-40, ,
0, ,-40, ,
-1, ,-40, ,
-1, ,-40, ,
-2, ,-40, ,
-2, ,-40, ,
-1, ,-40, ,
-1, ,-40, ,
-10, ,-40, ,
-6, ,-40, ,
-2, ,-40, ,
-5, ,-40, ,
-6, ,-40, ,
1, ,-40, ,
-6, ,-40, ,
-6, ,-40, ,
-6, ,-40, ,
-7, ,-40, ,
-5, ,-40, ,
-5, ,-40, ,
-5, ,-40, ,
-2, ,-40, ,
-2, ,-41, ,
-5, ,-40, ,
-7, ,-40, ,
-2, ,-40, ,
-4, ,-40, ,
-7, ,-40, ,
-6, ,-40, ,
-5, ,-40, ,
-2, ,-41, ,
-4, ,-40, ,
-7, ,-40, ,
-4, ,-40, ,
-1, ,-40, ,
-4, ,-40, ,
-7, ,-40, ,
-2, ,-40, ,
-4, ,-40, ,
-2, ,-40, ,
-7, ,-40, ,
-4, ,-40, ,
-5, ,-40, ,
-5, ,-40, ,
-11, ,-40, ,
-6, ,-40, ,
-5, ,-40, ,
-5, ,-40, ,
-6, ,-40, ,
-5, ,-40, ,
-1, ,-40, ,
0, ,-40, ,
-5, ,-40, ,
-1, ,-40, ,
-1, ,-40, ,
1, ,-40, ,
-4, ,-40, ,
-2, ,-40, ,
1, ,-40, ,
-1, ,-40, ,
-2, ,-40, ,
4, ,-40, ,
3, ,-40, ,
-1, ,-40, ,
-1, ,-40, ,
0, ,-40, ,
1, ,-41, ,
-1, ,-40, ,
-5, ,-40, ,
-2, ,-40, ,
0, ,-40, ,
-1, ,-40, ,
-6, ,-40, ,
0, ,-40, ,
0, ,-40, ,
0, ,-40, ,
0, ,-40, ,
3, ,-40, ,
3, ,-41, ,
1, ,-40, ,
-1, ,-40, ,
1, ,-40, ,
-1, ,-40, ,
-2, ,-40, ,
-11, ,-40, ,
-6, ,-38, ,
3, ,-30, ,
4, ,-21, ,
3, ,-10, ,
11, ,-2, ,
13, ,6, ,
3, ,12, ,
1, ,18, ,
4, ,22, ,
8, ,27, ,
9, ,30, ,
8, ,34, ,
10, ,36, ,
10, ,39, ,
5, ,40, ,
5, ,42, ,
4, ,44, ,
1, ,47, ,
4, ,47, ,
-2, ,48, ,
3, ,49, ,
6, ,49, ,
4, ,49, ,
0, ,51, ,
4, ,51, ,
4, ,51, ,
5, ,51, ,
0, ,52, ,
4, ,51, ,
5, ,53, ,
9, ,52, ,
1, ,52, ,
4, ,53, ,
3, ,53, ,
4, ,52, ,
-1, ,53, ,
3, ,53, ,
5, ,53, ,
1, ,53, ,
1, ,54, ,
6, ,52, ,
3, ,54, ,
5, ,53, ,
1, ,53, ,
5, ,54, ,
4, ,54, ,
4, ,52, ,
0, ,54, ,
5, ,53, ,
5, ,53, ,
8, ,53, ,
6, ,53, ,
4, ,52, ,
8, ,53, ,
5, ,52, ,
1, ,53, ,
4, ,53, ,
6, ,53, ,
6, ,52, ,
5, ,54, ,
6, ,53, ,
4, ,53, ,
3, ,53, ,
3, ,54, ,
4, ,52, ,
4, ,54, ,
9, ,53, ,
0, ,53, ,
5, ,53, ,
5, ,53, ,
5, ,52, ,
3, ,54, ,
6, ,53, ,
3, ,52, ,
3, ,53, ,
0, ,53, ,
4, ,52, ,
5, ,54, ,
5, ,52, ,
1, ,52, ,
3, ,53, ,
4, ,53, ,
3, ,52, ,
0, ,53, ,
4, ,53, ,
5, ,53, ,
4, ,53, ,
3, ,53, ,
5, ,52, ,
4, ,54, ,
4, ,52, ,
-1, ,53, ,
3, ,53, ,
5, ,53, ,
1, ,51, ,
1, ,53, ,
6, ,53, ,
4, ,53, ,
1, ,52, ,
-2, ,53, ,
1, ,52, ,
3, ,53, ,
4, ,52, ,
-1, ,52, ,
4, ,53, ,
5, ,53, ,
3, ,51, ,
0, ,53, ,
4, ,53, ,
5, ,52, ,
4, ,53, ,
4, ,53, ,
4, ,51, ,
6, ,53, ,
9, ,52, ,
4, ,53, ,
6, ,53, ,
5, ,53, ,
4, ,51, ,
-2, ,53, ,
1, ,52, ,
1, ,52, ,
1, ,53, ,
3, ,53, ,
3, ,52, ,
3, ,53, ,
9, ,52, ,
4, ,52, ,
6, ,53, ,
8, ,53, ,
8, ,51, ,
4, ,53, ,
6, ,52, ,
4, ,52, ,
5, ,53, ,
3, ,53, ,
3, ,52, ,
0, ,54, ,
3, ,52, ,
-4, ,52, ,
0, ,53, ,
4, ,53, ,
0, ,51, ,
1, ,53, ,
3, ,53, ,
-1, ,52, ,
1, ,52, ,
-5, ,53, ,
0, ,51, ,
0, ,54, ,
4, ,52, ,
0, ,53, ,
4, ,53, ,
3, ,53, ,
1, ,51, ,
-4, ,54, ,
0, ,53, ,
-4, ,52, ,
-1, ,53, ,
-1, ,52, ,
0, ,52, ,
1, ,53, ,
1, ,53, ,
-2, ,52, ,
-1, ,53, ,
1, ,53, ,
0, ,52, ,
-2, ,54, ,
3, ,53, ,
-4, ,52, ,
-1, ,53, ,
-4, ,53, ,
-2, ,51, ,
-2, ,53, ,
-2, ,52, ,
-4, ,53, ,
-4, ,53, ,
-1, ,52, ,
-1, ,51, ,
-5, ,54, ,
-1, ,52, ,
-2, ,52, ,
-5, ,52, ,
-6, ,53, ,
-5, ,52, ,
-4, ,53, ,
0, ,52, ,
-4, ,53, ,
3, ,53, ,
0, ,53, ,
1, ,51, ,
-4, ,53, ,
-1, ,53, ,
-2, ,52, ,
-4, ,53, ,
-7, ,53, ,
-2, ,52, ,
-1, ,53, ,
0, ,52, ,
-6, ,53, ,
-1, ,53, ,
-1, ,53, ,
-4, ,51, ,
-4, ,53, ,
-2, ,53, ,
0, ,52, ,
-1, ,53, ,
-4, ,53, ,
0, ,52, ,
-2, ,53, ,
1, ,52, ,
-2, ,52, ,
0, ,53, ,
3, ,53, ,
-1, ,51, ,
-1, ,53, ,
4, ,53, ,
0, ,52, ,
3, ,53, ,
-1, ,53, ,
-1, ,52, ,
0, ,53, ,
-1, ,53, ,
-4, ,53, ,
3, ,53, ,
3, ,53, ,
1, ,51, ,
-4, ,53, ,
0, ,52, ,
-1, ,52, ,
-4, ,53, ,
-1, ,52, ,
-4, ,51, ,
-5, ,53, ,
-4, ,52, ,
-6, ,53, ,
1, ,53, ,
1, ,53, ,
0, ,51, ,
-9, ,54, ,
-1, ,53, ,
-5, ,53, ,
-6, ,53, ,
-5, ,53, ,
-1, ,51, ,
4, ,53, ,
5, ,52, ,
-5, ,53, ,
1, ,53, ,
-2, ,53, ,
-6, ,51, ,
-5, ,53, ,
-1, ,53, ,
0, ,52, ,
0, ,53, ,
-1, ,53, ,
-1, ,51, ,
-5, ,53, ,
-1, ,52, ,
-6, ,52, ,
1, ,53, ,
4, ,52, ,
3, ,51, ,
1, ,53, ,
6, ,53, ,
3, ,52, ,
5, ,53, ,
-2, ,53, ,
3, ,51, ,
1, ,53, ,
3, ,52, ,
-2, ,52, ,
1, ,53, ,
0, ,53, ,
0, ,51, ,
-2, ,53, ,
4, ,52, ,
1, ,52, ,
3, ,53, ,
-1, ,52, ,
3, ,52, ,
3, ,53, ,
4, ,52, ,
0, ,52, ,
0, ,53, ,
3, ,53, ,
-1, ,51, ,
-4, ,53, ,
4, ,52, ,
0, ,52, ,
1, ,52, ,
5, ,53, ,
4, ,51, ,
5, ,53, ,
4, ,52, ,
1, ,53, ,
3, ,53, ,
3, ,53, ,
0, ,51, ,
-2, ,53, ,
3, ,53, ,
1, ,52, ,
3, ,52, ,
4, ,53, ,
4, ,52, ,
3, ,52, ,
1, ,52, ,
-2, ,53, ,
1, ,52, ,
1, ,53, ,
0, ,51, ,
-1, ,53, ,
6, ,53, ,
3, ,52, ,
3, ,53, ,
