Format,1.0B,
Memory Length,10000,Memory Length,10000,
IntpDistance,0,IntpDistance,0,
Trigger Address,4999,Trigger Address,4999,
Trigger Level,-1.000E+00,Trigger Level,-1.000E+00,
Source,CH1,Source,CH2,
Vertical Units,V,Vertical Units,V,
Vertical Units Div,0,Vertical Units Div,0,
Vertical Units Extend Div,16,Vertical Units Extend Div,16,
Label,,Label,,
Probe Type,0,Probe Type,0,
Probe Ratio,1.000e+01,Probe Ratio,1.000e+00,
Vertical Scale,2.000e-02,Vertical Scale,1.000e+00,
Vertical Position,-5.120e-02,Vertical Position,2.000e-01,
Horizontal Units,S,Horizontal Units,S,
Horizontal Scale,1.000E-05,Horizontal Scale,1.000E-05,
Horizontal Position,0.000E+00,Horizontal Position,0.000E+00,
Horizontal Mode,Main,Horizontal Mode,Main,
SincET Mode,Real Time,SincET Mode,Real Time,
Sampling Period,1.000e-08,Sampling Period,1.000e-08,
Horizontal Old Scale,1.000E-05,Horizontal Old Scale,1.000E-05,
Horizontal Old Position,0.000E+00,Horizontal Old Position,0.000E+00,
Firmware,V1.23,Firmware,V1.23,
Mode,Fast,Mode,Fast,
Waveform Data,,Waveform Data,,
-5, ,-43, ,
1, ,-42, ,
5, ,-42, ,
4, ,-42, ,
-1, ,-43, ,
6, ,-42, ,
4, ,-43, ,
1, ,-43, ,
-4, ,-42, ,
1, ,-43, ,
-1, ,-42, ,
3, ,-42, ,
0, ,-43, ,
3, ,-42, ,
4, ,-42, ,
1, ,-43, ,
-1, ,-43, ,
3, ,-42, ,
0, ,-43, ,
1, ,-42, ,
3, ,-42, ,
3, ,-42, ,
3, ,-42, ,
6, ,-42, ,
0, ,-43, ,
4, ,-42, ,
6, ,-42, ,
4, ,-42, ,
-1, ,-42, ,
5, ,-42, ,
3, ,-42, ,
5, ,-42, ,
-1, ,-42, ,
3, ,-43, ,
3, ,-42, ,
3, ,-42, ,
-1, ,-43, ,
0, ,-42, ,
6, ,-42, ,
1, ,-42, ,
1, ,-43, ,
9, ,-42, ,
5, ,-43, ,
3, ,-43, ,
-2, ,-42, ,
-2, ,-43, ,
0, ,-42, ,
0, ,-42, ,
-4, ,-43, ,
0, ,-42, ,
1, ,-42, ,
3, ,-42, ,
-1, ,-43, ,
6, ,-42, ,
1, ,-43, ,
1, ,-43, ,
-1, ,-42, ,
0, ,-43, ,
1, ,-42, ,
3, ,-42, ,
-4, ,-43, ,
3, ,-43, ,
3, ,-42, ,
-1, ,-42, ,
-1, ,-43, ,
4, ,-42, ,
1, ,-43, ,
1, ,-42, ,
1, ,-42, ,
3, ,-42, ,
4, ,-42, ,
4, ,-42, ,
-6, ,-43, ,
-1, ,-42, ,
0, ,-42, ,
-2, ,-43, ,
-7, ,-43, ,
-2, ,-42, ,
-7, ,-43, ,
-11, ,-43, ,
-14, ,-42, ,
-14, ,-43, ,
-14, ,-42, ,
-11, ,-42, ,
-15, ,-43, ,
-6, ,-42, ,
4, ,-42, ,
-1, ,-42, ,
3, ,-42, ,
14, ,-42, ,
10, ,-42, ,
11, ,-43, ,
8, ,-42, ,
8, ,-43, ,
3, ,-42, ,
3, ,-42, ,
-6, ,-43, ,
-1, ,-42, ,
1, ,-42, ,
-1, ,-42, ,
-5, ,-42, ,
3, ,-42, ,
-4, ,-43, ,
-4, ,-43, ,
-1, ,-42, ,
1, ,-43, ,
3, ,-42, ,
8, ,-42, ,
-4, ,-43, ,
-4, ,-42, ,
-1, ,-42, ,
-9, ,-42, ,
-11, ,-43, ,
4, ,-42, ,
1, ,-43, ,
3, ,-43, ,
3, ,-42, ,
0, ,-42, ,
3, ,-42, ,
1, ,-42, ,
-4, ,-43, ,
-1, ,-43, ,
-1, ,-42, ,
-1, ,-42, ,
-4, ,-43, ,
3, ,-42, ,
5, ,-42, ,
1, ,-42, ,
3, ,-42, ,
5, ,-43, ,
4, ,-43, ,
4, ,-42, ,
-4, ,-43, ,
-1, ,-43, ,
-2, ,-42, ,
-2, ,-43, ,
-5, ,-43, ,
-2, ,-42, ,
-5, ,-43, ,
-2, ,-43, ,
-2, ,-42, ,
0, ,-42, ,
1, ,-42, ,
4, ,-42, ,
-2, ,-43, ,
5, ,-42, ,
1, ,-42, ,
-2, ,-42, ,
-6, ,-42, ,
4, ,-42, ,
-1, ,-42, ,
-1, ,-43, ,
-4, ,-42, ,
1, ,-43, ,
1, ,-42, ,
0, ,-42, ,
-1, ,-43, ,
3, ,-43, ,
3, ,-42, ,
0, ,-42, ,
-1, ,-43, ,
6, ,-42, ,
1, ,-43, ,
4, ,-43, ,
3, ,-42, ,
3, ,-43, ,
3, ,-42, ,
4, ,-42, ,
-1, ,-43, ,
4, ,-42, ,
5, ,-42, ,
6, ,-42, ,
4, ,-42, ,
9, ,-42, ,
1, ,-43, ,
0, ,-42, ,
0, ,-42, ,
5, ,-42, ,
-1, ,-43, ,
4, ,-42, ,
-15, ,-43, ,
-2, ,-43, ,
5, ,-42, ,
0, ,-43, ,
6, ,-42, ,
11, ,-42, ,
4, ,-43, ,
4, ,-43, ,
3, ,-42, ,
5, ,-42, ,
6, ,-42, ,
10, ,-42, ,
0, ,-43, ,
8, ,-42, ,
5, ,-42, ,
3, ,-42, ,
-4, ,-43, ,
0, ,-42, ,
1, ,-43, ,
1, ,-43, ,
5, ,-42, ,
9, ,-43, ,
6, ,-42, ,
8, ,-42, ,
-2, ,-43, ,
4, ,-42, ,
9, ,-42, ,
6, ,-42, ,
3, ,-43, ,
10, ,-42, ,
5, ,-42, ,
4, ,-43, ,
-4, ,-42, ,
0, ,-42, ,
-1, ,-42, ,
4, ,-42, ,
-4, ,-43, ,
0, ,-42, ,
5, ,-42, ,
-1, ,-43, ,
-5, ,-43, ,
5, ,-42, ,
0, ,-43, ,
3, ,-42, ,
3, ,-42, ,
8, ,-43, ,
6, ,-42, ,
9, ,-42, ,
4, ,-43, ,
9, ,-42, ,
10, ,-42, ,
4, ,-42, ,
-4, ,-42, ,
3, ,-42, ,
-1, ,-43, ,
1, ,-43, ,
1, ,-42, ,
0, ,-43, ,
3, ,-42, ,
3, ,-42, ,
-2, ,-43, ,
3, ,-43, ,
4, ,-42, ,
3, ,-43, ,
-1, ,-42, ,
8, ,-42, ,
4, ,-43, ,
4, ,-43, ,
3, ,-42, ,
0, ,-43, ,
3, ,-42, ,
5, ,-42, ,
-2, ,-43, ,
5, ,-43, ,
6, ,-42, ,
1, ,-43, ,
0, ,-42, ,
1, ,-42, ,
0, ,-43, ,
3, ,-42, ,
-2, ,-43, ,
1, ,-42, ,
5, ,-43, ,
8, ,-42, ,
4, ,-43, ,
9, ,-42, ,
5, ,-42, ,
4, ,-42, ,
0, ,-43, ,
6, ,-42, ,
1, ,-43, ,
1, ,-43, ,
-1, ,-43, ,
1, ,-42, ,
3, ,-42, ,
8, ,-42, ,
3, ,-43, ,
4, ,-43, ,
10, ,-42, ,
5, ,-43, ,
-1, ,-42, ,
8, ,-42, ,
1, ,-43, ,
5, ,-43, ,
3, ,-42, ,
5, ,-42, ,
9, ,-42, ,
9, ,-42, ,
4, ,-43, ,
6, ,-42, ,
9, ,-42, ,
8, ,-42, ,
3, ,-42, ,
9, ,-42, ,
5, ,-43, ,
3, ,-43, ,
1, ,-42, ,
3, ,-43, ,
1, ,-43, ,
4, ,-42, ,
-1, ,-43, ,
3, ,-43, ,
8, ,-42, ,
4, ,-43, ,
0, ,-43, ,
6, ,-42, ,
3, ,-43, ,
4, ,-43, ,
1, ,-42, ,
-1, ,-42, ,
5, ,-38, ,
11, ,-29, ,
4, ,-19, ,
11, ,-9, ,
11, ,-2, ,
6, ,7, ,
3, ,12, ,
9, ,17, ,
6, ,21, ,
9, ,26, ,
8, ,30, ,
9, ,33, ,
4, ,35, ,
6, ,37, ,
0, ,39, ,
5, ,41, ,
9, ,42, ,
6, ,44, ,
4, ,45, ,
8, ,45, ,
4, ,47, ,
6, ,48, ,
4, ,47, ,
5, ,48, ,
1, ,49, ,
5, ,48, ,
-4, ,50, ,
1, ,49, ,
3, ,49, ,
3, ,50, ,
1, ,50, ,
8, ,49, ,
4, ,51, ,
5, ,50, ,
3, ,50, ,
3, ,50, ,
1, ,51, ,
6, ,50, ,
0, ,52, ,
1, ,50, ,
4, ,51, ,
1, ,51, ,
-7, ,51, ,
-1, ,49, ,
-6, ,52, ,
-1, ,50, ,
-4, ,51, ,
-4, ,51, ,
-2, ,51, ,
1, ,50, ,
-5, ,52, ,
1, ,50, ,
-4, ,50, ,
-2, ,51, ,
-6, ,51, ,
1, ,49, ,
0, ,52, ,
1, ,51, ,
-2, ,50, ,
1, ,51, ,
-2, ,51, ,
4, ,50, ,
-7, ,51, ,
-4, ,50, ,
-2, ,51, ,
-5, ,51, ,
-6, ,51, ,
0, ,49, ,
-5, ,51, ,
-5, ,51, ,
-4, ,50, ,
-4, ,51, ,
-4, ,51, ,
-2, ,50, ,
-10, ,51, ,
3, ,50, ,
-1, ,50, ,
-10, ,51, ,
-2, ,51, ,
-1, ,49, ,
-7, ,51, ,
-5, ,51, ,
-9, ,50, ,
-5, ,51, ,
-6, ,51, ,
-1, ,49, ,
-9, ,51, ,
-6, ,50, ,
-1, ,50, ,
-5, ,51, ,
-9, ,51, ,
-2, ,49, ,
-9, ,51, ,
-5, ,50, ,
-5, ,50, ,
-4, ,51, ,
-4, ,50, ,
-1, ,50, ,
-9, ,51, ,
-5, ,50, ,
-4, ,50, ,
-4, ,51, ,
-5, ,50, ,
4, ,49, ,
0, ,51, ,
0, ,51, ,
-1, ,50, ,
3, ,50, ,
-2, ,51, ,
-4, ,49, ,
-11, ,51, ,
-5, ,50, ,
-1, ,50, ,
-1, ,50, ,
-2, ,51, ,
4, ,49, ,
3, ,51, ,
0, ,50, ,
-1, ,50, ,
0, ,50, ,
-2, ,51, ,
1, ,49, ,
-5, ,51, ,
1, ,50, ,
3, ,50, ,
1, ,51, ,
-5, ,51, ,
1, ,49, ,
-2, ,51, ,
-1, ,50, ,
1, ,50, ,
0, ,50, ,
0, ,51, ,
4, ,49, ,
-2, ,51, ,
3, ,49, ,
3, ,50, ,
-1, ,51, ,
-2, ,51, ,
5, ,49, ,
1, ,51, ,
4, ,50, ,
3, ,50, ,
1, ,50, ,
-1, ,51, ,
0, ,49, ,
-6, ,51, ,
-1, ,50, ,
3, ,50, ,
0, ,51, ,
-1, ,51, ,
6, ,49, ,
0, ,51, ,
3, ,51, ,
0, ,50, ,
1, ,50, ,
4, ,50, ,
6, ,49, ,
3, ,51, ,
8, ,50, ,
5, ,50, ,
4, ,51, ,
3, ,50, ,
6, ,49, ,
1, ,51, ,
4, ,50, ,
1, ,50, ,
3, ,50, ,
6, ,51, ,
5, ,50, ,
-1, ,51, ,
3, ,50, ,
1, ,50, ,
3, ,51, ,
0, ,51, ,
9, ,49, ,
5, ,51, ,
8, ,50, ,
5, ,50, ,
6, ,50, ,
6, ,50, ,
10, ,50, ,
1, ,51, ,
6, ,50, ,
5, ,50, ,
3, ,51, ,
1, ,50, ,
6, ,49, ,
3, ,51, ,
5, ,51, ,
5, ,50, ,
6, ,50, ,
8, ,51, ,
9, ,50, ,
4, ,51, ,
5, ,50, ,
8, ,50, ,
5, ,51, ,
4, ,50, ,
10, ,49, ,
1, ,51, ,
4, ,51, ,
3, ,50, ,
4, ,50, ,
5, ,50, ,
9, ,50, ,
3, ,51, ,
9, ,50, ,
8, ,50, ,
5, ,51, ,
0, ,51, ,
5, ,49, ,
1, ,51, ,
4, ,50, ,
3, ,50, ,
5, ,50, ,
6, ,50, ,
8, ,50, ,
3, ,51, ,
8, ,50, ,
8, ,50, ,
6, ,51, ,
1, ,50, ,
8, ,49, ,
4, ,51, ,
6, ,50, ,
6, ,50, ,
5, ,50, ,
3, ,51, ,
4, ,49, ,
-2, ,51, ,
3, ,50, ,
6, ,50, ,
4, ,51, ,
-2, ,51, ,
9, ,49, ,
4, ,51, ,
5, ,51, ,
4, ,50, ,
4, ,50, ,
5, ,51, ,
8, ,49, ,
1, ,51, ,
6, ,50, ,
5, ,50, ,
5, ,51, ,
1, ,50, ,
6, ,49, ,
1, ,51, ,
3, ,50, ,
1, ,50, ,
1, ,50, ,
3, ,51, ,
8, ,50, ,
3, ,51, ,
8, ,50, ,
8, ,50, ,
5, ,50, ,
-1, ,50, ,
4, ,49, ,
-1, ,51, ,
6, ,50, ,
4, ,50, ,
5, ,50, ,
6, ,50, ,
9, ,49, ,
4, ,51, ,
3, ,50, ,
5, ,50, ,
3, ,51, ,
0, ,50, ,
6, ,49, ,
5, ,51, ,
5, ,50, ,
3, ,50, ,
3, ,50, ,
4, ,50, ,
8, ,49, ,
4, ,51, ,
4, ,50, ,
6, ,50, ,
5, ,51, ,
1, ,51, ,
8, ,49, ,
1, ,51, ,
1, ,50, ,
-2, ,50, ,
-2, ,50, ,
-1, ,51, ,
1, ,50, ,
-4, ,51, ,
-1, ,49, ,
-1, ,50, ,
-1, ,50, ,
-4, ,51, ,
4, ,49, ,
-2, ,51, ,
-1, ,50, ,
-2, ,50, ,
0, ,50, ,
1, ,50, ,
4, ,50, ,
-5, ,51, ,
-1, ,50, ,
-1, ,50, ,
-1, ,51, ,
-5, ,51, ,
-1, ,49, ,
-4, ,51, ,
-2, ,50, ,
-2, ,50, ,
-1, ,50, ,
1, ,50, ,
3, ,50, ,
-6, ,51, ,
-2, ,50, ,
0, ,50, ,
-1, ,51, ,
-5, ,50, ,
1, ,49, ,
-2, ,51, ,
1, ,50, ,
-4, ,50, ,
-1, ,50, ,
-5, ,51, ,
-2, ,49, ,
-5, ,51, ,
1, ,49, ,
4, ,50, ,
-1, ,50, ,
-7, ,51, ,
-1, ,49, ,
-10, ,51, ,
-5, ,50, ,
-7, ,50, ,
-5, ,50, ,
-6, ,51, ,
-4, ,49, ,
-7, ,51, ,
-4, ,50, ,
-2, ,50, ,
-2, ,51, ,
-5, ,51, ,
4, ,49, ,
0, ,51, ,
3, ,50, ,
0, ,50, ,
-1, ,50, ,
-1, ,50, ,
1, ,49, ,
-5, ,51, ,
-4, ,49, ,
-4, ,50, ,
-5, ,50, ,
-9, ,50, ,
1, ,49, ,
-2, ,51, ,
1, ,50, ,
-1, ,50, ,
-2, ,50, ,
-1, ,51, ,
3, ,49, ,
-1, ,51, ,
0, ,50, ,
-1, ,50, ,
-2, ,50, ,
-5, ,50, ,
1, ,49, ,
-4, ,51, ,
-2, ,50, ,
-4, ,50, ,
-4, ,50, ,
-6, ,51, ,
3, ,49, ,
-5, ,51, ,
-1, ,49, ,
0, ,50, ,
0, ,50, ,
-5, ,50, ,
4, ,49, ,
-1, ,51, ,
3, ,50, ,
-1, ,50, ,
-1, ,50, ,
-1, ,50, ,
3, ,49, ,
-2, ,51, ,
-1, ,50, ,
-2, ,50, ,
-4, ,51, ,
-6, ,50, ,
1, ,49, ,
1, ,51, ,
0, ,50, ,
-1, ,50, ,
1, ,50, ,
0, ,51, ,
0, ,49, ,
0, ,51, ,
-2, ,50, ,
-1, ,50, ,
1, ,50, ,
-2, ,51, ,
4, ,49, ,
0, ,51, ,
4, ,50, ,
0, ,50, ,
-1, ,50, ,
0, ,50, ,
-1, ,49, ,
-7, ,51, ,
0, ,50, ,
3, ,50, ,
4, ,51, ,
3, ,50, ,
9, ,49, ,
3, ,50, ,
4, ,50, ,
4, ,50, ,
4, ,50, ,
4, ,51, ,
8, ,50, ,
-2, ,51, ,
1, ,49, ,
3, ,50, ,
1, ,51, ,
-1, ,51, ,
1, ,48, ,
0, ,50, ,
1, ,50, ,
3, ,50, ,
4, ,50, ,
3, ,51, ,
5, ,49, ,
-4, ,51, ,
1, ,50, ,
3, ,50, ,
1, ,50, ,
-1, ,51, ,
5, ,49, ,
4, ,51, ,
5, ,51, ,
3, ,50, ,
4, ,50, ,
0, ,50, ,
4, ,49, ,
-4, ,51, ,
1, ,49, ,
6, ,50, ,
4, ,50, ,
-1, ,50, ,
6, ,49, ,
0, ,51, ,
3, ,50, ,
1, ,50, ,
1, ,50, ,
1, ,51, ,
5, ,49, ,
-1, ,51, ,
6, ,50, ,
5, ,50, ,
4, ,50, ,
-2, ,50, ,
5, ,49, ,
4, ,51, ,
9, ,50, ,
4, ,50, ,
4, ,50, ,
4, ,51, ,
4, ,50, ,
-1, ,51, ,
3, ,49, ,
3, ,50, ,
1, ,50, ,
-4, ,51, ,
8, ,49, ,
3, ,51, ,
8, ,51, ,
4, ,50, ,
5, ,50, ,
4, ,51, ,
10, ,50, ,
1, ,51, ,
5, ,50, ,
6, ,50, ,
5, ,50, ,
5, ,51, ,
9, ,49, ,
5, ,51, ,
5, ,50, ,
5, ,50, ,
5, ,50, ,
4, ,50, ,
8, ,49, ,
1, ,51, ,
5, ,50, ,
8, ,50, ,
4, ,50, ,
1, ,50, ,
8, ,49, ,
4, ,51, ,
5, ,50, ,
4, ,50, ,
5, ,50, ,
6, ,51, ,
10, ,50, ,
4, ,51, ,
5, ,50, ,
6, ,50, ,
4, ,51, ,
0, ,50, ,
8, ,49, ,
1, ,51, ,
4, ,50, ,
1, ,50, ,
6, ,50, ,
6, ,51, ,
10, ,49, ,
3, ,51, ,
8, ,50, ,
9, ,50, ,
9, ,50, ,
4, ,50, ,
8, ,49, ,
5, ,51, ,
5, ,50, ,
5, ,50, ,
3, ,50, ,
4, ,51, ,
9, ,49, ,
-2, ,51, ,
-1, ,49, ,
5, ,50, ,
4, ,51, ,
-1, ,51, ,
8, ,49, ,
3, ,51, ,
4, ,50, ,
3, ,50, ,
4, ,50, ,
1, ,51, ,
5, ,49, ,
-4, ,51, ,
4, ,50, ,
3, ,50, ,
1, ,51, ,
-5, ,51, ,
-1, ,49, ,
-2, ,51, ,
-2, ,50, ,
0, ,50, ,
1, ,50, ,
3, ,51, ,
8, ,50, ,
-1, ,51, ,
3, ,50, ,
1, ,50, ,
-1, ,51, ,
-5, ,50, ,
-1, ,49, ,
-2, ,51, ,
8, ,50, ,
3, ,50, ,
3, ,50, ,
3, ,50, ,
4, ,50, ,
-4, ,50, ,
3, ,50, ,
6, ,50, ,
3, ,50, ,
4, ,50, ,
5, ,49, ,
-6, ,51, ,
0, ,50, ,
-5, ,50, ,
-5, ,50, ,
1, ,51, ,
5, ,49, ,
0, ,51, ,
0, ,49, ,
1, ,50, ,
-1, ,51, ,
-5, ,50, ,
5, ,49, ,
0, ,51, ,
1, ,50, ,
0, ,50, ,
0, ,50, ,
0, ,50, ,
3, ,49, ,
-2, ,51, ,
4, ,49, ,
1, ,50, ,
1, ,50, ,
-4, ,50, ,
0, ,49, ,
0, ,51, ,
-1, ,50, ,
-2, ,50, ,
1, ,50, ,
4, ,50, ,
6, ,50, ,
-1, ,51, ,
1, ,50, ,
1, ,50, ,
-2, ,51, ,
-5, ,51, ,
1, ,49, ,
-2, ,51, ,
-2, ,50, ,
-5, ,50, ,
-2, ,50, ,
-5, ,51, ,
0, ,49, ,
-9, ,51, ,
-2, ,50, ,
0, ,50, ,
0, ,51, ,
-2, ,51, ,
3, ,49, ,
-1, ,51, ,
0, ,50, ,
-1, ,50, ,
1, ,50, ,
-1, ,51, ,
6, ,50, ,
-1, ,51, ,
1, ,50, ,
3, ,50, ,
0, ,51, ,
-7, ,51, ,
3, ,49, ,
-5, ,51, ,
-4, ,50, ,
-6, ,50, ,
-1, ,50, ,
-2, ,50, ,
1, ,49, ,
-2, ,51, ,
-2, ,50, ,
9, ,50, ,
-2, ,51, ,
-6, ,50, ,
-1, ,49, ,
-2, ,50, ,
0, ,50, ,
-1, ,50, ,
1, ,50, ,
-2, ,50, ,
-4, ,49, ,
-7, ,51, ,
-2, ,50, ,
-1, ,50, ,
1, ,51, ,
-2, ,50, ,
5, ,49, ,
0, ,51, ,
0, ,50, ,
1, ,50, ,
-1, ,50, ,
0, ,51, ,
4, ,49, ,
-5, ,51, ,
4, ,49, ,
5, ,50, ,
0, ,50, ,
-1, ,51, ,
3, ,49, ,
-1, ,51, ,
1, ,50, ,
1, ,50, ,
1, ,50, ,
0, ,50, ,
4, ,49, ,
-2, ,51, ,
5, ,50, ,
5, ,50, ,
0, ,51, ,
-4, ,50, ,
5, ,49, ,
0, ,51, ,
4, ,50, ,
1, ,50, ,
4, ,50, ,
3, ,51, ,
4, ,50, ,
-2, ,51, ,
0, ,50, ,
3, ,50, ,
-1, ,50, ,
-4, ,51, ,
5, ,49, ,
1, ,51, ,
1, ,50, ,
-5, ,50, ,
-1, ,50, ,
-1, ,50, ,
3, ,49, ,
-2, ,51, ,
3, ,50, ,
1, ,50, ,
3, ,50, ,
-1, ,51, ,
9, ,49, ,
3, ,51, ,
4, ,50, ,
0, ,50, ,
0, ,50, ,
1, ,50, ,
3, ,49, ,
-2, ,51, ,
1, ,50, ,
3, ,50, ,
1, ,50, ,
-4, ,50, ,
1, ,49, ,
0, ,51, ,
3, ,51, ,
-1, ,50, ,
3, ,50, ,
6, ,51, ,
6, ,49, ,
-2, ,51, ,
4, ,50, ,
4, ,50, ,
4, ,51, ,
3, ,51, ,
8, ,49, ,
6, ,51, ,
6, ,50, ,
5, ,50, ,
5, ,50, ,
1, ,51, ,
5, ,50, ,
-6, ,51, ,
0, ,50, ,
6, ,50, ,
5, ,51, ,
1, ,51, ,
5, ,49, ,
3, ,51, ,
5, ,50, ,
1, ,50, ,
5, ,50, ,
4, ,50, ,
5, ,49, ,
-4, ,51, ,
1, ,50, ,
5, ,50, ,
5, ,50, ,
0, ,51, ,
8, ,49, ,
0, ,51, ,
1, ,50, ,
1, ,50, ,
3, ,50, ,
0, ,50, ,
6, ,49, ,
1, ,51, ,
6, ,50, ,
10, ,50, ,
8, ,51, ,
0, ,51, ,
5, ,49, ,
3, ,51, ,
3, ,50, ,
4, ,50, ,
4, ,50, ,
4, ,51, ,
4, ,49, ,
-4, ,51, ,
0, ,50, ,
-2, ,50, ,
0, ,51, ,
-1, ,50, ,
8, ,49, ,
6, ,51, ,
6, ,51, ,
4, ,50, ,
4, ,50, ,
4, ,50, ,
6, ,47, ,
-4, ,41, ,
-2, ,30, ,
-4, ,20, ,
-4, ,12, ,
-6, ,3, ,
0, ,-3, ,
-2, ,-8, ,
-2, ,-12, ,
-4, ,-17, ,
-4, ,-21, ,
-2, ,-24, ,
1, ,-27, ,
-2, ,-29, ,
1, ,-31, ,
3, ,-32, ,
-2, ,-33, ,
-5, ,-36, ,
1, ,-37, ,
4, ,-38, ,
3, ,-39, ,
-6, ,-39, ,
3, ,-40, ,
1, ,-40, ,
5, ,-40, ,
1, ,-41, ,
1, ,-42, ,
6, ,-41, ,
-1, ,-42, ,
0, ,-42, ,
5, ,-42, ,
0, ,-43, ,
3, ,-43, ,
3, ,-43, ,
5, ,-43, ,
6, ,-43, ,
6, ,-43, ,
-1, ,-43, ,
3, ,-43, ,
3, ,-43, ,
-1, ,-43, ,
-4, ,-43, ,
4, ,-43, ,
3, ,-43, ,
6, ,-43, ,
1, ,-43, ,
0, ,-43, ,
0, ,-43, ,
3, ,-43, ,
-4, ,-43, ,
6, ,-43, ,
6, ,-43, ,
5, ,-43, ,
-1, ,-43, ,
5, ,-42, ,
1, ,-43, ,
-1, ,-43, ,
1, ,-43, ,
4, ,-43, ,
6, ,-43, ,
4, ,-43, ,
-1, ,-43, ,
1, ,-43, ,
0, ,-42, ,
-2, ,-43, ,
-6, ,-43, ,
-1, ,-43, ,
0, ,-43, ,
-1, ,-43, ,
0, ,-43, ,
3, ,-43, ,
1, ,-43, ,
1, ,-42, ,
-6, ,-43, ,
0, ,-43, ,
1, ,-42, ,
-5, ,-43, ,
-6, ,-43, ,
-1, ,-42, ,
-2, ,-43, ,
0, ,-43, ,
-1, ,-42, ,
0, ,-43, ,
-1, ,-43, ,
3, ,-42, ,
-2, ,-43, ,
0, ,-43, ,
5, ,-43, ,
-1, ,-43, ,
-5, ,-43, ,
3, ,-42, ,
0, ,-43, ,
-2, ,-43, ,
-4, ,-42, ,
1, ,-43, ,
0, ,-42, ,
4, ,-42, ,
-1, ,-43, ,
3, ,-43, ,
6, ,-42, ,
0, ,-43, ,
-4, ,-42, ,
0, ,-42, ,
-5, ,-43, ,
0, ,-43, ,
-5, ,-42, ,
0, ,-43, ,
1, ,-42, ,
3, ,-42, ,
-4, ,-43, ,
1, ,-43, ,
0, ,-42, ,
-1, ,-42, ,
-4, ,-43, ,
1, ,-42, ,
4, ,-43, ,
0, ,-43, ,
-1, ,-42, ,
-1, ,-43, ,
0, ,-42, ,
-1, ,-42, ,
-5, ,-43, ,
0, ,-43, ,
1, ,-42, ,
-1, ,-43, ,
-4, ,-43, ,
-1, ,-42, ,
-1, ,-43, ,
0, ,-43, ,
-1, ,-42, ,
0, ,-43, ,
3, ,-43, ,
4, ,-43, ,
-4, ,-43, ,
0, ,-42, ,
3, ,-43, ,
-2, ,-42, ,
-5, ,-43, ,
4, ,-42, ,
-1, ,-43, ,
0, ,-43, ,
-2, ,-42, ,
0, ,-43, ,
-2, ,-42, ,
5, ,-42, ,
-2, ,-43, ,
3, ,-43, ,
5, ,-42, ,
0, ,-42, ,
-4, ,-43, ,
-1, ,-42, ,
-4, ,-43, ,
-1, ,-43, ,
-4, ,-42, ,
-2, ,-42, ,
0, ,-42, ,
1, ,-42, ,
-5, ,-43, ,
0, ,-42, ,
3, ,-42, ,
1, ,-43, ,
0, ,-43, ,
5, ,-42, ,
3, ,-43, ,
3, ,-43, ,
3, ,-42, ,
0, ,-42, ,
0, ,-42, ,
0, ,-42, ,
-6, ,-43, ,
0, ,-43, ,
5, ,-42, ,
3, ,-43, ,
-1, ,-43, ,
3, ,-42, ,
-4, ,-42, ,
-1, ,-43, ,
-4, ,-42, ,
-2, ,-43, ,
3, ,-42, ,
4, ,-42, ,
-1, ,-43, ,
3, ,-42, ,
5, ,-42, ,
3, ,-42, ,
-1, ,-43, ,
4, ,-42, ,
4, ,-43, ,
3, ,-43, ,
5, ,-42, ,
4, ,-43, ,
1, ,-42, ,
6, ,-42, ,
-2, ,-43, ,
1, ,-43, ,
6, ,-42, ,
3, ,-43, ,
-2, ,-42, ,
8, ,-42, ,
4, ,-43, ,
8, ,-42, ,
-2, ,-42, ,
4, ,-43, ,
10, ,-42, ,
3, ,-42, ,
0, ,-43, ,
4, ,-43, ,
5, ,-42, ,
4, ,-43, ,
0, ,-43, ,
6, ,-42, ,
4, ,-43, ,
4, ,-43, ,
-1, ,-42, ,
0, ,-43, ,
-2, ,-42, ,
1, ,-42, ,
-2, ,-43, ,
4, ,-43, ,
9, ,-42, ,
4, ,-42, ,
1, ,-43, ,
8, ,-42, ,
3, ,-43, ,
3, ,-43, ,
-1, ,-43, ,
0, ,-42, ,
3, ,-42, ,
3, ,-42, ,
-2, ,-43, ,
1, ,-42, ,
3, ,-42, ,
1, ,-42, ,
-6, ,-43, ,
8, ,-42, ,
4, ,-43, ,
3, ,-43, ,
0, ,-42, ,
3, ,-43, ,
4, ,-42, ,
6, ,-42, ,
-2, ,-43, ,
1, ,-42, ,
4, ,-42, ,
0, ,-43, ,
0, ,-42, ,
5, ,-42, ,
4, ,-43, ,
3, ,-43, ,
0, ,-42, ,
1, ,-42, ,
3, ,-42, ,
4, ,-42, ,
-2, ,-43, ,
3, ,-43, ,
4, ,-42, ,
3, ,-43, ,
0, ,-43, ,
8, ,-42, ,
4, ,-43, ,
3, ,-43, ,
0, ,-42, ,
1, ,-43, ,
0, ,-42, ,
5, ,-42, ,
-2, ,-43, ,
0, ,-43, ,
8, ,-42, ,
1, ,-42, ,
1, ,-43, ,
5, ,-42, ,
1, ,-43, ,
3, ,-43, ,
1, ,-42, ,
3, ,-42, ,
5, ,-42, ,
5, ,-42, ,
-1, ,-43, ,
1, ,-42, ,
5, ,-42, ,
3, ,-42, ,
-1, ,-43, ,
6, ,-42, ,
1, ,-43, ,
3, ,-43, ,
4, ,-42, ,
3, ,-43, ,
3, ,-42, ,
1, ,-42, ,
-9, ,-43, ,
-1, ,-43, ,
4, ,-42, ,
1, ,-42, ,
0, ,-43, ,
4, ,-42, ,
3, ,-42, ,
3, ,-43, ,
1, ,-42, ,
0, ,-42, ,
1, ,-42, ,
1, ,-42, ,
-4, ,-43, ,
3, ,-43, ,
5, ,-42, ,
5, ,-42, ,
0, ,-43, ,
6, ,-42, ,
3, ,-43, ,
1, ,-43, ,
0, ,-42, ,
-1, ,-43, ,
-4, ,-42, ,
1, ,-42, ,
-6, ,-43, ,
0, ,-42, ,
1, ,-42, ,
-5, ,-43, ,
-9, ,-42, ,
-1, ,-42, ,
-1, ,-43, ,
0, ,-43, ,
0, ,-42, ,
1, ,-42, ,
1, ,-42, ,
6, ,-43, ,
-1, ,-43, ,
1, ,-42, ,
0, ,-42, ,
-5, ,-43, ,
-7, ,-43, ,
1, ,-42, ,
-2, ,-43, ,
0, ,-43, ,
-4, ,-42, ,
-1, ,-42, ,
-1, ,-42, ,
3, ,-42, ,
-2, ,-43, ,
0, ,-42, ,
3, ,-42, ,
3, ,-43, ,
-1, ,-43, ,
5, ,-42, ,
4, ,-43, ,
4, ,-42, ,
0, ,-42, ,
1, ,-42, ,
3, ,-42, ,
1, ,-42, ,
-2, ,-43, ,
3, ,-43, ,
3, ,-42, ,
1, ,-42, ,
-4, ,-42, ,
4, ,-42, ,
1, ,-43, ,
-1, ,-43, ,
-1, ,-42, ,
0, ,-43, ,
4, ,-42, ,
5, ,-42, ,
-1, ,-43, ,
4, ,-42, ,
1, ,-42, ,
-4, ,-43, ,
-6, ,-42, ,
-2, ,-42, ,
-1, ,-42, ,
1, ,-42, ,
3, ,-42, ,
4, ,-43, ,
1, ,-42, ,
5, ,-42, ,
-5, ,-42, ,
-1, ,-42, ,
1, ,-42, ,
0, ,-42, ,
-2, ,-43, ,
8, ,-43, ,
1, ,-42, ,
1, ,-43, ,
-1, ,-42, ,
1, ,-42, ,
1, ,-42, ,
4, ,-42, ,
-2, ,-43, ,
4, ,-43, ,
4, ,-42, ,
-1, ,-42, ,
-6, ,-43, ,
0, ,-42, ,
-6, ,-43, ,
-2, ,-42, ,
-4, ,-42, ,
-1, ,-43, ,
3, ,-42, ,
3, ,-42, ,
-1, ,-43, ,
1, ,-43, ,
1, ,-42, ,
0, ,-42, ,
-5, ,-43, ,
0, ,-42, ,
1, ,-43, ,
5, ,-43, ,
1, ,-42, ,
4, ,-43, ,
4, ,-42, ,
5, ,-42, ,
-2, ,-43, ,
3, ,-43, ,
3, ,-42, ,
1, ,-42, ,
-2, ,-43, ,
1, ,-42, ,
1, ,-42, ,
3, ,-43, ,
1, ,-42, ,
1, ,-43, ,
3, ,-42, ,
4, ,-42, ,
-2, ,-43, ,
3, ,-42, ,
5, ,-42, ,
3, ,-42, ,
-2, ,-43, ,
4, ,-42, ,
4, ,-43, ,
3, ,-43, ,
3, ,-42, ,
3, ,-42, ,
1, ,-43, ,
3, ,-42, ,
0, ,-43, ,
3, ,-43, ,
4, ,-42, ,
1, ,-42, ,
-2, ,-42, ,
4, ,-42, ,
0, ,-42, ,
3, ,-42, ,
3, ,-42, ,
6, ,-43, ,
8, ,-42, ,
9, ,-43, ,
4, ,-43, ,
3, ,-42, ,
6, ,-42, ,
1, ,-42, ,
-4, ,-43, ,
5, ,-42, ,
1, ,-42, ,
1, ,-43, ,
-2, ,-43, ,
1, ,-42, ,
1, ,-42, ,
4, ,-42, ,
-2, ,-43, ,
1, ,-43, ,
5, ,-42, ,
1, ,-42, ,
-1, ,-42, ,
8, ,-42, ,
4, ,-43, ,
5, ,-43, ,
-1, ,-42, ,
-1, ,-43, ,
3, ,-42, ,
3, ,-42, ,
-2, ,-43, ,
0, ,-42, ,
3, ,-42, ,
0, ,-42, ,
-4, ,-43, ,
1, ,-42, ,
0, ,-43, ,
-2, ,-43, ,
1, ,-42, ,
3, ,-43, ,
6, ,-42, ,
8, ,-42, ,
-1, ,-43, ,
4, ,-43, ,
4, ,-42, ,
3, ,-42, ,
-1, ,-42, ,
4, ,-42, ,
4, ,-43, ,
4, ,-42, ,
3, ,-42, ,
3, ,-43, ,
3, ,-42, ,
5, ,-42, ,
-4, ,-43, ,
1, ,-42, ,
5, ,-42, ,
3, ,-42, ,
1, ,-43, ,
5, ,-42, ,
4, ,-43, ,
1, ,-43, ,
0, ,-42, ,
4, ,-43, ,
5, ,-42, ,
6, ,-42, ,
0, ,-43, ,
1, ,-43, ,
8, ,-42, ,
3, ,-42, ,
1, ,-42, ,
8, ,-42, ,
3, ,-42, ,
0, ,-42, ,
-4, ,-42, ,
-1, ,-43, ,
1, ,-42, ,
3, ,-42, ,
0, ,-43, ,
6, ,-42, ,
11, ,-42, ,
8, ,-42, ,
0, ,-43, ,
3, ,-42, ,
4, ,-43, ,
1, ,-42, ,
3, ,-43, ,
4, ,-43, ,
0, ,-42, ,
1, ,-42, ,
-4, ,-43, ,
0, ,-43, ,
3, ,-42, ,
1, ,-43, ,
-1, ,-42, ,
4, ,-42, ,
0, ,-42, ,
1, ,-43, ,
1, ,-43, ,
4, ,-43, ,
4, ,-42, ,
4, ,-42, ,
-6, ,-43, ,
-1, ,-42, ,
0, ,-42, ,
1, ,-42, ,
1, ,-43, ,
6, ,-42, ,
9, ,-43, ,
6, ,-43, ,
3, ,-42, ,
-2, ,-42, ,
-2, ,-42, ,
-1, ,-42, ,
-6, ,-43, ,
0, ,-43, ,
1, ,-42, ,
-2, ,-43, ,
-1, ,-43, ,
1, ,-42, ,
-1, ,-43, ,
5, ,-42, ,
0, ,-42, ,
3, ,-43, ,
4, ,-42, ,
0, ,-42, ,
-1, ,-43, ,
8, ,-43, ,
6, ,-42, ,
0, ,-42, ,
-5, ,-43, ,
3, ,-42, ,
-4, ,-43, ,
-2, ,-43, ,
-4, ,-42, ,
-1, ,-42, ,
-1, ,-42, ,
3, ,-42, ,
-4, ,-43, ,
-5, ,-43, ,
0, ,-42, ,
-1, ,-43, ,
-1, ,-43, ,
6, ,-42, ,
4, ,-43, ,
4, ,-43, ,
4, ,-42, ,
0, ,-42, ,
-1, ,-42, ,
0, ,-42, ,
-7, ,-43, ,
-2, ,-42, ,
1, ,-42, ,
3, ,-42, ,
-1, ,-43, ,
5, ,-42, ,
4, ,-43, ,
0, ,-42, ,
0, ,-42, ,
0, ,-43, ,
0, ,-42, ,
4, ,-42, ,
-6, ,-43, ,
1, ,-43, ,
4, ,-42, ,
1, ,-43, ,
-4, ,-43, ,
1, ,-42, ,
-1, ,-43, ,
0, ,-43, ,
-1, ,-42, ,
1, ,-43, ,
1, ,-42, ,
1, ,-43, ,
-5, ,-43, ,
0, ,-42, ,
0, ,-42, ,
-2, ,-42, ,
-5, ,-43, ,
3, ,-42, ,
0, ,-43, ,
4, ,-43, ,
1, ,-42, ,
1, ,-42, ,
0, ,-43, ,
3, ,-42, ,
-5, ,-43, ,
-1, ,-42, ,
1, ,-42, ,
-2, ,-42, ,
-6, ,-43, ,
3, ,-42, ,
-2, ,-43, ,
1, ,-42, ,
-15, ,-42, ,
-2, ,-42, ,
4, ,-42, ,
-4, ,-42, ,
-4, ,-43, ,
1, ,-42, ,
1, ,-42, ,
-1, ,-42, ,
-5, ,-43, ,
0, ,-42, ,
-1, ,-43, ,
-1, ,-43, ,
-2, ,-42, ,
-1, ,-43, ,
1, ,-42, ,
4, ,-42, ,
-2, ,-43, ,
4, ,-43, ,
3, ,-42, ,
1, ,-42, ,
-5, ,-43, ,
3, ,-42, ,
1, ,-43, ,
0, ,-42, ,
-6, ,-42, ,
-2, ,-43, ,
10, ,-42, ,
4, ,-42, ,
-2, ,-43, ,
1, ,-43, ,
0, ,-42, ,
-1, ,-42, ,
-4, ,-42, ,
5, ,-42, ,
6, ,-43, ,
4, ,-43, ,
1, ,-42, ,
1, ,-42, ,
-1, ,-42, ,
3, ,-42, ,
-2, ,-43, ,
0, ,-43, ,
5, ,-42, ,
0, ,-42, ,
-2, ,-42, ,
1, ,-42, ,
-1, ,-43, ,
-1, ,-43, ,
-1, ,-42, ,
3, ,-42, ,
5, ,-43, ,
6, ,-42, ,
0, ,-43, ,
3, ,-42, ,
4, ,-42, ,
1, ,-42, ,
-4, ,-43, ,
3, ,-42, ,
1, ,-43, ,
-2, ,-43, ,
-1, ,-43, ,
1, ,-43, ,
4, ,-42, ,
4, ,-42, ,
-2, ,-43, ,
3, ,-43, ,
6, ,-42, ,
3, ,-43, ,
-1, ,-42, ,
5, ,-42, ,
1, ,-43, ,
6, ,-43, ,
4, ,-43, ,
5, ,-42, ,
5, ,-43, ,
4, ,-42, ,
-1, ,-43, ,
3, ,-43, ,
3, ,-42, ,
3, ,-42, ,
-2, ,-43, ,
5, ,-42, ,
3, ,-43, ,
0, ,-43, ,
0, ,-42, ,
1, ,-43, ,
3, ,-42, ,
8, ,-42, ,
-1, ,-43, ,
5, ,-43, ,
8, ,-42, ,
3, ,-43, ,
0, ,-43, ,
6, ,-42, ,
4, ,-43, ,
4, ,-43, ,
4, ,-42, ,
5, ,-43, ,
5, ,-43, ,
8, ,-42, ,
-1, ,-43, ,
5, ,-42, ,
5, ,-42, ,
0, ,-42, ,
-5, ,-43, ,
1, ,-42, ,
1, ,-43, ,
8, ,-43, ,
4, ,-42, ,
4, ,-43, ,
4, ,-43, ,
5, ,-42, ,
1, ,-43, ,
4, ,-42, ,
5, ,-42, ,
0, ,-43, ,
-1, ,-43, ,
5, ,-42, ,
4, ,-43, ,
5, ,-43, ,
4, ,-42, ,
4, ,-43, ,
5, ,-42, ,
6, ,-42, ,
3, ,-43, ,
8, ,-43, ,
6, ,-42, ,
6, ,-42, ,
0, ,-43, ,
5, ,-42, ,
3, ,-43, ,
1, ,-43, ,
1, ,-42, ,
0, ,-43, ,
3, ,-42, ,
8, ,-42, ,
0, ,-43, ,
6, ,-42, ,
8, ,-42, ,
1, ,-43, ,
-1, ,-42, ,
3, ,-42, ,
0, ,-42, ,
1, ,-43, ,
-1, ,-42, ,
0, ,-43, ,
0, ,-42, ,
4, ,-43, ,
-6, ,-42, ,
4, ,-35, ,
6, ,-25, ,
9, ,-14, ,
5, ,-6, ,
9, ,2, ,
8, ,9, ,
5, ,15, ,
6, ,19, ,
6, ,23, ,
9, ,28, ,
9, ,31, ,
1, ,34, ,
4, ,35, ,
4, ,38, ,
1, ,40, ,
0, ,41, ,
5, ,41, ,
3, ,45, ,
4, ,46, ,
1, ,46, ,
4, ,47, ,
3, ,48, ,
6, ,47, ,
4, ,49, ,
8, ,48, ,
8, ,49, ,
6, ,49, ,
1, ,50, ,
5, ,49, ,
3, ,50, ,
0, ,50, ,
-2, ,50, ,
0, ,50, ,
0, ,51, ,
3, ,49, ,
-2, ,52, ,
3, ,50, ,
8, ,51, ,
3, ,51, ,
-1, ,51, ,
5, ,49, ,
-1, ,52, ,
3, ,51, ,
5, ,51, ,
1, ,51, ,
1, ,51, ,
0, ,50, ,
-4, ,52, ,
3, ,50, ,
3, ,51, ,
3, ,51, ,
-1, ,52, ,
5, ,49, ,
1, ,52, ,
1, ,51, ,
-1, ,50, ,
-1, ,51, ,
-1, ,51, ,
3, ,50, ,
-6, ,51, ,
-1, ,50, ,
-4, ,51, ,
-10, ,51, ,
-15, ,51, ,
-12, ,49, ,
-14, ,52, ,
-11, ,50, ,
-10, ,50, ,
-5, ,50, ,
-5, ,51, ,
0, ,49, ,
-1, ,51, ,
10, ,50, ,
10, ,50, ,
8, ,51, ,
4, ,51, ,
5, ,49, ,
1, ,51, ,
1, ,50, ,
-4, ,50, ,
-5, ,50, ,
-2, ,51, ,
4, ,49, ,
-4, ,51, ,
0, ,50, ,
0, ,50, ,
-2, ,51, ,
-5, ,51, ,
3, ,49, ,
-2, ,51, ,
0, ,50, ,
-5, ,50, ,
-5, ,50, ,
-1, ,51, ,
-4, ,50, ,
-9, ,51, ,
-4, ,50, ,
-2, ,50, ,
-4, ,51, ,
-4, ,50, ,
3, ,49, ,
-1, ,51, ,
-2, ,50, ,
-2, ,50, ,
-4, ,50, ,
-6, ,51, ,
-2, ,49, ,
-7, ,51, ,
-1, ,49, ,
3, ,50, ,
3, ,51, ,
-1, ,51, ,
4, ,49, ,
-2, ,51, ,
-1, ,50, ,
-2, ,50, ,
-4, ,50, ,
0, ,51, ,
1, ,49, ,
-4, ,51, ,
1, ,50, ,
1, ,50, ,
-1, ,51, ,
-4, ,50, ,
4, ,49, ,
0, ,51, ,
4, ,51, ,
4, ,50, ,
4, ,50, ,
3, ,51, ,
8, ,49, ,
-4, ,51, ,
-1, ,50, ,
3, ,50, ,
-2, ,50, ,
-4, ,51, ,
0, ,49, ,
-1, ,51, ,
3, ,51, ,
0, ,50, ,
1, ,50, ,
1, ,51, ,
4, ,50, ,
0, ,51, ,
4, ,50, ,
5, ,50, ,
3, ,51, ,
-4, ,51, ,
4, ,49, ,
-2, ,51, ,
0, ,50, ,
-1, ,50, ,
1, ,50, ,
0, ,51, ,
4, ,50, ,
-1, ,50, ,
1, ,50, ,
4, ,50, ,
0, ,51, ,
-4, ,51, ,
3, ,49, ,
-1, ,51, ,
3, ,51, ,
4, ,50, ,
4, ,50, ,
4, ,51, ,
5, ,49, ,
0, ,51, ,
4, ,50, ,
3, ,50, ,
0, ,51, ,
-4, ,51, ,
3, ,49, ,
0, ,51, ,
0, ,51, ,
0, ,50, ,
-1, ,50, ,
-1, ,51, ,
3, ,49, ,
-5, ,51, ,
1, ,50, ,
6, ,50, ,
1, ,51, ,
0, ,50, ,
8, ,49, ,
5, ,51, ,
6, ,50, ,
4, ,50, ,
5, ,50, ,
4, ,51, ,
6, ,49, ,
-2, ,51, ,
4, ,50, ,
4, ,50, ,
3, ,50, ,
1, ,50, ,
0, ,49, ,
3, ,51, ,
6, ,50, ,
0, ,50, ,
3, ,50, ,
3, ,50, ,
10, ,50, ,
1, ,51, ,
3, ,50, ,
6, ,50, ,
1, ,50, ,
-1, ,50, ,
3, ,49, ,
1, ,51, ,
8, ,50, ,
9, ,50, ,
8, ,50, ,
9, ,51, ,
8, ,50, ,
-1, ,51, ,
0, ,50, ,
3, ,50, ,
3, ,51, ,
1, ,50, ,
8, ,49, ,
1, ,51, ,
3, ,50, ,
5, ,50, ,
5, ,50, ,
8, ,50, ,
10, ,49, ,
3, ,51, ,
6, ,50, ,
5, ,50, ,
5, ,50, ,
1, ,51, ,
6, ,49, ,
3, ,51, ,
6, ,50, ,
4, ,50, ,
1, ,50, ,
0, ,51, ,
3, ,49, ,
-4, ,51, ,
0, ,50, ,
4, ,50, ,
4, ,50, ,
-2, ,50, ,
4, ,49, ,
4, ,51, ,
3, ,50, ,
8, ,50, ,
9, ,50, ,
8, ,51, ,
10, ,50, ,
5, ,51, ,
0, ,50, ,
3, ,50, ,
-4, ,51, ,
-6, ,50, ,
-1, ,49, ,
-4, ,51, ,
3, ,50, ,
0, ,50, ,
3, ,50, ,
3, ,51, ,
8, ,49, ,
3, ,51, ,
5, ,50, ,
10, ,50, ,
8, ,50, ,
5, ,51, ,
11, ,49, ,
10, ,51, ,
8, ,51, ,
9, ,50, ,
6, ,50, ,
6, ,51, ,
9, ,49, ,
3, ,51, ,
8, ,50, ,
8, ,50, ,
4, ,51, ,
3, ,50, ,
6, ,49, ,
4, ,51, ,
6, ,50, ,
5, ,50, ,
5, ,50, ,
6, ,51, ,
9, ,49, ,
3, ,51, ,
6, ,50, ,
9, ,50, ,
1, ,51, ,
0, ,51, ,
6, ,49, ,
3, ,51, ,
3, ,50, ,
3, ,50, ,
4, ,50, ,
5, ,51, ,
8, ,50, ,
4, ,51, ,
8, ,49, ,
6, ,50, ,
3, ,51, ,
1, ,51, ,
5, ,49, ,
3, ,51, ,
5, ,50, ,
5, ,50, ,
3, ,50, ,
1, ,50, ,
4, ,49, ,
-5, ,51, ,
-2, ,49, ,
-1, ,50, ,
0, ,51, ,
-1, ,50, ,
5, ,49, ,
3, ,51, ,
-1, ,50, ,
-2, ,50, ,
-1, ,50, ,
-4, ,50, ,
5, ,50, ,
0, ,51, ,
4, ,50, ,
5, ,50, ,
4, ,50, ,
-1, ,50, ,
5, ,49, ,
-1, ,51, ,
6, ,50, ,
-4, ,50, ,
-7, ,50, ,
1, ,51, ,
0, ,50, ,
-5, ,51, ,
0, ,49, ,
-4, ,50, ,
-1, ,51, ,
-5, ,50, ,
0, ,49, ,
-4, ,51, ,
-2, ,50, ,
1, ,50, ,
-1, ,51, ,
-2, ,51, ,
-1, ,49, ,
-9, ,51, ,
-1, ,49, ,
1, ,50, ,
1, ,51, ,
-1, ,51, ,
4, ,49, ,
-2, ,51, ,
-2, ,50, ,
-4, ,50, ,
-5, ,50, ,
-5, ,50, ,
-2, ,49, ,
-10, ,51, ,
-4, ,50, ,
-1, ,50, ,
1, ,51, ,
-4, ,50, ,
1, ,49, ,
-1, ,51, ,
-4, ,50, ,
-1, ,50, ,
-4, ,50, ,
-5, ,51, ,
-1, ,50, ,
-5, ,51, ,
-2, ,50, ,
3, ,50, ,
-4, ,50, ,
-7, ,50, ,
-2, ,49, ,
-5, ,50, ,
-2, ,50, ,
-2, ,50, ,
-1, ,50, ,
-1, ,50, ,
1, ,49, ,
-5, ,51, ,
-1, ,50, ,
-1, ,50, ,
-5, ,50, ,
-9, ,51, ,
0, ,49, ,
-4, ,51, ,
-4, ,50, ,
-6, ,50, ,
-6, ,50, ,
-9, ,51, ,
-2, ,49, ,
-10, ,51, ,
-4, ,50, ,
1, ,50, ,
-2, ,50, ,
-6, ,50, ,
0, ,49, ,
-7, ,51, ,
-5, ,50, ,
-6, ,50, ,
-9, ,50, ,
-2, ,50, ,
0, ,49, ,
-5, ,51, ,
0, ,49, ,
1, ,50, ,
-2, ,51, ,
-6, ,50, ,
0, ,49, ,
-4, ,51, ,
-6, ,50, ,
-6, ,50, ,
-5, ,50, ,
-7, ,51, ,
-1, ,49, ,
-7, ,51, ,
-4, ,50, ,
-1, ,50, ,
-2, ,50, ,
-2, ,50, ,
4, ,49, ,
1, ,51, ,
1, ,50, ,
-4, ,50, ,
-1, ,50, ,
-2, ,51, ,
1, ,49, ,
-7, ,51, ,
0, ,50, ,
3, ,49, ,
1, ,50, ,
-1, ,50, ,
6, ,49, ,
3, ,51, ,
1, ,50, ,
1, ,50, ,
1, ,50, ,
1, ,50, ,
4, ,49, ,
0, ,51, ,
3, ,49, ,
5, ,50, ,
3, ,51, ,
-1, ,50, ,
4, ,49, ,
-1, ,51, ,
3, ,50, ,
1, ,50, ,
5, ,50, ,
5, ,51, ,
5, ,49, ,
0, ,51, ,
4, ,49, ,
4, ,50, ,
4, ,50, ,
-2, ,50, ,
6, ,49, ,
0, ,51, ,
3, ,50, ,
3, ,50, ,
1, ,50, ,
1, ,50, ,
5, ,49, ,
0, ,51, ,
5, ,50, ,
6, ,50, ,
5, ,51, ,
0, ,50, ,
6, ,49, ,
6, ,50, ,
8, ,50, ,
6, ,50, ,
5, ,50, ,
5, ,50, ,
4, ,50, ,
-2, ,51, ,
3, ,50, ,
5, ,50, ,
4, ,50, ,
0, ,51, ,
6, ,49, ,
5, ,51, ,
5, ,50, ,
5, ,50, ,
5, ,50, ,
4, ,51, ,
9, ,49, ,
3, ,51, ,
6, ,49, ,
6, ,50, ,
3, ,50, ,
-2, ,51, ,
1, ,49, ,
-1, ,51, ,
4, ,50, ,
4, ,50, ,
5, ,50, ,
6, ,50, ,
6, ,49, ,
0, ,51, ,
6, ,49, ,
6, ,50, ,
4, ,50, ,
0, ,50, ,
8, ,49, ,
6, ,51, ,
9, ,50, ,
5, ,50, ,
8, ,50, ,
8, ,51, ,
8, ,50, ,
0, ,51, ,
6, ,50, ,
5, ,50, ,
4, ,51, ,
1, ,51, ,
8, ,49, ,
5, ,51, ,
6, ,50, ,
6, ,50, ,
6, ,50, ,
6, ,51, ,
10, ,50, ,
5, ,51, ,
8, ,50, ,
6, ,50, ,
5, ,50, ,
0, ,51, ,
8, ,49, ,
5, ,51, ,
0, ,50, ,
3, ,50, ,
4, ,50, ,
6, ,51, ,
11, ,49, ,
0, ,51, ,
8, ,50, ,
9, ,50, ,
5, ,51, ,
3, ,51, ,
9, ,49, ,
4, ,51, ,
3, ,50, ,
5, ,50, ,
10, ,50, ,
6, ,51, ,
9, ,50, ,
-4, ,51, ,
-1, ,50, ,
4, ,50, ,
4, ,50, ,
0, ,50, ,
6, ,49, ,
4, ,51, ,
3, ,50, ,
0, ,50, ,
4, ,50, ,
3, ,51, ,
3, ,49, ,
-1, ,51, ,
3, ,50, ,
6, ,50, ,
3, ,50, ,
0, ,50, ,
4, ,49, ,
3, ,51, ,
3, ,50, ,
1, ,50, ,
3, ,51, ,
8, ,50, ,
4, ,49, ,
-1, ,51, ,
6, ,50, ,
3, ,50, ,
3, ,51, ,
-1, ,51, ,
4, ,49, ,
-4, ,51, ,
-1, ,50, ,
0, ,50, ,
-1, ,50, ,
4, ,50, ,
5, ,50, ,
0, ,51, ,
5, ,50, ,
8, ,50, ,
1, ,51, ,
0, ,50, ,
4, ,49, ,
1, ,50, ,
4, ,50, ,
3, ,50, ,
0, ,50, ,
-1, ,50, ,
1, ,49, ,
-6, ,51, ,
-1, ,50, ,
-1, ,50, ,
-1, ,50, ,
-2, ,51, ,
5, ,49, ,
3, ,50, ,
1, ,50, ,
0, ,50, ,
-1, ,50, ,
-4, ,50, ,
1, ,49, ,
-4, ,51, ,
1, ,49, ,
3, ,50, ,
-1, ,51, ,
-4, ,51, ,
-1, ,49, ,
-5, ,51, ,
-1, ,50, ,
3, ,50, ,
-4, ,50, ,
-6, ,51, ,
4, ,49, ,
1, ,51, ,
-1, ,49, ,
1, ,50, ,
-2, ,51, ,
-5, ,50, ,
-1, ,49, ,
0, ,51, ,
-4, ,50, ,
-2, ,50, ,
-2, ,50, ,
-4, ,51, ,
1, ,49, ,
-7, ,50, ,
-4, ,49, ,
-2, ,50, ,
-2, ,50, ,
-6, ,50, ,
0, ,49, ,
-2, ,51, ,
-2, ,50, ,
-4, ,50, ,
-5, ,50, ,
-1, ,51, ,
0, ,49, ,
-4, ,51, ,
0, ,49, ,
3, ,50, ,
4, ,51, ,
-1, ,50, ,
4, ,49, ,
-4, ,51, ,
-4, ,50, ,
-6, ,50, ,
-5, ,50, ,
-5, ,51, ,
0, ,49, ,
-7, ,51, ,
-1, ,49, ,
1, ,50, ,
-1, ,51, ,
-2, ,50, ,
1, ,49, ,
-4, ,51, ,
-1, ,51, ,
-1, ,50, ,
-2, ,50, ,
-2, ,51, ,
1, ,49, ,
-6, ,51, ,
3, ,50, ,
3, ,50, ,
-1, ,51, ,
-4, ,51, ,
0, ,49, ,
0, ,51, ,
3, ,50, ,
1, ,50, ,
1, ,50, ,
-4, ,51, ,
0, ,49, ,
-5, ,51, ,
0, ,49, ,
6, ,50, ,
4, ,51, ,
-1, ,50, ,
3, ,49, ,
-4, ,51, ,
0, ,50, ,
-2, ,50, ,
-1, ,50, ,
1, ,51, ,
4, ,49, ,
-1, ,51, ,
3, ,50, ,
4, ,50, ,
3, ,51, ,
1, ,51, ,
4, ,49, ,
-4, ,51, ,
-1, ,50, ,
-2, ,50, ,
-5, ,50, ,
-1, ,50, ,
3, ,49, ,
-1, ,51, ,
6, ,49, ,
6, ,50, ,
1, ,51, ,
1, ,50, ,
6, ,49, ,
4, ,51, ,
4, ,50, ,
3, ,50, ,
1, ,50, ,
-1, ,50, ,
0, ,50, ,
-5, ,51, ,
1, ,49, ,
-1, ,50, ,
1, ,51, ,
1, ,50, ,
5, ,50, ,
5, ,51, ,
1, ,50, ,
0, ,50, ,
0, ,50, ,
3, ,50, ,
5, ,50, ,
-1, ,51, ,
4, ,50, ,
6, ,50, ,
1, ,51, ,
1, ,51, ,
8, ,49, ,
4, ,51, ,
3, ,51, ,
-2, ,50, ,
0, ,50, ,
0, ,51, ,
4, ,49, ,
-2, ,51, ,
3, ,50, ,
3, ,50, ,
3, ,51, ,
3, ,51, ,
4, ,49, ,
6, ,51, ,
9, ,51, ,
3, ,50, ,
6, ,50, ,
8, ,51, ,
10, ,49, ,
1, ,51, ,
3, ,50, ,
4, ,50, ,
5, ,50, ,
-1, ,50, ,
6, ,49, ,
4, ,51, ,
6, ,51, ,
5, ,50, ,
5, ,50, ,
8, ,50, ,
8, ,49, ,
-1, ,50, ,
4, ,50, ,
5, ,50, ,
5, ,51, ,
0, ,50, ,
5, ,49, ,
3, ,51, ,
1, ,50, ,
1, ,50, ,
4, ,50, ,
1, ,51, ,
5, ,49, ,
0, ,51, ,
6, ,48, ,
4, ,44, ,
3, ,36, ,
-4, ,25, ,
0, ,15, ,
1, ,8, ,
-4, ,1, ,
0, ,-5, ,
5, ,-10, ,
-1, ,-14, ,
4, ,-19, ,
-7, ,-22, ,
-2, ,-25, ,
1, ,-28, ,
-1, ,-29, ,
-2, ,-31, ,
0, ,-33, ,
1, ,-35, ,
3, ,-37, ,
1, ,-37, ,
3, ,-38, ,
3, ,-39, ,
4, ,-39, ,
-4, ,-40, ,
0, ,-41, ,
1, ,-41, ,
-5, ,-41, ,
-6, ,-42, ,
3, ,-41, ,
-2, ,-42, ,
4, ,-42, ,
1, ,-42, ,
3, ,-42, ,
3, ,-43, ,
3, ,-42, ,
-5, ,-43, ,
3, ,-43, ,
5, ,-43, ,
-2, ,-43, ,
-4, ,-43, ,
4, ,-42, ,
-1, ,-43, ,
0, ,-43, ,
0, ,-43, ,
1, ,-43, ,
3, ,-43, ,
5, ,-42, ,
0, ,-44, ,
5, ,-43, ,
8, ,-43, ,
1, ,-43, ,
1, ,-43, ,
5, ,-42, ,
3, ,-43, ,
3, ,-43, ,
3, ,-43, ,
4, ,-43, ,
4, ,-43, ,
6, ,-43, ,
0, ,-43, ,
1, ,-43, ,
3, ,-43, ,
-1, ,-43, ,
-4, ,-43, ,
4, ,-42, ,
4, ,-43, ,
4, ,-43, ,
3, ,-43, ,
4, ,-43, ,
5, ,-43, ,
5, ,-43, ,
-4, ,-43, ,
0, ,-43, ,
5, ,-42, ,
-1, ,-43, ,
-1, ,-43, ,
6, ,-42, ,
1, ,-43, ,
0, ,-43, ,
-2, ,-42, ,
-1, ,-43, ,
0, ,-43, ,
3, ,-42, ,
-5, ,-43, ,
1, ,-43, ,
4, ,-43, ,
1, ,-43, ,
-4, ,-43, ,
4, ,-42, ,
0, ,-43, ,
-1, ,-43, ,
0, ,-43, ,
1, ,-43, ,
3, ,-43, ,
4, ,-42, ,
-4, ,-43, ,
-2, ,-43, ,
0, ,-42, ,
-2, ,-43, ,
-7, ,-43, ,
-1, ,-42, ,
-6, ,-43, ,
-4, ,-43, ,
-2, ,-42, ,
0, ,-43, ,
3, ,-43, ,
1, ,-42, ,
-5, ,-43, ,
1, ,-43, ,
1, ,-42, ,
0, ,-42, ,
-5, ,-43, ,
0, ,-42, ,
1, ,-43, ,
-2, ,-42, ,
0, ,-42, ,
-1, ,-43, ,
-1, ,-42, ,
1, ,-42, ,
-5, ,-43, ,
0, ,-43, ,
4, ,-43, ,
1, ,-42, ,
-1, ,-43, ,
3, ,-42, ,
0, ,-43, ,
0, ,-43, ,
-1, ,-42, ,
-1, ,-43, ,
-1, ,-42, ,
1, ,-42, ,
-5, ,-43, ,
0, ,-42, ,
4, ,-42, ,
-2, ,-42, ,
-5, ,-43, ,
1, ,-42, ,
0, ,-43, ,
0, ,-43, ,
-1, ,-42, ,
-1, ,-43, ,
-1, ,-42, ,
1, ,-42, ,
-4, ,-43, ,
0, ,-43, ,
5, ,-42, ,
-1, ,-43, ,
-5, ,-43, ,
5, ,-42, ,
0, ,-43, ,
3, ,-43, ,
0, ,-43, ,
0, ,-42, ,
1, ,-42, ,
0, ,-42, ,
-4, ,-43, ,
3, ,-42, ,
4, ,-42, ,
3, ,-42, ,
-1, ,-42, ,
5, ,-42, ,
3, ,-43, ,
0, ,-43, ,
-2, ,-42, ,
-4, ,-42, ,
-1, ,-42, ,
3, ,-42, ,
0, ,-43, ,
6, ,-42, ,
6, ,-42, ,
3, ,-43, ,
-2, ,-43, ,
3, ,-42, ,
0, ,-43, ,
-2, ,-43, ,
-4, ,-43, ,
-1, ,-43, ,
1, ,-42, ,
1, ,-42, ,
-4, ,-43, ,
0, ,-42, ,
0, ,-42, ,
-1, ,-43, ,
-2, ,-42, ,
3, ,-42, ,
1, ,-43, ,
-2, ,-43, ,
-1, ,-42, ,
1, ,-42, ,
0, ,-42, ,
3, ,-42, ,
-1, ,-43, ,
4, ,-42, ,
9, ,-42, ,
8, ,-43, ,
3, ,-43, ,
6, ,-42, ,
0, ,-43, ,
1, ,-43, ,
-2, ,-42, ,
1, ,-43, ,
3, ,-42, ,
3, ,-42, ,
-5, ,-43, ,
1, ,-42, ,
4, ,-42, ,
4, ,-42, ,
0, ,-43, ,
8, ,-42, ,
5, ,-43, ,
4, ,-42, ,
3, ,-42, ,
3, ,-43, ,
5, ,-43, ,
6, ,-42, ,
-1, ,-43, ,
5, ,-43, ,
8, ,-42, ,
4, ,-43, ,
0, ,-42, ,
5, ,-42, ,
3, ,-43, ,
3, ,-42, ,
1, ,-42, ,
3, ,-42, ,
6, ,-43, ,
10, ,-42, ,
4, ,-43, ,
6, ,-42, ,
8, ,-42, ,
5, ,-42, ,
1, ,-43, ,
5, ,-42, ,
4, ,-43, ,
5, ,-43, ,
3, ,-42, ,
3, ,-43, ,
0, ,-43, ,
0, ,-42, ,
-5, ,-43, ,
3, ,-43, ,
8, ,-42, ,
4, ,-43, ,
1, ,-43, ,
6, ,-42, ,
4, ,-43, ,
3, ,-42, ,
0, ,-43, ,
-1, ,-42, ,
1, ,-42, ,
6, ,-42, ,
-1, ,-43, ,
3, ,-42, ,
6, ,-42, ,
3, ,-42, ,
0, ,-43, ,
4, ,-42, ,
4, ,-42, ,
4, ,-43, ,
0, ,-42, ,
3, ,-42, ,
1, ,-42, ,
8, ,-42, ,
1, ,-43, ,
3, ,-43, ,
4, ,-42, ,
0, ,-42, ,
-4, ,-42, ,
4, ,-42, ,
0, ,-42, ,
3, ,-42, ,
4, ,-43, ,
3, ,-43, ,
6, ,-42, ,
5, ,-42, ,
1, ,-43, ,
1, ,-42, ,
3, ,-42, ,
0, ,-43, ,
-4, ,-42, ,
5, ,-42, ,
4, ,-43, ,
1, ,-42, ,
3, ,-42, ,
3, ,-43, ,
0, ,-42, ,
4, ,-42, ,
0, ,-43, ,
1, ,-43, ,
1, ,-42, ,
0, ,-42, ,
-2, ,-42, ,
6, ,-42, ,
5, ,-42, ,
4, ,-42, ,
3, ,-42, ,
5, ,-42, ,
6, ,-42, ,
5, ,-42, ,
-1, ,-43, ,
3, ,-43, ,
4, ,-42, ,
3, ,-42, ,
-2, ,-42, ,
3, ,-42, ,
3, ,-43, ,
0, ,-43, ,
1, ,-42, ,
4, ,-42, ,
4, ,-42, ,
8, ,-42, ,
0, ,-43, ,
3, ,-43, ,
4, ,-42, ,
-1, ,-42, ,
0, ,-42, ,
5, ,-42, ,
1, ,-43, ,
3, ,-42, ,
1, ,-42, ,
0, ,-42, ,
3, ,-42, ,
3, ,-43, ,
-6, ,-43, ,
-1, ,-42, ,
1, ,-42, ,
0, ,-42, ,
-1, ,-43, ,
8, ,-42, ,
4, ,-43, ,
5, ,-43, ,
3, ,-42, ,
1, ,-42, ,
1, ,-42, ,
4, ,-42, ,
-5, ,-43, ,
-1, ,-42, ,
3, ,-42, ,
-2, ,-43, ,
-6, ,-42, ,
-1, ,-42, ,
-7, ,-43, ,
-2, ,-43, ,
-1, ,-42, ,
-1, ,-42, ,
1, ,-42, ,
1, ,-42, ,
-2, ,-43, ,
0, ,-42, ,
0, ,-42, ,
-4, ,-42, ,
-7, ,-42, ,
0, ,-42, ,
1, ,-43, ,
1, ,-43, ,
4, ,-42, ,
1, ,-43, ,
0, ,-43, ,
1, ,-42, ,
-6, ,-43, ,
0, ,-43, ,
0, ,-42, ,
-2, ,-43, ,
-5, ,-43, ,
3, ,-42, ,
1, ,-43, ,
3, ,-42, ,
-1, ,-42, ,
0, ,-42, ,
0, ,-42, ,
0, ,-42, ,
-5, ,-43, ,
3, ,-42, ,
-1, ,-42, ,
-1, ,-43, ,
3, ,-43, ,
3, ,-42, ,
1, ,-43, ,
-1, ,-42, ,
-2, ,-42, ,
0, ,-42, ,
0, ,-43, ,
5, ,-42, ,
-2, ,-43, ,
-1, ,-43, ,
4, ,-42, ,
0, ,-42, ,
-1, ,-42, ,
5, ,-42, ,
3, ,-43, ,
1, ,-42, ,
0, ,-42, ,
-1, ,-43, ,
0, ,-42, ,
3, ,-42, ,
-4, ,-43, ,
-1, ,-42, ,
-1, ,-42, ,
-4, ,-42, ,
-10, ,-43, ,
3, ,-42, ,
1, ,-42, ,
0, ,-43, ,
3, ,-42, ,
1, ,-42, ,
3, ,-42, ,
0, ,-42, ,
-2, ,-43, ,
0, ,-42, ,
5, ,-42, ,
3, ,-42, ,
0, ,-43, ,
5, ,-42, ,
-1, ,-43, ,
-5, ,-43, ,
-6, ,-42, ,
-2, ,-42, ,
-1, ,-42, ,
1, ,-42, ,
-4, ,-42, ,
1, ,-42, ,
1, ,-42, ,
-1, ,-43, ,
-2, ,-42, ,
3, ,-42, ,
0, ,-43, ,
-2, ,-43, ,
-2, ,-42, ,
1, ,-43, ,
1, ,-42, ,
4, ,-42, ,
-1, ,-43, ,
5, ,-43, ,
6, ,-42, ,
1, ,-42, ,
-1, ,-43, ,
4, ,-42, ,
1, ,-43, ,
1, ,-42, ,
-1, ,-42, ,
-1, ,-43, ,
0, ,-42, ,
3, ,-42, ,
-5, ,-43, ,
-1, ,-42, ,
4, ,-42, ,
3, ,-42, ,
0, ,-42, ,
5, ,-42, ,
4, ,-43, ,
4, ,-42, ,
1, ,-42, ,
1, ,-43, ,
0, ,-42, ,
3, ,-42, ,
-1, ,-43, ,
5, ,-43, ,
10, ,-42, ,
4, ,-42, ,
-1, ,-43, ,
8, ,-42, ,
-5, ,-42, ,
-1, ,-43, ,
1, ,-42, ,
0, ,-42, ,
6, ,-42, ,
9, ,-42, ,
4, ,-43, ,
9, ,-42, ,
4, ,-42, ,
6, ,-42, ,
0, ,-42, ,
5, ,-42, ,
5, ,-43, ,
3, ,-43, ,
1, ,-42, ,
-1, ,-42, ,
4, ,-42, ,
5, ,-42, ,
-1, ,-43, ,
5, ,-42, ,
5, ,-42, ,
3, ,-43, ,
1, ,-42, ,
4, ,-42, ,
4, ,-43, ,
3, ,-42, ,
-1, ,-42, ,
3, ,-43, ,
3, ,-42, ,
3, ,-42, ,
1, ,-43, ,
6, ,-42, ,
1, ,-42, ,
4, ,-42, ,
1, ,-42, ,
9, ,-42, ,
4, ,-43, ,
1, ,-42, ,
0, ,-43, ,
0, ,-42, ,
-1, ,-42, ,
4, ,-42, ,
-2, ,-43, ,
1, ,-42, ,
8, ,-42, ,
4, ,-42, ,
1, ,-42, ,
6, ,-42, ,
-1, ,-42, ,
1, ,-43, ,
-1, ,-42, ,
3, ,-42, ,
5, ,-42, ,
9, ,-43, ,
0, ,-43, ,
3, ,-42, ,
5, ,-42, ,
3, ,-42, ,
-1, ,-43, ,
6, ,-42, ,
3, ,-43, ,
3, ,-43, ,
5, ,-42, ,
4, ,-42, ,
4, ,-42, ,
5, ,-42, ,
-4, ,-43, ,
3, ,-42, ,
3, ,-42, ,
1, ,-42, ,
0, ,-42, ,
6, ,-42, ,
3, ,-43, ,
5, ,-43, ,
5, ,-42, ,
5, ,-43, ,
5, ,-43, ,
5, ,-42, ,
1, ,-43, ,
5, ,-42, ,
5, ,-42, ,
4, ,-43, ,
-1, ,-43, ,
4, ,-42, ,
1, ,-42, ,
1, ,-42, ,
3, ,-42, ,
4, ,-42, ,
4, ,-42, ,
5, ,-42, ,
1, ,-43, ,
5, ,-42, ,
10, ,-42, ,
1, ,-42, ,
-1, ,-43, ,
4, ,-42, ,
1, ,-42, ,
4, ,-42, ,
1, ,-42, ,
1, ,-42, ,
1, ,-42, ,
0, ,-42, ,
-1, ,-43, ,
0, ,-43, ,
1, ,-42, ,
1, ,-42, ,
-5, ,-42, ,
5, ,-42, ,
5, ,-43, ,
8, ,-43, ,
4, ,-42, ,
4, ,-43, ,
4, ,-43, ,
4, ,-42, ,
0, ,-43, ,
0, ,-42, ,
3, ,-42, ,
0, ,-43, ,
-5, ,-42, ,
3, ,-42, ,
0, ,-43, ,
3, ,-42, ,
0, ,-42, ,
-2, ,-42, ,
1, ,-42, ,
0, ,-42, ,
-6, ,-43, ,
1, ,-42, ,
0, ,-42, ,
-1, ,-42, ,
-4, ,-43, ,
4, ,-42, ,
1, ,-42, ,
0, ,-43, ,
1, ,-42, ,
0, ,-43, ,
3, ,-42, ,
4, ,-42, ,
-5, ,-43, ,
-2, ,-43, ,
1, ,-42, ,
-2, ,-42, ,
-2, ,-42, ,
-1, ,-42, ,
-1, ,-42, ,
0, ,-43, ,
1, ,-42, ,
0, ,-42, ,
4, ,-42, ,
4, ,-43, ,
-4, ,-43, ,
-1, ,-42, ,
0, ,-42, ,
-2, ,-42, ,
-1, ,-43, ,
4, ,-42, ,
4, ,-42, ,
1, ,-43, ,
0, ,-42, ,
1, ,-42, ,
1, ,-42, ,
4, ,-42, ,
-4, ,-43, ,
-1, ,-43, ,
4, ,-42, ,
-1, ,-42, ,
-1, ,-43, ,
5, ,-42, ,
-2, ,-43, ,
0, ,-43, ,
-2, ,-42, ,
0, ,-42, ,
0, ,-43, ,
1, ,-42, ,
-6, ,-43, ,
-2, ,-42, ,
-1, ,-42, ,
-4, ,-42, ,
-6, ,-42, ,
0, ,-42, ,
-2, ,-43, ,
-1, ,-43, ,
0, ,-42, ,
0, ,-42, ,
1, ,-42, ,
3, ,-42, ,
-6, ,-43, ,
-2, ,-42, ,
0, ,-42, ,
-4, ,-42, ,
-7, ,-43, ,
1, ,-42, ,
0, ,-43, ,
3, ,-43, ,
3, ,-42, ,
1, ,-43, ,
1, ,-42, ,
1, ,-42, ,
-7, ,-43, ,
-1, ,-42, ,
-1, ,-42, ,
-2, ,-43, ,
-5, ,-42, ,
-1, ,-42, ,
-2, ,-43, ,
-4, ,-43, ,
-4, ,-42, ,
-4, ,-42, ,
-1, ,-43, ,
0, ,-42, ,
-2, ,-43, ,
4, ,-42, ,
5, ,-42, ,
0, ,-43, ,
-4, ,-43, ,
3, ,-42, ,
-1, ,-43, ,
1, ,-43, ,
-1, ,-42, ,
0, ,-43, ,
0, ,-42, ,
4, ,-42, ,
-4, ,-43, ,
-1, ,-42, ,
1, ,-42, ,
-1, ,-42, ,
-5, ,-42, ,
5, ,-42, ,
0, ,-43, ,
1, ,-42, ,
1, ,-42, ,
0, ,-42, ,
3, ,-42, ,
3, ,-42, ,
-1, ,-43, ,
3, ,-42, ,
6, ,-42, ,
1, ,-42, ,
-2, ,-43, ,
5, ,-42, ,
0, ,-43, ,
0, ,-43, ,
-4, ,-42, ,
-2, ,-42, ,
3, ,-42, ,
3, ,-42, ,
-2, ,-43, ,
5, ,-43, ,
4, ,-42, ,
4, ,-42, ,
-1, ,-43, ,
6, ,-42, ,
4, ,-43, ,
0, ,-42, ,
0, ,-42, ,
3, ,-42, ,
5, ,-43, ,
4, ,-42, ,
-5, ,-43, ,
5, ,-42, ,
8, ,-42, ,
3, ,-43, ,
4, ,-43, ,
4, ,-42, ,
-1, ,-43, ,
-2, ,-43, ,
-6, ,-42, ,
1, ,-43, ,
9, ,-43, ,
10, ,-42, ,
-1, ,-43, ,
4, ,-43, ,
5, ,-42, ,
-1, ,-42, ,
-1, ,-42, ,
4, ,-42, ,
3, ,-43, ,
1, ,-42, ,
0, ,-42, ,
1, ,-43, ,
-2, ,-42, ,
0, ,-42, ,
-4, ,-43, ,
0, ,-42, ,
8, ,-42, ,
5, ,-42, ,
3, ,-43, ,
8, ,-42, ,
0, ,-43, ,
0, ,-43, ,
0, ,-42, ,
-1, ,-42, ,
1, ,-42, ,
3, ,-42, ,
0, ,-43, ,
8, ,-43, ,
8, ,-42, ,
8, ,-42, ,
3, ,-43, ,
8, ,-42, ,
4, ,-43, ,
5, ,-43, ,
6, ,-43, ,
3, ,-42, ,
6, ,-42, ,
8, ,-42, ,
0, ,-43, ,
4, ,-42, ,
5, ,-42, ,
1, ,-43, ,
-2, ,-43, ,
5, ,-42, ,
5, ,-43, ,
5, ,-43, ,
5, ,-42, ,
5, ,-42, ,
8, ,-42, ,
6, ,-42, ,
1, ,-43, ,
5, ,-42, ,
1, ,-42, ,
3, ,-39, ,
4, ,-30, ,
8, ,-20, ,
11, ,-10, ,
8, ,-2, ,
8, ,6, ,
5, ,12, ,
4, ,17, ,
11, ,21, ,
6, ,26, ,
13, ,29, ,
16, ,32, ,
13, ,35, ,
5, ,37, ,
3, ,38, ,
6, ,40, ,
9, ,42, ,
-2, ,44, ,
5, ,45, ,
6, ,46, ,
5, ,46, ,
-2, ,48, ,
3, ,47, ,
5, ,48, ,
1, ,49, ,
1, ,48, ,
3, ,49, ,
3, ,50, ,
4, ,50, ,
1, ,50, ,
3, ,50, ,
6, ,50, ,
11, ,50, ,
3, ,51, ,
5, ,50, ,
5, ,51, ,
1, ,51, ,
-2, ,51, ,
6, ,49, ,
-1, ,52, ,
4, ,51, ,
3, ,51, ,
1, ,51, ,
4, ,51, ,
1, ,50, ,
-6, ,52, ,
3, ,50, ,
1, ,50, ,
4, ,51, ,
1, ,51, ,
6, ,50, ,
4, ,52, ,
3, ,51, ,
3, ,51, ,
3, ,50, ,
0, ,51, ,
6, ,50, ,
-4, ,51, ,
4, ,50, ,
4, ,51, ,
0, ,51, ,
-2, ,51, ,
1, ,49, ,
-1, ,51, ,
0, ,51, ,
-1, ,50, ,
0, ,51, ,
3, ,51, ,
5, ,50, ,
-1, ,51, ,
1, ,50, ,
1, ,51, ,
1, ,51, ,
-1, ,50, ,
5, ,49, ,
-1, ,51, ,
1, ,50, ,
3, ,50, ,
4, ,50, ,
-1, ,51, ,
4, ,50, ,
-2, ,51, ,
-1, ,50, ,
0, ,50, ,
-2, ,51, ,
-5, ,51, ,
5, ,49, ,
-1, ,51, ,
5, ,50, ,
4, ,50, ,
1, ,50, ,
1, ,51, ,
-1, ,49, ,
-6, ,51, ,
3, ,50, ,
4, ,50, ,
3, ,51, ,
-4, ,51, ,
0, ,49, ,
-1, ,51, ,
0, ,51, ,
0, ,50, ,
-1, ,50, ,
0, ,51, ,
1, ,50, ,
-4, ,51, ,
-1, ,50, ,
0, ,50, ,
1, ,51, ,
-6, ,51, ,
0, ,49, ,
0, ,51, ,
-1, ,50, ,
3, ,50, ,
3, ,50, ,
4, ,51, ,
6, ,50, ,
0, ,51, ,
0, ,50, ,
0, ,50, ,
-4, ,51, ,
-5, ,51, ,
-1, ,49, ,
0, ,51, ,
3, ,50, ,
0, ,50, ,
0, ,51, ,
-4, ,51, ,
3, ,49, ,
-6, ,51, ,
0, ,49, ,
9, ,50, ,
-5, ,50, ,
-4, ,51, ,
6, ,49, ,
-1, ,51, ,
3, ,50, ,
-2, ,50, ,
-1, ,50, ,
3, ,51, ,
5, ,49, ,
0, ,51, ,
4, ,49, ,
0, ,50, ,
-1, ,50, ,
0, ,51, ,
3, ,49, ,
0, ,51, ,
-1, ,50, ,
1, ,50, ,
0, ,50, ,
1, ,51, ,
4, ,50, ,
1, ,51, ,
1, ,50, ,
1, ,50, ,
-1, ,50, ,
-4, ,51, ,
1, ,49, ,
0, ,51, ,
0, ,50, ,
-4, ,50, ,
3, ,50, ,
4, ,51, ,
-1, ,50, ,
-6, ,51, ,
-2, ,50, ,
-5, ,50, ,
0, ,51, ,
-5, ,51, ,
3, ,49, ,
0, ,51, ,
1, ,51, ,
0, ,50, ,
-1, ,50, ,
-1, ,51, ,
3, ,50, ,
-5, ,51, ,
1, ,50, ,
1, ,50, ,
-1, ,51, ,
-5, ,51, ,
-2, ,49, ,
-5, ,51, ,
-4, ,50, ,
-2, ,50, ,
-1, ,50, ,
1, ,51, ,
5, ,50, ,
-1, ,51, ,
5, ,50, ,
3, ,50, ,
0, ,51, ,
-2, ,50, ,
-1, ,49, ,
-4, ,51, ,
-1, ,50, ,
0, ,50, ,
1, ,50, ,
1, ,50, ,
1, ,50, ,
-4, ,51, ,
-1, ,50, ,
1, ,50, ,
0, ,50, ,
-2, ,50, ,
0, ,49, ,
-2, ,51, ,
-1, ,50, ,
-5, ,50, ,
-2, ,50, ,
-4, ,50, ,
-1, ,49, ,
-2, ,51, ,
5, ,50, ,
4, ,50, ,
3, ,50, ,
1, ,50, ,
6, ,49, ,
4, ,51, ,
1, ,50, ,
3, ,50, ,
0, ,50, ,
1, ,51, ,
4, ,49, ,
-1, ,51, ,
4, ,49, ,
3, ,50, ,
0, ,50, ,
-4, ,50, ,
4, ,49, ,
-1, ,51, ,
1, ,51, ,
0, ,50, ,
1, ,50, ,
4, ,51, ,
8, ,49, ,
1, ,51, ,
5, ,49, ,
4, ,50, ,
3, ,50, ,
0, ,50, ,
5, ,49, ,
3, ,51, ,
1, ,50, ,
0, ,50, ,
1, ,50, ,
-1, ,51, ,
6, ,49, ,
-2, ,51, ,
3, ,50, ,
6, ,50, ,
1, ,50, ,
3, ,50, ,
6, ,49, ,
3, ,51, ,
4, ,50, ,
1, ,50, ,
0, ,50, ,
0, ,51, ,
4, ,49, ,
-1, ,51, ,
1, ,49, ,
4, ,50, ,
3, ,50, ,
0, ,50, ,
3, ,49, ,
-4, ,51, ,
-2, ,51, ,
-2, ,50, ,
3, ,50, ,
3, ,51, ,
5, ,50, ,
-1, ,51, ,
4, ,49, ,
9, ,50, ,
6, ,51, ,
0, ,50, ,
5, ,49, ,
0, ,51, ,
1, ,50, ,
0, ,50, ,
1, ,50, ,
4, ,51, ,
5, ,49, ,
-4, ,51, ,
1, ,50, ,
1, ,50, ,
4, ,50, ,
0, ,51, ,
6, ,49, ,
5, ,51, ,
6, ,50, ,
6, ,50, ,
4, ,50, ,
3, ,51, ,
8, ,49, ,
-2, ,51, ,
3, ,50, ,
6, ,50, ,
5, ,51, ,
3, ,50, ,
5, ,49, ,
0, ,51, ,
5, ,51, ,
1, ,50, ,
1, ,50, ,
4, ,51, ,
6, ,49, ,
-2, ,51, ,
5, ,49, ,
5, ,50, ,
3, ,51, ,
0, ,50, ,
4, ,49, ,
3, ,51, ,
3, ,50, ,
1, ,50, ,
3, ,50, ,
0, ,51, ,
5, ,49, ,
1, ,51, ,
6, ,49, ,
6, ,50, ,
0, ,51, ,
-1, ,50, ,
5, ,49, ,
-1, ,51, ,
4, ,50, ,
0, ,50, ,
0, ,50, ,
-1, ,51, ,
4, ,50, ,
-1, ,51, ,
1, ,49, ,
3, ,50, ,
4, ,50, ,
0, ,51, ,
8, ,49, ,
4, ,51, ,
4, ,50, ,
1, ,50, ,
-1, ,50, ,
0, ,50, ,
-1, ,49, ,
-4, ,51, ,
0, ,49, ,
0, ,50, ,
1, ,51, ,
-1, ,50, ,
5, ,49, ,
1, ,50, ,
3, ,50, ,
0, ,50, ,
1, ,50, ,
1, ,50, ,
6, ,49, ,
-1, ,51, ,
-1, ,50, ,
-7, ,50, ,
-11, ,50, ,
-14, ,50, ,
-9, ,49, ,
-11, ,50, ,
-10, ,50, ,
-7, ,50, ,
-1, ,50, ,
-1, ,51, ,
6, ,49, ,
1, ,51, ,
8, ,49, ,
10, ,50, ,
8, ,51, ,
8, ,51, ,
10, ,49, ,
6, ,51, ,
4, ,51, ,
1, ,50, ,
3, ,50, ,
3, ,51, ,
4, ,49, ,
-4, ,51, ,
0, ,50, ,
1, ,50, ,
1, ,50, ,
-1, ,50, ,
5, ,49, ,
0, ,51, ,
1, ,50, ,
-2, ,50, ,
-4, ,50, ,
-2, ,51, ,
3, ,49, ,
-2, ,51, ,
1, ,50, ,
4, ,50, ,
1, ,50, ,
0, ,50, ,
1, ,49, ,
-5, ,51, ,
4, ,50, ,
4, ,50, ,
0, ,50, ,
3, ,50, ,
0, ,49, ,
-9, ,51, ,
-5, ,50, ,
-2, ,50, ,
-2, ,51, ,
-2, ,51, ,
5, ,49, ,
5, ,51, ,
3, ,51, ,
3, ,50, ,
0, ,50, ,
-6, ,50, ,
-1, ,49, ,
-9, ,51, ,
-5, ,50, ,
-2, ,50, ,
-2, ,51, ,
-6, ,51, ,
0, ,49, ,
-2, ,51, ,
0, ,50, ,
0, ,50, ,
0, ,50, ,
0, ,51, ,
5, ,49, ,
-2, ,51, ,
3, ,49, ,
3, ,50, ,
-2, ,51, ,
-6, ,51, ,
0, ,49, ,
0, ,51, ,
3, ,50, ,
1, ,50, ,
4, ,50, ,
1, ,50, ,
6, ,49, ,
1, ,51, ,
3, ,49, ,
5, ,50, ,
0, ,51, ,
-7, ,50, ,
1, ,49, ,
-2, ,51, ,
3, ,51, ,
1, ,50, ,
1, ,50, ,
4, ,51, ,
3, ,49, ,
-2, ,51, ,
0, ,50, ,
1, ,50, ,
-1, ,50, ,
-4, ,51, ,
6, ,49, ,
4, ,51, ,
3, ,50, ,
4, ,50, ,
3, ,50, ,
1, ,51, ,
6, ,50, ,
-1, ,51, ,
5, ,49, ,
4, ,50, ,
3, ,51, ,
-1, ,50, ,
4, ,49, ,
-2, ,51, ,
-1, ,50, ,
-2, ,50, ,
-1, ,50, ,
0, ,50, ,
5, ,49, ,
-1, ,51, ,
5, ,49, ,
5, ,50, ,
3, ,50, ,
3, ,50, ,
5, ,49, ,
1, ,51, ,
0, ,50, ,
3, ,50, ,
4, ,50, ,
4, ,50, ,
5, ,49, ,
-1, ,51, ,
-2, ,50, ,
1, ,50, ,
0, ,51, ,
-2, ,50, ,
1, ,49, ,
1, ,51, ,
5, ,51, ,
3, ,50, ,
5, ,50, ,
3, ,51, ,
4, ,49, ,
-4, ,51, ,
3, ,49, ,
4, ,50, ,
1, ,51, ,
-2, ,50, ,
3, ,49, ,
-1, ,51, ,
-2, ,50, ,
-1, ,50, ,
-2, ,50, ,
-1, ,51, ,
3, ,49, ,
1, ,51, ,
5, ,49, ,
8, ,50, ,
5, ,51, ,
-1, ,50, ,
3, ,49, ,
0, ,51, ,
3, ,50, ,
1, ,50, ,
0, ,50, ,
1, ,51, ,
3, ,49, ,
0, ,51, ,
6, ,50, ,
4, ,50, ,
4, ,51, ,
-2, ,51, ,
4, ,49, ,
4, ,51, ,
1, ,50, ,
3, ,50, ,
4, ,50, ,
4, ,51, ,
5, ,49, ,
3, ,51, ,
4, ,50, ,
5, ,50, ,
1, ,50, ,
-1, ,51, ,
4, ,49, ,
1, ,51, ,
8, ,50, ,
4, ,50, ,
3, ,50, ,
6, ,51, ,
1, ,49, ,
-4, ,51, ,
5, ,50, ,
1, ,50, ,
-1, ,51, ,
-1, ,50, ,
4, ,49, ,
0, ,51, ,
0, ,50, ,
0, ,50, ,
0, ,50, ,
0, ,50, ,
9, ,49, ,
4, ,51, ,
8, ,49, ,
10, ,50, ,
6, ,51, ,
3, ,50, ,
9, ,49, ,
-1, ,51, ,
3, ,50, ,
0, ,50, ,
4, ,50, ,
5, ,51, ,
8, ,49, ,
1, ,51, ,
1, ,49, ,
3, ,50, ,
5, ,51, ,
1, ,51, ,
10, ,49, ,
6, ,51, ,
4, ,50, ,
3, ,50, ,
3, ,50, ,
4, ,51, ,
8, ,49, ,
9, ,51, ,
4, ,49, ,
5, ,50, ,
4, ,50, ,
-4, ,51, ,
6, ,49, ,
-1, ,51, ,
-5, ,50, ,
0, ,50, ,
4, ,50, ,
6, ,51, ,
9, ,49, ,
3, ,51, ,
6, ,49, ,
8, ,50, ,
10, ,51, ,
6, ,50, ,
10, ,49, ,
5, ,51, ,
6, ,50, ,
3, ,50, ,
3, ,50, ,
1, ,51, ,
4, ,50, ,
-4, ,51, ,
0, ,50, ,
5, ,50, ,
3, ,50, ,
-4, ,50, ,
4, ,49, ,
-5, ,51, ,
4, ,50, ,
4, ,50, ,
5, ,50, ,
6, ,51, ,
9, ,50, ,
3, ,51, ,
3, ,50, ,
4, ,50, ,
0, ,51, ,
-4, ,50, ,
4, ,49, ,
-1, ,51, ,
0, ,50, ,
-2, ,50, ,
-2, ,50, ,
-5, ,51, ,
-2, ,49, ,
-6, ,51, ,
-1, ,50, ,
1, ,50, ,
0, ,51, ,
-4, ,50, ,
5, ,49, ,
-1, ,51, ,
1, ,50, ,
-1, ,50, ,
-1, ,50, ,
-2, ,50, ,
1, ,49, ,
-5, ,51, ,
1, ,50, ,
0, ,50, ,
-2, ,50, ,
-5, ,51, ,
1, ,49, ,
-4, ,51, ,
-1, ,50, ,
-2, ,50, ,
-2, ,50, ,
-1, ,50, ,
1, ,49, ,
-9, ,51, ,
-5, ,49, ,
-5, ,50, ,
-9, ,50, ,
-6, ,50, ,
0, ,49, ,
-1, ,51, ,
-1, ,50, ,
-4, ,50, ,
-5, ,50, ,
-6, ,51, ,
-5, ,50, ,
-12, ,51, ,
-6, ,50, ,
-5, ,50, ,
-5, ,50, ,
-5, ,50, ,
4, ,49, ,
-2, ,51, ,
0, ,50, ,
-1, ,50, ,
-1, ,50, ,
-4, ,50, ,
1, ,49, ,
-5, ,51, ,
-2, ,50, ,
1, ,50, ,
-4, ,51, ,
-5, ,50, ,
1, ,49, ,
-4, ,51, ,
-4, ,50, ,
-5, ,50, ,
-4, ,50, ,
0, ,51, ,
0, ,49, ,
-6, ,51, ,
-2, ,49, ,
-4, ,50, ,
-6, ,51, ,
-6, ,51, ,
0, ,49, ,
-1, ,51, ,
-1, ,50, ,
3, ,50, ,
1, ,50, ,
3, ,50, ,
1, ,50, ,
-6, ,51, ,
-4, ,49, ,
-1, ,50, ,
-2, ,50, ,
-5, ,51, ,
0, ,49, ,
-2, ,51, ,
-1, ,50, ,
-2, ,50, ,
-2, ,50, ,
-1, ,50, ,
0, ,49, ,
-6, ,51, ,
3, ,50, ,
4, ,50, ,
3, ,50, ,
-2, ,50, ,
4, ,49, ,
1, ,51, ,
-1, ,50, ,
0, ,50, ,
0, ,50, ,
-1, ,51, ,
3, ,50, ,
-5, ,51, ,
-1, ,49, ,
0, ,50, ,
-6, ,51, ,
-6, ,50, ,
1, ,49, ,
-1, ,51, ,
5, ,51, ,
3, ,50, ,
4, ,50, ,
3, ,51, ,
4, ,50, ,
1, ,51, ,
3, ,50, ,
3, ,50, ,
0, ,50, ,
-4, ,50, ,
3, ,49, ,
0, ,51, ,
4, ,50, ,
3, ,50, ,
3, ,50, ,
4, ,51, ,
8, ,49, ,
0, ,51, ,
5, ,49, ,
6, ,50, ,
4, ,51, ,
1, ,50, ,
5, ,49, ,
3, ,51, ,
5, ,50, ,
3, ,50, ,
1, ,50, ,
3, ,51, ,
5, ,49, ,
1, ,51, ,
5, ,50, ,
5, ,50, ,
5, ,51, ,
0, ,50, ,
6, ,49, ,
4, ,51, ,
3, ,51, ,
0, ,50, ,
3, ,50, ,
4, ,50, ,
8, ,50, ,
0, ,51, ,
6, ,50, ,
8, ,50, ,
8, ,50, ,
1, ,49, ,
4, ,39, ,
-1, ,31, ,
-1, ,21, ,
-1, ,12, ,
4, ,4, ,
5, ,-2, ,
8, ,-7, ,
-2, ,-12, ,
-2, ,-17, ,
0, ,-21, ,
-4, ,-24, ,
-4, ,-26, ,
5, ,-28, ,
1, ,-31, ,
1, ,-32, ,
-1, ,-33, ,
0, ,-36, ,
4, ,-37, ,
3, ,-37, ,
-1, ,-39, ,
4, ,-39, ,
9, ,-39, ,
3, ,-40, ,
-1, ,-41, ,
4, ,-41, ,
-2, ,-41, ,
1, ,-42, ,
3, ,-41, ,
3, ,-42, ,
5, ,-42, ,
5, ,-42, ,
-2, ,-43, ,
4, ,-43, ,
8, ,-42, ,
5, ,-43, ,
-1, ,-43, ,
4, ,-43, ,
3, ,-43, ,
1, ,-43, ,
1, ,-43, ,
4, ,-43, ,
6, ,-43, ,
5, ,-43, ,
0, ,-43, ,
8, ,-43, ,
9, ,-43, ,
5, ,-43, ,
0, ,-43, ,
4, ,-43, ,
1, ,-43, ,
4, ,-43, ,
3, ,-43, ,
4, ,-43, ,
5, ,-43, ,
8, ,-43, ,
1, ,-43, ,
6, ,-43, ,
6, ,-43, ,
5, ,-43, ,
1, ,-43, ,
8, ,-43, ,
9, ,-43, ,
5, ,-43, ,
5, ,-43, ,
3, ,-43, ,
1, ,-43, ,
3, ,-42, ,
-2, ,-44, ,
1, ,-43, ,
8, ,-42, ,
3, ,-43, ,
-1, ,-43, ,
5, ,-42, ,
3, ,-43, ,
3, ,-43, ,
1, ,-43, ,
4, ,-43, ,
3, ,-43, ,
8, ,-42, ,
6, ,-43, ,
5, ,-43, ,
6, ,-43, ,
1, ,-43, ,
-2, ,-43, ,
4, ,-42, ,
3, ,-43, ,
5, ,-43, ,
1, ,-43, ,
0, ,-43, ,
1, ,-43, ,
1, ,-42, ,
-5, ,-43, ,
-1, ,-43, ,
1, ,-42, ,
-1, ,-43, ,
-5, ,-43, ,
3, ,-42, ,
-1, ,-43, ,
0, ,-43, ,
-2, ,-43, ,
-5, ,-43, ,
-1, ,-42, ,
1, ,-42, ,
-5, ,-43, ,
3, ,-43, ,
0, ,-42, ,
0, ,-43, ,
-1, ,-43, ,
3, ,-42, ,
-1, ,-43, ,
-5, ,-43, ,
-4, ,-42, ,
-4, ,-43, ,
-2, ,-42, ,
9, ,-42, ,
-4, ,-43, ,
-4, ,-43, ,
-1, ,-42, ,
-7, ,-42, ,
-7, ,-43, ,
4, ,-42, ,
0, ,-43, ,
-1, ,-43, ,
-2, ,-43, ,
-2, ,-42, ,
-2, ,-42, ,
-5, ,-42, ,
-7, ,-43, ,
-4, ,-42, ,
-2, ,-42, ,
-4, ,-42, ,
-2, ,-43, ,
1, ,-42, ,
-2, ,-43, ,
-1, ,-43, ,
-2, ,-42, ,
-1, ,-43, ,
-4, ,-42, ,
-4, ,-42, ,
-5, ,-43, ,
-4, ,-43, ,
-2, ,-42, ,
-1, ,-43, ,
-4, ,-43, ,
3, ,-42, ,
-1, ,-43, ,
3, ,-43, ,
-2, ,-42, ,
-2, ,-43, ,
0, ,-43, ,
0, ,-42, ,
-9, ,-43, ,
0, ,-42, ,
-1, ,-42, ,
-1, ,-43, ,
-6, ,-43, ,
0, ,-42, ,
0, ,-43, ,
-2, ,-43, ,
0, ,-42, ,
0, ,-43, ,
0, ,-42, ,
1, ,-42, ,
-2, ,-43, ,
-1, ,-43, ,
1, ,-42, ,
-4, ,-42, ,
-6, ,-43, ,
-1, ,-42, ,
-1, ,-43, ,
-2, ,-43, ,
-1, ,-42, ,
-2, ,-43, ,
-4, ,-42, ,
-2, ,-42, ,
-10, ,-43, ,
-4, ,-43, ,
0, ,-42, ,
-1, ,-42, ,
-2, ,-43, ,
4, ,-42, ,
5, ,-43, ,
4, ,-43, ,
-1, ,-42, ,
-1, ,-43, ,
-1, ,-42, ,
0, ,-42, ,
-15, ,-43, ,
-1, ,-43, ,
5, ,-42, ,
-5, ,-42, ,
-2, ,-42, ,
3, ,-42, ,
-2, ,-43, ,
-2, ,-43, ,
0, ,-42, ,
-1, ,-43, ,
1, ,-42, ,
6, ,-42, ,
-1, ,-43, ,
1, ,-43, ,
1, ,-42, ,
-4, ,-42, ,
-6, ,-43, ,
0, ,-42, ,
1, ,-43, ,
0, ,-43, ,
1, ,-42, ,
1, ,-43, ,
3, ,-42, ,
3, ,-42, ,
-1, ,-43, ,
0, ,-43, ,
0, ,-42, ,
3, ,-43, ,
-1, ,-43, ,
8, ,-42, ,
3, ,-43, ,
5, ,-42, ,
1, ,-42, ,
1, ,-43, ,
4, ,-42, ,
4, ,-42, ,
-1, ,-43, ,
4, ,-43, ,
5, ,-42, ,
3, ,-42, ,
0, ,-43, ,
5, ,-42, ,
3, ,-42, ,
0, ,-43, ,
-1, ,-42, ,
0, ,-43, ,
0, ,-42, ,
6, ,-42, ,
-4, ,-43, ,
5, ,-43, ,
5, ,-42, ,
1, ,-42, ,
0, ,-43, ,
4, ,-42, ,
0, ,-43, ,
3, ,-43, ,
4, ,-42, ,
3, ,-43, ,
4, ,-42, ,
8, ,-42, ,
1, ,-43, ,
6, ,-42, ,
6, ,-42, ,
1, ,-42, ,
-2, ,-42, ,
3, ,-42, ,
4, ,-42, ,
3, ,-43, ,
3, ,-42, ,
3, ,-43, ,
1, ,-42, ,
6, ,-42, ,
-7, ,-43, ,
-1, ,-43, ,
9, ,-42, ,
3, ,-43, ,
1, ,-42, ,
10, ,-42, ,
5, ,-43, ,
6, ,-43, ,
4, ,-43, ,
4, ,-43, ,
8, ,-42, ,
8, ,-42, ,
0, ,-43, ,
3, ,-42, ,
4, ,-42, ,
3, ,-42, ,
-4, ,-42, ,
5, ,-42, ,
3, ,-42, ,
4, ,-43, ,
3, ,-42, ,
4, ,-43, ,
6, ,-42, ,
10, ,-42, ,
8, ,-43, ,
8, ,-43, ,
10, ,-42, ,
4, ,-42, ,
-2, ,-43, ,
1, ,-42, ,
5, ,-43, ,
4, ,-42, ,
4, ,-42, ,
5, ,-43, ,
6, ,-42, ,
9, ,-42, ,
4, ,-43, ,
5, ,-42, ,
5, ,-42, ,
4, ,-42, ,
3, ,-42, ,
8, ,-43, ,
8, ,-42, ,
5, ,-43, ,
4, ,-42, ,
6, ,-43, ,
6, ,-42, ,
9, ,-42, ,
1, ,-43, ,
3, ,-43, ,
5, ,-42, ,
1, ,-42, ,
-4, ,-43, ,
8, ,-42, ,
1, ,-43, ,
4, ,-42, ,
1, ,-43, ,
-1, ,-43, ,
8, ,-42, ,
8, ,-42, ,
3, ,-43, ,
6, ,-42, ,
5, ,-42, ,
3, ,-42, ,
3, ,-43, ,
6, ,-42, ,
1, ,-43, ,
1, ,-43, ,
3, ,-42, ,
3, ,-43, ,
4, ,-42, ,
6, ,-42, ,
-1, ,-43, ,
1, ,-43, ,
5, ,-42, ,
-1, ,-42, ,
-5, ,-42, ,
3, ,-42, ,
-2, ,-42, ,
0, ,-43, ,
1, ,-43, ,
1, ,-42, ,
4, ,-43, ,
3, ,-42, ,
-2, ,-43, ,
0, ,-42, ,
3, ,-42, ,
0, ,-43, ,
-1, ,-42, ,
3, ,-42, ,
1, ,-43, ,
-1, ,-43, ,
0, ,-42, ,
0, ,-42, ,
-1, ,-42, ,
1, ,-42, ,
-5, ,-43, ,
3, ,-42, ,
6, ,-42, ,
0, ,-43, ,
-1, ,-43, ,
3, ,-42, ,
-1, ,-42, ,
-1, ,-43, ,
-1, ,-43, ,
0, ,-43, ,
-1, ,-42, ,
1, ,-42, ,
-4, ,-43, ,
1, ,-42, ,
5, ,-42, ,
-1, ,-42, ,
-1, ,-42, ,
0, ,-42, ,
-1, ,-42, ,
0, ,-42, ,
-2, ,-42, ,
0, ,-43, ,
-4, ,-42, ,
-1, ,-42, ,
-6, ,-43, ,
-4, ,-42, ,
0, ,-42, ,
-2, ,-42, ,
-4, ,-43, ,
3, ,-42, ,
-1, ,-43, ,
3, ,-43, ,
0, ,-42, ,
-2, ,-43, ,
-1, ,-42, ,
-4, ,-42, ,
-6, ,-43, ,
-2, ,-42, ,
0, ,-42, ,
-1, ,-42, ,
-7, ,-42, ,
1, ,-42, ,
-1, ,-42, ,
-2, ,-43, ,
-2, ,-42, ,
-4, ,-43, ,
-2, ,-43, ,
3, ,-42, ,
-2, ,-43, ,
0, ,-42, ,
3, ,-42, ,
-2, ,-43, ,
-5, ,-42, ,
0, ,-42, ,
-2, ,-43, ,
-1, ,-42, ,
-5, ,-42, ,
-4, ,-42, ,
-4, ,-43, ,
-2, ,-42, ,
-10, ,-43, ,
0, ,-42, ,
-2, ,-42, ,
-5, ,-42, ,
-4, ,-43, ,
1, ,-42, ,
1, ,-42, ,
0, ,-43, ,
-1, ,-42, ,
-1, ,-42, ,
-2, ,-42, ,
-1, ,-42, ,
-10, ,-43, ,
-6, ,-42, ,
-2, ,-42, ,
-2, ,-43, ,
-4, ,-43, ,
1, ,-42, ,
-1, ,-43, ,
0, ,-42, ,
-5, ,-42, ,
-4, ,-43, ,
-2, ,-42, ,
3, ,-43, ,
-5, ,-43, ,
3, ,-42, ,
3, ,-42, ,
1, ,-42, ,
-2, ,-42, ,
5, ,-42, ,
-4, ,-42, ,
-2, ,-43, ,
-2, ,-42, ,
-1, ,-43, ,
0, ,-42, ,
1, ,-42, ,
-4, ,-43, ,
-2, ,-43, ,
1, ,-42, ,
0, ,-42, ,
-4, ,-43, ,
3, ,-42, ,
-1, ,-43, ,
3, ,-43, ,
4, ,-42, ,
3, ,-43, ,
5, ,-42, ,
1, ,-42, ,
-2, ,-43, ,
1, ,-43, ,
1, ,-42, ,
1, ,-42, ,
0, ,-42, ,
3, ,-42, ,
4, ,-43, ,
1, ,-42, ,
0, ,-43, ,
-1, ,-43, ,
-1, ,-42, ,
3, ,-42, ,
-6, ,-43, ,
0, ,-43, ,
4, ,-42, ,
1, ,-43, ,
-2, ,-42, ,
3, ,-42, ,
0, ,-42, ,
1, ,-42, ,
-1, ,-42, ,
0, ,-43, ,
3, ,-42, ,
1, ,-42, ,
-1, ,-43, ,
4, ,-42, ,
6, ,-42, ,
3, ,-42, ,
-1, ,-42, ,
4, ,-42, ,
3, ,-43, ,
3, ,-43, ,
0, ,-42, ,
0, ,-42, ,
-1, ,-42, ,
3, ,-42, ,
-4, ,-43, ,
1, ,-43, ,
4, ,-42, ,
0, ,-42, ,
-4, ,-42, ,
5, ,-42, ,
4, ,-43, ,
6, ,-43, ,
4, ,-42, ,
4, ,-42, ,
8, ,-42, ,
4, ,-42, ,
-1, ,-43, ,
3, ,-42, ,
1, ,-42, ,
-1, ,-43, ,
-5, ,-43, ,
5, ,-42, ,
4, ,-42, ,
3, ,-43, ,
3, ,-42, ,
3, ,-43, ,
6, ,-42, ,
8, ,-42, ,
0, ,-43, ,
6, ,-42, ,
8, ,-42, ,
4, ,-42, ,
-1, ,-42, ,
6, ,-42, ,
1, ,-43, ,
0, ,-43, ,
0, ,-42, ,
4, ,-43, ,
5, ,-42, ,
9, ,-42, ,
1, ,-43, ,
6, ,-43, ,
4, ,-42, ,
4, ,-42, ,
1, ,-42, ,
8, ,-42, ,
6, ,-43, ,
5, ,-43, ,
5, ,-42, ,
6, ,-43, ,
9, ,-42, ,
10, ,-42, ,
0, ,-43, ,
8, ,-43, ,
8, ,-42, ,
3, ,-42, ,
1, ,-42, ,
6, ,-42, ,
4, ,-43, ,
4, ,-43, ,
4, ,-42, ,
5, ,-43, ,
6, ,-42, ,
9, ,-42, ,
3, ,-43, ,
5, ,-43, ,
8, ,-42, ,
4, ,-42, ,
1, ,-43, ,
8, ,-42, ,
5, ,-43, ,
5, ,-43, ,
5, ,-42, ,
5, ,-42, ,
5, ,-42, ,
8, ,-42, ,
3, ,-43, ,
1, ,-43, ,
4, ,-42, ,
1, ,-42, ,
-2, ,-42, ,
4, ,-42, ,
0, ,-42, ,
3, ,-43, ,
5, ,-42, ,
4, ,-42, ,
5, ,-42, ,
8, ,-42, ,
0, ,-43, ,
8, ,-42, ,
6, ,-42, ,
1, ,-42, ,
-4, ,-42, ,
0, ,-42, ,
0, ,-43, ,
-1, ,-43, ,
4, ,-42, ,
4, ,-43, ,
3, ,-42, ,
8, ,-42, ,
0, ,-43, ,
3, ,-43, ,
4, ,-42, ,
-1, ,-43, ,
-1, ,-43, ,
4, ,-42, ,
1, ,-42, ,
3, ,-43, ,
3, ,-42, ,
1, ,-43, ,
3, ,-42, ,
4, ,-42, ,
-1, ,-43, ,
4, ,-42, ,
8, ,-42, ,
3, ,-42, ,
1, ,-43, ,
4, ,-42, ,
1, ,-42, ,
1, ,-43, ,
-1, ,-42, ,
3, ,-42, ,
-1, ,-42, ,
4, ,-42, ,
0, ,-43, ,
3, ,-43, ,
4, ,-42, ,
-2, ,-42, ,
-5, ,-42, ,
4, ,-42, ,
1, ,-43, ,
4, ,-43, ,
1, ,-42, ,
1, ,-42, ,
4, ,-42, ,
4, ,-42, ,
-5, ,-43, ,
-1, ,-42, ,
0, ,-42, ,
-1, ,-42, ,
-6, ,-42, ,
3, ,-42, ,
0, ,-43, ,
0, ,-43, ,
-1, ,-42, ,
-2, ,-43, ,
1, ,-42, ,
4, ,-42, ,
-1, ,-43, ,
0, ,-43, ,
5, ,-42, ,
3, ,-42, ,
-1, ,-42, ,
5, ,-42, ,
1, ,-43, ,
-1, ,-42, ,
-4, ,-42, ,
-2, ,-42, ,
0, ,-42, ,
0, ,-42, ,
-6, ,-43, ,
0, ,-42, ,
0, ,-42, ,
-4, ,-42, ,
-5, ,-43, ,
-2, ,-42, ,
-2, ,-43, ,
-1, ,-43, ,
-1, ,-42, ,
0, ,-43, ,
-5, ,-42, ,
1, ,-42, ,
-6, ,-43, ,
-1, ,-43, ,
1, ,-42, ,
-1, ,-42, ,
-5, ,-42, ,
0, ,-42, ,
0, ,-43, ,
-1, ,-43, ,
-2, ,-42, ,
-1, ,-42, ,
-2, ,-42, ,
1, ,-42, ,
-5, ,-43, ,
-1, ,-42, ,
1, ,-42, ,
0, ,-42, ,
0, ,-42, ,
5, ,-42, ,
4, ,-42, ,
1, ,-43, ,
-2, ,-42, ,
-4, ,-43, ,
-6, ,-42, ,
-4, ,-42, ,
-9, ,-43, ,
-2, ,-43, ,
3, ,-42, ,
0, ,-42, ,
-2, ,-43, ,
5, ,-42, ,
-1, ,-43, ,
0, ,-43, ,
0, ,-42, ,
-1, ,-43, ,
1, ,-42, ,
1, ,-42, ,
-5, ,-43, ,
3, ,-43, ,
3, ,-42, ,
-1, ,-42, ,
-6, ,-43, ,
1, ,-42, ,
0, ,-42, ,
-1, ,-42, ,
-2, ,-42, ,
6, ,-43, ,
1, ,-42, ,
-1, ,-42, ,
-1, ,-43, ,
-2, ,-43, ,
1, ,-42, ,
-4, ,-43, ,
-5, ,-43, ,
4, ,-42, ,
3, ,-43, ,
-1, ,-43, ,
-2, ,-42, ,
1, ,-43, ,
-4, ,-42, ,
1, ,-42, ,
-7, ,-43, ,
1, ,-42, ,
4, ,-42, ,
1, ,-42, ,
-1, ,-42, ,
4, ,-42, ,
0, ,-43, ,
-2, ,-43, ,
-2, ,-42, ,
-4, ,-43, ,
-1, ,-42, ,
4, ,-42, ,
-2, ,-43, ,
-1, ,-43, ,
4, ,-42, ,
-6, ,-42, ,
-4, ,-43, ,
8, ,-42, ,
-1, ,-43, ,
3, ,-43, ,
-4, ,-42, ,
-2, ,-43, ,
5, ,-42, ,
4, ,-42, ,
-1, ,-43, ,
0, ,-42, ,
1, ,-42, ,
0, ,-43, ,
-4, ,-43, ,
3, ,-42, ,
4, ,-43, ,
3, ,-42, ,
3, ,-42, ,
1, ,-43, ,
3, ,-42, ,
5, ,-42, ,
-5, ,-43, ,
-4, ,-42, ,
3, ,-42, ,
0, ,-42, ,
-2, ,-43, ,
5, ,-42, ,
1, ,-43, ,
3, ,-43, ,
3, ,-42, ,
1, ,-42, ,
3, ,-42, ,
6, ,-42, ,
-1, ,-43, ,
6, ,-42, ,
4, ,-42, ,
4, ,-42, ,
0, ,-43, ,
1, ,-41, ,
5, ,-35, ,
5, ,-25, ,
6, ,-14, ,
11, ,-6, ,
8, ,1, ,
10, ,9, ,
4, ,14, ,
8, ,19, ,
13, ,23, ,
9, ,28, ,
4, ,31, ,
8, ,33, ,
3, ,36, ,
6, ,38, ,
6, ,40, ,
8, ,41, ,
6, ,42, ,
8, ,44, ,
0, ,46, ,
4, ,46, ,
4, ,47, ,
3, ,47, ,
-2, ,48, ,
5, ,47, ,
5, ,49, ,
6, ,50, ,
5, ,49, ,
3, ,50, ,
3, ,50, ,
5, ,49, ,
-1, ,51, ,
1, ,50, ,
4, ,50, ,
4, ,51, ,
0, ,51, ,
4, ,49, ,
3, ,51, ,
5, ,51, ,
1, ,50, ,
3, ,51, ,
5, ,51, ,
6, ,50, ,
1, ,52, ,
1, ,50, ,
1, ,51, ,
0, ,51, ,
-5, ,51, ,
3, ,50, ,
3, ,52, ,
3, ,51, ,
4, ,50, ,
3, ,51, ,
5, ,51, ,
8, ,50, ,
-1, ,51, ,
3, ,50, ,
0, ,50, ,
-1, ,51, ,
-6, ,51, ,
3, ,49, ,
0, ,51, ,
3, ,50, ,
3, ,50, ,
4, ,51, ,
4, ,51, ,
9, ,50, ,
1, ,51, ,
4, ,50, ,
3, ,51, ,
1, ,51, ,
0, ,51, ,
5, ,49, ,
1, ,51, ,
1, ,50, ,
1, ,50, ,
4, ,51, ,
5, ,51, ,
5, ,50, ,
1, ,51, ,
4, ,50, ,
6, ,50, ,
3, ,51, ,
1, ,51, ,
8, ,49, ,
1, ,51, ,
6, ,50, ,
1, ,50, ,
3, ,51, ,
4, ,50, ,
8, ,50, ,
0, ,51, ,
4, ,50, ,
3, ,50, ,
0, ,51, ,
-6, ,51, ,
-1, ,49, ,
-5, ,51, ,
-2, ,51, ,
0, ,50, ,
3, ,50, ,
5, ,51, ,
5, ,49, ,
-2, ,51, ,
3, ,50, ,
4, ,51, ,
1, ,51, ,
-2, ,51, ,
5, ,49, ,
4, ,51, ,
4, ,51, ,
4, ,50, ,
3, ,50, ,
1, ,51, ,
3, ,50, ,
-5, ,51, ,
1, ,50, ,
3, ,50, ,
3, ,50, ,
-1, ,51, ,
1, ,49, ,
1, ,51, ,
-2, ,50, ,
1, ,50, ,
1, ,50, ,
1, ,50, ,
5, ,49, ,
0, ,51, ,
5, ,50, ,
5, ,50, ,
-1, ,50, ,
-5, ,51, ,
1, ,49, ,
-6, ,51, ,
-1, ,50, ,
-1, ,50, ,
0, ,50, ,
-1, ,50, ,
-1, ,50, ,
-2, ,51, ,
1, ,49, ,
0, ,50, ,
0, ,50, ,
-1, ,51, ,
8, ,49, ,
4, ,51, ,
6, ,51, ,
3, ,50, ,
1, ,50, ,
0, ,51, ,
-1, ,49, ,
-5, ,51, ,
0, ,50, ,
1, ,50, ,
3, ,51, ,
-2, ,50, ,
8, ,49, ,
1, ,51, ,
5, ,50, ,
0, ,50, ,
-4, ,50, ,
-1, ,51, ,
1, ,50, ,
-4, ,51, ,
3, ,50, ,
1, ,50, ,
0, ,51, ,
-1, ,51, ,
4, ,49, ,
0, ,51, ,
-2, ,50, ,
-1, ,50, ,
0, ,50, ,
3, ,50, ,
8, ,49, ,
-2, ,50, ,
3, ,50, ,
1, ,50, ,
0, ,50, ,
-4, ,50, ,
4, ,49, ,
0, ,51, ,
0, ,50, ,
-1, ,50, ,
1, ,50, ,
1, ,50, ,
4, ,50, ,
-4, ,51, ,
1, ,50, ,
5, ,50, ,
1, ,50, ,
0, ,50, ,
5, ,49, ,
1, ,51, ,
-1, ,51, ,
-6, ,50, ,
-5, ,50, ,
-6, ,51, ,
-1, ,49, ,
-5, ,50, ,
-2, ,50, ,
3, ,50, ,
3, ,51, ,
-2, ,50, ,
3, ,49, ,
-2, ,51, ,
1, ,50, ,
-2, ,50, ,
-2, ,50, ,
0, ,51, ,
0, ,49, ,
-4, ,51, ,
0, ,50, ,
3, ,50, ,
3, ,50, ,
-4, ,51, ,
4, ,49, ,
-1, ,51, ,
0, ,50, ,
0, ,50, ,
1, ,50, ,
1, ,50, ,
4, ,50, ,
-2, ,51, ,
3, ,49, ,
6, ,50, ,
5, ,50, ,
1, ,51, ,
5, ,49, ,
1, ,51, ,
3, ,50, ,
3, ,50, ,
0, ,50, ,
-1, ,50, ,
0, ,49, ,
-7, ,51, ,
-1, ,50, ,
1, ,50, ,
0, ,50, ,
0, ,50, ,
3, ,49, ,
3, ,51, ,
3, ,50, ,
1, ,50, ,
1, ,50, ,
-1, ,51, ,
5, ,50, ,
1, ,51, ,
5, ,50, ,
8, ,50, ,
4, ,51, ,
1, ,50, ,
5, ,49, ,
0, ,51, ,
1, ,50, ,
-2, ,50, ,
0, ,50, ,
0, ,51, ,
6, ,50, ,
3, ,51, ,
5, ,50, ,
4, ,50, ,
3, ,50, ,
-2, ,51, ,
5, ,49, ,
4, ,51, ,
3, ,50, ,
1, ,50, ,
1, ,50, ,
3, ,51, ,
4, ,50, ,
-1, ,51, ,
3, ,50, ,
3, ,50, ,
1, ,51, ,
0, ,51, ,
5, ,49, ,
3, ,51, ,
3, ,50, ,
1, ,50, ,
0, ,50, ,
1, ,50, ,
3, ,50, ,
-2, ,51, ,
-1, ,50, ,
-1, ,50, ,
1, ,51, ,
-2, ,51, ,
4, ,49, ,
5, ,51, ,
-2, ,50, ,
-1, ,50, ,
3, ,50, ,
4, ,50, ,
8, ,50, ,
-2, ,51, ,
1, ,49, ,
1, ,50, ,
-2, ,51, ,
-1, ,50, ,
3, ,49, ,
0, ,51, ,
3, ,50, ,
3, ,50, ,
5, ,50, ,
4, ,51, ,
6, ,49, ,
-4, ,51, ,
3, ,50, ,
4, ,50, ,
1, ,50, ,
-4, ,50, ,
0, ,49, ,
1, ,51, ,
3, ,50, ,
0, ,50, ,
0, ,50, ,
3, ,51, ,
5, ,49, ,
-2, ,51, ,
3, ,50, ,
4, ,50, ,
0, ,51, ,
-2, ,50, ,
6, ,49, ,
3, ,51, ,
8, ,50, ,
4, ,50, ,
4, ,50, ,
4, ,51, ,
5, ,49, ,
-2, ,51, ,
3, ,50, ,
1, ,50, ,
4, ,51, ,
-2, ,50, ,
4, ,49, ,
-1, ,51, ,
1, ,50, ,
0, ,50, ,
-1, ,50, ,
-4, ,51, ,
5, ,50, ,
-1, ,51, ,
1, ,49, ,
0, ,50, ,
-1, ,50, ,
-6, ,50, ,
1, ,49, ,
0, ,51, ,
4, ,50, ,
4, ,50, ,
5, ,50, ,
4, ,51, ,
4, ,50, ,
-4, ,51, ,
0, ,50, ,
-4, ,50, ,
3, ,51, ,
-7, ,51, ,
4, ,49, ,
-5, ,51, ,
1, ,51, ,
6, ,50, ,
-1, ,50, ,
5, ,50, ,
9, ,49, ,
-2, ,51, ,
4, ,49, ,
3, ,50, ,
0, ,51, ,
-4, ,50, ,
3, ,49, ,
-4, ,51, ,
0, ,50, ,
-2, ,50, ,
-1, ,50, ,
-1, ,51, ,
4, ,49, ,
0, ,51, ,
1, ,49, ,
1, ,50, ,
-1, ,51, ,
-1, ,50, ,
4, ,49, ,
0, ,51, ,
1, ,51, ,
3, ,50, ,
6, ,50, ,
-1, ,50, ,
5, ,49, ,
0, ,51, ,
0, ,50, ,
4, ,50, ,
-1, ,51, ,
-4, ,51, ,
1, ,49, ,
1, ,51, ,
4, ,50, ,
0, ,50, ,
0, ,50, ,
1, ,51, ,
3, ,49, ,
-7, ,51, ,
-1, ,50, ,
-1, ,50, ,
1, ,50, ,
0, ,50, ,
6, ,49, ,
1, ,51, ,
3, ,50, ,
1, ,50, ,
-1, ,50, ,
0, ,51, ,
1, ,49, ,
-4, ,51, ,
4, ,49, ,
4, ,50, ,
0, ,50, ,
1, ,50, ,
0, ,49, ,
-4, ,51, ,
0, ,50, ,
-1, ,50, ,
3, ,50, ,
4, ,51, ,
5, ,50, ,
-4, ,51, ,
0, ,50, ,
3, ,50, ,
-1, ,51, ,
-5, ,51, ,
1, ,49, ,
-2, ,51, ,
-4, ,50, ,
-2, ,50, ,
-1, ,50, ,
0, ,51, ,
5, ,49, ,
-2, ,51, ,
0, ,50, ,
1, ,50, ,
-1, ,51, ,
-4, ,50, ,
3, ,49, ,
1, ,51, ,
3, ,50, ,
-2, ,50, ,
-6, ,50, ,
-5, ,50, ,
-1, ,49, ,
-4, ,51, ,
4, ,50, ,
5, ,50, ,
6, ,50, ,
-1, ,50, ,
5, ,49, ,
0, ,51, ,
1, ,50, ,
-1, ,50, ,
-2, ,50, ,
-1, ,51, ,
1, ,49, ,
0, ,51, ,
6, ,50, ,
8, ,50, ,
5, ,50, ,
1, ,51, ,
8, ,49, ,
0, ,51, ,
3, ,51, ,
0, ,50, ,
0, ,50, ,
0, ,51, ,
6, ,49, ,
-4, ,51, ,
0, ,49, ,
1, ,50, ,
0, ,51, ,
-4, ,50, ,
4, ,49, ,
3, ,51, ,
4, ,50, ,
1, ,50, ,
4, ,50, ,
3, ,51, ,
6, ,49, ,
0, ,51, ,
5, ,50, ,
4, ,50, ,
3, ,51, ,
3, ,50, ,
5, ,49, ,
0, ,51, ,
1, ,50, ,
-4, ,50, ,
-2, ,50, ,
1, ,51, ,
4, ,49, ,
-1, ,51, ,
4, ,50, ,
5, ,50, ,
1, ,51, ,
-1, ,51, ,
6, ,49, ,
3, ,51, ,
0, ,50, ,
-1, ,50, ,
-1, ,50, ,
1, ,51, ,
5, ,50, ,
0, ,51, ,
3, ,50, ,
5, ,50, ,
3, ,51, ,
-1, ,51, ,
3, ,49, ,
0, ,51, ,
0, ,50, ,
0, ,50, ,
0, ,50, ,
1, ,51, ,
0, ,50, ,
-5, ,51, ,
1, ,50, ,
3, ,50, ,
1, ,51, ,
-1, ,50, ,
4, ,49, ,
3, ,51, ,
-1, ,50, ,
4, ,50, ,
0, ,50, ,
1, ,51, ,
4, ,49, ,
-4, ,51, ,
0, ,50, ,
3, ,50, ,
1, ,50, ,
-1, ,50, ,
4, ,49, ,
3, ,51, ,
1, ,50, ,
0, ,50, ,
1, ,50, ,
3, ,51, ,
4, ,49, ,
-5, ,51, ,
3, ,50, ,
5, ,50, ,
1, ,51, ,
0, ,51, ,
4, ,49, ,
0, ,51, ,
3, ,50, ,
1, ,50, ,
3, ,50, ,
3, ,50, ,
5, ,49, ,
-5, ,51, ,
1, ,50, ,
4, ,50, ,
0, ,51, ,
-4, ,50, ,
4, ,49, ,
3, ,50, ,
6, ,50, ,
5, ,50, ,
5, ,50, ,
4, ,50, ,
8, ,49, ,
0, ,51, ,
3, ,50, ,
4, ,50, ,
4, ,51, ,
1, ,51, ,
6, ,49, ,
4, ,51, ,
4, ,50, ,
-1, ,50, ,
-1, ,50, ,
-1, ,51, ,
3, ,50, ,
-2, ,51, ,
3, ,49, ,
3, ,50, ,
0, ,51, ,
-4, ,50, ,
4, ,49, ,
-1, ,51, ,
3, ,50, ,
0, ,50, ,
3, ,50, ,
3, ,51, ,
4, ,49, ,
-5, ,51, ,
0, ,49, ,
-2, ,50, ,
-4, ,50, ,
-5, ,50, ,
4, ,49, ,
1, ,51, ,
1, ,50, ,
4, ,50, ,
3, ,50, ,
3, ,51, ,
6, ,49, ,
-1, ,51, ,
1, ,50, ,
4, ,50, ,
-1, ,51, ,
-2, ,50, ,
4, ,49, ,
-1, ,51, ,
4, ,50, ,
1, ,50, ,
1, ,50, ,
1, ,51, ,
4, ,49, ,
-4, ,51, ,
0, ,50, ,
1, ,50, ,
0, ,51, ,
-2, ,50, ,
6, ,49, ,
3, ,51, ,
1, ,50, ,
3, ,50, ,
1, ,50, ,
3, ,51, ,
4, ,49, ,
-1, ,51, ,
0, ,49, ,
3, ,50, ,
1, ,50, ,
-2, ,50, ,
1, ,49, ,
-4, ,51, ,
1, ,51, ,
1, ,50, ,
1, ,50, ,
4, ,50, ,
4, ,49, ,
-4, ,51, ,
3, ,50, ,
0, ,50, ,
0, ,51, ,
-2, ,50, ,
5, ,49, ,
4, ,51, ,
3, ,51, ,
4, ,50, ,
1, ,50, ,
0, ,51, ,
3, ,49, ,
-7, ,51, ,
-6, ,50, ,
-7, ,50, ,
-12, ,51, ,
-15, ,51, ,
-9, ,50, ,
-14, ,51, ,
-11, ,50, ,
-10, ,50, ,
-7, ,50, ,
-5, ,51, ,
1, ,49, ,
3, ,51, ,
10, ,50, ,
13, ,50, ,
9, ,51, ,
4, ,51, ,
6, ,49, ,
5, ,51, ,
1, ,50, ,
1, ,50, ,
1, ,50, ,
1, ,50, ,
3, ,49, ,
-4, ,51, ,
0, ,50, ,
-1, ,50, ,
-5, ,51, ,
-9, ,50, ,
-1, ,49, ,
-2, ,51, ,
0, ,50, ,
-1, ,50, ,
-1, ,50, ,
-2, ,51, ,
-2, ,49, ,
-6, ,51, ,
0, ,50, ,
0, ,50, ,
1, ,51, ,
-1, ,51, ,
4, ,49, ,
-1, ,51, ,
-4, ,50, ,
-6, ,50, ,
-6, ,50, ,
-4, ,50, ,
0, ,49, ,
-5, ,51, ,
3, ,49, ,
3, ,50, ,
3, ,50, ,
0, ,50, ,
8, ,49, ,
5, ,51, ,
4, ,50, ,
1, ,50, ,
0, ,50, ,
3, ,50, ,
3, ,50, ,
-5, ,51, ,
1, ,49, ,
-2, ,50, ,
-1, ,51, ,
-6, ,51, ,
0, ,49, ,
3, ,51, ,
-1, ,50, ,
3, ,50, ,
5, ,50, ,
5, ,50, ,
8, ,50, ,
3, ,51, ,
3, ,50, ,
5, ,50, ,
0, ,50, ,
-2, ,50, ,
0, ,49, ,
-5, ,51, ,
0, ,50, ,
0, ,50, ,
3, ,50, ,
5, ,51, ,
5, ,49, ,
1, ,51, ,
4, ,49, ,
4, ,50, ,
1, ,51, ,
-2, ,51, ,
4, ,49, ,
0, ,51, ,
0, ,50, ,
-1, ,50, ,
-2, ,50, ,
1, ,51, ,
8, ,50, ,
-1, ,51, ,
9, ,50, ,
8, ,50, ,
5, ,51, ,
-4, ,50, ,
4, ,49, ,
-4, ,51, ,
-4, ,50, ,
0, ,50, ,
0, ,50, ,
4, ,51, ,
5, ,49, ,
1, ,51, ,
6, ,50, ,
6, ,50, ,
4, ,51, ,
-1, ,50, ,
1, ,49, ,
4, ,51, ,
3, ,50, ,
3, ,50, ,
4, ,50, ,
1, ,50, ,
4, ,49, ,
-2, ,51, ,
4, ,50, ,
8, ,50, ,
4, ,51, ,
1, ,50, ,
8, ,49, ,
5, ,50, ,
0, ,46, ,
-2, ,36, ,
-5, ,26, ,
-4, ,16, ,
3, ,9, ,
1, ,1, ,
6, ,-5, ,
4, ,-10, ,
0, ,-14, ,
-2, ,-19, ,
3, ,-22, ,
0, ,-25, ,
1, ,-27, ,
1, ,-29, ,
1, ,-31, ,
4, ,-33, ,
5, ,-35, ,
-4, ,-37, ,
0, ,-37, ,
1, ,-38, ,
-2, ,-39, ,
-4, ,-39, ,
4, ,-40, ,
1, ,-41, ,
3, ,-41, ,
1, ,-41, ,
1, ,-42, ,
4, ,-42, ,
6, ,-42, ,
1, ,-42, ,
5, ,-42, ,
6, ,-42, ,
4, ,-43, ,
1, ,-43, ,
6, ,-43, ,
5, ,-43, ,
3, ,-43, ,
3, ,-43, ,
1, ,-43, ,
6, ,-43, ,
8, ,-43, ,
1, ,-44, ,
4, ,-43, ,
3, ,-43, ,
3, ,-43, ,
1, ,-43, ,
9, ,-42, ,
5, ,-43, ,
4, ,-43, ,
1, ,-43, ,
1, ,-43, ,
1, ,-43, ,
3, ,-43, ,
-5, ,-43, ,
0, ,-43, ,
3, ,-43, ,
1, ,-43, ,
3, ,-43, ,
5, ,-43, ,
-1, ,-43, ,
4, ,-43, ,
1, ,-43, ,
0, ,-43, ,
5, ,-43, ,
6, ,-43, ,
-2, ,-43, ,
3, ,-43, ,
4, ,-42, ,
0, ,-43, ,
-2, ,-43, ,
5, ,-42, ,
4, ,-43, ,
4, ,-43, ,
3, ,-43, ,
5, ,-43, ,
5, ,-43, ,
0, ,-43, ,
-2, ,-43, ,
0, ,-43, ,
6, ,-43, ,
4, ,-43, ,
4, ,-43, ,
13, ,-42, ,
10, ,-43, ,
9, ,-43, ,
9, ,-42, ,
9, ,-43, ,
10, ,-43, ,
8, ,-43, ,
3, ,-43, ,
5, ,-43, ,
10, ,-42, ,
10, ,-43, ,
0, ,-43, ,
5, ,-42, ,
1, ,-43, ,
1, ,-42, ,
4, ,-43, ,
4, ,-43, ,
5, ,-43, ,
8, ,-42, ,
1, ,-43, ,
6, ,-42, ,
5, ,-42, ,
1, ,-42, ,
-1, ,-42, ,
6, ,-42, ,
5, ,-43, ,
4, ,-43, ,
5, ,-42, ,
1, ,-43, ,
3, ,-42, ,
8, ,-42, ,
-1, ,-43, ,
4, ,-43, ,
10, ,-42, ,
-1, ,-43, ,
0, ,-43, ,
5, ,-42, ,
1, ,-43, ,
0, ,-43, ,
3, ,-42, ,
1, ,-43, ,
3, ,-43, ,
0, ,-42, ,
-5, ,-43, ,
-2, ,-43, ,
1, ,-42, ,
1, ,-42, ,
1, ,-43, ,
8, ,-42, ,
8, ,-43, ,
4, ,-43, ,
-1, ,-42, ,
-1, ,-42, ,
-1, ,-42, ,
1, ,-42, ,
-2, ,-43, ,
-1, ,-42, ,
3, ,-42, ,
0, ,-42, ,
-7, ,-43, ,
-2, ,-42, ,
-4, ,-43, ,
-1, ,-42, ,
-1, ,-42, ,
-1, ,-43, ,
4, ,-43, ,
1, ,-42, ,
-2, ,-43, ,
-1, ,-43, ,
-1, ,-42, ,
-2, ,-43, ,
-5, ,-43, ,
3, ,-42, ,
-2, ,-43, ,
-6, ,-43, ,
-4, ,-42, ,
-7, ,-43, ,
-7, ,-42, ,
-6, ,-42, ,
-12, ,-43, ,
-5, ,-43, ,
-2, ,-42, ,
-1, ,-42, ,
-4, ,-42, ,
4, ,-42, ,
3, ,-42, ,
-1, ,-42, ,
-1, ,-42, ,
0, ,-43, ,
-1, ,-42, ,
0, ,-42, ,
-7, ,-43, ,
-4, ,-42, ,
0, ,-42, ,
-5, ,-43, ,
-7, ,-43, ,
0, ,-42, ,
-6, ,-42, ,
-7, ,-43, ,
-5, ,-42, ,
-4, ,-43, ,
-4, ,-43, ,
3, ,-42, ,
-6, ,-43, ,
-2, ,-42, ,
4, ,-42, ,
-5, ,-43, ,
-7, ,-43, ,
-2, ,-42, ,
-7, ,-43, ,
-4, ,-43, ,
-4, ,-43, ,
-2, ,-42, ,
-2, ,-42, ,
-2, ,-42, ,
-9, ,-43, ,
-6, ,-42, ,
-4, ,-42, ,
-6, ,-42, ,
-11, ,-42, ,
-2, ,-42, ,
-5, ,-43, ,
-5, ,-43, ,
-6, ,-42, ,
-4, ,-42, ,
-4, ,-42, ,
-1, ,-42, ,
-6, ,-43, ,
-5, ,-42, ,
-2, ,-42, ,
-6, ,-42, ,
-10, ,-42, ,
-2, ,-42, ,
-7, ,-43, ,
-2, ,-42, ,
-7, ,-42, ,
-4, ,-43, ,
-1, ,-42, ,
0, ,-42, ,
-5, ,-43, ,
3, ,-42, ,
0, ,-42, ,
-1, ,-42, ,
-9, ,-42, ,
-2, ,-42, ,
-5, ,-43, ,
-4, ,-43, ,
-4, ,-42, ,
-1, ,-42, ,
-1, ,-42, ,
5, ,-42, ,
-4, ,-43, ,
3, ,-42, ,
4, ,-42, ,
-2, ,-42, ,
-5, ,-43, ,
1, ,-42, ,
-1, ,-43, ,
-1, ,-42, ,
-4, ,-42, ,
-1, ,-43, ,
0, ,-42, ,
3, ,-42, ,
-2, ,-43, ,
3, ,-42, ,
3, ,-42, ,
0, ,-42, ,
0, ,-43, ,
4, ,-42, ,
3, ,-43, ,
1, ,-42, ,
1, ,-42, ,
3, ,-42, ,
3, ,-42, ,
6, ,-42, ,
-1, ,-43, ,
0, ,-42, ,
1, ,-42, ,
-1, ,-42, ,
-5, ,-43, ,
3, ,-42, ,
-1, ,-43, ,
0, ,-43, ,
-1, ,-42, ,
3, ,-42, ,
6, ,-43, ,
6, ,-42, ,
4, ,-43, ,
4, ,-42, ,
6, ,-42, ,
4, ,-42, ,
-1, ,-43, ,
3, ,-42, ,
3, ,-42, ,
-1, ,-43, ,
-1, ,-42, ,
3, ,-43, ,
4, ,-42, ,
8, ,-42, ,
0, ,-43, ,
8, ,-43, ,
6, ,-42, ,
4, ,-42, ,
0, ,-42, ,
6, ,-42, ,
4, ,-42, ,
5, ,-43, ,
5, ,-42, ,
5, ,-43, ,
5, ,-42, ,
5, ,-42, ,
-2, ,-43, ,
6, ,-42, ,
6, ,-42, ,
4, ,-42, ,
3, ,-43, ,
8, ,-42, ,
8, ,-43, ,
5, ,-43, ,
3, ,-42, ,
5, ,-43, ,
5, ,-42, ,
6, ,-42, ,
-1, ,-43, ,
5, ,-42, ,
11, ,-42, ,
5, ,-42, ,
5, ,-42, ,
8, ,-42, ,
6, ,-43, ,
6, ,-43, ,
3, ,-42, ,
4, ,-42, ,
6, ,-43, ,
9, ,-42, ,
3, ,-43, ,
8, ,-43, ,
6, ,-42, ,
5, ,-43, ,
3, ,-43, ,
10, ,-42, ,
8, ,-43, ,
9, ,-42, ,
10, ,-42, ,
9, ,-43, ,
9, ,-42, ,
9, ,-42, ,
3, ,-43, ,
5, ,-42, ,
8, ,-42, ,
5, ,-42, ,
4, ,-43, ,
10, ,-42, ,
6, ,-43, ,
4, ,-43, ,
0, ,-42, ,
3, ,-42, ,
6, ,-42, ,
4, ,-42, ,
3, ,-43, ,
9, ,-42, ,
5, ,-42, ,
4, ,-42, ,
1, ,-43, ,
10, ,-42, ,
8, ,-43, ,
4, ,-43, ,
4, ,-42, ,
3, ,-42, ,
3, ,-42, ,
8, ,-42, ,
0, ,-43, ,
6, ,-42, ,
8, ,-42, ,
6, ,-42, ,
4, ,-42, ,
6, ,-42, ,
5, ,-43, ,
3, ,-43, ,
1, ,-43, ,
4, ,-43, ,
5, ,-42, ,
6, ,-42, ,
-2, ,-43, ,
0, ,-42, ,
4, ,-42, ,
0, ,-42, ,
0, ,-42, ,
6, ,-42, ,
8, ,-43, ,
5, ,-43, ,
4, ,-42, ,
3, ,-43, ,
1, ,-42, ,
0, ,-42, ,
-7, ,-43, ,
-2, ,-42, ,
5, ,-42, ,
4, ,-42, ,
0, ,-43, ,
8, ,-42, ,
1, ,-43, ,
1, ,-42, ,
1, ,-42, ,
0, ,-42, ,
4, ,-43, ,
8, ,-42, ,
1, ,-43, ,
10, ,-42, ,
8, ,-42, ,
4, ,-42, ,
0, ,-43, ,
5, ,-42, ,
1, ,-43, ,
0, ,-42, ,
1, ,-42, ,
0, ,-43, ,
-1, ,-42, ,
1, ,-42, ,
-7, ,-43, ,
0, ,-42, ,
3, ,-42, ,
-2, ,-42, ,
-2, ,-43, ,
4, ,-42, ,
0, ,-43, ,
1, ,-43, ,
3, ,-42, ,
-1, ,-42, ,
0, ,-42, ,
0, ,-42, ,
-4, ,-43, ,
1, ,-42, ,
1, ,-42, ,
0, ,-42, ,
-2, ,-42, ,
0, ,-42, ,
1, ,-42, ,
-2, ,-43, ,
-4, ,-42, ,
-1, ,-42, ,
-5, ,-42, ,
-2, ,-42, ,
-6, ,-43, ,
0, ,-42, ,
1, ,-42, ,
-2, ,-42, ,
-5, ,-43, ,
3, ,-42, ,
-2, ,-42, ,
-1, ,-42, ,
-5, ,-42, ,
-2, ,-42, ,
-4, ,-42, ,
-4, ,-42, ,
-7, ,-43, ,
-2, ,-43, ,
1, ,-42, ,
-2, ,-42, ,
-6, ,-43, ,
1, ,-42, ,
-1, ,-43, ,
-2, ,-42, ,
-4, ,-42, ,
-2, ,-43, ,
0, ,-42, ,
3, ,-43, ,
-5, ,-43, ,
-5, ,-42, ,
-4, ,-42, ,
-5, ,-42, ,
-12, ,-42, ,
-5, ,-42, ,
-2, ,-42, ,
-2, ,-43, ,
0, ,-42, ,
4, ,-43, ,
1, ,-42, ,
-2, ,-42, ,
-7, ,-43, ,
-2, ,-42, ,
-2, ,-42, ,
1, ,-43, ,
-1, ,-43, ,
3, ,-43, ,
-2, ,-42, ,
-5, ,-43, ,
-5, ,-42, ,
-5, ,-43, ,
0, ,-43, ,
5, ,-42, ,
-2, ,-43, ,
1, ,-42, ,
3, ,-42, ,
-2, ,-42, ,
-7, ,-43, ,
-1, ,-42, ,
-6, ,-43, ,
-4, ,-43, ,
-2, ,-42, ,
0, ,-43, ,
3, ,-42, ,
1, ,-42, ,
-6, ,-43, ,
-1, ,-42, ,
0, ,-42, ,
-2, ,-42, ,
-4, ,-43, ,
3, ,-42, ,
0, ,-43, ,
0, ,-42, ,
3, ,-42, ,
3, ,-43, ,
3, ,-42, ,
3, ,-42, ,
-6, ,-43, ,
-4, ,-43, ,
0, ,-42, ,
-5, ,-42, ,
-6, ,-43, ,
0, ,-42, ,
-5, ,-43, ,
-1, ,-42, ,
-2, ,-42, ,
0, ,-42, ,
1, ,-42, ,
4, ,-42, ,
-2, ,-43, ,
1, ,-43, ,
1, ,-42, ,
4, ,-43, ,
-10, ,-43, ,
0, ,-42, ,
-1, ,-42, ,
-5, ,-43, ,
-2, ,-42, ,
-1, ,-43, ,
-1, ,-42, ,
3, ,-42, ,
-1, ,-43, ,
4, ,-43, ,
5, ,-42, ,
0, ,-42, ,
-6, ,-42, ,
1, ,-42, ,
0, ,-43, ,
0, ,-42, ,
5, ,-42, ,
1, ,-42, ,
-2, ,-42, ,
9, ,-42, ,
3, ,-43, ,
0, ,-42, ,
5, ,-42, ,
1, ,-42, ,
-5, ,-43, ,
0, ,-42, ,
5, ,-43, ,
1, ,-43, ,
1, ,-43, ,
3, ,-42, ,
5, ,-42, ,
8, ,-42, ,
-1, ,-43, ,
6, ,-42, ,
6, ,-42, ,
1, ,-42, ,
-1, ,-42, ,
8, ,-42, ,
4, ,-43, ,
6, ,-43, ,
4, ,-42, ,
1, ,-42, ,
4, ,-42, ,
3, ,-42, ,
-4, ,-43, ,
3, ,-42, ,
5, ,-42, ,
3, ,-42, ,
-1, ,-42, ,
6, ,-42, ,
4, ,-43, ,
4, ,-43, ,
1, ,-42, ,
4, ,-43, ,
6, ,-42, ,
6, ,-42, ,
0, ,-43, ,
6, ,-42, ,
8, ,-42, ,
3, ,-42, ,
-2, ,-43, ,
8, ,-42, ,
3, ,-43, ,
4, ,-43, ,
3, ,-42, ,
5, ,-42, ,
5, ,-42, ,
6, ,-42, ,
-2, ,-43, ,
1, ,-42, ,
3, ,-42, ,
4, ,-42, ,
-1, ,-42, ,
5, ,-42, ,
5, ,-43, ,
3, ,-42, ,
0, ,-42, ,
1, ,-43, ,
4, ,-43, ,
4, ,-42, ,
-1, ,-43, ,
3, ,-43, ,
6, ,-42, ,
6, ,-43, ,
4, ,-43, ,
8, ,-42, ,
1, ,-43, ,
1, ,-43, ,
0, ,-42, ,
3, ,-42, ,
5, ,-42, ,
6, ,-42, ,
0, ,-43, ,
3, ,-43, ,
4, ,-42, ,
1, ,-42, ,
-1, ,-43, ,
3, ,-42, ,
5, ,-42, ,
5, ,-43, ,
5, ,-42, ,
6, ,-42, ,
4, ,-42, ,
4, ,-42, ,
0, ,-43, ,
3, ,-42, ,
6, ,-42, ,
3, ,-43, ,
-2, ,-43, ,
5, ,-42, ,
1, ,-43, ,
4, ,-42, ,
3, ,-42, ,
4, ,-42, ,
6, ,-42, ,
4, ,-42, ,
0, ,-43, ,
10, ,-42, ,
11, ,-42, ,
11, ,-42, ,
5, ,-42, ,
9, ,-42, ,
5, ,-43, ,
3, ,-43, ,
1, ,-42, ,
1, ,-43, ,
3, ,-42, ,
5, ,-42, ,
-1, ,-43, ,
6, ,-43, ,
8, ,-42, ,
3, ,-42, ,
-1, ,-43, ,
4, ,-42, ,
1, ,-43, ,
3, ,-42, ,
1, ,-42, ,
-1, ,-42, ,
1, ,-43, ,
5, ,-42, ,
0, ,-43, ,
3, ,-42, ,
6, ,-42, ,
1, ,-42, ,
-2, ,-43, ,
1, ,-42, ,
-2, ,-43, ,
-2, ,-43, ,
-2, ,-42, ,
-2, ,-42, ,
-2, ,-42, ,
3, ,-42, ,
-1, ,-43, ,
0, ,-42, ,
5, ,-42, ,
4, ,-42, ,
1, ,-42, ,
6, ,-42, ,
4, ,-43, ,
1, ,-43, ,
-2, ,-42, ,
-2, ,-43, ,
-2, ,-42, ,
0, ,-42, ,
-7, ,-43, ,
0, ,-43, ,
3, ,-42, ,
1, ,-43, ,
0, ,-43, ,
5, ,-42, ,
0, ,-43, ,
1, ,-42, ,
-2, ,-42, ,
-1, ,-42, ,
1, ,-42, ,
3, ,-42, ,
-1, ,-43, ,
0, ,-43, ,
1, ,-42, ,
-1, ,-43, ,
-6, ,-43, ,
-1, ,-42, ,
-5, ,-42, ,
-4, ,-43, ,
-2, ,-42, ,
1, ,-43, ,
4, ,-42, ,
3, ,-42, ,
-4, ,-43, ,
1, ,-43, ,
0, ,-42, ,
-1, ,-43, ,
-2, ,-43, ,
1, ,-43, ,
1, ,-43, ,
0, ,-43, ,
0, ,-42, ,
0, ,-43, ,
0, ,-42, ,
3, ,-42, ,
-4, ,-43, ,
1, ,-43, ,
1, ,-42, ,
0, ,-43, ,
-1, ,-43, ,
1, ,-42, ,
-2, ,-43, ,
-2, ,-43, ,
-2, ,-42, ,
-2, ,-42, ,
-1, ,-43, ,
3, ,-42, ,
-6, ,-43, ,
-1, ,-42, ,
1, ,-42, ,
-2, ,-42, ,
-5, ,-43, ,
1, ,-42, ,
0, ,-43, ,
1, ,-42, ,
0, ,-42, ,
0, ,-43, ,
1, ,-42, ,
1, ,-42, ,
-2, ,-43, ,
-4, ,-42, ,
1, ,-42, ,
-5, ,-42, ,
-7, ,-43, ,
-1, ,-42, ,
-4, ,-43, ,
1, ,-43, ,
-2, ,-42, ,
3, ,-43, ,
3, ,-42, ,
1, ,-42, ,
-4, ,-43, ,
0, ,-42, ,
-1, ,-42, ,
-4, ,-42, ,
-5, ,-42, ,
-1, ,-42, ,
1, ,-43, ,
1, ,-43, ,
-1, ,-42, ,
-2, ,-42, ,
-1, ,-42, ,
1, ,-42, ,
-7, ,-43, ,
0, ,-42, ,
0, ,-42, ,
-2, ,-42, ,
-7, ,-42, ,
1, ,-42, ,
1, ,-42, ,
0, ,-42, ,
1, ,-43, ,
1, ,-43, ,
4, ,-42, ,
5, ,-42, ,
-1, ,-43, ,
0, ,-42, ,
0, ,-42, ,
-1, ,-42, ,
-2, ,-43, ,
-1, ,-42, ,
1, ,-43, ,
-6, ,-42, ,
-2, ,-39, ,
5, ,-30, ,
8, ,-20, ,
14, ,-10, ,
9, ,-2, ,
6, ,6, ,
8, ,12, ,
1, ,17, ,
1, ,21, ,
10, ,26, ,
8, ,29, ,
11, ,32, ,
8, ,35, ,
8, ,37, ,
6, ,39, ,
5, ,40, ,
-2, ,42, ,
1, ,44, ,
1, ,45, ,
1, ,46, ,
-1, ,46, ,
5, ,46, ,
4, ,48, ,
4, ,48, ,
3, ,48, ,
3, ,49, ,
3, ,49, ,
6, ,48, ,
-2, ,51, ,
3, ,49, ,
4, ,50, ,
4, ,50, ,
-2, ,51, ,
5, ,49, ,
1, ,51, ,
3, ,51, ,
3, ,50, ,
4, ,51, ,
6, ,51, ,
6, ,50, ,
-4, ,52, ,
3, ,50, ,
4, ,51, ,
1, ,51, ,
-5, ,51, ,
1, ,50, ,
1, ,51, ,
3, ,51, ,
3, ,51, ,
1, ,51, ,
1, ,51, ,
4, ,50, ,
-2, ,51, ,
3, ,50, ,
4, ,51, ,
1, ,51, ,
-2, ,51, ,
3, ,50, ,
1, ,51, ,
3, ,51, ,
4, ,50, ,
4, ,51, ,
0, ,51, ,
4, ,50, ,
-5, ,51, ,
4, ,50, ,
5, ,51, ,
3, ,51, ,
1, ,51, ,
6, ,50, ,
5, ,51, ,
4, ,51, ,
1, ,50, ,
1, ,51, ,
-1, ,51, ,
3, ,49, ,
0, ,51, ,
4, ,50, ,
6, ,50, ,
3, ,51, ,
-1, ,51, ,
5, ,49, ,
-1, ,51, ,
3, ,50, ,
-1, ,50, ,
1, ,50, ,
3, ,51, ,
6, ,49, ,
1, ,51, ,
5, ,49, ,
3, ,50, ,
1, ,51, ,
-1, ,51, ,
6, ,49, ,
1, ,51, ,
3, ,51, ,
4, ,50, ,
1, ,50, ,
4, ,51, ,
6, ,50, ,
-4, ,51, ,
4, ,49, ,
3, ,50, ,
4, ,51, ,
3, ,51, ,
10, ,49, ,
5, ,51, ,
5, ,50, ,
0, ,50, ,
0, ,50, ,
3, ,51, ,
8, ,50, ,
1, ,51, ,
6, ,50, ,
8, ,50, ,
3, ,51, ,
0, ,51, ,
3, ,49, ,
-6, ,51, ,
-5, ,51, ,
-6, ,50, ,
-1, ,50, ,
0, ,51, ,
5, ,49, ,
-4, ,51, ,
0, ,50, ,
3, ,50, ,
1, ,51, ,
-2, ,51, ,
3, ,49, ,
-2, ,51, ,
0, ,51, ,
-2, ,50, ,
-1, ,50, ,
-2, ,51, ,
-1, ,49, ,
-9, ,52, ,
-1, ,50, ,
3, ,50, ,
1, ,51, ,
1, ,51, ,
8, ,49, ,
1, ,51, ,
5, ,50, ,
4, ,50, ,
5, ,50, ,
6, ,51, ,
8, ,50, ,
1, ,51, ,
6, ,50, ,
8, ,51, ,
8, ,51, ,
0, ,50, ,
5, ,49, ,
0, ,51, ,
0, ,50, ,
0, ,50, ,
-1, ,51, ,
1, ,51, ,
4, ,50, ,
-1, ,51, ,
3, ,50, ,
3, ,50, ,
1, ,51, ,
-4, ,51, ,
0, ,49, ,
-1, ,51, ,
-2, ,50, ,
-2, ,50, ,
-2, ,50, ,
-2, ,50, ,
5, ,49, ,
1, ,51, ,
6, ,50, ,
5, ,50, ,
3, ,51, ,
-1, ,50, ,
3, ,48, ,
0, ,51, ,
0, ,50, ,
-1, ,50, ,
0, ,50, ,
-1, ,50, ,
0, ,50, ,
-5, ,51, ,
5, ,50, ,
1, ,50, ,
-2, ,51, ,
1, ,51, ,
3, ,49, ,
1, ,51, ,
1, ,50, ,
-4, ,50, ,
-5, ,50, ,
-5, ,51, ,
-1, ,50, ,
-6, ,51, ,
-1, ,50, ,
3, ,50, ,
0, ,51, ,
-4, ,50, ,
3, ,49, ,
-2, ,51, ,
1, ,50, ,
-2, ,50, ,
0, ,50, ,
1, ,51, ,
6, ,50, ,
0, ,51, ,
4, ,50, ,
1, ,50, ,
0, ,51, ,
-1, ,51, ,
8, ,49, ,
5, ,50, ,
4, ,50, ,
3, ,50, ,
3, ,50, ,
1, ,51, ,
1, ,50, ,
-7, ,50, ,
-5, ,50, ,
-2, ,50, ,
-5, ,51, ,
-6, ,51, ,
0, ,49, ,
-1, ,51, ,
-2, ,50, ,
-2, ,50, ,
-2, ,50, ,
1, ,51, ,
1, ,49, ,
-7, ,51, ,
-1, ,50, ,
-2, ,50, ,
-2, ,51, ,
-6, ,50, ,
-1, ,49, ,
-2, ,51, ,
-2, ,50, ,
-2, ,50, ,
0, ,50, ,
1, ,51, ,
5, ,50, ,
0, ,51, ,
4, ,50, ,
8, ,50, ,
4, ,51, ,
4, ,50, ,
9, ,49, ,
5, ,51, ,
8, ,50, ,
4, ,50, ,
6, ,50, ,
6, ,50, ,
5, ,50, ,
3, ,51, ,
4, ,50, ,
6, ,50, ,
5, ,51, ,
0, ,50, ,
5, ,49, ,
3, ,51, ,
6, ,50, ,
5, ,50, ,
5, ,50, ,
5, ,51, ,
6, ,49, ,
-2, ,51, ,
1, ,49, ,
4, ,50, ,
3, ,51, ,
0, ,51, ,
6, ,49, ,
5, ,51, ,
8, ,50, ,
6, ,50, ,
3, ,50, ,
4, ,51, ,
4, ,50, ,
-2, ,51, ,
1, ,49, ,
4, ,50, ,
3, ,51, ,
-2, ,50, ,
5, ,49, ,
3, ,51, ,
0, ,50, ,
4, ,50, ,
-2, ,50, ,
0, ,51, ,
1, ,49, ,
-5, ,51, ,
1, ,50, ,
0, ,50, ,
-2, ,50, ,
-5, ,50, ,
-2, ,49, ,
-2, ,50, ,
-2, ,51, ,
-2, ,50, ,
1, ,50, ,
-1, ,50, ,
3, ,49, ,
-2, ,51, ,
1, ,50, ,
3, ,50, ,
1, ,51, ,
0, ,50, ,
6, ,49, ,
4, ,51, ,
4, ,50, ,
3, ,50, ,
1, ,50, ,
0, ,51, ,
3, ,50, ,
-2, ,51, ,
3, ,50, ,
8, ,50, ,
5, ,50, ,
4, ,50, ,
14, ,49, ,
6, ,51, ,
5, ,50, ,
1, ,50, ,
3, ,50, ,
5, ,51, ,
8, ,49, ,
4, ,51, ,
6, ,50, ,
5, ,50, ,
4, ,50, ,
-2, ,50, ,
3, ,49, ,
0, ,51, ,
-2, ,50, ,
-1, ,50, ,
1, ,50, ,
1, ,51, ,
4, ,49, ,
-6, ,51, ,
0, ,50, ,
3, ,50, ,
4, ,51, ,
-1, ,50, ,
6, ,49, ,
3, ,51, ,
3, ,50, ,
4, ,50, ,
3, ,50, ,
6, ,51, ,
9, ,50, ,
1, ,51, ,
6, ,49, ,
8, ,50, ,
5, ,50, ,
4, ,50, ,
6, ,49, ,
4, ,51, ,
4, ,50, ,
3, ,50, ,
5, ,50, ,
1, ,51, ,
8, ,49, ,
3, ,51, ,
4, ,49, ,
9, ,50, ,
3, ,51, ,
-1, ,50, ,
4, ,49, ,
-4, ,51, ,
-1, ,50, ,
-4, ,50, ,
-5, ,50, ,
-1, ,50, ,
-2, ,49, ,
-5, ,51, ,
-2, ,49, ,
0, ,50, ,
-2, ,51, ,
-6, ,50, ,
0, ,49, ,
-2, ,51, ,
0, ,50, ,
1, ,50, ,
1, ,50, ,
4, ,50, ,
8, ,49, ,
1, ,51, ,
6, ,50, ,
5, ,50, ,
1, ,51, ,
-2, ,50, ,
4, ,49, ,
0, ,51, ,
3, ,50, ,
-1, ,50, ,
-1, ,50, ,
1, ,50, ,
3, ,49, ,
-2, ,51, ,
1, ,50, ,
1, ,50, ,
0, ,51, ,
-5, ,51, ,
-2, ,49, ,
-4, ,51, ,
-6, ,50, ,
-9, ,50, ,
-6, ,50, ,
-4, ,51, ,
5, ,49, ,
-1, ,51, ,
3, ,49, ,
3, ,50, ,
-1, ,50, ,
-5, ,50, ,
-1, ,49, ,
-1, ,51, ,
0, ,50, ,
-1, ,50, ,
3, ,50, ,
5, ,51, ,
9, ,49, ,
1, ,51, ,
4, ,49, ,
3, ,50, ,
1, ,51, ,
-2, ,50, ,
6, ,49, ,
1, ,51, ,
1, ,50, ,
0, ,50, ,
1, ,50, ,
-1, ,51, ,
4, ,49, ,
-4, ,51, ,
3, ,50, ,
4, ,50, ,
0, ,51, ,
-7, ,50, ,
0, ,49, ,
-7, ,51, ,
-5, ,50, ,
-9, ,50, ,
-6, ,50, ,
-4, ,51, ,
-2, ,49, ,
-9, ,51, ,
-4, ,50, ,
-4, ,50, ,
-2, ,51, ,
-6, ,50, ,
1, ,49, ,
-2, ,51, ,
-4, ,50, ,
-4, ,50, ,
-4, ,51, ,
-2, ,51, ,
1, ,49, ,
-4, ,51, ,
1, ,49, ,
3, ,50, ,
0, ,50, ,
-4, ,51, ,
3, ,49, ,
1, ,51, ,
5, ,50, ,
5, ,50, ,
8, ,50, ,
6, ,51, ,
5, ,49, ,
-5, ,51, ,
1, ,50, ,
0, ,50, ,
-1, ,51, ,
-5, ,50, ,
-1, ,49, ,
-2, ,51, ,
-1, ,50, ,
-4, ,50, ,
-2, ,50, ,
-6, ,51, ,
-1, ,49, ,
-7, ,51, ,
0, ,50, ,
1, ,50, ,
1, ,51, ,
1, ,50, ,
9, ,49, ,
4, ,51, ,
4, ,50, ,
1, ,50, ,
1, ,50, ,
0, ,51, ,
3, ,50, ,
-1, ,51, ,
3, ,50, ,
4, ,50, ,
3, ,51, ,
0, ,51, ,
6, ,49, ,
3, ,51, ,
4, ,50, ,
3, ,50, ,
4, ,50, ,
3, ,51, ,
3, ,50, ,
-4, ,51, ,
0, ,49, ,
0, ,50, ,
-2, ,51, ,
-7, ,51, ,
1, ,49, ,
-1, ,51, ,
0, ,51, ,
0, ,50, ,
-2, ,50, ,
-1, ,51, ,
-2, ,49, ,
-10, ,51, ,
-6, ,49, ,
-5, ,50, ,
-5, ,50, ,
-5, ,51, ,
4, ,49, ,
5, ,51, ,
4, ,50, ,
4, ,50, ,
5, ,50, ,
4, ,51, ,
10, ,49, ,
3, ,51, ,
10, ,49, ,
9, ,50, ,
8, ,50, ,
5, ,50, ,
10, ,49, ,
6, ,51, ,
6, ,50, ,
5, ,50, ,
4, ,50, ,
5, ,51, ,
9, ,49, ,
0, ,51, ,
1, ,49, ,
1, ,50, ,
1, ,50, ,
3, ,50, ,
3, ,49, ,
0, ,51, ,
-1, ,50, ,
-2, ,50, ,
-2, ,50, ,
-6, ,50, ,
-1, ,50, ,
-6, ,51, ,
-5, ,49, ,
1, ,50, ,
1, ,51, ,
-4, ,51, ,
6, ,49, ,
3, ,51, ,
5, ,51, ,
5, ,50, ,
3, ,50, ,
6, ,51, ,
6, ,49, ,
1, ,51, ,
8, ,49, ,
9, ,50, ,
11, ,50, ,
8, ,50, ,
13, ,49, ,
9, ,51, ,
10, ,50, ,
6, ,50, ,
4, ,50, ,
3, ,50, ,
1, ,49, ,
-5, ,51, ,
1, ,49, ,
5, ,50, ,
3, ,50, ,
-1, ,50, ,
6, ,49, ,
3, ,51, ,
4, ,50, ,
5, ,50, ,
6, ,50, ,
5, ,50, ,
8, ,49, ,
0, ,51, ,
4, ,49, ,
3, ,50, ,
1, ,50, ,
-2, ,50, ,
5, ,49, ,
1, ,51, ,
1, ,50, ,
1, ,50, ,
5, ,50, ,
1, ,51, ,
6, ,49, ,
0, ,51, ,
4, ,49, ,
5, ,50, ,
0, ,50, ,
-1, ,50, ,
6, ,49, ,
1, ,51, ,
3, ,51, ,
1, ,50, ,
-2, ,50, ,
-4, ,51, ,
0, ,49, ,
-4, ,51, ,
4, ,50, ,
3, ,50, ,
1, ,50, ,
-5, ,51, ,
5, ,49, ,
1, ,51, ,
-2, ,50, ,
-4, ,50, ,
-1, ,50, ,
3, ,51, ,
8, ,50, ,
10, ,51, ,
9, ,49, ,
4, ,50, ,
1, ,50, ,
-7, ,50, ,
4, ,49, ,
9, ,51, ,
9, ,50, ,
9, ,50, ,
5, ,50, ,
8, ,50, ,
6, ,50, ,
-5, ,51, ,
4, ,50, ,
8, ,50, ,
3, ,50, ,
6, ,50, ,
10, ,49, ,
5, ,51, ,
4, ,50, ,
4, ,50, ,
4, ,50, ,
5, ,51, ,
8, ,49, ,
3, ,51, ,
8, ,49, ,
5, ,50, ,
4, ,51, ,
1, ,50, ,
3, ,49, ,
-1, ,51, ,
1, ,51, ,
1, ,50, ,
5, ,50, ,
5, ,51, ,
9, ,50, ,
0, ,51, ,
4, ,49, ,
4, ,50, ,
0, ,51, ,
-6, ,50, ,
-2, ,49, ,
-2, ,51, ,
-1, ,50, ,
-5, ,50, ,
-2, ,50, ,
-1, ,51, ,
3, ,49, ,
-4, ,51, ,
1, ,49, ,
3, ,50, ,
-1, ,51, ,
-4, ,50, ,
-1, ,49, ,
-9, ,51, ,
-5, ,50, ,
-4, ,50, ,
-4, ,50, ,
-2, ,51, ,
-1, ,49, ,
-6, ,51, ,
-1, ,50, ,
0, ,50, ,
0, ,51, ,
-4, ,51, ,
4, ,49, ,
-4, ,51, ,
-1, ,50, ,
-1, ,50, ,
-2, ,51, ,
0, ,51, ,
9, ,49, ,
-5, ,50, ,
0, ,50, ,
1, ,50, ,
3, ,50, ,
-4, ,51, ,
3, ,49, ,
1, ,51, ,
1, ,50, ,
-1, ,50, ,
1, ,50, ,
1, ,50, ,
8, ,49, ,
1, ,50, ,
4, ,50, ,
1, ,50, ,
-1, ,50, ,
-6, ,51, ,
-2, ,49, ,
-2, ,51, ,
-1, ,50, ,
-2, ,50, ,
-1, ,50, ,
-2, ,50, ,
1, ,50, ,
-9, ,51, ,
-1, ,49, ,
1, ,50, ,
-5, ,50, ,
-1, ,50, ,
4, ,49, ,
-1, ,51, ,
1, ,50, ,
-4, ,50, ,
-1, ,50, ,
0, ,51, ,
-1, ,49, ,
-4, ,51, ,
0, ,50, ,
3, ,50, ,
3, ,50, ,
0, ,51, ,
8, ,49, ,
4, ,51, ,
4, ,50, ,
1, ,50, ,
1, ,50, ,
3, ,51, ,
4, ,50, ,
0, ,51, ,
1, ,50, ,
1, ,50, ,
0, ,51, ,
-4, ,51, ,
1, ,49, ,
-4, ,51, ,
-1, ,50, ,
-4, ,50, ,
-5, ,50, ,
-4, ,51, ,
-1, ,49, ,
-9, ,51, ,
-5, ,49, ,
-4, ,50, ,
-4, ,50, ,
-7, ,51, ,
0, ,49, ,
0, ,51, ,
0, ,50, ,
-1, ,50, ,
-1, ,50, ,
-4, ,51, ,
0, ,49, ,
-5, ,51, ,
1, ,49, ,
0, ,50, ,
0, ,50, ,
-1, ,51, ,
3, ,49, ,
1, ,51, ,
4, ,50, ,
3, ,50, ,
0, ,48, ,
-9, ,41, ,
-7, ,31, ,
-17, ,21, ,
-11, ,12, ,
-5, ,4, ,
-4, ,-2, ,
-5, ,-7, ,
-2, ,-12, ,
-9, ,-17, ,
-11, ,-21, ,
-11, ,-24, ,
-6, ,-26, ,
-5, ,-28, ,
-2, ,-30, ,
-6, ,-32, ,
-2, ,-35, ,
-1, ,-35, ,
-5, ,-36, ,
-5, ,-37, ,
3, ,-38, ,
3, ,-39, ,
5, ,-40, ,
3, ,-40, ,
5, ,-41, ,
9, ,-41, ,
8, ,-41, ,
3, ,-42, ,
9, ,-42, ,
11, ,-42, ,
10, ,-42, ,
8, ,-43, ,
15, ,-42, ,
14, ,-43, ,
14, ,-43, ,
10, ,-42, ,
5, ,-43, ,
5, ,-43, ,
3, ,-42, ,
-4, ,-43, ,
1, ,-43, ,
5, ,-43, ,
1, ,-43, ,
-2, ,-43, ,
1, ,-42, ,
3, ,-43, ,
-1, ,-43, ,
-4, ,-43, ,
-2, ,-43, ,
-1, ,-43, ,
0, ,-43, ,
-9, ,-43, ,
-2, ,-43, ,
-2, ,-43, ,
-4, ,-43, ,
-6, ,-43, ,
0, ,-43, ,
0, ,-43, ,
0, ,-43, ,
-1, ,-43, ,
5, ,-43, ,
1, ,-43, ,
8, ,-42, ,
0, ,-43, ,
3, ,-43, ,
8, ,-42, ,
5, ,-43, ,
4, ,-43, ,
10, ,-42, ,
8, ,-43, ,
8, ,-43, ,
4, ,-43, ,
4, ,-43, ,
6, ,-43, ,
4, ,-43, ,
-1, ,-43, ,
3, ,-43, ,
4, ,-42, ,
1, ,-43, ,
0, ,-43, ,
5, ,-42, ,
3, ,-43, ,
0, ,-43, ,
-2, ,-42, ,
-1, ,-43, ,
0, ,-43, ,
4, ,-42, ,
-2, ,-43, ,
3, ,-43, ,
4, ,-42, ,
1, ,-43, ,
-2, ,-43, ,
3, ,-42, ,
1, ,-43, ,
0, ,-43, ,
1, ,-43, ,
5, ,-43, ,
4, ,-43, ,
6, ,-42, ,
1, ,-43, ,
5, ,-43, ,
6, ,-42, ,
8, ,-43, ,
3, ,-43, ,
10, ,-42, ,
9, ,-43, ,
9, ,-43, ,
9, ,-42, ,
10, ,-43, ,
9, ,-42, ,
9, ,-43, ,
-1, ,-43, ,
3, ,-43, ,
3, ,-42, ,
-1, ,-43, ,
-4, ,-43, ,
1, ,-42, ,
0, ,-43, ,
0, ,-43, ,
1, ,-42, ,
1, ,-43, ,
1, ,-43, ,
1, ,-42, ,
-7, ,-43, ,
-1, ,-43, ,
4, ,-42, ,
-2, ,-42, ,
-6, ,-43, ,
0, ,-42, ,
0, ,-43, ,
0, ,-43, ,
-2, ,-42, ,
1, ,-43, ,
1, ,-43, ,
5, ,-42, ,
3, ,-43, ,
5, ,-43, ,
10, ,-42, ,
3, ,-43, ,
-1, ,-43, ,
3, ,-42, ,
1, ,-43, ,
4, ,-43, ,
5, ,-42, ,
4, ,-42, ,
9, ,-42, ,
8, ,-42, ,
4, ,-43, ,
3, ,-43, ,
3, ,-42, ,
-1, ,-42, ,
-6, ,-43, ,
1, ,-42, ,
0, ,-43, ,
-1, ,-43, ,
-1, ,-42, ,
-4, ,-43, ,
-1, ,-42, ,
-4, ,-42, ,
-10, ,-43, ,
-5, ,-42, ,
-5, ,-42, ,
-7, ,-42, ,
-9, ,-42, ,
-2, ,-42, ,
-4, ,-43, ,
-5, ,-43, ,
-4, ,-43, ,
-1, ,-43, ,
6, ,-42, ,
9, ,-42, ,
1, ,-43, ,
6, ,-43, ,
6, ,-42, ,
4, ,-42, ,
0, ,-43, ,
4, ,-42, ,
4, ,-43, ,
3, ,-43, ,
5, ,-42, ,
6, ,-43, ,
9, ,-42, ,
9, ,-42, ,
4, ,-43, ,
4, ,-43, ,
8, ,-42, ,
1, ,-43, ,
-1, ,-42, ,
4, ,-42, ,
3, ,-43, ,
1, ,-43, ,
0, ,-42, ,
1, ,-42, ,
0, ,-42, ,
1, ,-42, ,
-4, ,-43, ,
-5, ,-42, ,
-1, ,-42, ,
-5, ,-43, ,
-7, ,-43, ,
0, ,-42, ,
-2, ,-43, ,
-1, ,-43, ,
0, ,-42, ,
0, ,-43, ,
3, ,-42, ,
3, ,-42, ,
-2, ,-43, ,
0, ,-43, ,
4, ,-42, ,
3, ,-42, ,
-1, ,-43, ,
4, ,-42, ,
1, ,-43, ,
1, ,-43, ,
-1, ,-42, ,
-1, ,-43, ,
-5, ,-42, ,
-7, ,-42, ,
-16, ,-43, ,
-12, ,-42, ,
-12, ,-42, ,
-12, ,-42, ,
-15, ,-43, ,
-7, ,-42, ,
-2, ,-43, ,
-2, ,-43, ,
1, ,-42, ,
8, ,-43, ,
9, ,-42, ,
13, ,-42, ,
3, ,-43, ,
5, ,-43, ,
3, ,-42, ,
-4, ,-42, ,
-9, ,-43, ,
-4, ,-42, ,
-5, ,-43, ,
-1, ,-42, ,
-5, ,-43, ,
0, ,-43, ,
-2, ,-42, ,
-1, ,-42, ,
-2, ,-43, ,
0, ,-42, ,
1, ,-42, ,
0, ,-42, ,
0, ,-43, ,
4, ,-42, ,
3, ,-43, ,
1, ,-43, ,
-1, ,-42, ,
1, ,-43, ,
-1, ,-42, ,
4, ,-42, ,
3, ,-43, ,
6, ,-42, ,
8, ,-42, ,
4, ,-43, ,
-5, ,-43, ,
3, ,-42, ,
-2, ,-43, ,
-2, ,-43, ,
-6, ,-42, ,
-5, ,-43, ,
-5, ,-43, ,
-4, ,-42, ,
-6, ,-43, ,
3, ,-43, ,
1, ,-42, ,
0, ,-43, ,
-5, ,-43, ,
3, ,-42, ,
0, ,-43, ,
-5, ,-43, ,
-6, ,-42, ,
-4, ,-43, ,
-5, ,-42, ,
-2, ,-42, ,
-6, ,-43, ,
1, ,-43, ,
4, ,-42, ,
0, ,-42, ,
-1, ,-43, ,
6, ,-42, ,
4, ,-42, ,
5, ,-42, ,
1, ,-43, ,
3, ,-42, ,
4, ,-42, ,
4, ,-42, ,
-4, ,-43, ,
1, ,-42, ,
3, ,-42, ,
1, ,-42, ,
-1, ,-43, ,
5, ,-42, ,
0, ,-43, ,
0, ,-43, ,
-4, ,-42, ,
-1, ,-42, ,
-1, ,-42, ,
3, ,-42, ,
-4, ,-43, ,
0, ,-43, ,
4, ,-42, ,
1, ,-42, ,
-1, ,-42, ,
3, ,-42, ,
-2, ,-42, ,
-1, ,-43, ,
-2, ,-42, ,
0, ,-42, ,
0, ,-42, ,
5, ,-42, ,
-5, ,-43, ,
-1, ,-43, ,
10, ,-42, ,
3, ,-42, ,
-4, ,-43, ,
5, ,-42, ,
1, ,-43, ,
6, ,-43, ,
3, ,-42, ,
6, ,-43, ,
5, ,-42, ,
8, ,-42, ,
3, ,-43, ,
5, ,-42, ,
9, ,-42, ,
8, ,-43, ,
4, ,-43, ,
8, ,-42, ,
3, ,-42, ,
3, ,-43, ,
0, ,-42, ,
0, ,-43, ,
0, ,-42, ,
3, ,-42, ,
-1, ,-43, ,
6, ,-42, ,
8, ,-42, ,
6, ,-42, ,
0, ,-43, ,
5, ,-42, ,
3, ,-42, ,
5, ,-42, ,
0, ,-42, ,
1, ,-43, ,
3, ,-42, ,
4, ,-42, ,
-2, ,-43, ,
4, ,-42, ,
5, ,-42, ,
-1, ,-43, ,
-2, ,-43, ,
4, ,-42, ,
3, ,-43, ,
5, ,-43, ,
5, ,-42, ,
4, ,-43, ,
8, ,-42, ,
6, ,-42, ,
0, ,-42, ,
5, ,-42, ,
5, ,-42, ,
3, ,-42, ,
-2, ,-43, ,
6, ,-42, ,
4, ,-43, ,
3, ,-43, ,
1, ,-42, ,
0, ,-42, ,
1, ,-43, ,
4, ,-42, ,
-2, ,-43, ,
3, ,-42, ,
4, ,-42, ,
-1, ,-42, ,
-4, ,-43, ,
6, ,-42, ,
0, ,-43, ,
3, ,-43, ,
1, ,-42, ,
3, ,-42, ,
4, ,-42, ,
4, ,-42, ,
0, ,-43, ,
0, ,-42, ,
3, ,-42, ,
0, ,-42, ,
-2, ,-43, ,
4, ,-42, ,
4, ,-43, ,
1, ,-43, ,
0, ,-42, ,
3, ,-43, ,
6, ,-42, ,
8, ,-42, ,
-1, ,-43, ,
1, ,-42, ,
3, ,-42, ,
4, ,-42, ,
-4, ,-42, ,
4, ,-42, ,
5, ,-43, ,
5, ,-43, ,
5, ,-42, ,
8, ,-43, ,
6, ,-42, ,
6, ,-42, ,
-1, ,-43, ,
3, ,-42, ,
4, ,-42, ,
1, ,-42, ,
1, ,-42, ,
8, ,-42, ,
4, ,-43, ,
6, ,-43, ,
1, ,-42, ,
3, ,-43, ,
0, ,-43, ,
5, ,-42, ,
-2, ,-43, ,
4, ,-43, ,
9, ,-42, ,
5, ,-42, ,
4, ,-42, ,
8, ,-42, ,
3, ,-43, ,
8, ,-42, ,
6, ,-42, ,
8, ,-43, ,
11, ,-42, ,
9, ,-42, ,
5, ,-43, ,
5, ,-42, ,
3, ,-42, ,
0, ,-42, ,
-4, ,-43, ,
3, ,-42, ,
1, ,-43, ,
4, ,-43, ,
6, ,-42, ,
6, ,-42, ,
8, ,-42, ,
5, ,-42, ,
0, ,-43, ,
1, ,-43, ,
3, ,-42, ,
1, ,-42, ,
-4, ,-42, ,
1, ,-42, ,
1, ,-43, ,
1, ,-42, ,
0, ,-42, ,
1, ,-43, ,
1, ,-42, ,
1, ,-42, ,
-2, ,-43, ,
1, ,-42, ,
4, ,-42, ,
-1, ,-42, ,
-2, ,-43, ,
8, ,-42, ,
1, ,-42, ,
6, ,-43, ,
5, ,-42, ,
1, ,-42, ,
3, ,-42, ,
3, ,-42, ,
-4, ,-43, ,
1, ,-42, ,
3, ,-42, ,
1, ,-42, ,
-5, ,-43, ,
3, ,-42, ,
4, ,-43, ,
4, ,-43, ,
4, ,-42, ,
8, ,-43, ,
6, ,-43, ,
9, ,-42, ,
0, ,-43, ,
3, ,-42, ,
3, ,-42, ,
-1, ,-42, ,
-2, ,-42, ,
5, ,-42, ,
0, ,-43, ,
-1, ,-42, ,
-5, ,-42, ,
-1, ,-43, ,
0, ,-42, ,
4, ,-42, ,
-1, ,-43, ,
-1, ,-43, ,
1, ,-42, ,
-1, ,-43, ,
-2, ,-43, ,
4, ,-42, ,
-1, ,-43, ,
1, ,-43, ,
-1, ,-42, ,
-4, ,-43, ,
0, ,-42, ,
0, ,-42, ,
-10, ,-43, ,
-2, ,-42, ,
0, ,-42, ,
-1, ,-42, ,
-2, ,-43, ,
4, ,-42, ,
-2, ,-42, ,
-2, ,-42, ,
-5, ,-42, ,
-1, ,-43, ,
3, ,-42, ,
3, ,-42, ,
-4, ,-43, ,
-2, ,-43, ,
1, ,-42, ,
-2, ,-42, ,
-7, ,-43, ,
0, ,-42, ,
-5, ,-43, ,
-4, ,-43, ,
-4, ,-42, ,
-4, ,-43, ,
-4, ,-42, ,
0, ,-42, ,
-10, ,-43, ,
-5, ,-43, ,
-1, ,-42, ,
-4, ,-42, ,
-7, ,-43, ,
-2, ,-42, ,
-5, ,-43, ,
-4, ,-43, ,
-5, ,-43, ,
-2, ,-42, ,
-6, ,-42, ,
-4, ,-42, ,
-10, ,-43, ,
-4, ,-43, ,
-1, ,-42, ,
-6, ,-42, ,
-7, ,-42, ,
-2, ,-42, ,
-5, ,-42, ,
-2, ,-42, ,
-5, ,-42, ,
-4, ,-42, ,
-2, ,-42, ,
0, ,-42, ,
-4, ,-43, ,
0, ,-43, ,
3, ,-42, ,
-1, ,-42, ,
-6, ,-43, ,
0, ,-42, ,
-5, ,-43, ,
-2, ,-43, ,
-7, ,-42, ,
-2, ,-42, ,
-1, ,-42, ,
0, ,-42, ,
-2, ,-43, ,
0, ,-43, ,
4, ,-42, ,
0, ,-43, ,
-5, ,-43, ,
3, ,-42, ,
-2, ,-43, ,
0, ,-42, ,
-1, ,-42, ,
-2, ,-43, ,
0, ,-42, ,
0, ,-42, ,
-6, ,-43, ,
1, ,-42, ,
1, ,-42, ,
1, ,-42, ,
-1, ,-43, ,
6, ,-42, ,
3, ,-43, ,
1, ,-43, ,
-4, ,-42, ,
-1, ,-42, ,
-4, ,-42, ,
3, ,-42, ,
-4, ,-43, ,
4, ,-42, ,
6, ,-42, ,
-1, ,-42, ,
0, ,-42, ,
3, ,-42, ,
-1, ,-43, ,
0, ,-43, ,
-1, ,-42, ,
0, ,-43, ,
3, ,-42, ,
8, ,-42, ,
1, ,-43, ,
3, ,-43, ,
4, ,-42, ,
-1, ,-42, ,
-2, ,-43, ,
3, ,-42, ,
-2, ,-43, ,
-1, ,-43, ,
-5, ,-42, ,
1, ,-42, ,
-1, ,-43, ,
1, ,-42, ,
-6, ,-43, ,
0, ,-43, ,
3, ,-42, ,
0, ,-42, ,
-1, ,-43, ,
5, ,-42, ,
1, ,-43, ,
4, ,-43, ,
3, ,-42, ,
3, ,-43, ,
5, ,-42, ,
5, ,-42, ,
-1, ,-43, ,
4, ,-42, ,
8, ,-42, ,
5, ,-42, ,
3, ,-43, ,
8, ,-42, ,
4, ,-43, ,
3, ,-43, ,
4, ,-42, ,
4, ,-42, ,
3, ,-42, ,
4, ,-42, ,
-4, ,-43, ,
4, ,-42, ,
6, ,-42, ,
5, ,-43, ,
0, ,-43, ,
4, ,-42, ,
3, ,-43, ,
3, ,-43, ,
3, ,-42, ,
5, ,-43, ,
6, ,-42, ,
6, ,-42, ,
-2, ,-43, ,
4, ,-42, ,
4, ,-42, ,
1, ,-42, ,
-2, ,-43, ,
6, ,-42, ,
6, ,-43, ,
9, ,-43, ,
6, ,-42, ,
6, ,-43, ,
4, ,-43, ,
5, ,-42, ,
-4, ,-43, ,
1, ,-42, ,
5, ,-42, ,
4, ,-42, ,
1, ,-43, ,
9, ,-42, ,
6, ,-43, ,
8, ,-42, ,
5, ,-42, ,
4, ,-43, ,
5, ,-42, ,
5, ,-42, ,
0, ,-43, ,
4, ,-42, ,
5, ,-42, ,
3, ,-42, ,
-1, ,-43, ,
4, ,-42, ,
1, ,-43, ,
3, ,-43, ,
3, ,-43, ,
3, ,-42, ,
5, ,-42, ,
8, ,-42, ,
0, ,-43, ,
4, ,-43, ,
5, ,-42, ,
3, ,-43, ,
-2, ,-43, ,
6, ,-42, ,
0, ,-42, ,
4, ,-43, ,
-1, ,-42, ,
0, ,-42, ,
1, ,-42, ,
4, ,-42, ,
-4, ,-43, ,
3, ,-42, ,
3, ,-42, ,
3, ,-42, ,
0, ,-43, ,
8, ,-42, ,
6, ,-42, ,
6, ,-43, ,
4, ,-42, ,
3, ,-43, ,
1, ,-42, ,
5, ,-42, ,
-6, ,-43, ,
-1, ,-42, ,
0, ,-42, ,
-1, ,-42, ,
-2, ,-43, ,
3, ,-42, ,
1, ,-43, ,
1, ,-43, ,
-1, ,-42, ,
1, ,-43, ,
4, ,-42, ,
4, ,-42, ,
-1, ,-43, ,
1, ,-43, ,
4, ,-42, ,
3, ,-43, ,
-2, ,-43, ,
4, ,-42, ,
0, ,-43, ,
0, ,-42, ,
0, ,-42, ,
5, ,-43, ,
4, ,-42, ,
5, ,-42, ,
-1, ,-43, ,
1, ,-43, ,
5, ,-42, ,
1, ,-43, ,
-1, ,-43, ,
4, ,-42, ,
3, ,-43, ,
5, ,-43, ,
3, ,-42, ,
3, ,-42, ,
4, ,-42, ,
1, ,-42, ,
-4, ,-43, ,
-1, ,-42, ,
1, ,-42, ,
1, ,-42, ,
-4, ,-43, ,
3, ,-42, ,
0, ,-43, ,
1, ,-43, ,
-4, ,-42, ,
-4, ,-43, ,
-4, ,-42, ,
-4, ,-42, ,
-6, ,-43, ,
0, ,-42, ,
3, ,-42, ,
3, ,-42, ,
-6, ,-42, ,
0, ,-42, ,
-2, ,-43, ,
-1, ,-43, ,
-2, ,-42, ,
1, ,-43, ,
8, ,-42, ,
0, ,-42, ,
-7, ,-43, ,
1, ,-43, ,
-4, ,-42, ,
-4, ,-42, ,
-6, ,-42, ,
0, ,-42, ,
-1, ,-42, ,
0, ,-43, ,
-2, ,-42, ,
-2, ,-43, ,
-5, ,-41, ,
1, ,-35, ,
0, ,-25, ,
6, ,-16, ,
9, ,-6, ,
3, ,1, ,
-1, ,9, ,
4, ,14, ,
0, ,19, ,
4, ,23, ,
5, ,27, ,
4, ,31, ,
3, ,33, ,
6, ,35, ,
1, ,38, ,
0, ,40, ,
9, ,41, ,
1, ,42, ,
-10, ,45, ,
4, ,44, ,
-1, ,47, ,
-2, ,46, ,
1, ,47, ,
1, ,48, ,
-1, ,48, ,
3, ,48, ,
0, ,49, ,
3, ,50, ,
1, ,50, ,
1, ,50, ,
-1, ,50, ,
3, ,49, ,
-4, ,51, ,
0, ,51, ,
-2, ,50, ,
-1, ,51, ,
0, ,51, ,
5, ,50, ,
-1, ,51, ,
3, ,50, ,
0, ,51, ,
4, ,51, ,
-2, ,51, ,
1, ,50, ,
0, ,51, ,
1, ,51, ,
-2, ,50, ,
0, ,51, ,
-1, ,52, ,
3, ,50, ,
-5, ,51, ,
-1, ,51, ,
1, ,51, ,
0, ,51, ,
-2, ,51, ,
1, ,50, ,
-2, ,51, ,
-2, ,51, ,
-2, ,50, ,
1, ,50, ,
5, ,51, ,
6, ,50, ,
0, ,52, ,
4, ,50, ,
5, ,50, ,
1, ,51, ,
-1, ,51, ,
4, ,49, ,
-2, ,52, ,
-5, ,51, ,
-4, ,50, ,
1, ,51, ,
0, ,50, ,
4, ,50, ,
-1, ,51, ,
1, ,50, ,
3, ,50, ,
-1, ,51, ,
-7, ,51, ,
0, ,49, ,
-5, ,51, ,
0, ,51, ,
0, ,50, ,
3, ,50, ,
4, ,51, ,
5, ,49, ,
0, ,51, ,
6, ,50, ,
0, ,51, ,
-6, ,51, ,
-1, ,51, ,
8, ,49, ,
-1, ,51, ,
4, ,51, ,
3, ,50, ,
0, ,51, ,
-2, ,51, ,
4, ,50, ,
-1, ,51, ,
6, ,50, ,
10, ,51, ,
9, ,51, ,
4, ,51, ,
5, ,49, ,
4, ,51, ,
3, ,50, ,
4, ,50, ,
1, ,50, ,
1, ,50, ,
8, ,50, ,
3, ,51, ,
6, ,50, ,
4, ,50, ,
4, ,51, ,
-1, ,50, ,
4, ,49, ,
3, ,51, ,
5, ,50, ,
4, ,50, ,
6, ,51, ,
3, ,51, ,
6, ,50, ,
0, ,51, ,
3, ,50, ,
5, ,50, ,
3, ,51, ,
-2, ,51, ,
8, ,49, ,
3, ,51, ,
6, ,50, ,
5, ,50, ,
5, ,50, ,
4, ,50, ,
9, ,50, ,
0, ,51, ,
3, ,50, ,
3, ,50, ,
3, ,51, ,
0, ,51, ,
8, ,49, ,
4, ,51, ,
5, ,50, ,
4, ,50, ,
1, ,50, ,
1, ,51, ,
6, ,49, ,
-1, ,51, ,
5, ,50, ,
5, ,50, ,
6, ,51, ,
3, ,50, ,
8, ,49, ,
1, ,51, ,
1, ,51, ,
1, ,50, ,
-1, ,50, ,
0, ,50, ,
4, ,50, ,
-2, ,51, ,
1, ,49, ,
3, ,50, ,
3, ,51, ,
-4, ,51, ,
4, ,49, ,
4, ,51, ,
6, ,50, ,
8, ,50, ,
6, ,50, ,
3, ,50, ,
4, ,50, ,
-6, ,51, ,
-1, ,50, ,
1, ,50, ,
3, ,50, ,
0, ,51, ,
6, ,49, ,
1, ,51, ,
1, ,50, ,
-2, ,50, ,
1, ,50, ,
1, ,51, ,
8, ,49, ,
0, ,51, ,
4, ,50, ,
5, ,50, ,
3, ,50, ,
0, ,51, ,
8, ,49, ,
1, ,51, ,
0, ,51, ,
-1, ,50, ,
3, ,50, ,
-1, ,51, ,
3, ,49, ,
-2, ,51, ,
4, ,50, ,
8, ,50, ,
4, ,51, ,
-1, ,50, ,
9, ,49, ,
8, ,51, ,
8, ,50, ,
4, ,50, ,
1, ,50, ,
3, ,51, ,
1, ,49, ,
-4, ,51, ,
4, ,50, ,
3, ,50, ,
4, ,50, ,
-4, ,51, ,
5, ,49, ,
0, ,51, ,
-1, ,50, ,
-5, ,50, ,
-4, ,50, ,
-5, ,51, ,
0, ,50, ,
-4, ,51, ,
3, ,50, ,
1, ,50, ,
4, ,51, ,
-1, ,50, ,
5, ,49, ,
4, ,51, ,
3, ,50, ,
0, ,50, ,
-1, ,50, ,
-5, ,50, ,
0, ,49, ,
-7, ,51, ,
-1, ,49, ,
-1, ,50, ,
-1, ,50, ,
-4, ,51, ,
5, ,49, ,
0, ,51, ,
-5, ,50, ,
-1, ,50, ,
-1, ,50, ,
-6, ,51, ,
4, ,50, ,
-5, ,50, ,
-1, ,50, ,
0, ,50, ,
-4, ,50, ,
-4, ,51, ,
1, ,49, ,
-4, ,51, ,
0, ,50, ,
-1, ,50, ,
1, ,50, ,
3, ,50, ,
4, ,49, ,
-2, ,51, ,
0, ,50, ,
1, ,50, ,
-2, ,50, ,
-5, ,50, ,
4, ,49, ,
-1, ,51, ,
-1, ,50, ,
-5, ,50, ,
0, ,50, ,
-1, ,51, ,
3, ,49, ,
-1, ,51, ,
1, ,50, ,
1, ,50, ,
0, ,51, ,
-4, ,51, ,
3, ,49, ,
-4, ,51, ,
-2, ,50, ,
-4, ,50, ,
-2, ,51, ,
1, ,51, ,
4, ,49, ,
-2, ,51, ,
4, ,50, ,
1, ,50, ,
0, ,51, ,
-1, ,50, ,
3, ,49, ,
0, ,51, ,
-1, ,50, ,
1, ,50, ,
1, ,50, ,
-2, ,50, ,
1, ,49, ,
-7, ,51, ,
-1, ,50, ,
-2, ,50, ,
-5, ,51, ,
-6, ,51, ,
-2, ,49, ,
-5, ,51, ,
0, ,50, ,
0, ,50, ,
3, ,50, ,
3, ,50, ,
1, ,49, ,
-4, ,51, ,
0, ,50, ,
0, ,51, ,
-2, ,51, ,
-4, ,50, ,
3, ,49, ,
-1, ,51, ,
0, ,50, ,
0, ,50, ,
1, ,50, ,
-2, ,51, ,
1, ,49, ,
-6, ,51, ,
3, ,50, ,
1, ,50, ,
-2, ,51, ,
-9, ,50, ,
1, ,49, ,
-5, ,51, ,
0, ,50, ,
-1, ,50, ,
0, ,50, ,
3, ,50, ,
5, ,49, ,
0, ,51, ,
3, ,50, ,
0, ,50, ,
-2, ,51, ,
-7, ,50, ,
0, ,49, ,
-4, ,51, ,
-1, ,50, ,
0, ,50, ,
1, ,50, ,
4, ,50, ,
6, ,49, ,
1, ,51, ,
3, ,50, ,
4, ,50, ,
4, ,51, ,
-1, ,50, ,
6, ,49, ,
4, ,51, ,
8, ,51, ,
4, ,50, ,
1, ,50, ,
1, ,51, ,
5, ,49, ,
-2, ,51, ,
1, ,49, ,
3, ,50, ,
3, ,50, ,
3, ,51, ,
8, ,49, ,
5, ,51, ,
8, ,49, ,
1, ,50, ,
5, ,50, ,
4, ,51, ,
8, ,49, ,
1, ,51, ,
5, ,49, ,
4, ,50, ,
0, ,50, ,
-1, ,50, ,
3, ,49, ,
-5, ,51, ,
1, ,50, ,
3, ,50, ,
5, ,50, ,
5, ,51, ,
6, ,49, ,
0, ,51, ,
1, ,50, ,
3, ,50, ,
3, ,50, ,
-1, ,51, ,
5, ,49, ,
3, ,51, ,
6, ,50, ,
4, ,50, ,
4, ,50, ,
0, ,51, ,
5, ,49, ,
-1, ,51, ,
5, ,49, ,
5, ,50, ,
8, ,50, ,
4, ,50, ,
6, ,49, ,
1, ,51, ,
1, ,50, ,
-1, ,50, ,
1, ,50, ,
3, ,51, ,
4, ,49, ,
-1, ,51, ,
3, ,49, ,
5, ,50, ,
4, ,50, ,
1, ,51, ,
5, ,49, ,
3, ,51, ,
5, ,50, ,
3, ,50, ,
5, ,50, ,
3, ,50, ,
8, ,49, ,
-1, ,51, ,
5, ,49, ,
6, ,50, ,
4, ,51, ,
4, ,50, ,
8, ,49, ,
4, ,51, ,
8, ,50, ,
4, ,50, ,
4, ,50, ,
5, ,50, ,
9, ,49, ,
1, ,51, ,
6, ,50, ,
8, ,50, ,
4, ,50, ,
1, ,51, ,
6, ,49, ,
6, ,51, ,
5, ,50, ,
0, ,50, ,
3, ,50, ,
1, ,50, ,
3, ,49, ,
-1, ,51, ,
5, ,50, ,
6, ,50, ,
5, ,50, ,
0, ,50, ,
8, ,49, ,
6, ,51, ,
10, ,50, ,
-4, ,50, ,
3, ,50, ,
8, ,51, ,
4, ,49, ,
4, ,51, ,
5, ,50, ,
4, ,50, ,
5, ,50, ,
-1, ,51, ,
6, ,49, ,
0, ,51, ,
1, ,50, ,
-1, ,50, ,
0, ,50, ,
-1, ,50, ,
6, ,50, ,
1, ,51, ,
5, ,49, ,
5, ,50, ,
4, ,51, ,
1, ,50, ,
5, ,49, ,
4, ,51, ,
1, ,50, ,
0, ,50, ,
0, ,50, ,
-1, ,51, ,
1, ,49, ,
-7, ,51, ,
-4, ,50, ,
5, ,50, ,
4, ,51, ,
-1, ,51, ,
4, ,49, ,
1, ,51, ,
0, ,50, ,
-4, ,50, ,
-1, ,50, ,
-4, ,51, ,
3, ,50, ,
-1, ,51, ,
3, ,50, ,
5, ,50, ,
1, ,50, ,
-2, ,50, ,
4, ,49, ,
-4, ,51, ,
1, ,50, ,
1, ,50, ,
8, ,50, ,
3, ,51, ,
6, ,49, ,
-1, ,51, ,
4, ,50, ,
1, ,50, ,
0, ,50, ,
-2, ,50, ,
4, ,49, ,
-2, ,51, ,
1, ,50, ,
0, ,50, ,
0, ,50, ,
0, ,51, ,
3, ,49, ,
-4, ,51, ,
3, ,50, ,
5, ,50, ,
1, ,51, ,
-2, ,50, ,
4, ,49, ,
-2, ,51, ,
0, ,50, ,
-2, ,50, ,
-1, ,50, ,
0, ,51, ,
1, ,49, ,
-5, ,51, ,
3, ,49, ,
0, ,50, ,
0, ,50, ,
0, ,50, ,
5, ,49, ,
3, ,51, ,
1, ,50, ,
0, ,50, ,
-1, ,50, ,
-5, ,50, ,
1, ,49, ,
-6, ,51, ,
0, ,50, ,
0, ,50, ,
-2, ,50, ,
-7, ,50, ,
-2, ,49, ,
-5, ,51, ,
-2, ,50, ,
-4, ,50, ,
0, ,50, ,
0, ,51, ,
3, ,49, ,
-5, ,51, ,
-2, ,49, ,
-1, ,50, ,
-6, ,50, ,
-10, ,50, ,
1, ,49, ,
0, ,51, ,
4, ,51, ,
-1, ,50, ,
1, ,50, ,
-1, ,51, ,
1, ,50, ,
-9, ,51, ,
-1, ,50, ,
-2, ,50, ,
-2, ,51, ,
-5, ,51, ,
3, ,49, ,
-1, ,51, ,
0, ,51, ,
-1, ,50, ,
0, ,50, ,
1, ,50, ,
3, ,50, ,
-2, ,51, ,
1, ,49, ,
0, ,50, ,
-1, ,50, ,
-5, ,50, ,
0, ,49, ,
-4, ,51, ,
-2, ,50, ,
-5, ,50, ,
-1, ,50, ,
-1, ,51, ,
3, ,49, ,
-5, ,51, ,
-1, ,50, ,
0, ,50, ,
-2, ,51, ,
-4, ,50, ,
1, ,49, ,
-2, ,51, ,
1, ,50, ,
-1, ,50, ,
1, ,50, ,
0, ,51, ,
3, ,49, ,
-5, ,51, ,
-2, ,50, ,
-2, ,50, ,
-2, ,50, ,
-4, ,50, ,
3, ,49, ,
1, ,51, ,
5, ,50, ,
4, ,50, ,
4, ,50, ,
4, ,51, ,
9, ,49, ,
-4, ,51, ,
1, ,50, ,
1, ,50, ,
0, ,51, ,
-4, ,50, ,
4, ,49, ,
-2, ,51, ,
0, ,50, ,
-2, ,50, ,
0, ,50, ,
1, ,51, ,
3, ,49, ,
-4, ,51, ,
0, ,49, ,
3, ,50, ,
-2, ,50, ,
-5, ,50, ,
4, ,49, ,
-2, ,51, ,
3, ,50, ,
-1, ,50, ,
1, ,50, ,
4, ,51, ,
6, ,49, ,
0, ,51, ,
3, ,50, ,
3, ,50, ,
1, ,51, ,
-4, ,50, ,
4, ,49, ,
1, ,51, ,
8, ,50, ,
4, ,50, ,
3, ,50, ,
1, ,51, ,
1, ,50, ,
-1, ,51, ,
-1, ,50, ,
1, ,50, ,
4, ,51, ,
-2, ,50, ,
6, ,49, ,
1, ,51, ,
3, ,50, ,
1, ,50, ,
1, ,50, ,
1, ,51, ,
5, ,49, ,
-1, ,51, ,
6, ,50, ,
8, ,50, ,
6, ,51, ,
6, ,50, ,
9, ,49, ,
5, ,51, ,
4, ,51, ,
-2, ,50, ,
3, ,50, ,
4, ,50, ,
10, ,50, ,
0, ,50, ,
4, ,50, ,
3, ,50, ,
0, ,51, ,
-2, ,51, ,
10, ,49, ,
8, ,51, ,
10, ,50, ,
4, ,50, ,
4, ,50, ,
3, ,51, ,
4, ,49, ,
-2, ,51, ,
4, ,50, ,
6, ,50, ,
5, ,50, ,
1, ,50, ,
6, ,49, ,
1, ,51, ,
0, ,50, ,
-1, ,50, ,
-1, ,50, ,
3, ,51, ,
5, ,49, ,
-1, ,51, ,
5, ,50, ,
5, ,50, ,
3, ,51, ,
1, ,50, ,
8, ,49, ,
1, ,51, ,
1, ,51, ,
0, ,50, ,
1, ,50, ,
4, ,51, ,
5, ,49, ,
0, ,51, ,
5, ,50, ,
8, ,50, ,
8, ,51, ,
0, ,50, ,
5, ,49, ,
1, ,51, ,
1, ,50, ,
1, ,50, ,
1, ,50, ,
3, ,51, ,
6, ,49, ,
-4, ,51, ,
4, ,49, ,
4, ,50, ,
5, ,51, ,
0, ,50, ,
5, ,49, ,
3, ,51, ,
3, ,50, ,
1, ,50, ,
1, ,50, ,
0, ,51, ,
5, ,49, ,
-2, ,51, ,
3, ,50, ,
8, ,50, ,
3, ,51, ,
-1, ,50, ,
5, ,49, ,
-1, ,51, ,
1, ,50, ,
-1, ,50, ,
1, ,50, ,
3, ,51, ,
5, ,49, ,
3, ,51, ,
6, ,50, ,
9, ,50, ,
6, ,50, ,
-2, ,50, ,
5, ,49, ,
0, ,51, ,
4, ,50, ,
0, ,50, ,
3, ,50, ,
4, ,51, ,
5, ,49, ,
3, ,51, ,
6, ,49, ,
5, ,50, ,
4, ,51, ,
-1, ,50, ,
4, ,49, ,
-1, ,51, ,
3, ,50, ,
0, ,50, ,
-2, ,50, ,
0, ,51, ,
4, ,49, ,
-2, ,51, ,
3, ,50, ,
5, ,50, ,
3, ,50, ,
1, ,50, ,
8, ,49, ,
4, ,51, ,
1, ,50, ,
-1, ,50, ,
0, ,50, ,
-2, ,51, ,
4, ,50, ,
-4, ,51, ,
4, ,50, ,
3, ,50, ,
0, ,50, ,
-2, ,51, ,
3, ,49, ,
-2, ,51, ,
-1, ,50, ,
-4, ,50, ,
-2, ,50, ,
4, ,50, ,
8, ,49, ,
-5, ,47, ,
-4, ,36, ,
-5, ,27, ,
-7, ,17, ,
-10, ,9, ,
-1, ,1, ,
-4, ,-4, ,
-5, ,-9, ,
-7, ,-14, ,
-6, ,-19, ,
-5, ,-22, ,
-2, ,-25, ,
-9, ,-27, ,
-4, ,-30, ,
-1, ,-31, ,
-6, ,-33, ,
-7, ,-35, ,
3, ,-36, ,
-4, ,-37, ,
1, ,-38, ,
0, ,-39, ,
-1, ,-39, ,
3, ,-40, ,
1, ,-40, ,
-9, ,-41, ,
-1, ,-41, ,
-1, ,-41, ,
1, ,-42, ,
-2, ,-42, ,
4, ,-42, ,
1, ,-43, ,
-1, ,-42, ,
0, ,-42, ,
-1, ,-43, ,
0, ,-43, ,
3, ,-42, ,
-2, ,-43, ,
4, ,-43, ,
5, ,-43, ,
4, ,-43, ,
-2, ,-43, ,
4, ,-43, ,
1, ,-43, ,
1, ,-43, ,
-1, ,-43, ,
1, ,-43, ,
1, ,-43, ,
0, ,-43, ,
-6, ,-43, ,
-2, ,-43, ,
0, ,-43, ,
-2, ,-43, ,
-6, ,-43, ,
0, ,-43, ,
-1, ,-43, ,
3, ,-43, ,
1, ,-42, ,
6, ,-43, ,
5, ,-43, ,
4, ,-43, ,
-2, ,-43, ,
1, ,-43, ,
4, ,-43, ,
-1, ,-43, ,
-4, ,-43, ,
3, ,-43, ,
0, ,-43, ,
4, ,-43, ,
0, ,-42, ,
0, ,-43, ,
1, ,-43, ,
1, ,-43, ,
-5, ,-43, ,
0, ,-43, ,
1, ,-43, ,
-1, ,-43, ,
-5, ,-43, ,
3, ,-42, ,
3, ,-43, ,
3, ,-43, ,
1, ,-43, ,
0, ,-43, ,
1, ,-43, ,
3, ,-42, ,
-1, ,-43, ,
1, ,-43, ,
4, ,-42, ,
-1, ,-43, ,
-4, ,-43, ,
3, ,-42, ,
0, ,-43, ,
1, ,-43, ,
0, ,-42, ,
1, ,-42, ,
5, ,-42, ,
5, ,-42, ,
-2, ,-43, ,
3, ,-43, ,
0, ,-42, ,
-1, ,-42, ,
-2, ,-43, ,
5, ,-42, ,
4, ,-43, ,
3, ,-42, ,
0, ,-42, ,
1, ,-43, ,
1, ,-43, ,
4, ,-42, ,
-5, ,-43, ,
0, ,-43, ,
4, ,-42, ,
1, ,-42, ,
1, ,-42, ,
8, ,-42, ,
6, ,-43, ,
1, ,-43, ,
-6, ,-43, ,
8, ,-42, ,
4, ,-43, ,
4, ,-42, ,
-1, ,-43, ,
1, ,-42, ,
5, ,-42, ,
3, ,-43, ,
0, ,-42, ,
5, ,-42, ,
3, ,-43, ,
3, ,-43, ,
3, ,-42, ,
6, ,-42, ,
4, ,-42, ,
6, ,-42, ,
-2, ,-43, ,
1, ,-43, ,
3, ,-42, ,
0, ,-42, ,
-4, ,-43, ,
4, ,-42, ,
3, ,-43, ,
5, ,-43, ,
1, ,-42, ,
3, ,-43, ,
5, ,-42, ,
5, ,-42, ,
-1, ,-43, ,
1, ,-42, ,
8, ,-42, ,
5, ,-42, ,
-4, ,-43, ,
3, ,-42, ,
-6, ,-43, ,
-1, ,-43, ,
-7, ,-43, ,
-2, ,-42, ,
-2, ,-42, ,
4, ,-42, ,
-1, ,-43, ,
5, ,-43, ,
8, ,-42, ,
5, ,-42, ,
-1, ,-43, ,
5, ,-42, ,
1, ,-43, ,
3, ,-43, ,
3, ,-42, ,
0, ,-43, ,
3, ,-42, ,
5, ,-43, ,
-4, ,-43, ,
4, ,-42, ,
3, ,-42, ,
0, ,-43, ,
-2, ,-43, ,
4, ,-42, ,
4, ,-42, ,
3, ,-43, ,
1, ,-42, ,
3, ,-42, ,
1, ,-42, ,
6, ,-42, ,
3, ,-43, ,
5, ,-43, ,
6, ,-42, ,
1, ,-42, ,
-9, ,-43, ,
-1, ,-42, ,
1, ,-43, ,
3, ,-43, ,
3, ,-42, ,
4, ,-42, ,
4, ,-42, ,
1, ,-43, ,
-2, ,-43, ,
5, ,-42, ,
5, ,-42, ,
3, ,-42, ,
0, ,-43, ,
6, ,-42, ,
5, ,-43, ,
1, ,-43, ,
-1, ,-42, ,
-1, ,-43, ,
3, ,-42, ,
5, ,-42, ,
4, ,-43, ,
4, ,-42, ,
5, ,-42, ,
6, ,-42, ,
-6, ,-43, ,
1, ,-42, ,
-4, ,-43, ,
-2, ,-42, ,
-5, ,-42, ,
-1, ,-43, ,
5, ,-42, ,
8, ,-42, ,
-1, ,-43, ,
5, ,-42, ,
4, ,-42, ,
1, ,-42, ,
-4, ,-43, ,
4, ,-42, ,
0, ,-42, ,
1, ,-43, ,
-1, ,-42, ,
0, ,-42, ,
3, ,-42, ,
4, ,-42, ,
-5, ,-43, ,
1, ,-42, ,
3, ,-42, ,
-1, ,-42, ,
-2, ,-42, ,
3, ,-42, ,
-1, ,-42, ,
-1, ,-43, ,
-4, ,-42, ,
0, ,-42, ,
0, ,-42, ,
4, ,-42, ,
-4, ,-43, ,
0, ,-43, ,
4, ,-42, ,
0, ,-42, ,
-4, ,-43, ,
1, ,-42, ,
-1, ,-43, ,
-1, ,-43, ,
-2, ,-42, ,
1, ,-43, ,
0, ,-42, ,
3, ,-42, ,
-6, ,-43, ,
3, ,-43, ,
3, ,-42, ,
-10, ,-42, ,
-6, ,-43, ,
5, ,-42, ,
-6, ,-43, ,
1, ,-43, ,
0, ,-42, ,
-1, ,-42, ,
3, ,-42, ,
4, ,-42, ,
-2, ,-43, ,
-1, ,-42, ,
1, ,-42, ,
-1, ,-42, ,
-5, ,-42, ,
4, ,-42, ,
0, ,-42, ,
1, ,-42, ,
3, ,-42, ,
3, ,-42, ,
0, ,-42, ,
3, ,-42, ,
-2, ,-43, ,
3, ,-43, ,
5, ,-42, ,
5, ,-43, ,
1, ,-43, ,
8, ,-42, ,
8, ,-43, ,
1, ,-42, ,
0, ,-42, ,
-4, ,-43, ,
-1, ,-42, ,
-1, ,-42, ,
-5, ,-43, ,
0, ,-42, ,
3, ,-42, ,
-1, ,-42, ,
-6, ,-43, ,
3, ,-42, ,
1, ,-43, ,
1, ,-43, ,
-1, ,-42, ,
1, ,-43, ,
-1, ,-42, ,
5, ,-42, ,
-4, ,-43, ,
0, ,-43, ,
3, ,-42, ,
-2, ,-42, ,
-6, ,-42, ,
5, ,-42, ,
0, ,-43, ,
-1, ,-42, ,
-1, ,-42, ,
1, ,-42, ,
0, ,-42, ,
0, ,-42, ,
-7, ,-43, ,
-2, ,-42, ,
0, ,-42, ,
-1, ,-42, ,
-2, ,-43, ,
8, ,-42, ,
6, ,-42, ,
6, ,-43, ,
0, ,-42, ,
0, ,-42, ,
3, ,-42, ,
1, ,-42, ,
-4, ,-43, ,
0, ,-42, ,
1, ,-42, ,
-1, ,-42, ,
-5, ,-43, ,
3, ,-42, ,
-1, ,-43, ,
1, ,-43, ,
0, ,-43, ,
0, ,-42, ,
4, ,-42, ,
3, ,-42, ,
-5, ,-43, ,
3, ,-42, ,
4, ,-42, ,
5, ,-42, ,
0, ,-42, ,
3, ,-42, ,
1, ,-43, ,
0, ,-42, ,
-1, ,-42, ,
0, ,-42, ,
1, ,-42, ,
3, ,-42, ,
-6, ,-43, ,
-2, ,-42, ,
4, ,-42, ,
-1, ,-42, ,
-1, ,-42, ,
9, ,-42, ,
8, ,-42, ,
6, ,-42, ,
3, ,-42, ,
1, ,-42, ,
1, ,-42, ,
5, ,-42, ,
-5, ,-43, ,
1, ,-43, ,
5, ,-42, ,
0, ,-42, ,
-1, ,-42, ,
6, ,-42, ,
1, ,-43, ,
4, ,-43, ,
4, ,-42, ,
5, ,-43, ,
3, ,-42, ,
3, ,-42, ,
1, ,-43, ,
6, ,-42, ,
8, ,-42, ,
3, ,-43, ,
-2, ,-43, ,
1, ,-42, ,
0, ,-43, ,
4, ,-42, ,
4, ,-42, ,
6, ,-43, ,
6, ,-42, ,
6, ,-42, ,
-1, ,-43, ,
3, ,-42, ,
1, ,-42, ,
1, ,-42, ,
-6, ,-42, ,
4, ,-42, ,
1, ,-43, ,
0, ,-42, ,
-2, ,-42, ,
0, ,-42, ,
-1, ,-42, ,
3, ,-42, ,
-4, ,-43, ,
3, ,-43, ,
5, ,-42, ,
3, ,-42, ,
-1, ,-42, ,
5, ,-42, ,
3, ,-43, ,
4, ,-43, ,
1, ,-42, ,
0, ,-43, ,
0, ,-43, ,
1, ,-42, ,
-4, ,-43, ,
4, ,-42, ,
4, ,-42, ,
-1, ,-42, ,
1, ,-42, ,
6, ,-42, ,
3, ,-43, ,
3, ,-43, ,
-1, ,-42, ,
3, ,-43, ,
4, ,-42, ,
8, ,-42, ,
5, ,-43, ,
8, ,-42, ,
5, ,-42, ,
-1, ,-43, ,
-5, ,-43, ,
3, ,-42, ,
0, ,-42, ,
3, ,-42, ,
-1, ,-42, ,
4, ,-42, ,
6, ,-43, ,
5, ,-42, ,
0, ,-43, ,
4, ,-42, ,
4, ,-42, ,
3, ,-42, ,
0, ,-43, ,
8, ,-42, ,
5, ,-43, ,
3, ,-43, ,
3, ,-42, ,
3, ,-42, ,
5, ,-43, ,
4, ,-42, ,
-2, ,-43, ,
1, ,-43, ,
4, ,-42, ,
0, ,-42, ,
-6, ,-43, ,
3, ,-42, ,
-2, ,-43, ,
-1, ,-42, ,
0, ,-42, ,
1, ,-43, ,
5, ,-42, ,
8, ,-42, ,
0, ,-43, ,
5, ,-42, ,
4, ,-42, ,
3, ,-42, ,
-4, ,-43, ,
3, ,-42, ,
-1, ,-43, ,
0, ,-43, ,
0, ,-42, ,
3, ,-43, ,
1, ,-42, ,
4, ,-42, ,
-2, ,-43, ,
3, ,-42, ,
3, ,-42, ,
-1, ,-42, ,
-5, ,-43, ,
0, ,-42, ,
-4, ,-43, ,
0, ,-43, ,
-2, ,-42, ,
3, ,-43, ,
5, ,-42, ,
4, ,-42, ,
-4, ,-43, ,
0, ,-42, ,
3, ,-42, ,
-1, ,-42, ,
-5, ,-43, ,
4, ,-42, ,
1, ,-42, ,
4, ,-42, ,
1, ,-42, ,
4, ,-43, ,
1, ,-42, ,
3, ,-42, ,
-2, ,-43, ,
1, ,-43, ,
5, ,-42, ,
0, ,-42, ,
-7, ,-43, ,
1, ,-42, ,
-4, ,-42, ,
0, ,-42, ,
-2, ,-42, ,
0, ,-43, ,
4, ,-42, ,
6, ,-42, ,
-1, ,-43, ,
1, ,-42, ,
1, ,-42, ,
-1, ,-42, ,
-6, ,-42, ,
0, ,-42, ,
0, ,-43, ,
0, ,-43, ,
1, ,-42, ,
3, ,-43, ,
5, ,-42, ,
6, ,-42, ,
0, ,-43, ,
4, ,-42, ,
3, ,-42, ,
1, ,-43, ,
-1, ,-42, ,
6, ,-42, ,
3, ,-42, ,
1, ,-42, ,
0, ,-42, ,
-1, ,-42, ,
1, ,-43, ,
3, ,-42, ,
-4, ,-43, ,
1, ,-42, ,
3, ,-42, ,
0, ,-42, ,
0, ,-43, ,
4, ,-42, ,
1, ,-42, ,
-1, ,-43, ,
-2, ,-42, ,
1, ,-43, ,
0, ,-42, ,
5, ,-42, ,
-4, ,-43, ,
3, ,-43, ,
3, ,-42, ,
-1, ,-42, ,
-4, ,-42, ,
4, ,-42, ,
-1, ,-43, ,
1, ,-43, ,
-1, ,-42, ,
0, ,-43, ,
0, ,-43, ,
-1, ,-42, ,
-7, ,-43, ,
-1, ,-42, ,
1, ,-42, ,
-1, ,-42, ,
-10, ,-43, ,
-4, ,-42, ,
-11, ,-43, ,
-14, ,-42, ,
-15, ,-43, ,
-14, ,-42, ,
-11, ,-42, ,
-7, ,-42, ,
-10, ,-43, ,
-4, ,-43, ,
4, ,-42, ,
5, ,-43, ,
3, ,-43, ,
9, ,-42, ,
15, ,-43, ,
9, ,-42, ,
6, ,-42, ,
9, ,-42, ,
3, ,-42, ,
3, ,-42, ,
-5, ,-43, ,
3, ,-42, ,
4, ,-42, ,
4, ,-42, ,
0, ,-42, ,
6, ,-42, ,
1, ,-43, ,
-2, ,-42, ,
-5, ,-43, ,
-1, ,-42, ,
-2, ,-42, ,
-1, ,-42, ,
-5, ,-43, ,
0, ,-43, ,
4, ,-42, ,
1, ,-43, ,
0, ,-42, ,
5, ,-42, ,
4, ,-43, ,
5, ,-43, ,
3, ,-42, ,
4, ,-42, ,
1, ,-42, ,
5, ,-42, ,
-6, ,-43, ,
-2, ,-42, ,
1, ,-42, ,
-5, ,-42, ,
-5, ,-42, ,
4, ,-42, ,
0, ,-43, ,
4, ,-43, ,
3, ,-42, ,
1, ,-42, ,
-2, ,-43, ,
0, ,-42, ,
-5, ,-43, ,
-1, ,-43, ,
1, ,-42, ,
0, ,-43, ,
-2, ,-43, ,
4, ,-42, ,
0, ,-43, ,
1, ,-43, ,
-5, ,-42, ,
-2, ,-43, ,
3, ,-42, ,
6, ,-42, ,
4, ,-43, ,
10, ,-42, ,
5, ,-42, ,
1, ,-43, ,
-2, ,-43, ,
5, ,-42, ,
-1, ,-43, ,
0, ,-42, ,
-1, ,-42, ,
3, ,-43, ,
3, ,-42, ,
4, ,-42, ,
-2, ,-43, ,
1, ,-42, ,
4, ,-42, ,
3, ,-42, ,
0, ,-42, ,
6, ,-42, ,
5, ,-43, ,
4, ,-42, ,
3, ,-42, ,
3, ,-43, ,
3, ,-42, ,
4, ,-42, ,
-2, ,-43, ,
3, ,-42, ,
5, ,-42, ,
3, ,-42, ,
-1, ,-43, ,
6, ,-42, ,
4, ,-43, ,
3, ,-43, ,
-1, ,-42, ,
4, ,-43, ,
4, ,-42, ,
6, ,-42, ,
3, ,-43, ,
5, ,-42, ,
11, ,-42, ,
4, ,-42, ,
0, ,-43, ,
5, ,-42, ,
3, ,-43, ,
3, ,-42, ,
3, ,-42, ,
4, ,-43, ,
6, ,-42, ,
8, ,-42, ,
1, ,-43, ,
4, ,-42, ,
6, ,-42, ,
4, ,-42, ,
1, ,-43, ,
10, ,-42, ,
6, ,-43, ,
5, ,-43, ,
5, ,-42, ,
9, ,-43, ,
6, ,-43, ,
8, ,-42, ,
0, ,-43, ,
5, ,-43, ,
3, ,-42, ,
0, ,-42, ,
-6, ,-43, ,
1, ,-42, ,
3, ,-43, ,
5, ,-43, ,
4, ,-42, ,
4, ,-43, ,
6, ,-43, ,
9, ,-42, ,
-1, ,-43, ,
6, ,-42, ,
5, ,-42, ,
4, ,-42, ,
-1, ,-42, ,
4, ,-42, ,
4, ,-42, ,
1, ,-43, ,
1, ,-42, ,
4, ,-43, ,
4, ,-42, ,
5, ,-42, ,
-1, ,-43, ,
5, ,-42, ,
4, ,-42, ,
0, ,-42, ,
-5, ,-42, ,
-1, ,-42, ,
-1, ,-43, ,
3, ,-42, ,
1, ,-42, ,
4, ,-43, ,
5, ,-42, ,
5, ,-42, ,
0, ,-43, ,
1, ,-42, ,
1, ,-42, ,
-1, ,-42, ,
-4, ,-42, ,
5, ,-42, ,
6, ,-42, ,
8, ,-42, ,
4, ,-42, ,
5, ,-43, ,
4, ,-43, ,
4, ,-42, ,
0, ,-43, ,
4, ,-43, ,
4, ,-42, ,
0, ,-42, ,
-1, ,-43, ,
5, ,-42, ,
1, ,-42, ,
4, ,-43, ,
4, ,-42, ,
3, ,-42, ,
5, ,-43, ,
8, ,-42, ,
1, ,-43, ,
3, ,-43, ,
4, ,-42, ,
1, ,-42, ,
-2, ,-43, ,
5, ,-42, ,
-1, ,-43, ,
0, ,-43, ,
0, ,-42, ,
3, ,-42, ,
3, ,-42, ,
8, ,-42, ,
0, ,-43, ,
4, ,-43, ,
4, ,-42, ,
1, ,-43, ,
-2, ,-43, ,
4, ,-42, ,
1, ,-43, ,
1, ,-42, ,
4, ,-42, ,
8, ,-43, ,
8, ,-42, ,
8, ,-42, ,
3, ,-43, ,
6, ,-42, ,
8, ,-42, ,
5, ,-42, ,
1, ,-43, ,
8, ,-42, ,
5, ,-42, ,
1, ,-43, ,
0, ,-42, ,
4, ,-43, ,
5, ,-42, ,
3, ,-42, ,
-5, ,-43, ,
3, ,-39, ,
10, ,-30, ,
8, ,-21, ,
9, ,-11, ,
16, ,-3, ,
10, ,4, ,
5, ,11, ,
3, ,17, ,
4, ,21, ,
8, ,26, ,
8, ,29, ,
0, ,32, ,
5, ,34, ,
8, ,36, ,
5, ,39, ,
0, ,40, ,
8, ,41, ,
6, ,44, ,
9, ,45, ,
4, ,46, ,
3, ,47, ,
1, ,47, ,
4, ,47, ,
1, ,49, ,
5, ,49, ,
5, ,49, ,
4, ,49, ,
-4, ,50, ,
4, ,49, ,
-2, ,50, ,
6, ,50, ,
0, ,50, ,
3, ,50, ,
8, ,51, ,
6, ,49, ,
-1, ,51, ,
3, ,50, ,
4, ,50, ,
4, ,51, ,
0, ,50, ,
10, ,49, ,
1, ,51, ,
-1, ,51, ,
-1, ,51, ,
-1, ,51, ,
-4, ,51, ,
1, ,50, ,
-5, ,51, ,
3, ,50, ,
3, ,51, ,
-2, ,51, ,
-4, ,51, ,
1, ,50, ,
-1, ,52, ,
-1, ,51, ,
-2, ,50, ,
-4, ,51, ,
-4, ,51, ,
3, ,50, ,
-1, ,51, ,
3, ,50, ,
3, ,50, ,
-1, ,51, ,
-6, ,51, ,
1, ,49, ,
-5, ,51, ,
-2, ,51, ,
-1, ,50, ,
-1, ,50, ,
0, ,51, ,
0, ,50, ,
-9, ,51, ,
-6, ,50, ,
-6, ,51, ,
-9, ,51, ,
-9, ,51, ,
1, ,49, ,
-5, ,51, ,
-4, ,50, ,
-5, ,50, ,
-6, ,50, ,
-7, ,51, ,
-4, ,49, ,
-9, ,51, ,
0, ,49, ,
0, ,50, ,
3, ,51, ,
-4, ,51, ,
1, ,49, ,
-9, ,51, ,
-9, ,51, ,
-7, ,50, ,
-6, ,50, ,
-7, ,51, ,
-1, ,50, ,
-6, ,51, ,
-2, ,49, ,
1, ,51, ,
-1, ,51, ,
-5, ,50, ,
-1, ,49, ,
-6, ,51, ,
-4, ,50, ,
-4, ,50, ,
-1, ,50, ,
-1, ,51, ,
3, ,49, ,
-9, ,51, ,
-2, ,50, ,
-2, ,50, ,
-2, ,51, ,
-6, ,50, ,
0, ,49, ,
-1, ,51, ,
-1, ,50, ,
-2, ,50, ,
-1, ,50, ,
-5, ,50, ,
1, ,49, ,
-6, ,51, ,
-1, ,50, ,
1, ,50, ,
-2, ,51, ,
-2, ,51, ,
1, ,49, ,
-4, ,51, ,
1, ,50, ,
-1, ,50, ,
-2, ,50, ,
-2, ,51, ,
0, ,49, ,
-6, ,51, ,
0, ,50, ,
4, ,50, ,
4, ,51, ,
0, ,51, ,
6, ,49, ,
1, ,51, ,
3, ,50, ,
1, ,50, ,
-1, ,50, ,
3, ,51, ,
6, ,49, ,
-1, ,51, ,
0, ,49, ,
0, ,50, ,
-2, ,51, ,
-7, ,51, ,
-1, ,49, ,
-2, ,51, ,
0, ,50, ,
3, ,50, ,
5, ,50, ,
4, ,51, ,
5, ,49, ,
-2, ,51, ,
3, ,50, ,
1, ,50, ,
-1, ,50, ,
-1, ,51, ,
8, ,50, ,
6, ,51, ,
5, ,51, ,
0, ,50, ,
0, ,50, ,
-2, ,51, ,
5, ,49, ,
-2, ,51, ,
4, ,50, ,
4, ,50, ,
0, ,51, ,
1, ,51, ,
5, ,49, ,
3, ,51, ,
1, ,50, ,
3, ,50, ,
6, ,50, ,
4, ,50, ,
8, ,49, ,
1, ,51, ,
3, ,50, ,
4, ,50, ,
3, ,51, ,
-2, ,51, ,
6, ,49, ,
5, ,51, ,
5, ,50, ,
3, ,50, ,
8, ,50, ,
5, ,50, ,
5, ,50, ,
-1, ,51, ,
3, ,50, ,
8, ,50, ,
5, ,50, ,
1, ,50, ,
9, ,49, ,
4, ,51, ,
8, ,50, ,
8, ,50, ,
8, ,50, ,
8, ,50, ,
9, ,50, ,
0, ,51, ,
5, ,50, ,
3, ,50, ,
3, ,51, ,
1, ,50, ,
10, ,49, ,
6, ,51, ,
6, ,50, ,
6, ,50, ,
6, ,50, ,
8, ,51, ,
8, ,49, ,
1, ,51, ,
6, ,49, ,
6, ,50, ,
4, ,51, ,
1, ,51, ,
6, ,49, ,
3, ,51, ,
4, ,50, ,
4, ,50, ,
3, ,50, ,
3, ,51, ,
5, ,49, ,
1, ,51, ,
5, ,50, ,
6, ,50, ,
4, ,51, ,
-1, ,50, ,
6, ,49, ,
5, ,50, ,
6, ,50, ,
5, ,50, ,
8, ,50, ,
6, ,51, ,
10, ,50, ,
0, ,51, ,
6, ,49, ,
10, ,50, ,
0, ,51, ,
5, ,50, ,
10, ,49, ,
5, ,51, ,
9, ,50, ,
3, ,50, ,
4, ,50, ,
3, ,51, ,
5, ,49, ,
-1, ,51, ,
5, ,50, ,
6, ,50, ,
4, ,51, ,
0, ,51, ,
6, ,49, ,
4, ,51, ,
5, ,50, ,
3, ,50, ,
4, ,50, ,
3, ,51, ,
6, ,49, ,
1, ,51, ,
5, ,50, ,
5, ,50, ,
3, ,51, ,
-4, ,50, ,
5, ,49, ,
1, ,51, ,
4, ,50, ,
4, ,50, ,
8, ,50, ,
8, ,51, ,
9, ,49, ,
0, ,51, ,
5, ,49, ,
6, ,50, ,
6, ,50, ,
3, ,50, ,
8, ,49, ,
4, ,51, ,
1, ,50, ,
-2, ,50, ,
-1, ,50, ,
-2, ,50, ,
3, ,50, ,
-4, ,51, ,
1, ,50, ,
0, ,50, ,
1, ,50, ,
-2, ,50, ,
5, ,49, ,
1, ,51, ,
0, ,50, ,
0, ,50, ,
1, ,50, ,
3, ,50, ,
5, ,49, ,
-1, ,51, ,
4, ,50, ,
1, ,50, ,
1, ,50, ,
-1, ,50, ,
4, ,49, ,
-4, ,51, ,
-2, ,50, ,
-5, ,50, ,
-1, ,50, ,
-2, ,50, ,
1, ,49, ,
-2, ,51, ,
1, ,50, ,
3, ,50, ,
3, ,51, ,
