Format,1.0B,
Memory Length,10000,Memory Length,10000,
IntpDistance,0,IntpDistance,0,
Trigger Address,4999,Trigger Address,4999,
Trigger Level,-1.000E+00,Trigger Level,-1.000E+00,
Source,CH1,Source,CH2,
Vertical Units,V,Vertical Units,V,
Vertical Units Div,0,Vertical Units Div,0,
Vertical Units Extend Div,16,Vertical Units Extend Div,16,
Label,,Label,,
Probe Type,0,Probe Type,0,
Probe Ratio,1.000e+01,Probe Ratio,1.000e+00,
Vertical Scale,2.000e-02,Vertical Scale,1.000e+00,
Vertical Position,-5.120e-02,Vertical Position,2.000e-01,
Horizontal Units,S,Horizontal Units,S,
Horizontal Scale,1.000E-05,Horizontal Scale,1.000E-05,
Horizontal Position,0.000E+00,Horizontal Position,0.000E+00,
Horizontal Mode,Main,Horizontal Mode,Main,
SincET Mode,Real Time,SincET Mode,Real Time,
Sampling Period,1.000e-08,Sampling Period,1.000e-08,
Horizontal Old Scale,1.000E-05,Horizontal Old Scale,1.000E-05,
Horizontal Old Position,0.000E+00,Horizontal Old Position,0.000E+00,
Firmware,V1.23,Firmware,V1.23,
Mode,Fast,Mode,Fast,
Waveform Data,,Waveform Data,,
-1, ,-47, ,
-1, ,-47, ,
1, ,-47, ,
4, ,-47, ,
-2, ,-47, ,
9, ,-48, ,
6, ,-48, ,
5, ,-47, ,
4, ,-47, ,
8, ,-47, ,
6, ,-46, ,
9, ,-48, ,
3, ,-48, ,
1, ,-47, ,
4, ,-47, ,
8, ,-47, ,
0, ,-46, ,
4, ,-48, ,
6, ,-47, ,
4, ,-47, ,
0, ,-47, ,
0, ,-48, ,
1, ,-46, ,
-4, ,-48, ,
-2, ,-47, ,
3, ,-47, ,
0, ,-47, ,
4, ,-47, ,
-1, ,-46, ,
1, ,-48, ,
5, ,-48, ,
1, ,-47, ,
-2, ,-47, ,
1, ,-48, ,
-1, ,-46, ,
0, ,-48, ,
-2, ,-47, ,
-1, ,-47, ,
3, ,-47, ,
1, ,-47, ,
-1, ,-46, ,
3, ,-48, ,
4, ,-47, ,
5, ,-46, ,
-2, ,-47, ,
4, ,-48, ,
3, ,-46, ,
1, ,-48, ,
-2, ,-47, ,
0, ,-47, ,
0, ,-47, ,
-2, ,-47, ,
-6, ,-47, ,
-4, ,-48, ,
-1, ,-48, ,
1, ,-47, ,
-2, ,-48, ,
1, ,-48, ,
-1, ,-46, ,
-2, ,-48, ,
-5, ,-47, ,
-5, ,-47, ,
-2, ,-48, ,
-2, ,-47, ,
-6, ,-46, ,
1, ,-48, ,
0, ,-47, ,
-1, ,-47, ,
-2, ,-47, ,
0, ,-48, ,
-1, ,-46, ,
-2, ,-48, ,
-5, ,-47, ,
-4, ,-47, ,
-1, ,-47, ,
-1, ,-47, ,
-6, ,-47, ,
-1, ,-48, ,
-1, ,-47, ,
-4, ,-47, ,
-11, ,-47, ,
-4, ,-48, ,
-2, ,-46, ,
-5, ,-48, ,
-5, ,-47, ,
-5, ,-47, ,
-4, ,-47, ,
-5, ,-47, ,
-11, ,-46, ,
-5, ,-48, ,
-5, ,-47, ,
-6, ,-47, ,
-7, ,-47, ,
-2, ,-47, ,
-2, ,-47, ,
-4, ,-48, ,
-6, ,-47, ,
-4, ,-47, ,
-4, ,-47, ,
-4, ,-47, ,
-9, ,-47, ,
-4, ,-48, ,
-1, ,-48, ,
-5, ,-47, ,
-9, ,-47, ,
-4, ,-48, ,
-6, ,-46, ,
-5, ,-48, ,
-9, ,-47, ,
-6, ,-47, ,
-1, ,-47, ,
-2, ,-47, ,
-1, ,-46, ,
-1, ,-48, ,
0, ,-47, ,
-2, ,-47, ,
-6, ,-47, ,
-4, ,-48, ,
-2, ,-46, ,
-2, ,-48, ,
-5, ,-47, ,
-5, ,-47, ,
-4, ,-47, ,
-2, ,-47, ,
-10, ,-47, ,
-5, ,-48, ,
-4, ,-48, ,
-2, ,-47, ,
-6, ,-47, ,
-2, ,-47, ,
-1, ,-46, ,
0, ,-48, ,
-1, ,-48, ,
-1, ,-47, ,
-1, ,-47, ,
0, ,-47, ,
-7, ,-47, ,
-2, ,-48, ,
0, ,-47, ,
0, ,-47, ,
-1, ,-48, ,
1, ,-48, ,
3, ,-46, ,
0, ,-48, ,
-1, ,-47, ,
-1, ,-47, ,
-1, ,-47, ,
1, ,-47, ,
-1, ,-47, ,
1, ,-48, ,
4, ,-47, ,
0, ,-47, ,
0, ,-47, ,
5, ,-48, ,
1, ,-46, ,
0, ,-48, ,
-1, ,-47, ,
-1, ,-47, ,
1, ,-47, ,
1, ,-47, ,
-4, ,-47, ,
3, ,-48, ,
0, ,-47, ,
0, ,-47, ,
-2, ,-48, ,
3, ,-48, ,
1, ,-47, ,
1, ,-48, ,
0, ,-47, ,
4, ,-48, ,
5, ,-47, ,
4, ,-47, ,
-1, ,-46, ,
1, ,-48, ,
5, ,-48, ,
1, ,-47, ,
-1, ,-48, ,
4, ,-47, ,
3, ,-46, ,
3, ,-48, ,
0, ,-47, ,
0, ,-47, ,
3, ,-47, ,
3, ,-48, ,
-2, ,-46, ,
3, ,-48, ,
4, ,-47, ,
4, ,-46, ,
1, ,-48, ,
6, ,-48, ,
6, ,-46, ,
6, ,-48, ,
-1, ,-47, ,
5, ,-47, ,
4, ,-47, ,
6, ,-48, ,
-1, ,-46, ,
4, ,-48, ,
6, ,-48, ,
3, ,-47, ,
1, ,-48, ,
8, ,-47, ,
4, ,-46, ,
5, ,-48, ,
4, ,-47, ,
8, ,-47, ,
8, ,-47, ,
10, ,-47, ,
1, ,-47, ,
5, ,-48, ,
3, ,-47, ,
0, ,-47, ,
3, ,-47, ,
8, ,-48, ,
8, ,-46, ,
9, ,-48, ,
8, ,-47, ,
9, ,-47, ,
8, ,-47, ,
6, ,-47, ,
3, ,-47, ,
4, ,-48, ,
8, ,-47, ,
5, ,-47, ,
0, ,-47, ,
4, ,-47, ,
6, ,-46, ,
5, ,-48, ,
3, ,-47, ,
4, ,-47, ,
8, ,-47, ,
5, ,-47, ,
4, ,-46, ,
8, ,-48, ,
5, ,-47, ,
5, ,-47, ,
-1, ,-48, ,
4, ,-48, ,
4, ,-46, ,
4, ,-48, ,
1, ,-47, ,
4, ,-47, ,
4, ,-47, ,
5, ,-47, ,
-2, ,-47, ,
4, ,-48, ,
4, ,-48, ,
3, ,-47, ,
-1, ,-47, ,
8, ,-48, ,
6, ,-46, ,
6, ,-48, ,
5, ,-48, ,
3, ,-47, ,
8, ,-47, ,
9, ,-47, ,
1, ,-46, ,
5, ,-48, ,
4, ,-47, ,
3, ,-47, ,
-2, ,-48, ,
3, ,-48, ,
0, ,-47, ,
-1, ,-48, ,
-2, ,-47, ,
3, ,-47, ,
1, ,-47, ,
5, ,-47, ,
3, ,-47, ,
5, ,-48, ,
10, ,-47, ,
5, ,-47, ,
3, ,-48, ,
9, ,-47, ,
4, ,-46, ,
3, ,-48, ,
-2, ,-48, ,
0, ,-47, ,
1, ,-47, ,
4, ,-47, ,
1, ,-46, ,
3, ,-48, ,
4, ,-47, ,
3, ,-47, ,
-2, ,-47, ,
3, ,-48, ,
5, ,-47, ,
5, ,-48, ,
6, ,-47, ,
5, ,-47, ,
5, ,-47, ,
5, ,-47, ,
-2, ,-47, ,
0, ,-48, ,
5, ,-48, ,
5, ,-47, ,
0, ,-47, ,
5, ,-48, ,
0, ,-46, ,
1, ,-48, ,
-2, ,-48, ,
-2, ,-47, ,
1, ,-47, ,
0, ,-48, ,
-5, ,-46, ,
4, ,-48, ,
4, ,-47, ,
4, ,-47, ,
0, ,-46, ,
-2, ,-40, ,
6, ,-30, ,
4, ,-20, ,
0, ,-11, ,
9, ,-3, ,
1, ,3, ,
4, ,9, ,
-4, ,14, ,
1, ,18, ,
9, ,22, ,
5, ,26, ,
3, ,29, ,
5, ,31, ,
5, ,32, ,
3, ,35, ,
-6, ,36, ,
-1, ,37, ,
3, ,39, ,
0, ,40, ,
0, ,40, ,
-1, ,42, ,
0, ,41, ,
-5, ,41, ,
-6, ,44, ,
0, ,44, ,
-1, ,42, ,
0, ,46, ,
-4, ,45, ,
-1, ,45, ,
-2, ,46, ,
0, ,45, ,
-7, ,45, ,
-4, ,46, ,
0, ,46, ,
-2, ,45, ,
-7, ,46, ,
-2, ,46, ,
-5, ,45, ,
-2, ,47, ,
-4, ,46, ,
-4, ,46, ,
-2, ,46, ,
-2, ,46, ,
-5, ,45, ,
-2, ,47, ,
0, ,46, ,
3, ,46, ,
-5, ,46, ,
3, ,46, ,
-1, ,44, ,
-5, ,47, ,
-6, ,46, ,
-6, ,46, ,
-4, ,46, ,
0, ,46, ,
-7, ,45, ,
-1, ,46, ,
-1, ,45, ,
3, ,45, ,
-6, ,46, ,
-4, ,46, ,
-5, ,44, ,
-2, ,47, ,
-5, ,46, ,
-2, ,46, ,
-4, ,46, ,
1, ,46, ,
-6, ,45, ,
-2, ,47, ,
-2, ,46, ,
-2, ,45, ,
-5, ,46, ,
-4, ,46, ,
-2, ,44, ,
-2, ,46, ,
-4, ,46, ,
-1, ,45, ,
-5, ,46, ,
0, ,46, ,
-6, ,45, ,
-4, ,46, ,
-1, ,45, ,
-1, ,45, ,
-2, ,46, ,
3, ,46, ,
-4, ,44, ,
-1, ,46, ,
-4, ,46, ,
-2, ,46, ,
-5, ,46, ,
-2, ,46, ,
-6, ,45, ,
-2, ,47, ,
-2, ,45, ,
-2, ,45, ,
-4, ,46, ,
0, ,46, ,
-2, ,44, ,
-5, ,46, ,
-2, ,46, ,
-1, ,46, ,
1, ,46, ,
4, ,45, ,
-1, ,45, ,
1, ,46, ,
1, ,45, ,
-1, ,45, ,
-5, ,46, ,
-1, ,45, ,
-4, ,44, ,
0, ,46, ,
-4, ,45, ,
0, ,46, ,
0, ,46, ,
0, ,46, ,
-4, ,44, ,
1, ,46, ,
1, ,45, ,
1, ,45, ,
-1, ,46, ,
5, ,46, ,
5, ,44, ,
4, ,46, ,
0, ,45, ,
0, ,46, ,
-2, ,45, ,
0, ,46, ,
-5, ,44, ,
0, ,46, ,
3, ,46, ,
1, ,45, ,
-2, ,46, ,
4, ,46, ,
3, ,44, ,
1, ,46, ,
3, ,45, ,
4, ,45, ,
5, ,46, ,
4, ,45, ,
-1, ,44, ,
5, ,46, ,
3, ,45, ,
3, ,45, ,
0, ,46, ,
6, ,45, ,
4, ,44, ,
4, ,46, ,
4, ,45, ,
4, ,45, ,
3, ,46, ,
4, ,46, ,
1, ,44, ,
4, ,46, ,
6, ,45, ,
4, ,45, ,
0, ,46, ,
8, ,46, ,
4, ,44, ,
5, ,46, ,
5, ,45, ,
5, ,45, ,
8, ,46, ,
6, ,45, ,
4, ,44, ,
4, ,46, ,
3, ,45, ,
4, ,45, ,
1, ,46, ,
8, ,46, ,
6, ,44, ,
5, ,46, ,
1, ,45, ,
3, ,45, ,
0, ,46, ,
1, ,45, ,
-4, ,44, ,
3, ,46, ,
1, ,45, ,
4, ,45, ,
1, ,46, ,
4, ,46, ,
4, ,44, ,
8, ,46, ,
3, ,46, ,
4, ,45, ,
6, ,46, ,
10, ,45, ,
3, ,44, ,
5, ,46, ,
4, ,45, ,
3, ,45, ,
-2, ,46, ,
4, ,46, ,
4, ,44, ,
4, ,46, ,
4, ,46, ,
8, ,45, ,
5, ,46, ,
8, ,45, ,
-1, ,44, ,
4, ,46, ,
8, ,45, ,
5, ,45, ,
3, ,45, ,
8, ,46, ,
5, ,44, ,
6, ,46, ,
5, ,46, ,
6, ,45, ,
8, ,46, ,
4, ,45, ,
1, ,44, ,
4, ,46, ,
3, ,45, ,
4, ,45, ,
1, ,45, ,
5, ,46, ,
4, ,44, ,
6, ,46, ,
5, ,45, ,
6, ,45, ,
5, ,46, ,
8, ,46, ,
4, ,44, ,
5, ,46, ,
4, ,45, ,
3, ,45, ,
-2, ,46, ,
5, ,46, ,
1, ,44, ,
3, ,46, ,
1, ,45, ,
4, ,45, ,
6, ,46, ,
6, ,46, ,
3, ,44, ,
6, ,47, ,
5, ,45, ,
5, ,45, ,
4, ,46, ,
5, ,46, ,
3, ,42, ,
4, ,46, ,
1, ,45, ,
1, ,45, ,
0, ,45, ,
5, ,45, ,
-2, ,45, ,
0, ,46, ,
1, ,45, ,
0, ,45, ,
-1, ,46, ,
4, ,46, ,
1, ,44, ,
3, ,46, ,
0, ,46, ,
1, ,45, ,
1, ,46, ,
4, ,46, ,
-2, ,44, ,
3, ,46, ,
4, ,45, ,
0, ,45, ,
1, ,46, ,
4, ,46, ,
1, ,44, ,
0, ,46, ,
-2, ,45, ,
1, ,45, ,
0, ,45, ,
4, ,46, ,
0, ,45, ,
0, ,46, ,
4, ,45, ,
0, ,45, ,
-4, ,46, ,
-1, ,46, ,
-4, ,42, ,
-1, ,46, ,
-2, ,45, ,
0, ,45, ,
3, ,46, ,
5, ,46, ,
1, ,44, ,
1, ,46, ,
-1, ,45, ,
-1, ,45, ,
-4, ,46, ,
3, ,45, ,
1, ,44, ,
1, ,46, ,
0, ,46, ,
-1, ,45, ,
-4, ,46, ,
0, ,45, ,
-4, ,44, ,
0, ,46, ,
0, ,45, ,
1, ,45, ,
-1, ,45, ,
5, ,46, ,
1, ,44, ,
0, ,46, ,
-1, ,45, ,
0, ,45, ,
-4, ,46, ,
1, ,45, ,
-2, ,44, ,
1, ,46, ,
1, ,45, ,
0, ,45, ,
-2, ,46, ,
-1, ,45, ,
-4, ,42, ,
-4, ,46, ,
-4, ,45, ,
0, ,45, ,
-4, ,46, ,
1, ,45, ,
-4, ,44, ,
-1, ,46, ,
1, ,45, ,
-4, ,45, ,
-5, ,46, ,
0, ,46, ,
-2, ,42, ,
1, ,46, ,
-2, ,46, ,
-1, ,45, ,
-2, ,46, ,
0, ,45, ,
-7, ,44, ,
-4, ,46, ,
-4, ,45, ,
-4, ,45, ,
-6, ,46, ,
1, ,46, ,
0, ,44, ,
-1, ,46, ,
-5, ,45, ,
-2, ,45, ,
-4, ,45, ,
-2, ,46, ,
-2, ,44, ,
0, ,46, ,
0, ,45, ,
1, ,45, ,
-1, ,46, ,
1, ,45, ,
-4, ,44, ,
-5, ,46, ,
-5, ,46, ,
-5, ,45, ,
-4, ,46, ,
-4, ,45, ,
-4, ,44, ,
3, ,46, ,
3, ,45, ,
1, ,45, ,
-1, ,46, ,
1, ,45, ,
3, ,44, ,
-1, ,46, ,
-4, ,46, ,
-1, ,45, ,
-2, ,45, ,
3, ,45, ,
-2, ,44, ,
-1, ,46, ,
0, ,45, ,
0, ,45, ,
-1, ,46, ,
1, ,46, ,
0, ,44, ,
3, ,46, ,
-2, ,45, ,
1, ,45, ,
3, ,45, ,
3, ,45, ,
-4, ,44, ,
5, ,46, ,
3, ,45, ,
-2, ,45, ,
0, ,46, ,
1, ,45, ,
1, ,44, ,
1, ,46, ,
-1, ,46, ,
0, ,45, ,
-4, ,45, ,
0, ,46, ,
-5, ,44, ,
4, ,46, ,
8, ,45, ,
4, ,45, ,
-2, ,46, ,
4, ,45, ,
-4, ,44, ,
1, ,46, ,
-1, ,46, ,
0, ,45, ,
4, ,46, ,
6, ,46, ,
0, ,44, ,
1, ,46, ,
3, ,46, ,
1, ,44, ,
-2, ,45, ,
3, ,45, ,
4, ,44, ,
3, ,46, ,
0, ,46, ,
3, ,45, ,
0, ,46, ,
1, ,45, ,
-4, ,44, ,
0, ,46, ,
0, ,45, ,
0, ,45, ,
0, ,46, ,
4, ,46, ,
4, ,44, ,
3, ,46, ,
1, ,46, ,
0, ,45, ,
1, ,46, ,
4, ,46, ,
-1, ,44, ,
4, ,47, ,
3, ,45, ,
4, ,45, ,
-1, ,46, ,
4, ,45, ,
3, ,44, ,
3, ,46, ,
0, ,46, ,
3, ,45, ,
1, ,45, ,
6, ,46, ,
0, ,45, ,
3, ,46, ,
4, ,46, ,
3, ,45, ,
0, ,46, ,
6, ,45, ,
5, ,44, ,
8, ,46, ,
6, ,45, ,
8, ,45, ,
5, ,46, ,
6, ,46, ,
-1, ,44, ,
1, ,46, ,
3, ,45, ,
1, ,45, ,
0, ,46, ,
5, ,45, ,
4, ,44, ,
6, ,46, ,
5, ,46, ,
6, ,45, ,
6, ,46, ,
8, ,45, ,
0, ,45, ,
6, ,46, ,
0, ,45, ,
0, ,45, ,
0, ,45, ,
-2, ,46, ,
4, ,42, ,
6, ,46, ,
-1, ,45, ,
5, ,45, ,
4, ,46, ,
5, ,45, ,
1, ,44, ,
6, ,46, ,
6, ,45, ,
8, ,45, ,
5, ,46, ,
8, ,45, ,
5, ,44, ,
3, ,46, ,
0, ,46, ,
1, ,45, ,
0, ,45, ,
6, ,46, ,
-6, ,44, ,
-4, ,46, ,
4, ,45, ,
0, ,45, ,
-1, ,46, ,
4, ,46, ,
1, ,44, ,
1, ,46, ,
1, ,45, ,
6, ,45, ,
4, ,46, ,
4, ,46, ,
5, ,44, ,
3, ,46, ,
5, ,45, ,
-1, ,44, ,
-4, ,46, ,
1, ,45, ,
0, ,44, ,
3, ,46, ,
1, ,45, ,
4, ,45, ,
3, ,45, ,
4, ,46, ,
-1, ,44, ,
3, ,46, ,
5, ,45, ,
5, ,45, ,
3, ,46, ,
8, ,46, ,
4, ,42, ,
3, ,46, ,
0, ,45, ,
1, ,45, ,
4, ,46, ,
5, ,46, ,
1, ,44, ,
4, ,46, ,
1, ,45, ,
3, ,45, ,
-6, ,46, ,
1, ,45, ,
0, ,44, ,
0, ,46, ,
-1, ,45, ,
-1, ,45, ,
3, ,45, ,
5, ,45, ,
0, ,44, ,
4, ,46, ,
3, ,46, ,
3, ,45, ,
-2, ,46, ,
1, ,46, ,
3, ,44, ,
4, ,46, ,
1, ,46, ,
1, ,45, ,
0, ,46, ,
1, ,45, ,
-4, ,44, ,
1, ,46, ,
1, ,45, ,
3, ,45, ,
0, ,46, ,
3, ,46, ,
3, ,44, ,
0, ,46, ,
-2, ,45, ,
3, ,45, ,
-1, ,45, ,
-1, ,45, ,
-4, ,44, ,
-1, ,46, ,
-1, ,45, ,
0, ,45, ,
-4, ,45, ,
3, ,46, ,
-2, ,42, ,
-2, ,46, ,
-4, ,46, ,
-2, ,45, ,
0, ,46, ,
0, ,46, ,
-2, ,44, ,
0, ,46, ,
0, ,45, ,
-2, ,45, ,
-6, ,46, ,
-4, ,46, ,
-2, ,44, ,
-1, ,46, ,
-1, ,46, ,
1, ,46, ,
1, ,45, ,
3, ,45, ,
-1, ,44, ,
0, ,46, ,
1, ,45, ,
-2, ,45, ,
-5, ,46, ,
3, ,46, ,
-4, ,44, ,
-1, ,46, ,
-4, ,45, ,
-2, ,45, ,
-1, ,46, ,
0, ,46, ,
-6, ,44, ,
3, ,46, ,
3, ,45, ,
3, ,45, ,
1, ,46, ,
4, ,46, ,
-1, ,44, ,
-1, ,46, ,
-2, ,46, ,
-2, ,45, ,
-4, ,46, ,
3, ,45, ,
0, ,45, ,
4, ,46, ,
4, ,46, ,
0, ,45, ,
-2, ,45, ,
0, ,46, ,
0, ,42, ,
0, ,46, ,
0, ,46, ,
3, ,45, ,
5, ,45, ,
9, ,45, ,
0, ,44, ,
1, ,46, ,
1, ,45, ,
0, ,45, ,
-5, ,46, ,
3, ,46, ,
1, ,44, ,
3, ,46, ,
-1, ,45, ,
0, ,46, ,
-2, ,46, ,
0, ,46, ,
-4, ,44, ,
-1, ,46, ,
5, ,46, ,
4, ,45, ,
-2, ,46, ,
4, ,46, ,
1, ,44, ,
1, ,46, ,
-1, ,45, ,
-1, ,45, ,
3, ,46, ,
1, ,45, ,
1, ,44, ,
4, ,46, ,
3, ,45, ,
3, ,44, ,
-4, ,46, ,
3, ,45, ,
0, ,44, ,
-1, ,46, ,
-1, ,46, ,
0, ,46, ,
-1, ,46, ,
4, ,45, ,
-1, ,44, ,
3, ,46, ,
4, ,46, ,
1, ,45, ,
0, ,46, ,
3, ,46, ,
-1, ,42, ,
0, ,46, ,
0, ,46, ,
1, ,45, ,
0, ,46, ,
4, ,46, ,
-2, ,44, ,
0, ,46, ,
3, ,45, ,
1, ,45, ,
0, ,46, ,
4, ,45, ,
4, ,44, ,
3, ,46, ,
-4, ,46, ,
1, ,45, ,
-4, ,46, ,
0, ,46, ,
-2, ,44, ,
3, ,46, ,
6, ,45, ,
4, ,45, ,
4, ,46, ,
9, ,45, ,
4, ,44, ,
8, ,46, ,
3, ,46, ,
4, ,45, ,
1, ,46, ,
3, ,45, ,
-1, ,44, ,
1, ,46, ,
6, ,45, ,
3, ,45, ,
0, ,46, ,
3, ,46, ,
3, ,44, ,
3, ,47, ,
4, ,45, ,
5, ,45, ,
6, ,46, ,
6, ,46, ,
0, ,44, ,
4, ,46, ,
3, ,46, ,
3, ,45, ,
-1, ,46, ,
5, ,46, ,
4, ,44, ,
3, ,46, ,
1, ,46, ,
0, ,45, ,
0, ,46, ,
3, ,46, ,
-2, ,44, ,
5, ,46, ,
5, ,45, ,
8, ,45, ,
4, ,46, ,
5, ,46, ,
6, ,44, ,
5, ,46, ,
1, ,46, ,
3, ,45, ,
-1, ,46, ,
3, ,46, ,
-6, ,44, ,
0, ,46, ,
0, ,45, ,
0, ,45, ,
-5, ,46, ,
3, ,46, ,
1, ,42, ,
1, ,46, ,
1, ,46, ,
3, ,45, ,
3, ,46, ,
4, ,46, ,
-1, ,44, ,
0, ,46, ,
1, ,45, ,
0, ,44, ,
-2, ,46, ,
3, ,45, ,
1, ,44, ,
3, ,46, ,
-1, ,46, ,
3, ,45, ,
1, ,46, ,
5, ,46, ,
-2, ,44, ,
0, ,46, ,
3, ,45, ,
1, ,45, ,
-1, ,46, ,
5, ,46, ,
3, ,44, ,
4, ,46, ,
5, ,45, ,
5, ,45, ,
4, ,46, ,
3, ,45, ,
0, ,44, ,
1, ,46, ,
1, ,45, ,
3, ,45, ,
-1, ,46, ,
1, ,45, ,
0, ,44, ,
0, ,46, ,
0, ,46, ,
0, ,45, ,
-2, ,45, ,
3, ,46, ,
-1, ,44, ,
1, ,46, ,
4, ,45, ,
1, ,45, ,
-4, ,46, ,
-1, ,45, ,
1, ,38, ,
0, ,31, ,
-5, ,20, ,
-5, ,10, ,
-5, ,2, ,
-2, ,-5, ,
-7, ,-10, ,
-2, ,-16, ,
-1, ,-20, ,
-4, ,-24, ,
-10, ,-27, ,
-7, ,-30, ,
-4, ,-32, ,
-5, ,-36, ,
-4, ,-37, ,
0, ,-38, ,
-2, ,-40, ,
-1, ,-41, ,
-6, ,-42, ,
-4, ,-43, ,
-1, ,-44, ,
-1, ,-44, ,
-5, ,-45, ,
4, ,-46, ,
0, ,-45, ,
-1, ,-47, ,
-1, ,-47, ,
-1, ,-46, ,
-4, ,-47, ,
-2, ,-47, ,
-6, ,-47, ,
-1, ,-48, ,
-1, ,-48, ,
-2, ,-47, ,
-6, ,-48, ,
-2, ,-48, ,
-2, ,-47, ,
-1, ,-48, ,
-2, ,-48, ,
0, ,-48, ,
3, ,-48, ,
0, ,-48, ,
1, ,-48, ,
3, ,-49, ,
4, ,-48, ,
1, ,-47, ,
-6, ,-48, ,
4, ,-48, ,
-1, ,-46, ,
-1, ,-49, ,
-2, ,-48, ,
-1, ,-47, ,
1, ,-48, ,
1, ,-48, ,
-6, ,-47, ,
-1, ,-49, ,
-2, ,-48, ,
-2, ,-48, ,
-4, ,-48, ,
4, ,-48, ,
3, ,-47, ,
3, ,-49, ,
3, ,-48, ,
3, ,-48, ,
0, ,-48, ,
1, ,-48, ,
-6, ,-47, ,
1, ,-48, ,
4, ,-48, ,
1, ,-47, ,
0, ,-48, ,
4, ,-48, ,
3, ,-47, ,
1, ,-48, ,
1, ,-48, ,
3, ,-47, ,
5, ,-48, ,
5, ,-47, ,
-2, ,-47, ,
1, ,-49, ,
0, ,-48, ,
-2, ,-47, ,
-7, ,-47, ,
0, ,-48, ,
3, ,-47, ,
0, ,-48, ,
0, ,-47, ,
-1, ,-47, ,
-5, ,-48, ,
3, ,-47, ,
-2, ,-46, ,
-2, ,-48, ,
4, ,-48, ,
1, ,-47, ,
-5, ,-48, ,
0, ,-48, ,
0, ,-47, ,
1, ,-48, ,
3, ,-48, ,
5, ,-47, ,
9, ,-48, ,
9, ,-48, ,
4, ,-46, ,
5, ,-48, ,
4, ,-48, ,
3, ,-47, ,
-1, ,-48, ,
3, ,-48, ,
1, ,-46, ,
0, ,-48, ,
-4, ,-47, ,
-2, ,-48, ,
-4, ,-48, ,
1, ,-48, ,
-4, ,-47, ,
3, ,-48, ,
4, ,-48, ,
3, ,-47, ,
-1, ,-47, ,
0, ,-48, ,
-1, ,-46, ,
0, ,-48, ,
-4, ,-47, ,
-2, ,-47, ,
0, ,-47, ,
1, ,-48, ,
-1, ,-46, ,
4, ,-48, ,
6, ,-47, ,
5, ,-47, ,
1, ,-48, ,
4, ,-48, ,
3, ,-47, ,
0, ,-48, ,
-1, ,-47, ,
1, ,-47, ,
3, ,-47, ,
3, ,-47, ,
1, ,-47, ,
4, ,-48, ,
9, ,-48, ,
0, ,-47, ,
0, ,-48, ,
9, ,-48, ,
3, ,-46, ,
6, ,-48, ,
-1, ,-47, ,
3, ,-47, ,
1, ,-47, ,
3, ,-47, ,
-1, ,-46, ,
6, ,-48, ,
6, ,-47, ,
6, ,-46, ,
-1, ,-47, ,
5, ,-47, ,
3, ,-46, ,
3, ,-48, ,
1, ,-47, ,
4, ,-47, ,
5, ,-47, ,
3, ,-48, ,
1, ,-47, ,
5, ,-48, ,
5, ,-47, ,
4, ,-47, ,
1, ,-47, ,
4, ,-48, ,
0, ,-46, ,
0, ,-48, ,
-4, ,-48, ,
-5, ,-47, ,
4, ,-48, ,
3, ,-47, ,
-4, ,-46, ,
4, ,-48, ,
1, ,-47, ,
4, ,-47, ,
3, ,-48, ,
4, ,-48, ,
1, ,-47, ,
3, ,-48, ,
-2, ,-47, ,
-1, ,-47, ,
-5, ,-47, ,
1, ,-47, ,
-4, ,-47, ,
0, ,-48, ,
5, ,-48, ,
1, ,-47, ,
-2, ,-48, ,
4, ,-48, ,
4, ,-46, ,
5, ,-48, ,
4, ,-48, ,
8, ,-47, ,
6, ,-47, ,
9, ,-47, ,
5, ,-47, ,
9, ,-48, ,
10, ,-47, ,
9, ,-47, ,
9, ,-47, ,
9, ,-48, ,
11, ,-47, ,
6, ,-48, ,
-1, ,-47, ,
5, ,-47, ,
3, ,-47, ,
8, ,-48, ,
5, ,-47, ,
6, ,-48, ,
9, ,-48, ,
5, ,-47, ,
0, ,-48, ,
5, ,-48, ,
4, ,-46, ,
4, ,-48, ,
0, ,-47, ,
-1, ,-47, ,
0, ,-47, ,
1, ,-48, ,
-5, ,-46, ,
1, ,-48, ,
1, ,-47, ,
3, ,-47, ,
-6, ,-47, ,
-4, ,-47, ,
3, ,-46, ,
-1, ,-48, ,
-5, ,-47, ,
-1, ,-47, ,
-5, ,-47, ,
-5, ,-47, ,
-9, ,-47, ,
-1, ,-48, ,
1, ,-48, ,
0, ,-47, ,
-5, ,-48, ,
4, ,-48, ,
-2, ,-46, ,
-2, ,-48, ,
-4, ,-47, ,
-1, ,-47, ,
-1, ,-47, ,
-2, ,-48, ,
-5, ,-47, ,
-2, ,-48, ,
0, ,-48, ,
0, ,-47, ,
-4, ,-48, ,
3, ,-47, ,
4, ,-47, ,
0, ,-48, ,
-4, ,-47, ,
1, ,-47, ,
-4, ,-47, ,
1, ,-47, ,
-4, ,-47, ,
3, ,-48, ,
5, ,-47, ,
1, ,-47, ,
-1, ,-47, ,
3, ,-48, ,
1, ,-46, ,
3, ,-48, ,
1, ,-47, ,
4, ,-47, ,
5, ,-47, ,
4, ,-48, ,
0, ,-47, ,
1, ,-48, ,
0, ,-47, ,
3, ,-47, ,
-1, ,-47, ,
5, ,-48, ,
6, ,-47, ,
3, ,-48, ,
1, ,-47, ,
5, ,-47, ,
4, ,-47, ,
4, ,-47, ,
-1, ,-47, ,
0, ,-48, ,
1, ,-48, ,
0, ,-47, ,
-4, ,-47, ,
-1, ,-48, ,
-2, ,-46, ,
-5, ,-48, ,
-7, ,-47, ,
-5, ,-47, ,
-1, ,-47, ,
-4, ,-47, ,
-6, ,-46, ,
-1, ,-48, ,
-2, ,-47, ,
-5, ,-47, ,
-9, ,-47, ,
-5, ,-48, ,
-2, ,-46, ,
-6, ,-48, ,
-6, ,-47, ,
-1, ,-47, ,
-2, ,-47, ,
1, ,-47, ,
-7, ,-46, ,
-2, ,-48, ,
-2, ,-48, ,
-4, ,-47, ,
-6, ,-47, ,
1, ,-48, ,
1, ,-46, ,
5, ,-48, ,
4, ,-47, ,
6, ,-47, ,
4, ,-47, ,
4, ,-47, ,
-4, ,-47, ,
0, ,-48, ,
-1, ,-47, ,
0, ,-47, ,
-4, ,-47, ,
1, ,-48, ,
1, ,-46, ,
-1, ,-47, ,
-6, ,-47, ,
-4, ,-47, ,
-5, ,-47, ,
-6, ,-47, ,
-7, ,-47, ,
-4, ,-48, ,
-1, ,-47, ,
-1, ,-47, ,
-7, ,-47, ,
1, ,-48, ,
-5, ,-46, ,
-1, ,-48, ,
-1, ,-48, ,
3, ,-47, ,
5, ,-47, ,
3, ,-47, ,
-2, ,-47, ,
1, ,-48, ,
0, ,-47, ,
-4, ,-47, ,
-6, ,-47, ,
0, ,-47, ,
1, ,-46, ,
1, ,-48, ,
0, ,-47, ,
3, ,-47, ,
4, ,-47, ,
3, ,-47, ,
-4, ,-47, ,
1, ,-48, ,
1, ,-47, ,
0, ,-47, ,
-4, ,-47, ,
3, ,-47, ,
-2, ,-46, ,
0, ,-48, ,
-2, ,-48, ,
-2, ,-47, ,
-4, ,-47, ,
0, ,-47, ,
-6, ,-46, ,
-1, ,-48, ,
0, ,-47, ,
-1, ,-47, ,
-4, ,-47, ,
0, ,-47, ,
-1, ,-46, ,
-1, ,-48, ,
-1, ,-47, ,
3, ,-47, ,
1, ,-47, ,
4, ,-47, ,
-4, ,-47, ,
0, ,-48, ,
4, ,-47, ,
-1, ,-47, ,
-2, ,-47, ,
3, ,-48, ,
4, ,-46, ,
4, ,-48, ,
3, ,-48, ,
5, ,-47, ,
5, ,-47, ,
4, ,-47, ,
1, ,-47, ,
4, ,-48, ,
3, ,-47, ,
0, ,-47, ,
-5, ,-48, ,
-1, ,-48, ,
-1, ,-47, ,
0, ,-48, ,
-2, ,-47, ,
-1, ,-47, ,
3, ,-47, ,
0, ,-47, ,
-5, ,-47, ,
-4, ,-48, ,
1, ,-47, ,
-2, ,-47, ,
-5, ,-48, ,
3, ,-48, ,
-2, ,-46, ,
-2, ,-48, ,
-6, ,-47, ,
-2, ,-47, ,
-1, ,-47, ,
1, ,-47, ,
-2, ,-46, ,
4, ,-48, ,
6, ,-47, ,
8, ,-47, ,
4, ,-48, ,
8, ,-47, ,
5, ,-47, ,
5, ,-48, ,
4, ,-47, ,
6, ,-47, ,
5, ,-47, ,
8, ,-47, ,
5, ,-47, ,
10, ,-48, ,
10, ,-47, ,
4, ,-47, ,
1, ,-48, ,
6, ,-47, ,
5, ,-46, ,
4, ,-48, ,
4, ,-47, ,
3, ,-47, ,
5, ,-47, ,
5, ,-47, ,
0, ,-46, ,
3, ,-48, ,
5, ,-47, ,
1, ,-47, ,
1, ,-48, ,
6, ,-48, ,
1, ,-46, ,
1, ,-48, ,
-2, ,-47, ,
-2, ,-47, ,
-2, ,-47, ,
0, ,-47, ,
-2, ,-47, ,
5, ,-48, ,
9, ,-47, ,
5, ,-47, ,
4, ,-47, ,
8, ,-48, ,
5, ,-46, ,
4, ,-48, ,
4, ,-47, ,
6, ,-47, ,
9, ,-47, ,
9, ,-47, ,
3, ,-47, ,
6, ,-48, ,
5, ,-47, ,
4, ,-47, ,
1, ,-47, ,
5, ,-48, ,
5, ,-46, ,
0, ,-48, ,
-1, ,-47, ,
1, ,-47, ,
3, ,-47, ,
3, ,-47, ,
-2, ,-47, ,
3, ,-48, ,
4, ,-48, ,
0, ,-47, ,
0, ,-47, ,
4, ,-47, ,
-1, ,-46, ,
-1, ,-48, ,
-4, ,-47, ,
-1, ,-47, ,
0, ,-47, ,
3, ,-47, ,
-2, ,-47, ,
1, ,-48, ,
4, ,-47, ,
6, ,-46, ,
4, ,-47, ,
5, ,-48, ,
6, ,-46, ,
3, ,-48, ,
1, ,-47, ,
4, ,-47, ,
3, ,-47, ,
5, ,-47, ,
4, ,-47, ,
4, ,-48, ,
8, ,-47, ,
4, ,-47, ,
3, ,-47, ,
5, ,-48, ,
3, ,-46, ,
3, ,-48, ,
-4, ,-48, ,
-1, ,-47, ,
0, ,-47, ,
0, ,-47, ,
-4, ,-46, ,
3, ,-48, ,
0, ,-47, ,
-4, ,-47, ,
-7, ,-48, ,
-2, ,-48, ,
-2, ,-47, ,
-2, ,-48, ,
-1, ,-47, ,
1, ,-47, ,
3, ,-47, ,
3, ,-47, ,
-1, ,-47, ,
1, ,-48, ,
1, ,-47, ,
3, ,-47, ,
-1, ,-48, ,
6, ,-47, ,
6, ,-46, ,
6, ,-48, ,
3, ,-47, ,
4, ,-47, ,
8, ,-47, ,
5, ,-47, ,
1, ,-46, ,
8, ,-48, ,
8, ,-48, ,
5, ,-47, ,
-4, ,-47, ,
-2, ,-48, ,
-10, ,-46, ,
-10, ,-48, ,
-16, ,-47, ,
-15, ,-47, ,
-7, ,-47, ,
-1, ,-47, ,
-6, ,-47, ,
5, ,-48, ,
10, ,-47, ,
8, ,-47, ,
4, ,-47, ,
9, ,-47, ,
4, ,-46, ,
3, ,-48, ,
-2, ,-48, ,
0, ,-47, ,
-1, ,-47, ,
-1, ,-47, ,
-5, ,-47, ,
-4, ,-48, ,
-6, ,-47, ,
-4, ,-47, ,
-7, ,-48, ,
0, ,-47, ,
0, ,-46, ,
0, ,-48, ,
-4, ,-47, ,
-5, ,-47, ,
-6, ,-47, ,
-5, ,-48, ,
-7, ,-46, ,
-5, ,-48, ,
0, ,-47, ,
-2, ,-47, ,
-2, ,-47, ,
6, ,-47, ,
5, ,-46, ,
5, ,-48, ,
1, ,-47, ,
0, ,-47, ,
1, ,-47, ,
-1, ,-47, ,
-5, ,-46, ,
-4, ,-48, ,
-4, ,-47, ,
-5, ,-47, ,
-10, ,-48, ,
-1, ,-48, ,
-4, ,-46, ,
-4, ,-48, ,
-5, ,-47, ,
-2, ,-47, ,
-4, ,-47, ,
-2, ,-47, ,
-4, ,-46, ,
3, ,-48, ,
-4, ,-48, ,
-5, ,-47, ,
-4, ,-47, ,
-4, ,-48, ,
-1, ,-46, ,
0, ,-48, ,
0, ,-47, ,
3, ,-47, ,
4, ,-48, ,
6, ,-47, ,
-1, ,-46, ,
1, ,-48, ,
1, ,-47, ,
-1, ,-47, ,
-4, ,-47, ,
0, ,-48, ,
3, ,-46, ,
1, ,-48, ,
0, ,-47, ,
1, ,-47, ,
1, ,-47, ,
0, ,-47, ,
-7, ,-47, ,
-4, ,-48, ,
3, ,-47, ,
-1, ,-47, ,
-4, ,-48, ,
1, ,-48, ,
-1, ,-46, ,
0, ,-48, ,
-4, ,-47, ,
0, ,-47, ,
3, ,-47, ,
-1, ,-47, ,
-2, ,-47, ,
0, ,-48, ,
1, ,-47, ,
-1, ,-47, ,
-6, ,-48, ,
0, ,-48, ,
3, ,-46, ,
3, ,-48, ,
1, ,-48, ,
5, ,-47, ,
5, ,-47, ,
4, ,-48, ,
1, ,-47, ,
4, ,-48, ,
4, ,-48, ,
5, ,-47, ,
-1, ,-48, ,
6, ,-48, ,
6, ,-46, ,
4, ,-48, ,
1, ,-47, ,
1, ,-47, ,
1, ,-47, ,
-1, ,-47, ,
-7, ,-46, ,
1, ,-48, ,
-1, ,-47, ,
0, ,-47, ,
-4, ,-48, ,
0, ,-48, ,
0, ,-46, ,
-1, ,-48, ,
0, ,-48, ,
0, ,-47, ,
-1, ,-47, ,
-1, ,-47, ,
-5, ,-46, ,
0, ,-48, ,
0, ,-48, ,
-2, ,-47, ,
-6, ,-48, ,
0, ,-48, ,
-2, ,-46, ,
3, ,-48, ,
0, ,-47, ,
4, ,-47, ,
6, ,-47, ,
8, ,-47, ,
3, ,-46, ,
5, ,-48, ,
6, ,-47, ,
5, ,-47, ,
4, ,-48, ,
6, ,-48, ,
6, ,-46, ,
6, ,-48, ,
1, ,-47, ,
5, ,-47, ,
6, ,-47, ,
4, ,-47, ,
-1, ,-47, ,
3, ,-48, ,
8, ,-47, ,
4, ,-47, ,
-1, ,-47, ,
4, ,-48, ,
1, ,-46, ,
3, ,-48, ,
0, ,-48, ,
1, ,-47, ,
4, ,-47, ,
5, ,-47, ,
-1, ,-46, ,
4, ,-48, ,
3, ,-47, ,
3, ,-47, ,
-4, ,-48, ,
3, ,-48, ,
0, ,-47, ,
-1, ,-48, ,
-1, ,-47, ,
3, ,-47, ,
3, ,-47, ,
9, ,-48, ,
3, ,-47, ,
11, ,-48, ,
11, ,-47, ,
8, ,-47, ,
1, ,-47, ,
5, ,-47, ,
4, ,-46, ,
3, ,-48, ,
0, ,-48, ,
1, ,-47, ,
3, ,-47, ,
3, ,-47, ,
0, ,-46, ,
3, ,-48, ,
1, ,-47, ,
3, ,-47, ,
0, ,-47, ,
5, ,-48, ,
5, ,-46, ,
3, ,-48, ,
0, ,-47, ,
0, ,-47, ,
-1, ,-47, ,
1, ,-48, ,
-2, ,-47, ,
3, ,-48, ,
9, ,-48, ,
8, ,-47, ,
6, ,-47, ,
11, ,-48, ,
5, ,-46, ,
8, ,-48, ,
4, ,-47, ,
5, ,-47, ,
8, ,-47, ,
8, ,-47, ,
3, ,-46, ,
5, ,-48, ,
5, ,-47, ,
8, ,-47, ,
4, ,-47, ,
10, ,-48, ,
9, ,-46, ,
5, ,-48, ,
0, ,-47, ,
5, ,-47, ,
5, ,-48, ,
8, ,-47, ,
6, ,-47, ,
8, ,-48, ,
9, ,-48, ,
6, ,-47, ,
5, ,-48, ,
0, ,-48, ,
0, ,-46, ,
3, ,-48, ,
3, ,-48, ,
1, ,-47, ,
4, ,-47, ,
8, ,-47, ,
1, ,-47, ,
6, ,-48, ,
6, ,-47, ,
6, ,-47, ,
5, ,-48, ,
6, ,-48, ,
5, ,-46, ,
1, ,-45, ,
0, ,-36, ,
4, ,-26, ,
5, ,-16, ,
8, ,-7, ,
6, ,0, ,
8, ,7, ,
9, ,12, ,
6, ,16, ,
4, ,20, ,
11, ,23, ,
11, ,26, ,
8, ,30, ,
3, ,32, ,
4, ,34, ,
5, ,35, ,
6, ,36, ,
8, ,37, ,
5, ,40, ,
9, ,40, ,
4, ,40, ,
3, ,42, ,
3, ,42, ,
-2, ,41, ,
-1, ,44, ,
-4, ,45, ,
-4, ,44, ,
-4, ,45, ,
-2, ,45, ,
-7, ,45, ,
-4, ,46, ,
-1, ,45, ,
0, ,45, ,
-4, ,46, ,
4, ,46, ,
3, ,44, ,
5, ,47, ,
5, ,46, ,
4, ,46, ,
6, ,46, ,
3, ,46, ,
-4, ,45, ,
0, ,47, ,
-1, ,46, ,
-1, ,46, ,
-2, ,46, ,
1, ,46, ,
-4, ,45, ,
-2, ,47, ,
-1, ,46, ,
-2, ,46, ,
-5, ,46, ,
-1, ,46, ,
-2, ,45, ,
1, ,47, ,
1, ,46, ,
0, ,45, ,
-5, ,46, ,
-2, ,46, ,
-6, ,44, ,
-7, ,47, ,
-10, ,46, ,
-7, ,45, ,
-7, ,46, ,
-6, ,46, ,
-11, ,44, ,
-7, ,47, ,
-7, ,46, ,
-7, ,45, ,
-9, ,46, ,
-4, ,46, ,
-2, ,44, ,
-1, ,46, ,
-4, ,45, ,
-2, ,46, ,
-1, ,46, ,
-1, ,46, ,
-6, ,45, ,
-5, ,46, ,
-1, ,46, ,
-6, ,45, ,
-7, ,46, ,
-2, ,46, ,
-6, ,44, ,
-5, ,47, ,
-5, ,46, ,
-5, ,45, ,
-5, ,46, ,
-2, ,46, ,
-5, ,44, ,
-2, ,46, ,
-1, ,46, ,
1, ,45, ,
-2, ,46, ,
4, ,45, ,
3, ,44, ,
3, ,46, ,
1, ,45, ,
1, ,45, ,
-1, ,46, ,
0, ,46, ,
-2, ,44, ,
-2, ,47, ,
-1, ,46, ,
-2, ,45, ,
-6, ,46, ,
1, ,46, ,
-1, ,44, ,
-1, ,47, ,
-1, ,45, ,
-2, ,45, ,
0, ,46, ,
0, ,45, ,
-9, ,44, ,
-6, ,46, ,
-10, ,46, ,
-10, ,45, ,
-10, ,46, ,
-6, ,46, ,
-2, ,44, ,
-4, ,46, ,
-5, ,46, ,
-4, ,45, ,
-2, ,46, ,
-2, ,46, ,
-10, ,44, ,
-4, ,46, ,
-2, ,46, ,
-5, ,45, ,
-7, ,45, ,
-2, ,46, ,
-5, ,42, ,
-1, ,47, ,
-1, ,46, ,
0, ,45, ,
0, ,46, ,
4, ,46, ,
-4, ,44, ,
1, ,46, ,
1, ,45, ,
3, ,45, ,
1, ,46, ,
4, ,45, ,
3, ,44, ,
3, ,46, ,
4, ,46, ,
4, ,45, ,
1, ,45, ,
4, ,45, ,
1, ,44, ,
3, ,46, ,
5, ,46, ,
4, ,45, ,
-2, ,46, ,
9, ,46, ,
0, ,44, ,
8, ,46, ,
10, ,46, ,
6, ,45, ,
10, ,46, ,
8, ,46, ,
1, ,44, ,
4, ,46, ,
1, ,45, ,
4, ,45, ,
1, ,46, ,
5, ,45, ,
5, ,44, ,
5, ,46, ,
3, ,45, ,
5, ,45, ,
8, ,46, ,
8, ,45, ,
4, ,45, ,
8, ,46, ,
9, ,45, ,
8, ,45, ,
0, ,46, ,
6, ,46, ,
0, ,44, ,
-1, ,46, ,
-1, ,46, ,
0, ,46, ,
-1, ,46, ,
5, ,46, ,
-4, ,44, ,
1, ,46, ,
3, ,45, ,
0, ,45, ,
-4, ,46, ,
0, ,45, ,
0, ,42, ,
0, ,46, ,
-2, ,46, ,
1, ,45, ,
3, ,46, ,
6, ,45, ,
-1, ,45, ,
3, ,46, ,
5, ,45, ,
1, ,45, ,
0, ,46, ,
5, ,46, ,
1, ,42, ,
4, ,46, ,
3, ,46, ,
5, ,45, ,
6, ,45, ,
5, ,46, ,
3, ,44, ,
6, ,46, ,
5, ,45, ,
5, ,45, ,
1, ,46, ,
9, ,46, ,
6, ,44, ,
8, ,46, ,
5, ,46, ,
0, ,46, ,
4, ,45, ,
4, ,45, ,
-1, ,45, ,
3, ,46, ,
5, ,45, ,
5, ,45, ,
3, ,46, ,
6, ,46, ,
3, ,44, ,
1, ,46, ,
0, ,45, ,
1, ,45, ,
4, ,46, ,
6, ,46, ,
0, ,44, ,
4, ,46, ,
4, ,45, ,
5, ,45, ,
0, ,46, ,
3, ,45, ,
4, ,44, ,
1, ,46, ,
3, ,45, ,
6, ,45, ,
8, ,46, ,
9, ,46, ,
8, ,44, ,
9, ,46, ,
10, ,46, ,
6, ,45, ,
4, ,46, ,
8, ,45, ,
8, ,44, ,
6, ,46, ,
6, ,45, ,
6, ,45, ,
5, ,45, ,
8, ,46, ,
-1, ,44, ,
1, ,46, ,
5, ,45, ,
4, ,45, ,
1, ,46, ,
5, ,45, ,
-1, ,44, ,
-1, ,46, ,
-5, ,46, ,
-6, ,45, ,
-7, ,46, ,
-2, ,46, ,
1, ,45, ,
0, ,46, ,
1, ,45, ,
4, ,45, ,
-4, ,46, ,
4, ,45, ,
-2, ,44, ,
0, ,45, ,
1, ,46, ,
3, ,45, ,
5, ,45, ,
6, ,45, ,
3, ,45, ,
4, ,46, ,
1, ,45, ,
1, ,45, ,
-2, ,45, ,
1, ,46, ,
0, ,44, ,
-1, ,46, ,
-1, ,45, ,
-1, ,45, ,
-1, ,45, ,
1, ,45, ,
-5, ,45, ,
-1, ,46, ,
-1, ,45, ,
-2, ,45, ,
-5, ,46, ,
1, ,46, ,
-2, ,44, ,
-6, ,46, ,
-9, ,45, ,
-5, ,45, ,
-7, ,45, ,
-2, ,46, ,
-7, ,44, ,
-2, ,46, ,
0, ,46, ,
3, ,45, ,
0, ,46, ,
5, ,46, ,
3, ,44, ,
0, ,46, ,
-1, ,45, ,
3, ,45, ,
1, ,46, ,
5, ,46, ,
1, ,44, ,
8, ,46, ,
6, ,45, ,
4, ,45, ,
-1, ,46, ,
3, ,46, ,
-4, ,44, ,
-1, ,46, ,
-5, ,45, ,
-2, ,44, ,
0, ,46, ,
0, ,45, ,
-7, ,44, ,
-1, ,46, ,
-2, ,45, ,
-4, ,45, ,
-9, ,45, ,
-1, ,45, ,
-5, ,44, ,
-5, ,46, ,
-6, ,46, ,
-6, ,46, ,
-6, ,45, ,
-7, ,46, ,
-14, ,44, ,
-7, ,46, ,
-5, ,45, ,
-5, ,45, ,
-7, ,46, ,
-1, ,45, ,
-4, ,44, ,
-2, ,46, ,
-2, ,45, ,
-4, ,45, ,
-1, ,46, ,
-1, ,45, ,
-5, ,44, ,
3, ,46, ,
0, ,45, ,
1, ,45, ,
-2, ,46, ,
1, ,46, ,
0, ,44, ,
0, ,46, ,
-1, ,45, ,
0, ,45, ,
0, ,46, ,
5, ,46, ,
-1, ,44, ,
0, ,47, ,
1, ,46, ,
-2, ,45, ,
-6, ,46, ,
-1, ,46, ,
-1, ,44, ,
3, ,46, ,
-4, ,45, ,
-4, ,45, ,
-4, ,46, ,
-5, ,45, ,
-9, ,45, ,
-4, ,46, ,
-1, ,45, ,
-1, ,45, ,
-2, ,45, ,
5, ,45, ,
4, ,44, ,
3, ,46, ,
1, ,45, ,
3, ,45, ,
1, ,46, ,
4, ,45, ,
1, ,44, ,
3, ,46, ,
9, ,46, ,
5, ,45, ,
1, ,46, ,
8, ,46, ,
4, ,44, ,
5, ,46, ,
6, ,46, ,
4, ,45, ,
6, ,46, ,
3, ,46, ,
-1, ,44, ,
0, ,46, ,
-4, ,45, ,
-4, ,45, ,
-7, ,46, ,
-1, ,46, ,
-1, ,44, ,
-1, ,46, ,
0, ,45, ,
3, ,45, ,
1, ,45, ,
1, ,45, ,
-5, ,44, ,
0, ,46, ,
1, ,45, ,
-1, ,45, ,
-5, ,46, ,
3, ,46, ,
0, ,42, ,
1, ,46, ,
1, ,45, ,
4, ,45, ,
1, ,46, ,
5, ,46, ,
-2, ,44, ,
1, ,46, ,
3, ,45, ,
3, ,45, ,
0, ,46, ,
8, ,46, ,
8, ,44, ,
6, ,46, ,
4, ,46, ,
5, ,45, ,
4, ,46, ,
5, ,46, ,
-2, ,44, ,
1, ,46, ,
5, ,45, ,
0, ,45, ,
-5, ,46, ,
0, ,46, ,
-4, ,44, ,
-2, ,46, ,
-6, ,46, ,
-1, ,45, ,
1, ,46, ,
3, ,45, ,
-4, ,44, ,
0, ,46, ,
-1, ,45, ,
-1, ,45, ,
-5, ,46, ,
4, ,45, ,
3, ,44, ,
5, ,46, ,
4, ,46, ,
5, ,45, ,
6, ,45, ,
8, ,45, ,
-1, ,44, ,
3, ,46, ,
6, ,45, ,
8, ,45, ,
5, ,46, ,
13, ,45, ,
10, ,44, ,
11, ,46, ,
8, ,45, ,
3, ,45, ,
3, ,46, ,
8, ,46, ,
5, ,44, ,
11, ,46, ,
9, ,45, ,
6, ,45, ,
-1, ,46, ,
1, ,46, ,
-1, ,44, ,
-1, ,46, ,
-1, ,45, ,
-1, ,45, ,
1, ,46, ,
3, ,46, ,
-1, ,44, ,
4, ,47, ,
6, ,45, ,
3, ,45, ,
0, ,46, ,
5, ,46, ,
4, ,44, ,
4, ,46, ,
4, ,46, ,
3, ,45, ,
1, ,45, ,
6, ,46, ,
0, ,44, ,
4, ,46, ,
6, ,45, ,
4, ,45, ,
-1, ,46, ,
8, ,46, ,
6, ,44, ,
6, ,46, ,
4, ,45, ,
6, ,45, ,
5, ,46, ,
5, ,45, ,
0, ,44, ,
1, ,46, ,
3, ,45, ,
3, ,45, ,
1, ,46, ,
3, ,46, ,
4, ,44, ,
4, ,47, ,
1, ,45, ,
-1, ,45, ,
-1, ,46, ,
0, ,46, ,
-6, ,44, ,
-1, ,46, ,
-1, ,45, ,
-1, ,45, ,
-4, ,46, ,
3, ,45, ,
0, ,44, ,
-1, ,46, ,
-1, ,46, ,
4, ,45, ,
3, ,46, ,
5, ,45, ,
-1, ,44, ,
4, ,46, ,
8, ,45, ,
1, ,45, ,
-2, ,46, ,
4, ,46, ,
-1, ,44, ,
0, ,46, ,
0, ,45, ,
3, ,45, ,
1, ,46, ,
3, ,46, ,
-4, ,44, ,
0, ,46, ,
0, ,46, ,
-2, ,45, ,
-5, ,46, ,
0, ,46, ,
0, ,44, ,
0, ,46, ,
-1, ,45, ,
-1, ,45, ,
-4, ,45, ,
0, ,46, ,
-5, ,42, ,
-4, ,46, ,
1, ,46, ,
1, ,45, ,
-6, ,46, ,
-1, ,45, ,
-6, ,42, ,
-5, ,46, ,
-10, ,45, ,
-5, ,45, ,
-2, ,46, ,
1, ,46, ,
-2, ,44, ,
4, ,46, ,
5, ,46, ,
3, ,45, ,
-4, ,46, ,
1, ,46, ,
0, ,44, ,
1, ,46, ,
0, ,45, ,
0, ,45, ,
0, ,45, ,
3, ,46, ,
-5, ,44, ,
-2, ,46, ,
-2, ,45, ,
-1, ,45, ,
-5, ,46, ,
0, ,46, ,
-2, ,44, ,
0, ,46, ,
-2, ,46, ,
-4, ,45, ,
-1, ,46, ,
0, ,45, ,
-6, ,44, ,
-2, ,46, ,
-1, ,46, ,
0, ,45, ,
-5, ,46, ,
-2, ,46, ,
-1, ,44, ,
-6, ,46, ,
-5, ,46, ,
-2, ,45, ,
-2, ,46, ,
3, ,46, ,
-1, ,44, ,
4, ,46, ,
3, ,46, ,
4, ,45, ,
0, ,46, ,
4, ,45, ,
-1, ,44, ,
1, ,46, ,
-1, ,45, ,
-1, ,45, ,
-1, ,46, ,
1, ,45, ,
-2, ,44, ,
0, ,46, ,
1, ,45, ,
3, ,45, ,
-1, ,45, ,
4, ,46, ,
1, ,44, ,
0, ,46, ,
0, ,46, ,
1, ,45, ,
-1, ,46, ,
0, ,45, ,
-5, ,44, ,
-1, ,46, ,
1, ,45, ,
1, ,45, ,
-5, ,46, ,
3, ,46, ,
0, ,44, ,
0, ,46, ,
0, ,45, ,
-2, ,45, ,
-2, ,46, ,
-4, ,46, ,
-7, ,44, ,
-1, ,46, ,
0, ,45, ,
1, ,45, ,
-1, ,46, ,
4, ,46, ,
1, ,44, ,
-1, ,46, ,
-1, ,45, ,
-1, ,45, ,
0, ,45, ,
1, ,45, ,
-2, ,44, ,
3, ,46, ,
3, ,45, ,
-1, ,45, ,
-2, ,46, ,
0, ,46, ,
-2, ,44, ,
-1, ,46, ,
0, ,46, ,
1, ,45, ,
1, ,46, ,
1, ,45, ,
-5, ,44, ,
-2, ,46, ,
-2, ,45, ,
-1, ,45, ,
-4, ,46, ,
3, ,45, ,
4, ,44, ,
3, ,46, ,
1, ,45, ,
4, ,45, ,
1, ,45, ,
3, ,46, ,
-1, ,44, ,
0, ,46, ,
6, ,45, ,
3, ,45, ,
-1, ,46, ,
4, ,46, ,
1, ,44, ,
4, ,46, ,
0, ,46, ,
4, ,45, ,
5, ,46, ,
6, ,46, ,
3, ,44, ,
6, ,46, ,
6, ,45, ,
6, ,45, ,
1, ,46, ,
8, ,46, ,
5, ,44, ,
6, ,46, ,
4, ,46, ,
5, ,45, ,
5, ,45, ,
3, ,46, ,
1, ,44, ,
3, ,47, ,
6, ,45, ,
4, ,45, ,
-2, ,46, ,
6, ,46, ,
6, ,44, ,
6, ,46, ,
9, ,45, ,
8, ,45, ,
8, ,46, ,
8, ,45, ,
0, ,44, ,
3, ,46, ,
3, ,45, ,
3, ,45, ,
-1, ,46, ,
4, ,46, ,
4, ,44, ,
3, ,46, ,
6, ,46, ,
6, ,45, ,
-2, ,46, ,
5, ,45, ,
-1, ,44, ,
3, ,46, ,
5, ,45, ,
0, ,45, ,
0, ,46, ,
6, ,46, ,
6, ,44, ,
4, ,46, ,
0, ,45, ,
0, ,45, ,
3, ,46, ,
1, ,46, ,
0, ,44, ,
1, ,46, ,
5, ,45, ,
4, ,45, ,
0, ,46, ,
3, ,45, ,
1, ,44, ,
0, ,46, ,
-4, ,46, ,
3, ,45, ,
4, ,46, ,
8, ,46, ,
-1, ,45, ,
3, ,47, ,
6, ,46, ,
0, ,45, ,
-2, ,46, ,
6, ,46, ,
3, ,44, ,
6, ,46, ,
0, ,45, ,
3, ,45, ,
4, ,45, ,
3, ,45, ,
-1, ,44, ,
3, ,46, ,
3, ,45, ,
3, ,45, ,
0, ,46, ,
8, ,46, ,
8, ,44, ,
5, ,46, ,
5, ,46, ,
4, ,45, ,
4, ,46, ,
8, ,46, ,
0, ,44, ,
4, ,46, ,
6, ,45, ,
1, ,45, ,
1, ,45, ,
4, ,46, ,
0, ,44, ,
1, ,46, ,
3, ,44, ,
8, ,35, ,
3, ,26, ,
0, ,15, ,
-6, ,7, ,
-7, ,-1, ,
-5, ,-7, ,
-6, ,-13, ,
-7, ,-18, ,
-2, ,-22, ,
-5, ,-26, ,
-5, ,-29, ,
-7, ,-31, ,
-1, ,-35, ,
-1, ,-36, ,
0, ,-38, ,
-4, ,-39, ,
-2, ,-41, ,
-1, ,-42, ,
-5, ,-42, ,
-6, ,-44, ,
-1, ,-44, ,
-2, ,-44, ,
-1, ,-45, ,
-6, ,-45, ,
-2, ,-46, ,
0, ,-47, ,
-2, ,-47, ,
-2, ,-47, ,
1, ,-47, ,
3, ,-47, ,
1, ,-47, ,
-4, ,-47, ,
3, ,-48, ,
0, ,-47, ,
3, ,-48, ,
-1, ,-48, ,
-1, ,-48, ,
-2, ,-48, ,
-1, ,-48, ,
-6, ,-47, ,
-1, ,-49, ,
0, ,-48, ,
-4, ,-48, ,
-5, ,-48, ,
-2, ,-48, ,
-1, ,-47, ,
-1, ,-49, ,
-2, ,-48, ,
-1, ,-48, ,
3, ,-48, ,
4, ,-48, ,
-1, ,-47, ,
3, ,-48, ,
-1, ,-48, ,
-1, ,-48, ,
-6, ,-48, ,
-2, ,-48, ,
1, ,-47, ,
-1, ,-48, ,
-2, ,-48, ,
-1, ,-48, ,
0, ,-48, ,
3, ,-48, ,
-1, ,-47, ,
3, ,-48, ,
8, ,-48, ,
0, ,-47, ,
-1, ,-48, ,
1, ,-48, ,
-1, ,-46, ,
-5, ,-49, ,
-6, ,-48, ,
-2, ,-48, ,
-1, ,-48, ,
-1, ,-48, ,
-5, ,-47, ,
3, ,-48, ,
1, ,-47, ,
-1, ,-48, ,
-5, ,-48, ,
-1, ,-48, ,
-1, ,-47, ,
-2, ,-48, ,
-6, ,-48, ,
1, ,-47, ,
0, ,-47, ,
3, ,-48, ,
-2, ,-46, ,
1, ,-48, ,
4, ,-48, ,
-1, ,-47, ,
-5, ,-48, ,
1, ,-48, ,
-2, ,-47, ,
-2, ,-48, ,
-6, ,-47, ,
-4, ,-47, ,
-1, ,-48, ,
-2, ,-47, ,
-6, ,-46, ,
-1, ,-48, ,
-1, ,-47, ,
-1, ,-47, ,
-4, ,-48, ,
0, ,-48, ,
-1, ,-47, ,
-4, ,-48, ,
-4, ,-48, ,
-4, ,-47, ,
-4, ,-47, ,
0, ,-47, ,
-10, ,-46, ,
-2, ,-48, ,
1, ,-48, ,
0, ,-47, ,
-5, ,-48, ,
0, ,-48, ,
-2, ,-46, ,
-2, ,-48, ,
-6, ,-47, ,
-2, ,-47, ,
0, ,-47, ,
-1, ,-47, ,
-6, ,-47, ,
0, ,-48, ,
0, ,-47, ,
-2, ,-47, ,
-5, ,-48, ,
3, ,-48, ,
3, ,-47, ,
3, ,-48, ,
0, ,-47, ,
3, ,-47, ,
0, ,-47, ,
5, ,-48, ,
1, ,-46, ,
3, ,-48, ,
8, ,-48, ,
3, ,-47, ,
-1, ,-48, ,
3, ,-48, ,
1, ,-46, ,
3, ,-48, ,
1, ,-47, ,
3, ,-47, ,
4, ,-47, ,
4, ,-47, ,
-1, ,-47, ,
4, ,-48, ,
5, ,-47, ,
3, ,-47, ,
0, ,-47, ,
6, ,-47, ,
3, ,-47, ,
4, ,-48, ,
1, ,-47, ,
0, ,-47, ,
3, ,-47, ,
-1, ,-47, ,
-6, ,-46, ,
-1, ,-48, ,
1, ,-48, ,
1, ,-47, ,
-1, ,-47, ,
6, ,-48, ,
4, ,-46, ,
1, ,-48, ,
1, ,-47, ,
0, ,-47, ,
5, ,-47, ,
5, ,-47, ,
-2, ,-46, ,
4, ,-48, ,
1, ,-47, ,
0, ,-47, ,
-2, ,-47, ,
0, ,-48, ,
0, ,-46, ,
0, ,-48, ,
1, ,-47, ,
3, ,-47, ,
4, ,-47, ,
5, ,-47, ,
0, ,-46, ,
3, ,-48, ,
3, ,-47, ,
0, ,-47, ,
-1, ,-48, ,
6, ,-48, ,
4, ,-47, ,
4, ,-48, ,
1, ,-47, ,
3, ,-47, ,
3, ,-47, ,
1, ,-47, ,
-2, ,-47, ,
1, ,-48, ,
3, ,-47, ,
5, ,-47, ,
3, ,-47, ,
8, ,-48, ,
8, ,-47, ,
4, ,-48, ,
1, ,-47, ,
4, ,-47, ,
4, ,-48, ,
4, ,-47, ,
0, ,-46, ,
8, ,-48, ,
10, ,-48, ,
3, ,-47, ,
3, ,-47, ,
10, ,-47, ,
3, ,-46, ,
4, ,-48, ,
1, ,-47, ,
3, ,-47, ,
4, ,-47, ,
9, ,-47, ,
0, ,-46, ,
1, ,-48, ,
4, ,-47, ,
6, ,-47, ,
3, ,-47, ,
9, ,-48, ,
10, ,-47, ,
6, ,-48, ,
1, ,-47, ,
4, ,-47, ,
3, ,-47, ,
5, ,-47, ,
-2, ,-46, ,
-2, ,-48, ,
1, ,-48, ,
0, ,-47, ,
-1, ,-48, ,
9, ,-47, ,
10, ,-46, ,
8, ,-48, ,
5, ,-47, ,
4, ,-47, ,
3, ,-47, ,
3, ,-47, ,
-1, ,-46, ,
4, ,-48, ,
6, ,-47, ,
5, ,-47, ,
1, ,-47, ,
5, ,-48, ,
0, ,-47, ,
-2, ,-47, ,
-4, ,-47, ,
1, ,-47, ,
0, ,-47, ,
3, ,-47, ,
-2, ,-46, ,
1, ,-48, ,
4, ,-48, ,
1, ,-47, ,
-2, ,-47, ,
3, ,-48, ,
4, ,-46, ,
3, ,-48, ,
-1, ,-47, ,
1, ,-47, ,
1, ,-47, ,
-1, ,-47, ,
-4, ,-47, ,
0, ,-48, ,
-1, ,-47, ,
-1, ,-47, ,
-2, ,-47, ,
4, ,-48, ,
4, ,-47, ,
4, ,-48, ,
1, ,-47, ,
4, ,-47, ,
0, ,-47, ,
-1, ,-48, ,
-6, ,-46, ,
-1, ,-48, ,
3, ,-48, ,
1, ,-47, ,
0, ,-48, ,
5, ,-48, ,
3, ,-46, ,
1, ,-48, ,
-2, ,-47, ,
-1, ,-47, ,
3, ,-47, ,
1, ,-47, ,
-1, ,-46, ,
4, ,-48, ,
3, ,-47, ,
3, ,-48, ,
-2, ,-47, ,
0, ,-48, ,
1, ,-46, ,
-1, ,-48, ,
0, ,-47, ,
1, ,-47, ,
1, ,-48, ,
3, ,-47, ,
-1, ,-46, ,
1, ,-48, ,
4, ,-48, ,
-2, ,-47, ,
-4, ,-48, ,
1, ,-48, ,
0, ,-46, ,
4, ,-48, ,
-1, ,-47, ,
3, ,-47, ,
3, ,-47, ,
-1, ,-47, ,
-6, ,-47, ,
0, ,-48, ,
0, ,-47, ,
-1, ,-47, ,
-4, ,-47, ,
1, ,-48, ,
-1, ,-47, ,
-4, ,-48, ,
-5, ,-47, ,
-1, ,-47, ,
0, ,-47, ,
3, ,-47, ,
-1, ,-46, ,
1, ,-48, ,
3, ,-47, ,
-2, ,-47, ,
-4, ,-47, ,
-2, ,-48, ,
-6, ,-46, ,
-4, ,-48, ,
-6, ,-47, ,
-2, ,-47, ,
3, ,-47, ,
0, ,-47, ,
-4, ,-46, ,
3, ,-48, ,
0, ,-47, ,
-1, ,-47, ,
-6, ,-47, ,
0, ,-48, ,
0, ,-47, ,
-2, ,-48, ,
-2, ,-47, ,
-1, ,-47, ,
1, ,-47, ,
3, ,-47, ,
-4, ,-45, ,
0, ,-48, ,
0, ,-48, ,
1, ,-47, ,
-1, ,-47, ,
0, ,-48, ,
0, ,-46, ,
-1, ,-48, ,
-5, ,-47, ,
0, ,-47, ,
1, ,-47, ,
1, ,-47, ,
-4, ,-46, ,
3, ,-48, ,
1, ,-47, ,
-1, ,-47, ,
-5, ,-47, ,
-1, ,-48, ,
1, ,-47, ,
-2, ,-48, ,
-5, ,-47, ,
-1, ,-47, ,
0, ,-47, ,
3, ,-47, ,
0, ,-46, ,
3, ,-48, ,
9, ,-47, ,
3, ,-47, ,
0, ,-47, ,
0, ,-48, ,
-4, ,-46, ,
-4, ,-48, ,
-6, ,-47, ,
0, ,-47, ,
3, ,-47, ,
4, ,-47, ,
0, ,-47, ,
3, ,-48, ,
1, ,-47, ,
1, ,-47, ,
-1, ,-47, ,
0, ,-48, ,
1, ,-47, ,
8, ,-47, ,
-4, ,-47, ,
-1, ,-47, ,
3, ,-47, ,
0, ,-48, ,
-5, ,-46, ,
-1, ,-48, ,
1, ,-47, ,
1, ,-47, ,
-2, ,-48, ,
3, ,-47, ,
1, ,-46, ,
0, ,-48, ,
1, ,-47, ,
1, ,-47, ,
3, ,-47, ,
0, ,-47, ,
-2, ,-46, ,
3, ,-48, ,
4, ,-47, ,
3, ,-47, ,
-2, ,-47, ,
1, ,-47, ,
-1, ,-47, ,
-4, ,-48, ,
-4, ,-47, ,
1, ,-47, ,
0, ,-48, ,
5, ,-47, ,
-2, ,-47, ,
3, ,-48, ,
4, ,-48, ,
0, ,-47, ,
0, ,-47, ,
0, ,-47, ,
3, ,-46, ,
1, ,-48, ,
-1, ,-47, ,
5, ,-47, ,
4, ,-47, ,
4, ,-47, ,
-4, ,-46, ,
1, ,-48, ,
4, ,-47, ,
3, ,-47, ,
0, ,-47, ,
6, ,-48, ,
4, ,-47, ,
6, ,-48, ,
1, ,-47, ,
4, ,-47, ,
3, ,-47, ,
5, ,-47, ,
3, ,-46, ,
4, ,-48, ,
8, ,-48, ,
4, ,-47, ,
1, ,-47, ,
6, ,-48, ,
4, ,-46, ,
4, ,-48, ,
0, ,-47, ,
3, ,-47, ,
4, ,-47, ,
0, ,-47, ,
-2, ,-46, ,
4, ,-48, ,
5, ,-47, ,
4, ,-47, ,
3, ,-47, ,
8, ,-48, ,
5, ,-47, ,
0, ,-48, ,
3, ,-47, ,
3, ,-47, ,
5, ,-47, ,
3, ,-47, ,
-1, ,-46, ,
5, ,-48, ,
4, ,-47, ,
1, ,-47, ,
-4, ,-47, ,
3, ,-48, ,
1, ,-46, ,
1, ,-48, ,
3, ,-47, ,
4, ,-47, ,
4, ,-47, ,
5, ,-47, ,
-2, ,-46, ,
1, ,-48, ,
3, ,-47, ,
0, ,-47, ,
3, ,-47, ,
6, ,-48, ,
8, ,-47, ,
5, ,-48, ,
4, ,-47, ,
1, ,-47, ,
1, ,-47, ,
3, ,-47, ,
-2, ,-46, ,
1, ,-48, ,
5, ,-47, ,
3, ,-47, ,
-1, ,-47, ,
4, ,-48, ,
4, ,-46, ,
1, ,-48, ,
-1, ,-47, ,
1, ,-47, ,
4, ,-47, ,
4, ,-47, ,
1, ,-47, ,
4, ,-48, ,
5, ,-47, ,
3, ,-47, ,
0, ,-47, ,
5, ,-48, ,
5, ,-46, ,
6, ,-47, ,
4, ,-47, ,
4, ,-47, ,
5, ,-47, ,
0, ,-47, ,
-1, ,-46, ,
3, ,-48, ,
4, ,-48, ,
3, ,-47, ,
0, ,-47, ,
6, ,-48, ,
4, ,-46, ,
6, ,-48, ,
1, ,-47, ,
1, ,-47, ,
4, ,-47, ,
0, ,-47, ,
-5, ,-46, ,
1, ,-48, ,
1, ,-47, ,
3, ,-47, ,
-1, ,-48, ,
5, ,-48, ,
5, ,-47, ,
3, ,-47, ,
0, ,-47, ,
3, ,-47, ,
-1, ,-47, ,
3, ,-47, ,
-5, ,-46, ,
-1, ,-48, ,
4, ,-48, ,
-1, ,-47, ,
0, ,-48, ,
4, ,-48, ,
3, ,-47, ,
3, ,-48, ,
-1, ,-48, ,
1, ,-47, ,
1, ,-47, ,
4, ,-47, ,
-1, ,-46, ,
0, ,-48, ,
0, ,-47, ,
-4, ,-47, ,
-6, ,-47, ,
-1, ,-48, ,
-2, ,-47, ,
0, ,-48, ,
-2, ,-47, ,
3, ,-47, ,
1, ,-47, ,
0, ,-47, ,
-4, ,-46, ,
0, ,-48, ,
1, ,-47, ,
-1, ,-47, ,
-7, ,-48, ,
0, ,-47, ,
0, ,-46, ,
-1, ,-48, ,
-4, ,-47, ,
-2, ,-47, ,
0, ,-47, ,
-1, ,-48, ,
-7, ,-46, ,
0, ,-48, ,
1, ,-47, ,
3, ,-48, ,
-4, ,-47, ,
6, ,-48, ,
1, ,-47, ,
0, ,-47, ,
0, ,-47, ,
1, ,-47, ,
3, ,-47, ,
5, ,-48, ,
-2, ,-47, ,
1, ,-48, ,
1, ,-48, ,
-2, ,-47, ,
-5, ,-48, ,
-1, ,-48, ,
0, ,-46, ,
0, ,-48, ,
3, ,-47, ,
4, ,-47, ,
3, ,-47, ,
5, ,-47, ,
-2, ,-47, ,
0, ,-48, ,
0, ,-47, ,
-4, ,-47, ,
-5, ,-47, ,
3, ,-47, ,
3, ,-47, ,
1, ,-47, ,
-5, ,-47, ,
0, ,-47, ,
1, ,-48, ,
3, ,-47, ,
-1, ,-46, ,
0, ,-48, ,
8, ,-47, ,
0, ,-47, ,
-2, ,-47, ,
1, ,-47, ,
-2, ,-46, ,
-1, ,-48, ,
-4, ,-47, ,
-1, ,-47, ,
0, ,-47, ,
3, ,-47, ,
-1, ,-46, ,
1, ,-48, ,
1, ,-47, ,
0, ,-47, ,
-6, ,-47, ,
-2, ,-48, ,
-1, ,-46, ,
-2, ,-48, ,
-4, ,-47, ,
-1, ,-47, ,
-1, ,-47, ,
0, ,-47, ,
-4, ,-46, ,
1, ,-48, ,
-1, ,-47, ,
-1, ,-47, ,
-9, ,-48, ,
0, ,-48, ,
-2, ,-46, ,
-1, ,-48, ,
-1, ,-47, ,
0, ,-47, ,
1, ,-47, ,
3, ,-47, ,
0, ,-47, ,
3, ,-48, ,
1, ,-47, ,
1, ,-47, ,
-2, ,-48, ,
0, ,-48, ,
0, ,-46, ,
-2, ,-48, ,
-2, ,-47, ,
-1, ,-47, ,
1, ,-47, ,
3, ,-47, ,
-1, ,-46, ,
1, ,-48, ,
3, ,-48, ,
0, ,-47, ,
-1, ,-48, ,
4, ,-47, ,
0, ,-46, ,
0, ,-48, ,
-4, ,-47, ,
1, ,-47, ,
3, ,-47, ,
4, ,-47, ,
1, ,-46, ,
3, ,-48, ,
-1, ,-47, ,
0, ,-47, ,
-5, ,-47, ,
1, ,-48, ,
-2, ,-46, ,
-1, ,-47, ,
0, ,-47, ,
4, ,-47, ,
5, ,-47, ,
5, ,-47, ,
3, ,-46, ,
4, ,-48, ,
3, ,-48, ,
1, ,-47, ,
-2, ,-48, ,
3, ,-48, ,
0, ,-47, ,
1, ,-48, ,
1, ,-47, ,
1, ,-47, ,
4, ,-47, ,
1, ,-47, ,
-2, ,-46, ,
1, ,-48, ,
3, ,-47, ,
3, ,-47, ,
0, ,-47, ,
5, ,-47, ,
4, ,-47, ,
4, ,-48, ,
-1, ,-47, ,
1, ,-47, ,
1, ,-47, ,
1, ,-47, ,
-5, ,-46, ,
0, ,-48, ,
3, ,-48, ,
1, ,-47, ,
-4, ,-47, ,
1, ,-48, ,
0, ,-46, ,
-1, ,-48, ,
-2, ,-47, ,
1, ,-47, ,
3, ,-47, ,
6, ,-47, ,
0, ,-46, ,
4, ,-48, ,
6, ,-47, ,
1, ,-47, ,
-2, ,-47, ,
0, ,-48, ,
1, ,-47, ,
4, ,-47, ,
1, ,-47, ,
3, ,-47, ,
0, ,-47, ,
3, ,-47, ,
0, ,-46, ,
3, ,-48, ,
4, ,-47, ,
1, ,-47, ,
-2, ,-48, ,
1, ,-48, ,
1, ,-47, ,
1, ,-48, ,
-1, ,-47, ,
0, ,-47, ,
1, ,-47, ,
0, ,-47, ,
-5, ,-47, ,
4, ,-48, ,
9, ,-47, ,
9, ,-47, ,
5, ,-47, ,
9, ,-48, ,
4, ,-47, ,
5, ,-48, ,
-1, ,-47, ,
0, ,-47, ,
3, ,-47, ,
4, ,-47, ,
-1, ,-46, ,
4, ,-48, ,
4, ,-48, ,
5, ,-47, ,
1, ,-48, ,
5, ,-47, ,
3, ,-46, ,
3, ,-48, ,
0, ,-47, ,
5, ,-47, ,
5, ,-47, ,
3, ,-47, ,
-1, ,-46, ,
3, ,-48, ,
0, ,-47, ,
0, ,-47, ,
-1, ,-47, ,
5, ,-48, ,
6, ,-47, ,
4, ,-47, ,
1, ,-47, ,
0, ,-46, ,
-7, ,-40, ,
0, ,-31, ,
-5, ,-21, ,
1, ,-11, ,
9, ,-4, ,
6, ,3, ,
3, ,10, ,
9, ,14, ,
8, ,18, ,
8, ,22, ,
8, ,26, ,
8, ,29, ,
4, ,31, ,
4, ,33, ,
0, ,34, ,
3, ,37, ,
6, ,37, ,
4, ,38, ,
6, ,40, ,
5, ,40, ,
3, ,40, ,
5, ,42, ,
1, ,42, ,
5, ,44, ,
5, ,44, ,
8, ,45, ,
3, ,42, ,
4, ,46, ,
8, ,45, ,
4, ,45, ,
-1, ,46, ,
4, ,46, ,
3, ,44, ,
4, ,47, ,
-1, ,46, ,
0, ,46, ,
-1, ,46, ,
0, ,46, ,
-6, ,44, ,
-2, ,47, ,
1, ,46, ,
0, ,46, ,
0, ,47, ,
5, ,46, ,
1, ,45, ,
-6, ,47, ,
-12, ,46, ,
-11, ,46, ,
-19, ,46, ,
-11, ,46, ,
-12, ,44, ,
-5, ,47, ,
0, ,46, ,
5, ,46, ,
4, ,46, ,
10, ,46, ,
11, ,44, ,
11, ,47, ,
9, ,46, ,
6, ,46, ,
5, ,46, ,
5, ,46, ,
-1, ,45, ,
-1, ,47, ,
1, ,46, ,
-1, ,45, ,
-5, ,46, ,
-4, ,46, ,
-9, ,44, ,
5, ,46, ,
1, ,46, ,
-1, ,46, ,
0, ,46, ,
-1, ,46, ,
-5, ,44, ,
-7, ,47, ,
-5, ,46, ,
-2, ,45, ,
-2, ,46, ,
1, ,46, ,
1, ,44, ,
1, ,47, ,
-1, ,46, ,
3, ,45, ,
1, ,46, ,
-1, ,47, ,
-7, ,45, ,
-1, ,46, ,
-1, ,45, ,
-4, ,45, ,
-6, ,46, ,
3, ,46, ,
0, ,45, ,
-1, ,46, ,
0, ,45, ,
-1, ,45, ,
-1, ,46, ,
-1, ,46, ,
-4, ,44, ,
4, ,46, ,
1, ,45, ,
1, ,45, ,
-5, ,46, ,
-4, ,46, ,
-2, ,44, ,
-4, ,46, ,
-5, ,45, ,
0, ,46, ,
1, ,46, ,
4, ,46, ,
3, ,44, ,
4, ,47, ,
5, ,46, ,
3, ,45, ,
-2, ,46, ,
1, ,46, ,
3, ,45, ,
0, ,46, ,
-1, ,45, ,
1, ,45, ,
0, ,45, ,
4, ,46, ,
-1, ,44, ,
3, ,47, ,
3, ,45, ,
3, ,45, ,
1, ,46, ,
4, ,46, ,
4, ,44, ,
5, ,46, ,
3, ,46, ,
4, ,45, ,
4, ,46, ,
3, ,45, ,
-1, ,44, ,
4, ,46, ,
4, ,45, ,
3, ,45, ,
0, ,46, ,
3, ,46, ,
1, ,44, ,
0, ,46, ,
-2, ,46, ,
1, ,45, ,
1, ,46, ,
4, ,46, ,
0, ,45, ,
3, ,46, ,
4, ,46, ,
1, ,45, ,
-5, ,46, ,
4, ,46, ,
-4, ,44, ,
1, ,46, ,
0, ,45, ,
0, ,45, ,
4, ,46, ,
6, ,46, ,
0, ,44, ,
3, ,46, ,
3, ,45, ,
3, ,45, ,
0, ,46, ,
6, ,46, ,
4, ,44, ,
4, ,46, ,
4, ,46, ,
3, ,45, ,
4, ,46, ,
6, ,45, ,
-2, ,44, ,
1, ,47, ,
1, ,45, ,
0, ,45, ,
-4, ,46, ,
3, ,46, ,
4, ,44, ,
5, ,46, ,
-1, ,45, ,
3, ,45, ,
4, ,46, ,
4, ,46, ,
-1, ,44, ,
4, ,46, ,
4, ,45, ,
3, ,45, ,
1, ,45, ,
5, ,46, ,
4, ,44, ,
3, ,46, ,
0, ,45, ,
4, ,45, ,
3, ,46, ,
8, ,46, ,
5, ,44, ,
5, ,46, ,
5, ,46, ,
0, ,45, ,
-4, ,46, ,
1, ,46, ,
-1, ,44, ,
4, ,46, ,
4, ,46, ,
6, ,45, ,
8, ,46, ,
6, ,46, ,
4, ,45, ,
3, ,46, ,
4, ,45, ,
1, ,45, ,
-5, ,46, ,
1, ,45, ,
-1, ,44, ,
4, ,46, ,
4, ,45, ,
4, ,45, ,
4, ,46, ,
3, ,46, ,
-1, ,44, ,
4, ,47, ,
4, ,45, ,
6, ,45, ,
4, ,46, ,
4, ,45, ,
3, ,44, ,
3, ,46, ,
-4, ,46, ,
-1, ,45, ,
1, ,46, ,
5, ,45, ,
-2, ,44, ,
5, ,46, ,
3, ,45, ,
3, ,45, ,
-1, ,46, ,
-1, ,46, ,
0, ,44, ,
1, ,46, ,
0, ,46, ,
3, ,45, ,
3, ,45, ,
4, ,45, ,
-2, ,44, ,
3, ,46, ,
3, ,45, ,
-1, ,45, ,
-1, ,46, ,
4, ,46, ,
4, ,44, ,
5, ,46, ,
8, ,45, ,
8, ,45, ,
8, ,46, ,
6, ,46, ,
1, ,44, ,
5, ,46, ,
6, ,45, ,
5, ,45, ,
4, ,46, ,
6, ,46, ,
4, ,44, ,
4, ,46, ,
1, ,45, ,
1, ,45, ,
4, ,46, ,
3, ,45, ,
1, ,44, ,
8, ,47, ,
9, ,45, ,
5, ,45, ,
8, ,45, ,
9, ,46, ,
9, ,44, ,
5, ,46, ,
-1, ,46, ,
5, ,45, ,
6, ,46, ,
1, ,45, ,
-2, ,44, ,
4, ,46, ,
6, ,45, ,
5, ,45, ,
3, ,45, ,
10, ,45, ,
8, ,44, ,
6, ,46, ,
1, ,46, ,
3, ,45, ,
-4, ,46, ,
3, ,45, ,
0, ,44, ,
1, ,47, ,
6, ,45, ,
4, ,45, ,
0, ,46, ,
3, ,45, ,
0, ,44, ,
1, ,46, ,
1, ,45, ,
1, ,45, ,
3, ,46, ,
3, ,46, ,
-4, ,44, ,
0, ,46, ,
3, ,45, ,
4, ,45, ,
-1, ,46, ,
4, ,46, ,
4, ,44, ,
3, ,46, ,
-4, ,46, ,
0, ,45, ,
-6, ,46, ,
-1, ,46, ,
-9, ,44, ,
-5, ,46, ,
-2, ,45, ,
-5, ,45, ,
-7, ,46, ,
-1, ,46, ,
-4, ,44, ,
-2, ,46, ,
-4, ,46, ,
-2, ,45, ,
-1, ,46, ,
3, ,46, ,
-6, ,44, ,
-4, ,46, ,
-4, ,45, ,
-5, ,45, ,
-6, ,46, ,
0, ,45, ,
0, ,44, ,
0, ,46, ,
-1, ,45, ,
-2, ,45, ,
-4, ,46, ,
-1, ,46, ,
-6, ,44, ,
0, ,46, ,
1, ,45, ,
1, ,45, ,
-1, ,46, ,
4, ,45, ,
-1, ,44, ,
-4, ,46, ,
-5, ,45, ,
-5, ,45, ,
-2, ,46, ,
-2, ,45, ,
-9, ,44, ,
0, ,46, ,
-1, ,45, ,
0, ,45, ,
-4, ,46, ,
-1, ,45, ,
-4, ,44, ,
-5, ,46, ,
-7, ,46, ,
-4, ,45, ,
-5, ,45, ,
-1, ,46, ,
-7, ,44, ,
-1, ,46, ,
-1, ,45, ,
-5, ,45, ,
-6, ,46, ,
1, ,45, ,
1, ,44, ,
0, ,46, ,
-2, ,46, ,
-1, ,45, ,
-1, ,46, ,
1, ,45, ,
-6, ,44, ,
-2, ,46, ,
-1, ,46, ,
-4, ,45, ,
-6, ,46, ,
-1, ,45, ,
-5, ,44, ,
-4, ,46, ,
-5, ,46, ,
-2, ,45, ,
-1, ,45, ,
1, ,46, ,
-5, ,44, ,
-2, ,46, ,
-2, ,45, ,
-2, ,45, ,
-7, ,46, ,
-1, ,46, ,
-5, ,44, ,
-2, ,46, ,
-6, ,46, ,
-4, ,45, ,
-1, ,46, ,
-2, ,45, ,
-7, ,44, ,
0, ,46, ,
3, ,45, ,
0, ,45, ,
-1, ,46, ,
3, ,45, ,
0, ,44, ,
-4, ,46, ,
-2, ,45, ,
-1, ,45, ,
-2, ,46, ,
1, ,46, ,
-4, ,44, ,
0, ,47, ,
-2, ,45, ,
-5, ,45, ,
-9, ,46, ,
-2, ,46, ,
-2, ,44, ,
1, ,46, ,
3, ,45, ,
3, ,45, ,
3, ,46, ,
4, ,45, ,
0, ,44, ,
0, ,46, ,
3, ,45, ,
3, ,45, ,
5, ,45, ,
8, ,45, ,
6, ,44, ,
3, ,46, ,
0, ,45, ,
3, ,45, ,
0, ,46, ,
4, ,46, ,
-2, ,44, ,
1, ,46, ,
6, ,45, ,
1, ,45, ,
1, ,46, ,
6, ,46, ,
-1, ,44, ,
0, ,46, ,
1, ,45, ,
1, ,45, ,
5, ,46, ,
6, ,45, ,
4, ,44, ,
4, ,46, ,
3, ,45, ,
-1, ,45, ,
-6, ,46, ,
-2, ,45, ,
0, ,44, ,
3, ,46, ,
3, ,45, ,
4, ,45, ,
5, ,46, ,
6, ,45, ,
4, ,44, ,
5, ,47, ,
4, ,45, ,
5, ,45, ,
3, ,46, ,
6, ,46, ,
6, ,44, ,
4, ,46, ,
4, ,45, ,
4, ,45, ,
6, ,46, ,
8, ,46, ,
-1, ,44, ,
5, ,46, ,
4, ,45, ,
1, ,45, ,
3, ,46, ,
3, ,46, ,
8, ,44, ,
5, ,46, ,
4, ,45, ,
8, ,45, ,
1, ,46, ,
8, ,46, ,
1, ,44, ,
4, ,46, ,
9, ,45, ,
6, ,45, ,
4, ,46, ,
6, ,45, ,
4, ,44, ,
4, ,46, ,
1, ,45, ,
3, ,45, ,
5, ,46, ,
6, ,45, ,
1, ,44, ,
4, ,46, ,
1, ,45, ,
0, ,45, ,
0, ,46, ,
6, ,46, ,
8, ,44, ,
9, ,46, ,
5, ,46, ,
8, ,45, ,
8, ,46, ,
9, ,46, ,
4, ,44, ,
5, ,46, ,
8, ,45, ,
5, ,45, ,
-1, ,46, ,
6, ,45, ,
-1, ,44, ,
0, ,46, ,
-1, ,46, ,
-1, ,45, ,
1, ,46, ,
3, ,45, ,
-1, ,44, ,
5, ,46, ,
4, ,45, ,
6, ,45, ,
5, ,46, ,
10, ,45, ,
0, ,44, ,
4, ,46, ,
1, ,46, ,
4, ,45, ,
4, ,46, ,
5, ,46, ,
1, ,44, ,
6, ,46, ,
6, ,45, ,
1, ,45, ,
-1, ,46, ,
3, ,45, ,
1, ,44, ,
4, ,46, ,
4, ,45, ,
4, ,45, ,
5, ,46, ,
6, ,46, ,
-1, ,44, ,
5, ,46, ,
4, ,45, ,
4, ,45, ,
1, ,46, ,
3, ,46, ,
5, ,44, ,
3, ,46, ,
-2, ,45, ,
-5, ,45, ,
-5, ,45, ,
-4, ,45, ,
-7, ,44, ,
-1, ,46, ,
1, ,45, ,
-1, ,45, ,
-4, ,46, ,
0, ,45, ,
1, ,44, ,
1, ,46, ,
-2, ,46, ,
1, ,45, ,
1, ,46, ,
3, ,46, ,
-1, ,44, ,
0, ,46, ,
1, ,45, ,
0, ,45, ,
-6, ,46, ,
3, ,45, ,
-2, ,44, ,
-1, ,46, ,
-2, ,45, ,
-2, ,45, ,
-2, ,46, ,
3, ,45, ,
0, ,44, ,
4, ,46, ,
5, ,45, ,
4, ,45, ,
0, ,46, ,
3, ,45, ,
-1, ,44, ,
0, ,46, ,
-4, ,46, ,
-2, ,45, ,
-5, ,46, ,
-5, ,45, ,
-11, ,44, ,
-4, ,46, ,
-2, ,45, ,
-1, ,45, ,
-4, ,46, ,
0, ,45, ,
0, ,44, ,
-2, ,46, ,
-5, ,45, ,
-5, ,45, ,
-7, ,46, ,
-2, ,46, ,
-10, ,44, ,
-5, ,46, ,
-1, ,45, ,
-5, ,45, ,
-5, ,46, ,
-1, ,46, ,
-4, ,44, ,
-4, ,46, ,
-6, ,46, ,
-5, ,45, ,
0, ,46, ,
0, ,46, ,
-5, ,44, ,
-1, ,46, ,
0, ,45, ,
-1, ,45, ,
-4, ,46, ,
-1, ,45, ,
-2, ,44, ,
-2, ,46, ,
-2, ,46, ,
-1, ,45, ,
-4, ,46, ,
-2, ,46, ,
-6, ,45, ,
-4, ,46, ,
-1, ,45, ,
-2, ,45, ,
-5, ,46, ,
0, ,46, ,
-6, ,44, ,
0, ,46, ,
-4, ,45, ,
-4, ,45, ,
-2, ,45, ,
0, ,46, ,
-4, ,44, ,
1, ,46, ,
1, ,45, ,
0, ,45, ,
-4, ,46, ,
3, ,45, ,
1, ,44, ,
-1, ,46, ,
-2, ,46, ,
-2, ,45, ,
-1, ,46, ,
-1, ,46, ,
-7, ,44, ,
3, ,46, ,
3, ,46, ,
1, ,45, ,
-2, ,46, ,
0, ,46, ,
-2, ,44, ,
-1, ,46, ,
-2, ,45, ,
-1, ,45, ,
-1, ,46, ,
-1, ,46, ,
-4, ,44, ,
0, ,46, ,
0, ,45, ,
-1, ,45, ,
-5, ,46, ,
1, ,45, ,
0, ,44, ,
-1, ,46, ,
-4, ,46, ,
0, ,45, ,
-2, ,46, ,
1, ,45, ,
-4, ,44, ,
-1, ,46, ,
0, ,45, ,
1, ,45, ,
-1, ,46, ,
6, ,46, ,
1, ,42, ,
4, ,46, ,
3, ,46, ,
3, ,45, ,
3, ,46, ,
4, ,45, ,
-1, ,44, ,
0, ,46, ,
3, ,45, ,
1, ,45, ,
-4, ,45, ,
5, ,45, ,
0, ,44, ,
1, ,46, ,
0, ,45, ,
1, ,45, ,
-1, ,46, ,
0, ,45, ,
1, ,44, ,
4, ,46, ,
4, ,45, ,
4, ,45, ,
-2, ,46, ,
1, ,46, ,
-2, ,44, ,
-1, ,46, ,
-2, ,46, ,
0, ,45, ,
3, ,46, ,
3, ,46, ,
-4, ,44, ,
3, ,46, ,
0, ,45, ,
1, ,45, ,
-1, ,46, ,
5, ,45, ,
9, ,44, ,
5, ,46, ,
6, ,46, ,
8, ,45, ,
5, ,46, ,
6, ,46, ,
1, ,44, ,
3, ,47, ,
5, ,45, ,
4, ,45, ,
-1, ,46, ,
9, ,46, ,
6, ,44, ,
6, ,46, ,
5, ,45, ,
5, ,45, ,
5, ,46, ,
6, ,45, ,
1, ,44, ,
5, ,46, ,
6, ,45, ,
5, ,45, ,
3, ,46, ,
5, ,45, ,
5, ,44, ,
4, ,46, ,
4, ,45, ,
6, ,45, ,
8, ,45, ,
9, ,46, ,
1, ,44, ,
5, ,46, ,
3, ,45, ,
0, ,45, ,
-1, ,46, ,
5, ,46, ,
3, ,44, ,
5, ,46, ,
8, ,46, ,
10, ,45, ,
9, ,46, ,
6, ,46, ,
0, ,44, ,
3, ,46, ,
4, ,45, ,
3, ,45, ,
-1, ,46, ,
5, ,46, ,
3, ,44, ,
3, ,46, ,
1, ,46, ,
0, ,45, ,
1, ,46, ,
6, ,45, ,
0, ,44, ,
4, ,46, ,
6, ,45, ,
4, ,45, ,
-1, ,46, ,
1, ,46, ,
0, ,44, ,
3, ,46, ,
4, ,46, ,
5, ,45, ,
3, ,45, ,
10, ,40, ,
5, ,30, ,
1, ,20, ,
0, ,11, ,
-2, ,2, ,
-6, ,-4, ,
-1, ,-10, ,
-1, ,-16, ,
0, ,-20, ,
-2, ,-24, ,
-1, ,-27, ,
-6, ,-30, ,
0, ,-32, ,
-6, ,-35, ,
-1, ,-38, ,
0, ,-39, ,
-2, ,-40, ,
-6, ,-41, ,
0, ,-42, ,
1, ,-42, ,
1, ,-44, ,
-1, ,-44, ,
4, ,-45, ,
4, ,-45, ,
1, ,-46, ,
-2, ,-45, ,
1, ,-47, ,
1, ,-47, ,
1, ,-47, ,
-2, ,-47, ,
3, ,-48, ,
0, ,-47, ,
-2, ,-48, ,
-2, ,-48, ,
0, ,-47, ,
1, ,-48, ,
3, ,-48, ,
1, ,-47, ,
5, ,-49, ,
6, ,-48, ,
4, ,-48, ,
1, ,-48, ,
5, ,-48, ,
3, ,-47, ,
0, ,-49, ,
-2, ,-48, ,
0, ,-48, ,
4, ,-48, ,
3, ,-48, ,
-4, ,-47, ,
1, ,-48, ,
1, ,-48, ,
-1, ,-47, ,
-5, ,-48, ,
1, ,-48, ,
5, ,-47, ,
3, ,-48, ,
0, ,-48, ,
4, ,-48, ,
1, ,-48, ,
-1, ,-48, ,
-7, ,-47, ,
-1, ,-49, ,
3, ,-48, ,
-1, ,-47, ,
-5, ,-48, ,
3, ,-48, ,
-1, ,-47, ,
0, ,-48, ,
-5, ,-47, ,
-1, ,-48, ,
-1, ,-48, ,
1, ,-48, ,
-5, ,-47, ,
-1, ,-48, ,
3, ,-48, ,
0, ,-48, ,
-4, ,-48, ,
1, ,-48, ,
-1, ,-47, ,
-1, ,-48, ,
-5, ,-48, ,
-2, ,-47, ,
-2, ,-48, ,
-1, ,-48, ,
-6, ,-46, ,
-1, ,-48, ,
1, ,-48, ,
-4, ,-47, ,
-9, ,-48, ,
-1, ,-48, ,
-4, ,-46, ,
-1, ,-48, ,
0, ,-47, ,
1, ,-47, ,
3, ,-47, ,
-1, ,-47, ,
-4, ,-47, ,
-1, ,-48, ,
-2, ,-48, ,
-2, ,-47, ,
-4, ,-48, ,
3, ,-48, ,
0, ,-47, ,
-2, ,-48, ,
-1, ,-47, ,
-1, ,-47, ,
-1, ,-47, ,
0, ,-48, ,
-5, ,-46, ,
-1, ,-48, ,
1, ,-48, ,
-2, ,-47, ,
-5, ,-48, ,
1, ,-48, ,
-1, ,-46, ,
-2, ,-48, ,
-6, ,-47, ,
-1, ,-47, ,
-1, ,-47, ,
-2, ,-47, ,
-5, ,-47, ,
-1, ,-48, ,
-2, ,-47, ,
0, ,-47, ,
-5, ,-47, ,
1, ,-48, ,
0, ,-47, ,
-2, ,-48, ,
-7, ,-47, ,
-2, ,-47, ,
-5, ,-48, ,
-2, ,-47, ,
-7, ,-47, ,
-1, ,-48, ,
0, ,-48, ,
-2, ,-47, ,
-4, ,-48, ,
1, ,-48, ,
-2, ,-47, ,
0, ,-48, ,
0, ,-48, ,
3, ,-47, ,
0, ,-48, ,
-1, ,-47, ,
-5, ,-47, ,
-2, ,-48, ,
0, ,-47, ,
-1, ,-47, ,
-4, ,-47, ,
3, ,-47, ,
0, ,-47, ,
-2, ,-48, ,
-4, ,-47, ,
-1, ,-47, ,
-1, ,-47, ,
0, ,-47, ,
-5, ,-47, ,
5, ,-48, ,
6, ,-48, ,
6, ,-47, ,
-1, ,-48, ,
4, ,-48, ,
0, ,-47, ,
-1, ,-48, ,
-4, ,-47, ,
-2, ,-47, ,
0, ,-47, ,
1, ,-47, ,
-4, ,-46, ,
0, ,-48, ,
3, ,-47, ,
4, ,-47, ,
3, ,-47, ,
4, ,-48, ,
5, ,-47, ,
3, ,-48, ,
3, ,-47, ,
3, ,-47, ,
1, ,-47, ,
5, ,-48, ,
0, ,-46, ,
4, ,-48, ,
4, ,-48, ,
1, ,-47, ,
-1, ,-47, ,
4, ,-48, ,
5, ,-46, ,
4, ,-48, ,
0, ,-47, ,
3, ,-47, ,
3, ,-47, ,
0, ,-47, ,
-1, ,-47, ,
0, ,-48, ,
6, ,-47, ,
-1, ,-47, ,
-2, ,-48, ,
10, ,-48, ,
6, ,-47, ,
4, ,-48, ,
1, ,-47, ,
3, ,-47, ,
4, ,-47, ,
3, ,-48, ,
-1, ,-46, ,
1, ,-48, ,
8, ,-48, ,
3, ,-47, ,
0, ,-48, ,
5, ,-48, ,
3, ,-46, ,
4, ,-48, ,
5, ,-47, ,
5, ,-47, ,
8, ,-47, ,
4, ,-48, ,
0, ,-47, ,
5, ,-48, ,
5, ,-47, ,
0, ,-47, ,
-5, ,-47, ,
0, ,-48, ,
1, ,-47, ,
-1, ,-48, ,
-1, ,-47, ,
-1, ,-47, ,
3, ,-47, ,
3, ,-48, ,
-10, ,-46, ,
-2, ,-48, ,
3, ,-48, ,
5, ,-47, ,
0, ,-47, ,
9, ,-48, ,
5, ,-46, ,
8, ,-48, ,
6, ,-47, ,
3, ,-47, ,
4, ,-47, ,
4, ,-47, ,
-1, ,-47, ,
1, ,-48, ,
5, ,-48, ,
4, ,-47, ,
1, ,-48, ,
8, ,-48, ,
5, ,-47, ,
3, ,-48, ,
5, ,-47, ,
8, ,-47, ,
9, ,-47, ,
11, ,-47, ,
5, ,-46, ,
8, ,-48, ,
8, ,-48, ,
-1, ,-47, ,
-1, ,-48, ,
5, ,-47, ,
5, ,-46, ,
8, ,-48, ,
6, ,-47, ,
9, ,-47, ,
9, ,-47, ,
6, ,-48, ,
0, ,-46, ,
1, ,-48, ,
1, ,-47, ,
-1, ,-47, ,
-4, ,-48, ,
1, ,-48, ,
3, ,-47, ,
1, ,-48, ,
4, ,-47, ,
5, ,-47, ,
6, ,-48, ,
6, ,-47, ,
3, ,-47, ,
4, ,-48, ,
5, ,-48, ,
4, ,-47, ,
0, ,-48, ,
9, ,-47, ,
3, ,-46, ,
0, ,-48, ,
0, ,-47, ,
3, ,-47, ,
4, ,-47, ,
5, ,-47, ,
1, ,-47, ,
5, ,-48, ,
4, ,-47, ,
1, ,-47, ,
-6, ,-47, ,
0, ,-48, ,
3, ,-47, ,
0, ,-48, ,
3, ,-48, ,
4, ,-47, ,
4, ,-47, ,
5, ,-47, ,
-4, ,-46, ,
0, ,-48, ,
1, ,-48, ,
-2, ,-47, ,
-5, ,-47, ,
1, ,-48, ,
3, ,-46, ,
0, ,-48, ,
-2, ,-47, ,
1, ,-47, ,
1, ,-47, ,
1, ,-47, ,
-4, ,-47, ,
0, ,-48, ,
3, ,-47, ,
3, ,-47, ,
0, ,-48, ,
5, ,-47, ,
3, ,-47, ,
1, ,-48, ,
0, ,-47, ,
0, ,-47, ,
0, ,-47, ,
1, ,-48, ,
-5, ,-46, ,
-1, ,-48, ,
0, ,-47, ,
-1, ,-47, ,
-5, ,-47, ,
1, ,-48, ,
0, ,-46, ,
1, ,-48, ,
-1, ,-47, ,
0, ,-47, ,
3, ,-47, ,
1, ,-47, ,
-1, ,-47, ,
3, ,-48, ,
3, ,-47, ,
0, ,-47, ,
-6, ,-48, ,
-1, ,-48, ,
-1, ,-47, ,
-2, ,-48, ,
-2, ,-47, ,
0, ,-47, ,
1, ,-47, ,
3, ,-47, ,
-2, ,-46, ,
3, ,-48, ,
1, ,-48, ,
-1, ,-47, ,
-4, ,-48, ,
3, ,-47, ,
-5, ,-46, ,
1, ,-48, ,
1, ,-47, ,
-1, ,-47, ,
1, ,-47, ,
-1, ,-47, ,
-9, ,-47, ,
-4, ,-48, ,
0, ,-47, ,
-1, ,-47, ,
-5, ,-47, ,
3, ,-48, ,
1, ,-47, ,
-2, ,-48, ,
-4, ,-47, ,
-2, ,-47, ,
-6, ,-47, ,
0, ,-48, ,
-4, ,-46, ,
0, ,-48, ,
0, ,-47, ,
-1, ,-47, ,
-5, ,-48, ,
0, ,-48, ,
-5, ,-46, ,
-2, ,-48, ,
-4, ,-47, ,
-2, ,-47, ,
1, ,-47, ,
-1, ,-47, ,
-5, ,-47, ,
0, ,-48, ,
-1, ,-48, ,
-1, ,-47, ,
-7, ,-47, ,
0, ,-47, ,
-1, ,-47, ,
0, ,-48, ,
-2, ,-47, ,
-1, ,-47, ,
1, ,-47, ,
1, ,-47, ,
0, ,-46, ,
5, ,-48, ,
5, ,-48, ,
3, ,-47, ,
-2, ,-48, ,
4, ,-48, ,
0, ,-47, ,
-1, ,-48, ,
-2, ,-47, ,
-2, ,-47, ,
-1, ,-47, ,
-1, ,-47, ,
-4, ,-46, ,
1, ,-48, ,
4, ,-47, ,
4, ,-47, ,
-1, ,-48, ,
5, ,-48, ,
3, ,-47, ,
-1, ,-47, ,
-1, ,-47, ,
0, ,-47, ,
-1, ,-47, ,
4, ,-47, ,
-2, ,-46, ,
1, ,-48, ,
9, ,-48, ,
4, ,-47, ,
-1, ,-47, ,
3, ,-48, ,
-1, ,-46, ,
0, ,-48, ,
-9, ,-47, ,
-1, ,-47, ,
0, ,-47, ,
3, ,-47, ,
-4, ,-47, ,
-1, ,-48, ,
3, ,-47, ,
-1, ,-47, ,
-2, ,-48, ,
3, ,-48, ,
0, ,-46, ,
3, ,-48, ,
-4, ,-47, ,
1, ,-47, ,
-1, ,-47, ,
-2, ,-48, ,
-6, ,-46, ,
-2, ,-48, ,
3, ,-48, ,
0, ,-47, ,
-1, ,-48, ,
9, ,-47, ,
3, ,-47, ,
4, ,-48, ,
0, ,-47, ,
-1, ,-47, ,
1, ,-47, ,
3, ,-47, ,
0, ,-46, ,
5, ,-48, ,
4, ,-47, ,
4, ,-47, ,
0, ,-48, ,
1, ,-48, ,
-1, ,-47, ,
0, ,-47, ,
-5, ,-47, ,
0, ,-47, ,
3, ,-47, ,
4, ,-48, ,
-1, ,-46, ,
6, ,-48, ,
4, ,-48, ,
3, ,-47, ,
-1, ,-48, ,
5, ,-47, ,
5, ,-46, ,
5, ,-48, ,
4, ,-47, ,
4, ,-47, ,
1, ,-48, ,
0, ,-47, ,
-4, ,-47, ,
1, ,-48, ,
3, ,-47, ,
1, ,-47, ,
0, ,-47, ,
5, ,-47, ,
5, ,-47, ,
5, ,-47, ,
0, ,-48, ,
3, ,-47, ,
4, ,-47, ,
6, ,-48, ,
1, ,-46, ,
5, ,-48, ,
8, ,-47, ,
4, ,-47, ,
1, ,-48, ,
6, ,-48, ,
4, ,-46, ,
5, ,-48, ,
1, ,-47, ,
6, ,-47, ,
6, ,-47, ,
6, ,-47, ,
1, ,-46, ,
3, ,-48, ,
4, ,-48, ,
3, ,-47, ,
-2, ,-47, ,
3, ,-48, ,
3, ,-46, ,
3, ,-48, ,
1, ,-47, ,
4, ,-47, ,
4, ,-47, ,
5, ,-48, ,
0, ,-46, ,
0, ,-48, ,
3, ,-47, ,
1, ,-47, ,
-4, ,-48, ,
1, ,-47, ,
0, ,-46, ,
3, ,-48, ,
3, ,-47, ,
0, ,-47, ,
4, ,-47, ,
3, ,-47, ,
-4, ,-46, ,
3, ,-48, ,
3, ,-47, ,
0, ,-47, ,
-1, ,-47, ,
3, ,-48, ,
1, ,-47, ,
0, ,-48, ,
0, ,-47, ,
1, ,-47, ,
1, ,-47, ,
1, ,-48, ,
0, ,-46, ,
5, ,-48, ,
6, ,-48, ,
3, ,-47, ,
-2, ,-48, ,
1, ,-48, ,
-1, ,-46, ,
-1, ,-48, ,
0, ,-47, ,
4, ,-47, ,
5, ,-47, ,
8, ,-47, ,
1, ,-47, ,
3, ,-48, ,
1, ,-48, ,
0, ,-47, ,
4, ,-48, ,
6, ,-48, ,
8, ,-47, ,
6, ,-47, ,
3, ,-47, ,
5, ,-47, ,
3, ,-47, ,
3, ,-47, ,
-4, ,-46, ,
0, ,-48, ,
0, ,-47, ,
-1, ,-47, ,
-2, ,-48, ,
4, ,-48, ,
3, ,-46, ,
3, ,-48, ,
1, ,-47, ,
1, ,-47, ,
4, ,-47, ,
4, ,-47, ,
1, ,-46, ,
6, ,-48, ,
1, ,-47, ,
-1, ,-47, ,
-6, ,-48, ,
0, ,-48, ,
-1, ,-47, ,
-4, ,-47, ,
-4, ,-47, ,
0, ,-47, ,
0, ,-47, ,
3, ,-47, ,
-4, ,-46, ,
1, ,-48, ,
3, ,-48, ,
-1, ,-47, ,
-5, ,-47, ,
5, ,-48, ,
1, ,-47, ,
0, ,-48, ,
-1, ,-47, ,
0, ,-47, ,
0, ,-48, ,
0, ,-47, ,
-6, ,-47, ,
-1, ,-48, ,
-2, ,-47, ,
-2, ,-47, ,
-2, ,-48, ,
3, ,-48, ,
4, ,-47, ,
0, ,-48, ,
0, ,-47, ,
3, ,-47, ,
1, ,-48, ,
1, ,-47, ,
-2, ,-46, ,
-4, ,-48, ,
1, ,-48, ,
-2, ,-47, ,
-5, ,-47, ,
1, ,-48, ,
-1, ,-46, ,
1, ,-48, ,
-4, ,-47, ,
0, ,-47, ,
0, ,-47, ,
-2, ,-47, ,
-6, ,-47, ,
0, ,-48, ,
-1, ,-47, ,
-1, ,-47, ,
-4, ,-47, ,
0, ,-48, ,
1, ,-46, ,
0, ,-48, ,
-1, ,-47, ,
1, ,-47, ,
3, ,-47, ,
4, ,-48, ,
3, ,-47, ,
3, ,-48, ,
1, ,-48, ,
0, ,-47, ,
-4, ,-48, ,
1, ,-48, ,
-4, ,-46, ,
-1, ,-48, ,
-1, ,-47, ,
1, ,-47, ,
3, ,-47, ,
1, ,-47, ,
-6, ,-46, ,
5, ,-48, ,
3, ,-47, ,
-2, ,-47, ,
0, ,-47, ,
0, ,-48, ,
5, ,-46, ,
3, ,-47, ,
-4, ,-48, ,
1, ,-47, ,
-1, ,-47, ,
3, ,-47, ,
-6, ,-46, ,
1, ,-48, ,
6, ,-48, ,
5, ,-47, ,
0, ,-47, ,
4, ,-48, ,
1, ,-47, ,
0, ,-48, ,
-5, ,-47, ,
-1, ,-47, ,
0, ,-47, ,
1, ,-47, ,
-2, ,-47, ,
1, ,-48, ,
1, ,-47, ,
1, ,-47, ,
-4, ,-47, ,
1, ,-47, ,
0, ,-47, ,
0, ,-48, ,
-6, ,-47, ,
-1, ,-47, ,
1, ,-47, ,
-1, ,-47, ,
-5, ,-47, ,
0, ,-48, ,
3, ,-48, ,
1, ,-47, ,
-2, ,-47, ,
5, ,-48, ,
0, ,-46, ,
3, ,-48, ,
-1, ,-47, ,
0, ,-47, ,
3, ,-47, ,
3, ,-48, ,
0, ,-47, ,
3, ,-48, ,
4, ,-47, ,
4, ,-47, ,
0, ,-47, ,
5, ,-48, ,
4, ,-47, ,
0, ,-48, ,
-4, ,-47, ,
-2, ,-47, ,
1, ,-48, ,
1, ,-48, ,
-1, ,-46, ,
6, ,-48, ,
11, ,-47, ,
6, ,-47, ,
3, ,-47, ,
6, ,-47, ,
4, ,-46, ,
1, ,-48, ,
0, ,-47, ,
1, ,-47, ,
1, ,-47, ,
3, ,-47, ,
-4, ,-47, ,
3, ,-48, ,
4, ,-48, ,
1, ,-47, ,
0, ,-47, ,
3, ,-48, ,
5, ,-47, ,
1, ,-48, ,
0, ,-48, ,
4, ,-47, ,
3, ,-47, ,
3, ,-47, ,
-4, ,-46, ,
3, ,-48, ,
8, ,-48, ,
4, ,-47, ,
-5, ,-48, ,
6, ,-48, ,
8, ,-47, ,
1, ,-48, ,
-4, ,-47, ,
1, ,-47, ,
0, ,-47, ,
-1, ,-47, ,
-2, ,-46, ,
3, ,-48, ,
4, ,-47, ,
5, ,-47, ,
3, ,-47, ,
9, ,-48, ,
9, ,-47, ,
4, ,-48, ,
-2, ,-47, ,
-1, ,-47, ,
1, ,-47, ,
0, ,-48, ,
0, ,-46, ,
4, ,-48, ,
4, ,-48, ,
-2, ,-47, ,
-6, ,-48, ,
3, ,-48, ,
5, ,-46, ,
5, ,-48, ,
5, ,-48, ,
4, ,-47, ,
5, ,-47, ,
4, ,-47, ,
-1, ,-46, ,
4, ,-48, ,
4, ,-47, ,
5, ,-47, ,
4, ,-47, ,
4, ,-48, ,
4, ,-47, ,
-1, ,-48, ,
-5, ,-47, ,
0, ,-47, ,
0, ,-47, ,
0, ,-47, ,
-2, ,-43, ,
-1, ,-37, ,
6, ,-26, ,
8, ,-17, ,
6, ,-8, ,
10, ,-1, ,
9, ,6, ,
6, ,11, ,
0, ,16, ,
6, ,20, ,
8, ,25, ,
11, ,27, ,
4, ,29, ,
4, ,32, ,
5, ,34, ,
3, ,35, ,
-1, ,37, ,
4, ,38, ,
1, ,38, ,
3, ,41, ,
3, ,41, ,
4, ,41, ,
5, ,42, ,
6, ,44, ,
1, ,41, ,
1, ,45, ,
4, ,45, ,
1, ,45, ,
-1, ,45, ,
6, ,45, ,
3, ,44, ,
5, ,46, ,
3, ,46, ,
4, ,46, ,
4, ,46, ,
3, ,46, ,
-2, ,45, ,
3, ,47, ,
-1, ,45, ,
0, ,46, ,
-5, ,46, ,
1, ,46, ,
0, ,45, ,
1, ,46, ,
-2, ,46, ,
-4, ,46, ,
-2, ,46, ,
1, ,46, ,
-4, ,45, ,
0, ,47, ,
0, ,46, ,
1, ,46, ,
-2, ,46, ,
1, ,46, ,
-2, ,44, ,
-1, ,47, ,
-4, ,46, ,
-1, ,46, ,
-2, ,46, ,
-2, ,46, ,
-4, ,44, ,
0, ,47, ,
0, ,46, ,
-1, ,45, ,
-1, ,46, ,
0, ,46, ,
0, ,45, ,
-1, ,46, ,
0, ,46, ,
4, ,45, ,
1, ,46, ,
4, ,46, ,
-4, ,45, ,
-2, ,47, ,
-1, ,46, ,
-4, ,45, ,
-5, ,46, ,
3, ,46, ,
0, ,44, ,
3, ,47, ,
1, ,46, ,
1, ,46, ,
1, ,46, ,
0, ,46, ,
-4, ,45, ,
-1, ,46, ,
0, ,46, ,
0, ,46, ,
-1, ,46, ,
1, ,46, ,
1, ,44, ,
4, ,46, ,
0, ,46, ,
4, ,46, ,
3, ,46, ,
4, ,46, ,
-2, ,44, ,
1, ,47, ,
0, ,45, ,
-2, ,45, ,
-5, ,46, ,
1, ,46, ,
-1, ,44, ,
0, ,46, ,
-1, ,46, ,
0, ,45, ,
4, ,46, ,
6, ,45, ,
-4, ,44, ,
0, ,46, ,
-2, ,45, ,
-2, ,45, ,
-6, ,46, ,
-1, ,45, ,
1, ,44, ,
0, ,46, ,
0, ,46, ,
1, ,45, ,
-1, ,46, ,
3, ,46, ,
-2, ,44, ,
-1, ,46, ,
1, ,45, ,
-1, ,45, ,
-4, ,46, ,
4, ,45, ,
0, ,44, ,
1, ,46, ,
0, ,45, ,
3, ,45, ,
1, ,46, ,
1, ,46, ,
-1, ,44, ,
1, ,46, ,
1, ,45, ,
0, ,46, ,
-2, ,46, ,
3, ,45, ,
1, ,44, ,
3, ,46, ,
1, ,46, ,
0, ,45, ,
1, ,46, ,
3, ,46, ,
-2, ,44, ,
3, ,46, ,
5, ,45, ,
1, ,45, ,
-6, ,46, ,
3, ,45, ,
-4, ,44, ,
1, ,46, ,
1, ,45, ,
1, ,45, ,
4, ,46, ,
3, ,46, ,
1, ,45, ,
1, ,46, ,
1, ,45, ,
1, ,45, ,
-4, ,46, ,
-1, ,46, ,
0, ,44, ,
0, ,46, ,
-1, ,46, ,
1, ,45, ,
3, ,46, ,
4, ,46, ,
0, ,44, ,
5, ,46, ,
6, ,45, ,
4, ,45, ,
4, ,46, ,
8, ,46, ,
3, ,44, ,
3, ,46, ,
0, ,45, ,
0, ,45, ,
0, ,46, ,
4, ,46, ,
-2, ,44, ,
1, ,46, ,
4, ,45, ,
4, ,46, ,
1, ,46, ,
3, ,46, ,
1, ,44, ,
-1, ,46, ,
-4, ,45, ,
1, ,45, ,
0, ,46, ,
5, ,46, ,
0, ,44, ,
4, ,46, ,
6, ,45, ,
1, ,45, ,
-1, ,46, ,
5, ,45, ,
-1, ,44, ,
1, ,46, ,
-2, ,45, ,
0, ,45, ,
-1, ,46, ,
-1, ,45, ,
-2, ,44, ,
1, ,46, ,
3, ,45, ,
3, ,46, ,
1, ,46, ,
8, ,46, ,
6, ,44, ,
3, ,46, ,
0, ,45, ,
-1, ,45, ,
-4, ,45, ,
-1, ,46, ,
-1, ,44, ,
4, ,46, ,
6, ,45, ,
4, ,45, ,
-2, ,46, ,
5, ,46, ,
0, ,44, ,
-1, ,46, ,
0, ,46, ,
4, ,45, ,
5, ,46, ,
6, ,46, ,
1, ,44, ,
5, ,46, ,
4, ,45, ,
4, ,45, ,
0, ,46, ,
4, ,46, ,
1, ,44, ,
3, ,46, ,
0, ,45, ,
0, ,45, ,
0, ,45, ,
6, ,46, ,
-1, ,42, ,
4, ,46, ,
4, ,45, ,
4, ,45, ,
1, ,46, ,
5, ,46, ,
4, ,42, ,
6, ,46, ,
1, ,45, ,
3, ,45, ,
-2, ,46, ,
0, ,46, ,
-2, ,44, ,
0, ,46, ,
3, ,45, ,
4, ,45, ,
3, ,46, ,
4, ,46, ,
3, ,44, ,
1, ,46, ,
-1, ,45, ,
1, ,45, ,
1, ,45, ,
1, ,46, ,
-1, ,44, ,
3, ,46, ,
4, ,45, ,
3, ,45, ,
-5, ,46, ,
1, ,46, ,
1, ,44, ,
3, ,46, ,
0, ,45, ,
3, ,45, ,
5, ,46, ,
4, ,45, ,
-1, ,44, ,
3, ,46, ,
1, ,45, ,
0, ,45, ,
-5, ,45, ,
5, ,46, ,
3, ,44, ,
0, ,46, ,
0, ,45, ,
3, ,45, ,
3, ,46, ,
4, ,46, ,
-2, ,44, ,
1, ,46, ,
3, ,45, ,
0, ,45, ,
-2, ,46, ,
5, ,45, ,
3, ,42, ,
1, ,46, ,
-1, ,46, ,
-1, ,45, ,
-2, ,46, ,
-1, ,46, ,
-6, ,44, ,
0, ,46, ,
3, ,45, ,
0, ,45, ,
-1, ,46, ,
3, ,46, ,
3, ,44, ,
1, ,46, ,
-2, ,45, ,
3, ,45, ,
4, ,46, ,
5, ,46, ,
0, ,44, ,
4, ,46, ,
5, ,45, ,
-1, ,45, ,
-2, ,46, ,
0, ,46, ,
-4, ,44, ,
1, ,46, ,
0, ,46, ,
1, ,45, ,
4, ,45, ,
-5, ,46, ,
-6, ,44, ,
5, ,46, ,
1, ,45, ,
1, ,45, ,
0, ,46, ,
5, ,45, ,
5, ,44, ,
4, ,46, ,
1, ,46, ,
0, ,45, ,
1, ,46, ,
1, ,46, ,
-6, ,44, ,
-5, ,46, ,
-9, ,45, ,
-9, ,45, ,
-21, ,46, ,
-14, ,46, ,
-11, ,44, ,
-12, ,46, ,
-7, ,45, ,
-2, ,45, ,
4, ,46, ,
5, ,45, ,
3, ,44, ,
13, ,46, ,
10, ,45, ,
9, ,45, ,
1, ,46, ,
-2, ,46, ,
1, ,44, ,
-1, ,46, ,
-6, ,45, ,
-1, ,45, ,
-2, ,46, ,
-1, ,46, ,
-9, ,44, ,
-4, ,46, ,
-2, ,45, ,
-1, ,45, ,
-4, ,45, ,
4, ,45, ,
-1, ,44, ,
0, ,46, ,
-5, ,45, ,
-2, ,45, ,
-5, ,46, ,
0, ,45, ,
-4, ,45, ,
-1, ,46, ,
1, ,45, ,
-2, ,45, ,
-2, ,45, ,
3, ,45, ,
1, ,44, ,
3, ,46, ,
3, ,46, ,
3, ,45, ,
1, ,46, ,
3, ,46, ,
-6, ,44, ,
0, ,46, ,
3, ,45, ,
0, ,45, ,
1, ,46, ,
6, ,45, ,
4, ,44, ,
3, ,46, ,
-2, ,45, ,
0, ,45, ,
0, ,45, ,
1, ,46, ,
-2, ,44, ,
-1, ,46, ,
-2, ,45, ,
-5, ,45, ,
-7, ,46, ,
0, ,46, ,
-1, ,44, ,
1, ,46, ,
1, ,46, ,
3, ,45, ,
5, ,46, ,
6, ,45, ,
-2, ,44, ,
3, ,46, ,
1, ,45, ,
0, ,45, ,
-5, ,46, ,
0, ,46, ,
1, ,44, ,
3, ,46, ,
3, ,45, ,
0, ,45, ,
3, ,45, ,
3, ,46, ,
0, ,44, ,
1, ,46, ,
-2, ,45, ,
1, ,45, ,
1, ,46, ,
0, ,45, ,
0, ,44, ,
1, ,46, ,
-4, ,45, ,
0, ,46, ,
1, ,46, ,
8, ,46, ,
1, ,44, ,
5, ,46, ,
3, ,45, ,
1, ,46, ,
-4, ,45, ,
3, ,46, ,
-2, ,44, ,
1, ,46, ,
3, ,46, ,
4, ,45, ,
6, ,46, ,
5, ,45, ,
-1, ,44, ,
1, ,46, ,
5, ,45, ,
4, ,45, ,
1, ,45, ,
6, ,46, ,
4, ,44, ,
6, ,46, ,
3, ,45, ,
1, ,45, ,
3, ,45, ,
4, ,45, ,
0, ,44, ,
1, ,46, ,
0, ,45, ,
3, ,45, ,
-1, ,45, ,
6, ,46, ,
1, ,44, ,
3, ,46, ,
0, ,46, ,
3, ,45, ,
5, ,46, ,
6, ,46, ,
4, ,44, ,
6, ,46, ,
9, ,45, ,
9, ,45, ,
4, ,46, ,
4, ,45, ,
4, ,44, ,
0, ,46, ,
1, ,45, ,
0, ,45, ,
0, ,45, ,
1, ,45, ,
0, ,44, ,
10, ,46, ,
10, ,46, ,
10, ,46, ,
5, ,45, ,
5, ,46, ,
3, ,44, ,
3, ,46, ,
1, ,45, ,
5, ,45, ,
4, ,46, ,
1, ,45, ,
-4, ,44, ,
-4, ,46, ,
0, ,45, ,
1, ,45, ,
4, ,46, ,
9, ,45, ,
9, ,44, ,
9, ,46, ,
3, ,46, ,
3, ,45, ,
-4, ,46, ,
1, ,46, ,
-1, ,44, ,
0, ,46, ,
5, ,45, ,
5, ,45, ,
1, ,46, ,
8, ,46, ,
0, ,44, ,
1, ,46, ,
-2, ,46, ,
0, ,45, ,
6, ,46, ,
10, ,46, ,
5, ,44, ,
8, ,46, ,
4, ,45, ,
3, ,45, ,
1, ,45, ,
5, ,45, ,
4, ,44, ,
5, ,46, ,
4, ,45, ,
6, ,45, ,
3, ,45, ,
4, ,46, ,
-1, ,44, ,
0, ,46, ,
4, ,45, ,
4, ,45, ,
1, ,45, ,
3, ,46, ,
1, ,44, ,
1, ,46, ,
1, ,46, ,
4, ,45, ,
1, ,46, ,
1, ,45, ,
0, ,44, ,
5, ,46, ,
9, ,45, ,
5, ,45, ,
9, ,45, ,
13, ,45, ,
9, ,44, ,
11, ,46, ,
8, ,46, ,
6, ,45, ,
9, ,46, ,
9, ,46, ,
3, ,44, ,
8, ,46, ,
9, ,45, ,
4, ,45, ,
0, ,46, ,
5, ,46, ,
-1, ,44, ,
1, ,46, ,
0, ,45, ,
1, ,45, ,
1, ,46, ,
3, ,45, ,
3, ,44, ,
4, ,46, ,
-1, ,45, ,
3, ,45, ,
1, ,46, ,
5, ,46, ,
4, ,44, ,
4, ,46, ,
0, ,45, ,
5, ,45, ,
3, ,45, ,
5, ,46, ,
1, ,44, ,
5, ,46, ,
3, ,45, ,
0, ,45, ,
-6, ,45, ,
3, ,45, ,
0, ,44, ,
3, ,46, ,
5, ,45, ,
3, ,45, ,
6, ,46, ,
4, ,45, ,
-2, ,44, ,
4, ,46, ,
3, ,45, ,
4, ,45, ,
0, ,46, ,
3, ,45, ,
-1, ,44, ,
-1, ,46, ,
-6, ,45, ,
0, ,45, ,
-1, ,46, ,
5, ,45, ,
-4, ,44, ,
3, ,46, ,
6, ,45, ,
0, ,45, ,
-2, ,46, ,
1, ,45, ,
-4, ,44, ,
1, ,46, ,
-2, ,46, ,
-1, ,45, ,
-2, ,46, ,
-1, ,45, ,
-9, ,44, ,
-2, ,46, ,
-1, ,45, ,
-2, ,45, ,
-4, ,46, ,
3, ,46, ,
0, ,44, ,
1, ,46, ,
0, ,45, ,
0, ,45, ,
0, ,46, ,
-1, ,46, ,
-5, ,44, ,
0, ,46, ,
-1, ,45, ,
-1, ,45, ,
-5, ,46, ,
1, ,46, ,
-1, ,44, ,
-1, ,46, ,
-4, ,45, ,
-4, ,45, ,
-4, ,46, ,
-5, ,45, ,
-6, ,44, ,
-6, ,46, ,
-7, ,45, ,
-5, ,45, ,
-9, ,45, ,
-4, ,45, ,
-4, ,44, ,
-6, ,46, ,
-6, ,45, ,
-5, ,45, ,
-6, ,46, ,
-4, ,46, ,
-9, ,44, ,
-5, ,46, ,
-6, ,46, ,
-7, ,45, ,
-12, ,46, ,
-4, ,46, ,
-5, ,44, ,
-5, ,46, ,
-4, ,46, ,
-4, ,45, ,
-4, ,46, ,
-2, ,46, ,
-7, ,44, ,
-4, ,46, ,
-5, ,45, ,
-7, ,45, ,
-9, ,46, ,
-2, ,46, ,
-4, ,44, ,
-1, ,46, ,
-6, ,45, ,
-2, ,45, ,
-5, ,46, ,
-4, ,45, ,
-10, ,44, ,
-6, ,46, ,
-1, ,45, ,
-2, ,45, ,
-5, ,46, ,
1, ,45, ,
-2, ,44, ,
-4, ,46, ,
-4, ,45, ,
1, ,45, ,
-1, ,46, ,
3, ,46, ,
-2, ,44, ,
3, ,46, ,
0, ,45, ,
-1, ,45, ,
-6, ,46, ,
3, ,46, ,
1, ,44, ,
4, ,46, ,
1, ,46, ,
4, ,45, ,
4, ,46, ,
5, ,46, ,
-1, ,44, ,
-2, ,46, ,
-1, ,46, ,
-2, ,45, ,
-7, ,46, ,
0, ,46, ,
-2, ,44, ,
1, ,46, ,
1, ,46, ,
1, ,45, ,
1, ,46, ,
3, ,46, ,
-6, ,44, ,
0, ,46, ,
0, ,45, ,
0, ,45, ,
-2, ,46, ,
0, ,45, ,
1, ,44, ,
0, ,46, ,
-5, ,45, ,
-1, ,45, ,
-2, ,46, ,
4, ,45, ,
0, ,44, ,
3, ,46, ,
5, ,46, ,
5, ,45, ,
0, ,46, ,
3, ,46, ,
0, ,44, ,
3, ,46, ,
3, ,46, ,
4, ,46, ,
3, ,46, ,
4, ,46, ,
-1, ,45, ,
1, ,46, ,
3, ,46, ,
0, ,45, ,
-1, ,46, ,
4, ,46, ,
1, ,44, ,
0, ,46, ,
1, ,45, ,
3, ,45, ,
4, ,46, ,
6, ,46, ,
0, ,44, ,
1, ,46, ,
4, ,45, ,
3, ,45, ,
0, ,46, ,
6, ,46, ,
1, ,44, ,
3, ,46, ,
1, ,46, ,
3, ,45, ,
4, ,46, ,
5, ,45, ,
0, ,44, ,
8, ,46, ,
8, ,45, ,
8, ,45, ,
5, ,45, ,
10, ,45, ,
8, ,44, ,
8, ,46, ,
5, ,45, ,
4, ,45, ,
6, ,46, ,
9, ,46, ,
3, ,44, ,
10, ,46, ,
10, ,45, ,
6, ,45, ,
1, ,46, ,
4, ,46, ,
1, ,44, ,
6, ,46, ,
4, ,45, ,
-2, ,45, ,
8, ,46, ,
13, ,46, ,
0, ,44, ,
10, ,44, ,
9, ,36, ,
4, ,27, ,
0, ,16, ,
4, ,8, ,
0, ,-1, ,
0, ,-7, ,
0, ,-12, ,
4, ,-18, ,
4, ,-22, ,
3, ,-25, ,
-4, ,-28, ,
1, ,-31, ,
4, ,-33, ,
5, ,-36, ,
3, ,-38, ,
8, ,-40, ,
3, ,-40, ,
3, ,-42, ,
-4, ,-42, ,
0, ,-43, ,
3, ,-44, ,
1, ,-45, ,
0, ,-44, ,
5, ,-46, ,
4, ,-46, ,
5, ,-46, ,
5, ,-47, ,
4, ,-47, ,
1, ,-47, ,
0, ,-47, ,
-4, ,-47, ,
0, ,-47, ,
1, ,-47, ,
3, ,-48, ,
-1, ,-47, ,
0, ,-49, ,
1, ,-48, ,
1, ,-47, ,
-5, ,-48, ,
3, ,-48, ,
1, ,-47, ,
1, ,-49, ,
3, ,-48, ,
3, ,-48, ,
4, ,-48, ,
6, ,-48, ,
3, ,-48, ,
6, ,-49, ,
6, ,-48, ,
5, ,-48, ,
3, ,-48, ,
5, ,-48, ,
6, ,-47, ,
1, ,-48, ,
0, ,-48, ,
5, ,-48, ,
1, ,-48, ,
6, ,-48, ,
3, ,-47, ,
9, ,-49, ,
9, ,-48, ,
8, ,-47, ,
1, ,-48, ,
4, ,-48, ,
4, ,-47, ,
4, ,-48, ,
-1, ,-48, ,
1, ,-48, ,
1, ,-48, ,
3, ,-48, ,
-2, ,-48, ,
1, ,-48, ,
3, ,-48, ,
1, ,-47, ,
-1, ,-48, ,
4, ,-48, ,
0, ,-47, ,
4, ,-48, ,
-2, ,-48, ,
1, ,-47, ,
0, ,-48, ,
3, ,-48, ,
0, ,-46, ,
5, ,-49, ,
8, ,-48, ,
0, ,-47, ,
-4, ,-48, ,
3, ,-48, ,
-1, ,-46, ,
1, ,-48, ,
0, ,-47, ,
0, ,-47, ,
1, ,-47, ,
-1, ,-47, ,
-7, ,-47, ,
-1, ,-48, ,
-4, ,-47, ,
1, ,-47, ,
-2, ,-48, ,
4, ,-48, ,
0, ,-47, ,
-4, ,-48, ,
-5, ,-48, ,
-2, ,-47, ,
-2, ,-48, ,
-4, ,-48, ,
-9, ,-46, ,
-2, ,-49, ,
-2, ,-48, ,
-5, ,-47, ,
-6, ,-48, ,
-2, ,-48, ,
-7, ,-46, ,
-5, ,-48, ,
-6, ,-47, ,
-4, ,-48, ,
-1, ,-47, ,
1, ,-48, ,
-5, ,-47, ,
0, ,-48, ,
0, ,-47, ,
-1, ,-47, ,
-5, ,-47, ,
0, ,-48, ,
-1, ,-46, ,
-2, ,-48, ,
-4, ,-47, ,
-1, ,-47, ,
-2, ,-47, ,
-1, ,-48, ,
-6, ,-46, ,
-5, ,-48, ,
0, ,-48, ,
-1, ,-47, ,
-4, ,-48, ,
-1, ,-48, ,
-4, ,-46, ,
-1, ,-48, ,
-4, ,-47, ,
0, ,-47, ,
-2, ,-47, ,
-4, ,-47, ,
-9, ,-47, ,
-6, ,-48, ,
-4, ,-48, ,
-2, ,-48, ,
-5, ,-48, ,
0, ,-47, ,
0, ,-47, ,
0, ,-48, ,
-1, ,-48, ,
-1, ,-47, ,
0, ,-47, ,
1, ,-47, ,
-6, ,-46, ,
0, ,-48, ,
0, ,-48, ,
-1, ,-47, ,
-2, ,-48, ,
0, ,-48, ,
-1, ,-47, ,
-1, ,-48, ,
1, ,-48, ,
5, ,-47, ,
5, ,-48, ,
1, ,-47, ,
-5, ,-47, ,
-1, ,-48, ,
-2, ,-48, ,
-2, ,-47, ,
-6, ,-47, ,
-2, ,-48, ,
0, ,-47, ,
-1, ,-48, ,
-2, ,-47, ,
-1, ,-47, ,
-5, ,-47, ,
-2, ,-47, ,
-9, ,-47, ,
-6, ,-48, ,
-1, ,-48, ,
-5, ,-47, ,
-7, ,-47, ,
0, ,-48, ,
-2, ,-46, ,
3, ,-48, ,
-5, ,-47, ,
-2, ,-47, ,
-2, ,-48, ,
-2, ,-47, ,
-6, ,-47, ,
-2, ,-48, ,
-1, ,-47, ,
1, ,-47, ,
-2, ,-48, ,
3, ,-48, ,
3, ,-47, ,
0, ,-47, ,
-1, ,-47, ,
3, ,-47, ,
1, ,-48, ,
6, ,-48, ,
1, ,-46, ,
1, ,-48, ,
1, ,-48, ,
-1, ,-47, ,
-6, ,-48, ,
1, ,-48, ,
-4, ,-46, ,
3, ,-48, ,
1, ,-47, ,
1, ,-47, ,
3, ,-47, ,
1, ,-47, ,
-4, ,-46, ,
0, ,-48, ,
-1, ,-47, ,
3, ,-47, ,
3, ,-47, ,
5, ,-48, ,
8, ,-47, ,
6, ,-48, ,
3, ,-47, ,
6, ,-47, ,
5, ,-47, ,
5, ,-48, ,
-2, ,-46, ,
4, ,-48, ,
5, ,-48, ,
3, ,-47, ,
1, ,-48, ,
8, ,-48, ,
4, ,-46, ,
4, ,-48, ,
1, ,-47, ,
4, ,-47, ,
5, ,-47, ,
6, ,-47, ,
0, ,-46, ,
6, ,-48, ,
8, ,-47, ,
0, ,-47, ,
-5, ,-47, ,
0, ,-47, ,
4, ,-47, ,
4, ,-47, ,
3, ,-47, ,
4, ,-47, ,
4, ,-47, ,
5, ,-48, ,
0, ,-46, ,
4, ,-48, ,
8, ,-48, ,
4, ,-47, ,
4, ,-48, ,
10, ,-48, ,
4, ,-46, ,
4, ,-48, ,
0, ,-47, ,
-2, ,-47, ,
1, ,-47, ,
-1, ,-47, ,
-5, ,-47, ,
4, ,-48, ,
4, ,-47, ,
4, ,-47, ,
-2, ,-47, ,
6, ,-48, ,
8, ,-46, ,
6, ,-48, ,
5, ,-47, ,
5, ,-47, ,
1, ,-47, ,
4, ,-48, ,
1, ,-46, ,
5, ,-48, ,
5, ,-47, ,
1, ,-47, ,
-1, ,-47, ,
3, ,-48, ,
1, ,-46, ,
3, ,-48, ,
0, ,-47, ,
3, ,-47, ,
5, ,-47, ,
4, ,-48, ,
0, ,-47, ,
5, ,-48, ,
4, ,-47, ,
4, ,-47, ,
1, ,-47, ,
3, ,-48, ,
3, ,-47, ,
0, ,-48, ,
-1, ,-47, ,
3, ,-47, ,
3, ,-48, ,
8, ,-48, ,
3, ,-46, ,
5, ,-48, ,
8, ,-48, ,
5, ,-47, ,
3, ,-48, ,
8, ,-48, ,
5, ,-46, ,
4, ,-48, ,
3, ,-47, ,
3, ,-47, ,
1, ,-47, ,
4, ,-47, ,
-1, ,-47, ,
5, ,-48, ,
6, ,-47, ,
5, ,-47, ,
4, ,-47, ,
5, ,-47, ,
4, ,-46, ,
3, ,-48, ,
3, ,-47, ,
3, ,-47, ,
3, ,-47, ,
3, ,-47, ,
-1, ,-46, ,
4, ,-48, ,
8, ,-48, ,
4, ,-47, ,
-2, ,-47, ,
3, ,-47, ,
1, ,-46, ,
-1, ,-48, ,
-5, ,-47, ,
0, ,-47, ,
3, ,-47, ,
1, ,-47, ,
-4, ,-46, ,
3, ,-48, ,
3, ,-47, ,
0, ,-47, ,
-2, ,-47, ,
4, ,-48, ,
1, ,-46, ,
1, ,-47, ,
0, ,-47, ,
1, ,-47, ,
1, ,-47, ,
3, ,-47, ,
-6, ,-46, ,
1, ,-48, ,
3, ,-47, ,
1, ,-47, ,
-2, ,-48, ,
-1, ,-47, ,
-2, ,-46, ,
-1, ,-48, ,
-2, ,-48, ,
-1, ,-47, ,
1, ,-47, ,
4, ,-47, ,
0, ,-47, ,
4, ,-48, ,
5, ,-47, ,
1, ,-47, ,
-1, ,-47, ,
4, ,-47, ,
1, ,-47, ,
-1, ,-47, ,
-4, ,-47, ,
1, ,-47, ,
0, ,-47, ,
3, ,-47, ,
-4, ,-46, ,
1, ,-48, ,
4, ,-47, ,
1, ,-47, ,
-1, ,-47, ,
4, ,-47, ,
1, ,-46, ,
1, ,-48, ,
3, ,-47, ,
3, ,-47, ,
-1, ,-47, ,
1, ,-48, ,
-4, ,-46, ,
-2, ,-48, ,
0, ,-47, ,
1, ,-47, ,
-5, ,-47, ,
1, ,-48, ,
1, ,-47, ,
0, ,-47, ,
-4, ,-48, ,
-4, ,-47, ,
-1, ,-47, ,
-2, ,-48, ,
-5, ,-46, ,
0, ,-48, ,
3, ,-48, ,
0, ,-47, ,
-2, ,-48, ,
0, ,-48, ,
0, ,-46, ,
-1, ,-48, ,
-2, ,-47, ,
-2, ,-47, ,
-1, ,-47, ,
-1, ,-47, ,
-2, ,-46, ,
3, ,-48, ,
0, ,-47, ,
-1, ,-47, ,
-5, ,-47, ,
-1, ,-48, ,
-1, ,-46, ,
-5, ,-48, ,
-1, ,-47, ,
1, ,-47, ,
-1, ,-47, ,
3, ,-47, ,
-5, ,-46, ,
-2, ,-48, ,
-1, ,-48, ,
-4, ,-47, ,
-9, ,-48, ,
3, ,-47, ,
-1, ,-46, ,
1, ,-48, ,
-1, ,-47, ,
1, ,-47, ,
0, ,-47, ,
0, ,-47, ,
-6, ,-47, ,
-2, ,-48, ,
-1, ,-47, ,
0, ,-47, ,
0, ,-47, ,
6, ,-47, ,
4, ,-47, ,
1, ,-47, ,
-1, ,-47, ,
3, ,-47, ,
1, ,-47, ,
-1, ,-47, ,
-1, ,-46, ,
1, ,-48, ,
4, ,-48, ,
3, ,-47, ,
-4, ,-47, ,
3, ,-48, ,
1, ,-46, ,
-5, ,-48, ,
4, ,-47, ,
4, ,-47, ,
4, ,-47, ,
3, ,-47, ,
-5, ,-46, ,
1, ,-48, ,
3, ,-47, ,
0, ,-47, ,
-1, ,-48, ,
6, ,-48, ,
6, ,-47, ,
6, ,-48, ,
8, ,-47, ,
5, ,-47, ,
5, ,-47, ,
3, ,-47, ,
-5, ,-46, ,
1, ,-48, ,
1, ,-47, ,
-2, ,-47, ,
-1, ,-48, ,
1, ,-48, ,
3, ,-47, ,
3, ,-48, ,
4, ,-47, ,
4, ,-47, ,
3, ,-47, ,
5, ,-47, ,
-4, ,-47, ,
4, ,-48, ,
8, ,-47, ,
1, ,-47, ,
-1, ,-48, ,
4, ,-48, ,
-2, ,-47, ,
-4, ,-48, ,
-1, ,-47, ,
0, ,-47, ,
-2, ,-48, ,
1, ,-47, ,
0, ,-46, ,
1, ,-48, ,
3, ,-47, ,
-1, ,-47, ,
-2, ,-47, ,
1, ,-48, ,
-1, ,-47, ,
1, ,-48, ,
0, ,-47, ,
3, ,-47, ,
5, ,-47, ,
3, ,-47, ,
-6, ,-47, ,
-1, ,-48, ,
0, ,-47, ,
0, ,-47, ,
-4, ,-47, ,
5, ,-48, ,
6, ,-47, ,
8, ,-48, ,
5, ,-47, ,
3, ,-47, ,
4, ,-47, ,
3, ,-48, ,
-2, ,-47, ,
3, ,-48, ,
4, ,-48, ,
4, ,-47, ,
0, ,-47, ,
5, ,-48, ,
3, ,-46, ,
3, ,-48, ,
1, ,-47, ,
1, ,-47, ,
3, ,-47, ,
3, ,-47, ,
-1, ,-47, ,
3, ,-48, ,
1, ,-47, ,
0, ,-47, ,
0, ,-47, ,
3, ,-48, ,
5, ,-46, ,
3, ,-48, ,
1, ,-47, ,
4, ,-47, ,
4, ,-47, ,
5, ,-47, ,
0, ,-46, ,
4, ,-48, ,
4, ,-47, ,
1, ,-47, ,
-1, ,-47, ,
3, ,-47, ,
1, ,-46, ,
4, ,-48, ,
1, ,-47, ,
4, ,-47, ,
3, ,-47, ,
0, ,-48, ,
-1, ,-46, ,
3, ,-48, ,
4, ,-47, ,
5, ,-47, ,
1, ,-47, ,
6, ,-48, ,
5, ,-46, ,
1, ,-48, ,
-4, ,-47, ,
0, ,-47, ,
1, ,-47, ,
1, ,-48, ,
0, ,-46, ,
4, ,-48, ,
6, ,-47, ,
4, ,-47, ,
-2, ,-47, ,
1, ,-48, ,
-2, ,-46, ,
-1, ,-48, ,
-4, ,-47, ,
1, ,-47, ,
4, ,-47, ,
3, ,-47, ,
-2, ,-47, ,
4, ,-48, ,
1, ,-47, ,
0, ,-47, ,
-4, ,-47, ,
3, ,-48, ,
4, ,-47, ,
0, ,-48, ,
-1, ,-47, ,
0, ,-47, ,
-2, ,-48, ,
-1, ,-48, ,
-5, ,-47, ,
0, ,-48, ,
0, ,-48, ,
1, ,-47, ,
-4, ,-48, ,
-1, ,-48, ,
0, ,-46, ,
0, ,-48, ,
0, ,-47, ,
3, ,-47, ,
4, ,-47, ,
4, ,-47, ,
0, ,-46, ,
6, ,-48, ,
5, ,-47, ,
3, ,-47, ,
-1, ,-47, ,
-1, ,-47, ,
0, ,-47, ,
1, ,-48, ,
-4, ,-47, ,
0, ,-47, ,
1, ,-47, ,
4, ,-47, ,
0, ,-46, ,
6, ,-48, ,
4, ,-48, ,
3, ,-47, ,
-1, ,-48, ,
5, ,-48, ,
0, ,-46, ,
0, ,-48, ,
-2, ,-47, ,
0, ,-47, ,
1, ,-47, ,
3, ,-47, ,
-1, ,-47, ,
3, ,-48, ,
4, ,-47, ,
0, ,-47, ,
-5, ,-47, ,
0, ,-48, ,
-1, ,-47, ,
-2, ,-48, ,
-1, ,-47, ,
-1, ,-47, ,
1, ,-47, ,
3, ,-47, ,
-4, ,-46, ,
0, ,-48, ,
0, ,-48, ,
0, ,-47, ,
-4, ,-47, ,
3, ,-47, ,
0, ,-46, ,
-1, ,-48, ,
-4, ,-47, ,
-5, ,-47, ,
-4, ,-47, ,
1, ,-47, ,
-4, ,-47, ,
6, ,-48, ,
4, ,-47, ,
3, ,-47, ,
0, ,-47, ,
0, ,-48, ,
0, ,-47, ,
-4, ,-47, ,
-4, ,-47, ,
0, ,-47, ,
-1, ,-47, ,
3, ,-47, ,
-1, ,-46, ,
1, ,-48, ,
4, ,-47, ,
-1, ,-47, ,
-5, ,-47, ,
-1, ,-48, ,
-4, ,-46, ,
-1, ,-48, ,
-2, ,-47, ,
0, ,-47, ,
4, ,-47, ,
1, ,-47, ,
-2, ,-46, ,
3, ,-48, ,
1, ,-47, ,
3, ,-47, ,
-1, ,-47, ,
4, ,-48, ,
3, ,-47, ,
1, ,-48, ,
-2, ,-47, ,
-2, ,-47, ,
-1, ,-47, ,
-2, ,-47, ,
-6, ,-46, ,
1, ,-48, ,
3, ,-48, ,
3, ,-47, ,
-2, ,-47, ,
4, ,-48, ,
1, ,-46, ,
4, ,-48, ,
0, ,-47, ,
-1, ,-47, ,
5, ,-47, ,
1, ,-47, ,
-2, ,-47, ,
1, ,-48, ,
1, ,-47, ,
3, ,-47, ,
-1, ,-47, ,
4, ,-47, ,
4, ,-47, ,
4, ,-48, ,
1, ,-47, ,
4, ,-47, ,
4, ,-47, ,
5, ,-48, ,
-4, ,-46, ,
0, ,-48, ,
1, ,-47, ,
0, ,-47, ,
-2, ,-47, ,
3, ,-47, ,
3, ,-46, ,
4, ,-48, ,
0, ,-47, ,
4, ,-47, ,
4, ,-47, ,
4, ,-47, ,
-2, ,-47, ,
3, ,-48, ,
1, ,-47, ,
0, ,-47, ,
-1, ,-47, ,
3, ,-48, ,
4, ,-47, ,
3, ,-47, ,
-1, ,-47, ,
1, ,-47, ,
0, ,-47, ,
-1, ,-48, ,
-6, ,-46, ,
0, ,-48, ,
4, ,-47, ,
3, ,-47, ,
-1, ,-47, ,
6, ,-47, ,
-1, ,-46, ,
1, ,-48, ,
-1, ,-47, ,
-2, ,-47, ,
1, ,-47, ,
0, ,-47, ,
-7, ,-46, ,
-4, ,-48, ,
-1, ,-47, ,
-1, ,-47, ,
-5, ,-47, ,
3, ,-48, ,
1, ,-47, ,
3, ,-48, ,
3, ,-47, ,
4, ,-47, ,
1, ,-47, ,
5, ,-48, ,
-5, ,-47, ,
-2, ,-48, ,
-1, ,-48, ,
0, ,-47, ,
-1, ,-47, ,
8, ,-48, ,
9, ,-46, ,
6, ,-48, ,
4, ,-47, ,
4, ,-47, ,
6, ,-47, ,
6, ,-47, ,
-2, ,-46, ,
0, ,-48, ,
3, ,-47, ,
4, ,-47, ,
4, ,-47, ,
8, ,-48, ,
5, ,-47, ,
4, ,-47, ,
1, ,-47, ,
5, ,-47, ,
5, ,-47, ,
10, ,-48, ,
5, ,-46, ,
6, ,-48, ,
5, ,-46, ,
-5, ,-40, ,
0, ,-31, ,
6, ,-21, ,
8, ,-11, ,
14, ,-4, ,
13, ,3, ,
13, ,9, ,
11, ,14, ,
8, ,18, ,
3, ,21, ,
6, ,26, ,
9, ,28, ,
5, ,31, ,
4, ,33, ,
9, ,35, ,
6, ,35, ,
5, ,38, ,
3, ,39, ,
5, ,39, ,
3, ,41, ,
4, ,41, ,
3, ,40, ,
4, ,44, ,
8, ,42, ,
5, ,44, ,
0, ,44, ,
6, ,45, ,
1, ,42, ,
3, ,46, ,
5, ,45, ,
3, ,45, ,
1, ,46, ,
3, ,46, ,
0, ,44, ,
5, ,47, ,
4, ,45, ,
4, ,45, ,
0, ,46, ,
4, ,46, ,
3, ,45, ,
0, ,47, ,
0, ,46, ,
1, ,46, ,
0, ,46, ,
3, ,46, ,
-6, ,45, ,
-1, ,47, ,
3, ,46, ,
-2, ,46, ,
-5, ,46, ,
-1, ,47, ,
-1, ,44, ,
3, ,47, ,
0, ,46, ,
4, ,45, ,
3, ,46, ,
4, ,46, ,
-2, ,44, ,
1, ,47, ,
3, ,46, ,
0, ,46, ,
-1, ,46, ,
1, ,46, ,
1, ,45, ,
1, ,46, ,
-1, ,46, ,
1, ,46, ,
-1, ,46, ,
4, ,46, ,
-2, ,44, ,
1, ,47, ,
4, ,46, ,
4, ,45, ,
1, ,46, ,
4, ,46, ,
-4, ,44, ,
3, ,46, ,
0, ,46, ,
0, ,46, ,
0, ,46, ,
1, ,46, ,
-1, ,44, ,
0, ,46, ,
0, ,46, ,
-2, ,46, ,
-7, ,46, ,
0, ,46, ,
-4, ,45, ,
-2, ,46, ,
-4, ,45, ,
-1, ,46, ,
1, ,46, ,
3, ,46, ,
-4, ,44, ,
-2, ,47, ,
0, ,45, ,
0, ,46, ,
-5, ,46, ,
1, ,46, ,
-1, ,44, ,
0, ,46, ,
-2, ,46, ,
-2, ,45, ,
1, ,46, ,
1, ,46, ,
-5, ,44, ,
0, ,47, ,
-1, ,46, ,
-2, ,45, ,
-5, ,46, ,
0, ,46, ,
-2, ,44, ,
-2, ,46, ,
-2, ,45, ,
0, ,45, ,
-4, ,46, ,
3, ,46, ,
-2, ,45, ,
-1, ,47, ,
0, ,46, ,
-4, ,45, ,
-6, ,46, ,
-4, ,46, ,
-9, ,44, ,
-1, ,46, ,
-2, ,45, ,
-5, ,46, ,
0, ,46, ,
3, ,46, ,
1, ,44, ,
5, ,46, ,
6, ,45, ,
4, ,45, ,
0, ,46, ,
3, ,46, ,
0, ,44, ,
-1, ,46, ,
-4, ,46, ,
1, ,45, ,
0, ,45, ,
1, ,46, ,
-1, ,44, ,
0, ,47, ,
4, ,45, ,
0, ,45, ,
-2, ,46, ,
3, ,46, ,
0, ,44, ,
3, ,46, ,
0, ,45, ,
1, ,45, ,
0, ,46, ,
0, ,45, ,
-2, ,44, ,
1, ,46, ,
1, ,45, ,
3, ,45, ,
1, ,46, ,
3, ,46, ,
-2, ,44, ,
-2, ,46, ,
-4, ,45, ,
-1, ,45, ,
-1, ,45, ,
1, ,46, ,
-1, ,44, ,
1, ,46, ,
4, ,45, ,
0, ,45, ,
-4, ,46, ,
-1, ,46, ,
-2, ,44, ,
-1, ,46, ,
-1, ,46, ,
0, ,45, ,
3, ,46, ,
4, ,45, ,
-1, ,44, ,
3, ,47, ,
0, ,45, ,
1, ,45, ,
0, ,46, ,
1, ,46, ,
1, ,44, ,
1, ,46, ,
-1, ,45, ,
-1, ,45, ,
-2, ,46, ,
3, ,46, ,
-4, ,44, ,
-1, ,46, ,
4, ,45, ,
0, ,45, ,
0, ,46, ,
4, ,46, ,
1, ,44, ,
3, ,46, ,
-1, ,45, ,
-2, ,45, ,
-2, ,46, ,
0, ,46, ,
-4, ,45, ,
-1, ,46, ,
4, ,45, ,
3, ,45, ,
-1, ,46, ,
5, ,46, ,
3, ,44, ,
4, ,46, ,
3, ,45, ,
1, ,45, ,
3, ,45, ,
8, ,46, ,
3, ,44, ,
5, ,47, ,
5, ,45, ,
3, ,45, ,
0, ,46, ,
5, ,46, ,
1, ,44, ,
5, ,46, ,
3, ,46, ,
1, ,45, ,
4, ,46, ,
0, ,46, ,
-6, ,44, ,
3, ,46, ,
1, ,45, ,
3, ,45, ,
1, ,46, ,
5, ,45, ,
8, ,45, ,
5, ,46, ,
4, ,45, ,
5, ,45, ,
3, ,46, ,
4, ,46, ,
-1, ,44, ,
4, ,46, ,
4, ,45, ,
1, ,45, ,
-1, ,46, ,
5, ,46, ,
3, ,44, ,
5, ,46, ,
0, ,45, ,
4, ,45, ,
6, ,46, ,
9, ,46, ,
5, ,44, ,
6, ,46, ,
6, ,45, ,
4, ,45, ,
-1, ,46, ,
5, ,46, ,
1, ,44, ,
4, ,46, ,
1, ,45, ,
4, ,45, ,
1, ,46, ,
1, ,45, ,
-2, ,44, ,
-1, ,46, ,
4, ,46, ,
1, ,45, ,
-1, ,46, ,
6, ,46, ,
3, ,44, ,
4, ,46, ,
4, ,45, ,
1, ,45, ,
1, ,45, ,
1, ,46, ,
-4, ,44, ,
3, ,46, ,
3, ,45, ,
3, ,45, ,
1, ,46, ,
6, ,46, ,
5, ,44, ,
6, ,46, ,
4, ,46, ,
4, ,45, ,
4, ,45, ,
5, ,46, ,
-2, ,44, ,
5, ,46, ,
5, ,45, ,
1, ,46, ,
0, ,46, ,
1, ,45, ,
1, ,44, ,
4, ,46, ,
5, ,45, ,
5, ,45, ,
4, ,46, ,
6, ,45, ,
-1, ,44, ,
3, ,46, ,
1, ,45, ,
-1, ,45, ,
-1, ,46, ,
1, ,46, ,
3, ,44, ,
1, ,46, ,
-1, ,45, ,
3, ,45, ,
-2, ,46, ,
4, ,46, ,
-4, ,44, ,
1, ,46, ,
4, ,45, ,
3, ,45, ,
1, ,45, ,
9, ,46, ,
1, ,44, ,
6, ,46, ,
0, ,46, ,
3, ,45, ,
0, ,46, ,
3, ,45, ,
-1, ,44, ,
4, ,46, ,
3, ,45, ,
1, ,46, ,
-2, ,46, ,
4, ,46, ,
3, ,44, ,
3, ,46, ,
1, ,45, ,
3, ,45, ,
3, ,46, ,
3, ,45, ,
-4, ,44, ,
0, ,47, ,
0, ,46, ,
-1, ,45, ,
-4, ,46, ,
1, ,46, ,
0, ,44, ,
0, ,46, ,
-1, ,46, ,
0, ,45, ,
0, ,46, ,
3, ,46, ,
-6, ,45, ,
3, ,46, ,
1, ,45, ,
0, ,45, ,
-2, ,46, ,
4, ,46, ,
4, ,44, ,
4, ,46, ,
3, ,46, ,
4, ,45, ,
0, ,46, ,
4, ,45, ,
-6, ,44, ,
-1, ,46, ,
-1, ,45, ,
-2, ,45, ,
-5, ,46, ,
0, ,45, ,
0, ,44, ,
0, ,46, ,
-1, ,46, ,
1, ,45, ,
0, ,46, ,
3, ,46, ,
-1, ,44, ,
1, ,46, ,
1, ,45, ,
1, ,45, ,
0, ,46, ,
3, ,45, ,
-2, ,44, ,
-2, ,46, ,
-5, ,45, ,
-2, ,45, ,
-1, ,46, ,
3, ,46, ,
1, ,42, ,
3, ,46, ,
4, ,45, ,
-1, ,45, ,
-5, ,46, ,
3, ,45, ,
-2, ,44, ,
1, ,46, ,
0, ,45, ,
0, ,45, ,
4, ,46, ,
3, ,46, ,
-4, ,44, ,
0, ,46, ,
0, ,45, ,
-1, ,45, ,
-5, ,45, ,
1, ,45, ,
0, ,44, ,
-2, ,46, ,
-2, ,46, ,
-4, ,45, ,
-2, ,45, ,
0, ,46, ,
-5, ,42, ,
0, ,46, ,
0, ,45, ,
0, ,45, ,
-5, ,46, ,
-4, ,46, ,
-6, ,44, ,
-4, ,46, ,
-7, ,45, ,
-4, ,45, ,
-2, ,46, ,
4, ,45, ,
-5, ,44, ,
4, ,46, ,
1, ,45, ,
-1, ,45, ,
-5, ,46, ,
-2, ,46, ,
-4, ,44, ,
-2, ,46, ,
-4, ,45, ,
-1, ,45, ,
1, ,45, ,
1, ,46, ,
0, ,44, ,
-1, ,46, ,
1, ,45, ,
-1, ,45, ,
-5, ,46, ,
1, ,46, ,
-1, ,44, ,
-2, ,46, ,
-6, ,45, ,
-2, ,45, ,
-1, ,46, ,
0, ,45, ,
-4, ,44, ,
3, ,46, ,
0, ,45, ,
3, ,45, ,
-1, ,46, ,
0, ,45, ,
0, ,44, ,
0, ,46, ,
-5, ,45, ,
-4, ,45, ,
-2, ,46, ,
3, ,46, ,
0, ,44, ,
4, ,46, ,
4, ,45, ,
4, ,45, ,
1, ,46, ,
4, ,45, ,
-1, ,44, ,
-2, ,46, ,
-1, ,45, ,
-1, ,45, ,
1, ,46, ,
3, ,46, ,
-1, ,44, ,
3, ,47, ,
3, ,45, ,
1, ,45, ,
0, ,46, ,
1, ,45, ,
3, ,44, ,
3, ,46, ,
1, ,45, ,
5, ,45, ,
3, ,46, ,
3, ,46, ,
-4, ,44, ,
0, ,46, ,
1, ,45, ,
-2, ,45, ,
3, ,46, ,
1, ,45, ,
1, ,44, ,
3, ,46, ,
-2, ,46, ,
1, ,45, ,
4, ,46, ,
0, ,46, ,
1, ,44, ,
4, ,46, ,
6, ,45, ,
4, ,45, ,
-1, ,46, ,
3, ,45, ,
0, ,44, ,
4, ,46, ,
-2, ,45, ,
0, ,45, ,
1, ,45, ,
1, ,46, ,
-4, ,44, ,
-1, ,46, ,
3, ,45, ,
-1, ,45, ,
-5, ,45, ,
1, ,46, ,
-4, ,44, ,
3, ,46, ,
3, ,45, ,
4, ,45, ,
6, ,46, ,
4, ,46, ,
-4, ,44, ,
-1, ,46, ,
-2, ,45, ,
0, ,45, ,
-2, ,46, ,
6, ,46, ,
6, ,45, ,
1, ,46, ,
3, ,45, ,
0, ,45, ,
-4, ,46, ,
3, ,46, ,
-1, ,44, ,
1, ,46, ,
3, ,45, ,
1, ,45, ,
0, ,46, ,
5, ,45, ,
5, ,44, ,
6, ,46, ,
6, ,46, ,
9, ,45, ,
5, ,46, ,
8, ,46, ,
1, ,44, ,
4, ,46, ,
4, ,45, ,
3, ,45, ,
1, ,46, ,
4, ,45, ,
4, ,44, ,
1, ,46, ,
0, ,46, ,
3, ,45, ,
0, ,45, ,
3, ,46, ,
-1, ,44, ,
-1, ,47, ,
6, ,46, ,
3, ,45, ,
4, ,46, ,
6, ,46, ,
4, ,44, ,
-1, ,46, ,
4, ,45, ,
6, ,45, ,
3, ,46, ,
4, ,46, ,
-4, ,44, ,
0, ,46, ,
0, ,45, ,
0, ,45, ,
-2, ,46, ,
6, ,45, ,
8, ,44, ,
5, ,46, ,
4, ,45, ,
1, ,45, ,
0, ,45, ,
0, ,46, ,
-2, ,44, ,
1, ,46, ,
3, ,45, ,
1, ,45, ,
0, ,46, ,
0, ,46, ,
-5, ,42, ,
5, ,46, ,
-1, ,45, ,
-2, ,45, ,
4, ,46, ,
4, ,46, ,
-1, ,44, ,
3, ,46, ,
3, ,45, ,
1, ,45, ,
3, ,46, ,
6, ,46, ,
6, ,44, ,
5, ,46, ,
5, ,46, ,
5, ,45, ,
3, ,45, ,
3, ,46, ,
-4, ,44, ,
0, ,46, ,
1, ,46, ,
0, ,45, ,
0, ,46, ,
5, ,46, ,
5, ,44, ,
5, ,46, ,
5, ,45, ,
5, ,45, ,
3, ,46, ,
3, ,45, ,
0, ,44, ,
6, ,46, ,
4, ,45, ,
6, ,45, ,
3, ,46, ,
3, ,45, ,
1, ,44, ,
-1, ,46, ,
-1, ,46, ,
1, ,45, ,
4, ,46, ,
3, ,46, ,
-5, ,44, ,
1, ,47, ,
3, ,45, ,
1, ,45, ,
0, ,46, ,
8, ,45, ,
0, ,44, ,
8, ,46, ,
3, ,45, ,
1, ,45, ,
4, ,46, ,
4, ,46, ,
-1, ,44, ,
3, ,46, ,
1, ,45, ,
3, ,45, ,
-4, ,46, ,
1, ,45, ,
1, ,44, ,
0, ,46, ,
0, ,46, ,
3, ,45, ,
4, ,46, ,
4, ,45, ,
-4, ,44, ,
0, ,47, ,
0, ,46, ,
-1, ,45, ,
-2, ,46, ,
-1, ,46, ,
-5, ,44, ,
-7, ,46, ,
-12, ,45, ,
-14, ,45, ,
-16, ,45, ,
-19, ,46, ,
-16, ,44, ,
-4, ,46, ,
-6, ,45, ,
-5, ,45, ,
0, ,45, ,
4, ,46, ,
9, ,44, ,
11, ,46, ,
10, ,45, ,
9, ,45, ,
9, ,46, ,
9, ,45, ,
3, ,44, ,
1, ,46, ,
1, ,45, ,
-1, ,45, ,
-7, ,46, ,
-2, ,46, ,
-9, ,44, ,
-2, ,46, ,
-1, ,46, ,
0, ,45, ,
3, ,46, ,
4, ,45, ,
-1, ,44, ,
-1, ,46, ,
-4, ,45, ,
-5, ,45, ,
-5, ,46, ,
1, ,46, ,
1, ,44, ,
1, ,46, ,
1, ,45, ,
0, ,45, ,
-1, ,45, ,
4, ,45, ,
-2, ,44, ,
3, ,46, ,
3, ,45, ,
0, ,45, ,
-4, ,46, ,
1, ,46, ,
-4, ,44, ,
-2, ,46, ,
-5, ,45, ,
-1, ,45, ,
0, ,46, ,
4, ,45, ,
-1, ,45, ,
4, ,46, ,
1, ,45, ,
-1, ,45, ,
-6, ,45, ,
-4, ,45, ,
-2, ,44, ,
-2, ,46, ,
-1, ,46, ,
1, ,45, ,
-1, ,46, ,
1, ,46, ,
-2, ,44, ,
0, ,46, ,
0, ,45, ,
-1, ,45, ,
-5, ,46, ,
-1, ,45, ,
-5, ,44, ,
0, ,46, ,
-2, ,45, ,
-2, ,45, ,
0, ,46, ,
1, ,45, ,
-2, ,44, ,
1, ,46, ,
3, ,45, ,
0, ,45, ,
-2, ,46, ,
-1, ,46, ,
0, ,44, ,
0, ,46, ,
-4, ,45, ,
-1, ,45, ,
-6, ,46, ,
0, ,46, ,
-2, ,44, ,
3, ,47, ,
6, ,45, ,
4, ,45, ,
0, ,46, ,
5, ,46, ,
1, ,44, ,
0, ,46, ,
-1, ,46, ,
-1, ,45, ,
3, ,46, ,
1, ,46, ,
-1, ,44, ,
1, ,46, ,
0, ,45, ,
-1, ,45, ,
-2, ,46, ,
1, ,46, ,
4, ,44, ,
0, ,46, ,
-1, ,46, ,
0, ,45, ,
1, ,45, ,
6, ,46, ,
-1, ,44, ,
3, ,46, ,
4, ,45, ,
0, ,45, ,
0, ,46, ,
5, ,46, ,
5, ,44, ,
3, ,46, ,
4, ,46, ,
6, ,45, ,
4, ,46, ,
6, ,45, ,
-1, ,44, ,
5, ,46, ,
4, ,45, ,
1, ,45, ,
4, ,41, ,
6, ,32, ,
1, ,21, ,
-1, ,12, ,
-6, ,3, ,
-4, ,-4, ,
-5, ,-9, ,
-1, ,-14, ,
-4, ,-20, ,
-2, ,-24, ,
0, ,-27, ,
-5, ,-30, ,
-9, ,-32, ,
0, ,-35, ,
-4, ,-36, ,
-2, ,-39, ,
0, ,-40, ,
1, ,-41, ,
1, ,-42, ,
5, ,-43, ,
1, ,-43, ,
4, ,-45, ,
3, ,-45, ,
1, ,-45, ,
-2, ,-46, ,
1, ,-46, ,
3, ,-46, ,
1, ,-47, ,
3, ,-47, ,
3, ,-47, ,
3, ,-47, ,
-1, ,-47, ,
-5, ,-46, ,
0, ,-49, ,
3, ,-48, ,
3, ,-47, ,
1, ,-48, ,
8, ,-48, ,
4, ,-47, ,
0, ,-49, ,
-2, ,-48, ,
0, ,-48, ,
3, ,-48, ,
0, ,-48, ,
-1, ,-47, ,
5, ,-49, ,
3, ,-48, ,
3, ,-48, ,
4, ,-48, ,
5, ,-48, ,
5, ,-47, ,
3, ,-48, ,
1, ,-48, ,
1, ,-48, ,
1, ,-48, ,
3, ,-48, ,
-2, ,-47, ,
1, ,-49, ,
4, ,-48, ,
0, ,-47, ,
-1, ,-48, ,
5, ,-48, ,
5, ,-47, ,
8, ,-48, ,
4, ,-48, ,
5, ,-47, ,
5, ,-48, ,
5, ,-48, ,
-1, ,-47, ,
5, ,-48, ,
8, ,-48, ,
3, ,-48, ,
0, ,-48, ,
5, ,-48, ,
4, ,-48, ,
3, ,-48, ,
3, ,-48, ,
4, ,-47, ,
5, ,-48, ,
8, ,-48, ,
3, ,-47, ,
3, ,-48, ,
6, ,-48, ,
6, ,-47, ,
4, ,-48, ,
10, ,-48, ,
6, ,-47, ,
6, ,-48, ,
1, ,-47, ,
3, ,-47, ,
3, ,-47, ,
3, ,-47, ,
-1, ,-46, ,
4, ,-48, ,
5, ,-47, ,
5, ,-47, ,
1, ,-48, ,
6, ,-48, ,
8, ,-47, ,
9, ,-48, ,
0, ,-47, ,
3, ,-47, ,
8, ,-48, ,
8, ,-48, ,
0, ,-46, ,
3, ,-48, ,
6, ,-48, ,
3, ,-47, ,
4, ,-48, ,
5, ,-48, ,
6, ,-46, ,
8, ,-48, ,
4, ,-47, ,
3, ,-47, ,
1, ,-47, ,
3, ,-48, ,
-4, ,-47, ,
0, ,-48, ,
3, ,-47, ,
1, ,-47, ,
0, ,-47, ,
6, ,-48, ,
5, ,-47, ,
4, ,-47, ,
1, ,-48, ,
4, ,-47, ,
4, ,-47, ,
4, ,-47, ,
-1, ,-46, ,
3, ,-48, ,
5, ,-48, ,
3, ,-47, ,
-4, ,-48, ,
4, ,-47, ,
0, ,-47, ,
1, ,-48, ,
-1, ,-47, ,
0, ,-47, ,
4, ,-47, ,
5, ,-47, ,
-1, ,-47, ,
1, ,-48, ,
-1, ,-47, ,
-4, ,-47, ,
-6, ,-47, ,
1, ,-48, ,
-1, ,-47, ,
-1, ,-48, ,
-1, ,-47, ,
-2, ,-47, ,
0, ,-48, ,
1, ,-47, ,
-6, ,-46, ,
-1, ,-48, ,
-1, ,-48, ,
-2, ,-47, ,
-4, ,-48, ,
1, ,-47, ,
1, ,-46, ,
0, ,-48, ,
0, ,-47, ,
1, ,-47, ,
0, ,-47, ,
0, ,-47, ,
-4, ,-46, ,
0, ,-48, ,
0, ,-47, ,
-1, ,-47, ,
-5, ,-48, ,
0, ,-47, ,
0, ,-47, ,
-4, ,-47, ,
-5, ,-47, ,
-1, ,-47, ,
-5, ,-47, ,
0, ,-47, ,
-6, ,-46, ,
-1, ,-48, ,
-2, ,-48, ,
-7, ,-47, ,
-12, ,-48, ,
-6, ,-48, ,
-6, ,-47, ,
-5, ,-48, ,
-7, ,-47, ,
-1, ,-48, ,
-1, ,-47, ,
3, ,-47, ,
-4, ,-46, ,
0, ,-48, ,
-1, ,-47, ,
-2, ,-47, ,
-7, ,-47, ,
-4, ,-48, ,
-5, ,-46, ,
-2, ,-48, ,
-6, ,-47, ,
-2, ,-47, ,
-1, ,-47, ,
-2, ,-48, ,
-6, ,-46, ,
-2, ,-48, ,
3, ,-47, ,
0, ,-47, ,
-5, ,-48, ,
3, ,-48, ,
-2, ,-47, ,
-1, ,-48, ,
-4, ,-47, ,
-5, ,-47, ,
-1, ,-47, ,
-2, ,-47, ,
-5, ,-46, ,
-1, ,-48, ,
-1, ,-47, ,
-1, ,-47, ,
-7, ,-47, ,
-5, ,-48, ,
-4, ,-47, ,
-9, ,-48, ,
-7, ,-47, ,
-2, ,-47, ,
1, ,-47, ,
5, ,-47, ,
3, ,-46, ,
1, ,-48, ,
-1, ,-48, ,
0, ,-47, ,
-1, ,-47, ,
1, ,-48, ,
-2, ,-46, ,
-1, ,-48, ,
-1, ,-47, ,
0, ,-48, ,
0, ,-47, ,
-4, ,-47, ,
-7, ,-47, ,
-5, ,-48, ,
-5, ,-47, ,
-4, ,-47, ,
-6, ,-47, ,
-1, ,-47, ,
5, ,-47, ,
3, ,-47, ,
-1, ,-47, ,
3, ,-47, ,
-1, ,-47, ,
6, ,-47, ,
0, ,-46, ,
-1, ,-48, ,
5, ,-47, ,
-2, ,-47, ,
-10, ,-48, ,
3, ,-48, ,
-2, ,-46, ,
0, ,-48, ,
-1, ,-47, ,
0, ,-47, ,
5, ,-47, ,
5, ,-47, ,
3, ,-46, ,
10, ,-48, ,
6, ,-47, ,
3, ,-47, ,
-2, ,-47, ,
1, ,-48, ,
-1, ,-47, ,
0, ,-47, ,
0, ,-47, ,
5, ,-47, ,
5, ,-47, ,
4, ,-47, ,
0, ,-46, ,
3, ,-48, ,
3, ,-47, ,
1, ,-47, ,
-4, ,-47, ,
3, ,-48, ,
3, ,-46, ,
4, ,-48, ,
1, ,-47, ,
1, ,-47, ,
5, ,-47, ,
6, ,-47, ,
-2, ,-47, ,
5, ,-48, ,
6, ,-47, ,
3, ,-47, ,
1, ,-48, ,
4, ,-48, ,
6, ,-46, ,
4, ,-47, ,
0, ,-47, ,
5, ,-47, ,
5, ,-47, ,
5, ,-47, ,
1, ,-46, ,
3, ,-48, ,
5, ,-47, ,
1, ,-47, ,
-1, ,-47, ,
5, ,-47, ,
3, ,-46, ,
5, ,-48, ,
3, ,-47, ,
6, ,-47, ,
8, ,-47, ,
6, ,-47, ,
4, ,-46, ,
6, ,-48, ,
6, ,-47, ,
4, ,-47, ,
1, ,-47, ,
6, ,-48, ,
4, ,-47, ,
3, ,-48, ,
1, ,-47, ,
3, ,-47, ,
4, ,-47, ,
4, ,-47, ,
1, ,-46, ,
1, ,-48, ,
8, ,-47, ,
4, ,-47, ,
0, ,-47, ,
5, ,-48, ,
4, ,-46, ,
4, ,-48, ,
0, ,-47, ,
1, ,-47, ,
3, ,-47, ,
1, ,-47, ,
-2, ,-46, ,
3, ,-48, ,
1, ,-47, ,
3, ,-47, ,
1, ,-47, ,
4, ,-48, ,
6, ,-47, ,
4, ,-48, ,
-1, ,-47, ,
3, ,-47, ,
1, ,-47, ,
1, ,-47, ,
-2, ,-46, ,
3, ,-48, ,
5, ,-47, ,
4, ,-47, ,
1, ,-47, ,
5, ,-47, ,
4, ,-46, ,
4, ,-48, ,
0, ,-47, ,
1, ,-47, ,
3, ,-47, ,
1, ,-47, ,
-4, ,-47, ,
1, ,-48, ,
1, ,-47, ,
0, ,-47, ,
4, ,-47, ,
5, ,-48, ,
6, ,-47, ,
6, ,-47, ,
3, ,-47, ,
5, ,-47, ,
1, ,-48, ,
3, ,-47, ,
-1, ,-46, ,
0, ,-48, ,
4, ,-47, ,
0, ,-47, ,
3, ,-47, ,
5, ,-48, ,
3, ,-46, ,
3, ,-48, ,
0, ,-47, ,
0, ,-47, ,
3, ,-47, ,
0, ,-47, ,
-1, ,-46, ,
3, ,-48, ,
4, ,-47, ,
4, ,-47, ,
-1, ,-47, ,
6, ,-48, ,
3, ,-47, ,
1, ,-48, ,
-2, ,-47, ,
-1, ,-47, ,
3, ,-47, ,
1, ,-47, ,
-4, ,-46, ,
-1, ,-48, ,
0, ,-47, ,
-1, ,-47, ,
-4, ,-48, ,
3, ,-47, ,
1, ,-46, ,
3, ,-48, ,
1, ,-47, ,
0, ,-47, ,
3, ,-47, ,
3, ,-47, ,
-6, ,-46, ,
-1, ,-48, ,
-2, ,-47, ,
-1, ,-47, ,
-4, ,-47, ,
1, ,-48, ,
3, ,-47, ,
4, ,-48, ,
-1, ,-47, ,
0, ,-47, ,
-2, ,-47, ,
0, ,-47, ,
-6, ,-46, ,
0, ,-48, ,
3, ,-48, ,
0, ,-47, ,
-4, ,-48, ,
3, ,-48, ,
1, ,-46, ,
-2, ,-48, ,
-5, ,-47, ,
-2, ,-47, ,
-1, ,-47, ,
0, ,-47, ,
-5, ,-47, ,
0, ,-48, ,
-1, ,-47, ,
-4, ,-47, ,
-6, ,-47, ,
0, ,-48, ,
-2, ,-47, ,
-2, ,-47, ,
-5, ,-47, ,
0, ,-47, ,
3, ,-47, ,
5, ,-48, ,
-2, ,-46, ,
1, ,-48, ,
3, ,-48, ,
-1, ,-47, ,
-6, ,-48, ,
1, ,-47, ,
0, ,-46, ,
3, ,-48, ,
1, ,-47, ,
4, ,-47, ,
0, ,-47, ,
-1, ,-47, ,
-5, ,-46, ,
-2, ,-48, ,
-2, ,-47, ,
-1, ,-47, ,
-4, ,-47, ,
1, ,-48, ,
0, ,-47, ,
-5, ,-47, ,
-5, ,-47, ,
-4, ,-47, ,
-2, ,-47, ,
4, ,-47, ,
-1, ,-46, ,
5, ,-48, ,
6, ,-48, ,
-1, ,-47, ,
-2, ,-48, ,
3, ,-48, ,
0, ,-46, ,
-2, ,-48, ,
-2, ,-47, ,
-1, ,-47, ,
-1, ,-47, ,
-1, ,-47, ,
-5, ,-47, ,
-1, ,-48, ,
-2, ,-47, ,
-4, ,-47, ,
-5, ,-47, ,
-2, ,-48, ,
1, ,-47, ,
0, ,-47, ,
0, ,-47, ,
3, ,-47, ,
0, ,-48, ,
3, ,-47, ,
-4, ,-46, ,
-2, ,-48, ,
3, ,-47, ,
-4, ,-47, ,
-6, ,-47, ,
3, ,-47, ,
-4, ,-46, ,
-1, ,-48, ,
-4, ,-47, ,
1, ,-47, ,
3, ,-47, ,
4, ,-47, ,
-1, ,-47, ,
1, ,-48, ,
3, ,-47, ,
1, ,-47, ,
-4, ,-47, ,
4, ,-47, ,
0, ,-47, ,
0, ,-48, ,
-2, ,-47, ,
0, ,-47, ,
1, ,-48, ,
3, ,-47, ,
-1, ,-46, ,
5, ,-48, ,
5, ,-48, ,
1, ,-47, ,
-1, ,-47, ,
4, ,-47, ,
1, ,-46, ,
1, ,-48, ,
3, ,-47, ,
3, ,-47, ,
4, ,-47, ,
8, ,-47, ,
-1, ,-46, ,
4, ,-48, ,
3, ,-47, ,
0, ,-47, ,
-4, ,-47, ,
3, ,-47, ,
3, ,-47, ,
0, ,-47, ,
4, ,-47, ,
6, ,-47, ,
4, ,-47, ,
5, ,-47, ,
-2, ,-47, ,
4, ,-48, ,
3, ,-48, ,
3, ,-47, ,
0, ,-48, ,
4, ,-48, ,
3, ,-46, ,
5, ,-48, ,
0, ,-47, ,
5, ,-47, ,
5, ,-47, ,
5, ,-47, ,
3, ,-47, ,
9, ,-48, ,
6, ,-47, ,
5, ,-47, ,
-4, ,-48, ,
1, ,-48, ,
1, ,-46, ,
-1, ,-48, ,
0, ,-47, ,
5, ,-47, ,
8, ,-47, ,
10, ,-47, ,
0, ,-46, ,
0, ,-48, ,
3, ,-48, ,
-1, ,-47, ,
-4, ,-47, ,
3, ,-47, ,
6, ,-47, ,
4, ,-48, ,
1, ,-47, ,
3, ,-47, ,
3, ,-47, ,
1, ,-47, ,
0, ,-46, ,
4, ,-48, ,
3, ,-47, ,
1, ,-47, ,
-1, ,-47, ,
4, ,-47, ,
3, ,-47, ,
0, ,-48, ,
-1, ,-47, ,
3, ,-47, ,
4, ,-47, ,
6, ,-47, ,
3, ,-46, ,
8, ,-48, ,
5, ,-48, ,
3, ,-47, ,
0, ,-47, ,
3, ,-48, ,
3, ,-46, ,
3, ,-48, ,
1, ,-47, ,
1, ,-48, ,
1, ,-47, ,
3, ,-47, ,
-1, ,-46, ,
3, ,-48, ,
5, ,-48, ,
3, ,-47, ,
1, ,-47, ,
6, ,-48, ,
5, ,-47, ,
4, ,-48, ,
3, ,-47, ,
4, ,-47, ,
6, ,-47, ,
4, ,-48, ,
-1, ,-47, ,
1, ,-48, ,
4, ,-48, ,
-1, ,-47, ,
-2, ,-48, ,
3, ,-48, ,
1, ,-46, ,
5, ,-48, ,
3, ,-47, ,
6, ,-47, ,
6, ,-47, ,
3, ,-47, ,
-1, ,-46, ,
6, ,-48, ,
3, ,-47, ,
3, ,-47, ,
1, ,-47, ,
9, ,-48, ,
6, ,-47, ,
3, ,-48, ,
0, ,-48, ,
-1, ,-47, ,
-5, ,-47, ,
-1, ,-47, ,
-5, ,-46, ,
3, ,-48, ,
5, ,-48, ,
5, ,-47, ,
0, ,-47, ,
5, ,-47, ,
-1, ,-46, ,
-1, ,-48, ,
-1, ,-47, ,
1, ,-47, ,
3, ,-47, ,
3, ,-47, ,
-4, ,-46, ,
1, ,-48, ,
0, ,-47, ,
0, ,-47, ,
-4, ,-48, ,
-1, ,-48, ,
5, ,-47, ,
1, ,-48, ,
0, ,-48, ,
0, ,-47, ,
-1, ,-47, ,
0, ,-48, ,
-6, ,-46, ,
-1, ,-48, ,
1, ,-48, ,
1, ,-47, ,
0, ,-47, ,
6, ,-48, ,
1, ,-46, ,
4, ,-48, ,
-1, ,-47, ,
-1, ,-47, ,
0, ,-47, ,
-2, ,-47, ,
-5, ,-46, ,
-2, ,-48, ,
1, ,-48, ,
0, ,-47, ,
-2, ,-47, ,
0, ,-48, ,
0, ,-47, ,
0, ,-48, ,
-1, ,-47, ,
-1, ,-47, ,
0, ,-47, ,
-1, ,-48, ,
-4, ,-47, ,
1, ,-48, ,
1, ,-48, ,
-1, ,-47, ,
-4, ,-48, ,
3, ,-48, ,
0, ,-47, ,
3, ,-48, ,
0, ,-47, ,
-1, ,-47, ,
1, ,-47, ,
0, ,-47, ,
-4, ,-47, ,
0, ,-48, ,
-4, ,-47, ,
-1, ,-47, ,
-4, ,-47, ,
-1, ,-47, ,
-1, ,-47, ,
-1, ,-48, ,
-1, ,-47, ,
-1, ,-47, ,
-1, ,-47, ,
-1, ,-47, ,
-4, ,-47, ,
-6, ,-48, ,
5, ,-48, ,
5, ,-47, ,
-2, ,-47, ,
6, ,-47, ,
3, ,-46, ,
3, ,-48, ,
-1, ,-48, ,
-1, ,-47, ,
-4, ,-47, ,
-2, ,-47, ,
-5, ,-47, ,
0, ,-48, ,
1, ,-47, ,
0, ,-47, ,
-1, ,-47, ,
1, ,-48, ,
0, ,-47, ,
0, ,-47, ,
-2, ,-47, ,
1, ,-47, ,
1, ,-47, ,
3, ,-47, ,
-1, ,-46, ,
3, ,-48, ,
0, ,-48, ,
-5, ,-47, ,
-9, ,-47, ,
-4, ,-48, ,
-4, ,-46, ,
0, ,-48, ,
1, ,-47, ,
0, ,-47, ,
3, ,-47, ,
0, ,-48, ,
-6, ,-47, ,
-1, ,-48, ,
-2, ,-48, ,
0, ,-47, ,
-2, ,-47, ,
3, ,-48, ,
5, ,-47, ,
-4, ,-48, ,
-6, ,-47, ,
1, ,-47, ,
-2, ,-47, ,
-1, ,-48, ,
-2, ,-46, ,
3, ,-48, ,
4, ,-47, ,
4, ,-47, ,
-1, ,-48, ,
8, ,-48, ,
5, ,-47, ,
4, ,-48, ,
4, ,-47, ,
5, ,-48, ,
8, ,-47, ,
4, ,-47, ,
-2, ,-47, ,
3, ,-48, ,
1, ,-47, ,
0, ,-47, ,
-5, ,-47, ,
-4, ,-48, ,
-1, ,-47, ,
-1, ,-47, ,
1, ,-48, ,
5, ,-47, ,
3, ,-47, ,
1, ,-48, ,
-4, ,-46, ,
1, ,-48, ,
3, ,-48, ,
0, ,-47, ,
-2, ,-47, ,
6, ,-44, ,
1, ,-36, ,
9, ,-26, ,
5, ,-17, ,
5, ,-8, ,
5, ,0, ,
5, ,6, ,
0, ,12, ,
5, ,16, ,
5, ,20, ,
6, ,23, ,
4, ,28, ,
8, ,30, ,
6, ,31, ,
5, ,34, ,
5, ,36, ,
6, ,37, ,
8, ,38, ,
10, ,39, ,
6, ,39, ,
4, ,41, ,
6, ,41, ,
3, ,42, ,
-2, ,44, ,
4, ,44, ,
-1, ,41, ,
3, ,45, ,
1, ,45, ,
4, ,45, ,
6, ,45, ,
6, ,46, ,
3, ,44, ,
4, ,47, ,
3, ,46, ,
3, ,45, ,
0, ,46, ,
4, ,46, ,
5, ,45, ,
4, ,47, ,
4, ,47, ,
5, ,46, ,
4, ,46, ,
8, ,46, ,
1, ,45, ,
3, ,47, ,
3, ,46, ,
1, ,46, ,
1, ,47, ,
4, ,46, ,
5, ,44, ,
3, ,47, ,
4, ,45, ,
5, ,46, ,
0, ,46, ,
5, ,46, ,
-1, ,45, ,
4, ,47, ,
4, ,46, ,
3, ,46, ,
1, ,47, ,
5, ,46, ,
3, ,45, ,
4, ,46, ,
0, ,46, ,
5, ,46, ,
5, ,46, ,
6, ,46, ,
3, ,45, ,
4, ,47, ,
4, ,45, ,
1, ,45, ,
-5, ,46, ,
3, ,46, ,
0, ,44, ,
4, ,47, ,
1, ,46, ,
5, ,45, ,
6, ,46, ,
6, ,45, ,
0, ,45, ,
6, ,46, ,
4, ,46, ,
3, ,46, ,
-1, ,46, ,
5, ,46, ,
4, ,44, ,
3, ,46, ,
1, ,46, ,
1, ,45, ,
3, ,45, ,
1, ,46, ,
-2, ,45, ,
4, ,46, ,
3, ,45, ,
4, ,46, ,
-4, ,46, ,
5, ,46, ,
0, ,44, ,
-1, ,46, ,
-2, ,46, ,
-1, ,45, ,
3, ,46, ,
1, ,46, ,
-4, ,45, ,
3, ,46, ,
3, ,45, ,
1, ,45, ,
-1, ,46, ,
1, ,45, ,
1, ,44, ,
0, ,46, ,
-2, ,45, ,
0, ,45, ,
0, ,46, ,
4, ,45, ,
1, ,44, ,
4, ,46, ,
5, ,45, ,
4, ,45, ,
0, ,46, ,
4, ,46, ,
0, ,44, ,
4, ,46, ,
1, ,45, ,
0, ,45, ,
1, ,46, ,
3, ,46, ,
-1, ,45, ,
0, ,46, ,
3, ,45, ,
0, ,46, ,
-1, ,46, ,
3, ,46, ,
3, ,44, ,
4, ,46, ,
0, ,46, ,
4, ,45, ,
3, ,46, ,
3, ,46, ,
0, ,44, ,
1, ,46, ,
1, ,45, ,
4, ,45, ,
1, ,45, ,
8, ,46, ,
5, ,44, ,
1, ,46, ,
-1, ,46, ,
-2, ,46, ,
0, ,46, ,
0, ,46, ,
-4, ,44, ,
5, ,46, ,
3, ,45, ,
4, ,45, ,
-1, ,46, ,
0, ,45, ,
0, ,44, ,
-1, ,46, ,
-1, ,46, ,
-1, ,45, ,
-2, ,46, ,
3, ,46, ,
-5, ,44, ,
-1, ,47, ,
0, ,45, ,
-1, ,45, ,
-1, ,46, ,
4, ,46, ,
3, ,42, ,
1, ,47, ,
0, ,45, ,
0, ,45, ,
-7, ,46, ,
-2, ,46, ,
-9, ,44, ,
-2, ,46, ,
-1, ,45, ,
-2, ,45, ,
1, ,46, ,
3, ,45, ,
3, ,44, ,
1, ,46, ,
-2, ,46, ,
3, ,45, ,
-2, ,45, ,
0, ,46, ,
-5, ,44, ,
-2, ,47, ,
1, ,45, ,
-1, ,45, ,
-6, ,46, ,
1, ,46, ,
-5, ,42, ,
0, ,46, ,
-6, ,46, ,
-2, ,45, ,
0, ,46, ,
1, ,46, ,
-4, ,44, ,
1, ,46, ,
1, ,46, ,
0, ,45, ,
-6, ,46, ,
1, ,46, ,
0, ,44, ,
-1, ,47, ,
-2, ,45, ,
-2, ,45, ,
-2, ,45, ,
-2, ,46, ,
-6, ,44, ,
-2, ,46, ,
0, ,45, ,
-1, ,45, ,
1, ,45, ,
6, ,46, ,
3, ,42, ,
1, ,46, ,
0, ,46, ,
0, ,45, ,
1, ,45, ,
1, ,46, ,
-2, ,44, ,
4, ,46, ,
3, ,45, ,
1, ,45, ,
-4, ,46, ,
-1, ,45, ,
1, ,44, ,
-1, ,46, ,
-2, ,45, ,
0, ,45, ,
-1, ,46, ,
1, ,46, ,
-4, ,44, ,
3, ,46, ,
4, ,45, ,
-1, ,45, ,
0, ,45, ,
4, ,46, ,
3, ,42, ,
3, ,46, ,
-1, ,46, ,
0, ,45, ,
-2, ,46, ,
-1, ,46, ,
-4, ,44, ,
-1, ,46, ,
-1, ,46, ,
0, ,45, ,
-1, ,46, ,
4, ,46, ,
4, ,44, ,
4, ,46, ,
0, ,45, ,
3, ,45, ,
-1, ,46, ,
0, ,46, ,
-1, ,44, ,
-1, ,46, ,
3, ,45, ,
1, ,45, ,
-1, ,46, ,
3, ,46, ,
-1, ,44, ,
1, ,46, ,
-1, ,45, ,
-1, ,45, ,
3, ,46, ,
3, ,45, ,
1, ,44, ,
4, ,46, ,
1, ,45, ,
1, ,45, ,
-4, ,46, ,
3, ,45, ,
1, ,44, ,
1, ,46, ,
3, ,45, ,
3, ,45, ,
4, ,46, ,
4, ,46, ,
-1, ,44, ,
4, ,46, ,
3, ,45, ,
3, ,45, ,
0, ,46, ,
5, ,46, ,
4, ,44, ,
6, ,46, ,
1, ,46, ,
3, ,45, ,
3, ,46, ,
1, ,46, ,
-2, ,44, ,
4, ,47, ,
3, ,46, ,
3, ,45, ,
1, ,46, ,
4, ,46, ,
8, ,42, ,
6, ,46, ,
4, ,46, ,
6, ,45, ,
3, ,46, ,
4, ,46, ,
0, ,44, ,
3, ,46, ,
4, ,45, ,
1, ,45, ,
-1, ,46, ,
5, ,46, ,
0, ,42, ,
0, ,46, ,
0, ,45, ,
5, ,45, ,
5, ,45, ,
8, ,46, ,
4, ,44, ,
4, ,46, ,
4, ,45, ,
1, ,45, ,
-1, ,46, ,
4, ,46, ,
4, ,44, ,
3, ,46, ,
3, ,46, ,
5, ,45, ,
6, ,46, ,
8, ,46, ,
1, ,44, ,
4, ,46, ,
3, ,45, ,
1, ,45, ,
-5, ,46, ,
3, ,46, ,
1, ,42, ,
4, ,46, ,
3, ,45, ,
3, ,45, ,
3, ,46, ,
6, ,46, ,
-1, ,44, ,
3, ,47, ,
4, ,45, ,
3, ,45, ,
-2, ,46, ,
4, ,46, ,
1, ,44, ,
0, ,46, ,
0, ,45, ,
4, ,45, ,
1, ,46, ,
5, ,46, ,
3, ,44, ,
6, ,46, ,
6, ,45, ,
3, ,45, ,
0, ,46, ,
8, ,46, ,
4, ,44, ,
3, ,46, ,
-1, ,45, ,
3, ,45, ,
4, ,45, ,
5, ,46, ,
1, ,44, ,
3, ,46, ,
3, ,46, ,
0, ,45, ,
-4, ,46, ,
1, ,46, ,
0, ,44, ,
5, ,46, ,
5, ,45, ,
10, ,45, ,
-1, ,46, ,
3, ,45, ,
6, ,44, ,
4, ,46, ,
4, ,45, ,
9, ,45, ,
0, ,46, ,
6, ,46, ,
1, ,44, ,
1, ,46, ,
-2, ,46, ,
1, ,45, ,
1, ,46, ,
3, ,45, ,
-2, ,44, ,
3, ,46, ,
4, ,45, ,
5, ,45, ,
1, ,46, ,
5, ,45, ,
4, ,44, ,
-1, ,46, ,
-1, ,45, ,
0, ,45, ,
-1, ,46, ,
4, ,45, ,
-2, ,44, ,
4, ,46, ,
3, ,45, ,
-1, ,45, ,
-5, ,46, ,
4, ,45, ,
3, ,42, ,
0, ,46, ,
0, ,46, ,
0, ,45, ,
-1, ,45, ,
-1, ,46, ,
-7, ,44, ,
-1, ,47, ,
0, ,46, ,
-1, ,45, ,
-1, ,46, ,
1, ,45, ,
4, ,44, ,
1, ,46, ,
-1, ,45, ,
0, ,46, ,
0, ,45, ,
1, ,46, ,
-4, ,44, ,
0, ,46, ,
5, ,46, ,
0, ,45, ,
-1, ,45, ,
5, ,46, ,
0, ,44, ,
0, ,46, ,
-4, ,46, ,
1, ,45, ,
1, ,46, ,
-1, ,45, ,
-1, ,44, ,
3, ,47, ,
3, ,45, ,
3, ,45, ,
-5, ,46, ,
4, ,45, ,
0, ,44, ,
1, ,46, ,
-2, ,46, ,
3, ,45, ,
0, ,46, ,
0, ,46, ,
-5, ,45, ,
-2, ,46, ,
0, ,46, ,
-1, ,45, ,
-4, ,46, ,
3, ,46, ,
3, ,42, ,
0, ,46, ,
0, ,45, ,
0, ,46, ,
3, ,46, ,
-1, ,46, ,
-4, ,44, ,
1, ,46, ,
0, ,45, ,
0, ,45, ,
-4, ,46, ,
3, ,46, ,
1, ,44, ,
-2, ,46, ,
-4, ,45, ,
-2, ,45, ,
-4, ,46, ,
-1, ,46, ,
-5, ,44, ,
1, ,46, ,
4, ,45, ,
4, ,45, ,
0, ,46, ,
5, ,46, ,
-1, ,44, ,
-1, ,46, ,
-6, ,46, ,
-2, ,45, ,
-5, ,46, ,
3, ,46, ,
-4, ,44, ,
-2, ,47, ,
-2, ,45, ,
-2, ,45, ,
-2, ,46, ,
1, ,45, ,
-1, ,44, ,
1, ,46, ,
-1, ,45, ,
0, ,45, ,
0, ,46, ,
0, ,46, ,
-5, ,44, ,
-4, ,46, ,
-4, ,46, ,
-4, ,45, ,
-6, ,46, ,
0, ,46, ,
3, ,44, ,
3, ,46, ,
-1, ,45, ,
-1, ,45, ,
-5, ,46, ,
0, ,46, ,
-2, ,44, ,
1, ,46, ,
1, ,45, ,
3, ,45, ,
-2, ,46, ,
4, ,46, ,
0, ,44, ,
0, ,46, ,
-2, ,45, ,
0, ,45, ,
-1, ,46, ,
5, ,46, ,
0, ,44, ,
6, ,46, ,
6, ,45, ,
3, ,45, ,
1, ,46, ,
3, ,46, ,
1, ,44, ,
3, ,46, ,
4, ,45, ,
5, ,45, ,
3, ,46, ,
4, ,46, ,
-1, ,44, ,
1, ,46, ,
1, ,45, ,
1, ,45, ,
0, ,46, ,
6, ,46, ,
6, ,44, ,
5, ,46, ,
0, ,46, ,
4, ,45, ,
1, ,46, ,
1, ,46, ,
-2, ,44, ,
1, ,46, ,
3, ,45, ,
1, ,45, ,
-5, ,46, ,
4, ,46, ,
3, ,42, ,
1, ,46, ,
4, ,45, ,
3, ,45, ,
0, ,45, ,
4, ,46, ,
-2, ,44, ,
3, ,46, ,
3, ,45, ,
4, ,45, ,
-2, ,46, ,
4, ,46, ,
5, ,44, ,
0, ,46, ,
0, ,46, ,
1, ,45, ,
4, ,46, ,
8, ,45, ,
-1, ,44, ,
1, ,46, ,
4, ,45, ,
3, ,45, ,
-5, ,46, ,
3, ,46, ,
3, ,44, ,
0, ,46, ,
5, ,45, ,
4, ,46, ,
4, ,46, ,
5, ,46, ,
1, ,44, ,
3, ,46, ,
0, ,45, ,
1, ,45, ,
-5, ,46, ,
3, ,46, ,
3, ,44, ,
4, ,46, ,
1, ,46, ,
4, ,45, ,
1, ,45, ,
3, ,45, ,
-2, ,44, ,
5, ,46, ,
4, ,45, ,
3, ,45, ,
0, ,46, ,
6, ,46, ,
4, ,44, ,
5, ,46, ,
1, ,45, ,
3, ,45, ,
1, ,46, ,
5, ,46, ,
-1, ,44, ,
3, ,46, ,
1, ,45, ,
0, ,45, ,
-2, ,46, ,
3, ,45, ,
0, ,42, ,
5, ,46, ,
5, ,46, ,
8, ,45, ,
5, ,46, ,
8, ,45, ,
1, ,44, ,
5, ,46, ,
5, ,45, ,
3, ,45, ,
-4, ,46, ,
3, ,45, ,
-1, ,42, ,
3, ,46, ,
-1, ,45, ,
0, ,45, ,
8, ,46, ,
6, ,45, ,
-1, ,44, ,
6, ,46, ,
3, ,45, ,
3, ,45, ,
0, ,46, ,
5, ,46, ,
5, ,44, ,
-1, ,46, ,
-1, ,45, ,
1, ,45, ,
4, ,46, ,
6, ,46, ,
0, ,44, ,
3, ,46, ,
1, ,45, ,
0, ,45, ,
-4, ,46, ,
3, ,46, ,
0, ,42, ,
0, ,46, ,
-1, ,46, ,
3, ,45, ,
3, ,46, ,
1, ,46, ,
-1, ,44, ,
5, ,46, ,
3, ,46, ,
-1, ,45, ,
-4, ,46, ,
1, ,46, ,
-2, ,44, ,
1, ,46, ,
-2, ,45, ,
3, ,45, ,
1, ,46, ,
3, ,45, ,
-2, ,44, ,
3, ,46, ,
4, ,45, ,
-1, ,45, ,
-2, ,46, ,
3, ,46, ,
1, ,44, ,
3, ,46, ,
4, ,46, ,
3, ,46, ,
4, ,46, ,
1, ,46, ,
-4, ,44, ,
0, ,46, ,
1, ,46, ,
5, ,45, ,
1, ,46, ,
6, ,46, ,
3, ,44, ,
1, ,46, ,
-1, ,45, ,
0, ,45, ,
-2, ,46, ,
6, ,46, ,
-2, ,44, ,
-1, ,46, ,
1, ,45, ,
1, ,45, ,
-5, ,46, ,
3, ,46, ,
0, ,42, ,
0, ,46, ,
-1, ,46, ,
4, ,45, ,
3, ,46, ,
4, ,46, ,
0, ,44, ,
0, ,46, ,
-2, ,45, ,
-1, ,45, ,
-6, ,46, ,
1, ,46, ,
1, ,44, ,
0, ,46, ,
0, ,45, ,
0, ,45, ,
-4, ,46, ,
1, ,46, ,
-7, ,44, ,
-1, ,47, ,
0, ,46, ,
3, ,45, ,
0, ,45, ,
5, ,46, ,
0, ,44, ,
1, ,46, ,
-1, ,45, ,
-5, ,45, ,
-5, ,46, ,
-2, ,46, ,
-5, ,44, ,
-1, ,47, ,
1, ,46, ,
0, ,45, ,
-4, ,46, ,
1, ,46, ,
-2, ,44, ,
1, ,46, ,
-2, ,45, ,
3, ,45, ,
1, ,46, ,
3, ,46, ,
-1, ,44, ,
3, ,46, ,
1, ,45, ,
0, ,45, ,
-6, ,46, ,
0, ,46, ,
-2, ,42, ,
0, ,46, ,
-1, ,45, ,
-1, ,45, ,
0, ,46, ,
3, ,46, ,
-1, ,44, ,
0, ,46, ,
0, ,45, ,
1, ,45, ,
-1, ,46, ,
4, ,45, ,
3, ,44, ,
1, ,46, ,
0, ,45, ,
0, ,46, ,
-4, ,46, ,
0, ,46, ,
-7, ,44, ,
-1, ,47, ,
3, ,45, ,
1, ,45, ,
3, ,46, ,
4, ,45, ,
1, ,42, ,
-2, ,46, ,
-4, ,45, ,
-2, ,45, ,
-1, ,46, ,
3, ,45, ,
-2, ,44, ,
8, ,46, ,
5, ,45, ,
5, ,45, ,
1, ,46, ,
5, ,46, ,
4, ,41, ,
5, ,37, ,
-1, ,27, ,
-2, ,16, ,
-6, ,8, ,
-2, ,0, ,
-9, ,-6, ,
-5, ,-12, ,
-1, ,-18, ,
-4, ,-22, ,
-6, ,-25, ,
-4, ,-28, ,
-6, ,-30, ,
-2, ,-33, ,
-2, ,-36, ,
-4, ,-37, ,
-4, ,-39, ,
-6, ,-41, ,
-9, ,-41, ,
-4, ,-43, ,
0, ,-44, ,
0, ,-44, ,
-1, ,-45, ,
3, ,-45, ,
-1, ,-45, ,
0, ,-46, ,
-6, ,-46, ,
-2, ,-46, ,
-1, ,-47, ,
1, ,-47, ,
-2, ,-47, ,
0, ,-48, ,
3, ,-47, ,
0, ,-47, ,
-5, ,-48, ,
3, ,-48, ,
0, ,-46, ,
0, ,-48, ,
-1, ,-48, ,
-1, ,-48, ,
1, ,-48, ,
4, ,-48, ,
-5, ,-47, ,
0, ,-49, ,
3, ,-48, ,
1, ,-48, ,
0, ,-48, ,
3, ,-48, ,
4, ,-47, ,
3, ,-49, ,
-2, ,-48, ,
0, ,-48, ,
5, ,-48, ,
5, ,-48, ,
-1, ,-47, ,
4, ,-48, ,
6, ,-48, ,
4, ,-48, ,
4, ,-48, ,
9, ,-48, ,
5, ,-46, ,
5, ,-49, ,
3, ,-48, ,
3, ,-48, ,
3, ,-48, ,
4, ,-47, ,
-1, ,-47, ,
1, ,-48, ,
4, ,-48, ,
1, ,-47, ,
0, ,-48, ,
6, ,-48, ,
4, ,-47, ,
5, ,-48, ,
3, ,-48, ,
4, ,-47, ,
3, ,-48, ,
3, ,-48, ,
0, ,-47, ,
3, ,-48, ,
4, ,-48, ,
3, ,-47, ,
-2, ,-48, ,
1, ,-48, ,
0, ,-46, ,
0, ,-48, ,
0, ,-47, ,
0, ,-47, ,
4, ,-48, ,
5, ,-47, ,
-1, ,-46, ,
3, ,-48, ,
3, ,-47, ,
1, ,-47, ,
-1, ,-48, ,
1, ,-48, ,
3, ,-46, ,
3, ,-48, ,
1, ,-48, ,
5, ,-47, ,
5, ,-48, ,
6, ,-47, ,
-2, ,-47, ,
1, ,-48, ,
1, ,-47, ,
-1, ,-47, ,
-2, ,-48, ,
1, ,-48, ,
1, ,-46, ,
1, ,-48, ,
1, ,-47, ,
4, ,-47, ,
1, ,-48, ,
1, ,-48, ,
-1, ,-47, ,
3, ,-48, ,
3, ,-47, ,
1, ,-47, ,
-4, ,-48, ,
1, ,-47, ,
1, ,-46, ,
-1, ,-48, ,
-4, ,-47, ,
0, ,-47, ,
3, ,-47, ,
4, ,-47, ,
-1, ,-46, ,
3, ,-48, ,
3, ,-48, ,
0, ,-47, ,
-5, ,-47, ,
4, ,-48, ,
3, ,-46, ,
4, ,-48, ,
1, ,-47, ,
3, ,-47, ,
5, ,-47, ,
3, ,-48, ,
-2, ,-46, ,
1, ,-48, ,
1, ,-48, ,
0, ,-47, ,
-1, ,-48, ,
4, ,-48, ,
4, ,-47, ,
1, ,-48, ,
-1, ,-47, ,
3, ,-47, ,
4, ,-47, ,
4, ,-47, ,
0, ,-46, ,
1, ,-48, ,
4, ,-47, ,
0, ,-47, ,
-2, ,-47, ,
1, ,-48, ,
1, ,-46, ,
3, ,-48, ,
0, ,-47, ,
1, ,-48, ,
4, ,-47, ,
8, ,-48, ,
0, ,-46, ,
5, ,-48, ,
3, ,-47, ,
1, ,-47, ,
-4, ,-48, ,
-1, ,-48, ,
1, ,-46, ,
0, ,-48, ,
-2, ,-47, ,
0, ,-47, ,
1, ,-47, ,
3, ,-47, ,
-2, ,-46, ,
1, ,-48, ,
3, ,-48, ,
0, ,-47, ,
-5, ,-47, ,
3, ,-48, ,
3, ,-46, ,
1, ,-48, ,
-1, ,-47, ,
0, ,-47, ,
0, ,-47, ,
-6, ,-47, ,
-12, ,-47, ,
-12, ,-48, ,
-14, ,-48, ,
-15, ,-47, ,
-21, ,-48, ,
-10, ,-48, ,
-4, ,-47, ,
-4, ,-48, ,
-2, ,-47, ,
4, ,-47, ,
8, ,-47, ,
14, ,-47, ,
9, ,-47, ,
14, ,-48, ,
13, ,-47, ,
8, ,-47, ,
-1, ,-48, ,
3, ,-48, ,
-1, ,-46, ,
0, ,-48, ,
-1, ,-47, ,
1, ,-47, ,
3, ,-47, ,
0, ,-47, ,
0, ,-47, ,
1, ,-48, ,
1, ,-47, ,
0, ,-47, ,
-4, ,-47, ,
3, ,-47, ,
1, ,-46, ,
-2, ,-48, ,
-1, ,-47, ,
1, ,-47, ,
0, ,-47, ,
1, ,-47, ,
-5, ,-46, ,
-1, ,-48, ,
1, ,-47, ,
-1, ,-47, ,
-6, ,-47, ,
0, ,-48, ,
4, ,-46, ,
-7, ,-48, ,
-6, ,-47, ,
3, ,-47, ,
-2, ,-47, ,
1, ,-47, ,
-4, ,-46, ,
6, ,-48, ,
5, ,-47, ,
4, ,-47, ,
4, ,-48, ,
3, ,-48, ,
3, ,-47, ,
0, ,-48, ,
-4, ,-47, ,
0, ,-47, ,
0, ,-47, ,
4, ,-47, ,
-4, ,-46, ,
-4, ,-48, ,
0, ,-48, ,
0, ,-47, ,
-6, ,-48, ,
1, ,-48, ,
-5, ,-46, ,
1, ,-48, ,
3, ,-47, ,
4, ,-47, ,
5, ,-47, ,
1, ,-47, ,
-5, ,-46, ,
-4, ,-48, ,
-2, ,-47, ,
-1, ,-47, ,
-5, ,-48, ,
5, ,-48, ,
4, ,-47, ,
1, ,-48, ,
1, ,-47, ,
-1, ,-47, ,
-1, ,-47, ,
-1, ,-47, ,
-5, ,-46, ,
0, ,-48, ,
4, ,-47, ,
1, ,-47, ,
-1, ,-47, ,
3, ,-47, ,
-1, ,-46, ,
1, ,-48, ,
-1, ,-47, ,
1, ,-47, ,
4, ,-47, ,
4, ,-47, ,
-1, ,-46, ,
5, ,-48, ,
3, ,-47, ,
4, ,-47, ,
-2, ,-47, ,
1, ,-47, ,
1, ,-46, ,
-5, ,-48, ,
-1, ,-47, ,
3, ,-47, ,
1, ,-47, ,
5, ,-47, ,
-1, ,-47, ,
5, ,-48, ,
8, ,-48, ,
5, ,-47, ,
1, ,-48, ,
8, ,-48, ,
4, ,-46, ,
4, ,-48, ,
1, ,-47, ,
3, ,-47, ,
3, ,-47, ,
1, ,-47, ,
-2, ,-47, ,
3, ,-48, ,
6, ,-47, ,
4, ,-47, ,
5, ,-48, ,
8, ,-47, ,
5, ,-47, ,
4, ,-48, ,
1, ,-47, ,
5, ,-47, ,
4, ,-47, ,
3, ,-47, ,
0, ,-46, ,
4, ,-48, ,
4, ,-47, ,
3, ,-47, ,
-1, ,-47, ,
6, ,-47, ,
-1, ,-46, ,
-1, ,-48, ,
-5, ,-47, ,
-1, ,-47, ,
0, ,-47, ,
0, ,-48, ,
-5, ,-46, ,
1, ,-48, ,
3, ,-47, ,
4, ,-47, ,
1, ,-47, ,
5, ,-48, ,
5, ,-46, ,
5, ,-48, ,
0, ,-47, ,
1, ,-47, ,
3, ,-47, ,
3, ,-47, ,
-2, ,-46, ,
4, ,-48, ,
1, ,-48, ,
-1, ,-47, ,
0, ,-47, ,
1, ,-47, ,
4, ,-46, ,
5, ,-48, ,
3, ,-47, ,
4, ,-47, ,
3, ,-47, ,
5, ,-47, ,
-1, ,-46, ,
3, ,-48, ,
4, ,-47, ,
4, ,-47, ,
0, ,-47, ,
6, ,-48, ,
4, ,-46, ,
1, ,-48, ,
-6, ,-47, ,
0, ,-47, ,
-1, ,-47, ,
3, ,-47, ,
-1, ,-46, ,
3, ,-48, ,
3, ,-47, ,
0, ,-47, ,
1, ,-47, ,
5, ,-47, ,
3, ,-46, ,
4, ,-48, ,
0, ,-47, ,
4, ,-47, ,
6, ,-47, ,
1, ,-47, ,
0, ,-46, ,
0, ,-48, ,
0, ,-47, ,
1, ,-47, ,
-4, ,-47, ,
1, ,-48, ,
0, ,-46, ,
3, ,-48, ,
0, ,-47, ,
1, ,-47, ,
4, ,-47, ,
4, ,-47, ,
1, ,-47, ,
5, ,-48, ,
5, ,-47, ,
4, ,-47, ,
1, ,-48, ,
9, ,-48, ,
5, ,-46, ,
6, ,-48, ,
6, ,-47, ,
5, ,-47, ,
6, ,-47, ,
3, ,-47, ,
-2, ,-46, ,
5, ,-48, ,
5, ,-47, ,
4, ,-47, ,
-2, ,-48, ,
3, ,-48, ,
6, ,-46, ,
1, ,-48, ,
1, ,-47, ,
1, ,-47, ,
1, ,-47, ,
6, ,-47, ,
4, ,-47, ,
3, ,-48, ,
5, ,-47, ,
5, ,-47, ,
3, ,-47, ,
0, ,-48, ,
1, ,-46, ,
4, ,-48, ,
3, ,-47, ,
3, ,-47, ,
5, ,-47, ,
8, ,-47, ,
3, ,-46, ,
1, ,-48, ,
0, ,-47, ,
-1, ,-47, ,
-4, ,-47, ,
1, ,-48, ,
3, ,-46, ,
4, ,-48, ,
4, ,-47, ,
5, ,-47, ,
3, ,-47, ,
3, ,-47, ,
-4, ,-46, ,
1, ,-48, ,
4, ,-47, ,
3, ,-47, ,
-1, ,-47, ,
5, ,-48, ,
0, ,-46, ,
1, ,-48, ,
0, ,-47, ,
3, ,-47, ,
4, ,-47, ,
1, ,-47, ,
3, ,-46, ,
5, ,-48, ,
4, ,-47, ,
3, ,-46, ,
0, ,-47, ,
5, ,-47, ,
4, ,-46, ,
-1, ,-48, ,
0, ,-47, ,
0, ,-48, ,
-1, ,-47, ,
4, ,-47, ,
-5, ,-46, ,
-2, ,-48, ,
-2, ,-47, ,
-5, ,-47, ,
-10, ,-47, ,
0, ,-48, ,
-2, ,-46, ,
0, ,-48, ,
-2, ,-47, ,
0, ,-47, ,
0, ,-47, ,
1, ,-47, ,
-4, ,-46, ,
0, ,-48, ,
1, ,-47, ,
-1, ,-47, ,
-6, ,-47, ,
-2, ,-47, ,
1, ,-47, ,
-2, ,-48, ,
-4, ,-47, ,
-2, ,-47, ,
-4, ,-47, ,
-4, ,-48, ,
-7, ,-47, ,
-4, ,-48, ,
0, ,-47, ,
-5, ,-47, ,
-7, ,-48, ,
0, ,-48, ,
-5, ,-46, ,
-2, ,-48, ,
-6, ,-47, ,
-4, ,-47, ,
-2, ,-47, ,
-2, ,-47, ,
-6, ,-46, ,
-4, ,-48, ,
-2, ,-47, ,
-4, ,-47, ,
-10, ,-47, ,
-1, ,-48, ,
-5, ,-46, ,
-6, ,-48, ,
-7, ,-47, ,
-4, ,-47, ,
5, ,-47, ,
1, ,-47, ,
-5, ,-47, ,
0, ,-48, ,
-2, ,-48, ,
-5, ,-47, ,
-9, ,-47, ,
-2, ,-48, ,
-2, ,-46, ,
0, ,-48, ,
-2, ,-47, ,
-4, ,-47, ,
-1, ,-47, ,
1, ,-48, ,
-5, ,-46, ,
-1, ,-48, ,
1, ,-48, ,
-2, ,-47, ,
-6, ,-47, ,
-1, ,-48, ,
0, ,-46, ,
-4, ,-48, ,
-4, ,-47, ,
-4, ,-47, ,
-2, ,-47, ,
1, ,-47, ,
-4, ,-47, ,
-1, ,-48, ,
4, ,-47, ,
0, ,-47, ,
0, ,-47, ,
0, ,-48, ,
-2, ,-46, ,
-2, ,-48, ,
-6, ,-47, ,
-1, ,-47, ,
0, ,-47, ,
1, ,-47, ,
-1, ,-46, ,
4, ,-48, ,
3, ,-47, ,
1, ,-46, ,
-1, ,-48, ,
3, ,-48, ,
3, ,-46, ,
1, ,-48, ,
1, ,-47, ,
1, ,-47, ,
-1, ,-47, ,
3, ,-48, ,
-2, ,-47, ,
1, ,-48, ,
4, ,-47, ,
3, ,-47, ,
-1, ,-48, ,
4, ,-48, ,
0, ,-46, ,
0, ,-48, ,
-4, ,-47, ,
-2, ,-47, ,
0, ,-47, ,
-1, ,-47, ,
-2, ,-46, ,
3, ,-48, ,
3, ,-47, ,
1, ,-47, ,
-4, ,-47, ,
4, ,-48, ,
1, ,-46, ,
-1, ,-48, ,
-1, ,-47, ,
1, ,-47, ,
3, ,-47, ,
5, ,-47, ,
-2, ,-46, ,
4, ,-48, ,
3, ,-48, ,
0, ,-47, ,
0, ,-48, ,
4, ,-47, ,
4, ,-46, ,
3, ,-48, ,
-1, ,-47, ,
0, ,-47, ,
3, ,-47, ,
4, ,-47, ,
1, ,-46, ,
5, ,-48, ,
9, ,-48, ,
5, ,-47, ,
3, ,-47, ,
6, ,-48, ,
5, ,-46, ,
4, ,-48, ,
-1, ,-47, ,
3, ,-47, ,
0, ,-47, ,
5, ,-47, ,
0, ,-47, ,
1, ,-48, ,
8, ,-47, ,
6, ,-47, ,
6, ,-47, ,
9, ,-48, ,
5, ,-46, ,
9, ,-48, ,
3, ,-47, ,
3, ,-47, ,
5, ,-47, ,
5, ,-48, ,
1, ,-46, ,
4, ,-48, ,
5, ,-48, ,
4, ,-47, ,
-1, ,-47, ,
3, ,-48, ,
3, ,-47, ,
3, ,-48, ,
4, ,-47, ,
4, ,-48, ,
5, ,-47, ,
4, ,-47, ,
1, ,-47, ,
4, ,-48, ,
4, ,-47, ,
3, ,-47, ,
-1, ,-47, ,
6, ,-47, ,
4, ,-46, ,
4, ,-48, ,
3, ,-47, ,
4, ,-47, ,
5, ,-47, ,
4, ,-47, ,
-2, ,-46, ,
3, ,-48, ,
4, ,-47, ,
4, ,-47, ,
1, ,-47, ,
6, ,-47, ,
6, ,-46, ,
1, ,-48, ,
3, ,-47, ,
5, ,-47, ,
0, ,-47, ,
4, ,-47, ,
0, ,-46, ,
4, ,-48, ,
8, ,-47, ,
5, ,-47, ,
4, ,-47, ,
5, ,-48, ,
3, ,-46, ,
5, ,-48, ,
-4, ,-48, ,
3, ,-47, ,
4, ,-47, ,
5, ,-48, ,
3, ,-46, ,
3, ,-48, ,
6, ,-47, ,
3, ,-47, ,
0, ,-47, ,
4, ,-48, ,
1, ,-46, ,
3, ,-48, ,
0, ,-47, ,
4, ,-47, ,
4, ,-47, ,
3, ,-47, ,
-2, ,-46, ,
3, ,-48, ,
5, ,-48, ,
3, ,-47, ,
-2, ,-48, ,
8, ,-48, ,
4, ,-46, ,
4, ,-48, ,
4, ,-47, ,
3, ,-47, ,
5, ,-47, ,
4, ,-48, ,
-4, ,-46, ,
4, ,-48, ,
4, ,-47, ,
4, ,-47, ,
-2, ,-48, ,
8, ,-48, ,
6, ,-46, ,
5, ,-48, ,
4, ,-47, ,
1, ,-47, ,
0, ,-47, ,
1, ,-47, ,
-4, ,-47, ,
3, ,-48, ,
1, ,-47, ,
-1, ,-47, ,
-5, ,-47, ,
1, ,-48, ,
-1, ,-46, ,
0, ,-48, ,
0, ,-47, ,
0, ,-47, ,
3, ,-47, ,
3, ,-47, ,
0, ,-46, ,
4, ,-48, ,
3, ,-48, ,
-2, ,-47, ,
-5, ,-48, ,
0, ,-48, ,
-2, ,-46, ,
0, ,-48, ,
-2, ,-47, ,
-2, ,-47, ,
0, ,-47, ,
0, ,-47, ,
-6, ,-46, ,
-4, ,-48, ,
0, ,-47, ,
-2, ,-47, ,
-2, ,-47, ,
3, ,-48, ,
1, ,-46, ,
3, ,-48, ,
-2, ,-47, ,
-1, ,-48, ,
-2, ,-47, ,
-2, ,-47, ,
-9, ,-46, ,
-4, ,-48, ,
-2, ,-48, ,
-1, ,-47, ,
-9, ,-48, ,
0, ,-48, ,
0, ,-47, ,
-4, ,-48, ,
-4, ,-47, ,
-1, ,-48, ,
1, ,-47, ,
3, ,-48, ,
-2, ,-47, ,
0, ,-48, ,
-2, ,-48, ,
-5, ,-47, ,
-7, ,-47, ,
0, ,-48, ,
0, ,-46, ,
-1, ,-48, ,
-1, ,-47, ,
0, ,-47, ,
4, ,-47, ,
-1, ,-47, ,
-11, ,-46, ,
-1, ,-48, ,
-5, ,-47, ,
-6, ,-47, ,
-6, ,-48, ,
-2, ,-48, ,
4, ,-46, ,
-1, ,-48, ,
0, ,-47, ,
3, ,-48, ,
0, ,-47, ,
4, ,-48, ,
-4, ,-46, ,
-2, ,-48, ,
1, ,-48, ,
-5, ,-47, ,
-9, ,-48, ,
-2, ,-48, ,
-4, ,-46, ,
-2, ,-47, ,
-9, ,-41, ,
-1, ,-31, ,
5, ,-22, ,
5, ,-12, ,
5, ,-4, ,
8, ,2, ,
9, ,9, ,
4, ,14, ,
-2, ,18, ,
6, ,22, ,
5, ,25, ,
4, ,29, ,
4, ,31, ,
8, ,33, ,
5, ,35, ,
6, ,36, ,
-2, ,36, ,
1, ,39, ,
0, ,39, ,
-2, ,40, ,
-9, ,41, ,
1, ,42, ,
-1, ,40, ,
0, ,44, ,
-1, ,44, ,
3, ,44, ,
3, ,45, ,
1, ,45, ,
-2, ,44, ,
1, ,46, ,
1, ,45, ,
0, ,45, ,
-5, ,46, ,
3, ,46, ,
1, ,44, ,
1, ,47, ,
1, ,46, ,
-1, ,46, ,
1, ,46, ,
3, ,46, ,
-1, ,45, ,
4, ,47, ,
5, ,46, ,
1, ,46, ,
0, ,46, ,
3, ,46, ,
-4, ,45, ,
-4, ,47, ,
-2, ,46, ,
0, ,46, ,
3, ,47, ,
8, ,46, ,
3, ,45, ,
6, ,47, ,
4, ,46, ,
3, ,45, ,
1, ,47, ,
3, ,46, ,
1, ,45, ,
1, ,47, ,
-1, ,46, ,
3, ,45, ,
4, ,47, ,
4, ,46, ,
0, ,45, ,
1, ,47, ,
1, ,46, ,
1, ,45, ,
3, ,46, ,
8, ,46, ,
5, ,44, ,
5, ,47, ,
3, ,46, ,
0, ,46, ,
0, ,46, ,
1, ,46, ,
-1, ,44, ,
4, ,47, ,
5, ,45, ,
5, ,45, ,
1, ,46, ,
5, ,46, ,
3, ,44, ,
1, ,46, ,
1, ,46, ,
1, ,45, ,
3, ,46, ,
5, ,46, ,
4, ,45, ,
5, ,47, ,
8, ,45, ,
5, ,45, ,
1, ,46, ,
6, ,46, ,
3, ,44, ,
4, ,46, ,
1, ,46, ,
4, ,45, ,
1, ,46, ,
1, ,46, ,
-4, ,44, ,
0, ,47, ,
3, ,46, ,
1, ,45, ,
1, ,46, ,
4, ,46, ,
5, ,44, ,
3, ,46, ,
3, ,46, ,
4, ,46, ,
1, ,46, ,
5, ,46, ,
-1, ,44, ,
5, ,46, ,
6, ,45, ,
0, ,45, ,
1, ,46, ,
6, ,45, ,
3, ,44, ,
5, ,46, ,
1, ,45, ,
4, ,45, ,
5, ,46, ,
5, ,46, ,
5, ,44, ,
8, ,46, ,
9, ,46, ,
8, ,46, ,
4, ,46, ,
8, ,46, ,
4, ,44, ,
1, ,46, ,
-1, ,45, ,
3, ,45, ,
3, ,46, ,
5, ,46, ,
3, ,44, ,
6, ,46, ,
5, ,46, ,
4, ,45, ,
0, ,46, ,
6, ,46, ,
4, ,44, ,
5, ,46, ,
4, ,46, ,
4, ,45, ,
5, ,46, ,
6, ,46, ,
1, ,44, ,
5, ,46, ,
3, ,45, ,
3, ,45, ,
-1, ,46, ,
5, ,46, ,
5, ,44, ,
6, ,46, ,
3, ,46, ,
3, ,45, ,
1, ,46, ,
3, ,46, ,
-4, ,44, ,
3, ,46, ,
4, ,45, ,
4, ,45, ,
-1, ,46, ,
5, ,46, ,
-1, ,42, ,
1, ,46, ,
-1, ,45, ,
1, ,45, ,
0, ,46, ,
4, ,46, ,
-1, ,44, ,
6, ,47, ,
4, ,45, ,
5, ,45, ,
-1, ,46, ,
-1, ,46, ,
3, ,44, ,
0, ,46, ,
-7, ,46, ,
3, ,45, ,
-1, ,46, ,
1, ,45, ,
-5, ,44, ,
-2, ,47, ,
3, ,45, ,
1, ,45, ,
-1, ,46, ,
4, ,46, ,
0, ,44, ,
1, ,46, ,
0, ,46, ,
1, ,45, ,
0, ,46, ,
1, ,46, ,
-5, ,44, ,
-2, ,46, ,
0, ,45, ,
0, ,45, ,
-1, ,46, ,
4, ,46, ,
1, ,44, ,
-1, ,46, ,
-1, ,46, ,
0, ,45, ,
-1, ,46, ,
-1, ,46, ,
0, ,44, ,
0, ,46, ,
0, ,45, ,
4, ,45, ,
-6, ,46, ,
5, ,46, ,
0, ,44, ,
-1, ,46, ,
-4, ,46, ,
0, ,45, ,
1, ,46, ,
0, ,46, ,
-2, ,44, ,
3, ,46, ,
0, ,45, ,
0, ,45, ,
-4, ,46, ,
1, ,46, ,
-1, ,42, ,
1, ,46, ,
1, ,46, ,
4, ,45, ,
-1, ,46, ,
3, ,46, ,
-2, ,44, ,
0, ,46, ,
-2, ,45, ,
-5, ,45, ,
-6, ,46, ,
0, ,46, ,
-2, ,44, ,
-1, ,46, ,
-4, ,45, ,
-1, ,45, ,
-4, ,46, ,
0, ,46, ,
-5, ,42, ,
-1, ,46, ,
3, ,45, ,
0, ,45, ,
-4, ,46, ,
3, ,45, ,
-2, ,44, ,
-1, ,46, ,
-4, ,45, ,
-1, ,45, ,
0, ,46, ,
0, ,46, ,
-5, ,44, ,
-1, ,46, ,
-2, ,45, ,
-1, ,45, ,
-9, ,45, ,
-1, ,46, ,
-4, ,44, ,
-2, ,46, ,
-2, ,45, ,
3, ,45, ,
3, ,45, ,
1, ,45, ,
-4, ,44, ,
-1, ,46, ,
-4, ,45, ,
-2, ,45, ,
-6, ,46, ,
0, ,45, ,
0, ,42, ,
1, ,46, ,
-1, ,45, ,
1, ,45, ,
0, ,46, ,
0, ,45, ,
-7, ,45, ,
0, ,47, ,
0, ,45, ,
-1, ,45, ,
-2, ,46, ,
0, ,46, ,
0, ,42, ,
1, ,46, ,
-1, ,46, ,
0, ,45, ,
1, ,46, ,
5, ,46, ,
-1, ,44, ,
5, ,46, ,
3, ,45, ,
-1, ,45, ,
-4, ,46, ,
0, ,46, ,
-2, ,44, ,
0, ,46, ,
-2, ,45, ,
1, ,45, ,
1, ,46, ,
4, ,46, ,
-1, ,44, ,
0, ,46, ,
0, ,45, ,
-1, ,45, ,
-4, ,45, ,
1, ,46, ,
1, ,42, ,
3, ,46, ,
1, ,45, ,
4, ,45, ,
4, ,46, ,
3, ,46, ,
