Format,1.0B,
Memory Length,10000,Memory Length,10000,
IntpDistance,0,IntpDistance,0,
Trigger Address,4999,Trigger Address,4999,
Trigger Level,-1.000E+00,Trigger Level,-1.000E+00,
Source,CH1,Source,CH2,
Vertical Units,V,Vertical Units,V,
Vertical Units Div,0,Vertical Units Div,0,
Vertical Units Extend Div,16,Vertical Units Extend Div,16,
Label,,Label,,
Probe Type,0,Probe Type,0,
Probe Ratio,1.000e+01,Probe Ratio,1.000e+00,
Vertical Scale,2.000e-02,Vertical Scale,1.000e+00,
Vertical Position,-5.120e-02,Vertical Position,2.000e-01,
Horizontal Units,S,Horizontal Units,S,
Horizontal Scale,1.000E-05,Horizontal Scale,1.000E-05,
Horizontal Position,0.000E+00,Horizontal Position,0.000E+00,
Horizontal Mode,Main,Horizontal Mode,Main,
SincET Mode,Real Time,SincET Mode,Real Time,
Sampling Period,1.000e-08,Sampling Period,1.000e-08,
Horizontal Old Scale,1.000E-05,Horizontal Old Scale,1.000E-05,
Horizontal Old Position,0.000E+00,Horizontal Old Position,0.000E+00,
Firmware,V1.23,Firmware,V1.23,
Mode,Fast,Mode,Fast,
Waveform Data,,Waveform Data,,
-4, ,-42, ,
3, ,-43, ,
4, ,-43, ,
-2, ,-42, ,
-5, ,-42, ,
0, ,-43, ,
3, ,-42, ,
1, ,-42, ,
-2, ,-42, ,
1, ,-42, ,
6, ,-42, ,
-1, ,-42, ,
-4, ,-42, ,
5, ,-43, ,
1, ,-42, ,
4, ,-42, ,
3, ,-42, ,
5, ,-43, ,
6, ,-42, ,
5, ,-43, ,
-2, ,-42, ,
1, ,-42, ,
3, ,-42, ,
1, ,-42, ,
-1, ,-42, ,
6, ,-43, ,
5, ,-42, ,
1, ,-42, ,
0, ,-42, ,
0, ,-42, ,
1, ,-42, ,
5, ,-42, ,
-4, ,-42, ,
4, ,-42, ,
5, ,-42, ,
3, ,-42, ,
0, ,-42, ,
3, ,-43, ,
0, ,-42, ,
-1, ,-42, ,
-1, ,-42, ,
1, ,-43, ,
3, ,-42, ,
3, ,-42, ,
-1, ,-42, ,
0, ,-42, ,
3, ,-42, ,
0, ,-42, ,
-1, ,-42, ,
4, ,-43, ,
0, ,-42, ,
0, ,-43, ,
-2, ,-42, ,
1, ,-43, ,
-1, ,-42, ,
5, ,-43, ,
-1, ,-42, ,
3, ,-42, ,
4, ,-42, ,
-2, ,-42, ,
-6, ,-42, ,
0, ,-43, ,
-4, ,-42, ,
1, ,-42, ,
-2, ,-42, ,
0, ,-42, ,
1, ,-42, ,
1, ,-43, ,
-6, ,-43, ,
-1, ,-42, ,
1, ,-42, ,
3, ,-42, ,
-1, ,-42, ,
5, ,-43, ,
1, ,-42, ,
0, ,-42, ,
-4, ,-42, ,
-1, ,-42, ,
0, ,-42, ,
3, ,-43, ,
-5, ,-43, ,
1, ,-42, ,
4, ,-42, ,
0, ,-42, ,
-5, ,-42, ,
1, ,-43, ,
-6, ,-42, ,
-1, ,-42, ,
-4, ,-42, ,
-1, ,-43, ,
4, ,-42, ,
4, ,-43, ,
0, ,-42, ,
3, ,-42, ,
4, ,-43, ,
0, ,-42, ,
-5, ,-42, ,
0, ,-43, ,
-1, ,-43, ,
-2, ,-42, ,
-2, ,-42, ,
0, ,-42, ,
1, ,-42, ,
3, ,-43, ,
-2, ,-43, ,
1, ,-42, ,
3, ,-43, ,
0, ,-42, ,
-2, ,-42, ,
3, ,-43, ,
-1, ,-42, ,
0, ,-42, ,
-4, ,-42, ,
0, ,-43, ,
1, ,-42, ,
1, ,-42, ,
0, ,-43, ,
3, ,-42, ,
5, ,-42, ,
5, ,-42, ,
-4, ,-42, ,
4, ,-43, ,
1, ,-43, ,
0, ,-42, ,
-9, ,-42, ,
-6, ,-42, ,
3, ,-42, ,
-1, ,-43, ,
-4, ,-42, ,
4, ,-42, ,
5, ,-42, ,
4, ,-42, ,
-1, ,-42, ,
5, ,-43, ,
-1, ,-43, ,
0, ,-42, ,
-2, ,-42, ,
-4, ,-43, ,
3, ,-42, ,
1, ,-42, ,
-4, ,-43, ,
-5, ,-43, ,
-2, ,-42, ,
-1, ,-42, ,
-4, ,-42, ,
4, ,-43, ,
3, ,-43, ,
1, ,-42, ,
-2, ,-42, ,
-4, ,-42, ,
-1, ,-42, ,
3, ,-43, ,
-4, ,-42, ,
4, ,-42, ,
5, ,-42, ,
4, ,-42, ,
1, ,-42, ,
3, ,-43, ,
-1, ,-42, ,
-2, ,-42, ,
-1, ,-42, ,
-1, ,-42, ,
-1, ,-42, ,
1, ,-43, ,
-5, ,-43, ,
3, ,-42, ,
3, ,-43, ,
1, ,-42, ,
1, ,-42, ,
5, ,-43, ,
6, ,-42, ,
5, ,-42, ,
-1, ,-42, ,
4, ,-42, ,
4, ,-42, ,
5, ,-43, ,
-1, ,-42, ,
1, ,-42, ,
5, ,-42, ,
0, ,-42, ,
-1, ,-42, ,
4, ,-43, ,
1, ,-42, ,
1, ,-42, ,
-2, ,-42, ,
0, ,-43, ,
1, ,-42, ,
3, ,-42, ,
-5, ,-42, ,
1, ,-42, ,
5, ,-42, ,
4, ,-42, ,
1, ,-42, ,
5, ,-43, ,
4, ,-43, ,
3, ,-42, ,
-1, ,-43, ,
1, ,-42, ,
1, ,-42, ,
1, ,-43, ,
-4, ,-43, ,
0, ,-42, ,
1, ,-42, ,
-2, ,-42, ,
-2, ,-42, ,
5, ,-43, ,
1, ,-42, ,
4, ,-42, ,
4, ,-42, ,
1, ,-43, ,
5, ,-42, ,
5, ,-42, ,
0, ,-42, ,
5, ,-42, ,
4, ,-42, ,
1, ,-42, ,
-1, ,-42, ,
4, ,-43, ,
4, ,-42, ,
0, ,-42, ,
1, ,-43, ,
4, ,-42, ,
3, ,-42, ,
6, ,-43, ,
-2, ,-42, ,
1, ,-43, ,
4, ,-42, ,
0, ,-42, ,
-5, ,-42, ,
6, ,-43, ,
3, ,-42, ,
4, ,-42, ,
0, ,-42, ,
3, ,-43, ,
3, ,-42, ,
3, ,-43, ,
-2, ,-43, ,
1, ,-42, ,
6, ,-43, ,
3, ,-42, ,
1, ,-42, ,
5, ,-43, ,
4, ,-42, ,
3, ,-42, ,
0, ,-43, ,
3, ,-43, ,
1, ,-42, ,
4, ,-42, ,
-4, ,-43, ,
0, ,-42, ,
4, ,-43, ,
0, ,-42, ,
0, ,-42, ,
8, ,-43, ,
4, ,-42, ,
5, ,-42, ,
4, ,-42, ,
4, ,-42, ,
5, ,-42, ,
4, ,-43, ,
-2, ,-43, ,
4, ,-42, ,
6, ,-43, ,
5, ,-42, ,
-2, ,-42, ,
8, ,-43, ,
4, ,-42, ,
5, ,-42, ,
4, ,-42, ,
3, ,-42, ,
4, ,-42, ,
6, ,-43, ,
-2, ,-42, ,
4, ,-42, ,
3, ,-43, ,
1, ,-42, ,
0, ,-42, ,
5, ,-43, ,
4, ,-43, ,
6, ,-42, ,
4, ,-42, ,
3, ,-43, ,
4, ,-42, ,
3, ,-43, ,
-5, ,-43, ,
1, ,-42, ,
1, ,-42, ,
0, ,-42, ,
-2, ,-42, ,
4, ,-43, ,
3, ,-42, ,
0, ,-42, ,
0, ,-42, ,
0, ,-43, ,
-1, ,-43, ,
3, ,-43, ,
-1, ,-43, ,
3, ,-42, ,
5, ,-43, ,
0, ,-42, ,
-4, ,-42, ,
1, ,-43, ,
0, ,-42, ,
0, ,-42, ,
-1, ,-42, ,
1, ,-43, ,
3, ,-42, ,
3, ,-43, ,
-1, ,-42, ,
0, ,-40, ,
-5, ,-32, ,
1, ,-22, ,
4, ,-12, ,
13, ,-4, ,
13, ,4, ,
11, ,11, ,
8, ,16, ,
6, ,21, ,
5, ,25, ,
8, ,29, ,
1, ,32, ,
4, ,34, ,
8, ,37, ,
5, ,39, ,
1, ,39, ,
6, ,42, ,
4, ,44, ,
3, ,45, ,
4, ,46, ,
3, ,46, ,
3, ,46, ,
8, ,48, ,
0, ,48, ,
6, ,48, ,
6, ,49, ,
4, ,49, ,
-2, ,48, ,
4, ,50, ,
0, ,49, ,
0, ,50, ,
-1, ,51, ,
3, ,51, ,
3, ,50, ,
8, ,51, ,
0, ,50, ,
4, ,50, ,
3, ,51, ,
-1, ,51, ,
-2, ,50, ,
0, ,52, ,
-4, ,50, ,
-2, ,51, ,
-1, ,52, ,
1, ,51, ,
1, ,50, ,
6, ,52, ,
-1, ,51, ,
3, ,50, ,
1, ,51, ,
0, ,51, ,
-2, ,49, ,
1, ,52, ,
0, ,50, ,
3, ,51, ,
-1, ,51, ,
1, ,51, ,
0, ,49, ,
1, ,51, ,
-4, ,51, ,
-1, ,50, ,
1, ,50, ,
1, ,51, ,
-4, ,50, ,
6, ,51, ,
-1, ,50, ,
1, ,51, ,
0, ,51, ,
-1, ,51, ,
1, ,49, ,
3, ,51, ,
-4, ,51, ,
3, ,50, ,
1, ,50, ,
0, ,51, ,
-6, ,50, ,
0, ,52, ,
-5, ,50, ,
-2, ,51, ,
-4, ,51, ,
0, ,50, ,
-1, ,49, ,
6, ,51, ,
0, ,50, ,
0, ,50, ,
1, ,50, ,
0, ,51, ,
-5, ,49, ,
1, ,51, ,
-2, ,50, ,
-1, ,51, ,
3, ,51, ,
0, ,50, ,
1, ,49, ,
1, ,51, ,
-5, ,50, ,
1, ,50, ,
1, ,50, ,
1, ,51, ,
-1, ,49, ,
3, ,51, ,
-2, ,50, ,
0, ,50, ,
-4, ,51, ,
1, ,51, ,
1, ,49, ,
6, ,51, ,
1, ,50, ,
6, ,50, ,
6, ,50, ,
1, ,51, ,
-1, ,50, ,
0, ,51, ,
-4, ,50, ,
0, ,50, ,
-1, ,51, ,
0, ,50, ,
1, ,49, ,
5, ,52, ,
0, ,50, ,
1, ,50, ,
5, ,51, ,
1, ,51, ,
0, ,50, ,
6, ,51, ,
3, ,49, ,
1, ,50, ,
1, ,51, ,
0, ,50, ,
-1, ,49, ,
3, ,51, ,
-4, ,50, ,
-1, ,50, ,
3, ,50, ,
-1, ,51, ,
-5, ,50, ,
4, ,51, ,
0, ,50, ,
3, ,50, ,
1, ,50, ,
1, ,51, ,
3, ,49, ,
6, ,51, ,
-1, ,50, ,
6, ,50, ,
3, ,50, ,
3, ,50, ,
-2, ,50, ,
4, ,51, ,
1, ,49, ,
3, ,51, ,
1, ,51, ,
0, ,51, ,
0, ,49, ,
6, ,51, ,
-5, ,50, ,
1, ,50, ,
3, ,50, ,
3, ,51, ,
0, ,50, ,
3, ,51, ,
-1, ,50, ,
0, ,50, ,
0, ,51, ,
4, ,50, ,
3, ,49, ,
6, ,51, ,
1, ,50, ,
3, ,50, ,
3, ,50, ,
4, ,51, ,
0, ,49, ,
4, ,51, ,
1, ,50, ,
1, ,50, ,
1, ,51, ,
4, ,50, ,
3, ,49, ,
4, ,51, ,
-4, ,50, ,
0, ,50, ,
3, ,50, ,
1, ,51, ,
-1, ,49, ,
9, ,51, ,
1, ,49, ,
4, ,50, ,
1, ,51, ,
0, ,50, ,
0, ,49, ,
3, ,51, ,
-4, ,50, ,
3, ,50, ,
4, ,50, ,
4, ,51, ,
-1, ,50, ,
4, ,51, ,
0, ,50, ,
-2, ,50, ,
-1, ,50, ,
0, ,51, ,
0, ,49, ,
4, ,51, ,
-2, ,50, ,
3, ,50, ,
3, ,50, ,
3, ,51, ,
-2, ,49, ,
5, ,51, ,
4, ,50, ,
4, ,50, ,
4, ,51, ,
1, ,50, ,
1, ,49, ,
3, ,51, ,
-5, ,50, ,
0, ,50, ,
-1, ,50, ,
-1, ,51, ,
-1, ,49, ,
4, ,51, ,
1, ,50, ,
3, ,50, ,
3, ,51, ,
3, ,50, ,
-1, ,49, ,
3, ,51, ,
-2, ,50, ,
1, ,50, ,
5, ,50, ,
4, ,51, ,
1, ,49, ,
5, ,51, ,
-1, ,50, ,
-1, ,50, ,
-4, ,51, ,
0, ,51, ,
-1, ,49, ,
0, ,51, ,
-4, ,50, ,
1, ,50, ,
3, ,50, ,
1, ,51, ,
1, ,50, ,
8, ,51, ,
3, ,49, ,
5, ,50, ,
3, ,51, ,
3, ,51, ,
3, ,49, ,
4, ,51, ,
-4, ,50, ,
0, ,50, ,
1, ,50, ,
1, ,51, ,
-1, ,49, ,
6, ,51, ,
3, ,50, ,
4, ,50, ,
4, ,51, ,
4, ,50, ,
3, ,49, ,
4, ,51, ,
-6, ,50, ,
1, ,50, ,
1, ,50, ,
1, ,51, ,
-4, ,49, ,
8, ,51, ,
9, ,49, ,
-1, ,50, ,
1, ,51, ,
3, ,51, ,
-2, ,49, ,
3, ,51, ,
-6, ,50, ,
1, ,50, ,
5, ,50, ,
1, ,51, ,
-2, ,49, ,
4, ,51, ,
-1, ,50, ,
1, ,50, ,
-1, ,51, ,
1, ,51, ,
1, ,49, ,
5, ,51, ,
-2, ,50, ,
0, ,50, ,
1, ,50, ,
-2, ,51, ,
-5, ,49, ,
1, ,51, ,
-1, ,50, ,
1, ,50, ,
0, ,51, ,
1, ,51, ,
0, ,48, ,
4, ,51, ,
-6, ,50, ,
-1, ,50, ,
4, ,50, ,
-1, ,51, ,
-4, ,49, ,
5, ,51, ,
1, ,49, ,
3, ,50, ,
1, ,51, ,
0, ,50, ,
3, ,49, ,
5, ,51, ,
0, ,51, ,
1, ,50, ,
4, ,50, ,
1, ,51, ,
-2, ,49, ,
3, ,51, ,
-1, ,50, ,
1, ,51, ,
1, ,51, ,
-1, ,51, ,
0, ,49, ,
5, ,51, ,
1, ,50, ,
5, ,50, ,
3, ,50, ,
-2, ,50, ,
-4, ,49, ,
0, ,51, ,
-1, ,49, ,
1, ,50, ,
0, ,51, ,
1, ,50, ,
0, ,49, ,
3, ,51, ,
-2, ,50, ,
3, ,50, ,
-1, ,50, ,
-2, ,51, ,
-10, ,49, ,
-4, ,51, ,
-5, ,50, ,
1, ,50, ,
0, ,50, ,
4, ,50, ,
5, ,49, ,
6, ,51, ,
1, ,50, ,
8, ,50, ,
8, ,50, ,
-2, ,51, ,
-4, ,49, ,
3, ,51, ,
-4, ,50, ,
0, ,50, ,
0, ,51, ,
0, ,50, ,
0, ,49, ,
4, ,51, ,
0, ,50, ,
1, ,50, ,
6, ,50, ,
6, ,51, ,
1, ,50, ,
9, ,51, ,
1, ,49, ,
1, ,50, ,
-1, ,51, ,
1, ,50, ,
0, ,49, ,
5, ,51, ,
-1, ,50, ,
4, ,50, ,
1, ,50, ,
-1, ,51, ,
-9, ,49, ,
-1, ,51, ,
-1, ,49, ,
1, ,50, ,
3, ,51, ,
0, ,50, ,
4, ,49, ,
8, ,51, ,
-2, ,50, ,
1, ,50, ,
4, ,50, ,
3, ,51, ,
-2, ,49, ,
6, ,51, ,
1, ,49, ,
0, ,50, ,
0, ,51, ,
1, ,51, ,
3, ,49, ,
3, ,51, ,
-2, ,50, ,
4, ,50, ,
3, ,50, ,
1, ,51, ,
-2, ,49, ,
5, ,51, ,
1, ,50, ,
0, ,50, ,
1, ,50, ,
4, ,50, ,
4, ,49, ,
6, ,51, ,
1, ,51, ,
3, ,50, ,
4, ,50, ,
0, ,51, ,
-5, ,49, ,
-4, ,51, ,
-10, ,50, ,
-7, ,50, ,
-12, ,51, ,
-11, ,51, ,
-10, ,49, ,
-6, ,51, ,
-10, ,51, ,
-5, ,50, ,
1, ,50, ,
4, ,51, ,
5, ,49, ,
14, ,51, ,
8, ,49, ,
10, ,50, ,
6, ,51, ,
6, ,50, ,
4, ,49, ,
4, ,51, ,
-4, ,51, ,
-1, ,50, ,
1, ,50, ,
1, ,51, ,
-2, ,49, ,
4, ,51, ,
0, ,50, ,
-1, ,50, ,
1, ,51, ,
-1, ,51, ,
-5, ,49, ,
4, ,51, ,
-6, ,51, ,
-4, ,50, ,
0, ,50, ,
-1, ,51, ,
-6, ,49, ,
4, ,51, ,
1, ,50, ,
3, ,50, ,
1, ,50, ,
1, ,50, ,
0, ,49, ,
4, ,51, ,
-2, ,50, ,
1, ,50, ,
0, ,50, ,
-1, ,51, ,
-5, ,49, ,
1, ,51, ,
-1, ,50, ,
0, ,50, ,
0, ,51, ,
4, ,51, ,
5, ,49, ,
8, ,51, ,
3, ,50, ,
4, ,50, ,
6, ,50, ,
-1, ,51, ,
-1, ,49, ,
5, ,51, ,
1, ,50, ,
1, ,51, ,
-2, ,50, ,
-1, ,50, ,
-2, ,49, ,
-2, ,51, ,
-6, ,50, ,
0, ,50, ,
4, ,50, ,
3, ,51, ,
4, ,49, ,
6, ,52, ,
3, ,50, ,
1, ,50, ,
-4, ,51, ,
-1, ,50, ,
0, ,49, ,
1, ,51, ,
-1, ,50, ,
1, ,50, ,
5, ,50, ,
3, ,51, ,
-1, ,49, ,
8, ,51, ,
0, ,50, ,
4, ,50, ,
1, ,51, ,
0, ,50, ,
4, ,49, ,
3, ,51, ,
-5, ,50, ,
5, ,50, ,
4, ,50, ,
4, ,51, ,
0, ,49, ,
4, ,51, ,
5, ,50, ,
1, ,50, ,
4, ,51, ,
-1, ,50, ,
-2, ,49, ,
3, ,51, ,
-5, ,50, ,
-1, ,50, ,
4, ,50, ,
1, ,51, ,
3, ,49, ,
9, ,51, ,
3, ,50, ,
5, ,50, ,
3, ,51, ,
1, ,50, ,
4, ,49, ,
3, ,51, ,
-4, ,50, ,
1, ,50, ,
3, ,50, ,
1, ,51, ,
3, ,49, ,
10, ,51, ,
-1, ,49, ,
3, ,50, ,
-5, ,50, ,
3, ,50, ,
0, ,49, ,
3, ,51, ,
1, ,50, ,
4, ,50, ,
4, ,50, ,
5, ,51, ,
-1, ,49, ,
4, ,51, ,
1, ,49, ,
4, ,50, ,
4, ,51, ,
4, ,50, ,
5, ,49, ,
5, ,51, ,
-4, ,50, ,
1, ,50, ,
3, ,50, ,
1, ,51, ,
0, ,49, ,
9, ,51, ,
4, ,50, ,
1, ,50, ,
3, ,51, ,
0, ,50, ,
0, ,49, ,
3, ,51, ,
-5, ,50, ,
3, ,50, ,
0, ,50, ,
0, ,51, ,
0, ,49, ,
4, ,51, ,
3, ,50, ,
5, ,50, ,
3, ,50, ,
1, ,51, ,
0, ,49, ,
5, ,51, ,
0, ,50, ,
5, ,50, ,
3, ,50, ,
-1, ,51, ,
-2, ,49, ,
0, ,51, ,
-2, ,50, ,
-1, ,50, ,
-1, ,51, ,
3, ,51, ,
3, ,49, ,
5, ,51, ,
0, ,50, ,
3, ,50, ,
4, ,50, ,
0, ,51, ,
-2, ,49, ,
3, ,51, ,
-1, ,50, ,
1, ,50, ,
1, ,51, ,
0, ,51, ,
-1, ,49, ,
3, ,51, ,
-4, ,50, ,
0, ,50, ,
3, ,50, ,
1, ,51, ,
-1, ,49, ,
5, ,51, ,
4, ,49, ,
3, ,50, ,
1, ,51, ,
3, ,50, ,
1, ,49, ,
5, ,51, ,
-1, ,50, ,
1, ,50, ,
4, ,50, ,
3, ,51, ,
-5, ,50, ,
3, ,51, ,
-2, ,50, ,
3, ,50, ,
0, ,51, ,
1, ,51, ,
4, ,49, ,
5, ,51, ,
-1, ,50, ,
5, ,50, ,
3, ,50, ,
0, ,51, ,
0, ,49, ,
1, ,51, ,
4, ,49, ,
0, ,50, ,
-1, ,51, ,
3, ,51, ,
3, ,49, ,
5, ,51, ,
-4, ,50, ,
3, ,50, ,
-1, ,50, ,
0, ,51, ,
-1, ,49, ,
6, ,51, ,
5, ,49, ,
8, ,50, ,
8, ,51, ,
8, ,50, ,
6, ,49, ,
9, ,51, ,
1, ,50, ,
4, ,50, ,
6, ,50, ,
3, ,51, ,
-2, ,49, ,
5, ,51, ,
-1, ,50, ,
4, ,50, ,
3, ,51, ,
5, ,50, ,
5, ,49, ,
9, ,51, ,
1, ,50, ,
6, ,50, ,
6, ,50, ,
0, ,51, ,
0, ,50, ,
4, ,51, ,
1, ,49, ,
4, ,50, ,
3, ,51, ,
3, ,50, ,
4, ,49, ,
8, ,50, ,
0, ,50, ,
5, ,50, ,
6, ,50, ,
3, ,51, ,
-2, ,50, ,
6, ,51, ,
3, ,50, ,
4, ,50, ,
4, ,50, ,
6, ,51, ,
6, ,49, ,
8, ,51, ,
-4, ,50, ,
4, ,50, ,
3, ,50, ,
3, ,50, ,
1, ,50, ,
9, ,51, ,
5, ,50, ,
5, ,50, ,
6, ,50, ,
6, ,51, ,
4, ,49, ,
5, ,51, ,
-1, ,51, ,
5, ,50, ,
3, ,51, ,
1, ,51, ,
-2, ,49, ,
4, ,51, ,
-1, ,50, ,
-1, ,50, ,
-2, ,51, ,
0, ,50, ,
1, ,49, ,
6, ,50, ,
3, ,50, ,
4, ,50, ,
6, ,50, ,
-1, ,50, ,
-4, ,49, ,
3, ,51, ,
-1, ,50, ,
1, ,50, ,
0, ,51, ,
0, ,51, ,
1, ,49, ,
0, ,51, ,
-6, ,51, ,
-2, ,50, ,
1, ,50, ,
-1, ,51, ,
-6, ,50, ,
0, ,51, ,
-1, ,50, ,
3, ,50, ,
-2, ,51, ,
-1, ,50, ,
-1, ,49, ,
1, ,51, ,
-6, ,50, ,
-2, ,50, ,
-1, ,50, ,
-2, ,51, ,
-5, ,49, ,
1, ,51, ,
-4, ,50, ,
-4, ,50, ,
-4, ,51, ,
-5, ,51, ,
-4, ,49, ,
-1, ,51, ,
-6, ,51, ,
0, ,50, ,
0, ,50, ,
-1, ,51, ,
-1, ,49, ,
3, ,51, ,
-4, ,50, ,
-2, ,50, ,
-4, ,51, ,
-2, ,50, ,
-5, ,49, ,
0, ,51, ,
-1, ,50, ,
3, ,50, ,
-1, ,50, ,
-1, ,50, ,
-2, ,50, ,
0, ,51, ,
-4, ,50, ,
-1, ,50, ,
-2, ,51, ,
0, ,50, ,
0, ,49, ,
3, ,51, ,
-6, ,50, ,
-1, ,50, ,
-1, ,50, ,
-2, ,51, ,
-4, ,49, ,
1, ,51, ,
-1, ,50, ,
0, ,50, ,
-2, ,50, ,
-5, ,51, ,
-7, ,49, ,
-1, ,51, ,
-4, ,50, ,
1, ,50, ,
5, ,49, ,
6, ,45, ,
-1, ,33, ,
3, ,23, ,
-9, ,14, ,
-7, ,7, ,
-9, ,0, ,
-9, ,-6, ,
-6, ,-11, ,
-2, ,-16, ,
-6, ,-19, ,
-5, ,-23, ,
-4, ,-25, ,
-6, ,-28, ,
-7, ,-30, ,
-1, ,-32, ,
-6, ,-33, ,
-4, ,-35, ,
-4, ,-36, ,
-4, ,-37, ,
-2, ,-38, ,
-4, ,-39, ,
-10, ,-40, ,
-4, ,-40, ,
-2, ,-41, ,
-4, ,-41, ,
-6, ,-41, ,
4, ,-42, ,
-1, ,-42, ,
3, ,-42, ,
0, ,-42, ,
0, ,-42, ,
0, ,-43, ,
0, ,-43, ,
-6, ,-43, ,
-1, ,-43, ,
1, ,-43, ,
0, ,-43, ,
-1, ,-42, ,
3, ,-44, ,
-1, ,-43, ,
-2, ,-42, ,
-2, ,-43, ,
0, ,-43, ,
-2, ,-43, ,
5, ,-43, ,
0, ,-43, ,
1, ,-43, ,
6, ,-43, ,
3, ,-43, ,
-2, ,-42, ,
4, ,-44, ,
-2, ,-43, ,
1, ,-43, ,
-1, ,-43, ,
0, ,-43, ,
3, ,-43, ,
3, ,-44, ,
-2, ,-43, ,
6, ,-43, ,
-1, ,-43, ,
0, ,-43, ,
3, ,-43, ,
4, ,-43, ,
4, ,-43, ,
4, ,-42, ,
3, ,-43, ,
5, ,-43, ,
4, ,-42, ,
8, ,-43, ,
0, ,-43, ,
4, ,-43, ,
9, ,-43, ,
5, ,-43, ,
1, ,-43, ,
8, ,-43, ,
3, ,-43, ,
3, ,-42, ,
3, ,-43, ,
-1, ,-43, ,
3, ,-42, ,
5, ,-43, ,
-5, ,-43, ,
0, ,-42, ,
4, ,-43, ,
5, ,-43, ,
6, ,-42, ,
10, ,-43, ,
8, ,-43, ,
4, ,-42, ,
0, ,-43, ,
1, ,-42, ,
3, ,-42, ,
4, ,-43, ,
1, ,-43, ,
5, ,-43, ,
4, ,-43, ,
0, ,-43, ,
-6, ,-42, ,
-1, ,-43, ,
-6, ,-42, ,
-1, ,-42, ,
0, ,-43, ,
3, ,-42, ,
5, ,-42, ,
4, ,-43, ,
-1, ,-43, ,
1, ,-42, ,
4, ,-43, ,
0, ,-43, ,
0, ,-42, ,
4, ,-43, ,
4, ,-43, ,
3, ,-42, ,
1, ,-42, ,
4, ,-43, ,
1, ,-42, ,
3, ,-43, ,
-2, ,-43, ,
0, ,-43, ,
4, ,-43, ,
0, ,-43, ,
1, ,-42, ,
5, ,-43, ,
1, ,-42, ,
3, ,-42, ,
3, ,-43, ,
1, ,-43, ,
3, ,-42, ,
5, ,-43, ,
-1, ,-43, ,
4, ,-43, ,
3, ,-43, ,
3, ,-42, ,
-4, ,-42, ,
5, ,-43, ,
1, ,-42, ,
1, ,-42, ,
3, ,-42, ,
4, ,-43, ,
3, ,-42, ,
5, ,-43, ,
-2, ,-42, ,
4, ,-43, ,
4, ,-42, ,
1, ,-42, ,
-1, ,-42, ,
3, ,-43, ,
3, ,-42, ,
4, ,-42, ,
6, ,-42, ,
6, ,-43, ,
5, ,-42, ,
6, ,-43, ,
-5, ,-43, ,
4, ,-42, ,
0, ,-42, ,
0, ,-42, ,
-5, ,-42, ,
5, ,-43, ,
3, ,-43, ,
0, ,-42, ,
0, ,-42, ,
4, ,-42, ,
4, ,-42, ,
6, ,-42, ,
0, ,-43, ,
5, ,-42, ,
8, ,-43, ,
3, ,-42, ,
-1, ,-42, ,
4, ,-43, ,
1, ,-42, ,
0, ,-42, ,
1, ,-43, ,
4, ,-43, ,
4, ,-42, ,
3, ,-42, ,
-4, ,-43, ,
-1, ,-42, ,
0, ,-43, ,
-1, ,-42, ,
-5, ,-42, ,
4, ,-43, ,
0, ,-43, ,
0, ,-42, ,
-1, ,-42, ,
3, ,-43, ,
4, ,-42, ,
5, ,-42, ,
-2, ,-43, ,
3, ,-42, ,
3, ,-42, ,
0, ,-43, ,
-6, ,-42, ,
-1, ,-43, ,
-1, ,-42, ,
0, ,-42, ,
0, ,-42, ,
0, ,-42, ,
1, ,-42, ,
4, ,-42, ,
-6, ,-42, ,
0, ,-42, ,
0, ,-43, ,
-1, ,-42, ,
-1, ,-42, ,
5, ,-43, ,
3, ,-43, ,
3, ,-42, ,
-1, ,-42, ,
0, ,-42, ,
-1, ,-42, ,
4, ,-42, ,
-2, ,-43, ,
0, ,-42, ,
4, ,-43, ,
1, ,-42, ,
-5, ,-42, ,
1, ,-43, ,
-2, ,-43, ,
0, ,-42, ,
0, ,-42, ,
3, ,-42, ,
5, ,-42, ,
9, ,-42, ,
0, ,-42, ,
3, ,-42, ,
3, ,-43, ,
-4, ,-42, ,
-5, ,-42, ,
0, ,-43, ,
0, ,-43, ,
0, ,-42, ,
-1, ,-42, ,
0, ,-42, ,
-4, ,-42, ,
3, ,-43, ,
-6, ,-43, ,
-1, ,-42, ,
4, ,-42, ,
-2, ,-43, ,
-2, ,-42, ,
5, ,-43, ,
-1, ,-42, ,
0, ,-42, ,
-1, ,-42, ,
-2, ,-43, ,
-2, ,-42, ,
0, ,-42, ,
-4, ,-42, ,
1, ,-43, ,
3, ,-42, ,
1, ,-42, ,
-2, ,-42, ,
3, ,-43, ,
-2, ,-42, ,
-2, ,-42, ,
-2, ,-42, ,
-2, ,-43, ,
0, ,-42, ,
3, ,-42, ,
-5, ,-42, ,
0, ,-42, ,
1, ,-42, ,
-1, ,-42, ,
-2, ,-42, ,
3, ,-43, ,
-1, ,-42, ,
0, ,-42, ,
-1, ,-42, ,
-1, ,-43, ,
0, ,-42, ,
0, ,-43, ,
-5, ,-42, ,
3, ,-42, ,
3, ,-43, ,
0, ,-42, ,
-1, ,-42, ,
3, ,-43, ,
3, ,-43, ,
0, ,-42, ,
0, ,-42, ,
3, ,-43, ,
1, ,-42, ,
3, ,-42, ,
0, ,-42, ,
1, ,-43, ,
6, ,-42, ,
3, ,-43, ,
1, ,-42, ,
8, ,-43, ,
3, ,-42, ,
3, ,-42, ,
-1, ,-43, ,
-1, ,-42, ,
1, ,-42, ,
3, ,-42, ,
-1, ,-42, ,
3, ,-42, ,
6, ,-42, ,
3, ,-42, ,
-1, ,-42, ,
5, ,-43, ,
1, ,-42, ,
3, ,-42, ,
-1, ,-42, ,
1, ,-42, ,
4, ,-42, ,
5, ,-43, ,
3, ,-43, ,
5, ,-42, ,
3, ,-42, ,
3, ,-42, ,
-4, ,-42, ,
5, ,-43, ,
1, ,-42, ,
1, ,-42, ,
0, ,-43, ,
-1, ,-43, ,
1, ,-42, ,
1, ,-42, ,
-5, ,-42, ,
3, ,-42, ,
3, ,-43, ,
4, ,-42, ,
1, ,-42, ,
8, ,-43, ,
4, ,-42, ,
1, ,-42, ,
3, ,-42, ,
1, ,-42, ,
0, ,-42, ,
3, ,-43, ,
-4, ,-42, ,
0, ,-42, ,
4, ,-43, ,
1, ,-42, ,
-5, ,-42, ,
0, ,-43, ,
0, ,-42, ,
1, ,-42, ,
-1, ,-42, ,
1, ,-43, ,
4, ,-42, ,
6, ,-42, ,
-1, ,-42, ,
3, ,-43, ,
3, ,-42, ,
-1, ,-43, ,
-2, ,-42, ,
0, ,-43, ,
1, ,-43, ,
0, ,-42, ,
-2, ,-42, ,
3, ,-42, ,
1, ,-42, ,
5, ,-43, ,
0, ,-42, ,
4, ,-42, ,
5, ,-42, ,
3, ,-42, ,
0, ,-42, ,
8, ,-43, ,
3, ,-42, ,
3, ,-42, ,
4, ,-42, ,
0, ,-42, ,
3, ,-42, ,
4, ,-43, ,
-4, ,-42, ,
3, ,-42, ,
5, ,-42, ,
4, ,-42, ,
-1, ,-42, ,
5, ,-43, ,
3, ,-43, ,
4, ,-42, ,
1, ,-42, ,
3, ,-43, ,
1, ,-42, ,
5, ,-43, ,
-1, ,-42, ,
4, ,-42, ,
4, ,-42, ,
1, ,-42, ,
-1, ,-42, ,
5, ,-43, ,
4, ,-42, ,
4, ,-42, ,
4, ,-42, ,
4, ,-43, ,
4, ,-42, ,
5, ,-42, ,
-4, ,-43, ,
1, ,-42, ,
0, ,-43, ,
3, ,-42, ,
-1, ,-42, ,
0, ,-43, ,
0, ,-42, ,
4, ,-42, ,
1, ,-42, ,
3, ,-43, ,
-1, ,-42, ,
5, ,-42, ,
-2, ,-42, ,
0, ,-43, ,
3, ,-42, ,
0, ,-42, ,
-2, ,-42, ,
6, ,-43, ,
-1, ,-42, ,
3, ,-42, ,
0, ,-42, ,
1, ,-43, ,
3, ,-42, ,
3, ,-43, ,
-5, ,-42, ,
-1, ,-42, ,
0, ,-42, ,
-1, ,-42, ,
-2, ,-42, ,
1, ,-43, ,
0, ,-42, ,
1, ,-42, ,
-1, ,-43, ,
4, ,-43, ,
3, ,-42, ,
8, ,-42, ,
-1, ,-43, ,
1, ,-42, ,
4, ,-42, ,
-2, ,-43, ,
-4, ,-42, ,
1, ,-43, ,
-2, ,-42, ,
0, ,-42, ,
3, ,-42, ,
1, ,-43, ,
3, ,-42, ,
4, ,-43, ,
-6, ,-43, ,
0, ,-42, ,
0, ,-43, ,
0, ,-42, ,
-1, ,-42, ,
5, ,-43, ,
4, ,-42, ,
3, ,-42, ,
1, ,-42, ,
4, ,-42, ,
1, ,-42, ,
4, ,-43, ,
-6, ,-43, ,
-1, ,-42, ,
0, ,-42, ,
-5, ,-42, ,
-6, ,-42, ,
1, ,-43, ,
-1, ,-42, ,
0, ,-42, ,
1, ,-42, ,
4, ,-43, ,
4, ,-42, ,
8, ,-43, ,
-1, ,-43, ,
3, ,-42, ,
3, ,-43, ,
-2, ,-42, ,
-5, ,-42, ,
0, ,-43, ,
-1, ,-42, ,
-1, ,-42, ,
0, ,-42, ,
1, ,-43, ,
0, ,-42, ,
4, ,-42, ,
-2, ,-43, ,
0, ,-43, ,
3, ,-43, ,
-1, ,-42, ,
-7, ,-42, ,
0, ,-43, ,
-4, ,-42, ,
-1, ,-42, ,
0, ,-42, ,
1, ,-42, ,
3, ,-42, ,
3, ,-43, ,
-5, ,-43, ,
-1, ,-42, ,
0, ,-42, ,
-2, ,-42, ,
-4, ,-42, ,
3, ,-43, ,
3, ,-42, ,
-2, ,-42, ,
0, ,-43, ,
0, ,-43, ,
-5, ,-42, ,
-1, ,-42, ,
-4, ,-43, ,
1, ,-42, ,
5, ,-43, ,
1, ,-42, ,
-4, ,-42, ,
3, ,-43, ,
-1, ,-42, ,
0, ,-42, ,
-2, ,-42, ,
-1, ,-43, ,
0, ,-42, ,
4, ,-43, ,
-4, ,-43, ,
4, ,-42, ,
5, ,-43, ,
-1, ,-42, ,
-4, ,-42, ,
1, ,-43, ,
0, ,-43, ,
0, ,-42, ,
-1, ,-42, ,
4, ,-43, ,
1, ,-42, ,
9, ,-42, ,
0, ,-43, ,
3, ,-42, ,
5, ,-42, ,
0, ,-42, ,
-1, ,-42, ,
5, ,-43, ,
3, ,-42, ,
3, ,-42, ,
0, ,-42, ,
3, ,-43, ,
0, ,-42, ,
3, ,-43, ,
-4, ,-42, ,
1, ,-42, ,
5, ,-43, ,
5, ,-42, ,
-1, ,-42, ,
5, ,-43, ,
1, ,-42, ,
-1, ,-42, ,
-2, ,-42, ,
0, ,-42, ,
4, ,-42, ,
6, ,-42, ,
-1, ,-43, ,
5, ,-42, ,
5, ,-43, ,
3, ,-43, ,
-1, ,-42, ,
5, ,-43, ,
-2, ,-42, ,
1, ,-42, ,
-4, ,-42, ,
-2, ,-43, ,
-1, ,-42, ,
1, ,-43, ,
-2, ,-42, ,
1, ,-42, ,
1, ,-43, ,
4, ,-42, ,
0, ,-42, ,
5, ,-43, ,
4, ,-42, ,
4, ,-42, ,
3, ,-42, ,
3, ,-43, ,
1, ,-42, ,
4, ,-43, ,
-4, ,-43, ,
1, ,-42, ,
-1, ,-42, ,
-2, ,-42, ,
-1, ,-42, ,
6, ,-43, ,
3, ,-42, ,
3, ,-42, ,
0, ,-42, ,
0, ,-42, ,
1, ,-42, ,
3, ,-42, ,
-1, ,-42, ,
5, ,-42, ,
3, ,-43, ,
-1, ,-42, ,
-2, ,-42, ,
5, ,-43, ,
-2, ,-43, ,
0, ,-42, ,
-4, ,-42, ,
4, ,-43, ,
5, ,-42, ,
3, ,-43, ,
9, ,-42, ,
8, ,-42, ,
6, ,-42, ,
4, ,-42, ,
-1, ,-42, ,
5, ,-43, ,
3, ,-43, ,
5, ,-42, ,
5, ,-42, ,
4, ,-43, ,
5, ,-42, ,
4, ,-43, ,
0, ,-43, ,
6, ,-42, ,
8, ,-42, ,
6, ,-42, ,
3, ,-42, ,
9, ,-43, ,
4, ,-42, ,
0, ,-42, ,
1, ,-42, ,
4, ,-43, ,
4, ,-42, ,
8, ,-42, ,
1, ,-43, ,
5, ,-42, ,
6, ,-42, ,
1, ,-42, ,
0, ,-42, ,
5, ,-43, ,
4, ,-42, ,
3, ,-42, ,
3, ,-42, ,
0, ,-42, ,
1, ,-42, ,
4, ,-42, ,
0, ,-42, ,
3, ,-42, ,
3, ,-43, ,
5, ,-42, ,
0, ,-42, ,
4, ,-43, ,
0, ,-42, ,
1, ,-42, ,
3, ,-42, ,
3, ,-43, ,
1, ,-42, ,
6, ,-42, ,
-2, ,-42, ,
1, ,-43, ,
4, ,-43, ,
1, ,-42, ,
-1, ,-42, ,
5, ,-43, ,
3, ,-42, ,
1, ,-42, ,
0, ,-42, ,
0, ,-43, ,
4, ,-42, ,
1, ,-43, ,
-1, ,-43, ,
1, ,-42, ,
3, ,-42, ,
0, ,-42, ,
-4, ,-42, ,
3, ,-43, ,
1, ,-42, ,
3, ,-42, ,
1, ,-42, ,
3, ,-43, ,
4, ,-42, ,
3, ,-43, ,
0, ,-43, ,
1, ,-42, ,
6, ,-42, ,
4, ,-42, ,
1, ,-42, ,
4, ,-43, ,
3, ,-42, ,
0, ,-42, ,
-2, ,-42, ,
-1, ,-43, ,
1, ,-42, ,
3, ,-43, ,
-2, ,-42, ,
4, ,-42, ,
4, ,-43, ,
3, ,-42, ,
0, ,-42, ,
6, ,-43, ,
3, ,-42, ,
5, ,-42, ,
3, ,-42, ,
4, ,-43, ,
3, ,-42, ,
1, ,-43, ,
-5, ,-43, ,
-2, ,-42, ,
-1, ,-43, ,
-4, ,-42, ,
-6, ,-42, ,
1, ,-43, ,
0, ,-42, ,
3, ,-42, ,
1, ,-42, ,
1, ,-43, ,
1, ,-42, ,
5, ,-43, ,
-5, ,-43, ,
0, ,-42, ,
0, ,-42, ,
-4, ,-42, ,
-4, ,-42, ,
1, ,-43, ,
1, ,-42, ,
0, ,-42, ,
0, ,-42, ,
1, ,-43, ,
-2, ,-42, ,
0, ,-43, ,
-4, ,-43, ,
0, ,-42, ,
3, ,-42, ,
-1, ,-42, ,
-7, ,-42, ,
1, ,-43, ,
-2, ,-42, ,
0, ,-42, ,
-1, ,-42, ,
-1, ,-42, ,
3, ,-42, ,
1, ,-43, ,
-1, ,-43, ,
1, ,-42, ,
0, ,-42, ,
-5, ,-42, ,
-9, ,-42, ,
0, ,-43, ,
-5, ,-43, ,
-2, ,-42, ,
1, ,-42, ,
1, ,-42, ,
-1, ,-42, ,
1, ,-43, ,
-6, ,-43, ,
-2, ,-42, ,
-1, ,-43, ,
-4, ,-42, ,
-4, ,-42, ,
3, ,-43, ,
3, ,-42, ,
1, ,-42, ,
3, ,-42, ,
-1, ,-43, ,
0, ,-42, ,
0, ,-43, ,
-6, ,-43, ,
-1, ,-42, ,
1, ,-43, ,
-1, ,-42, ,
-2, ,-42, ,
3, ,-43, ,
0, ,-43, ,
-2, ,-42, ,
-2, ,-42, ,
0, ,-43, ,
1, ,-42, ,
4, ,-42, ,
0, ,-42, ,
3, ,-42, ,
3, ,-43, ,
-1, ,-42, ,
-6, ,-42, ,
1, ,-43, ,
-1, ,-43, ,
0, ,-42, ,
0, ,-42, ,
1, ,-43, ,
1, ,-42, ,
3, ,-42, ,
-1, ,-42, ,
1, ,-42, ,
3, ,-43, ,
-4, ,-41, ,
-10, ,-37, ,
0, ,-27, ,
3, ,-17, ,
5, ,-7, ,
8, ,0, ,
6, ,8, ,
4, ,13, ,
6, ,18, ,
-1, ,22, ,
5, ,27, ,
8, ,30, ,
6, ,33, ,
3, ,35, ,
5, ,38, ,
-1, ,39, ,
0, ,41, ,
0, ,42, ,
0, ,44, ,
-2, ,45, ,
3, ,46, ,
-6, ,47, ,
1, ,47, ,
1, ,48, ,
3, ,49, ,
-1, ,47, ,
3, ,49, ,
1, ,49, ,
1, ,50, ,
3, ,50, ,
3, ,50, ,
1, ,49, ,
6, ,51, ,
-2, ,51, ,
1, ,50, ,
1, ,51, ,
-1, ,51, ,
-6, ,50, ,
3, ,52, ,
0, ,50, ,
1, ,51, ,
4, ,51, ,
4, ,51, ,
4, ,49, ,
6, ,52, ,
-4, ,51, ,
1, ,51, ,
3, ,51, ,
1, ,52, ,
1, ,50, ,
6, ,52, ,
1, ,50, ,
4, ,51, ,
-1, ,51, ,
1, ,51, ,
-1, ,50, ,
4, ,52, ,
-2, ,51, ,
1, ,50, ,
4, ,51, ,
3, ,51, ,
0, ,50, ,
5, ,52, ,
-1, ,50, ,
1, ,51, ,
0, ,51, ,
-1, ,51, ,
3, ,49, ,
5, ,51, ,
0, ,51, ,
8, ,50, ,
0, ,51, ,
-2, ,51, ,
3, ,49, ,
3, ,51, ,
0, ,50, ,
1, ,51, ,
0, ,51, ,
0, ,51, ,
1, ,49, ,
5, ,51, ,
-2, ,51, ,
4, ,50, ,
6, ,51, ,
4, ,51, ,
1, ,49, ,
6, ,51, ,
3, ,50, ,
1, ,50, ,
1, ,51, ,
1, ,51, ,
1, ,49, ,
6, ,51, ,
-2, ,50, ,
3, ,50, ,
4, ,50, ,
4, ,51, ,
1, ,50, ,
8, ,51, ,
4, ,50, ,
1, ,50, ,
-5, ,51, ,
4, ,50, ,
3, ,49, ,
3, ,51, ,
-1, ,50, ,
4, ,50, ,
5, ,50, ,
4, ,51, ,
1, ,50, ,
4, ,51, ,
-1, ,50, ,
3, ,50, ,
1, ,50, ,
5, ,51, ,
4, ,49, ,
8, ,51, ,
3, ,50, ,
4, ,50, ,
4, ,50, ,
4, ,51, ,
1, ,49, ,
8, ,51, ,
1, ,50, ,
3, ,50, ,
3, ,51, ,
3, ,51, ,
6, ,49, ,
8, ,51, ,
1, ,50, ,
4, ,50, ,
6, ,50, ,
6, ,50, ,
3, ,50, ,
8, ,51, ,
3, ,49, ,
4, ,50, ,
-2, ,50, ,
-2, ,51, ,
-2, ,49, ,
5, ,51, ,
-2, ,50, ,
6, ,50, ,
6, ,51, ,
8, ,51, ,
5, ,50, ,
8, ,51, ,
5, ,50, ,
5, ,50, ,
3, ,50, ,
5, ,51, ,
3, ,49, ,
6, ,51, ,
-6, ,50, ,
3, ,50, ,
5, ,50, ,
1, ,51, ,
-2, ,49, ,
4, ,51, ,
-1, ,49, ,
3, ,50, ,
0, ,51, ,
3, ,50, ,
1, ,49, ,
5, ,51, ,
-2, ,50, ,
0, ,50, ,
3, ,50, ,
3, ,51, ,
0, ,49, ,
5, ,51, ,
3, ,50, ,
3, ,50, ,
-2, ,51, ,
1, ,50, ,
-1, ,49, ,
1, ,51, ,
-5, ,50, ,
0, ,50, ,
3, ,50, ,
-1, ,51, ,
-2, ,49, ,
8, ,51, ,
1, ,50, ,
3, ,50, ,
1, ,51, ,
1, ,50, ,
3, ,49, ,
4, ,51, ,
-1, ,50, ,
3, ,50, ,
3, ,50, ,
1, ,51, ,
-2, ,50, ,
5, ,51, ,
3, ,50, ,
-1, ,50, ,
0, ,51, ,
0, ,51, ,
0, ,49, ,
5, ,51, ,
-1, ,50, ,
4, ,50, ,
3, ,50, ,
0, ,51, ,
-5, ,49, ,
3, ,51, ,
1, ,50, ,
1, ,50, ,
3, ,51, ,
0, ,50, ,
0, ,49, ,
3, ,50, ,
-7, ,50, ,
0, ,50, ,
0, ,50, ,
-4, ,50, ,
-2, ,49, ,
5, ,51, ,
3, ,50, ,
3, ,50, ,
1, ,50, ,
4, ,50, ,
0, ,48, ,
3, ,51, ,
-4, ,50, ,
1, ,50, ,
3, ,50, ,
0, ,50, ,
-1, ,50, ,
4, ,51, ,
1, ,50, ,
0, ,50, ,
-2, ,51, ,
0, ,51, ,
0, ,49, ,
4, ,51, ,
-4, ,50, ,
1, ,50, ,
0, ,50, ,
-1, ,50, ,
-7, ,49, ,
1, ,51, ,
-1, ,50, ,
0, ,50, ,
0, ,50, ,
1, ,50, ,
4, ,49, ,
5, ,51, ,
-2, ,50, ,
1, ,50, ,
0, ,50, ,
-2, ,50, ,
-5, ,49, ,
1, ,51, ,
-2, ,50, ,
0, ,50, ,
1, ,50, ,
0, ,51, ,
-1, ,49, ,
-2, ,51, ,
-6, ,50, ,
0, ,50, ,
1, ,50, ,
1, ,51, ,
-4, ,50, ,
5, ,51, ,
0, ,50, ,
1, ,50, ,
-1, ,50, ,
3, ,51, ,
-1, ,49, ,
3, ,51, ,
-1, ,50, ,
1, ,50, ,
0, ,50, ,
0, ,50, ,
-6, ,49, ,
1, ,51, ,
-2, ,50, ,
1, ,50, ,
3, ,51, ,
4, ,50, ,
3, ,49, ,
6, ,51, ,
-1, ,50, ,
1, ,50, ,
1, ,50, ,
-2, ,50, ,
-1, ,50, ,
4, ,51, ,
1, ,50, ,
3, ,50, ,
3, ,50, ,
1, ,51, ,
0, ,49, ,
0, ,51, ,
-4, ,50, ,
-1, ,50, ,
3, ,50, ,
0, ,51, ,
-1, ,50, ,
5, ,51, ,
1, ,50, ,
3, ,50, ,
3, ,51, ,
1, ,51, ,
1, ,49, ,
5, ,51, ,
-4, ,50, ,
-1, ,50, ,
3, ,50, ,
0, ,51, ,
-1, ,49, ,
6, ,51, ,
-1, ,50, ,
-2, ,50, ,
-5, ,51, ,
0, ,50, ,
-2, ,49, ,
3, ,51, ,
0, ,50, ,
6, ,50, ,
9, ,50, ,
5, ,51, ,
1, ,50, ,
6, ,51, ,
0, ,50, ,
-2, ,50, ,
-4, ,51, ,
1, ,50, ,
5, ,49, ,
8, ,51, ,
-7, ,50, ,
-2, ,50, ,
0, ,50, ,
4, ,50, ,
1, ,49, ,
5, ,51, ,
6, ,50, ,
6, ,50, ,
4, ,50, ,
3, ,51, ,
-1, ,49, ,
4, ,51, ,
-2, ,50, ,
4, ,50, ,
5, ,50, ,
3, ,50, ,
0, ,49, ,
0, ,51, ,
-1, ,50, ,
-1, ,50, ,
-1, ,51, ,
1, ,51, ,
5, ,49, ,
5, ,51, ,
3, ,50, ,
5, ,50, ,
5, ,50, ,
3, ,51, ,
1, ,49, ,
3, ,51, ,
3, ,50, ,
3, ,50, ,
4, ,50, ,
3, ,51, ,
4, ,48, ,
6, ,51, ,
-2, ,50, ,
1, ,50, ,
5, ,50, ,
4, ,51, ,
-1, ,49, ,
8, ,51, ,
0, ,50, ,
-1, ,50, ,
0, ,51, ,
-2, ,50, ,
1, ,49, ,
5, ,51, ,
0, ,50, ,
6, ,50, ,
5, ,50, ,
5, ,51, ,
3, ,49, ,
6, ,51, ,
4, ,50, ,
1, ,50, ,
0, ,51, ,
1, ,50, ,
1, ,49, ,
3, ,51, ,
-5, ,51, ,
3, ,50, ,
3, ,50, ,
0, ,51, ,
-1, ,50, ,
3, ,51, ,
-1, ,50, ,
0, ,50, ,
-1, ,51, ,
1, ,51, ,
-1, ,49, ,
4, ,51, ,
-1, ,51, ,
5, ,50, ,
8, ,50, ,
6, ,51, ,
4, ,50, ,
6, ,51, ,
1, ,50, ,
1, ,50, ,
-2, ,51, ,
-1, ,50, ,
-1, ,49, ,
3, ,51, ,
0, ,50, ,
3, ,50, ,
4, ,50, ,
1, ,51, ,
-2, ,50, ,
4, ,51, ,
0, ,50, ,
1, ,50, ,
-1, ,51, ,
1, ,50, ,
3, ,49, ,
4, ,51, ,
0, ,51, ,
1, ,50, ,
4, ,51, ,
4, ,50, ,
1, ,49, ,
6, ,51, ,
3, ,50, ,
4, ,50, ,
1, ,51, ,
1, ,50, ,
1, ,49, ,
5, ,51, ,
-1, ,51, ,
6, ,50, ,
5, ,50, ,
4, ,50, ,
4, ,50, ,
6, ,51, ,
1, ,50, ,
1, ,50, ,
0, ,50, ,
1, ,51, ,
-1, ,49, ,
4, ,51, ,
-4, ,50, ,
1, ,50, ,
1, ,50, ,
-1, ,50, ,
-2, ,49, ,
3, ,51, ,
1, ,49, ,
3, ,50, ,
-1, ,51, ,
1, ,50, ,
-1, ,49, ,
1, ,51, ,
-5, ,50, ,
0, ,50, ,
3, ,50, ,
0, ,51, ,
-2, ,49, ,
3, ,50, ,
0, ,49, ,
4, ,50, ,
1, ,50, ,
0, ,50, ,
3, ,49, ,
3, ,51, ,
-4, ,50, ,
1, ,50, ,
0, ,50, ,
-1, ,51, ,
-5, ,50, ,
3, ,51, ,
1, ,50, ,
3, ,50, ,
0, ,50, ,
0, ,51, ,
3, ,49, ,
4, ,51, ,
0, ,50, ,
3, ,50, ,
1, ,50, ,
0, ,51, ,
-4, ,50, ,
5, ,51, ,
-4, ,49, ,
3, ,50, ,
1, ,51, ,
0, ,51, ,
3, ,49, ,
1, ,51, ,
-2, ,51, ,
1, ,50, ,
1, ,50, ,
0, ,50, ,
-2, ,49, ,
5, ,51, ,
1, ,50, ,
4, ,50, ,
1, ,51, ,
1, ,50, ,
1, ,49, ,
5, ,51, ,
-2, ,50, ,
0, ,50, ,
3, ,50, ,
-1, ,50, ,
-1, ,49, ,
4, ,51, ,
1, ,50, ,
3, ,50, ,
-1, ,51, ,
1, ,51, ,
0, ,49, ,
6, ,51, ,
3, ,50, ,
1, ,50, ,
3, ,50, ,
3, ,51, ,
-1, ,50, ,
4, ,51, ,
-1, ,50, ,
-1, ,50, ,
0, ,51, ,
1, ,51, ,
1, ,49, ,
4, ,51, ,
-1, ,50, ,
0, ,50, ,
0, ,50, ,
-2, ,50, ,
-6, ,49, ,
3, ,51, ,
-1, ,50, ,
4, ,50, ,
5, ,50, ,
4, ,51, ,
5, ,49, ,
4, ,51, ,
-2, ,50, ,
-1, ,50, ,
-1, ,50, ,
-1, ,51, ,
-1, ,49, ,
4, ,51, ,
1, ,50, ,
0, ,50, ,
3, ,50, ,
-4, ,51, ,
-1, ,49, ,
6, ,51, ,
-4, ,50, ,
3, ,50, ,
3, ,50, ,
0, ,51, ,
-2, ,50, ,
6, ,51, ,
1, ,49, ,
-1, ,50, ,
0, ,51, ,
1, ,50, ,
1, ,49, ,
5, ,51, ,
-1, ,51, ,
3, ,50, ,
0, ,50, ,
1, ,51, ,
-2, ,50, ,
3, ,51, ,
4, ,50, ,
5, ,50, ,
3, ,50, ,
3, ,50, ,
4, ,49, ,
3, ,51, ,
-2, ,50, ,
-1, ,50, ,
0, ,50, ,
0, ,51, ,
-1, ,49, ,
5, ,51, ,
1, ,50, ,
8, ,50, ,
4, ,51, ,
4, ,50, ,
5, ,49, ,
4, ,51, ,
-2, ,50, ,
4, ,50, ,
3, ,50, ,
-1, ,50, ,
-4, ,50, ,
4, ,51, ,
0, ,50, ,
4, ,50, ,
3, ,51, ,
1, ,51, ,
1, ,49, ,
3, ,51, ,
-12, ,50, ,
-7, ,50, ,
-10, ,50, ,
-10, ,50, ,
-14, ,49, ,
-6, ,51, ,
-9, ,49, ,
-4, ,50, ,
-1, ,50, ,
4, ,51, ,
10, ,49, ,
14, ,51, ,
10, ,50, ,
11, ,50, ,
10, ,50, ,
6, ,50, ,
3, ,49, ,
3, ,51, ,
0, ,50, ,
0, ,50, ,
5, ,51, ,
4, ,51, ,
1, ,49, ,
4, ,51, ,
-6, ,50, ,
0, ,50, ,
3, ,50, ,
-1, ,51, ,
-4, ,50, ,
3, ,51, ,
-4, ,50, ,
-2, ,50, ,
-4, ,51, ,
-2, ,50, ,
-1, ,49, ,
4, ,51, ,
-1, ,51, ,
6, ,50, ,
5, ,50, ,
8, ,51, ,
0, ,49, ,
3, ,51, ,
-2, ,50, ,
-1, ,50, ,
-2, ,51, ,
-1, ,50, ,
-1, ,49, ,
3, ,51, ,
-1, ,50, ,
4, ,50, ,
3, ,50, ,
1, ,51, ,
-1, ,50, ,
5, ,51, ,
0, ,49, ,
3, ,50, ,
1, ,51, ,
-1, ,50, ,
1, ,49, ,
3, ,51, ,
-1, ,50, ,
1, ,50, ,
3, ,50, ,
3, ,51, ,
-2, ,50, ,
4, ,51, ,
-1, ,50, ,
1, ,50, ,
1, ,50, ,
3, ,50, ,
0, ,49, ,
4, ,51, ,
-1, ,50, ,
4, ,50, ,
6, ,50, ,
3, ,51, ,
1, ,50, ,
4, ,51, ,
1, ,50, ,
3, ,50, ,
1, ,51, ,
0, ,50, ,
0, ,49, ,
3, ,51, ,
-2, ,50, ,
3, ,50, ,
5, ,50, ,
3, ,50, ,
0, ,49, ,
3, ,51, ,
0, ,50, ,
1, ,50, ,
-2, ,51, ,
0, ,50, ,
-1, ,49, ,
3, ,51, ,
-2, ,50, ,
1, ,50, ,
4, ,50, ,
1, ,51, ,
-1, ,50, ,
6, ,51, ,
-1, ,50, ,
1, ,50, ,
0, ,51, ,
1, ,51, ,
1, ,49, ,
3, ,51, ,
-4, ,50, ,
0, ,50, ,
1, ,50, ,
-1, ,51, ,
-2, ,50, ,
3, ,51, ,
1, ,50, ,
3, ,50, ,
3, ,51, ,
1, ,50, ,
1, ,49, ,
4, ,51, ,
-1, ,51, ,
5, ,50, ,
5, ,51, ,
6, ,51, ,
3, ,49, ,
6, ,51, ,
1, ,50, ,
3, ,50, ,
-2, ,51, ,
1, ,51, ,
1, ,49, ,
4, ,51, ,
0, ,50, ,
5, ,50, ,
3, ,50, ,
1, ,50, ,
-1, ,49, ,
4, ,51, ,
1, ,50, ,
1, ,50, ,
4, ,50, ,
4, ,50, ,
3, ,49, ,
4, ,51, ,
1, ,50, ,
3, ,50, ,
5, ,50, ,
3, ,51, ,
1, ,49, ,
3, ,51, ,
0, ,50, ,
0, ,50, ,
-1, ,51, ,
1, ,51, ,
1, ,49, ,
3, ,51, ,
-2, ,50, ,
1, ,50, ,
3, ,50, ,
0, ,51, ,
0, ,49, ,
5, ,51, ,
0, ,49, ,
1, ,50, ,
-2, ,50, ,
0, ,50, ,
0, ,49, ,
1, ,51, ,
-2, ,50, ,
0, ,50, ,
0, ,50, ,
-1, ,51, ,
-5, ,49, ,
5, ,48, ,
4, ,38, ,
0, ,29, ,
0, ,19, ,
-2, ,11, ,
-1, ,3, ,
3, ,-3, ,
-2, ,-8, ,
1, ,-13, ,
0, ,-18, ,
-6, ,-21, ,
-11, ,-24, ,
-2, ,-27, ,
-5, ,-29, ,
-5, ,-30, ,
-1, ,-32, ,
-2, ,-35, ,
0, ,-35, ,
0, ,-37, ,
-6, ,-38, ,
-1, ,-38, ,
0, ,-39, ,
-1, ,-40, ,
-4, ,-40, ,
4, ,-41, ,
4, ,-41, ,
4, ,-41, ,
3, ,-42, ,
1, ,-42, ,
1, ,-42, ,
1, ,-42, ,
-4, ,-43, ,
0, ,-42, ,
1, ,-43, ,
0, ,-43, ,
0, ,-42, ,
5, ,-44, ,
3, ,-43, ,
0, ,-43, ,
0, ,-43, ,
0, ,-43, ,
0, ,-43, ,
4, ,-43, ,
-1, ,-43, ,
3, ,-43, ,
3, ,-43, ,
-1, ,-43, ,
0, ,-43, ,
6, ,-43, ,
3, ,-43, ,
4, ,-43, ,
3, ,-43, ,
4, ,-43, ,
9, ,-43, ,
10, ,-43, ,
5, ,-43, ,
4, ,-43, ,
3, ,-43, ,
0, ,-43, ,
-4, ,-43, ,
9, ,-44, ,
6, ,-43, ,
11, ,-42, ,
9, ,-43, ,
6, ,-43, ,
3, ,-42, ,
5, ,-43, ,
0, ,-43, ,
4, ,-43, ,
5, ,-43, ,
3, ,-43, ,
1, ,-42, ,
8, ,-43, ,
6, ,-43, ,
5, ,-42, ,
1, ,-42, ,
3, ,-43, ,
4, ,-42, ,
5, ,-43, ,
1, ,-43, ,
4, ,-42, ,
6, ,-43, ,
5, ,-43, ,
3, ,-42, ,
8, ,-43, ,
4, ,-43, ,
4, ,-42, ,
6, ,-43, ,
9, ,-43, ,
8, ,-42, ,
10, ,-43, ,
0, ,-43, ,
4, ,-43, ,
3, ,-43, ,
0, ,-43, ,
-1, ,-42, ,
3, ,-43, ,
3, ,-43, ,
5, ,-42, ,
4, ,-42, ,
6, ,-43, ,
8, ,-42, ,
6, ,-43, ,
0, ,-43, ,
4, ,-43, ,
6, ,-43, ,
4, ,-42, ,
3, ,-42, ,
9, ,-43, ,
8, ,-43, ,
4, ,-42, ,
3, ,-42, ,
3, ,-43, ,
1, ,-42, ,
5, ,-43, ,
-2, ,-43, ,
-2, ,-42, ,
1, ,-42, ,
-2, ,-42, ,
-4, ,-42, ,
3, ,-43, ,
-1, ,-42, ,
1, ,-42, ,
0, ,-42, ,
1, ,-43, ,
4, ,-42, ,
5, ,-43, ,
0, ,-43, ,
4, ,-42, ,
4, ,-43, ,
0, ,-42, ,
-6, ,-42, ,
0, ,-43, ,
-1, ,-43, ,
-1, ,-42, ,
-2, ,-42, ,
0, ,-43, ,
1, ,-42, ,
1, ,-43, ,
-4, ,-43, ,
0, ,-42, ,
4, ,-43, ,
0, ,-43, ,
-5, ,-42, ,
0, ,-43, ,
-4, ,-42, ,
-1, ,-42, ,
-2, ,-43, ,
-2, ,-43, ,
-2, ,-42, ,
-2, ,-43, ,
-7, ,-43, ,
-1, ,-42, ,
-1, ,-43, ,
-1, ,-42, ,
-4, ,-42, ,
1, ,-43, ,
-1, ,-42, ,
-4, ,-42, ,
-6, ,-42, ,
-2, ,-43, ,
-5, ,-42, ,
0, ,-42, ,
-2, ,-43, ,
0, ,-42, ,
4, ,-42, ,
-1, ,-42, ,
-6, ,-42, ,
1, ,-43, ,
-4, ,-43, ,
-1, ,-42, ,
-5, ,-42, ,
-1, ,-43, ,
-4, ,-42, ,
-1, ,-43, ,
-6, ,-42, ,
-1, ,-42, ,
-1, ,-43, ,
-2, ,-42, ,
-5, ,-42, ,
-1, ,-43, ,
-4, ,-43, ,
-2, ,-42, ,
-2, ,-42, ,
-2, ,-43, ,
0, ,-42, ,
3, ,-43, ,
-1, ,-43, ,
3, ,-42, ,
1, ,-43, ,
1, ,-42, ,
-4, ,-42, ,
3, ,-43, ,
-2, ,-42, ,
-2, ,-42, ,
-2, ,-43, ,
-4, ,-42, ,
-6, ,-42, ,
5, ,-43, ,
-1, ,-42, ,
0, ,-42, ,
5, ,-42, ,
-1, ,-42, ,
-2, ,-42, ,
3, ,-43, ,
0, ,-43, ,
-1, ,-42, ,
-2, ,-42, ,
0, ,-42, ,
-1, ,-42, ,
1, ,-43, ,
-4, ,-43, ,
1, ,-43, ,
4, ,-42, ,
0, ,-42, ,
-4, ,-42, ,
1, ,-43, ,
-2, ,-42, ,
-2, ,-42, ,
-4, ,-42, ,
-2, ,-43, ,
0, ,-42, ,
1, ,-42, ,
-2, ,-43, ,
0, ,-42, ,
3, ,-43, ,
-4, ,-43, ,
-4, ,-42, ,
6, ,-43, ,
-1, ,-42, ,
1, ,-42, ,
-1, ,-43, ,
0, ,-43, ,
-1, ,-42, ,
3, ,-43, ,
-5, ,-42, ,
0, ,-42, ,
3, ,-42, ,
0, ,-43, ,
-4, ,-42, ,
4, ,-43, ,
0, ,-42, ,
1, ,-42, ,
1, ,-42, ,
1, ,-42, ,
4, ,-42, ,
3, ,-42, ,
0, ,-43, ,
5, ,-42, ,
4, ,-43, ,
3, ,-43, ,
-1, ,-42, ,
1, ,-43, ,
-1, ,-42, ,
-1, ,-42, ,
-2, ,-42, ,
1, ,-43, ,
4, ,-42, ,
6, ,-42, ,
4, ,-42, ,
5, ,-42, ,
6, ,-42, ,
3, ,-42, ,
-1, ,-42, ,
4, ,-43, ,
3, ,-43, ,
3, ,-42, ,
4, ,-42, ,
3, ,-42, ,
5, ,-42, ,
3, ,-43, ,
-2, ,-43, ,
3, ,-42, ,
3, ,-43, ,
3, ,-43, ,
-1, ,-42, ,
3, ,-43, ,
5, ,-42, ,
0, ,-42, ,
1, ,-42, ,
3, ,-43, ,
1, ,-42, ,
0, ,-42, ,
-4, ,-42, ,
4, ,-42, ,
9, ,-42, ,
6, ,-42, ,
3, ,-42, ,
5, ,-43, ,
1, ,-42, ,
3, ,-42, ,
-2, ,-42, ,
1, ,-42, ,
1, ,-42, ,
3, ,-43, ,
1, ,-43, ,
4, ,-43, ,
4, ,-43, ,
1, ,-42, ,
-4, ,-42, ,
4, ,-43, ,
1, ,-42, ,
4, ,-42, ,
3, ,-42, ,
4, ,-42, ,
4, ,-42, ,
5, ,-43, ,
-2, ,-42, ,
0, ,-42, ,
4, ,-42, ,
3, ,-43, ,
0, ,-42, ,
6, ,-43, ,
4, ,-42, ,
4, ,-42, ,
3, ,-43, ,
1, ,-42, ,
4, ,-42, ,
3, ,-42, ,
-4, ,-43, ,
1, ,-42, ,
1, ,-42, ,
1, ,-42, ,
0, ,-42, ,
8, ,-43, ,
8, ,-42, ,
5, ,-42, ,
4, ,-42, ,
6, ,-43, ,
1, ,-42, ,
5, ,-43, ,
-1, ,-42, ,
4, ,-42, ,
8, ,-42, ,
3, ,-43, ,
3, ,-42, ,
6, ,-43, ,
4, ,-42, ,
4, ,-42, ,
3, ,-42, ,
3, ,-42, ,
4, ,-42, ,
6, ,-42, ,
1, ,-43, ,
4, ,-42, ,
6, ,-43, ,
4, ,-42, ,
4, ,-42, ,
10, ,-43, ,
6, ,-42, ,
6, ,-42, ,
6, ,-42, ,
6, ,-42, ,
6, ,-42, ,
3, ,-42, ,
-6, ,-43, ,
-1, ,-42, ,
1, ,-42, ,
-1, ,-42, ,
-5, ,-42, ,
6, ,-43, ,
4, ,-42, ,
6, ,-42, ,
4, ,-42, ,
3, ,-43, ,
4, ,-42, ,
5, ,-42, ,
-4, ,-43, ,
1, ,-42, ,
0, ,-43, ,
0, ,-42, ,
-2, ,-42, ,
4, ,-43, ,
1, ,-43, ,
0, ,-42, ,
-1, ,-42, ,
0, ,-42, ,
1, ,-42, ,
4, ,-42, ,
-2, ,-43, ,
1, ,-42, ,
3, ,-42, ,
-2, ,-42, ,
-5, ,-42, ,
3, ,-43, ,
1, ,-42, ,
3, ,-42, ,
3, ,-42, ,
0, ,-43, ,
0, ,-42, ,
1, ,-42, ,
-7, ,-42, ,
0, ,-42, ,
0, ,-42, ,
0, ,-42, ,
-2, ,-42, ,
1, ,-43, ,
1, ,-42, ,
1, ,-42, ,
-1, ,-42, ,
1, ,-43, ,
0, ,-42, ,
3, ,-43, ,
-2, ,-43, ,
3, ,-42, ,
6, ,-43, ,
1, ,-42, ,
-1, ,-42, ,
4, ,-43, ,
-2, ,-42, ,
1, ,-42, ,
0, ,-42, ,
-1, ,-42, ,
1, ,-42, ,
0, ,-43, ,
-4, ,-43, ,
0, ,-42, ,
1, ,-42, ,
-2, ,-42, ,
-2, ,-42, ,
3, ,-43, ,
0, ,-42, ,
0, ,-42, ,
0, ,-42, ,
0, ,-42, ,
0, ,-42, ,
4, ,-43, ,
-1, ,-43, ,
4, ,-42, ,
5, ,-42, ,
1, ,-42, ,
-5, ,-42, ,
3, ,-43, ,
-1, ,-42, ,
-1, ,-42, ,
-1, ,-42, ,
-1, ,-42, ,
1, ,-42, ,
1, ,-42, ,
-2, ,-43, ,
1, ,-42, ,
1, ,-43, ,
-2, ,-42, ,
-6, ,-42, ,
3, ,-43, ,
0, ,-42, ,
1, ,-42, ,
0, ,-42, ,
1, ,-42, ,
-1, ,-42, ,
4, ,-42, ,
-2, ,-43, ,
3, ,-42, ,
5, ,-42, ,
0, ,-42, ,
-2, ,-42, ,
3, ,-43, ,
-2, ,-42, ,
-2, ,-42, ,
-5, ,-42, ,
-4, ,-43, ,
-2, ,-42, ,
0, ,-42, ,
-4, ,-42, ,
0, ,-42, ,
4, ,-42, ,
3, ,-42, ,
-4, ,-42, ,
3, ,-43, ,
0, ,-42, ,
0, ,-42, ,
-1, ,-42, ,
0, ,-43, ,
1, ,-42, ,
3, ,-43, ,
-2, ,-42, ,
-1, ,-42, ,
3, ,-43, ,
0, ,-42, ,
-1, ,-42, ,
3, ,-43, ,
0, ,-43, ,
4, ,-42, ,
0, ,-42, ,
4, ,-42, ,
4, ,-42, ,
4, ,-42, ,
0, ,-43, ,
4, ,-42, ,
4, ,-43, ,
3, ,-42, ,
-4, ,-42, ,
4, ,-43, ,
1, ,-42, ,
-1, ,-42, ,
-1, ,-42, ,
-1, ,-42, ,
1, ,-42, ,
6, ,-43, ,
-1, ,-43, ,
4, ,-42, ,
9, ,-42, ,
3, ,-42, ,
0, ,-42, ,
3, ,-43, ,
-1, ,-42, ,
0, ,-42, ,
0, ,-42, ,
1, ,-43, ,
4, ,-42, ,
5, ,-42, ,
-1, ,-42, ,
5, ,-42, ,
3, ,-43, ,
-1, ,-43, ,
-4, ,-42, ,
1, ,-43, ,
0, ,-43, ,
0, ,-42, ,
-2, ,-42, ,
3, ,-43, ,
0, ,-42, ,
4, ,-43, ,
0, ,-42, ,
0, ,-42, ,
4, ,-42, ,
1, ,-42, ,
-4, ,-42, ,
4, ,-43, ,
0, ,-42, ,
1, ,-42, ,
1, ,-42, ,
3, ,-43, ,
1, ,-42, ,
1, ,-43, ,
-2, ,-42, ,
1, ,-42, ,
4, ,-42, ,
3, ,-42, ,
-1, ,-42, ,
9, ,-43, ,
5, ,-43, ,
3, ,-42, ,
1, ,-42, ,
3, ,-42, ,
1, ,-42, ,
4, ,-43, ,
1, ,-43, ,
6, ,-43, ,
8, ,-42, ,
3, ,-42, ,
0, ,-42, ,
4, ,-43, ,
-1, ,-42, ,
1, ,-42, ,
4, ,-42, ,
4, ,-42, ,
8, ,-42, ,
10, ,-42, ,
-1, ,-42, ,
6, ,-42, ,
0, ,-42, ,
-1, ,-42, ,
3, ,-42, ,
6, ,-43, ,
4, ,-42, ,
4, ,-42, ,
5, ,-42, ,
8, ,-42, ,
1, ,-42, ,
4, ,-42, ,
0, ,-42, ,
4, ,-42, ,
9, ,-42, ,
6, ,-43, ,
5, ,-42, ,
8, ,-43, ,
4, ,-42, ,
1, ,-42, ,
-1, ,-42, ,
-1, ,-43, ,
0, ,-42, ,
1, ,-42, ,
-4, ,-43, ,
3, ,-42, ,
5, ,-42, ,
6, ,-43, ,
5, ,-42, ,
11, ,-43, ,
6, ,-43, ,
5, ,-42, ,
0, ,-42, ,
1, ,-42, ,
3, ,-42, ,
3, ,-42, ,
-2, ,-42, ,
1, ,-42, ,
4, ,-43, ,
0, ,-42, ,
-6, ,-42, ,
0, ,-43, ,
-2, ,-42, ,
1, ,-42, ,
0, ,-42, ,
0, ,-43, ,
4, ,-42, ,
0, ,-42, ,
-5, ,-42, ,
0, ,-43, ,
1, ,-42, ,
3, ,-42, ,
-1, ,-42, ,
6, ,-43, ,
4, ,-43, ,
0, ,-42, ,
3, ,-43, ,
0, ,-43, ,
-2, ,-42, ,
-1, ,-42, ,
-7, ,-42, ,
-2, ,-42, ,
1, ,-42, ,
-1, ,-42, ,
0, ,-42, ,
4, ,-43, ,
3, ,-42, ,
6, ,-42, ,
1, ,-42, ,
-1, ,-43, ,
0, ,-42, ,
3, ,-43, ,
-5, ,-43, ,
1, ,-42, ,
3, ,-42, ,
1, ,-42, ,
0, ,-42, ,
5, ,-43, ,
4, ,-42, ,
1, ,-42, ,
0, ,-42, ,
3, ,-43, ,
1, ,-42, ,
4, ,-43, ,
-2, ,-42, ,
-1, ,-42, ,
3, ,-42, ,
-1, ,-42, ,
-2, ,-42, ,
3, ,-43, ,
0, ,-42, ,
0, ,-42, ,
6, ,-42, ,
4, ,-43, ,
-1, ,-42, ,
0, ,-43, ,
-5, ,-42, ,
-4, ,-42, ,
-1, ,-42, ,
-1, ,-42, ,
-2, ,-42, ,
8, ,-43, ,
4, ,-43, ,
1, ,-42, ,
-1, ,-42, ,
1, ,-42, ,
1, ,-42, ,
-1, ,-43, ,
-2, ,-42, ,
0, ,-42, ,
3, ,-43, ,
-1, ,-42, ,
-5, ,-42, ,
1, ,-43, ,
-4, ,-42, ,
-5, ,-42, ,
-1, ,-42, ,
-1, ,-42, ,
1, ,-42, ,
-1, ,-42, ,
-5, ,-43, ,
0, ,-42, ,
-1, ,-42, ,
-2, ,-42, ,
-2, ,-42, ,
4, ,-43, ,
-1, ,-42, ,
-1, ,-42, ,
-1, ,-42, ,
1, ,-42, ,
1, ,-42, ,
4, ,-43, ,
-2, ,-43, ,
1, ,-42, ,
3, ,-42, ,
-1, ,-43, ,
-5, ,-42, ,
-1, ,-43, ,
-4, ,-43, ,
-2, ,-42, ,
-2, ,-42, ,
-1, ,-43, ,
0, ,-42, ,
1, ,-42, ,
1, ,-42, ,
-1, ,-42, ,
1, ,-42, ,
-2, ,-42, ,
0, ,-42, ,
8, ,-43, ,
3, ,-42, ,
3, ,-42, ,
-2, ,-42, ,
-5, ,-42, ,
-2, ,-42, ,
3, ,-42, ,
-2, ,-42, ,
1, ,-42, ,
5, ,-42, ,
0, ,-42, ,
-5, ,-42, ,
3, ,-42, ,
-1, ,-42, ,
1, ,-42, ,
0, ,-42, ,
1, ,-43, ,
4, ,-42, ,
6, ,-43, ,
0, ,-43, ,
3, ,-42, ,
3, ,-42, ,
0, ,-42, ,
-5, ,-42, ,
3, ,-43, ,
-1, ,-42, ,
0, ,-42, ,
-1, ,-42, ,
0, ,-43, ,
3, ,-42, ,
3, ,-43, ,
-4, ,-42, ,
3, ,-42, ,
3, ,-42, ,
1, ,-42, ,
-2, ,-42, ,
6, ,-43, ,
0, ,-43, ,
1, ,-42, ,
1, ,-43, ,
0, ,-42, ,
1, ,-42, ,
3, ,-42, ,
-2, ,-43, ,
4, ,-42, ,
5, ,-42, ,
1, ,-43, ,
-4, ,-42, ,
0, ,-43, ,
-1, ,-43, ,
-4, ,-42, ,
-2, ,-42, ,
-1, ,-43, ,
1, ,-42, ,
8, ,-43, ,
3, ,-43, ,
3, ,-42, ,
6, ,-42, ,
1, ,-42, ,
-1, ,-42, ,
3, ,-43, ,
-1, ,-42, ,
0, ,-42, ,
1, ,-42, ,
1, ,-43, ,
3, ,-42, ,
4, ,-43, ,
-1, ,-43, ,
0, ,-42, ,
0, ,-43, ,
-1, ,-42, ,
-2, ,-42, ,
5, ,-43, ,
5, ,-40, ,
-1, ,-32, ,
5, ,-22, ,
8, ,-12, ,
9, ,-4, ,
14, ,3, ,
6, ,11, ,
8, ,16, ,
9, ,20, ,
6, ,25, ,
4, ,28, ,
11, ,32, ,
6, ,34, ,
6, ,36, ,
5, ,39, ,
6, ,40, ,
8, ,41, ,
10, ,44, ,
8, ,45, ,
10, ,46, ,
9, ,46, ,
6, ,47, ,
1, ,47, ,
8, ,49, ,
3, ,48, ,
1, ,49, ,
3, ,49, ,
4, ,49, ,
4, ,49, ,
10, ,50, ,
3, ,50, ,
6, ,50, ,
8, ,51, ,
4, ,51, ,
-1, ,49, ,
4, ,51, ,
-1, ,50, ,
1, ,51, ,
3, ,51, ,
4, ,51, ,
5, ,49, ,
5, ,51, ,
-1, ,51, ,
4, ,51, ,
6, ,51, ,
4, ,51, ,
3, ,50, ,
8, ,52, ,
5, ,50, ,
5, ,51, ,
1, ,51, ,
1, ,51, ,
-1, ,49, ,
3, ,52, ,
-1, ,51, ,
1, ,51, ,
5, ,51, ,
1, ,51, ,
-1, ,50, ,
5, ,51, ,
-1, ,50, ,
1, ,50, ,
1, ,51, ,
3, ,51, ,
4, ,49, ,
9, ,51, ,
1, ,51, ,
6, ,50, ,
5, ,50, ,
3, ,51, ,
0, ,50, ,
5, ,52, ,
0, ,50, ,
1, ,51, ,
3, ,51, ,
3, ,51, ,
4, ,49, ,
5, ,51, ,
-6, ,51, ,
1, ,50, ,
3, ,50, ,
1, ,51, ,
1, ,49, ,
8, ,51, ,
4, ,49, ,
3, ,51, ,
4, ,51, ,
1, ,50, ,
-1, ,49, ,
4, ,51, ,
-4, ,51, ,
3, ,50, ,
5, ,50, ,
4, ,51, ,
1, ,49, ,
8, ,51, ,
3, ,50, ,
1, ,50, ,
0, ,50, ,
3, ,51, ,
0, ,49, ,
5, ,51, ,
0, ,50, ,
4, ,50, ,
8, ,50, ,
3, ,51, ,
-1, ,49, ,
5, ,51, ,
-1, ,50, ,
1, ,50, ,
1, ,51, ,
0, ,51, ,
1, ,49, ,
1, ,51, ,
-2, ,51, ,
0, ,50, ,
1, ,50, ,
3, ,51, ,
-1, ,50, ,
6, ,51, ,
5, ,50, ,
3, ,50, ,
1, ,51, ,
-1, ,51, ,
-4, ,49, ,
-1, ,51, ,
-6, ,51, ,
-1, ,50, ,
0, ,50, ,
-1, ,51, ,
-5, ,49, ,
4, ,51, ,
0, ,50, ,
1, ,50, ,
1, ,51, ,
1, ,51, ,
1, ,49, ,
-1, ,51, ,
-5, ,51, ,
-1, ,50, ,
1, ,50, ,
0, ,51, ,
-1, ,50, ,
8, ,51, ,
3, ,50, ,
0, ,50, ,
-1, ,50, ,
1, ,51, ,
0, ,49, ,
4, ,51, ,
-1, ,50, ,
1, ,50, ,
3, ,50, ,
0, ,51, ,
-4, ,49, ,
1, ,51, ,
0, ,50, ,
-1, ,51, ,
-4, ,50, ,
0, ,51, ,
3, ,49, ,
5, ,51, ,
-4, ,50, ,
0, ,50, ,
3, ,50, ,
-1, ,51, ,
1, ,49, ,
5, ,51, ,
3, ,50, ,
3, ,50, ,
1, ,51, ,
1, ,50, ,
-4, ,49, ,
0, ,51, ,
-6, ,50, ,
-2, ,50, ,
1, ,51, ,
-1, ,50, ,
-1, ,50, ,
4, ,51, ,
-2, ,50, ,
-1, ,50, ,
-1, ,51, ,
0, ,50, ,
-1, ,49, ,
1, ,51, ,
-4, ,50, ,
0, ,50, ,
0, ,50, ,
-2, ,51, ,
-4, ,49, ,
3, ,51, ,
-2, ,50, ,
-2, ,50, ,
-4, ,51, ,
-4, ,50, ,
-4, ,49, ,
3, ,51, ,
-4, ,50, ,
-4, ,50, ,
0, ,50, ,
0, ,51, ,
-4, ,49, ,
3, ,51, ,
0, ,49, ,
-1, ,50, ,
1, ,51, ,
1, ,50, ,
1, ,49, ,
4, ,51, ,
-4, ,51, ,
0, ,50, ,
1, ,50, ,
-1, ,51, ,
-4, ,49, ,
1, ,51, ,
-1, ,50, ,
-1, ,50, ,
-4, ,51, ,
-1, ,50, ,
-4, ,49, ,
0, ,51, ,
-1, ,50, ,
0, ,50, ,
4, ,50, ,
3, ,51, ,
0, ,49, ,
6, ,51, ,
-2, ,50, ,
-1, ,50, ,
-4, ,51, ,
-2, ,50, ,
0, ,49, ,
3, ,51, ,
0, ,50, ,
4, ,50, ,
3, ,50, ,
0, ,51, ,
-2, ,49, ,
5, ,51, ,
-1, ,50, ,
1, ,50, ,
1, ,51, ,
4, ,51, ,
5, ,49, ,
6, ,51, ,
-2, ,50, ,
-1, ,50, ,
-1, ,50, ,
-2, ,51, ,
-7, ,49, ,
6, ,51, ,
4, ,49, ,
4, ,50, ,
5, ,51, ,
1, ,50, ,
3, ,49, ,
3, ,51, ,
-1, ,50, ,
3, ,50, ,
3, ,50, ,
3, ,51, ,
0, ,49, ,
4, ,51, ,
1, ,50, ,
0, ,50, ,
-1, ,50, ,
1, ,50, ,
0, ,49, ,
4, ,51, ,
-1, ,50, ,
5, ,50, ,
4, ,50, ,
0, ,51, ,
-5, ,50, ,
0, ,51, ,
-4, ,50, ,
0, ,50, ,
-1, ,51, ,
1, ,51, ,
4, ,49, ,
5, ,51, ,
-2, ,50, ,
1, ,50, ,
3, ,50, ,
0, ,51, ,
-2, ,49, ,
5, ,51, ,
1, ,50, ,
4, ,50, ,
1, ,50, ,
4, ,50, ,
-1, ,49, ,
4, ,51, ,
0, ,50, ,
4, ,50, ,
1, ,50, ,
-1, ,51, ,
-1, ,49, ,
6, ,51, ,
1, ,50, ,
4, ,50, ,
3, ,50, ,
0, ,50, ,
4, ,49, ,
6, ,51, ,
1, ,51, ,
5, ,50, ,
3, ,50, ,
-1, ,51, ,
-4, ,49, ,
5, ,51, ,
1, ,50, ,
1, ,50, ,
4, ,51, ,
4, ,50, ,
5, ,49, ,
8, ,51, ,
6, ,50, ,
8, ,50, ,
4, ,50, ,
1, ,51, ,
-2, ,50, ,
3, ,51, ,
3, ,50, ,
-2, ,50, ,
3, ,50, ,
13, ,50, ,
5, ,49, ,
6, ,51, ,
1, ,51, ,
6, ,50, ,
5, ,50, ,
4, ,50, ,
0, ,49, ,
3, ,51, ,
1, ,50, ,
1, ,50, ,
0, ,51, ,
4, ,51, ,
3, ,49, ,
5, ,51, ,
4, ,50, ,
4, ,50, ,
6, ,50, ,
4, ,51, ,
1, ,49, ,
5, ,51, ,
1, ,50, ,
1, ,50, ,
-1, ,51, ,
1, ,50, ,
0, ,49, ,
1, ,51, ,
0, ,50, ,
4, ,50, ,
8, ,50, ,
5, ,51, ,
-1, ,49, ,
8, ,51, ,
1, ,50, ,
1, ,50, ,
3, ,51, ,
3, ,50, ,
1, ,49, ,
4, ,51, ,
1, ,50, ,
1, ,50, ,
4, ,50, ,
3, ,50, ,
-1, ,50, ,
3, ,51, ,
-1, ,49, ,
1, ,50, ,
1, ,50, ,
1, ,50, ,
4, ,49, ,
4, ,51, ,
1, ,50, ,
3, ,50, ,
0, ,50, ,
1, ,51, ,
0, ,49, ,
5, ,51, ,
4, ,50, ,
3, ,50, ,
1, ,51, ,
1, ,51, ,
-1, ,49, ,
4, ,51, ,
-2, ,50, ,
4, ,50, ,
4, ,50, ,
3, ,50, ,
3, ,49, ,
4, ,51, ,
1, ,50, ,
0, ,50, ,
0, ,50, ,
0, ,50, ,
1, ,49, ,
4, ,51, ,
-1, ,50, ,
4, ,50, ,
4, ,50, ,
1, ,50, ,
0, ,49, ,
6, ,51, ,
1, ,50, ,
4, ,50, ,
1, ,51, ,
3, ,50, ,
-1, ,49, ,
1, ,51, ,
-2, ,50, ,
-2, ,50, ,
1, ,50, ,
0, ,51, ,
-2, ,49, ,
5, ,51, ,
1, ,49, ,
1, ,50, ,
0, ,51, ,
-1, ,50, ,
1, ,49, ,
1, ,51, ,
-6, ,50, ,
-2, ,50, ,
-2, ,50, ,
-1, ,51, ,
-6, ,49, ,
1, ,51, ,
-1, ,49, ,
0, ,50, ,
0, ,51, ,
-1, ,50, ,
-2, ,49, ,
-1, ,51, ,
-9, ,50, ,
0, ,50, ,
1, ,50, ,
3, ,51, ,
0, ,49, ,
5, ,51, ,
1, ,50, ,
3, ,50, ,
1, ,50, ,
1, ,51, ,
3, ,49, ,
5, ,51, ,
-2, ,51, ,
4, ,50, ,
3, ,50, ,
-1, ,51, ,
-4, ,49, ,
3, ,51, ,
-4, ,50, ,
0, ,50, ,
-1, ,51, ,
1, ,50, ,
1, ,49, ,
4, ,51, ,
0, ,51, ,
1, ,50, ,
3, ,50, ,
1, ,51, ,
1, ,50, ,
8, ,51, ,
3, ,50, ,
4, ,50, ,
0, ,50, ,
-1, ,50, ,
-2, ,49, ,
-2, ,51, ,
-6, ,50, ,
-1, ,50, ,
3, ,50, ,
3, ,50, ,
-1, ,49, ,
5, ,51, ,
3, ,50, ,
0, ,50, ,
0, ,51, ,
1, ,50, ,
1, ,49, ,
1, ,51, ,
-2, ,50, ,
1, ,50, ,
1, ,50, ,
0, ,51, ,
-4, ,49, ,
1, ,51, ,
0, ,49, ,
3, ,50, ,
1, ,51, ,
1, ,50, ,
3, ,49, ,
1, ,51, ,
-2, ,50, ,
1, ,50, ,
0, ,50, ,
0, ,51, ,
-1, ,49, ,
4, ,51, ,
3, ,49, ,
1, ,50, ,
1, ,50, ,
1, ,50, ,
-2, ,49, ,
0, ,50, ,
-6, ,50, ,
0, ,50, ,
3, ,50, ,
-1, ,51, ,
-1, ,49, ,
5, ,51, ,
3, ,49, ,
3, ,50, ,
-1, ,51, ,
0, ,50, ,
-1, ,49, ,
3, ,51, ,
0, ,50, ,
0, ,50, ,
4, ,50, ,
0, ,51, ,
-2, ,49, ,
8, ,51, ,
3, ,49, ,
3, ,50, ,
0, ,51, ,
3, ,51, ,
3, ,49, ,
5, ,51, ,
0, ,50, ,
3, ,50, ,
4, ,50, ,
0, ,51, ,
-1, ,49, ,
4, ,51, ,
1, ,49, ,
4, ,50, ,
4, ,51, ,
3, ,51, ,
5, ,49, ,
4, ,51, ,
-2, ,50, ,
1, ,50, ,
3, ,50, ,
1, ,51, ,
0, ,49, ,
6, ,51, ,
1, ,50, ,
3, ,50, ,
1, ,51, ,
1, ,50, ,
1, ,49, ,
5, ,51, ,
-2, ,50, ,
1, ,50, ,
4, ,50, ,
3, ,51, ,
-2, ,50, ,
5, ,51, ,
3, ,49, ,
3, ,50, ,
3, ,51, ,
4, ,51, ,
1, ,49, ,
9, ,51, ,
0, ,50, ,
4, ,50, ,
4, ,50, ,
-1, ,50, ,
-5, ,49, ,
-1, ,51, ,
-4, ,50, ,
-2, ,50, ,
-4, ,51, ,
4, ,50, ,
3, ,49, ,
8, ,51, ,
1, ,50, ,
4, ,50, ,
6, ,50, ,
1, ,51, ,
-1, ,49, ,
4, ,51, ,
-1, ,50, ,
1, ,50, ,
0, ,51, ,
0, ,51, ,
3, ,49, ,
1, ,51, ,
-2, ,51, ,
3, ,50, ,
4, ,51, ,
4, ,51, ,
-2, ,50, ,
9, ,51, ,
3, ,50, ,
4, ,50, ,
4, ,51, ,
4, ,50, ,
5, ,49, ,
5, ,51, ,
1, ,51, ,
5, ,50, ,
6, ,50, ,
4, ,51, ,
-2, ,50, ,
5, ,51, ,
-1, ,50, ,
3, ,50, ,
4, ,51, ,
4, ,50, ,
5, ,49, ,
4, ,51, ,
0, ,50, ,
5, ,50, ,
1, ,50, ,
0, ,51, ,
-1, ,50, ,
5, ,51, ,
1, ,50, ,
-1, ,50, ,
-2, ,51, ,
4, ,50, ,
-1, ,49, ,
5, ,51, ,
0, ,51, ,
4, ,50, ,
5, ,50, ,
1, ,50, ,
-1, ,49, ,
3, ,50, ,
-1, ,50, ,
0, ,50, ,
1, ,51, ,
1, ,50, ,
3, ,49, ,
5, ,51, ,
-2, ,50, ,
3, ,50, ,
5, ,50, ,
1, ,50, ,
1, ,49, ,
4, ,51, ,
-1, ,50, ,
1, ,50, ,
-2, ,51, ,
-1, ,51, ,
-4, ,49, ,
0, ,51, ,
-1, ,50, ,
0, ,50, ,
4, ,50, ,
1, ,50, ,
-1, ,50, ,
4, ,51, ,
-6, ,50, ,
0, ,50, ,
-4, ,51, ,
-1, ,51, ,
1, ,49, ,
4, ,50, ,
-1, ,50, ,
0, ,50, ,
-2, ,50, ,
1, ,51, ,
-2, ,49, ,
4, ,51, ,
3, ,50, ,
1, ,50, ,
-1, ,51, ,
1, ,51, ,
0, ,49, ,
1, ,51, ,
-4, ,51, ,
3, ,50, ,
3, ,50, ,
0, ,51, ,
0, ,49, ,
3, ,51, ,
1, ,49, ,
4, ,50, ,
4, ,51, ,
3, ,51, ,
4, ,49, ,
3, ,51, ,
-2, ,50, ,
1, ,50, ,
4, ,50, ,
-1, ,51, ,
-1, ,49, ,
5, ,51, ,
1, ,50, ,
-1, ,50, ,
-1, ,51, ,
0, ,50, ,
0, ,49, ,
4, ,51, ,
1, ,50, ,
3, ,50, ,
5, ,50, ,
1, ,51, ,
3, ,50, ,
6, ,51, ,
4, ,49, ,
4, ,50, ,
-1, ,50, ,
0, ,50, ,
0, ,49, ,
-1, ,51, ,
-5, ,50, ,
1, ,50, ,
3, ,50, ,
1, ,51, ,
-4, ,49, ,
4, ,51, ,
3, ,50, ,
1, ,50, ,
0, ,51, ,
1, ,50, ,
3, ,49, ,
0, ,51, ,
-5, ,50, ,
0, ,50, ,
-2, ,50, ,
0, ,51, ,
-2, ,49, ,
5, ,51, ,
3, ,50, ,
-1, ,50, ,
-1, ,51, ,
-1, ,50, ,
-2, ,49, ,
0, ,51, ,
-5, ,50, ,
3, ,50, ,
6, ,50, ,
4, ,51, ,
0, ,49, ,
4, ,51, ,
0, ,49, ,
0, ,50, ,
0, ,50, ,
1, ,50, ,
3, ,49, ,
5, ,51, ,
-2, ,50, ,
1, ,50, ,
4, ,50, ,
-1, ,51, ,
-2, ,49, ,
4, ,51, ,
3, ,50, ,
4, ,50, ,
6, ,51, ,
1, ,50, ,
1, ,49, ,
1, ,51, ,
-2, ,50, ,
1, ,50, ,
4, ,50, ,
4, ,51, ,
5, ,49, ,
6, ,51, ,
5, ,50, ,
1, ,50, ,
-1, ,51, ,
0, ,50, ,
-1, ,49, ,
3, ,51, ,
-1, ,50, ,
1, ,50, ,
6, ,50, ,
1, ,51, ,
-4, ,49, ,
3, ,51, ,
6, ,50, ,
5, ,49, ,
4, ,45, ,
5, ,35, ,
1, ,23, ,
0, ,15, ,
-7, ,8, ,
-5, ,0, ,
-4, ,-6, ,
-1, ,-11, ,
-2, ,-16, ,
3, ,-19, ,
-1, ,-23, ,
-1, ,-25, ,
-1, ,-28, ,
-1, ,-30, ,
-1, ,-31, ,
0, ,-33, ,
-7, ,-35, ,
-2, ,-36, ,
1, ,-37, ,
-1, ,-38, ,
-4, ,-39, ,
1, ,-40, ,
0, ,-40, ,
-2, ,-40, ,
-5, ,-41, ,
-10, ,-41, ,
-11, ,-42, ,
-11, ,-42, ,
-12, ,-42, ,
-14, ,-42, ,
-5, ,-42, ,
-1, ,-42, ,
-7, ,-42, ,
5, ,-43, ,
9, ,-43, ,
8, ,-43, ,
8, ,-43, ,
13, ,-43, ,
9, ,-43, ,
10, ,-43, ,
4, ,-43, ,
8, ,-43, ,
9, ,-43, ,
5, ,-43, ,
3, ,-42, ,
4, ,-44, ,
-2, ,-43, ,
-1, ,-43, ,
-1, ,-43, ,
0, ,-44, ,
3, ,-43, ,
0, ,-43, ,
-5, ,-43, ,
-2, ,-43, ,
1, ,-43, ,
-4, ,-43, ,
-4, ,-42, ,
4, ,-43, ,
4, ,-43, ,
5, ,-42, ,
5, ,-43, ,
5, ,-43, ,
6, ,-43, ,
9, ,-43, ,
3, ,-43, ,
5, ,-42, ,
6, ,-43, ,
1, ,-43, ,
-6, ,-42, ,
-1, ,-43, ,
-1, ,-43, ,
3, ,-43, ,
1, ,-43, ,
4, ,-43, ,
3, ,-43, ,
6, ,-43, ,
1, ,-43, ,
5, ,-43, ,
9, ,-43, ,
4, ,-43, ,
0, ,-42, ,
5, ,-43, ,
1, ,-43, ,
0, ,-43, ,
-1, ,-43, ,
0, ,-43, ,
1, ,-42, ,
4, ,-43, ,
-1, ,-43, ,
1, ,-43, ,
5, ,-43, ,
-1, ,-43, ,
-4, ,-42, ,
1, ,-43, ,
-2, ,-43, ,
-1, ,-42, ,
-1, ,-42, ,
-1, ,-43, ,
3, ,-42, ,
5, ,-43, ,
-1, ,-42, ,
4, ,-42, ,
5, ,-43, ,
1, ,-43, ,
-2, ,-42, ,
3, ,-43, ,
-2, ,-43, ,
-1, ,-42, ,
-4, ,-42, ,
0, ,-43, ,
0, ,-42, ,
4, ,-43, ,
-1, ,-43, ,
1, ,-42, ,
5, ,-43, ,
4, ,-43, ,
-1, ,-42, ,
5, ,-43, ,
3, ,-43, ,
1, ,-42, ,
1, ,-42, ,
-1, ,-42, ,
3, ,-42, ,
4, ,-43, ,
-2, ,-43, ,
1, ,-42, ,
3, ,-43, ,
1, ,-42, ,
-2, ,-42, ,
5, ,-43, ,
1, ,-43, ,
0, ,-42, ,
-1, ,-43, ,
1, ,-42, ,
3, ,-42, ,
4, ,-43, ,
-1, ,-43, ,
3, ,-42, ,
5, ,-42, ,
0, ,-43, ,
-2, ,-42, ,
1, ,-43, ,
0, ,-43, ,
3, ,-42, ,
4, ,-42, ,
4, ,-42, ,
5, ,-42, ,
6, ,-43, ,
-2, ,-43, ,
1, ,-43, ,
1, ,-43, ,
-2, ,-43, ,
-4, ,-42, ,
1, ,-43, ,
1, ,-43, ,
1, ,-42, ,
-1, ,-43, ,
1, ,-42, ,
0, ,-42, ,
1, ,-43, ,
-2, ,-43, ,
1, ,-42, ,
6, ,-42, ,
1, ,-42, ,
0, ,-42, ,
8, ,-43, ,
-1, ,-43, ,
0, ,-42, ,
-4, ,-43, ,
-4, ,-43, ,
1, ,-43, ,
1, ,-43, ,
-1, ,-42, ,
1, ,-42, ,
4, ,-42, ,
-1, ,-42, ,
-6, ,-42, ,
1, ,-43, ,
-2, ,-43, ,
1, ,-42, ,
0, ,-42, ,
4, ,-42, ,
4, ,-42, ,
4, ,-43, ,
-4, ,-42, ,
0, ,-42, ,
0, ,-42, ,
0, ,-42, ,
-2, ,-42, ,
6, ,-43, ,
3, ,-42, ,
1, ,-42, ,
-2, ,-42, ,
-2, ,-43, ,
1, ,-42, ,
0, ,-43, ,
-5, ,-42, ,
3, ,-42, ,
4, ,-43, ,
3, ,-42, ,
1, ,-42, ,
5, ,-43, ,
1, ,-43, ,
1, ,-42, ,
-1, ,-43, ,
1, ,-42, ,
3, ,-42, ,
5, ,-43, ,
-2, ,-42, ,
4, ,-42, ,
6, ,-43, ,
0, ,-43, ,
-4, ,-42, ,
1, ,-43, ,
0, ,-42, ,
5, ,-42, ,
0, ,-43, ,
1, ,-43, ,
4, ,-42, ,
6, ,-43, ,
0, ,-43, ,
3, ,-42, ,
5, ,-43, ,
0, ,-42, ,
0, ,-42, ,
5, ,-43, ,
1, ,-43, ,
1, ,-42, ,
1, ,-43, ,
0, ,-42, ,
-2, ,-42, ,
0, ,-43, ,
-4, ,-43, ,
1, ,-42, ,
6, ,-42, ,
1, ,-42, ,
-1, ,-42, ,
6, ,-43, ,
0, ,-43, ,
0, ,-42, ,
-1, ,-43, ,
-2, ,-43, ,
-1, ,-42, ,
-1, ,-43, ,
-4, ,-43, ,
0, ,-42, ,
3, ,-43, ,
4, ,-42, ,
3, ,-42, ,
11, ,-43, ,
6, ,-43, ,
6, ,-42, ,
3, ,-42, ,
5, ,-42, ,
6, ,-42, ,
8, ,-42, ,
1, ,-43, ,
5, ,-42, ,
8, ,-42, ,
4, ,-42, ,
-2, ,-42, ,
3, ,-43, ,
4, ,-43, ,
5, ,-42, ,
5, ,-43, ,
6, ,-43, ,
6, ,-42, ,
6, ,-43, ,
-1, ,-43, ,
3, ,-42, ,
4, ,-43, ,
-1, ,-42, ,
0, ,-42, ,
8, ,-43, ,
5, ,-42, ,
4, ,-42, ,
1, ,-42, ,
4, ,-42, ,
3, ,-42, ,
5, ,-43, ,
1, ,-42, ,
10, ,-42, ,
11, ,-42, ,
8, ,-42, ,
6, ,-42, ,
9, ,-43, ,
6, ,-42, ,
5, ,-42, ,
4, ,-43, ,
4, ,-42, ,
5, ,-42, ,
5, ,-43, ,
-1, ,-42, ,
3, ,-42, ,
6, ,-43, ,
4, ,-42, ,
3, ,-42, ,
9, ,-43, ,
8, ,-42, ,
5, ,-42, ,
4, ,-42, ,
6, ,-43, ,
4, ,-42, ,
8, ,-42, ,
1, ,-42, ,
4, ,-42, ,
5, ,-43, ,
3, ,-42, ,
1, ,-42, ,
4, ,-43, ,
1, ,-42, ,
1, ,-42, ,
1, ,-42, ,
-1, ,-43, ,
3, ,-42, ,
3, ,-43, ,
-5, ,-42, ,
0, ,-42, ,
0, ,-42, ,
0, ,-42, ,
-2, ,-42, ,
5, ,-43, ,
5, ,-42, ,
4, ,-42, ,
1, ,-42, ,
1, ,-42, ,
0, ,-42, ,
3, ,-42, ,
-6, ,-43, ,
-1, ,-42, ,
5, ,-42, ,
-4, ,-42, ,
-5, ,-42, ,
0, ,-43, ,
-4, ,-42, ,
0, ,-42, ,
0, ,-42, ,
-1, ,-42, ,
1, ,-42, ,
3, ,-43, ,
-4, ,-42, ,
0, ,-42, ,
1, ,-43, ,
-4, ,-42, ,
-5, ,-42, ,
-1, ,-43, ,
-5, ,-43, ,
-1, ,-42, ,
-2, ,-42, ,
-1, ,-42, ,
0, ,-42, ,
0, ,-42, ,
-4, ,-42, ,
-2, ,-42, ,
3, ,-43, ,
-2, ,-42, ,
-4, ,-42, ,
3, ,-43, ,
-1, ,-42, ,
-1, ,-42, ,
0, ,-42, ,
-1, ,-43, ,
0, ,-42, ,
1, ,-43, ,
-4, ,-43, ,
3, ,-42, ,
1, ,-42, ,
-1, ,-42, ,
-5, ,-42, ,
1, ,-43, ,
-1, ,-42, ,
-2, ,-42, ,
-2, ,-42, ,
-4, ,-42, ,
-4, ,-42, ,
0, ,-43, ,
-7, ,-42, ,
-2, ,-42, ,
1, ,-42, ,
-5, ,-43, ,
-6, ,-42, ,
0, ,-43, ,
-2, ,-42, ,
-2, ,-42, ,
-1, ,-42, ,
-2, ,-43, ,
-1, ,-42, ,
1, ,-42, ,
-4, ,-42, ,
-1, ,-42, ,
0, ,-42, ,
-6, ,-42, ,
-7, ,-42, ,
0, ,-43, ,
-4, ,-42, ,
-2, ,-42, ,
-4, ,-43, ,
1, ,-42, ,
0, ,-42, ,
4, ,-42, ,
-1, ,-43, ,
0, ,-42, ,
1, ,-43, ,
-2, ,-42, ,
-5, ,-42, ,
0, ,-43, ,
-4, ,-42, ,
-2, ,-42, ,
0, ,-42, ,
-1, ,-43, ,
-1, ,-42, ,
0, ,-42, ,
-6, ,-42, ,
-1, ,-42, ,
0, ,-43, ,
-4, ,-42, ,
-4, ,-42, ,
4, ,-43, ,
1, ,-42, ,
0, ,-42, ,
-1, ,-42, ,
1, ,-43, ,
3, ,-42, ,
3, ,-42, ,
-2, ,-42, ,
1, ,-42, ,
3, ,-42, ,
3, ,-42, ,
-5, ,-42, ,
3, ,-43, ,
-1, ,-42, ,
0, ,-42, ,
0, ,-43, ,
1, ,-43, ,
4, ,-42, ,
9, ,-43, ,
1, ,-43, ,
3, ,-42, ,
3, ,-42, ,
1, ,-42, ,
-2, ,-42, ,
3, ,-43, ,
4, ,-43, ,
4, ,-42, ,
4, ,-42, ,
6, ,-43, ,
3, ,-42, ,
5, ,-42, ,
-2, ,-43, ,
1, ,-42, ,
1, ,-43, ,
-2, ,-42, ,
4, ,-42, ,
1, ,-43, ,
-1, ,-42, ,
4, ,-42, ,
-1, ,-42, ,
1, ,-43, ,
3, ,-42, ,
6, ,-43, ,
3, ,-42, ,
6, ,-42, ,
6, ,-43, ,
1, ,-42, ,
-2, ,-42, ,
1, ,-43, ,
-2, ,-42, ,
0, ,-42, ,
0, ,-42, ,
4, ,-43, ,
3, ,-42, ,
5, ,-42, ,
0, ,-42, ,
4, ,-42, ,
8, ,-42, ,
1, ,-42, ,
-2, ,-42, ,
5, ,-43, ,
1, ,-42, ,
3, ,-42, ,
1, ,-42, ,
3, ,-42, ,
4, ,-42, ,
0, ,-43, ,
-4, ,-43, ,
3, ,-42, ,
1, ,-43, ,
-1, ,-42, ,
-1, ,-42, ,
4, ,-43, ,
3, ,-43, ,
1, ,-42, ,
1, ,-42, ,
1, ,-42, ,
1, ,-42, ,
3, ,-43, ,
-1, ,-43, ,
3, ,-42, ,
5, ,-42, ,
5, ,-42, ,
3, ,-42, ,
5, ,-43, ,
1, ,-43, ,
1, ,-42, ,
1, ,-42, ,
4, ,-42, ,
4, ,-42, ,
9, ,-42, ,
3, ,-42, ,
6, ,-42, ,
8, ,-43, ,
4, ,-42, ,
1, ,-42, ,
5, ,-43, ,
3, ,-43, ,
3, ,-42, ,
0, ,-42, ,
5, ,-43, ,
3, ,-42, ,
6, ,-43, ,
1, ,-43, ,
4, ,-42, ,
8, ,-43, ,
1, ,-43, ,
1, ,-42, ,
6, ,-43, ,
4, ,-42, ,
3, ,-42, ,
3, ,-42, ,
1, ,-42, ,
3, ,-42, ,
0, ,-42, ,
-4, ,-42, ,
1, ,-42, ,
5, ,-42, ,
4, ,-42, ,
3, ,-42, ,
6, ,-43, ,
4, ,-43, ,
4, ,-42, ,
1, ,-43, ,
1, ,-43, ,
4, ,-42, ,
4, ,-43, ,
-4, ,-43, ,
1, ,-42, ,
4, ,-42, ,
5, ,-43, ,
1, ,-42, ,
6, ,-43, ,
-2, ,-43, ,
-1, ,-42, ,
-2, ,-42, ,
-1, ,-43, ,
0, ,-42, ,
4, ,-42, ,
-7, ,-43, ,
-1, ,-42, ,
0, ,-42, ,
-1, ,-42, ,
0, ,-42, ,
8, ,-43, ,
6, ,-42, ,
5, ,-42, ,
4, ,-42, ,
4, ,-42, ,
0, ,-42, ,
4, ,-42, ,
-4, ,-43, ,
-2, ,-42, ,
0, ,-43, ,
-1, ,-42, ,
-2, ,-42, ,
4, ,-43, ,
4, ,-43, ,
3, ,-42, ,
1, ,-42, ,
3, ,-43, ,
3, ,-42, ,
4, ,-43, ,
3, ,-43, ,
6, ,-42, ,
9, ,-43, ,
5, ,-42, ,
1, ,-42, ,
5, ,-43, ,
0, ,-42, ,
1, ,-42, ,
-1, ,-42, ,
0, ,-42, ,
1, ,-42, ,
3, ,-43, ,
-4, ,-42, ,
1, ,-42, ,
3, ,-43, ,
0, ,-42, ,
-2, ,-42, ,
3, ,-43, ,
3, ,-42, ,
0, ,-42, ,
-1, ,-42, ,
1, ,-43, ,
1, ,-42, ,
3, ,-42, ,
0, ,-43, ,
3, ,-42, ,
1, ,-43, ,
-1, ,-42, ,
-5, ,-42, ,
5, ,-43, ,
3, ,-42, ,
1, ,-42, ,
5, ,-42, ,
1, ,-43, ,
1, ,-42, ,
3, ,-43, ,
-6, ,-43, ,
0, ,-42, ,
1, ,-43, ,
0, ,-42, ,
-4, ,-42, ,
0, ,-43, ,
-1, ,-42, ,
-1, ,-42, ,
-2, ,-42, ,
-1, ,-43, ,
0, ,-42, ,
3, ,-43, ,
-5, ,-43, ,
-1, ,-42, ,
0, ,-42, ,
-4, ,-42, ,
-4, ,-42, ,
-1, ,-43, ,
0, ,-42, ,
0, ,-42, ,
-1, ,-43, ,
1, ,-42, ,
0, ,-42, ,
4, ,-42, ,
-2, ,-42, ,
0, ,-42, ,
5, ,-42, ,
0, ,-42, ,
-5, ,-42, ,
0, ,-43, ,
-4, ,-42, ,
0, ,-42, ,
0, ,-42, ,
-1, ,-43, ,
0, ,-42, ,
1, ,-43, ,
-5, ,-43, ,
-1, ,-42, ,
4, ,-43, ,
0, ,-42, ,
-2, ,-42, ,
6, ,-43, ,
1, ,-42, ,
1, ,-42, ,
3, ,-43, ,
0, ,-43, ,
4, ,-42, ,
6, ,-43, ,
-2, ,-43, ,
-1, ,-43, ,
3, ,-43, ,
1, ,-42, ,
-4, ,-42, ,
3, ,-43, ,
1, ,-42, ,
3, ,-42, ,
-1, ,-42, ,
-1, ,-43, ,
0, ,-42, ,
0, ,-43, ,
-4, ,-43, ,
4, ,-42, ,
3, ,-43, ,
3, ,-42, ,
-1, ,-42, ,
4, ,-43, ,
3, ,-42, ,
1, ,-42, ,
1, ,-42, ,
3, ,-43, ,
4, ,-42, ,
5, ,-43, ,
-2, ,-43, ,
-1, ,-42, ,
1, ,-43, ,
-5, ,-42, ,
-6, ,-42, ,
1, ,-43, ,
-1, ,-43, ,
3, ,-42, ,
0, ,-42, ,
4, ,-43, ,
4, ,-42, ,
3, ,-43, ,
-1, ,-43, ,
0, ,-43, ,
3, ,-43, ,
0, ,-42, ,
0, ,-42, ,
4, ,-43, ,
-1, ,-43, ,
0, ,-42, ,
-2, ,-42, ,
-1, ,-43, ,
-1, ,-42, ,
4, ,-43, ,
1, ,-43, ,
3, ,-43, ,
8, ,-42, ,
1, ,-42, ,
-2, ,-42, ,
4, ,-43, ,
1, ,-42, ,
0, ,-42, ,
6, ,-42, ,
4, ,-43, ,
4, ,-42, ,
8, ,-43, ,
1, ,-43, ,
0, ,-43, ,
1, ,-43, ,
1, ,-42, ,
-7, ,-42, ,
-2, ,-43, ,
1, ,-42, ,
3, ,-42, ,
3, ,-42, ,
4, ,-43, ,
5, ,-42, ,
5, ,-43, ,
-4, ,-43, ,
5, ,-42, ,
3, ,-42, ,
0, ,-43, ,
-4, ,-42, ,
3, ,-43, ,
4, ,-43, ,
4, ,-42, ,
5, ,-42, ,
4, ,-43, ,
4, ,-42, ,
8, ,-43, ,
0, ,-43, ,
4, ,-42, ,
5, ,-43, ,
4, ,-42, ,
1, ,-42, ,
6, ,-43, ,
3, ,-43, ,
3, ,-42, ,
-1, ,-42, ,
4, ,-43, ,
3, ,-42, ,
6, ,-43, ,
1, ,-43, ,
4, ,-43, ,
8, ,-42, ,
1, ,-42, ,
1, ,-42, ,
4, ,-43, ,
-2, ,-42, ,
0, ,-42, ,
-1, ,-42, ,
1, ,-43, ,
5, ,-42, ,
6, ,-43, ,
4, ,-43, ,
1, ,-43, ,
3, ,-43, ,
0, ,-42, ,
-5, ,-42, ,
5, ,-43, ,
3, ,-43, ,
4, ,-42, ,
0, ,-42, ,
0, ,-37, ,
-2, ,-28, ,
3, ,-18, ,
1, ,-8, ,
9, ,0, ,
13, ,8, ,
9, ,13, ,
4, ,18, ,
6, ,22, ,
4, ,27, ,
4, ,30, ,
6, ,33, ,
4, ,35, ,
5, ,36, ,
5, ,39, ,
-1, ,40, ,
6, ,42, ,
8, ,44, ,
6, ,45, ,
4, ,45, ,
8, ,48, ,
5, ,47, ,
5, ,48, ,
6, ,49, ,
5, ,49, ,
1, ,48, ,
5, ,50, ,
0, ,50, ,
0, ,50, ,
1, ,50, ,
-1, ,50, ,
-5, ,49, ,
1, ,51, ,
8, ,51, ,
3, ,51, ,
-2, ,51, ,
4, ,51, ,
6, ,49, ,
4, ,51, ,
3, ,51, ,
4, ,51, ,
6, ,50, ,
0, ,51, ,
3, ,50, ,
5, ,51, ,
1, ,50, ,
3, ,50, ,
0, ,51, ,
1, ,51, ,
-1, ,50, ,
-1, ,52, ,
-4, ,51, ,
0, ,51, ,
4, ,51, ,
3, ,51, ,
0, ,50, ,
6, ,51, ,
-1, ,50, ,
1, ,51, ,
-1, ,51, ,
-5, ,51, ,
-1, ,49, ,
-1, ,51, ,
-6, ,50, ,
3, ,50, ,
1, ,51, ,
3, ,51, ,
-2, ,50, ,
6, ,51, ,
-2, ,51, ,
0, ,50, ,
-1, ,51, ,
-1, ,51, ,
-2, ,49, ,
1, ,51, ,
-2, ,50, ,
0, ,50, ,
3, ,50, ,
-1, ,51, ,
-4, ,50, ,
1, ,51, ,
0, ,50, ,
0, ,50, ,
0, ,51, ,
-1, ,51, ,
-1, ,49, ,
3, ,51, ,
-6, ,51, ,
-1, ,50, ,
0, ,51, ,
-2, ,51, ,
-1, ,49, ,
1, ,51, ,
-2, ,50, ,
-1, ,50, ,
-4, ,51, ,
-2, ,50, ,
-4, ,49, ,
1, ,51, ,
-5, ,51, ,
4, ,50, ,
4, ,50, ,
0, ,51, ,
-4, ,49, ,
3, ,51, ,
-1, ,50, ,
0, ,51, ,
-2, ,51, ,
0, ,51, ,
0, ,49, ,
3, ,51, ,
-4, ,51, ,
0, ,50, ,
0, ,51, ,
1, ,51, ,
-1, ,49, ,
6, ,51, ,
0, ,50, ,
0, ,50, ,
1, ,50, ,
0, ,51, ,
3, ,49, ,
5, ,51, ,
-2, ,50, ,
1, ,50, ,
-4, ,50, ,
1, ,51, ,
4, ,50, ,
3, ,51, ,
3, ,50, ,
0, ,50, ,
0, ,50, ,
-2, ,50, ,
-1, ,49, ,
0, ,51, ,
-5, ,50, ,
1, ,50, ,
3, ,50, ,
3, ,51, ,
1, ,49, ,
6, ,51, ,
1, ,49, ,
3, ,50, ,
3, ,50, ,
0, ,51, ,
-2, ,49, ,
3, ,51, ,
-5, ,50, ,
0, ,50, ,
4, ,50, ,
-1, ,50, ,
-4, ,49, ,
1, ,51, ,
-4, ,50, ,
-1, ,50, ,
-1, ,51, ,
4, ,50, ,
1, ,49, ,
5, ,51, ,
3, ,50, ,
1, ,50, ,
1, ,50, ,
0, ,50, ,
-2, ,49, ,
3, ,51, ,
-4, ,49, ,
1, ,50, ,
0, ,51, ,
3, ,51, ,
0, ,49, ,
3, ,51, ,
-4, ,50, ,
0, ,50, ,
3, ,50, ,
1, ,50, ,
-1, ,50, ,
9, ,51, ,
4, ,50, ,
5, ,50, ,
3, ,50, ,
1, ,50, ,
1, ,49, ,
4, ,51, ,
-4, ,50, ,
3, ,50, ,
4, ,50, ,
1, ,50, ,
-1, ,49, ,
3, ,51, ,
0, ,50, ,
0, ,50, ,
1, ,51, ,
1, ,50, ,
4, ,49, ,
8, ,51, ,
0, ,50, ,
3, ,50, ,
5, ,50, ,
-1, ,51, ,
-4, ,49, ,
3, ,51, ,
0, ,49, ,
6, ,50, ,
4, ,51, ,
5, ,50, ,
0, ,49, ,
8, ,51, ,
-1, ,50, ,
3, ,50, ,
3, ,50, ,
-1, ,51, ,
-1, ,49, ,
6, ,51, ,
3, ,50, ,
6, ,50, ,
4, ,51, ,
6, ,51, ,
4, ,49, ,
3, ,51, ,
-4, ,50, ,
3, ,50, ,
4, ,50, ,
3, ,51, ,
0, ,50, ,
5, ,51, ,
-1, ,49, ,
1, ,50, ,
1, ,51, ,
3, ,50, ,
6, ,49, ,
9, ,51, ,
3, ,50, ,
4, ,50, ,
4, ,50, ,
1, ,50, ,
-1, ,49, ,
5, ,51, ,
0, ,50, ,
3, ,50, ,
1, ,50, ,
4, ,51, ,
4, ,48, ,
6, ,51, ,
4, ,50, ,
4, ,50, ,
4, ,50, ,
4, ,50, ,
-1, ,49, ,
4, ,51, ,
-1, ,50, ,
1, ,50, ,
4, ,51, ,
3, ,50, ,
1, ,49, ,
6, ,51, ,
-2, ,50, ,
1, ,50, ,
4, ,50, ,
4, ,51, ,
5, ,49, ,
6, ,51, ,
5, ,49, ,
6, ,50, ,
6, ,51, ,
5, ,50, ,
3, ,49, ,
6, ,51, ,
-1, ,50, ,
4, ,50, ,
5, ,50, ,
1, ,51, ,
0, ,49, ,
3, ,51, ,
0, ,49, ,
1, ,50, ,
4, ,51, ,
3, ,50, ,
8, ,49, ,
9, ,51, ,
0, ,50, ,
10, ,50, ,
8, ,50, ,
4, ,51, ,
1, ,50, ,
3, ,51, ,
-1, ,50, ,
0, ,50, ,
3, ,50, ,
4, ,50, ,
1, ,49, ,
5, ,51, ,
-1, ,50, ,
1, ,50, ,
8, ,50, ,
4, ,50, ,
1, ,49, ,
5, ,51, ,
-1, ,49, ,
0, ,50, ,
1, ,51, ,
-1, ,50, ,
0, ,49, ,
-2, ,50, ,
-10, ,50, ,
0, ,50, ,
3, ,50, ,
4, ,51, ,
1, ,50, ,
5, ,51, ,
-1, ,50, ,
-1, ,50, ,
-4, ,50, ,
0, ,51, ,
1, ,49, ,
4, ,51, ,
0, ,50, ,
0, ,50, ,
4, ,50, ,
-4, ,51, ,
-9, ,50, ,
1, ,51, ,
-2, ,50, ,
0, ,50, ,
0, ,51, ,
0, ,50, ,
0, ,49, ,
4, ,51, ,
-2, ,50, ,
3, ,50, ,
5, ,50, ,
4, ,51, ,
3, ,49, ,
6, ,51, ,
1, ,50, ,
0, ,50, ,
-4, ,51, ,
1, ,50, ,
-1, ,49, ,
4, ,50, ,
-2, ,50, ,
-1, ,50, ,
4, ,50, ,
0, ,51, ,
-4, ,49, ,
5, ,51, ,
-2, ,49, ,
1, ,50, ,
0, ,51, ,
-1, ,50, ,
0, ,49, ,
1, ,50, ,
-4, ,50, ,
1, ,50, ,
3, ,50, ,
1, ,50, ,
-1, ,49, ,
4, ,51, ,
-2, ,50, ,
-2, ,50, ,
-4, ,50, ,
-2, ,51, ,
-1, ,49, ,
1, ,51, ,
-2, ,50, ,
1, ,50, ,
4, ,50, ,
1, ,51, ,
-2, ,49, ,
1, ,51, ,
-2, ,49, ,
-1, ,50, ,
-1, ,51, ,
-2, ,51, ,
1, ,49, ,
3, ,51, ,
-6, ,50, ,
0, ,50, ,
-1, ,50, ,
-1, ,50, ,
-2, ,50, ,
1, ,51, ,
1, ,50, ,
-1, ,50, ,
0, ,51, ,
-1, ,50, ,
-4, ,49, ,
0, ,51, ,
-6, ,50, ,
0, ,50, ,
0, ,50, ,
-2, ,51, ,
-6, ,49, ,
1, ,51, ,
-5, ,50, ,
-2, ,50, ,
-5, ,51, ,
-4, ,50, ,
-1, ,49, ,
4, ,51, ,
1, ,51, ,
1, ,50, ,
3, ,50, ,
3, ,51, ,
-2, ,49, ,
4, ,51, ,
-2, ,50, ,
-1, ,50, ,
-4, ,50, ,
0, ,50, ,
-1, ,49, ,
0, ,51, ,
-2, ,51, ,
-1, ,50, ,
5, ,50, ,
3, ,51, ,
-1, ,49, ,
4, ,51, ,
1, ,50, ,
3, ,50, ,
3, ,50, ,
1, ,51, ,
1, ,49, ,
5, ,51, ,
-1, ,50, ,
3, ,50, ,
4, ,50, ,
1, ,50, ,
-2, ,49, ,
5, ,51, ,
3, ,49, ,
1, ,50, ,
-1, ,50, ,
0, ,50, ,
-1, ,49, ,
3, ,51, ,
-4, ,51, ,
4, ,50, ,
8, ,50, ,
3, ,51, ,
1, ,49, ,
5, ,51, ,
1, ,49, ,
1, ,50, ,
1, ,50, ,
1, ,51, ,
1, ,49, ,
4, ,51, ,
-5, ,50, ,
1, ,50, ,
3, ,50, ,
-1, ,50, ,
-4, ,49, ,
4, ,51, ,
1, ,49, ,
1, ,50, ,
-1, ,51, ,
1, ,50, ,
1, ,49, ,
3, ,51, ,
-2, ,50, ,
0, ,50, ,
3, ,50, ,
-1, ,50, ,
-4, ,49, ,
4, ,51, ,
-1, ,50, ,
4, ,50, ,
4, ,51, ,
1, ,50, ,
3, ,49, ,
3, ,51, ,
-2, ,50, ,
1, ,50, ,
4, ,50, ,
4, ,50, ,
0, ,50, ,
6, ,51, ,
4, ,49, ,
3, ,50, ,
0, ,51, ,
3, ,50, ,
3, ,49, ,
8, ,51, ,
4, ,50, ,
6, ,50, ,
9, ,50, ,
6, ,51, ,
-1, ,49, ,
5, ,51, ,
1, ,49, ,
3, ,50, ,
4, ,50, ,
4, ,50, ,
5, ,49, ,
6, ,51, ,
-2, ,50, ,
3, ,50, ,
3, ,50, ,
1, ,51, ,
-1, ,49, ,
6, ,51, ,
6, ,49, ,
8, ,50, ,
6, ,51, ,
6, ,50, ,
4, ,49, ,
5, ,51, ,
-2, ,50, ,
1, ,50, ,
5, ,50, ,
1, ,51, ,
-4, ,49, ,
5, ,51, ,
3, ,50, ,
1, ,50, ,
3, ,50, ,
3, ,51, ,
5, ,49, ,
10, ,51, ,
3, ,50, ,
8, ,50, ,
8, ,50, ,
1, ,51, ,
1, ,49, ,
5, ,51, ,
3, ,50, ,
3, ,50, ,
0, ,51, ,
3, ,50, ,
0, ,49, ,
5, ,51, ,
-1, ,50, ,
3, ,50, ,
5, ,50, ,
1, ,50, ,
-2, ,49, ,
6, ,51, ,
1, ,49, ,
3, ,50, ,
5, ,50, ,
4, ,51, ,
4, ,49, ,
4, ,51, ,
0, ,50, ,
3, ,50, ,
3, ,50, ,
0, ,50, ,
-2, ,49, ,
5, ,51, ,
1, ,50, ,
1, ,50, ,
3, ,51, ,
4, ,50, ,
4, ,49, ,
4, ,51, ,
-1, ,50, ,
1, ,50, ,
4, ,50, ,
3, ,50, ,
1, ,49, ,
6, ,51, ,
3, ,49, ,
5, ,50, ,
4, ,51, ,
1, ,50, ,
0, ,49, ,
6, ,51, ,
-2, ,50, ,
3, ,50, ,
4, ,50, ,
0, ,51, ,
-1, ,49, ,
6, ,51, ,
3, ,49, ,
3, ,50, ,
3, ,51, ,
3, ,51, ,
5, ,48, ,
8, ,51, ,
-6, ,50, ,
6, ,50, ,
11, ,50, ,
0, ,50, ,
1, ,50, ,
4, ,51, ,
-1, ,50, ,
4, ,50, ,
0, ,50, ,
1, ,50, ,
1, ,49, ,
6, ,51, ,
-1, ,50, ,
3, ,50, ,
1, ,50, ,
-1, ,51, ,
-4, ,50, ,
3, ,50, ,
-1, ,50, ,
-1, ,50, ,
-2, ,50, ,
0, ,50, ,
-2, ,49, ,
3, ,51, ,
-1, ,50, ,
0, ,50, ,
3, ,50, ,
-1, ,51, ,
-4, ,50, ,
1, ,51, ,
-2, ,50, ,
4, ,50, ,
0, ,50, ,
-1, ,50, ,
1, ,49, ,
1, ,51, ,
-4, ,50, ,
0, ,50, ,
1, ,50, ,
0, ,51, ,
-4, ,49, ,
1, ,51, ,
-1, ,50, ,
-1, ,50, ,
-1, ,51, ,
1, ,50, ,
1, ,49, ,
4, ,51, ,
-5, ,50, ,
-1, ,50, ,
1, ,50, ,
-1, ,51, ,
-2, ,49, ,
4, ,51, ,
0, ,49, ,
-1, ,50, ,
0, ,50, ,
1, ,51, ,
1, ,49, ,
6, ,51, ,
-1, ,50, ,
4, ,50, ,
4, ,50, ,
0, ,50, ,
0, ,49, ,
5, ,51, ,
0, ,49, ,
0, ,50, ,
0, ,51, ,
0, ,50, ,
-2, ,49, ,
0, ,51, ,
-4, ,51, ,
1, ,50, ,
4, ,50, ,
1, ,50, ,
-1, ,50, ,
3, ,51, ,
-2, ,50, ,
-2, ,50, ,
-1, ,50, ,
-2, ,50, ,
3, ,49, ,
3, ,51, ,
0, ,50, ,
5, ,50, ,
1, ,50, ,
-2, ,51, ,
-4, ,49, ,
4, ,51, ,
-2, ,49, ,
-1, ,50, ,
-2, ,51, ,
0, ,51, ,
-1, ,49, ,
3, ,51, ,
-6, ,50, ,
0, ,50, ,
4, ,50, ,
3, ,50, ,
-1, ,49, ,
3, ,51, ,
3, ,50, ,
3, ,50, ,
0, ,50, ,
-5, ,50, ,
-4, ,49, ,
0, ,51, ,
-6, ,50, ,
0, ,50, ,
3, ,50, ,
1, ,51, ,
-1, ,49, ,
3, ,51, ,
1, ,50, ,
0, ,50, ,
-4, ,51, ,
-1, ,51, ,
-1, ,49, ,
3, ,51, ,
-4, ,50, ,
1, ,50, ,
3, ,50, ,
0, ,51, ,
-2, ,50, ,
3, ,51, ,
-4, ,50, ,
0, ,50, ,
0, ,51, ,
1, ,50, ,
1, ,49, ,
4, ,51, ,
-1, ,50, ,
3, ,50, ,
4, ,51, ,
3, ,50, ,
1, ,50, ,
8, ,51, ,
4, ,50, ,
5, ,50, ,
1, ,50, ,
0, ,50, ,
-1, ,49, ,
3, ,51, ,
-2, ,50, ,
5, ,50, ,
5, ,50, ,
4, ,51, ,
3, ,50, ,
8, ,51, ,
4, ,50, ,
3, ,50, ,
0, ,51, ,
0, ,51, ,
-1, ,49, ,
4, ,51, ,
-4, ,50, ,
4, ,50, ,
8, ,50, ,
4, ,51, ,
3, ,50, ,
6, ,51, ,
5, ,50, ,
3, ,50, ,
3, ,51, ,
3, ,50, ,
0, ,49, ,
3, ,51, ,
-2, ,50, ,
0, ,50, ,
3, ,50, ,
0, ,51, ,
-5, ,50, ,
0, ,51, ,
0, ,49, ,
3, ,50, ,
1, ,51, ,
4, ,51, ,
4, ,49, ,
5, ,51, ,
-2, ,50, ,
1, ,50, ,
4, ,50, ,
0, ,51, ,
0, ,49, ,
5, ,51, ,
1, ,49, ,
1, ,50, ,
1, ,51, ,
4, ,50, ,
0, ,49, ,
3, ,51, ,
-2, ,51, ,
1, ,50, ,
6, ,50, ,
4, ,50, ,
3, ,50, ,
4, ,51, ,
5, ,50, ,
4, ,50, ,
0, ,51, ,
3, ,50, ,
8, ,46, ,
9, ,40, ,
3, ,29, ,
5, ,19, ,
-2, ,11, ,
-6, ,3, ,
-7, ,-3, ,
1, ,-8, ,
-4, ,-13, ,
1, ,-18, ,
-1, ,-21, ,
-2, ,-24, ,
0, ,-27, ,
4, ,-29, ,
-4, ,-31, ,
-1, ,-32, ,
1, ,-33, ,
1, ,-36, ,
-1, ,-37, ,
6, ,-38, ,
1, ,-39, ,
0, ,-39, ,
0, ,-40, ,
0, ,-40, ,
0, ,-41, ,
0, ,-41, ,
-5, ,-41, ,
-4, ,-41, ,
-1, ,-42, ,
-5, ,-42, ,
-2, ,-42, ,
1, ,-43, ,
5, ,-43, ,
6, ,-42, ,
3, ,-43, ,
4, ,-43, ,
1, ,-42, ,
5, ,-43, ,
3, ,-43, ,
0, ,-43, ,
4, ,-43, ,
0, ,-43, ,
-2, ,-43, ,
1, ,-43, ,
0, ,-43, ,
1, ,-43, ,
1, ,-43, ,
4, ,-43, ,
8, ,-43, ,
8, ,-43, ,
3, ,-43, ,
5, ,-43, ,
5, ,-43, ,
3, ,-43, ,
-4, ,-43, ,
4, ,-43, ,
0, ,-43, ,
0, ,-42, ,
-1, ,-43, ,
3, ,-43, ,
3, ,-42, ,
5, ,-43, ,
-1, ,-43, ,
1, ,-43, ,
3, ,-43, ,
-2, ,-43, ,
-4, ,-42, ,
3, ,-43, ,
3, ,-43, ,
1, ,-43, ,
1, ,-43, ,
0, ,-43, ,
3, ,-43, ,
4, ,-43, ,
-2, ,-43, ,
3, ,-43, ,
3, ,-43, ,
4, ,-43, ,
-1, ,-42, ,
6, ,-43, ,
4, ,-43, ,
3, ,-42, ,
3, ,-43, ,
3, ,-43, ,
3, ,-42, ,
6, ,-43, ,
-1, ,-43, ,
5, ,-43, ,
4, ,-43, ,
0, ,-43, ,
-4, ,-43, ,
4, ,-43, ,
-7, ,-43, ,
5, ,-42, ,
5, ,-42, ,
4, ,-43, ,
9, ,-42, ,
9, ,-43, ,
0, ,-43, ,
0, ,-42, ,
3, ,-43, ,
-1, ,-42, ,
-6, ,-42, ,
5, ,-43, ,
1, ,-43, ,
1, ,-42, ,
1, ,-42, ,
3, ,-43, ,
0, ,-42, ,
0, ,-43, ,
-5, ,-43, ,
0, ,-42, ,
3, ,-43, ,
0, ,-42, ,
-4, ,-42, ,
3, ,-43, ,
-1, ,-43, ,
0, ,-42, ,
-2, ,-42, ,
-1, ,-42, ,
3, ,-42, ,
1, ,-43, ,
-4, ,-43, ,
1, ,-42, ,
0, ,-43, ,
-1, ,-43, ,
-6, ,-42, ,
0, ,-43, ,
-4, ,-43, ,
-5, ,-42, ,
-4, ,-43, ,
-1, ,-42, ,
-1, ,-42, ,
4, ,-43, ,
-4, ,-43, ,
1, ,-42, ,
3, ,-43, ,
-1, ,-42, ,
-5, ,-42, ,
0, ,-43, ,
-2, ,-43, ,
0, ,-42, ,
1, ,-42, ,
0, ,-43, ,
0, ,-42, ,
1, ,-43, ,
-5, ,-43, ,
0, ,-42, ,
1, ,-43, ,
-2, ,-42, ,
-2, ,-42, ,
3, ,-43, ,
1, ,-43, ,
1, ,-42, ,
-1, ,-42, ,
3, ,-43, ,
1, ,-42, ,
4, ,-43, ,
-1, ,-43, ,
-1, ,-43, ,
5, ,-43, ,
-1, ,-42, ,
-1, ,-42, ,
3, ,-43, ,
0, ,-42, ,
0, ,-42, ,
-1, ,-42, ,
-4, ,-42, ,
0, ,-42, ,
4, ,-43, ,
-2, ,-43, ,
3, ,-42, ,
5, ,-42, ,
3, ,-42, ,
-2, ,-42, ,
3, ,-43, ,
-1, ,-43, ,
-1, ,-42, ,
-1, ,-43, ,
1, ,-42, ,
4, ,-42, ,
5, ,-43, ,
-1, ,-43, ,
1, ,-42, ,
5, ,-42, ,
0, ,-43, ,
-2, ,-42, ,
6, ,-43, ,
3, ,-42, ,
0, ,-42, ,
1, ,-42, ,
0, ,-43, ,
-1, ,-42, ,
0, ,-42, ,
-5, ,-42, ,
0, ,-43, ,
0, ,-43, ,
3, ,-42, ,
0, ,-42, ,
5, ,-43, ,
5, ,-43, ,
0, ,-42, ,
1, ,-42, ,
-2, ,-43, ,
-1, ,-42, ,
1, ,-42, ,
-2, ,-42, ,
3, ,-42, ,
8, ,-42, ,
3, ,-42, ,
-1, ,-42, ,
4, ,-43, ,
-4, ,-42, ,
-1, ,-42, ,
-1, ,-43, ,
1, ,-42, ,
1, ,-42, ,
3, ,-43, ,
-4, ,-42, ,
1, ,-42, ,
3, ,-42, ,
0, ,-43, ,
-1, ,-42, ,
4, ,-43, ,
-1, ,-42, ,
3, ,-42, ,
-6, ,-42, ,
-4, ,-42, ,
-9, ,-42, ,
-10, ,-43, ,
-15, ,-42, ,
-15, ,-43, ,
-7, ,-42, ,
-7, ,-42, ,
-6, ,-42, ,
5, ,-43, ,
3, ,-43, ,
9, ,-42, ,
11, ,-43, ,
11, ,-43, ,
14, ,-42, ,
14, ,-43, ,
6, ,-43, ,
9, ,-42, ,
6, ,-42, ,
4, ,-42, ,
-4, ,-42, ,
4, ,-43, ,
3, ,-42, ,
1, ,-42, ,
-4, ,-43, ,
-2, ,-43, ,
4, ,-42, ,
8, ,-42, ,
-5, ,-43, ,
3, ,-42, ,
8, ,-42, ,
4, ,-42, ,
1, ,-42, ,
1, ,-43, ,
0, ,-42, ,
1, ,-42, ,
0, ,-42, ,
1, ,-43, ,
1, ,-42, ,
5, ,-42, ,
-2, ,-42, ,
0, ,-42, ,
1, ,-42, ,
-1, ,-42, ,
-4, ,-42, ,
3, ,-43, ,
1, ,-43, ,
3, ,-42, ,
0, ,-42, ,
0, ,-43, ,
0, ,-42, ,
3, ,-42, ,
0, ,-43, ,
1, ,-42, ,
5, ,-42, ,
0, ,-42, ,
-1, ,-42, ,
4, ,-43, ,
-2, ,-42, ,
1, ,-42, ,
-2, ,-42, ,
-4, ,-42, ,
0, ,-42, ,
-1, ,-42, ,
-1, ,-42, ,
3, ,-43, ,
5, ,-42, ,
4, ,-42, ,
3, ,-42, ,
6, ,-43, ,
0, ,-43, ,
1, ,-42, ,
-1, ,-42, ,
1, ,-42, ,
3, ,-42, ,
4, ,-42, ,
-2, ,-42, ,
3, ,-42, ,
4, ,-42, ,
4, ,-42, ,
-1, ,-42, ,
5, ,-43, ,
4, ,-42, ,
3, ,-42, ,
4, ,-42, ,
4, ,-43, ,
5, ,-42, ,
6, ,-43, ,
-5, ,-42, ,
4, ,-42, ,
3, ,-43, ,
3, ,-42, ,
0, ,-42, ,
9, ,-43, ,
8, ,-42, ,
4, ,-42, ,
5, ,-43, ,
3, ,-42, ,
0, ,-42, ,
4, ,-42, ,
-4, ,-42, ,
1, ,-42, ,
4, ,-43, ,
-1, ,-42, ,
-1, ,-42, ,
4, ,-43, ,
4, ,-42, ,
4, ,-42, ,
1, ,-42, ,
5, ,-42, ,
5, ,-42, ,
6, ,-42, ,
0, ,-42, ,
3, ,-42, ,
1, ,-42, ,
0, ,-42, ,
0, ,-42, ,
6, ,-43, ,
3, ,-42, ,
4, ,-42, ,
1, ,-42, ,
3, ,-42, ,
0, ,-42, ,
4, ,-42, ,
-1, ,-43, ,
0, ,-42, ,
5, ,-43, ,
-1, ,-42, ,
-5, ,-42, ,
3, ,-43, ,
0, ,-42, ,
4, ,-42, ,
1, ,-42, ,
4, ,-43, ,
5, ,-42, ,
0, ,-43, ,
-6, ,-43, ,
1, ,-42, ,
0, ,-42, ,
-1, ,-42, ,
-4, ,-42, ,
4, ,-43, ,
0, ,-43, ,
1, ,-42, ,
-1, ,-43, ,
-1, ,-42, ,
1, ,-42, ,
3, ,-42, ,
-5, ,-43, ,
3, ,-42, ,
4, ,-42, ,
4, ,-42, ,
1, ,-42, ,
5, ,-43, ,
1, ,-42, ,
3, ,-42, ,
1, ,-42, ,
3, ,-42, ,
3, ,-42, ,
5, ,-42, ,
-1, ,-42, ,
1, ,-42, ,
3, ,-42, ,
-1, ,-42, ,
-2, ,-42, ,
1, ,-43, ,
4, ,-42, ,
5, ,-42, ,
5, ,-42, ,
9, ,-42, ,
6, ,-42, ,
8, ,-43, ,
1, ,-42, ,
1, ,-42, ,
4, ,-42, ,
1, ,-42, ,
-2, ,-42, ,
6, ,-43, ,
3, ,-42, ,
4, ,-42, ,
1, ,-42, ,
0, ,-43, ,
3, ,-42, ,
4, ,-43, ,
0, ,-42, ,
4, ,-42, ,
5, ,-42, ,
3, ,-42, ,
-2, ,-42, ,
4, ,-43, ,
-2, ,-42, ,
-1, ,-42, ,
-1, ,-42, ,
1, ,-42, ,
1, ,-42, ,
5, ,-43, ,
0, ,-43, ,
4, ,-42, ,
1, ,-42, ,
-2, ,-42, ,
-4, ,-42, ,
1, ,-43, ,
-4, ,-42, ,
-1, ,-42, ,
0, ,-42, ,
1, ,-42, ,
3, ,-42, ,
3, ,-43, ,
-5, ,-42, ,
-1, ,-42, ,
1, ,-42, ,
0, ,-42, ,
-4, ,-42, ,
3, ,-43, ,
1, ,-43, ,
0, ,-42, ,
1, ,-42, ,
1, ,-42, ,
1, ,-42, ,
3, ,-43, ,
-1, ,-42, ,
5, ,-42, ,
9, ,-42, ,
-1, ,-42, ,
4, ,-42, ,
10, ,-43, ,
6, ,-42, ,
9, ,-42, ,
5, ,-42, ,
6, ,-43, ,
6, ,-42, ,
10, ,-43, ,
4, ,-42, ,
6, ,-42, ,
10, ,-42, ,
6, ,-42, ,
3, ,-42, ,
6, ,-43, ,
4, ,-43, ,
3, ,-42, ,
3, ,-42, ,
5, ,-43, ,
4, ,-42, ,
8, ,-42, ,
3, ,-43, ,
9, ,-42, ,
10, ,-43, ,
3, ,-42, ,
-1, ,-42, ,
6, ,-43, ,
5, ,-42, ,
4, ,-42, ,
5, ,-42, ,
5, ,-43, ,
9, ,-42, ,
10, ,-42, ,
5, ,-43, ,
8, ,-42, ,
8, ,-42, ,
6, ,-42, ,
0, ,-42, ,
9, ,-43, ,
5, ,-42, ,
3, ,-42, ,
3, ,-42, ,
3, ,-42, ,
3, ,-42, ,
6, ,-43, ,
0, ,-43, ,
8, ,-43, ,
9, ,-43, ,
4, ,-43, ,
5, ,-42, ,
8, ,-43, ,
3, ,-42, ,
4, ,-42, ,
0, ,-42, ,
4, ,-43, ,
3, ,-42, ,
5, ,-43, ,
-2, ,-43, ,
1, ,-42, ,
1, ,-42, ,
-2, ,-42, ,
-2, ,-42, ,
6, ,-43, ,
4, ,-42, ,
3, ,-42, ,
0, ,-42, ,
1, ,-43, ,
0, ,-42, ,
3, ,-42, ,
-6, ,-42, ,
-1, ,-42, ,
1, ,-43, ,
0, ,-42, ,
-4, ,-42, ,
4, ,-43, ,
0, ,-42, ,
1, ,-42, ,
-1, ,-43, ,
-1, ,-43, ,
1, ,-42, ,
5, ,-43, ,
-7, ,-43, ,
1, ,-42, ,
5, ,-43, ,
0, ,-42, ,
-2, ,-42, ,
5, ,-43, ,
0, ,-42, ,
0, ,-42, ,
-2, ,-43, ,
0, ,-43, ,
3, ,-42, ,
1, ,-43, ,
0, ,-43, ,
5, ,-43, ,
8, ,-42, ,
4, ,-42, ,
-2, ,-42, ,
3, ,-43, ,
-4, ,-42, ,
-4, ,-42, ,
-5, ,-42, ,
-4, ,-43, ,
-2, ,-42, ,
-1, ,-43, ,
-11, ,-42, ,
3, ,-42, ,
5, ,-42, ,
3, ,-42, ,
0, ,-42, ,
3, ,-43, ,
-2, ,-42, ,
-4, ,-42, ,
-5, ,-42, ,
-1, ,-43, ,
1, ,-42, ,
1, ,-43, ,
-4, ,-43, ,
-1, ,-43, ,
0, ,-42, ,
-6, ,-42, ,
-11, ,-42, ,
-2, ,-43, ,
-5, ,-43, ,
-5, ,-42, ,
-5, ,-42, ,
-5, ,-42, ,
-2, ,-42, ,
-2, ,-42, ,
-9, ,-43, ,
-1, ,-42, ,
1, ,-42, ,
1, ,-42, ,
-2, ,-42, ,
5, ,-43, ,
-1, ,-42, ,
-2, ,-42, ,
-9, ,-43, ,
-5, ,-43, ,
-5, ,-42, ,
-2, ,-43, ,
-5, ,-43, ,
-2, ,-42, ,
-1, ,-42, ,
-4, ,-42, ,
-10, ,-42, ,
3, ,-43, ,
-1, ,-42, ,
0, ,-42, ,
-1, ,-42, ,
0, ,-42, ,
3, ,-42, ,
3, ,-43, ,
-2, ,-43, ,
0, ,-42, ,
-1, ,-43, ,
0, ,-43, ,
-5, ,-42, ,
1, ,-43, ,
-2, ,-43, ,
-2, ,-42, ,
-5, ,-42, ,
-2, ,-43, ,
0, ,-42, ,
-1, ,-43, ,
-7, ,-43, ,
0, ,-42, ,
4, ,-43, ,
3, ,-42, ,
1, ,-42, ,
5, ,-43, ,
3, ,-42, ,
1, ,-42, ,
0, ,-42, ,
-2, ,-42, ,
-1, ,-42, ,
-2, ,-42, ,
-6, ,-43, ,
-1, ,-42, ,
0, ,-42, ,
-1, ,-43, ,
-4, ,-42, ,
-1, ,-43, ,
0, ,-43, ,
1, ,-42, ,
1, ,-42, ,
5, ,-43, ,
4, ,-42, ,
6, ,-43, ,
0, ,-42, ,
1, ,-42, ,
5, ,-43, ,
0, ,-42, ,
-7, ,-42, ,
3, ,-43, ,
-2, ,-42, ,
4, ,-42, ,
-1, ,-42, ,
5, ,-43, ,
4, ,-42, ,
3, ,-43, ,
-5, ,-42, ,
-1, ,-42, ,
0, ,-43, ,
-4, ,-43, ,
-4, ,-42, ,
5, ,-43, ,
3, ,-42, ,
3, ,-42, ,
3, ,-42, ,
3, ,-43, ,
1, ,-42, ,
3, ,-42, ,
-4, ,-43, ,
0, ,-42, ,
4, ,-42, ,
-2, ,-42, ,
-2, ,-42, ,
4, ,-43, ,
3, ,-43, ,
1, ,-42, ,
3, ,-43, ,
1, ,-42, ,
4, ,-42, ,
4, ,-42, ,
-1, ,-42, ,
5, ,-42, ,
5, ,-42, ,
3, ,-42, ,
-4, ,-42, ,
4, ,-43, ,
3, ,-43, ,
1, ,-42, ,
3, ,-43, ,
8, ,-43, ,
4, ,-42, ,
6, ,-43, ,
0, ,-43, ,
3, ,-42, ,
3, ,-42, ,
-1, ,-42, ,
-2, ,-42, ,
6, ,-43, ,
5, ,-42, ,
5, ,-42, ,
5, ,-42, ,
6, ,-43, ,
5, ,-42, ,
6, ,-43, ,
0, ,-43, ,
3, ,-42, ,
4, ,-42, ,
1, ,-42, ,
4, ,-42, ,
9, ,-43, ,
5, ,-43, ,
4, ,-42, ,
4, ,-42, ,
9, ,-43, ,
0, ,-42, ,
4, ,-43, ,
4, ,-43, ,
4, ,-42, ,
9, ,-42, ,
4, ,-42, ,
-2, ,-42, ,
4, ,-43, ,
0, ,-42, ,
1, ,-42, ,
3, ,-42, ,
4, ,-42, ,
10, ,-42, ,
9, ,-43, ,
3, ,-43, ,
5, ,-42, ,
5, ,-43, ,
1, ,-42, ,
-2, ,-42, ,
3, ,-43, ,
1, ,-42, ,
1, ,-42, ,
1, ,-42, ,
1, ,-43, ,
3, ,-42, ,
5, ,-43, ,
-1, ,-42, ,
1, ,-42, ,
8, ,-43, ,
4, ,-42, ,
-1, ,-42, ,
9, ,-43, ,
6, ,-42, ,
3, ,-42, ,
4, ,-42, ,
3, ,-43, ,
4, ,-42, ,
6, ,-43, ,
-2, ,-43, ,
3, ,-42, ,
4, ,-42, ,
1, ,-42, ,
-2, ,-42, ,
5, ,-43, ,
4, ,-43, ,
6, ,-42, ,
1, ,-42, ,
3, ,-43, ,
4, ,-42, ,
5, ,-42, ,
3, ,-42, ,
5, ,-42, ,
8, ,-43, ,
3, ,-42, ,
-2, ,-42, ,
5, ,-43, ,
0, ,-43, ,
1, ,-42, ,
1, ,-42, ,
0, ,-43, ,
1, ,-42, ,
6, ,-43, ,
0, ,-42, ,
3, ,-42, ,
3, ,-43, ,
3, ,-42, ,
0, ,-42, ,
5, ,-43, ,
4, ,-42, ,
5, ,-42, ,
4, ,-42, ,
3, ,-43, ,
3, ,-42, ,
4, ,-41, ,
-7, ,-33, ,
1, ,-23, ,
9, ,-13, ,
6, ,-4, ,
6, ,3, ,
11, ,10, ,
8, ,16, ,
4, ,20, ,
0, ,25, ,
1, ,28, ,
6, ,31, ,
8, ,34, ,
3, ,37, ,
10, ,38, ,
10, ,40, ,
5, ,41, ,
1, ,42, ,
4, ,45, ,
1, ,46, ,
0, ,46, ,
0, ,47, ,
3, ,48, ,
1, ,47, ,
5, ,49, ,
0, ,49, ,
3, ,49, ,
5, ,50, ,
0, ,50, ,
-2, ,49, ,
1, ,51, ,
0, ,50, ,
0, ,50, ,
-1, ,51, ,
1, ,51, ,
0, ,49, ,
0, ,51, ,
-5, ,51, ,
-1, ,50, ,
1, ,51, ,
0, ,51, ,
-4, ,50, ,
3, ,52, ,
-2, ,50, ,
-1, ,51, ,
1, ,51, ,
0, ,51, ,
-1, ,50, ,
3, ,52, ,
-5, ,51, ,
-2, ,51, ,
1, ,51, ,
-1, ,51, ,
-2, ,50, ,
0, ,52, ,
1, ,50, ,
-2, ,51, ,
-2, ,51, ,
3, ,51, ,
1, ,50, ,
3, ,52, ,
0, ,51, ,
3, ,51, ,
3, ,51, ,
0, ,51, ,
0, ,49, ,
4, ,51, ,
-4, ,50, ,
-4, ,51, ,
-5, ,51, ,
-4, ,51, ,
-2, ,50, ,
1, ,52, ,
-2, ,51, ,
3, ,50, ,
5, ,51, ,
1, ,51, ,
-1, ,50, ,
3, ,51, ,
-1, ,50, ,
3, ,51, ,
-1, ,51, ,
0, ,51, ,
-2, ,49, ,
-2, ,51, ,
-6, ,50, ,
-5, ,50, ,
-2, ,51, ,
-2, ,51, ,
-1, ,50, ,
4, ,51, ,
3, ,50, ,
1, ,50, ,
-2, ,51, ,
-2, ,50, ,
-6, ,49, ,
1, ,51, ,
0, ,50, ,
1, ,50, ,
4, ,50, ,
1, ,51, ,
-4, ,49, ,
4, ,51, ,
-4, ,50, ,
0, ,50, ,
-2, ,51, ,
-1, ,51, ,
-1, ,49, ,
3, ,51, ,
-2, ,50, ,
1, ,50, ,
3, ,50, ,
0, ,51, ,
-6, ,49, ,
3, ,51, ,
0, ,50, ,
4, ,50, ,
3, ,51, ,
1, ,50, ,
4, ,49, ,
1, ,51, ,
-4, ,50, ,
0, ,50, ,
1, ,50, ,
-1, ,51, ,
-4, ,49, ,
6, ,51, ,
1, ,50, ,
3, ,50, ,
3, ,51, ,
3, ,51, ,
-1, ,49, ,
0, ,51, ,
-2, ,50, ,
4, ,50, ,
4, ,50, ,
3, ,51, ,
1, ,49, ,
5, ,51, ,
5, ,50, ,
3, ,50, ,
3, ,51, ,
1, ,51, ,
0, ,49, ,
4, ,51, ,
-2, ,50, ,
5, ,50, ,
4, ,50, ,
-2, ,50, ,
-1, ,49, ,
8, ,51, ,
0, ,50, ,
5, ,50, ,
3, ,51, ,
3, ,51, ,
1, ,49, ,
4, ,50, ,
-1, ,50, ,
1, ,50, ,
4, ,50, ,
0, ,51, ,
-1, ,50, ,
5, ,51, ,
1, ,49, ,
6, ,50, ,
5, ,51, ,
4, ,50, ,
1, ,49, ,
6, ,51, ,
-2, ,50, ,
1, ,50, ,
0, ,50, ,
-1, ,51, ,
-5, ,49, ,
3, ,51, ,
1, ,50, ,
6, ,50, ,
5, ,51, ,
3, ,50, ,
4, ,49, ,
6, ,51, ,
0, ,50, ,
4, ,50, ,
3, ,50, ,
1, ,51, ,
-2, ,50, ,
4, ,51, ,
-2, ,50, ,
-2, ,50, ,
-2, ,50, ,
3, ,50, ,
4, ,49, ,
6, ,51, ,
0, ,50, ,
4, ,50, ,
5, ,50, ,
1, ,51, ,
-2, ,50, ,
4, ,51, ,
3, ,49, ,
6, ,50, ,
5, ,51, ,
4, ,50, ,
3, ,49, ,
5, ,51, ,
-2, ,50, ,
4, ,50, ,
3, ,50, ,
1, ,50, ,
1, ,50, ,
4, ,51, ,
6, ,50, ,
8, ,50, ,
4, ,51, ,
5, ,50, ,
1, ,49, ,
6, ,51, ,
3, ,50, ,
3, ,50, ,
5, ,50, ,
4, ,51, ,
1, ,49, ,
6, ,51, ,
1, ,50, ,
3, ,50, ,
3, ,51, ,
3, ,51, ,
4, ,49, ,
3, ,51, ,
-4, ,50, ,
4, ,50, ,
3, ,50, ,
1, ,51, ,
0, ,49, ,
5, ,51, ,
4, ,50, ,
4, ,50, ,
3, ,51, ,
5, ,50, ,
4, ,49, ,
5, ,51, ,
0, ,50, ,
4, ,50, ,
1, ,50, ,
0, ,51, ,
-2, ,49, ,
3, ,51, ,
3, ,49, ,
3, ,50, ,
1, ,51, ,
1, ,51, ,
4, ,49, ,
1, ,51, ,
-4, ,51, ,
0, ,50, ,
3, ,50, ,
1, ,51, ,
-1, ,49, ,
3, ,51, ,
1, ,50, ,
-1, ,50, ,
-1, ,51, ,
3, ,50, ,
3, ,49, ,
3, ,51, ,
-4, ,50, ,
1, ,50, ,
4, ,50, ,
4, ,51, ,
-1, ,49, ,
3, ,51, ,
-2, ,49, ,
0, ,50, ,
-2, ,51, ,
1, ,50, ,
1, ,49, ,
3, ,51, ,
-6, ,50, ,
-2, ,50, ,
-1, ,50, ,
-2, ,51, ,
-4, ,49, ,
5, ,51, ,
5, ,50, ,
6, ,50, ,
1, ,51, ,
3, ,51, ,
4, ,49, ,
6, ,51, ,
-6, ,50, ,
-2, ,50, ,
-1, ,50, ,
-2, ,51, ,
-5, ,49, ,
5, ,51, ,
-1, ,50, ,
3, ,50, ,
1, ,51, ,
1, ,51, ,
5, ,49, ,
8, ,51, ,
4, ,50, ,
6, ,50, ,
4, ,50, ,
1, ,51, ,
-2, ,49, ,
3, ,51, ,
0, ,50, ,
-1, ,50, ,
-2, ,50, ,
-1, ,50, ,
0, ,49, ,
3, ,51, ,
-2, ,50, ,
1, ,50, ,
4, ,50, ,
1, ,51, ,
0, ,49, ,
1, ,51, ,
-1, ,50, ,
0, ,50, ,
-1, ,51, ,
-1, ,50, ,
0, ,49, ,
1, ,51, ,
-5, ,50, ,
1, ,50, ,
1, ,50, ,
-1, ,50, ,
-4, ,49, ,
-1, ,51, ,
0, ,50, ,
0, ,50, ,
-4, ,50, ,
-1, ,50, ,
-4, ,49, ,
3, ,51, ,
0, ,50, ,
3, ,50, ,
5, ,50, ,
1, ,50, ,
-1, ,49, ,
5, ,51, ,
0, ,50, ,
-1, ,50, ,
-2, ,51, ,
-2, ,51, ,
-1, ,49, ,
-1, ,51, ,
-4, ,50, ,
1, ,50, ,
3, ,51, ,
4, ,51, ,
0, ,49, ,
5, ,51, ,
0, ,49, ,
1, ,50, ,
0, ,50, ,
0, ,50, ,
0, ,49, ,
6, ,51, ,
-1, ,50, ,
5, ,50, ,
4, ,50, ,
3, ,51, ,
-2, ,49, ,
3, ,51, ,
-1, ,49, ,
0, ,50, ,
1, ,51, ,
0, ,50, ,
3, ,49, ,
3, ,51, ,
-2, ,50, ,
4, ,50, ,
3, ,50, ,
3, ,51, ,
3, ,49, ,
6, ,51, ,
3, ,49, ,
-2, ,50, ,
3, ,51, ,
5, ,50, ,
-4, ,49, ,
4, ,51, ,
-2, ,50, ,
1, ,50, ,
5, ,50, ,
3, ,51, ,
1, ,49, ,
5, ,51, ,
1, ,50, ,
5, ,50, ,
-5, ,51, ,
-1, ,50, ,
-2, ,50, ,
1, ,50, ,
-4, ,50, ,
1, ,50, ,
5, ,50, ,
3, ,51, ,
1, ,50, ,
5, ,51, ,
3, ,50, ,
1, ,50, ,
3, ,50, ,
5, ,51, ,
3, ,49, ,
6, ,51, ,
-1, ,50, ,
0, ,50, ,
8, ,50, ,
-1, ,51, ,
-4, ,49, ,
3, ,51, ,
-1, ,50, ,
6, ,50, ,
3, ,51, ,
3, ,51, ,
4, ,49, ,
4, ,51, ,
-1, ,50, ,
1, ,50, ,
4, ,50, ,
4, ,51, ,
1, ,49, ,
6, ,51, ,
3, ,49, ,
1, ,50, ,
0, ,50, ,
1, ,50, ,
3, ,49, ,
6, ,51, ,
-2, ,50, ,
6, ,50, ,
8, ,50, ,
4, ,51, ,
-1, ,49, ,
4, ,51, ,
1, ,50, ,
4, ,50, ,
3, ,51, ,
4, ,50, ,
4, ,49, ,
6, ,51, ,
-1, ,50, ,
4, ,50, ,
3, ,50, ,
0, ,51, ,
-1, ,49, ,
4, ,51, ,
3, ,49, ,
5, ,50, ,
4, ,51, ,
6, ,50, ,
5, ,49, ,
6, ,51, ,
1, ,50, ,
5, ,50, ,
6, ,50, ,
3, ,51, ,
1, ,49, ,
6, ,51, ,
3, ,49, ,
5, ,50, ,
1, ,51, ,
3, ,50, ,
3, ,49, ,
3, ,51, ,
-5, ,50, ,
1, ,50, ,
1, ,50, ,
-1, ,51, ,
-4, ,49, ,
6, ,51, ,
4, ,50, ,
4, ,50, ,
1, ,51, ,
3, ,51, ,
1, ,49, ,
5, ,51, ,
-2, ,50, ,
3, ,50, ,
3, ,50, ,
1, ,50, ,
-5, ,49, ,
3, ,51, ,
-1, ,49, ,
-1, ,50, ,
1, ,51, ,
4, ,50, ,
5, ,49, ,
6, ,51, ,
-2, ,50, ,
1, ,50, ,
1, ,50, ,
0, ,50, ,
-2, ,49, ,
5, ,51, ,
3, ,49, ,
3, ,50, ,
0, ,51, ,
3, ,51, ,
0, ,49, ,
4, ,51, ,
-1, ,50, ,
1, ,50, ,
3, ,50, ,
3, ,50, ,
1, ,49, ,
4, ,51, ,
1, ,50, ,
3, ,50, ,
0, ,51, ,
1, ,51, ,
3, ,49, ,
4, ,51, ,
-2, ,50, ,
0, ,50, ,
3, ,50, ,
1, ,51, ,
-2, ,49, ,
4, ,51, ,
3, ,49, ,
5, ,50, ,
3, ,50, ,
4, ,50, ,
3, ,49, ,
5, ,51, ,
-1, ,50, ,
1, ,50, ,
3, ,50, ,
-2, ,50, ,
-5, ,49, ,
3, ,51, ,
-1, ,49, ,
3, ,50, ,
3, ,51, ,
1, ,51, ,
3, ,49, ,
1, ,51, ,
-2, ,50, ,
0, ,50, ,
-1, ,50, ,
-1, ,51, ,
-5, ,50, ,
0, ,51, ,
-1, ,50, ,
0, ,50, ,
-2, ,51, ,
0, ,51, ,
-1, ,49, ,
3, ,51, ,
-2, ,50, ,
0, ,50, ,
0, ,50, ,
-1, ,51, ,
-4, ,49, ,
3, ,51, ,
3, ,50, ,
1, ,50, ,
3, ,50, ,
1, ,50, ,
0, ,49, ,
1, ,51, ,
-5, ,50, ,
1, ,50, ,
1, ,50, ,
-2, ,51, ,
-2, ,50, ,
-1, ,51, ,
-4, ,49, ,
-2, ,50, ,
-5, ,51, ,
-1, ,51, ,
0, ,49, ,
5, ,51, ,
0, ,50, ,
1, ,50, ,
4, ,50, ,
-1, ,51, ,
-1, ,49, ,
3, ,51, ,
-4, ,49, ,
0, ,50, ,
0, ,50, ,
-1, ,50, ,
0, ,49, ,
3, ,51, ,
-4, ,50, ,
-1, ,50, ,
3, ,50, ,
3, ,51, ,
-1, ,49, ,
6, ,51, ,
4, ,50, ,
3, ,50, ,
0, ,51, ,
0, ,51, ,
0, ,49, ,
4, ,51, ,
0, ,50, ,
5, ,50, ,
4, ,50, ,
0, ,51, ,
-4, ,49, ,
3, ,51, ,
-4, ,49, ,
-4, ,50, ,
-4, ,51, ,
-1, ,51, ,
1, ,49, ,
6, ,51, ,
-2, ,50, ,
5, ,50, ,
6, ,50, ,
3, ,51, ,
-1, ,49, ,
4, ,51, ,
0, ,49, ,
0, ,50, ,
0, ,50, ,
1, ,50, ,
-2, ,49, ,
4, ,51, ,
-1, ,50, ,
-1, ,50, ,
6, ,50, ,
1, ,51, ,
0, ,49, ,
3, ,51, ,
1, ,49, ,
0, ,50, ,
-2, ,51, ,
-1, ,50, ,
-4, ,49, ,
1, ,50, ,
-5, ,50, ,
1, ,50, ,
4, ,50, ,
1, ,51, ,
0, ,49, ,
6, ,51, ,
0, ,50, ,
3, ,50, ,
-1, ,51, ,
0, ,50, ,
-2, ,49, ,
1, ,51, ,
-1, ,50, ,
0, ,50, ,
5, ,50, ,
3, ,51, ,
-4, ,49, ,
5, ,51, ,
3, ,49, ,
3, ,50, ,
1, ,51, ,
0, ,50, ,
3, ,49, ,
6, ,51, ,
3, ,50, ,
6, ,50, ,
5, ,50, ,
4, ,51, ,
1, ,49, ,
5, ,51, ,
4, ,49, ,
3, ,50, ,
4, ,50, ,
4, ,51, ,
3, ,49, ,
5, ,51, ,
-2, ,50, ,
3, ,50, ,
6, ,50, ,
4, ,51, ,
0, ,49, ,
9, ,51, ,
4, ,50, ,
5, ,50, ,
3, ,50, ,
1, ,50, ,
1, ,49, ,
5, ,51, ,
0, ,50, ,
4, ,50, ,
6, ,50, ,
3, ,50, ,
3, ,49, ,
6, ,51, ,
1, ,50, ,
0, ,50, ,
-1, ,51, ,
1, ,50, ,
4, ,49, ,
10, ,51, ,
3, ,50, ,
5, ,50, ,
10, ,50, ,
3, ,51, ,
-1, ,49, ,
6, ,51, ,
-1, ,49, ,
3, ,50, ,
1, ,51, ,
3, ,50, ,
1, ,49, ,
3, ,51, ,
-1, ,50, ,
1, ,50, ,
3, ,50, ,
0, ,50, ,
-1, ,50, ,
6, ,51, ,
5, ,50, ,
5, ,50, ,
4, ,51, ,
3, ,51, ,
5, ,48, ,
6, ,51, ,
3, ,50, ,
5, ,50, ,
4, ,50, ,
3, ,51, ,
0, ,50, ,
4, ,51, ,
-1, ,50, ,
0, ,50, ,
3, ,50, ,
1, ,50, ,
4, ,49, ,
6, ,51, ,
-2, ,51, ,
5, ,50, ,
6, ,50, ,
3, ,51, ,
0, ,50, ,
8, ,51, ,
5, ,49, ,
3, ,50, ,
4, ,51, ,
3, ,50, ,
4, ,49, ,
6, ,50, ,
0, ,51, ,
4, ,50, ,
6, ,50, ,
4, ,51, ,
1, ,49, ,
8, ,51, ,
5, ,50, ,
5, ,50, ,
3, ,50, ,
3, ,50, ,
3, ,49, ,
5, ,51, ,
0, ,50, ,
3, ,50, ,
4, ,50, ,
4, ,51, ,
1, ,50, ,
8, ,51, ,
4, ,49, ,
4, ,50, ,
1, ,51, ,
3, ,51, ,
0, ,49, ,
0, ,51, ,
-2, ,50, ,
0, ,50, ,
4, ,50, ,
1, ,50, ,
-4, ,49, ,
4, ,51, ,
1, ,50, ,
5, ,50, ,
3, ,51, ,
1, ,51, ,
6, ,49, ,
1, ,51, ,
-2, ,50, ,
10, ,44, ,
1, ,35, ,
-2, ,25, ,
-9, ,15, ,
-2, ,7, ,
-9, ,0, ,
-6, ,-5, ,
-2, ,-10, ,
-2, ,-16, ,
-1, ,-20, ,
0, ,-23, ,
-10, ,-25, ,
-5, ,-27, ,
-4, ,-30, ,
-5, ,-32, ,
-7, ,-33, ,
0, ,-35, ,
-4, ,-36, ,
1, ,-37, ,
0, ,-38, ,
-2, ,-39, ,
-6, ,-40, ,
-2, ,-40, ,
-5, ,-41, ,
3, ,-41, ,
5, ,-41, ,
1, ,-42, ,
-4, ,-41, ,
1, ,-42, ,
-1, ,-42, ,
-1, ,-42, ,
0, ,-43, ,
4, ,-43, ,
4, ,-42, ,
9, ,-43, ,
1, ,-43, ,
0, ,-43, ,
3, ,-43, ,
-4, ,-43, ,
-5, ,-43, ,
3, ,-44, ,
-2, ,-43, ,
1, ,-43, ,
-1, ,-43, ,
-1, ,-43, ,
1, ,-43, ,
0, ,-43, ,
-2, ,-43, ,
3, ,-43, ,
4, ,-43, ,
3, ,-43, ,
-2, ,-43, ,
10, ,-43, ,
5, ,-43, ,
-4, ,-43, ,
1, ,-43, ,
3, ,-43, ,
4, ,-43, ,
3, ,-43, ,
-4, ,-43, ,
-1, ,-43, ,
1, ,-43, ,
-4, ,-43, ,
-9, ,-42, ,
1, ,-43, ,
-1, ,-43, ,
0, ,-43, ,
-2, ,-43, ,
3, ,-43, ,
3, ,-43, ,
5, ,-43, ,
-2, ,-43, ,
1, ,-43, ,
4, ,-43, ,
1, ,-43, ,
-2, ,-43, ,
1, ,-43, ,
0, ,-43, ,
-2, ,-42, ,
-5, ,-43, ,
-1, ,-43, ,
-1, ,-42, ,
5, ,-43, ,
-2, ,-43, ,
4, ,-43, ,
8, ,-42, ,
0, ,-43, ,
-7, ,-42, ,
-2, ,-43, ,
-4, ,-43, ,
-2, ,-42, ,
-2, ,-43, ,
1, ,-43, ,
0, ,-42, ,
0, ,-43, ,
-4, ,-43, ,
3, ,-42, ,
1, ,-43, ,
0, ,-42, ,
-2, ,-42, ,
1, ,-43, ,
0, ,-43, ,
3, ,-42, ,
-1, ,-42, ,
1, ,-43, ,
1, ,-42, ,
3, ,-43, ,
-4, ,-43, ,
-1, ,-42, ,
5, ,-43, ,
0, ,-42, ,
-5, ,-42, ,
5, ,-43, ,
1, ,-43, ,
-1, ,-42, ,
-1, ,-42, ,
-2, ,-43, ,
-1, ,-42, ,
1, ,-43, ,
0, ,-43, ,
5, ,-43, ,
3, ,-42, ,
1, ,-43, ,
-2, ,-42, ,
4, ,-43, ,
-1, ,-43, ,
0, ,-42, ,
-1, ,-42, ,
3, ,-43, ,
1, ,-42, ,
6, ,-42, ,
-1, ,-43, ,
3, ,-43, ,
5, ,-42, ,
1, ,-43, ,
-2, ,-42, ,
1, ,-43, ,
0, ,-42, ,
3, ,-42, ,
3, ,-42, ,
0, ,-43, ,
3, ,-42, ,
4, ,-43, ,
-2, ,-42, ,
3, ,-43, ,
5, ,-43, ,
0, ,-43, ,
-1, ,-42, ,
4, ,-43, ,
3, ,-43, ,
3, ,-42, ,
-5, ,-42, ,
-1, ,-43, ,
0, ,-42, ,
0, ,-43, ,
-4, ,-43, ,
4, ,-42, ,
8, ,-43, ,
5, ,-42, ,
3, ,-42, ,
5, ,-43, ,
0, ,-43, ,
-1, ,-42, ,
-1, ,-42, ,
-4, ,-43, ,
0, ,-42, ,
0, ,-43, ,
-2, ,-42, ,
1, ,-42, ,
3, ,-43, ,
1, ,-42, ,
-1, ,-42, ,
4, ,-43, ,
3, ,-43, ,
4, ,-42, ,
4, ,-43, ,
4, ,-43, ,
5, ,-42, ,
8, ,-43, ,
0, ,-42, ,
3, ,-42, ,
6, ,-42, ,
3, ,-43, ,
-2, ,-42, ,
5, ,-43, ,
3, ,-43, ,
3, ,-42, ,
3, ,-42, ,
3, ,-43, ,
6, ,-42, ,
5, ,-43, ,
-2, ,-42, ,
4, ,-43, ,
5, ,-42, ,
4, ,-42, ,
3, ,-42, ,
6, ,-43, ,
6, ,-42, ,
3, ,-42, ,
0, ,-42, ,
3, ,-42, ,
6, ,-43, ,
5, ,-42, ,
-4, ,-42, ,
5, ,-42, ,
13, ,-42, ,
3, ,-42, ,
3, ,-42, ,
6, ,-43, ,
3, ,-43, ,
1, ,-42, ,
3, ,-42, ,
4, ,-43, ,
4, ,-42, ,
6, ,-42, ,
1, ,-43, ,
4, ,-42, ,
4, ,-43, ,
4, ,-42, ,
1, ,-42, ,
4, ,-43, ,
4, ,-42, ,
5, ,-42, ,
-1, ,-42, ,
4, ,-43, ,
3, ,-42, ,
0, ,-42, ,
-2, ,-43, ,
0, ,-42, ,
4, ,-43, ,
4, ,-42, ,
0, ,-42, ,
8, ,-43, ,
0, ,-42, ,
3, ,-42, ,
1, ,-42, ,
0, ,-43, ,
3, ,-42, ,
4, ,-43, ,
1, ,-42, ,
3, ,-42, ,
6, ,-43, ,
3, ,-43, ,
0, ,-42, ,
5, ,-43, ,
0, ,-43, ,
1, ,-42, ,
1, ,-42, ,
4, ,-42, ,
1, ,-42, ,
5, ,-42, ,
-2, ,-42, ,
1, ,-42, ,
4, ,-42, ,
0, ,-42, ,
-1, ,-42, ,
5, ,-43, ,
1, ,-42, ,
3, ,-42, ,
3, ,-42, ,
3, ,-42, ,
3, ,-42, ,
4, ,-42, ,
-1, ,-43, ,
3, ,-42, ,
4, ,-43, ,
0, ,-42, ,
-1, ,-42, ,
5, ,-43, ,
4, ,-42, ,
4, ,-42, ,
3, ,-42, ,
4, ,-42, ,
1, ,-42, ,
4, ,-43, ,
-1, ,-42, ,
3, ,-42, ,
9, ,-43, ,
5, ,-42, ,
3, ,-42, ,
8, ,-43, ,
3, ,-42, ,
5, ,-42, ,
1, ,-42, ,
0, ,-43, ,
1, ,-42, ,
3, ,-43, ,
-4, ,-43, ,
3, ,-42, ,
4, ,-42, ,
0, ,-42, ,
-2, ,-41, ,
5, ,-43, ,
3, ,-42, ,
3, ,-42, ,
4, ,-42, ,
3, ,-43, ,
5, ,-42, ,
6, ,-43, ,
-4, ,-43, ,
-1, ,-42, ,
0, ,-43, ,
-4, ,-42, ,
-9, ,-42, ,
1, ,-43, ,
1, ,-42, ,
3, ,-42, ,
3, ,-42, ,
0, ,-43, ,
3, ,-42, ,
1, ,-43, ,
-5, ,-43, ,
0, ,-43, ,
1, ,-42, ,
3, ,-43, ,
-1, ,-42, ,
4, ,-43, ,
3, ,-42, ,
0, ,-42, ,
0, ,-42, ,
1, ,-43, ,
-1, ,-42, ,
4, ,-43, ,
-2, ,-43, ,
0, ,-42, ,
4, ,-43, ,
-2, ,-42, ,
-6, ,-42, ,
1, ,-43, ,
0, ,-42, ,
-1, ,-42, ,
0, ,-42, ,
1, ,-43, ,
3, ,-42, ,
4, ,-42, ,
-1, ,-43, ,
0, ,-42, ,
1, ,-42, ,
-1, ,-42, ,
-1, ,-42, ,
4, ,-43, ,
0, ,-43, ,
3, ,-42, ,
3, ,-42, ,
4, ,-43, ,
4, ,-42, ,
5, ,-43, ,
-1, ,-43, ,
0, ,-42, ,
3, ,-42, ,
0, ,-42, ,
-6, ,-42, ,
5, ,-43, ,
1, ,-42, ,
4, ,-42, ,
1, ,-42, ,
1, ,-43, ,
3, ,-42, ,
3, ,-43, ,
-4, ,-43, ,
1, ,-42, ,
1, ,-42, ,
1, ,-42, ,
-1, ,-42, ,
5, ,-43, ,
1, ,-42, ,
0, ,-42, ,
-1, ,-42, ,
-1, ,-42, ,
0, ,-42, ,
0, ,-43, ,
-5, ,-43, ,
1, ,-42, ,
4, ,-42, ,
0, ,-42, ,
-4, ,-42, ,
-1, ,-43, ,
-1, ,-42, ,
-1, ,-42, ,
0, ,-42, ,
0, ,-42, ,
1, ,-42, ,
4, ,-42, ,
-1, ,-42, ,
3, ,-42, ,
1, ,-42, ,
-5, ,-43, ,
-6, ,-42, ,
0, ,-43, ,
0, ,-43, ,
-2, ,-42, ,
-1, ,-42, ,
-1, ,-43, ,
0, ,-42, ,
3, ,-43, ,
-4, ,-42, ,
0, ,-42, ,
6, ,-42, ,
1, ,-42, ,
0, ,-42, ,
6, ,-43, ,
-1, ,-42, ,
0, ,-42, ,
-1, ,-42, ,
-1, ,-42, ,
-2, ,-42, ,
-1, ,-42, ,
-5, ,-42, ,
3, ,-42, ,
1, ,-42, ,
3, ,-42, ,
-2, ,-42, ,
4, ,-43, ,
-1, ,-42, ,
0, ,-42, ,
-1, ,-42, ,
3, ,-42, ,
3, ,-42, ,
6, ,-42, ,
-2, ,-42, ,
1, ,-42, ,
4, ,-42, ,
0, ,-42, ,
-5, ,-42, ,
3, ,-43, ,
1, ,-42, ,
-1, ,-42, ,
3, ,-43, ,
0, ,-43, ,
4, ,-42, ,
6, ,-43, ,
-2, ,-42, ,
4, ,-42, ,
6, ,-42, ,
3, ,-42, ,
0, ,-42, ,
8, ,-43, ,
4, ,-43, ,
4, ,-42, ,
3, ,-42, ,
3, ,-42, ,
-1, ,-42, ,
-4, ,-42, ,
-11, ,-42, ,
-11, ,-42, ,
-7, ,-43, ,
-11, ,-42, ,
-12, ,-42, ,
-4, ,-43, ,
-1, ,-42, ,
-1, ,-42, ,
-1, ,-42, ,
6, ,-43, ,
10, ,-42, ,
13, ,-42, ,
10, ,-42, ,
13, ,-42, ,
11, ,-42, ,
6, ,-42, ,
-2, ,-42, ,
3, ,-43, ,
0, ,-43, ,
1, ,-42, ,
-2, ,-42, ,
0, ,-43, ,
-1, ,-42, ,
-1, ,-42, ,
-4, ,-42, ,
-1, ,-42, ,
5, ,-42, ,
-1, ,-42, ,
-5, ,-42, ,
-1, ,-43, ,
-4, ,-42, ,
-1, ,-42, ,
-1, ,-42, ,
-2, ,-42, ,
0, ,-42, ,
3, ,-42, ,
0, ,-42, ,
1, ,-42, ,
3, ,-42, ,
3, ,-42, ,
0, ,-42, ,
5, ,-43, ,
1, ,-42, ,
-1, ,-42, ,
-1, ,-42, ,
-1, ,-43, ,
-4, ,-42, ,
4, ,-43, ,
0, ,-42, ,
4, ,-42, ,
8, ,-42, ,
4, ,-42, ,
0, ,-42, ,
5, ,-43, ,
0, ,-42, ,
0, ,-42, ,
0, ,-42, ,
0, ,-43, ,
1, ,-42, ,
3, ,-43, ,
-1, ,-43, ,
5, ,-42, ,
5, ,-42, ,
0, ,-42, ,
-1, ,-42, ,
4, ,-43, ,
1, ,-42, ,
-6, ,-42, ,
-4, ,-42, ,
8, ,-42, ,
0, ,-42, ,
1, ,-43, ,
-1, ,-42, ,
1, ,-42, ,
9, ,-43, ,
4, ,-42, ,
3, ,-42, ,
5, ,-43, ,
4, ,-42, ,
3, ,-43, ,
0, ,-42, ,
1, ,-43, ,
0, ,-42, ,
-2, ,-43, ,
-9, ,-43, ,
-2, ,-42, ,
1, ,-43, ,
3, ,-42, ,
1, ,-42, ,
10, ,-43, ,
8, ,-42, ,
5, ,-42, ,
4, ,-42, ,
5, ,-43, ,
4, ,-42, ,
8, ,-42, ,
-2, ,-43, ,
-2, ,-42, ,
5, ,-42, ,
0, ,-42, ,
-4, ,-42, ,
4, ,-43, ,
-1, ,-42, ,
3, ,-42, ,
3, ,-42, ,
3, ,-42, ,
5, ,-43, ,
8, ,-43, ,
0, ,-43, ,
4, ,-42, ,
4, ,-43, ,
3, ,-42, ,
-2, ,-42, ,
5, ,-43, ,
5, ,-42, ,
6, ,-42, ,
5, ,-43, ,
4, ,-43, ,
3, ,-42, ,
4, ,-43, ,
-4, ,-43, ,
-1, ,-42, ,
5, ,-43, ,
3, ,-42, ,
-1, ,-42, ,
4, ,-42, ,
3, ,-42, ,
3, ,-42, ,
1, ,-42, ,
4, ,-43, ,
4, ,-42, ,
6, ,-43, ,
-1, ,-43, ,
3, ,-42, ,
6, ,-43, ,
1, ,-42, ,
0, ,-42, ,
6, ,-43, ,
-1, ,-42, ,
4, ,-42, ,
1, ,-42, ,
1, ,-42, ,
4, ,-42, ,
5, ,-42, ,
0, ,-42, ,
5, ,-42, ,
8, ,-43, ,
1, ,-42, ,
-2, ,-42, ,
4, ,-43, ,
1, ,-42, ,
4, ,-42, ,
5, ,-42, ,
4, ,-43, ,
5, ,-42, ,
4, ,-43, ,
-1, ,-43, ,
1, ,-42, ,
0, ,-43, ,
0, ,-42, ,
-4, ,-42, ,
6, ,-43, ,
4, ,-43, ,
3, ,-42, ,
3, ,-42, ,
4, ,-42, ,
3, ,-42, ,
0, ,-43, ,
-5, ,-42, ,
-1, ,-42, ,
0, ,-42, ,
-1, ,-42, ,
-2, ,-42, ,
4, ,-43, ,
0, ,-42, ,
-1, ,-42, ,
0, ,-42, ,
4, ,-43, ,
3, ,-42, ,
3, ,-43, ,
-4, ,-43, ,
0, ,-42, ,
5, ,-43, ,
-1, ,-42, ,
-1, ,-42, ,
1, ,-43, ,
0, ,-43, ,
0, ,-42, ,
-2, ,-43, ,
1, ,-43, ,
4, ,-42, ,
4, ,-42, ,
-1, ,-43, ,
1, ,-42, ,
5, ,-43, ,
0, ,-42, ,
-5, ,-42, ,
4, ,-43, ,
1, ,-42, ,
1, ,-42, ,
1, ,-42, ,
1, ,-43, ,
3, ,-42, ,
3, ,-43, ,
-1, ,-43, ,
1, ,-42, ,
1, ,-42, ,
-1, ,-42, ,
-2, ,-42, ,
6, ,-43, ,
4, ,-42, ,
1, ,-42, ,
3, ,-42, ,
3, ,-43, ,
3, ,-42, ,
4, ,-43, ,
-2, ,-43, ,
3, ,-42, ,
5, ,-42, ,
5, ,-42, ,
0, ,-42, ,
9, ,-43, ,
6, ,-42, ,
4, ,-42, ,
4, ,-42, ,
4, ,-42, ,
8, ,-42, ,
6, ,-43, ,
1, ,-43, ,
5, ,-42, ,
9, ,-42, ,
5, ,-42, ,
-1, ,-42, ,
4, ,-43, ,
3, ,-42, ,
5, ,-42, ,
4, ,-42, ,
6, ,-43, ,
5, ,-42, ,
9, ,-43, ,
4, ,-43, ,
5, ,-42, ,
1, ,-43, ,
-1, ,-42, ,
-2, ,-42, ,
5, ,-43, ,
1, ,-42, ,
1, ,-42, ,
3, ,-42, ,
5, ,-43, ,
6, ,-42, ,
6, ,-43, ,
-1, ,-43, ,
5, ,-42, ,
8, ,-43, ,
5, ,-42, ,
4, ,-42, ,
8, ,-43, ,
3, ,-43, ,
3, ,-42, ,
1, ,-42, ,
3, ,-43, ,
3, ,-42, ,
5, ,-42, ,
1, ,-43, ,
3, ,-42, ,
6, ,-43, ,
4, ,-42, ,
0, ,-42, ,
6, ,-43, ,
-2, ,-42, ,
3, ,-42, ,
1, ,-42, ,
1, ,-43, ,
4, ,-42, ,
5, ,-43, ,
3, ,-43, ,
4, ,-42, ,
3, ,-43, ,
-1, ,-43, ,
-1, ,-42, ,
5, ,-43, ,
3, ,-42, ,
0, ,-42, ,
0, ,-42, ,
-1, ,-43, ,
0, ,-42, ,
1, ,-42, ,
-5, ,-42, ,
-2, ,-42, ,
6, ,-43, ,
0, ,-42, ,
0, ,-42, ,
3, ,-43, ,
-1, ,-42, ,
1, ,-42, ,
3, ,-42, ,
0, ,-43, ,
0, ,-42, ,
6, ,-43, ,
1, ,-43, ,
5, ,-42, ,
5, ,-43, ,
0, ,-42, ,
-2, ,-42, ,
0, ,-43, ,
-2, ,-42, ,
-2, ,-42, ,
-5, ,-42, ,
0, ,-43, ,
0, ,-42, ,
3, ,-43, ,
-2, ,-42, ,
0, ,-42, ,
4, ,-42, ,
-2, ,-42, ,
-6, ,-42, ,
1, ,-43, ,
-4, ,-43, ,
-4, ,-42, ,
-7, ,-43, ,
-4, ,-43, ,
-2, ,-42, ,
-4, ,-43, ,
-9, ,-43, ,
-4, ,-42, ,
-1, ,-42, ,
-2, ,-42, ,
-7, ,-42, ,
1, ,-43, ,
-4, ,-43, ,
-2, ,-42, ,
-4, ,-43, ,
-4, ,-42, ,
-1, ,-42, ,
3, ,-43, ,
-4, ,-43, ,
-1, ,-42, ,
0, ,-38, ,
-5, ,-29, ,
-4, ,-19, ,
4, ,-9, ,
3, ,-1, ,
3, ,7, ,
-2, ,13, ,
-2, ,17, ,
-2, ,21, ,
0, ,27, ,
-1, ,30, ,
9, ,33, ,
8, ,35, ,
5, ,37, ,
0, ,38, ,
5, ,41, ,
-1, ,41, ,
-1, ,44, ,
-2, ,45, ,
-1, ,46, ,
-1, ,45, ,
3, ,48, ,
-2, ,48, ,
1, ,48, ,
3, ,49, ,
-1, ,49, ,
-4, ,49, ,
3, ,50, ,
1, ,49, ,
1, ,50, ,
1, ,50, ,
1, ,50, ,
0, ,49, ,
3, ,51, ,
-4, ,50, ,
0, ,50, ,
1, ,50, ,
1, ,51, ,
0, ,50, ,
5, ,51, ,
-4, ,50, ,
0, ,50, ,
-2, ,51, ,
-1, ,51, ,
-6, ,50, ,
-2, ,52, ,
-6, ,51, ,
-1, ,50, ,
3, ,51, ,
1, ,51, ,
-5, ,50, ,
5, ,51, ,
-1, ,50, ,
0, ,51, ,
1, ,51, ,
1, ,51, ,
-1, ,49, ,
1, ,52, ,
-4, ,51, ,
1, ,50, ,
0, ,51, ,
1, ,51, ,
-1, ,50, ,
5, ,51, ,
1, ,50, ,
0, ,51, ,
1, ,51, ,
0, ,51, ,
0, ,49, ,
5, ,51, ,
-2, ,51, ,
3, ,50, ,
1, ,51, ,
-2, ,51, ,
-6, ,50, ,
0, ,51, ,
1, ,50, ,
3, ,50, ,
5, ,51, ,
5, ,51, ,
4, ,49, ,
5, ,51, ,
-4, ,51, ,
-2, ,50, ,
3, ,50, ,
-1, ,51, ,
0, ,50, ,
6, ,51, ,
5, ,50, ,
5, ,50, ,
0, ,51, ,
3, ,51, ,
-1, ,49, ,
4, ,51, ,
-1, ,50, ,
5, ,50, ,
9, ,51, ,
5, ,51, ,
1, ,49, ,
8, ,51, ,
4, ,50, ,
4, ,50, ,
3, ,51, ,
4, ,51, ,
4, ,49, ,
5, ,51, ,
3, ,50, ,
5, ,50, ,
4, ,50, ,
1, ,51, ,
-1, ,49, ,
5, ,51, ,
5, ,50, ,
6, ,50, ,
6, ,51, ,
8, ,51, ,
6, ,49, ,
5, ,51, ,
0, ,50, ,
0, ,50, ,
4, ,50, ,
4, ,51, ,
1, ,49, ,
8, ,51, ,
6, ,50, ,
3, ,50, ,
3, ,51, ,
0, ,51, ,
3, ,49, ,
6, ,51, ,
-1, ,50, ,
4, ,50, ,
5, ,50, ,
4, ,51, ,
3, ,49, ,
8, ,51, ,
4, ,50, ,
3, ,50, ,
4, ,51, ,
5, ,50, ,
3, ,49, ,
6, ,51, ,
0, ,51, ,
5, ,50, ,
4, ,50, ,
1, ,51, ,
-2, ,50, ,
3, ,51, ,
0, ,50, ,
3, ,50, ,
4, ,51, ,
5, ,50, ,
6, ,49, ,
8, ,51, ,
0, ,50, ,
4, ,50, ,
6, ,50, ,
3, ,50, ,
1, ,49, ,
8, ,51, ,
4, ,50, ,
6, ,50, ,
5, ,51, ,
5, ,50, ,
6, ,49, ,
8, ,51, ,
-2, ,50, ,
3, ,50, ,
9, ,50, ,
5, ,51, ,
4, ,49, ,
13, ,51, ,
3, ,50, ,
5, ,50, ,
6, ,51, ,
5, ,50, ,
6, ,49, ,
4, ,51, ,
3, ,50, ,
6, ,50, ,
5, ,50, ,
-1, ,51, ,
4, ,49, ,
9, ,51, ,
3, ,50, ,
6, ,50, ,
3, ,50, ,
4, ,51, ,
3, ,49, ,
8, ,51, ,
-1, ,50, ,
3, ,50, ,
4, ,50, ,
-1, ,50, ,
-1, ,50, ,
3, ,51, ,
1, ,49, ,
1, ,50, ,
4, ,50, ,
4, ,51, ,
4, ,49, ,
6, ,51, ,
-2, ,50, ,
3, ,50, ,
1, ,50, ,
0, ,51, ,
-1, ,49, ,
4, ,51, ,
1, ,50, ,
3, ,50, ,
-6, ,51, ,
0, ,50, ,
4, ,49, ,
4, ,51, ,
0, ,51, ,
3, ,50, ,
5, ,50, ,
3, ,50, ,
0, ,50, ,
5, ,51, ,
-1, ,50, ,
3, ,50, ,
0, ,50, ,
-1, ,50, ,
0, ,49, ,
3, ,51, ,
-5, ,50, ,
-1, ,50, ,
4, ,50, ,
1, ,51, ,
-4, ,49, ,
3, ,51, ,
-1, ,50, ,
-2, ,50, ,
3, ,51, ,
1, ,51, ,
3, ,49, ,
5, ,51, ,
3, ,50, ,
3, ,50, ,
5, ,51, ,
3, ,51, ,
-2, ,49, ,
4, ,51, ,
0, ,50, ,
-1, ,50, ,
3, ,51, ,
-2, ,50, ,
3, ,49, ,
0, ,51, ,
-6, ,50, ,
8, ,50, ,
4, ,50, ,
4, ,51, ,
0, ,49, ,
4, ,51, ,
3, ,50, ,
-2, ,50, ,
0, ,50, ,
-5, ,50, ,
4, ,49, ,
11, ,51, ,
0, ,50, ,
5, ,50, ,
6, ,50, ,
-1, ,51, ,
-7, ,49, ,
-1, ,51, ,
-5, ,50, ,
0, ,50, ,
-1, ,50, ,
-2, ,51, ,
-2, ,49, ,
4, ,51, ,
1, ,50, ,
8, ,50, ,
6, ,50, ,
3, ,50, ,
-2, ,50, ,
1, ,51, ,
-5, ,50, ,
-2, ,50, ,
-6, ,50, ,
1, ,50, ,
-1, ,49, ,
3, ,51, ,
-5, ,50, ,
-4, ,50, ,
-1, ,50, ,
-4, ,50, ,
-9, ,49, ,
3, ,51, ,
-4, ,49, ,
0, ,50, ,
-2, ,51, ,
-1, ,50, ,
-2, ,49, ,
-2, ,51, ,
-4, ,50, ,
5, ,50, ,
6, ,50, ,
5, ,51, ,
0, ,49, ,
6, ,51, ,
0, ,50, ,
-2, ,50, ,
-5, ,50, ,
-4, ,51, ,
-1, ,49, ,
-1, ,51, ,
-4, ,50, ,
3, ,50, ,
5, ,50, ,
0, ,50, ,
-2, ,49, ,
1, ,51, ,
-1, ,49, ,
0, ,50, ,
1, ,50, ,
5, ,50, ,
5, ,49, ,
5, ,51, ,
0, ,50, ,
3, ,50, ,
3, ,50, ,
-1, ,51, ,
-2, ,49, ,
1, ,51, ,
1, ,50, ,
3, ,50, ,
-1, ,51, ,
0, ,50, ,
-2, ,49, ,
4, ,51, ,
-4, ,50, ,
1, ,50, ,
6, ,50, ,
1, ,51, ,
-1, ,49, ,
4, ,51, ,
-1, ,50, ,
0, ,50, ,
-1, ,50, ,
-1, ,50, ,
1, ,49, ,
1, ,51, ,
-4, ,50, ,
0, ,50, ,
3, ,50, ,
0, ,50, ,
-5, ,49, ,
4, ,51, ,
3, ,49, ,
3, ,50, ,
3, ,50, ,
3, ,50, ,
4, ,49, ,
5, ,51, ,
-1, ,51, ,
0, ,50, ,
1, ,50, ,
1, ,50, ,
-4, ,50, ,
1, ,51, ,
-4, ,50, ,
0, ,50, ,
3, ,50, ,
0, ,50, ,
3, ,49, ,
4, ,51, ,
-5, ,51, ,
0, ,50, ,
0, ,50, ,
1, ,51, ,
0, ,50, ,
6, ,51, ,
8, ,49, ,
8, ,50, ,
6, ,51, ,
6, ,50, ,
4, ,49, ,
3, ,51, ,
-5, ,50, ,
0, ,50, ,
1, ,50, ,
0, ,50, ,
-1, ,49, ,
4, ,51, ,
1, ,49, ,
3, ,50, ,
-1, ,50, ,
1, ,50, ,
4, ,49, ,
6, ,51, ,
4, ,50, ,
5, ,50, ,
8, ,50, ,
1, ,50, ,
-1, ,49, ,
6, ,51, ,
1, ,49, ,
1, ,50, ,
3, ,51, ,
5, ,51, ,
4, ,49, ,
8, ,51, ,
0, ,50, ,
1, ,50, ,
5, ,50, ,
1, ,50, ,
-1, ,49, ,
10, ,51, ,
4, ,49, ,
8, ,50, ,
6, ,50, ,
4, ,50, ,
5, ,49, ,
5, ,51, ,
-4, ,50, ,
3, ,50, ,
3, ,50, ,
3, ,51, ,
1, ,50, ,
8, ,51, ,
4, ,49, ,
3, ,50, ,
3, ,51, ,
1, ,51, ,
1, ,49, ,
3, ,51, ,
-4, ,50, ,
1, ,50, ,
4, ,50, ,
3, ,51, ,
0, ,50, ,
3, ,51, ,
0, ,50, ,
6, ,50, ,
3, ,50, ,
3, ,51, ,
4, ,49, ,
6, ,51, ,
-5, ,50, ,
-2, ,50, ,
1, ,50, ,
0, ,50, ,
0, ,49, ,
5, ,51, ,
3, ,49, ,
4, ,50, ,
-1, ,51, ,
3, ,50, ,
3, ,49, ,
5, ,51, ,
-1, ,50, ,
0, ,50, ,
4, ,50, ,
0, ,51, ,
-1, ,49, ,
6, ,51, ,
4, ,49, ,
5, ,50, ,
4, ,50, ,
1, ,50, ,
3, ,49, ,
1, ,51, ,
-2, ,49, ,
0, ,50, ,
4, ,50, ,
3, ,51, ,
0, ,49, ,
6, ,51, ,
3, ,49, ,
1, ,50, ,
4, ,50, ,
3, ,51, ,
4, ,49, ,
6, ,51, ,
-1, ,50, ,
4, ,50, ,
6, ,50, ,
4, ,50, ,
0, ,50, ,
5, ,51, ,
4, ,50, ,
0, ,50, ,
1, ,50, ,
1, ,50, ,
1, ,49, ,
6, ,51, ,
-2, ,50, ,
3, ,50, ,
3, ,50, ,
0, ,50, ,
-1, ,49, ,
4, ,51, ,
3, ,50, ,
3, ,50, ,
4, ,51, ,
4, ,51, ,
-1, ,49, ,
4, ,51, ,
-5, ,50, ,
0, ,50, ,
1, ,50, ,
0, ,50, ,
-2, ,49, ,
-1, ,51, ,
-2, ,49, ,
-1, ,50, ,
-5, ,50, ,
-2, ,50, ,
1, ,49, ,
4, ,51, ,
0, ,50, ,
6, ,50, ,
6, ,50, ,
1, ,50, ,
-1, ,49, ,
1, ,51, ,
-5, ,50, ,
-1, ,50, ,
-4, ,50, ,
0, ,51, ,
3, ,49, ,
3, ,51, ,
-4, ,50, ,
0, ,50, ,
5, ,50, ,
0, ,50, ,
-4, ,49, ,
4, ,51, ,
-1, ,50, ,
0, ,50, ,
0, ,51, ,
-1, ,51, ,
1, ,49, ,
5, ,51, ,
-5, ,50, ,
3, ,50, ,
3, ,50, ,
0, ,51, ,
-1, ,49, ,
4, ,51, ,
0, ,49, ,
-1, ,50, ,
0, ,50, ,
0, ,51, ,
0, ,49, ,
4, ,51, ,
0, ,49, ,
4, ,50, ,
6, ,50, ,
1, ,51, ,
-1, ,49, ,
3, ,51, ,
-1, ,50, ,
-1, ,50, ,
1, ,50, ,
1, ,51, ,
1, ,49, ,
5, ,51, ,
-1, ,50, ,
6, ,50, ,
6, ,50, ,
3, ,50, ,
1, ,49, ,
5, ,51, ,
0, ,50, ,
1, ,50, ,
-2, ,50, ,
3, ,50, ,
-1, ,49, ,
6, ,51, ,
0, ,50, ,
1, ,50, ,
6, ,50, ,
3, ,51, ,
-2, ,49, ,
1, ,51, ,
-4, ,50, ,
0, ,50, ,
-2, ,50, ,
0, ,50, ,
1, ,49, ,
3, ,51, ,
-5, ,50, ,
1, ,50, ,
1, ,50, ,
0, ,50, ,
-2, ,50, ,
5, ,51, ,
-1, ,50, ,
4, ,50, ,
0, ,51, ,
1, ,50, ,
0, ,49, ,
3, ,51, ,
-1, ,50, ,
3, ,50, ,
6, ,50, ,
4, ,51, ,
-1, ,50, ,
5, ,51, ,
-1, ,50, ,
0, ,50, ,
0, ,51, ,
-1, ,51, ,
1, ,49, ,
4, ,51, ,
-1, ,50, ,
3, ,50, ,
3, ,50, ,
0, ,51, ,
1, ,49, ,
6, ,51, ,
4, ,49, ,
4, ,50, ,
6, ,51, ,
5, ,50, ,
5, ,49, ,
8, ,51, ,
0, ,50, ,
1, ,50, ,
4, ,50, ,
-1, ,50, ,
0, ,49, ,
6, ,51, ,
1, ,49, ,
4, ,50, ,
4, ,50, ,
6, ,50, ,
3, ,49, ,
1, ,51, ,
4, ,50, ,
8, ,50, ,
4, ,50, ,
8, ,50, ,
1, ,49, ,
6, ,51, ,
3, ,50, ,
1, ,50, ,
-1, ,51, ,
4, ,50, ,
3, ,49, ,
3, ,51, ,
0, ,50, ,
3, ,50, ,
5, ,50, ,
4, ,51, ,
-4, ,49, ,
5, ,51, ,
0, ,49, ,
3, ,50, ,
3, ,50, ,
1, ,50, ,
5, ,49, ,
5, ,51, ,
0, ,50, ,
3, ,50, ,
3, ,50, ,
3, ,50, ,
-6, ,49, ,
5, ,51, ,
5, ,50, ,
3, ,50, ,
3, ,51, ,
3, ,50, ,
0, ,49, ,
4, ,51, ,
-2, ,50, ,
1, ,50, ,
3, ,50, ,
4, ,50, ,
-1, ,50, ,
6, ,51, ,
5, ,50, ,
5, ,50, ,
5, ,51, ,
1, ,50, ,
1, ,49, ,
4, ,51, ,
-4, ,50, ,
3, ,50, ,
5, ,50, ,
3, ,50, ,
1, ,50, ,
6, ,51, ,
4, ,50, ,
3, ,50, ,
0, ,51, ,
3, ,51, ,
3, ,49, ,
4, ,51, ,
0, ,50, ,
3, ,50, ,
5, ,50, ,
4, ,51, ,
0, ,50, ,
4, ,51, ,
4, ,50, ,
5, ,50, ,
1, ,50, ,
3, ,50, ,
5, ,49, ,
5, ,51, ,
-2, ,50, ,
0, ,50, ,
3, ,50, ,
1, ,51, ,
-1, ,50, ,
8, ,50, ,
6, ,49, ,
6, ,50, ,
3, ,50, ,
3, ,50, ,
-1, ,49, ,
3, ,51, ,
-1, ,51, ,
1, ,50, ,
6, ,50, ,
5, ,50, ,
0, ,49, ,
5, ,51, ,
1, ,50, ,
4, ,50, ,
0, ,50, ,
-1, ,51, ,
-1, ,49, ,
1, ,51, ,
-6, ,50, ,
0, ,50, ,
0, ,50, ,
1, ,51, ,
0, ,50, ,
4, ,51, ,
3, ,49, ,
3, ,50, ,
4, ,51, ,
4, ,50, ,
-2, ,49, ,
3, ,51, ,
-6, ,50, ,
-2, ,50, ,
0, ,50, ,
-4, ,51, ,
-5, ,49, ,
0, ,51, ,
-1, ,50, ,
3, ,50, ,
-2, ,51, ,
1, ,51, ,
1, ,49, ,
3, ,51, ,
-1, ,50, ,
0, ,50, ,
3, ,50, ,
3, ,50, ,
-1, ,49, ,
6, ,50, ,
0, ,50, ,
0, ,50, ,
1, ,50, ,
4, ,51, ,
-1, ,49, ,
0, ,51, ,
-7, ,50, ,
0, ,50, ,
4, ,50, ,
1, ,51, ,
-4, ,49, ,
1, ,51, ,
-1, ,50, ,
0, ,50, ,
0, ,51, ,
0, ,50, ,
0, ,49, ,
3, ,51, ,
-5, ,50, ,
0, ,50, ,
3, ,50, ,
4, ,48, ,
5, ,40, ,
6, ,31, ,
0, ,20, ,
-4, ,12, ,
-5, ,4, ,
-1, ,-2, ,
1, ,-7, ,
4, ,-12, ,
-5, ,-17, ,
-5, ,-21, ,
-5, ,-24, ,
-6, ,-26, ,
-9, ,-28, ,
-2, ,-30, ,
-5, ,-32, ,
-2, ,-33, ,
-2, ,-35, ,
-1, ,-37, ,
0, ,-38, ,
4, ,-39, ,
-6, ,-39, ,
-1, ,-39, ,
1, ,-40, ,
-5, ,-41, ,
-7, ,-41, ,
0, ,-42, ,
3, ,-42, ,
0, ,-42, ,
-2, ,-42, ,
-1, ,-42, ,
-2, ,-42, ,
1, ,-43, ,
-2, ,-43, ,
-2, ,-43, ,
5, ,-43, ,
0, ,-43, ,
-4, ,-43, ,
-1, ,-43, ,
-5, ,-43, ,
-2, ,-43, ,
0, ,-43, ,
1, ,-43, ,
5, ,-43, ,
6, ,-43, ,
-2, ,-43, ,
1, ,-43, ,
1, ,-43, ,
1, ,-43, ,
-5, ,-43, ,
4, ,-43, ,
0, ,-43, ,
-1, ,-43, ,
0, ,-43, ,
4, ,-43, ,
1, ,-43, ,
4, ,-43, ,
-1, ,-43, ,
3, ,-43, ,
5, ,-43, ,
4, ,-43, ,
0, ,-43, ,
3, ,-43, ,
3, ,-43, ,
0, ,-43, ,
-1, ,-43, ,
-1, ,-43, ,
1, ,-43, ,
4, ,-43, ,
-1, ,-43, ,
4, ,-43, ,
4, ,-43, ,
5, ,-43, ,
1, ,-42, ,
4, ,-43, ,
4, ,-43, ,
4, ,-42, ,
1, ,-43, ,
4, ,-43, ,
5, ,-42, ,
4, ,-43, ,
0, ,-43, ,
4, ,-43, ,
6, ,-43, ,
3, ,-43, ,
0, ,-42, ,
0, ,-43, ,
-1, ,-43, ,
-1, ,-42, ,
1, ,-42, ,
1, ,-43, ,
3, ,-42, ,
8, ,-43, ,
4, ,-43, ,
5, ,-42, ,
4, ,-43, ,
0, ,-42, ,
-1, ,-42, ,
3, ,-43, ,
3, ,-43, ,
4, ,-42, ,
0, ,-43, ,
4, ,-43, ,
4, ,-42, ,
1, ,-43, ,
-2, ,-43, ,
1, ,-43, ,
3, ,-43, ,
0, ,-43, ,
-1, ,-42, ,
8, ,-43, ,
4, ,-43, ,
3, ,-42, ,
0, ,-42, ,
-1, ,-43, ,
3, ,-42, ,
3, ,-43, ,
0, ,-43, ,
5, ,-42, ,
9, ,-43, ,
4, ,-43, ,
-1, ,-42, ,
3, ,-43, ,
0, ,-43, ,
-4, ,-42, ,
-4, ,-43, ,
-2, ,-43, ,
5, ,-42, ,
8, ,-43, ,
1, ,-43, ,
4, ,-43, ,
5, ,-43, ,
0, ,-42, ,
-2, ,-42, ,
3, ,-43, ,
3, ,-42, ,
5, ,-42, ,
6, ,-42, ,
8, ,-43, ,
4, ,-42, ,
4, ,-43, ,
-1, ,-43, ,
4, ,-42, ,
6, ,-43, ,
3, ,-42, ,
3, ,-42, ,
6, ,-43, ,
5, ,-43, ,
4, ,-42, ,
1, ,-42, ,
5, ,-43, ,
3, ,-42, ,
6, ,-42, ,
3, ,-43, ,
5, ,-42, ,
6, ,-43, ,
1, ,-42, ,
-2, ,-42, ,
5, ,-43, ,
0, ,-42, ,
1, ,-42, ,
1, ,-42, ,
1, ,-43, ,
5, ,-42, ,
3, ,-42, ,
3, ,-42, ,
4, ,-42, ,
6, ,-43, ,
3, ,-42, ,
-2, ,-42, ,
3, ,-43, ,
1, ,-43, ,
3, ,-42, ,
1, ,-43, ,
4, ,-43, ,
3, ,-42, ,
1, ,-42, ,
-1, ,-43, ,
3, ,-42, ,
4, ,-42, ,
3, ,-42, ,
4, ,-42, ,
8, ,-43, ,
6, ,-43, ,
4, ,-42, ,
3, ,-42, ,
1, ,-43, ,
3, ,-42, ,
-1, ,-42, ,
-5, ,-43, ,
3, ,-42, ,
3, ,-43, ,
3, ,-42, ,
4, ,-42, ,
8, ,-43, ,
6, ,-43, ,
6, ,-42, ,
3, ,-42, ,
4, ,-42, ,
0, ,-42, ,
3, ,-43, ,
-1, ,-42, ,
3, ,-42, ,
4, ,-42, ,
1, ,-42, ,
-2, ,-42, ,
3, ,-43, ,
0, ,-42, ,
1, ,-42, ,
-4, ,-42, ,
1, ,-43, ,
1, ,-43, ,
3, ,-42, ,
0, ,-42, ,
3, ,-42, ,
6, ,-43, ,
3, ,-42, ,
3, ,-42, ,
5, ,-43, ,
4, ,-42, ,
6, ,-42, ,
0, ,-43, ,
1, ,-43, ,
4, ,-42, ,
3, ,-43, ,
-4, ,-43, ,
0, ,-42, ,
3, ,-43, ,
-4, ,-42, ,
-4, ,-42, ,
8, ,-43, ,
4, ,-42, ,
5, ,-42, ,
4, ,-42, ,
3, ,-43, ,
1, ,-42, ,
1, ,-43, ,
-4, ,-43, ,
0, ,-42, ,
1, ,-42, ,
3, ,-42, ,
-4, ,-42, ,
4, ,-43, ,
0, ,-43, ,
-1, ,-42, ,
-1, ,-42, ,
0, ,-42, ,
0, ,-42, ,
3, ,-43, ,
-6, ,-42, ,
-1, ,-42, ,
3, ,-43, ,
-1, ,-42, ,
-2, ,-42, ,
3, ,-43, ,
0, ,-43, ,
1, ,-42, ,
-2, ,-42, ,
-1, ,-43, ,
0, ,-42, ,
-1, ,-42, ,
-6, ,-42, ,
-1, ,-42, ,
-1, ,-42, ,
-4, ,-43, ,
-4, ,-42, ,
-1, ,-43, ,
1, ,-43, ,
1, ,-42, ,
-1, ,-42, ,
1, ,-43, ,
1, ,-42, ,
3, ,-42, ,
-2, ,-42, ,
-2, ,-42, ,
3, ,-42, ,
-2, ,-42, ,
-2, ,-42, ,
3, ,-43, ,
-1, ,-42, ,
0, ,-42, ,
0, ,-42, ,
-2, ,-42, ,
3, ,-42, ,
4, ,-42, ,
-1, ,-42, ,
3, ,-43, ,
3, ,-43, ,
0, ,-42, ,
-2, ,-42, ,
3, ,-43, ,
3, ,-42, ,
1, ,-42, ,
1, ,-42, ,
0, ,-42, ,
4, ,-42, ,
5, ,-43, ,
0, ,-42, ,
6, ,-43, ,
5, ,-42, ,
3, ,-43, ,
-1, ,-42, ,
3, ,-43, ,
0, ,-42, ,
0, ,-42, ,
-1, ,-42, ,
1, ,-43, ,
0, ,-42, ,
0, ,-42, ,
1, ,-43, ,
0, ,-42, ,
-2, ,-43, ,
1, ,-42, ,
-1, ,-42, ,
3, ,-43, ,
-5, ,-42, ,
3, ,-42, ,
5, ,-42, ,
-1, ,-42, ,
4, ,-42, ,
3, ,-43, ,
-6, ,-43, ,
-1, ,-42, ,
4, ,-42, ,
-1, ,-42, ,
-2, ,-42, ,
3, ,-43, ,
-2, ,-42, ,
-1, ,-42, ,
-2, ,-42, ,
-1, ,-42, ,
3, ,-42, ,
5, ,-43, ,
1, ,-42, ,
3, ,-42, ,
5, ,-42, ,
1, ,-43, ,
-5, ,-42, ,
1, ,-43, ,
1, ,-43, ,
-2, ,-42, ,
1, ,-42, ,
5, ,-42, ,
1, ,-42, ,
4, ,-43, ,
-4, ,-42, ,
0, ,-42, ,
3, ,-42, ,
0, ,-42, ,
-4, ,-42, ,
4, ,-43, ,
1, ,-42, ,
4, ,-42, ,
1, ,-42, ,
0, ,-43, ,
3, ,-42, ,
4, ,-42, ,
1, ,-42, ,
4, ,-42, ,
6, ,-43, ,
3, ,-42, ,
-1, ,-42, ,
4, ,-43, ,
1, ,-43, ,
-2, ,-42, ,
0, ,-43, ,
0, ,-42, ,
1, ,-42, ,
5, ,-43, ,
-1, ,-43, ,
1, ,-43, ,
8, ,-42, ,
3, ,-42, ,
1, ,-42, ,
5, ,-43, ,
3, ,-42, ,
3, ,-42, ,
4, ,-43, ,
3, ,-43, ,
3, ,-43, ,
6, ,-43, ,
-1, ,-42, ,
3, ,-43, ,
5, ,-42, ,
0, ,-42, ,
-2, ,-42, ,
3, ,-43, ,
3, ,-42, ,
1, ,-42, ,
1, ,-42, ,
4, ,-43, ,
5, ,-42, ,
9, ,-42, ,
5, ,-42, ,
1, ,-42, ,
5, ,-42, ,
0, ,-42, ,
-2, ,-42, ,
4, ,-43, ,
1, ,-42, ,
4, ,-42, ,
3, ,-42, ,
4, ,-42, ,
5, ,-42, ,
4, ,-43, ,
0, ,-42, ,
3, ,-42, ,
8, ,-42, ,
4, ,-42, ,
1, ,-42, ,
6, ,-43, ,
0, ,-42, ,
0, ,-42, ,
-1, ,-42, ,
1, ,-42, ,
3, ,-42, ,
4, ,-42, ,
4, ,-43, ,
6, ,-42, ,
8, ,-42, ,
3, ,-42, ,
-4, ,-42, ,
1, ,-43, ,
1, ,-43, ,
1, ,-42, ,
0, ,-42, ,
3, ,-42, ,
5, ,-42, ,
5, ,-42, ,
-2, ,-42, ,
3, ,-42, ,
3, ,-43, ,
4, ,-42, ,
1, ,-42, ,
8, ,-43, ,
8, ,-42, ,
6, ,-42, ,
4, ,-42, ,
4, ,-42, ,
4, ,-42, ,
8, ,-42, ,
1, ,-43, ,
3, ,-42, ,
8, ,-42, ,
3, ,-43, ,
0, ,-42, ,
4, ,-43, ,
4, ,-42, ,
1, ,-42, ,
0, ,-42, ,
0, ,-42, ,
3, ,-42, ,
9, ,-42, ,
3, ,-42, ,
6, ,-42, ,
5, ,-42, ,
3, ,-42, ,
1, ,-42, ,
8, ,-43, ,
1, ,-43, ,
1, ,-42, ,
0, ,-43, ,
1, ,-43, ,
3, ,-42, ,
1, ,-43, ,
-1, ,-43, ,
0, ,-43, ,
6, ,-43, ,
0, ,-42, ,
-5, ,-42, ,
4, ,-43, ,
-2, ,-42, ,
3, ,-42, ,
1, ,-42, ,
1, ,-42, ,
3, ,-42, ,
1, ,-42, ,
-1, ,-42, ,
3, ,-42, ,
3, ,-42, ,
4, ,-42, ,
0, ,-42, ,
5, ,-43, ,
3, ,-42, ,
0, ,-42, ,
-1, ,-42, ,
0, ,-42, ,
0, ,-42, ,
1, ,-43, ,
-4, ,-42, ,
-1, ,-42, ,
5, ,-42, ,
3, ,-42, ,
1, ,-42, ,
6, ,-43, ,
4, ,-42, ,
8, ,-42, ,
4, ,-42, ,
-2, ,-42, ,
1, ,-42, ,
0, ,-43, ,
-6, ,-42, ,
1, ,-42, ,
3, ,-43, ,
1, ,-42, ,
-1, ,-42, ,
4, ,-43, ,
4, ,-43, ,
3, ,-42, ,
4, ,-42, ,
8, ,-43, ,
6, ,-42, ,
9, ,-42, ,
1, ,-42, ,
0, ,-42, ,
4, ,-43, ,
-1, ,-43, ,
-4, ,-42, ,
6, ,-43, ,
3, ,-42, ,
6, ,-42, ,
-4, ,-42, ,
-4, ,-43, ,
1, ,-42, ,
4, ,-43, ,
-1, ,-42, ,
4, ,-42, ,
4, ,-43, ,
0, ,-42, ,
-2, ,-42, ,
5, ,-43, ,
3, ,-42, ,
0, ,-42, ,
4, ,-42, ,
1, ,-42, ,
0, ,-42, ,
3, ,-42, ,
-4, ,-42, ,
-4, ,-42, ,
3, ,-42, ,
0, ,-42, ,
-2, ,-42, ,
5, ,-43, ,
4, ,-43, ,
0, ,-42, ,
-1, ,-42, ,
-1, ,-42, ,
1, ,-42, ,
4, ,-43, ,
-2, ,-42, ,
4, ,-42, ,
3, ,-42, ,
1, ,-42, ,
-4, ,-42, ,
0, ,-43, ,
1, ,-42, ,
-1, ,-42, ,
-2, ,-43, ,
-1, ,-42, ,
0, ,-42, ,
0, ,-43, ,
-6, ,-42, ,
-2, ,-42, ,
3, ,-43, ,
-4, ,-43, ,
-5, ,-42, ,
0, ,-43, ,
-1, ,-42, ,
1, ,-42, ,
0, ,-42, ,
3, ,-42, ,
3, ,-42, ,
1, ,-42, ,
-4, ,-43, ,
0, ,-42, ,
3, ,-43, ,
0, ,-42, ,
-2, ,-42, ,
4, ,-43, ,
1, ,-43, ,
-1, ,-42, ,
-2, ,-42, ,
0, ,-43, ,
3, ,-42, ,
3, ,-43, ,
-1, ,-42, ,
0, ,-42, ,
5, ,-43, ,
0, ,-42, ,
-2, ,-42, ,
4, ,-43, ,
0, ,-42, ,
0, ,-42, ,
-1, ,-42, ,
0, ,-43, ,
5, ,-42, ,
6, ,-42, ,
1, ,-43, ,
5, ,-42, ,
4, ,-42, ,
1, ,-42, ,
-1, ,-42, ,
3, ,-43, ,
4, ,-43, ,
1, ,-42, ,
0, ,-42, ,
1, ,-43, ,
-1, ,-42, ,
3, ,-43, ,
-6, ,-42, ,
-1, ,-42, ,
5, ,-43, ,
-1, ,-42, ,
-1, ,-42, ,
5, ,-43, ,
4, ,-42, ,
4, ,-42, ,
3, ,-42, ,
-1, ,-43, ,
0, ,-42, ,
3, ,-43, ,
-5, ,-43, ,
-2, ,-42, ,
3, ,-42, ,
1, ,-42, ,
-2, ,-42, ,
1, ,-43, ,
-2, ,-43, ,
-1, ,-42, ,
-1, ,-42, ,
4, ,-43, ,
4, ,-42, ,
9, ,-42, ,
0, ,-43, ,
3, ,-42, ,
3, ,-42, ,
0, ,-43, ,
-6, ,-42, ,
1, ,-43, ,
-4, ,-42, ,
1, ,-42, ,
1, ,-42, ,
4, ,-43, ,
4, ,-42, ,
1, ,-42, ,
-1, ,-43, ,
1, ,-42, ,
5, ,-43, ,
0, ,-42, ,
-2, ,-42, ,
6, ,-43, ,
4, ,-43, ,
3, ,-42, ,
3, ,-42, ,
1, ,-43, ,
3, ,-42, ,
4, ,-43, ,
1, ,-43, ,
3, ,-42, ,
8, ,-42, ,
1, ,-42, ,
-1, ,-42, ,
4, ,-43, ,
-2, ,-42, ,
1, ,-42, ,
0, ,-42, ,
-4, ,-42, ,
-6, ,-42, ,
-6, ,-42, ,
-14, ,-43, ,
-10, ,-42, ,
-9, ,-43, ,
-6, ,-43, ,
-6, ,-42, ,
1, ,-43, ,
3, ,-43, ,
4, ,-42, ,
9, ,-43, ,
11, ,-42, ,
13, ,-42, ,
16, ,-42, ,
9, ,-42, ,
8, ,-42, ,
5, ,-42, ,
0, ,-42, ,
-6, ,-42, ,
1, ,-43, ,
-2, ,-43, ,
1, ,-42, ,
0, ,-43, ,
1, ,-43, ,
3, ,-42, ,
5, ,-43, ,
-1, ,-42, ,
1, ,-42, ,
1, ,-42, ,
0, ,-42, ,
-4, ,-42, ,
3, ,-43, ,
1, ,-43, ,
0, ,-42, ,
-1, ,-43, ,
4, ,-42, ,
5, ,-42, ,
3, ,-43, ,
-2, ,-43, ,
0, ,-42, ,
4, ,-43, ,
1, ,-42, ,
-5, ,-42, ,
1, ,-43, ,
-4, ,-43, ,
-4, ,-42, ,
-5, ,-42, ,
-1, ,-43, ,
1, ,-42, ,
9, ,-43, ,
1, ,-43, ,
5, ,-42, ,
6, ,-42, ,
3, ,-42, ,
-5, ,-42, ,
-1, ,-43, ,
0, ,-43, ,
-4, ,-42, ,
-1, ,-42, ,
-1, ,-42, ,
0, ,-42, ,
5, ,-42, ,
-1, ,-43, ,
3, ,-42, ,
6, ,-42, ,
5, ,-42, ,
3, ,-42, ,
9, ,-43, ,
8, ,-42, ,
5, ,-42, ,
3, ,-43, ,
0, ,-43, ,
0, ,-42, ,
3, ,-43, ,
-5, ,-43, ,
3, ,-42, ,
3, ,-42, ,
0, ,-42, ,
0, ,-42, ,
8, ,-43, ,
4, ,-42, ,
4, ,-42, ,
4, ,-42, ,
4, ,-42, ,
4, ,-42, ,
8, ,-43, ,
1, ,-43, ,
5, ,-43, ,
6, ,-42, ,
4, ,-42, ,
3, ,-42, ,
6, ,-43, ,
4, ,-42, ,
3, ,-42, ,
-5, ,-42, ,
1, ,-43, ,
9, ,-42, ,
1, ,-43, ,
-1, ,-42, ,
3, ,-42, ,
1, ,-43, ,
0, ,-43, ,
-1, ,-42, ,
6, ,-43, ,
1, ,-43, ,
3, ,-42, ,
3, ,-42, ,
1, ,-43, ,
4, ,-42, ,
3, ,-43, ,
-6, ,-42, ,
1, ,-42, ,
3, ,-42, ,
3, ,-42, ,
-1, ,-40, ,
3, ,-35, ,
8, ,-24, ,
8, ,-14, ,
6, ,-5, ,
8, ,2, ,
8, ,9, ,
8, ,14, ,
-1, ,20, ,
5, ,23, ,
8, ,28, ,
14, ,31, ,
11, ,33, ,
10, ,37, ,
11, ,38, ,
4, ,39, ,
5, ,42, ,
3, ,42, ,
3, ,44, ,
8, ,46, ,
1, ,46, ,
5, ,47, ,
6, ,47, ,
0, ,48, ,
-1, ,47, ,
5, ,49, ,
1, ,49, ,
4, ,49, ,
3, ,50, ,
4, ,50, ,
3, ,49, ,
5, ,50, ,
-1, ,51, ,
1, ,50, ,
4, ,50, ,
4, ,51, ,
3, ,50, ,
9, ,52, ,
5, ,51, ,
1, ,51, ,
3, ,51, ,
5, ,51, ,
3, ,49, ,
0, ,52, ,
-2, ,51, ,
3, ,51, ,
5, ,51, ,
5, ,51, ,
1, ,49, ,
6, ,52, ,
0, ,51, ,
4, ,51, ,
3, ,51, ,
-1, ,51, ,
4, ,50, ,
6, ,52, ,
0, ,51, ,
4, ,50, ,
5, ,51, ,
3, ,51, ,
0, ,49, ,
6, ,51, ,
1, ,50, ,
0, ,50, ,
0, ,51, ,
0, ,50, ,
0, ,49, ,
4, ,52, ,
-2, ,50, ,
0, ,51, ,
1, ,51, ,
1, ,51, ,
-1, ,49, ,
3, ,51, ,
3, ,51, ,
3, ,51, ,
1, ,51, ,
0, ,51, ,
0, ,49, ,
1, ,51, ,
-5, ,50, ,
-1, ,50, ,
1, ,50, ,
1, ,51, ,
0, ,50, ,
3, ,51, ,
3, ,50, ,
1, ,50, ,
-1, ,51, ,
1, ,51, ,
0, ,49, ,
3, ,51, ,
-2, ,50, ,
3, ,50, ,
5, ,51, ,
1, ,51, ,
0, ,49, ,
3, ,51, ,
-1, ,50, ,
0, ,50, ,
-1, ,51, ,
-1, ,51, ,
4, ,49, ,
6, ,51, ,
4, ,50, ,
10, ,50, ,
13, ,50, ,
9, ,50, ,
4, ,49, ,
11, ,51, ,
6, ,50, ,
8, ,50, ,
8, ,51, ,
6, ,50, ,
8, ,49, ,
9, ,51, ,
3, ,50, ,
5, ,50, ,
5, ,51, ,
4, ,51, ,
3, ,49, ,
8, ,51, ,
4, ,50, ,
5, ,50, ,
8, ,51, ,
3, ,50, ,
1, ,49, ,
6, ,51, ,
0, ,51, ,
5, ,50, ,
5, ,50, ,
5, ,50, ,
4, ,49, ,
10, ,51, ,
9, ,50, ,
5, ,50, ,
5, ,51, ,
5, ,50, ,
1, ,49, ,
8, ,51, ,
1, ,50, ,
3, ,50, ,
6, ,50, ,
4, ,51, ,
1, ,49, ,
6, ,51, ,
-1, ,49, ,
3, ,50, ,
1, ,50, ,
1, ,50, ,
4, ,49, ,
8, ,51, ,
-1, ,50, ,
-1, ,50, ,
3, ,50, ,
-2, ,51, ,
-5, ,49, ,
3, ,51, ,
3, ,50, ,
6, ,50, ,
5, ,50, ,
6, ,50, ,
6, ,49, ,
4, ,51, ,
-2, ,50, ,
-1, ,50, ,
3, ,50, ,
0, ,51, ,
-5, ,50, ,
1, ,51, ,
-4, ,50, ,
-1, ,50, ,
1, ,51, ,
-1, ,50, ,
3, ,49, ,
5, ,51, ,
0, ,50, ,
5, ,50, ,
1, ,50, ,
3, ,51, ,
-1, ,49, ,
0, ,51, ,
-4, ,49, ,
-2, ,50, ,
-4, ,51, ,
-1, ,50, ,
-1, ,49, ,
4, ,51, ,
-2, ,50, ,
1, ,50, ,
3, ,50, ,
1, ,51, ,
-1, ,50, ,
3, ,51, ,
-1, ,50, ,
-1, ,50, ,
-1, ,51, ,
-2, ,50, ,
0, ,49, ,
4, ,51, ,
-5, ,50, ,
-1, ,50, ,
-2, ,50, ,
-5, ,51, ,
-7, ,49, ,
-2, ,51, ,
-4, ,49, ,
-2, ,50, ,
-2, ,51, ,
0, ,50, ,
0, ,49, ,
3, ,51, ,
-5, ,51, ,
-1, ,50, ,
0, ,50, ,
-4, ,51, ,
-5, ,49, ,
0, ,51, ,
-6, ,50, ,
-1, ,50, ,
-4, ,51, ,
-4, ,50, ,
-1, ,49, ,
-1, ,51, ,
-5, ,51, ,
-1, ,50, ,
-1, ,50, ,
-4, ,51, ,
-6, ,49, ,
-2, ,51, ,
-7, ,49, ,
-2, ,50, ,
-2, ,50, ,
-6, ,50, ,
-7, ,49, ,
0, ,51, ,
-2, ,50, ,
1, ,50, ,
0, ,50, ,
-5, ,51, ,
-7, ,49, ,
-1, ,51, ,
-5, ,49, ,
-4, ,50, ,
-1, ,50, ,
-4, ,50, ,
-4, ,49, ,
-2, ,51, ,
-9, ,51, ,
-2, ,50, ,
0, ,50, ,
1, ,51, ,
1, ,49, ,
6, ,51, ,
4, ,49, ,
4, ,50, ,
1, ,51, ,
3, ,50, ,
-4, ,49, ,
-1, ,51, ,
-7, ,50, ,
1, ,50, ,
5, ,51, ,
1, ,51, ,
0, ,50, ,
4, ,51, ,
0, ,50, ,
1, ,50, ,
-1, ,51, ,
3, ,50, ,
5, ,49, ,
5, ,51, ,
-2, ,50, ,
3, ,50, ,
1, ,50, ,
0, ,51, ,
1, ,49, ,
5, ,51, ,
-1, ,50, ,
6, ,50, ,
3, ,50, ,
1, ,50, ,
-2, ,49, ,
0, ,51, ,
-6, ,51, ,
-2, ,50, ,
3, ,50, ,
3, ,51, ,
-4, ,50, ,
3, ,51, ,
-1, ,50, ,
3, ,50, ,
1, ,51, ,
3, ,51, ,
3, ,49, ,
4, ,51, ,
-1, ,51, ,
1, ,50, ,
3, ,50, ,
5, ,51, ,
-1, ,50, ,
8, ,51, ,
3, ,50, ,
-1, ,50, ,
1, ,50, ,
-1, ,51, ,
-1, ,50, ,
4, ,51, ,
-4, ,50, ,
1, ,50, ,
5, ,50, ,
3, ,51, ,
1, ,49, ,
5, ,51, ,
4, ,50, ,
5, ,50, ,
