Format,1.0B,
Memory Length,10000,Memory Length,10000,
IntpDistance,0,IntpDistance,0,
Trigger Address,4999,Trigger Address,4999,
Trigger Level,-1.000E+00,Trigger Level,-1.000E+00,
Source,CH1,Source,CH2,
Vertical Units,V,Vertical Units,V,
Vertical Units Div,0,Vertical Units Div,0,
Vertical Units Extend Div,16,Vertical Units Extend Div,16,
Label,,Label,,
Probe Type,0,Probe Type,0,
Probe Ratio,1.000e+01,Probe Ratio,1.000e+00,
Vertical Scale,2.000e-02,Vertical Scale,1.000e+00,
Vertical Position,-5.120e-02,Vertical Position,2.000e-01,
Horizontal Units,S,Horizontal Units,S,
Horizontal Scale,1.000E-05,Horizontal Scale,1.000E-05,
Horizontal Position,0.000E+00,Horizontal Position,0.000E+00,
Horizontal Mode,Main,Horizontal Mode,Main,
SincET Mode,Real Time,SincET Mode,Real Time,
Sampling Period,1.000e-08,Sampling Period,1.000e-08,
Horizontal Old Scale,1.000E-05,Horizontal Old Scale,1.000E-05,
Horizontal Old Position,0.000E+00,Horizontal Old Position,0.000E+00,
Firmware,V1.23,Firmware,V1.23,
Mode,Fast,Mode,Fast,
Waveform Data,,Waveform Data,,
0, ,-47, ,
3, ,-47, ,
-1, ,-46, ,
-1, ,-48, ,
-4, ,-47, ,
-1, ,-47, ,
1, ,-47, ,
1, ,-48, ,
-2, ,-46, ,
0, ,-47, ,
0, ,-47, ,
-2, ,-47, ,
-5, ,-47, ,
1, ,-47, ,
1, ,-46, ,
0, ,-48, ,
-1, ,-47, ,
0, ,-47, ,
1, ,-47, ,
3, ,-48, ,
-5, ,-46, ,
-1, ,-47, ,
1, ,-47, ,
0, ,-47, ,
-2, ,-47, ,
3, ,-47, ,
-1, ,-46, ,
-1, ,-47, ,
-1, ,-47, ,
3, ,-46, ,
1, ,-47, ,
1, ,-47, ,
-7, ,-46, ,
0, ,-47, ,
-4, ,-47, ,
-2, ,-47, ,
-5, ,-47, ,
-1, ,-47, ,
1, ,-47, ,
3, ,-48, ,
0, ,-47, ,
4, ,-47, ,
1, ,-47, ,
1, ,-48, ,
-4, ,-47, ,
1, ,-48, ,
5, ,-47, ,
0, ,-47, ,
-2, ,-47, ,
4, ,-47, ,
3, ,-47, ,
0, ,-48, ,
-5, ,-47, ,
0, ,-47, ,
0, ,-47, ,
1, ,-47, ,
-4, ,-46, ,
-1, ,-47, ,
3, ,-47, ,
0, ,-47, ,
-2, ,-47, ,
4, ,-47, ,
1, ,-47, ,
1, ,-48, ,
1, ,-47, ,
4, ,-47, ,
5, ,-47, ,
3, ,-48, ,
-4, ,-47, ,
-1, ,-47, ,
-1, ,-47, ,
-5, ,-47, ,
-7, ,-47, ,
1, ,-47, ,
-1, ,-47, ,
1, ,-47, ,
0, ,-47, ,
3, ,-47, ,
4, ,-47, ,
1, ,-47, ,
-2, ,-46, ,
0, ,-48, ,
-1, ,-47, ,
-2, ,-47, ,
-6, ,-47, ,
3, ,-47, ,
0, ,-46, ,
-1, ,-47, ,
-4, ,-47, ,
-2, ,-47, ,
0, ,-47, ,
1, ,-48, ,
-5, ,-46, ,
3, ,-47, ,
1, ,-47, ,
-1, ,-47, ,
-6, ,-47, ,
-1, ,-47, ,
-4, ,-47, ,
-2, ,-48, ,
-4, ,-47, ,
0, ,-47, ,
0, ,-47, ,
0, ,-47, ,
-5, ,-47, ,
1, ,-47, ,
0, ,-47, ,
-2, ,-47, ,
-5, ,-47, ,
3, ,-47, ,
3, ,-47, ,
0, ,-47, ,
0, ,-47, ,
1, ,-47, ,
1, ,-47, ,
1, ,-47, ,
-6, ,-47, ,
-2, ,-47, ,
4, ,-47, ,
-2, ,-47, ,
-2, ,-47, ,
6, ,-47, ,
0, ,-47, ,
3, ,-48, ,
1, ,-47, ,
5, ,-47, ,
4, ,-47, ,
4, ,-47, ,
0, ,-46, ,
1, ,-47, ,
3, ,-47, ,
1, ,-47, ,
-1, ,-47, ,
3, ,-47, ,
1, ,-46, ,
0, ,-48, ,
-2, ,-47, ,
0, ,-47, ,
0, ,-47, ,
3, ,-47, ,
-1, ,-47, ,
5, ,-47, ,
5, ,-47, ,
1, ,-47, ,
-2, ,-47, ,
4, ,-47, ,
0, ,-47, ,
3, ,-48, ,
0, ,-47, ,
3, ,-47, ,
4, ,-47, ,
1, ,-48, ,
-2, ,-46, ,
3, ,-47, ,
1, ,-47, ,
1, ,-47, ,
-5, ,-47, ,
3, ,-47, ,
5, ,-47, ,
5, ,-48, ,
4, ,-47, ,
4, ,-47, ,
1, ,-47, ,
1, ,-47, ,
-4, ,-47, ,
3, ,-47, ,
5, ,-47, ,
3, ,-47, ,
1, ,-47, ,
5, ,-47, ,
1, ,-46, ,
1, ,-48, ,
-4, ,-47, ,
0, ,-47, ,
-1, ,-47, ,
1, ,-47, ,
-1, ,-46, ,
4, ,-48, ,
5, ,-47, ,
3, ,-47, ,
0, ,-47, ,
6, ,-47, ,
4, ,-46, ,
4, ,-48, ,
1, ,-47, ,
4, ,-47, ,
5, ,-47, ,
4, ,-48, ,
-1, ,-47, ,
4, ,-47, ,
5, ,-47, ,
1, ,-47, ,
-4, ,-47, ,
3, ,-47, ,
-1, ,-47, ,
4, ,-48, ,
-2, ,-47, ,
4, ,-47, ,
4, ,-47, ,
1, ,-47, ,
4, ,-46, ,
4, ,-47, ,
4, ,-47, ,
3, ,-47, ,
-4, ,-47, ,
6, ,-47, ,
4, ,-46, ,
1, ,-48, ,
3, ,-47, ,
5, ,-47, ,
5, ,-47, ,
5, ,-48, ,
1, ,-47, ,
8, ,-47, ,
5, ,-47, ,
4, ,-47, ,
0, ,-47, ,
3, ,-47, ,
3, ,-47, ,
0, ,-48, ,
-5, ,-47, ,
-2, ,-47, ,
1, ,-47, ,
9, ,-47, ,
4, ,-47, ,
9, ,-47, ,
9, ,-47, ,
3, ,-47, ,
1, ,-48, ,
3, ,-47, ,
1, ,-47, ,
0, ,-48, ,
0, ,-47, ,
1, ,-47, ,
1, ,-47, ,
1, ,-48, ,
-5, ,-47, ,
-1, ,-47, ,
-1, ,-47, ,
-2, ,-47, ,
-4, ,-47, ,
1, ,-47, ,
-1, ,-47, ,
0, ,-48, ,
-5, ,-47, ,
-1, ,-47, ,
1, ,-47, ,
0, ,-47, ,
-1, ,-46, ,
3, ,-48, ,
6, ,-47, ,
3, ,-47, ,
-1, ,-47, ,
5, ,-47, ,
-2, ,-47, ,
-2, ,-48, ,
-6, ,-47, ,
-4, ,-47, ,
-2, ,-47, ,
0, ,-48, ,
-5, ,-46, ,
4, ,-48, ,
3, ,-47, ,
3, ,-47, ,
-2, ,-47, ,
4, ,-47, ,
1, ,-47, ,
0, ,-48, ,
-1, ,-47, ,
0, ,-47, ,
3, ,-47, ,
3, ,-48, ,
-5, ,-47, ,
1, ,-47, ,
0, ,-47, ,
0, ,-47, ,
-4, ,-47, ,
1, ,-47, ,
-1, ,-47, ,
-2, ,-48, ,
-1, ,-47, ,
1, ,-47, ,
3, ,-47, ,
5, ,-47, ,
-1, ,-47, ,
4, ,-47, ,
5, ,-47, ,
0, ,-47, ,
0, ,-48, ,
4, ,-47, ,
1, ,-46, ,
0, ,-48, ,
-4, ,-47, ,
0, ,-47, ,
-2, ,-47, ,
-2, ,-48, ,
-7, ,-47, ,
-1, ,-47, ,
1, ,-47, ,
0, ,-47, ,
1, ,-47, ,
6, ,-47, ,
5, ,-46, ,
4, ,-48, ,
0, ,-47, ,
3, ,-47, ,
1, ,-47, ,
1, ,-48, ,
-6, ,-45, ,
-4, ,-41, ,
1, ,-30, ,
3, ,-20, ,
-2, ,-11, ,
9, ,-4, ,
-5, ,3, ,
6, ,9, ,
6, ,14, ,
4, ,18, ,
9, ,22, ,
10, ,26, ,
1, ,28, ,
5, ,31, ,
4, ,34, ,
3, ,35, ,
-4, ,37, ,
8, ,37, ,
4, ,38, ,
0, ,39, ,
3, ,40, ,
8, ,41, ,
4, ,42, ,
3, ,42, ,
-4, ,41, ,
-2, ,44, ,
0, ,44, ,
3, ,44, ,
1, ,45, ,
3, ,45, ,
1, ,44, ,
1, ,46, ,
-2, ,45, ,
4, ,46, ,
3, ,46, ,
3, ,46, ,
-4, ,45, ,
4, ,47, ,
1, ,46, ,
1, ,46, ,
1, ,46, ,
4, ,46, ,
4, ,45, ,
3, ,47, ,
0, ,46, ,
4, ,46, ,
1, ,47, ,
6, ,46, ,
-2, ,45, ,
3, ,47, ,
4, ,46, ,
0, ,46, ,
-4, ,46, ,
5, ,46, ,
1, ,45, ,
1, ,46, ,
1, ,46, ,
8, ,46, ,
6, ,46, ,
5, ,47, ,
0, ,45, ,
6, ,47, ,
3, ,46, ,
-2, ,45, ,
-4, ,46, ,
4, ,46, ,
3, ,45, ,
5, ,46, ,
4, ,46, ,
5, ,46, ,
1, ,46, ,
3, ,46, ,
-5, ,44, ,
0, ,46, ,
3, ,46, ,
1, ,45, ,
1, ,46, ,
6, ,46, ,
3, ,45, ,
4, ,47, ,
1, ,45, ,
0, ,46, ,
0, ,46, ,
3, ,46, ,
0, ,45, ,
3, ,46, ,
0, ,46, ,
1, ,45, ,
-4, ,46, ,
1, ,46, ,
0, ,45, ,
-1, ,46, ,
1, ,46, ,
5, ,46, ,
4, ,46, ,
8, ,45, ,
1, ,44, ,
4, ,46, ,
3, ,45, ,
1, ,45, ,
-1, ,46, ,
5, ,46, ,
3, ,45, ,
3, ,46, ,
0, ,45, ,
3, ,45, ,
3, ,46, ,
1, ,46, ,
-11, ,44, ,
1, ,46, ,
6, ,45, ,
0, ,45, ,
5, ,46, ,
6, ,46, ,
5, ,45, ,
5, ,46, ,
4, ,45, ,
3, ,46, ,
4, ,46, ,
5, ,46, ,
1, ,44, ,
3, ,46, ,
5, ,46, ,
4, ,45, ,
-1, ,46, ,
5, ,46, ,
5, ,45, ,
4, ,46, ,
3, ,45, ,
4, ,46, ,
5, ,46, ,
6, ,46, ,
3, ,44, ,
5, ,46, ,
5, ,45, ,
4, ,46, ,
-1, ,46, ,
5, ,46, ,
3, ,45, ,
1, ,46, ,
3, ,45, ,
4, ,45, ,
8, ,46, ,
9, ,46, ,
0, ,44, ,
6, ,46, ,
4, ,46, ,
3, ,45, ,
-2, ,46, ,
5, ,46, ,
4, ,45, ,
6, ,46, ,
4, ,45, ,
6, ,45, ,
4, ,46, ,
5, ,46, ,
0, ,44, ,
4, ,46, ,
5, ,46, ,
5, ,46, ,
1, ,46, ,
6, ,46, ,
5, ,45, ,
3, ,46, ,
-1, ,45, ,
-1, ,45, ,
-2, ,46, ,
3, ,45, ,
1, ,44, ,
3, ,46, ,
4, ,46, ,
1, ,45, ,
-4, ,46, ,
3, ,46, ,
-2, ,45, ,
1, ,46, ,
-1, ,45, ,
1, ,45, ,
3, ,46, ,
3, ,46, ,
-5, ,44, ,
1, ,46, ,
1, ,45, ,
0, ,45, ,
-2, ,46, ,
1, ,46, ,
0, ,44, ,
-1, ,46, ,
-1, ,46, ,
0, ,46, ,
-2, ,46, ,
0, ,46, ,
-1, ,44, ,
4, ,46, ,
3, ,46, ,
1, ,45, ,
-1, ,46, ,
3, ,46, ,
1, ,44, ,
1, ,46, ,
-1, ,45, ,
3, ,45, ,
4, ,46, ,
6, ,46, ,
-2, ,44, ,
3, ,46, ,
1, ,45, ,
0, ,45, ,
-5, ,45, ,
-2, ,46, ,
-2, ,45, ,
-1, ,46, ,
-5, ,45, ,
-1, ,46, ,
-4, ,46, ,
1, ,46, ,
-2, ,44, ,
5, ,46, ,
4, ,45, ,
1, ,46, ,
1, ,46, ,
5, ,46, ,
-1, ,44, ,
-4, ,46, ,
-6, ,45, ,
-2, ,46, ,
-2, ,46, ,
1, ,46, ,
-1, ,44, ,
0, ,46, ,
1, ,45, ,
1, ,45, ,
-2, ,46, ,
1, ,46, ,
0, ,45, ,
0, ,46, ,
-1, ,45, ,
1, ,46, ,
1, ,46, ,
1, ,45, ,
-5, ,44, ,
0, ,46, ,
0, ,45, ,
-2, ,45, ,
-6, ,46, ,
3, ,46, ,
-4, ,45, ,
-1, ,46, ,
-6, ,45, ,
-4, ,45, ,
-2, ,46, ,
-2, ,46, ,
-4, ,44, ,
1, ,46, ,
3, ,45, ,
1, ,45, ,
-2, ,46, ,
1, ,46, ,
0, ,45, ,
-1, ,46, ,
-2, ,45, ,
1, ,45, ,
-2, ,46, ,
1, ,46, ,
-6, ,44, ,
-1, ,46, ,
0, ,46, ,
-1, ,45, ,
-4, ,46, ,
3, ,46, ,
-4, ,44, ,
0, ,46, ,
0, ,45, ,
0, ,46, ,
1, ,46, ,
4, ,45, ,
-6, ,44, ,
-1, ,46, ,
-2, ,45, ,
-2, ,45, ,
-2, ,46, ,
4, ,46, ,
5, ,45, ,
3, ,46, ,
-1, ,45, ,
1, ,45, ,
0, ,46, ,
3, ,45, ,
-5, ,44, ,
0, ,46, ,
0, ,45, ,
1, ,45, ,
-1, ,45, ,
3, ,46, ,
-1, ,45, ,
1, ,46, ,
-4, ,45, ,
-1, ,45, ,
3, ,46, ,
3, ,46, ,
-1, ,44, ,
4, ,46, ,
3, ,46, ,
3, ,45, ,
0, ,46, ,
5, ,46, ,
1, ,45, ,
3, ,46, ,
1, ,45, ,
1, ,45, ,
0, ,46, ,
1, ,46, ,
-4, ,44, ,
3, ,46, ,
0, ,45, ,
-2, ,45, ,
-6, ,45, ,
3, ,46, ,
1, ,44, ,
3, ,46, ,
3, ,45, ,
4, ,46, ,
5, ,46, ,
1, ,45, ,
-6, ,44, ,
0, ,46, ,
-4, ,45, ,
-2, ,45, ,
-5, ,46, ,
0, ,46, ,
3, ,44, ,
1, ,46, ,
0, ,45, ,
1, ,45, ,
0, ,46, ,
3, ,45, ,
-1, ,44, ,
8, ,46, ,
6, ,45, ,
5, ,45, ,
-1, ,46, ,
4, ,46, ,
1, ,45, ,
1, ,46, ,
-1, ,45, ,
3, ,45, ,
4, ,46, ,
6, ,46, ,
-1, ,44, ,
4, ,46, ,
0, ,45, ,
0, ,45, ,
0, ,46, ,
4, ,46, ,
5, ,45, ,
5, ,46, ,
3, ,45, ,
6, ,46, ,
6, ,46, ,
5, ,46, ,
-2, ,44, ,
3, ,46, ,
4, ,45, ,
1, ,45, ,
-1, ,46, ,
8, ,46, ,
5, ,44, ,
8, ,46, ,
4, ,45, ,
1, ,46, ,
4, ,46, ,
1, ,46, ,
-2, ,44, ,
5, ,46, ,
5, ,45, ,
5, ,45, ,
1, ,45, ,
8, ,46, ,
4, ,44, ,
3, ,46, ,
1, ,45, ,
4, ,46, ,
5, ,46, ,
8, ,46, ,
1, ,44, ,
5, ,46, ,
4, ,45, ,
3, ,45, ,
1, ,46, ,
4, ,46, ,
1, ,45, ,
5, ,46, ,
3, ,45, ,
5, ,45, ,
3, ,46, ,
6, ,46, ,
0, ,44, ,
4, ,46, ,
3, ,45, ,
4, ,45, ,
0, ,45, ,
6, ,46, ,
4, ,45, ,
4, ,46, ,
4, ,45, ,
4, ,45, ,
1, ,46, ,
6, ,45, ,
1, ,44, ,
5, ,46, ,
3, ,45, ,
1, ,45, ,
-1, ,45, ,
5, ,46, ,
-1, ,44, ,
4, ,46, ,
0, ,45, ,
1, ,45, ,
0, ,46, ,
-1, ,46, ,
-5, ,44, ,
1, ,46, ,
4, ,45, ,
5, ,46, ,
3, ,45, ,
10, ,46, ,
3, ,45, ,
4, ,46, ,
1, ,45, ,
0, ,45, ,
0, ,46, ,
4, ,46, ,
1, ,44, ,
4, ,46, ,
5, ,46, ,
3, ,45, ,
0, ,45, ,
5, ,46, ,
4, ,45, ,
5, ,46, ,
6, ,45, ,
11, ,45, ,
9, ,46, ,
8, ,45, ,
3, ,44, ,
5, ,46, ,
1, ,46, ,
1, ,46, ,
-2, ,46, ,
5, ,46, ,
6, ,45, ,
3, ,46, ,
3, ,45, ,
1, ,46, ,
0, ,46, ,
3, ,46, ,
-1, ,44, ,
5, ,46, ,
5, ,45, ,
3, ,45, ,
1, ,45, ,
4, ,46, ,
3, ,45, ,
4, ,46, ,
-4, ,45, ,
4, ,45, ,
3, ,46, ,
3, ,46, ,
-1, ,44, ,
4, ,46, ,
3, ,45, ,
5, ,45, ,
-1, ,46, ,
1, ,46, ,
3, ,45, ,
1, ,46, ,
-4, ,45, ,
1, ,46, ,
1, ,46, ,
5, ,46, ,
-1, ,44, ,
3, ,46, ,
5, ,45, ,
0, ,45, ,
-5, ,46, ,
1, ,45, ,
-4, ,44, ,
-1, ,46, ,
-4, ,45, ,
-2, ,46, ,
-1, ,46, ,
1, ,46, ,
-1, ,44, ,
1, ,46, ,
1, ,45, ,
4, ,45, ,
-4, ,46, ,
4, ,46, ,
0, ,45, ,
1, ,46, ,
0, ,45, ,
4, ,45, ,
0, ,46, ,
3, ,46, ,
-1, ,44, ,
4, ,46, ,
4, ,46, ,
1, ,45, ,
0, ,46, ,
3, ,46, ,
-1, ,45, ,
-2, ,46, ,
-4, ,45, ,
-2, ,46, ,
-2, ,46, ,
1, ,46, ,
-1, ,44, ,
3, ,46, ,
3, ,45, ,
0, ,45, ,
-5, ,46, ,
3, ,46, ,
-5, ,44, ,
-2, ,46, ,
-5, ,45, ,
1, ,46, ,
1, ,46, ,
4, ,46, ,
-2, ,44, ,
0, ,46, ,
3, ,46, ,
-1, ,45, ,
-5, ,46, ,
3, ,46, ,
-2, ,45, ,
1, ,46, ,
-1, ,45, ,
1, ,45, ,
-4, ,46, ,
-6, ,46, ,
-15, ,44, ,
-12, ,46, ,
-12, ,46, ,
-12, ,45, ,
-16, ,45, ,
-5, ,46, ,
-7, ,45, ,
-4, ,46, ,
-4, ,45, ,
-2, ,45, ,
1, ,46, ,
9, ,46, ,
5, ,44, ,
10, ,46, ,
6, ,46, ,
3, ,45, ,
-2, ,45, ,
0, ,46, ,
-1, ,45, ,
-4, ,46, ,
-2, ,45, ,
0, ,45, ,
-1, ,46, ,
0, ,46, ,
-6, ,44, ,
-1, ,46, ,
-4, ,45, ,
-5, ,45, ,
-9, ,46, ,
-4, ,46, ,
-4, ,45, ,
-6, ,46, ,
-5, ,45, ,
-2, ,45, ,
-6, ,46, ,
-1, ,45, ,
-6, ,44, ,
0, ,46, ,
4, ,46, ,
-1, ,45, ,
0, ,46, ,
3, ,46, ,
0, ,45, ,
3, ,46, ,
-4, ,45, ,
-1, ,46, ,
-1, ,46, ,
0, ,45, ,
-5, ,44, ,
0, ,46, ,
1, ,46, ,
0, ,45, ,
0, ,45, ,
5, ,46, ,
1, ,45, ,
0, ,46, ,
-4, ,46, ,
0, ,45, ,
-1, ,46, ,
-1, ,46, ,
-4, ,44, ,
3, ,46, ,
4, ,45, ,
1, ,45, ,
-4, ,46, ,
1, ,46, ,
-1, ,45, ,
4, ,46, ,
1, ,45, ,
5, ,45, ,
5, ,46, ,
4, ,46, ,
-2, ,44, ,
-1, ,46, ,
-5, ,46, ,
-2, ,45, ,
-7, ,45, ,
3, ,46, ,
4, ,45, ,
4, ,46, ,
1, ,45, ,
4, ,45, ,
1, ,46, ,
3, ,46, ,
-1, ,44, ,
1, ,46, ,
4, ,45, ,
4, ,45, ,
3, ,45, ,
5, ,46, ,
3, ,45, ,
1, ,46, ,
3, ,45, ,
3, ,45, ,
3, ,46, ,
4, ,46, ,
-2, ,44, ,
3, ,46, ,
3, ,46, ,
3, ,45, ,
0, ,46, ,
4, ,46, ,
4, ,44, ,
3, ,46, ,
0, ,45, ,
5, ,45, ,
4, ,46, ,
5, ,46, ,
-2, ,44, ,
1, ,46, ,
3, ,45, ,
1, ,45, ,
-4, ,45, ,
5, ,46, ,
0, ,44, ,
3, ,46, ,
3, ,45, ,
4, ,45, ,
6, ,46, ,
1, ,46, ,
-2, ,44, ,
3, ,46, ,
4, ,45, ,
4, ,46, ,
1, ,46, ,
9, ,46, ,
6, ,45, ,
8, ,46, ,
5, ,45, ,
4, ,45, ,
4, ,46, ,
1, ,46, ,
-1, ,44, ,
1, ,46, ,
1, ,45, ,
1, ,45, ,
-1, ,46, ,
6, ,46, ,
6, ,44, ,
9, ,46, ,
4, ,45, ,
8, ,46, ,
6, ,46, ,
6, ,46, ,
3, ,44, ,
6, ,46, ,
4, ,45, ,
3, ,46, ,
1, ,46, ,
5, ,46, ,
5, ,44, ,
3, ,46, ,
4, ,45, ,
5, ,45, ,
5, ,46, ,
6, ,45, ,
1, ,44, ,
4, ,46, ,
6, ,45, ,
3, ,45, ,
0, ,46, ,
6, ,46, ,
4, ,44, ,
5, ,46, ,
0, ,45, ,
8, ,45, ,
5, ,46, ,
4, ,46, ,
0, ,44, ,
3, ,46, ,
4, ,45, ,
1, ,45, ,
0, ,46, ,
5, ,46, ,
4, ,44, ,
4, ,46, ,
4, ,45, ,
6, ,46, ,
3, ,46, ,
8, ,46, ,
1, ,44, ,
4, ,46, ,
9, ,45, ,
5, ,45, ,
0, ,46, ,
4, ,46, ,
-2, ,45, ,
0, ,46, ,
-1, ,45, ,
0, ,46, ,
-1, ,46, ,
0, ,46, ,
-1, ,44, ,
5, ,46, ,
3, ,45, ,
4, ,46, ,
0, ,46, ,
4, ,46, ,
3, ,45, ,
3, ,46, ,
4, ,45, ,
5, ,45, ,
5, ,46, ,
9, ,45, ,
3, ,44, ,
6, ,46, ,
9, ,45, ,
10, ,45, ,
5, ,46, ,
11, ,46, ,
8, ,45, ,
9, ,46, ,
6, ,46, ,
6, ,46, ,
5, ,46, ,
9, ,46, ,
4, ,44, ,
8, ,46, ,
6, ,45, ,
6, ,45, ,
4, ,46, ,
5, ,46, ,
4, ,45, ,
1, ,46, ,
0, ,45, ,
3, ,45, ,
3, ,46, ,
6, ,46, ,
0, ,44, ,
4, ,46, ,
9, ,45, ,
6, ,45, ,
1, ,45, ,
4, ,45, ,
-2, ,45, ,
1, ,46, ,
-1, ,45, ,
4, ,45, ,
5, ,46, ,
6, ,46, ,
3, ,45, ,
8, ,45, ,
8, ,40, ,
3, ,31, ,
-4, ,21, ,
4, ,11, ,
-2, ,3, ,
-2, ,-4, ,
-2, ,-9, ,
-1, ,-14, ,
-2, ,-20, ,
-4, ,-24, ,
-9, ,-27, ,
-2, ,-30, ,
-2, ,-32, ,
-2, ,-35, ,
-4, ,-37, ,
1, ,-39, ,
-4, ,-39, ,
-1, ,-42, ,
-2, ,-42, ,
-1, ,-42, ,
1, ,-44, ,
-1, ,-44, ,
-5, ,-44, ,
-2, ,-46, ,
0, ,-46, ,
0, ,-46, ,
-5, ,-46, ,
-4, ,-47, ,
-4, ,-46, ,
-6, ,-48, ,
-9, ,-47, ,
-4, ,-47, ,
-5, ,-47, ,
-2, ,-48, ,
-4, ,-47, ,
3, ,-47, ,
4, ,-47, ,
0, ,-48, ,
-4, ,-48, ,
1, ,-48, ,
1, ,-47, ,
0, ,-49, ,
-1, ,-48, ,
1, ,-47, ,
0, ,-48, ,
0, ,-48, ,
-7, ,-47, ,
-2, ,-48, ,
0, ,-48, ,
-1, ,-48, ,
-7, ,-48, ,
4, ,-48, ,
1, ,-47, ,
0, ,-48, ,
-2, ,-48, ,
-1, ,-47, ,
-6, ,-48, ,
-2, ,-48, ,
-4, ,-47, ,
-1, ,-48, ,
1, ,-48, ,
-4, ,-48, ,
-7, ,-48, ,
0, ,-48, ,
-5, ,-47, ,
-5, ,-48, ,
-9, ,-47, ,
-6, ,-47, ,
-5, ,-48, ,
-4, ,-48, ,
-7, ,-47, ,
0, ,-48, ,
-2, ,-48, ,
-1, ,-48, ,
-5, ,-48, ,
-1, ,-48, ,
-1, ,-47, ,
-4, ,-48, ,
-2, ,-47, ,
-1, ,-47, ,
-5, ,-47, ,
0, ,-48, ,
-6, ,-47, ,
-4, ,-48, ,
-4, ,-47, ,
-6, ,-47, ,
-10, ,-47, ,
-2, ,-48, ,
-4, ,-47, ,
-4, ,-48, ,
-5, ,-47, ,
-2, ,-47, ,
-2, ,-48, ,
-1, ,-48, ,
-10, ,-47, ,
-2, ,-48, ,
-1, ,-47, ,
-4, ,-47, ,
-5, ,-48, ,
1, ,-47, ,
0, ,-47, ,
-2, ,-48, ,
-4, ,-47, ,
-4, ,-47, ,
-4, ,-47, ,
-2, ,-48, ,
-5, ,-47, ,
-1, ,-48, ,
0, ,-47, ,
-1, ,-47, ,
-4, ,-48, ,
0, ,-47, ,
-1, ,-47, ,
3, ,-48, ,
-2, ,-47, ,
1, ,-47, ,
1, ,-47, ,
-1, ,-48, ,
-7, ,-47, ,
3, ,-47, ,
6, ,-47, ,
4, ,-47, ,
-1, ,-48, ,
5, ,-47, ,
3, ,-46, ,
0, ,-48, ,
-2, ,-47, ,
-1, ,-47, ,
-1, ,-47, ,
1, ,-48, ,
-6, ,-47, ,
-1, ,-48, ,
-1, ,-47, ,
-2, ,-47, ,
-2, ,-48, ,
0, ,-48, ,
0, ,-46, ,
3, ,-48, ,
1, ,-47, ,
5, ,-47, ,
5, ,-47, ,
0, ,-48, ,
-4, ,-46, ,
1, ,-47, ,
0, ,-47, ,
0, ,-47, ,
-1, ,-47, ,
5, ,-47, ,
6, ,-47, ,
6, ,-48, ,
8, ,-47, ,
6, ,-47, ,
4, ,-47, ,
5, ,-48, ,
-4, ,-47, ,
3, ,-47, ,
4, ,-47, ,
-1, ,-47, ,
1, ,-47, ,
3, ,-47, ,
-1, ,-46, ,
0, ,-48, ,
1, ,-47, ,
5, ,-47, ,
6, ,-47, ,
4, ,-47, ,
0, ,-46, ,
3, ,-48, ,
1, ,-48, ,
1, ,-47, ,
-4, ,-47, ,
5, ,-48, ,
5, ,-47, ,
5, ,-48, ,
5, ,-47, ,
6, ,-47, ,
3, ,-47, ,
4, ,-48, ,
-1, ,-47, ,
0, ,-48, ,
4, ,-47, ,
4, ,-47, ,
0, ,-47, ,
5, ,-48, ,
4, ,-47, ,
6, ,-48, ,
5, ,-47, ,
4, ,-47, ,
6, ,-47, ,
4, ,-47, ,
3, ,-47, ,
4, ,-47, ,
4, ,-47, ,
4, ,-47, ,
0, ,-48, ,
9, ,-47, ,
6, ,-46, ,
6, ,-48, ,
10, ,-47, ,
4, ,-47, ,
3, ,-47, ,
3, ,-48, ,
0, ,-47, ,
6, ,-47, ,
5, ,-47, ,
6, ,-47, ,
1, ,-47, ,
1, ,-47, ,
5, ,-46, ,
6, ,-48, ,
4, ,-47, ,
8, ,-47, ,
10, ,-47, ,
9, ,-47, ,
4, ,-46, ,
5, ,-47, ,
5, ,-47, ,
0, ,-47, ,
-1, ,-47, ,
4, ,-47, ,
5, ,-46, ,
5, ,-48, ,
3, ,-47, ,
6, ,-47, ,
5, ,-47, ,
5, ,-47, ,
0, ,-47, ,
4, ,-47, ,
5, ,-47, ,
4, ,-47, ,
0, ,-47, ,
4, ,-47, ,
3, ,-46, ,
4, ,-48, ,
-2, ,-47, ,
0, ,-47, ,
1, ,-47, ,
1, ,-47, ,
1, ,-47, ,
4, ,-47, ,
8, ,-47, ,
3, ,-47, ,
-1, ,-47, ,
6, ,-47, ,
3, ,-47, ,
3, ,-47, ,
0, ,-47, ,
1, ,-47, ,
1, ,-47, ,
4, ,-47, ,
0, ,-47, ,
3, ,-47, ,
4, ,-47, ,
1, ,-47, ,
-5, ,-47, ,
4, ,-47, ,
0, ,-47, ,
3, ,-48, ,
1, ,-47, ,
3, ,-47, ,
5, ,-47, ,
6, ,-48, ,
0, ,-46, ,
5, ,-47, ,
3, ,-47, ,
3, ,-47, ,
-1, ,-47, ,
5, ,-47, ,
1, ,-47, ,
0, ,-48, ,
-4, ,-47, ,
-1, ,-47, ,
-2, ,-47, ,
0, ,-47, ,
-2, ,-47, ,
5, ,-47, ,
8, ,-47, ,
3, ,-47, ,
4, ,-47, ,
6, ,-47, ,
3, ,-46, ,
1, ,-48, ,
-1, ,-47, ,
0, ,-47, ,
3, ,-47, ,
5, ,-47, ,
3, ,-47, ,
5, ,-47, ,
5, ,-47, ,
1, ,-47, ,
-2, ,-47, ,
3, ,-47, ,
-1, ,-47, ,
-1, ,-48, ,
0, ,-47, ,
4, ,-47, ,
3, ,-47, ,
5, ,-48, ,
-2, ,-47, ,
1, ,-47, ,
5, ,-47, ,
0, ,-47, ,
-5, ,-47, ,
3, ,-47, ,
-1, ,-47, ,
-1, ,-48, ,
-1, ,-47, ,
-2, ,-47, ,
-1, ,-47, ,
-1, ,-48, ,
-5, ,-46, ,
1, ,-48, ,
4, ,-47, ,
3, ,-47, ,
-2, ,-47, ,
6, ,-47, ,
3, ,-47, ,
-2, ,-48, ,
-1, ,-47, ,
-1, ,-47, ,
-4, ,-47, ,
-1, ,-47, ,
-6, ,-47, ,
1, ,-47, ,
0, ,-47, ,
-1, ,-47, ,
-6, ,-47, ,
-1, ,-47, ,
-5, ,-47, ,
-4, ,-48, ,
-4, ,-47, ,
0, ,-47, ,
0, ,-47, ,
1, ,-47, ,
-1, ,-46, ,
3, ,-47, ,
0, ,-47, ,
-2, ,-47, ,
-5, ,-47, ,
-4, ,-47, ,
0, ,-46, ,
-2, ,-48, ,
-6, ,-47, ,
3, ,-47, ,
0, ,-47, ,
4, ,-47, ,
-2, ,-47, ,
-1, ,-47, ,
-1, ,-47, ,
-4, ,-47, ,
-4, ,-47, ,
0, ,-47, ,
-2, ,-46, ,
-1, ,-48, ,
-4, ,-47, ,
0, ,-47, ,
0, ,-47, ,
-1, ,-47, ,
-2, ,-46, ,
0, ,-47, ,
4, ,-47, ,
3, ,-47, ,
-1, ,-47, ,
6, ,-47, ,
1, ,-47, ,
-1, ,-48, ,
-5, ,-47, ,
-4, ,-46, ,
-1, ,-47, ,
1, ,-47, ,
-1, ,-47, ,
1, ,-47, ,
3, ,-47, ,
0, ,-47, ,
-6, ,-47, ,
1, ,-47, ,
-1, ,-47, ,
0, ,-48, ,
1, ,-47, ,
4, ,-47, ,
4, ,-47, ,
1, ,-47, ,
-1, ,-47, ,
0, ,-47, ,
-1, ,-47, ,
0, ,-47, ,
-4, ,-47, ,
1, ,-47, ,
4, ,-47, ,
4, ,-48, ,
3, ,-47, ,
4, ,-47, ,
0, ,-47, ,
4, ,-48, ,
-4, ,-47, ,
3, ,-47, ,
6, ,-47, ,
1, ,-47, ,
0, ,-47, ,
6, ,-47, ,
4, ,-47, ,
4, ,-48, ,
-1, ,-47, ,
3, ,-47, ,
3, ,-47, ,
1, ,-47, ,
-2, ,-46, ,
-1, ,-47, ,
0, ,-47, ,
3, ,-47, ,
-2, ,-47, ,
3, ,-47, ,
3, ,-47, ,
3, ,-48, ,
1, ,-47, ,
1, ,-47, ,
3, ,-47, ,
3, ,-47, ,
0, ,-47, ,
0, ,-48, ,
6, ,-47, ,
3, ,-47, ,
-4, ,-47, ,
4, ,-47, ,
3, ,-47, ,
3, ,-48, ,
-1, ,-47, ,
1, ,-47, ,
1, ,-47, ,
0, ,-47, ,
-4, ,-46, ,
0, ,-47, ,
0, ,-47, ,
3, ,-47, ,
-2, ,-47, ,
8, ,-47, ,
8, ,-46, ,
9, ,-48, ,
5, ,-47, ,
6, ,-47, ,
1, ,-47, ,
3, ,-47, ,
-6, ,-47, ,
0, ,-48, ,
3, ,-47, ,
4, ,-47, ,
-1, ,-47, ,
4, ,-47, ,
4, ,-47, ,
1, ,-48, ,
1, ,-47, ,
3, ,-47, ,
1, ,-47, ,
5, ,-48, ,
0, ,-46, ,
4, ,-47, ,
4, ,-47, ,
1, ,-47, ,
-1, ,-47, ,
4, ,-47, ,
5, ,-47, ,
3, ,-48, ,
1, ,-47, ,
4, ,-47, ,
4, ,-47, ,
4, ,-48, ,
-4, ,-47, ,
0, ,-47, ,
4, ,-47, ,
-1, ,-47, ,
-2, ,-47, ,
5, ,-47, ,
4, ,-46, ,
8, ,-48, ,
3, ,-47, ,
4, ,-46, ,
5, ,-47, ,
0, ,-47, ,
-2, ,-47, ,
0, ,-47, ,
1, ,-47, ,
0, ,-47, ,
-4, ,-47, ,
4, ,-47, ,
4, ,-46, ,
1, ,-48, ,
0, ,-47, ,
1, ,-47, ,
3, ,-47, ,
3, ,-48, ,
-2, ,-46, ,
1, ,-47, ,
4, ,-47, ,
1, ,-47, ,
-4, ,-47, ,
5, ,-47, ,
4, ,-46, ,
1, ,-48, ,
0, ,-47, ,
4, ,-47, ,
5, ,-47, ,
6, ,-47, ,
1, ,-46, ,
5, ,-48, ,
4, ,-47, ,
3, ,-47, ,
-2, ,-47, ,
1, ,-47, ,
0, ,-47, ,
-1, ,-47, ,
-1, ,-47, ,
4, ,-47, ,
1, ,-47, ,
3, ,-48, ,
-6, ,-47, ,
0, ,-47, ,
4, ,-47, ,
0, ,-47, ,
-1, ,-47, ,
4, ,-47, ,
3, ,-47, ,
3, ,-48, ,
0, ,-47, ,
3, ,-47, ,
3, ,-47, ,
1, ,-47, ,
-4, ,-46, ,
4, ,-47, ,
4, ,-47, ,
3, ,-47, ,
0, ,-47, ,
5, ,-47, ,
1, ,-47, ,
0, ,-47, ,
-4, ,-47, ,
0, ,-47, ,
4, ,-47, ,
6, ,-47, ,
4, ,-47, ,
8, ,-47, ,
5, ,-47, ,
4, ,-47, ,
-4, ,-47, ,
1, ,-47, ,
-5, ,-47, ,
-2, ,-48, ,
-4, ,-47, ,
-2, ,-47, ,
3, ,-47, ,
3, ,-48, ,
-2, ,-46, ,
3, ,-48, ,
-1, ,-47, ,
0, ,-47, ,
-4, ,-47, ,
1, ,-47, ,
3, ,-46, ,
3, ,-48, ,
0, ,-47, ,
1, ,-47, ,
-1, ,-47, ,
-4, ,-48, ,
-7, ,-47, ,
-2, ,-47, ,
-1, ,-47, ,
-1, ,-47, ,
-1, ,-47, ,
1, ,-47, ,
-1, ,-47, ,
-2, ,-48, ,
-5, ,-47, ,
-1, ,-46, ,
0, ,-47, ,
1, ,-47, ,
-4, ,-47, ,
4, ,-47, ,
1, ,-47, ,
-1, ,-47, ,
-4, ,-47, ,
-1, ,-47, ,
0, ,-47, ,
-2, ,-48, ,
-4, ,-47, ,
-1, ,-47, ,
-2, ,-47, ,
1, ,-47, ,
-2, ,-47, ,
1, ,-47, ,
0, ,-47, ,
-2, ,-47, ,
0, ,-47, ,
0, ,-47, ,
-7, ,-46, ,
3, ,-48, ,
-2, ,-47, ,
3, ,-47, ,
4, ,-47, ,
4, ,-47, ,
-2, ,-46, ,
4, ,-47, ,
3, ,-47, ,
0, ,-47, ,
-1, ,-47, ,
4, ,-47, ,
4, ,-46, ,
0, ,-48, ,
-1, ,-47, ,
1, ,-47, ,
1, ,-47, ,
1, ,-48, ,
-2, ,-47, ,
1, ,-47, ,
3, ,-47, ,
3, ,-47, ,
-2, ,-47, ,
4, ,-47, ,
1, ,-47, ,
0, ,-48, ,
-1, ,-47, ,
1, ,-47, ,
3, ,-47, ,
3, ,-47, ,
-1, ,-46, ,
4, ,-47, ,
0, ,-48, ,
0, ,-47, ,
-2, ,-47, ,
3, ,-47, ,
0, ,-47, ,
-1, ,-48, ,
-1, ,-47, ,
3, ,-47, ,
0, ,-47, ,
6, ,-48, ,
0, ,-47, ,
4, ,-47, ,
5, ,-47, ,
0, ,-47, ,
-2, ,-47, ,
3, ,-47, ,
1, ,-47, ,
0, ,-48, ,
0, ,-47, ,
5, ,-47, ,
3, ,-47, ,
1, ,-47, ,
-1, ,-46, ,
0, ,-47, ,
1, ,-47, ,
0, ,-47, ,
-2, ,-47, ,
0, ,-47, ,
-2, ,-47, ,
-1, ,-48, ,
-2, ,-47, ,
3, ,-47, ,
1, ,-47, ,
0, ,-47, ,
-1, ,-47, ,
3, ,-47, ,
4, ,-47, ,
3, ,-47, ,
-2, ,-47, ,
0, ,-47, ,
-1, ,-47, ,
-4, ,-48, ,
-6, ,-47, ,
0, ,-46, ,
0, ,-47, ,
5, ,-47, ,
4, ,-47, ,
5, ,-47, ,
8, ,-47, ,
8, ,-47, ,
4, ,-47, ,
9, ,-47, ,
4, ,-47, ,
3, ,-48, ,
1, ,-47, ,
4, ,-47, ,
3, ,-47, ,
4, ,-47, ,
-4, ,-47, ,
3, ,-47, ,
4, ,-47, ,
4, ,-47, ,
3, ,-47, ,
10, ,-47, ,
9, ,-46, ,
6, ,-48, ,
5, ,-47, ,
6, ,-47, ,
4, ,-47, ,
4, ,-48, ,
1, ,-46, ,
6, ,-47, ,
6, ,-47, ,
4, ,-47, ,
3, ,-47, ,
6, ,-47, ,
5, ,-46, ,
1, ,-48, ,
0, ,-47, ,
1, ,-47, ,
0, ,-47, ,
3, ,-48, ,
-2, ,-47, ,
0, ,-47, ,
5, ,-47, ,
3, ,-47, ,
4, ,-47, ,
10, ,-48, ,
6, ,-47, ,
6, ,-48, ,
0, ,-47, ,
3, ,-47, ,
5, ,-47, ,
3, ,-48, ,
-2, ,-47, ,
5, ,-47, ,
3, ,-47, ,
0, ,-47, ,
-2, ,-47, ,
4, ,-47, ,
4, ,-47, ,
4, ,-48, ,
3, ,-47, ,
5, ,-47, ,
3, ,-47, ,
1, ,-48, ,
-4, ,-47, ,
0, ,-47, ,
3, ,-47, ,
4, ,-47, ,
0, ,-48, ,
8, ,-47, ,
6, ,-47, ,
8, ,-48, ,
3, ,-47, ,
3, ,-47, ,
4, ,-47, ,
1, ,-47, ,
-4, ,-47, ,
3, ,-47, ,
5, ,-47, ,
5, ,-47, ,
3, ,-47, ,
5, ,-47, ,
5, ,-46, ,
1, ,-47, ,
1, ,-47, ,
3, ,-47, ,
3, ,-47, ,
6, ,-47, ,
-2, ,-47, ,
3, ,-47, ,
5, ,-47, ,
-1, ,-47, ,
-1, ,-47, ,
1, ,-47, ,
3, ,-46, ,
5, ,-48, ,
3, ,-47, ,
6, ,-46, ,
5, ,-47, ,
4, ,-47, ,
-1, ,-47, ,
1, ,-47, ,
3, ,-47, ,
0, ,-47, ,
-2, ,-48, ,
4, ,-47, ,
4, ,-46, ,
3, ,-48, ,
-1, ,-47, ,
4, ,-47, ,
3, ,-47, ,
5, ,-47, ,
1, ,-47, ,
5, ,-47, ,
4, ,-47, ,
0, ,-44, ,
-2, ,-37, ,
9, ,-26, ,
4, ,-16, ,
8, ,-8, ,
4, ,0, ,
5, ,7, ,
3, ,12, ,
4, ,16, ,
1, ,20, ,
9, ,23, ,
9, ,27, ,
9, ,30, ,
1, ,32, ,
5, ,34, ,
5, ,35, ,
1, ,37, ,
1, ,38, ,
1, ,39, ,
0, ,40, ,
3, ,41, ,
-2, ,41, ,
3, ,42, ,
0, ,44, ,
0, ,44, ,
-4, ,44, ,
-1, ,45, ,
-1, ,44, ,
-1, ,45, ,
1, ,45, ,
1, ,45, ,
3, ,46, ,
0, ,46, ,
-2, ,45, ,
0, ,46, ,
1, ,46, ,
-1, ,46, ,
-1, ,46, ,
4, ,46, ,
0, ,45, ,
0, ,47, ,
-2, ,46, ,
-1, ,46, ,
-4, ,46, ,
0, ,47, ,
-5, ,45, ,
0, ,47, ,
3, ,46, ,
1, ,46, ,
-1, ,46, ,
1, ,46, ,
-4, ,46, ,
0, ,47, ,
-4, ,46, ,
1, ,46, ,
0, ,46, ,
1, ,47, ,
-2, ,45, ,
1, ,46, ,
1, ,46, ,
1, ,46, ,
-5, ,46, ,
1, ,46, ,
1, ,45, ,
-1, ,47, ,
-1, ,45, ,
1, ,46, ,
1, ,46, ,
4, ,46, ,
-1, ,45, ,
1, ,46, ,
1, ,46, ,
0, ,46, ,
-4, ,46, ,
0, ,46, ,
-1, ,45, ,
-1, ,47, ,
0, ,45, ,
0, ,46, ,
1, ,46, ,
1, ,46, ,
-6, ,45, ,
0, ,46, ,
0, ,46, ,
-1, ,46, ,
-6, ,46, ,
0, ,46, ,
-1, ,45, ,
-1, ,46, ,
-4, ,45, ,
-1, ,46, ,
-2, ,46, ,
0, ,46, ,
-5, ,45, ,
1, ,46, ,
1, ,46, ,
-2, ,45, ,
-2, ,46, ,
1, ,46, ,
-1, ,45, ,
1, ,46, ,
-2, ,45, ,
1, ,46, ,
0, ,46, ,
3, ,46, ,
-2, ,44, ,
3, ,46, ,
0, ,46, ,
0, ,45, ,
-4, ,46, ,
0, ,46, ,
-1, ,44, ,
0, ,46, ,
-2, ,45, ,
3, ,46, ,
4, ,46, ,
6, ,46, ,
-1, ,44, ,
4, ,46, ,
3, ,46, ,
0, ,46, ,
-4, ,46, ,
0, ,46, ,
-4, ,45, ,
-1, ,46, ,
-1, ,45, ,
3, ,46, ,
0, ,46, ,
3, ,46, ,
-4, ,45, ,
4, ,46, ,
3, ,46, ,
4, ,45, ,
3, ,46, ,
6, ,46, ,
4, ,45, ,
0, ,46, ,
-1, ,45, ,
1, ,45, ,
-1, ,46, ,
4, ,46, ,
0, ,44, ,
5, ,46, ,
5, ,46, ,
4, ,45, ,
1, ,46, ,
1, ,46, ,
0, ,45, ,
0, ,46, ,
1, ,45, ,
4, ,46, ,
4, ,46, ,
9, ,46, ,
1, ,44, ,
5, ,46, ,
5, ,45, ,
3, ,45, ,
0, ,46, ,
4, ,46, ,
5, ,45, ,
3, ,46, ,
1, ,45, ,
3, ,46, ,
1, ,46, ,
3, ,46, ,
-5, ,44, ,
4, ,46, ,
4, ,46, ,
1, ,46, ,
4, ,46, ,
5, ,46, ,
5, ,45, ,
3, ,46, ,
0, ,45, ,
0, ,45, ,
1, ,46, ,
4, ,46, ,
-1, ,45, ,
4, ,46, ,
4, ,45, ,
3, ,45, ,
-1, ,45, ,
3, ,45, ,
0, ,45, ,
1, ,46, ,
-1, ,45, ,
1, ,45, ,
0, ,46, ,
3, ,46, ,
-1, ,44, ,
5, ,46, ,
4, ,46, ,
5, ,46, ,
-1, ,46, ,
6, ,46, ,
4, ,45, ,
4, ,46, ,
3, ,45, ,
3, ,46, ,
0, ,46, ,
1, ,46, ,
-1, ,44, ,
5, ,46, ,
4, ,45, ,
5, ,45, ,
0, ,45, ,
5, ,46, ,
10, ,45, ,
11, ,46, ,
1, ,45, ,
3, ,45, ,
3, ,46, ,
3, ,46, ,
1, ,44, ,
6, ,46, ,
8, ,46, ,
3, ,45, ,
1, ,45, ,
6, ,46, ,
4, ,45, ,
4, ,46, ,
3, ,45, ,
4, ,46, ,
4, ,46, ,
6, ,46, ,
0, ,44, ,
0, ,46, ,
3, ,46, ,
1, ,45, ,
1, ,46, ,
5, ,46, ,
3, ,44, ,
3, ,46, ,
4, ,45, ,
8, ,45, ,
5, ,46, ,
3, ,46, ,
0, ,44, ,
1, ,46, ,
5, ,45, ,
3, ,46, ,
-2, ,45, ,
6, ,46, ,
3, ,45, ,
5, ,46, ,
3, ,45, ,
0, ,46, ,
4, ,46, ,
3, ,46, ,
-5, ,44, ,
3, ,46, ,
3, ,45, ,
3, ,46, ,
3, ,46, ,
10, ,46, ,
5, ,45, ,
3, ,46, ,
4, ,45, ,
-1, ,45, ,
0, ,46, ,
1, ,46, ,
-4, ,45, ,
0, ,46, ,
-1, ,45, ,
4, ,45, ,
3, ,46, ,
-1, ,46, ,
1, ,45, ,
4, ,46, ,
1, ,45, ,
5, ,45, ,
5, ,46, ,
6, ,46, ,
4, ,44, ,
4, ,46, ,
3, ,46, ,
-2, ,45, ,
-2, ,46, ,
3, ,46, ,
3, ,44, ,
0, ,46, ,
-2, ,45, ,
1, ,46, ,
0, ,46, ,
4, ,46, ,
-2, ,44, ,
1, ,46, ,
1, ,45, ,
1, ,45, ,
-1, ,45, ,
6, ,46, ,
1, ,45, ,
9, ,46, ,
1, ,46, ,
-2, ,46, ,
3, ,46, ,
4, ,46, ,
-5, ,44, ,
3, ,46, ,
4, ,45, ,
3, ,45, ,
-4, ,46, ,
1, ,46, ,
0, ,44, ,
1, ,46, ,
-1, ,45, ,
3, ,45, ,
1, ,46, ,
4, ,45, ,
4, ,44, ,
3, ,46, ,
4, ,46, ,
4, ,45, ,
-1, ,46, ,
5, ,46, ,
3, ,45, ,
0, ,46, ,
-2, ,45, ,
-2, ,45, ,
0, ,46, ,
1, ,46, ,
-4, ,44, ,
0, ,46, ,
0, ,46, ,
0, ,45, ,
-4, ,46, ,
3, ,46, ,
1, ,45, ,
1, ,46, ,
-1, ,45, ,
0, ,45, ,
-2, ,46, ,
-1, ,45, ,
-7, ,44, ,
-4, ,46, ,
0, ,45, ,
0, ,45, ,
-1, ,45, ,
1, ,46, ,
-1, ,45, ,
1, ,46, ,
-2, ,45, ,
0, ,46, ,
0, ,46, ,
3, ,46, ,
-1, ,44, ,
1, ,46, ,
1, ,46, ,
0, ,45, ,
-4, ,46, ,
-1, ,46, ,
-1, ,45, ,
3, ,46, ,
0, ,46, ,
3, ,46, ,
4, ,46, ,
1, ,46, ,
0, ,44, ,
5, ,46, ,
3, ,46, ,
0, ,46, ,
-6, ,46, ,
0, ,46, ,
-5, ,45, ,
0, ,46, ,
-1, ,45, ,
1, ,45, ,
3, ,46, ,
3, ,45, ,
-1, ,44, ,
1, ,46, ,
0, ,46, ,
1, ,45, ,
-6, ,45, ,
4, ,46, ,
5, ,44, ,
0, ,46, ,
1, ,45, ,
1, ,45, ,
0, ,46, ,
0, ,46, ,
-5, ,44, ,
3, ,46, ,
0, ,46, ,
0, ,45, ,
-1, ,46, ,
1, ,46, ,
3, ,44, ,
3, ,46, ,
-1, ,45, ,
1, ,46, ,
0, ,46, ,
6, ,45, ,
1, ,44, ,
6, ,46, ,
5, ,45, ,
1, ,45, ,
-1, ,45, ,
4, ,46, ,
-1, ,44, ,
1, ,46, ,
-2, ,45, ,
0, ,46, ,
-2, ,46, ,
4, ,46, ,
0, ,44, ,
1, ,46, ,
-2, ,46, ,
-5, ,45, ,
0, ,45, ,
5, ,46, ,
1, ,45, ,
4, ,46, ,
3, ,45, ,
3, ,45, ,
4, ,46, ,
1, ,46, ,
-2, ,44, ,
1, ,46, ,
5, ,45, ,
3, ,45, ,
-2, ,46, ,
1, ,46, ,
-2, ,45, ,
-6, ,46, ,
-4, ,45, ,
-1, ,45, ,
-1, ,46, ,
3, ,45, ,
-1, ,44, ,
3, ,46, ,
3, ,46, ,
3, ,45, ,
-1, ,46, ,
8, ,46, ,
3, ,45, ,
3, ,46, ,
1, ,45, ,
3, ,45, ,
3, ,46, ,
0, ,46, ,
-6, ,44, ,
1, ,46, ,
1, ,46, ,
-1, ,45, ,
-1, ,45, ,
6, ,46, ,
1, ,45, ,
4, ,46, ,
4, ,45, ,
4, ,45, ,
3, ,46, ,
4, ,46, ,
0, ,44, ,
3, ,46, ,
5, ,45, ,
3, ,45, ,
3, ,45, ,
6, ,46, ,
4, ,44, ,
5, ,46, ,
1, ,45, ,
3, ,46, ,
0, ,46, ,
4, ,46, ,
0, ,44, ,
3, ,46, ,
3, ,45, ,
5, ,45, ,
4, ,46, ,
4, ,46, ,
3, ,44, ,
1, ,46, ,
-6, ,45, ,
0, ,45, ,
0, ,46, ,
3, ,45, ,
1, ,44, ,
5, ,46, ,
4, ,46, ,
1, ,45, ,
-5, ,46, ,
3, ,46, ,
-1, ,45, ,
3, ,46, ,
0, ,45, ,
0, ,46, ,
1, ,46, ,
3, ,46, ,
-4, ,44, ,
1, ,46, ,
-1, ,46, ,
3, ,46, ,
3, ,45, ,
9, ,46, ,
6, ,45, ,
3, ,46, ,
0, ,45, ,
0, ,45, ,
-1, ,46, ,
1, ,46, ,
-4, ,44, ,
0, ,46, ,
1, ,45, ,
1, ,45, ,
1, ,46, ,
5, ,46, ,
4, ,45, ,
3, ,46, ,
1, ,45, ,
4, ,45, ,
3, ,46, ,
4, ,45, ,
-2, ,45, ,
3, ,46, ,
5, ,45, ,
1, ,45, ,
3, ,46, ,
4, ,46, ,
4, ,45, ,
-1, ,46, ,
-1, ,45, ,
3, ,45, ,
3, ,46, ,
5, ,46, ,
-1, ,44, ,
1, ,46, ,
1, ,45, ,
3, ,45, ,
0, ,46, ,
5, ,46, ,
4, ,44, ,
6, ,46, ,
3, ,45, ,
5, ,45, ,
4, ,46, ,
1, ,46, ,
-1, ,44, ,
0, ,46, ,
3, ,45, ,
0, ,45, ,
-4, ,46, ,
4, ,46, ,
3, ,44, ,
4, ,46, ,
3, ,45, ,
3, ,45, ,
3, ,46, ,
3, ,46, ,
-1, ,44, ,
4, ,46, ,
6, ,46, ,
4, ,45, ,
4, ,45, ,
5, ,46, ,
1, ,45, ,
0, ,46, ,
-2, ,45, ,
-1, ,45, ,
0, ,46, ,
1, ,46, ,
-2, ,44, ,
4, ,46, ,
4, ,46, ,
1, ,45, ,
-1, ,46, ,
3, ,45, ,
4, ,44, ,
1, ,46, ,
0, ,45, ,
0, ,45, ,
1, ,46, ,
3, ,45, ,
-7, ,44, ,
-4, ,46, ,
-1, ,46, ,
-1, ,45, ,
-1, ,45, ,
4, ,46, ,
-1, ,45, ,
1, ,47, ,
-1, ,45, ,
1, ,46, ,
1, ,46, ,
3, ,46, ,
-1, ,44, ,
0, ,46, ,
0, ,45, ,
-1, ,45, ,
-1, ,46, ,
4, ,46, ,
3, ,45, ,
1, ,46, ,
0, ,45, ,
5, ,45, ,
1, ,46, ,
1, ,46, ,
0, ,44, ,
4, ,46, ,
4, ,46, ,
3, ,45, ,
0, ,46, ,
5, ,46, ,
0, ,45, ,
0, ,46, ,
0, ,45, ,
0, ,45, ,
3, ,46, ,
5, ,46, ,
0, ,44, ,
3, ,46, ,
3, ,46, ,
0, ,45, ,
1, ,46, ,
8, ,46, ,
4, ,44, ,
3, ,47, ,
0, ,45, ,
1, ,45, ,
0, ,46, ,
5, ,45, ,
-2, ,44, ,
4, ,46, ,
1, ,46, ,
1, ,45, ,
-2, ,45, ,
3, ,46, ,
3, ,45, ,
3, ,46, ,
1, ,45, ,
4, ,46, ,
4, ,46, ,
4, ,46, ,
-2, ,44, ,
0, ,46, ,
0, ,46, ,
-1, ,45, ,
0, ,46, ,
5, ,46, ,
-1, ,45, ,
1, ,46, ,
-4, ,45, ,
-1, ,46, ,
-2, ,46, ,
3, ,46, ,
-4, ,44, ,
3, ,46, ,
4, ,46, ,
4, ,45, ,
-5, ,46, ,
4, ,46, ,
-1, ,45, ,
0, ,46, ,
-1, ,45, ,
4, ,45, ,
5, ,46, ,
4, ,45, ,
0, ,44, ,
1, ,46, ,
1, ,46, ,
-1, ,45, ,
-5, ,45, ,
0, ,46, ,
-1, ,45, ,
4, ,46, ,
1, ,45, ,
3, ,45, ,
4, ,46, ,
5, ,46, ,
-1, ,44, ,
3, ,46, ,
4, ,45, ,
3, ,45, ,
-1, ,45, ,
4, ,45, ,
0, ,45, ,
0, ,46, ,
-2, ,45, ,
-1, ,45, ,
-1, ,46, ,
1, ,45, ,
-2, ,44, ,
4, ,46, ,
4, ,45, ,
1, ,45, ,
-1, ,46, ,
3, ,46, ,
0, ,44, ,
1, ,46, ,
1, ,45, ,
4, ,45, ,
5, ,46, ,
10, ,46, ,
4, ,44, ,
4, ,46, ,
4, ,46, ,
1, ,45, ,
-2, ,45, ,
3, ,46, ,
0, ,45, ,
1, ,46, ,
0, ,45, ,
3, ,45, ,
3, ,46, ,
3, ,46, ,
0, ,44, ,
1, ,46, ,
4, ,46, ,
0, ,45, ,
-6, ,45, ,
4, ,46, ,
0, ,45, ,
1, ,47, ,
3, ,46, ,
3, ,45, ,
4, ,46, ,
-2, ,46, ,
-2, ,44, ,
10, ,46, ,
3, ,46, ,
1, ,45, ,
-2, ,46, ,
1, ,45, ,
-1, ,45, ,
0, ,46, ,
-2, ,45, ,
0, ,45, ,
3, ,46, ,
1, ,46, ,
-1, ,45, ,
4, ,46, ,
4, ,46, ,
3, ,46, ,
-4, ,46, ,
5, ,46, ,
0, ,45, ,
-1, ,47, ,
1, ,45, ,
3, ,46, ,
3, ,46, ,
4, ,46, ,
-1, ,45, ,
5, ,46, ,
4, ,45, ,
1, ,45, ,
0, ,45, ,
3, ,46, ,
5, ,45, ,
3, ,46, ,
0, ,45, ,
5, ,45, ,
1, ,45, ,
4, ,46, ,
-4, ,44, ,
1, ,46, ,
3, ,46, ,
4, ,45, ,
4, ,46, ,
6, ,46, ,
5, ,45, ,
3, ,46, ,
-1, ,45, ,
-1, ,46, ,
-1, ,46, ,
3, ,45, ,
-2, ,44, ,
3, ,46, ,
5, ,45, ,
3, ,45, ,
0, ,45, ,
6, ,46, ,
1, ,45, ,
3, ,46, ,
3, ,45, ,
3, ,45, ,
1, ,46, ,
5, ,46, ,
-1, ,44, ,
0, ,46, ,
0, ,46, ,
-1, ,45, ,
-5, ,44, ,
3, ,37, ,
-4, ,27, ,
-5, ,17, ,
-6, ,8, ,
-5, ,0, ,
-2, ,-6, ,
-1, ,-12, ,
-4, ,-17, ,
-4, ,-21, ,
-4, ,-25, ,
-6, ,-28, ,
-6, ,-31, ,
0, ,-33, ,
-1, ,-36, ,
-1, ,-38, ,
-5, ,-39, ,
-5, ,-40, ,
-4, ,-41, ,
-2, ,-42, ,
-6, ,-43, ,
-1, ,-44, ,
3, ,-44, ,
-1, ,-45, ,
-2, ,-45, ,
3, ,-46, ,
1, ,-46, ,
-1, ,-47, ,
0, ,-47, ,
0, ,-46, ,
-1, ,-47, ,
0, ,-47, ,
-5, ,-47, ,
-1, ,-47, ,
1, ,-47, ,
-2, ,-47, ,
-2, ,-48, ,
1, ,-48, ,
1, ,-47, ,
-2, ,-48, ,
-4, ,-48, ,
-1, ,-47, ,
-1, ,-48, ,
-1, ,-48, ,
-4, ,-47, ,
1, ,-48, ,
3, ,-48, ,
-1, ,-48, ,
-2, ,-48, ,
5, ,-48, ,
0, ,-48, ,
1, ,-48, ,
1, ,-47, ,
3, ,-47, ,
0, ,-48, ,
1, ,-48, ,
-4, ,-47, ,
0, ,-48, ,
4, ,-48, ,
4, ,-47, ,
0, ,-48, ,
4, ,-48, ,
0, ,-47, ,
0, ,-48, ,
-6, ,-48, ,
-12, ,-47, ,
-14, ,-48, ,
-15, ,-48, ,
-19, ,-47, ,
-10, ,-48, ,
-9, ,-48, ,
-4, ,-47, ,
-5, ,-48, ,
5, ,-48, ,
6, ,-47, ,
8, ,-48, ,
5, ,-47, ,
9, ,-47, ,
9, ,-48, ,
9, ,-48, ,
3, ,-47, ,
5, ,-48, ,
4, ,-47, ,
-2, ,-47, ,
-4, ,-48, ,
0, ,-47, ,
0, ,-47, ,
-1, ,-48, ,
0, ,-48, ,
-1, ,-47, ,
-2, ,-48, ,
1, ,-48, ,
-6, ,-47, ,
0, ,-48, ,
1, ,-48, ,
-4, ,-47, ,
-4, ,-47, ,
0, ,-48, ,
0, ,-47, ,
-2, ,-48, ,
-5, ,-47, ,
-1, ,-47, ,
-4, ,-47, ,
0, ,-48, ,
-6, ,-47, ,
-2, ,-48, ,
1, ,-47, ,
-4, ,-47, ,
-4, ,-47, ,
1, ,-48, ,
-1, ,-47, ,
-1, ,-48, ,
-2, ,-47, ,
0, ,-47, ,
1, ,-47, ,
0, ,-48, ,
-1, ,-47, ,
0, ,-48, ,
-2, ,-47, ,
-4, ,-47, ,
-9, ,-47, ,
0, ,-47, ,
1, ,-47, ,
-1, ,-48, ,
-1, ,-47, ,
0, ,-47, ,
1, ,-47, ,
3, ,-48, ,
-1, ,-47, ,
5, ,-47, ,
1, ,-47, ,
1, ,-47, ,
-6, ,-47, ,
-1, ,-47, ,
1, ,-47, ,
3, ,-48, ,
0, ,-47, ,
4, ,-47, ,
3, ,-47, ,
1, ,-47, ,
-4, ,-47, ,
4, ,-47, ,
3, ,-47, ,
-1, ,-47, ,
-5, ,-47, ,
3, ,-47, ,
3, ,-46, ,
3, ,-48, ,
3, ,-47, ,
5, ,-47, ,
3, ,-47, ,
1, ,-47, ,
-4, ,-47, ,
5, ,-48, ,
9, ,-47, ,
6, ,-47, ,
3, ,-47, ,
6, ,-47, ,
4, ,-47, ,
3, ,-48, ,
-1, ,-48, ,
6, ,-47, ,
5, ,-47, ,
8, ,-47, ,
3, ,-47, ,
4, ,-47, ,
1, ,-47, ,
-1, ,-47, ,
-2, ,-47, ,
0, ,-47, ,
1, ,-47, ,
4, ,-48, ,
4, ,-47, ,
8, ,-47, ,
6, ,-47, ,
8, ,-48, ,
1, ,-47, ,
1, ,-48, ,
3, ,-47, ,
0, ,-47, ,
-5, ,-47, ,
4, ,-47, ,
1, ,-46, ,
3, ,-48, ,
1, ,-47, ,
4, ,-47, ,
8, ,-47, ,
4, ,-48, ,
1, ,-46, ,
8, ,-47, ,
4, ,-48, ,
5, ,-47, ,
-1, ,-47, ,
6, ,-47, ,
5, ,-47, ,
3, ,-48, ,
1, ,-47, ,
3, ,-47, ,
5, ,-47, ,
9, ,-48, ,
4, ,-47, ,
6, ,-47, ,
5, ,-47, ,
4, ,-47, ,
0, ,-47, ,
0, ,-47, ,
0, ,-47, ,
3, ,-48, ,
3, ,-47, ,
6, ,-47, ,
8, ,-47, ,
8, ,-48, ,
3, ,-47, ,
8, ,-48, ,
5, ,-47, ,
3, ,-47, ,
-1, ,-47, ,
6, ,-47, ,
5, ,-47, ,
5, ,-48, ,
1, ,-47, ,
5, ,-47, ,
3, ,-47, ,
3, ,-47, ,
-2, ,-47, ,
1, ,-47, ,
6, ,-47, ,
5, ,-47, ,
4, ,-47, ,
8, ,-47, ,
6, ,-47, ,
8, ,-48, ,
4, ,-47, ,
8, ,-47, ,
5, ,-47, ,
4, ,-48, ,
-1, ,-46, ,
4, ,-48, ,
3, ,-47, ,
3, ,-47, ,
-1, ,-47, ,
4, ,-47, ,
0, ,-46, ,
0, ,-48, ,
-1, ,-47, ,
1, ,-46, ,
4, ,-47, ,
4, ,-48, ,
1, ,-47, ,
5, ,-48, ,
4, ,-47, ,
3, ,-47, ,
0, ,-47, ,
3, ,-47, ,
0, ,-47, ,
0, ,-48, ,
-1, ,-47, ,
4, ,-46, ,
3, ,-47, ,
3, ,-48, ,
-4, ,-46, ,
1, ,-47, ,
1, ,-47, ,
3, ,-47, ,
0, ,-47, ,
4, ,-47, ,
6, ,-47, ,
5, ,-47, ,
6, ,-47, ,
9, ,-47, ,
5, ,-47, ,
6, ,-48, ,
1, ,-47, ,
9, ,-47, ,
9, ,-47, ,
5, ,-47, ,
4, ,-47, ,
6, ,-47, ,
5, ,-47, ,
3, ,-47, ,
-2, ,-47, ,
3, ,-47, ,
1, ,-47, ,
4, ,-48, ,
-1, ,-47, ,
4, ,-47, ,
6, ,-47, ,
5, ,-47, ,
0, ,-47, ,
8, ,-47, ,
4, ,-46, ,
0, ,-48, ,
1, ,-47, ,
6, ,-47, ,
9, ,-47, ,
5, ,-47, ,
-4, ,-47, ,
3, ,-47, ,
4, ,-47, ,
1, ,-47, ,
5, ,-47, ,
9, ,-47, ,
4, ,-47, ,
3, ,-48, ,
3, ,-47, ,
0, ,-47, ,
4, ,-47, ,
3, ,-48, ,
-1, ,-46, ,
1, ,-47, ,
3, ,-47, ,
4, ,-47, ,
-1, ,-48, ,
6, ,-47, ,
3, ,-47, ,
1, ,-48, ,
0, ,-47, ,
1, ,-47, ,
1, ,-47, ,
1, ,-48, ,
-5, ,-47, ,
1, ,-47, ,
3, ,-47, ,
0, ,-47, ,
-1, ,-47, ,
3, ,-47, ,
-2, ,-46, ,
-4, ,-48, ,
-6, ,-47, ,
-1, ,-47, ,
0, ,-47, ,
3, ,-47, ,
-2, ,-47, ,
1, ,-47, ,
3, ,-47, ,
-1, ,-47, ,
-5, ,-47, ,
1, ,-47, ,
-5, ,-46, ,
-6, ,-48, ,
-9, ,-47, ,
-5, ,-47, ,
-4, ,-47, ,
0, ,-48, ,
-9, ,-47, ,
-4, ,-47, ,
-1, ,-47, ,
-2, ,-47, ,
-5, ,-47, ,
1, ,-47, ,
-2, ,-47, ,
0, ,-48, ,
-1, ,-47, ,
-1, ,-47, ,
-2, ,-47, ,
-4, ,-47, ,
-9, ,-46, ,
-4, ,-47, ,
-4, ,-47, ,
-2, ,-47, ,
-6, ,-47, ,
0, ,-47, ,
-1, ,-47, ,
-4, ,-47, ,
-5, ,-47, ,
-5, ,-47, ,
-2, ,-47, ,
-2, ,-47, ,
-4, ,-46, ,
-1, ,-47, ,
0, ,-47, ,
-2, ,-47, ,
-5, ,-47, ,
0, ,-47, ,
-5, ,-46, ,
-5, ,-48, ,
-6, ,-47, ,
-5, ,-47, ,
-2, ,-47, ,
-2, ,-47, ,
-9, ,-47, ,
-1, ,-48, ,
-2, ,-47, ,
-4, ,-47, ,
-6, ,-47, ,
5, ,-47, ,
-1, ,-47, ,
-9, ,-48, ,
-10, ,-47, ,
-5, ,-47, ,
-2, ,-47, ,
-5, ,-48, ,
-9, ,-47, ,
0, ,-47, ,
-4, ,-47, ,
-5, ,-47, ,
-6, ,-47, ,
-2, ,-47, ,
-2, ,-46, ,
-1, ,-48, ,
-5, ,-47, ,
-4, ,-47, ,
-5, ,-47, ,
-5, ,-47, ,
-7, ,-46, ,
0, ,-47, ,
-1, ,-47, ,
-2, ,-47, ,
-4, ,-47, ,
3, ,-47, ,
-1, ,-47, ,
-2, ,-48, ,
-4, ,-47, ,
1, ,-47, ,
1, ,-47, ,
1, ,-48, ,
-6, ,-47, ,
-2, ,-48, ,
-2, ,-47, ,
-2, ,-47, ,
-5, ,-47, ,
-2, ,-47, ,
-2, ,-46, ,
0, ,-48, ,
-4, ,-47, ,
-1, ,-47, ,
4, ,-47, ,
-1, ,-48, ,
-4, ,-47, ,
1, ,-47, ,
-1, ,-47, ,
-1, ,-47, ,
-5, ,-47, ,
4, ,-47, ,
1, ,-47, ,
1, ,-47, ,
0, ,-47, ,
4, ,-47, ,
4, ,-47, ,
4, ,-48, ,
-4, ,-47, ,
3, ,-47, ,
3, ,-47, ,
1, ,-47, ,
-1, ,-47, ,
4, ,-47, ,
1, ,-46, ,
1, ,-48, ,
-1, ,-47, ,
4, ,-47, ,
5, ,-47, ,
9, ,-47, ,
4, ,-47, ,
10, ,-47, ,
6, ,-47, ,
4, ,-47, ,
-2, ,-47, ,
4, ,-47, ,
4, ,-47, ,
3, ,-48, ,
0, ,-47, ,
5, ,-47, ,
5, ,-47, ,
6, ,-47, ,
0, ,-47, ,
5, ,-47, ,
4, ,-47, ,
0, ,-47, ,
-2, ,-47, ,
5, ,-47, ,
4, ,-47, ,
6, ,-47, ,
6, ,-47, ,
8, ,-47, ,
8, ,-47, ,
6, ,-48, ,
0, ,-46, ,
5, ,-47, ,
6, ,-47, ,
4, ,-47, ,
0, ,-47, ,
5, ,-47, ,
4, ,-46, ,
4, ,-48, ,
0, ,-47, ,
1, ,-47, ,
4, ,-47, ,
5, ,-48, ,
3, ,-47, ,
9, ,-47, ,
8, ,-47, ,
3, ,-47, ,
-1, ,-47, ,
4, ,-47, ,
3, ,-47, ,
1, ,-47, ,
-1, ,-47, ,
4, ,-47, ,
4, ,-47, ,
6, ,-48, ,
1, ,-47, ,
4, ,-47, ,
5, ,-47, ,
4, ,-47, ,
1, ,-47, ,
4, ,-47, ,
4, ,-46, ,
6, ,-47, ,
5, ,-47, ,
8, ,-47, ,
9, ,-47, ,
9, ,-47, ,
6, ,-47, ,
5, ,-47, ,
5, ,-47, ,
4, ,-47, ,
3, ,-47, ,
8, ,-47, ,
8, ,-46, ,
8, ,-48, ,
5, ,-47, ,
5, ,-46, ,
5, ,-47, ,
5, ,-48, ,
0, ,-46, ,
6, ,-47, ,
8, ,-47, ,
6, ,-47, ,
3, ,-47, ,
8, ,-47, ,
5, ,-47, ,
6, ,-48, ,
-1, ,-47, ,
5, ,-47, ,
5, ,-47, ,
5, ,-48, ,
1, ,-47, ,
5, ,-47, ,
8, ,-47, ,
6, ,-47, ,
1, ,-47, ,
5, ,-47, ,
4, ,-47, ,
6, ,-48, ,
3, ,-47, ,
5, ,-47, ,
8, ,-47, ,
6, ,-48, ,
5, ,-47, ,
5, ,-48, ,
1, ,-47, ,
4, ,-47, ,
0, ,-47, ,
5, ,-47, ,
9, ,-47, ,
5, ,-48, ,
5, ,-47, ,
5, ,-47, ,
5, ,-47, ,
5, ,-48, ,
-1, ,-46, ,
4, ,-47, ,
4, ,-47, ,
3, ,-47, ,
-4, ,-47, ,
4, ,-47, ,
0, ,-46, ,
0, ,-48, ,
-1, ,-47, ,
3, ,-46, ,
0, ,-47, ,
5, ,-47, ,
-1, ,-46, ,
4, ,-48, ,
5, ,-47, ,
6, ,-47, ,
-1, ,-47, ,
4, ,-47, ,
0, ,-47, ,
0, ,-48, ,
-6, ,-47, ,
-2, ,-47, ,
-2, ,-47, ,
1, ,-48, ,
-5, ,-46, ,
0, ,-47, ,
3, ,-47, ,
1, ,-47, ,
-1, ,-47, ,
5, ,-47, ,
1, ,-47, ,
3, ,-48, ,
-1, ,-47, ,
5, ,-47, ,
3, ,-47, ,
0, ,-48, ,
-5, ,-47, ,
1, ,-47, ,
0, ,-47, ,
0, ,-47, ,
-4, ,-47, ,
3, ,-47, ,
0, ,-46, ,
0, ,-48, ,
-4, ,-47, ,
-1, ,-47, ,
-1, ,-47, ,
0, ,-47, ,
-5, ,-47, ,
0, ,-47, ,
4, ,-47, ,
4, ,-47, ,
3, ,-47, ,
3, ,-47, ,
1, ,-47, ,
-5, ,-48, ,
-4, ,-47, ,
-2, ,-47, ,
-2, ,-47, ,
-1, ,-47, ,
-4, ,-47, ,
1, ,-47, ,
-1, ,-47, ,
-2, ,-47, ,
-4, ,-47, ,
-1, ,-47, ,
-2, ,-46, ,
-5, ,-47, ,
-6, ,-47, ,
-2, ,-47, ,
-5, ,-47, ,
-5, ,-48, ,
-5, ,-47, ,
-5, ,-47, ,
-2, ,-48, ,
0, ,-47, ,
-7, ,-47, ,
1, ,-47, ,
-2, ,-47, ,
-2, ,-48, ,
-6, ,-47, ,
-5, ,-47, ,
-5, ,-47, ,
-4, ,-47, ,
-6, ,-47, ,
0, ,-47, ,
1, ,-47, ,
1, ,-47, ,
-1, ,-48, ,
3, ,-47, ,
-2, ,-47, ,
-4, ,-48, ,
-5, ,-47, ,
0, ,-47, ,
-2, ,-47, ,
-6, ,-47, ,
-11, ,-47, ,
-5, ,-47, ,
1, ,-47, ,
1, ,-47, ,
-2, ,-47, ,
6, ,-47, ,
-1, ,-46, ,
0, ,-47, ,
-5, ,-47, ,
-4, ,-47, ,
-4, ,-47, ,
-1, ,-47, ,
-4, ,-46, ,
4, ,-48, ,
-1, ,-47, ,
-1, ,-47, ,
-6, ,-48, ,
-2, ,-48, ,
-2, ,-47, ,
-4, ,-48, ,
-4, ,-47, ,
1, ,-47, ,
1, ,-47, ,
-1, ,-48, ,
-6, ,-47, ,
-1, ,-47, ,
0, ,-47, ,
0, ,-47, ,
-1, ,-47, ,
1, ,-47, ,
1, ,-46, ,
1, ,-48, ,
0, ,-47, ,
-1, ,-47, ,
1, ,-47, ,
-1, ,-48, ,
-5, ,-47, ,
3, ,-47, ,
3, ,-47, ,
3, ,-47, ,
1, ,-47, ,
5, ,-47, ,
1, ,-47, ,
-2, ,-48, ,
-4, ,-47, ,
-1, ,-47, ,
-1, ,-47, ,
0, ,-48, ,
0, ,-47, ,
4, ,-48, ,
4, ,-47, ,
-2, ,-47, ,
-5, ,-48, ,
0, ,-47, ,
0, ,-46, ,
1, ,-48, ,
1, ,-47, ,
4, ,-47, ,
4, ,-47, ,
0, ,-48, ,
-4, ,-47, ,
-1, ,-47, ,
1, ,-47, ,
-2, ,-47, ,
-6, ,-47, ,
1, ,-47, ,
0, ,-46, ,
1, ,-48, ,
0, ,-47, ,
1, ,-47, ,
3, ,-47, ,
1, ,-48, ,
-1, ,-46, ,
0, ,-47, ,
1, ,-47, ,
1, ,-47, ,
-1, ,-47, ,
3, ,-47, ,
0, ,-47, ,
1, ,-48, ,
0, ,-47, ,
4, ,-47, ,
4, ,-47, ,
3, ,-47, ,
-2, ,-47, ,
5, ,-47, ,
1, ,-47, ,
0, ,-47, ,
-4, ,-47, ,
0, ,-47, ,
3, ,-47, ,
0, ,-48, ,
0, ,-47, ,
4, ,-47, ,
4, ,-47, ,
9, ,-47, ,
3, ,-47, ,
10, ,-47, ,
6, ,-48, ,
4, ,-47, ,
3, ,-47, ,
3, ,-47, ,
4, ,-47, ,
3, ,-48, ,
4, ,-47, ,
8, ,-47, ,
6, ,-47, ,
9, ,-48, ,
4, ,-47, ,
4, ,-47, ,
5, ,-47, ,
3, ,-47, ,
0, ,-47, ,
5, ,-47, ,
4, ,-47, ,
5, ,-48, ,
4, ,-47, ,
5, ,-47, ,
4, ,-47, ,
3, ,-48, ,
-1, ,-47, ,
4, ,-47, ,
5, ,-47, ,
5, ,-47, ,
1, ,-47, ,
8, ,-46, ,
1, ,-41, ,
9, ,-31, ,
6, ,-21, ,
9, ,-11, ,
13, ,-4, ,
14, ,3, ,
4, ,9, ,
8, ,14, ,
8, ,19, ,
5, ,21, ,
4, ,26, ,
10, ,29, ,
6, ,30, ,
6, ,33, ,
6, ,34, ,
9, ,36, ,
10, ,38, ,
11, ,38, ,
3, ,39, ,
4, ,41, ,
3, ,41, ,
0, ,41, ,
-1, ,42, ,
5, ,44, ,
4, ,42, ,
4, ,44, ,
4, ,45, ,
3, ,45, ,
4, ,45, ,
6, ,45, ,
0, ,45, ,
4, ,46, ,
6, ,45, ,
5, ,46, ,
1, ,46, ,
5, ,46, ,
3, ,45, ,
4, ,47, ,
-1, ,46, ,
3, ,46, ,
0, ,46, ,
5, ,46, ,
-1, ,45, ,
-1, ,47, ,
4, ,46, ,
3, ,46, ,
-1, ,46, ,
5, ,47, ,
3, ,45, ,
4, ,47, ,
3, ,46, ,
5, ,46, ,
5, ,47, ,
5, ,46, ,
0, ,45, ,
3, ,47, ,
3, ,46, ,
0, ,46, ,
-4, ,46, ,
1, ,46, ,
0, ,45, ,
0, ,46, ,
-6, ,46, ,
6, ,46, ,
4, ,46, ,
1, ,47, ,
4, ,45, ,
8, ,47, ,
4, ,46, ,
4, ,46, ,
-2, ,46, ,
0, ,46, ,
1, ,45, ,
3, ,46, ,
1, ,46, ,
1, ,46, ,
0, ,46, ,
3, ,46, ,
-4, ,44, ,
1, ,46, ,
3, ,46, ,
1, ,46, ,
-1, ,46, ,
3, ,46, ,
1, ,45, ,
-2, ,46, ,
-2, ,45, ,
-1, ,45, ,
-4, ,46, ,
0, ,46, ,
-4, ,44, ,
4, ,46, ,
1, ,45, ,
1, ,45, ,
-6, ,46, ,
0, ,46, ,
-1, ,45, ,
-2, ,46, ,
-6, ,45, ,
-1, ,45, ,
-1, ,46, ,
-1, ,46, ,
-4, ,45, ,
0, ,46, ,
0, ,45, ,
-1, ,45, ,
-1, ,46, ,
4, ,46, ,
-1, ,45, ,
3, ,46, ,
-2, ,46, ,
0, ,45, ,
-1, ,46, ,
0, ,46, ,
-4, ,44, ,
0, ,46, ,
4, ,45, ,
4, ,46, ,
1, ,46, ,
8, ,46, ,
3, ,45, ,
1, ,46, ,
-2, ,46, ,
-2, ,46, ,
0, ,46, ,
0, ,46, ,
-4, ,44, ,
1, ,46, ,
0, ,46, ,
1, ,45, ,
-2, ,46, ,
5, ,46, ,
4, ,45, ,
0, ,47, ,
-1, ,45, ,
-1, ,46, ,
0, ,46, ,
5, ,46, ,
-5, ,44, ,
3, ,46, ,
1, ,45, ,
0, ,45, ,
-2, ,46, ,
1, ,46, ,
-1, ,45, ,
-1, ,46, ,
-2, ,45, ,
3, ,45, ,
0, ,46, ,
3, ,46, ,
-1, ,45, ,
3, ,46, ,
4, ,45, ,
3, ,45, ,
1, ,46, ,
5, ,46, ,
0, ,45, ,
0, ,46, ,
-1, ,45, ,
-1, ,46, ,
-4, ,46, ,
-2, ,46, ,
-6, ,44, ,
-4, ,46, ,
1, ,46, ,
3, ,45, ,
1, ,46, ,
6, ,46, ,
1, ,45, ,
3, ,46, ,
0, ,45, ,
0, ,46, ,
0, ,46, ,
-4, ,46, ,
-4, ,44, ,
1, ,46, ,
0, ,46, ,
-1, ,46, ,
-5, ,46, ,
3, ,46, ,
-4, ,44, ,
-2, ,46, ,
-2, ,45, ,
0, ,45, ,
1, ,46, ,
3, ,46, ,
0, ,44, ,
1, ,46, ,
-1, ,46, ,
-1, ,45, ,
-2, ,46, ,
5, ,46, ,
3, ,45, ,
1, ,46, ,
3, ,45, ,
1, ,46, ,
3, ,46, ,
1, ,46, ,
-6, ,44, ,
-1, ,46, ,
-1, ,46, ,
-1, ,45, ,
-2, ,46, ,
4, ,46, ,
3, ,45, ,
0, ,46, ,
0, ,45, ,
1, ,45, ,
0, ,46, ,
5, ,46, ,
0, ,44, ,
6, ,46, ,
6, ,45, ,
3, ,45, ,
1, ,45, ,
5, ,46, ,
1, ,45, ,
1, ,46, ,
1, ,45, ,
3, ,46, ,
3, ,46, ,
6, ,46, ,
4, ,44, ,
6, ,46, ,
4, ,46, ,
3, ,45, ,
-2, ,46, ,
4, ,46, ,
0, ,45, ,
1, ,46, ,
1, ,45, ,
4, ,45, ,
4, ,46, ,
4, ,46, ,
-4, ,44, ,
1, ,46, ,
3, ,46, ,
1, ,45, ,
-5, ,45, ,
1, ,46, ,
3, ,44, ,
5, ,46, ,
1, ,45, ,
0, ,45, ,
0, ,46, ,
1, ,46, ,
-4, ,44, ,
1, ,46, ,
1, ,46, ,
1, ,45, ,
-4, ,46, ,
5, ,46, ,
3, ,45, ,
0, ,46, ,
1, ,45, ,
4, ,45, ,
3, ,46, ,
6, ,46, ,
-1, ,44, ,
6, ,46, ,
4, ,45, ,
1, ,45, ,
-4, ,45, ,
1, ,46, ,
-1, ,45, ,
0, ,46, ,
1, ,45, ,
4, ,45, ,
5, ,46, ,
6, ,46, ,
0, ,44, ,
5, ,46, ,
4, ,46, ,
1, ,45, ,
0, ,46, ,
0, ,46, ,
1, ,44, ,
4, ,46, ,
0, ,45, ,
1, ,45, ,
1, ,46, ,
3, ,46, ,
-2, ,44, ,
1, ,46, ,
3, ,45, ,
3, ,45, ,
1, ,45, ,
6, ,45, ,
3, ,45, ,
4, ,46, ,
4, ,45, ,
4, ,46, ,
4, ,46, ,
5, ,46, ,
0, ,44, ,
4, ,46, ,
4, ,45, ,
3, ,45, ,
-2, ,46, ,
5, ,46, ,
1, ,45, ,
1, ,46, ,
0, ,45, ,
3, ,45, ,
4, ,46, ,
5, ,46, ,
4, ,44, ,
5, ,46, ,
3, ,46, ,
1, ,45, ,
-2, ,46, ,
5, ,46, ,
3, ,45, ,
5, ,46, ,
3, ,46, ,
4, ,45, ,
3, ,46, ,
1, ,46, ,
-1, ,44, ,
1, ,46, ,
-2, ,45, ,
0, ,45, ,
-5, ,45, ,
4, ,46, ,
3, ,44, ,
0, ,46, ,
1, ,45, ,
1, ,45, ,
-2, ,46, ,
4, ,46, ,
-1, ,44, ,
5, ,46, ,
3, ,45, ,
-1, ,45, ,
-5, ,46, ,
0, ,46, ,
-4, ,44, ,
-2, ,46, ,
-6, ,45, ,
3, ,45, ,
0, ,45, ,
-1, ,46, ,
-5, ,44, ,
0, ,46, ,
1, ,46, ,
-1, ,45, ,
-4, ,45, ,
3, ,46, ,
0, ,45, ,
-2, ,46, ,
-2, ,45, ,
1, ,46, ,
0, ,46, ,
0, ,46, ,
1, ,44, ,
0, ,46, ,
3, ,46, ,
1, ,46, ,
-2, ,45, ,
5, ,46, ,
0, ,45, ,
1, ,46, ,
-2, ,45, ,
3, ,45, ,
1, ,46, ,
3, ,46, ,
-1, ,44, ,
0, ,46, ,
1, ,45, ,
4, ,45, ,
0, ,46, ,
6, ,46, ,
3, ,44, ,
1, ,46, ,
-1, ,45, ,
1, ,45, ,
3, ,46, ,
3, ,45, ,
-5, ,44, ,
-1, ,46, ,
-1, ,46, ,
-1, ,46, ,
-2, ,46, ,
1, ,46, ,
3, ,44, ,
1, ,46, ,
-1, ,45, ,
-2, ,45, ,
3, ,46, ,
6, ,45, ,
-2, ,44, ,
3, ,46, ,
10, ,45, ,
3, ,46, ,
-4, ,46, ,
0, ,46, ,
-2, ,45, ,
-5, ,46, ,
-2, ,45, ,
3, ,46, ,
0, ,46, ,
0, ,45, ,
-1, ,44, ,
0, ,46, ,
1, ,46, ,
0, ,45, ,
-1, ,46, ,
5, ,46, ,
3, ,44, ,
4, ,46, ,
0, ,45, ,
0, ,45, ,
-1, ,46, ,
-2, ,46, ,
-5, ,44, ,
-2, ,46, ,
3, ,45, ,
3, ,45, ,
-1, ,45, ,
4, ,46, ,
1, ,45, ,
-1, ,46, ,
-5, ,45, ,
0, ,45, ,
-1, ,46, ,
3, ,46, ,
-1, ,44, ,
6, ,46, ,
6, ,46, ,
3, ,45, ,
0, ,46, ,
3, ,46, ,
5, ,44, ,
0, ,46, ,
0, ,45, ,
5, ,45, ,
0, ,46, ,
1, ,45, ,
-4, ,45, ,
1, ,46, ,
3, ,46, ,
0, ,45, ,
1, ,45, ,
1, ,46, ,
4, ,44, ,
5, ,46, ,
1, ,45, ,
4, ,45, ,
3, ,46, ,
5, ,46, ,
-2, ,44, ,
5, ,46, ,
4, ,46, ,
4, ,45, ,
-1, ,45, ,
6, ,46, ,
3, ,44, ,
6, ,46, ,
3, ,45, ,
3, ,45, ,
0, ,46, ,
3, ,46, ,
-1, ,44, ,
4, ,46, ,
8, ,45, ,
6, ,45, ,
1, ,45, ,
10, ,46, ,
3, ,45, ,
3, ,46, ,
0, ,45, ,
4, ,45, ,
3, ,46, ,
4, ,46, ,
-1, ,45, ,
1, ,46, ,
3, ,45, ,
6, ,45, ,
-6, ,46, ,
-5, ,46, ,
4, ,45, ,
5, ,46, ,
-1, ,45, ,
5, ,46, ,
4, ,46, ,
0, ,46, ,
-6, ,44, ,
1, ,46, ,
-1, ,46, ,
-1, ,45, ,
-1, ,46, ,
5, ,46, ,
6, ,45, ,
3, ,46, ,
5, ,45, ,
1, ,45, ,
3, ,46, ,
5, ,45, ,
-2, ,44, ,
4, ,46, ,
4, ,46, ,
4, ,45, ,
-1, ,45, ,
5, ,46, ,
0, ,44, ,
1, ,46, ,
1, ,45, ,
3, ,45, ,
4, ,46, ,
9, ,46, ,
1, ,44, ,
4, ,46, ,
5, ,45, ,
1, ,45, ,
-2, ,45, ,
6, ,46, ,
0, ,44, ,
3, ,46, ,
-6, ,45, ,
3, ,46, ,
8, ,46, ,
5, ,46, ,
3, ,44, ,
5, ,46, ,
4, ,46, ,
1, ,45, ,
0, ,45, ,
6, ,46, ,
3, ,45, ,
5, ,46, ,
3, ,46, ,
5, ,45, ,
4, ,46, ,
4, ,46, ,
3, ,44, ,
4, ,46, ,
3, ,45, ,
4, ,45, ,
0, ,46, ,
5, ,46, ,
4, ,45, ,
1, ,46, ,
1, ,45, ,
3, ,45, ,
1, ,46, ,
3, ,46, ,
3, ,44, ,
4, ,46, ,
3, ,46, ,
5, ,45, ,
-1, ,46, ,
1, ,46, ,
0, ,44, ,
-2, ,46, ,
1, ,45, ,
1, ,45, ,
4, ,46, ,
4, ,46, ,
-5, ,44, ,
1, ,46, ,
-1, ,45, ,
-2, ,45, ,
-5, ,46, ,
1, ,46, ,
3, ,44, ,
3, ,46, ,
0, ,45, ,
6, ,45, ,
3, ,46, ,
5, ,46, ,
-2, ,44, ,
3, ,46, ,
1, ,45, ,
-2, ,45, ,
-4, ,46, ,
1, ,46, ,
0, ,45, ,
0, ,46, ,
-2, ,46, ,
1, ,46, ,
-1, ,46, ,
3, ,46, ,
-1, ,44, ,
1, ,46, ,
0, ,45, ,
1, ,45, ,
-2, ,45, ,
4, ,46, ,
0, ,44, ,
0, ,46, ,
-1, ,45, ,
-1, ,45, ,
-2, ,46, ,
3, ,46, ,
-4, ,44, ,
0, ,46, ,
1, ,45, ,
0, ,45, ,
-5, ,45, ,
0, ,46, ,
-1, ,44, ,
3, ,46, ,
-1, ,45, ,
3, ,45, ,
3, ,46, ,
3, ,46, ,
-1, ,44, ,
0, ,46, ,
-1, ,45, ,
1, ,45, ,
-4, ,46, ,
1, ,46, ,
3, ,45, ,
3, ,46, ,
4, ,46, ,
3, ,46, ,
0, ,46, ,
4, ,45, ,
-4, ,44, ,
-1, ,46, ,
-1, ,45, ,
-1, ,45, ,
-5, ,46, ,
-1, ,46, ,
-4, ,45, ,
-1, ,46, ,
-2, ,46, ,
-1, ,45, ,
-2, ,46, ,
0, ,46, ,
-1, ,44, ,
4, ,46, ,
4, ,45, ,
0, ,45, ,
-5, ,46, ,
-1, ,46, ,
-2, ,45, ,
-4, ,46, ,
-6, ,45, ,
0, ,46, ,
-2, ,46, ,
3, ,45, ,
-1, ,44, ,
1, ,46, ,
0, ,46, ,
-2, ,45, ,
-6, ,46, ,
1, ,46, ,
-4, ,45, ,
1, ,46, ,
-1, ,45, ,
1, ,45, ,
1, ,46, ,
-1, ,46, ,
-4, ,44, ,
0, ,46, ,
1, ,45, ,
1, ,45, ,
-4, ,46, ,
4, ,46, ,
1, ,45, ,
-1, ,46, ,
-4, ,45, ,
-1, ,46, ,
-1, ,46, ,
-1, ,46, ,
-2, ,44, ,
3, ,46, ,
3, ,46, ,
1, ,45, ,
0, ,45, ,
8, ,46, ,
0, ,45, ,
0, ,46, ,
-4, ,45, ,
-2, ,45, ,
-1, ,46, ,
-1, ,46, ,
-4, ,44, ,
3, ,46, ,
3, ,46, ,
3, ,45, ,
0, ,45, ,
4, ,46, ,
4, ,45, ,
0, ,46, ,
0, ,45, ,
0, ,45, ,
0, ,46, ,
4, ,46, ,
-2, ,45, ,
3, ,46, ,
3, ,46, ,
0, ,45, ,
-2, ,45, ,
3, ,46, ,
0, ,45, ,
0, ,46, ,
0, ,45, ,
3, ,46, ,
0, ,46, ,
3, ,45, ,
-2, ,44, ,
0, ,46, ,
3, ,46, ,
4, ,45, ,
4, ,46, ,
9, ,46, ,
5, ,45, ,
4, ,46, ,
-1, ,45, ,
-1, ,45, ,
-1, ,46, ,
0, ,46, ,
-1, ,44, ,
3, ,46, ,
5, ,45, ,
6, ,45, ,
-1, ,45, ,
4, ,46, ,
1, ,45, ,
1, ,46, ,
-1, ,45, ,
0, ,45, ,
0, ,46, ,
1, ,46, ,
-1, ,44, ,
1, ,46, ,
3, ,45, ,
1, ,46, ,
-1, ,46, ,
5, ,46, ,
4, ,44, ,
3, ,46, ,
3, ,45, ,
5, ,45, ,
1, ,46, ,
3, ,45, ,
-6, ,44, ,
1, ,46, ,
3, ,45, ,
1, ,46, ,
0, ,45, ,
5, ,46, ,
4, ,45, ,
5, ,46, ,
4, ,45, ,
4, ,46, ,
4, ,46, ,
4, ,46, ,
3, ,44, ,
9, ,46, ,
8, ,45, ,
4, ,45, ,
3, ,46, ,
8, ,46, ,
4, ,45, ,
1, ,46, ,
0, ,45, ,
4, ,45, ,
4, ,46, ,
8, ,46, ,
1, ,44, ,
4, ,46, ,
6, ,45, ,
4, ,45, ,
1, ,46, ,
6, ,46, ,
3, ,45, ,
8, ,46, ,
4, ,45, ,
5, ,46, ,
5, ,46, ,
5, ,46, ,
0, ,45, ,
4, ,46, ,
5, ,46, ,
3, ,45, ,
1, ,46, ,
6, ,46, ,
6, ,45, ,
8, ,41, ,
1, ,33, ,
-1, ,22, ,
-1, ,13, ,
-1, ,4, ,
-7, ,-3, ,
-1, ,-8, ,
3, ,-14, ,
1, ,-19, ,
-5, ,-23, ,
-1, ,-26, ,
-1, ,-29, ,
-4, ,-32, ,
-4, ,-35, ,
0, ,-36, ,
1, ,-38, ,
-4, ,-40, ,
-4, ,-40, ,
3, ,-42, ,
3, ,-43, ,
1, ,-43, ,
-1, ,-44, ,
0, ,-45, ,
-1, ,-45, ,
0, ,-46, ,
-1, ,-46, ,
4, ,-46, ,
4, ,-47, ,
6, ,-47, ,
1, ,-47, ,
5, ,-47, ,
4, ,-47, ,
-4, ,-47, ,
-7, ,-48, ,
1, ,-48, ,
3, ,-47, ,
3, ,-48, ,
1, ,-48, ,
8, ,-47, ,
4, ,-48, ,
3, ,-48, ,
0, ,-47, ,
1, ,-48, ,
5, ,-48, ,
1, ,-48, ,
1, ,-48, ,
6, ,-48, ,
4, ,-48, ,
3, ,-48, ,
-1, ,-48, ,
0, ,-47, ,
0, ,-48, ,
0, ,-48, ,
-2, ,-47, ,
3, ,-48, ,
4, ,-48, ,
3, ,-48, ,
-2, ,-48, ,
4, ,-48, ,
1, ,-48, ,
4, ,-48, ,
0, ,-48, ,
3, ,-47, ,
6, ,-47, ,
6, ,-48, ,
-1, ,-47, ,
5, ,-48, ,
3, ,-48, ,
3, ,-48, ,
-1, ,-48, ,
4, ,-48, ,
4, ,-47, ,
3, ,-48, ,
4, ,-47, ,
5, ,-47, ,
4, ,-47, ,
4, ,-48, ,
-2, ,-47, ,
-1, ,-48, ,
1, ,-47, ,
0, ,-47, ,
-5, ,-47, ,
-1, ,-47, ,
3, ,-47, ,
-1, ,-48, ,
-1, ,-47, ,
3, ,-47, ,
3, ,-48, ,
1, ,-48, ,
-2, ,-47, ,
1, ,-48, ,
3, ,-47, ,
-1, ,-47, ,
-4, ,-48, ,
3, ,-48, ,
-1, ,-47, ,
0, ,-48, ,
-4, ,-47, ,
-4, ,-47, ,
-2, ,-47, ,
0, ,-48, ,
-4, ,-47, ,
-1, ,-48, ,
-1, ,-47, ,
1, ,-47, ,
-5, ,-47, ,
-1, ,-47, ,
-2, ,-46, ,
-1, ,-48, ,
-1, ,-47, ,
5, ,-47, ,
4, ,-48, ,
4, ,-47, ,
1, ,-47, ,
3, ,-48, ,
-1, ,-47, ,
-6, ,-47, ,
-11, ,-48, ,
-1, ,-47, ,
-2, ,-47, ,
-1, ,-48, ,
-6, ,-47, ,
-4, ,-47, ,
1, ,-47, ,
4, ,-47, ,
1, ,-47, ,
4, ,-47, ,
1, ,-47, ,
-1, ,-47, ,
-6, ,-48, ,
1, ,-47, ,
0, ,-47, ,
1, ,-48, ,
1, ,-47, ,
1, ,-47, ,
0, ,-47, ,
-1, ,-47, ,
-9, ,-47, ,
-5, ,-47, ,
-2, ,-48, ,
-2, ,-47, ,
-4, ,-48, ,
3, ,-47, ,
-1, ,-47, ,
-2, ,-48, ,
-2, ,-47, ,
-1, ,-47, ,
-1, ,-47, ,
5, ,-48, ,
0, ,-47, ,
4, ,-47, ,
3, ,-47, ,
0, ,-47, ,
-7, ,-47, ,
-4, ,-47, ,
-7, ,-47, ,
-4, ,-48, ,
-6, ,-47, ,
0, ,-47, ,
0, ,-47, ,
0, ,-47, ,
-4, ,-46, ,
1, ,-48, ,
3, ,-47, ,
-1, ,-47, ,
-5, ,-47, ,
1, ,-48, ,
0, ,-46, ,
0, ,-48, ,
-2, ,-47, ,
0, ,-47, ,
-2, ,-47, ,
-2, ,-48, ,
-6, ,-47, ,
-1, ,-48, ,
1, ,-47, ,
-1, ,-47, ,
-4, ,-47, ,
0, ,-47, ,
-1, ,-47, ,
-1, ,-48, ,
-6, ,-47, ,
-5, ,-47, ,
0, ,-47, ,
-2, ,-47, ,
-4, ,-47, ,
1, ,-48, ,
3, ,-47, ,
1, ,-47, ,
0, ,-48, ,
6, ,-47, ,
-4, ,-47, ,
-1, ,-48, ,
-2, ,-47, ,
-4, ,-47, ,
-4, ,-47, ,
0, ,-48, ,
-6, ,-47, ,
3, ,-48, ,
3, ,-47, ,
1, ,-47, ,
-1, ,-47, ,
3, ,-48, ,
1, ,-46, ,
3, ,-48, ,
3, ,-47, ,
4, ,-47, ,
4, ,-47, ,
4, ,-48, ,
-1, ,-46, ,
4, ,-47, ,
3, ,-47, ,
1, ,-47, ,
1, ,-47, ,
4, ,-47, ,
4, ,-46, ,
3, ,-48, ,
0, ,-47, ,
3, ,-47, ,
0, ,-47, ,
-1, ,-47, ,
0, ,-47, ,
4, ,-47, ,
5, ,-47, ,
4, ,-47, ,
5, ,-47, ,
8, ,-47, ,
4, ,-47, ,
3, ,-48, ,
0, ,-47, ,
3, ,-47, ,
3, ,-47, ,
4, ,-47, ,
-1, ,-47, ,
1, ,-47, ,
4, ,-47, ,
4, ,-47, ,
-2, ,-47, ,
4, ,-47, ,
-1, ,-47, ,
1, ,-47, ,
1, ,-47, ,
1, ,-46, ,
4, ,-47, ,
1, ,-48, ,
-4, ,-47, ,
1, ,-47, ,
1, ,-47, ,
1, ,-47, ,
1, ,-47, ,
5, ,-47, ,
5, ,-47, ,
1, ,-48, ,
-1, ,-47, ,
1, ,-47, ,
0, ,-47, ,
1, ,-47, ,
-6, ,-47, ,
3, ,-47, ,
0, ,-47, ,
3, ,-47, ,
-1, ,-47, ,
5, ,-47, ,
3, ,-46, ,
0, ,-48, ,
0, ,-47, ,
5, ,-47, ,
4, ,-47, ,
6, ,-47, ,
3, ,-47, ,
4, ,-47, ,
5, ,-47, ,
-2, ,-47, ,
-5, ,-47, ,
1, ,-47, ,
1, ,-47, ,
5, ,-48, ,
0, ,-47, ,
4, ,-47, ,
5, ,-47, ,
6, ,-47, ,
1, ,-47, ,
4, ,-47, ,
6, ,-47, ,
4, ,-47, ,
0, ,-47, ,
8, ,-47, ,
3, ,-47, ,
4, ,-48, ,
1, ,-47, ,
4, ,-47, ,
3, ,-47, ,
3, ,-47, ,
-1, ,-46, ,
3, ,-47, ,
4, ,-47, ,
3, ,-47, ,
3, ,-47, ,
6, ,-47, ,
3, ,-46, ,
4, ,-48, ,
3, ,-47, ,
3, ,-47, ,
5, ,-47, ,
1, ,-47, ,
0, ,-47, ,
4, ,-47, ,
3, ,-47, ,
4, ,-47, ,
0, ,-47, ,
5, ,-47, ,
5, ,-47, ,
5, ,-48, ,
1, ,-47, ,
3, ,-47, ,
3, ,-47, ,
5, ,-47, ,
-1, ,-47, ,
5, ,-47, ,
4, ,-47, ,
1, ,-47, ,
-1, ,-47, ,
3, ,-47, ,
3, ,-46, ,
1, ,-48, ,
1, ,-47, ,
5, ,-47, ,
3, ,-47, ,
6, ,-47, ,
1, ,-46, ,
0, ,-47, ,
3, ,-47, ,
0, ,-47, ,
-2, ,-47, ,
3, ,-47, ,
3, ,-46, ,
0, ,-48, ,
0, ,-47, ,
3, ,-47, ,
-1, ,-47, ,
3, ,-48, ,
-4, ,-47, ,
1, ,-48, ,
3, ,-47, ,
-1, ,-47, ,
1, ,-47, ,
5, ,-48, ,
1, ,-47, ,
6, ,-48, ,
1, ,-47, ,
3, ,-47, ,
3, ,-47, ,
4, ,-47, ,
-1, ,-46, ,
3, ,-48, ,
3, ,-47, ,
0, ,-47, ,
-5, ,-47, ,
3, ,-47, ,
-1, ,-46, ,
-1, ,-47, ,
-2, ,-47, ,
0, ,-47, ,
4, ,-47, ,
5, ,-48, ,
-2, ,-46, ,
5, ,-47, ,
4, ,-47, ,
1, ,-47, ,
0, ,-47, ,
4, ,-47, ,
1, ,-46, ,
3, ,-48, ,
0, ,-47, ,
0, ,-47, ,
4, ,-47, ,
1, ,-47, ,
-5, ,-47, ,
-1, ,-48, ,
-1, ,-47, ,
-1, ,-47, ,
-6, ,-47, ,
-5, ,-47, ,
-6, ,-47, ,
-9, ,-48, ,
-11, ,-47, ,
-11, ,-47, ,
-11, ,-47, ,
-5, ,-48, ,
-14, ,-47, ,
-5, ,-47, ,
-1, ,-47, ,
-2, ,-47, ,
0, ,-47, ,
10, ,-47, ,
10, ,-46, ,
10, ,-48, ,
6, ,-47, ,
6, ,-47, ,
4, ,-47, ,
3, ,-48, ,
-1, ,-47, ,
0, ,-47, ,
3, ,-47, ,
-1, ,-47, ,
-4, ,-47, ,
-2, ,-47, ,
-6, ,-47, ,
-4, ,-47, ,
-4, ,-47, ,
-1, ,-47, ,
1, ,-47, ,
3, ,-47, ,
-5, ,-47, ,
-4, ,-47, ,
-1, ,-47, ,
-4, ,-47, ,
-7, ,-47, ,
1, ,-47, ,
-1, ,-47, ,
1, ,-48, ,
-1, ,-47, ,
1, ,-47, ,
1, ,-47, ,
0, ,-47, ,
-5, ,-46, ,
-1, ,-48, ,
0, ,-47, ,
-2, ,-47, ,
-5, ,-47, ,
1, ,-47, ,
-2, ,-47, ,
-2, ,-48, ,
-1, ,-47, ,
1, ,-47, ,
-1, ,-47, ,
0, ,-48, ,
-1, ,-47, ,
1, ,-47, ,
4, ,-47, ,
0, ,-47, ,
-4, ,-47, ,
-1, ,-47, ,
-2, ,-47, ,
-4, ,-48, ,
-2, ,-47, ,
1, ,-46, ,
3, ,-47, ,
4, ,-47, ,
1, ,-47, ,
4, ,-47, ,
4, ,-47, ,
1, ,-47, ,
0, ,-47, ,
4, ,-47, ,
3, ,-46, ,
0, ,-48, ,
-4, ,-47, ,
1, ,-47, ,
0, ,-47, ,
0, ,-47, ,
-1, ,-47, ,
0, ,-47, ,
4, ,-47, ,
1, ,-47, ,
0, ,-47, ,
6, ,-47, ,
3, ,-46, ,
1, ,-48, ,
-2, ,-47, ,
1, ,-47, ,
-1, ,-47, ,
-2, ,-47, ,
-5, ,-47, ,
3, ,-47, ,
6, ,-47, ,
3, ,-47, ,
-4, ,-47, ,
5, ,-47, ,
1, ,-47, ,
-2, ,-48, ,
-4, ,-47, ,
-2, ,-47, ,
-4, ,-47, ,
3, ,-47, ,
1, ,-47, ,
4, ,-47, ,
4, ,-47, ,
3, ,-47, ,
0, ,-47, ,
5, ,-47, ,
3, ,-47, ,
3, ,-48, ,
-2, ,-47, ,
-1, ,-47, ,
-1, ,-47, ,
-1, ,-47, ,
-4, ,-47, ,
0, ,-47, ,
1, ,-47, ,
1, ,-47, ,
0, ,-47, ,
5, ,-47, ,
4, ,-46, ,
3, ,-48, ,
1, ,-47, ,
3, ,-47, ,
3, ,-47, ,
5, ,-47, ,
-2, ,-47, ,
4, ,-47, ,
5, ,-47, ,
1, ,-47, ,
4, ,-47, ,
8, ,-47, ,
4, ,-47, ,
3, ,-48, ,
-2, ,-47, ,
0, ,-47, ,
4, ,-47, ,
3, ,-47, ,
4, ,-46, ,
6, ,-47, ,
5, ,-47, ,
9, ,-47, ,
0, ,-47, ,
5, ,-47, ,
1, ,-47, ,
3, ,-47, ,
1, ,-47, ,
5, ,-47, ,
6, ,-47, ,
6, ,-48, ,
1, ,-47, ,
3, ,-47, ,
6, ,-47, ,
3, ,-47, ,
-2, ,-47, ,
4, ,-47, ,
3, ,-46, ,
8, ,-48, ,
3, ,-47, ,
3, ,-47, ,
5, ,-47, ,
4, ,-47, ,
-1, ,-47, ,
3, ,-47, ,
4, ,-47, ,
4, ,-47, ,
0, ,-47, ,
5, ,-47, ,
5, ,-46, ,
0, ,-48, ,
-1, ,-47, ,
1, ,-47, ,
-1, ,-47, ,
3, ,-47, ,
0, ,-47, ,
5, ,-47, ,
6, ,-47, ,
5, ,-47, ,
3, ,-47, ,
4, ,-47, ,
4, ,-46, ,
1, ,-48, ,
0, ,-47, ,
3, ,-47, ,
1, ,-47, ,
4, ,-47, ,
4, ,-47, ,
4, ,-47, ,
-4, ,-47, ,
1, ,-47, ,
1, ,-47, ,
-1, ,-47, ,
4, ,-46, ,
5, ,-48, ,
-2, ,-47, ,
0, ,-47, ,
0, ,-47, ,
3, ,-47, ,
-2, ,-47, ,
1, ,-47, ,
4, ,-47, ,
3, ,-47, ,
-1, ,-47, ,
6, ,-47, ,
5, ,-47, ,
9, ,-48, ,
6, ,-47, ,
10, ,-46, ,
10, ,-47, ,
6, ,-48, ,
4, ,-46, ,
6, ,-47, ,
6, ,-47, ,
4, ,-47, ,
0, ,-47, ,
8, ,-47, ,
3, ,-47, ,
4, ,-48, ,
1, ,-47, ,
4, ,-47, ,
5, ,-47, ,
5, ,-48, ,
4, ,-46, ,
8, ,-47, ,
10, ,-47, ,
6, ,-47, ,
1, ,-47, ,
5, ,-47, ,
6, ,-47, ,
4, ,-48, ,
-2, ,-47, ,
0, ,-47, ,
3, ,-47, ,
5, ,-48, ,
1, ,-46, ,
5, ,-47, ,
4, ,-47, ,
3, ,-47, ,
-1, ,-47, ,
5, ,-47, ,
6, ,-46, ,
4, ,-48, ,
1, ,-47, ,
5, ,-47, ,
3, ,-47, ,
4, ,-48, ,
-2, ,-46, ,
4, ,-47, ,
4, ,-47, ,
-1, ,-47, ,
-2, ,-47, ,
5, ,-47, ,
5, ,-46, ,
4, ,-48, ,
0, ,-47, ,
1, ,-47, ,
-1, ,-47, ,
-1, ,-48, ,
-2, ,-46, ,
1, ,-47, ,
5, ,-47, ,
-6, ,-47, ,
-1, ,-47, ,
10, ,-47, ,
0, ,-47, ,
3, ,-48, ,
1, ,-47, ,
1, ,-47, ,
1, ,-47, ,
0, ,-48, ,
-6, ,-46, ,
-4, ,-47, ,
0, ,-47, ,
-2, ,-47, ,
-6, ,-47, ,
1, ,-47, ,
0, ,-46, ,
5, ,-48, ,
1, ,-47, ,
1, ,-47, ,
1, ,-47, ,
4, ,-47, ,
-4, ,-46, ,
-2, ,-47, ,
-1, ,-47, ,
-1, ,-47, ,
-7, ,-47, ,
0, ,-47, ,
1, ,-46, ,
-2, ,-48, ,
-4, ,-47, ,
0, ,-47, ,
5, ,-47, ,
0, ,-48, ,
-9, ,-47, ,
-2, ,-48, ,
-1, ,-47, ,
-5, ,-47, ,
-2, ,-47, ,
0, ,-47, ,
-4, ,-47, ,
-1, ,-48, ,
-5, ,-47, ,
-2, ,-47, ,
-2, ,-47, ,
-1, ,-47, ,
-9, ,-46, ,
-4, ,-47, ,
-1, ,-47, ,
-5, ,-47, ,
-6, ,-47, ,
-2, ,-47, ,
-4, ,-47, ,
-5, ,-48, ,
-5, ,-47, ,
-2, ,-47, ,
0, ,-47, ,
1, ,-47, ,
-2, ,-47, ,
-4, ,-47, ,
-1, ,-47, ,
-5, ,-47, ,
-9, ,-47, ,
-1, ,-47, ,
-5, ,-47, ,
-2, ,-48, ,
-5, ,-47, ,
0, ,-47, ,
-1, ,-47, ,
-5, ,-47, ,
-9, ,-47, ,
-5, ,-47, ,
-4, ,-47, ,
-4, ,-47, ,
-7, ,-47, ,
-2, ,-47, ,
-4, ,-47, ,
-4, ,-48, ,
-5, ,-47, ,
-5, ,-47, ,
0, ,-47, ,
1, ,-48, ,
-5, ,-47, ,
1, ,-47, ,
3, ,-47, ,
0, ,-47, ,
-1, ,-47, ,
1, ,-47, ,
-1, ,-47, ,
-4, ,-48, ,
-9, ,-47, ,
-5, ,-47, ,
-1, ,-47, ,
-2, ,-48, ,
-5, ,-47, ,
-1, ,-48, ,
-1, ,-47, ,
-1, ,-47, ,
-4, ,-47, ,
0, ,-47, ,
0, ,-46, ,
0, ,-48, ,
-1, ,-47, ,
-2, ,-47, ,
0, ,-47, ,
6, ,-48, ,
-2, ,-47, ,
0, ,-48, ,
3, ,-47, ,
-2, ,-47, ,
-2, ,-47, ,
4, ,-47, ,
3, ,-47, ,
3, ,-48, ,
-1, ,-47, ,
0, ,-46, ,
1, ,-47, ,
1, ,-47, ,
-4, ,-47, ,
1, ,-47, ,
6, ,-47, ,
4, ,-47, ,
4, ,-47, ,
6, ,-47, ,
5, ,-47, ,
0, ,-48, ,
-2, ,-47, ,
0, ,-47, ,
1, ,-47, ,
4, ,-47, ,
-1, ,-47, ,
4, ,-48, ,
5, ,-47, ,
3, ,-47, ,
-1, ,-47, ,
4, ,-47, ,
-2, ,-46, ,
1, ,-48, ,
-4, ,-45, ,
0, ,-37, ,
6, ,-27, ,
8, ,-18, ,
8, ,-8, ,
11, ,-1, ,
8, ,6, ,
5, ,11, ,
-4, ,16, ,
6, ,19, ,
8, ,23, ,
6, ,27, ,
6, ,29, ,
6, ,32, ,
3, ,34, ,
4, ,35, ,
0, ,36, ,
5, ,38, ,
8, ,39, ,
5, ,40, ,
5, ,41, ,
6, ,41, ,
5, ,41, ,
5, ,44, ,
1, ,42, ,
4, ,44, ,
3, ,45, ,
4, ,45, ,
1, ,44, ,
5, ,46, ,
6, ,45, ,
6, ,45, ,
4, ,46, ,
6, ,46, ,
5, ,45, ,
5, ,46, ,
0, ,46, ,
5, ,46, ,
4, ,46, ,
6, ,46, ,
3, ,45, ,
5, ,47, ,
6, ,46, ,
4, ,46, ,
1, ,47, ,
5, ,47, ,
1, ,46, ,
4, ,47, ,
1, ,46, ,
5, ,46, ,
6, ,47, ,
6, ,46, ,
3, ,45, ,
4, ,47, ,
8, ,46, ,
4, ,46, ,
0, ,46, ,
6, ,46, ,
4, ,45, ,
4, ,47, ,
3, ,46, ,
5, ,46, ,
4, ,46, ,
8, ,46, ,
3, ,45, ,
6, ,47, ,
5, ,46, ,
8, ,45, ,
1, ,46, ,
6, ,46, ,
5, ,45, ,
4, ,47, ,
0, ,45, ,
0, ,46, ,
0, ,46, ,
1, ,46, ,
-4, ,45, ,
4, ,46, ,
6, ,46, ,
8, ,46, ,
3, ,46, ,
5, ,46, ,
3, ,45, ,
3, ,47, ,
4, ,45, ,
5, ,45, ,
5, ,46, ,
8, ,46, ,
-2, ,45, ,
1, ,46, ,
3, ,46, ,
1, ,45, ,
-2, ,46, ,
3, ,46, ,
1, ,45, ,
1, ,47, ,
-1, ,45, ,
0, ,46, ,
-1, ,46, ,
1, ,46, ,
-2, ,45, ,
0, ,46, ,
1, ,45, ,
1, ,45, ,
-1, ,46, ,
4, ,46, ,
3, ,44, ,
3, ,46, ,
-1, ,45, ,
1, ,46, ,
-2, ,46, ,
0, ,46, ,
-5, ,45, ,
0, ,46, ,
1, ,46, ,
0, ,45, ,
-4, ,46, ,
3, ,46, ,
0, ,45, ,
4, ,46, ,
0, ,46, ,
4, ,45, ,
5, ,46, ,
4, ,46, ,
-1, ,44, ,
1, ,46, ,
0, ,45, ,
0, ,45, ,
-1, ,46, ,
8, ,46, ,
4, ,45, ,
3, ,47, ,
1, ,46, ,
1, ,46, ,
4, ,46, ,
4, ,46, ,
-1, ,45, ,
1, ,46, ,
3, ,45, ,
-2, ,46, ,
-2, ,46, ,
3, ,46, ,
0, ,45, ,
0, ,46, ,
0, ,45, ,
3, ,46, ,
-1, ,46, ,
0, ,46, ,
-7, ,44, ,
-2, ,46, ,
-1, ,46, ,
-2, ,45, ,
-2, ,46, ,
4, ,46, ,
3, ,44, ,
0, ,46, ,
0, ,45, ,
0, ,46, ,
-1, ,46, ,
-1, ,45, ,
-4, ,44, ,
-2, ,46, ,
0, ,46, ,
-4, ,45, ,
-7, ,46, ,
-1, ,46, ,
-4, ,45, ,
0, ,46, ,
-2, ,45, ,
3, ,46, ,
1, ,46, ,
0, ,46, ,
-2, ,44, ,
-2, ,46, ,
-4, ,46, ,
-5, ,46, ,
-11, ,46, ,
-1, ,46, ,
-2, ,45, ,
0, ,46, ,
0, ,45, ,
0, ,45, ,
0, ,46, ,
1, ,46, ,
-5, ,44, ,
0, ,46, ,
-2, ,46, ,
-1, ,45, ,
-4, ,46, ,
3, ,46, ,
-1, ,45, ,
-1, ,46, ,
-6, ,45, ,
-4, ,45, ,
-1, ,46, ,
1, ,46, ,
-6, ,44, ,
0, ,46, ,
0, ,46, ,
-2, ,45, ,
-2, ,46, ,
0, ,46, ,
-1, ,45, ,
-4, ,46, ,
-1, ,45, ,
1, ,46, ,
1, ,46, ,
5, ,45, ,
-1, ,44, ,
0, ,46, ,
-1, ,46, ,
-4, ,45, ,
-6, ,45, ,
-1, ,46, ,
-2, ,45, ,
0, ,46, ,
-2, ,45, ,
0, ,46, ,
0, ,46, ,
4, ,45, ,
-2, ,45, ,
0, ,46, ,
0, ,45, ,
0, ,45, ,
1, ,45, ,
4, ,46, ,
1, ,45, ,
4, ,46, ,
3, ,45, ,
1, ,45, ,
1, ,46, ,
0, ,45, ,
-2, ,44, ,
0, ,46, ,
5, ,46, ,
3, ,45, ,
-4, ,46, ,
1, ,46, ,
-1, ,44, ,
0, ,46, ,
-4, ,45, ,
1, ,45, ,
1, ,46, ,
3, ,46, ,
0, ,44, ,
5, ,46, ,
3, ,45, ,
3, ,45, ,
-2, ,45, ,
4, ,46, ,
-1, ,45, ,
-1, ,46, ,
-5, ,45, ,
-1, ,45, ,
0, ,46, ,
4, ,46, ,
-1, ,44, ,
1, ,46, ,
4, ,45, ,
1, ,45, ,
3, ,45, ,
6, ,46, ,
4, ,45, ,
5, ,46, ,
0, ,45, ,
1, ,46, ,
1, ,46, ,
3, ,46, ,
0, ,44, ,
4, ,46, ,
5, ,45, ,
4, ,45, ,
3, ,46, ,
8, ,46, ,
6, ,44, ,
8, ,46, ,
3, ,45, ,
4, ,46, ,
1, ,46, ,
4, ,46, ,
0, ,44, ,
4, ,46, ,
8, ,46, ,
4, ,45, ,
4, ,46, ,
8, ,46, ,
5, ,45, ,
5, ,46, ,
0, ,45, ,
4, ,46, ,
5, ,46, ,
8, ,45, ,
3, ,44, ,
9, ,46, ,
8, ,46, ,
5, ,45, ,
0, ,45, ,
4, ,46, ,
3, ,45, ,
3, ,46, ,
4, ,45, ,
3, ,45, ,
6, ,46, ,
3, ,46, ,
-1, ,44, ,
4, ,46, ,
5, ,45, ,
3, ,45, ,
-1, ,46, ,
5, ,46, ,
3, ,45, ,
1, ,46, ,
-2, ,45, ,
-1, ,46, ,
0, ,46, ,
4, ,46, ,
-2, ,44, ,
0, ,46, ,
4, ,45, ,
9, ,45, ,
0, ,46, ,
3, ,46, ,
5, ,45, ,
4, ,46, ,
3, ,45, ,
3, ,45, ,
1, ,46, ,
6, ,46, ,
-1, ,44, ,
5, ,46, ,
6, ,46, ,
3, ,46, ,
3, ,46, ,
3, ,46, ,
0, ,45, ,
3, ,46, ,
-2, ,45, ,
1, ,45, ,
0, ,46, ,
4, ,46, ,
0, ,44, ,
5, ,46, ,
8, ,46, ,
4, ,45, ,
5, ,46, ,
4, ,46, ,
4, ,44, ,
0, ,46, ,
0, ,45, ,
5, ,45, ,
1, ,46, ,
4, ,46, ,
-4, ,44, ,
0, ,46, ,
3, ,46, ,
0, ,45, ,
-4, ,45, ,
5, ,46, ,
6, ,45, ,
6, ,46, ,
4, ,46, ,
5, ,45, ,
4, ,46, ,
1, ,45, ,
0, ,44, ,
3, ,46, ,
3, ,45, ,
5, ,45, ,
0, ,46, ,
1, ,46, ,
-2, ,45, ,
-1, ,46, ,
1, ,45, ,
4, ,45, ,
4, ,46, ,
6, ,45, ,
-1, ,44, ,
4, ,46, ,
3, ,45, ,
1, ,45, ,
-2, ,45, ,
1, ,46, ,
-1, ,45, ,
1, ,46, ,
0, ,45, ,
-1, ,45, ,
-6, ,46, ,
-2, ,46, ,
-9, ,44, ,
-2, ,46, ,
-2, ,46, ,
-1, ,45, ,
-4, ,45, ,
4, ,46, ,
1, ,45, ,
0, ,46, ,
1, ,45, ,
3, ,45, ,
-2, ,46, ,
1, ,46, ,
-6, ,44, ,
-2, ,46, ,
0, ,45, ,
-2, ,45, ,
-4, ,46, ,
3, ,46, ,
-5, ,45, ,
-2, ,46, ,
-2, ,45, ,
1, ,46, ,
0, ,46, ,
-1, ,46, ,
-5, ,44, ,
-4, ,46, ,
-2, ,45, ,
-4, ,45, ,
-6, ,46, ,
1, ,46, ,
-2, ,44, ,
-1, ,46, ,
0, ,45, ,
0, ,46, ,
-2, ,46, ,
1, ,46, ,
-6, ,44, ,
0, ,46, ,
-1, ,46, ,
-2, ,45, ,
-6, ,46, ,
1, ,46, ,
0, ,45, ,
-1, ,46, ,
-1, ,45, ,
0, ,46, ,
1, ,46, ,
1, ,45, ,
-5, ,44, ,
-1, ,46, ,
-2, ,45, ,
-1, ,46, ,
-4, ,46, ,
3, ,46, ,
3, ,45, ,
1, ,47, ,
3, ,45, ,
3, ,45, ,
0, ,46, ,
3, ,46, ,
-6, ,44, ,
-1, ,46, ,
-1, ,46, ,
-4, ,45, ,
-4, ,46, ,
1, ,46, ,
-2, ,45, ,
-1, ,46, ,
-5, ,46, ,
-1, ,46, ,
-1, ,46, ,
4, ,46, ,
-1, ,45, ,
1, ,46, ,
0, ,45, ,
-2, ,46, ,
-4, ,46, ,
0, ,46, ,
-1, ,44, ,
1, ,46, ,
0, ,45, ,
4, ,45, ,
1, ,46, ,
0, ,46, ,
-6, ,44, ,
-4, ,46, ,
-2, ,45, ,
-2, ,45, ,
-2, ,45, ,
3, ,46, ,
3, ,45, ,
0, ,46, ,
3, ,45, ,
3, ,46, ,
0, ,46, ,
0, ,46, ,
-6, ,44, ,
0, ,46, ,
0, ,46, ,
-1, ,45, ,
-5, ,46, ,
4, ,46, ,
0, ,44, ,
-2, ,46, ,
-5, ,45, ,
0, ,45, ,
-1, ,46, ,
4, ,46, ,
-1, ,44, ,
3, ,46, ,
3, ,45, ,
-1, ,45, ,
-2, ,45, ,
3, ,46, ,
-4, ,45, ,
3, ,46, ,
-1, ,45, ,
3, ,45, ,
0, ,46, ,
4, ,45, ,
-1, ,44, ,
3, ,46, ,
5, ,46, ,
3, ,45, ,
0, ,46, ,
8, ,46, ,
4, ,45, ,
4, ,46, ,
1, ,45, ,
6, ,46, ,
3, ,46, ,
3, ,46, ,
-2, ,45, ,
8, ,46, ,
5, ,46, ,
3, ,45, ,
-1, ,45, ,
9, ,45, ,
5, ,45, ,
6, ,46, ,
1, ,45, ,
1, ,46, ,
3, ,46, ,
4, ,45, ,
3, ,44, ,
5, ,46, ,
6, ,46, ,
5, ,45, ,
-1, ,46, ,
5, ,46, ,
4, ,45, ,
4, ,46, ,
4, ,45, ,
4, ,45, ,
3, ,46, ,
6, ,46, ,
1, ,44, ,
6, ,46, ,
5, ,46, ,
5, ,45, ,
0, ,45, ,
6, ,46, ,
1, ,45, ,
3, ,46, ,
0, ,45, ,
1, ,45, ,
4, ,46, ,
4, ,46, ,
0, ,44, ,
4, ,46, ,
4, ,45, ,
3, ,45, ,
0, ,46, ,
6, ,46, ,
1, ,45, ,
4, ,46, ,
5, ,45, ,
6, ,45, ,
3, ,46, ,
6, ,46, ,
1, ,44, ,
4, ,46, ,
8, ,46, ,
4, ,45, ,
3, ,45, ,
9, ,46, ,
3, ,45, ,
1, ,46, ,
4, ,45, ,
5, ,46, ,
1, ,46, ,
4, ,46, ,
1, ,44, ,
5, ,46, ,
10, ,46, ,
9, ,45, ,
3, ,46, ,
5, ,46, ,
4, ,45, ,
3, ,46, ,
1, ,45, ,
3, ,45, ,
4, ,46, ,
5, ,46, ,
0, ,44, ,
4, ,46, ,
4, ,46, ,
3, ,45, ,
-1, ,46, ,
3, ,46, ,
3, ,45, ,
5, ,46, ,
1, ,45, ,
6, ,45, ,
6, ,46, ,
5, ,45, ,
1, ,44, ,
5, ,46, ,
8, ,46, ,
4, ,45, ,
4, ,46, ,
6, ,46, ,
1, ,45, ,
0, ,46, ,
-2, ,45, ,
3, ,45, ,
0, ,46, ,
6, ,46, ,
4, ,44, ,
6, ,46, ,
5, ,45, ,
5, ,45, ,
-4, ,46, ,
3, ,46, ,
1, ,45, ,
1, ,46, ,
-2, ,45, ,
0, ,45, ,
1, ,46, ,
4, ,45, ,
0, ,44, ,
3, ,46, ,
1, ,45, ,
3, ,45, ,
-1, ,46, ,
5, ,46, ,
-1, ,45, ,
-1, ,46, ,
-2, ,45, ,
0, ,46, ,
-1, ,46, ,
3, ,46, ,
-1, ,44, ,
1, ,46, ,
3, ,45, ,
0, ,45, ,
-2, ,46, ,
3, ,46, ,
-1, ,44, ,
3, ,46, ,
0, ,46, ,
4, ,46, ,
3, ,46, ,
-1, ,46, ,
-5, ,44, ,
0, ,46, ,
1, ,46, ,
3, ,46, ,
-2, ,46, ,
4, ,46, ,
1, ,45, ,
1, ,46, ,
-1, ,46, ,
4, ,45, ,
-4, ,46, ,
-4, ,45, ,
-2, ,44, ,
5, ,46, ,
4, ,45, ,
5, ,46, ,
1, ,46, ,
5, ,46, ,
-2, ,45, ,
-1, ,46, ,
-2, ,45, ,
-1, ,45, ,
3, ,46, ,
6, ,45, ,
0, ,44, ,
0, ,46, ,
0, ,45, ,
-4, ,45, ,
-2, ,46, ,
1, ,46, ,
4, ,45, ,
3, ,46, ,
4, ,45, ,
3, ,46, ,
-1, ,46, ,
1, ,45, ,
-9, ,44, ,
-2, ,46, ,
0, ,45, ,
-2, ,46, ,
-2, ,46, ,
4, ,46, ,
1, ,45, ,
-1, ,46, ,
-4, ,45, ,
-2, ,46, ,
-2, ,46, ,
0, ,46, ,
-4, ,44, ,
0, ,46, ,
1, ,45, ,
0, ,45, ,
-1, ,46, ,
3, ,46, ,
0, ,45, ,
-1, ,46, ,
-2, ,45, ,
-1, ,45, ,
-4, ,46, ,
-1, ,46, ,
-6, ,44, ,
-4, ,46, ,
-2, ,46, ,
-4, ,45, ,
-6, ,46, ,
3, ,46, ,
-2, ,44, ,
1, ,46, ,
1, ,46, ,
4, ,46, ,
1, ,46, ,
0, ,46, ,
-4, ,44, ,
0, ,46, ,
-2, ,45, ,
-2, ,46, ,
-7, ,46, ,
-1, ,46, ,
0, ,45, ,
-1, ,46, ,
-1, ,45, ,
1, ,45, ,
0, ,46, ,
0, ,46, ,
-7, ,45, ,
0, ,46, ,
1, ,46, ,
-1, ,45, ,
-2, ,46, ,
3, ,46, ,
4, ,45, ,
1, ,46, ,
-1, ,45, ,
0, ,45, ,
-1, ,46, ,
1, ,46, ,
-4, ,44, ,
4, ,46, ,
4, ,46, ,
-1, ,45, ,
-2, ,45, ,
3, ,46, ,
1, ,45, ,
1, ,46, ,
1, ,46, ,
3, ,46, ,
3, ,46, ,
3, ,46, ,
-1, ,44, ,
1, ,46, ,
3, ,46, ,
1, ,45, ,
-1, ,46, ,
5, ,46, ,
3, ,44, ,
1, ,46, ,
3, ,45, ,
4, ,46, ,
3, ,46, ,
1, ,45, ,
3, ,44, ,
0, ,46, ,
-2, ,46, ,
1, ,45, ,
-1, ,46, ,
4, ,46, ,
1, ,44, ,
-1, ,46, ,
0, ,45, ,
3, ,44, ,
3, ,38, ,
0, ,28, ,
-5, ,17, ,
-4, ,9, ,
-2, ,1, ,
-2, ,-6, ,
-4, ,-11, ,
1, ,-17, ,
-1, ,-21, ,
-4, ,-25, ,
-5, ,-28, ,
-4, ,-30, ,
-1, ,-33, ,
3, ,-36, ,
-1, ,-37, ,
3, ,-39, ,
1, ,-40, ,
-1, ,-41, ,
-5, ,-42, ,
0, ,-43, ,
3, ,-43, ,
-1, ,-45, ,
1, ,-45, ,
3, ,-45, ,
1, ,-46, ,
4, ,-46, ,
-2, ,-46, ,
3, ,-47, ,
6, ,-47, ,
3, ,-47, ,
1, ,-47, ,
6, ,-47, ,
4, ,-47, ,
3, ,-48, ,
-1, ,-47, ,
3, ,-47, ,
4, ,-48, ,
4, ,-48, ,
3, ,-47, ,
8, ,-48, ,
6, ,-48, ,
5, ,-48, ,
0, ,-48, ,
11, ,-48, ,
6, ,-48, ,
4, ,-48, ,
4, ,-48, ,
5, ,-47, ,
4, ,-48, ,
1, ,-48, ,
-4, ,-47, ,
1, ,-48, ,
4, ,-48, ,
3, ,-47, ,
3, ,-48, ,
5, ,-48, ,
4, ,-47, ,
4, ,-48, ,
4, ,-48, ,
4, ,-47, ,
5, ,-48, ,
8, ,-48, ,
4, ,-47, ,
8, ,-48, ,
6, ,-48, ,
1, ,-47, ,
-4, ,-48, ,
6, ,-48, ,
4, ,-47, ,
1, ,-48, ,
1, ,-47, ,
6, ,-47, ,
5, ,-48, ,
5, ,-48, ,
3, ,-47, ,
6, ,-47, ,
5, ,-48, ,
8, ,-48, ,
5, ,-47, ,
6, ,-47, ,
4, ,-46, ,
3, ,-48, ,
3, ,-47, ,
6, ,-47, ,
4, ,-47, ,
3, ,-48, ,
-1, ,-46, ,
5, ,-48, ,
3, ,-47, ,
1, ,-47, ,
-2, ,-47, ,
1, ,-48, ,
0, ,-46, ,
-4, ,-48, ,
-6, ,-47, ,
1, ,-47, ,
4, ,-47, ,
8, ,-47, ,
5, ,-47, ,
9, ,-48, ,
8, ,-47, ,
4, ,-47, ,
4, ,-48, ,
8, ,-48, ,
0, ,-47, ,
0, ,-48, ,
-2, ,-47, ,
1, ,-47, ,
4, ,-47, ,
4, ,-48, ,
1, ,-46, ,
4, ,-47, ,
5, ,-47, ,
5, ,-47, ,
-1, ,-47, ,
8, ,-47, ,
6, ,-47, ,
4, ,-48, ,
3, ,-48, ,
0, ,-47, ,
1, ,-47, ,
-2, ,-48, ,
-2, ,-47, ,
4, ,-47, ,
6, ,-47, ,
5, ,-47, ,
1, ,-47, ,
6, ,-47, ,
3, ,-46, ,
-1, ,-48, ,
-6, ,-47, ,
-2, ,-47, ,
0, ,-47, ,
5, ,-47, ,
-1, ,-46, ,
4, ,-48, ,
5, ,-48, ,
3, ,-47, ,
-2, ,-47, ,
4, ,-47, ,
3, ,-47, ,
0, ,-48, ,
-4, ,-47, ,
3, ,-47, ,
1, ,-47, ,
1, ,-48, ,
0, ,-47, ,
5, ,-48, ,
3, ,-47, ,
0, ,-47, ,
-2, ,-47, ,
-2, ,-47, ,
-2, ,-47, ,
-1, ,-48, ,
-2, ,-47, ,
-1, ,-47, ,
-1, ,-47, ,
-1, ,-48, ,
-6, ,-47, ,
0, ,-48, ,
0, ,-47, ,
-1, ,-47, ,
0, ,-47, ,
5, ,-47, ,
3, ,-47, ,
3, ,-48, ,
-2, ,-47, ,
-1, ,-47, ,
-4, ,-47, ,
-4, ,-47, ,
-7, ,-47, ,
-1, ,-48, ,
1, ,-47, ,
1, ,-47, ,
0, ,-48, ,
5, ,-47, ,
0, ,-47, ,
0, ,-48, ,
1, ,-47, ,
3, ,-47, ,
3, ,-47, ,
4, ,-47, ,
0, ,-46, ,
4, ,-47, ,
0, ,-47, ,
-2, ,-47, ,
-7, ,-48, ,
0, ,-48, ,
1, ,-47, ,
-1, ,-48, ,
-1, ,-47, ,
1, ,-47, ,
0, ,-47, ,
1, ,-48, ,
-5, ,-47, ,
0, ,-47, ,
1, ,-47, ,
0, ,-47, ,
-4, ,-47, ,
1, ,-47, ,
4, ,-46, ,
1, ,-48, ,
0, ,-47, ,
1, ,-47, ,
0, ,-47, ,
-1, ,-48, ,
-4, ,-46, ,
1, ,-47, ,
1, ,-47, ,
0, ,-47, ,
0, ,-47, ,
3, ,-47, ,
4, ,-46, ,
-1, ,-48, ,
-1, ,-47, ,
0, ,-47, ,
0, ,-47, ,
5, ,-48, ,
-4, ,-47, ,
1, ,-47, ,
3, ,-47, ,
0, ,-47, ,
-4, ,-47, ,
4, ,-47, ,
0, ,-47, ,
3, ,-48, ,
0, ,-47, ,
1, ,-47, ,
3, ,-47, ,
3, ,-48, ,
-5, ,-46, ,
-1, ,-48, ,
0, ,-47, ,
-2, ,-47, ,
-6, ,-47, ,
3, ,-47, ,
-1, ,-46, ,
1, ,-48, ,
-1, ,-47, ,
-1, ,-47, ,
0, ,-47, ,
0, ,-48, ,
-4, ,-46, ,
0, ,-47, ,
0, ,-47, ,
0, ,-47, ,
-1, ,-47, ,
3, ,-47, ,
-1, ,-46, ,
-1, ,-48, ,
-2, ,-47, ,
0, ,-46, ,
0, ,-47, ,
1, ,-47, ,
-6, ,-46, ,
1, ,-48, ,
1, ,-47, ,
1, ,-47, ,
-1, ,-47, ,
0, ,-47, ,
3, ,-47, ,
0, ,-48, ,
3, ,-47, ,
3, ,-47, ,
4, ,-47, ,
5, ,-47, ,
-2, ,-46, ,
3, ,-47, ,
4, ,-47, ,
0, ,-47, ,
-4, ,-47, ,
4, ,-47, ,
0, ,-47, ,
3, ,-48, ,
0, ,-47, ,
3, ,-47, ,
1, ,-47, ,
4, ,-47, ,
1, ,-46, ,
5, ,-47, ,
5, ,-47, ,
3, ,-47, ,
4, ,-47, ,
9, ,-47, ,
5, ,-47, ,
4, ,-48, ,
4, ,-47, ,
3, ,-47, ,
3, ,-47, ,
-1, ,-48, ,
-5, ,-47, ,
1, ,-47, ,
3, ,-47, ,
1, ,-47, ,
0, ,-47, ,
6, ,-47, ,
4, ,-46, ,
4, ,-48, ,
3, ,-47, ,
3, ,-46, ,
5, ,-47, ,
1, ,-47, ,
-1, ,-46, ,
4, ,-48, ,
3, ,-47, ,
4, ,-47, ,
-2, ,-47, ,
0, ,-47, ,
0, ,-47, ,
-1, ,-48, ,
-1, ,-47, ,
1, ,-47, ,
3, ,-47, ,
5, ,-48, ,
-1, ,-47, ,
1, ,-47, ,
5, ,-47, ,
4, ,-47, ,
1, ,-47, ,
3, ,-47, ,
6, ,-47, ,
5, ,-48, ,
3, ,-47, ,
5, ,-47, ,
1, ,-47, ,
1, ,-47, ,
-1, ,-46, ,
4, ,-48, ,
4, ,-47, ,
3, ,-47, ,
-2, ,-47, ,
3, ,-47, ,
3, ,-47, ,
1, ,-48, ,
-4, ,-47, ,
1, ,-47, ,
3, ,-47, ,
6, ,-47, ,
0, ,-47, ,
6, ,-47, ,
5, ,-47, ,
1, ,-47, ,
-2, ,-47, ,
4, ,-47, ,
0, ,-47, ,
0, ,-48, ,
-2, ,-47, ,
3, ,-47, ,
4, ,-47, ,
4, ,-48, ,
1, ,-46, ,
5, ,-47, ,
5, ,-47, ,
4, ,-47, ,
-2, ,-47, ,
4, ,-47, ,
3, ,-46, ,
3, ,-48, ,
3, ,-47, ,
3, ,-47, ,
4, ,-47, ,
6, ,-48, ,
-2, ,-46, ,
4, ,-47, ,
4, ,-47, ,
3, ,-47, ,
-4, ,-47, ,
3, ,-47, ,
3, ,-47, ,
0, ,-48, ,
0, ,-47, ,
0, ,-47, ,
3, ,-47, ,
5, ,-47, ,
0, ,-46, ,
3, ,-47, ,
4, ,-47, ,
0, ,-47, ,
-1, ,-47, ,
3, ,-47, ,
1, ,-46, ,
0, ,-48, ,
-2, ,-47, ,
1, ,-47, ,
0, ,-47, ,
1, ,-47, ,
-1, ,-46, ,
5, ,-47, ,
6, ,-47, ,
3, ,-47, ,
0, ,-47, ,
-1, ,-47, ,
-4, ,-46, ,
-4, ,-48, ,
-6, ,-47, ,
0, ,-47, ,
0, ,-47, ,
1, ,-47, ,
0, ,-46, ,
3, ,-48, ,
3, ,-47, ,
0, ,-47, ,
-1, ,-47, ,
1, ,-47, ,
-1, ,-47, ,
-1, ,-48, ,
-2, ,-47, ,
-1, ,-47, ,
0, ,-47, ,
0, ,-47, ,
-6, ,-46, ,
-1, ,-47, ,
4, ,-47, ,
1, ,-47, ,
1, ,-47, ,
6, ,-47, ,
4, ,-46, ,
3, ,-48, ,
1, ,-47, ,
1, ,-47, ,
1, ,-47, ,
5, ,-47, ,
3, ,-46, ,
6, ,-47, ,
4, ,-47, ,
4, ,-47, ,
-4, ,-47, ,
3, ,-47, ,
-1, ,-46, ,
-1, ,-47, ,
-1, ,-47, ,
1, ,-47, ,
3, ,-47, ,
3, ,-47, ,
-4, ,-47, ,
5, ,-48, ,
5, ,-47, ,
1, ,-47, ,
-1, ,-47, ,
3, ,-47, ,
1, ,-46, ,
1, ,-48, ,
-2, ,-47, ,
-2, ,-47, ,
3, ,-47, ,
5, ,-47, ,
-9, ,-47, ,
1, ,-47, ,
3, ,-47, ,
-2, ,-47, ,
-2, ,-47, ,
3, ,-47, ,
3, ,-47, ,
3, ,-48, ,
-4, ,-47, ,
-1, ,-47, ,
-1, ,-47, ,
1, ,-47, ,
-1, ,-47, ,
0, ,-47, ,
1, ,-47, ,
1, ,-47, ,
-1, ,-47, ,
5, ,-47, ,
1, ,-46, ,
0, ,-48, ,
-4, ,-47, ,
0, ,-47, ,
-1, ,-47, ,
0, ,-47, ,
-2, ,-46, ,
-1, ,-47, ,
0, ,-47, ,
1, ,-47, ,
0, ,-47, ,
3, ,-47, ,
-1, ,-46, ,
3, ,-48, ,
-5, ,-47, ,
0, ,-47, ,
0, ,-47, ,
1, ,-48, ,
-5, ,-47, ,
0, ,-47, ,
0, ,-47, ,
-1, ,-47, ,
-6, ,-47, ,
3, ,-47, ,
3, ,-47, ,
1, ,-48, ,
3, ,-47, ,
1, ,-47, ,
1, ,-47, ,
1, ,-47, ,
-5, ,-46, ,
0, ,-47, ,
1, ,-47, ,
1, ,-47, ,
0, ,-47, ,
5, ,-47, ,
3, ,-46, ,
3, ,-48, ,
-2, ,-47, ,
1, ,-47, ,
1, ,-47, ,
3, ,-48, ,
-1, ,-47, ,
5, ,-47, ,
5, ,-47, ,
1, ,-47, ,
-1, ,-47, ,
4, ,-47, ,
1, ,-46, ,
-1, ,-48, ,
-1, ,-47, ,
6, ,-47, ,
1, ,-47, ,
5, ,-47, ,
4, ,-46, ,
3, ,-48, ,
3, ,-47, ,
1, ,-47, ,
0, ,-47, ,
6, ,-47, ,
5, ,-47, ,
5, ,-48, ,
1, ,-47, ,
3, ,-47, ,
1, ,-47, ,
1, ,-47, ,
-4, ,-47, ,
1, ,-47, ,
1, ,-47, ,
1, ,-47, ,
0, ,-47, ,
5, ,-47, ,
3, ,-46, ,
3, ,-48, ,
-1, ,-47, ,
1, ,-46, ,
3, ,-47, ,
3, ,-47, ,
-1, ,-46, ,
3, ,-48, ,
1, ,-47, ,
1, ,-47, ,
-5, ,-47, ,
3, ,-47, ,
0, ,-46, ,
-1, ,-48, ,
-1, ,-47, ,
1, ,-47, ,
4, ,-47, ,
1, ,-48, ,
-4, ,-47, ,
3, ,-47, ,
3, ,-47, ,
0, ,-47, ,
0, ,-47, ,
6, ,-47, ,
3, ,-46, ,
3, ,-48, ,
1, ,-47, ,
3, ,-47, ,
1, ,-47, ,
4, ,-47, ,
-2, ,-46, ,
3, ,-48, ,
4, ,-47, ,
0, ,-47, ,
-2, ,-47, ,
1, ,-47, ,
4, ,-47, ,
3, ,-48, ,
0, ,-47, ,
5, ,-47, ,
4, ,-47, ,
5, ,-47, ,
0, ,-47, ,
1, ,-47, ,
5, ,-47, ,
1, ,-47, ,
-1, ,-47, ,
4, ,-47, ,
3, ,-46, ,
5, ,-47, ,
-2, ,-47, ,
1, ,-47, ,
0, ,-47, ,
1, ,-47, ,
-2, ,-47, ,
3, ,-48, ,
5, ,-47, ,
8, ,-47, ,
-6, ,-47, ,
8, ,-47, ,
5, ,-47, ,
3, ,-48, ,
3, ,-47, ,
1, ,-47, ,
4, ,-47, ,
5, ,-47, ,
1, ,-47, ,
6, ,-47, ,
4, ,-47, ,
3, ,-47, ,
0, ,-47, ,
5, ,-47, ,
4, ,-47, ,
5, ,-48, ,
4, ,-47, ,
4, ,-47, ,
4, ,-47, ,
3, ,-48, ,
-2, ,-46, ,
0, ,-47, ,
-2, ,-47, ,
-4, ,-47, ,
-9, ,-48, ,
-1, ,-47, ,
1, ,-46, ,
4, ,-48, ,
5, ,-47, ,
4, ,-47, ,
1, ,-47, ,
5, ,-48, ,
-1, ,-47, ,
3, ,-47, ,
5, ,-47, ,
4, ,-47, ,
-1, ,-47, ,
4, ,-47, ,
-1, ,-47, ,
-2, ,-48, ,
-11, ,-47, ,
-2, ,-47, ,
-1, ,-47, ,
1, ,-47, ,
0, ,-46, ,
0, ,-47, ,
1, ,-47, ,
0, ,-47, ,
-4, ,-47, ,
3, ,-47, ,
0, ,-47, ,
3, ,-48, ,
0, ,-47, ,
1, ,-47, ,
0, ,-47, ,
1, ,-48, ,
-2, ,-47, ,
-1, ,-47, ,
0, ,-47, ,
-2, ,-47, ,
-6, ,-47, ,
3, ,-47, ,
-1, ,-47, ,
4, ,-47, ,
1, ,-47, ,
3, ,-47, ,
4, ,-47, ,
8, ,-47, ,
1, ,-47, ,
4, ,-47, ,
3, ,-47, ,
3, ,-47, ,
-5, ,-47, ,
5, ,-47, ,
4, ,-47, ,
-2, ,-48, ,
-6, ,-47, ,
-1, ,-47, ,
-1, ,-47, ,
5, ,-48, ,
0, ,-47, ,
5, ,-47, ,
5, ,-47, ,
3, ,-47, ,
1, ,-47, ,
3, ,-47, ,
-1, ,-46, ,
0, ,-48, ,
-2, ,-47, ,
1, ,-47, ,
-1, ,-47, ,
1, ,-47, ,
-2, ,-46, ,
1, ,-47, ,
4, ,-47, ,
-1, ,-47, ,
-5, ,-47, ,
0, ,-47, ,
-2, ,-46, ,
-1, ,-48, ,
-4, ,-47, ,
0, ,-47, ,
1, ,-47, ,
5, ,-48, ,
-1, ,-47, ,
-2, ,-47, ,
3, ,-48, ,
-1, ,-47, ,
-4, ,-47, ,
-2, ,-47, ,
-12, ,-47, ,
-10, ,-48, ,
-19, ,-47, ,
-20, ,-47, ,
-16, ,-47, ,
-15, ,-48, ,
-12, ,-46, ,
-1, ,-48, ,
1, ,-47, ,
5, ,-47, ,
5, ,-47, ,
14, ,-47, ,
10, ,-47, ,
9, ,-48, ,
6, ,-47, ,
4, ,-47, ,
3, ,-47, ,
3, ,-48, ,
-4, ,-47, ,
0, ,-47, ,
0, ,-47, ,
-2, ,-47, ,
-5, ,-47, ,
0, ,-47, ,
-2, ,-47, ,
0, ,-48, ,
1, ,-47, ,
1, ,-47, ,
1, ,-47, ,
0, ,-47, ,
-9, ,-47, ,
-1, ,-47, ,
-5, ,-47, ,
-1, ,-47, ,
-4, ,-47, ,
4, ,-47, ,
4, ,-47, ,
3, ,-48, ,
3, ,-47, ,
4, ,-47, ,
-1, ,-47, ,
1, ,-47, ,
-6, ,-47, ,
1, ,-47, ,
0, ,-47, ,
-4, ,-47, ,
-2, ,-47, ,
3, ,-47, ,
0, ,-47, ,
-7, ,-48, ,
-1, ,-47, ,
5, ,-47, ,
-1, ,-47, ,
4, ,-48, ,
0, ,-46, ,
1, ,-47, ,
1, ,-47, ,
0, ,-47, ,
-1, ,-47, ,
4, ,-47, ,
3, ,-47, ,
1, ,-48, ,
-2, ,-47, ,
1, ,-47, ,
0, ,-47, ,
1, ,-48, ,
-2, ,-47, ,
4, ,-48, ,
3, ,-47, ,
1, ,-47, ,
-1, ,-47, ,
4, ,-47, ,
3, ,-47, ,
1, ,-48, ,
0, ,-47, ,
1, ,-47, ,
3, ,-47, ,
-2, ,-42, ,
0, ,-32, ,
5, ,-22, ,
6, ,-12, ,
9, ,-5, ,
4, ,2, ,
6, ,9, ,
5, ,14, ,
3, ,18, ,
3, ,21, ,
5, ,25, ,
6, ,28, ,
6, ,31, ,
1, ,32, ,
6, ,35, ,
9, ,36, ,
10, ,37, ,
8, ,38, ,
8, ,39, ,
5, ,39, ,
3, ,42, ,
3, ,41, ,
5, ,42, ,
5, ,44, ,
5, ,44, ,
1, ,44, ,
5, ,45, ,
5, ,45, ,
4, ,45, ,
4, ,45, ,
8, ,46, ,
6, ,45, ,
9, ,46, ,
5, ,46, ,
4, ,46, ,
4, ,46, ,
6, ,46, ,
1, ,45, ,
5, ,46, ,
5, ,46, ,
4, ,46, ,
3, ,46, ,
8, ,46, ,
4, ,46, ,
8, ,46, ,
4, ,46, ,
3, ,46, ,
4, ,47, ,
4, ,46, ,
-2, ,45, ,
4, ,47, ,
4, ,46, ,
5, ,46, ,
3, ,46, ,
10, ,46, ,
8, ,45, ,
6, ,46, ,
4, ,45, ,
3, ,46, ,
4, ,46, ,
3, ,46, ,
-2, ,44, ,
4, ,47, ,
3, ,46, ,
5, ,46, ,
0, ,46, ,
4, ,46, ,
1, ,45, ,
3, ,46, ,
4, ,45, ,
4, ,46, ,
5, ,46, ,
4, ,46, ,
-1, ,44, ,
4, ,47, ,
3, ,46, ,
0, ,46, ,
-1, ,46, ,
3, ,46, ,
3, ,45, ,
3, ,46, ,
0, ,45, ,
5, ,46, ,
4, ,46, ,
3, ,46, ,
-1, ,44, ,
4, ,46, ,
5, ,46, ,
3, ,46, ,
1, ,46, ,
4, ,46, ,
3, ,45, ,
3, ,46, ,
1, ,45, ,
5, ,46, ,
4, ,46, ,
3, ,46, ,
-2, ,44, ,
4, ,46, ,
1, ,46, ,
3, ,45, ,
3, ,46, ,
5, ,46, ,
3, ,45, ,
3, ,46, ,
0, ,45, ,
5, ,46, ,
1, ,46, ,
5, ,46, ,
0, ,44, ,
3, ,46, ,
4, ,45, ,
3, ,45, ,
-2, ,46, ,
5, ,46, ,
3, ,45, ,
3, ,46, ,
0, ,45, ,
3, ,46, ,
14, ,46, ,
9, ,46, ,
1, ,44, ,
9, ,46, ,
3, ,46, ,
3, ,45, ,
0, ,46, ,
5, ,46, ,
9, ,45, ,
9, ,46, ,
11, ,45, ,
9, ,45, ,
9, ,46, ,
10, ,46, ,
6, ,44, ,
5, ,46, ,
6, ,46, ,
8, ,45, ,
1, ,46, ,
6, ,46, ,
4, ,45, ,
5, ,46, ,
1, ,45, ,
3, ,45, ,
3, ,46, ,
8, ,46, ,
-1, ,44, ,
3, ,46, ,
3, ,45, ,
4, ,45, ,
0, ,46, ,
0, ,46, ,
0, ,45, ,
1, ,46, ,
-4, ,45, ,
1, ,45, ,
1, ,46, ,
8, ,46, ,
5, ,44, ,
5, ,46, ,
6, ,45, ,
3, ,45, ,
-1, ,46, ,
3, ,46, ,
-4, ,45, ,
1, ,46, ,
-1, ,46, ,
3, ,45, ,
3, ,46, ,
5, ,45, ,
-2, ,44, ,
1, ,46, ,
3, ,45, ,
4, ,45, ,
-1, ,46, ,
5, ,46, ,
3, ,45, ,
4, ,46, ,
-2, ,46, ,
-1, ,45, ,
-2, ,46, ,
1, ,46, ,
-1, ,44, ,
3, ,46, ,
0, ,45, ,
3, ,45, ,
-4, ,46, ,
1, ,46, ,
-2, ,44, ,
-2, ,46, ,
-6, ,45, ,
-4, ,45, ,
-1, ,46, ,
1, ,46, ,
-5, ,44, ,
1, ,46, ,
-2, ,45, ,
-2, ,45, ,
-7, ,46, ,
-2, ,46, ,
-5, ,45, ,
-2, ,46, ,
-2, ,45, ,
0, ,45, ,
0, ,46, ,
4, ,45, ,
-2, ,45, ,
-2, ,46, ,
-1, ,46, ,
-4, ,46, ,
-4, ,46, ,
0, ,46, ,
-4, ,44, ,
-2, ,46, ,
-5, ,45, ,
-4, ,45, ,
-2, ,46, ,
-5, ,45, ,
-9, ,44, ,
-4, ,46, ,
-2, ,45, ,
-2, ,45, ,
-4, ,46, ,
1, ,46, ,
-2, ,45, ,
-4, ,46, ,
-7, ,45, ,
-6, ,46, ,
-9, ,46, ,
-6, ,46, ,
-9, ,44, ,
-2, ,46, ,
-2, ,45, ,
-2, ,45, ,
-9, ,46, ,
-1, ,46, ,
-6, ,45, ,
-1, ,46, ,
-5, ,46, ,
-2, ,46, ,
-1, ,46, ,
1, ,46, ,
-4, ,44, ,
-4, ,46, ,
-5, ,46, ,
-6, ,45, ,
-10, ,45, ,
-4, ,46, ,
-4, ,45, ,
-6, ,46, ,
-6, ,46, ,
-4, ,45, ,
-6, ,46, ,
-4, ,46, ,
-10, ,44, ,
-4, ,46, ,
-2, ,46, ,
-2, ,45, ,
-5, ,45, ,
0, ,46, ,
-4, ,44, ,
-2, ,46, ,
-6, ,45, ,
-4, ,45, ,
-4, ,46, ,
-4, ,46, ,
-5, ,44, ,
0, ,46, ,
-1, ,46, ,
-2, ,45, ,
-4, ,45, ,
0, ,45, ,
0, ,44, ,
-1, ,46, ,
-4, ,45, ,
0, ,46, ,
1, ,46, ,
4, ,46, ,
-1, ,44, ,
1, ,46, ,
4, ,46, ,
1, ,45, ,
-1, ,45, ,
1, ,46, ,
-2, ,45, ,
-1, ,46, ,
0, ,45, ,
-1, ,45, ,
0, ,46, ,
0, ,46, ,
-4, ,44, ,
0, ,46, ,
1, ,46, ,
1, ,45, ,
0, ,45, ,
5, ,46, ,
4, ,45, ,
4, ,46, ,
3, ,45, ,
1, ,45, ,
1, ,46, ,
1, ,46, ,
-4, ,44, ,
-1, ,46, ,
0, ,45, ,
3, ,45, ,
-1, ,46, ,
5, ,46, ,
4, ,44, ,
1, ,45, ,
3, ,45, ,
0, ,46, ,
4, ,46, ,
6, ,46, ,
-1, ,45, ,
5, ,46, ,
4, ,46, ,
3, ,45, ,
0, ,45, ,
5, ,46, ,
1, ,44, ,
1, ,46, ,
1, ,45, ,
3, ,45, ,
0, ,46, ,
4, ,46, ,
1, ,44, ,
5, ,46, ,
4, ,45, ,
1, ,45, ,
1, ,45, ,
6, ,46, ,
8, ,45, ,
5, ,46, ,
1, ,46, ,
4, ,45, ,
4, ,46, ,
4, ,46, ,
1, ,44, ,
5, ,46, ,
5, ,46, ,
3, ,45, ,
1, ,46, ,
5, ,46, ,
4, ,45, ,
8, ,46, ,
9, ,45, ,
9, ,45, ,
8, ,46, ,
6, ,46, ,
0, ,44, ,
6, ,46, ,
9, ,45, ,
5, ,45, ,
0, ,45, ,
10, ,46, ,
5, ,45, ,
9, ,46, ,
5, ,45, ,
8, ,46, ,
9, ,46, ,
9, ,46, ,
4, ,44, ,
10, ,46, ,
9, ,45, ,
9, ,45, ,
4, ,45, ,
6, ,46, ,
8, ,45, ,
8, ,46, ,
5, ,45, ,
10, ,45, ,
9, ,46, ,
11, ,46, ,
4, ,44, ,
8, ,46, ,
8, ,45, ,
6, ,45, ,
4, ,46, ,
8, ,46, ,
5, ,45, ,
8, ,46, ,
6, ,45, ,
5, ,46, ,
5, ,46, ,
5, ,46, ,
-1, ,44, ,
1, ,46, ,
6, ,46, ,
4, ,45, ,
0, ,46, ,
6, ,46, ,
4, ,44, ,
4, ,46, ,
3, ,45, ,
6, ,45, ,
4, ,46, ,
6, ,46, ,
6, ,44, ,
4, ,46, ,
5, ,46, ,
5, ,45, ,
1, ,45, ,
5, ,46, ,
-1, ,45, ,
1, ,46, ,
-1, ,45, ,
5, ,45, ,
4, ,46, ,
4, ,46, ,
3, ,44, ,
4, ,46, ,
6, ,45, ,
3, ,45, ,
-2, ,46, ,
5, ,46, ,
5, ,45, ,
8, ,46, ,
6, ,46, ,
8, ,45, ,
6, ,45, ,
6, ,45, ,
1, ,44, ,
4, ,46, ,
3, ,45, ,
1, ,45, ,
-1, ,45, ,
9, ,46, ,
3, ,45, ,
1, ,46, ,
4, ,45, ,
4, ,45, ,
1, ,46, ,
5, ,45, ,
0, ,44, ,
6, ,46, ,
4, ,46, ,
3, ,45, ,
-1, ,46, ,
4, ,46, ,
-1, ,45, ,
-2, ,46, ,
-1, ,45, ,
1, ,45, ,
1, ,46, ,
5, ,45, ,
3, ,44, ,
4, ,46, ,
6, ,46, ,
-2, ,45, ,
-5, ,46, ,
-1, ,46, ,
-2, ,44, ,
-2, ,46, ,
-2, ,45, ,
3, ,45, ,
1, ,46, ,
0, ,46, ,
-5, ,44, ,
-2, ,46, ,
-1, ,45, ,
-4, ,45, ,
-5, ,45, ,
1, ,46, ,
-1, ,45, ,
-2, ,46, ,
-5, ,45, ,
-2, ,46, ,
-6, ,46, ,
-4, ,46, ,
-6, ,44, ,
-2, ,46, ,
-1, ,45, ,
-2, ,45, ,
-4, ,45, ,
0, ,46, ,
-6, ,45, ,
-4, ,46, ,
-5, ,45, ,
-2, ,45, ,
-1, ,46, ,
1, ,45, ,
-5, ,44, ,
-2, ,46, ,
-2, ,46, ,
-5, ,45, ,
-6, ,45, ,
-5, ,45, ,
-6, ,45, ,
-5, ,46, ,
-2, ,45, ,
-1, ,45, ,
-1, ,46, ,
-1, ,45, ,
-6, ,44, ,
0, ,46, ,
-1, ,45, ,
-1, ,45, ,
-5, ,46, ,
-2, ,46, ,
-5, ,44, ,
-2, ,46, ,
-2, ,45, ,
-1, ,46, ,
-1, ,46, ,
-2, ,45, ,
-9, ,44, ,
-5, ,46, ,
-2, ,46, ,
-4, ,45, ,
-5, ,45, ,
1, ,46, ,
0, ,45, ,
0, ,46, ,
-2, ,45, ,
0, ,46, ,
-2, ,46, ,
0, ,46, ,
-1, ,44, ,
3, ,46, ,
4, ,45, ,
1, ,45, ,
-4, ,45, ,
4, ,46, ,
-5, ,45, ,
-2, ,46, ,
-5, ,46, ,
-2, ,45, ,
-1, ,46, ,
-1, ,46, ,
-5, ,44, ,
1, ,46, ,
0, ,45, ,
-1, ,46, ,
-6, ,46, ,
0, ,45, ,
-2, ,45, ,
-1, ,46, ,
0, ,45, ,
0, ,45, ,
-1, ,46, ,
0, ,46, ,
-7, ,44, ,
-2, ,46, ,
-2, ,45, ,
-1, ,45, ,
-5, ,46, ,
3, ,46, ,
-1, ,44, ,
-1, ,46, ,
-2, ,45, ,
-2, ,45, ,
-2, ,46, ,
0, ,46, ,
-4, ,45, ,
1, ,46, ,
1, ,46, ,
0, ,45, ,
-1, ,45, ,
0, ,46, ,
-2, ,45, ,
-2, ,46, ,
-4, ,45, ,
1, ,45, ,
-1, ,46, ,
1, ,45, ,
-1, ,44, ,
3, ,46, ,
4, ,45, ,
0, ,45, ,
-1, ,46, ,
3, ,46, ,
3, ,44, ,
5, ,46, ,
-6, ,45, ,
1, ,45, ,
3, ,46, ,
3, ,46, ,
-2, ,44, ,
3, ,46, ,
4, ,45, ,
4, ,45, ,
4, ,46, ,
6, ,45, ,
5, ,45, ,
5, ,46, ,
1, ,45, ,
1, ,45, ,
1, ,46, ,
1, ,45, ,
1, ,44, ,
3, ,46, ,
6, ,46, ,
5, ,45, ,
3, ,45, ,
9, ,46, ,
4, ,45, ,
4, ,46, ,
1, ,45, ,
3, ,45, ,
1, ,46, ,
1, ,46, ,
-1, ,44, ,
3, ,46, ,
5, ,45, ,
9, ,46, ,
0, ,46, ,
9, ,46, ,
5, ,45, ,
1, ,46, ,
3, ,45, ,
1, ,45, ,
3, ,46, ,
6, ,46, ,
1, ,44, ,
5, ,46, ,
5, ,46, ,
4, ,45, ,
4, ,45, ,
6, ,45, ,
4, ,45, ,
6, ,46, ,
4, ,45, ,
4, ,45, ,
1, ,46, ,
3, ,45, ,
-4, ,44, ,
3, ,46, ,
1, ,46, ,
1, ,45, ,
3, ,46, ,
8, ,46, ,
5, ,45, ,
6, ,46, ,
3, ,46, ,
4, ,45, ,
0, ,46, ,
3, ,46, ,
1, ,44, ,
3, ,46, ,
6, ,45, ,
6, ,45, ,
6, ,46, ,
8, ,46, ,
0, ,45, ,
3, ,46, ,
-1, ,45, ,
1, ,45, ,
3, ,46, ,
4, ,46, ,
1, ,44, ,
5, ,46, ,
5, ,45, ,
5, ,45, ,
1, ,46, ,
8, ,46, ,
6, ,45, ,
8, ,46, ,
6, ,45, ,
8, ,45, ,
5, ,46, ,
4, ,46, ,
0, ,44, ,
0, ,46, ,
1, ,45, ,
3, ,45, ,
-1, ,46, ,
6, ,46, ,
4, ,44, ,
6, ,46, ,
5, ,45, ,
8, ,46, ,
4, ,45, ,
8, ,46, ,
1, ,44, ,
4, ,46, ,
3, ,46, ,
4, ,45, ,
0, ,46, ,
5, ,46, ,
3, ,44, ,
3, ,46, ,
1, ,45, ,
3, ,45, ,
0, ,46, ,
4, ,45, ,
0, ,45, ,
5, ,46, ,
6, ,45, ,
3, ,46, ,
1, ,46, ,
6, ,46, ,
1, ,45, ,
1, ,46, ,
-1, ,45, ,
1, ,46, ,
3, ,46, ,
5, ,46, ,
1, ,44, ,
4, ,46, ,
3, ,45, ,
1, ,45, ,
-4, ,46, ,
3, ,46, ,
0, ,44, ,
0, ,46, ,
-2, ,45, ,
3, ,45, ,
1, ,46, ,
3, ,46, ,
-1, ,45, ,
0, ,46, ,
-1, ,46, ,
-1, ,45, ,
-6, ,46, ,
3, ,46, ,
3, ,45, ,
4, ,46, ,
0, ,46, ,
0, ,46, ,
1, ,46, ,
3, ,46, ,
-5, ,44, ,
1, ,46, ,
0, ,45, ,
1, ,45, ,
-2, ,46, ,
4, ,45, ,
-1, ,45, ,
0, ,46, ,
0, ,45, ,
-1, ,45, ,
1, ,46, ,
4, ,46, ,
0, ,44, ,
4, ,46, ,
3, ,45, ,
1, ,45, ,
-4, ,45, ,
0, ,46, ,
-2, ,44, ,
-2, ,46, ,
-1, ,45, ,
3, ,45, ,
1, ,46, ,
4, ,46, ,
-1, ,44, ,
-1, ,46, ,
0, ,46, ,
-4, ,45, ,
-4, ,46, ,
5, ,46, ,
0, ,45, ,
0, ,46, ,
3, ,46, ,
6, ,45, ,
1, ,46, ,
8, ,45, ,
0, ,45, ,
-4, ,46, ,
0, ,46, ,
4, ,45, ,
0, ,45, ,
4, ,46, ,
-4, ,45, ,
-1, ,46, ,
-5, ,45, ,
-1, ,45, ,
1, ,46, ,
1, ,46, ,
-1, ,44, ,
3, ,46, ,
1, ,45, ,
-1, ,45, ,
-2, ,46, ,
3, ,46, ,
0, ,45, ,
1, ,46, ,
1, ,46, ,
-1, ,45, ,
0, ,46, ,
1, ,45, ,
-4, ,40, ,
-4, ,34, ,
-5, ,23, ,
-9, ,14, ,
-15, ,6, ,
-9, ,-3, ,
-7, ,-8, ,
-6, ,-13, ,
-6, ,-19, ,
-1, ,-23, ,
-4, ,-26, ,
-4, ,-29, ,
-6, ,-31, ,
-4, ,-35, ,
-1, ,-37, ,
-5, ,-38, ,
-11, ,-39, ,
-2, ,-41, ,
-2, ,-41, ,
-1, ,-43, ,
-1, ,-43, ,
4, ,-44, ,
1, ,-45, ,
-1, ,-45, ,
-6, ,-46, ,
-1, ,-46, ,
4, ,-46, ,
-1, ,-46, ,
-2, ,-47, ,
1, ,-47, ,
-1, ,-47, ,
-1, ,-48, ,
-5, ,-47, ,
-2, ,-47, ,
0, ,-48, ,
4, ,-48, ,
1, ,-47, ,
3, ,-48, ,
3, ,-48, ,
0, ,-48, ,
-2, ,-48, ,
1, ,-47, ,
-1, ,-47, ,
3, ,-48, ,
0, ,-48, ,
6, ,-47, ,
4, ,-48, ,
6, ,-48, ,
-1, ,-47, ,
3, ,-48, ,
4, ,-48, ,
1, ,-48, ,
0, ,-48, ,
8, ,-48, ,
4, ,-48, ,
4, ,-48, ,
3, ,-48, ,
4, ,-47, ,
8, ,-48, ,
0, ,-48, ,
-1, ,-47, ,
-6, ,-48, ,
3, ,-48, ,
10, ,-48, ,
-4, ,-48, ,
9, ,-48, ,
6, ,-47, ,
-4, ,-48, ,
-4, ,-47, ,
0, ,-47, ,
1, ,-47, ,
3, ,-48, ,
4, ,-47, ,
9, ,-48, ,
9, ,-47, ,
6, ,-48, ,
0, ,-48, ,
4, ,-48, ,
-1, ,-47, ,
1, ,-48, ,
1, ,-47, ,
3, ,-47, ,
4, ,-48, ,
0, ,-48, ,
-5, ,-47, ,
1, ,-47, ,
4, ,-48, ,
5, ,-47, ,
4, ,-48, ,
5, ,-48, ,
4, ,-47, ,
1, ,-48, ,
-1, ,-47, ,
1, ,-47, ,
3, ,-47, ,
5, ,-48, ,
1, ,-47, ,
5, ,-48, ,
8, ,-48, ,
4, ,-47, ,
-4, ,-47, ,
1, ,-47, ,
-4, ,-47, ,
0, ,-48, ,
-4, ,-47, ,
0, ,-47, ,
-1, ,-47, ,
-2, ,-48, ,
-4, ,-46, ,
4, ,-47, ,
5, ,-47, ,
9, ,-47, ,
6, ,-48, ,
13, ,-47, ,
6, ,-47, ,
4, ,-48, ,
3, ,-47, ,
1, ,-47, ,
-2, ,-47, ,
1, ,-48, ,
-2, ,-47, ,
3, ,-48, ,
5, ,-47, ,
3, ,-47, ,
1, ,-48, ,
4, ,-47, ,
4, ,-47, ,
3, ,-48, ,
1, ,-47, ,
4, ,-47, ,
6, ,-47, ,
6, ,-47, ,
0, ,-47, ,
3, ,-47, ,
3, ,-47, ,
-1, ,-47, ,
-2, ,-47, ,
4, ,-47, ,
1, ,-47, ,
0, ,-48, ,
-1, ,-47, ,
0, ,-47, ,
-1, ,-47, ,
0, ,-48, ,
-2, ,-47, ,
4, ,-48, ,
6, ,-47, ,
3, ,-47, ,
0, ,-47, ,
3, ,-47, ,
3, ,-47, ,
3, ,-48, ,
-2, ,-47, ,
1, ,-47, ,
-1, ,-47, ,
1, ,-47, ,
-1, ,-47, ,
3, ,-47, ,
3, ,-47, ,
1, ,-47, ,
0, ,-47, ,
3, ,-47, ,
-1, ,-47, ,
0, ,-48, ,
-4, ,-47, ,
0, ,-47, ,
0, ,-47, ,
4, ,-48, ,
-4, ,-47, ,
3, ,-47, ,
5, ,-47, ,
-1, ,-47, ,
-7, ,-47, ,
1, ,-47, ,
-2, ,-47, ,
1, ,-48, ,
0, ,-47, ,
0, ,-47, ,
3, ,-47, ,
4, ,-48, ,
-1, ,-46, ,
1, ,-47, ,
1, ,-47, ,
0, ,-47, ,
-1, ,-47, ,
1, ,-47, ,
0, ,-47, ,
-1, ,-48, ,
0, ,-47, ,
3, ,-47, ,
3, ,-47, ,
4, ,-47, ,
-4, ,-47, ,
3, ,-47, ,
4, ,-47, ,
0, ,-47, ,
0, ,-47, ,
5, ,-47, ,
0, ,-47, ,
0, ,-48, ,
-4, ,-47, ,
0, ,-47, ,
-1, ,-47, ,
1, ,-48, ,
-2, ,-46, ,
1, ,-47, ,
3, ,-47, ,
-2, ,-47, ,
-6, ,-47, ,
0, ,-47, ,
0, ,-47, ,
0, ,-48, ,
0, ,-47, ,
4, ,-47, ,
0, ,-47, ,
6, ,-48, ,
-1, ,-47, ,
0, ,-47, ,
3, ,-47, ,
-2, ,-47, ,
-5, ,-47, ,
3, ,-47, ,
-4, ,-47, ,
-2, ,-48, ,
-1, ,-47, ,
1, ,-47, ,
0, ,-47, ,
-2, ,-48, ,
-4, ,-47, ,
0, ,-47, ,
4, ,-47, ,
1, ,-47, ,
-2, ,-47, ,
4, ,-47, ,
3, ,-47, ,
1, ,-48, ,
0, ,-47, ,
-1, ,-47, ,
0, ,-47, ,
-1, ,-48, ,
-4, ,-47, ,
3, ,-47, ,
-2, ,-47, ,
1, ,-47, ,
-4, ,-47, ,
-4, ,-47, ,
3, ,-46, ,
-1, ,-48, ,
0, ,-47, ,
1, ,-47, ,
4, ,-47, ,
4, ,-48, ,
-1, ,-46, ,
0, ,-47, ,
-1, ,-47, ,
-4, ,-47, ,
-5, ,-47, ,
0, ,-47, ,
0, ,-46, ,
0, ,-48, ,
1, ,-47, ,
6, ,-47, ,
3, ,-47, ,
0, ,-48, ,
-4, ,-47, ,
3, ,-48, ,
3, ,-47, ,
-1, ,-47, ,
-2, ,-47, ,
5, ,-47, ,
3, ,-46, ,
1, ,-48, ,
-1, ,-47, ,
4, ,-47, ,
1, ,-47, ,
4, ,-48, ,
1, ,-46, ,
1, ,-47, ,
3, ,-47, ,
-1, ,-47, ,
-4, ,-47, ,
3, ,-47, ,
1, ,-46, ,
1, ,-48, ,
0, ,-47, ,
1, ,-47, ,
4, ,-47, ,
5, ,-47, ,
0, ,-47, ,
4, ,-47, ,
3, ,-47, ,
1, ,-47, ,
-4, ,-47, ,
5, ,-47, ,
0, ,-47, ,
5, ,-48, ,
1, ,-47, ,
6, ,-47, ,
4, ,-47, ,
4, ,-47, ,
-4, ,-47, ,
3, ,-48, ,
-1, ,-47, ,
-1, ,-47, ,
-5, ,-47, ,
3, ,-47, ,
4, ,-47, ,
0, ,-48, ,
1, ,-47, ,
3, ,-47, ,
3, ,-47, ,
4, ,-47, ,
-2, ,-46, ,
4, ,-47, ,
4, ,-47, ,
-1, ,-47, ,
-4, ,-47, ,
3, ,-47, ,
4, ,-47, ,
3, ,-48, ,
1, ,-47, ,
4, ,-47, ,
3, ,-47, ,
4, ,-47, ,
0, ,-46, ,
5, ,-48, ,
5, ,-47, ,
3, ,-47, ,
-2, ,-47, ,
1, ,-47, ,
0, ,-46, ,
1, ,-48, ,
-1, ,-47, ,
6, ,-47, ,
5, ,-47, ,
9, ,-47, ,
4, ,-47, ,
4, ,-47, ,
5, ,-47, ,
3, ,-47, ,
1, ,-47, ,
3, ,-47, ,
1, ,-47, ,
3, ,-48, ,
0, ,-47, ,
4, ,-47, ,
5, ,-47, ,
3, ,-47, ,
-1, ,-46, ,
4, ,-47, ,
4, ,-47, ,
5, ,-47, ,
1, ,-47, ,
9, ,-47, ,
5, ,-47, ,
4, ,-48, ,
0, ,-47, ,
3, ,-47, ,
1, ,-47, ,
0, ,-48, ,
-2, ,-47, ,
4, ,-47, ,
5, ,-47, ,
6, ,-47, ,
3, ,-47, ,
8, ,-47, ,
5, ,-46, ,
1, ,-48, ,
0, ,-47, ,
1, ,-47, ,
4, ,-47, ,
6, ,-47, ,
1, ,-47, ,
6, ,-47, ,
6, ,-47, ,
5, ,-47, ,
-1, ,-47, ,
5, ,-47, ,
4, ,-46, ,
1, ,-48, ,
-1, ,-47, ,
3, ,-47, ,
3, ,-47, ,
1, ,-47, ,
-2, ,-47, ,
4, ,-47, ,
3, ,-47, ,
1, ,-47, ,
0, ,-47, ,
5, ,-47, ,
3, ,-47, ,
4, ,-48, ,
-4, ,-47, ,
0, ,-46, ,
0, ,-47, ,
3, ,-47, ,
0, ,-47, ,
3, ,-47, ,
5, ,-47, ,
3, ,-47, ,
-1, ,-47, ,
3, ,-47, ,
3, ,-47, ,
3, ,-48, ,
-4, ,-47, ,
1, ,-47, ,
0, ,-47, ,
3, ,-47, ,
-4, ,-47, ,
0, ,-47, ,
5, ,-47, ,
1, ,-47, ,
-2, ,-47, ,
3, ,-47, ,
1, ,-46, ,
0, ,-48, ,
-2, ,-47, ,
-1, ,-46, ,
0, ,-47, ,
3, ,-47, ,
-2, ,-47, ,
3, ,-47, ,
3, ,-47, ,
3, ,-47, ,
-2, ,-47, ,
4, ,-47, ,
1, ,-46, ,
3, ,-48, ,
1, ,-47, ,
3, ,-47, ,
4, ,-47, ,
3, ,-48, ,
-1, ,-46, ,
4, ,-47, ,
3, ,-47, ,
1, ,-47, ,
0, ,-47, ,
5, ,-47, ,
5, ,-46, ,
3, ,-48, ,
-1, ,-47, ,
0, ,-47, ,
-1, ,-47, ,
0, ,-48, ,
-2, ,-47, ,
3, ,-47, ,
3, ,-47, ,
1, ,-47, ,
-2, ,-47, ,
3, ,-47, ,
-1, ,-47, ,
-1, ,-47, ,
-1, ,-47, ,
0, ,-47, ,
0, ,-47, ,
4, ,-48, ,
1, ,-46, ,
5, ,-47, ,
4, ,-47, ,
-1, ,-47, ,
-5, ,-47, ,
0, ,-47, ,
-2, ,-47, ,
-2, ,-48, ,
-5, ,-47, ,
-1, ,-47, ,
0, ,-47, ,
0, ,-48, ,
-1, ,-47, ,
1, ,-47, ,
3, ,-47, ,
0, ,-47, ,
0, ,-47, ,
6, ,-47, ,
3, ,-47, ,
1, ,-48, ,
-2, ,-47, ,
-1, ,-47, ,
-5, ,-47, ,
-2, ,-47, ,
-7, ,-47, ,
1, ,-47, ,
-1, ,-47, ,
0, ,-47, ,
-4, ,-47, ,
4, ,-47, ,
1, ,-46, ,
-1, ,-47, ,
-6, ,-47, ,
-2, ,-47, ,
1, ,-47, ,
3, ,-47, ,
-4, ,-47, ,
0, ,-47, ,
0, ,-47, ,
-1, ,-47, ,
-5, ,-47, ,
-1, ,-47, ,
-2, ,-46, ,
-2, ,-48, ,
0, ,-47, ,
0, ,-46, ,
1, ,-47, ,
4, ,-48, ,
-5, ,-47, ,
1, ,-47, ,
3, ,-47, ,
-1, ,-47, ,
-2, ,-47, ,
1, ,-47, ,
1, ,-46, ,
3, ,-48, ,
-1, ,-47, ,
1, ,-46, ,
-1, ,-47, ,
-1, ,-47, ,
-7, ,-46, ,
-2, ,-47, ,
0, ,-47, ,
-1, ,-47, ,
-5, ,-47, ,
4, ,-47, ,
3, ,-47, ,
1, ,-48, ,
-2, ,-47, ,
-1, ,-47, ,
0, ,-47, ,
1, ,-47, ,
-4, ,-47, ,
4, ,-47, ,
5, ,-47, ,
3, ,-47, ,
-1, ,-47, ,
1, ,-47, ,
0, ,-46, ,
3, ,-48, ,
3, ,-47, ,
4, ,-47, ,
3, ,-47, ,
3, ,-47, ,
-1, ,-46, ,
1, ,-47, ,
-1, ,-47, ,
0, ,-47, ,
-6, ,-47, ,
-1, ,-47, ,
1, ,-46, ,
0, ,-48, ,
1, ,-47, ,
3, ,-47, ,
4, ,-47, ,
3, ,-48, ,
-5, ,-47, ,
0, ,-48, ,
0, ,-47, ,
-1, ,-47, ,
-2, ,-47, ,
5, ,-47, ,
1, ,-47, ,
3, ,-48, ,
3, ,-47, ,
3, ,-47, ,
0, ,-47, ,
1, ,-47, ,
-5, ,-46, ,
-1, ,-47, ,
0, ,-47, ,
0, ,-47, ,
-5, ,-47, ,
3, ,-47, ,
3, ,-47, ,
4, ,-47, ,
1, ,-47, ,
5, ,-47, ,
5, ,-47, ,
4, ,-47, ,
0, ,-47, ,
6, ,-47, ,
6, ,-47, ,
3, ,-47, ,
-1, ,-47, ,
1, ,-47, ,
-1, ,-47, ,
-1, ,-48, ,
-1, ,-47, ,
4, ,-47, ,
3, ,-47, ,
3, ,-47, ,
-1, ,-47, ,
1, ,-47, ,
3, ,-47, ,
3, ,-47, ,
1, ,-47, ,
9, ,-47, ,
8, ,-47, ,
5, ,-48, ,
3, ,-47, ,
4, ,-47, ,
3, ,-47, ,
1, ,-47, ,
-4, ,-47, ,
1, ,-47, ,
1, ,-47, ,
1, ,-47, ,
0, ,-47, ,
6, ,-47, ,
5, ,-47, ,
4, ,-47, ,
4, ,-47, ,
8, ,-47, ,
5, ,-47, ,
8, ,-48, ,
4, ,-47, ,
6, ,-48, ,
6, ,-47, ,
3, ,-47, ,
-4, ,-47, ,
1, ,-47, ,
1, ,-47, ,
3, ,-48, ,
1, ,-47, ,
5, ,-47, ,
4, ,-47, ,
3, ,-47, ,
-4, ,-47, ,
3, ,-47, ,
3, ,-47, ,
1, ,-47, ,
0, ,-47, ,
6, ,-47, ,
4, ,-46, ,
4, ,-48, ,
1, ,-47, ,
4, ,-47, ,
5, ,-47, ,
6, ,-48, ,
3, ,-46, ,
4, ,-47, ,
5, ,-48, ,
4, ,-47, ,
1, ,-47, ,
6, ,-47, ,
3, ,-46, ,
5, ,-48, ,
3, ,-47, ,
1, ,-47, ,
5, ,-47, ,
4, ,-47, ,
0, ,-47, ,
4, ,-47, ,
6, ,-47, ,
4, ,-47, ,
-2, ,-47, ,
5, ,-47, ,
1, ,-46, ,
0, ,-48, ,
1, ,-47, ,
1, ,-47, ,
3, ,-47, ,
3, ,-47, ,
0, ,-47, ,
3, ,-47, ,
4, ,-47, ,
4, ,-47, ,
-1, ,-47, ,
6, ,-47, ,
4, ,-47, ,
3, ,-48, ,
3, ,-47, ,
4, ,-47, ,
4, ,-47, ,
6, ,-47, ,
-1, ,-47, ,
6, ,-47, ,
6, ,-48, ,
3, ,-47, ,
3, ,-47, ,
8, ,-47, ,
4, ,-46, ,
4, ,-48, ,
1, ,-47, ,
5, ,-47, ,
3, ,-47, ,
3, ,-47, ,
-2, ,-46, ,
0, ,-47, ,
4, ,-47, ,
3, ,-47, ,
-1, ,-47, ,
5, ,-47, ,
4, ,-47, ,
4, ,-48, ,
0, ,-47, ,
1, ,-47, ,
1, ,-47, ,
3, ,-48, ,
0, ,-47, ,
8, ,-47, ,
4, ,-47, ,
0, ,-47, ,
3, ,-47, ,
-1, ,-47, ,
-2, ,-47, ,
-1, ,-48, ,
-7, ,-47, ,
0, ,-46, ,
1, ,-47, ,
-1, ,-47, ,
-1, ,-46, ,
3, ,-47, ,
4, ,-47, ,
0, ,-47, ,
-2, ,-47, ,
5, ,-47, ,
3, ,-47, ,
3, ,-48, ,
-1, ,-47, ,
3, ,-46, ,
1, ,-47, ,
0, ,-47, ,
-4, ,-47, ,
1, ,-47, ,
4, ,-47, ,
1, ,-47, ,
-2, ,-47, ,
4, ,-47, ,
3, ,-47, ,
-1, ,-48, ,
-5, ,-47, ,
4, ,-46, ,
1, ,-47, ,
1, ,-48, ,
-4, ,-47, ,
1, ,-47, ,
1, ,-47, ,
-1, ,-47, ,
-2, ,-47, ,
-1, ,-47, ,
0, ,-47, ,
-2, ,-48, ,
-5, ,-47, ,
0, ,-47, ,
-2, ,-47, ,
3, ,-48, ,
0, ,-47, ,
4, ,-47, ,
6, ,-47, ,
0, ,-47, ,
-4, ,-47, ,
3, ,-47, ,
3, ,-46, ,
-1, ,-48, ,
-2, ,-47, ,
0, ,-46, ,
1, ,-47, ,
3, ,-47, ,
-2, ,-46, ,
1, ,-47, ,
0, ,-47, ,
-1, ,-47, ,
-5, ,-48, ,
3, ,-47, ,
1, ,-47, ,
0, ,-47, ,
-1, ,-47, ,
-1, ,-47, ,
1, ,-47, ,
0, ,-48, ,
-6, ,-47, ,
-1, ,-47, ,
0, ,-47, ,
3, ,-47, ,
0, ,-47, ,
4, ,-47, ,
3, ,-46, ,
1, ,-48, ,
-2, ,-47, ,
-4, ,-47, ,
-1, ,-47, ,
0, ,-47, ,
-2, ,-46, ,
0, ,-45, ,
1, ,-38, ,
6, ,-27, ,
3, ,-18, ,
9, ,-9, ,
6, ,-1, ,
0, ,6, ,
3, ,11, ,
4, ,15, ,
4, ,20, ,
9, ,23, ,
1, ,26, ,
6, ,29, ,
4, ,32, ,
1, ,34, ,
-1, ,36, ,
6, ,37, ,
4, ,37, ,
4, ,39, ,
4, ,40, ,
3, ,40, ,
-1, ,42, ,
3, ,42, ,
-6, ,41, ,
-1, ,44, ,
1, ,45, ,
0, ,44, ,
0, ,45, ,
4, ,45, ,
4, ,44, ,
4, ,46, ,
0, ,45, ,
1, ,45, ,
3, ,46, ,
3, ,46, ,
-2, ,45, ,
1, ,47, ,
3, ,46, ,
-1, ,46, ,
-2, ,46, ,
1, ,46, ,
-4, ,45, ,
-1, ,47, ,
-1, ,46, ,
3, ,46, ,
3, ,46, ,
5, ,46, ,
-1, ,45, ,
3, ,47, ,
1, ,46, ,
0, ,46, ,
-2, ,46, ,
5, ,46, ,
3, ,45, ,
3, ,47, ,
0, ,46, ,
0, ,46, ,
0, ,47, ,
1, ,46, ,
-4, ,45, ,
3, ,47, ,
-4, ,46, ,
-1, ,46, ,
-1, ,46, ,
1, ,46, ,
4, ,45, ,
8, ,46, ,
1, ,45, ,
0, ,46, ,
1, ,47, ,
3, ,46, ,
-4, ,45, ,
0, ,46, ,
1, ,46, ,
-1, ,46, ,
-4, ,46, ,
3, ,46, ,
3, ,45, ,
1, ,47, ,
3, ,45, ,
3, ,46, ,
1, ,46, ,
3, ,46, ,
-4, ,45, ,
1, ,46, ,
3, ,45, ,
0, ,45, ,
-4, ,46, ,
3, ,46, ,
-1, ,45, ,
1, ,46, ,
-1, ,45, ,
3, ,45, ,
3, ,46, ,
5, ,46, ,
1, ,44, ,
1, ,46, ,
-2, ,46, ,
-1, ,46, ,
-2, ,46, ,
3, ,46, ,
1, ,45, ,
3, ,46, ,
1, ,45, ,
5, ,46, ,
3, ,46, ,
4, ,46, ,
-2, ,45, ,
1, ,46, ,
4, ,46, ,
6, ,45, ,
-1, ,46, ,
8, ,46, ,
3, ,45, ,
0, ,46, ,
0, ,45, ,
-1, ,46, ,
-1, ,46, ,
3, ,46, ,
1, ,44, ,
6, ,46, ,
4, ,46, ,
3, ,45, ,
-4, ,46, ,
3, ,46, ,
1, ,45, ,
1, ,46, ,
1, ,45, ,
5, ,46, ,
1, ,46, ,
5, ,46, ,
0, ,44, ,
3, ,46, ,
4, ,46, ,
3, ,46, ,
1, ,46, ,
6, ,46, ,
3, ,45, ,
5, ,47, ,
1, ,45, ,
4, ,46, ,
1, ,46, ,
4, ,46, ,
-2, ,45, ,
3, ,46, ,
4, ,46, ,
1, ,46, ,
1, ,46, ,
6, ,46, ,
6, ,45, ,
4, ,46, ,
4, ,46, ,
-2, ,46, ,
4, ,46, ,
10, ,46, ,
-2, ,44, ,
5, ,46, ,
5, ,46, ,
0, ,46, ,
-4, ,46, ,
3, ,46, ,
-1, ,45, ,
0, ,46, ,
-1, ,45, ,
-2, ,46, ,
-1, ,46, ,
0, ,46, ,
-1, ,45, ,
4, ,46, ,
5, ,46, ,
4, ,45, ,
-1, ,46, ,
5, ,46, ,
1, ,45, ,
0, ,46, ,
-1, ,45, ,
1, ,45, ,
3, ,46, ,
3, ,46, ,
-1, ,45, ,
3, ,46, ,
1, ,46, ,
-1, ,45, ,
-2, ,46, ,
3, ,46, ,
1, ,45, ,
3, ,46, ,
0, ,45, ,
3, ,46, ,
3, ,46, ,
3, ,46, ,
-2, ,44, ,
3, ,46, ,
1, ,46, ,
0, ,45, ,
1, ,45, ,
13, ,46, ,
24, ,45, ,
40, ,46, ,
56, ,45, ,
68, ,45, ,
65, ,46, ,
67, ,46, ,
61, ,44, ,
54, ,46, ,
48, ,45, ,
35, ,45, ,
25, ,45, ,
23, ,46, ,
16, ,44, ,
13, ,46, ,
10, ,45, ,
9, ,45, ,
10, ,46, ,
14, ,45, ,
8, ,44, ,
6, ,46, ,
8, ,46, ,
4, ,45, ,
0, ,46, ,
3, ,46, ,
4, ,45, ,
4, ,46, ,
3, ,45, ,
3, ,46, ,
5, ,46, ,
5, ,46, ,
4, ,44, ,
6, ,46, ,
5, ,45, ,
6, ,45, ,
0, ,46, ,
6, ,46, ,
1, ,45, ,
5, ,46, ,
1, ,45, ,
1, ,46, ,
3, ,46, ,
3, ,45, ,
1, ,44, ,
8, ,46, ,
5, ,45, ,
6, ,45, ,
1, ,46, ,
4, ,46, ,
-1, ,45, ,
-10, ,46, ,
-11, ,45, ,
-12, ,46, ,
-15, ,46, ,
-11, ,46, ,
-11, ,44, ,
-1, ,46, ,
4, ,46, ,
4, ,45, ,
5, ,45, ,
14, ,46, ,
14, ,44, ,
13, ,46, ,
11, ,45, ,
10, ,46, ,
10, ,46, ,
8, ,46, ,
1, ,44, ,
1, ,46, ,
1, ,45, ,
-1, ,45, ,
0, ,46, ,
4, ,46, ,
4, ,45, ,
1, ,46, ,
3, ,45, ,
5, ,45, ,
4, ,46, ,
4, ,46, ,
3, ,44, ,
1, ,46, ,
5, ,46, ,
0, ,45, ,
-1, ,46, ,
5, ,46, ,
0, ,44, ,
3, ,46, ,
1, ,45, ,
5, ,45, ,
5, ,46, ,
4, ,46, ,
0, ,44, ,
6, ,46, ,
8, ,45, ,
9, ,45, ,
3, ,45, ,
8, ,46, ,
1, ,45, ,
1, ,46, ,
3, ,45, ,
5, ,45, ,
1, ,46, ,
6, ,46, ,
1, ,44, ,
6, ,46, ,
4, ,46, ,
1, ,45, ,
-4, ,46, ,
3, ,46, ,
0, ,44, ,
3, ,46, ,
6, ,45, ,
1, ,45, ,
5, ,46, ,
6, ,46, ,
-4, ,44, ,
3, ,46, ,
3, ,46, ,
4, ,45, ,
4, ,45, ,
6, ,46, ,
8, ,45, ,
4, ,46, ,
3, ,45, ,
5, ,46, ,
4, ,46, ,
4, ,45, ,
0, ,44, ,
6, ,46, ,
5, ,45, ,
0, ,46, ,
-1, ,45, ,
5, ,46, ,
4, ,44, ,
1, ,46, ,
0, ,45, ,
3, ,45, ,
5, ,46, ,
6, ,46, ,
1, ,44, ,
5, ,46, ,
5, ,46, ,
-1, ,45, ,
-2, ,46, ,
5, ,46, ,
3, ,44, ,
8, ,46, ,
8, ,45, ,
9, ,45, ,
4, ,46, ,
6, ,46, ,
-1, ,44, ,
-1, ,46, ,
3, ,45, ,
1, ,45, ,
0, ,46, ,
9, ,46, ,
8, ,45, ,
9, ,46, ,
8, ,45, ,
6, ,45, ,
6, ,46, ,
6, ,46, ,
4, ,44, ,
9, ,46, ,
6, ,45, ,
8, ,45, ,
0, ,46, ,
5, ,46, ,
5, ,44, ,
3, ,46, ,
4, ,45, ,
5, ,45, ,
3, ,46, ,
8, ,45, ,
3, ,44, ,
1, ,46, ,
3, ,46, ,
11, ,46, ,
0, ,46, ,
6, ,46, ,
9, ,44, ,
5, ,46, ,
6, ,45, ,
8, ,46, ,
6, ,46, ,
8, ,45, ,
0, ,44, ,
5, ,46, ,
3, ,45, ,
0, ,45, ,
-1, ,45, ,
4, ,46, ,
5, ,45, ,
8, ,46, ,
6, ,46, ,
10, ,46, ,
9, ,46, ,
10, ,46, ,
3, ,44, ,
4, ,46, ,
5, ,46, ,
3, ,46, ,
0, ,46, ,
6, ,46, ,
1, ,45, ,
3, ,46, ,
4, ,45, ,
5, ,45, ,
-1, ,46, ,
4, ,46, ,
0, ,44, ,
4, ,46, ,
5, ,45, ,
5, ,45, ,
1, ,46, ,
5, ,46, ,
8, ,45, ,
4, ,46, ,
3, ,45, ,
1, ,45, ,
3, ,46, ,
4, ,46, ,
0, ,44, ,
4, ,46, ,
4, ,46, ,
3, ,45, ,
-1, ,45, ,
4, ,46, ,
6, ,45, ,
4, ,46, ,
3, ,45, ,
5, ,45, ,
5, ,46, ,
6, ,46, ,
-1, ,44, ,
4, ,46, ,
5, ,46, ,
3, ,45, ,
1, ,45, ,
6, ,46, ,
6, ,44, ,
3, ,46, ,
1, ,45, ,
5, ,45, ,
0, ,46, ,
1, ,45, ,
-1, ,44, ,
1, ,46, ,
5, ,45, ,
3, ,45, ,
1, ,45, ,
8, ,46, ,
8, ,44, ,
13, ,46, ,
9, ,45, ,
10, ,45, ,
11, ,46, ,
13, ,46, ,
4, ,44, ,
6, ,46, ,
8, ,46, ,
4, ,46, ,
3, ,46, ,
9, ,46, ,
3, ,45, ,
4, ,46, ,
0, ,45, ,
4, ,45, ,
8, ,46, ,
6, ,46, ,
5, ,44, ,
6, ,46, ,
6, ,46, ,
6, ,45, ,
0, ,46, ,
5, ,46, ,
-2, ,45, ,
1, ,46, ,
4, ,45, ,
4, ,46, ,
4, ,46, ,
6, ,45, ,
3, ,44, ,
5, ,46, ,
5, ,45, ,
5, ,45, ,
1, ,45, ,
8, ,46, ,
6, ,45, ,
3, ,46, ,
1, ,45, ,
1, ,46, ,
1, ,46, ,
5, ,45, ,
1, ,44, ,
6, ,46, ,
9, ,45, ,
6, ,45, ,
5, ,45, ,
6, ,45, ,
4, ,45, ,
1, ,46, ,
1, ,45, ,
4, ,45, ,
3, ,46, ,
4, ,45, ,
-2, ,44, ,
1, ,46, ,
5, ,46, ,
1, ,45, ,
-2, ,46, ,
4, ,46, ,
0, ,45, ,
3, ,46, ,
3, ,45, ,
5, ,45, ,
4, ,46, ,
5, ,46, ,
0, ,44, ,
3, ,46, ,
3, ,46, ,
3, ,45, ,
-6, ,45, ,
3, ,46, ,
-1, ,45, ,
-1, ,46, ,
-2, ,45, ,
0, ,45, ,
-1, ,46, ,
0, ,46, ,
1, ,44, ,
5, ,46, ,
5, ,45, ,
6, ,45, ,
3, ,45, ,
6, ,46, ,
3, ,44, ,
-1, ,46, ,
-6, ,45, ,
-4, ,45, ,
-2, ,46, ,
-1, ,46, ,
-4, ,44, ,
3, ,46, ,
1, ,45, ,
1, ,45, ,
-4, ,46, ,
0, ,46, ,
-1, ,44, ,
-2, ,46, ,
-4, ,45, ,
-2, ,45, ,
-1, ,46, ,
0, ,46, ,
-6, ,44, ,
-1, ,46, ,
-1, ,46, ,
-2, ,45, ,
-5, ,45, ,
-2, ,46, ,
-2, ,45, ,
-4, ,46, ,
-2, ,45, ,
-2, ,45, ,
-4, ,46, ,
-1, ,46, ,
-7, ,44, ,
3, ,46, ,
3, ,45, ,
0, ,45, ,
0, ,45, ,
5, ,46, ,
0, ,45, ,
0, ,46, ,
-4, ,45, ,
-1, ,45, ,
-2, ,46, ,
-1, ,46, ,
-6, ,44, ,
-2, ,46, ,
1, ,46, ,
-1, ,45, ,
-2, ,46, ,
3, ,46, ,
0, ,45, ,
-1, ,46, ,
-1, ,45, ,
-1, ,45, ,
-1, ,46, ,
3, ,46, ,
0, ,44, ,
4, ,46, ,
4, ,45, ,
3, ,45, ,
-1, ,46, ,
3, ,46, ,
1, ,44, ,
1, ,46, ,
3, ,45, ,
4, ,45, ,
4, ,46, ,
6, ,46, ,
-1, ,44, ,
3, ,46, ,
0, ,46, ,
1, ,46, ,
-1, ,45, ,
4, ,46, ,
5, ,45, ,
5, ,46, ,
4, ,45, ,
4, ,45, ,
1, ,46, ,
1, ,46, ,
-5, ,44, ,
1, ,46, ,
4, ,45, ,
5, ,45, ,
5, ,45, ,
6, ,46, ,
3, ,45, ,
3, ,47, ,
1, ,45, ,
3, ,46, ,
0, ,46, ,
1, ,46, ,
-1, ,44, ,
3, ,46, ,
3, ,46, ,
1, ,45, ,
-2, ,46, ,
3, ,46, ,
5, ,44, ,
6, ,46, ,
6, ,45, ,
9, ,45, ,
8, ,46, ,
9, ,46, ,
1, ,44, ,
4, ,46, ,
4, ,46, ,
3, ,45, ,
-1, ,45, ,
5, ,46, ,
4, ,45, ,
8, ,46, ,
4, ,45, ,
6, ,46, ,
5, ,46, ,
5, ,46, ,
3, ,44, ,
5, ,46, ,
6, ,46, ,
5, ,45, ,
3, ,46, ,
6, ,45, ,
6, ,45, ,
6, ,46, ,
5, ,45, ,
4, ,46, ,
3, ,46, ,
6, ,46, ,
0, ,44, ,
6, ,46, ,
6, ,45, ,
5, ,45, ,
3, ,45, ,
8, ,46, ,
8, ,45, ,
6, ,46, ,
5, ,45, ,
8, ,45, ,
9, ,46, ,
9, ,46, ,
5, ,44, ,
8, ,46, ,
6, ,46, ,
8, ,45, ,
3, ,46, ,
9, ,46, ,
8, ,45, ,
8, ,46, ,
6, ,45, ,
6, ,46, ,
3, ,46, ,
10, ,46, ,
0, ,44, ,
6, ,46, ,
6, ,45, ,
4, ,45, ,
3, ,45, ,
9, ,46, ,
6, ,45, ,
9, ,46, ,
6, ,45, ,
8, ,46, ,
6, ,46, ,
4, ,46, ,
1, ,44, ,
3, ,46, ,
4, ,45, ,
4, ,45, ,
4, ,45, ,
9, ,46, ,
6, ,45, ,
5, ,46, ,
5, ,45, ,
4, ,45, ,
4, ,46, ,
5, ,45, ,
6, ,44, ,
8, ,46, ,
5, ,45, ,
9, ,45, ,
-1, ,45, ,
6, ,45, ,
0, ,45, ,
4, ,46, ,
3, ,45, ,
4, ,46, ,
4, ,46, ,
6, ,46, ,
-1, ,44, ,
4, ,46, ,
4, ,46, ,
3, ,45, ,
1, ,46, ,
5, ,46, ,
5, ,45, ,
4, ,46, ,
1, ,45, ,
3, ,45, ,
3, ,46, ,
5, ,45, ,
0, ,44, ,
5, ,46, ,
8, ,46, ,
5, ,45, ,
5, ,46, ,
9, ,46, ,
5, ,44, ,
6, ,46, ,
4, ,45, ,
5, ,46, ,
3, ,46, ,
4, ,46, ,
1, ,44, ,
4, ,46, ,
5, ,45, ,
1, ,46, ,
-2, ,45, ,
5, ,46, ,
1, ,44, ,
3, ,46, ,
1, ,45, ,
4, ,45, ,
4, ,46, ,
6, ,46, ,
0, ,44, ,
5, ,46, ,
3, ,46, ,
-1, ,45, ,
-5, ,46, ,
1, ,46, ,
-2, ,45, ,
-1, ,46, ,
-4, ,45, ,
1, ,46, ,
5, ,46, ,
3, ,46, ,
0, ,44, ,
1, ,46, ,
4, ,45, ,
4, ,46, ,
-2, ,45, ,
5, ,46, ,
0, ,45, ,
0, ,47, ,
-2, ,45, ,
0, ,46, ,
-1, ,46, ,
3, ,46, ,
-4, ,44, ,
1, ,46, ,
4, ,45, ,
3, ,38, ,
-4, ,29, ,
-5, ,18, ,
-10, ,10, ,
-9, ,1, ,
-11, ,-5, ,
-6, ,-10, ,
-4, ,-16, ,
-2, ,-21, ,
-9, ,-25, ,
-4, ,-28, ,
-5, ,-30, ,
-5, ,-32, ,
-6, ,-35, ,
-4, ,-37, ,
-5, ,-39, ,
-10, ,-40, ,
-9, ,-41, ,
-2, ,-42, ,
-2, ,-43, ,
-1, ,-44, ,
-6, ,-44, ,
-1, ,-45, ,
0, ,-45, ,
-5, ,-45, ,
-5, ,-46, ,
0, ,-46, ,
-2, ,-46, ,
3, ,-47, ,
-4, ,-47, ,
-1, ,-47, ,
-1, ,-47, ,
-2, ,-48, ,
-6, ,-47, ,
-1, ,-48, ,
0, ,-48, ,
0, ,-48, ,
-4, ,-48, ,
4, ,-48, ,
1, ,-47, ,
-2, ,-48, ,
-7, ,-48, ,
-4, ,-47, ,
-4, ,-48, ,
-2, ,-48, ,
-5, ,-47, ,
8, ,-48, ,
1, ,-48, ,
0, ,-48, ,
-1, ,-48, ,
1, ,-48, ,
-2, ,-47, ,
-4, ,-48, ,
-6, ,-48, ,
-4, ,-47, ,
-1, ,-48, ,
1, ,-48, ,
1, ,-47, ,
8, ,-48, ,
5, ,-48, ,
1, ,-48, ,
-4, ,-48, ,
0, ,-48, ,
3, ,-47, ,
1, ,-48, ,
-1, ,-47, ,
-1, ,-47, ,
0, ,-48, ,
0, ,-48, ,
-6, ,-47, ,
1, ,-48, ,
1, ,-47, ,
0, ,-47, ,
-1, ,-48, ,
5, ,-48, ,
9, ,-47, ,
4, ,-48, ,
-1, ,-47, ,
5, ,-47, ,
-5, ,-47, ,
-4, ,-47, ,
-9, ,-47, ,
-2, ,-47, ,
1, ,-47, ,
1, ,-47, ,
-1, ,-47, ,
5, ,-48, ,
4, ,-47, ,
4, ,-47, ,
0, ,-47, ,
1, ,-47, ,
3, ,-47, ,
1, ,-48, ,
1, ,-47, ,
3, ,-47, ,
4, ,-47, ,
-1, ,-47, ,
-2, ,-47, ,
1, ,-47, ,
0, ,-46, ,
4, ,-48, ,
3, ,-47, ,
8, ,-47, ,
6, ,-47, ,
4, ,-48, ,
1, ,-47, ,
1, ,-47, ,
4, ,-47, ,
1, ,-47, ,
-4, ,-48, ,
10, ,-47, ,
4, ,-47, ,
3, ,-48, ,
4, ,-47, ,
4, ,-47, ,
4, ,-47, ,
1, ,-48, ,
-5, ,-47, ,
1, ,-47, ,
1, ,-47, ,
1, ,-47, ,
-1, ,-47, ,
4, ,-47, ,
4, ,-46, ,
4, ,-48, ,
1, ,-48, ,
4, ,-47, ,
4, ,-47, ,
6, ,-48, ,
1, ,-46, ,
8, ,-48, ,
6, ,-47, ,
5, ,-47, ,
1, ,-47, ,
5, ,-47, ,
6, ,-46, ,
3, ,-48, ,
1, ,-47, ,
5, ,-47, ,
3, ,-47, ,
5, ,-47, ,
-2, ,-47, ,
5, ,-47, ,
8, ,-47, ,
3, ,-47, ,
1, ,-48, ,
5, ,-47, ,
5, ,-46, ,
8, ,-48, ,
5, ,-47, ,
6, ,-47, ,
3, ,-47, ,
3, ,-47, ,
0, ,-47, ,
1, ,-47, ,
5, ,-47, ,
4, ,-47, ,
-4, ,-47, ,
5, ,-47, ,
6, ,-46, ,
8, ,-48, ,
4, ,-47, ,
3, ,-47, ,
3, ,-47, ,
4, ,-48, ,
0, ,-47, ,
4, ,-48, ,
8, ,-47, ,
5, ,-47, ,
3, ,-47, ,
6, ,-47, ,
3, ,-46, ,
3, ,-48, ,
3, ,-47, ,
4, ,-47, ,
6, ,-47, ,
5, ,-48, ,
3, ,-46, ,
5, ,-47, ,
5, ,-47, ,
5, ,-47, ,
0, ,-47, ,
5, ,-47, ,
4, ,-47, ,
4, ,-47, ,
3, ,-47, ,
6, ,-47, ,
5, ,-47, ,
5, ,-47, ,
3, ,-47, ,
5, ,-47, ,
8, ,-48, ,
6, ,-47, ,
5, ,-47, ,
9, ,-47, ,
8, ,-47, ,
10, ,-48, ,
6, ,-47, ,
5, ,-47, ,
6, ,-47, ,
5, ,-47, ,
-1, ,-47, ,
4, ,-47, ,
5, ,-47, ,
3, ,-47, ,
1, ,-47, ,
10, ,-47, ,
6, ,-47, ,
6, ,-48, ,
4, ,-47, ,
8, ,-47, ,
4, ,-47, ,
8, ,-47, ,
3, ,-47, ,
8, ,-47, ,
6, ,-47, ,
1, ,-47, ,
-1, ,-47, ,
4, ,-47, ,
-1, ,-47, ,
3, ,-48, ,
0, ,-47, ,
4, ,-47, ,
3, ,-47, ,
5, ,-47, ,
1, ,-46, ,
4, ,-48, ,
3, ,-47, ,
3, ,-47, ,
-1, ,-47, ,
4, ,-47, ,
4, ,-47, ,
4, ,-48, ,
4, ,-47, ,
4, ,-47, ,
5, ,-47, ,
4, ,-47, ,
-4, ,-46, ,
1, ,-47, ,
3, ,-47, ,
4, ,-47, ,
-9, ,-47, ,
-2, ,-47, ,
5, ,-46, ,
5, ,-47, ,
0, ,-47, ,
6, ,-47, ,
4, ,-47, ,
3, ,-47, ,
-2, ,-47, ,
4, ,-47, ,
4, ,-47, ,
1, ,-47, ,
-1, ,-47, ,
1, ,-47, ,
-1, ,-46, ,
-4, ,-48, ,
-6, ,-47, ,
-1, ,-47, ,
0, ,-47, ,
4, ,-47, ,
0, ,-47, ,
4, ,-47, ,
8, ,-47, ,
0, ,-47, ,
-2, ,-47, ,
1, ,-47, ,
-2, ,-46, ,
1, ,-48, ,
0, ,-47, ,
4, ,-47, ,
3, ,-47, ,
4, ,-48, ,
0, ,-47, ,
1, ,-48, ,
1, ,-47, ,
-1, ,-47, ,
-2, ,-47, ,
1, ,-47, ,
0, ,-46, ,
0, ,-47, ,
-1, ,-47, ,
1, ,-47, ,
1, ,-47, ,
1, ,-47, ,
-1, ,-47, ,
3, ,-47, ,
5, ,-47, ,
1, ,-47, ,
-1, ,-47, ,
4, ,-47, ,
-1, ,-46, ,
-1, ,-48, ,
-4, ,-47, ,
0, ,-47, ,
1, ,-47, ,
3, ,-48, ,
0, ,-46, ,
4, ,-48, ,
3, ,-47, ,
1, ,-47, ,
-4, ,-47, ,
3, ,-47, ,
-1, ,-46, ,
-4, ,-48, ,
-7, ,-47, ,
-2, ,-47, ,
-2, ,-47, ,
1, ,-48, ,
-1, ,-47, ,
5, ,-47, ,
3, ,-47, ,
0, ,-47, ,
-2, ,-47, ,
1, ,-47, ,
-1, ,-47, ,
-1, ,-48, ,
-4, ,-47, ,
0, ,-46, ,
-2, ,-47, ,
-1, ,-47, ,
-6, ,-46, ,
-1, ,-47, ,
-1, ,-47, ,
-1, ,-47, ,
-4, ,-47, ,
3, ,-47, ,
1, ,-47, ,
1, ,-48, ,
-1, ,-47, ,
1, ,-47, ,
-2, ,-47, ,
0, ,-47, ,
-2, ,-47, ,
4, ,-47, ,
4, ,-47, ,
3, ,-47, ,
-2, ,-47, ,
0, ,-47, ,
-2, ,-47, ,
-1, ,-48, ,
-5, ,-47, ,
0, ,-46, ,
1, ,-47, ,
5, ,-47, ,
3, ,-46, ,
6, ,-47, ,
6, ,-47, ,
4, ,-47, ,
-2, ,-47, ,
4, ,-47, ,
0, ,-47, ,
1, ,-47, ,
-1, ,-47, ,
1, ,-47, ,
1, ,-47, ,
3, ,-47, ,
-4, ,-47, ,
-1, ,-47, ,
1, ,-47, ,
0, ,-47, ,
-4, ,-47, ,
5, ,-47, ,
3, ,-46, ,
4, ,-48, ,
-1, ,-47, ,
1, ,-47, ,
1, ,-47, ,
1, ,-47, ,
-4, ,-47, ,
3, ,-47, ,
4, ,-47, ,
4, ,-47, ,
0, ,-47, ,
5, ,-47, ,
3, ,-47, ,
0, ,-48, ,
-1, ,-47, ,
0, ,-47, ,
0, ,-47, ,
3, ,-47, ,
-1, ,-47, ,
3, ,-47, ,
3, ,-47, ,
-1, ,-47, ,
-4, ,-48, ,
1, ,-47, ,
3, ,-47, ,
3, ,-48, ,
1, ,-47, ,
4, ,-47, ,
4, ,-47, ,
0, ,-47, ,
-4, ,-47, ,
0, ,-47, ,
-1, ,-47, ,
0, ,-47, ,
-5, ,-47, ,
4, ,-47, ,
1, ,-47, ,
3, ,-47, ,
1, ,-47, ,
3, ,-47, ,
1, ,-47, ,
3, ,-47, ,
-4, ,-47, ,
3, ,-47, ,
4, ,-47, ,
1, ,-47, ,
-1, ,-47, ,
6, ,-47, ,
3, ,-47, ,
3, ,-48, ,
1, ,-47, ,
5, ,-47, ,
0, ,-47, ,
3, ,-47, ,
-1, ,-46, ,
4, ,-47, ,
5, ,-47, ,
4, ,-47, ,
0, ,-47, ,
6, ,-47, ,
3, ,-47, ,
1, ,-48, ,
0, ,-47, ,
4, ,-47, ,
4, ,-47, ,
5, ,-48, ,
0, ,-46, ,
5, ,-47, ,
6, ,-47, ,
4, ,-47, ,
1, ,-47, ,
5, ,-47, ,
5, ,-46, ,
4, ,-48, ,
5, ,-47, ,
8, ,-46, ,
4, ,-47, ,
4, ,-47, ,
-4, ,-46, ,
0, ,-47, ,
4, ,-47, ,
3, ,-47, ,
1, ,-47, ,
9, ,-47, ,
9, ,-47, ,
8, ,-47, ,
4, ,-47, ,
6, ,-47, ,
4, ,-47, ,
4, ,-48, ,
0, ,-47, ,
3, ,-47, ,
6, ,-47, ,
3, ,-47, ,
3, ,-47, ,
5, ,-47, ,
-1, ,-46, ,
3, ,-48, ,
-4, ,-47, ,
3, ,-47, ,
1, ,-47, ,
3, ,-47, ,
0, ,-46, ,
1, ,-48, ,
3, ,-47, ,
1, ,-47, ,
-2, ,-47, ,
4, ,-47, ,
3, ,-47, ,
0, ,-48, ,
-1, ,-47, ,
3, ,-47, ,
1, ,-47, ,
4, ,-48, ,
-1, ,-47, ,
1, ,-47, ,
0, ,-47, ,
0, ,-47, ,
0, ,-47, ,
4, ,-47, ,
4, ,-47, ,
3, ,-48, ,
4, ,-47, ,
4, ,-46, ,
4, ,-47, ,
5, ,-47, ,
-1, ,-47, ,
3, ,-47, ,
3, ,-47, ,
1, ,-47, ,
-1, ,-47, ,
4, ,-47, ,
3, ,-47, ,
3, ,-48, ,
0, ,-47, ,
3, ,-47, ,
1, ,-47, ,
-4, ,-47, ,
-4, ,-47, ,
9, ,-47, ,
4, ,-47, ,
1, ,-47, ,
5, ,-47, ,
8, ,-47, ,
5, ,-46, ,
6, ,-48, ,
3, ,-47, ,
5, ,-46, ,
5, ,-47, ,
5, ,-47, ,
0, ,-46, ,
3, ,-47, ,
4, ,-47, ,
0, ,-47, ,
-1, ,-47, ,
4, ,-47, ,
1, ,-46, ,
1, ,-47, ,
4, ,-47, ,
8, ,-47, ,
5, ,-47, ,
5, ,-48, ,
-2, ,-47, ,
4, ,-47, ,
4, ,-47, ,
0, ,-47, ,
-2, ,-47, ,
5, ,-47, ,
4, ,-47, ,
4, ,-48, ,
0, ,-47, ,
5, ,-47, ,
4, ,-47, ,
3, ,-47, ,
0, ,-46, ,
4, ,-47, ,
6, ,-47, ,
1, ,-47, ,
-2, ,-47, ,
1, ,-47, ,
3, ,-47, ,
-2, ,-48, ,
-2, ,-47, ,
-2, ,-47, ,
1, ,-47, ,
5, ,-48, ,
-1, ,-47, ,
6, ,-47, ,
8, ,-47, ,
4, ,-47, ,
-4, ,-47, ,
5, ,-47, ,
-5, ,-47, ,
-2, ,-48, ,
1, ,-47, ,
3, ,-47, ,
0, ,-47, ,
3, ,-47, ,
-5, ,-47, ,
0, ,-48, ,
-1, ,-47, ,
-1, ,-47, ,
-2, ,-47, ,
5, ,-47, ,
5, ,-46, ,
5, ,-48, ,
3, ,-47, ,
5, ,-47, ,
1, ,-47, ,
3, ,-48, ,
0, ,-47, ,
0, ,-47, ,
5, ,-47, ,
0, ,-47, ,
-6, ,-47, ,
0, ,-47, ,
-6, ,-46, ,
-1, ,-48, ,
0, ,-47, ,
4, ,-47, ,
6, ,-47, ,
4, ,-48, ,
3, ,-46, ,
8, ,-47, ,
6, ,-47, ,
6, ,-47, ,
3, ,-47, ,
5, ,-47, ,
4, ,-46, ,
-1, ,-48, ,
-2, ,-47, ,
-2, ,-47, ,
-1, ,-47, ,
3, ,-47, ,
-2, ,-47, ,
1, ,-47, ,
3, ,-48, ,
0, ,-47, ,
-4, ,-47, ,
1, ,-47, ,
1, ,-47, ,
3, ,-48, ,
4, ,-47, ,
5, ,-47, ,
4, ,-47, ,
4, ,-47, ,
-1, ,-46, ,
4, ,-47, ,
3, ,-47, ,
-1, ,-47, ,
-2, ,-47, ,
1, ,-47, ,
0, ,-47, ,
-2, ,-48, ,
-4, ,-47, ,
1, ,-47, ,
-4, ,-47, ,
0, ,-47, ,
-2, ,-47, ,
3, ,-47, ,
6, ,-47, ,
4, ,-47, ,
3, ,-47, ,
5, ,-47, ,
3, ,-47, ,
0, ,-48, ,
-4, ,-47, ,
0, ,-47, ,
0, ,-47, ,
0, ,-47, ,
0, ,-46, ,
3, ,-47, ,
1, ,-47, ,
0, ,-47, ,
-4, ,-47, ,
4, ,-47, ,
1, ,-47, ,
3, ,-48, ,
1, ,-47, ,
3, ,-47, ,
4, ,-47, ,
5, ,-47, ,
-1, ,-47, ,
3, ,-48, ,
4, ,-47, ,
1, ,-47, ,
-1, ,-47, ,
5, ,-47, ,
4, ,-47, ,
1, ,-48, ,
3, ,-47, ,
4, ,-46, ,
4, ,-47, ,
4, ,-48, ,
-1, ,-46, ,
3, ,-47, ,
4, ,-47, ,
4, ,-47, ,
-1, ,-47, ,
8, ,-47, ,
6, ,-47, ,
0, ,-48, ,
1, ,-47, ,
-1, ,-47, ,
0, ,-47, ,
4, ,-47, ,
1, ,-47, ,
8, ,-47, ,
5, ,-47, ,
4, ,-47, ,
3, ,-47, ,
4, ,-47, ,
3, ,-47, ,
1, ,-48, ,
3, ,-47, ,
3, ,-47, ,
3, ,-47, ,
6, ,-48, ,
1, ,-46, ,
1, ,-48, ,
4, ,-47, ,
1, ,-47, ,
-4, ,-47, ,
6, ,-47, ,
4, ,-47, ,
4, ,-48, ,
3, ,-47, ,
3, ,-47, ,
3, ,-47, ,
1, ,-47, ,
-2, ,-47, ,
1, ,-47, ,
4, ,-47, ,
1, ,-47, ,
0, ,-47, ,
6, ,-47, ,
-1, ,-47, ,
3, ,-48, ,
-1, ,-47, ,
3, ,-47, ,
6, ,-47, ,
1, ,-47, ,
-1, ,-47, ,
1, ,-47, ,
1, ,-47, ,
1, ,-47, ,
-4, ,-48, ,
4, ,-47, ,
4, ,-47, ,
3, ,-48, ,
-2, ,-47, ,
1, ,-47, ,
1, ,-47, ,
1, ,-48, ,
-2, ,-47, ,
4, ,-48, ,
5, ,-47, ,
3, ,-47, ,
-1, ,-47, ,
4, ,-47, ,
1, ,-47, ,
1, ,-48, ,
1, ,-47, ,
5, ,-46, ,
5, ,-47, ,
6, ,-47, ,
0, ,-47, ,
4, ,-47, ,
4, ,-47, ,
4, ,-47, ,
1, ,-47, ,
6, ,-47, ,
5, ,-47, ,
4, ,-48, ,
1, ,-47, ,
3, ,-47, ,
-1, ,-47, ,
3, ,-47, ,
-1, ,-47, ,
1, ,-47, ,
3, ,-47, ,
1, ,-47, ,
3, ,-47, ,
9, ,-47, ,
6, ,-46, ,
8, ,-48, ,
3, ,-47, ,
5, ,-47, ,
3, ,-47, ,
3, ,-47, ,
-1, ,-47, ,
3, ,-47, ,
4, ,-47, ,
0, ,-47, ,
-2, ,-47, ,
5, ,-47, ,
4, ,-47, ,
1, ,-48, ,
0, ,-47, ,
4, ,-47, ,
4, ,-47, ,
1, ,-48, ,
-1, ,-47, ,
1, ,-47, ,
0, ,-47, ,
-2, ,-47, ,
-5, ,-47, ,
1, ,-47, ,
0, ,-47, ,
0, ,-48, ,
0, ,-47, ,
4, ,-47, ,
3, ,-47, ,
0, ,-47, ,
-2, ,-46, ,
-1, ,-47, ,
0, ,-47, ,
-2, ,-46, ,
-9, ,-42, ,
4, ,-32, ,
8, ,-22, ,
3, ,-12, ,
4, ,-5, ,
8, ,2, ,
1, ,9, ,
4, ,14, ,
-1, ,18, ,
8, ,21, ,
8, ,26, ,
6, ,28, ,
1, ,31, ,
6, ,33, ,
6, ,34, ,
4, ,37, ,
4, ,38, ,
5, ,38, ,
5, ,39, ,
6, ,40, ,
-1, ,40, ,
4, ,42, ,
4, ,42, ,
0, ,42, ,
-2, ,44, ,
4, ,45, ,
3, ,44, ,
4, ,46, ,
3, ,45, ,
5, ,45, ,
5, ,46, ,
6, ,46, ,
3, ,44, ,
-1, ,47, ,
1, ,45, ,
-2, ,46, ,
-5, ,46, ,
3, ,46, ,
-1, ,45, ,
3, ,47, ,
-1, ,46, ,
5, ,46, ,
3, ,46, ,
4, ,47, ,
1, ,45, ,
4, ,46, ,
4, ,46, ,
3, ,46, ,
0, ,46, ,
9, ,47, ,
1, ,45, ,
4, ,47, ,
3, ,46, ,
1, ,46, ,
0, ,46, ,
4, ,47, ,
0, ,45, ,
3, ,47, ,
4, ,46, ,
1, ,46, ,
-2, ,46, ,
1, ,46, ,
-4, ,45, ,
-2, ,47, ,
-1, ,46, ,
1, ,46, ,
4, ,46, ,
4, ,46, ,
1, ,45, ,
5, ,46, ,
3, ,46, ,
-2, ,46, ,
-4, ,46, ,
0, ,46, ,
-2, ,46, ,
0, ,47, ,
-2, ,45, ,
1, ,46, ,
-4, ,46, ,
3, ,46, ,
-5, ,45, ,
4, ,46, ,
4, ,46, ,
1, ,46, ,
3, ,46, ,
5, ,46, ,
3, ,45, ,
0, ,47, ,
-2, ,46, ,
0, ,46, ,
-1, ,46, ,
-1, ,46, ,
-2, ,44, ,
3, ,46, ,
4, ,46, ,
3, ,46, ,
0, ,46, ,
5, ,46, ,
-1, ,45, ,
0, ,46, ,
-4, ,45, ,
3, ,46, ,
4, ,46, ,
5, ,46, ,
1, ,45, ,
5, ,46, ,
5, ,45, ,
4, ,45, ,
-2, ,46, ,
3, ,46, ,
3, ,45, ,
3, ,46, ,
4, ,45, ,
8, ,46, ,
6, ,46, ,
6, ,46, ,
4, ,44, ,
5, ,46, ,
6, ,46, ,
5, ,45, ,
0, ,46, ,
8, ,46, ,
4, ,45, ,
3, ,46, ,
1, ,45, ,
5, ,46, ,
4, ,46, ,
6, ,46, ,
1, ,44, ,
6, ,46, ,
8, ,46, ,
8, ,46, ,
5, ,45, ,
6, ,46, ,
3, ,45, ,
3, ,46, ,
-1, ,45, ,
1, ,46, ,
-1, ,46, ,
4, ,46, ,
-1, ,44, ,
1, ,46, ,
4, ,46, ,
3, ,45, ,
0, ,46, ,
6, ,46, ,
5, ,45, ,
4, ,46, ,
1, ,45, ,
5, ,46, ,
4, ,46, ,
4, ,46, ,
3, ,44, ,
5, ,46, ,
5, ,46, ,
3, ,46, ,
0, ,46, ,
1, ,46, ,
0, ,45, ,
4, ,46, ,
3, ,45, ,
6, ,45, ,
4, ,46, ,
3, ,46, ,
0, ,44, ,
4, ,46, ,
3, ,46, ,
5, ,46, ,
-1, ,46, ,
6, ,46, ,
4, ,45, ,
1, ,46, ,
4, ,45, ,
8, ,46, ,
-2, ,46, ,
1, ,46, ,
-1, ,44, ,
4, ,46, ,
4, ,46, ,
3, ,45, ,
0, ,46, ,
5, ,46, ,
3, ,44, ,
4, ,46, ,
4, ,45, ,
6, ,46, ,
5, ,46, ,
8, ,46, ,
5, ,44, ,
6, ,46, ,
6, ,45, ,
4, ,45, ,
1, ,45, ,
5, ,46, ,
5, ,45, ,
3, ,46, ,
4, ,45, ,
4, ,45, ,
1, ,46, ,
3, ,46, ,
-2, ,44, ,
1, ,46, ,
8, ,46, ,
4, ,45, ,
4, ,46, ,
8, ,46, ,
3, ,44, ,
6, ,46, ,
4, ,45, ,
3, ,45, ,
3, ,46, ,
1, ,45, ,
-1, ,44, ,
3, ,46, ,
3, ,45, ,
1, ,45, ,
0, ,45, ,
6, ,46, ,
3, ,45, ,
1, ,46, ,
-1, ,45, ,
1, ,45, ,
0, ,46, ,
0, ,46, ,
-2, ,44, ,
1, ,46, ,
4, ,45, ,
0, ,45, ,
-4, ,45, ,
4, ,46, ,
-1, ,44, ,
0, ,46, ,
0, ,45, ,
0, ,45, ,
0, ,46, ,
1, ,46, ,
-5, ,44, ,
-1, ,46, ,
0, ,45, ,
-1, ,45, ,
-4, ,46, ,
3, ,46, ,
5, ,45, ,
1, ,46, ,
-1, ,45, ,
1, ,45, ,
-2, ,46, ,
0, ,46, ,
-2, ,44, ,
5, ,46, ,
-2, ,46, ,
-1, ,45, ,
-1, ,46, ,
4, ,46, ,
6, ,45, ,
6, ,46, ,
3, ,45, ,
0, ,45, ,
-1, ,46, ,
3, ,46, ,
-5, ,44, ,
0, ,46, ,
4, ,46, ,
1, ,46, ,
1, ,46, ,
8, ,46, ,
1, ,45, ,
3, ,46, ,
1, ,46, ,
1, ,45, ,
1, ,46, ,
3, ,45, ,
-1, ,45, ,
0, ,46, ,
4, ,45, ,
0, ,46, ,
-4, ,46, ,
1, ,46, ,
1, ,45, ,
3, ,46, ,
-1, ,45, ,
3, ,45, ,
0, ,46, ,
3, ,45, ,
-4, ,44, ,
1, ,46, ,
-1, ,45, ,
-1, ,46, ,
3, ,46, ,
1, ,46, ,
-1, ,45, ,
3, ,46, ,
3, ,46, ,
4, ,45, ,
0, ,46, ,
0, ,46, ,
-9, ,44, ,
-4, ,46, ,
-1, ,45, ,
-2, ,45, ,
-6, ,46, ,
-1, ,46, ,
-6, ,45, ,
-5, ,46, ,
-6, ,46, ,
-1, ,46, ,
4, ,46, ,
5, ,46, ,
0, ,44, ,
3, ,46, ,
-1, ,46, ,
0, ,45, ,
-6, ,45, ,
-2, ,46, ,
-5, ,45, ,
-6, ,46, ,
