Format,1.0B,
Memory Length,10000,Memory Length,10000,
IntpDistance,0,IntpDistance,0,
Trigger Address,4999,Trigger Address,4999,
Trigger Level,-1.000E+00,Trigger Level,-1.000E+00,
Source,CH1,Source,CH2,
Vertical Units,V,Vertical Units,V,
Vertical Units Div,0,Vertical Units Div,0,
Vertical Units Extend Div,16,Vertical Units Extend Div,16,
Label,,Label,,
Probe Type,0,Probe Type,0,
Probe Ratio,1.000e+01,Probe Ratio,1.000e+00,
Vertical Scale,2.000e-02,Vertical Scale,1.000e+00,
Vertical Position,-5.120e-02,Vertical Position,2.000e-01,
Horizontal Units,S,Horizontal Units,S,
Horizontal Scale,1.000E-05,Horizontal Scale,1.000E-05,
Horizontal Position,0.000E+00,Horizontal Position,0.000E+00,
Horizontal Mode,Main,Horizontal Mode,Main,
SincET Mode,Real Time,SincET Mode,Real Time,
Sampling Period,1.000e-08,Sampling Period,1.000e-08,
Horizontal Old Scale,1.000E-05,Horizontal Old Scale,1.000E-05,
Horizontal Old Position,0.000E+00,Horizontal Old Position,0.000E+00,
Firmware,V1.23,Firmware,V1.23,
Mode,Fast,Mode,Fast,
Waveform Data,,Waveform Data,,
3, ,-50, ,
3, ,-49, ,
5, ,-50, ,
-2, ,-50, ,
3, ,-49, ,
4, ,-49, ,
-1, ,-50, ,
-4, ,-50, ,
1, ,-49, ,
0, ,-50, ,
0, ,-49, ,
-2, ,-48, ,
-1, ,-50, ,
0, ,-50, ,
-1, ,-49, ,
-2, ,-49, ,
0, ,-49, ,
4, ,-49, ,
4, ,-50, ,
3, ,-49, ,
6, ,-49, ,
3, ,-50, ,
-1, ,-50, ,
-4, ,-49, ,
-2, ,-50, ,
-1, ,-49, ,
-1, ,-49, ,
-5, ,-49, ,
0, ,-49, ,
4, ,-49, ,
-2, ,-50, ,
-7, ,-50, ,
-1, ,-49, ,
-4, ,-50, ,
-1, ,-49, ,
-1, ,-49, ,
3, ,-50, ,
4, ,-49, ,
-2, ,-49, ,
-5, ,-50, ,
-1, ,-49, ,
1, ,-49, ,
1, ,-50, ,
-4, ,-50, ,
0, ,-49, ,
0, ,-50, ,
-4, ,-50, ,
-4, ,-49, ,
-2, ,-50, ,
-1, ,-50, ,
-2, ,-50, ,
-7, ,-49, ,
-1, ,-49, ,
1, ,-49, ,
0, ,-50, ,
4, ,-50, ,
6, ,-49, ,
3, ,-50, ,
1, ,-50, ,
-2, ,-49, ,
-2, ,-50, ,
-1, ,-49, ,
3, ,-49, ,
-1, ,-50, ,
1, ,-49, ,
3, ,-48, ,
-1, ,-50, ,
-2, ,-49, ,
4, ,-49, ,
4, ,-50, ,
0, ,-50, ,
-2, ,-49, ,
0, ,-50, ,
0, ,-49, ,
1, ,-49, ,
1, ,-50, ,
5, ,-49, ,
5, ,-49, ,
1, ,-50, ,
0, ,-50, ,
5, ,-49, ,
3, ,-50, ,
3, ,-50, ,
4, ,-49, ,
4, ,-50, ,
4, ,-49, ,
0, ,-49, ,
-4, ,-49, ,
-2, ,-49, ,
-1, ,-49, ,
-2, ,-50, ,
-5, ,-49, ,
3, ,-49, ,
1, ,-50, ,
0, ,-50, ,
0, ,-49, ,
0, ,-50, ,
-1, ,-49, ,
-1, ,-49, ,
-4, ,-49, ,
4, ,-49, ,
6, ,-49, ,
3, ,-50, ,
1, ,-49, ,
4, ,-49, ,
0, ,-49, ,
-1, ,-50, ,
-2, ,-48, ,
3, ,-50, ,
1, ,-49, ,
-1, ,-49, ,
-2, ,-50, ,
1, ,-49, ,
3, ,-49, ,
-1, ,-50, ,
-1, ,-50, ,
3, ,-49, ,
1, ,-50, ,
1, ,-50, ,
1, ,-49, ,
3, ,-50, ,
5, ,-49, ,
5, ,-49, ,
-1, ,-50, ,
3, ,-50, ,
5, ,-48, ,
-1, ,-50, ,
-2, ,-50, ,
1, ,-49, ,
5, ,-50, ,
5, ,-49, ,
-1, ,-48, ,
3, ,-50, ,
3, ,-50, ,
3, ,-49, ,
-2, ,-50, ,
4, ,-49, ,
5, ,-49, ,
1, ,-50, ,
0, ,-50, ,
5, ,-49, ,
3, ,-50, ,
4, ,-50, ,
1, ,-49, ,
1, ,-50, ,
3, ,-49, ,
3, ,-50, ,
-4, ,-49, ,
4, ,-50, ,
4, ,-49, ,
3, ,-50, ,
1, ,-50, ,
6, ,-49, ,
4, ,-50, ,
5, ,-50, ,
4, ,-49, ,
4, ,-50, ,
5, ,-49, ,
5, ,-50, ,
5, ,-49, ,
8, ,-50, ,
5, ,-49, ,
4, ,-50, ,
-4, ,-49, ,
4, ,-49, ,
4, ,-50, ,
1, ,-50, ,
4, ,-49, ,
5, ,-50, ,
5, ,-49, ,
6, ,-49, ,
0, ,-50, ,
3, ,-50, ,
4, ,-49, ,
0, ,-50, ,
-2, ,-50, ,
5, ,-49, ,
4, ,-50, ,
3, ,-50, ,
3, ,-49, ,
5, ,-50, ,
5, ,-50, ,
0, ,-49, ,
-1, ,-50, ,
1, ,-50, ,
4, ,-49, ,
3, ,-50, ,
0, ,-50, ,
3, ,-49, ,
5, ,-50, ,
3, ,-50, ,
-1, ,-49, ,
1, ,-50, ,
0, ,-50, ,
3, ,-49, ,
-1, ,-49, ,
3, ,-50, ,
6, ,-49, ,
0, ,-50, ,
-4, ,-49, ,
4, ,-49, ,
-1, ,-50, ,
3, ,-50, ,
1, ,-49, ,
4, ,-50, ,
6, ,-49, ,
4, ,-49, ,
0, ,-50, ,
0, ,-49, ,
1, ,-49, ,
-1, ,-50, ,
-5, ,-50, ,
3, ,-49, ,
1, ,-50, ,
1, ,-50, ,
4, ,-49, ,
4, ,-50, ,
4, ,-49, ,
4, ,-49, ,
0, ,-50, ,
4, ,-49, ,
3, ,-49, ,
3, ,-50, ,
0, ,-50, ,
4, ,-49, ,
4, ,-50, ,
1, ,-49, ,
1, ,-49, ,
4, ,-50, ,
4, ,-49, ,
3, ,-49, ,
0, ,-50, ,
1, ,-49, ,
3, ,-49, ,
1, ,-50, ,
-1, ,-49, ,
1, ,-49, ,
1, ,-50, ,
1, ,-49, ,
1, ,-49, ,
4, ,-50, ,
4, ,-49, ,
5, ,-49, ,
3, ,-49, ,
3, ,-50, ,
5, ,-49, ,
-1, ,-50, ,
-2, ,-50, ,
0, ,-49, ,
-1, ,-50, ,
-1, ,-50, ,
-2, ,-49, ,
-1, ,-50, ,
1, ,-50, ,
3, ,-50, ,
-1, ,-50, ,
1, ,-50, ,
1, ,-49, ,
-1, ,-50, ,
-2, ,-50, ,
3, ,-49, ,
1, ,-50, ,
3, ,-49, ,
1, ,-49, ,
1, ,-50, ,
-1, ,-50, ,
0, ,-49, ,
-4, ,-50, ,
0, ,-50, ,
1, ,-49, ,
-1, ,-50, ,
-2, ,-49, ,
5, ,-49, ,
-1, ,-50, ,
-1, ,-50, ,
-1, ,-49, ,
-1, ,-50, ,
1, ,-49, ,
1, ,-49, ,
-1, ,-49, ,
4, ,-50, ,
0, ,-49, ,
-4, ,-50, ,
-7, ,-50, ,
-5, ,-49, ,
-4, ,-50, ,
-4, ,-50, ,
-4, ,-49, ,
1, ,-50, ,
1, ,-49, ,
3, ,-50, ,
-4, ,-50, ,
1, ,-50, ,
1, ,-49, ,
-1, ,-50, ,
-1, ,-50, ,
4, ,-49, ,
3, ,-50, ,
0, ,-50, ,
0, ,-49, ,
0, ,-50, ,
0, ,-50, ,
-2, ,-49, ,
-6, ,-49, ,
0, ,-50, ,
4, ,-49, ,
3, ,-50, ,
1, ,-50, ,
3, ,-49, ,
-4, ,-45, ,
-1, ,-36, ,
-1, ,-25, ,
1, ,-16, ,
5, ,-8, ,
4, ,-1, ,
-1, ,6, ,
3, ,11, ,
6, ,15, ,
4, ,19, ,
6, ,22, ,
11, ,26, ,
5, ,29, ,
5, ,30, ,
1, ,31, ,
3, ,34, ,
5, ,35, ,
4, ,36, ,
-1, ,37, ,
3, ,38, ,
1, ,38, ,
-1, ,40, ,
-4, ,40, ,
4, ,40, ,
4, ,41, ,
1, ,41, ,
1, ,40, ,
-2, ,42, ,
-2, ,42, ,
0, ,42, ,
-4, ,42, ,
1, ,44, ,
5, ,41, ,
4, ,44, ,
-1, ,42, ,
3, ,44, ,
1, ,44, ,
1, ,44, ,
-1, ,41, ,
-1, ,44, ,
-7, ,44, ,
0, ,42, ,
-6, ,44, ,
-4, ,44, ,
1, ,42, ,
3, ,45, ,
-1, ,44, ,
3, ,42, ,
0, ,45, ,
0, ,44, ,
1, ,41, ,
1, ,44, ,
-1, ,44, ,
1, ,42, ,
-1, ,44, ,
3, ,44, ,
3, ,42, ,
3, ,44, ,
-2, ,44, ,
1, ,42, ,
-1, ,44, ,
0, ,44, ,
-2, ,41, ,
-1, ,45, ,
1, ,44, ,
0, ,42, ,
-2, ,44, ,
0, ,44, ,
0, ,41, ,
0, ,45, ,
0, ,42, ,
9, ,42, ,
4, ,44, ,
1, ,42, ,
0, ,41, ,
0, ,44, ,
-2, ,44, ,
-1, ,42, ,
-5, ,44, ,
-5, ,44, ,
1, ,41, ,
3, ,44, ,
1, ,42, ,
8, ,42, ,
1, ,44, ,
-2, ,44, ,
0, ,41, ,
1, ,44, ,
5, ,44, ,
6, ,42, ,
0, ,44, ,
3, ,44, ,
3, ,41, ,
3, ,44, ,
-4, ,42, ,
1, ,41, ,
3, ,44, ,
1, ,42, ,
4, ,41, ,
1, ,44, ,
3, ,44, ,
4, ,42, ,
0, ,42, ,
4, ,42, ,
6, ,42, ,
0, ,44, ,
0, ,42, ,
5, ,42, ,
-2, ,44, ,
1, ,44, ,
0, ,41, ,
3, ,44, ,
5, ,42, ,
3, ,42, ,
0, ,42, ,
3, ,42, ,
3, ,41, ,
3, ,44, ,
0, ,42, ,
1, ,42, ,
4, ,44, ,
1, ,42, ,
1, ,41, ,
4, ,44, ,
3, ,42, ,
5, ,42, ,
-2, ,42, ,
0, ,44, ,
4, ,41, ,
1, ,44, ,
0, ,42, ,
6, ,42, ,
1, ,42, ,
3, ,44, ,
-1, ,41, ,
1, ,44, ,
4, ,42, ,
4, ,42, ,
1, ,42, ,
3, ,42, ,
3, ,41, ,
3, ,44, ,
-2, ,42, ,
4, ,42, ,
3, ,44, ,
1, ,42, ,
4, ,41, ,
5, ,44, ,
6, ,42, ,
9, ,42, ,
4, ,42, ,
5, ,44, ,
6, ,41, ,
5, ,44, ,
0, ,42, ,
5, ,42, ,
6, ,42, ,
8, ,44, ,
4, ,41, ,
-2, ,44, ,
5, ,44, ,
8, ,42, ,
-4, ,42, ,
6, ,42, ,
4, ,41, ,
3, ,44, ,
-1, ,42, ,
4, ,42, ,
4, ,44, ,
5, ,42, ,
4, ,41, ,
4, ,44, ,
4, ,44, ,
6, ,42, ,
3, ,42, ,
4, ,42, ,
9, ,41, ,
3, ,44, ,
0, ,42, ,
3, ,42, ,
-1, ,42, ,
1, ,42, ,
-2, ,41, ,
0, ,44, ,
1, ,42, ,
4, ,42, ,
0, ,42, ,
3, ,44, ,
3, ,41, ,
0, ,44, ,
-1, ,42, ,
5, ,41, ,
4, ,44, ,
3, ,42, ,
3, ,41, ,
3, ,44, ,
1, ,42, ,
4, ,42, ,
-1, ,42, ,
1, ,44, ,
0, ,41, ,
-1, ,44, ,
-4, ,42, ,
5, ,42, ,
1, ,42, ,
5, ,42, ,
5, ,41, ,
5, ,44, ,
4, ,44, ,
4, ,42, ,
-1, ,42, ,
3, ,42, ,
3, ,41, ,
3, ,44, ,
-1, ,42, ,
0, ,41, ,
-1, ,42, ,
-4, ,42, ,
-4, ,41, ,
-1, ,44, ,
3, ,44, ,
5, ,42, ,
0, ,42, ,
5, ,42, ,
3, ,41, ,
-1, ,44, ,
-5, ,42, ,
-1, ,42, ,
-1, ,42, ,
3, ,42, ,
4, ,41, ,
-1, ,44, ,
4, ,42, ,
9, ,42, ,
-1, ,42, ,
1, ,42, ,
1, ,41, ,
1, ,44, ,
-4, ,42, ,
3, ,42, ,
4, ,44, ,
4, ,42, ,
3, ,41, ,
5, ,44, ,
3, ,42, ,
6, ,42, ,
1, ,42, ,
3, ,42, ,
4, ,41, ,
3, ,44, ,
-1, ,42, ,
4, ,41, ,
-2, ,42, ,
0, ,42, ,
-5, ,41, ,
-2, ,44, ,
0, ,42, ,
5, ,42, ,
3, ,42, ,
4, ,44, ,
4, ,41, ,
3, ,44, ,
-6, ,42, ,
1, ,41, ,
1, ,42, ,
0, ,42, ,
0, ,41, ,
1, ,44, ,
3, ,42, ,
4, ,42, ,
-2, ,42, ,
-2, ,42, ,
0, ,40, ,
0, ,44, ,
-5, ,42, ,
3, ,42, ,
0, ,42, ,
-1, ,42, ,
-2, ,41, ,
-2, ,44, ,
-1, ,42, ,
3, ,42, ,
-1, ,42, ,
3, ,42, ,
3, ,41, ,
0, ,44, ,
-2, ,42, ,
0, ,41, ,
1, ,44, ,
-1, ,42, ,
-4, ,41, ,
-2, ,44, ,
-2, ,44, ,
0, ,42, ,
-4, ,42, ,
-1, ,42, ,
3, ,41, ,
0, ,44, ,
0, ,42, ,
1, ,42, ,
-1, ,42, ,
0, ,42, ,
-5, ,41, ,
0, ,44, ,
-4, ,42, ,
0, ,42, ,
-1, ,42, ,
1, ,42, ,
4, ,41, ,
3, ,44, ,
1, ,42, ,
6, ,42, ,
0, ,44, ,
3, ,42, ,
0, ,41, ,
1, ,44, ,
1, ,44, ,
0, ,42, ,
-5, ,42, ,
-2, ,44, ,
0, ,41, ,
1, ,44, ,
0, ,42, ,
6, ,42, ,
3, ,42, ,
3, ,44, ,
0, ,41, ,
0, ,44, ,
3, ,42, ,
-1, ,42, ,
-5, ,42, ,
0, ,42, ,
0, ,41, ,
3, ,44, ,
0, ,42, ,
4, ,41, ,
5, ,42, ,
1, ,42, ,
0, ,41, ,
3, ,44, ,
-1, ,42, ,
3, ,42, ,
-4, ,42, ,
1, ,42, ,
3, ,41, ,
0, ,44, ,
-1, ,42, ,
4, ,42, ,
3, ,42, ,
3, ,42, ,
1, ,41, ,
1, ,44, ,
1, ,42, ,
0, ,42, ,
-4, ,44, ,
1, ,42, ,
4, ,41, ,
1, ,44, ,
-1, ,42, ,
4, ,42, ,
3, ,42, ,
3, ,42, ,
0, ,41, ,
1, ,44, ,
-1, ,42, ,
4, ,42, ,
-4, ,42, ,
0, ,42, ,
4, ,41, ,
1, ,44, ,
-1, ,42, ,
4, ,41, ,
0, ,42, ,
4, ,42, ,
0, ,41, ,
3, ,44, ,
4, ,42, ,
0, ,42, ,
-4, ,42, ,
0, ,42, ,
3, ,41, ,
5, ,44, ,
1, ,42, ,
5, ,42, ,
4, ,44, ,
1, ,42, ,
3, ,41, ,
4, ,44, ,
4, ,42, ,
8, ,42, ,
1, ,42, ,
4, ,42, ,
4, ,41, ,
4, ,44, ,
-1, ,42, ,
4, ,41, ,
3, ,42, ,
3, ,42, ,
3, ,41, ,
4, ,44, ,
5, ,42, ,
4, ,42, ,
-1, ,42, ,
3, ,42, ,
1, ,41, ,
0, ,44, ,
-1, ,42, ,
4, ,41, ,
4, ,44, ,
5, ,42, ,
4, ,41, ,
5, ,44, ,
5, ,42, ,
5, ,42, ,
1, ,42, ,
3, ,42, ,
5, ,41, ,
3, ,44, ,
-1, ,42, ,
3, ,42, ,
-1, ,42, ,
1, ,42, ,
-1, ,41, ,
1, ,44, ,
0, ,42, ,
4, ,42, ,
3, ,44, ,
4, ,42, ,
6, ,41, ,
4, ,44, ,
-1, ,42, ,
4, ,42, ,
0, ,42, ,
3, ,42, ,
-1, ,41, ,
1, ,44, ,
1, ,44, ,
3, ,42, ,
-1, ,44, ,
0, ,42, ,
1, ,41, ,
-1, ,44, ,
-6, ,42, ,
1, ,42, ,
-2, ,42, ,
3, ,42, ,
4, ,41, ,
5, ,44, ,
4, ,42, ,
4, ,42, ,
-1, ,42, ,
0, ,42, ,
1, ,41, ,
3, ,44, ,
0, ,42, ,
5, ,42, ,
3, ,42, ,
-1, ,42, ,
1, ,41, ,
0, ,44, ,
0, ,42, ,
4, ,42, ,
-2, ,42, ,
3, ,44, ,
4, ,41, ,
1, ,44, ,
1, ,42, ,
0, ,42, ,
-1, ,42, ,
1, ,44, ,
-1, ,41, ,
3, ,44, ,
5, ,42, ,
5, ,42, ,
0, ,42, ,
4, ,42, ,
3, ,41, ,
-1, ,44, ,
-2, ,42, ,
3, ,41, ,
0, ,44, ,
0, ,42, ,
-1, ,41, ,
1, ,44, ,
3, ,42, ,
6, ,42, ,
-1, ,42, ,
1, ,42, ,
5, ,41, ,
1, ,44, ,
-1, ,42, ,
3, ,42, ,
0, ,42, ,
-1, ,42, ,
4, ,41, ,
6, ,44, ,
0, ,42, ,
4, ,42, ,
-2, ,42, ,
0, ,44, ,
3, ,41, ,
3, ,44, ,
-1, ,42, ,
3, ,42, ,
0, ,42, ,
0, ,42, ,
-2, ,41, ,
-2, ,44, ,
1, ,42, ,
3, ,42, ,
-2, ,42, ,
1, ,42, ,
1, ,41, ,
0, ,44, ,
-4, ,41, ,
1, ,42, ,
-4, ,42, ,
-2, ,42, ,
-4, ,41, ,
0, ,44, ,
1, ,42, ,
5, ,42, ,
-4, ,42, ,
1, ,42, ,
4, ,41, ,
-5, ,44, ,
-4, ,42, ,
0, ,42, ,
-2, ,44, ,
3, ,42, ,
0, ,41, ,
4, ,44, ,
1, ,44, ,
6, ,42, ,
-4, ,42, ,
1, ,42, ,
4, ,41, ,
-1, ,44, ,
-2, ,42, ,
0, ,42, ,
-1, ,42, ,
-1, ,42, ,
-5, ,41, ,
-2, ,44, ,
-2, ,42, ,
3, ,42, ,
1, ,42, ,
6, ,42, ,
9, ,41, ,
5, ,44, ,
4, ,42, ,
4, ,41, ,
3, ,44, ,
1, ,42, ,
-1, ,41, ,
1, ,44, ,
1, ,42, ,
3, ,42, ,
-2, ,42, ,
1, ,42, ,
1, ,41, ,
1, ,44, ,
-1, ,42, ,
4, ,42, ,
3, ,42, ,
3, ,42, ,
1, ,41, ,
3, ,44, ,
3, ,42, ,
3, ,42, ,
0, ,42, ,
3, ,42, ,
3, ,41, ,
3, ,44, ,
-1, ,42, ,
1, ,41, ,
1, ,44, ,
0, ,42, ,
0, ,41, ,
0, ,44, ,
1, ,44, ,
4, ,42, ,
-2, ,42, ,
0, ,42, ,
3, ,41, ,
1, ,44, ,
-1, ,42, ,
4, ,41, ,
1, ,44, ,
1, ,42, ,
-1, ,41, ,
0, ,44, ,
-1, ,44, ,
0, ,42, ,
-5, ,42, ,
3, ,42, ,
4, ,41, ,
3, ,44, ,
0, ,42, ,
5, ,41, ,
3, ,42, ,
0, ,42, ,
-2, ,41, ,
0, ,44, ,
1, ,42, ,
4, ,42, ,
-1, ,42, ,
4, ,42, ,
5, ,41, ,
1, ,44, ,
-2, ,42, ,
3, ,42, ,
3, ,42, ,
5, ,42, ,
3, ,41, ,
3, ,44, ,
3, ,42, ,
-1, ,42, ,
-4, ,42, ,
-1, ,42, ,
1, ,41, ,
1, ,44, ,
0, ,42, ,
8, ,41, ,
4, ,44, ,
4, ,42, ,
3, ,41, ,
0, ,44, ,
0, ,44, ,
3, ,42, ,
-2, ,42, ,
5, ,42, ,
9, ,40, ,
6, ,44, ,
4, ,42, ,
5, ,42, ,
4, ,42, ,
4, ,42, ,
3, ,41, ,
4, ,44, ,
5, ,42, ,
4, ,42, ,
-1, ,42, ,
3, ,42, ,
1, ,41, ,
4, ,44, ,
4, ,42, ,
6, ,41, ,
5, ,42, ,
5, ,42, ,
3, ,41, ,
4, ,44, ,
3, ,42, ,
5, ,42, ,
-1, ,42, ,
1, ,42, ,
5, ,41, ,
1, ,44, ,
0, ,42, ,
3, ,42, ,
1, ,42, ,
3, ,42, ,
0, ,41, ,
3, ,44, ,
3, ,44, ,
4, ,42, ,
1, ,42, ,
3, ,42, ,
3, ,41, ,
1, ,44, ,
1, ,42, ,
5, ,41, ,
4, ,44, ,
3, ,42, ,
1, ,41, ,
0, ,44, ,
0, ,42, ,
0, ,42, ,
-4, ,42, ,
-2, ,42, ,
3, ,41, ,
1, ,44, ,
-4, ,42, ,
4, ,42, ,
0, ,42, ,
1, ,42, ,
1, ,41, ,
5, ,44, ,
5, ,42, ,
5, ,42, ,
3, ,42, ,
3, ,42, ,
3, ,41, ,
1, ,44, ,
-1, ,42, ,
1, ,41, ,
1, ,42, ,
4, ,42, ,
4, ,41, ,
5, ,44, ,
4, ,44, ,
3, ,42, ,
-2, ,42, ,
3, ,42, ,
3, ,41, ,
5, ,44, ,
1, ,42, ,
9, ,42, ,
6, ,42, ,
4, ,42, ,
4, ,41, ,
1, ,44, ,
4, ,42, ,
3, ,42, ,
-1, ,42, ,
5, ,42, ,
6, ,41, ,
4, ,44, ,
1, ,44, ,
1, ,42, ,
-1, ,42, ,
0, ,42, ,
-4, ,41, ,
1, ,44, ,
3, ,42, ,
6, ,42, ,
1, ,42, ,
4, ,44, ,
4, ,41, ,
-1, ,44, ,
-4, ,42, ,
3, ,42, ,
0, ,42, ,
0, ,42, ,
-2, ,41, ,
3, ,44, ,
4, ,42, ,
3, ,42, ,
-1, ,42, ,
-1, ,42, ,
0, ,41, ,
1, ,44, ,
-1, ,42, ,
4, ,42, ,
1, ,42, ,
0, ,42, ,
-1, ,41, ,
-2, ,44, ,
-2, ,42, ,
0, ,42, ,
-5, ,42, ,
5, ,44, ,
8, ,41, ,
3, ,44, ,
-2, ,42, ,
-1, ,42, ,
1, ,42, ,
1, ,42, ,
-1, ,41, ,
-1, ,44, ,
-1, ,42, ,
0, ,42, ,
-5, ,42, ,
0, ,42, ,
1, ,41, ,
0, ,44, ,
-4, ,42, ,
-1, ,42, ,
1, ,44, ,
3, ,42, ,
6, ,41, ,
5, ,44, ,
4, ,44, ,
8, ,42, ,
-2, ,42, ,
0, ,42, ,
4, ,41, ,
0, ,44, ,
-4, ,42, ,
1, ,42, ,
0, ,42, ,
3, ,40, ,
-1, ,31, ,
-2, ,22, ,
-5, ,12, ,
-4, ,3, ,
-9, ,-4, ,
-5, ,-10, ,
1, ,-16, ,
0, ,-21, ,
-5, ,-25, ,
1, ,-28, ,
-5, ,-31, ,
-5, ,-35, ,
-6, ,-36, ,
-5, ,-39, ,
-9, ,-40, ,
-9, ,-42, ,
-15, ,-43, ,
-10, ,-44, ,
-7, ,-44, ,
-9, ,-47, ,
-7, ,-46, ,
-6, ,-47, ,
-7, ,-47, ,
-7, ,-48, ,
-10, ,-47, ,
-4, ,-49, ,
8, ,-49, ,
13, ,-49, ,
11, ,-49, ,
14, ,-49, ,
13, ,-49, ,
4, ,-50, ,
-6, ,-50, ,
-5, ,-49, ,
-6, ,-50, ,
-6, ,-50, ,
-9, ,-49, ,
-7, ,-51, ,
-4, ,-50, ,
-4, ,-50, ,
-7, ,-50, ,
-1, ,-50, ,
3, ,-50, ,
-1, ,-51, ,
-5, ,-50, ,
0, ,-50, ,
1, ,-50, ,
-2, ,-50, ,
-5, ,-49, ,
-4, ,-51, ,
-4, ,-50, ,
-4, ,-50, ,
-6, ,-50, ,
0, ,-51, ,
3, ,-49, ,
0, ,-51, ,
0, ,-50, ,
0, ,-50, ,
0, ,-50, ,
-6, ,-50, ,
-10, ,-49, ,
-5, ,-50, ,
-2, ,-50, ,
-1, ,-50, ,
-1, ,-50, ,
3, ,-50, ,
6, ,-49, ,
5, ,-51, ,
3, ,-50, ,
5, ,-50, ,
-1, ,-50, ,
-1, ,-50, ,
-4, ,-49, ,
-2, ,-51, ,
-1, ,-50, ,
-2, ,-50, ,
-2, ,-50, ,
1, ,-50, ,
3, ,-49, ,
1, ,-51, ,
-1, ,-50, ,
4, ,-50, ,
3, ,-50, ,
3, ,-50, ,
-2, ,-48, ,
-2, ,-50, ,
-2, ,-50, ,
-1, ,-49, ,
-6, ,-50, ,
1, ,-50, ,
3, ,-49, ,
1, ,-51, ,
1, ,-49, ,
6, ,-50, ,
5, ,-50, ,
4, ,-50, ,
1, ,-49, ,
0, ,-50, ,
1, ,-50, ,
1, ,-50, ,
-5, ,-49, ,
1, ,-50, ,
4, ,-49, ,
3, ,-50, ,
4, ,-50, ,
5, ,-49, ,
3, ,-50, ,
3, ,-50, ,
3, ,-49, ,
4, ,-50, ,
0, ,-50, ,
4, ,-50, ,
-1, ,-49, ,
1, ,-50, ,
3, ,-49, ,
-1, ,-51, ,
-2, ,-50, ,
3, ,-50, ,
1, ,-50, ,
3, ,-50, ,
1, ,-48, ,
3, ,-50, ,
5, ,-49, ,
4, ,-50, ,
-1, ,-50, ,
1, ,-50, ,
6, ,-49, ,
3, ,-51, ,
1, ,-50, ,
5, ,-49, ,
4, ,-50, ,
3, ,-50, ,
-2, ,-49, ,
1, ,-50, ,
0, ,-49, ,
0, ,-50, ,
-4, ,-49, ,
0, ,-50, ,
4, ,-49, ,
1, ,-50, ,
1, ,-50, ,
6, ,-49, ,
4, ,-50, ,
5, ,-50, ,
4, ,-49, ,
4, ,-50, ,
5, ,-50, ,
3, ,-50, ,
-1, ,-50, ,
4, ,-50, ,
4, ,-49, ,
1, ,-50, ,
-1, ,-50, ,
4, ,-49, ,
4, ,-50, ,
3, ,-50, ,
4, ,-49, ,
4, ,-50, ,
5, ,-49, ,
5, ,-50, ,
1, ,-49, ,
3, ,-50, ,
4, ,-49, ,
4, ,-51, ,
0, ,-49, ,
8, ,-49, ,
15, ,-50, ,
8, ,-50, ,
8, ,-49, ,
5, ,-50, ,
1, ,-50, ,
5, ,-49, ,
0, ,-50, ,
5, ,-50, ,
6, ,-49, ,
5, ,-50, ,
0, ,-50, ,
3, ,-49, ,
6, ,-50, ,
9, ,-49, ,
4, ,-49, ,
8, ,-50, ,
8, ,-49, ,
8, ,-49, ,
3, ,-50, ,
5, ,-50, ,
8, ,-49, ,
4, ,-50, ,
0, ,-49, ,
6, ,-49, ,
-2, ,-50, ,
0, ,-50, ,
1, ,-49, ,
0, ,-50, ,
5, ,-49, ,
6, ,-49, ,
-4, ,-49, ,
5, ,-50, ,
5, ,-48, ,
0, ,-51, ,
0, ,-49, ,
5, ,-49, ,
4, ,-50, ,
4, ,-49, ,
4, ,-48, ,
4, ,-50, ,
4, ,-50, ,
3, ,-50, ,
0, ,-50, ,
3, ,-50, ,
5, ,-48, ,
3, ,-50, ,
0, ,-49, ,
5, ,-49, ,
4, ,-50, ,
3, ,-50, ,
3, ,-49, ,
3, ,-50, ,
0, ,-49, ,
3, ,-49, ,
1, ,-50, ,
3, ,-50, ,
4, ,-49, ,
4, ,-50, ,
4, ,-50, ,
6, ,-49, ,
5, ,-50, ,
4, ,-49, ,
5, ,-49, ,
6, ,-50, ,
8, ,-49, ,
10, ,-50, ,
6, ,-49, ,
8, ,-50, ,
9, ,-49, ,
3, ,-50, ,
0, ,-50, ,
4, ,-49, ,
4, ,-50, ,
4, ,-50, ,
4, ,-49, ,
9, ,-50, ,
6, ,-49, ,
9, ,-50, ,
-4, ,-49, ,
4, ,-50, ,
10, ,-48, ,
4, ,-50, ,
8, ,-50, ,
6, ,-49, ,
3, ,-50, ,
3, ,-49, ,
3, ,-48, ,
9, ,-50, ,
6, ,-49, ,
4, ,-50, ,
1, ,-49, ,
5, ,-49, ,
4, ,-49, ,
3, ,-50, ,
0, ,-49, ,
8, ,-49, ,
5, ,-50, ,
4, ,-50, ,
3, ,-49, ,
3, ,-50, ,
5, ,-49, ,
5, ,-50, ,
0, ,-50, ,
6, ,-50, ,
5, ,-49, ,
4, ,-50, ,
-2, ,-50, ,
-1, ,-49, ,
-2, ,-50, ,
-2, ,-50, ,
-2, ,-48, ,
3, ,-50, ,
4, ,-49, ,
8, ,-49, ,
3, ,-49, ,
5, ,-50, ,
3, ,-49, ,
-1, ,-50, ,
-1, ,-49, ,
0, ,-49, ,
-1, ,-50, ,
0, ,-49, ,
0, ,-48, ,
-2, ,-50, ,
-4, ,-49, ,
-4, ,-50, ,
-7, ,-49, ,
-1, ,-50, ,
-2, ,-49, ,
-5, ,-50, ,
-6, ,-49, ,
-4, ,-49, ,
-2, ,-50, ,
-2, ,-50, ,
-5, ,-48, ,
-1, ,-50, ,
-1, ,-49, ,
0, ,-49, ,
0, ,-49, ,
3, ,-50, ,
6, ,-49, ,
-2, ,-50, ,
-10, ,-50, ,
-1, ,-49, ,
-1, ,-50, ,
-4, ,-50, ,
-2, ,-49, ,
0, ,-50, ,
-2, ,-49, ,
-2, ,-49, ,
-6, ,-50, ,
-1, ,-49, ,
0, ,-49, ,
3, ,-51, ,
-5, ,-49, ,
-1, ,-49, ,
-2, ,-50, ,
-6, ,-50, ,
-7, ,-48, ,
-5, ,-50, ,
-2, ,-50, ,
-2, ,-50, ,
-5, ,-49, ,
-2, ,-50, ,
-4, ,-48, ,
-4, ,-50, ,
-5, ,-50, ,
0, ,-49, ,
-1, ,-50, ,
-5, ,-50, ,
-5, ,-49, ,
-2, ,-50, ,
-1, ,-49, ,
-5, ,-49, ,
-7, ,-50, ,
-2, ,-50, ,
-4, ,-49, ,
-4, ,-50, ,
-5, ,-49, ,
-1, ,-49, ,
-2, ,-50, ,
-5, ,-50, ,
-6, ,-48, ,
-4, ,-50, ,
-6, ,-49, ,
-4, ,-49, ,
-7, ,-49, ,
-2, ,-49, ,
-2, ,-49, ,
-7, ,-50, ,
-10, ,-49, ,
-4, ,-49, ,
-5, ,-49, ,
-6, ,-50, ,
-7, ,-48, ,
-5, ,-50, ,
-4, ,-49, ,
-4, ,-49, ,
-5, ,-49, ,
-1, ,-50, ,
3, ,-49, ,
-4, ,-50, ,
-6, ,-50, ,
0, ,-49, ,
-1, ,-50, ,
-2, ,-50, ,
-2, ,-48, ,
-1, ,-50, ,
-1, ,-49, ,
-4, ,-49, ,
-9, ,-49, ,
-2, ,-49, ,
0, ,-49, ,
-2, ,-50, ,
-1, ,-49, ,
4, ,-49, ,
3, ,-50, ,
0, ,-50, ,
0, ,-49, ,
0, ,-50, ,
-1, ,-49, ,
-1, ,-49, ,
-5, ,-49, ,
-1, ,-49, ,
1, ,-49, ,
3, ,-50, ,
-2, ,-49, ,
5, ,-49, ,
3, ,-50, ,
-1, ,-50, ,
-1, ,-49, ,
1, ,-50, ,
3, ,-49, ,
3, ,-49, ,
-2, ,-50, ,
4, ,-50, ,
3, ,-49, ,
1, ,-50, ,
-1, ,-49, ,
4, ,-49, ,
4, ,-49, ,
4, ,-50, ,
3, ,-49, ,
4, ,-50, ,
4, ,-49, ,
4, ,-49, ,
-4, ,-50, ,
-1, ,-50, ,
1, ,-49, ,
1, ,-50, ,
0, ,-50, ,
4, ,-49, ,
8, ,-50, ,
6, ,-50, ,
5, ,-48, ,
8, ,-50, ,
5, ,-49, ,
5, ,-50, ,
-2, ,-49, ,
4, ,-50, ,
5, ,-49, ,
4, ,-50, ,
4, ,-49, ,
3, ,-49, ,
4, ,-50, ,
1, ,-50, ,
-1, ,-48, ,
1, ,-50, ,
4, ,-50, ,
1, ,-49, ,
-2, ,-49, ,
3, ,-49, ,
4, ,-49, ,
4, ,-50, ,
0, ,-50, ,
5, ,-49, ,
6, ,-50, ,
3, ,-49, ,
1, ,-48, ,
4, ,-50, ,
4, ,-49, ,
4, ,-50, ,
-1, ,-49, ,
3, ,-50, ,
4, ,-49, ,
4, ,-50, ,
-4, ,-49, ,
1, ,-49, ,
6, ,-50, ,
3, ,-50, ,
4, ,-48, ,
4, ,-50, ,
6, ,-49, ,
6, ,-49, ,
-1, ,-49, ,
3, ,-49, ,
3, ,-49, ,
3, ,-50, ,
4, ,-49, ,
10, ,-49, ,
9, ,-50, ,
6, ,-50, ,
5, ,-48, ,
6, ,-50, ,
1, ,-49, ,
1, ,-50, ,
-1, ,-50, ,
5, ,-49, ,
8, ,-49, ,
3, ,-50, ,
-1, ,-49, ,
4, ,-49, ,
3, ,-49, ,
5, ,-49, ,
3, ,-49, ,
6, ,-50, ,
5, ,-50, ,
5, ,-49, ,
4, ,-49, ,
8, ,-50, ,
8, ,-49, ,
6, ,-50, ,
3, ,-49, ,
5, ,-49, ,
4, ,-50, ,
1, ,-50, ,
-1, ,-48, ,
1, ,-50, ,
3, ,-49, ,
3, ,-50, ,
1, ,-49, ,
4, ,-49, ,
5, ,-49, ,
0, ,-50, ,
-2, ,-49, ,
6, ,-50, ,
6, ,-49, ,
9, ,-50, ,
8, ,-49, ,
5, ,-50, ,
6, ,-49, ,
1, ,-49, ,
-4, ,-49, ,
3, ,-50, ,
4, ,-49, ,
3, ,-50, ,
-4, ,-50, ,
3, ,-49, ,
1, ,-50, ,
-2, ,-49, ,
-5, ,-49, ,
0, ,-50, ,
1, ,-49, ,
3, ,-50, ,
1, ,-49, ,
4, ,-50, ,
3, ,-49, ,
1, ,-50, ,
4, ,-49, ,
6, ,-49, ,
0, ,-50, ,
1, ,-50, ,
0, ,-49, ,
1, ,-50, ,
1, ,-49, ,
0, ,-50, ,
-5, ,-49, ,
-1, ,-50, ,
0, ,-49, ,
-1, ,-50, ,
-2, ,-50, ,
0, ,-49, ,
1, ,-50, ,
1, ,-49, ,
0, ,-49, ,
3, ,-49, ,
1, ,-49, ,
3, ,-50, ,
-1, ,-50, ,
3, ,-50, ,
3, ,-49, ,
-4, ,-50, ,
-9, ,-49, ,
-2, ,-50, ,
-6, ,-50, ,
-4, ,-50, ,
-4, ,-48, ,
-1, ,-50, ,
1, ,-49, ,
0, ,-49, ,
-1, ,-49, ,
4, ,-50, ,
8, ,-49, ,
4, ,-50, ,
0, ,-49, ,
4, ,-49, ,
0, ,-50, ,
-2, ,-50, ,
-2, ,-48, ,
-2, ,-50, ,
0, ,-49, ,
0, ,-49, ,
-4, ,-50, ,
-1, ,-50, ,
1, ,-49, ,
-2, ,-50, ,
-5, ,-49, ,
-1, ,-49, ,
-2, ,-49, ,
-2, ,-50, ,
-2, ,-48, ,
1, ,-50, ,
1, ,-49, ,
3, ,-49, ,
-4, ,-50, ,
0, ,-49, ,
1, ,-49, ,
-4, ,-50, ,
-1, ,-49, ,
3, ,-49, ,
0, ,-50, ,
-1, ,-50, ,
-5, ,-48, ,
-2, ,-50, ,
-4, ,-49, ,
1, ,-50, ,
-6, ,-49, ,
0, ,-50, ,
0, ,-49, ,
-4, ,-50, ,
-5, ,-49, ,
0, ,-49, ,
-4, ,-49, ,
-5, ,-50, ,
-5, ,-49, ,
-2, ,-50, ,
1, ,-50, ,
1, ,-49, ,
-2, ,-50, ,
3, ,-50, ,
4, ,-49, ,
-1, ,-50, ,
-1, ,-49, ,
-1, ,-49, ,
0, ,-50, ,
-2, ,-50, ,
-6, ,-48, ,
-2, ,-49, ,
0, ,-49, ,
-1, ,-50, ,
-4, ,-49, ,
0, ,-49, ,
4, ,-48, ,
-1, ,-50, ,
-2, ,-49, ,
6, ,-49, ,
4, ,-50, ,
-2, ,-50, ,
1, ,-49, ,
-1, ,-50, ,
1, ,-50, ,
3, ,-50, ,
-2, ,-50, ,
1, ,-50, ,
1, ,-49, ,
4, ,-50, ,
-2, ,-50, ,
1, ,-49, ,
4, ,-50, ,
3, ,-50, ,
0, ,-48, ,
1, ,-50, ,
1, ,-50, ,
3, ,-50, ,
-2, ,-50, ,
1, ,-50, ,
4, ,-49, ,
0, ,-51, ,
4, ,-49, ,
4, ,-49, ,
1, ,-49, ,
1, ,-50, ,
-1, ,-48, ,
-1, ,-50, ,
-1, ,-50, ,
1, ,-49, ,
-6, ,-50, ,
3, ,-50, ,
3, ,-49, ,
1, ,-50, ,
0, ,-49, ,
1, ,-49, ,
3, ,-50, ,
4, ,-50, ,
3, ,-48, ,
6, ,-50, ,
6, ,-49, ,
6, ,-50, ,
0, ,-49, ,
0, ,-50, ,
1, ,-49, ,
-2, ,-50, ,
-1, ,-49, ,
3, ,-49, ,
3, ,-50, ,
5, ,-50, ,
0, ,-48, ,
1, ,-50, ,
1, ,-49, ,
-1, ,-49, ,
-1, ,-49, ,
3, ,-50, ,
4, ,-49, ,
4, ,-50, ,
3, ,-50, ,
8, ,-49, ,
5, ,-50, ,
3, ,-50, ,
0, ,-48, ,
0, ,-50, ,
-2, ,-49, ,
1, ,-49, ,
-4, ,-49, ,
4, ,-50, ,
4, ,-49, ,
0, ,-50, ,
-4, ,-49, ,
4, ,-49, ,
3, ,-50, ,
3, ,-50, ,
4, ,-49, ,
5, ,-50, ,
6, ,-49, ,
5, ,-49, ,
-1, ,-49, ,
3, ,-50, ,
3, ,-49, ,
3, ,-50, ,
3, ,-49, ,
6, ,-49, ,
6, ,-50, ,
5, ,-50, ,
5, ,-49, ,
6, ,-50, ,
5, ,-49, ,
4, ,-49, ,
0, ,-49, ,
3, ,-49, ,
5, ,-49, ,
1, ,-50, ,
4, ,-49, ,
6, ,-49, ,
6, ,-50, ,
4, ,-50, ,
4, ,-49, ,
4, ,-50, ,
8, ,-50, ,
6, ,-49, ,
1, ,-50, ,
4, ,-50, ,
5, ,-49, ,
3, ,-50, ,
3, ,-49, ,
5, ,-49, ,
1, ,-50, ,
3, ,-49, ,
1, ,-48, ,
3, ,-50, ,
6, ,-49, ,
4, ,-50, ,
0, ,-49, ,
4, ,-50, ,
5, ,-49, ,
4, ,-50, ,
0, ,-50, ,
6, ,-49, ,
3, ,-50, ,
4, ,-50, ,
3, ,-49, ,
1, ,-50, ,
6, ,-50, ,
5, ,-50, ,
0, ,-49, ,
3, ,-50, ,
3, ,-49, ,
0, ,-51, ,
-1, ,-49, ,
3, ,-49, ,
4, ,-50, ,
1, ,-50, ,
0, ,-49, ,
0, ,-50, ,
0, ,-49, ,
1, ,-49, ,
-5, ,-49, ,
0, ,-49, ,
4, ,-49, ,
3, ,-50, ,
1, ,-50, ,
4, ,-49, ,
3, ,-50, ,
1, ,-50, ,
0, ,-49, ,
3, ,-50, ,
1, ,-50, ,
3, ,-49, ,
-2, ,-49, ,
4, ,-49, ,
3, ,-49, ,
1, ,-50, ,
-1, ,-50, ,
3, ,-49, ,
1, ,-50, ,
1, ,-50, ,
-1, ,-46, ,
4, ,-41, ,
8, ,-31, ,
10, ,-21, ,
8, ,-11, ,
8, ,-4, ,
6, ,2, ,
0, ,8, ,
-2, ,13, ,
4, ,17, ,
4, ,20, ,
5, ,23, ,
1, ,26, ,
4, ,29, ,
3, ,31, ,
4, ,33, ,
0, ,34, ,
5, ,35, ,
9, ,35, ,
8, ,38, ,
4, ,38, ,
9, ,39, ,
4, ,40, ,
1, ,40, ,
-1, ,39, ,
1, ,42, ,
-2, ,41, ,
0, ,41, ,
-4, ,42, ,
4, ,42, ,
4, ,41, ,
3, ,44, ,
-2, ,42, ,
4, ,42, ,
-1, ,44, ,
-1, ,44, ,
0, ,41, ,
0, ,44, ,
3, ,44, ,
5, ,44, ,
-4, ,44, ,
0, ,44, ,
-1, ,41, ,
-1, ,45, ,
-5, ,44, ,
-2, ,42, ,
0, ,44, ,
-1, ,44, ,
-2, ,41, ,
0, ,44, ,
-1, ,44, ,
-1, ,44, ,
-9, ,44, ,
-2, ,44, ,
3, ,41, ,
-4, ,44, ,
-5, ,42, ,
-1, ,44, ,
-5, ,44, ,
-4, ,44, ,
-4, ,41, ,
-1, ,44, ,
0, ,44, ,
3, ,42, ,
-4, ,44, ,
0, ,44, ,
3, ,42, ,
-1, ,44, ,
-6, ,42, ,
1, ,42, ,
-2, ,44, ,
-2, ,44, ,
-6, ,41, ,
-2, ,44, ,
-2, ,42, ,
0, ,42, ,
-4, ,44, ,
0, ,44, ,
4, ,41, ,
0, ,44, ,
-5, ,44, ,
0, ,42, ,
-4, ,44, ,
-2, ,42, ,
-2, ,41, ,
0, ,44, ,
1, ,42, ,
3, ,42, ,
-1, ,42, ,
0, ,42, ,
1, ,41, ,
-1, ,44, ,
-4, ,44, ,
-1, ,42, ,
0, ,44, ,
-1, ,44, ,
0, ,41, ,
-1, ,44, ,
-1, ,42, ,
3, ,42, ,
-2, ,44, ,
3, ,42, ,
5, ,41, ,
6, ,44, ,
1, ,42, ,
5, ,42, ,
1, ,42, ,
3, ,44, ,
-4, ,41, ,
-2, ,44, ,
-2, ,44, ,
-1, ,42, ,
-4, ,44, ,
0, ,44, ,
3, ,42, ,
0, ,44, ,
-2, ,42, ,
1, ,42, ,
-1, ,44, ,
1, ,42, ,
-2, ,41, ,
1, ,44, ,
0, ,44, ,
3, ,42, ,
-1, ,42, ,
0, ,42, ,
1, ,41, ,
0, ,44, ,
-4, ,42, ,
-1, ,42, ,
-2, ,42, ,
0, ,44, ,
-1, ,41, ,
3, ,44, ,
3, ,44, ,
0, ,42, ,
-1, ,42, ,
1, ,44, ,
4, ,41, ,
4, ,44, ,
1, ,42, ,
5, ,42, ,
3, ,44, ,
1, ,42, ,
-2, ,41, ,
0, ,44, ,
-1, ,44, ,
3, ,42, ,
-5, ,42, ,
-1, ,42, ,
1, ,41, ,
3, ,44, ,
1, ,42, ,
8, ,42, ,
4, ,42, ,
5, ,44, ,
0, ,41, ,
1, ,44, ,
1, ,44, ,
5, ,42, ,
-1, ,42, ,
4, ,42, ,
3, ,41, ,
3, ,44, ,
-2, ,42, ,
1, ,41, ,
0, ,44, ,
0, ,42, ,
1, ,41, ,
4, ,44, ,
1, ,42, ,
6, ,42, ,
0, ,42, ,
-1, ,42, ,
3, ,41, ,
3, ,44, ,
3, ,42, ,
9, ,42, ,
8, ,42, ,
9, ,42, ,
5, ,41, ,
6, ,44, ,
8, ,44, ,
5, ,42, ,
0, ,42, ,
1, ,44, ,
1, ,41, ,
-1, ,44, ,
-1, ,42, ,
3, ,41, ,
4, ,42, ,
5, ,42, ,
4, ,41, ,
4, ,44, ,
4, ,42, ,
1, ,42, ,
0, ,42, ,
6, ,42, ,
10, ,41, ,
5, ,44, ,
-2, ,42, ,
5, ,42, ,
1, ,42, ,
1, ,42, ,
4, ,41, ,
4, ,44, ,
5, ,42, ,
10, ,42, ,
1, ,42, ,
4, ,42, ,
5, ,41, ,
5, ,44, ,
0, ,42, ,
5, ,42, ,
5, ,42, ,
3, ,42, ,
4, ,41, ,
4, ,44, ,
5, ,44, ,
9, ,42, ,
-2, ,42, ,
1, ,42, ,
1, ,41, ,
0, ,44, ,
0, ,42, ,
4, ,42, ,
6, ,42, ,
8, ,42, ,
4, ,41, ,
4, ,44, ,
1, ,42, ,
1, ,42, ,
-4, ,42, ,
3, ,42, ,
6, ,41, ,
6, ,44, ,
4, ,42, ,
4, ,42, ,
5, ,44, ,
6, ,42, ,
4, ,41, ,
9, ,44, ,
9, ,42, ,
8, ,42, ,
6, ,42, ,
4, ,42, ,
3, ,41, ,
1, ,44, ,
0, ,42, ,
3, ,42, ,
4, ,42, ,
4, ,42, ,
-2, ,41, ,
3, ,44, ,
8, ,44, ,
8, ,42, ,
4, ,42, ,
1, ,42, ,
1, ,41, ,
4, ,44, ,
0, ,42, ,
8, ,42, ,
8, ,44, ,
4, ,42, ,
0, ,41, ,
-1, ,44, ,
1, ,42, ,
0, ,42, ,
-6, ,42, ,
1, ,42, ,
5, ,41, ,
4, ,44, ,
1, ,42, ,
4, ,42, ,
0, ,42, ,
3, ,42, ,
-1, ,41, ,
1, ,44, ,
4, ,42, ,
6, ,42, ,
0, ,42, ,
4, ,42, ,
1, ,41, ,
-2, ,44, ,
-4, ,42, ,
1, ,42, ,
-1, ,44, ,
0, ,42, ,
-1, ,41, ,
3, ,42, ,
-1, ,42, ,
1, ,42, ,
-4, ,42, ,
-1, ,42, ,
5, ,41, ,
-6, ,44, ,
-7, ,42, ,
8, ,42, ,
-1, ,42, ,
1, ,42, ,
-1, ,41, ,
1, ,42, ,
-1, ,44, ,
-1, ,42, ,
-7, ,42, ,
-1, ,42, ,
1, ,41, ,
-1, ,44, ,
-5, ,42, ,
1, ,42, ,
-1, ,44, ,
0, ,42, ,
-4, ,41, ,
0, ,44, ,
1, ,44, ,
1, ,42, ,
-1, ,42, ,
3, ,42, ,
6, ,41, ,
4, ,44, ,
-2, ,42, ,
0, ,42, ,
-2, ,42, ,
-1, ,42, ,
-4, ,41, ,
-2, ,44, ,
5, ,42, ,
6, ,42, ,
-2, ,42, ,
4, ,42, ,
5, ,41, ,
-2, ,44, ,
-12, ,42, ,
-1, ,41, ,
0, ,44, ,
-4, ,42, ,
1, ,41, ,
1, ,44, ,
1, ,42, ,
1, ,42, ,
-4, ,44, ,
-1, ,42, ,
3, ,41, ,
4, ,44, ,
3, ,42, ,
6, ,42, ,
1, ,42, ,
3, ,42, ,
-2, ,41, ,
-2, ,44, ,
-4, ,42, ,
1, ,41, ,
-4, ,44, ,
1, ,42, ,
1, ,41, ,
-2, ,44, ,
-4, ,42, ,
-2, ,41, ,
-2, ,42, ,
0, ,42, ,
-2, ,41, ,
1, ,44, ,
0, ,42, ,
3, ,42, ,
-2, ,44, ,
1, ,42, ,
1, ,41, ,
-2, ,44, ,
-6, ,42, ,
-1, ,42, ,
-7, ,42, ,
-2, ,42, ,
-6, ,41, ,
-2, ,44, ,
0, ,42, ,
-1, ,42, ,
-1, ,42, ,
1, ,42, ,
0, ,41, ,
0, ,44, ,
-5, ,42, ,
1, ,42, ,
-1, ,42, ,
-2, ,42, ,
-4, ,41, ,
-1, ,44, ,
-1, ,42, ,
-1, ,42, ,
-4, ,42, ,
-1, ,42, ,
4, ,41, ,
1, ,44, ,
1, ,42, ,
5, ,42, ,
1, ,42, ,
1, ,44, ,
0, ,41, ,
-1, ,44, ,
3, ,44, ,
1, ,42, ,
-5, ,42, ,
3, ,42, ,
1, ,41, ,
0, ,44, ,
-1, ,42, ,
0, ,42, ,
0, ,44, ,
-1, ,42, ,
-6, ,41, ,
-2, ,44, ,
-1, ,42, ,
0, ,42, ,
-2, ,42, ,
3, ,42, ,
5, ,41, ,
3, ,44, ,
1, ,42, ,
4, ,42, ,
1, ,42, ,
6, ,44, ,
0, ,41, ,
4, ,44, ,
5, ,44, ,
5, ,42, ,
-1, ,42, ,
1, ,42, ,
4, ,41, ,
0, ,44, ,
-4, ,42, ,
1, ,42, ,
3, ,44, ,
1, ,42, ,
1, ,41, ,
0, ,44, ,
1, ,42, ,
3, ,42, ,
-4, ,42, ,
1, ,42, ,
3, ,41, ,
4, ,44, ,
0, ,41, ,
5, ,42, ,
-4, ,42, ,
1, ,42, ,
-1, ,41, ,
0, ,44, ,
0, ,42, ,
1, ,42, ,
-2, ,42, ,
1, ,42, ,
0, ,41, ,
3, ,44, ,
-2, ,42, ,
3, ,42, ,
1, ,44, ,
1, ,42, ,
1, ,41, ,
3, ,44, ,
4, ,44, ,
5, ,42, ,
-2, ,42, ,
1, ,42, ,
1, ,41, ,
1, ,44, ,
-1, ,42, ,
4, ,42, ,
4, ,42, ,
4, ,42, ,
1, ,41, ,
1, ,44, ,
0, ,44, ,
3, ,42, ,
-5, ,42, ,
-1, ,42, ,
0, ,42, ,
1, ,44, ,
-1, ,42, ,
8, ,41, ,
6, ,44, ,
5, ,42, ,
5, ,41, ,
6, ,44, ,
4, ,44, ,
6, ,42, ,
4, ,42, ,
4, ,42, ,
4, ,41, ,
1, ,44, ,
-2, ,42, ,
4, ,42, ,
3, ,42, ,
4, ,42, ,
0, ,41, ,
5, ,44, ,
6, ,44, ,
5, ,42, ,
4, ,42, ,
4, ,42, ,
5, ,41, ,
4, ,44, ,
0, ,42, ,
6, ,41, ,
4, ,44, ,
3, ,42, ,
5, ,41, ,
4, ,44, ,
3, ,44, ,
3, ,42, ,
-5, ,42, ,
0, ,42, ,
0, ,41, ,
1, ,44, ,
-1, ,42, ,
5, ,42, ,
3, ,42, ,
4, ,42, ,
1, ,41, ,
3, ,44, ,
3, ,42, ,
3, ,42, ,
-5, ,44, ,
3, ,42, ,
3, ,41, ,
3, ,44, ,
-1, ,42, ,
5, ,42, ,
0, ,44, ,
-1, ,42, ,
-2, ,41, ,
3, ,44, ,
3, ,42, ,
3, ,42, ,
1, ,42, ,
3, ,42, ,
4, ,41, ,
4, ,44, ,
0, ,42, ,
4, ,42, ,
1, ,42, ,
5, ,44, ,
-1, ,41, ,
1, ,44, ,
4, ,44, ,
3, ,42, ,
-4, ,42, ,
-2, ,42, ,
-4, ,41, ,
-4, ,44, ,
-5, ,42, ,
3, ,41, ,
5, ,44, ,
4, ,42, ,
1, ,41, ,
1, ,44, ,
1, ,42, ,
4, ,42, ,
-2, ,42, ,
4, ,42, ,
6, ,41, ,
3, ,44, ,
1, ,42, ,
4, ,42, ,
3, ,42, ,
3, ,42, ,
-2, ,41, ,
0, ,44, ,
1, ,44, ,
3, ,42, ,
0, ,42, ,
3, ,42, ,
4, ,41, ,
3, ,44, ,
-1, ,42, ,
1, ,42, ,
-1, ,44, ,
-1, ,42, ,
1, ,41, ,
1, ,44, ,
1, ,42, ,
3, ,42, ,
-1, ,42, ,
1, ,42, ,
4, ,41, ,
1, ,44, ,
-1, ,42, ,
5, ,42, ,
1, ,42, ,
0, ,44, ,
-2, ,41, ,
0, ,44, ,
0, ,42, ,
-2, ,42, ,
-4, ,42, ,
0, ,42, ,
1, ,41, ,
1, ,44, ,
-1, ,42, ,
4, ,41, ,
3, ,42, ,
3, ,42, ,
-1, ,41, ,
1, ,44, ,
0, ,44, ,
3, ,42, ,
-2, ,42, ,
3, ,42, ,
1, ,41, ,
0, ,44, ,
-5, ,42, ,
0, ,42, ,
-5, ,42, ,
0, ,42, ,
-4, ,41, ,
-2, ,44, ,
1, ,44, ,
1, ,42, ,
0, ,42, ,
5, ,42, ,
5, ,41, ,
4, ,44, ,
-4, ,42, ,
0, ,42, ,
-2, ,42, ,
-2, ,42, ,
-4, ,41, ,
-1, ,44, ,
0, ,42, ,
5, ,42, ,
0, ,42, ,
3, ,42, ,
4, ,41, ,
1, ,44, ,
-1, ,42, ,
6, ,42, ,
3, ,42, ,
4, ,42, ,
3, ,41, ,
1, ,44, ,
5, ,42, ,
5, ,42, ,
3, ,44, ,
6, ,44, ,
4, ,41, ,
5, ,44, ,
4, ,42, ,
4, ,41, ,
3, ,42, ,
1, ,42, ,
-2, ,41, ,
0, ,44, ,
0, ,44, ,
5, ,42, ,
-1, ,42, ,
4, ,42, ,
5, ,41, ,
1, ,44, ,
0, ,42, ,
3, ,42, ,
0, ,42, ,
1, ,42, ,
-2, ,41, ,
0, ,44, ,
1, ,42, ,
4, ,42, ,
0, ,42, ,
3, ,42, ,
3, ,41, ,
3, ,44, ,
-1, ,42, ,
4, ,41, ,
3, ,44, ,
3, ,42, ,
-1, ,41, ,
5, ,44, ,
-1, ,42, ,
4, ,42, ,
3, ,42, ,
5, ,42, ,
5, ,41, ,
1, ,44, ,
-1, ,42, ,
4, ,42, ,
-2, ,42, ,
3, ,42, ,
-4, ,41, ,
0, ,44, ,
4, ,42, ,
5, ,42, ,
-1, ,42, ,
5, ,42, ,
4, ,41, ,
4, ,44, ,
-4, ,42, ,
1, ,41, ,
3, ,44, ,
3, ,42, ,
1, ,41, ,
0, ,44, ,
-2, ,44, ,
-1, ,42, ,
-2, ,42, ,
6, ,44, ,
5, ,41, ,
5, ,44, ,
1, ,42, ,
3, ,41, ,
-1, ,42, ,
0, ,42, ,
1, ,41, ,
4, ,44, ,
5, ,42, ,
8, ,42, ,
4, ,42, ,
3, ,42, ,
-1, ,41, ,
-2, ,44, ,
-2, ,42, ,
4, ,41, ,
4, ,42, ,
6, ,42, ,
4, ,41, ,
8, ,44, ,
4, ,42, ,
6, ,42, ,
1, ,44, ,
5, ,42, ,
5, ,41, ,
3, ,44, ,
1, ,42, ,
5, ,42, ,
3, ,42, ,
3, ,44, ,
0, ,41, ,
0, ,44, ,
3, ,44, ,
3, ,42, ,
0, ,42, ,
4, ,44, ,
4, ,41, ,
3, ,44, ,
0, ,42, ,
4, ,42, ,
5, ,44, ,
3, ,42, ,
3, ,41, ,
3, ,44, ,
5, ,42, ,
4, ,42, ,
-5, ,42, ,
0, ,42, ,
6, ,41, ,
-4, ,44, ,
-6, ,42, ,
3, ,42, ,
1, ,42, ,
4, ,42, ,
3, ,41, ,
4, ,44, ,
4, ,44, ,
3, ,42, ,
-5, ,42, ,
0, ,42, ,
-1, ,41, ,
0, ,44, ,
-4, ,42, ,
-1, ,42, ,
-1, ,42, ,
1, ,42, ,
-1, ,41, ,
0, ,44, ,
-1, ,44, ,
1, ,42, ,
-4, ,44, ,
-1, ,44, ,
6, ,41, ,
1, ,44, ,
1, ,42, ,
8, ,42, ,
0, ,42, ,
9, ,42, ,
1, ,41, ,
4, ,44, ,
9, ,37, ,
4, ,28, ,
-6, ,18, ,
-7, ,8, ,
-6, ,0, ,
-10, ,-6, ,
-10, ,-12, ,
-2, ,-18, ,
0, ,-23, ,
-1, ,-26, ,
-2, ,-29, ,
-1, ,-32, ,
-1, ,-35, ,
1, ,-37, ,
-4, ,-39, ,
-2, ,-41, ,
-1, ,-42, ,
-2, ,-44, ,
-6, ,-44, ,
1, ,-45, ,
0, ,-46, ,
-1, ,-47, ,
-1, ,-46, ,
-4, ,-48, ,
0, ,-48, ,
-2, ,-48, ,
-5, ,-48, ,
0, ,-49, ,
3, ,-48, ,
-1, ,-50, ,
-5, ,-49, ,
3, ,-49, ,
1, ,-50, ,
0, ,-50, ,
-1, ,-49, ,
0, ,-50, ,
-4, ,-50, ,
1, ,-50, ,
-4, ,-50, ,
3, ,-50, ,
3, ,-49, ,
0, ,-51, ,
-2, ,-50, ,
-1, ,-50, ,
-1, ,-50, ,
-1, ,-51, ,
-4, ,-49, ,
0, ,-51, ,
0, ,-50, ,
1, ,-50, ,
-4, ,-50, ,
-1, ,-50, ,
0, ,-49, ,
-2, ,-51, ,
-5, ,-50, ,
1, ,-50, ,
1, ,-50, ,
1, ,-50, ,
3, ,-49, ,
3, ,-51, ,
-1, ,-50, ,
-1, ,-50, ,
-6, ,-50, ,
-2, ,-50, ,
-1, ,-49, ,
-4, ,-51, ,
-4, ,-50, ,
1, ,-50, ,
-1, ,-50, ,
-1, ,-50, ,
-4, ,-49, ,
-1, ,-50, ,
1, ,-50, ,
0, ,-50, ,
-5, ,-50, ,
4, ,-50, ,
4, ,-49, ,
3, ,-50, ,
-1, ,-50, ,
4, ,-50, ,
1, ,-50, ,
-5, ,-50, ,
-7, ,-49, ,
-4, ,-50, ,
-1, ,-50, ,
1, ,-50, ,
-4, ,-49, ,
-1, ,-50, ,
-1, ,-49, ,
-1, ,-50, ,
-6, ,-49, ,
1, ,-50, ,
3, ,-50, ,
3, ,-50, ,
1, ,-49, ,
1, ,-50, ,
1, ,-50, ,
1, ,-50, ,
0, ,-50, ,
4, ,-50, ,
4, ,-49, ,
3, ,-50, ,
0, ,-49, ,
1, ,-49, ,
0, ,-50, ,
-2, ,-49, ,
-2, ,-49, ,
1, ,-50, ,
-1, ,-49, ,
0, ,-50, ,
-2, ,-50, ,
1, ,-50, ,
5, ,-49, ,
1, ,-50, ,
-2, ,-50, ,
4, ,-49, ,
0, ,-50, ,
0, ,-50, ,
-2, ,-49, ,
-1, ,-50, ,
1, ,-50, ,
-2, ,-49, ,
-4, ,-50, ,
-1, ,-50, ,
1, ,-49, ,
1, ,-50, ,
-2, ,-50, ,
1, ,-49, ,
-2, ,-50, ,
-2, ,-49, ,
-1, ,-48, ,
1, ,-50, ,
3, ,-49, ,
4, ,-50, ,
0, ,-49, ,
3, ,-50, ,
3, ,-49, ,
1, ,-50, ,
-2, ,-49, ,
0, ,-49, ,
-2, ,-50, ,
-2, ,-50, ,
-1, ,-49, ,
-1, ,-50, ,
3, ,-50, ,
3, ,-49, ,
-1, ,-49, ,
4, ,-50, ,
3, ,-49, ,
4, ,-50, ,
3, ,-49, ,
4, ,-49, ,
4, ,-50, ,
1, ,-50, ,
-1, ,-49, ,
-1, ,-50, ,
0, ,-49, ,
1, ,-50, ,
0, ,-50, ,
4, ,-50, ,
5, ,-49, ,
4, ,-51, ,
1, ,-49, ,
3, ,-49, ,
3, ,-49, ,
1, ,-50, ,
-1, ,-49, ,
1, ,-50, ,
1, ,-50, ,
3, ,-49, ,
0, ,-50, ,
5, ,-49, ,
8, ,-49, ,
5, ,-50, ,
3, ,-50, ,
8, ,-49, ,
8, ,-50, ,
5, ,-50, ,
1, ,-48, ,
4, ,-50, ,
4, ,-49, ,
4, ,-50, ,
0, ,-49, ,
3, ,-50, ,
4, ,-49, ,
3, ,-50, ,
-1, ,-49, ,
5, ,-49, ,
3, ,-50, ,
3, ,-50, ,
1, ,-49, ,
5, ,-50, ,
8, ,-50, ,
3, ,-49, ,
0, ,-49, ,
4, ,-50, ,
6, ,-49, ,
4, ,-51, ,
1, ,-50, ,
10, ,-49, ,
6, ,-50, ,
1, ,-50, ,
3, ,-49, ,
3, ,-50, ,
5, ,-49, ,
5, ,-49, ,
0, ,-50, ,
3, ,-49, ,
4, ,-49, ,
3, ,-50, ,
-1, ,-49, ,
3, ,-49, ,
4, ,-50, ,
5, ,-50, ,
3, ,-49, ,
5, ,-50, ,
9, ,-49, ,
6, ,-50, ,
0, ,-49, ,
3, ,-50, ,
1, ,-49, ,
0, ,-50, ,
-4, ,-49, ,
0, ,-49, ,
5, ,-50, ,
3, ,-50, ,
-1, ,-48, ,
3, ,-50, ,
-1, ,-49, ,
0, ,-50, ,
-4, ,-49, ,
0, ,-49, ,
5, ,-48, ,
3, ,-50, ,
3, ,-49, ,
8, ,-50, ,
6, ,-50, ,
6, ,-50, ,
3, ,-49, ,
3, ,-50, ,
3, ,-50, ,
3, ,-50, ,
-2, ,-49, ,
3, ,-49, ,
3, ,-49, ,
0, ,-50, ,
-1, ,-49, ,
3, ,-49, ,
3, ,-50, ,
3, ,-50, ,
4, ,-49, ,
8, ,-50, ,
8, ,-49, ,
8, ,-49, ,
1, ,-50, ,
3, ,-50, ,
4, ,-49, ,
0, ,-50, ,
-5, ,-49, ,
1, ,-49, ,
0, ,-50, ,
3, ,-50, ,
4, ,-49, ,
5, ,-50, ,
5, ,-49, ,
6, ,-49, ,
-1, ,-50, ,
3, ,-49, ,
3, ,-49, ,
3, ,-51, ,
-2, ,-50, ,
6, ,-49, ,
4, ,-50, ,
3, ,-50, ,
1, ,-49, ,
3, ,-50, ,
0, ,-49, ,
3, ,-49, ,
-4, ,-49, ,
1, ,-50, ,
1, ,-49, ,
1, ,-50, ,
0, ,-49, ,
5, ,-49, ,
4, ,-50, ,
0, ,-50, ,
0, ,-49, ,
1, ,-50, ,
1, ,-49, ,
3, ,-49, ,
-1, ,-50, ,
3, ,-50, ,
4, ,-49, ,
-1, ,-50, ,
-5, ,-49, ,
0, ,-49, ,
0, ,-50, ,
-1, ,-49, ,
-2, ,-49, ,
3, ,-50, ,
3, ,-49, ,
3, ,-50, ,
-2, ,-49, ,
-1, ,-50, ,
0, ,-48, ,
-2, ,-50, ,
-6, ,-49, ,
3, ,-49, ,
-1, ,-50, ,
-2, ,-50, ,
-5, ,-48, ,
-5, ,-50, ,
-6, ,-50, ,
-9, ,-50, ,
-11, ,-49, ,
-6, ,-50, ,
-4, ,-49, ,
-5, ,-50, ,
-10, ,-50, ,
-1, ,-49, ,
0, ,-50, ,
5, ,-49, ,
6, ,-48, ,
11, ,-50, ,
11, ,-49, ,
11, ,-50, ,
1, ,-49, ,
0, ,-50, ,
-1, ,-49, ,
-4, ,-50, ,
-10, ,-49, ,
-1, ,-49, ,
-4, ,-49, ,
-4, ,-50, ,
-4, ,-48, ,
3, ,-50, ,
3, ,-50, ,
5, ,-50, ,
0, ,-49, ,
-1, ,-49, ,
-2, ,-49, ,
-2, ,-50, ,
-5, ,-50, ,
0, ,-49, ,
0, ,-50, ,
-5, ,-50, ,
-6, ,-49, ,
-4, ,-50, ,
-2, ,-49, ,
5, ,-50, ,
3, ,-49, ,
3, ,-49, ,
4, ,-48, ,
-1, ,-50, ,
-4, ,-49, ,
-2, ,-49, ,
-2, ,-50, ,
-1, ,-50, ,
-5, ,-48, ,
0, ,-50, ,
1, ,-49, ,
0, ,-49, ,
-4, ,-49, ,
0, ,-49, ,
1, ,-49, ,
-1, ,-50, ,
-7, ,-50, ,
-1, ,-49, ,
-6, ,-50, ,
-4, ,-50, ,
-4, ,-48, ,
-2, ,-50, ,
0, ,-49, ,
1, ,-49, ,
-4, ,-49, ,
0, ,-50, ,
3, ,-49, ,
0, ,-50, ,
-7, ,-50, ,
-2, ,-49, ,
-6, ,-50, ,
-4, ,-50, ,
-5, ,-49, ,
-2, ,-50, ,
1, ,-49, ,
-1, ,-49, ,
-5, ,-50, ,
0, ,-49, ,
3, ,-49, ,
1, ,-50, ,
0, ,-50, ,
3, ,-49, ,
1, ,-50, ,
0, ,-50, ,
-2, ,-49, ,
0, ,-50, ,
1, ,-49, ,
4, ,-49, ,
-2, ,-50, ,
1, ,-50, ,
3, ,-49, ,
-2, ,-50, ,
0, ,-49, ,
5, ,-49, ,
-1, ,-49, ,
-1, ,-50, ,
-6, ,-49, ,
-2, ,-50, ,
-5, ,-49, ,
-2, ,-49, ,
-2, ,-50, ,
3, ,-50, ,
6, ,-49, ,
4, ,-50, ,
0, ,-50, ,
4, ,-49, ,
3, ,-50, ,
3, ,-49, ,
8, ,-49, ,
1, ,-50, ,
-5, ,-49, ,
0, ,-49, ,
-4, ,-50, ,
-4, ,-50, ,
13, ,-49, ,
3, ,-50, ,
-1, ,-49, ,
8, ,-49, ,
3, ,-50, ,
5, ,-49, ,
3, ,-48, ,
8, ,-50, ,
5, ,-49, ,
3, ,-50, ,
4, ,-49, ,
1, ,-49, ,
0, ,-49, ,
4, ,-50, ,
0, ,-49, ,
4, ,-49, ,
5, ,-50, ,
3, ,-50, ,
0, ,-49, ,
1, ,-50, ,
0, ,-49, ,
0, ,-49, ,
-1, ,-50, ,
3, ,-49, ,
6, ,-48, ,
5, ,-50, ,
3, ,-49, ,
5, ,-50, ,
3, ,-50, ,
4, ,-50, ,
6, ,-49, ,
3, ,-50, ,
8, ,-49, ,
4, ,-49, ,
-2, ,-49, ,
3, ,-50, ,
3, ,-48, ,
3, ,-50, ,
3, ,-50, ,
1, ,-49, ,
5, ,-50, ,
-2, ,-49, ,
-4, ,-49, ,
3, ,-50, ,
1, ,-49, ,
4, ,-49, ,
0, ,-49, ,
3, ,-50, ,
5, ,-49, ,
0, ,-50, ,
1, ,-50, ,
6, ,-50, ,
4, ,-50, ,
8, ,-50, ,
3, ,-49, ,
4, ,-50, ,
3, ,-49, ,
0, ,-49, ,
-4, ,-49, ,
-1, ,-50, ,
0, ,-49, ,
1, ,-50, ,
3, ,-49, ,
9, ,-49, ,
8, ,-50, ,
8, ,-50, ,
3, ,-49, ,
4, ,-50, ,
5, ,-49, ,
4, ,-50, ,
3, ,-50, ,
5, ,-50, ,
6, ,-49, ,
4, ,-50, ,
0, ,-49, ,
4, ,-49, ,
1, ,-50, ,
1, ,-50, ,
4, ,-48, ,
5, ,-50, ,
5, ,-49, ,
4, ,-49, ,
1, ,-50, ,
3, ,-50, ,
1, ,-48, ,
0, ,-50, ,
-1, ,-50, ,
3, ,-49, ,
4, ,-50, ,
4, ,-49, ,
5, ,-48, ,
5, ,-50, ,
4, ,-49, ,
4, ,-50, ,
-4, ,-49, ,
3, ,-50, ,
4, ,-49, ,
4, ,-50, ,
3, ,-49, ,
8, ,-49, ,
9, ,-50, ,
6, ,-50, ,
5, ,-49, ,
6, ,-50, ,
9, ,-50, ,
5, ,-49, ,
1, ,-49, ,
5, ,-50, ,
8, ,-49, ,
5, ,-51, ,
3, ,-50, ,
6, ,-49, ,
3, ,-50, ,
3, ,-50, ,
1, ,-49, ,
1, ,-50, ,
3, ,-49, ,
5, ,-49, ,
0, ,-50, ,
3, ,-50, ,
3, ,-49, ,
0, ,-50, ,
-1, ,-49, ,
6, ,-49, ,
6, ,-50, ,
6, ,-50, ,
6, ,-49, ,
6, ,-50, ,
6, ,-49, ,
4, ,-49, ,
0, ,-49, ,
4, ,-50, ,
4, ,-48, ,
1, ,-50, ,
0, ,-50, ,
5, ,-49, ,
5, ,-50, ,
4, ,-49, ,
4, ,-49, ,
5, ,-50, ,
5, ,-50, ,
6, ,-49, ,
-1, ,-49, ,
3, ,-50, ,
3, ,-48, ,
3, ,-50, ,
-1, ,-49, ,
5, ,-50, ,
4, ,-50, ,
4, ,-50, ,
3, ,-49, ,
3, ,-50, ,
4, ,-50, ,
4, ,-50, ,
0, ,-50, ,
4, ,-49, ,
3, ,-49, ,
1, ,-50, ,
-5, ,-50, ,
-4, ,-49, ,
-5, ,-50, ,
-5, ,-49, ,
-2, ,-48, ,
-1, ,-50, ,
0, ,-50, ,
1, ,-49, ,
0, ,-49, ,
1, ,-49, ,
4, ,-48, ,
0, ,-50, ,
-1, ,-49, ,
1, ,-49, ,
0, ,-50, ,
0, ,-50, ,
-1, ,-49, ,
-2, ,-50, ,
-2, ,-49, ,
-5, ,-49, ,
-7, ,-49, ,
-4, ,-49, ,
-1, ,-49, ,
0, ,-51, ,
-4, ,-50, ,
4, ,-49, ,
0, ,-50, ,
0, ,-50, ,
-4, ,-48, ,
-4, ,-50, ,
-2, ,-50, ,
-2, ,-49, ,
-4, ,-49, ,
-1, ,-50, ,
0, ,-49, ,
-5, ,-50, ,
-9, ,-49, ,
-5, ,-49, ,
-10, ,-50, ,
-6, ,-50, ,
-6, ,-49, ,
-5, ,-50, ,
-4, ,-49, ,
-4, ,-49, ,
-9, ,-49, ,
-1, ,-49, ,
-4, ,-49, ,
-5, ,-50, ,
-6, ,-50, ,
-1, ,-49, ,
0, ,-50, ,
-2, ,-49, ,
-2, ,-49, ,
-4, ,-50, ,
-5, ,-49, ,
-4, ,-49, ,
-5, ,-49, ,
0, ,-50, ,
3, ,-49, ,
-1, ,-50, ,
-2, ,-49, ,
1, ,-49, ,
-2, ,-50, ,
-4, ,-49, ,
-4, ,-48, ,
-2, ,-50, ,
-1, ,-49, ,
-1, ,-49, ,
-5, ,-50, ,
0, ,-50, ,
1, ,-49, ,
-2, ,-50, ,
-5, ,-49, ,
-1, ,-49, ,
-2, ,-50, ,
-5, ,-49, ,
-6, ,-48, ,
-2, ,-50, ,
-2, ,-49, ,
-1, ,-49, ,
-1, ,-50, ,
1, ,-50, ,
3, ,-48, ,
1, ,-50, ,
1, ,-49, ,
5, ,-49, ,
1, ,-50, ,
1, ,-50, ,
-4, ,-49, ,
-1, ,-50, ,
1, ,-49, ,
-1, ,-49, ,
-1, ,-50, ,
0, ,-49, ,
0, ,-49, ,
0, ,-50, ,
-4, ,-49, ,
1, ,-49, ,
-1, ,-50, ,
-2, ,-50, ,
-1, ,-49, ,
-1, ,-50, ,
0, ,-49, ,
1, ,-50, ,
-1, ,-49, ,
0, ,-49, ,
1, ,-49, ,
1, ,-50, ,
0, ,-50, ,
6, ,-49, ,
4, ,-50, ,
0, ,-50, ,
1, ,-49, ,
-1, ,-50, ,
1, ,-49, ,
3, ,-50, ,
-1, ,-49, ,
5, ,-50, ,
5, ,-49, ,
3, ,-50, ,
-2, ,-49, ,
1, ,-49, ,
3, ,-50, ,
-2, ,-50, ,
-2, ,-48, ,
4, ,-50, ,
3, ,-50, ,
5, ,-50, ,
1, ,-49, ,
5, ,-50, ,
8, ,-49, ,
3, ,-50, ,
4, ,-49, ,
6, ,-49, ,
3, ,-49, ,
3, ,-50, ,
0, ,-49, ,
3, ,-50, ,
3, ,-49, ,
1, ,-49, ,
-1, ,-49, ,
3, ,-50, ,
1, ,-49, ,
3, ,-50, ,
0, ,-49, ,
6, ,-49, ,
5, ,-50, ,
4, ,-49, ,
4, ,-49, ,
4, ,-50, ,
4, ,-49, ,
3, ,-50, ,
-1, ,-49, ,
4, ,-50, ,
5, ,-48, ,
4, ,-50, ,
4, ,-50, ,
8, ,-49, ,
5, ,-50, ,
5, ,-50, ,
5, ,-49, ,
3, ,-50, ,
4, ,-49, ,
4, ,-49, ,
3, ,-50, ,
6, ,-50, ,
6, ,-49, ,
5, ,-50, ,
1, ,-50, ,
6, ,-49, ,
4, ,-50, ,
4, ,-49, ,
3, ,-48, ,
3, ,-50, ,
4, ,-49, ,
3, ,-50, ,
-2, ,-49, ,
3, ,-50, ,
3, ,-49, ,
-2, ,-50, ,
-4, ,-49, ,
1, ,-50, ,
3, ,-50, ,
4, ,-50, ,
5, ,-49, ,
6, ,-50, ,
5, ,-49, ,
5, ,-49, ,
-1, ,-49, ,
4, ,-50, ,
5, ,-49, ,
1, ,-51, ,
0, ,-50, ,
5, ,-49, ,
4, ,-50, ,
3, ,-50, ,
3, ,-49, ,
3, ,-50, ,
1, ,-49, ,
-2, ,-45, ,
0, ,-37, ,
8, ,-26, ,
10, ,-17, ,
11, ,-8, ,
9, ,-1, ,
11, ,6, ,
8, ,11, ,
5, ,15, ,
3, ,18, ,
10, ,22, ,
11, ,26, ,
9, ,28, ,
4, ,30, ,
5, ,32, ,
4, ,33, ,
3, ,35, ,
-2, ,36, ,
5, ,37, ,
8, ,38, ,
6, ,38, ,
6, ,38, ,
8, ,40, ,
8, ,41, ,
10, ,40, ,
1, ,41, ,
5, ,41, ,
4, ,41, ,
1, ,44, ,
-1, ,42, ,
4, ,42, ,
5, ,42, ,
5, ,44, ,
4, ,41, ,
4, ,44, ,
5, ,44, ,
5, ,42, ,
-1, ,44, ,
3, ,44, ,
0, ,42, ,
-1, ,45, ,
-5, ,42, ,
1, ,42, ,
0, ,44, ,
-1, ,44, ,
-1, ,42, ,
0, ,45, ,
3, ,44, ,
4, ,44, ,
0, ,44, ,
1, ,44, ,
4, ,42, ,
0, ,45, ,
-6, ,44, ,
0, ,42, ,
-2, ,44, ,
-1, ,44, ,
-2, ,42, ,
-1, ,45, ,
-1, ,44, ,
-2, ,42, ,
-6, ,44, ,
-2, ,44, ,
-1, ,42, ,
-2, ,45, ,
-6, ,42, ,
1, ,42, ,
0, ,44, ,
-1, ,44, ,
-1, ,41, ,
0, ,44, ,
-1, ,44, ,
0, ,44, ,
-5, ,42, ,
-1, ,44, ,
0, ,41, ,
-2, ,44, ,
-6, ,42, ,
-1, ,42, ,
-5, ,44, ,
-5, ,44, ,
-6, ,41, ,
-5, ,44, ,
-2, ,44, ,
-2, ,42, ,
-5, ,44, ,
-1, ,44, ,
-4, ,42, ,
-4, ,44, ,
-4, ,42, ,
0, ,42, ,
-1, ,44, ,
-2, ,42, ,
-4, ,41, ,
-4, ,44, ,
-1, ,44, ,
-2, ,42, ,
-9, ,42, ,
0, ,42, ,
0, ,41, ,
-1, ,44, ,
-2, ,42, ,
-1, ,42, ,
-2, ,44, ,
1, ,42, ,
0, ,41, ,
0, ,44, ,
1, ,42, ,
0, ,42, ,
-4, ,42, ,
-1, ,44, ,
4, ,41, ,
-4, ,44, ,
0, ,42, ,
0, ,41, ,
-4, ,44, ,
0, ,42, ,
-5, ,41, ,
-2, ,44, ,
-4, ,44, ,
-2, ,42, ,
-5, ,42, ,
1, ,44, ,
4, ,41, ,
3, ,44, ,
-1, ,42, ,
3, ,42, ,
1, ,44, ,
4, ,44, ,
-4, ,41, ,
0, ,44, ,
-2, ,44, ,
-4, ,42, ,
-9, ,42, ,
-2, ,44, ,
0, ,41, ,
1, ,44, ,
-9, ,42, ,
-4, ,42, ,
-2, ,44, ,
-2, ,42, ,
0, ,41, ,
1, ,44, ,
-1, ,44, ,
4, ,42, ,
-6, ,42, ,
-1, ,42, ,
0, ,41, ,
0, ,44, ,
-2, ,42, ,
4, ,41, ,
1, ,44, ,
0, ,42, ,
-2, ,41, ,
-7, ,44, ,
-4, ,42, ,
-2, ,41, ,
-6, ,42, ,
0, ,44, ,
1, ,41, ,
0, ,44, ,
-1, ,42, ,
1, ,42, ,
4, ,44, ,
1, ,42, ,
0, ,41, ,
4, ,44, ,
-1, ,44, ,
5, ,42, ,
1, ,42, ,
4, ,42, ,
8, ,40, ,
5, ,44, ,
0, ,42, ,
4, ,42, ,
0, ,42, ,
0, ,42, ,
-4, ,41, ,
0, ,44, ,
0, ,42, ,
3, ,42, ,
3, ,42, ,
4, ,42, ,
4, ,41, ,
5, ,44, ,
1, ,42, ,
5, ,41, ,
3, ,44, ,
5, ,42, ,
3, ,41, ,
4, ,44, ,
1, ,42, ,
4, ,42, ,
-1, ,42, ,
0, ,44, ,
3, ,41, ,
1, ,44, ,
0, ,42, ,
5, ,42, ,
0, ,42, ,
4, ,42, ,
3, ,41, ,
1, ,44, ,
4, ,42, ,
3, ,42, ,
0, ,42, ,
5, ,44, ,
6, ,41, ,
6, ,44, ,
4, ,42, ,
8, ,42, ,
6, ,42, ,
3, ,42, ,
-1, ,41, ,
4, ,44, ,
1, ,44, ,
4, ,42, ,
1, ,42, ,
4, ,42, ,
5, ,41, ,
3, ,44, ,
-1, ,42, ,
4, ,42, ,
1, ,42, ,
3, ,42, ,
0, ,41, ,
3, ,44, ,
4, ,42, ,
5, ,42, ,
1, ,42, ,
4, ,42, ,
4, ,41, ,
3, ,44, ,
-1, ,42, ,
4, ,41, ,
3, ,42, ,
4, ,42, ,
3, ,41, ,
3, ,44, ,
4, ,42, ,
6, ,42, ,
1, ,42, ,
3, ,42, ,
8, ,41, ,
6, ,44, ,
4, ,42, ,
9, ,42, ,
5, ,42, ,
6, ,42, ,
4, ,41, ,
1, ,44, ,
4, ,42, ,
4, ,42, ,
0, ,42, ,
4, ,42, ,
6, ,41, ,
8, ,44, ,
1, ,42, ,
6, ,42, ,
5, ,44, ,
5, ,42, ,
4, ,41, ,
8, ,44, ,
8, ,42, ,
10, ,42, ,
3, ,42, ,
4, ,42, ,
6, ,41, ,
3, ,44, ,
-1, ,42, ,
4, ,42, ,
4, ,42, ,
6, ,42, ,
6, ,41, ,
5, ,44, ,
6, ,42, ,
8, ,42, ,
-2, ,42, ,
0, ,42, ,
3, ,41, ,
4, ,44, ,
1, ,42, ,
4, ,42, ,
5, ,44, ,
4, ,42, ,
3, ,41, ,
4, ,44, ,
3, ,42, ,
6, ,42, ,
-2, ,42, ,
1, ,42, ,
4, ,41, ,
-1, ,44, ,
-4, ,42, ,
1, ,41, ,
-2, ,42, ,
1, ,42, ,
-2, ,41, ,
0, ,44, ,
1, ,42, ,
3, ,42, ,
-2, ,42, ,
1, ,42, ,
0, ,41, ,
0, ,44, ,
-5, ,42, ,
0, ,41, ,
1, ,44, ,
1, ,42, ,
1, ,41, ,
4, ,44, ,
4, ,42, ,
4, ,42, ,
0, ,42, ,
1, ,42, ,
1, ,40, ,
0, ,44, ,
-5, ,42, ,
3, ,42, ,
0, ,42, ,
1, ,42, ,
0, ,41, ,
0, ,44, ,
3, ,42, ,
3, ,42, ,
-2, ,42, ,
3, ,42, ,
3, ,41, ,
3, ,44, ,
0, ,42, ,
1, ,42, ,
3, ,44, ,
-1, ,42, ,
0, ,41, ,
0, ,44, ,
1, ,42, ,
1, ,42, ,
-5, ,44, ,
-2, ,42, ,
1, ,41, ,
-1, ,44, ,
-4, ,42, ,
-1, ,42, ,
-2, ,42, ,
0, ,42, ,
-2, ,40, ,
3, ,44, ,
4, ,42, ,
5, ,42, ,
-1, ,42, ,
1, ,42, ,
3, ,41, ,
-4, ,44, ,
-5, ,41, ,
-2, ,41, ,
-2, ,44, ,
-1, ,42, ,
-2, ,41, ,
-1, ,44, ,
-1, ,42, ,
-1, ,42, ,
-5, ,42, ,
-1, ,42, ,
3, ,41, ,
1, ,44, ,
-2, ,42, ,
1, ,42, ,
0, ,42, ,
-1, ,42, ,
-6, ,41, ,
-2, ,44, ,
-4, ,42, ,
-4, ,42, ,
-5, ,42, ,
-2, ,42, ,
0, ,41, ,
-1, ,44, ,
-5, ,42, ,
-2, ,41, ,
-2, ,44, ,
-4, ,42, ,
-5, ,41, ,
-4, ,44, ,
-4, ,42, ,
-1, ,42, ,
-7, ,42, ,
-1, ,44, ,
1, ,41, ,
0, ,44, ,
-4, ,42, ,
-1, ,42, ,
-4, ,42, ,
-2, ,42, ,
-5, ,41, ,
-1, ,44, ,
-1, ,42, ,
-1, ,41, ,
-6, ,42, ,
-1, ,42, ,
-2, ,41, ,
0, ,44, ,
-5, ,42, ,
1, ,42, ,
1, ,44, ,
-1, ,42, ,
-1, ,41, ,
-1, ,44, ,
-1, ,42, ,
3, ,42, ,
-5, ,42, ,
-2, ,42, ,
1, ,41, ,
-2, ,44, ,
-4, ,42, ,
3, ,42, ,
-2, ,42, ,
-1, ,42, ,
-2, ,41, ,
-4, ,44, ,
0, ,42, ,
3, ,42, ,
-1, ,42, ,
4, ,44, ,
6, ,41, ,
3, ,44, ,
1, ,42, ,
5, ,41, ,
1, ,42, ,
1, ,42, ,
-1, ,41, ,
-2, ,44, ,
-2, ,42, ,
3, ,42, ,
0, ,42, ,
5, ,44, ,
-1, ,41, ,
-2, ,44, ,
-5, ,42, ,
-2, ,42, ,
0, ,42, ,
3, ,42, ,
-5, ,41, ,
-4, ,44, ,
-2, ,42, ,
-1, ,41, ,
-5, ,42, ,
-1, ,44, ,
0, ,41, ,
3, ,44, ,
0, ,42, ,
5, ,42, ,
3, ,44, ,
1, ,42, ,
1, ,41, ,
1, ,44, ,
-2, ,42, ,
-1, ,42, ,
-5, ,42, ,
1, ,42, ,
1, ,41, ,
3, ,44, ,
0, ,42, ,
3, ,42, ,
4, ,44, ,
0, ,42, ,
-2, ,41, ,
1, ,44, ,
5, ,42, ,
5, ,42, ,
1, ,42, ,
4, ,42, ,
4, ,41, ,
1, ,44, ,
-1, ,42, ,
0, ,42, ,
-1, ,42, ,
1, ,42, ,
1, ,41, ,
3, ,44, ,
4, ,44, ,
8, ,42, ,
-1, ,42, ,
5, ,42, ,
6, ,41, ,
3, ,44, ,
1, ,42, ,
6, ,42, ,
4, ,42, ,
6, ,42, ,
4, ,41, ,
3, ,44, ,
3, ,44, ,
4, ,42, ,
-1, ,42, ,
3, ,42, ,
4, ,41, ,
6, ,44, ,
4, ,42, ,
8, ,42, ,
6, ,42, ,
4, ,42, ,
3, ,41, ,
1, ,44, ,
1, ,44, ,
4, ,42, ,
1, ,42, ,
8, ,42, ,
10, ,41, ,
5, ,44, ,
1, ,42, ,
-4, ,42, ,
0, ,42, ,
5, ,42, ,
-2, ,41, ,
6, ,44, ,
5, ,42, ,
1, ,42, ,
-2, ,42, ,
3, ,42, ,
3, ,41, ,
3, ,44, ,
1, ,42, ,
3, ,42, ,
4, ,42, ,
5, ,42, ,
1, ,41, ,
3, ,44, ,
5, ,44, ,
6, ,42, ,
-2, ,42, ,
0, ,42, ,
3, ,41, ,
0, ,44, ,
-1, ,42, ,
3, ,42, ,
1, ,42, ,
1, ,44, ,
0, ,41, ,
4, ,44, ,
3, ,42, ,
1, ,42, ,
-1, ,42, ,
3, ,42, ,
3, ,41, ,
3, ,44, ,
-4, ,42, ,
4, ,42, ,
1, ,44, ,
-2, ,42, ,
1, ,41, ,
8, ,44, ,
0, ,42, ,
8, ,42, ,
1, ,42, ,
5, ,44, ,
4, ,41, ,
1, ,44, ,
-4, ,42, ,
4, ,42, ,
3, ,44, ,
4, ,44, ,
8, ,41, ,
6, ,44, ,
8, ,44, ,
9, ,42, ,
1, ,42, ,
3, ,42, ,
1, ,41, ,
4, ,44, ,
0, ,42, ,
5, ,42, ,
8, ,44, ,
4, ,42, ,
1, ,41, ,
4, ,44, ,
0, ,42, ,
3, ,42, ,
-4, ,42, ,
3, ,42, ,
4, ,41, ,
-1, ,44, ,
-1, ,42, ,
6, ,42, ,
1, ,42, ,
1, ,42, ,
0, ,41, ,
6, ,44, ,
5, ,42, ,
8, ,42, ,
1, ,42, ,
1, ,42, ,
0, ,41, ,
-1, ,44, ,
-7, ,42, ,
-1, ,41, ,
-1, ,44, ,
-1, ,42, ,
-2, ,41, ,
1, ,42, ,
3, ,42, ,
4, ,42, ,
-2, ,42, ,
-1, ,42, ,
3, ,41, ,
0, ,44, ,
-4, ,42, ,
4, ,42, ,
0, ,42, ,
0, ,42, ,
0, ,41, ,
-1, ,44, ,
4, ,42, ,
3, ,42, ,
-2, ,42, ,
3, ,42, ,
-1, ,41, ,
1, ,42, ,
0, ,42, ,
3, ,42, ,
3, ,44, ,
-1, ,42, ,
0, ,41, ,
0, ,44, ,
-1, ,44, ,
1, ,42, ,
-2, ,42, ,
0, ,42, ,
0, ,41, ,
-1, ,44, ,
-6, ,42, ,
-2, ,42, ,
0, ,42, ,
-1, ,42, ,
1, ,41, ,
1, ,44, ,
3, ,42, ,
3, ,42, ,
-2, ,42, ,
6, ,44, ,
5, ,41, ,
1, ,44, ,
-1, ,42, ,
0, ,42, ,
0, ,42, ,
0, ,42, ,
-1, ,41, ,
3, ,44, ,
3, ,42, ,
3, ,42, ,
-4, ,42, ,
-1, ,42, ,
5, ,40, ,
0, ,44, ,
-1, ,42, ,
3, ,42, ,
0, ,42, ,
1, ,44, ,
-1, ,41, ,
0, ,44, ,
0, ,44, ,
0, ,42, ,
-1, ,42, ,
1, ,42, ,
3, ,41, ,
3, ,44, ,
3, ,42, ,
4, ,41, ,
0, ,44, ,
-1, ,42, ,
-2, ,41, ,
-2, ,44, ,
-1, ,44, ,
0, ,42, ,
-1, ,42, ,
4, ,42, ,
6, ,41, ,
4, ,44, ,
-1, ,42, ,
1, ,42, ,
-1, ,42, ,
-2, ,42, ,
-5, ,41, ,
-1, ,44, ,
-1, ,44, ,
3, ,42, ,
-6, ,42, ,
0, ,42, ,
3, ,41, ,
0, ,44, ,
-4, ,42, ,
3, ,41, ,
1, ,42, ,
-1, ,42, ,
-4, ,41, ,
0, ,44, ,
-2, ,44, ,
-1, ,42, ,
-6, ,42, ,
-1, ,44, ,
3, ,41, ,
1, ,44, ,
-2, ,42, ,
1, ,42, ,
4, ,42, ,
4, ,42, ,
4, ,41, ,
4, ,44, ,
1, ,42, ,
3, ,42, ,
-1, ,42, ,
4, ,42, ,
8, ,41, ,
3, ,44, ,
3, ,42, ,
3, ,42, ,
1, ,44, ,
0, ,42, ,
0, ,41, ,
3, ,44, ,
0, ,42, ,
6, ,42, ,
1, ,42, ,
4, ,42, ,
6, ,41, ,
3, ,44, ,
3, ,42, ,
8, ,42, ,
4, ,42, ,
3, ,42, ,
-1, ,41, ,
0, ,44, ,
3, ,42, ,
3, ,42, ,
-2, ,42, ,
1, ,42, ,
1, ,41, ,
1, ,44, ,
-1, ,42, ,
4, ,42, ,
5, ,44, ,
1, ,42, ,
3, ,41, ,
1, ,44, ,
0, ,42, ,
4, ,42, ,
-4, ,42, ,
1, ,44, ,
3, ,41, ,
4, ,44, ,
1, ,42, ,
4, ,42, ,
1, ,44, ,
-1, ,42, ,
-2, ,41, ,
-1, ,44, ,
-2, ,42, ,
1, ,42, ,
-2, ,42, ,
3, ,42, ,
3, ,41, ,
1, ,44, ,
1, ,42, ,
3, ,42, ,
4, ,44, ,
0, ,42, ,
-1, ,41, ,
3, ,44, ,
-1, ,44, ,
4, ,42, ,
-4, ,42, ,
1, ,42, ,
4, ,41, ,
0, ,44, ,
-1, ,42, ,
1, ,42, ,
-1, ,44, ,
4, ,42, ,
4, ,40, ,
4, ,44, ,
5, ,44, ,
4, ,42, ,
0, ,40, ,
5, ,33, ,
1, ,22, ,
-2, ,13, ,
-4, ,4, ,
-2, ,-3, ,
-2, ,-9, ,
-2, ,-16, ,
-2, ,-21, ,
-1, ,-24, ,
-4, ,-28, ,
-4, ,-31, ,
-6, ,-35, ,
-1, ,-37, ,
3, ,-38, ,
0, ,-41, ,
-5, ,-42, ,
1, ,-43, ,
-1, ,-44, ,
-1, ,-45, ,
-1, ,-45, ,
1, ,-47, ,
5, ,-47, ,
5, ,-47, ,
-1, ,-48, ,
4, ,-49, ,
1, ,-48, ,
3, ,-50, ,
-1, ,-49, ,
3, ,-48, ,
4, ,-50, ,
1, ,-50, ,
0, ,-48, ,
1, ,-50, ,
0, ,-50, ,
1, ,-50, ,
-6, ,-50, ,
0, ,-50, ,
0, ,-49, ,
0, ,-51, ,
0, ,-50, ,
3, ,-50, ,
4, ,-50, ,
3, ,-51, ,
0, ,-49, ,
1, ,-51, ,
1, ,-50, ,
3, ,-50, ,
-1, ,-50, ,
4, ,-50, ,
3, ,-50, ,
-1, ,-51, ,
-7, ,-50, ,
-4, ,-50, ,
-2, ,-50, ,
-2, ,-50, ,
-1, ,-49, ,
0, ,-51, ,
1, ,-50, ,
1, ,-50, ,
-4, ,-50, ,
0, ,-50, ,
3, ,-49, ,
-1, ,-51, ,
-5, ,-50, ,
1, ,-50, ,
-2, ,-50, ,
1, ,-50, ,
-1, ,-49, ,
4, ,-50, ,
4, ,-50, ,
1, ,-50, ,
-5, ,-50, ,
-2, ,-50, ,
-1, ,-49, ,
-2, ,-51, ,
-1, ,-50, ,
1, ,-49, ,
4, ,-50, ,
4, ,-50, ,
3, ,-49, ,
3, ,-50, ,
4, ,-50, ,
3, ,-50, ,
-1, ,-50, ,
1, ,-50, ,
4, ,-49, ,
-1, ,-50, ,
-4, ,-50, ,
-1, ,-49, ,
-1, ,-50, ,
-1, ,-50, ,
-1, ,-49, ,
-1, ,-50, ,
3, ,-50, ,
3, ,-50, ,
0, ,-50, ,
5, ,-50, ,
3, ,-49, ,
0, ,-51, ,
0, ,-50, ,
3, ,-49, ,
1, ,-50, ,
0, ,-50, ,
-1, ,-49, ,
4, ,-50, ,
1, ,-50, ,
3, ,-50, ,
-4, ,-50, ,
1, ,-50, ,
1, ,-48, ,
-2, ,-50, ,
-7, ,-49, ,
-2, ,-49, ,
-2, ,-50, ,
0, ,-50, ,
-1, ,-49, ,
4, ,-50, ,
3, ,-50, ,
3, ,-49, ,
-2, ,-50, ,
1, ,-50, ,
1, ,-49, ,
-1, ,-51, ,
-4, ,-50, ,
0, ,-49, ,
-1, ,-50, ,
-2, ,-50, ,
-1, ,-49, ,
0, ,-50, ,
-1, ,-50, ,
1, ,-49, ,
-5, ,-50, ,
-1, ,-50, ,
3, ,-49, ,
0, ,-50, ,
-2, ,-49, ,
3, ,-49, ,
-2, ,-50, ,
-1, ,-50, ,
-1, ,-49, ,
-1, ,-50, ,
3, ,-49, ,
-1, ,-50, ,
-2, ,-50, ,
3, ,-50, ,
3, ,-49, ,
1, ,-51, ,
-1, ,-50, ,
4, ,-49, ,
3, ,-50, ,
0, ,-50, ,
-2, ,-49, ,
-1, ,-50, ,
-1, ,-49, ,
3, ,-50, ,
-5, ,-49, ,
-1, ,-50, ,
1, ,-49, ,
-1, ,-51, ,
0, ,-49, ,
3, ,-50, ,
4, ,-50, ,
4, ,-50, ,
0, ,-49, ,
3, ,-50, ,
4, ,-50, ,
1, ,-49, ,
-1, ,-50, ,
1, ,-50, ,
3, ,-49, ,
1, ,-51, ,
0, ,-50, ,
5, ,-49, ,
4, ,-50, ,
3, ,-50, ,
0, ,-49, ,
1, ,-50, ,
0, ,-50, ,
4, ,-50, ,
0, ,-49, ,
6, ,-50, ,
10, ,-49, ,
6, ,-50, ,
1, ,-49, ,
8, ,-49, ,
4, ,-50, ,
3, ,-50, ,
1, ,-49, ,
3, ,-50, ,
3, ,-49, ,
-4, ,-49, ,
-4, ,-50, ,
3, ,-50, ,
3, ,-49, ,
5, ,-50, ,
0, ,-50, ,
4, ,-49, ,
0, ,-50, ,
0, ,-49, ,
1, ,-48, ,
1, ,-50, ,
6, ,-49, ,
3, ,-50, ,
0, ,-50, ,
3, ,-50, ,
4, ,-48, ,
1, ,-50, ,
1, ,-49, ,
5, ,-49, ,
4, ,-50, ,
3, ,-50, ,
3, ,-49, ,
3, ,-50, ,
0, ,-50, ,
1, ,-49, ,
-2, ,-50, ,
0, ,-50, ,
5, ,-49, ,
6, ,-50, ,
5, ,-50, ,
8, ,-49, ,
3, ,-50, ,
-4, ,-49, ,
3, ,-49, ,
1, ,-50, ,
-1, ,-49, ,
5, ,-50, ,
1, ,-49, ,
3, ,-49, ,
5, ,-49, ,
1, ,-50, ,
-2, ,-49, ,
4, ,-49, ,
4, ,-50, ,
8, ,-50, ,
4, ,-49, ,
6, ,-50, ,
8, ,-50, ,
8, ,-49, ,
4, ,-49, ,
8, ,-50, ,
6, ,-49, ,
3, ,-50, ,
3, ,-49, ,
6, ,-49, ,
6, ,-50, ,
4, ,-50, ,
4, ,-49, ,
3, ,-50, ,
3, ,-50, ,
3, ,-50, ,
0, ,-49, ,
5, ,-49, ,
11, ,-49, ,
3, ,-50, ,
3, ,-49, ,
5, ,-49, ,
4, ,-50, ,
3, ,-50, ,
1, ,-49, ,
1, ,-50, ,
4, ,-49, ,
5, ,-49, ,
1, ,-50, ,
5, ,-50, ,
5, ,-49, ,
4, ,-50, ,
0, ,-49, ,
4, ,-49, ,
4, ,-50, ,
0, ,-49, ,
-2, ,-49, ,
3, ,-50, ,
1, ,-49, ,
1, ,-50, ,
-2, ,-50, ,
1, ,-49, ,
3, ,-49, ,
0, ,-50, ,
-1, ,-50, ,
4, ,-49, ,
4, ,-50, ,
3, ,-50, ,
3, ,-49, ,
4, ,-50, ,
6, ,-49, ,
4, ,-50, ,
0, ,-49, ,
0, ,-50, ,
3, ,-49, ,
-1, ,-50, ,
-4, ,-50, ,
3, ,-49, ,
1, ,-50, ,
3, ,-49, ,
0, ,-48, ,
1, ,-50, ,
0, ,-49, ,
1, ,-49, ,
-2, ,-50, ,
1, ,-50, ,
4, ,-49, ,
-1, ,-50, ,
-1, ,-49, ,
6, ,-50, ,
1, ,-50, ,
1, ,-50, ,
-2, ,-49, ,
0, ,-50, ,
3, ,-49, ,
3, ,-49, ,
-1, ,-49, ,
4, ,-49, ,
3, ,-49, ,
1, ,-50, ,
-4, ,-49, ,
1, ,-49, ,
3, ,-50, ,
3, ,-49, ,
4, ,-49, ,
5, ,-50, ,
6, ,-50, ,
5, ,-50, ,
0, ,-49, ,
3, ,-50, ,
1, ,-49, ,
0, ,-50, ,
-2, ,-49, ,
3, ,-49, ,
3, ,-50, ,
1, ,-50, ,
5, ,-48, ,
-1, ,-50, ,
3, ,-50, ,
0, ,-49, ,
-6, ,-49, ,
6, ,-49, ,
1, ,-49, ,
0, ,-50, ,
1, ,-50, ,
1, ,-49, ,
3, ,-50, ,
-1, ,-50, ,
-2, ,-48, ,
3, ,-50, ,
1, ,-49, ,
4, ,-49, ,
-2, ,-49, ,
1, ,-49, ,
4, ,-49, ,
-5, ,-50, ,
-7, ,-49, ,
-2, ,-49, ,
-5, ,-50, ,
-1, ,-49, ,
-1, ,-49, ,
3, ,-50, ,
0, ,-49, ,
-1, ,-49, ,
-1, ,-49, ,
1, ,-50, ,
4, ,-48, ,
-1, ,-50, ,
-7, ,-50, ,
-2, ,-49, ,
-5, ,-50, ,
-4, ,-49, ,
-6, ,-49, ,
0, ,-50, ,
4, ,-49, ,
3, ,-49, ,
-1, ,-50, ,
3, ,-49, ,
-1, ,-49, ,
-6, ,-50, ,
-12, ,-49, ,
-4, ,-49, ,
-2, ,-50, ,
-1, ,-49, ,
-2, ,-48, ,
-1, ,-50, ,
-1, ,-49, ,
0, ,-49, ,
-5, ,-49, ,
4, ,-49, ,
5, ,-49, ,
3, ,-50, ,
-1, ,-49, ,
3, ,-49, ,
1, ,-50, ,
-2, ,-49, ,
-5, ,-48, ,
-2, ,-50, ,
-2, ,-50, ,
-1, ,-49, ,
-2, ,-49, ,
1, ,-49, ,
3, ,-49, ,
-1, ,-50, ,
-6, ,-49, ,
3, ,-49, ,
-1, ,-49, ,
0, ,-50, ,
-1, ,-49, ,
1, ,-50, ,
4, ,-49, ,
3, ,-49, ,
-4, ,-50, ,
0, ,-49, ,
3, ,-49, ,
-5, ,-50, ,
-7, ,-49, ,
-2, ,-49, ,
-2, ,-50, ,
-4, ,-50, ,
-4, ,-48, ,
1, ,-50, ,
-1, ,-49, ,
-1, ,-50, ,
-4, ,-50, ,
0, ,-50, ,
4, ,-49, ,
1, ,-50, ,
-1, ,-49, ,
4, ,-49, ,
1, ,-50, ,
1, ,-50, ,
-5, ,-48, ,
-1, ,-50, ,
0, ,-49, ,
-1, ,-49, ,
-4, ,-49, ,
1, ,-50, ,
1, ,-49, ,
0, ,-50, ,
-1, ,-50, ,
1, ,-49, ,
0, ,-50, ,
-4, ,-50, ,
-4, ,-48, ,
-1, ,-50, ,
-1, ,-49, ,
0, ,-49, ,
-2, ,-49, ,
0, ,-49, ,
3, ,-49, ,
-1, ,-50, ,
-4, ,-49, ,
-1, ,-49, ,
-4, ,-49, ,
-2, ,-50, ,
-4, ,-49, ,
0, ,-50, ,
0, ,-49, ,
1, ,-49, ,
-4, ,-49, ,
1, ,-49, ,
3, ,-49, ,
3, ,-50, ,
4, ,-49, ,
6, ,-49, ,
5, ,-50, ,
0, ,-49, ,
-1, ,-48, ,
0, ,-50, ,
-2, ,-49, ,
0, ,-49, ,
-4, ,-49, ,
0, ,-50, ,
4, ,-49, ,
0, ,-50, ,
1, ,-49, ,
5, ,-49, ,
4, ,-50, ,
4, ,-50, ,
1, ,-49, ,
5, ,-50, ,
4, ,-49, ,
1, ,-49, ,
1, ,-49, ,
3, ,-50, ,
5, ,-49, ,
3, ,-50, ,
-1, ,-50, ,
3, ,-49, ,
1, ,-49, ,
0, ,-50, ,
-1, ,-48, ,
3, ,-50, ,
4, ,-49, ,
3, ,-50, ,
1, ,-49, ,
4, ,-49, ,
5, ,-49, ,
4, ,-50, ,
0, ,-49, ,
8, ,-49, ,
4, ,-50, ,
3, ,-50, ,
4, ,-49, ,
4, ,-50, ,
4, ,-49, ,
0, ,-49, ,
-5, ,-49, ,
4, ,-49, ,
4, ,-49, ,
4, ,-50, ,
3, ,-49, ,
6, ,-49, ,
4, ,-50, ,
1, ,-49, ,
-1, ,-49, ,
-2, ,-50, ,
-2, ,-50, ,
-1, ,-50, ,
-5, ,-50, ,
4, ,-49, ,
5, ,-49, ,
3, ,-50, ,
0, ,-49, ,
0, ,-49, ,
3, ,-50, ,
1, ,-50, ,
3, ,-48, ,
6, ,-50, ,
4, ,-50, ,
3, ,-49, ,
0, ,-49, ,
0, ,-49, ,
6, ,-49, ,
4, ,-50, ,
-2, ,-49, ,
1, ,-49, ,
4, ,-50, ,
4, ,-50, ,
1, ,-48, ,
5, ,-50, ,
6, ,-49, ,
4, ,-50, ,
0, ,-49, ,
0, ,-49, ,
6, ,-49, ,
1, ,-50, ,
0, ,-49, ,
8, ,-49, ,
5, ,-50, ,
3, ,-50, ,
0, ,-49, ,
0, ,-50, ,
3, ,-50, ,
3, ,-50, ,
-2, ,-50, ,
4, ,-50, ,
4, ,-49, ,
4, ,-50, ,
0, ,-50, ,
5, ,-49, ,
5, ,-50, ,
1, ,-49, ,
4, ,-48, ,
5, ,-50, ,
5, ,-49, ,
6, ,-50, ,
3, ,-49, ,
6, ,-50, ,
5, ,-49, ,
1, ,-50, ,
-2, ,-50, ,
3, ,-49, ,
4, ,-50, ,
1, ,-50, ,
0, ,-49, ,
1, ,-50, ,
4, ,-49, ,
3, ,-50, ,
-1, ,-49, ,
3, ,-50, ,
3, ,-49, ,
4, ,-50, ,
1, ,-50, ,
6, ,-49, ,
4, ,-50, ,
1, ,-49, ,
1, ,-48, ,
5, ,-50, ,
0, ,-49, ,
0, ,-50, ,
-5, ,-50, ,
0, ,-49, ,
0, ,-49, ,
-2, ,-50, ,
-1, ,-49, ,
4, ,-49, ,
3, ,-50, ,
3, ,-50, ,
1, ,-48, ,
4, ,-50, ,
5, ,-50, ,
3, ,-49, ,
1, ,-50, ,
-7, ,-49, ,
1, ,-49, ,
3, ,-50, ,
-6, ,-50, ,
4, ,-49, ,
-1, ,-50, ,
-1, ,-50, ,
-4, ,-48, ,
0, ,-50, ,
-1, ,-49, ,
-5, ,-50, ,
-5, ,-49, ,
-4, ,-50, ,
-4, ,-49, ,
-7, ,-50, ,
-12, ,-49, ,
-7, ,-49, ,
-6, ,-49, ,
-4, ,-50, ,
-4, ,-49, ,
0, ,-50, ,
8, ,-50, ,
10, ,-49, ,
9, ,-50, ,
13, ,-49, ,
9, ,-49, ,
8, ,-50, ,
0, ,-49, ,
-1, ,-49, ,
0, ,-50, ,
-4, ,-49, ,
-4, ,-48, ,
0, ,-50, ,
-1, ,-49, ,
1, ,-49, ,
-1, ,-49, ,
3, ,-50, ,
6, ,-49, ,
3, ,-50, ,
0, ,-49, ,
0, ,-50, ,
-2, ,-50, ,
-1, ,-50, ,
-1, ,-49, ,
0, ,-50, ,
0, ,-49, ,
1, ,-50, ,
0, ,-50, ,
1, ,-50, ,
4, ,-49, ,
1, ,-50, ,
-2, ,-49, ,
1, ,-49, ,
-2, ,-50, ,
-5, ,-50, ,
-9, ,-48, ,
-4, ,-50, ,
-2, ,-50, ,
-2, ,-49, ,
-4, ,-50, ,
1, ,-50, ,
6, ,-49, ,
3, ,-50, ,
-1, ,-49, ,
3, ,-50, ,
-1, ,-50, ,
-4, ,-50, ,
-5, ,-49, ,
-5, ,-50, ,
-2, ,-50, ,
-1, ,-49, ,
-4, ,-50, ,
-1, ,-50, ,
1, ,-49, ,
0, ,-50, ,
-2, ,-49, ,
4, ,-49, ,
-5, ,-50, ,
0, ,-50, ,
1, ,-48, ,
-1, ,-50, ,
1, ,-49, ,
-1, ,-50, ,
-5, ,-49, ,
0, ,-50, ,
3, ,-49, ,
-1, ,-50, ,
-4, ,-49, ,
0, ,-49, ,
1, ,-50, ,
-4, ,-50, ,
-2, ,-48, ,
-1, ,-50, ,
0, ,-50, ,
5, ,-49, ,
1, ,-49, ,
5, ,-50, ,
6, ,-49, ,
3, ,-50, ,
0, ,-49, ,
3, ,-49, ,
3, ,-50, ,
3, ,-50, ,
1, ,-49, ,
3, ,-50, ,
0, ,-49, ,
0, ,-50, ,
-2, ,-50, ,
1, ,-50, ,
1, ,-49, ,
0, ,-50, ,
0, ,-50, ,
5, ,-49, ,
5, ,-49, ,
5, ,-50, ,
3, ,-49, ,
5, ,-50, ,
5, ,-49, ,
4, ,-49, ,
1, ,-50, ,
5, ,-50, ,
5, ,-49, ,
3, ,-50, ,
-1, ,-50, ,
4, ,-49, ,
0, ,-50, ,
-2, ,-50, ,
-1, ,-48, ,
0, ,-50, ,
1, ,-49, ,
1, ,-49, ,
1, ,-50, ,
6, ,-50, ,
5, ,-49, ,
3, ,-50, ,
1, ,-49, ,
4, ,-49, ,
3, ,-50, ,
1, ,-50, ,
1, ,-49, ,
4, ,-50, ,
3, ,-49, ,
1, ,-49, ,
-4, ,-49, ,
3, ,-50, ,
3, ,-49, ,
3, ,-50, ,
0, ,-50, ,
5, ,-49, ,
4, ,-50, ,
1, ,-49, ,
0, ,-48, ,
-2, ,-50, ,
1, ,-49, ,
1, ,-50, ,
-4, ,-49, ,
3, ,-49, ,
4, ,-48, ,
3, ,-50, ,
3, ,-49, ,
6, ,-49, ,
4, ,-49, ,
1, ,-50, ,
-2, ,-49, ,
0, ,-50, ,
1, ,-49, ,
1, ,-50, ,
-2, ,-49, ,
3, ,-50, ,
5, ,-49, ,
1, ,-50, ,
0, ,-50, ,
3, ,-49, ,
3, ,-50, ,
3, ,-50, ,
4, ,-48, ,
6, ,-50, ,
5, ,-50, ,
5, ,-50, ,
-1, ,-49, ,
0, ,-48, ,
3, ,-40, ,
5, ,-31, ,
4, ,-21, ,
11, ,-12, ,
9, ,-5, ,
10, ,2, ,
6, ,8, ,
5, ,13, ,
9, ,17, ,
5, ,20, ,
6, ,23, ,
9, ,27, ,
5, ,28, ,
5, ,31, ,
3, ,33, ,
10, ,34, ,
8, ,36, ,
6, ,36, ,
6, ,36, ,
1, ,39, ,
4, ,39, ,
4, ,39, ,
-1, ,40, ,
5, ,41, ,
5, ,40, ,
3, ,42, ,
-1, ,41, ,
5, ,42, ,
-1, ,42, ,
1, ,42, ,
0, ,41, ,
1, ,44, ,
4, ,44, ,
5, ,42, ,
1, ,44, ,
5, ,44, ,
6, ,41, ,
5, ,44, ,
3, ,42, ,
5, ,42, ,
5, ,44, ,
5, ,42, ,
1, ,42, ,
6, ,45, ,
1, ,44, ,
4, ,42, ,
-1, ,44, ,
1, ,44, ,
4, ,42, ,
1, ,45, ,
-1, ,42, ,
5, ,44, ,
6, ,44, ,
8, ,44, ,
3, ,41, ,
4, ,45, ,
5, ,44, ,
6, ,42, ,
-2, ,44, ,
1, ,44, ,
4, ,42, ,
3, ,44, ,
-5, ,42, ,
1, ,42, ,
3, ,44, ,
1, ,44, ,
-1, ,41, ,
1, ,44, ,
0, ,44, ,
3, ,42, ,
0, ,44, ,
5, ,42, ,
9, ,42, ,
4, ,44, ,
0, ,42, ,
6, ,42, ,
3, ,44, ,
4, ,42, ,
5, ,41, ,
8, ,44, ,
4, ,44, ,
3, ,42, ,
-2, ,44, ,
3, ,44, ,
3, ,42, ,
3, ,44, ,
-2, ,44, ,
4, ,41, ,
3, ,44, ,
3, ,42, ,
3, ,41, ,
5, ,44, ,
5, ,44, ,
3, ,42, ,
-2, ,44, ,
3, ,44, ,
3, ,42, ,
-1, ,44, ,
-1, ,42, ,
1, ,42, ,
1, ,42, ,
-1, ,44, ,
-1, ,41, ,
-1, ,44, ,
-2, ,44, ,
-1, ,42, ,
-5, ,44, ,
-2, ,42, ,
1, ,41, ,
0, ,44, ,
-6, ,42, ,
-1, ,42, ,
-1, ,44, ,
-1, ,44, ,
-1, ,41, ,
1, ,44, ,
-2, ,42, ,
3, ,42, ,
-6, ,42, ,
-2, ,42, ,
-2, ,41, ,
-6, ,44, ,
-7, ,42, ,
-1, ,42, ,
-7, ,42, ,
0, ,44, ,
-2, ,41, ,
-4, ,44, ,
0, ,44, ,
-2, ,42, ,
-6, ,42, ,
-2, ,42, ,
-4, ,41, ,
-2, ,44, ,
-9, ,42, ,
-4, ,41, ,
-5, ,44, ,
-4, ,42, ,
-2, ,41, ,
0, ,44, ,
-2, ,44, ,
0, ,42, ,
-6, ,42, ,
-2, ,42, ,
-2, ,41, ,
-5, ,44, ,
-7, ,42, ,
-1, ,42, ,
-4, ,44, ,
-2, ,42, ,
-4, ,41, ,
-2, ,44, ,
-1, ,42, ,
0, ,42, ,
-4, ,42, ,
3, ,42, ,
0, ,41, ,
0, ,44, ,
-4, ,42, ,
-2, ,42, ,
-6, ,42, ,
-6, ,42, ,
-7, ,41, ,
-5, ,44, ,
-4, ,44, ,
-1, ,42, ,
-7, ,44, ,
-2, ,42, ,
-1, ,41, ,
-4, ,44, ,
-10, ,42, ,
-1, ,42, ,
-4, ,42, ,
-1, ,44, ,
0, ,41, ,
3, ,44, ,
1, ,44, ,
1, ,42, ,
-5, ,42, ,
-1, ,42, ,
0, ,41, ,
-1, ,44, ,
-7, ,42, ,
0, ,42, ,
-1, ,44, ,
0, ,42, ,
-4, ,41, ,
-2, ,44, ,
-2, ,42, ,
-1, ,42, ,
-6, ,42, ,
4, ,44, ,
4, ,41, ,
3, ,44, ,
-1, ,42, ,
3, ,42, ,
-4, ,42, ,
-4, ,42, ,
-5, ,41, ,
-2, ,44, ,
0, ,42, ,
0, ,42, ,
-5, ,42, ,
0, ,44, ,
1, ,41, ,
3, ,44, ,
-6, ,42, ,
0, ,42, ,
3, ,44, ,
0, ,42, ,
1, ,41, ,
3, ,44, ,
0, ,42, ,
1, ,42, ,
-2, ,42, ,
1, ,42, ,
4, ,41, ,
1, ,44, ,
0, ,42, ,
5, ,42, ,
4, ,42, ,
4, ,42, ,
-1, ,41, ,
1, ,44, ,
-1, ,42, ,
1, ,42, ,
-2, ,42, ,
3, ,42, ,
4, ,41, ,
4, ,44, ,
1, ,42, ,
8, ,42, ,
6, ,44, ,
5, ,42, ,
0, ,41, ,
3, ,44, ,
0, ,44, ,
3, ,42, ,
3, ,42, ,
6, ,42, ,
9, ,41, ,
6, ,44, ,
3, ,42, ,
10, ,42, ,
4, ,42, ,
6, ,42, ,
4, ,41, ,
4, ,44, ,
8, ,42, ,
6, ,42, ,
4, ,42, ,
8, ,42, ,
4, ,41, ,
5, ,44, ,
1, ,42, ,
8, ,41, ,
8, ,44, ,
6, ,42, ,
6, ,41, ,
8, ,44, ,
6, ,42, ,
5, ,42, ,
-1, ,42, ,
1, ,44, ,
5, ,41, ,
6, ,44, ,
3, ,42, ,
8, ,42, ,
6, ,42, ,
6, ,44, ,
3, ,41, ,
3, ,44, ,
5, ,42, ,
4, ,42, ,
-1, ,42, ,
5, ,42, ,
8, ,41, ,
6, ,44, ,
1, ,42, ,
6, ,42, ,
5, ,42, ,
0, ,42, ,
0, ,41, ,
3, ,44, ,
1, ,42, ,
5, ,42, ,
0, ,42, ,
1, ,42, ,
4, ,40, ,
3, ,44, ,
3, ,42, ,
9, ,42, ,
8, ,42, ,
8, ,44, ,
6, ,41, ,
5, ,44, ,
6, ,44, ,
6, ,42, ,
-1, ,42, ,
3, ,42, ,
5, ,41, ,
4, ,44, ,
-1, ,42, ,
5, ,42, ,
3, ,44, ,
4, ,42, ,
3, ,41, ,
3, ,44, ,
6, ,42, ,
6, ,42, ,
3, ,42, ,
4, ,42, ,
5, ,41, ,
6, ,44, ,
0, ,42, ,
8, ,42, ,
3, ,42, ,
4, ,42, ,
4, ,40, ,
3, ,44, ,
6, ,42, ,
3, ,42, ,
-1, ,42, ,
5, ,42, ,
8, ,41, ,
6, ,44, ,
1, ,42, ,
5, ,42, ,
5, ,42, ,
3, ,42, ,
0, ,41, ,
4, ,44, ,
3, ,44, ,
9, ,42, ,
0, ,42, ,
5, ,42, ,
5, ,41, ,
3, ,44, ,
-2, ,42, ,
3, ,42, ,
1, ,42, ,
3, ,42, ,
3, ,41, ,
3, ,44, ,
4, ,42, ,
4, ,42, ,
-1, ,44, ,
1, ,42, ,
1, ,41, ,
1, ,44, ,
-1, ,42, ,
6, ,42, ,
8, ,44, ,
-2, ,42, ,
-2, ,41, ,
1, ,44, ,
-2, ,44, ,
0, ,42, ,
-5, ,42, ,
-1, ,42, ,
1, ,41, ,
-1, ,44, ,
-5, ,42, ,
0, ,42, ,
-4, ,42, ,
0, ,42, ,
-2, ,41, ,
0, ,44, ,
3, ,42, ,
1, ,42, ,
-2, ,42, ,
1, ,42, ,
-2, ,41, ,
-4, ,44, ,
-7, ,42, ,
-1, ,41, ,
-2, ,44, ,
-2, ,42, ,
-1, ,41, ,
0, ,44, ,
1, ,42, ,
1, ,42, ,
-6, ,42, ,
-2, ,42, ,
1, ,41, ,
-4, ,44, ,
-7, ,42, ,
-2, ,42, ,
-5, ,42, ,
-2, ,42, ,
0, ,41, ,
0, ,44, ,
3, ,42, ,
3, ,42, ,
-4, ,42, ,
0, ,44, ,
3, ,41, ,
-1, ,44, ,
-1, ,42, ,
-1, ,41, ,
0, ,44, ,
-4, ,42, ,
-5, ,41, ,
-2, ,44, ,
-4, ,44, ,
0, ,42, ,
-7, ,42, ,
-2, ,42, ,
1, ,41, ,
-4, ,44, ,
-6, ,42, ,
1, ,42, ,
-9, ,42, ,
-4, ,42, ,
-1, ,41, ,
-2, ,44, ,
1, ,42, ,
3, ,42, ,
-2, ,42, ,
-2, ,42, ,
-5, ,41, ,
-7, ,44, ,
-12, ,42, ,
-2, ,42, ,
-6, ,42, ,
-2, ,42, ,
-5, ,41, ,
-2, ,44, ,
-1, ,44, ,
3, ,42, ,
-2, ,42, ,
0, ,42, ,
0, ,41, ,
-1, ,42, ,
-6, ,42, ,
-2, ,42, ,
-5, ,42, ,
-2, ,42, ,
-7, ,41, ,
-5, ,44, ,
-2, ,42, ,
-2, ,42, ,
-6, ,42, ,
-4, ,42, ,
-2, ,42, ,
-1, ,44, ,
-5, ,42, ,
-2, ,41, ,
-1, ,44, ,
-2, ,42, ,
-5, ,41, ,
-1, ,44, ,
-1, ,44, ,
8, ,42, ,
-1, ,42, ,
1, ,42, ,
3, ,42, ,
-2, ,44, ,
-4, ,42, ,
-1, ,42, ,
-5, ,42, ,
-1, ,42, ,
-1, ,41, ,
-1, ,44, ,
3, ,42, ,
1, ,42, ,
-4, ,42, ,
0, ,42, ,
1, ,41, ,
-1, ,44, ,
-1, ,42, ,
4, ,42, ,
3, ,44, ,
1, ,42, ,
-2, ,41, ,
1, ,44, ,
-4, ,42, ,
-1, ,42, ,
-7, ,42, ,
-1, ,42, ,
3, ,41, ,
4, ,44, ,
0, ,42, ,
5, ,42, ,
4, ,42, ,
4, ,44, ,
-2, ,41, ,
0, ,44, ,
0, ,42, ,
5, ,42, ,
1, ,42, ,
3, ,42, ,
4, ,41, ,
4, ,44, ,
-1, ,42, ,
3, ,42, ,
4, ,44, ,
0, ,42, ,
3, ,41, ,
3, ,44, ,
3, ,44, ,
4, ,42, ,
-1, ,42, ,
1, ,42, ,
1, ,41, ,
1, ,44, ,
0, ,42, ,
4, ,42, ,
4, ,44, ,
3, ,42, ,
0, ,41, ,
0, ,44, ,
0, ,44, ,
0, ,42, ,
-2, ,42, ,
3, ,42, ,
3, ,41, ,
3, ,44, ,
0, ,42, ,
5, ,42, ,
3, ,42, ,
0, ,42, ,
-2, ,41, ,
-2, ,44, ,
-2, ,42, ,
0, ,42, ,
-5, ,42, ,
0, ,42, ,
5, ,41, ,
4, ,44, ,
4, ,42, ,
9, ,42, ,
5, ,42, ,
8, ,44, ,
3, ,41, ,
4, ,44, ,
3, ,42, ,
3, ,42, ,
0, ,42, ,
1, ,44, ,
3, ,41, ,
3, ,44, ,
1, ,42, ,
5, ,41, ,
5, ,44, ,
4, ,42, ,
3, ,41, ,
5, ,44, ,
6, ,42, ,
6, ,42, ,
1, ,42, ,
4, ,42, ,
4, ,41, ,
8, ,44, ,
-1, ,42, ,
6, ,42, ,
9, ,42, ,
6, ,42, ,
5, ,41, ,
4, ,44, ,
4, ,42, ,
4, ,42, ,
-4, ,42, ,
5, ,42, ,
5, ,41, ,
6, ,44, ,
4, ,42, ,
9, ,42, ,
9, ,44, ,
6, ,42, ,
4, ,41, ,
6, ,44, ,
4, ,42, ,
5, ,42, ,
0, ,42, ,
1, ,42, ,
6, ,41, ,
3, ,44, ,
-1, ,42, ,
0, ,42, ,
-2, ,42, ,
3, ,42, ,
1, ,41, ,
6, ,44, ,
8, ,42, ,
6, ,42, ,
-1, ,42, ,
1, ,42, ,
4, ,41, ,
3, ,44, ,
3, ,42, ,
6, ,41, ,
4, ,42, ,
4, ,42, ,
0, ,41, ,
1, ,44, ,
-7, ,44, ,
-2, ,42, ,
-6, ,42, ,
-1, ,42, ,
4, ,41, ,
1, ,44, ,
-1, ,42, ,
4, ,42, ,
0, ,42, ,
4, ,42, ,
0, ,41, ,
6, ,44, ,
5, ,42, ,
6, ,42, ,
3, ,42, ,
1, ,42, ,
-1, ,41, ,
1, ,44, ,
-6, ,42, ,
4, ,41, ,
0, ,44, ,
-1, ,42, ,
-4, ,41, ,
-6, ,44, ,
-2, ,42, ,
8, ,42, ,
4, ,42, ,
4, ,42, ,
4, ,41, ,
1, ,44, ,
-5, ,42, ,
0, ,42, ,
3, ,42, ,
1, ,42, ,
1, ,41, ,
3, ,44, ,
4, ,44, ,
4, ,42, ,
-2, ,42, ,
3, ,42, ,
0, ,41, ,
1, ,44, ,
-2, ,42, ,
4, ,42, ,
4, ,44, ,
0, ,42, ,
0, ,41, ,
1, ,44, ,
0, ,44, ,
4, ,42, ,
-5, ,42, ,
0, ,42, ,
6, ,41, ,
3, ,44, ,
-1, ,42, ,
3, ,42, ,
-1, ,42, ,
0, ,44, ,
-4, ,41, ,
-2, ,44, ,
1, ,44, ,
1, ,42, ,
-2, ,42, ,
0, ,42, ,
0, ,41, ,
0, ,44, ,
-7, ,42, ,
-4, ,42, ,
-5, ,42, ,
-4, ,42, ,
-1, ,41, ,
0, ,44, ,
1, ,44, ,
3, ,42, ,
-2, ,42, ,
-1, ,42, ,
0, ,41, ,
-1, ,44, ,
-5, ,42, ,
3, ,42, ,
-1, ,42, ,
-1, ,42, ,
-1, ,41, ,
-1, ,44, ,
-1, ,42, ,
-1, ,42, ,
-5, ,42, ,
-1, ,42, ,
-1, ,41, ,
-1, ,44, ,
-6, ,42, ,
1, ,41, ,
1, ,42, ,
1, ,44, ,
0, ,41, ,
1, ,44, ,
-10, ,42, ,
5, ,42, ,
3, ,42, ,
0, ,42, ,
4, ,41, ,
-1, ,44, ,
-5, ,42, ,
-2, ,42, ,
-4, ,42, ,
0, ,42, ,
-1, ,41, ,
3, ,44, ,
3, ,42, ,
8, ,42, ,
1, ,42, ,
5, ,42, ,
5, ,41, ,
1, ,44, ,
-5, ,42, ,
1, ,41, ,
-1, ,42, ,
-1, ,42, ,
-1, ,41, ,
1, ,44, ,
1, ,44, ,
3, ,42, ,
-2, ,42, ,
-2, ,44, ,
1, ,41, ,
1, ,44, ,
-1, ,42, ,
4, ,42, ,
3, ,44, ,
4, ,42, ,
0, ,41, ,
0, ,44, ,
1, ,44, ,
-1, ,42, ,
-5, ,44, ,
1, ,42, ,
3, ,41, ,
3, ,44, ,
-4, ,42, ,
0, ,42, ,
0, ,44, ,
-4, ,42, ,
-5, ,41, ,
0, ,44, ,
3, ,44, ,
4, ,42, ,
-1, ,42, ,
3, ,42, ,
4, ,41, ,
1, ,44, ,
-4, ,42, ,
1, ,42, ,
1, ,42, ,
0, ,44, ,
0, ,41, ,
3, ,44, ,
4, ,44, ,
4, ,42, ,
1, ,42, ,
3, ,44, ,
3, ,41, ,
0, ,44, ,
-1, ,42, ,
3, ,42, ,
1, ,42, ,
0, ,42, ,
-2, ,41, ,
-1, ,44, ,
-1, ,42, ,
0, ,42, ,
-6, ,42, ,
0, ,42, ,
5, ,41, ,
3, ,44, ,
3, ,42, ,
5, ,42, ,
4, ,42, ,
4, ,44, ,
-1, ,41, ,
1, ,44, ,
0, ,44, ,
0, ,42, ,
-1, ,42, ,
3, ,42, ,
6, ,40, ,
9, ,38, ,
3, ,28, ,
4, ,17, ,
-1, ,9, ,
-4, ,0, ,
-6, ,-6, ,
-2, ,-12, ,
0, ,-18, ,
3, ,-22, ,
-2, ,-26, ,
-2, ,-29, ,
0, ,-32, ,
-1, ,-36, ,
-2, ,-38, ,
3, ,-40, ,
1, ,-41, ,
0, ,-43, ,
1, ,-43, ,
0, ,-45, ,
1, ,-45, ,
3, ,-46, ,
-4, ,-47, ,
1, ,-47, ,
-1, ,-47, ,
-2, ,-49, ,
5, ,-48, ,
9, ,-48, ,
5, ,-49, ,
6, ,-49, ,
0, ,-48, ,
3, ,-50, ,
-1, ,-49, ,
1, ,-50, ,
-4, ,-50, ,
3, ,-50, ,
4, ,-49, ,
0, ,-51, ,
-2, ,-50, ,
0, ,-50, ,
-1, ,-50, ,
1, ,-50, ,
0, ,-49, ,
3, ,-51, ,
0, ,-50, ,
3, ,-50, ,
-1, ,-50, ,
3, ,-50, ,
5, ,-50, ,
3, ,-51, ,
0, ,-50, ,
5, ,-50, ,
4, ,-50, ,
3, ,-50, ,
0, ,-49, ,
5, ,-51, ,
0, ,-50, ,
-2, ,-50, ,
-4, ,-50, ,
0, ,-50, ,
3, ,-49, ,
3, ,-51, ,
0, ,-50, ,
6, ,-49, ,
4, ,-50, ,
5, ,-50, ,
3, ,-49, ,
3, ,-50, ,
5, ,-50, ,
1, ,-50, ,
-2, ,-50, ,
1, ,-50, ,
1, ,-49, ,
1, ,-51, ,
0, ,-50, ,
6, ,-50, ,
5, ,-50, ,
0, ,-50, ,
1, ,-49, ,
1, ,-50, ,
4, ,-49, ,
4, ,-50, ,
-1, ,-49, ,
4, ,-50, ,
4, ,-49, ,
3, ,-50, ,
1, ,-50, ,
5, ,-50, ,
1, ,-50, ,
-1, ,-50, ,
-1, ,-49, ,
3, ,-50, ,
3, ,-50, ,
3, ,-50, ,
-2, ,-50, ,
1, ,-50, ,
3, ,-49, ,
-2, ,-50, ,
-5, ,-50, ,
-1, ,-49, ,
0, ,-50, ,
-2, ,-50, ,
-2, ,-49, ,
0, ,-50, ,
0, ,-50, ,
0, ,-50, ,
-2, ,-49, ,
1, ,-50, ,
3, ,-49, ,
-1, ,-50, ,
-4, ,-49, ,
3, ,-50, ,
0, ,-50, ,
0, ,-50, ,
-2, ,-49, ,
0, ,-50, ,
0, ,-50, ,
-2, ,-49, ,
-4, ,-50, ,
0, ,-50, ,
1, ,-49, ,
-1, ,-50, ,
-5, ,-50, ,
0, ,-49, ,
-4, ,-50, ,
-2, ,-50, ,
-5, ,-49, ,
-1, ,-50, ,
-1, ,-49, ,
0, ,-50, ,
-2, ,-50, ,
0, ,-50, ,
0, ,-49, ,
-2, ,-51, ,
-5, ,-49, ,
-1, ,-49, ,
-4, ,-50, ,
-2, ,-50, ,
-1, ,-49, ,
-1, ,-50, ,
1, ,-49, ,
-1, ,-49, ,
-4, ,-50, ,
0, ,-50, ,
-1, ,-49, ,
-2, ,-50, ,
-5, ,-50, ,
1, ,-49, ,
0, ,-50, ,
-2, ,-50, ,
0, ,-49, ,
0, ,-50, ,
-1, ,-49, ,
-1, ,-49, ,
-5, ,-50, ,
0, ,-49, ,
-1, ,-49, ,
-4, ,-50, ,
-5, ,-49, ,
0, ,-49, ,
0, ,-50, ,
-2, ,-49, ,
-2, ,-48, ,
-1, ,-50, ,
0, ,-49, ,
3, ,-49, ,
3, ,-50, ,
5, ,-50, ,
5, ,-49, ,
0, ,-50, ,
-4, ,-50, ,
1, ,-49, ,
-2, ,-50, ,
-4, ,-50, ,
-6, ,-49, ,
0, ,-50, ,
-1, ,-50, ,
0, ,-50, ,
-1, ,-49, ,
0, ,-50, ,
3, ,-49, ,
-1, ,-51, ,
-5, ,-49, ,
1, ,-50, ,
1, ,-50, ,
4, ,-50, ,
1, ,-49, ,
4, ,-50, ,
5, ,-50, ,
0, ,-49, ,
-2, ,-50, ,
-1, ,-49, ,
-4, ,-49, ,
-2, ,-51, ,
-6, ,-50, ,
-1, ,-49, ,
-1, ,-50, ,
-2, ,-49, ,
-1, ,-49, ,
0, ,-49, ,
1, ,-49, ,
-1, ,-50, ,
-5, ,-49, ,
0, ,-50, ,
3, ,-49, ,
0, ,-50, ,
-5, ,-49, ,
0, ,-49, ,
-2, ,-50, ,
-1, ,-50, ,
-2, ,-49, ,
3, ,-50, ,
4, ,-49, ,
4, ,-49, ,
1, ,-49, ,
5, ,-49, ,
3, ,-49, ,
1, ,-50, ,
-2, ,-49, ,
3, ,-49, ,
1, ,-50, ,
-1, ,-50, ,
-2, ,-48, ,
1, ,-50, ,
3, ,-49, ,
6, ,-49, ,
0, ,-50, ,
1, ,-49, ,
4, ,-48, ,
-1, ,-50, ,
-1, ,-49, ,
4, ,-49, ,
3, ,-50, ,
4, ,-50, ,
1, ,-49, ,
1, ,-50, ,
4, ,-49, ,
1, ,-50, ,
-2, ,-50, ,
4, ,-50, ,
5, ,-49, ,
1, ,-50, ,
1, ,-50, ,
5, ,-49, ,
4, ,-50, ,
1, ,-50, ,
1, ,-49, ,
1, ,-50, ,
3, ,-49, ,
5, ,-50, ,
1, ,-50, ,
5, ,-49, ,
6, ,-48, ,
3, ,-50, ,
0, ,-49, ,
4, ,-49, ,
1, ,-50, ,
3, ,-50, ,
3, ,-49, ,
3, ,-50, ,
4, ,-49, ,
1, ,-49, ,
-1, ,-49, ,
5, ,-50, ,
4, ,-49, ,
4, ,-50, ,
3, ,-49, ,
6, ,-49, ,
5, ,-50, ,
3, ,-50, ,
5, ,-49, ,
3, ,-50, ,
1, ,-49, ,
1, ,-49, ,
1, ,-49, ,
3, ,-49, ,
1, ,-49, ,
-1, ,-50, ,
-1, ,-49, ,
5, ,-49, ,
4, ,-50, ,
4, ,-50, ,
-1, ,-48, ,
1, ,-50, ,
3, ,-49, ,
5, ,-49, ,
-1, ,-49, ,
3, ,-50, ,
4, ,-48, ,
1, ,-50, ,
0, ,-50, ,
4, ,-49, ,
1, ,-50, ,
3, ,-50, ,
1, ,-49, ,
3, ,-50, ,
4, ,-49, ,
1, ,-49, ,
-2, ,-49, ,
3, ,-50, ,
8, ,-49, ,
5, ,-50, ,
0, ,-49, ,
8, ,-49, ,
4, ,-50, ,
3, ,-49, ,
3, ,-49, ,
5, ,-50, ,
5, ,-49, ,
3, ,-49, ,
0, ,-49, ,
4, ,-49, ,
3, ,-49, ,
4, ,-50, ,
3, ,-49, ,
8, ,-49, ,
6, ,-50, ,
6, ,-49, ,
3, ,-48, ,
5, ,-50, ,
5, ,-49, ,
4, ,-50, ,
1, ,-49, ,
3, ,-50, ,
6, ,-49, ,
6, ,-50, ,
5, ,-49, ,
6, ,-49, ,
5, ,-50, ,
5, ,-50, ,
4, ,-48, ,
3, ,-50, ,
3, ,-50, ,
4, ,-49, ,
-2, ,-49, ,
1, ,-50, ,
4, ,-49, ,
3, ,-50, ,
-2, ,-50, ,
0, ,-49, ,
0, ,-50, ,
1, ,-50, ,
-1, ,-49, ,
1, ,-50, ,
3, ,-49, ,
1, ,-49, ,
-4, ,-49, ,
0, ,-50, ,
-1, ,-49, ,
-2, ,-50, ,
-4, ,-49, ,
1, ,-49, ,
0, ,-50, ,
1, ,-50, ,
-1, ,-49, ,
-1, ,-50, ,
1, ,-49, ,
0, ,-49, ,
-4, ,-50, ,
0, ,-50, ,
1, ,-48, ,
0, ,-50, ,
-2, ,-49, ,
3, ,-49, ,
3, ,-50, ,
1, ,-50, ,
-2, ,-48, ,
1, ,-50, ,
1, ,-49, ,
0, ,-49, ,
-4, ,-49, ,
-1, ,-50, ,
4, ,-49, ,
1, ,-50, ,
-4, ,-49, ,
1, ,-49, ,
-1, ,-50, ,
-1, ,-50, ,
-4, ,-48, ,
-2, ,-50, ,
1, ,-49, ,
-1, ,-49, ,
-2, ,-49, ,
0, ,-49, ,
0, ,-48, ,
-1, ,-50, ,
-5, ,-49, ,
3, ,-49, ,
-1, ,-50, ,
-2, ,-49, ,
1, ,-48, ,
1, ,-50, ,
1, ,-49, ,
3, ,-49, ,
-5, ,-49, ,
-1, ,-49, ,
0, ,-48, ,
-4, ,-50, ,
-6, ,-49, ,
-2, ,-49, ,
-1, ,-50, ,
-1, ,-50, ,
0, ,-49, ,
4, ,-50, ,
3, ,-49, ,
1, ,-49, ,
-2, ,-49, ,
1, ,-50, ,
1, ,-49, ,
0, ,-50, ,
0, ,-49, ,
0, ,-49, ,
0, ,-50, ,
-5, ,-49, ,
-7, ,-49, ,
-7, ,-50, ,
-6, ,-49, ,
-5, ,-50, ,
-5, ,-50, ,
-1, ,-50, ,
4, ,-49, ,
-1, ,-50, ,
-6, ,-49, ,
1, ,-49, ,
-1, ,-49, ,
-1, ,-50, ,
-2, ,-48, ,
0, ,-50, ,
3, ,-50, ,
1, ,-49, ,
-2, ,-50, ,
1, ,-49, ,
0, ,-49, ,
-4, ,-50, ,
-7, ,-49, ,
-1, ,-49, ,
-2, ,-50, ,
-1, ,-49, ,
-2, ,-49, ,
-1, ,-50, ,
1, ,-49, ,
-1, ,-49, ,
-6, ,-49, ,
1, ,-50, ,
-1, ,-49, ,
-4, ,-50, ,
-4, ,-49, ,
-1, ,-49, ,
0, ,-50, ,
-4, ,-50, ,
-5, ,-49, ,
-2, ,-50, ,
-1, ,-49, ,
-1, ,-49, ,
-6, ,-50, ,
-1, ,-49, ,
1, ,-49, ,
-1, ,-50, ,
-4, ,-49, ,
0, ,-48, ,
1, ,-50, ,
-1, ,-49, ,
-4, ,-48, ,
4, ,-50, ,
4, ,-49, ,
5, ,-49, ,
0, ,-49, ,
3, ,-49, ,
5, ,-49, ,
1, ,-50, ,
-4, ,-49, ,
1, ,-49, ,
-1, ,-49, ,
0, ,-50, ,
-1, ,-49, ,
4, ,-50, ,
5, ,-49, ,
3, ,-49, ,
1, ,-49, ,
4, ,-50, ,
-2, ,-49, ,
0, ,-50, ,
1, ,-49, ,
1, ,-49, ,
3, ,-50, ,
1, ,-49, ,
0, ,-48, ,
1, ,-50, ,
3, ,-49, ,
3, ,-49, ,
0, ,-49, ,
3, ,-50, ,
1, ,-49, ,
0, ,-50, ,
-4, ,-49, ,
3, ,-49, ,
0, ,-50, ,
0, ,-50, ,
-2, ,-49, ,
0, ,-50, ,
0, ,-49, ,
0, ,-50, ,
-2, ,-49, ,
3, ,-50, ,
3, ,-49, ,
3, ,-50, ,
-1, ,-49, ,
1, ,-49, ,
1, ,-50, ,
-2, ,-50, ,
-1, ,-48, ,
6, ,-50, ,
4, ,-49, ,
4, ,-49, ,
-1, ,-49, ,
1, ,-50, ,
1, ,-48, ,
-2, ,-50, ,
-5, ,-49, ,
1, ,-49, ,
0, ,-50, ,
1, ,-50, ,
3, ,-49, ,
4, ,-50, ,
4, ,-49, ,
4, ,-49, ,
-1, ,-49, ,
4, ,-50, ,
8, ,-49, ,
3, ,-50, ,
4, ,-50, ,
6, ,-49, ,
4, ,-50, ,
0, ,-50, ,
-2, ,-49, ,
0, ,-50, ,
0, ,-50, ,
3, ,-50, ,
-1, ,-50, ,
4, ,-50, ,
8, ,-49, ,
4, ,-50, ,
3, ,-49, ,
6, ,-49, ,
4, ,-50, ,
4, ,-50, ,
3, ,-49, ,
5, ,-49, ,
5, ,-49, ,
4, ,-49, ,
0, ,-50, ,
4, ,-49, ,
4, ,-49, ,
1, ,-50, ,
-5, ,-49, ,
4, ,-49, ,
5, ,-50, ,
3, ,-50, ,
1, ,-49, ,
1, ,-50, ,
3, ,-49, ,
3, ,-49, ,
-1, ,-49, ,
1, ,-50, ,
4, ,-49, ,
4, ,-50, ,
1, ,-49, ,
8, ,-50, ,
6, ,-50, ,
8, ,-50, ,
3, ,-49, ,
4, ,-50, ,
3, ,-49, ,
1, ,-49, ,
-2, ,-49, ,
3, ,-50, ,
3, ,-49, ,
1, ,-50, ,
-2, ,-50, ,
6, ,-49, ,
5, ,-50, ,
3, ,-50, ,
1, ,-48, ,
3, ,-50, ,
1, ,-49, ,
0, ,-49, ,
-4, ,-49, ,
1, ,-49, ,
5, ,-49, ,
0, ,-50, ,
0, ,-50, ,
4, ,-49, ,
-1, ,-50, ,
1, ,-50, ,
0, ,-49, ,
0, ,-50, ,
-1, ,-49, ,
0, ,-50, ,
-1, ,-49, ,
0, ,-50, ,
0, ,-49, ,
-1, ,-50, ,
-4, ,-49, ,
3, ,-49, ,
4, ,-50, ,
1, ,-49, ,
1, ,-48, ,
3, ,-50, ,
1, ,-50, ,
-2, ,-49, ,
-5, ,-50, ,
0, ,-49, ,
5, ,-49, ,
1, ,-50, ,
-1, ,-49, ,
6, ,-49, ,
4, ,-49, ,
1, ,-49, ,
1, ,-49, ,
4, ,-50, ,
4, ,-49, ,
1, ,-50, ,
-1, ,-50, ,
3, ,-50, ,
4, ,-49, ,
3, ,-51, ,
-1, ,-50, ,
6, ,-50, ,
3, ,-50, ,
3, ,-50, ,
3, ,-49, ,
3, ,-50, ,
-2, ,-49, ,
1, ,-49, ,
-1, ,-50, ,
0, ,-49, ,
0, ,-49, ,
-2, ,-51, ,
-5, ,-49, ,
0, ,-49, ,
-2, ,-50, ,
1, ,-50, ,
0, ,-49, ,
6, ,-50, ,
1, ,-50, ,
1, ,-50, ,
-1, ,-50, ,
1, ,-50, ,
4, ,-49, ,
-1, ,-51, ,
-2, ,-50, ,
1, ,-49, ,
0, ,-50, ,
-2, ,-50, ,
-4, ,-48, ,
-1, ,-50, ,
-4, ,-49, ,
-2, ,-49, ,
-9, ,-50, ,
-4, ,-49, ,
0, ,-49, ,
-1, ,-50, ,
-5, ,-50, ,
4, ,-50, ,
0, ,-50, ,
-1, ,-50, ,
-4, ,-49, ,
-2, ,-49, ,
1, ,-50, ,
-1, ,-49, ,
-4, ,-49, ,
1, ,-49, ,
1, ,-49, ,
-1, ,-50, ,
-6, ,-50, ,
1, ,-49, ,
0, ,-50, ,
-4, ,-50, ,
-2, ,-48, ,
0, ,-50, ,
3, ,-50, ,
5, ,-49, ,
0, ,-49, ,
3, ,-50, ,
4, ,-49, ,
-2, ,-50, ,
-6, ,-49, ,
0, ,-49, ,
0, ,-50, ,
3, ,-50, ,
-1, ,-49, ,
1, ,-50, ,
0, ,-49, ,
0, ,-49, ,
-5, ,-49, ,
0, ,-50, ,
-2, ,-49, ,
-1, ,-50, ,
-2, ,-50, ,
3, ,-49, ,
3, ,-50, ,
0, ,-50, ,
-4, ,-48, ,
3, ,-50, ,
1, ,-50, ,
-1, ,-49, ,
-1, ,-50, ,
4, ,-50, ,
5, ,-49, ,
3, ,-50, ,
0, ,-49, ,
1, ,-49, ,
-6, ,-50, ,
-5, ,-50, ,
-4, ,-49, ,
5, ,-50, ,
5, ,-49, ,
3, ,-49, ,
1, ,-50, ,
3, ,-50, ,
3, ,-49, ,
1, ,-50, ,
-4, ,-50, ,
0, ,-49, ,
0, ,-50, ,
1, ,-50, ,
1, ,-49, ,
1, ,-50, ,
4, ,-49, ,
3, ,-49, ,
-1, ,-50, ,
0, ,-49, ,
3, ,-49, ,
-1, ,-50, ,
-4, ,-49, ,
4, ,-49, ,
0, ,-50, ,
-1, ,-50, ,
-2, ,-49, ,
-2, ,-50, ,
-1, ,-49, ,
-2, ,-49, ,
-6, ,-50, ,
1, ,-50, ,
0, ,-49, ,
0, ,-50, ,
0, ,-50, ,
0, ,-49, ,
1, ,-50, ,
1, ,-50, ,
-1, ,-48, ,
0, ,-50, ,
-1, ,-49, ,
3, ,-49, ,
-1, ,-50, ,
4, ,-49, ,
1, ,-49, ,
-2, ,-50, ,
-6, ,-50, ,
0, ,-49, ,
-1, ,-50, ,
0, ,-50, ,
0, ,-49, ,
5, ,-50, ,
6, ,-50, ,
6, ,-50, ,
5, ,-50, ,
5, ,-50, ,
4, ,-49, ,
-1, ,-50, ,
-2, ,-50, ,
1, ,-49, ,
3, ,-50, ,
1, ,-50, ,
-1, ,-49, ,
4, ,-50, ,
1, ,-50, ,
-1, ,-49, ,
1, ,-50, ,
1, ,-49, ,
10, ,-49, ,
5, ,-50, ,
0, ,-45, ,
9, ,-37, ,
8, ,-26, ,
8, ,-17, ,
3, ,-9, ,
9, ,-1, ,
15, ,4, ,
5, ,10, ,
10, ,15, ,
10, ,18, ,
10, ,22, ,
10, ,26, ,
3, ,28, ,
4, ,30, ,
1, ,32, ,
1, ,34, ,
1, ,34, ,
3, ,36, ,
5, ,37, ,
1, ,37, ,
-6, ,39, ,
4, ,39, ,
8, ,39, ,
4, ,41, ,
4, ,40, ,
6, ,40, ,
4, ,41, ,
1, ,41, ,
-1, ,41, ,
1, ,44, ,
3, ,44, ,
5, ,42, ,
-1, ,44, ,
1, ,44, ,
1, ,42, ,
-1, ,44, ,
-6, ,42, ,
-2, ,44, ,
3, ,44, ,
1, ,44, ,
1, ,41, ,
3, ,44, ,
1, ,44, ,
4, ,42, ,
-1, ,44, ,
3, ,44, ,
5, ,42, ,
4, ,45, ,
1, ,44, ,
5, ,42, ,
3, ,44, ,
4, ,44, ,
-2, ,41, ,
0, ,44, ,
1, ,44, ,
-1, ,42, ,
-2, ,44, ,
3, ,44, ,
3, ,42, ,
4, ,44, ,
-2, ,42, ,
5, ,42, ,
-1, ,44, ,
1, ,44, ,
-1, ,41, ,
1, ,44, ,
0, ,44, ,
1, ,44, ,
-2, ,44, ,
3, ,44, ,
1, ,42, ,
1, ,44, ,
-5, ,42, ,
1, ,44, ,
1, ,44, ,
1, ,44, ,
1, ,42, ,
3, ,44, ,
1, ,44, ,
0, ,42, ,
-4, ,42, ,
-1, ,44, ,
0, ,41, ,
3, ,44, ,
4, ,42, ,
8, ,42, ,
6, ,42, ,
4, ,42, ,
1, ,41, ,
0, ,44, ,
0, ,44, ,
-1, ,42, ,
-6, ,42, ,
1, ,42, ,
3, ,41, ,
-2, ,44, ,
-2, ,42, ,
0, ,42, ,
-1, ,44, ,
1, ,44, ,
-2, ,41, ,
1, ,44, ,
3, ,42, ,
1, ,42, ,
-1, ,42, ,
1, ,44, ,
1, ,41, ,
-1, ,44, ,
-5, ,42, ,
1, ,42, ,
0, ,44, ,
1, ,44, ,
-2, ,41, ,
0, ,44, ,
-2, ,42, ,
-2, ,42, ,
-4, ,44, ,
-2, ,42, ,
0, ,41, ,
-1, ,44, ,
-4, ,42, ,
6, ,42, ,
1, ,44, ,
4, ,42, ,
1, ,41, ,
1, ,44, ,
0, ,42, ,
-1, ,42, ,
-9, ,42, ,
-5, ,42, ,
-7, ,41, ,
-7, ,44, ,
-11, ,42, ,
-5, ,42, ,
-7, ,42, ,
-7, ,44, ,
-7, ,41, ,
-7, ,44, ,
-9, ,42, ,
-4, ,42, ,
-6, ,44, ,
4, ,42, ,
13, ,41, ,
15, ,44, ,
13, ,42, ,
16, ,42, ,
10, ,44, ,
4, ,42, ,
-2, ,41, ,
-4, ,44, ,
-4, ,44, ,
-6, ,42, ,
-1, ,44, ,
1, ,42, ,
-4, ,41, ,
-1, ,44, ,
-6, ,42, ,
1, ,42, ,
1, ,42, ,
3, ,44, ,
0, ,41, ,
1, ,44, ,
0, ,42, ,
1, ,42, ,
-7, ,42, ,
-4, ,42, ,
-4, ,41, ,
-4, ,44, ,
-4, ,42, ,
0, ,42, ,
-1, ,44, ,
1, ,42, ,
-4, ,41, ,
-4, ,44, ,
-6, ,44, ,
-6, ,42, ,
-7, ,42, ,
-2, ,44, ,
0, ,41, ,
1, ,44, ,
0, ,42, ,
5, ,42, ,
5, ,42, ,
-1, ,44, ,
-1, ,41, ,
-2, ,44, ,
-5, ,42, ,
-1, ,42, ,
-5, ,42, ,
-4, ,42, ,
-1, ,41, ,
-1, ,44, ,
-6, ,42, ,
3, ,42, ,
0, ,44, ,
1, ,42, ,
0, ,41, ,
0, ,42, ,
3, ,42, ,
1, ,42, ,
-6, ,42, ,
-1, ,42, ,
-1, ,41, ,
-1, ,44, ,
-1, ,42, ,
1, ,42, ,
4, ,42, ,
1, ,44, ,
0, ,41, ,
-1, ,44, ,
0, ,42, ,
-1, ,42, ,
-2, ,44, ,
1, ,42, ,
5, ,41, ,
0, ,44, ,
-1, ,42, ,
1, ,42, ,
-1, ,42, ,
0, ,42, ,
0, ,41, ,
3, ,44, ,
6, ,42, ,
9, ,42, ,
5, ,42, ,
6, ,44, ,
8, ,41, ,
1, ,44, ,
-1, ,42, ,
4, ,42, ,
0, ,42, ,
0, ,42, ,
-2, ,41, ,
0, ,44, ,
1, ,42, ,
5, ,42, ,
1, ,42, ,
8, ,42, ,
9, ,41, ,
5, ,44, ,
1, ,42, ,
5, ,42, ,
3, ,42, ,
5, ,42, ,
3, ,41, ,
3, ,42, ,
4, ,44, ,
3, ,42, ,
1, ,42, ,
4, ,42, ,
5, ,41, ,
5, ,44, ,
-2, ,42, ,
4, ,42, ,
4, ,42, ,
3, ,42, ,
0, ,41, ,
4, ,44, ,
3, ,42, ,
6, ,42, ,
-1, ,42, ,
5, ,42, ,
6, ,41, ,
5, ,44, ,
1, ,42, ,
4, ,42, ,
-2, ,42, ,
0, ,42, ,
-4, ,41, ,
3, ,42, ,
4, ,42, ,
5, ,42, ,
-1, ,42, ,
5, ,42, ,
4, ,41, ,
1, ,44, ,
-1, ,42, ,
3, ,41, ,
4, ,42, ,
4, ,42, ,
3, ,41, ,
6, ,42, ,
6, ,44, ,
6, ,42, ,
1, ,44, ,
3, ,42, ,
4, ,41, ,
1, ,44, ,
-1, ,42, ,
3, ,42, ,
3, ,42, ,
3, ,42, ,
3, ,41, ,
1, ,42, ,
4, ,44, ,
6, ,42, ,
6, ,42, ,
9, ,42, ,
11, ,41, ,
9, ,44, ,
3, ,42, ,
8, ,42, ,
4, ,42, ,
4, ,44, ,
1, ,41, ,
1, ,44, ,
3, ,42, ,
6, ,42, ,
3, ,42, ,
3, ,42, ,
1, ,41, ,
0, ,44, ,
-2, ,42, ,
1, ,42, ,
3, ,44, ,
4, ,42, ,
1, ,41, ,
1, ,44, ,
4, ,42, ,
3, ,42, ,
-4, ,42, ,
3, ,42, ,
3, ,41, ,
4, ,44, ,
0, ,42, ,
4, ,42, ,
5, ,42, ,
1, ,42, ,
1, ,41, ,
3, ,44, ,
1, ,42, ,
4, ,42, ,
-2, ,42, ,
1, ,44, ,
4, ,41, ,
0, ,44, ,
-1, ,42, ,
4, ,42, ,
4, ,44, ,
6, ,42, ,
1, ,41, ,
6, ,44, ,
5, ,44, ,
6, ,42, ,
3, ,42, ,
4, ,42, ,
5, ,41, ,
5, ,44, ,
4, ,42, ,
5, ,42, ,
4, ,42, ,
3, ,42, ,
0, ,41, ,
3, ,44, ,
4, ,42, ,
5, ,42, ,
1, ,42, ,
4, ,42, ,
6, ,41, ,
1, ,44, ,
0, ,42, ,
8, ,42, ,
5, ,42, ,
5, ,42, ,
3, ,41, ,
6, ,44, ,
8, ,44, ,
5, ,42, ,
-1, ,42, ,
3, ,42, ,
1, ,41, ,
3, ,44, ,
-1, ,42, ,
6, ,42, ,
6, ,42, ,
6, ,42, ,
3, ,41, ,
4, ,44, ,
1, ,42, ,
3, ,42, ,
-4, ,42, ,
1, ,42, ,
5, ,41, ,
5, ,44, ,
3, ,42, ,
5, ,42, ,
3, ,42, ,
4, ,42, ,
-1, ,41, ,
-1, ,42, ,
1, ,42, ,
3, ,41, ,
-2, ,42, ,
0, ,44, ,
1, ,41, ,
0, ,44, ,
-1, ,42, ,
1, ,42, ,
4, ,42, ,
3, ,42, ,
3, ,41, ,
3, ,44, ,
0, ,42, ,
-1, ,42, ,
-9, ,42, ,
-5, ,42, ,
-2, ,41, ,
-6, ,44, ,
-5, ,42, ,
-1, ,42, ,
-5, ,42, ,
-1, ,42, ,
-6, ,41, ,
-4, ,44, ,
-4, ,42, ,
-1, ,42, ,
-7, ,42, ,
-4, ,42, ,
-1, ,41, ,
-4, ,44, ,
-5, ,42, ,
1, ,42, ,
-2, ,42, ,
-4, ,44, ,
-7, ,41, ,
-5, ,44, ,
-5, ,44, ,
-2, ,42, ,
-9, ,42, ,
-5, ,42, ,
-4, ,41, ,
-5, ,44, ,
-7, ,42, ,
-1, ,42, ,
-1, ,42, ,
-2, ,42, ,
-6, ,41, ,
-5, ,44, ,
-5, ,44, ,
-2, ,42, ,
-9, ,44, ,
-4, ,42, ,
-2, ,42, ,
-6, ,44, ,
-9, ,42, ,
-4, ,42, ,
-2, ,42, ,
-5, ,44, ,
-5, ,41, ,
-4, ,44, ,
-4, ,42, ,
-1, ,42, ,
-7, ,42, ,
-4, ,42, ,
-4, ,41, ,
-5, ,44, ,
-7, ,42, ,
-4, ,42, ,
-4, ,42, ,
-2, ,44, ,
-4, ,42, ,
-2, ,44, ,
-1, ,42, ,
-1, ,42, ,
-6, ,42, ,
-2, ,42, ,
3, ,42, ,
-2, ,44, ,
-7, ,42, ,
-2, ,42, ,
-6, ,42, ,
-7, ,44, ,
-11, ,41, ,
-10, ,44, ,
-6, ,42, ,
-2, ,41, ,
-7, ,44, ,
-4, ,42, ,
0, ,41, ,
-6, ,44, ,
-7, ,42, ,
-1, ,42, ,
-5, ,44, ,
-2, ,42, ,
-4, ,41, ,
-1, ,42, ,
1, ,44, ,
-1, ,42, ,
-7, ,42, ,
-2, ,44, ,
-1, ,41, ,
-1, ,44, ,
-6, ,42, ,
1, ,41, ,
1, ,42, ,
-1, ,42, ,
-6, ,41, ,
-5, ,44, ,
0, ,42, ,
3, ,41, ,
-1, ,42, ,
1, ,42, ,
3, ,41, ,
0, ,44, ,
-4, ,42, ,
0, ,42, ,
-1, ,42, ,
-1, ,42, ,
-7, ,41, ,
-5, ,44, ,
-5, ,42, ,
-1, ,42, ,
-4, ,42, ,
3, ,42, ,
5, ,41, ,
6, ,44, ,
-1, ,42, ,
0, ,42, ,
1, ,42, ,
4, ,42, ,
1, ,41, ,
5, ,44, ,
4, ,42, ,
5, ,42, ,
0, ,42, ,
0, ,42, ,
3, ,41, ,
0, ,44, ,
-2, ,42, ,
1, ,42, ,
-1, ,42, ,
1, ,42, ,
3, ,41, ,
9, ,44, ,
9, ,42, ,
8, ,42, ,
5, ,42, ,
6, ,42, ,
4, ,41, ,
5, ,44, ,
3, ,42, ,
6, ,42, ,
6, ,42, ,
3, ,42, ,
1, ,41, ,
3, ,44, ,
3, ,44, ,
4, ,42, ,
1, ,44, ,
6, ,42, ,
8, ,41, ,
5, ,44, ,
0, ,42, ,
8, ,42, ,
3, ,42, ,
3, ,42, ,
1, ,41, ,
4, ,44, ,
6, ,44, ,
6, ,42, ,
1, ,42, ,
6, ,42, ,
5, ,41, ,
5, ,44, ,
3, ,42, ,
4, ,42, ,
3, ,42, ,
5, ,42, ,
3, ,41, ,
3, ,44, ,
5, ,44, ,
5, ,42, ,
1, ,42, ,
5, ,42, ,
5, ,41, ,
3, ,44, ,
-1, ,42, ,
5, ,42, ,
6, ,42, ,
4, ,42, ,
4, ,41, ,
4, ,44, ,
5, ,44, ,
6, ,42, ,
0, ,42, ,
4, ,42, ,
8, ,41, ,
4, ,44, ,
3, ,42, ,
8, ,42, ,
3, ,42, ,
3, ,42, ,
0, ,41, ,
5, ,44, ,
3, ,44, ,
5, ,42, ,
0, ,42, ,
8, ,42, ,
9, ,41, ,
8, ,44, ,
6, ,42, ,
9, ,42, ,
4, ,42, ,
6, ,42, ,
1, ,41, ,
8, ,44, ,
1, ,42, ,
3, ,42, ,
6, ,42, ,
5, ,42, ,
4, ,41, ,
6, ,44, ,
1, ,42, ,
6, ,42, ,
5, ,42, ,
4, ,44, ,
5, ,41, ,
5, ,44, ,
5, ,42, ,
5, ,42, ,
-1, ,42, ,
4, ,42, ,
4, ,41, ,
3, ,44, ,
4, ,42, ,
6, ,42, ,
6, ,42, ,
5, ,42, ,
3, ,41, ,
3, ,44, ,
-2, ,44, ,
-1, ,42, ,
-6, ,42, ,
0, ,42, ,
1, ,41, ,
0, ,44, ,
-2, ,42, ,
9, ,41, ,
5, ,42, ,
3, ,42, ,
3, ,41, ,
3, ,44, ,
1, ,44, ,
4, ,41, ,
-1, ,42, ,
1, ,42, ,
3, ,41, ,
0, ,44, ,
-5, ,42, ,
0, ,42, ,
-2, ,42, ,
1, ,42, ,
-1, ,41, ,
4, ,44, ,
3, ,44, ,
3, ,42, ,
-2, ,42, ,
0, ,42, ,
1, ,41, ,
0, ,44, ,
-4, ,42, ,
4, ,42, ,
3, ,44, ,
0, ,42, ,
0, ,41, ,
0, ,42, ,
-4, ,42, ,
-2, ,42, ,
-7, ,42, ,
-4, ,42, ,
-1, ,41, ,
-1, ,44, ,
-4, ,42, ,
5, ,42, ,
3, ,42, ,
1, ,42, ,
-1, ,41, ,
-2, ,44, ,
0, ,42, ,
-1, ,42, ,
-5, ,42, ,
0, ,42, ,
-1, ,41, ,
-2, ,44, ,
-5, ,42, ,
0, ,42, ,
1, ,42, ,
-1, ,42, ,
-1, ,41, ,
-1, ,44, ,
-6, ,44, ,
0, ,42, ,
-4, ,44, ,
1, ,42, ,
0, ,41, ,
-5, ,44, ,
-9, ,42, ,
-2, ,42, ,
-1, ,42, ,
-1, ,42, ,
-2, ,41, ,
1, ,44, ,
-1, ,42, ,
0, ,42, ,
-9, ,42, ,
-4, ,42, ,
-2, ,41, ,
-2, ,44, ,
-4, ,42, ,
0, ,41, ,
-1, ,42, ,
-1, ,42, ,
-5, ,41, ,
-2, ,44, ,
-2, ,42, ,
-2, ,42, ,
-5, ,44, ,
-4, ,42, ,
3, ,41, ,
-1, ,44, ,
-5, ,42, ,
0, ,42, ,
-5, ,42, ,
-4, ,42, ,
-6, ,41, ,
-2, ,44, ,
0, ,44, ,
1, ,42, ,
-6, ,42, ,
0, ,42, ,
-2, ,41, ,
-2, ,44, ,
-5, ,42, ,
-4, ,42, ,
-2, ,42, ,
-2, ,42, ,
-4, ,41, ,
-1, ,44, ,
1, ,42, ,
1, ,42, ,
-4, ,42, ,
-1, ,42, ,
0, ,41, ,
1, ,44, ,
-2, ,42, ,
4, ,42, ,
0, ,42, ,
-2, ,42, ,
-5, ,41, ,
-4, ,44, ,
-4, ,42, ,
-2, ,42, ,
-4, ,42, ,
1, ,42, ,
3, ,41, ,
4, ,44, ,
0, ,42, ,
3, ,42, ,
3, ,42, ,
1, ,42, ,
0, ,41, ,
1, ,44, ,
0, ,42, ,
4, ,41, ,
-1, ,42, ,
0, ,42, ,
1, ,41, ,
-1, ,44, ,
-7, ,42, ,
-4, ,42, ,
-6, ,42, ,
-1, ,42, ,
0, ,41, ,
1, ,44, ,
4, ,42, ,
1, ,42, ,
0, ,42, ,
1, ,42, ,
1, ,41, ,
1, ,44, ,
-5, ,42, ,
4, ,40, ,
1, ,33, ,
-4, ,22, ,
-7, ,13, ,
-7, ,4, ,
-6, ,-3, ,
-4, ,-9, ,
-7, ,-16, ,
-1, ,-20, ,
-1, ,-25, ,
-1, ,-28, ,
-10, ,-31, ,
-4, ,-33, ,
-6, ,-36, ,
-2, ,-39, ,
-2, ,-40, ,
-1, ,-42, ,
3, ,-43, ,
-1, ,-44, ,
-5, ,-45, ,
1, ,-46, ,
4, ,-45, ,
5, ,-48, ,
-1, ,-47, ,
1, ,-47, ,
-1, ,-48, ,
-6, ,-49, ,
-4, ,-48, ,
4, ,-49, ,
4, ,-49, ,
5, ,-49, ,
0, ,-50, ,
3, ,-50, ,
4, ,-49, ,
-2, ,-51, ,
-4, ,-50, ,
5, ,-50, ,
4, ,-50, ,
4, ,-50, ,
3, ,-49, ,
4, ,-50, ,
5, ,-50, ,
3, ,-50, ,
0, ,-50, ,
5, ,-50, ,
5, ,-49, ,
1, ,-51, ,
-1, ,-50, ,
5, ,-50, ,
4, ,-50, ,
4, ,-50, ,
1, ,-49, ,
4, ,-51, ,
4, ,-50, ,
6, ,-50, ,
3, ,-50, ,
5, ,-50, ,
8, ,-49, ,
5, ,-51, ,
1, ,-50, ,
3, ,-50, ,
3, ,-50, ,
3, ,-50, ,
0, ,-49, ,
4, ,-51, ,
5, ,-50, ,
6, ,-50, ,
1, ,-50, ,
5, ,-50, ,
3, ,-49, ,
4, ,-51, ,
1, ,-50, ,
5, ,-50, ,
3, ,-50, ,
3, ,-50, ,
1, ,-49, ,
4, ,-50, ,
4, ,-50, ,
5, ,-50, ,
-1, ,-50, ,
6, ,-50, ,
9, ,-49, ,
4, ,-50, ,
-2, ,-50, ,
4, ,-50, ,
1, ,-50, ,
4, ,-50, ,
0, ,-49, ,
1, ,-50, ,
3, ,-50, ,
1, ,-50, ,
-6, ,-50, ,
0, ,-50, ,
3, ,-49, ,
1, ,-51, ,
4, ,-50, ,
1, ,-50, ,
5, ,-50, ,
-1, ,-50, ,
-1, ,-49, ,
4, ,-50, ,
0, ,-50, ,
6, ,-50, ,
-1, ,-50, ,
-2, ,-50, ,
4, ,-49, ,
-4, ,-51, ,
-1, ,-50, ,
4, ,-49, ,
0, ,-50, ,
3, ,-50, ,
0, ,-49, ,
3, ,-50, ,
3, ,-50, ,
3, ,-50, ,
1, ,-49, ,
5, ,-50, ,
6, ,-49, ,
3, ,-50, ,
3, ,-50, ,
5, ,-49, ,
4, ,-50, ,
1, ,-50, ,
-1, ,-49, ,
4, ,-50, ,
1, ,-49, ,
1, ,-49, ,
-2, ,-50, ,
0, ,-49, ,
1, ,-49, ,
-1, ,-50, ,
-4, ,-50, ,
6, ,-49, ,
4, ,-50, ,
4, ,-50, ,
1, ,-49, ,
1, ,-50, ,
1, ,-49, ,
-2, ,-49, ,
-7, ,-50, ,
-2, ,-50, ,
0, ,-49, ,
-1, ,-51, ,
-5, ,-49, ,
3, ,-49, ,
3, ,-50, ,
-1, ,-50, ,
-2, ,-48, ,
0, ,-50, ,
-1, ,-49, ,
3, ,-50, ,
-5, ,-50, ,
1, ,-50, ,
0, ,-49, ,
-2, ,-50, ,
-7, ,-49, ,
0, ,-49, ,
-1, ,-50, ,
-1, ,-50, ,
-2, ,-49, ,
0, ,-50, ,
1, ,-50, ,
-2, ,-49, ,
-6, ,-49, ,
-2, ,-50, ,
-2, ,-49, ,
-4, ,-51, ,
-6, ,-50, ,
3, ,-49, ,
3, ,-50, ,
1, ,-50, ,
0, ,-49, ,
0, ,-50, ,
0, ,-50, ,
-1, ,-49, ,
-6, ,-50, ,
-1, ,-49, ,
1, ,-49, ,
-2, ,-51, ,
-7, ,-49, ,
4, ,-49, ,
0, ,-50, ,
1, ,-50, ,
0, ,-49, ,
0, ,-50, ,
0, ,-50, ,
0, ,-49, ,
-4, ,-49, ,
1, ,-49, ,
3, ,-49, ,
-2, ,-51, ,
-5, ,-49, ,
3, ,-49, ,
0, ,-50, ,
-2, ,-50, ,
0, ,-48, ,
1, ,-50, ,
1, ,-49, ,
1, ,-49, ,
-2, ,-50, ,
3, ,-50, ,
1, ,-49, ,
-1, ,-50, ,
-4, ,-50, ,
0, ,-49, ,
0, ,-50, ,
-1, ,-50, ,
-1, ,-49, ,
-1, ,-50, ,
-1, ,-49, ,
-1, ,-50, ,
-7, ,-49, ,
-2, ,-50, ,
3, ,-49, ,
-4, ,-50, ,
1, ,-49, ,
6, ,-49, ,
4, ,-50, ,
4, ,-50, ,
1, ,-48, ,
1, ,-50, ,
0, ,-49, ,
0, ,-49, ,
-2, ,-50, ,
0, ,-50, ,
0, ,-49, ,
-1, ,-50, ,
-2, ,-50, ,
3, ,-49, ,
1, ,-50, ,
1, ,-50, ,
-4, ,-49, ,
-1, ,-50, ,
1, ,-50, ,
-1, ,-50, ,
-1, ,-49, ,
3, ,-49, ,
3, ,-49, ,
0, ,-50, ,
-7, ,-50, ,
-2, ,-49, ,
-1, ,-50, ,
-2, ,-49, ,
0, ,-49, ,
0, ,-50, ,
1, ,-50, ,
3, ,-49, ,
-2, ,-50, ,
0, ,-49, ,
0, ,-49, ,
-1, ,-50, ,
-1, ,-49, ,
5, ,-50, ,
3, ,-50, ,
3, ,-49, ,
-1, ,-49, ,
-4, ,-50, ,
-1, ,-50, ,
-4, ,-50, ,
-6, ,-49, ,
1, ,-50, ,
3, ,-49, ,
3, ,-50, ,
3, ,-50, ,
3, ,-49, ,
4, ,-49, ,
1, ,-50, ,
1, ,-48, ,
4, ,-50, ,
4, ,-49, ,
4, ,-49, ,
3, ,-50, ,
5, ,-49, ,
8, ,-49, ,
0, ,-50, ,
1, ,-50, ,
3, ,-49, ,
1, ,-50, ,
3, ,-50, ,
4, ,-49, ,
1, ,-49, ,
3, ,-49, ,
10, ,-50, ,
0, ,-49, ,
4, ,-50, ,
6, ,-49, ,
0, ,-50, ,
-1, ,-50, ,
4, ,-49, ,
3, ,-50, ,
1, ,-50, ,
0, ,-48, ,
3, ,-50, ,
3, ,-49, ,
4, ,-49, ,
1, ,-50, ,
5, ,-49, ,
5, ,-49, ,
3, ,-50, ,
-4, ,-49, ,
5, ,-50, ,
1, ,-50, ,
3, ,-50, ,
1, ,-49, ,
-1, ,-50, ,
4, ,-49, ,
1, ,-50, ,
-2, ,-49, ,
4, ,-50, ,
3, ,-49, ,
1, ,-50, ,
0, ,-49, ,
3, ,-49, ,
-1, ,-50, ,
-2, ,-50, ,
-6, ,-48, ,
0, ,-50, ,
1, ,-50, ,
3, ,-49, ,
3, ,-50, ,
5, ,-49, ,
10, ,-49, ,
4, ,-50, ,
0, ,-50, ,
4, ,-49, ,
-1, ,-50, ,
1, ,-50, ,
3, ,-49, ,
1, ,-50, ,
1, ,-49, ,
3, ,-49, ,
-1, ,-50, ,
5, ,-50, ,
5, ,-49, ,
3, ,-50, ,
1, ,-50, ,
5, ,-49, ,
5, ,-50, ,
4, ,-50, ,
1, ,-48, ,
6, ,-50, ,
4, ,-49, ,
4, ,-49, ,
-1, ,-50, ,
1, ,-49, ,
4, ,-49, ,
0, ,-50, ,
0, ,-49, ,
1, ,-49, ,
3, ,-50, ,
1, ,-50, ,
-2, ,-49, ,
1, ,-50, ,
3, ,-49, ,
3, ,-49, ,
1, ,-49, ,
5, ,-50, ,
6, ,-49, ,
5, ,-50, ,
0, ,-49, ,
6, ,-49, ,
1, ,-50, ,
0, ,-50, ,
-2, ,-48, ,
0, ,-50, ,
4, ,-49, ,
3, ,-49, ,
-1, ,-50, ,
1, ,-49, ,
3, ,-49, ,
3, ,-50, ,
-1, ,-49, ,
3, ,-49, ,
3, ,-50, ,
1, ,-49, ,
1, ,-49, ,
1, ,-50, ,
3, ,-50, ,
1, ,-49, ,
-6, ,-50, ,
3, ,-49, ,
1, ,-49, ,
1, ,-50, ,
-4, ,-50, ,
1, ,-49, ,
0, ,-50, ,
-1, ,-50, ,
-2, ,-48, ,
0, ,-50, ,
-4, ,-50, ,
-2, ,-50, ,
-7, ,-50, ,
-1, ,-50, ,
1, ,-49, ,
0, ,-50, ,
0, ,-49, ,
3, ,-49, ,
1, ,-50, ,
1, ,-50, ,
-4, ,-49, ,
0, ,-50, ,
-1, ,-49, ,
-1, ,-49, ,
-6, ,-50, ,
-1, ,-49, ,
-1, ,-49, ,
-2, ,-50, ,
-5, ,-50, ,
4, ,-49, ,
1, ,-50, ,
0, ,-50, ,
0, ,-48, ,
1, ,-50, ,
3, ,-49, ,
1, ,-50, ,
-4, ,-50, ,
0, ,-50, ,
0, ,-49, ,
-2, ,-50, ,
-7, ,-50, ,
1, ,-49, ,
1, ,-49, ,
1, ,-50, ,
1, ,-49, ,
0, ,-50, ,
4, ,-49, ,
1, ,-50, ,
-6, ,-50, ,
-2, ,-49, ,
-1, ,-49, ,
0, ,-50, ,
-2, ,-50, ,
4, ,-49, ,
4, ,-49, ,
-1, ,-50, ,
-1, ,-48, ,
-1, ,-50, ,
0, ,-49, ,
3, ,-50, ,
-1, ,-50, ,
5, ,-49, ,
4, ,-48, ,
1, ,-50, ,
-2, ,-49, ,
0, ,-49, ,
0, ,-50, ,
-5, ,-50, ,
-5, ,-49, ,
-1, ,-50, ,
-2, ,-49, ,
0, ,-49, ,
-9, ,-49, ,
-4, ,-50, ,
-4, ,-49, ,
-7, ,-50, ,
-6, ,-49, ,
0, ,-49, ,
3, ,-50, ,
4, ,-50, ,
1, ,-48, ,
3, ,-50, ,
0, ,-50, ,
-2, ,-49, ,
-7, ,-50, ,
-4, ,-49, ,
0, ,-49, ,
-2, ,-50, ,
-4, ,-50, ,
1, ,-49, ,
0, ,-50, ,
0, ,-50, ,
-2, ,-49, ,
1, ,-50, ,
1, ,-49, ,
0, ,-49, ,
-4, ,-50, ,
1, ,-50, ,
4, ,-48, ,
1, ,-50, ,
-2, ,-49, ,
1, ,-49, ,
0, ,-50, ,
-4, ,-50, ,
-4, ,-48, ,
-4, ,-50, ,
0, ,-50, ,
-1, ,-50, ,
-4, ,-50, ,
1, ,-49, ,
0, ,-49, ,
0, ,-50, ,
-2, ,-49, ,
4, ,-49, ,
3, ,-50, ,
1, ,-50, ,
1, ,-49, ,
4, ,-50, ,
4, ,-49, ,
1, ,-50, ,
-1, ,-50, ,
3, ,-50, ,
1, ,-49, ,
0, ,-50, ,
-1, ,-49, ,
3, ,-49, ,
0, ,-50, ,
0, ,-50, ,
0, ,-48, ,
3, ,-50, ,
-2, ,-49, ,
1, ,-49, ,
-1, ,-50, ,
5, ,-49, ,
3, ,-49, ,
1, ,-50, ,
0, ,-49, ,
5, ,-49, ,
3, ,-50, ,
5, ,-50, ,
-1, ,-49, ,
0, ,-50, ,
1, ,-49, ,
0, ,-50, ,
-4, ,-49, ,
3, ,-50, ,
4, ,-49, ,
1, ,-50, ,
-1, ,-50, ,
3, ,-49, ,
1, ,-50, ,
-1, ,-50, ,
-1, ,-48, ,
3, ,-50, ,
3, ,-49, ,
3, ,-49, ,
0, ,-50, ,
4, ,-50, ,
5, ,-49, ,
0, ,-50, ,
-2, ,-50, ,
1, ,-50, ,
0, ,-49, ,
1, ,-50, ,
3, ,-49, ,
1, ,-50, ,
3, ,-49, ,
3, ,-49, ,
-2, ,-49, ,
1, ,-49, ,
3, ,-49, ,
1, ,-50, ,
0, ,-49, ,
5, ,-49, ,
3, ,-50, ,
0, ,-50, ,
1, ,-48, ,
0, ,-50, ,
0, ,-49, ,
5, ,-49, ,
-1, ,-50, ,
5, ,-50, ,
10, ,-49, ,
4, ,-50, ,
1, ,-49, ,
6, ,-49, ,
3, ,-50, ,
1, ,-49, ,
0, ,-49, ,
3, ,-50, ,
1, ,-49, ,
3, ,-50, ,
3, ,-50, ,
8, ,-49, ,
6, ,-49, ,
3, ,-50, ,
4, ,-50, ,
6, ,-49, ,
6, ,-50, ,
4, ,-49, ,
3, ,-48, ,
9, ,-50, ,
4, ,-49, ,
8, ,-50, ,
4, ,-50, ,
6, ,-49, ,
8, ,-49, ,
4, ,-50, ,
1, ,-50, ,
4, ,-49, ,
1, ,-50, ,
1, ,-50, ,
-1, ,-49, ,
3, ,-50, ,
5, ,-49, ,
4, ,-50, ,
3, ,-49, ,
5, ,-50, ,
4, ,-49, ,
4, ,-50, ,
3, ,-50, ,
3, ,-50, ,
3, ,-50, ,
1, ,-50, ,
-2, ,-48, ,
3, ,-50, ,
4, ,-49, ,
3, ,-49, ,
-1, ,-50, ,
4, ,-49, ,
4, ,-49, ,
3, ,-50, ,
-2, ,-49, ,
4, ,-49, ,
0, ,-49, ,
0, ,-50, ,
-2, ,-49, ,
3, ,-50, ,
4, ,-49, ,
6, ,-50, ,
1, ,-50, ,
3, ,-50, ,
4, ,-49, ,
1, ,-50, ,
-1, ,-50, ,
1, ,-49, ,
1, ,-50, ,
-1, ,-50, ,
1, ,-48, ,
1, ,-50, ,
0, ,-49, ,
4, ,-49, ,
-2, ,-50, ,
6, ,-49, ,
6, ,-49, ,
4, ,-50, ,
4, ,-50, ,
4, ,-49, ,
6, ,-49, ,
4, ,-49, ,
0, ,-49, ,
3, ,-50, ,
1, ,-50, ,
0, ,-49, ,
-6, ,-50, ,
3, ,-49, ,
5, ,-49, ,
3, ,-50, ,
3, ,-50, ,
3, ,-49, ,
5, ,-50, ,
3, ,-50, ,
1, ,-48, ,
4, ,-50, ,
3, ,-50, ,
5, ,-50, ,
0, ,-50, ,
3, ,-50, ,
4, ,-49, ,
-1, ,-50, ,
-2, ,-49, ,
0, ,-49, ,
1, ,-50, ,
3, ,-50, ,
0, ,-49, ,
1, ,-50, ,
3, ,-49, ,
1, ,-49, ,
-4, ,-50, ,
0, ,-49, ,
-1, ,-49, ,
-5, ,-50, ,
-4, ,-50, ,
4, ,-49, ,
4, ,-50, ,
1, ,-49, ,
0, ,-48, ,
1, ,-50, ,
-1, ,-49, ,
-1, ,-49, ,
-6, ,-50, ,
-1, ,-49, ,
1, ,-49, ,
1, ,-50, ,
3, ,-50, ,
5, ,-49, ,
3, ,-50, ,
0, ,-50, ,
-1, ,-49, ,
-1, ,-50, ,
0, ,-49, ,
0, ,-49, ,
-6, ,-50, ,
0, ,-50, ,
0, ,-48, ,
-5, ,-50, ,
-1, ,-49, ,
-2, ,-49, ,
0, ,-50, ,
-1, ,-49, ,
0, ,-49, ,
3, ,-50, ,
1, ,-50, ,
1, ,-49, ,
-5, ,-50, ,
-4, ,-49, ,
-1, ,-49, ,
-6, ,-50, ,
-6, ,-50, ,
1, ,-49, ,
1, ,-50, ,
3, ,-50, ,
1, ,-49, ,
3, ,-50, ,
4, ,-50, ,
-1, ,-49, ,
-4, ,-50, ,
0, ,-49, ,
0, ,-49, ,
0, ,-50, ,
0, ,-50, ,
5, ,-49, ,
3, ,-50, ,
-1, ,-50, ,
-4, ,-48, ,
-1, ,-50, ,
-2, ,-49, ,
-1, ,-49, ,
-6, ,-50, ,
-2, ,-49, ,
-2, ,-50, ,
-4, ,-50, ,
-9, ,-49, ,
1, ,-50, ,
0, ,-50, ,
0, ,-50, ,
4, ,-49, ,
0, ,-50, ,
6, ,-49, ,
5, ,-49, ,
-6, ,-50, ,
3, ,-50, ,
1, ,-49, ,
-4, ,-50, ,
-6, ,-50, ,
-2, ,-49, ,
-2, ,-50, ,
-2, ,-50, ,
-2, ,-48, ,
-1, ,-50, ,
1, ,-49, ,
3, ,-50, ,
-4, ,-50, ,
1, ,-49, ,
3, ,-49, ,
3, ,-50, ,
0, ,-50, ,
5, ,-49, ,
4, ,-50, ,
3, ,-50, ,
-1, ,-49, ,
1, ,-50, ,
3, ,-49, ,
0, ,-49, ,
-6, ,-49, ,
-1, ,-49, ,
-2, ,-49, ,
-1, ,-50, ,
0, ,-49, ,
0, ,-49, ,
-1, ,-50, ,
0, ,-50, ,
-5, ,-48, ,
-1, ,-50, ,
-2, ,-49, ,
-1, ,-49, ,
-2, ,-50, ,
3, ,-49, ,
8, ,-49, ,
3, ,-50, ,
-4, ,-49, ,
0, ,-50, ,
-1, ,-48, ,
-4, ,-42, ,
1, ,-32, ,
10, ,-22, ,
8, ,-13, ,
13, ,-5, ,
6, ,2, ,
5, ,8, ,
5, ,13, ,
5, ,16, ,
4, ,20, ,
13, ,23, ,
9, ,27, ,
5, ,29, ,
1, ,30, ,
5, ,33, ,
4, ,34, ,
5, ,35, ,
0, ,37, ,
4, ,37, ,
6, ,37, ,
5, ,40, ,
3, ,39, ,
3, ,40, ,
0, ,40, ,
0, ,41, ,
0, ,40, ,
1, ,42, ,
1, ,41, ,
1, ,41, ,
0, ,42, ,
3, ,42, ,
4, ,41, ,
4, ,44, ,
0, ,42, ,
5, ,42, ,
4, ,44, ,
3, ,44, ,
-1, ,41, ,
3, ,44, ,
1, ,44, ,
3, ,42, ,
-2, ,44, ,
1, ,44, ,
4, ,41, ,
0, ,45, ,
-2, ,42, ,
0, ,44, ,
0, ,44, ,
0, ,44, ,
-2, ,42, ,
3, ,44, ,
4, ,44, ,
5, ,42, ,
3, ,44, ,
3, ,44, ,
5, ,41, ,
3, ,44, ,
-1, ,42, ,
4, ,42, ,
1, ,44, ,
0, ,44, ,
-1, ,41, ,
1, ,44, ,
0, ,44, ,
3, ,42, ,
-1, ,44, ,
0, ,42, ,
3, ,42, ,
3, ,44, ,
-4, ,42, ,
1, ,42, ,
1, ,44, ,
1, ,42, ,
1, ,41, ,
1, ,44, ,
4, ,44, ,
4, ,42, ,
-1, ,44, ,
5, ,42, ,
5, ,41, ,
4, ,44, ,
-2, ,42, ,
0, ,42, ,
0, ,44, ,
-2, ,44, ,
-4, ,41, ,
3, ,44, ,
4, ,44, ,
8, ,42, ,
3, ,44, ,
8, ,42, ,
8, ,41, ,
5, ,44, ,
1, ,42, ,
5, ,42, ,
5, ,44, ,
4, ,42, ,
0, ,41, ,
1, ,44, ,
3, ,44, ,
3, ,42, ,
-4, ,42, ,
1, ,42, ,
3, ,42, ,
1, ,44, ,
1, ,42, ,
5, ,42, ,
1, ,42, ,
5, ,42, ,
-4, ,41, ,
-1, ,44, ,
1, ,44, ,
5, ,42, ,
4, ,42, ,
5, ,42, ,
8, ,42, ,
1, ,44, ,
-7, ,42, ,
-1, ,42, ,
4, ,44, ,
3, ,42, ,
0, ,41, ,
1, ,44, ,
3, ,44, ,
1, ,42, ,
-4, ,42, ,
1, ,42, ,
1, ,42, ,
0, ,44, ,
-2, ,42, ,
1, ,42, ,
0, ,42, ,
-1, ,42, ,
-1, ,41, ,
0, ,44, ,
4, ,42, ,
3, ,42, ,
-4, ,44, ,
3, ,42, ,
5, ,41, ,
0, ,44, ,
-2, ,42, ,
5, ,42, ,
5, ,42, ,
1, ,44, ,
0, ,41, ,
3, ,44, ,
3, ,42, ,
1, ,42, ,
-2, ,42, ,
1, ,42, ,
3, ,41, ,
5, ,44, ,
1, ,42, ,
10, ,42, ,
6, ,42, ,
4, ,42, ,
1, ,41, ,
1, ,44, ,
-1, ,42, ,
3, ,42, ,
-1, ,44, ,
1, ,42, ,
3, ,41, ,
-1, ,44, ,
-4, ,42, ,
1, ,42, ,
-2, ,42, ,
1, ,44, ,
0, ,41, ,
4, ,44, ,
3, ,42, ,
6, ,42, ,
-1, ,42, ,
0, ,42, ,
1, ,41, ,
0, ,44, ,
-4, ,42, ,
3, ,42, ,
4, ,42, ,
4, ,42, ,
1, ,41, ,
3, ,44, ,
1, ,44, ,
-1, ,42, ,
-6, ,42, ,
-2, ,42, ,
0, ,41, ,
-1, ,44, ,
-1, ,42, ,
-1, ,42, ,
4, ,42, ,
9, ,42, ,
0, ,41, ,
4, ,44, ,
4, ,44, ,
0, ,42, ,
-5, ,42, ,
3, ,42, ,
1, ,41, ,
3, ,44, ,
-1, ,42, ,
-4, ,41, ,
0, ,42, ,
-4, ,42, ,
-5, ,41, ,
-1, ,44, ,
0, ,42, ,
1, ,42, ,
-4, ,42, ,
1, ,42, ,
0, ,41, ,
-2, ,44, ,
-2, ,42, ,
1, ,42, ,
4, ,42, ,
3, ,42, ,
3, ,41, ,
3, ,44, ,
3, ,42, ,
1, ,42, ,
-6, ,42, ,
-4, ,42, ,
0, ,41, ,
0, ,44, ,
-2, ,42, ,
5, ,42, ,
4, ,42, ,
1, ,44, ,
-1, ,41, ,
0, ,44, ,
0, ,42, ,
1, ,41, ,
-1, ,42, ,
-1, ,42, ,
1, ,41, ,
-1, ,44, ,
-5, ,42, ,
3, ,42, ,
1, ,42, ,
3, ,42, ,
1, ,41, ,
1, ,44, ,
3, ,42, ,
3, ,42, ,
0, ,44, ,
3, ,42, ,
1, ,41, ,
3, ,44, ,
-4, ,42, ,
5, ,42, ,
4, ,44, ,
3, ,42, ,
1, ,41, ,
3, ,44, ,
3, ,42, ,
5, ,42, ,
-1, ,42, ,
3, ,42, ,
4, ,41, ,
1, ,44, ,
-2, ,42, ,
0, ,42, ,
-2, ,42, ,
-1, ,42, ,
0, ,41, ,
-1, ,44, ,
-1, ,42, ,
0, ,42, ,
-4, ,42, ,
1, ,42, ,
1, ,41, ,
4, ,44, ,
0, ,42, ,
4, ,42, ,
0, ,42, ,
-1, ,42, ,
-2, ,40, ,
-1, ,44, ,
-1, ,42, ,
3, ,42, ,
-4, ,42, ,
0, ,42, ,
3, ,41, ,
1, ,44, ,
-4, ,42, ,
1, ,42, ,
-4, ,42, ,
0, ,42, ,
-4, ,41, ,
0, ,44, ,
1, ,42, ,
4, ,42, ,
1, ,42, ,
5, ,42, ,
5, ,41, ,
3, ,44, ,
-4, ,42, ,
3, ,42, ,
5, ,42, ,
3, ,42, ,
-1, ,41, ,
1, ,44, ,
1, ,44, ,
3, ,42, ,
-2, ,42, ,
4, ,42, ,
4, ,41, ,
1, ,44, ,
1, ,42, ,
5, ,42, ,
3, ,42, ,
1, ,42, ,
-2, ,41, ,
-1, ,42, ,
4, ,42, ,
5, ,42, ,
0, ,42, ,
8, ,42, ,
6, ,41, ,
5, ,44, ,
-5, ,42, ,
-1, ,42, ,
-1, ,42, ,
-1, ,44, ,
-4, ,41, ,
1, ,44, ,
-1, ,44, ,
4, ,42, ,
1, ,42, ,
4, ,42, ,
6, ,41, ,
5, ,44, ,
1, ,42, ,
3, ,42, ,
1, ,42, ,
1, ,42, ,
-1, ,41, ,
0, ,44, ,
0, ,42, ,
1, ,42, ,
-4, ,42, ,
0, ,42, ,
3, ,41, ,
0, ,44, ,
-4, ,42, ,
-1, ,42, ,
-1, ,42, ,
0, ,42, ,
-4, ,41, ,
1, ,44, ,
0, ,42, ,
3, ,42, ,
-2, ,42, ,
0, ,42, ,
4, ,41, ,
1, ,44, ,
0, ,42, ,
4, ,42, ,
1, ,42, ,
1, ,42, ,
-1, ,41, ,
-1, ,44, ,
3, ,44, ,
3, ,42, ,
0, ,42, ,
4, ,42, ,
5, ,41, ,
3, ,44, ,
-4, ,42, ,
1, ,42, ,
0, ,42, ,
0, ,42, ,
-2, ,41, ,
1, ,42, ,
3, ,44, ,
5, ,42, ,
-1, ,42, ,
3, ,42, ,
5, ,41, ,
-1, ,44, ,
-4, ,42, ,
1, ,42, ,
0, ,42, ,
1, ,42, ,
0, ,41, ,
3, ,44, ,
4, ,42, ,
3, ,42, ,
-1, ,42, ,
4, ,42, ,
1, ,41, ,
4, ,44, ,
1, ,42, ,
1, ,42, ,
5, ,42, ,
4, ,42, ,
0, ,41, ,
3, ,44, ,
-2, ,44, ,
1, ,42, ,
-5, ,42, ,
1, ,42, ,
5, ,41, ,
3, ,44, ,
-2, ,42, ,
4, ,42, ,
-2, ,44, ,
-10, ,42, ,
-2, ,41, ,
5, ,44, ,
0, ,42, ,
5, ,42, ,
-1, ,42, ,
3, ,42, ,
5, ,41, ,
1, ,44, ,
-2, ,42, ,
1, ,42, ,
3, ,42, ,
0, ,44, ,
-1, ,41, ,
0, ,44, ,
-1, ,44, ,
0, ,42, ,
-6, ,42, ,
-2, ,42, ,
-4, ,41, ,
-4, ,44, ,
-7, ,42, ,
-4, ,42, ,
-5, ,42, ,
-4, ,42, ,
-2, ,41, ,
-7, ,44, ,
-2, ,42, ,
-6, ,42, ,
-15, ,42, ,
-5, ,42, ,
-5, ,41, ,
-5, ,44, ,
-2, ,42, ,
9, ,42, ,
11, ,42, ,
11, ,42, ,
11, ,41, ,
8, ,44, ,
5, ,44, ,
5, ,42, ,
-2, ,42, ,
-2, ,42, ,
-1, ,41, ,
-1, ,44, ,
-2, ,42, ,
-2, ,42, ,
-1, ,42, ,
0, ,42, ,
-1, ,41, ,
1, ,44, ,
-4, ,44, ,
-2, ,42, ,
-6, ,42, ,
-2, ,42, ,
1, ,41, ,
-1, ,44, ,
-6, ,42, ,
0, ,42, ,
1, ,42, ,
4, ,42, ,
3, ,40, ,
6, ,44, ,
4, ,42, ,
3, ,42, ,
-4, ,44, ,
-6, ,42, ,
-6, ,41, ,
-10, ,44, ,
-14, ,42, ,
-1, ,42, ,
-4, ,42, ,
5, ,42, ,
3, ,41, ,
4, ,44, ,
4, ,44, ,
3, ,42, ,
-6, ,42, ,
-2, ,44, ,
0, ,41, ,
-1, ,44, ,
-2, ,42, ,
0, ,42, ,
0, ,44, ,
-1, ,42, ,
-4, ,41, ,
-2, ,44, ,
-1, ,44, ,
3, ,42, ,
-4, ,42, ,
3, ,42, ,
0, ,41, ,
-2, ,44, ,
-7, ,42, ,
0, ,42, ,
-2, ,42, ,
-1, ,42, ,
1, ,41, ,
1, ,42, ,
3, ,44, ,
1, ,42, ,
-4, ,42, ,
-1, ,42, ,
0, ,41, ,
-1, ,44, ,
-4, ,42, ,
1, ,42, ,
4, ,42, ,
3, ,42, ,
0, ,40, ,
1, ,44, ,
0, ,42, ,
5, ,42, ,
-2, ,42, ,
1, ,42, ,
4, ,42, ,
3, ,44, ,
-1, ,42, ,
1, ,42, ,
1, ,42, ,
0, ,42, ,
-1, ,41, ,
-1, ,44, ,
1, ,42, ,
0, ,42, ,
-2, ,42, ,
3, ,42, ,
6, ,41, ,
1, ,44, ,
1, ,42, ,
5, ,42, ,
4, ,42, ,
4, ,42, ,
1, ,41, ,
5, ,44, ,
4, ,42, ,
3, ,42, ,
0, ,44, ,
3, ,42, ,
5, ,41, ,
3, ,44, ,
-1, ,44, ,
6, ,42, ,
5, ,42, ,
5, ,42, ,
4, ,41, ,
4, ,44, ,
5, ,44, ,
5, ,42, ,
3, ,42, ,
4, ,44, ,
6, ,41, ,
4, ,44, ,
-1, ,42, ,
3, ,41, ,
3, ,42, ,
-1, ,42, ,
-4, ,41, ,
1, ,44, ,
-2, ,42, ,
1, ,42, ,
-1, ,42, ,
4, ,42, ,
8, ,41, ,
4, ,44, ,
3, ,42, ,
6, ,42, ,
5, ,44, ,
3, ,42, ,
-1, ,41, ,
1, ,44, ,
3, ,44, ,
4, ,42, ,
0, ,42, ,
6, ,42, ,
6, ,41, ,
4, ,44, ,
0, ,42, ,
4, ,42, ,
3, ,44, ,
0, ,42, ,
0, ,40, ,
4, ,44, ,
4, ,42, ,
5, ,42, ,
3, ,42, ,
5, ,42, ,
8, ,41, ,
5, ,44, ,
0, ,42, ,
6, ,42, ,
4, ,42, ,
6, ,42, ,
4, ,41, ,
1, ,44, ,
4, ,42, ,
4, ,42, ,
-2, ,42, ,
6, ,42, ,
6, ,41, ,
6, ,44, ,
4, ,42, ,
6, ,42, ,
6, ,42, ,
1, ,42, ,
1, ,41, ,
4, ,44, ,
5, ,42, ,
9, ,42, ,
0, ,44, ,
8, ,42, ,
8, ,41, ,
6, ,44, ,
-1, ,42, ,
1, ,42, ,
3, ,42, ,
0, ,42, ,
1, ,41, ,
3, ,44, ,
3, ,44, ,
6, ,42, ,
1, ,42, ,
3, ,42, ,
4, ,41, ,
3, ,44, ,
-1, ,42, ,
3, ,42, ,
4, ,44, ,
1, ,44, ,
4, ,41, ,
5, ,44, ,
6, ,44, ,
6, ,41, ,
0, ,44, ,
5, ,42, ,
8, ,41, ,
4, ,44, ,
0, ,42, ,
4, ,42, ,
4, ,44, ,
4, ,42, ,
1, ,41, ,
4, ,44, ,
4, ,42, ,
3, ,42, ,
0, ,42, ,
8, ,42, ,
8, ,41, ,
8, ,44, ,
9, ,42, ,
8, ,42, ,
5, ,42, ,
3, ,44, ,
1, ,40, ,
1, ,44, ,
6, ,42, ,
3, ,42, ,
-2, ,44, ,
4, ,42, ,
6, ,42, ,
3, ,44, ,
-2, ,42, ,
5, ,42, ,
4, ,42, ,
4, ,42, ,
5, ,41, ,
6, ,44, ,
6, ,42, ,
8, ,42, ,
1, ,42, ,
4, ,42, ,
4, ,41, ,
3, ,44, ,
0, ,42, ,
6, ,42, ,
4, ,44, ,
3, ,42, ,
3, ,40, ,
4, ,44, ,
1, ,44, ,
4, ,42, ,
-5, ,44, ,
5, ,42, ,
5, ,41, ,
5, ,44, ,
-1, ,42, ,
8, ,42, ,
5, ,42, ,
3, ,44, ,
0, ,41, ,
0, ,44, ,
-1, ,44, ,
0, ,42, ,
-7, ,42, ,
-1, ,44, ,
1, ,41, ,
-1, ,44, ,
-7, ,42, ,
1, ,42, ,
0, ,42, ,
-1, ,44, ,
-1, ,41, ,
0, ,44, ,
0, ,42, ,
0, ,42, ,
-4, ,42, ,
-2, ,42, ,
-1, ,42, ,
-6, ,44, ,
-6, ,42, ,
-1, ,42, ,
-5, ,42, ,
0, ,42, ,
-1, ,41, ,
-2, ,44, ,
-1, ,44, ,
-7, ,42, ,
-11, ,42, ,
-6, ,42, ,
-9, ,41, ,
-6, ,44, ,
-7, ,42, ,
-1, ,42, ,
-5, ,42, ,
-5, ,44, ,
-5, ,41, ,
-4, ,44, ,
-5, ,44, ,
-5, ,42, ,
-12, ,44, ,
-6, ,42, ,
-6, ,41, ,
-6, ,44, ,
-7, ,42, ,
-5, ,42, ,
-2, ,42, ,
-5, ,42, ,
-9, ,41, ,
-6, ,44, ,
-2, ,42, ,
-1, ,41, ,
-9, ,42, ,
-4, ,42, ,
-2, ,41, ,
-6, ,44, ,
-10, ,42, ,
-2, ,42, ,
-1, ,42, ,
-1, ,42, ,
-2, ,41, ,
-2, ,44, ,
-4, ,44, ,
-2, ,41, ,
-10, ,42, ,
-5, ,42, ,
-2, ,41, ,
-5, ,44, ,
-6, ,42, ,
-2, ,41, ,
-4, ,42, ,
-4, ,42, ,
-6, ,41, ,
-5, ,44, ,
-2, ,44, ,
-5, ,42, ,
-6, ,42, ,
-4, ,42, ,
-1, ,41, ,
-4, ,44, ,
-10, ,42, ,
-2, ,42, ,
-2, ,42, ,
-1, ,42, ,
-1, ,36, ,
-4, ,30, ,
-6, ,18, ,
-7, ,9, ,
-15, ,1, ,
-11, ,-6, ,
-6, ,-12, ,
-5, ,-18, ,
-10, ,-22, ,
-5, ,-26, ,
-9, ,-29, ,
-7, ,-32, ,
-9, ,-35, ,
-2, ,-38, ,
-2, ,-39, ,
-1, ,-41, ,
-7, ,-42, ,
-4, ,-44, ,
-2, ,-44, ,
-4, ,-46, ,
-11, ,-46, ,
-5, ,-46, ,
-4, ,-47, ,
-5, ,-48, ,
-6, ,-47, ,
-4, ,-49, ,
-1, ,-48, ,
0, ,-49, ,
-7, ,-49, ,
-1, ,-49, ,
1, ,-49, ,
-1, ,-50, ,
-4, ,-50, ,
4, ,-50, ,
0, ,-50, ,
0, ,-50, ,
-5, ,-49, ,
-1, ,-51, ,
-2, ,-50, ,
1, ,-50, ,
-1, ,-50, ,
4, ,-50, ,
5, ,-49, ,
3, ,-51, ,
-1, ,-50, ,
5, ,-50, ,
3, ,-50, ,
1, ,-50, ,
-1, ,-49, ,
1, ,-50, ,
3, ,-50, ,
4, ,-50, ,
0, ,-51, ,
5, ,-50, ,
8, ,-49, ,
3, ,-51, ,
-4, ,-50, ,
5, ,-50, ,
1, ,-50, ,
4, ,-50, ,
3, ,-49, ,
3, ,-50, ,
5, ,-50, ,
4, ,-50, ,
-1, ,-50, ,
4, ,-50, ,
4, ,-49, ,
5, ,-51, ,
3, ,-50, ,
9, ,-50, ,
6, ,-50, ,
3, ,-50, ,
3, ,-49, ,
3, ,-51, ,
5, ,-50, ,
5, ,-50, ,
-1, ,-50, ,
6, ,-50, ,
6, ,-49, ,
3, ,-50, ,
4, ,-50, ,
9, ,-50, ,
-1, ,-50, ,
3, ,-50, ,
3, ,-49, ,
4, ,-50, ,
8, ,-50, ,
4, ,-50, ,
0, ,-50, ,
6, ,-50, ,
9, ,-49, ,
5, ,-51, ,
1, ,-49, ,
5, ,-50, ,
5, ,-50, ,
1, ,-50, ,
-1, ,-49, ,
3, ,-50, ,
4, ,-50, ,
6, ,-50, ,
1, ,-50, ,
1, ,-49, ,
5, ,-49, ,
4, ,-50, ,
-1, ,-49, ,
3, ,-49, ,
4, ,-50, ,
5, ,-50, ,
1, ,-49, ,
3, ,-50, ,
6, ,-50, ,
4, ,-50, ,
4, ,-49, ,
9, ,-50, ,
8, ,-49, ,
6, ,-50, ,
4, ,-50, ,
10, ,-49, ,
11, ,-50, ,
10, ,-49, ,
8, ,-48, ,
6, ,-50, ,
5, ,-49, ,
3, ,-49, ,
0, ,-50, ,
5, ,-49, ,
8, ,-49, ,
6, ,-50, ,
4, ,-49, ,
8, ,-50, ,
5, ,-50, ,
4, ,-50, ,
1, ,-49, ,
4, ,-50, ,
6, ,-50, ,
8, ,-50, ,
3, ,-49, ,
6, ,-50, ,
5, ,-49, ,
4, ,-50, ,
-2, ,-50, ,
1, ,-49, ,
3, ,-50, ,
0, ,-50, ,
1, ,-49, ,
5, ,-50, ,
4, ,-49, ,
6, ,-49, ,
0, ,-50, ,
5, ,-49, ,
5, ,-49, ,
3, ,-50, ,
4, ,-50, ,
8, ,-49, ,
6, ,-50, ,
6, ,-50, ,
0, ,-49, ,
-1, ,-50, ,
0, ,-49, ,
3, ,-49, ,
-2, ,-49, ,
0, ,-50, ,
1, ,-49, ,
0, ,-50, ,
-1, ,-50, ,
3, ,-49, ,
0, ,-50, ,
-2, ,-50, ,
-6, ,-48, ,
-1, ,-50, ,
-2, ,-49, ,
1, ,-49, ,
-1, ,-50, ,
4, ,-50, ,
6, ,-49, ,
3, ,-50, ,
-2, ,-49, ,
1, ,-49, ,
-2, ,-50, ,
3, ,-50, ,
0, ,-49, ,
0, ,-50, ,
3, ,-49, ,
-2, ,-49, ,
-7, ,-49, ,
0, ,-49, ,
0, ,-49, ,
0, ,-50, ,
-2, ,-49, ,
5, ,-49, ,
6, ,-50, ,
3, ,-50, ,
4, ,-48, ,
4, ,-50, ,
3, ,-49, ,
-1, ,-49, ,
-5, ,-50, ,
-2, ,-50, ,
0, ,-49, ,
-1, ,-50, ,
0, ,-49, ,
3, ,-49, ,
1, ,-50, ,
0, ,-50, ,
-2, ,-49, ,
0, ,-50, ,
-2, ,-50, ,
-1, ,-49, ,
-4, ,-50, ,
0, ,-50, ,
0, ,-49, ,
0, ,-50, ,
0, ,-49, ,
0, ,-49, ,
-2, ,-50, ,
-4, ,-50, ,
-2, ,-49, ,
3, ,-50, ,
3, ,-49, ,
3, ,-49, ,
-6, ,-49, ,
-4, ,-49, ,
1, ,-49, ,
-1, ,-50, ,
-5, ,-49, ,
1, ,-49, ,
-1, ,-49, ,
-2, ,-49, ,
0, ,-49, ,
-1, ,-50, ,
0, ,-49, ,
-4, ,-49, ,
-5, ,-49, ,
-5, ,-50, ,
-1, ,-49, ,
-5, ,-50, ,
-5, ,-50, ,
3, ,-49, ,
-2, ,-50, ,
-1, ,-50, ,
-1, ,-48, ,
-6, ,-50, ,
-5, ,-49, ,
-7, ,-49, ,
-11, ,-50, ,
-6, ,-49, ,
-4, ,-49, ,
-2, ,-50, ,
-5, ,-49, ,
0, ,-49, ,
-4, ,-50, ,
-2, ,-50, ,
-1, ,-49, ,
-2, ,-50, ,
1, ,-49, ,
-1, ,-50, ,
-6, ,-49, ,
0, ,-49, ,
-2, ,-49, ,
-5, ,-50, ,
-7, ,-50, ,
-4, ,-49, ,
0, ,-50, ,
-1, ,-49, ,
-1, ,-48, ,
1, ,-50, ,
0, ,-49, ,
3, ,-49, ,
-4, ,-50, ,
0, ,-50, ,
0, ,-49, ,
-1, ,-50, ,
-4, ,-49, ,
1, ,-49, ,
1, ,-50, ,
1, ,-50, ,
-1, ,-49, ,
1, ,-50, ,
0, ,-50, ,
0, ,-49, ,
-5, ,-49, ,
-4, ,-50, ,
0, ,-49, ,
0, ,-50, ,
0, ,-49, ,
1, ,-49, ,
3, ,-49, ,
-2, ,-50, ,
-11, ,-48, ,
1, ,-50, ,
4, ,-49, ,
0, ,-49, ,
3, ,-50, ,
5, ,-49, ,
5, ,-49, ,
-4, ,-50, ,
-4, ,-50, ,
0, ,-49, ,
-4, ,-50, ,
1, ,-50, ,
-4, ,-49, ,
-2, ,-50, ,
-1, ,-49, ,
-2, ,-49, ,
-5, ,-49, ,
3, ,-49, ,
4, ,-49, ,
3, ,-50, ,
-2, ,-50, ,
3, ,-49, ,
1, ,-50, ,
-2, ,-50, ,
-2, ,-48, ,
1, ,-50, ,
4, ,-49, ,
3, ,-49, ,
-5, ,-50, ,
1, ,-49, ,
1, ,-49, ,
-2, ,-50, ,
-2, ,-50, ,
3, ,-49, ,
0, ,-50, ,
0, ,-50, ,
-1, ,-49, ,
0, ,-50, ,
3, ,-49, ,
3, ,-49, ,
-4, ,-49, ,
4, ,-49, ,
5, ,-49, ,
3, ,-50, ,
3, ,-50, ,
5, ,-49, ,
4, ,-50, ,
0, ,-50, ,
-2, ,-48, ,
3, ,-50, ,
1, ,-49, ,
3, ,-49, ,
3, ,-50, ,
4, ,-49, ,
8, ,-49, ,
3, ,-50, ,
0, ,-49, ,
0, ,-49, ,
-6, ,-50, ,
-4, ,-49, ,
-2, ,-49, ,
3, ,-49, ,
4, ,-49, ,
6, ,-49, ,
4, ,-49, ,
6, ,-50, ,
6, ,-49, ,
4, ,-50, ,
0, ,-49, ,
8, ,-49, ,
6, ,-50, ,
6, ,-50, ,
6, ,-48, ,
3, ,-50, ,
6, ,-49, ,
4, ,-50, ,
3, ,-50, ,
4, ,-49, ,
6, ,-49, ,
4, ,-50, ,
3, ,-49, ,
5, ,-49, ,
1, ,-49, ,
-1, ,-50, ,
-2, ,-49, ,
-2, ,-50, ,
1, ,-49, ,
1, ,-49, ,
-2, ,-49, ,
3, ,-50, ,
3, ,-49, ,
1, ,-50, ,
-4, ,-49, ,
1, ,-49, ,
0, ,-50, ,
-2, ,-50, ,
-4, ,-48, ,
-1, ,-50, ,
1, ,-49, ,
4, ,-49, ,
0, ,-50, ,
6, ,-49, ,
9, ,-49, ,
5, ,-50, ,
3, ,-50, ,
9, ,-49, ,
8, ,-50, ,
9, ,-50, ,
5, ,-49, ,
6, ,-50, ,
5, ,-49, ,
4, ,-49, ,
-5, ,-49, ,
0, ,-49, ,
0, ,-49, ,
-1, ,-50, ,
-4, ,-50, ,
3, ,-49, ,
1, ,-50, ,
-1, ,-49, ,
-1, ,-48, ,
0, ,-50, ,
-1, ,-49, ,
-1, ,-49, ,
-4, ,-50, ,
0, ,-50, ,
1, ,-49, ,
3, ,-50, ,
0, ,-49, ,
5, ,-49, ,
-1, ,-49, ,
1, ,-49, ,
-2, ,-49, ,
-2, ,-50, ,
3, ,-49, ,
3, ,-49, ,
0, ,-49, ,
5, ,-50, ,
4, ,-49, ,
3, ,-50, ,
-1, ,-50, ,
4, ,-49, ,
4, ,-50, ,
3, ,-50, ,
4, ,-49, ,
5, ,-50, ,
5, ,-49, ,
4, ,-49, ,
-2, ,-50, ,
0, ,-49, ,
0, ,-49, ,
-1, ,-50, ,
-5, ,-49, ,
0, ,-49, ,
0, ,-49, ,
1, ,-49, ,
0, ,-49, ,
1, ,-50, ,
1, ,-49, ,
3, ,-49, ,
-6, ,-49, ,
0, ,-50, ,
-1, ,-48, ,
-2, ,-50, ,
-4, ,-49, ,
0, ,-49, ,
0, ,-50, ,
-1, ,-50, ,
-1, ,-48, ,
-2, ,-50, ,
-2, ,-49, ,
-1, ,-49, ,
-5, ,-50, ,
-4, ,-49, ,
0, ,-49, ,
-4, ,-50, ,
-7, ,-50, ,
-1, ,-49, ,
-6, ,-49, ,
-4, ,-50, ,
-6, ,-49, ,
-5, ,-50, ,
-2, ,-49, ,
-6, ,-49, ,
-7, ,-50, ,
-4, ,-50, ,
0, ,-48, ,
-2, ,-50, ,
-5, ,-49, ,
-2, ,-49, ,
0, ,-49, ,
0, ,-50, ,
-2, ,-48, ,
-4, ,-50, ,
-2, ,-49, ,
-2, ,-49, ,
-4, ,-50, ,
-2, ,-49, ,
1, ,-49, ,
0, ,-50, ,
4, ,-49, ,
6, ,-49, ,
6, ,-50, ,
5, ,-50, ,
4, ,-50, ,
3, ,-50, ,
4, ,-49, ,
5, ,-49, ,
0, ,-49, ,
3, ,-50, ,
3, ,-49, ,
1, ,-50, ,
-2, ,-49, ,
5, ,-49, ,
4, ,-50, ,
3, ,-50, ,
0, ,-48, ,
0, ,-50, ,
-1, ,-49, ,
3, ,-49, ,
-2, ,-49, ,
0, ,-49, ,
3, ,-49, ,
-6, ,-50, ,
-2, ,-49, ,
0, ,-49, ,
0, ,-50, ,
0, ,-50, ,
-4, ,-49, ,
-1, ,-50, ,
-2, ,-49, ,
-5, ,-50, ,
-9, ,-49, ,
-6, ,-49, ,
-6, ,-49, ,
-7, ,-50, ,
-10, ,-49, ,
-4, ,-49, ,
-5, ,-50, ,
-5, ,-49, ,
-4, ,-48, ,
-1, ,-50, ,
-2, ,-49, ,
-4, ,-49, ,
-12, ,-50, ,
-5, ,-49, ,
1, ,-49, ,
-5, ,-50, ,
-7, ,-49, ,
3, ,-49, ,
-5, ,-50, ,
-1, ,-50, ,
-5, ,-49, ,
-2, ,-50, ,
1, ,-49, ,
-2, ,-49, ,
-4, ,-49, ,
3, ,-50, ,
3, ,-49, ,
4, ,-50, ,
3, ,-49, ,
6, ,-49, ,
6, ,-50, ,
4, ,-50, ,
4, ,-48, ,
4, ,-50, ,
5, ,-49, ,
4, ,-49, ,
4, ,-50, ,
5, ,-49, ,
4, ,-49, ,
3, ,-50, ,
0, ,-49, ,
5, ,-49, ,
4, ,-50, ,
8, ,-50, ,
5, ,-49, ,
6, ,-50, ,
10, ,-49, ,
5, ,-50, ,
1, ,-49, ,
8, ,-49, ,
6, ,-49, ,
4, ,-50, ,
0, ,-50, ,
5, ,-49, ,
5, ,-50, ,
5, ,-49, ,
1, ,-49, ,
1, ,-50, ,
1, ,-50, ,
4, ,-49, ,
-1, ,-50, ,
3, ,-50, ,
4, ,-49, ,
1, ,-50, ,
-2, ,-50, ,
1, ,-49, ,
-2, ,-50, ,
-4, ,-49, ,
-6, ,-49, ,
-4, ,-50, ,
-2, ,-49, ,
0, ,-49, ,
-1, ,-49, ,
1, ,-50, ,
3, ,-49, ,
1, ,-50, ,
-5, ,-49, ,
0, ,-49, ,
0, ,-49, ,
0, ,-49, ,
-2, ,-48, ,
1, ,-50, ,
5, ,-49, ,
8, ,-49, ,
6, ,-50, ,
8, ,-49, ,
6, ,-49, ,
4, ,-50, ,
1, ,-49, ,
6, ,-49, ,
5, ,-50, ,
4, ,-50, ,
4, ,-49, ,
1, ,-50, ,
4, ,-49, ,
1, ,-49, ,
-1, ,-49, ,
1, ,-49, ,
4, ,-49, ,
3, ,-50, ,
0, ,-49, ,
4, ,-49, ,
1, ,-50, ,
-2, ,-50, ,
-2, ,-49, ,
-2, ,-50, ,
-2, ,-49, ,
1, ,-49, ,
-1, ,-50, ,
4, ,-49, ,
9, ,-49, ,
5, ,-50, ,
4, ,-49, ,
8, ,-49, ,
5, ,-50, ,
5, ,-50, ,
3, ,-49, ,
5, ,-50, ,
6, ,-49, ,
8, ,-49, ,
3, ,-49, ,
5, ,-50, ,
8, ,-49, ,
4, ,-50, ,
1, ,-50, ,
6, ,-49, ,
5, ,-50, ,
4, ,-50, ,
4, ,-48, ,
5, ,-50, ,
5, ,-49, ,
5, ,-49, ,
1, ,-50, ,
3, ,-50, ,
9, ,-49, ,
3, ,-50, ,
-1, ,-49, ,
5, ,-49, ,
0, ,-50, ,
4, ,-49, ,
1, ,-49, ,
-1, ,-49, ,
3, ,-49, ,
0, ,-50, ,
-1, ,-49, ,
3, ,-50, ,
4, ,-49, ,
5, ,-50, ,
5, ,-49, ,
10, ,-49, ,
8, ,-50, ,
5, ,-50, ,
3, ,-48, ,
4, ,-50, ,
1, ,-49, ,
0, ,-49, ,
-2, ,-49, ,
5, ,-50, ,
3, ,-49, ,
1, ,-50, ,
-6, ,-49, ,
-1, ,-49, ,
0, ,-50, ,
3, ,-50, ,
1, ,-49, ,
5, ,-50, ,
3, ,-49, ,
-1, ,-50, ,
-7, ,-50, ,
-2, ,-50, ,
-2, ,-49, ,
-4, ,-50, ,
-5, ,-49, ,
1, ,-49, ,
-1, ,-50, ,
-5, ,-50, ,
-9, ,-48, ,
-9, ,-50, ,
-7, ,-49, ,
-6, ,-49, ,
-7, ,-49, ,
-4, ,-49, ,
0, ,-49, ,
-5, ,-50, ,
-4, ,-49, ,
1, ,-49, ,
-2, ,-50, ,
3, ,-49, ,
4, ,-49, ,
4, ,-50, ,
5, ,-49, ,
6, ,-49, ,
5, ,-49, ,
5, ,-49, ,
6, ,-49, ,
4, ,-50, ,
3, ,-49, ,
8, ,-49, ,
4, ,-50, ,
3, ,-50, ,
3, ,-48, ,
3, ,-49, ,
4, ,-49, ,
5, ,-50, ,
1, ,-50, ,
3, ,-49, ,
1, ,-49, ,
0, ,-50, ,
-2, ,-50, ,
4, ,-49, ,
0, ,-50, ,
1, ,-50, ,
-2, ,-49, ,
-4, ,-50, ,
-2, ,-49, ,
-5, ,-50, ,
-10, ,-49, ,
-2, ,-50, ,
-4, ,-49, ,
-5, ,-51, ,
-5, ,-49, ,
0, ,-49, ,
-1, ,-50, ,
-2, ,-50, ,
-2, ,-48, ,
-1, ,-50, ,
-4, ,-49, ,
0, ,-49, ,
-5, ,-50, ,
0, ,-50, ,
0, ,-49, ,
-1, ,-50, ,
-4, ,-49, ,
1, ,-49, ,
0, ,-50, ,
-1, ,-50, ,
-2, ,-48, ,
-2, ,-50, ,
-2, ,-50, ,
-2, ,-49, ,
-7, ,-49, ,
-4, ,-50, ,
-4, ,-49, ,
-6, ,-50, ,
-7, ,-49, ,
-1, ,-49, ,
-1, ,-50, ,
-1, ,-50, ,
-4, ,-49, ,
-2, ,-50, ,
-1, ,-49, ,
-1, ,-49, ,
-7, ,-50, ,
-5, ,-50, ,
-1, ,-49, ,
-4, ,-50, ,
-7, ,-49, ,
-1, ,-49, ,
-2, ,-50, ,
1, ,-50, ,
-2, ,-49, ,
-6, ,-46, ,
0, ,-38, ,
3, ,-27, ,
-1, ,-18, ,
10, ,-9, ,
9, ,-2, ,
9, ,4, ,
4, ,10, ,
10, ,14, ,
9, ,18, ,
9, ,21, ,
8, ,25, ,
5, ,28, ,
6, ,30, ,
5, ,32, ,
-2, ,34, ,
1, ,35, ,
3, ,35, ,
4, ,37, ,
-4, ,38, ,
1, ,38, ,
1, ,39, ,
1, ,40, ,
0, ,39, ,
0, ,41, ,
1, ,41, ,
0, ,41, ,
-5, ,42, ,
-1, ,42, ,
-1, ,41, ,
-1, ,44, ,
-5, ,42, ,
-1, ,42, ,
1, ,44, ,
1, ,44, ,
-1, ,41, ,
4, ,44, ,
4, ,44, ,
4, ,42, ,
0, ,44, ,
3, ,44, ,
6, ,42, ,
6, ,45, ,
0, ,44, ,
9, ,42, ,
4, ,44, ,
4, ,44, ,
3, ,42, ,
1, ,44, ,
4, ,44, ,
8, ,42, ,
0, ,44, ,
1, ,44, ,
3, ,42, ,
0, ,45, ,
-4, ,42, ,
-2, ,42, ,
-1, ,44, ,
-1, ,44, ,
-5, ,41, ,
-5, ,44, ,
-5, ,44, ,
0, ,44, ,
-2, ,44, ,
1, ,44, ,
1, ,41, ,
1, ,44, ,
-5, ,42, ,
1, ,42, ,
-1, ,44, ,
-1, ,42, ,
-2, ,41, ,
0, ,44, ,
4, ,44, ,
5, ,44, ,
1, ,44, ,
6, ,42, ,
3, ,41, ,
4, ,44, ,
-1, ,42, ,
4, ,42, ,
3, ,44, ,
3, ,44, ,
4, ,41, ,
5, ,44, ,
4, ,44, ,
6, ,42, ,
1, ,44, ,
4, ,42, ,
8, ,42, ,
6, ,44, ,
5, ,42, ,
10, ,42, ,
4, ,44, ,
5, ,42, ,
0, ,41, ,
0, ,44, ,
0, ,42, ,
1, ,42, ,
-2, ,42, ,
1, ,42, ,
3, ,41, ,
3, ,44, ,
0, ,42, ,
4, ,42, ,
-2, ,42, ,
0, ,44, ,
-1, ,41, ,
1, ,44, ,
4, ,44, ,
9, ,42, ,
8, ,44, ,
8, ,44, ,
6, ,41, ,
4, ,44, ,
-1, ,42, ,
3, ,42, ,
4, ,44, ,
5, ,42, ,
3, ,41, ,
3, ,44, ,
3, ,44, ,
4, ,42, ,
1, ,44, ,
6, ,44, ,
6, ,41, ,
9, ,44, ,
3, ,42, ,
8, ,42, ,
5, ,44, ,
1, ,42, ,
-2, ,41, ,
-1, ,44, ,
-1, ,44, ,
1, ,42, ,
-4, ,44, ,
1, ,42, ,
3, ,41, ,
1, ,44, ,
-4, ,42, ,
3, ,42, ,
0, ,42, ,
1, ,42, ,
-1, ,41, ,
4, ,44, ,
4, ,42, ,
6, ,42, ,
0, ,42, ,
6, ,42, ,
8, ,41, ,
6, ,44, ,
4, ,42, ,
5, ,42, ,
6, ,42, ,
5, ,44, ,
5, ,41, ,
6, ,44, ,
4, ,42, ,
8, ,41, ,
1, ,42, ,
3, ,42, ,
8, ,41, ,
4, ,44, ,
1, ,42, ,
4, ,42, ,
3, ,42, ,
3, ,42, ,
0, ,41, ,
4, ,44, ,
3, ,42, ,
4, ,42, ,
-4, ,42, ,
-1, ,42, ,
1, ,41, ,
1, ,44, ,
-2, ,42, ,
3, ,42, ,
3, ,44, ,
3, ,42, ,
-2, ,41, ,
0, ,44, ,
0, ,42, ,
1, ,42, ,
0, ,42, ,
3, ,42, ,
3, ,41, ,
3, ,44, ,
-1, ,42, ,
4, ,41, ,
1, ,44, ,
3, ,44, ,
0, ,41, ,
0, ,44, ,
1, ,42, ,
1, ,42, ,
-1, ,42, ,
3, ,44, ,
0, ,41, ,
1, ,44, ,
-5, ,42, ,
-1, ,42, ,
0, ,42, ,
0, ,42, ,
-4, ,41, ,
0, ,44, ,
3, ,42, ,
-1, ,41, ,
-10, ,42, ,
-1, ,44, ,
0, ,41, ,
1, ,44, ,
-1, ,42, ,
3, ,42, ,
1, ,42, ,
1, ,42, ,
-2, ,41, ,
-2, ,44, ,
-2, ,44, ,
-4, ,42, ,
-7, ,42, ,
-2, ,42, ,
0, ,41, ,
-1, ,44, ,
-4, ,42, ,
1, ,42, ,
1, ,44, ,
1, ,44, ,
0, ,41, ,
6, ,44, ,
4, ,42, ,
6, ,42, ,
1, ,44, ,
1, ,42, ,
4, ,41, ,
1, ,44, ,
-4, ,42, ,
1, ,42, ,
3, ,44, ,
4, ,42, ,
0, ,41, ,
0, ,44, ,
1, ,42, ,
0, ,42, ,
-1, ,42, ,
3, ,42, ,
0, ,41, ,
0, ,44, ,
-5, ,42, ,
4, ,42, ,
3, ,42, ,
0, ,42, ,
1, ,41, ,
1, ,44, ,
0, ,44, ,
1, ,42, ,
-5, ,42, ,
-1, ,42, ,
1, ,41, ,
1, ,44, ,
-1, ,42, ,
3, ,42, ,
1, ,42, ,
5, ,42, ,
3, ,41, ,
3, ,44, ,
1, ,42, ,
1, ,42, ,
-4, ,42, ,
3, ,42, ,
1, ,42, ,
1, ,44, ,
-1, ,42, ,
4, ,42, ,
0, ,42, ,
0, ,44, ,
-2, ,41, ,
-2, ,42, ,
-2, ,42, ,
0, ,42, ,
-5, ,42, ,
-2, ,42, ,
1, ,42, ,
-4, ,44, ,
-6, ,42, ,
0, ,42, ,
-1, ,42, ,
1, ,42, ,
-1, ,41, ,
3, ,44, ,
3, ,44, ,
-1, ,42, ,
-4, ,44, ,
-4, ,42, ,
-4, ,41, ,
-2, ,44, ,
-5, ,42, ,
3, ,42, ,
0, ,42, ,
3, ,44, ,
0, ,41, ,
0, ,44, ,
-1, ,44, ,
1, ,41, ,
-2, ,42, ,
1, ,42, ,
4, ,41, ,
6, ,44, ,
-2, ,42, ,
4, ,42, ,
3, ,42, ,
3, ,42, ,
4, ,41, ,
1, ,44, ,
4, ,42, ,
4, ,42, ,
-7, ,42, ,
