Format,1.0B,
Memory Length,10000,Memory Length,10000,
IntpDistance,0,IntpDistance,0,
Trigger Address,4999,Trigger Address,4999,
Trigger Level,-1.000E+00,Trigger Level,-1.000E+00,
Source,CH1,Source,CH2,
Vertical Units,V,Vertical Units,V,
Vertical Units Div,0,Vertical Units Div,0,
Vertical Units Extend Div,16,Vertical Units Extend Div,16,
Label,,Label,,
Probe Type,0,Probe Type,0,
Probe Ratio,1.000e+01,Probe Ratio,1.000e+00,
Vertical Scale,2.000e-02,Vertical Scale,1.000e+00,
Vertical Position,-5.120e-02,Vertical Position,2.000e-01,
Horizontal Units,S,Horizontal Units,S,
Horizontal Scale,1.000E-05,Horizontal Scale,1.000E-05,
Horizontal Position,0.000E+00,Horizontal Position,0.000E+00,
Horizontal Mode,Main,Horizontal Mode,Main,
SincET Mode,Real Time,SincET Mode,Real Time,
Sampling Period,1.000e-08,Sampling Period,1.000e-08,
Horizontal Old Scale,1.000E-05,Horizontal Old Scale,1.000E-05,
Horizontal Old Position,0.000E+00,Horizontal Old Position,0.000E+00,
Firmware,V1.23,Firmware,V1.23,
Mode,Fast,Mode,Fast,
Waveform Data,,Waveform Data,,
5, ,-43, ,
3, ,-43, ,
4, ,-41, ,
1, ,-43, ,
4, ,-42, ,
4, ,-42, ,
5, ,-42, ,
-1, ,-42, ,
3, ,-42, ,
5, ,-43, ,
1, ,-42, ,
-1, ,-42, ,
1, ,-42, ,
4, ,-42, ,
4, ,-41, ,
1, ,-43, ,
4, ,-42, ,
5, ,-43, ,
5, ,-42, ,
0, ,-42, ,
3, ,-42, ,
4, ,-43, ,
3, ,-42, ,
-1, ,-42, ,
4, ,-42, ,
1, ,-43, ,
1, ,-41, ,
-1, ,-43, ,
1, ,-42, ,
3, ,-42, ,
3, ,-42, ,
-1, ,-42, ,
4, ,-41, ,
3, ,-43, ,
1, ,-42, ,
-2, ,-42, ,
0, ,-43, ,
4, ,-42, ,
0, ,-42, ,
0, ,-43, ,
3, ,-42, ,
4, ,-42, ,
6, ,-42, ,
-1, ,-42, ,
1, ,-42, ,
4, ,-43, ,
0, ,-42, ,
-4, ,-42, ,
4, ,-42, ,
4, ,-43, ,
4, ,-41, ,
4, ,-43, ,
5, ,-42, ,
3, ,-42, ,
4, ,-42, ,
-1, ,-42, ,
0, ,-42, ,
1, ,-43, ,
1, ,-43, ,
-1, ,-42, ,
6, ,-42, ,
3, ,-43, ,
1, ,-42, ,
3, ,-43, ,
5, ,-42, ,
3, ,-43, ,
5, ,-42, ,
1, ,-43, ,
4, ,-42, ,
6, ,-43, ,
1, ,-42, ,
-1, ,-42, ,
4, ,-43, ,
0, ,-42, ,
5, ,-42, ,
1, ,-43, ,
4, ,-42, ,
8, ,-43, ,
6, ,-42, ,
-4, ,-42, ,
0, ,-41, ,
-1, ,-43, ,
4, ,-43, ,
-2, ,-42, ,
5, ,-42, ,
4, ,-43, ,
1, ,-41, ,
3, ,-43, ,
5, ,-42, ,
8, ,-43, ,
6, ,-42, ,
-2, ,-42, ,
0, ,-42, ,
0, ,-43, ,
-2, ,-43, ,
-4, ,-42, ,
0, ,-42, ,
4, ,-43, ,
6, ,-42, ,
4, ,-43, ,
4, ,-42, ,
5, ,-42, ,
10, ,-42, ,
4, ,-42, ,
1, ,-42, ,
3, ,-43, ,
1, ,-43, ,
0, ,-42, ,
1, ,-43, ,
4, ,-42, ,
0, ,-41, ,
-1, ,-43, ,
1, ,-42, ,
1, ,-43, ,
5, ,-42, ,
1, ,-42, ,
6, ,-42, ,
8, ,-43, ,
0, ,-43, ,
-1, ,-42, ,
3, ,-43, ,
1, ,-43, ,
4, ,-42, ,
3, ,-43, ,
4, ,-42, ,
4, ,-42, ,
0, ,-42, ,
-2, ,-42, ,
0, ,-42, ,
-1, ,-43, ,
-2, ,-43, ,
-7, ,-42, ,
0, ,-42, ,
-1, ,-43, ,
0, ,-42, ,
-2, ,-43, ,
0, ,-42, ,
3, ,-43, ,
4, ,-42, ,
-1, ,-42, ,
4, ,-42, ,
1, ,-43, ,
1, ,-42, ,
-4, ,-42, ,
5, ,-42, ,
3, ,-43, ,
1, ,-42, ,
3, ,-43, ,
-1, ,-42, ,
0, ,-42, ,
1, ,-42, ,
-4, ,-42, ,
4, ,-41, ,
5, ,-43, ,
3, ,-42, ,
-1, ,-42, ,
3, ,-42, ,
3, ,-42, ,
-1, ,-42, ,
-2, ,-43, ,
0, ,-42, ,
1, ,-42, ,
4, ,-42, ,
1, ,-42, ,
4, ,-42, ,
6, ,-43, ,
1, ,-42, ,
-1, ,-42, ,
3, ,-43, ,
-1, ,-42, ,
0, ,-42, ,
-1, ,-43, ,
1, ,-42, ,
3, ,-43, ,
4, ,-42, ,
-2, ,-42, ,
-1, ,-42, ,
0, ,-43, ,
-1, ,-42, ,
-5, ,-42, ,
4, ,-42, ,
1, ,-43, ,
-1, ,-42, ,
-2, ,-43, ,
-1, ,-42, ,
-1, ,-43, ,
-2, ,-42, ,
-5, ,-42, ,
-2, ,-41, ,
4, ,-43, ,
1, ,-42, ,
-4, ,-42, ,
1, ,-43, ,
-1, ,-43, ,
0, ,-42, ,
-4, ,-43, ,
-4, ,-42, ,
-2, ,-42, ,
-9, ,-42, ,
-1, ,-42, ,
4, ,-41, ,
1, ,-43, ,
1, ,-42, ,
-4, ,-42, ,
0, ,-42, ,
0, ,-43, ,
0, ,-41, ,
-1, ,-43, ,
-1, ,-42, ,
1, ,-43, ,
4, ,-42, ,
-6, ,-42, ,
0, ,-42, ,
-1, ,-43, ,
-5, ,-42, ,
-5, ,-42, ,
1, ,-43, ,
0, ,-43, ,
1, ,-42, ,
0, ,-43, ,
-1, ,-42, ,
3, ,-42, ,
1, ,-42, ,
-1, ,-42, ,
4, ,-42, ,
4, ,-43, ,
1, ,-42, ,
-1, ,-42, ,
1, ,-43, ,
6, ,-43, ,
-1, ,-41, ,
-4, ,-43, ,
0, ,-42, ,
-1, ,-42, ,
3, ,-42, ,
-2, ,-42, ,
-1, ,-42, ,
5, ,-43, ,
4, ,-42, ,
3, ,-42, ,
6, ,-42, ,
1, ,-43, ,
-1, ,-42, ,
-2, ,-43, ,
-2, ,-42, ,
1, ,-43, ,
5, ,-42, ,
-1, ,-42, ,
1, ,-41, ,
1, ,-43, ,
0, ,-42, ,
-6, ,-42, ,
0, ,-43, ,
3, ,-43, ,
3, ,-42, ,
0, ,-43, ,
1, ,-42, ,
3, ,-43, ,
4, ,-42, ,
-1, ,-42, ,
1, ,-42, ,
1, ,-43, ,
1, ,-42, ,
-2, ,-42, ,
5, ,-42, ,
4, ,-43, ,
1, ,-42, ,
0, ,-43, ,
0, ,-42, ,
1, ,-42, ,
0, ,-42, ,
-6, ,-43, ,
0, ,-41, ,
1, ,-43, ,
1, ,-42, ,
-1, ,-42, ,
0, ,-43, ,
0, ,-43, ,
-1, ,-42, ,
-4, ,-43, ,
-1, ,-42, ,
0, ,-43, ,
1, ,-42, ,
-2, ,-42, ,
3, ,-41, ,
3, ,-43, ,
1, ,-42, ,
-4, ,-42, ,
4, ,-42, ,
3, ,-43, ,
0, ,-41, ,
1, ,-43, ,
4, ,-42, ,
3, ,-42, ,
3, ,-42, ,
-4, ,-42, ,
0, ,-42, ,
3, ,-43, ,
0, ,-43, ,
1, ,-42, ,
6, ,-43, ,
4, ,-42, ,
1, ,-42, ,
1, ,-43, ,
4, ,-42, ,
3, ,-42, ,
5, ,-42, ,
0, ,-42, ,
1, ,-42, ,
-1, ,-40, ,
0, ,-31, ,
1, ,-21, ,
10, ,-11, ,
11, ,-3, ,
10, ,4, ,
8, ,11, ,
6, ,17, ,
6, ,21, ,
6, ,26, ,
4, ,29, ,
11, ,31, ,
9, ,35, ,
8, ,37, ,
1, ,38, ,
8, ,40, ,
8, ,42, ,
6, ,42, ,
4, ,45, ,
5, ,46, ,
6, ,47, ,
6, ,47, ,
-2, ,48, ,
3, ,47, ,
3, ,49, ,
1, ,49, ,
-4, ,49, ,
3, ,50, ,
3, ,51, ,
5, ,48, ,
3, ,51, ,
6, ,50, ,
5, ,50, ,
6, ,51, ,
-1, ,51, ,
4, ,49, ,
4, ,52, ,
0, ,51, ,
-4, ,51, ,
3, ,51, ,
1, ,51, ,
3, ,49, ,
0, ,52, ,
1, ,51, ,
0, ,51, ,
3, ,51, ,
-6, ,51, ,
0, ,50, ,
4, ,52, ,
1, ,50, ,
1, ,50, ,
4, ,51, ,
3, ,51, ,
4, ,49, ,
1, ,52, ,
3, ,51, ,
4, ,50, ,
4, ,51, ,
-1, ,51, ,
0, ,49, ,
1, ,52, ,
1, ,50, ,
-4, ,50, ,
3, ,51, ,
1, ,51, ,
1, ,49, ,
-1, ,52, ,
1, ,50, ,
3, ,51, ,
6, ,51, ,
0, ,51, ,
3, ,49, ,
1, ,52, ,
0, ,50, ,
-2, ,50, ,
3, ,51, ,
1, ,51, ,
1, ,49, ,
1, ,52, ,
1, ,51, ,
3, ,51, ,
1, ,51, ,
-4, ,51, ,
0, ,49, ,
1, ,51, ,
3, ,50, ,
0, ,50, ,
4, ,51, ,
1, ,51, ,
3, ,49, ,
0, ,52, ,
1, ,51, ,
-1, ,51, ,
8, ,51, ,
0, ,51, ,
3, ,49, ,
5, ,52, ,
3, ,50, ,
-1, ,50, ,
1, ,51, ,
-1, ,51, ,
-1, ,48, ,
-4, ,52, ,
0, ,50, ,
1, ,50, ,
5, ,51, ,
0, ,51, ,
4, ,49, ,
4, ,52, ,
-1, ,50, ,
-2, ,50, ,
3, ,51, ,
-2, ,51, ,
0, ,49, ,
-2, ,51, ,
0, ,50, ,
1, ,50, ,
0, ,51, ,
-2, ,51, ,
0, ,49, ,
4, ,51, ,
0, ,50, ,
-1, ,50, ,
3, ,51, ,
-4, ,51, ,
-1, ,49, ,
-5, ,52, ,
-2, ,50, ,
-1, ,50, ,
-1, ,50, ,
-2, ,50, ,
1, ,49, ,
3, ,51, ,
3, ,50, ,
0, ,50, ,
5, ,51, ,
3, ,50, ,
1, ,49, ,
-1, ,51, ,
-2, ,51, ,
-1, ,51, ,
3, ,50, ,
-5, ,51, ,
1, ,49, ,
4, ,52, ,
1, ,50, ,
-1, ,50, ,
3, ,51, ,
1, ,51, ,
-1, ,48, ,
-2, ,51, ,
-1, ,50, ,
3, ,50, ,
5, ,51, ,
-4, ,51, ,
-4, ,49, ,
-7, ,52, ,
-11, ,50, ,
-19, ,50, ,
-15, ,51, ,
-14, ,50, ,
-10, ,49, ,
-9, ,51, ,
-1, ,51, ,
1, ,50, ,
8, ,50, ,
8, ,51, ,
11, ,49, ,
16, ,52, ,
11, ,50, ,
10, ,50, ,
9, ,50, ,
5, ,51, ,
3, ,48, ,
-2, ,51, ,
-2, ,50, ,
-2, ,50, ,
-2, ,51, ,
-6, ,51, ,
-2, ,48, ,
0, ,51, ,
1, ,50, ,
-2, ,50, ,
-1, ,51, ,
-4, ,51, ,
-5, ,48, ,
-5, ,51, ,
-5, ,50, ,
-2, ,50, ,
0, ,50, ,
-2, ,51, ,
1, ,49, ,
1, ,51, ,
1, ,50, ,
-5, ,50, ,
1, ,51, ,
0, ,50, ,
-1, ,49, ,
0, ,52, ,
1, ,50, ,
-2, ,50, ,
-2, ,51, ,
-6, ,51, ,
-1, ,48, ,
-1, ,51, ,
4, ,50, ,
3, ,50, ,
4, ,51, ,
3, ,50, ,
-5, ,48, ,
-2, ,51, ,
6, ,50, ,
3, ,50, ,
3, ,50, ,
-4, ,51, ,
1, ,49, ,
1, ,51, ,
-4, ,50, ,
-4, ,50, ,
0, ,51, ,
1, ,51, ,
4, ,48, ,
0, ,52, ,
1, ,50, ,
1, ,50, ,
5, ,50, ,
-2, ,51, ,
1, ,49, ,
3, ,51, ,
0, ,50, ,
-1, ,50, ,
1, ,51, ,
1, ,50, ,
0, ,49, ,
0, ,51, ,
4, ,50, ,
3, ,50, ,
4, ,51, ,
3, ,51, ,
5, ,49, ,
5, ,51, ,
5, ,50, ,
-4, ,50, ,
5, ,51, ,
0, ,51, ,
5, ,48, ,
4, ,52, ,
3, ,50, ,
4, ,50, ,
4, ,50, ,
-4, ,50, ,
1, ,49, ,
4, ,51, ,
3, ,50, ,
-1, ,50, ,
6, ,51, ,
5, ,51, ,
4, ,49, ,
3, ,51, ,
1, ,50, ,
0, ,50, ,
6, ,50, ,
-1, ,51, ,
1, ,48, ,
4, ,51, ,
1, ,50, ,
-1, ,50, ,
3, ,51, ,
1, ,51, ,
3, ,48, ,
1, ,51, ,
1, ,51, ,
3, ,50, ,
6, ,51, ,
-1, ,51, ,
3, ,49, ,
4, ,51, ,
1, ,50, ,
-2, ,50, ,
3, ,51, ,
3, ,51, ,
3, ,49, ,
1, ,51, ,
5, ,51, ,
8, ,50, ,
3, ,50, ,
-7, ,51, ,
-9, ,49, ,
8, ,51, ,
5, ,50, ,
4, ,50, ,
10, ,51, ,
9, ,51, ,
4, ,48, ,
3, ,51, ,
4, ,51, ,
4, ,50, ,
4, ,50, ,
1, ,51, ,
6, ,49, ,
6, ,51, ,
6, ,50, ,
3, ,50, ,
5, ,51, ,
1, ,50, ,
5, ,49, ,
4, ,51, ,
9, ,51, ,
1, ,50, ,
4, ,50, ,
-5, ,51, ,
4, ,49, ,
8, ,51, ,
8, ,50, ,
6, ,50, ,
11, ,50, ,
4, ,51, ,
3, ,48, ,
4, ,51, ,
4, ,50, ,
5, ,50, ,
5, ,50, ,
0, ,51, ,
4, ,49, ,
1, ,51, ,
-2, ,50, ,
-6, ,50, ,
0, ,51, ,
0, ,50, ,
3, ,49, ,
3, ,51, ,
4, ,50, ,
0, ,50, ,
5, ,50, ,
-4, ,51, ,
3, ,49, ,
4, ,51, ,
1, ,50, ,
0, ,50, ,
5, ,51, ,
1, ,51, ,
3, ,48, ,
-1, ,51, ,
3, ,50, ,
-7, ,50, ,
-2, ,50, ,
3, ,50, ,
0, ,49, ,
5, ,51, ,
4, ,50, ,
-2, ,50, ,
3, ,50, ,
0, ,50, ,
-1, ,48, ,
-1, ,51, ,
3, ,50, ,
1, ,51, ,
6, ,50, ,
0, ,51, ,
5, ,48, ,
4, ,51, ,
1, ,50, ,
-4, ,50, ,
5, ,51, ,
3, ,51, ,
6, ,48, ,
5, ,52, ,
6, ,50, ,
8, ,50, ,
8, ,51, ,
1, ,50, ,
4, ,49, ,
4, ,51, ,
3, ,50, ,
-5, ,50, ,
9, ,51, ,
5, ,50, ,
4, ,49, ,
5, ,51, ,
4, ,51, ,
4, ,50, ,
5, ,50, ,
-4, ,51, ,
6, ,49, ,
5, ,52, ,
1, ,50, ,
0, ,50, ,
8, ,51, ,
3, ,51, ,
1, ,48, ,
-1, ,51, ,
0, ,51, ,
4, ,50, ,
9, ,50, ,
4, ,51, ,
8, ,49, ,
8, ,51, ,
3, ,49, ,
-4, ,50, ,
-1, ,51, ,
-2, ,51, ,
-2, ,48, ,
-4, ,51, ,
3, ,50, ,
4, ,50, ,
8, ,50, ,
1, ,51, ,
3, ,49, ,
5, ,51, ,
1, ,50, ,
-2, ,49, ,
4, ,51, ,
0, ,51, ,
3, ,48, ,
0, ,52, ,
0, ,50, ,
3, ,50, ,
0, ,50, ,
-2, ,51, ,
0, ,49, ,
1, ,51, ,
-1, ,50, ,
-6, ,50, ,
-1, ,51, ,
-1, ,51, ,
-2, ,48, ,
-7, ,51, ,
-4, ,50, ,
-4, ,50, ,
-2, ,50, ,
-2, ,51, ,
0, ,49, ,
0, ,51, ,
0, ,50, ,
-2, ,49, ,
1, ,51, ,
-6, ,51, ,
-5, ,48, ,
-6, ,51, ,
-5, ,50, ,
-2, ,50, ,
1, ,50, ,
-6, ,51, ,
1, ,49, ,
1, ,51, ,
-1, ,50, ,
-2, ,50, ,
1, ,51, ,
0, ,51, ,
0, ,49, ,
0, ,51, ,
4, ,50, ,
1, ,50, ,
5, ,50, ,
-2, ,51, ,
-2, ,49, ,
-1, ,51, ,
-5, ,50, ,
-5, ,50, ,
-2, ,50, ,
-2, ,51, ,
0, ,48, ,
-2, ,51, ,
-2, ,50, ,
-2, ,50, ,
0, ,51, ,
-7, ,51, ,
-1, ,49, ,
1, ,51, ,
-1, ,49, ,
-2, ,50, ,
1, ,51, ,
-4, ,50, ,
-5, ,48, ,
-4, ,51, ,
-4, ,50, ,
-4, ,50, ,
-1, ,50, ,
-4, ,51, ,
-2, ,49, ,
0, ,51, ,
-4, ,50, ,
-7, ,50, ,
-1, ,51, ,
-4, ,51, ,
-1, ,48, ,
-2, ,51, ,
-4, ,50, ,
-1, ,50, ,
-1, ,51, ,
-7, ,51, ,
-1, ,48, ,
-4, ,52, ,
-2, ,50, ,
-7, ,50, ,
0, ,51, ,
0, ,51, ,
0, ,48, ,
-2, ,51, ,
-4, ,50, ,
-2, ,50, ,
-4, ,50, ,
-10, ,51, ,
-1, ,48, ,
-2, ,51, ,
-1, ,50, ,
-1, ,50, ,
3, ,51, ,
-1, ,51, ,
3, ,48, ,
-2, ,52, ,
-1, ,51, ,
-4, ,50, ,
1, ,51, ,
-6, ,51, ,
1, ,48, ,
3, ,51, ,
-1, ,50, ,
-1, ,50, ,
4, ,51, ,
3, ,51, ,
1, ,49, ,
-2, ,51, ,
1, ,50, ,
1, ,51, ,
6, ,51, ,
0, ,51, ,
0, ,49, ,
3, ,51, ,
1, ,50, ,
-2, ,50, ,
4, ,51, ,
1, ,51, ,
4, ,48, ,
1, ,51, ,
5, ,50, ,
4, ,50, ,
4, ,50, ,
-4, ,50, ,
1, ,48, ,
3, ,51, ,
0, ,50, ,
-2, ,50, ,
4, ,51, ,
4, ,50, ,
5, ,49, ,
4, ,51, ,
5, ,50, ,
5, ,51, ,
5, ,50, ,
0, ,51, ,
4, ,49, ,
4, ,51, ,
6, ,50, ,
5, ,50, ,
9, ,51, ,
5, ,51, ,
5, ,48, ,
3, ,51, ,
1, ,50, ,
1, ,50, ,
1, ,50, ,
-5, ,51, ,
3, ,49, ,
5, ,51, ,
6, ,50, ,
5, ,50, ,
5, ,51, ,
5, ,50, ,
3, ,48, ,
5, ,51, ,
6, ,50, ,
4, ,50, ,
5, ,50, ,
1, ,51, ,
1, ,49, ,
3, ,51, ,
1, ,50, ,
-1, ,50, ,
1, ,51, ,
3, ,51, ,
5, ,48, ,
0, ,52, ,
4, ,50, ,
5, ,50, ,
5, ,51, ,
-1, ,51, ,
1, ,49, ,
4, ,51, ,
3, ,49, ,
4, ,50, ,
8, ,51, ,
6, ,50, ,
5, ,48, ,
0, ,52, ,
3, ,50, ,
3, ,50, ,
4, ,51, ,
3, ,50, ,
5, ,49, ,
8, ,51, ,
5, ,50, ,
1, ,50, ,
8, ,51, ,
4, ,51, ,
5, ,48, ,
3, ,52, ,
4, ,50, ,
6, ,51, ,
8, ,50, ,
3, ,51, ,
5, ,49, ,
5, ,51, ,
5, ,50, ,
1, ,50, ,
5, ,50, ,
4, ,50, ,
3, ,49, ,
0, ,51, ,
4, ,50, ,
5, ,50, ,
8, ,50, ,
0, ,51, ,
6, ,49, ,
5, ,51, ,
3, ,50, ,
1, ,50, ,
4, ,51, ,
4, ,51, ,
6, ,48, ,
5, ,51, ,
4, ,50, ,
5, ,50, ,
4, ,51, ,
-4, ,51, ,
1, ,49, ,
3, ,52, ,
3, ,50, ,
-2, ,50, ,
4, ,50, ,
4, ,51, ,
4, ,48, ,
-1, ,51, ,
3, ,50, ,
0, ,50, ,
5, ,50, ,
-2, ,51, ,
1, ,49, ,
5, ,52, ,
3, ,50, ,
-2, ,50, ,
1, ,51, ,
-2, ,51, ,
-1, ,48, ,
-1, ,51, ,
3, ,50, ,
4, ,50, ,
5, ,50, ,
0, ,51, ,
3, ,49, ,
4, ,51, ,
-1, ,50, ,
-5, ,50, ,
3, ,51, ,
0, ,51, ,
0, ,48, ,
1, ,51, ,
0, ,50, ,
4, ,50, ,
3, ,51, ,
0, ,51, ,
4, ,49, ,
3, ,51, ,
3, ,50, ,
-4, ,49, ,
0, ,51, ,
-1, ,51, ,
-2, ,48, ,
-4, ,51, ,
-4, ,50, ,
-2, ,50, ,
-1, ,50, ,
-5, ,51, ,
3, ,49, ,
1, ,51, ,
-1, ,50, ,
-2, ,50, ,
-1, ,51, ,
0, ,51, ,
0, ,48, ,
-2, ,52, ,
1, ,50, ,
0, ,51, ,
4, ,50, ,
-4, ,51, ,
1, ,49, ,
1, ,52, ,
-2, ,50, ,
-6, ,50, ,
-2, ,51, ,
-5, ,51, ,
-4, ,48, ,
-5, ,52, ,
1, ,50, ,
1, ,50, ,
6, ,51, ,
0, ,51, ,
0, ,49, ,
0, ,51, ,
-2, ,50, ,
-4, ,50, ,
-1, ,50, ,
-4, ,51, ,
-2, ,48, ,
-5, ,51, ,
-2, ,51, ,
0, ,50, ,
1, ,50, ,
-6, ,51, ,
-2, ,49, ,
0, ,51, ,
-4, ,49, ,
-6, ,50, ,
-1, ,51, ,
-4, ,51, ,
-2, ,48, ,
-7, ,51, ,
-2, ,51, ,
-4, ,50, ,
-1, ,51, ,
-6, ,51, ,
0, ,49, ,
0, ,52, ,
-1, ,50, ,
-9, ,50, ,
-2, ,50, ,
-6, ,51, ,
-4, ,49, ,
-5, ,52, ,
-2, ,50, ,
-1, ,50, ,
1, ,50, ,
-6, ,51, ,
-1, ,48, ,
0, ,52, ,
0, ,50, ,
-5, ,50, ,
0, ,50, ,
-1, ,51, ,
3, ,49, ,
0, ,51, ,
0, ,50, ,
-5, ,50, ,
0, ,51, ,
-7, ,51, ,
-2, ,49, ,
1, ,51, ,
0, ,50, ,
0, ,50, ,
3, ,51, ,
1, ,51, ,
1, ,49, ,
-1, ,51, ,
3, ,50, ,
0, ,50, ,
4, ,50, ,
-2, ,51, ,
-1, ,49, ,
4, ,51, ,
1, ,50, ,
-2, ,50, ,
5, ,51, ,
0, ,51, ,
1, ,49, ,
0, ,51, ,
0, ,50, ,
0, ,50, ,
3, ,51, ,
0, ,51, ,
0, ,49, ,
0, ,51, ,
1, ,48, ,
-1, ,42, ,
-1, ,32, ,
-5, ,21, ,
-5, ,12, ,
-5, ,4, ,
-4, ,-1, ,
-4, ,-7, ,
-1, ,-11, ,
-2, ,-17, ,
-5, ,-20, ,
-6, ,-23, ,
-5, ,-26, ,
-7, ,-28, ,
-1, ,-30, ,
1, ,-32, ,
-2, ,-33, ,
-7, ,-36, ,
4, ,-36, ,
1, ,-37, ,
-9, ,-38, ,
-7, ,-39, ,
1, ,-39, ,
3, ,-41, ,
5, ,-41, ,
1, ,-41, ,
5, ,-41, ,
6, ,-42, ,
1, ,-41, ,
0, ,-42, ,
-1, ,-42, ,
-1, ,-43, ,
0, ,-42, ,
-5, ,-43, ,
-2, ,-42, ,
4, ,-43, ,
1, ,-43, ,
0, ,-43, ,
5, ,-43, ,
5, ,-43, ,
4, ,-42, ,
1, ,-43, ,
6, ,-43, ,
6, ,-43, ,
5, ,-43, ,
-2, ,-43, ,
1, ,-42, ,
3, ,-44, ,
6, ,-43, ,
-1, ,-43, ,
5, ,-43, ,
8, ,-43, ,
4, ,-42, ,
0, ,-43, ,
4, ,-42, ,
8, ,-43, ,
8, ,-42, ,
3, ,-43, ,
5, ,-43, ,
9, ,-43, ,
3, ,-43, ,
-4, ,-42, ,
6, ,-43, ,
8, ,-44, ,
11, ,-42, ,
9, ,-43, ,
8, ,-43, ,
8, ,-43, ,
6, ,-43, ,
0, ,-43, ,
3, ,-42, ,
6, ,-43, ,
8, ,-43, ,
4, ,-43, ,
8, ,-43, ,
5, ,-43, ,
4, ,-42, ,
3, ,-43, ,
4, ,-43, ,
5, ,-43, ,
6, ,-42, ,
3, ,-42, ,
9, ,-42, ,
10, ,-43, ,
5, ,-43, ,
4, ,-43, ,
6, ,-43, ,
1, ,-43, ,
8, ,-42, ,
0, ,-43, ,
1, ,-42, ,
5, ,-43, ,
6, ,-42, ,
0, ,-43, ,
3, ,-41, ,
4, ,-43, ,
1, ,-42, ,
-1, ,-43, ,
4, ,-43, ,
5, ,-43, ,
8, ,-42, ,
4, ,-43, ,
6, ,-42, ,
4, ,-43, ,
3, ,-42, ,
-4, ,-42, ,
0, ,-42, ,
4, ,-43, ,
1, ,-42, ,
-2, ,-42, ,
4, ,-42, ,
1, ,-43, ,
0, ,-41, ,
-2, ,-43, ,
0, ,-42, ,
4, ,-42, ,
3, ,-43, ,
0, ,-42, ,
3, ,-41, ,
4, ,-43, ,
1, ,-43, ,
-2, ,-42, ,
3, ,-42, ,
0, ,-43, ,
3, ,-42, ,
0, ,-43, ,
0, ,-42, ,
4, ,-43, ,
6, ,-42, ,
3, ,-43, ,
4, ,-42, ,
4, ,-43, ,
0, ,-42, ,
-2, ,-42, ,
5, ,-42, ,
4, ,-43, ,
1, ,-41, ,
-1, ,-43, ,
3, ,-42, ,
4, ,-42, ,
3, ,-43, ,
-6, ,-42, ,
3, ,-42, ,
3, ,-43, ,
1, ,-42, ,
-4, ,-42, ,
1, ,-43, ,
3, ,-43, ,
0, ,-42, ,
1, ,-43, ,
3, ,-42, ,
3, ,-43, ,
3, ,-42, ,
-2, ,-42, ,
4, ,-42, ,
1, ,-43, ,
-5, ,-42, ,
-6, ,-42, ,
-1, ,-43, ,
-2, ,-43, ,
-1, ,-42, ,
-4, ,-43, ,
-2, ,-42, ,
0, ,-43, ,
3, ,-42, ,
-1, ,-42, ,
1, ,-41, ,
3, ,-43, ,
0, ,-42, ,
-5, ,-42, ,
-2, ,-42, ,
-2, ,-43, ,
-2, ,-42, ,
-5, ,-43, ,
1, ,-42, ,
1, ,-43, ,
4, ,-42, ,
-4, ,-43, ,
-2, ,-41, ,
-1, ,-43, ,
-4, ,-42, ,
-9, ,-42, ,
1, ,-43, ,
-2, ,-43, ,
0, ,-41, ,
-2, ,-43, ,
0, ,-42, ,
1, ,-42, ,
-1, ,-42, ,
-6, ,-42, ,
0, ,-42, ,
0, ,-43, ,
0, ,-42, ,
-6, ,-42, ,
-1, ,-43, ,
-2, ,-42, ,
-7, ,-42, ,
-7, ,-42, ,
-4, ,-42, ,
0, ,-42, ,
4, ,-42, ,
-4, ,-43, ,
5, ,-42, ,
3, ,-43, ,
0, ,-42, ,
-5, ,-42, ,
-1, ,-42, ,
-1, ,-43, ,
-4, ,-42, ,
-1, ,-43, ,
0, ,-42, ,
-1, ,-42, ,
0, ,-42, ,
-6, ,-42, ,
1, ,-41, ,
0, ,-43, ,
-1, ,-43, ,
-5, ,-42, ,
0, ,-42, ,
1, ,-43, ,
0, ,-42, ,
-4, ,-43, ,
1, ,-42, ,
-1, ,-42, ,
1, ,-43, ,
-2, ,-42, ,
0, ,-42, ,
3, ,-43, ,
-1, ,-42, ,
-2, ,-42, ,
0, ,-42, ,
0, ,-43, ,
0, ,-41, ,
-4, ,-43, ,
-4, ,-42, ,
1, ,-42, ,
1, ,-42, ,
-4, ,-42, ,
0, ,-42, ,
4, ,-43, ,
-1, ,-43, ,
-7, ,-42, ,
4, ,-43, ,
4, ,-43, ,
-1, ,-41, ,
1, ,-43, ,
0, ,-42, ,
-5, ,-43, ,
-1, ,-42, ,
-2, ,-43, ,
0, ,-42, ,
3, ,-43, ,
1, ,-42, ,
-2, ,-42, ,
0, ,-43, ,
-2, ,-43, ,
-4, ,-41, ,
-1, ,-43, ,
0, ,-42, ,
3, ,-42, ,
1, ,-42, ,
-5, ,-42, ,
-1, ,-42, ,
0, ,-43, ,
0, ,-42, ,
-2, ,-42, ,
5, ,-43, ,
6, ,-43, ,
4, ,-42, ,
-4, ,-43, ,
0, ,-42, ,
-2, ,-42, ,
1, ,-42, ,
-6, ,-42, ,
0, ,-42, ,
4, ,-43, ,
0, ,-42, ,
-1, ,-42, ,
4, ,-42, ,
5, ,-43, ,
5, ,-42, ,
0, ,-43, ,
1, ,-43, ,
1, ,-43, ,
4, ,-43, ,
-1, ,-42, ,
5, ,-42, ,
6, ,-43, ,
3, ,-42, ,
4, ,-42, ,
6, ,-42, ,
6, ,-43, ,
5, ,-41, ,
1, ,-43, ,
3, ,-42, ,
3, ,-43, ,
3, ,-42, ,
0, ,-42, ,
3, ,-42, ,
5, ,-43, ,
4, ,-43, ,
-1, ,-42, ,
5, ,-43, ,
5, ,-43, ,
4, ,-42, ,
3, ,-43, ,
3, ,-42, ,
6, ,-42, ,
6, ,-42, ,
0, ,-42, ,
5, ,-41, ,
4, ,-43, ,
4, ,-42, ,
0, ,-42, ,
5, ,-42, ,
5, ,-43, ,
3, ,-41, ,
0, ,-43, ,
3, ,-42, ,
1, ,-43, ,
4, ,-42, ,
-2, ,-42, ,
6, ,-41, ,
6, ,-43, ,
15, ,-42, ,
0, ,-42, ,
5, ,-43, ,
4, ,-43, ,
4, ,-41, ,
0, ,-43, ,
0, ,-42, ,
1, ,-42, ,
6, ,-42, ,
-4, ,-42, ,
4, ,-41, ,
3, ,-43, ,
1, ,-43, ,
0, ,-42, ,
6, ,-42, ,
5, ,-42, ,
5, ,-41, ,
3, ,-42, ,
5, ,-42, ,
4, ,-42, ,
8, ,-42, ,
3, ,-42, ,
4, ,-42, ,
8, ,-43, ,
4, ,-43, ,
-2, ,-42, ,
5, ,-43, ,
0, ,-43, ,
4, ,-41, ,
0, ,-43, ,
3, ,-42, ,
5, ,-43, ,
3, ,-43, ,
0, ,-42, ,
4, ,-42, ,
4, ,-43, ,
5, ,-42, ,
1, ,-42, ,
6, ,-42, ,
6, ,-42, ,
5, ,-41, ,
3, ,-43, ,
4, ,-42, ,
4, ,-43, ,
5, ,-42, ,
-1, ,-42, ,
5, ,-42, ,
6, ,-43, ,
4, ,-42, ,
-1, ,-42, ,
5, ,-42, ,
3, ,-43, ,
3, ,-41, ,
0, ,-43, ,
3, ,-42, ,
6, ,-42, ,
10, ,-42, ,
3, ,-42, ,
5, ,-41, ,
5, ,-43, ,
5, ,-42, ,
0, ,-42, ,
1, ,-42, ,
4, ,-43, ,
3, ,-41, ,
6, ,-43, ,
6, ,-42, ,
4, ,-43, ,
6, ,-42, ,
-4, ,-43, ,
4, ,-42, ,
3, ,-43, ,
-1, ,-42, ,
-1, ,-42, ,
4, ,-42, ,
5, ,-43, ,
5, ,-41, ,
-2, ,-43, ,
0, ,-42, ,
3, ,-42, ,
1, ,-42, ,
-4, ,-42, ,
1, ,-42, ,
5, ,-43, ,
1, ,-42, ,
-1, ,-42, ,
0, ,-42, ,
-2, ,-42, ,
-1, ,-42, ,
-1, ,-43, ,
1, ,-42, ,
1, ,-42, ,
4, ,-42, ,
-2, ,-42, ,
-1, ,-42, ,
-1, ,-43, ,
-4, ,-43, ,
-9, ,-42, ,
1, ,-42, ,
1, ,-43, ,
1, ,-41, ,
1, ,-43, ,
4, ,-42, ,
4, ,-42, ,
3, ,-42, ,
-2, ,-42, ,
1, ,-42, ,
0, ,-43, ,
-1, ,-42, ,
-5, ,-42, ,
0, ,-42, ,
1, ,-42, ,
-1, ,-41, ,
-2, ,-43, ,
0, ,-42, ,
3, ,-42, ,
5, ,-42, ,
-2, ,-42, ,
0, ,-42, ,
4, ,-43, ,
-1, ,-42, ,
-2, ,-42, ,
3, ,-42, ,
0, ,-43, ,
1, ,-42, ,
-1, ,-43, ,
5, ,-42, ,
-1, ,-42, ,
3, ,-42, ,
-5, ,-42, ,
0, ,-41, ,
0, ,-43, ,
-4, ,-43, ,
-4, ,-42, ,
1, ,-42, ,
1, ,-43, ,
1, ,-42, ,
-1, ,-43, ,
1, ,-42, ,
0, ,-43, ,
5, ,-42, ,
0, ,-43, ,
-1, ,-42, ,
1, ,-43, ,
-2, ,-42, ,
-9, ,-42, ,
-2, ,-42, ,
-7, ,-42, ,
5, ,-42, ,
-1, ,-43, ,
-1, ,-42, ,
3, ,-42, ,
-1, ,-42, ,
-4, ,-42, ,
-2, ,-42, ,
-2, ,-43, ,
-1, ,-42, ,
-1, ,-42, ,
4, ,-42, ,
0, ,-42, ,
1, ,-41, ,
-2, ,-43, ,
-2, ,-42, ,
-2, ,-43, ,
0, ,-42, ,
-5, ,-42, ,
1, ,-42, ,
3, ,-43, ,
0, ,-42, ,
-5, ,-42, ,
0, ,-42, ,
-4, ,-43, ,
-2, ,-42, ,
-5, ,-43, ,
-2, ,-42, ,
3, ,-43, ,
3, ,-42, ,
-2, ,-42, ,
4, ,-41, ,
1, ,-43, ,
1, ,-42, ,
-2, ,-42, ,
-1, ,-43, ,
0, ,-43, ,
-2, ,-42, ,
-6, ,-43, ,
-2, ,-42, ,
-1, ,-43, ,
0, ,-42, ,
-5, ,-42, ,
1, ,-42, ,
1, ,-43, ,
0, ,-43, ,
-2, ,-42, ,
3, ,-42, ,
-1, ,-43, ,
1, ,-41, ,
-4, ,-43, ,
-1, ,-42, ,
1, ,-42, ,
1, ,-42, ,
-4, ,-42, ,
1, ,-42, ,
3, ,-43, ,
3, ,-42, ,
1, ,-42, ,
6, ,-42, ,
4, ,-43, ,
3, ,-42, ,
3, ,-43, ,
-2, ,-42, ,
3, ,-42, ,
5, ,-42, ,
-5, ,-43, ,
1, ,-42, ,
5, ,-43, ,
4, ,-42, ,
3, ,-42, ,
4, ,-42, ,
3, ,-43, ,
1, ,-42, ,
-1, ,-43, ,
0, ,-42, ,
4, ,-42, ,
8, ,-42, ,
5, ,-42, ,
4, ,-41, ,
4, ,-43, ,
3, ,-42, ,
-4, ,-42, ,
-1, ,-42, ,
0, ,-43, ,
-1, ,-42, ,
-2, ,-43, ,
-4, ,-42, ,
3, ,-42, ,
5, ,-42, ,
-2, ,-42, ,
5, ,-42, ,
4, ,-43, ,
3, ,-42, ,
3, ,-42, ,
5, ,-43, ,
5, ,-43, ,
6, ,-41, ,
0, ,-43, ,
1, ,-42, ,
0, ,-42, ,
-1, ,-42, ,
-7, ,-42, ,
-2, ,-42, ,
1, ,-43, ,
0, ,-43, ,
0, ,-43, ,
5, ,-43, ,
3, ,-43, ,
1, ,-42, ,
-1, ,-43, ,
3, ,-42, ,
4, ,-43, ,
8, ,-42, ,
5, ,-42, ,
8, ,-42, ,
8, ,-43, ,
5, ,-43, ,
1, ,-42, ,
3, ,-42, ,
1, ,-43, ,
0, ,-41, ,
-2, ,-43, ,
0, ,-42, ,
3, ,-42, ,
3, ,-42, ,
0, ,-42, ,
3, ,-41, ,
5, ,-43, ,
3, ,-43, ,
0, ,-42, ,
6, ,-43, ,
5, ,-43, ,
4, ,-41, ,
4, ,-43, ,
5, ,-42, ,
6, ,-43, ,
4, ,-43, ,
0, ,-42, ,
3, ,-42, ,
3, ,-43, ,
1, ,-42, ,
-2, ,-43, ,
5, ,-43, ,
3, ,-43, ,
3, ,-42, ,
5, ,-43, ,
3, ,-42, ,
4, ,-42, ,
4, ,-42, ,
1, ,-42, ,
4, ,-41, ,
5, ,-43, ,
5, ,-42, ,
0, ,-42, ,
3, ,-43, ,
3, ,-43, ,
0, ,-42, ,
-1, ,-43, ,
1, ,-42, ,
4, ,-43, ,
4, ,-42, ,
-4, ,-42, ,
3, ,-42, ,
4, ,-43, ,
0, ,-43, ,
-1, ,-42, ,
4, ,-42, ,
4, ,-43, ,
4, ,-42, ,
4, ,-43, ,
8, ,-42, ,
5, ,-42, ,
4, ,-42, ,
-2, ,-42, ,
0, ,-41, ,
1, ,-43, ,
-1, ,-42, ,
-1, ,-42, ,
4, ,-43, ,
3, ,-43, ,
1, ,-42, ,
0, ,-43, ,
4, ,-42, ,
1, ,-43, ,
3, ,-42, ,
0, ,-42, ,
3, ,-42, ,
3, ,-43, ,
1, ,-42, ,
-4, ,-42, ,
5, ,-42, ,
1, ,-43, ,
3, ,-41, ,
-1, ,-43, ,
4, ,-42, ,
8, ,-42, ,
5, ,-42, ,
0, ,-42, ,
4, ,-41, ,
3, ,-43, ,
0, ,-42, ,
-4, ,-42, ,
4, ,-42, ,
3, ,-43, ,
0, ,-42, ,
-1, ,-43, ,
5, ,-42, ,
1, ,-43, ,
5, ,-42, ,
-1, ,-42, ,
1, ,-42, ,
3, ,-43, ,
1, ,-42, ,
-2, ,-42, ,
5, ,-42, ,
3, ,-43, ,
3, ,-42, ,
3, ,-43, ,
4, ,-43, ,
1, ,-42, ,
1, ,-42, ,
-4, ,-42, ,
-2, ,-42, ,
0, ,-43, ,
0, ,-43, ,
3, ,-42, ,
5, ,-43, ,
5, ,-43, ,
5, ,-41, ,
1, ,-43, ,
5, ,-42, ,
3, ,-43, ,
5, ,-42, ,
-1, ,-42, ,
1, ,-42, ,
3, ,-43, ,
-1, ,-43, ,
-6, ,-42, ,
0, ,-43, ,
-4, ,-43, ,
0, ,-42, ,
-2, ,-43, ,
1, ,-42, ,
3, ,-42, ,
1, ,-42, ,
-4, ,-42, ,
-2, ,-42, ,
0, ,-43, ,
-4, ,-43, ,
-6, ,-42, ,
0, ,-42, ,
0, ,-43, ,
0, ,-42, ,
-1, ,-43, ,
1, ,-42, ,
3, ,-43, ,
-1, ,-42, ,
-4, ,-42, ,
-5, ,-41, ,
-2, ,-43, ,
-4, ,-42, ,
-6, ,-42, ,
1, ,-42, ,
3, ,-43, ,
-2, ,-42, ,
0, ,-43, ,
1, ,-42, ,
3, ,-42, ,
4, ,-42, ,
-2, ,-42, ,
4, ,-41, ,
3, ,-43, ,
1, ,-42, ,
-1, ,-42, ,
1, ,-43, ,
1, ,-43, ,
0, ,-41, ,
-2, ,-43, ,
0, ,-42, ,
-1, ,-43, ,
-1, ,-42, ,
-6, ,-43, ,
1, ,-42, ,
6, ,-43, ,
1, ,-43, ,
-1, ,-42, ,
1, ,-42, ,
0, ,-43, ,
0, ,-42, ,
-4, ,-43, ,
1, ,-42, ,
5, ,-42, ,
4, ,-42, ,
-1, ,-43, ,
0, ,-41, ,
0, ,-43, ,
-1, ,-42, ,
-4, ,-42, ,
0, ,-42, ,
0, ,-43, ,
3, ,-41, ,
1, ,-43, ,
3, ,-42, ,
3, ,-43, ,
3, ,-42, ,
-4, ,-42, ,
1, ,-42, ,
3, ,-43, ,
1, ,-43, ,
-5, ,-41, ,
0, ,-36, ,
4, ,-26, ,
5, ,-16, ,
5, ,-6, ,
6, ,1, ,
5, ,9, ,
6, ,14, ,
0, ,19, ,
6, ,22, ,
8, ,28, ,
8, ,31, ,
5, ,33, ,
5, ,36, ,
1, ,38, ,
0, ,38, ,
-1, ,42, ,
-1, ,42, ,
1, ,44, ,
5, ,45, ,
0, ,47, ,
6, ,46, ,
5, ,49, ,
5, ,48, ,
0, ,48, ,
6, ,49, ,
0, ,49, ,
1, ,48, ,
-1, ,51, ,
0, ,50, ,
0, ,50, ,
1, ,50, ,
-2, ,50, ,
4, ,48, ,
3, ,52, ,
1, ,50, ,
-2, ,51, ,
3, ,51, ,
3, ,51, ,
4, ,49, ,
-1, ,51, ,
3, ,51, ,
-1, ,51, ,
3, ,51, ,
-4, ,51, ,
1, ,50, ,
5, ,51, ,
5, ,51, ,
3, ,51, ,
5, ,51, ,
1, ,51, ,
0, ,49, ,
-4, ,51, ,
3, ,51, ,
1, ,50, ,
0, ,51, ,
-1, ,51, ,
6, ,50, ,
6, ,51, ,
5, ,50, ,
3, ,51, ,
8, ,51, ,
4, ,51, ,
1, ,49, ,
-2, ,52, ,
3, ,51, ,
4, ,50, ,
5, ,51, ,
0, ,51, ,
5, ,49, ,
4, ,51, ,
1, ,50, ,
-2, ,50, ,
5, ,51, ,
3, ,51, ,
3, ,49, ,
3, ,51, ,
4, ,50, ,
4, ,50, ,
6, ,51, ,
-4, ,51, ,
4, ,50, ,
4, ,51, ,
3, ,50, ,
-1, ,50, ,
3, ,51, ,
0, ,51, ,
1, ,49, ,
-5, ,52, ,
-1, ,50, ,
-4, ,50, ,
0, ,51, ,
-4, ,51, ,
1, ,50, ,
5, ,51, ,
3, ,50, ,
-1, ,50, ,
5, ,51, ,
1, ,51, ,
4, ,49, ,
-1, ,51, ,
3, ,50, ,
3, ,50, ,
4, ,51, ,
-1, ,50, ,
0, ,49, ,
1, ,51, ,
1, ,50, ,
-1, ,50, ,
1, ,51, ,
1, ,51, ,
3, ,49, ,
3, ,52, ,
6, ,50, ,
4, ,50, ,
6, ,51, ,
0, ,51, ,
1, ,49, ,
3, ,52, ,
1, ,50, ,
0, ,50, ,
4, ,51, ,
3, ,51, ,
4, ,49, ,
4, ,51, ,
3, ,50, ,
4, ,50, ,
4, ,50, ,
0, ,51, ,
3, ,49, ,
3, ,51, ,
4, ,50, ,
-1, ,50, ,
6, ,51, ,
5, ,51, ,
1, ,48, ,
-1, ,51, ,
3, ,51, ,
1, ,50, ,
4, ,51, ,
0, ,51, ,
5, ,48, ,
3, ,52, ,
4, ,50, ,
4, ,51, ,
0, ,51, ,
1, ,51, ,
6, ,49, ,
3, ,51, ,
5, ,50, ,
3, ,51, ,
4, ,50, ,
-4, ,51, ,
1, ,49, ,
1, ,51, ,
-1, ,50, ,
0, ,50, ,
3, ,50, ,
4, ,51, ,
4, ,48, ,
1, ,51, ,
5, ,50, ,
3, ,50, ,
1, ,51, ,
-4, ,51, ,
0, ,48, ,
3, ,52, ,
1, ,50, ,
-1, ,50, ,
5, ,51, ,
0, ,50, ,
1, ,48, ,
1, ,52, ,
3, ,50, ,
0, ,51, ,
3, ,50, ,
0, ,51, ,
1, ,49, ,
1, ,51, ,
0, ,50, ,
-2, ,50, ,
4, ,51, ,
3, ,51, ,
1, ,49, ,
0, ,51, ,
3, ,50, ,
0, ,50, ,
0, ,51, ,
-6, ,51, ,
-2, ,48, ,
-4, ,51, ,
-1, ,50, ,
-6, ,50, ,
1, ,51, ,
-1, ,51, ,
-1, ,49, ,
1, ,51, ,
3, ,50, ,
3, ,50, ,
4, ,50, ,
-2, ,51, ,
3, ,49, ,
1, ,52, ,
3, ,49, ,
1, ,49, ,
4, ,51, ,
4, ,51, ,
1, ,48, ,
3, ,51, ,
0, ,50, ,
-2, ,50, ,
4, ,51, ,
-5, ,51, ,
3, ,48, ,
4, ,51, ,
0, ,50, ,
1, ,50, ,
5, ,51, ,
5, ,51, ,
8, ,49, ,
1, ,51, ,
4, ,50, ,
3, ,50, ,
0, ,50, ,
-2, ,51, ,
-1, ,49, ,
0, ,51, ,
-1, ,50, ,
-4, ,50, ,
0, ,50, ,
0, ,50, ,
1, ,48, ,
-1, ,51, ,
3, ,50, ,
-1, ,50, ,
4, ,50, ,
-1, ,50, ,
1, ,48, ,
3, ,52, ,
-1, ,49, ,
-5, ,50, ,
3, ,51, ,
-1, ,51, ,
-1, ,49, ,
-1, ,51, ,
1, ,50, ,
0, ,51, ,
1, ,50, ,
-4, ,51, ,
-1, ,48, ,
0, ,51, ,
-4, ,50, ,
-4, ,50, ,
1, ,51, ,
0, ,50, ,
0, ,48, ,
-2, ,51, ,
1, ,51, ,
1, ,50, ,
3, ,51, ,
-4, ,50, ,
1, ,49, ,
1, ,52, ,
1, ,49, ,
-1, ,50, ,
3, ,50, ,
1, ,51, ,
3, ,49, ,
-2, ,52, ,
-4, ,50, ,
-1, ,51, ,
6, ,50, ,
3, ,51, ,
8, ,49, ,
5, ,51, ,
3, ,50, ,
-2, ,50, ,
3, ,50, ,
0, ,51, ,
-5, ,48, ,
-6, ,51, ,
0, ,50, ,
-1, ,50, ,
6, ,51, ,
0, ,51, ,
0, ,48, ,
5, ,51, ,
1, ,50, ,
-2, ,51, ,
8, ,50, ,
1, ,50, ,
5, ,48, ,
0, ,51, ,
1, ,50, ,
1, ,50, ,
-1, ,50, ,
-2, ,51, ,
1, ,49, ,
6, ,51, ,
5, ,50, ,
1, ,50, ,
6, ,51, ,
3, ,51, ,
1, ,48, ,
-1, ,51, ,
4, ,50, ,
4, ,50, ,
6, ,51, ,
0, ,51, ,
5, ,49, ,
4, ,51, ,
1, ,49, ,
-5, ,50, ,
4, ,51, ,
0, ,50, ,
0, ,48, ,
-1, ,51, ,
0, ,51, ,
3, ,51, ,
3, ,50, ,
-1, ,51, ,
9, ,49, ,
4, ,51, ,
6, ,50, ,
1, ,50, ,
0, ,51, ,
-1, ,51, ,
-1, ,49, ,
-4, ,52, ,
0, ,50, ,
-1, ,50, ,
3, ,51, ,
-5, ,51, ,
3, ,49, ,
1, ,52, ,
3, ,50, ,
4, ,50, ,
4, ,51, ,
3, ,51, ,
5, ,48, ,
-4, ,51, ,
0, ,50, ,
1, ,50, ,
1, ,50, ,
-2, ,51, ,
1, ,49, ,
5, ,52, ,
3, ,50, ,
-1, ,50, ,
4, ,51, ,
0, ,51, ,
0, ,48, ,
-1, ,51, ,
4, ,50, ,
5, ,50, ,
6, ,51, ,
1, ,51, ,
4, ,49, ,
4, ,51, ,
4, ,49, ,
-1, ,50, ,
5, ,51, ,
4, ,50, ,
3, ,49, ,
3, ,51, ,
-7, ,50, ,
5, ,50, ,
9, ,50, ,
-5, ,51, ,
6, ,49, ,
4, ,51, ,
3, ,50, ,
-1, ,50, ,
5, ,50, ,
4, ,50, ,
3, ,49, ,
3, ,51, ,
1, ,51, ,
1, ,50, ,
4, ,51, ,
-5, ,50, ,
0, ,48, ,
3, ,52, ,
4, ,50, ,
0, ,50, ,
5, ,51, ,
4, ,50, ,
1, ,49, ,
-1, ,51, ,
1, ,50, ,
-1, ,50, ,
3, ,51, ,
-1, ,51, ,
4, ,49, ,
4, ,51, ,
0, ,50, ,
-1, ,50, ,
4, ,51, ,
3, ,51, ,
4, ,49, ,
0, ,51, ,
3, ,50, ,
1, ,50, ,
3, ,51, ,
-4, ,51, ,
0, ,49, ,
1, ,51, ,
-2, ,50, ,
-5, ,50, ,
4, ,51, ,
0, ,51, ,
3, ,48, ,
1, ,51, ,
3, ,51, ,
3, ,50, ,
1, ,50, ,
-4, ,51, ,
3, ,49, ,
4, ,51, ,
0, ,50, ,
-1, ,50, ,
5, ,51, ,
3, ,51, ,
3, ,49, ,
1, ,51, ,
1, ,50, ,
1, ,50, ,
0, ,51, ,
-1, ,51, ,
1, ,49, ,
0, ,51, ,
1, ,50, ,
-5, ,50, ,
3, ,50, ,
0, ,50, ,
3, ,49, ,
0, ,51, ,
0, ,50, ,
3, ,50, ,
4, ,51, ,
0, ,51, ,
4, ,48, ,
3, ,51, ,
3, ,50, ,
-2, ,50, ,
4, ,51, ,
3, ,51, ,
-1, ,49, ,
-2, ,51, ,
0, ,50, ,
-1, ,50, ,
1, ,50, ,
-5, ,51, ,
0, ,48, ,
1, ,51, ,
1, ,50, ,
0, ,50, ,
8, ,51, ,
4, ,51, ,
6, ,48, ,
3, ,51, ,
5, ,50, ,
4, ,50, ,
5, ,51, ,
-5, ,51, ,
-1, ,49, ,
0, ,51, ,
-1, ,50, ,
-1, ,50, ,
4, ,50, ,
4, ,51, ,
5, ,48, ,
0, ,51, ,
1, ,50, ,
0, ,50, ,
0, ,51, ,
-2, ,51, ,
1, ,49, ,
4, ,51, ,
3, ,50, ,
-2, ,50, ,
4, ,50, ,
-1, ,51, ,
1, ,49, ,
0, ,51, ,
-1, ,50, ,
0, ,50, ,
1, ,50, ,
-4, ,51, ,
1, ,49, ,
-1, ,51, ,
-2, ,50, ,
-6, ,50, ,
-2, ,51, ,
-11, ,50, ,
-11, ,48, ,
-15, ,51, ,
-12, ,50, ,
-12, ,50, ,
-10, ,50, ,
-12, ,51, ,
-4, ,48, ,
-2, ,52, ,
3, ,49, ,
4, ,50, ,
14, ,51, ,
13, ,50, ,
14, ,49, ,
10, ,51, ,
5, ,50, ,
8, ,50, ,
4, ,50, ,
-6, ,51, ,
4, ,48, ,
4, ,51, ,
1, ,50, ,
-1, ,50, ,
4, ,50, ,
1, ,51, ,
3, ,48, ,
-4, ,51, ,
0, ,51, ,
1, ,50, ,
1, ,51, ,
-4, ,50, ,
0, ,48, ,
0, ,51, ,
-4, ,50, ,
-5, ,50, ,
1, ,50, ,
-1, ,50, ,
5, ,49, ,
4, ,51, ,
5, ,51, ,
4, ,50, ,
4, ,50, ,
0, ,50, ,
3, ,49, ,
0, ,51, ,
-1, ,50, ,
-7, ,50, ,
1, ,51, ,
1, ,50, ,
1, ,48, ,
-1, ,51, ,
5, ,50, ,
4, ,50, ,
4, ,51, ,
0, ,50, ,
1, ,48, ,
0, ,51, ,
-1, ,49, ,
-9, ,50, ,
-1, ,50, ,
-5, ,51, ,
-1, ,49, ,
-2, ,51, ,
-1, ,50, ,
3, ,50, ,
3, ,50, ,
-1, ,51, ,
8, ,49, ,
8, ,51, ,
8, ,50, ,
0, ,50, ,
0, ,51, ,
-1, ,51, ,
-2, ,49, ,
-6, ,51, ,
-2, ,50, ,
0, ,50, ,
3, ,51, ,
1, ,50, ,
5, ,48, ,
5, ,51, ,
1, ,50, ,
-1, ,50, ,
1, ,50, ,
3, ,51, ,
6, ,48, ,
3, ,51, ,
5, ,50, ,
4, ,50, ,
3, ,50, ,
-1, ,51, ,
1, ,49, ,
1, ,51, ,
-2, ,50, ,
0, ,50, ,
6, ,50, ,
0, ,51, ,
1, ,49, ,
-2, ,52, ,
3, ,50, ,
1, ,50, ,
8, ,51, ,
1, ,51, ,
6, ,48, ,
14, ,52, ,
8, ,50, ,
-2, ,50, ,
9, ,51, ,
-1, ,50, ,
4, ,49, ,
0, ,51, ,
1, ,50, ,
4, ,50, ,
5, ,50, ,
4, ,51, ,
6, ,49, ,
4, ,51, ,
4, ,50, ,
0, ,50, ,
3, ,50, ,
3, ,50, ,
4, ,48, ,
3, ,52, ,
5, ,51, ,
4, ,50, ,
6, ,51, ,
-1, ,51, ,
5, ,49, ,
5, ,51, ,
3, ,49, ,
0, ,50, ,
4, ,51, ,
4, ,51, ,
3, ,49, ,
3, ,52, ,
1, ,50, ,
0, ,50, ,
4, ,50, ,
-4, ,51, ,
5, ,48, ,
4, ,51, ,
4, ,50, ,
0, ,50, ,
4, ,51, ,
5, ,51, ,
3, ,49, ,
-1, ,52, ,
1, ,51, ,
1, ,50, ,
5, ,51, ,
-2, ,51, ,
1, ,49, ,
3, ,52, ,
0, ,50, ,
1, ,50, ,
5, ,51, ,
3, ,50, ,
4, ,49, ,
0, ,51, ,
1, ,50, ,
4, ,50, ,
4, ,50, ,
1, ,51, ,
3, ,49, ,
5, ,51, ,
1, ,50, ,
-4, ,50, ,
3, ,51, ,
0, ,51, ,
1, ,48, ,
-1, ,52, ,
3, ,50, ,
6, ,50, ,
5, ,50, ,
-5, ,51, ,
0, ,48, ,
1, ,52, ,
3, ,50, ,
1, ,51, ,
6, ,51, ,
3, ,50, ,
8, ,49, ,
3, ,51, ,
-1, ,50, ,
3, ,50, ,
3, ,50, ,
-4, ,51, ,
6, ,49, ,
5, ,51, ,
5, ,50, ,
3, ,50, ,
3, ,51, ,
0, ,51, ,
3, ,48, ,
-5, ,51, ,
-1, ,50, ,
-2, ,50, ,
1, ,51, ,
-5, ,51, ,
0, ,49, ,
3, ,51, ,
0, ,50, ,
-1, ,50, ,
4, ,51, ,
4, ,51, ,
4, ,49, ,
4, ,51, ,
8, ,50, ,
8, ,50, ,
9, ,50, ,
-1, ,50, ,
3, ,49, ,
4, ,51, ,
4, ,50, ,
1, ,50, ,
8, ,50, ,
4, ,51, ,
6, ,48, ,
1, ,51, ,
3, ,50, ,
1, ,50, ,
4, ,51, ,
-1, ,51, ,
3, ,49, ,
6, ,52, ,
5, ,50, ,
-1, ,50, ,
10, ,51, ,
4, ,51, ,
6, ,49, ,
0, ,51, ,
1, ,50, ,
4, ,50, ,
3, ,50, ,
-6, ,51, ,
0, ,49, ,
1, ,52, ,
4, ,50, ,
1, ,50, ,
8, ,51, ,
5, ,51, ,
4, ,49, ,
3, ,51, ,
-1, ,51, ,
1, ,49, ,
3, ,50, ,
-1, ,51, ,
5, ,49, ,
5, ,51, ,
3, ,49, ,
-2, ,50, ,
4, ,51, ,
3, ,51, ,
1, ,48, ,
1, ,51, ,
1, ,50, ,
0, ,50, ,
4, ,51, ,
0, ,51, ,
3, ,49, ,
3, ,52, ,
3, ,50, ,
3, ,50, ,
5, ,50, ,
5, ,51, ,
5, ,48, ,
0, ,51, ,
1, ,51, ,
-2, ,50, ,
1, ,51, ,
-7, ,51, ,
-1, ,48, ,
1, ,52, ,
0, ,50, ,
-5, ,50, ,
1, ,51, ,
-2, ,51, ,
0, ,49, ,
-2, ,51, ,
-2, ,50, ,
4, ,50, ,
1, ,51, ,
-2, ,51, ,
-1, ,48, ,
1, ,51, ,
-1, ,50, ,
-7, ,50, ,
1, ,50, ,
-2, ,46, ,
3, ,36, ,
-6, ,28, ,
-7, ,18, ,
-4, ,9, ,
-4, ,2, ,
-9, ,-4, ,
-4, ,-9, ,
-4, ,-13, ,
-4, ,-18, ,
-12, ,-22, ,
-7, ,-25, ,
-6, ,-27, ,
-5, ,-29, ,
-5, ,-31, ,
-2, ,-32, ,
-2, ,-35, ,
-4, ,-36, ,
-12, ,-37, ,
-7, ,-38, ,
-7, ,-39, ,
-7, ,-39, ,
-7, ,-40, ,
-4, ,-40, ,
-5, ,-41, ,
-9, ,-41, ,
-7, ,-42, ,
-2, ,-41, ,
0, ,-42, ,
1, ,-42, ,
-2, ,-43, ,
-4, ,-42, ,
-2, ,-43, ,
-5, ,-42, ,
-5, ,-43, ,
0, ,-43, ,
4, ,-43, ,
1, ,-42, ,
-2, ,-43, ,
1, ,-43, ,
-2, ,-43, ,
-2, ,-43, ,
-7, ,-43, ,
-2, ,-42, ,
-2, ,-44, ,
-2, ,-43, ,
-6, ,-43, ,
-2, ,-43, ,
-4, ,-43, ,
-5, ,-42, ,
-2, ,-43, ,
5, ,-43, ,
5, ,-43, ,
6, ,-43, ,
0, ,-43, ,
0, ,-42, ,
1, ,-44, ,
-2, ,-43, ,
-6, ,-42, ,
-1, ,-43, ,
-2, ,-43, ,
-2, ,-42, ,
-2, ,-43, ,
-1, ,-43, ,
0, ,-43, ,
4, ,-43, ,
0, ,-43, ,
5, ,-42, ,
3, ,-44, ,
0, ,-43, ,
-4, ,-43, ,
1, ,-43, ,
0, ,-43, ,
0, ,-42, ,
-1, ,-43, ,
0, ,-43, ,
4, ,-42, ,
5, ,-43, ,
3, ,-43, ,
5, ,-42, ,
3, ,-43, ,
-2, ,-42, ,
-6, ,-42, ,
-2, ,-43, ,
-5, ,-43, ,
-2, ,-42, ,
-1, ,-43, ,
3, ,-42, ,
4, ,-43, ,
8, ,-42, ,
0, ,-42, ,
1, ,-42, ,
3, ,-43, ,
0, ,-42, ,
-2, ,-42, ,
4, ,-42, ,
4, ,-43, ,
3, ,-41, ,
-1, ,-43, ,
4, ,-42, ,
1, ,-43, ,
1, ,-43, ,
-4, ,-42, ,
1, ,-42, ,
8, ,-43, ,
0, ,-43, ,
-1, ,-42, ,
5, ,-43, ,
4, ,-43, ,
4, ,-42, ,
1, ,-43, ,
6, ,-42, ,
5, ,-42, ,
5, ,-42, ,
0, ,-43, ,
4, ,-41, ,
6, ,-43, ,
3, ,-43, ,
-1, ,-42, ,
4, ,-43, ,
1, ,-43, ,
1, ,-42, ,
0, ,-43, ,
1, ,-42, ,
5, ,-43, ,
9, ,-42, ,
3, ,-42, ,
6, ,-42, ,
6, ,-43, ,
4, ,-42, ,
1, ,-42, ,
6, ,-42, ,
6, ,-43, ,
5, ,-42, ,
5, ,-43, ,
4, ,-42, ,
6, ,-43, ,
5, ,-42, ,
-1, ,-42, ,
6, ,-42, ,
6, ,-43, ,
8, ,-42, ,
4, ,-42, ,
9, ,-42, ,
6, ,-43, ,
5, ,-42, ,
3, ,-43, ,
4, ,-42, ,
4, ,-42, ,
6, ,-43, ,
-1, ,-42, ,
3, ,-42, ,
6, ,-43, ,
5, ,-42, ,
3, ,-42, ,
6, ,-43, ,
4, ,-43, ,
5, ,-42, ,
3, ,-43, ,
4, ,-42, ,
3, ,-43, ,
3, ,-42, ,
0, ,-42, ,
3, ,-41, ,
4, ,-43, ,
4, ,-43, ,
-2, ,-42, ,
3, ,-43, ,
4, ,-43, ,
4, ,-42, ,
3, ,-43, ,
4, ,-42, ,
5, ,-42, ,
5, ,-42, ,
4, ,-42, ,
4, ,-41, ,
4, ,-43, ,
3, ,-42, ,
-2, ,-42, ,
4, ,-43, ,
5, ,-43, ,
5, ,-42, ,
6, ,-43, ,
4, ,-42, ,
5, ,-43, ,
3, ,-42, ,
-4, ,-42, ,
3, ,-41, ,
3, ,-43, ,
5, ,-43, ,
3, ,-42, ,
6, ,-43, ,
5, ,-43, ,
3, ,-42, ,
1, ,-43, ,
3, ,-43, ,
1, ,-42, ,
3, ,-43, ,
-1, ,-42, ,
3, ,-42, ,
5, ,-43, ,
3, ,-42, ,
1, ,-42, ,
6, ,-43, ,
4, ,-43, ,
1, ,-42, ,
-2, ,-43, ,
0, ,-42, ,
0, ,-43, ,
4, ,-42, ,
-1, ,-43, ,
5, ,-42, ,
6, ,-43, ,
3, ,-42, ,
-1, ,-42, ,
5, ,-42, ,
4, ,-43, ,
4, ,-42, ,
-1, ,-42, ,
3, ,-43, ,
3, ,-42, ,
3, ,-43, ,
-2, ,-42, ,
0, ,-41, ,
1, ,-43, ,
0, ,-42, ,
-4, ,-42, ,
4, ,-42, ,
3, ,-42, ,
3, ,-42, ,
0, ,-42, ,
0, ,-42, ,
3, ,-43, ,
0, ,-42, ,
-4, ,-42, ,
0, ,-41, ,
3, ,-43, ,
0, ,-42, ,
-5, ,-42, ,
0, ,-43, ,
-1, ,-42, ,
-1, ,-42, ,
-5, ,-42, ,
-2, ,-42, ,
0, ,-42, ,
-1, ,-42, ,
-4, ,-42, ,
0, ,-42, ,
1, ,-43, ,
1, ,-42, ,
-1, ,-42, ,
1, ,-43, ,
-1, ,-43, ,
-2, ,-42, ,
-4, ,-43, ,
-4, ,-42, ,
-1, ,-42, ,
0, ,-42, ,
-6, ,-42, ,
-1, ,-42, ,
-1, ,-43, ,
-2, ,-42, ,
-7, ,-42, ,
-2, ,-42, ,
-1, ,-43, ,
-6, ,-42, ,
-5, ,-43, ,
-2, ,-43, ,
-4, ,-42, ,
-4, ,-42, ,
-4, ,-42, ,
-1, ,-41, ,
-6, ,-43, ,
-4, ,-42, ,
-4, ,-42, ,
1, ,-42, ,
0, ,-43, ,
1, ,-42, ,
-4, ,-43, ,
0, ,-42, ,
-2, ,-43, ,
-1, ,-42, ,
-5, ,-42, ,
-1, ,-42, ,
3, ,-43, ,
-1, ,-43, ,
-5, ,-42, ,
-1, ,-42, ,
-2, ,-42, ,
-4, ,-41, ,
-4, ,-43, ,
0, ,-42, ,
0, ,-43, ,
5, ,-42, ,
-1, ,-42, ,
1, ,-41, ,
0, ,-43, ,
-2, ,-42, ,
-7, ,-42, ,
-1, ,-43, ,
-1, ,-43, ,
0, ,-42, ,
0, ,-43, ,
3, ,-42, ,
0, ,-43, ,
-2, ,-42, ,
-6, ,-42, ,
-4, ,-41, ,
-1, ,-43, ,
-4, ,-42, ,
-4, ,-42, ,
1, ,-43, ,
1, ,-42, ,
0, ,-41, ,
-2, ,-43, ,
-4, ,-43, ,
4, ,-42, ,
4, ,-42, ,
-1, ,-42, ,
6, ,-41, ,
5, ,-43, ,
-6, ,-42, ,
-6, ,-42, ,
-4, ,-42, ,
-4, ,-43, ,
1, ,-42, ,
1, ,-43, ,
1, ,-42, ,
1, ,-42, ,
3, ,-42, ,
-5, ,-42, ,
0, ,-42, ,
3, ,-43, ,
0, ,-43, ,
-4, ,-42, ,
-1, ,-42, ,
3, ,-43, ,
0, ,-42, ,
-2, ,-43, ,
0, ,-43, ,
1, ,-42, ,
3, ,-42, ,
-4, ,-42, ,
0, ,-41, ,
1, ,-43, ,
-6, ,-42, ,
-6, ,-42, ,
0, ,-42, ,
0, ,-42, ,
4, ,-42, ,
3, ,-43, ,
5, ,-42, ,
6, ,-43, ,
6, ,-42, ,
-1, ,-42, ,
0, ,-42, ,
1, ,-43, ,
0, ,-43, ,
-6, ,-42, ,
4, ,-43, ,
1, ,-42, ,
-1, ,-42, ,
-2, ,-43, ,
0, ,-42, ,
1, ,-42, ,
4, ,-42, ,
4, ,-42, ,
3, ,-42, ,
5, ,-43, ,
5, ,-42, ,
0, ,-42, ,
4, ,-42, ,
3, ,-43, ,
3, ,-42, ,
3, ,-43, ,
3, ,-42, ,
6, ,-42, ,
4, ,-42, ,
-1, ,-42, ,
4, ,-42, ,
4, ,-43, ,
5, ,-43, ,
1, ,-42, ,
4, ,-42, ,
5, ,-42, ,
3, ,-42, ,
1, ,-43, ,
5, ,-42, ,
5, ,-42, ,
6, ,-43, ,
1, ,-42, ,
4, ,-42, ,
5, ,-43, ,
3, ,-42, ,
0, ,-42, ,
4, ,-42, ,
3, ,-43, ,
4, ,-42, ,
5, ,-43, ,
5, ,-42, ,
5, ,-43, ,
-5, ,-42, ,
3, ,-42, ,
9, ,-42, ,
1, ,-43, ,
9, ,-43, ,
1, ,-42, ,
4, ,-42, ,
1, ,-42, ,
4, ,-41, ,
0, ,-43, ,
3, ,-42, ,
5, ,-42, ,
8, ,-42, ,
0, ,-42, ,
5, ,-41, ,
9, ,-43, ,
4, ,-42, ,
-1, ,-42, ,
8, ,-42, ,
1, ,-43, ,
3, ,-42, ,
3, ,-43, ,
-1, ,-42, ,
5, ,-43, ,
3, ,-42, ,
0, ,-42, ,
5, ,-42, ,
6, ,-43, ,
3, ,-42, ,
0, ,-42, ,
6, ,-42, ,
4, ,-43, ,
8, ,-42, ,
5, ,-43, ,
4, ,-42, ,
6, ,-42, ,
6, ,-42, ,
0, ,-42, ,
4, ,-42, ,
5, ,-43, ,
3, ,-42, ,
3, ,-42, ,
8, ,-42, ,
5, ,-42, ,
3, ,-42, ,
-1, ,-43, ,
0, ,-42, ,
4, ,-43, ,
3, ,-42, ,
0, ,-42, ,
5, ,-41, ,
8, ,-43, ,
6, ,-43, ,
4, ,-42, ,
6, ,-43, ,
6, ,-43, ,
5, ,-41, ,
1, ,-43, ,
3, ,-43, ,
4, ,-42, ,
3, ,-42, ,
1, ,-42, ,
4, ,-42, ,
6, ,-43, ,
4, ,-42, ,
0, ,-42, ,
6, ,-42, ,
4, ,-43, ,
5, ,-42, ,
1, ,-43, ,
3, ,-42, ,
4, ,-42, ,
4, ,-42, ,
1, ,-43, ,
3, ,-42, ,
4, ,-43, ,
1, ,-42, ,
-4, ,-42, ,
1, ,-42, ,
0, ,-43, ,
-1, ,-42, ,
-5, ,-43, ,
-1, ,-42, ,
0, ,-42, ,
-1, ,-42, ,
-5, ,-42, ,
3, ,-42, ,
3, ,-43, ,
3, ,-42, ,
0, ,-42, ,
6, ,-42, ,
4, ,-43, ,
1, ,-42, ,
0, ,-43, ,
-2, ,-42, ,
-1, ,-42, ,
-1, ,-42, ,
-7, ,-42, ,
1, ,-42, ,
1, ,-43, ,
1, ,-42, ,
-2, ,-42, ,
3, ,-43, ,
1, ,-43, ,
-4, ,-42, ,
-2, ,-43, ,
-1, ,-42, ,
0, ,-42, ,
3, ,-42, ,
-4, ,-42, ,
-1, ,-41, ,
1, ,-43, ,
-1, ,-42, ,
-6, ,-42, ,
1, ,-42, ,
-1, ,-43, ,
-1, ,-42, ,
-5, ,-43, ,
1, ,-42, ,
1, ,-43, ,
0, ,-42, ,
-6, ,-42, ,
-5, ,-41, ,
1, ,-43, ,
-1, ,-42, ,
-4, ,-42, ,
5, ,-43, ,
-1, ,-42, ,
-4, ,-41, ,
-6, ,-43, ,
-4, ,-42, ,
-1, ,-42, ,
3, ,-42, ,
-2, ,-42, ,
5, ,-41, ,
5, ,-43, ,
0, ,-42, ,
-5, ,-42, ,
6, ,-42, ,
-1, ,-43, ,
-1, ,-42, ,
-2, ,-43, ,
-2, ,-42, ,
-2, ,-43, ,
-1, ,-42, ,
-4, ,-43, ,
-1, ,-42, ,
0, ,-43, ,
1, ,-43, ,
-4, ,-42, ,
3, ,-43, ,
3, ,-42, ,
1, ,-42, ,
0, ,-43, ,
1, ,-42, ,
1, ,-43, ,
0, ,-42, ,
-6, ,-43, ,
-1, ,-41, ,
1, ,-43, ,
-1, ,-42, ,
-6, ,-42, ,
1, ,-42, ,
1, ,-42, ,
-1, ,-42, ,
-4, ,-43, ,
-2, ,-42, ,
-2, ,-43, ,
-2, ,-42, ,
-9, ,-43, ,
-4, ,-41, ,
0, ,-43, ,
-1, ,-42, ,
-4, ,-42, ,
3, ,-43, ,
3, ,-42, ,
1, ,-42, ,
-6, ,-43, ,
-1, ,-42, ,
-2, ,-42, ,
0, ,-42, ,
-7, ,-42, ,
0, ,-41, ,
0, ,-43, ,
-2, ,-43, ,
-6, ,-42, ,
-5, ,-43, ,
-4, ,-42, ,
-1, ,-42, ,
0, ,-43, ,
5, ,-42, ,
3, ,-42, ,
3, ,-42, ,
-4, ,-42, ,
-2, ,-41, ,
0, ,-43, ,
-6, ,-43, ,
-7, ,-42, ,
-4, ,-42, ,
0, ,-42, ,
0, ,-41, ,
3, ,-43, ,
3, ,-43, ,
1, ,-43, ,
1, ,-42, ,
-5, ,-42, ,
-2, ,-41, ,
3, ,-43, ,
1, ,-42, ,
0, ,-42, ,
8, ,-42, ,
4, ,-43, ,
4, ,-42, ,
0, ,-43, ,
0, ,-42, ,
1, ,-43, ,
3, ,-42, ,
-1, ,-42, ,
4, ,-41, ,
3, ,-43, ,
0, ,-43, ,
-4, ,-42, ,
-1, ,-43, ,
1, ,-42, ,
1, ,-42, ,
4, ,-43, ,
6, ,-42, ,
6, ,-42, ,
9, ,-42, ,
0, ,-42, ,
3, ,-41, ,
3, ,-43, ,
0, ,-42, ,
-4, ,-42, ,
1, ,-42, ,
1, ,-42, ,
1, ,-42, ,
1, ,-43, ,
5, ,-42, ,
4, ,-42, ,
5, ,-42, ,
-1, ,-42, ,
0, ,-42, ,
1, ,-43, ,
-1, ,-43, ,
-4, ,-42, ,
3, ,-42, ,
3, ,-43, ,
4, ,-41, ,
0, ,-43, ,
5, ,-42, ,
4, ,-43, ,
4, ,-42, ,
-1, ,-42, ,
4, ,-41, ,
4, ,-43, ,
1, ,-42, ,
-2, ,-42, ,
4, ,-42, ,
0, ,-43, ,
0, ,-42, ,
-2, ,-43, ,
0, ,-42, ,
3, ,-43, ,
1, ,-42, ,
0, ,-42, ,
5, ,-42, ,
5, ,-43, ,
3, ,-43, ,
-2, ,-42, ,
4, ,-42, ,
1, ,-43, ,
1, ,-42, ,
1, ,-42, ,
3, ,-42, ,
5, ,-42, ,
6, ,-42, ,
3, ,-42, ,
6, ,-41, ,
5, ,-43, ,
1, ,-42, ,
1, ,-42, ,
5, ,-43, ,
4, ,-42, ,
4, ,-42, ,
3, ,-43, ,
5, ,-42, ,
5, ,-43, ,
5, ,-42, ,
-1, ,-42, ,
5, ,-41, ,
6, ,-43, ,
5, ,-42, ,
3, ,-42, ,
5, ,-43, ,
4, ,-43, ,
5, ,-42, ,
0, ,-43, ,
4, ,-42, ,
5, ,-42, ,
4, ,-42, ,
-2, ,-42, ,
3, ,-41, ,
4, ,-43, ,
3, ,-42, ,
1, ,-42, ,
6, ,-42, ,
3, ,-43, ,
5, ,-42, ,
3, ,-43, ,
4, ,-42, ,
5, ,-43, ,
5, ,-42, ,
1, ,-42, ,
5, ,-42, ,
8, ,-43, ,
5, ,-42, ,
1, ,-42, ,
5, ,-42, ,
4, ,-42, ,
3, ,-41, ,
-1, ,-43, ,
0, ,-42, ,
4, ,-42, ,
4, ,-42, ,
-4, ,-42, ,
8, ,-42, ,
6, ,-43, ,
4, ,-42, ,
4, ,-42, ,
6, ,-43, ,
4, ,-43, ,
1, ,-42, ,
4, ,-43, ,
1, ,-42, ,
3, ,-42, ,
1, ,-42, ,
-4, ,-42, ,
1, ,-41, ,
1, ,-43, ,
1, ,-42, ,
1, ,-42, ,
5, ,-43, ,
5, ,-43, ,
1, ,-41, ,
-1, ,-43, ,
1, ,-42, ,
-5, ,-42, ,
1, ,-42, ,
-2, ,-42, ,
8, ,-41, ,
10, ,-43, ,
3, ,-42, ,
-1, ,-42, ,
-1, ,-42, ,
1, ,-43, ,
3, ,-42, ,
-4, ,-42, ,
1, ,-42, ,
0, ,-43, ,
0, ,-42, ,
-1, ,-43, ,
0, ,-41, ,
4, ,-43, ,
3, ,-43, ,
3, ,-42, ,
4, ,-42, ,
0, ,-43, ,
-2, ,-42, ,
-1, ,-43, ,
3, ,-42, ,
4, ,-42, ,
5, ,-42, ,
1, ,-42, ,
5, ,-42, ,
5, ,-43, ,
0, ,-42, ,
-2, ,-42, ,
6, ,-42, ,
3, ,-42, ,
-2, ,-39, ,
0, ,-31, ,
3, ,-21, ,
5, ,-11, ,
6, ,-3, ,
4, ,4, ,
8, ,11, ,
8, ,16, ,
8, ,21, ,
4, ,26, ,
9, ,29, ,
9, ,32, ,
5, ,33, ,
1, ,37, ,
3, ,39, ,
3, ,40, ,
6, ,42, ,
0, ,44, ,
5, ,42, ,
3, ,47, ,
1, ,46, ,
-2, ,47, ,
1, ,48, ,
-2, ,48, ,
0, ,48, ,
0, ,50, ,
0, ,49, ,
1, ,50, ,
1, ,50, ,
-5, ,50, ,
-1, ,48, ,
0, ,51, ,
-2, ,51, ,
-2, ,50, ,
4, ,51, ,
4, ,51, ,
3, ,49, ,
-2, ,52, ,
0, ,51, ,
-2, ,50, ,
1, ,51, ,
-9, ,51, ,
-2, ,49, ,
3, ,52, ,
0, ,50, ,
-2, ,51, ,
3, ,52, ,
-4, ,51, ,
1, ,49, ,
-2, ,52, ,
3, ,51, ,
3, ,51, ,
1, ,51, ,
-1, ,51, ,
1, ,49, ,
1, ,52, ,
-1, ,50, ,
-4, ,50, ,
1, ,51, ,
-1, ,51, ,
-1, ,49, ,
-4, ,52, ,
-1, ,51, ,
1, ,50, ,
1, ,51, ,
-5, ,51, ,
1, ,49, ,
0, ,52, ,
-1, ,49, ,
-4, ,50, ,
5, ,51, ,
4, ,51, ,
4, ,49, ,
1, ,52, ,
3, ,51, ,
0, ,51, ,
0, ,51, ,
-7, ,51, ,
-1, ,49, ,
-1, ,51, ,
-2, ,50, ,
-2, ,50, ,
0, ,51, ,
1, ,51, ,
1, ,49, ,
1, ,52, ,
5, ,50, ,
4, ,51, ,
1, ,51, ,
-5, ,51, ,
-1, ,48, ,
3, ,52, ,
-1, ,50, ,
-2, ,50, ,
4, ,51, ,
-1, ,50, ,
3, ,49, ,
-1, ,51, ,
1, ,50, ,
0, ,51, ,
3, ,50, ,
-4, ,51, ,
0, ,49, ,
1, ,51, ,
-2, ,50, ,
-5, ,50, ,
-1, ,51, ,
-1, ,51, ,
1, ,49, ,
1, ,52, ,
5, ,51, ,
5, ,50, ,
4, ,51, ,
-2, ,51, ,
-1, ,48, ,
-1, ,52, ,
-1, ,50, ,
-5, ,50, ,
4, ,51, ,
3, ,50, ,
5, ,49, ,
0, ,52, ,
0, ,50, ,
0, ,51, ,
0, ,50, ,
-5, ,50, ,
0, ,49, ,
1, ,51, ,
1, ,50, ,
0, ,50, ,
5, ,51, ,
4, ,50, ,
0, ,49, ,
1, ,52, ,
1, ,51, ,
3, ,50, ,
4, ,51, ,
-2, ,51, ,
5, ,48, ,
0, ,51, ,
1, ,49, ,
1, ,50, ,
6, ,51, ,
4, ,51, ,
8, ,49, ,
0, ,51, ,
3, ,50, ,
5, ,50, ,
5, ,50, ,
1, ,51, ,
5, ,49, ,
5, ,52, ,
4, ,50, ,
-1, ,50, ,
5, ,51, ,
4, ,50, ,
5, ,49, ,
3, ,51, ,
6, ,51, ,
9, ,50, ,
8, ,51, ,
1, ,51, ,
4, ,49, ,
4, ,52, ,
1, ,50, ,
-2, ,50, ,
5, ,51, ,
0, ,50, ,
4, ,49, ,
3, ,51, ,
4, ,50, ,
3, ,50, ,
5, ,50, ,
3, ,51, ,
5, ,49, ,
9, ,52, ,
6, ,51, ,
1, ,50, ,
3, ,51, ,
4, ,50, ,
0, ,48, ,
-1, ,51, ,
0, ,50, ,
0, ,50, ,
3, ,51, ,
-1, ,51, ,
4, ,48, ,
4, ,52, ,
5, ,50, ,
1, ,50, ,
5, ,51, ,
1, ,51, ,
1, ,49, ,
3, ,51, ,
3, ,51, ,
3, ,50, ,
3, ,50, ,
-2, ,51, ,
4, ,48, ,
1, ,52, ,
3, ,50, ,
0, ,50, ,
3, ,50, ,
3, ,51, ,
3, ,49, ,
0, ,51, ,
3, ,50, ,
4, ,50, ,
5, ,51, ,
3, ,51, ,
3, ,48, ,
5, ,51, ,
3, ,50, ,
-1, ,50, ,
5, ,51, ,
1, ,51, ,
1, ,49, ,
-2, ,51, ,
-1, ,50, ,
0, ,50, ,
1, ,50, ,
-2, ,50, ,
3, ,49, ,
5, ,51, ,
3, ,50, ,
-1, ,50, ,
6, ,50, ,
0, ,51, ,
0, ,49, ,
-1, ,51, ,
3, ,50, ,
4, ,50, ,
4, ,51, ,
3, ,51, ,
5, ,48, ,
6, ,52, ,
3, ,50, ,
-1, ,50, ,
4, ,50, ,
0, ,51, ,
1, ,49, ,
0, ,51, ,
1, ,50, ,
4, ,51, ,
4, ,50, ,
-1, ,51, ,
4, ,48, ,
4, ,51, ,
4, ,50, ,
1, ,50, ,
9, ,50, ,
0, ,51, ,
1, ,48, ,
1, ,51, ,
-1, ,50, ,
3, ,50, ,
6, ,50, ,
-2, ,51, ,
5, ,48, ,
5, ,52, ,
4, ,49, ,
-2, ,50, ,
4, ,51, ,
4, ,51, ,
3, ,49, ,
1, ,51, ,
0, ,50, ,
1, ,50, ,
1, ,50, ,
-4, ,51, ,
3, ,48, ,
1, ,52, ,
0, ,49, ,
-5, ,50, ,
-2, ,50, ,
-4, ,51, ,
-1, ,49, ,
1, ,51, ,
5, ,50, ,
5, ,50, ,
4, ,50, ,
0, ,51, ,
0, ,48, ,
3, ,52, ,
-2, ,49, ,
-4, ,50, ,
4, ,51, ,
3, ,51, ,
3, ,49, ,
0, ,51, ,
-2, ,50, ,
-4, ,50, ,
-1, ,50, ,
-5, ,50, ,
1, ,49, ,
3, ,52, ,
1, ,49, ,
-2, ,50, ,
4, ,51, ,
1, ,50, ,
0, ,49, ,
-1, ,51, ,
0, ,50, ,
1, ,50, ,
1, ,51, ,
-4, ,50, ,
1, ,49, ,
5, ,51, ,
1, ,50, ,
-1, ,50, ,
4, ,51, ,
1, ,50, ,
0, ,48, ,
-1, ,51, ,
-1, ,50, ,
1, ,50, ,
4, ,50, ,
-5, ,51, ,
0, ,49, ,
-2, ,51, ,
-1, ,50, ,
-4, ,50, ,
1, ,51, ,
5, ,51, ,
3, ,49, ,
1, ,51, ,
4, ,51, ,
1, ,50, ,
1, ,50, ,
-4, ,51, ,
0, ,49, ,
0, ,52, ,
0, ,50, ,
-1, ,50, ,
6, ,51, ,
4, ,51, ,
3, ,49, ,
-2, ,51, ,
-1, ,51, ,
0, ,51, ,
0, ,50, ,
-4, ,51, ,
-1, ,49, ,
1, ,51, ,
-1, ,50, ,
-1, ,50, ,
3, ,51, ,
3, ,50, ,
0, ,49, ,
-4, ,51, ,
0, ,50, ,
1, ,50, ,
0, ,51, ,
-4, ,51, ,
4, ,48, ,
4, ,51, ,
-1, ,50, ,
-6, ,50, ,
-2, ,51, ,
3, ,50, ,
9, ,49, ,
5, ,51, ,
3, ,51, ,
1, ,50, ,
1, ,50, ,
-7, ,51, ,
-2, ,49, ,
0, ,51, ,
3, ,49, ,
-2, ,50, ,
5, ,51, ,
5, ,51, ,
0, ,49, ,
-1, ,51, ,
0, ,50, ,
1, ,50, ,
3, ,50, ,
-5, ,51, ,
-1, ,48, ,
-1, ,51, ,
-1, ,50, ,
-2, ,50, ,
6, ,51, ,
5, ,50, ,
4, ,49, ,
1, ,51, ,
1, ,50, ,
0, ,51, ,
3, ,50, ,
-2, ,51, ,
3, ,48, ,
5, ,51, ,
4, ,50, ,
5, ,50, ,
4, ,51, ,
4, ,51, ,
3, ,49, ,
-1, ,51, ,
3, ,50, ,
9, ,50, ,
6, ,51, ,
-2, ,51, ,
5, ,49, ,
4, ,51, ,
0, ,50, ,
-1, ,50, ,
4, ,51, ,
3, ,51, ,
6, ,48, ,
1, ,51, ,
5, ,50, ,
4, ,51, ,
4, ,50, ,
-2, ,51, ,
1, ,49, ,
3, ,51, ,
3, ,50, ,
-2, ,50, ,
6, ,51, ,
4, ,51, ,
1, ,48, ,
0, ,51, ,
0, ,51, ,
-1, ,50, ,
3, ,50, ,
-1, ,51, ,
4, ,48, ,
4, ,52, ,
1, ,49, ,
-1, ,50, ,
3, ,51, ,
3, ,50, ,
5, ,48, ,
4, ,51, ,
1, ,50, ,
4, ,50, ,
-6, ,50, ,
-1, ,51, ,
4, ,48, ,
-4, ,51, ,
6, ,50, ,
0, ,50, ,
-1, ,51, ,
0, ,51, ,
0, ,48, ,
1, ,51, ,
3, ,50, ,
4, ,50, ,
8, ,50, ,
0, ,51, ,
6, ,48, ,
5, ,52, ,
0, ,50, ,
-4, ,50, ,
3, ,50, ,
3, ,51, ,
1, ,49, ,
-1, ,51, ,
3, ,50, ,
1, ,50, ,
1, ,50, ,
-4, ,51, ,
3, ,49, ,
6, ,51, ,
3, ,50, ,
1, ,50, ,
6, ,51, ,
4, ,50, ,
4, ,49, ,
-1, ,51, ,
4, ,51, ,
4, ,50, ,
6, ,51, ,
3, ,51, ,
5, ,48, ,
6, ,52, ,
3, ,50, ,
-1, ,50, ,
4, ,51, ,
-1, ,50, ,
0, ,48, ,
-4, ,51, ,
-1, ,50, ,
3, ,51, ,
6, ,50, ,
0, ,51, ,
6, ,48, ,
4, ,52, ,
1, ,50, ,
-1, ,50, ,
4, ,51, ,
3, ,51, ,
1, ,48, ,
3, ,51, ,
3, ,50, ,
1, ,50, ,
5, ,51, ,
-2, ,51, ,
3, ,48, ,
3, ,51, ,
1, ,50, ,
1, ,50, ,
4, ,50, ,
0, ,50, ,
0, ,48, ,
-1, ,51, ,
-1, ,50, ,
1, ,50, ,
4, ,50, ,
1, ,51, ,
6, ,49, ,
6, ,51, ,
0, ,50, ,
0, ,50, ,
3, ,50, ,
0, ,51, ,
-1, ,48, ,
-6, ,51, ,
0, ,51, ,
0, ,50, ,
4, ,51, ,
0, ,51, ,
1, ,49, ,
3, ,51, ,
-1, ,49, ,
-7, ,50, ,
-1, ,51, ,
-4, ,51, ,
-2, ,48, ,
-2, ,51, ,
3, ,50, ,
5, ,50, ,
3, ,50, ,
-1, ,51, ,
0, ,49, ,
0, ,51, ,
-1, ,50, ,
-4, ,50, ,
4, ,50, ,
0, ,51, ,
1, ,48, ,
0, ,51, ,
0, ,51, ,
1, ,50, ,
-1, ,51, ,
-4, ,51, ,
0, ,48, ,
3, ,52, ,
1, ,49, ,
-1, ,50, ,
8, ,51, ,
1, ,50, ,
5, ,49, ,
3, ,51, ,
1, ,50, ,
1, ,50, ,
4, ,50, ,
-2, ,51, ,
4, ,49, ,
3, ,51, ,
0, ,50, ,
-2, ,50, ,
0, ,51, ,
0, ,50, ,
-1, ,49, ,
-4, ,51, ,
3, ,51, ,
5, ,50, ,
9, ,51, ,
0, ,51, ,
3, ,48, ,
4, ,52, ,
-4, ,49, ,
-2, ,50, ,
3, ,51, ,
1, ,50, ,
3, ,48, ,
0, ,51, ,
1, ,50, ,
0, ,50, ,
-2, ,50, ,
-5, ,51, ,
0, ,49, ,
3, ,51, ,
0, ,49, ,
-2, ,50, ,
5, ,51, ,
0, ,51, ,
-1, ,48, ,
0, ,51, ,
3, ,50, ,
-1, ,50, ,
0, ,50, ,
-5, ,51, ,
0, ,48, ,
1, ,52, ,
1, ,49, ,
-2, ,50, ,
6, ,51, ,
1, ,51, ,
0, ,48, ,
-2, ,51, ,
-1, ,50, ,
0, ,50, ,
1, ,50, ,
-2, ,51, ,
3, ,48, ,
5, ,51, ,
3, ,50, ,
1, ,50, ,
3, ,51, ,
4, ,50, ,
3, ,48, ,
0, ,51, ,
3, ,50, ,
3, ,50, ,
3, ,50, ,
-6, ,51, ,
0, ,49, ,
-1, ,52, ,
-1, ,49, ,
-5, ,50, ,
3, ,51, ,
3, ,50, ,
6, ,48, ,
3, ,51, ,
0, ,50, ,
0, ,50, ,
-1, ,51, ,
-6, ,51, ,
1, ,49, ,
3, ,51, ,
5, ,50, ,
1, ,50, ,
9, ,51, ,
5, ,51, ,
5, ,48, ,
-1, ,51, ,
3, ,50, ,
3, ,50, ,
5, ,50, ,
-1, ,51, ,
4, ,48, ,
5, ,52, ,
1, ,49, ,
0, ,50, ,
4, ,51, ,
1, ,51, ,
6, ,48, ,
1, ,51, ,
4, ,50, ,
3, ,51, ,
4, ,50, ,
-1, ,51, ,
0, ,49, ,
1, ,51, ,
4, ,50, ,
0, ,50, ,
6, ,51, ,
5, ,51, ,
4, ,48, ,
0, ,51, ,
0, ,50, ,
-1, ,50, ,
4, ,50, ,
-1, ,51, ,
1, ,48, ,
3, ,52, ,
3, ,49, ,
0, ,50, ,
4, ,50, ,
3, ,51, ,
4, ,48, ,
1, ,51, ,
1, ,50, ,
4, ,50, ,
4, ,50, ,
-1, ,51, ,
1, ,49, ,
1, ,52, ,
-1, ,50, ,
-5, ,50, ,
1, ,51, ,
1, ,51, ,
4, ,49, ,
1, ,52, ,
3, ,50, ,
1, ,50, ,
3, ,50, ,
-4, ,51, ,
4, ,49, ,
5, ,51, ,
3, ,50, ,
0, ,50, ,
1, ,51, ,
-2, ,51, ,
0, ,48, ,
-2, ,51, ,
4, ,50, ,
4, ,50, ,
4, ,50, ,
0, ,50, ,
1, ,49, ,
1, ,51, ,
1, ,50, ,
-1, ,50, ,
5, ,51, ,
3, ,51, ,
5, ,49, ,
5, ,51, ,
6, ,50, ,
5, ,50, ,
4, ,51, ,
0, ,51, ,
4, ,49, ,
6, ,52, ,
6, ,49, ,
0, ,50, ,
5, ,51, ,
0, ,51, ,
0, ,49, ,
-1, ,51, ,
0, ,50, ,
1, ,50, ,
4, ,50, ,
1, ,51, ,
6, ,48, ,
5, ,52, ,
5, ,49, ,
-1, ,50, ,
4, ,51, ,
3, ,51, ,
0, ,48, ,
-1, ,51, ,
1, ,51, ,
3, ,50, ,
6, ,51, ,
-2, ,51, ,
3, ,49, ,
1, ,52, ,
-1, ,49, ,
-4, ,50, ,
3, ,51, ,
1, ,51, ,
1, ,49, ,
-1, ,51, ,
1, ,50, ,
1, ,50, ,
5, ,50, ,
0, ,51, ,
4, ,49, ,
4, ,51, ,
1, ,50, ,
-2, ,50, ,
3, ,51, ,
-1, ,51, ,
1, ,49, ,
-1, ,51, ,
1, ,50, ,
1, ,50, ,
3, ,51, ,
-2, ,51, ,
3, ,49, ,
5, ,51, ,
1, ,50, ,
-2, ,50, ,
4, ,51, ,
-4, ,51, ,
1, ,49, ,
-2, ,51, ,
0, ,50, ,
-2, ,50, ,
3, ,50, ,
-1, ,51, ,
4, ,49, ,
5, ,51, ,
0, ,50, ,
-2, ,50, ,
0, ,50, ,
-5, ,51, ,
-5, ,48, ,
-4, ,50, ,
4, ,42, ,
1, ,32, ,
3, ,22, ,
-5, ,13, ,
-6, ,6, ,
-6, ,-1, ,
-2, ,-7, ,
-6, ,-11, ,
1, ,-17, ,
-1, ,-20, ,
-5, ,-23, ,
-5, ,-26, ,
-1, ,-28, ,
1, ,-30, ,
0, ,-31, ,
-4, ,-33, ,
0, ,-35, ,
-1, ,-37, ,
-1, ,-38, ,
-1, ,-38, ,
4, ,-39, ,
3, ,-40, ,
0, ,-39, ,
-2, ,-41, ,
0, ,-41, ,
-1, ,-41, ,
4, ,-42, ,
1, ,-42, ,
5, ,-41, ,
8, ,-43, ,
1, ,-42, ,
-4, ,-42, ,
0, ,-43, ,
-2, ,-43, ,
-1, ,-42, ,
-5, ,-43, ,
-1, ,-43, ,
1, ,-43, ,
1, ,-43, ,
-1, ,-43, ,
1, ,-42, ,
1, ,-44, ,
-1, ,-43, ,
-2, ,-43, ,
3, ,-43, ,
3, ,-43, ,
1, ,-42, ,
-1, ,-44, ,
-2, ,-43, ,
-6, ,-43, ,
-7, ,-43, ,
-20, ,-43, ,
-14, ,-42, ,
-15, ,-44, ,
-17, ,-43, ,
-14, ,-43, ,
-4, ,-43, ,
-2, ,-43, ,
0, ,-42, ,
-1, ,-43, ,
5, ,-43, ,
6, ,-43, ,
8, ,-43, ,
4, ,-43, ,
11, ,-42, ,
10, ,-43, ,
9, ,-43, ,
1, ,-43, ,
5, ,-43, ,
8, ,-43, ,
-4, ,-42, ,
-7, ,-43, ,
3, ,-43, ,
-2, ,-43, ,
4, ,-43, ,
0, ,-42, ,
1, ,-42, ,
3, ,-43, ,
0, ,-43, ,
-2, ,-43, ,
-1, ,-43, ,
-1, ,-43, ,
-1, ,-42, ,
-1, ,-43, ,
-1, ,-42, ,
1, ,-43, ,
4, ,-43, ,
-2, ,-43, ,
1, ,-42, ,
3, ,-43, ,
0, ,-43, ,
1, ,-42, ,
3, ,-43, ,
3, ,-43, ,
0, ,-42, ,
-2, ,-43, ,
-1, ,-43, ,
-2, ,-43, ,
3, ,-42, ,
-2, ,-42, ,
-1, ,-41, ,
6, ,-43, ,
5, ,-42, ,
4, ,-42, ,
6, ,-42, ,
1, ,-43, ,
0, ,-42, ,
-6, ,-43, ,
-5, ,-42, ,
-2, ,-43, ,
-2, ,-42, ,
-5, ,-42, ,
1, ,-42, ,
5, ,-43, ,
5, ,-43, ,
3, ,-42, ,
5, ,-43, ,
4, ,-43, ,
3, ,-42, ,
0, ,-43, ,
-1, ,-42, ,
-1, ,-42, ,
-1, ,-43, ,
-7, ,-43, ,
0, ,-42, ,
-1, ,-43, ,
1, ,-42, ,
-2, ,-42, ,
8, ,-43, ,
3, ,-42, ,
0, ,-42, ,
3, ,-43, ,
1, ,-42, ,
3, ,-42, ,
3, ,-42, ,
-5, ,-42, ,
0, ,-42, ,
1, ,-43, ,
1, ,-43, ,
-1, ,-42, ,
4, ,-43, ,
5, ,-42, ,
0, ,-41, ,
-2, ,-43, ,
0, ,-43, ,
0, ,-43, ,
0, ,-42, ,
-4, ,-42, ,
6, ,-42, ,
8, ,-43, ,
3, ,-42, ,
0, ,-42, ,
4, ,-43, ,
4, ,-43, ,
4, ,-42, ,
0, ,-43, ,
1, ,-42, ,
3, ,-42, ,
5, ,-42, ,
0, ,-42, ,
5, ,-41, ,
4, ,-43, ,
1, ,-42, ,
-1, ,-42, ,
4, ,-42, ,
3, ,-43, ,
6, ,-42, ,
4, ,-43, ,
6, ,-42, ,
8, ,-42, ,
8, ,-42, ,
0, ,-43, ,
4, ,-41, ,
4, ,-43, ,
4, ,-42, ,
0, ,-42, ,
6, ,-43, ,
4, ,-43, ,
4, ,-42, ,
3, ,-43, ,
4, ,-42, ,
4, ,-43, ,
5, ,-42, ,
1, ,-42, ,
5, ,-41, ,
5, ,-43, ,
5, ,-42, ,
1, ,-42, ,
5, ,-42, ,
4, ,-42, ,
3, ,-41, ,
3, ,-42, ,
3, ,-42, ,
5, ,-42, ,
5, ,-42, ,
-2, ,-42, ,
1, ,-41, ,
1, ,-43, ,
1, ,-42, ,
-4, ,-42, ,
4, ,-43, ,
3, ,-43, ,
1, ,-42, ,
3, ,-43, ,
3, ,-42, ,
5, ,-42, ,
9, ,-42, ,
3, ,-42, ,
3, ,-41, ,
5, ,-43, ,
3, ,-43, ,
-1, ,-42, ,
1, ,-43, ,
1, ,-43, ,
3, ,-41, ,
0, ,-43, ,
5, ,-42, ,
5, ,-42, ,
5, ,-42, ,
-1, ,-42, ,
3, ,-41, ,
4, ,-43, ,
-1, ,-42, ,
-4, ,-42, ,
5, ,-42, ,
3, ,-43, ,
3, ,-42, ,
3, ,-43, ,
3, ,-42, ,
3, ,-43, ,
3, ,-42, ,
-1, ,-42, ,
5, ,-41, ,
5, ,-43, ,
5, ,-42, ,
0, ,-42, ,
5, ,-42, ,
0, ,-43, ,
-1, ,-41, ,
-1, ,-43, ,
0, ,-42, ,
3, ,-42, ,
6, ,-43, ,
-1, ,-43, ,
3, ,-41, ,
1, ,-43, ,
-4, ,-42, ,
-7, ,-42, ,
-1, ,-42, ,
0, ,-43, ,
3, ,-42, ,
4, ,-43, ,
8, ,-42, ,
6, ,-43, ,
8, ,-42, ,
1, ,-42, ,
5, ,-41, ,
6, ,-43, ,
8, ,-42, ,
1, ,-42, ,
5, ,-42, ,
6, ,-43, ,
3, ,-42, ,
4, ,-43, ,
5, ,-42, ,
4, ,-42, ,
6, ,-42, ,
1, ,-42, ,
4, ,-41, ,
5, ,-43, ,
1, ,-42, ,
0, ,-42, ,
4, ,-42, ,
3, ,-42, ,
4, ,-42, ,
-1, ,-43, ,
4, ,-42, ,
4, ,-42, ,
5, ,-42, ,
-4, ,-42, ,
1, ,-42, ,
5, ,-43, ,
1, ,-42, ,
0, ,-42, ,
1, ,-42, ,
5, ,-42, ,
6, ,-42, ,
3, ,-43, ,
6, ,-42, ,
5, ,-42, ,
6, ,-42, ,
1, ,-42, ,
3, ,-41, ,
4, ,-43, ,
0, ,-42, ,
-4, ,-42, ,
1, ,-43, ,
1, ,-42, ,
3, ,-42, ,
3, ,-43, ,
3, ,-42, ,
3, ,-43, ,
4, ,-42, ,
-2, ,-42, ,
1, ,-42, ,
0, ,-43, ,
0, ,-42, ,
-2, ,-42, ,
4, ,-42, ,
4, ,-43, ,
4, ,-42, ,
1, ,-43, ,
3, ,-42, ,
-1, ,-42, ,
0, ,-42, ,
-5, ,-42, ,
0, ,-42, ,
3, ,-43, ,
0, ,-42, ,
-1, ,-42, ,
3, ,-42, ,
-2, ,-42, ,
-2, ,-42, ,
-4, ,-43, ,
-2, ,-42, ,
0, ,-43, ,
4, ,-42, ,
-2, ,-42, ,
3, ,-41, ,
4, ,-43, ,
0, ,-42, ,
-2, ,-42, ,
-2, ,-43, ,
-2, ,-43, ,
-4, ,-42, ,
-2, ,-43, ,
-1, ,-42, ,
-1, ,-42, ,
-1, ,-43, ,
-6, ,-42, ,
-2, ,-41, ,
1, ,-43, ,
-4, ,-42, ,
-6, ,-42, ,
1, ,-42, ,
-2, ,-43, ,
-2, ,-42, ,
-7, ,-43, ,
-5, ,-42, ,
-5, ,-42, ,
-6, ,-42, ,
-9, ,-42, ,
-2, ,-42, ,
0, ,-43, ,
-2, ,-42, ,
-6, ,-42, ,
-1, ,-42, ,
-2, ,-43, ,
-6, ,-41, ,
-9, ,-43, ,
-7, ,-42, ,
-5, ,-43, ,
-4, ,-42, ,
-9, ,-42, ,
-5, ,-41, ,
0, ,-43, ,
-2, ,-42, ,
-6, ,-42, ,
0, ,-42, ,
-2, ,-42, ,
-4, ,-42, ,
-6, ,-43, ,
-1, ,-42, ,
-1, ,-42, ,
-2, ,-42, ,
-5, ,-43, ,
-1, ,-41, ,
-2, ,-43, ,
0, ,-42, ,
-5, ,-42, ,
-5, ,-42, ,
-2, ,-43, ,
-2, ,-41, ,
-4, ,-43, ,
0, ,-42, ,
-2, ,-42, ,
-5, ,-42, ,
-9, ,-42, ,
-2, ,-41, ,
1, ,-43, ,
5, ,-42, ,
0, ,-42, ,
3, ,-42, ,
-2, ,-42, ,
0, ,-41, ,
-6, ,-42, ,
-4, ,-42, ,
-1, ,-43, ,
-1, ,-42, ,
-6, ,-43, ,
-1, ,-42, ,
3, ,-43, ,
-1, ,-43, ,
-2, ,-42, ,
1, ,-42, ,
0, ,-42, ,
0, ,-42, ,
-2, ,-43, ,
0, ,-42, ,
1, ,-42, ,
3, ,-42, ,
-2, ,-42, ,
-1, ,-41, ,
4, ,-43, ,
0, ,-42, ,
-2, ,-42, ,
5, ,-42, ,
-1, ,-43, ,
1, ,-42, ,
1, ,-43, ,
-1, ,-42, ,
1, ,-43, ,
1, ,-42, ,
-5, ,-42, ,
4, ,-41, ,
4, ,-43, ,
1, ,-43, ,
-4, ,-42, ,
4, ,-43, ,
6, ,-43, ,
4, ,-42, ,
4, ,-43, ,
4, ,-42, ,
4, ,-42, ,
4, ,-42, ,
-4, ,-42, ,
1, ,-41, ,
3, ,-43, ,
0, ,-42, ,
-1, ,-42, ,
6, ,-42, ,
3, ,-42, ,
4, ,-42, ,
0, ,-42, ,
4, ,-42, ,
4, ,-43, ,
6, ,-42, ,
1, ,-42, ,
5, ,-42, ,
5, ,-43, ,
3, ,-42, ,
-2, ,-42, ,
3, ,-42, ,
3, ,-43, ,
3, ,-42, ,
1, ,-43, ,
4, ,-42, ,
5, ,-42, ,
8, ,-42, ,
-1, ,-42, ,
5, ,-42, ,
4, ,-43, ,
3, ,-42, ,
4, ,-42, ,
5, ,-42, ,
5, ,-43, ,
-2, ,-42, ,
5, ,-43, ,
13, ,-42, ,
4, ,-42, ,
10, ,-42, ,
3, ,-42, ,
3, ,-42, ,
3, ,-43, ,
1, ,-42, ,
4, ,-42, ,
8, ,-43, ,
8, ,-43, ,
8, ,-42, ,
5, ,-43, ,
5, ,-42, ,
8, ,-42, ,
4, ,-43, ,
3, ,-43, ,
5, ,-41, ,
5, ,-43, ,
4, ,-42, ,
0, ,-42, ,
5, ,-43, ,
5, ,-42, ,
5, ,-42, ,
4, ,-43, ,
5, ,-42, ,
9, ,-42, ,
8, ,-42, ,
3, ,-42, ,
6, ,-42, ,
5, ,-43, ,
6, ,-43, ,
-4, ,-42, ,
1, ,-43, ,
8, ,-42, ,
3, ,-41, ,
0, ,-43, ,
6, ,-42, ,
5, ,-42, ,
9, ,-42, ,
0, ,-42, ,
5, ,-41, ,
8, ,-43, ,
4, ,-42, ,
1, ,-42, ,
6, ,-42, ,
8, ,-43, ,
6, ,-42, ,
4, ,-42, ,
4, ,-42, ,
3, ,-43, ,
1, ,-42, ,
-4, ,-42, ,
0, ,-42, ,
1, ,-43, ,
-4, ,-43, ,
-2, ,-42, ,
5, ,-43, ,
11, ,-43, ,
9, ,-42, ,
0, ,-43, ,
8, ,-42, ,
4, ,-42, ,
4, ,-42, ,
5, ,-42, ,
5, ,-42, ,
9, ,-43, ,
6, ,-42, ,
3, ,-42, ,
4, ,-42, ,
-1, ,-42, ,
0, ,-42, ,
-1, ,-43, ,
-1, ,-42, ,
5, ,-42, ,
6, ,-42, ,
1, ,-42, ,
4, ,-42, ,
3, ,-43, ,
1, ,-42, ,
-2, ,-42, ,
4, ,-43, ,
5, ,-42, ,
6, ,-41, ,
5, ,-43, ,
6, ,-42, ,
4, ,-42, ,
4, ,-43, ,
-5, ,-42, ,
-5, ,-41, ,
0, ,-43, ,
-1, ,-42, ,
-5, ,-42, ,
3, ,-42, ,
0, ,-42, ,
0, ,-42, ,
0, ,-43, ,
-1, ,-42, ,
-1, ,-43, ,
4, ,-42, ,
0, ,-42, ,
5, ,-41, ,
6, ,-43, ,
3, ,-43, ,
0, ,-42, ,
1, ,-42, ,
-2, ,-42, ,
-2, ,-42, ,
-6, ,-43, ,
-1, ,-42, ,
-2, ,-42, ,
1, ,-42, ,
-5, ,-42, ,
1, ,-41, ,
1, ,-43, ,
-2, ,-42, ,
-4, ,-42, ,
0, ,-42, ,
-4, ,-42, ,
-2, ,-42, ,
-4, ,-43, ,
-1, ,-42, ,
0, ,-43, ,
-1, ,-42, ,
-2, ,-42, ,
-2, ,-42, ,
0, ,-43, ,
-2, ,-43, ,
-6, ,-42, ,
3, ,-43, ,
-2, ,-43, ,
-4, ,-42, ,
-2, ,-43, ,
-4, ,-43, ,
-1, ,-43, ,
-4, ,-42, ,
-9, ,-42, ,
-1, ,-41, ,
-2, ,-43, ,
-4, ,-42, ,
-7, ,-42, ,
-1, ,-43, ,
-4, ,-43, ,
-4, ,-42, ,
-4, ,-43, ,
-4, ,-42, ,
-1, ,-43, ,
-2, ,-42, ,
-6, ,-42, ,
1, ,-42, ,
3, ,-43, ,
1, ,-42, ,
-4, ,-42, ,
-2, ,-43, ,
-2, ,-42, ,
-5, ,-41, ,
-7, ,-43, ,
-2, ,-43, ,
-1, ,-42, ,
1, ,-42, ,
-2, ,-42, ,
0, ,-42, ,
1, ,-43, ,
0, ,-42, ,
-4, ,-42, ,
0, ,-42, ,
-2, ,-42, ,
1, ,-42, ,
-4, ,-43, ,
-1, ,-42, ,
-2, ,-43, ,
-1, ,-42, ,
-5, ,-42, ,
-2, ,-42, ,
3, ,-43, ,
0, ,-42, ,
-2, ,-42, ,
3, ,-42, ,
1, ,-42, ,
-2, ,-41, ,
-5, ,-43, ,
-1, ,-43, ,
-2, ,-42, ,
-1, ,-42, ,
-4, ,-42, ,
0, ,-42, ,
4, ,-43, ,
0, ,-42, ,
-2, ,-42, ,
-1, ,-43, ,
-2, ,-42, ,
-5, ,-42, ,
-9, ,-43, ,
-4, ,-42, ,
0, ,-43, ,
-2, ,-42, ,
-4, ,-42, ,
0, ,-41, ,
0, ,-43, ,
0, ,-42, ,
-5, ,-42, ,
3, ,-43, ,
3, ,-43, ,
0, ,-41, ,
0, ,-43, ,
-1, ,-42, ,
0, ,-42, ,
0, ,-42, ,
-2, ,-42, ,
1, ,-41, ,
1, ,-43, ,
-4, ,-42, ,
-5, ,-42, ,
1, ,-42, ,
1, ,-42, ,
3, ,-42, ,
3, ,-43, ,
1, ,-42, ,
1, ,-43, ,
3, ,-42, ,
-2, ,-42, ,
4, ,-42, ,
5, ,-43, ,
5, ,-42, ,
3, ,-42, ,
4, ,-43, ,
4, ,-43, ,
0, ,-42, ,
-1, ,-43, ,
1, ,-43, ,
1, ,-42, ,
4, ,-43, ,
-2, ,-42, ,
4, ,-41, ,
5, ,-43, ,
1, ,-42, ,
1, ,-42, ,
5, ,-43, ,
4, ,-43, ,
6, ,-42, ,
3, ,-43, ,
4, ,-42, ,
5, ,-42, ,
4, ,-42, ,
-1, ,-42, ,
1, ,-41, ,
4, ,-43, ,
4, ,-42, ,
0, ,-42, ,
8, ,-43, ,
5, ,-43, ,
4, ,-41, ,
4, ,-43, ,
6, ,-42, ,
8, ,-42, ,
5, ,-42, ,
0, ,-42, ,
1, ,-41, ,
1, ,-43, ,
0, ,-42, ,
0, ,-42, ,
8, ,-43, ,
6, ,-43, ,
5, ,-42, ,
5, ,-43, ,
5, ,-42, ,
5, ,-43, ,
5, ,-42, ,
-1, ,-43, ,
4, ,-41, ,
4, ,-43, ,
5, ,-42, ,
1, ,-42, ,
5, ,-43, ,
6, ,-43, ,
4, ,-41, ,
3, ,-43, ,
3, ,-43, ,
4, ,-42, ,
6, ,-42, ,
0, ,-43, ,
6, ,-41, ,
6, ,-43, ,
4, ,-42, ,
1, ,-42, ,
5, ,-42, ,
6, ,-43, ,
8, ,-42, ,
5, ,-43, ,
5, ,-43, ,
8, ,-42, ,
6, ,-42, ,
0, ,-42, ,
4, ,-42, ,
4, ,-43, ,
0, ,-43, ,
-1, ,-42, ,
6, ,-42, ,
6, ,-43, ,
6, ,-42, ,
5, ,-43, ,
6, ,-42, ,
5, ,-42, ,
6, ,-42, ,
0, ,-42, ,
3, ,-42, ,
6, ,-43, ,
6, ,-42, ,
4, ,-42, ,
6, ,-42, ,
6, ,-43, ,
8, ,-42, ,
5, ,-43, ,
5, ,-41, ,
0, ,-37, ,
6, ,-27, ,
6, ,-17, ,
11, ,-7, ,
15, ,0, ,
14, ,8, ,
6, ,14, ,
10, ,19, ,
9, ,23, ,
8, ,27, ,
10, ,31, ,
11, ,33, ,
11, ,35, ,
14, ,38, ,
1, ,40, ,
5, ,40, ,
5, ,44, ,
3, ,45, ,
0, ,44, ,
5, ,46, ,
5, ,47, ,
6, ,46, ,
3, ,49, ,
6, ,48, ,
4, ,49, ,
4, ,49, ,
1, ,50, ,
4, ,48, ,
5, ,51, ,
1, ,50, ,
-1, ,50, ,
4, ,50, ,
3, ,51, ,
3, ,49, ,
1, ,52, ,
0, ,51, ,
-1, ,50, ,
1, ,51, ,
-5, ,51, ,
3, ,49, ,
3, ,52, ,
1, ,50, ,
-1, ,51, ,
3, ,51, ,
-1, ,51, ,
3, ,49, ,
-4, ,52, ,
0, ,51, ,
0, ,51, ,
3, ,51, ,
-2, ,51, ,
1, ,49, ,
5, ,52, ,
3, ,50, ,
-2, ,51, ,
4, ,51, ,
-2, ,51, ,
-2, ,49, ,
-1, ,52, ,
0, ,51, ,
3, ,51, ,
3, ,51, ,
-4, ,51, ,
-1, ,49, ,
0, ,52, ,
-2, ,50, ,
-5, ,50, ,
-1, ,51, ,
0, ,51, ,
1, ,49, ,
-2, ,52, ,
1, ,51, ,
5, ,50, ,
3, ,51, ,
-4, ,51, ,
0, ,49, ,
0, ,52, ,
0, ,50, ,
0, ,50, ,
4, ,51, ,
0, ,51, ,
-4, ,49, ,
-9, ,51, ,
-6, ,50, ,
-4, ,51, ,
3, ,51, ,
-2, ,51, ,
3, ,48, ,
4, ,52, ,
-1, ,50, ,
-4, ,50, ,
-1, ,51, ,
-6, ,50, ,
-1, ,48, ,
-5, ,52, ,
0, ,51, ,
1, ,51, ,
3, ,50, ,
-4, ,51, ,
-2, ,49, ,
-1, ,51, ,
-4, ,50, ,
-5, ,50, ,
0, ,51, ,
0, ,51, ,
-1, ,49, ,
-2, ,52, ,
-1, ,50, ,
-2, ,50, ,
0, ,51, ,
-5, ,51, ,
0, ,48, ,
1, ,52, ,
3, ,49, ,
-5, ,50, ,
-1, ,51, ,
-5, ,51, ,
-2, ,49, ,
-6, ,52, ,
-5, ,50, ,
0, ,51, ,
0, ,50, ,
-5, ,51, ,
0, ,49, ,
-1, ,51, ,
-2, ,50, ,
-6, ,50, ,
-1, ,51, ,
-2, ,51, ,
-4, ,49, ,
-4, ,51, ,
-1, ,51, ,
-2, ,50, ,
3, ,51, ,
-5, ,51, ,
3, ,49, ,
0, ,51, ,
-1, ,49, ,
-5, ,50, ,
-2, ,51, ,
-2, ,51, ,
-2, ,49, ,
-5, ,51, ,
-2, ,50, ,
1, ,50, ,
4, ,51, ,
1, ,51, ,
3, ,49, ,
4, ,51, ,
1, ,50, ,
-2, ,50, ,
1, ,51, ,
0, ,51, ,
0, ,48, ,
-1, ,51, ,
1, ,50, ,
-1, ,51, ,
1, ,50, ,
-4, ,51, ,
1, ,48, ,
4, ,52, ,
3, ,50, ,
3, ,50, ,
5, ,51, ,
3, ,50, ,
1, ,49, ,
-2, ,51, ,
-1, ,51, ,
-1, ,50, ,
0, ,51, ,
-1, ,51, ,
1, ,49, ,
3, ,51, ,
1, ,50, ,
-2, ,50, ,
3, ,51, ,
1, ,51, ,
0, ,48, ,
3, ,51, ,
3, ,51, ,
3, ,50, ,
3, ,51, ,
-2, ,51, ,
0, ,48, ,
0, ,52, ,
-1, ,49, ,
-2, ,50, ,
5, ,51, ,
4, ,51, ,
4, ,49, ,
4, ,51, ,
3, ,50, ,
3, ,51, ,
1, ,50, ,
-4, ,51, ,
1, ,49, ,
0, ,51, ,
3, ,50, ,
3, ,50, ,
5, ,51, ,
-4, ,50, ,
5, ,49, ,
3, ,51, ,
0, ,51, ,
1, ,50, ,
3, ,51, ,
-2, ,51, ,
1, ,48, ,
4, ,52, ,
3, ,50, ,
4, ,50, ,
9, ,51, ,
6, ,51, ,
11, ,48, ,
5, ,51, ,
4, ,50, ,
3, ,51, ,
5, ,50, ,
-1, ,51, ,
1, ,49, ,
4, ,51, ,
4, ,50, ,
1, ,50, ,
5, ,50, ,
3, ,50, ,
6, ,48, ,
5, ,51, ,
4, ,50, ,
4, ,50, ,
5, ,50, ,
1, ,51, ,
6, ,49, ,
5, ,51, ,
1, ,50, ,
-1, ,50, ,
4, ,51, ,
4, ,50, ,
10, ,48, ,
6, ,51, ,
5, ,51, ,
4, ,50, ,
4, ,51, ,
-4, ,51, ,
0, ,49, ,
3, ,51, ,
1, ,50, ,
0, ,50, ,
6, ,50, ,
5, ,51, ,
8, ,48, ,
8, ,51, ,
9, ,50, ,
6, ,50, ,
9, ,51, ,
-1, ,51, ,
5, ,49, ,
8, ,52, ,
6, ,50, ,
0, ,50, ,
4, ,51, ,
1, ,50, ,
1, ,49, ,
0, ,51, ,
4, ,50, ,
5, ,51, ,
6, ,50, ,
4, ,51, ,
5, ,49, ,
6, ,51, ,
4, ,50, ,
4, ,50, ,
5, ,50, ,
4, ,51, ,
5, ,48, ,
1, ,52, ,
3, ,50, ,
1, ,49, ,
4, ,50, ,
-2, ,51, ,
1, ,48, ,
4, ,52, ,
-1, ,49, ,
-2, ,50, ,
5, ,50, ,
3, ,51, ,
4, ,49, ,
1, ,51, ,
0, ,50, ,
3, ,50, ,
3, ,50, ,
1, ,51, ,
4, ,49, ,
6, ,51, ,
6, ,50, ,
4, ,50, ,
8, ,50, ,
4, ,51, ,
3, ,49, ,
0, ,51, ,
0, ,50, ,
6, ,50, ,
8, ,50, ,
0, ,51, ,
4, ,48, ,
4, ,51, ,
1, ,50, ,
-2, ,50, ,
0, ,51, ,
-1, ,51, ,
4, ,48, ,
1, ,51, ,
4, ,50, ,
5, ,50, ,
4, ,50, ,
0, ,51, ,
6, ,49, ,
4, ,51, ,
4, ,50, ,
0, ,50, ,
0, ,51, ,
1, ,51, ,
0, ,48, ,
-2, ,51, ,
0, ,51, ,
1, ,50, ,
4, ,51, ,
-2, ,51, ,
4, ,48, ,
4, ,51, ,
4, ,50, ,
0, ,50, ,
3, ,51, ,
-1, ,50, ,
1, ,49, ,
-5, ,51, ,
-2, ,50, ,
0, ,50, ,
3, ,50, ,
-1, ,51, ,
0, ,49, ,
0, ,51, ,
-2, ,50, ,
-6, ,50, ,
-2, ,51, ,
-6, ,50, ,
-1, ,48, ,
-2, ,51, ,
0, ,50, ,
-1, ,50, ,
4, ,50, ,
-1, ,51, ,
0, ,48, ,
3, ,52, ,
0, ,49, ,
-5, ,50, ,
0, ,51, ,
-5, ,51, ,
-1, ,48, ,
-1, ,51, ,
0, ,50, ,
1, ,51, ,
0, ,50, ,
-5, ,51, ,
0, ,48, ,
-2, ,51, ,
-2, ,50, ,
-4, ,50, ,
3, ,51, ,
0, ,50, ,
0, ,48, ,
0, ,51, ,
-1, ,50, ,
-1, ,50, ,
4, ,50, ,
-1, ,51, ,
3, ,48, ,
3, ,51, ,
-1, ,49, ,
-5, ,50, ,
-2, ,51, ,
-7, ,51, ,
-5, ,48, ,
-4, ,51, ,
-1, ,50, ,
1, ,50, ,
4, ,50, ,
-1, ,51, ,
1, ,49, ,
3, ,51, ,
0, ,50, ,
-2, ,50, ,
0, ,51, ,
-4, ,50, ,
-1, ,48, ,
-2, ,51, ,
1, ,50, ,
0, ,50, ,
1, ,50, ,
-2, ,50, ,
-1, ,49, ,
3, ,51, ,
-1, ,50, ,
-1, ,50, ,
5, ,51, ,
3, ,50, ,
0, ,48, ,
-1, ,51, ,
0, ,50, ,
0, ,50, ,
0, ,50, ,
-2, ,51, ,
-1, ,49, ,
0, ,51, ,
3, ,50, ,
-2, ,50, ,
0, ,50, ,
0, ,50, ,
-6, ,48, ,
-10, ,51, ,
-1, ,50, ,
-4, ,50, ,
1, ,51, ,
-5, ,51, ,
0, ,48, ,
-2, ,51, ,
-2, ,50, ,
-5, ,50, ,
-1, ,51, ,
-1, ,51, ,
3, ,49, ,
-2, ,51, ,
0, ,50, ,
1, ,50, ,
4, ,50, ,
-2, ,51, ,
3, ,49, ,
3, ,51, ,
4, ,50, ,
-2, ,50, ,
1, ,51, ,
-1, ,50, ,
-2, ,49, ,
-1, ,51, ,
1, ,50, ,
0, ,50, ,
1, ,50, ,
-2, ,50, ,
4, ,48, ,
3, ,52, ,
0, ,49, ,
0, ,50, ,
6, ,51, ,
4, ,50, ,
8, ,49, ,
3, ,51, ,
4, ,50, ,
4, ,50, ,
0, ,50, ,
-2, ,51, ,
1, ,49, ,
5, ,51, ,
4, ,50, ,
4, ,50, ,
9, ,50, ,
3, ,51, ,
3, ,48, ,
-1, ,51, ,
0, ,51, ,
3, ,50, ,
6, ,50, ,
1, ,51, ,
6, ,48, ,
6, ,52, ,
5, ,50, ,
3, ,50, ,
6, ,51, ,
4, ,51, ,
5, ,48, ,
4, ,51, ,
4, ,50, ,
4, ,50, ,
0, ,50, ,
-4, ,50, ,
0, ,49, ,
0, ,51, ,
3, ,50, ,
0, ,50, ,
8, ,50, ,
6, ,51, ,
4, ,48, ,
5, ,51, ,
1, ,50, ,
3, ,50, ,
3, ,51, ,
0, ,51, ,
3, ,49, ,
4, ,51, ,
-10, ,50, ,
0, ,50, ,
11, ,51, ,
0, ,51, ,
9, ,49, ,
1, ,51, ,
1, ,50, ,
-1, ,50, ,
3, ,50, ,
0, ,51, ,
4, ,49, ,
9, ,51, ,
6, ,50, ,
4, ,50, ,
5, ,50, ,
5, ,51, ,
4, ,48, ,
0, ,52, ,
5, ,50, ,
1, ,50, ,
5, ,51, ,
1, ,51, ,
1, ,48, ,
3, ,51, ,
1, ,50, ,
0, ,50, ,
6, ,50, ,
5, ,51, ,
5, ,49, ,
4, ,51, ,
5, ,50, ,
4, ,50, ,
4, ,51, ,
-1, ,51, ,
3, ,49, ,
3, ,51, ,
3, ,50, ,
0, ,50, ,
9, ,51, ,
6, ,51, ,
5, ,48, ,
4, ,51, ,
4, ,51, ,
4, ,50, ,
4, ,50, ,
0, ,50, ,
4, ,49, ,
4, ,52, ,
4, ,50, ,
1, ,51, ,
8, ,51, ,
3, ,51, ,
4, ,49, ,
3, ,51, ,
5, ,50, ,
6, ,50, ,
8, ,50, ,
4, ,51, ,
6, ,48, ,
5, ,51, ,
5, ,50, ,
-1, ,50, ,
4, ,51, ,
4, ,51, ,
3, ,48, ,
1, ,51, ,
1, ,50, ,
1, ,50, ,
5, ,51, ,
-1, ,51, ,
5, ,48, ,
5, ,52, ,
3, ,49, ,
-2, ,50, ,
4, ,50, ,
0, ,51, ,
3, ,49, ,
0, ,51, ,
3, ,50, ,
3, ,50, ,
4, ,50, ,
-2, ,51, ,
0, ,49, ,
1, ,51, ,
0, ,50, ,
-1, ,50, ,
1, ,51, ,
-4, ,51, ,
-4, ,49, ,
-4, ,51, ,
-1, ,51, ,
0, ,50, ,
4, ,50, ,
0, ,51, ,
3, ,49, ,
3, ,52, ,
1, ,49, ,
-4, ,50, ,
4, ,51, ,
-2, ,51, ,
0, ,49, ,
-1, ,51, ,
0, ,50, ,
4, ,49, ,
4, ,50, ,
1, ,51, ,
3, ,49, ,
1, ,51, ,
-1, ,49, ,
-7, ,50, ,
0, ,51, ,
1, ,51, ,
4, ,48, ,
4, ,51, ,
6, ,50, ,
5, ,50, ,
9, ,51, ,
-2, ,51, ,
1, ,49, ,
3, ,52, ,
0, ,50, ,
-1, ,50, ,
3, ,50, ,
1, ,51, ,
-1, ,49, ,
-2, ,51, ,
0, ,50, ,
1, ,51, ,
3, ,50, ,
1, ,51, ,
4, ,48, ,
4, ,51, ,
0, ,50, ,
-2, ,50, ,
0, ,51, ,
-1, ,51, ,
-1, ,48, ,
-6, ,51, ,
3, ,50, ,
0, ,50, ,
3, ,51, ,
0, ,51, ,
-1, ,49, ,
1, ,52, ,
-2, ,50, ,
-6, ,50, ,
3, ,51, ,
-4, ,50, ,
3, ,49, ,
0, ,51, ,
0, ,50, ,
3, ,51, ,
3, ,50, ,
-1, ,51, ,
-9, ,49, ,
5, ,51, ,
4, ,50, ,
-7, ,50, ,
1, ,50, ,
-2, ,51, ,
-1, ,49, ,
-2, ,51, ,
1, ,50, ,
1, ,50, ,
0, ,50, ,
-6, ,51, ,
0, ,49, ,
-2, ,52, ,
-2, ,50, ,
-4, ,50, ,
0, ,51, ,
0, ,51, ,
-1, ,49, ,
0, ,51, ,
5, ,50, ,
3, ,51, ,
3, ,50, ,
-1, ,51, ,
4, ,49, ,
3, ,51, ,
3, ,50, ,
-1, ,50, ,
0, ,51, ,
-1, ,50, ,
-1, ,48, ,
1, ,51, ,
-1, ,50, ,
0, ,50, ,
4, ,51, ,
-2, ,51, ,
3, ,48, ,
3, ,51, ,
-1, ,50, ,
-4, ,50, ,
1, ,51, ,
-4, ,51, ,
3, ,48, ,
0, ,51, ,
4, ,50, ,
4, ,51, ,
5, ,50, ,
0, ,51, ,
1, ,49, ,
4, ,52, ,
3, ,50, ,
1, ,50, ,
5, ,51, ,
4, ,50, ,
3, ,48, ,
0, ,51, ,
1, ,51, ,
0, ,50, ,
3, ,50, ,
-2, ,50, ,
4, ,48, ,
5, ,52, ,
5, ,50, ,
1, ,50, ,
9, ,51, ,
3, ,51, ,
5, ,48, ,
0, ,51, ,
1, ,50, ,
0, ,51, ,
-1, ,50, ,
-4, ,51, ,
1, ,49, ,
-1, ,51, ,
1, ,50, ,
-1, ,50, ,
5, ,51, ,
4, ,50, ,
1, ,49, ,
-1, ,51, ,
3, ,50, ,
0, ,50, ,
3, ,51, ,
-2, ,51, ,
3, ,49, ,
3, ,52, ,
1, ,50, ,
-6, ,50, ,
1, ,51, ,
0, ,51, ,
4, ,49, ,
-4, ,51, ,
0, ,50, ,
0, ,50, ,
1, ,50, ,
-2, ,51, ,
4, ,49, ,
9, ,51, ,
0, ,50, ,
1, ,50, ,
10, ,51, ,
6, ,50, ,
6, ,49, ,
1, ,51, ,
3, ,50, ,
-1, ,50, ,
0, ,50, ,
-2, ,51, ,
3, ,48, ,
8, ,52, ,
8, ,49, ,
8, ,50, ,
11, ,50, ,
6, ,50, ,
5, ,49, ,
-2, ,51, ,
0, ,50, ,
1, ,51, ,
1, ,51, ,
-2, ,51, ,
1, ,49, ,
1, ,51, ,
1, ,50, ,
3, ,50, ,
9, ,51, ,
8, ,51, ,
8, ,48, ,
3, ,51, ,
3, ,50, ,
4, ,50, ,
8, ,47, ,
-4, ,38, ,
0, ,27, ,
-1, ,18, ,
-2, ,10, ,
-6, ,2, ,
-2, ,-4, ,
-2, ,-9, ,
-1, ,-13, ,
-4, ,-18, ,
-5, ,-22, ,
-4, ,-24, ,
-1, ,-27, ,
-6, ,-29, ,
0, ,-31, ,
1, ,-33, ,
1, ,-35, ,
1, ,-36, ,
4, ,-37, ,
4, ,-38, ,
3, ,-38, ,
-2, ,-40, ,
-1, ,-40, ,
-1, ,-40, ,
0, ,-41, ,
-4, ,-41, ,
0, ,-41, ,
1, ,-43, ,
1, ,-42, ,
-2, ,-42, ,
0, ,-42, ,
1, ,-42, ,
1, ,-42, ,
-1, ,-43, ,
1, ,-43, ,
3, ,-43, ,
4, ,-43, ,
0, ,-43, ,
0, ,-42, ,
3, ,-44, ,
-1, ,-43, ,
-1, ,-43, ,
-1, ,-43, ,
0, ,-43, ,
1, ,-42, ,
-1, ,-43, ,
1, ,-43, ,
-1, ,-43, ,
-1, ,-43, ,
0, ,-43, ,
1, ,-42, ,
5, ,-44, ,
4, ,-42, ,
0, ,-43, ,
5, ,-43, ,
3, ,-43, ,
1, ,-42, ,
-2, ,-43, ,
1, ,-43, ,
4, ,-43, ,
1, ,-43, ,
-2, ,-43, ,
1, ,-42, ,
1, ,-43, ,
0, ,-43, ,
-4, ,-43, ,
0, ,-43, ,
1, ,-43, ,
-1, ,-42, ,
-1, ,-43, ,
3, ,-43, ,
6, ,-43, ,
8, ,-43, ,
0, ,-43, ,
5, ,-41, ,
8, ,-44, ,
0, ,-42, ,
-2, ,-42, ,
4, ,-43, ,
0, ,-43, ,
1, ,-42, ,
-2, ,-43, ,
3, ,-42, ,
4, ,-43, ,
6, ,-43, ,
-1, ,-43, ,
1, ,-42, ,
5, ,-43, ,
0, ,-43, ,
-2, ,-42, ,
0, ,-43, ,
1, ,-43, ,
0, ,-42, ,
-2, ,-43, ,
3, ,-43, ,
1, ,-43, ,
3, ,-43, ,
-4, ,-42, ,
0, ,-42, ,
1, ,-43, ,
-2, ,-43, ,
-5, ,-42, ,
-1, ,-43, ,
-1, ,-43, ,
-1, ,-42, ,
-2, ,-43, ,
-2, ,-42, ,
-1, ,-43, ,
1, ,-42, ,
0, ,-43, ,
1, ,-42, ,
3, ,-43, ,
0, ,-43, ,
-5, ,-42, ,
-1, ,-43, ,
-1, ,-43, ,
-2, ,-42, ,
0, ,-43, ,
5, ,-42, ,
5, ,-43, ,
5, ,-42, ,
-2, ,-43, ,
-1, ,-41, ,
-2, ,-43, ,
-4, ,-42, ,
-9, ,-42, ,
3, ,-42, ,
3, ,-43, ,
4, ,-42, ,
1, ,-43, ,
4, ,-42, ,
4, ,-43, ,
4, ,-43, ,
-4, ,-43, ,
4, ,-42, ,
3, ,-43, ,
1, ,-43, ,
-1, ,-42, ,
3, ,-43, ,
3, ,-43, ,
-1, ,-42, ,
-1, ,-43, ,
1, ,-42, ,
3, ,-42, ,
4, ,-42, ,
0, ,-43, ,
4, ,-41, ,
4, ,-43, ,
-2, ,-42, ,
-4, ,-42, ,
0, ,-43, ,
-1, ,-42, ,
4, ,-42, ,
0, ,-43, ,
4, ,-42, ,
5, ,-43, ,
5, ,-42, ,
0, ,-42, ,
1, ,-41, ,
3, ,-43, ,
1, ,-43, ,
-1, ,-42, ,
4, ,-43, ,
0, ,-43, ,
-1, ,-42, ,
-2, ,-43, ,
-1, ,-42, ,
1, ,-42, ,
1, ,-42, ,
-4, ,-43, ,
1, ,-42, ,
4, ,-43, ,
0, ,-42, ,
-2, ,-42, ,
3, ,-43, ,
1, ,-42, ,
3, ,-42, ,
4, ,-43, ,
3, ,-42, ,
3, ,-43, ,
1, ,-42, ,
-5, ,-42, ,
0, ,-42, ,
-1, ,-43, ,
-1, ,-43, ,
-2, ,-42, ,
4, ,-43, ,
5, ,-43, ,
0, ,-42, ,
0, ,-42, ,
1, ,-43, ,
3, ,-42, ,
3, ,-42, ,
0, ,-42, ,
5, ,-42, ,
6, ,-43, ,
3, ,-42, ,
1, ,-42, ,
3, ,-42, ,
1, ,-43, ,
-1, ,-42, ,
-6, ,-43, ,
-1, ,-42, ,
1, ,-43, ,
4, ,-42, ,
-1, ,-42, ,
4, ,-42, ,
4, ,-43, ,
1, ,-42, ,
-2, ,-42, ,
4, ,-43, ,
6, ,-43, ,
3, ,-42, ,
-2, ,-43, ,
4, ,-42, ,
1, ,-42, ,
3, ,-42, ,
-2, ,-42, ,
1, ,-42, ,
8, ,-43, ,
5, ,-42, ,
4, ,-42, ,
9, ,-42, ,
5, ,-43, ,
4, ,-42, ,
-2, ,-43, ,
0, ,-42, ,
3, ,-42, ,
3, ,-43, ,
-1, ,-42, ,
5, ,-42, ,
8, ,-43, ,
5, ,-42, ,
0, ,-42, ,
6, ,-42, ,
5, ,-42, ,
1, ,-42, ,
-1, ,-43, ,
-1, ,-42, ,
4, ,-42, ,
0, ,-43, ,
-2, ,-42, ,
5, ,-41, ,
6, ,-43, ,
4, ,-42, ,
-1, ,-42, ,
3, ,-42, ,
0, ,-43, ,
1, ,-42, ,
1, ,-43, ,
1, ,-42, ,
4, ,-42, ,
1, ,-42, ,
-4, ,-42, ,
4, ,-42, ,
3, ,-43, ,
3, ,-42, ,
1, ,-42, ,
4, ,-43, ,
5, ,-42, ,
3, ,-41, ,
-1, ,-43, ,
1, ,-43, ,
-1, ,-42, ,
3, ,-42, ,
-5, ,-42, ,
0, ,-42, ,
4, ,-43, ,
1, ,-42, ,
0, ,-42, ,
3, ,-43, ,
1, ,-43, ,
1, ,-42, ,
-2, ,-43, ,
1, ,-42, ,
3, ,-43, ,
5, ,-42, ,
3, ,-42, ,
4, ,-41, ,
5, ,-43, ,
3, ,-42, ,
-1, ,-42, ,
1, ,-43, ,
1, ,-42, ,
0, ,-41, ,
-1, ,-43, ,
3, ,-42, ,
4, ,-42, ,
4, ,-42, ,
0, ,-42, ,
1, ,-42, ,
4, ,-43, ,
3, ,-43, ,
3, ,-42, ,
8, ,-42, ,
8, ,-42, ,
9, ,-42, ,
4, ,-43, ,
6, ,-42, ,
4, ,-43, ,
1, ,-42, ,
-5, ,-42, ,
0, ,-42, ,
0, ,-43, ,
0, ,-42, ,
-1, ,-42, ,
5, ,-42, ,
1, ,-43, ,
3, ,-41, ,
0, ,-43, ,
-1, ,-42, ,
3, ,-42, ,
4, ,-42, ,
-4, ,-42, ,
3, ,-42, ,
3, ,-43, ,
1, ,-42, ,
-4, ,-42, ,
3, ,-43, ,
0, ,-42, ,
1, ,-42, ,
-1, ,-43, ,
5, ,-42, ,
5, ,-43, ,
4, ,-42, ,
0, ,-42, ,
9, ,-42, ,
3, ,-43, ,
-2, ,-43, ,
-2, ,-42, ,
1, ,-43, ,
4, ,-42, ,
4, ,-41, ,
1, ,-43, ,
4, ,-43, ,
4, ,-42, ,
4, ,-42, ,
-2, ,-42, ,
-1, ,-41, ,
3, ,-43, ,
-4, ,-42, ,
-6, ,-42, ,
0, ,-42, ,
-1, ,-42, ,
3, ,-42, ,
-1, ,-43, ,
-1, ,-42, ,
3, ,-43, ,
0, ,-42, ,
-4, ,-43, ,
1, ,-42, ,
3, ,-43, ,
1, ,-42, ,
-2, ,-42, ,
3, ,-43, ,
1, ,-42, ,
-1, ,-41, ,
-2, ,-43, ,
1, ,-42, ,
4, ,-42, ,
5, ,-42, ,
0, ,-42, ,
0, ,-41, ,
0, ,-43, ,
-1, ,-42, ,
-10, ,-42, ,
-7, ,-43, ,
-10, ,-42, ,
-12, ,-42, ,
-11, ,-42, ,
-10, ,-42, ,
-9, ,-43, ,
-5, ,-42, ,
-9, ,-43, ,
-2, ,-42, ,
1, ,-43, ,
1, ,-42, ,
4, ,-42, ,
14, ,-43, ,
13, ,-43, ,
11, ,-42, ,
8, ,-43, ,
8, ,-42, ,
6, ,-42, ,
5, ,-42, ,
-6, ,-42, ,
-1, ,-41, ,
1, ,-43, ,
-4, ,-42, ,
-4, ,-42, ,
-1, ,-42, ,
-1, ,-42, ,
1, ,-42, ,
-1, ,-43, ,
3, ,-42, ,
3, ,-43, ,
1, ,-42, ,
-4, ,-42, ,
-2, ,-41, ,
1, ,-43, ,
0, ,-43, ,
-6, ,-42, ,
1, ,-42, ,
0, ,-43, ,
0, ,-42, ,
-4, ,-42, ,
0, ,-42, ,
-4, ,-42, ,
-1, ,-42, ,
-4, ,-42, ,
0, ,-42, ,
3, ,-43, ,
-4, ,-42, ,
-6, ,-42, ,
0, ,-42, ,
1, ,-43, ,
-1, ,-42, ,
4, ,-43, ,
4, ,-42, ,
4, ,-43, ,
3, ,-42, ,
-5, ,-43, ,
-2, ,-42, ,
-2, ,-43, ,
-6, ,-43, ,
-6, ,-42, ,
0, ,-43, ,
-1, ,-43, ,
1, ,-42, ,
1, ,-43, ,
1, ,-42, ,
3, ,-43, ,
3, ,-42, ,
-2, ,-43, ,
5, ,-42, ,
5, ,-43, ,
3, ,-42, ,
1, ,-42, ,
4, ,-43, ,
4, ,-43, ,
0, ,-42, ,
-5, ,-43, ,
-1, ,-42, ,
3, ,-42, ,
4, ,-42, ,
5, ,-42, ,
6, ,-41, ,
1, ,-43, ,
3, ,-42, ,
0, ,-42, ,
0, ,-42, ,
6, ,-42, ,
5, ,-42, ,
-1, ,-43, ,
1, ,-42, ,
4, ,-42, ,
5, ,-42, ,
-2, ,-42, ,
3, ,-42, ,
8, ,-43, ,
4, ,-42, ,
0, ,-42, ,
5, ,-42, ,
-1, ,-43, ,
-1, ,-42, ,
-2, ,-43, ,
0, ,-42, ,
3, ,-43, ,
4, ,-42, ,
3, ,-42, ,
4, ,-42, ,
5, ,-43, ,
4, ,-42, ,
-2, ,-42, ,
6, ,-42, ,
5, ,-42, ,
4, ,-41, ,
0, ,-43, ,
3, ,-42, ,
3, ,-42, ,
4, ,-42, ,
-1, ,-42, ,
3, ,-41, ,
9, ,-43, ,
4, ,-42, ,
0, ,-42, ,
9, ,-42, ,
5, ,-43, ,
3, ,-42, ,
-2, ,-43, ,
-1, ,-42, ,
3, ,-42, ,
3, ,-42, ,
0, ,-42, ,
5, ,-42, ,
3, ,-43, ,
0, ,-42, ,
-2, ,-42, ,
1, ,-43, ,
1, ,-43, ,
3, ,-41, ,
1, ,-43, ,
5, ,-42, ,
5, ,-42, ,
5, ,-42, ,
-1, ,-42, ,
4, ,-41, ,
6, ,-43, ,
3, ,-42, ,
1, ,-42, ,
4, ,-42, ,
1, ,-42, ,
6, ,-42, ,
1, ,-43, ,
4, ,-42, ,
4, ,-43, ,
3, ,-42, ,
3, ,-42, ,
6, ,-42, ,
13, ,-43, ,
10, ,-42, ,
6, ,-42, ,
6, ,-42, ,
-1, ,-43, ,
1, ,-42, ,
-9, ,-42, ,
1, ,-42, ,
-10, ,-42, ,
5, ,-43, ,
11, ,-42, ,
4, ,-41, ,
14, ,-43, ,
9, ,-42, ,
-1, ,-42, ,
4, ,-42, ,
3, ,-43, ,
5, ,-42, ,
4, ,-43, ,
6, ,-42, ,
6, ,-42, ,
5, ,-42, ,
-2, ,-42, ,
4, ,-41, ,
4, ,-43, ,
4, ,-42, ,
1, ,-42, ,
4, ,-43, ,
6, ,-43, ,
3, ,-42, ,
1, ,-43, ,
3, ,-42, ,
4, ,-42, ,
5, ,-42, ,
-1, ,-42, ,
1, ,-42, ,
5, ,-43, ,
1, ,-42, ,
-2, ,-42, ,
4, ,-42, ,
5, ,-42, ,
3, ,-42, ,
-2, ,-43, ,
0, ,-42, ,
1, ,-43, ,
0, ,-42, ,
-4, ,-42, ,
1, ,-42, ,
6, ,-43, ,
3, ,-43, ,
0, ,-42, ,
3, ,-42, ,
5, ,-43, ,
3, ,-41, ,
4, ,-43, ,
9, ,-42, ,
9, ,-42, ,
11, ,-42, ,
4, ,-42, ,
6, ,-41, ,
6, ,-43, ,
0, ,-42, ,
-4, ,-42, ,
3, ,-42, ,
1, ,-42, ,
4, ,-42, ,
3, ,-43, ,
5, ,-42, ,
6, ,-43, ,
4, ,-42, ,
-1, ,-42, ,
0, ,-41, ,
3, ,-43, ,
3, ,-42, ,
3, ,-42, ,
8, ,-43, ,
5, ,-42, ,
3, ,-41, ,
5, ,-43, ,
4, ,-42, ,
3, ,-42, ,
5, ,-42, ,
-2, ,-42, ,
3, ,-41, ,
5, ,-43, ,
4, ,-42, ,
-1, ,-42, ,
5, ,-42, ,
3, ,-43, ,
1, ,-42, ,
3, ,-43, ,
3, ,-42, ,
4, ,-43, ,
3, ,-42, ,
-1, ,-42, ,
3, ,-42, ,
1, ,-43, ,
0, ,-43, ,
-4, ,-42, ,
0, ,-42, ,
3, ,-43, ,
3, ,-42, ,
4, ,-43, ,
4, ,-42, ,
3, ,-42, ,
5, ,-42, ,
-4, ,-42, ,
3, ,-41, ,
4, ,-43, ,
0, ,-42, ,
-4, ,-42, ,
-1, ,-42, ,
-4, ,-43, ,
-1, ,-42, ,
-1, ,-42, ,
3, ,-42, ,
5, ,-43, ,
3, ,-42, ,
-7, ,-43, ,
-4, ,-41, ,
-5, ,-43, ,
-5, ,-43, ,
-6, ,-42, ,
0, ,-42, ,
0, ,-42, ,
-1, ,-42, ,
-5, ,-43, ,
-2, ,-42, ,
-4, ,-42, ,
-1, ,-42, ,
-6, ,-42, ,
-2, ,-41, ,
0, ,-43, ,
-2, ,-42, ,
-5, ,-42, ,
0, ,-42, ,
0, ,-43, ,
0, ,-42, ,
-4, ,-42, ,
-1, ,-42, ,
0, ,-43, ,
-1, ,-42, ,
-7, ,-42, ,
-2, ,-42, ,
-4, ,-43, ,
-6, ,-43, ,
-11, ,-42, ,
-4, ,-42, ,
-4, ,-43, ,
-5, ,-42, ,
-4, ,-43, ,
-1, ,-42, ,
-1, ,-42, ,
-2, ,-42, ,
-6, ,-42, ,
-1, ,-42, ,
-1, ,-43, ,
-2, ,-42, ,
-5, ,-42, ,
-1, ,-42, ,
0, ,-43, ,
-2, ,-42, ,
-5, ,-43, ,
-1, ,-42, ,
-2, ,-43, ,
-2, ,-42, ,
-6, ,-42, ,
-1, ,-41, ,
-1, ,-43, ,
-2, ,-42, ,
-5, ,-42, ,
1, ,-42, ,
0, ,-43, ,
1, ,-42, ,
-1, ,-43, ,
0, ,-43, ,
-1, ,-42, ,
1, ,-42, ,
-5, ,-42, ,
0, ,-41, ,
4, ,-43, ,
-2, ,-42, ,
-4, ,-42, ,
0, ,-42, ,
-6, ,-43, ,
-4, ,-42, ,
-7, ,-42, ,
-6, ,-42, ,
-2, ,-42, ,
-1, ,-42, ,
-4, ,-42, ,
0, ,-42, ,
1, ,-43, ,
0, ,-43, ,
-6, ,-42, ,
-1, ,-43, ,
-1, ,-43, ,
-2, ,-42, ,
-4, ,-43, ,
-2, ,-42, ,
0, ,-42, ,
1, ,-43, ,
-6, ,-42, ,
1, ,-41, ,
1, ,-43, ,
0, ,-42, ,
-2, ,-42, ,
4, ,-42, ,
1, ,-43, ,
0, ,-42, ,
-1, ,-43, ,
-1, ,-42, ,
-1, ,-42, ,
0, ,-42, ,
-5, ,-43, ,
3, ,-42, ,
4, ,-43, ,
1, ,-42, ,
0, ,-42, ,
3, ,-43, ,
1, ,-43, ,
0, ,-41, ,
-2, ,-43, ,
3, ,-42, ,
3, ,-42, ,
10, ,-42, ,
1, ,-42, ,
6, ,-42, ,
5, ,-43, ,
3, ,-42, ,
-1, ,-42, ,
1, ,-43, ,
3, ,-43, ,
3, ,-42, ,
1, ,-43, ,
4, ,-42, ,
6, ,-43, ,
5, ,-42, ,
4, ,-43, ,
6, ,-42, ,
8, ,-43, ,
5, ,-42, ,
4, ,-42, ,
8, ,-42, ,
3, ,-42, ,
0, ,-42, ,
0, ,-43, ,
1, ,-42, ,
1, ,-42, ,
1, ,-42, ,
3, ,-42, ,
6, ,-41, ,
8, ,-43, ,
5, ,-42, ,
3, ,-42, ,
5, ,-42, ,
3, ,-42, ,
4, ,-42, ,
1, ,-43, ,
10, ,-42, ,
9, ,-42, ,
1, ,-42, ,
0, ,-40, ,
6, ,-31, ,
11, ,-22, ,
11, ,-12, ,
9, ,-4, ,
11, ,4, ,
10, ,11, ,
6, ,16, ,
4, ,21, ,
5, ,26, ,
13, ,29, ,
16, ,32, ,
10, ,34, ,
13, ,35, ,
13, ,39, ,
9, ,40, ,
4, ,41, ,
6, ,44, ,
8, ,45, ,
6, ,45, ,
4, ,47, ,
6, ,47, ,
6, ,48, ,
6, ,48, ,
0, ,49, ,
5, ,48, ,
8, ,50, ,
8, ,50, ,
-1, ,50, ,
6, ,50, ,
6, ,50, ,
5, ,49, ,
5, ,51, ,
4, ,51, ,
4, ,50, ,
9, ,51, ,
3, ,51, ,
4, ,49, ,
8, ,52, ,
8, ,51, ,
4, ,51, ,
6, ,51, ,
1, ,51, ,
3, ,49, ,
-2, ,52, ,
1, ,51, ,
4, ,50, ,
8, ,51, ,
4, ,52, ,
6, ,49, ,
5, ,52, ,
5, ,50, ,
4, ,51, ,
9, ,51, ,
5, ,51, ,
6, ,50, ,
6, ,52, ,
6, ,51, ,
6, ,50, ,
8, ,51, ,
-1, ,52, ,
3, ,48, ,
3, ,52, ,
3, ,50, ,
0, ,51, ,
6, ,51, ,
4, ,51, ,
5, ,49, ,
4, ,52, ,
3, ,51, ,
4, ,51, ,
5, ,50, ,
-4, ,52, ,
1, ,49, ,
1, ,52, ,
3, ,50, ,
-1, ,50, ,
6, ,51, ,
6, ,51, ,
4, ,49, ,
3, ,52, ,
3, ,51, ,
0, ,50, ,
3, ,51, ,
-5, ,51, ,
-1, ,49, ,
1, ,52, ,
0, ,50, ,
-1, ,50, ,
4, ,51, ,
0, ,51, ,
1, ,49, ,
-1, ,52, ,
1, ,51, ,
1, ,51, ,
1, ,50, ,
-1, ,51, ,
0, ,49, ,
-1, ,51, ,
-1, ,50, ,
-5, ,50, ,
3, ,51, ,
0, ,51, ,
1, ,49, ,
-1, ,52, ,
0, ,50, ,
1, ,50, ,
0, ,51, ,
-5, ,51, ,
-1, ,48, ,
-1, ,51, ,
-1, ,49, ,
-4, ,50, ,
4, ,51, ,
4, ,50, ,
3, ,48, ,
1, ,52, ,
1, ,51, ,
3, ,51, ,
1, ,50, ,
-5, ,51, ,
-1, ,48, ,
0, ,51, ,
-1, ,50, ,
-5, ,50, ,
0, ,51, ,
-2, ,50, ,
0, ,49, ,
-1, ,51, ,
-1, ,51, ,
-1, ,50, ,
1, ,51, ,
-5, ,51, ,
3, ,49, ,
1, ,51, ,
-2, ,50, ,
-2, ,50, ,
5, ,51, ,
-1, ,50, ,
-2, ,49, ,
-2, ,52, ,
-4, ,50, ,
-2, ,51, ,
-1, ,51, ,
-9, ,51, ,
-2, ,48, ,
-4, ,51, ,
-5, ,50, ,
-9, ,50, ,
-1, ,51, ,
-1, ,51, ,
-1, ,49, ,
-2, ,51, ,
1, ,50, ,
1, ,50, ,
3, ,51, ,
-4, ,51, ,
-4, ,49, ,
-1, ,52, ,
-2, ,50, ,
-7, ,50, ,
-1, ,51, ,
-2, ,51, ,
-1, ,49, ,
-5, ,51, ,
-5, ,50, ,
-2, ,50, ,
-1, ,50, ,
-6, ,51, ,
0, ,49, ,
0, ,51, ,
3, ,50, ,
-4, ,50, ,
-1, ,51, ,
-2, ,50, ,
-4, ,48, ,
-9, ,51, ,
-4, ,51, ,
-4, ,50, ,
-1, ,50, ,
-5, ,51, ,
1, ,49, ,
0, ,52, ,
-2, ,50, ,
-6, ,50, ,
-1, ,51, ,
-4, ,51, ,
1, ,49, ,
-1, ,51, ,
0, ,50, ,
0, ,51, ,
1, ,50, ,
-5, ,51, ,
0, ,49, ,
0, ,52, ,
1, ,50, ,
-2, ,50, ,
3, ,50, ,
-1, ,50, ,
0, ,48, ,
-4, ,51, ,
1, ,51, ,
-2, ,50, ,
1, ,51, ,
-4, ,51, ,
4, ,49, ,
4, ,52, ,
-1, ,50, ,
1, ,51, ,
0, ,51, ,
0, ,51, ,
0, ,49, ,
-2, ,51, ,
1, ,50, ,
3, ,50, ,
5, ,50, ,
0, ,51, ,
8, ,49, ,
3, ,51, ,
-1, ,50, ,
1, ,50, ,
4, ,51, ,
-1, ,51, ,
0, ,49, ,
-4, ,51, ,
4, ,50, ,
1, ,49, ,
6, ,51, ,
3, ,51, ,
5, ,49, ,
6, ,51, ,
4, ,50, ,
0, ,50, ,
5, ,51, ,
0, ,51, ,
1, ,49, ,
0, ,51, ,
3, ,50, ,
4, ,51, ,
1, ,50, ,
-7, ,51, ,
0, ,49, ,
-1, ,51, ,
3, ,50, ,
0, ,50, ,
5, ,50, ,
5, ,50, ,
1, ,48, ,
-2, ,52, ,
1, ,51, ,
1, ,50, ,
5, ,50, ,
4, ,51, ,
10, ,49, ,
10, ,52, ,
6, ,50, ,
0, ,50, ,
3, ,51, ,
0, ,50, ,
-1, ,49, ,
-2, ,52, ,
4, ,50, ,
6, ,50, ,
9, ,50, ,
1, ,51, ,
5, ,48, ,
6, ,51, ,
4, ,50, ,
3, ,50, ,
8, ,50, ,
9, ,51, ,
9, ,49, ,
8, ,51, ,
8, ,50, ,
6, ,50, ,
9, ,50, ,
0, ,51, ,
1, ,48, ,
6, ,51, ,
5, ,50, ,
1, ,50, ,
6, ,51, ,
1, ,51, ,
5, ,48, ,
3, ,51, ,
0, ,50, ,
4, ,51, ,
6, ,50, ,
3, ,51, ,
8, ,49, ,
11, ,51, ,
6, ,50, ,
5, ,49, ,
6, ,50, ,
3, ,51, ,
5, ,49, ,
0, ,51, ,
1, ,51, ,
6, ,50, ,
5, ,51, ,
5, ,51, ,
5, ,48, ,
4, ,51, ,
5, ,49, ,
0, ,50, ,
4, ,51, ,
3, ,51, ,
4, ,49, ,
3, ,51, ,
4, ,50, ,
4, ,50, ,
6, ,50, ,
-1, ,51, ,
4, ,49, ,
3, ,51, ,
3, ,49, ,
1, ,50, ,
5, ,51, ,
4, ,51, ,
4, ,48, ,
1, ,52, ,
5, ,50, ,
1, ,50, ,
5, ,50, ,
-1, ,51, ,
3, ,49, ,
5, ,51, ,
1, ,50, ,
3, ,50, ,
8, ,51, ,
5, ,51, ,
5, ,48, ,
1, ,51, ,
3, ,50, ,
-1, ,50, ,
3, ,50, ,
-2, ,51, ,
1, ,49, ,
4, ,51, ,
1, ,49, ,
0, ,50, ,
9, ,51, ,
4, ,50, ,
3, ,48, ,
-2, ,51, ,
1, ,51, ,
0, ,50, ,
3, ,50, ,
-4, ,50, ,
1, ,48, ,
4, ,52, ,
0, ,50, ,
-2, ,50, ,
6, ,51, ,
4, ,50, ,
4, ,48, ,
4, ,51, ,
1, ,50, ,
5, ,51, ,
3, ,50, ,
-2, ,51, ,
3, ,48, ,
1, ,51, ,
4, ,50, ,
0, ,50, ,
8, ,51, ,
5, ,51, ,
3, ,49, ,
0, ,51, ,
0, ,50, ,
0, ,50, ,
1, ,51, ,
-4, ,51, ,
4, ,48, ,
5, ,51, ,
4, ,50, ,
1, ,50, ,
8, ,51, ,
6, ,50, ,
5, ,49, ,
1, ,51, ,
0, ,50, ,
0, ,51, ,
0, ,50, ,
-9, ,51, ,
-1, ,48, ,
-1, ,51, ,
-2, ,50, ,
-6, ,50, ,
0, ,51, ,
1, ,51, ,
0, ,49, ,
-2, ,51, ,
1, ,50, ,
0, ,50, ,
1, ,51, ,
-2, ,51, ,
-4, ,49, ,
-1, ,51, ,
-2, ,49, ,
-6, ,50, ,
0, ,51, ,
-4, ,50, ,
0, ,48, ,
-2, ,51, ,
-2, ,50, ,
0, ,51, ,
-1, ,50, ,
-6, ,51, ,
-2, ,49, ,
0, ,51, ,
-1, ,50, ,
-2, ,50, ,
3, ,51, ,
-1, ,51, ,
4, ,48, ,
-1, ,51, ,
-2, ,50, ,
-4, ,50, ,
-1, ,51, ,
-7, ,51, ,
0, ,49, ,
-1, ,51, ,
-1, ,50, ,
-5, ,50, ,
1, ,51, ,
-2, ,50, ,
0, ,49, ,
-2, ,51, ,
-1, ,50, ,
0, ,50, ,
0, ,50, ,
-2, ,51, ,
3, ,49, ,
1, ,51, ,
-1, ,49, ,
-4, ,50, ,
-1, ,51, ,
1, ,51, ,
-1, ,48, ,
-2, ,51, ,
0, ,50, ,
-1, ,50, ,
1, ,51, ,
-4, ,51, ,
-1, ,48, ,
1, ,51, ,
-4, ,49, ,
-6, ,50, ,
-4, ,51, ,
-4, ,51, ,
-2, ,49, ,
-4, ,52, ,
-1, ,50, ,
0, ,50, ,
6, ,50, ,
-6, ,51, ,
-1, ,49, ,
4, ,51, ,
0, ,49, ,
1, ,50, ,
3, ,51, ,
-1, ,51, ,
-2, ,48, ,
-1, ,51, ,
1, ,50, ,
0, ,50, ,
-1, ,50, ,
-2, ,50, ,
4, ,49, ,
3, ,51, ,
4, ,50, ,
-4, ,50, ,
-5, ,51, ,
-6, ,50, ,
-1, ,48, ,
-1, ,51, ,
4, ,50, ,
8, ,50, ,
4, ,50, ,
-4, ,51, ,
1, ,48, ,
3, ,51, ,
-1, ,50, ,
-2, ,50, ,
1, ,51, ,
3, ,50, ,
3, ,49, ,
-1, ,51, ,
-1, ,50, ,
-1, ,50, ,
1, ,50, ,
-4, ,51, ,
5, ,48, ,
4, ,52, ,
3, ,49, ,
0, ,50, ,
3, ,51, ,
3, ,51, ,
1, ,49, ,
0, ,51, ,
1, ,50, ,
3, ,50, ,
3, ,50, ,
-2, ,51, ,
4, ,49, ,
4, ,51, ,
1, ,50, ,
-2, ,50, ,
4, ,51, ,
3, ,51, ,
6, ,48, ,
5, ,51, ,
5, ,51, ,
8, ,50, ,
9, ,50, ,
4, ,51, ,
5, ,49, ,
5, ,52, ,
4, ,50, ,
-2, ,50, ,
1, ,51, ,
-1, ,51, ,
4, ,49, ,
1, ,51, ,
4, ,50, ,
5, ,51, ,
5, ,50, ,
0, ,51, ,
3, ,48, ,
4, ,52, ,
3, ,50, ,
0, ,50, ,
6, ,50, ,
3, ,51, ,
4, ,49, ,
3, ,51, ,
5, ,50, ,
3, ,50, ,
5, ,51, ,
3, ,51, ,
3, ,48, ,
3, ,52, ,
1, ,50, ,
-4, ,50, ,
4, ,51, ,
1, ,50, ,
1, ,49, ,
-1, ,51, ,
1, ,50, ,
1, ,50, ,
5, ,51, ,
-2, ,51, ,
-6, ,49, ,
8, ,51, ,
11, ,50, ,
-4, ,50, ,
9, ,51, ,
3, ,51, ,
0, ,49, ,
-1, ,51, ,
4, ,50, ,
4, ,49, ,
4, ,51, ,
4, ,51, ,
3, ,48, ,
5, ,52, ,
3, ,49, ,
-1, ,50, ,
3, ,51, ,
5, ,50, ,
8, ,48, ,
3, ,51, ,
8, ,50, ,
5, ,51, ,
6, ,50, ,
1, ,51, ,
5, ,49, ,
4, ,52, ,
3, ,50, ,
3, ,50, ,
9, ,51, ,
6, ,50, ,
4, ,48, ,
1, ,51, ,
3, ,50, ,
4, ,50, ,
4, ,51, ,
3, ,51, ,
5, ,48, ,
8, ,52, ,
5, ,49, ,
3, ,50, ,
6, ,50, ,
6, ,51, ,
3, ,48, ,
1, ,52, ,
3, ,50, ,
1, ,50, ,
3, ,50, ,
0, ,51, ,
4, ,49, ,
4, ,51, ,
4, ,49, ,
1, ,50, ,
8, ,50, ,
5, ,51, ,
1, ,49, ,
1, ,51, ,
0, ,50, ,
-2, ,50, ,
1, ,50, ,
-5, ,51, ,
3, ,48, ,
5, ,51, ,
3, ,50, ,
4, ,50, ,
6, ,51, ,
6, ,50, ,
4, ,48, ,
0, ,51, ,
1, ,50, ,
-2, ,51, ,
3, ,50, ,
-6, ,51, ,
-1, ,48, ,
0, ,52, ,
0, ,50, ,
1, ,50, ,
3, ,51, ,
3, ,51, ,
4, ,49, ,
1, ,51, ,
1, ,51, ,
-2, ,50, ,
-1, ,51, ,
-4, ,51, ,
1, ,48, ,
3, ,52, ,
3, ,49, ,
-4, ,50, ,
3, ,50, ,
-2, ,50, ,
0, ,49, ,
-5, ,51, ,
0, ,50, ,
-4, ,51, ,
0, ,50, ,
0, ,51, ,
1, ,49, ,
1, ,51, ,
4, ,50, ,
0, ,50, ,
4, ,51, ,
1, ,51, ,
4, ,49, ,
1, ,51, ,
3, ,51, ,
1, ,50, ,
1, ,51, ,
-6, ,51, ,
-1, ,48, ,
0, ,52, ,
0, ,49, ,
0, ,50, ,
4, ,51, ,
1, ,50, ,
1, ,49, ,
0, ,51, ,
-1, ,50, ,
1, ,50, ,
3, ,50, ,
-1, ,51, ,
5, ,49, ,
3, ,51, ,
3, ,50, ,
-1, ,50, ,
4, ,51, ,
3, ,51, ,
0, ,48, ,
0, ,52, ,
0, ,50, ,
-1, ,50, ,
3, ,50, ,
-4, ,51, ,
1, ,48, ,
3, ,51, ,
-1, ,50, ,
-5, ,50, ,
-1, ,51, ,
-2, ,50, ,
0, ,49, ,
-1, ,51, ,
3, ,50, ,
3, ,51, ,
3, ,50, ,
-4, ,51, ,
-2, ,49, ,
-1, ,51, ,
-4, ,50, ,
-6, ,50, ,
3, ,51, ,
0, ,51, ,
0, ,49, ,
-1, ,51, ,
0, ,50, ,
-1, ,50, ,
1, ,51, ,
-5, ,51, ,
0, ,49, ,
1, ,52, ,
-1, ,49, ,
-5, ,50, ,
-1, ,51, ,
-4, ,51, ,
0, ,48, ,
-2, ,51, ,
-1, ,50, ,
3, ,51, ,
4, ,50, ,
-1, ,51, ,
3, ,48, ,
4, ,51, ,
3, ,50, ,
-4, ,50, ,
-1, ,50, ,
-4, ,51, ,
-2, ,48, ,
0, ,51, ,
0, ,51, ,
3, ,50, ,
8, ,51, ,
-2, ,51, ,
1, ,48, ,
0, ,52, ,
3, ,50, ,
1, ,50, ,
4, ,51, ,
3, ,51, ,
3, ,49, ,
0, ,52, ,
0, ,50, ,
0, ,50, ,
3, ,50, ,
-4, ,51, ,
-2, ,49, ,
-2, ,51, ,
-6, ,50, ,
-6, ,50, ,
1, ,51, ,
4, ,50, ,
6, ,48, ,
3, ,52, ,
4, ,50, ,
1, ,50, ,
4, ,51, ,
3, ,51, ,
5, ,48, ,
4, ,52, ,
-2, ,50, ,
-2, ,50, ,
-1, ,51, ,
-5, ,51, ,
1, ,49, ,
0, ,51, ,
4, ,50, ,
4, ,51, ,
5, ,50, ,
-1, ,51, ,
4, ,49, ,
4, ,52, ,
1, ,50, ,
-4, ,50, ,
4, ,50, ,
0, ,51, ,
0, ,48, ,
0, ,51, ,
4, ,50, ,
6, ,50, ,
9, ,50, ,
-1, ,51, ,
4, ,47, ,
0, ,44, ,
-5, ,32, ,
-12, ,22, ,
-5, ,14, ,
-7, ,6, ,
-1, ,-1, ,
-2, ,-7, ,
-1, ,-11, ,
-2, ,-17, ,
-4, ,-20, ,
-9, ,-23, ,
-4, ,-26, ,
0, ,-28, ,
1, ,-30, ,
1, ,-31, ,
3, ,-33, ,
1, ,-36, ,
-2, ,-36, ,
-2, ,-38, ,
3, ,-38, ,
0, ,-39, ,
1, ,-40, ,
-1, ,-40, ,
1, ,-39, ,
4, ,-41, ,
0, ,-41, ,
-1, ,-41, ,
3, ,-42, ,
3, ,-42, ,
3, ,-42, ,
1, ,-43, ,
5, ,-42, ,
5, ,-43, ,
5, ,-42, ,
0, ,-43, ,
3, ,-42, ,
6, ,-44, ,
3, ,-43, ,
-4, ,-42, ,
5, ,-43, ,
4, ,-43, ,
6, ,-42, ,
3, ,-43, ,
6, ,-43, ,
5, ,-43, ,
5, ,-43, ,
1, ,-43, ,
4, ,-42, ,
6, ,-44, ,
6, ,-43, ,
1, ,-43, ,
4, ,-43, ,
1, ,-43, ,
3, ,-42, ,
1, ,-43, ,
3, ,-43, ,
5, ,-43, ,
5, ,-43, ,
0, ,-43, ,
4, ,-42, ,
5, ,-43, ,
3, ,-43, ,
-2, ,-42, ,
5, ,-43, ,
5, ,-43, ,
0, ,-42, ,
-1, ,-43, ,
-1, ,-43, ,
-1, ,-43, ,
3, ,-43, ,
-1, ,-43, ,
3, ,-42, ,
5, ,-43, ,
3, ,-42, ,
1, ,-43, ,
1, ,-43, ,
1, ,-43, ,
0, ,-42, ,
-4, ,-43, ,
0, ,-42, ,
3, ,-43, ,
4, ,-43, ,
0, ,-43, ,
4, ,-42, ,
5, ,-43, ,
1, ,-43, ,
-1, ,-42, ,
6, ,-43, ,
4, ,-43, ,
4, ,-42, ,
4, ,-43, ,
1, ,-43, ,
3, ,-43, ,
1, ,-43, ,
-4, ,-43, ,
1, ,-42, ,
5, ,-43, ,
4, ,-42, ,
1, ,-42, ,
8, ,-42, ,
3, ,-43, ,
1, ,-42, ,
-4, ,-43, ,
-1, ,-42, ,
0, ,-43, ,
0, ,-42, ,
-2, ,-43, ,
5, ,-42, ,
6, ,-43, ,
5, ,-43, ,
0, ,-42, ,
4, ,-43, ,
5, ,-43, ,
1, ,-42, ,
0, ,-43, ,
1, ,-43, ,
3, ,-42, ,
3, ,-42, ,
-1, ,-42, ,
3, ,-41, ,
3, ,-43, ,
3, ,-42, ,
-4, ,-42, ,
1, ,-43, ,
1, ,-43, ,
1, ,-42, ,
-9, ,-43, ,
-1, ,-42, ,
5, ,-43, ,
0, ,-42, ,
-2, ,-42, ,
5, ,-42, ,
4, ,-43, ,
3, ,-43, ,
3, ,-42, ,
6, ,-43, ,
3, ,-43, ,
0, ,-42, ,
-4, ,-43, ,
-1, ,-43, ,
-5, ,-43, ,
0, ,-42, ,
-7, ,-42, ,
1, ,-41, ,
4, ,-43, ,
1, ,-42, ,
0, ,-42, ,
3, ,-43, ,
3, ,-43, ,
-1, ,-42, ,
-2, ,-43, ,
0, ,-42, ,
1, ,-43, ,
1, ,-42, ,
-2, ,-43, ,
0, ,-42, ,
0, ,-43, ,
4, ,-43, ,
-2, ,-42, ,
1, ,-43, ,
1, ,-42, ,
0, ,-42, ,
0, ,-42, ,
1, ,-43, ,
6, ,-42, ,
5, ,-42, ,
-1, ,-42, ,
-1, ,-42, ,
-1, ,-43, ,
-4, ,-42, ,
-5, ,-42, ,
1, ,-42, ,
1, ,-43, ,
3, ,-42, ,
1, ,-43, ,
1, ,-42, ,
3, ,-42, ,
3, ,-42, ,
-4, ,-43, ,
0, ,-42, ,
1, ,-43, ,
1, ,-43, ,
-2, ,-42, ,
5, ,-42, ,
3, ,-43, ,
3, ,-42, ,
0, ,-43, ,
0, ,-43, ,
3, ,-42, ,
6, ,-42, ,
0, ,-42, ,
5, ,-41, ,
8, ,-43, ,
1, ,-42, ,
-1, ,-42, ,
3, ,-43, ,
1, ,-42, ,
3, ,-42, ,
3, ,-43, ,
4, ,-42, ,
4, ,-42, ,
6, ,-42, ,
0, ,-42, ,
3, ,-42, ,
1, ,-43, ,
-1, ,-43, ,
-6, ,-42, ,
1, ,-43, ,
0, ,-42, ,
3, ,-42, ,
-1, ,-43, ,
5, ,-42, ,
3, ,-42, ,
3, ,-42, ,
-1, ,-42, ,
0, ,-42, ,
0, ,-43, ,
-1, ,-42, ,
-4, ,-42, ,
3, ,-42, ,
0, ,-42, ,
3, ,-42, ,
-1, ,-43, ,
0, ,-42, ,
3, ,-42, ,
1, ,-42, ,
-4, ,-43, ,
1, ,-42, ,
3, ,-43, ,
1, ,-42, ,
-1, ,-42, ,
5, ,-43, ,
3, ,-43, ,
1, ,-42, ,
0, ,-43, ,
1, ,-43, ,
5, ,-42, ,
5, ,-42, ,
-1, ,-42, ,
3, ,-41, ,
0, ,-43, ,
-1, ,-42, ,
-6, ,-42, ,
-1, ,-42, ,
0, ,-43, ,
1, ,-42, ,
3, ,-43, ,
5, ,-42, ,
5, ,-43, ,
5, ,-42, ,
-2, ,-42, ,
3, ,-42, ,
1, ,-43, ,
1, ,-43, ,
-2, ,-42, ,
4, ,-42, ,
5, ,-43, ,
1, ,-41, ,
1, ,-43, ,
4, ,-42, ,
3, ,-42, ,
3, ,-42, ,
-2, ,-42, ,
3, ,-41, ,
3, ,-43, ,
0, ,-42, ,
1, ,-42, ,
6, ,-43, ,
4, ,-43, ,
4, ,-42, ,
-1, ,-43, ,
5, ,-42, ,
6, ,-42, ,
3, ,-42, ,
-2, ,-42, ,
1, ,-41, ,
3, ,-43, ,
0, ,-43, ,
-5, ,-42, ,
4, ,-43, ,
4, ,-42, ,
3, ,-42, ,
1, ,-43, ,
1, ,-42, ,
1, ,-42, ,
1, ,-42, ,
-4, ,-43, ,
3, ,-41, ,
4, ,-43, ,
1, ,-42, ,
-2, ,-42, ,
3, ,-42, ,
1, ,-42, ,
3, ,-41, ,
1, ,-43, ,
1, ,-42, ,
6, ,-43, ,
5, ,-42, ,
-1, ,-42, ,
3, ,-42, ,
1, ,-43, ,
-1, ,-42, ,
-6, ,-42, ,
1, ,-42, ,
5, ,-43, ,
3, ,-41, ,
1, ,-43, ,
3, ,-42, ,
-1, ,-42, ,
3, ,-43, ,
-5, ,-42, ,
0, ,-41, ,
4, ,-43, ,
3, ,-42, ,
-1, ,-42, ,
1, ,-42, ,
1, ,-42, ,
1, ,-42, ,
-4, ,-43, ,
-1, ,-42, ,
1, ,-42, ,
4, ,-42, ,
3, ,-42, ,
5, ,-42, ,
6, ,-43, ,
3, ,-43, ,
0, ,-42, ,
3, ,-43, ,
3, ,-43, ,
1, ,-41, ,
-2, ,-43, ,
4, ,-42, ,
4, ,-42, ,
3, ,-42, ,
-1, ,-42, ,
0, ,-41, ,
6, ,-43, ,
0, ,-42, ,
-1, ,-42, ,
5, ,-42, ,
1, ,-42, ,
1, ,-42, ,
-1, ,-43, ,
1, ,-42, ,
3, ,-43, ,
3, ,-42, ,
-2, ,-42, ,
1, ,-42, ,
4, ,-43, ,
3, ,-43, ,
-2, ,-42, ,
4, ,-43, ,
3, ,-43, ,
1, ,-42, ,
0, ,-43, ,
1, ,-42, ,
1, ,-42, ,
3, ,-43, ,
-1, ,-42, ,
1, ,-41, ,
3, ,-43, ,
-2, ,-42, ,
-4, ,-42, ,
1, ,-42, ,
-1, ,-42, ,
-4, ,-42, ,
-5, ,-43, ,
-2, ,-42, ,
1, ,-43, ,
1, ,-42, ,
-2, ,-42, ,
5, ,-42, ,
4, ,-43, ,
1, ,-42, ,
-1, ,-42, ,
1, ,-42, ,
0, ,-42, ,
-2, ,-42, ,
-6, ,-42, ,
-1, ,-42, ,
-1, ,-42, ,
-1, ,-42, ,
-6, ,-43, ,
0, ,-41, ,
3, ,-43, ,
0, ,-42, ,
0, ,-42, ,
-1, ,-42, ,
4, ,-43, ,
3, ,-42, ,
-5, ,-43, ,
0, ,-42, ,
1, ,-43, ,
-1, ,-42, ,
-6, ,-43, ,
0, ,-41, ,
3, ,-43, ,
3, ,-42, ,
-1, ,-42, ,
5, ,-42, ,
0, ,-43, ,
0, ,-41, ,
-6, ,-43, ,
-2, ,-42, ,
0, ,-42, ,
4, ,-42, ,
0, ,-42, ,
4, ,-41, ,
4, ,-43, ,
4, ,-42, ,
-4, ,-42, ,
3, ,-43, ,
-1, ,-43, ,
-1, ,-42, ,
0, ,-43, ,
1, ,-42, ,
5, ,-43, ,
1, ,-42, ,
-2, ,-43, ,
0, ,-41, ,
0, ,-43, ,
-1, ,-43, ,
-4, ,-42, ,
3, ,-42, ,
3, ,-43, ,
4, ,-41, ,
3, ,-43, ,
-1, ,-42, ,
0, ,-42, ,
3, ,-42, ,
-6, ,-42, ,
1, ,-41, ,
3, ,-43, ,
1, ,-42, ,
0, ,-42, ,
5, ,-42, ,
4, ,-43, ,
1, ,-42, ,
0, ,-43, ,
0, ,-42, ,
-1, ,-43, ,
3, ,-42, ,
-4, ,-42, ,
1, ,-41, ,
3, ,-43, ,
0, ,-43, ,
-5, ,-42, ,
1, ,-42, ,
0, ,-42, ,
0, ,-42, ,
-1, ,-42, ,
1, ,-43, ,
1, ,-43, ,
3, ,-42, ,
-1, ,-42, ,
-1, ,-42, ,
1, ,-43, ,
-2, ,-43, ,
-6, ,-42, ,
1, ,-42, ,
1, ,-43, ,
1, ,-42, ,
1, ,-43, ,
-1, ,-42, ,
4, ,-42, ,
3, ,-42, ,
-9, ,-42, ,
0, ,-41, ,
-1, ,-43, ,
-1, ,-42, ,
-2, ,-42, ,
4, ,-43, ,
6, ,-42, ,
4, ,-42, ,
3, ,-43, ,
3, ,-43, ,
4, ,-42, ,
3, ,-42, ,
-1, ,-43, ,
4, ,-41, ,
5, ,-43, ,
1, ,-42, ,
-2, ,-42, ,
4, ,-42, ,
0, ,-43, ,
1, ,-42, ,
0, ,-43, ,
0, ,-42, ,
8, ,-43, ,
1, ,-42, ,
-5, ,-42, ,
6, ,-41, ,
5, ,-43, ,
3, ,-42, ,
1, ,-42, ,
5, ,-42, ,
4, ,-43, ,
4, ,-42, ,
-4, ,-43, ,
-1, ,-42, ,
4, ,-42, ,
10, ,-42, ,
3, ,-42, ,
3, ,-42, ,
4, ,-43, ,
-4, ,-42, ,
-10, ,-42, ,
-1, ,-42, ,
0, ,-43, ,
3, ,-42, ,
5, ,-43, ,
8, ,-42, ,
6, ,-42, ,
5, ,-42, ,
-2, ,-42, ,
0, ,-42, ,
4, ,-43, ,
4, ,-43, ,
3, ,-42, ,
6, ,-42, ,
5, ,-43, ,
0, ,-42, ,
-4, ,-43, ,
-1, ,-42, ,
0, ,-42, ,
-1, ,-42, ,
-4, ,-42, ,
1, ,-41, ,
1, ,-43, ,
1, ,-42, ,
-1, ,-42, ,
4, ,-42, ,
0, ,-43, ,
3, ,-42, ,
0, ,-43, ,
3, ,-42, ,
5, ,-43, ,
4, ,-42, ,
-1, ,-42, ,
4, ,-42, ,
3, ,-43, ,
1, ,-43, ,
-2, ,-42, ,
4, ,-42, ,
5, ,-43, ,
1, ,-42, ,
3, ,-43, ,
3, ,-42, ,
5, ,-42, ,
6, ,-43, ,
-1, ,-42, ,
3, ,-42, ,
4, ,-43, ,
1, ,-42, ,
-2, ,-42, ,
3, ,-42, ,
3, ,-43, ,
3, ,-42, ,
-2, ,-43, ,
4, ,-42, ,
3, ,-43, ,
4, ,-42, ,
0, ,-42, ,
3, ,-42, ,
5, ,-43, ,
1, ,-42, ,
0, ,-42, ,
4, ,-43, ,
5, ,-42, ,
3, ,-41, ,
-1, ,-43, ,
3, ,-42, ,
3, ,-42, ,
4, ,-42, ,
5, ,-42, ,
3, ,-42, ,
-2, ,-43, ,
4, ,-42, ,
8, ,-42, ,
1, ,-43, ,
-1, ,-43, ,
5, ,-42, ,
-4, ,-43, ,
-4, ,-42, ,
3, ,-42, ,
1, ,-42, ,
-1, ,-42, ,
6, ,-42, ,
4, ,-43, ,
3, ,-43, ,
-5, ,-42, ,
3, ,-43, ,
1, ,-43, ,
0, ,-41, ,
4, ,-43, ,
4, ,-42, ,
5, ,-42, ,
5, ,-43, ,
-1, ,-42, ,
0, ,-41, ,
0, ,-43, ,
-4, ,-42, ,
-5, ,-42, ,
1, ,-42, ,
3, ,-43, ,
0, ,-42, ,
-1, ,-43, ,
-2, ,-42, ,
0, ,-43, ,
-1, ,-42, ,
0, ,-42, ,
6, ,-42, ,
6, ,-43, ,
5, ,-43, ,
0, ,-42, ,
1, ,-43, ,
0, ,-43, ,
-2, ,-41, ,
-4, ,-43, ,
1, ,-42, ,
3, ,-42, ,
4, ,-42, ,
-4, ,-42, ,
1, ,-42, ,
1, ,-43, ,
-2, ,-42, ,
-5, ,-42, ,
1, ,-42, ,
3, ,-43, ,
1, ,-42, ,
-1, ,-43, ,
3, ,-43, ,
3, ,-42, ,
3, ,-43, ,
0, ,-42, ,
0, ,-42, ,
3, ,-43, ,
3, ,-43, ,
-4, ,-42, ,
4, ,-42, ,
0, ,-43, ,
-1, ,-42, ,
-4, ,-42, ,
0, ,-42, ,
1, ,-42, ,
3, ,-43, ,
-1, ,-42, ,
3, ,-42, ,
9, ,-43, ,
4, ,-42, ,
0, ,-42, ,
4, ,-42, ,
4, ,-42, ,
1, ,-42, ,
0, ,-42, ,
0, ,-42, ,
1, ,-43, ,
0, ,-43, ,
-4, ,-42, ,
1, ,-42, ,
3, ,-43, ,
1, ,-43, ,
-4, ,-42, ,
4, ,-42, ,
1, ,-42, ,
0, ,-42, ,
-4, ,-43, ,
1, ,-42, ,
0, ,-43, ,
3, ,-42, ,
-2, ,-42, ,
3, ,-42, ,
4, ,-43, ,
-2, ,-42, ,
-4, ,-42, ,
0, ,-42, ,
-1, ,-42, ,
0, ,-42, ,
-1, ,-43, ,
0, ,-42, ,
1, ,-43, ,
3, ,-42, ,
-5, ,-42, ,
0, ,-42, ,
-2, ,-43, ,
-5, ,-43, ,
-10, ,-42, ,
-7, ,-42, ,
-10, ,-43, ,
-12, ,-42, ,
-19, ,-43, ,
-15, ,-42, ,
-15, ,-42, ,
-7, ,-43, ,
-6, ,-42, ,
3, ,-42, ,
10, ,-43, ,
13, ,-42, ,
11, ,-42, ,
13, ,-43, ,
9, ,-42, ,
6, ,-42, ,
1, ,-43, ,
0, ,-42, ,
0, ,-42, ,
0, ,-42, ,
-5, ,-42, ,
0, ,-42, ,
0, ,-43, ,
-1, ,-43, ,
-6, ,-42, ,
0, ,-43, ,
1, ,-43, ,
3, ,-41, ,
3, ,-43, ,
1, ,-42, ,
-2, ,-42, ,
0, ,-42, ,
-10, ,-42, ,
-6, ,-42, ,
-4, ,-43, ,
-4, ,-42, ,
-4, ,-42, ,
1, ,-42, ,
3, ,-43, ,
3, ,-42, ,
1, ,-43, ,
5, ,-42, ,
4, ,-42, ,
1, ,-43, ,
-7, ,-42, ,
-1, ,-42, ,
-2, ,-43, ,
-1, ,-42, ,
-1, ,-42, ,
6, ,-43, ,
5, ,-43, ,
4, ,-42, ,
-1, ,-43, ,
0, ,-42, ,
-1, ,-42, ,
4, ,-42, ,
-7, ,-42, ,
-1, ,-42, ,
1, ,-43, ,
-4, ,-42, ,
-5, ,-42, ,
-2, ,-42, ,
-1, ,-43, ,
0, ,-42, ,
-2, ,-43, ,
3, ,-42, ,
4, ,-42, ,
4, ,-43, ,
0, ,-42, ,
1, ,-42, ,
3, ,-43, ,
0, ,-43, ,
-5, ,-42, ,
1, ,-43, ,
1, ,-43, ,
4, ,-41, ,
0, ,-43, ,
3, ,-42, ,
4, ,-42, ,
0, ,-42, ,
-6, ,-43, ,
-2, ,-42, ,
0, ,-43, ,
0, ,-42, ,
-2, ,-42, ,
4, ,-43, ,
1, ,-43, ,
3, ,-42, ,
1, ,-43, ,
1, ,-42, ,
3, ,-42, ,
3, ,-42, ,
-4, ,-42, ,
1, ,-41, ,
1, ,-42, ,
-1, ,-37, ,
-1, ,-27, ,
8, ,-17, ,
9, ,-8, ,
11, ,0, ,
9, ,8, ,
8, ,13, ,
8, ,18, ,
9, ,23, ,
6, ,27, ,
14, ,29, ,
14, ,34, ,
9, ,36, ,
6, ,38, ,
8, ,40, ,
9, ,41, ,
6, ,41, ,
4, ,45, ,
9, ,45, ,
9, ,46, ,
6, ,47, ,
8, ,48, ,
8, ,46, ,
10, ,49, ,
6, ,49, ,
1, ,49, ,
5, ,50, ,
3, ,50, ,
1, ,48, ,
1, ,51, ,
3, ,51, ,
1, ,50, ,
1, ,50, ,
-1, ,51, ,
1, ,49, ,
3, ,51, ,
0, ,51, ,
0, ,51, ,
5, ,51, ,
0, ,51, ,
1, ,49, ,
-2, ,52, ,
0, ,51, ,
3, ,50, ,
1, ,51, ,
0, ,51, ,
3, ,49, ,
6, ,52, ,
6, ,50, ,
3, ,51, ,
9, ,51, ,
4, ,51, ,
5, ,49, ,
3, ,52, ,
5, ,52, ,
9, ,50, ,
8, ,51, ,
1, ,51, ,
5, ,49, ,
5, ,52, ,
1, ,50, ,
1, ,50, ,
4, ,51, ,
-1, ,51, ,
1, ,49, ,
1, ,52, ,
1, ,51, ,
4, ,50, ,
4, ,51, ,
0, ,51, ,
3, ,49, ,
4, ,51, ,
3, ,51, ,
0, ,50, ,
4, ,51, ,
4, ,51, ,
1, ,49, ,
1, ,52, ,
3, ,51, ,
-1, ,50, ,
6, ,51, ,
1, ,51, ,
3, ,49, ,
4, ,52, ,
-1, ,50, ,
0, ,51, ,
1, ,51, ,
-2, ,51, ,
3, ,49, ,
1, ,52, ,
4, ,51, ,
4, ,50, ,
5, ,51, ,
3, ,51, ,
4, ,49, ,
4, ,52, ,
1, ,50, ,
-5, ,50, ,
-2, ,51, ,
-6, ,51, ,
-2, ,49, ,
-4, ,52, ,
1, ,51, ,
4, ,50, ,
9, ,51, ,
5, ,51, ,
6, ,49, ,
8, ,51, ,
6, ,50, ,
3, ,50, ,
9, ,51, ,
10, ,51, ,
11, ,48, ,
15, ,52, ,
13, ,50, ,
13, ,50, ,
10, ,50, ,
3, ,51, ,
8, ,49, ,
5, ,52, ,
8, ,50, ,
4, ,50, ,
10, ,51, ,
8, ,51, ,
4, ,49, ,
6, ,52, ,
5, ,50, ,
4, ,51, ,
8, ,51, ,
4, ,51, ,
6, ,49, ,
6, ,51, ,
4, ,50, ,
-1, ,51, ,
-2, ,51, ,
-2, ,50, ,
-1, ,49, ,
-1, ,51, ,
1, ,50, ,
1, ,50, ,
4, ,50, ,
0, ,51, ,
3, ,49, ,
1, ,51, ,
-4, ,50, ,
-4, ,50, ,
0, ,51, ,
0, ,51, ,
1, ,49, ,
-2, ,52, ,
1, ,50, ,
-2, ,51, ,
0, ,50, ,
-2, ,51, ,
1, ,49, ,
5, ,51, ,
4, ,50, ,
0, ,50, ,
5, ,50, ,
0, ,51, ,
3, ,49, ,
-5, ,51, ,
-1, ,51, ,
1, ,50, ,
1, ,51, ,
-2, ,51, ,
1, ,49, ,
3, ,51, ,
4, ,50, ,
-1, ,50, ,
4, ,51, ,
3, ,51, ,
3, ,48, ,
1, ,51, ,
0, ,50, ,
-5, ,50, ,
-1, ,51, ,
-2, ,51, ,
0, ,48, ,
0, ,51, ,
0, ,49, ,
-4, ,50, ,
1, ,51, ,
-1, ,51, ,
1, ,49, ,
1, ,51, ,
4, ,51, ,
4, ,50, ,
4, ,51, ,
-2, ,51, ,
1, ,49, ,
-1, ,51, ,
-1, ,50, ,
-2, ,50, ,
0, ,51, ,
0, ,51, ,
-1, ,48, ,
-2, ,51, ,
-1, ,50, ,
-5, ,50, ,
-6, ,50, ,
-15, ,51, ,
-6, ,48, ,
-2, ,51, ,
-5, ,50, ,
-7, ,50, ,
-2, ,51, ,
-5, ,50, ,
-2, ,49, ,
-10, ,52, ,
-7, ,50, ,
-5, ,50, ,
-7, ,50, ,
-14, ,50, ,
-9, ,50, ,
-6, ,51, ,
-4, ,50, ,
-9, ,50, ,
0, ,51, ,
-2, ,51, ,
-4, ,48, ,
-5, ,52, ,
-4, ,50, ,
-1, ,50, ,
1, ,50, ,
-7, ,51, ,
-4, ,49, ,
-2, ,51, ,
-5, ,50, ,
-5, ,51, ,
5, ,50, ,
3, ,51, ,
1, ,49, ,
-1, ,52, ,
-2, ,50, ,
-5, ,50, ,
-2, ,51, ,
-9, ,51, ,
-5, ,49, ,
-5, ,51, ,
-6, ,50, ,
-11, ,50, ,
-4, ,50, ,
-4, ,51, ,
-4, ,48, ,
-2, ,51, ,
-2, ,50, ,
-6, ,50, ,
-2, ,51, ,
-11, ,50, ,
-5, ,49, ,
-10, ,51, ,
-1, ,49, ,
0, ,50, ,
0, ,50, ,
3, ,50, ,
3, ,49, ,
0, ,51, ,
0, ,50, ,
4, ,50, ,
8, ,51, ,
0, ,51, ,
6, ,49, ,
4, ,51, ,
3, ,50, ,
1, ,50, ,
4, ,51, ,
3, ,50, ,
4, ,49, ,
-1, ,51, ,
1, ,50, ,
3, ,50, ,
3, ,51, ,
0, ,51, ,
-1, ,48, ,
1, ,51, ,
-4, ,50, ,
-7, ,50, ,
1, ,50, ,
-2, ,51, ,
0, ,48, ,
-1, ,51, ,
5, ,50, ,
1, ,49, ,
1, ,51, ,
-1, ,51, ,
1, ,49, ,
1, ,51, ,
3, ,50, ,
-1, ,50, ,
5, ,51, ,
5, ,51, ,
4, ,49, ,
1, ,51, ,
4, ,50, ,
3, ,50, ,
4, ,51, ,
3, ,51, ,
5, ,49, ,
6, ,51, ,
5, ,50, ,
1, ,50, ,
5, ,51, ,
1, ,51, ,
1, ,48, ,
1, ,51, ,
3, ,51, ,
3, ,50, ,
1, ,50, ,
-4, ,51, ,
3, ,48, ,
0, ,51, ,
-1, ,50, ,
-4, ,50, ,
1, ,51, ,
1, ,51, ,
0, ,48, ,
0, ,52, ,
3, ,50, ,
3, ,50, ,
4, ,51, ,
-1, ,51, ,
3, ,48, ,
5, ,52, ,
1, ,50, ,
0, ,50, ,
6, ,51, ,
3, ,51, ,
6, ,49, ,
8, ,51, ,
10, ,50, ,
11, ,49, ,
14, ,51, ,
6, ,51, ,
10, ,49, ,
10, ,51, ,
6, ,50, ,
5, ,50, ,
8, ,50, ,
5, ,51, ,
3, ,48, ,
1, ,52, ,
4, ,50, ,
4, ,50, ,
9, ,50, ,
5, ,50, ,
8, ,49, ,
9, ,51, ,
5, ,49, ,
0, ,50, ,
4, ,51, ,
1, ,51, ,
3, ,48, ,
3, ,51, ,
4, ,50, ,
6, ,50, ,
5, ,50, ,
0, ,51, ,
3, ,49, ,
1, ,51, ,
3, ,50, ,
-1, ,50, ,
5, ,51, ,
8, ,51, ,
8, ,48, ,
10, ,51, ,
6, ,51, ,
5, ,50, ,
9, ,51, ,
4, ,50, ,
9, ,48, ,
10, ,51, ,
8, ,50, ,
5, ,50, ,
5, ,50, ,
4, ,51, ,
3, ,48, ,
3, ,51, ,
5, ,50, ,
5, ,50, ,
8, ,50, ,
4, ,51, ,
4, ,48, ,
3, ,51, ,
0, ,50, ,
-2, ,50, ,
1, ,51, ,
-1, ,51, ,
0, ,48, ,
0, ,51, ,
5, ,50, ,
1, ,50, ,
4, ,51, ,
1, ,51, ,
5, ,49, ,
5, ,51, ,
1, ,50, ,
-1, ,50, ,
5, ,51, ,
1, ,50, ,
5, ,49, ,
3, ,52, ,
5, ,50, ,
9, ,50, ,
8, ,51, ,
4, ,50, ,
5, ,49, ,
5, ,51, ,
6, ,50, ,
3, ,50, ,
10, ,51, ,
6, ,51, ,
4, ,49, ,
4, ,51, ,
4, ,50, ,
4, ,50, ,
3, ,50, ,
-6, ,51, ,
0, ,48, ,
1, ,51, ,
1, ,50, ,
-4, ,50, ,
3, ,50, ,
-1, ,51, ,
-2, ,48, ,
-6, ,51, ,
-5, ,50, ,
-4, ,50, ,
-1, ,50, ,
-4, ,51, ,
4, ,48, ,
3, ,52, ,
0, ,49, ,
-2, ,50, ,
-1, ,50, ,
1, ,51, ,
0, ,48, ,
-1, ,51, ,
3, ,50, ,
3, ,50, ,
4, ,51, ,
-2, ,51, ,
0, ,48, ,
3, ,51, ,
-1, ,50, ,
-2, ,50, ,
3, ,50, ,
1, ,50, ,
5, ,49, ,
-1, ,51, ,
1, ,50, ,
1, ,50, ,
1, ,50, ,
-2, ,51, ,
-4, ,49, ,
-1, ,51, ,
0, ,50, ,
-6, ,50, ,
0, ,51, ,
-4, ,51, ,
-6, ,48, ,
-9, ,51, ,
-5, ,50, ,
-6, ,50, ,
-2, ,51, ,
-6, ,51, ,
-1, ,49, ,
1, ,51, ,
-1, ,49, ,
-2, ,50, ,
3, ,51, ,
-1, ,51, ,
0, ,48, ,
0, ,51, ,
0, ,50, ,
-2, ,50, ,
1, ,51, ,
-7, ,51, ,
1, ,49, ,
-2, ,51, ,
1, ,50, ,
0, ,50, ,
5, ,50, ,
1, ,51, ,
0, ,48, ,
-1, ,51, ,
-2, ,50, ,
-5, ,50, ,
0, ,51, ,
-6, ,50, ,
-4, ,49, ,
-2, ,51, ,
-4, ,50, ,
-6, ,50, ,
-1, ,51, ,
-2, ,51, ,
-4, ,48, ,
-5, ,51, ,
-5, ,50, ,
-4, ,50, ,
-2, ,51, ,
-7, ,51, ,
-2, ,48, ,
1, ,51, ,
0, ,50, ,
0, ,50, ,
6, ,51, ,
0, ,51, ,
-1, ,48, ,
0, ,51, ,
3, ,50, ,
-2, ,50, ,
4, ,51, ,
-1, ,51, ,
-4, ,49, ,
0, ,51, ,
-2, ,50, ,
-4, ,50, ,
4, ,50, ,
1, ,51, ,
0, ,48, ,
-5, ,52, ,
-4, ,50, ,
0, ,50, ,
-4, ,50, ,
-7, ,50, ,
-5, ,49, ,
-4, ,51, ,
-6, ,50, ,
-10, ,50, ,
-2, ,51, ,
-4, ,51, ,
-2, ,49, ,
-2, ,51, ,
-1, ,50, ,
-1, ,50, ,
3, ,50, ,
-2, ,51, ,
3, ,49, ,
1, ,51, ,
3, ,50, ,
3, ,50, ,
6, ,51, ,
3, ,50, ,
4, ,48, ,
0, ,51, ,
4, ,50, ,
5, ,50, ,
9, ,50, ,
0, ,51, ,
6, ,49, ,
5, ,52, ,
3, ,50, ,
1, ,50, ,
5, ,51, ,
4, ,50, ,
1, ,48, ,
3, ,51, ,
6, ,51, ,
4, ,50, ,
6, ,51, ,
0, ,51, ,
4, ,49, ,
1, ,51, ,
0, ,50, ,
-4, ,51, ,
0, ,51, ,
-1, ,51, ,
1, ,48, ,
1, ,51, ,
5, ,50, ,
4, ,50, ,
6, ,51, ,
3, ,51, ,
1, ,49, ,
1, ,51, ,
-1, ,50, ,
-4, ,51, ,
0, ,50, ,
-4, ,51, ,
-1, ,49, ,
-2, ,51, ,
1, ,50, ,
3, ,50, ,
5, ,50, ,
0, ,50, ,
3, ,48, ,
6, ,51, ,
4, ,50, ,
1, ,50, ,
5, ,51, ,
6, ,51, ,
6, ,48, ,
4, ,51, ,
-7, ,50, ,
8, ,50, ,
9, ,50, ,
-1, ,51, ,
11, ,49, ,
9, ,51, ,
4, ,50, ,
-1, ,50, ,
4, ,51, ,
4, ,51, ,
4, ,49, ,
4, ,51, ,
5, ,50, ,
6, ,50, ,
9, ,51, ,
3, ,51, ,
4, ,49, ,
5, ,51, ,
4, ,50, ,
-4, ,50, ,
1, ,51, ,
3, ,51, ,
3, ,49, ,
1, ,51, ,
3, ,50, ,
1, ,50, ,
3, ,50, ,
-2, ,51, ,
0, ,48, ,
3, ,51, ,
-1, ,50, ,
-1, ,50, ,
6, ,51, ,
3, ,51, ,
4, ,48, ,
1, ,51, ,
3, ,50, ,
0, ,50, ,
1, ,50, ,
-1, ,51, ,
3, ,49, ,
1, ,51, ,
0, ,50, ,
0, ,50, ,
4, ,51, ,
3, ,50, ,
3, ,48, ,
3, ,51, ,
6, ,50, ,
8, ,50, ,
11, ,50, ,
6, ,51, ,
11, ,49, ,
9, ,51, ,
8, ,49, ,
1, ,50, ,
6, ,51, ,
4, ,51, ,
9, ,48, ,
10, ,51, ,
10, ,51, ,
13, ,50, ,
14, ,51, ,
3, ,51, ,
9, ,48, ,
8, ,51, ,
8, ,50, ,
6, ,50, ,
11, ,50, ,
9, ,50, ,
8, ,48, ,
8, ,51, ,
4, ,50, ,
6, ,50, ,
5, ,50, ,
1, ,51, ,
5, ,49, ,
6, ,51, ,
5, ,50, ,
6, ,50, ,
3, ,51, ,
4, ,51, ,
1, ,48, ,
-1, ,52, ,
0, ,50, ,
-5, ,50, ,
0, ,50, ,
-4, ,50, ,
-2, ,49, ,
0, ,51, ,
-2, ,50, ,
-4, ,50, ,
-2, ,50, ,
-4, ,51, ,
0, ,49, ,
-1, ,52, ,
-1, ,50, ,
-1, ,50, ,
-1, ,51, ,
-5, ,51, ,
-5, ,49, ,
-4, ,51, ,
-5, ,50, ,
-9, ,50, ,
-5, ,50, ,
-9, ,51, ,
-1, ,48, ,
-5, ,51, ,
0, ,50, ,
0, ,50, ,
1, ,51, ,
-2, ,50, ,
4, ,49, ,
1, ,51, ,
4, ,50, ,
4, ,50, ,
5, ,50, ,
5, ,51, ,
3, ,49, ,
1, ,51, ,
4, ,50, ,
-1, ,50, ,
3, ,50, ,
3, ,51, ,
4, ,49, ,
6, ,51, ,
5, ,50, ,
1, ,50, ,
5, ,51, ,
5, ,51, ,
3, ,48, ,
0, ,52, ,
1, ,50, ,
4, ,50, ,
6, ,51, ,
3, ,50, ,
1, ,48, ,
4, ,51, ,
1, ,50, ,
-6, ,50, ,
0, ,51, ,
-1, ,51, ,
-4, ,49, ,
-10, ,51, ,
-2, ,51, ,
-9, ,50, ,
-1, ,50, ,
-5, ,51, ,
-1, ,49, ,
1, ,51, ,
1, ,50, ,
-2, ,50, ,
6, ,51, ,
4, ,51, ,
5, ,48, ,
1, ,52, ,
5, ,50, ,
3, ,50, ,
1, ,50, ,
-5, ,51, ,
0, ,49, ,
0, ,51, ,
-1, ,50, ,
-1, ,50, ,
4, ,51, ,
0, ,50, ,
0, ,49, ,
-5, ,51, ,
-2, ,50, ,
0, ,50, ,
1, ,51, ,
-4, ,51, ,
1, ,49, ,
-1, ,51, ,
-1, ,50, ,
-6, ,50, ,
0, ,51, ,
-6, ,51, ,
-6, ,49, ,
-9, ,51, ,
-9, ,51, ,
-7, ,50, ,
-5, ,51, ,
-9, ,51, ,
-4, ,48, ,
0, ,51, ,
1, ,50, ,
0, ,47, ,
5, ,38, ,
0, ,28, ,
-1, ,17, ,
-4, ,10, ,
-4, ,2, ,
-2, ,-4, ,
-1, ,-9, ,
-6, ,-13, ,
-2, ,-18, ,
-6, ,-22, ,
-7, ,-24, ,
-7, ,-27, ,
-4, ,-29, ,
0, ,-30, ,
-2, ,-32, ,
-5, ,-35, ,
-1, ,-36, ,
0, ,-37, ,
1, ,-38, ,
-6, ,-38, ,
-4, ,-38, ,
-2, ,-40, ,
-5, ,-40, ,
-6, ,-41, ,
1, ,-41, ,
-1, ,-42, ,
-2, ,-41, ,
-2, ,-42, ,
0, ,-42, ,
0, ,-42, ,
1, ,-42, ,
-2, ,-43, ,
-1, ,-42, ,
3, ,-43, ,
0, ,-43, ,
-5, ,-43, ,
1, ,-43, ,
0, ,-43, ,
0, ,-42, ,
1, ,-43, ,
5, ,-43, ,
6, ,-43, ,
5, ,-43, ,
3, ,-43, ,
5, ,-43, ,
5, ,-44, ,
1, ,-43, ,
-2, ,-43, ,
4, ,-43, ,
5, ,-43, ,
3, ,-42, ,
4, ,-44, ,
5, ,-43, ,
5, ,-43, ,
1, ,-43, ,
-5, ,-43, ,
1, ,-42, ,
0, ,-44, ,
-1, ,-43, ,
-5, ,-43, ,
-1, ,-43, ,
0, ,-43, ,
-5, ,-42, ,
-7, ,-43, ,
-2, ,-43, ,
-1, ,-43, ,
3, ,-43, ,
-4, ,-43, ,
0, ,-42, ,
4, ,-44, ,
-2, ,-43, ,
-5, ,-43, ,
-1, ,-43, ,
-1, ,-43, ,
0, ,-43, ,
1, ,-43, ,
5, ,-43, ,
6, ,-42, ,
9, ,-43, ,
4, ,-43, ,
5, ,-42, ,
6, ,-43, ,
6, ,-43, ,
3, ,-42, ,
9, ,-43, ,
10, ,-43, ,
9, ,-42, ,
8, ,-43, ,
9, ,-42, ,
9, ,-43, ,
8, ,-43, ,
1, ,-42, ,
3, ,-42, ,
4, ,-43, ,
0, ,-42, ,
-1, ,-42, ,
4, ,-43, ,
4, ,-43, ,
4, ,-42, ,
0, ,-43, ,
0, ,-42, ,
4, ,-42, ,
3, ,-42, ,
0, ,-42, ,
4, ,-41, ,
3, ,-43, ,
3, ,-43, ,
-2, ,-42, ,
1, ,-43, ,
1, ,-43, ,
1, ,-42, ,
0, ,-43, ,
6, ,-43, ,
8, ,-43, ,
8, ,-42, ,
1, ,-42, ,
8, ,-42, ,
10, ,-43, ,
8, ,-42, ,
1, ,-42, ,
6, ,-42, ,
5, ,-43, ,
5, ,-42, ,
1, ,-43, ,
4, ,-42, ,
9, ,-42, ,
6, ,-42, ,
-2, ,-42, ,
3, ,-41, ,
1, ,-43, ,
-4, ,-43, ,
-6, ,-42, ,
3, ,-43, ,
1, ,-43, ,
0, ,-42, ,
-1, ,-43, ,
1, ,-42, ,
-1, ,-43, ,
-2, ,-43, ,
-10, ,-42, ,
-4, ,-41, ,
3, ,-43, ,
-1, ,-42, ,
0, ,-42, ,
3, ,-42, ,
1, ,-43, ,
3, ,-42, ,
1, ,-43, ,
3, ,-42, ,
4, ,-42, ,
5, ,-43, ,
0, ,-42, ,
3, ,-42, ,
8, ,-43, ,
3, ,-43, ,
1, ,-42, ,
6, ,-43, ,
4, ,-43, ,
3, ,-42, ,
3, ,-43, ,
4, ,-42, ,
5, ,-42, ,
5, ,-42, ,
4, ,-42, ,
4, ,-41, ,
4, ,-43, ,
0, ,-42, ,
-4, ,-42, ,
3, ,-42, ,
1, ,-43, ,
1, ,-42, ,
0, ,-43, ,
-1, ,-43, ,
0, ,-42, ,
-4, ,-42, ,
-9, ,-43, ,
0, ,-42, ,
0, ,-43, ,
0, ,-43, ,
-1, ,-42, ,
4, ,-42, ,
3, ,-43, ,
0, ,-41, ,
0, ,-43, ,
0, ,-42, ,
3, ,-42, ,
5, ,-42, ,
3, ,-42, ,
8, ,-42, ,
9, ,-43, ,
4, ,-42, ,
3, ,-42, ,
6, ,-43, ,
4, ,-43, ,
4, ,-42, ,
-1, ,-43, ,
1, ,-43, ,
3, ,-43, ,
5, ,-43, ,
-1, ,-42, ,
5, ,-41, ,
4, ,-43, ,
1, ,-43, ,
0, ,-42, ,
3, ,-43, ,
3, ,-43, ,
-1, ,-42, ,
-5, ,-43, ,
-2, ,-42, ,
-1, ,-42, ,
3, ,-42, ,
-5, ,-42, ,
0, ,-42, ,
3, ,-43, ,
-2, ,-42, ,
-4, ,-42, ,
0, ,-42, ,
-1, ,-43, ,
0, ,-42, ,
-4, ,-43, ,
0, ,-42, ,
4, ,-42, ,
1, ,-42, ,
-1, ,-42, ,
0, ,-42, ,
4, ,-43, ,
1, ,-43, ,
-1, ,-42, ,
5, ,-43, ,
4, ,-43, ,
-1, ,-41, ,
-5, ,-43, ,
-2, ,-42, ,
1, ,-43, ,
1, ,-42, ,
-4, ,-42, ,
5, ,-41, ,
4, ,-43, ,
1, ,-42, ,
-2, ,-42, ,
1, ,-42, ,
-1, ,-43, ,
1, ,-42, ,
-2, ,-43, ,
-1, ,-42, ,
1, ,-42, ,
-1, ,-42, ,
-6, ,-42, ,
0, ,-42, ,
-2, ,-43, ,
-1, ,-43, ,
-4, ,-42, ,
1, ,-43, ,
1, ,-43, ,
-1, ,-41, ,
-2, ,-43, ,
-1, ,-42, ,
-1, ,-42, ,
1, ,-42, ,
-4, ,-42, ,
0, ,-41, ,
6, ,-43, ,
3, ,-42, ,
-1, ,-42, ,
5, ,-42, ,
4, ,-43, ,
1, ,-42, ,
0, ,-43, ,
1, ,-42, ,
1, ,-42, ,
0, ,-42, ,
-2, ,-43, ,
0, ,-41, ,
3, ,-43, ,
1, ,-42, ,
-1, ,-42, ,
4, ,-43, ,
-2, ,-43, ,
-4, ,-41, ,
-2, ,-43, ,
0, ,-42, ,
-1, ,-42, ,
-1, ,-42, ,
-5, ,-43, ,
-2, ,-41, ,
-1, ,-43, ,
-4, ,-42, ,
-7, ,-42, ,
-1, ,-42, ,
-4, ,-43, ,
-1, ,-42, ,
0, ,-43, ,
0, ,-42, ,
3, ,-42, ,
3, ,-42, ,
-2, ,-43, ,
0, ,-41, ,
1, ,-43, ,
3, ,-42, ,
-5, ,-42, ,
3, ,-43, ,
4, ,-43, ,
1, ,-42, ,
5, ,-42, ,
6, ,-42, ,
5, ,-42, ,
4, ,-43, ,
-2, ,-43, ,
4, ,-42, ,
6, ,-43, ,
3, ,-42, ,
-1, ,-42, ,
4, ,-42, ,
3, ,-43, ,
3, ,-42, ,
-1, ,-43, ,
1, ,-42, ,
3, ,-42, ,
3, ,-43, ,
-1, ,-42, ,
3, ,-42, ,
4, ,-43, ,
1, ,-42, ,
0, ,-42, ,
3, ,-43, ,
4, ,-43, ,
5, ,-42, ,
3, ,-43, ,
5, ,-42, ,
4, ,-42, ,
5, ,-42, ,
0, ,-42, ,
0, ,-41, ,
4, ,-43, ,
-1, ,-42, ,
-6, ,-42, ,
3, ,-42, ,
3, ,-42, ,
6, ,-42, ,
4, ,-43, ,
9, ,-42, ,
9, ,-42, ,
4, ,-42, ,
-1, ,-42, ,
3, ,-42, ,
0, ,-43, ,
-1, ,-42, ,
-4, ,-42, ,
3, ,-43, ,
5, ,-43, ,
3, ,-41, ,
1, ,-43, ,
-2, ,-42, ,
3, ,-43, ,
1, ,-42, ,
-5, ,-43, ,
1, ,-41, ,
5, ,-43, ,
4, ,-42, ,
0, ,-43, ,
1, ,-42, ,
3, ,-43, ,
-1, ,-42, ,
-1, ,-43, ,
1, ,-42, ,
0, ,-42, ,
5, ,-43, ,
-1, ,-42, ,
1, ,-42, ,
3, ,-43, ,
-1, ,-42, ,
-5, ,-42, ,
-2, ,-43, ,
1, ,-42, ,
4, ,-41, ,
1, ,-43, ,
6, ,-42, ,
4, ,-42, ,
3, ,-42, ,
-1, ,-43, ,
6, ,-41, ,
0, ,-43, ,
1, ,-42, ,
-1, ,-42, ,
4, ,-42, ,
4, ,-43, ,
3, ,-42, ,
0, ,-43, ,
3, ,-42, ,
1, ,-42, ,
0, ,-43, ,
-4, ,-42, ,
0, ,-41, ,
3, ,-43, ,
1, ,-42, ,
0, ,-42, ,
5, ,-42, ,
4, ,-42, ,
3, ,-42, ,
-2, ,-43, ,
1, ,-42, ,
3, ,-42, ,
4, ,-42, ,
0, ,-42, ,
4, ,-41, ,
5, ,-43, ,
3, ,-42, ,
0, ,-42, ,
3, ,-42, ,
4, ,-43, ,
4, ,-42, ,
0, ,-43, ,
6, ,-42, ,
5, ,-42, ,
4, ,-42, ,
-2, ,-42, ,
3, ,-41, ,
4, ,-43, ,
3, ,-42, ,
-1, ,-42, ,
4, ,-43, ,
6, ,-43, ,
4, ,-41, ,
0, ,-43, ,
3, ,-42, ,
1, ,-43, ,
4, ,-42, ,
-1, ,-42, ,
5, ,-42, ,
6, ,-43, ,
3, ,-42, ,
0, ,-42, ,
3, ,-42, ,
1, ,-43, ,
1, ,-42, ,
-2, ,-43, ,
0, ,-42, ,
-1, ,-43, ,
1, ,-42, ,
-5, ,-42, ,
0, ,-41, ,
5, ,-43, ,
0, ,-42, ,
-1, ,-42, ,
1, ,-43, ,
0, ,-43, ,
-1, ,-41, ,
-5, ,-42, ,
-4, ,-42, ,
-4, ,-42, ,
-2, ,-42, ,
-6, ,-43, ,
3, ,-42, ,
4, ,-43, ,
-1, ,-42, ,
-6, ,-42, ,
1, ,-43, ,
-2, ,-43, ,
-1, ,-42, ,
-2, ,-43, ,
0, ,-42, ,
-1, ,-42, ,
-1, ,-42, ,
-7, ,-42, ,
3, ,-41, ,
1, ,-43, ,
4, ,-43, ,
-4, ,-42, ,
3, ,-43, ,
1, ,-43, ,
-1, ,-41, ,
1, ,-43, ,
1, ,-43, ,
0, ,-42, ,
3, ,-42, ,
-5, ,-42, ,
1, ,-41, ,
1, ,-43, ,
5, ,-42, ,
1, ,-42, ,
4, ,-42, ,
5, ,-43, ,
0, ,-42, ,
1, ,-43, ,
3, ,-42, ,
5, ,-43, ,
5, ,-42, ,
0, ,-43, ,
4, ,-41, ,
3, ,-43, ,
1, ,-43, ,
-4, ,-42, ,
4, ,-43, ,
1, ,-43, ,
0, ,-42, ,
-1, ,-43, ,
0, ,-42, ,
-1, ,-43, ,
3, ,-42, ,
-5, ,-42, ,
1, ,-41, ,
6, ,-43, ,
3, ,-42, ,
-1, ,-42, ,
3, ,-42, ,
1, ,-43, ,
0, ,-41, ,
-5, ,-43, ,
-1, ,-42, ,
0, ,-42, ,
-1, ,-42, ,
-6, ,-42, ,
-2, ,-42, ,
4, ,-43, ,
1, ,-43, ,
3, ,-42, ,
4, ,-43, ,
1, ,-43, ,
3, ,-41, ,
0, ,-43, ,
1, ,-42, ,
3, ,-42, ,
4, ,-42, ,
-4, ,-42, ,
1, ,-42, ,
4, ,-43, ,
-2, ,-42, ,
-6, ,-42, ,
4, ,-42, ,
-1, ,-43, ,
0, ,-42, ,
6, ,-43, ,
3, ,-42, ,
0, ,-43, ,
3, ,-42, ,
-6, ,-42, ,
1, ,-42, ,
6, ,-43, ,
5, ,-42, ,
0, ,-42, ,
4, ,-43, ,
3, ,-42, ,
-2, ,-41, ,
-5, ,-43, ,
3, ,-42, ,
4, ,-42, ,
4, ,-42, ,
0, ,-42, ,
3, ,-42, ,
1, ,-43, ,
-1, ,-42, ,
-4, ,-42, ,
3, ,-42, ,
5, ,-42, ,
3, ,-42, ,
3, ,-43, ,
4, ,-42, ,
1, ,-42, ,
1, ,-42, ,
-5, ,-42, ,
0, ,-41, ,
3, ,-43, ,
3, ,-42, ,
1, ,-42, ,
8, ,-43, ,
6, ,-43, ,
4, ,-42, ,
1, ,-43, ,
4, ,-42, ,
1, ,-42, ,
4, ,-42, ,
-1, ,-42, ,
4, ,-42, ,
4, ,-43, ,
1, ,-42, ,
3, ,-42, ,
5, ,-42, ,
0, ,-43, ,
4, ,-42, ,
3, ,-43, ,
6, ,-42, ,
10, ,-42, ,
8, ,-42, ,
-1, ,-42, ,
1, ,-42, ,
1, ,-43, ,
-1, ,-43, ,
-5, ,-42, ,
1, ,-43, ,
3, ,-42, ,
4, ,-41, ,
3, ,-43, ,
3, ,-42, ,
3, ,-42, ,
3, ,-42, ,
-6, ,-42, ,
0, ,-41, ,
1, ,-43, ,
-1, ,-42, ,
-1, ,-42, ,
4, ,-43, ,
4, ,-43, ,
3, ,-42, ,
1, ,-43, ,
1, ,-42, ,
4, ,-42, ,
1, ,-43, ,
-5, ,-42, ,
0, ,-41, ,
1, ,-43, ,
-1, ,-42, ,
-4, ,-43, ,
5, ,-43, ,
8, ,-43, ,
4, ,-41, ,
-11, ,-43, ,
4, ,-42, ,
10, ,-42, ,
0, ,-42, ,
5, ,-42, ,
8, ,-42, ,
6, ,-43, ,
1, ,-42, ,
1, ,-42, ,
1, ,-42, ,
3, ,-43, ,
5, ,-42, ,
1, ,-43, ,
5, ,-42, ,
5, ,-43, ,
4, ,-42, ,
-2, ,-43, ,
3, ,-41, ,
5, ,-43, ,
3, ,-43, ,
0, ,-42, ,
10, ,-43, ,
5, ,-42, ,
4, ,-42, ,
5, ,-43, ,
5, ,-42, ,
5, ,-42, ,
4, ,-42, ,
-2, ,-42, ,
3, ,-42, ,
4, ,-43, ,
3, ,-42, ,
1, ,-42, ,
6, ,-43, ,
4, ,-43, ,
1, ,-42, ,
1, ,-43, ,
0, ,-42, ,
4, ,-42, ,
4, ,-42, ,
-1, ,-42, ,
8, ,-42, ,
4, ,-43, ,
3, ,-43, ,
-2, ,-42, ,
3, ,-42, ,
0, ,-43, ,
-1, ,-41, ,
-5, ,-43, ,
3, ,-42, ,
4, ,-42, ,
4, ,-42, ,
-1, ,-42, ,
1, ,-42, ,
1, ,-43, ,
0, ,-42, ,
-2, ,-42, ,
3, ,-42, ,
5, ,-43, ,
3, ,-42, ,
-1, ,-43, ,
3, ,-42, ,
0, ,-42, ,
0, ,-42, ,
-4, ,-43, ,
3, ,-41, ,
5, ,-43, ,
3, ,-43, ,
3, ,-42, ,
4, ,-43, ,
3, ,-43, ,
-1, ,-42, ,
-5, ,-43, ,
0, ,-42, ,
0, ,-43, ,
0, ,-42, ,
-1, ,-42, ,
1, ,-42, ,
3, ,-43, ,
1, ,-42, ,
-4, ,-42, ,
1, ,-42, ,
1, ,-43, ,
-1, ,-42, ,
-2, ,-43, ,
0, ,-42, ,
4, ,-42, ,
0, ,-43, ,
-4, ,-42, ,
0, ,-42, ,
1, ,-43, ,
-1, ,-43, ,
-6, ,-42, ,
1, ,-42, ,
-1, ,-43, ,
0, ,-41, ,
-2, ,-43, ,
0, ,-42, ,
3, ,-43, ,
1, ,-42, ,
-2, ,-43, ,
3, ,-42, ,
4, ,-43, ,
4, ,-42, ,
0, ,-42, ,
1, ,-43, ,
0, ,-42, ,
0, ,-42, ,
-2, ,-43, ,
0, ,-42, ,
0, ,-42, ,
3, ,-42, ,
-2, ,-42, ,
3, ,-42, ,
1, ,-43, ,
1, ,-43, ,
-4, ,-42, ,
0, ,-43, ,
-1, ,-43, ,
-2, ,-42, ,
-5, ,-43, ,
-1, ,-42, ,
1, ,-43, ,
6, ,-42, ,
-2, ,-43, ,
3, ,-41, ,
4, ,-43, ,
-2, ,-42, ,
-6, ,-42, ,
-2, ,-42, ,
-6, ,-43, ,
-2, ,-42, ,
-6, ,-43, ,
-2, ,-42, ,
-2, ,-43, ,
-1, ,-42, ,
-6, ,-42, ,
3, ,-42, ,
3, ,-43, ,
0, ,-43, ,
-4, ,-42, ,
0, ,-43, ,
-1, ,-42, ,
3, ,-42, ,
1, ,-43, ,
1, ,-42, ,
4, ,-42, ,
3, ,-43, ,
-5, ,-42, ,
0, ,-42, ,
0, ,-43, ,
-1, ,-42, ,
-5, ,-42, ,
1, ,-42, ,
1, ,-43, ,
0, ,-41, ,
-1, ,-43, ,
-1, ,-42, ,
0, ,-42, ,
1, ,-42, ,
-4, ,-42, ,
4, ,-41, ,
3, ,-43, ,
1, ,-43, ,
-4, ,-42, ,
-2, ,-40, ,
-1, ,-33, ,
3, ,-23, ,
1, ,-12, ,
5, ,-4, ,
8, ,3, ,
6, ,10, ,
3, ,15, ,
6, ,20, ,
8, ,25, ,
8, ,28, ,
5, ,32, ,
9, ,34, ,
6, ,36, ,
4, ,37, ,
4, ,41, ,
8, ,41, ,
5, ,42, ,
6, ,45, ,
-1, ,46, ,
0, ,45, ,
1, ,48, ,
1, ,47, ,
1, ,48, ,
6, ,49, ,
6, ,49, ,
5, ,48, ,
0, ,50, ,
0, ,50, ,
0, ,49, ,
3, ,51, ,
-4, ,51, ,
3, ,49, ,
8, ,52, ,
1, ,50, ,
-2, ,50, ,
4, ,51, ,
3, ,51, ,
3, ,49, ,
0, ,52, ,
1, ,51, ,
3, ,50, ,
0, ,51, ,
-5, ,52, ,
0, ,49, ,
1, ,52, ,
-1, ,51, ,
1, ,51, ,
4, ,51, ,
3, ,52, ,
4, ,49, ,
1, ,52, ,
5, ,51, ,
1, ,51, ,
1, ,51, ,
4, ,51, ,
3, ,49, ,
4, ,52, ,
3, ,51, ,
-2, ,51, ,
0, ,51, ,
1, ,51, ,
3, ,49, ,
3, ,52, ,
4, ,51, ,
4, ,50, ,
4, ,51, ,
-6, ,51, ,
-1, ,49, ,
-1, ,52, ,
-2, ,51, ,
-2, ,50, ,
3, ,51, ,
4, ,50, ,
3, ,49, ,
3, ,52, ,
5, ,50, ,
3, ,50, ,
3, ,51, ,
-1, ,51, ,
4, ,49, ,
3, ,51, ,
6, ,50, ,
0, ,50, ,
11, ,51, ,
6, ,51, ,
3, ,49, ,
1, ,52, ,
0, ,51, ,
4, ,50, ,
5, ,51, ,
0, ,51, ,
4, ,49, ,
5, ,52, ,
5, ,50, ,
3, ,50, ,
5, ,51, ,
5, ,51, ,
8, ,49, ,
4, ,52, ,
4, ,50, ,
4, ,50, ,
6, ,51, ,
1, ,51, ,
-4, ,49, ,
3, ,52, ,
3, ,50, ,
0, ,50, ,
6, ,51, ,
6, ,51, ,
8, ,49, ,
5, ,52, ,
5, ,51, ,
8, ,50, ,
4, ,51, ,
-1, ,51, ,
5, ,49, ,
4, ,51, ,
3, ,50, ,
0, ,50, ,
4, ,51, ,
4, ,51, ,
1, ,49, ,
-1, ,51, ,
3, ,50, ,
1, ,50, ,
6, ,51, ,
-2, ,51, ,
4, ,48, ,
4, ,51, ,
3, ,50, ,
3, ,50, ,
3, ,51, ,
1, ,50, ,
5, ,49, ,
-1, ,52, ,
5, ,50, ,
3, ,50, ,
6, ,51, ,
1, ,51, ,
4, ,49, ,
5, ,51, ,
3, ,50, ,
0, ,50, ,
1, ,51, ,
1, ,51, ,
0, ,49, ,
0, ,52, ,
4, ,51, ,
5, ,50, ,
8, ,50, ,
0, ,51, ,
4, ,49, ,
5, ,51, ,
3, ,50, ,
-2, ,50, ,
6, ,51, ,
3, ,50, ,
3, ,49, ,
1, ,52, ,
1, ,50, ,
3, ,50, ,
1, ,50, ,
0, ,51, ,
4, ,49, ,
4, ,51, ,
5, ,50, ,
1, ,50, ,
6, ,51, ,
3, ,50, ,
0, ,49, ,
-1, ,51, ,
1, ,50, ,
3, ,50, ,
5, ,51, ,
1, ,51, ,
4, ,49, ,
4, ,52, ,
-1, ,50, ,
-4, ,50, ,
3, ,51, ,
-2, ,50, ,
1, ,49, ,
-2, ,51, ,
0, ,50, ,
5, ,50, ,
5, ,51, ,
-1, ,51, ,
5, ,49, ,
1, ,51, ,
1, ,49, ,
-1, ,50, ,
4, ,51, ,
4, ,51, ,
3, ,49, ,
1, ,51, ,
3, ,50, ,
1, ,50, ,
5, ,50, ,
-2, ,51, ,
1, ,48, ,
4, ,51, ,
1, ,50, ,
-1, ,50, ,
0, ,51, ,
-7, ,51, ,
-5, ,49, ,
-10, ,51, ,
1, ,50, ,
1, ,50, ,
4, ,50, ,
0, ,51, ,
1, ,49, ,
1, ,51, ,
0, ,50, ,
-5, ,50, ,
3, ,51, ,
3, ,51, ,
1, ,48, ,
-1, ,51, ,
1, ,50, ,
0, ,50, ,
1, ,51, ,
-6, ,51, ,
-4, ,49, ,
-1, ,51, ,
-4, ,50, ,
-5, ,50, ,
-2, ,51, ,
-1, ,51, ,
-2, ,48, ,
-4, ,51, ,
-4, ,50, ,
-7, ,50, ,
-6, ,50, ,
-12, ,51, ,
-14, ,49, ,
-12, ,51, ,
-11, ,50, ,
-11, ,50, ,
-4, ,50, ,
-2, ,51, ,
1, ,48, ,
6, ,51, ,
8, ,50, ,
5, ,50, ,
9, ,50, ,
1, ,51, ,
6, ,48, ,
8, ,52, ,
3, ,50, ,
-2, ,50, ,
1, ,51, ,
3, ,51, ,
3, ,49, ,
0, ,51, ,
0, ,51, ,
0, ,50, ,
1, ,51, ,
-2, ,51, ,
1, ,49, ,
0, ,51, ,
-2, ,50, ,
-6, ,50, ,
-2, ,51, ,
-4, ,50, ,
0, ,49, ,
-4, ,51, ,
0, ,50, ,
1, ,50, ,
4, ,51, ,
-1, ,51, ,
1, ,49, ,
3, ,51, ,
-1, ,50, ,
-4, ,49, ,
0, ,50, ,
-5, ,51, ,
-2, ,49, ,
-6, ,52, ,
-4, ,50, ,
-2, ,50, ,
-1, ,50, ,
-6, ,51, ,
-2, ,49, ,
0, ,51, ,
-1, ,50, ,
-2, ,50, ,
4, ,51, ,
3, ,51, ,
0, ,48, ,
-1, ,51, ,
-1, ,50, ,
-4, ,50, ,
0, ,50, ,
-5, ,50, ,
-2, ,49, ,
3, ,51, ,
4, ,50, ,
3, ,50, ,
5, ,51, ,
4, ,50, ,
1, ,49, ,
0, ,51, ,
0, ,50, ,
1, ,50, ,
1, ,50, ,
-4, ,51, ,
1, ,49, ,
3, ,51, ,
1, ,50, ,
-1, ,50, ,
3, ,51, ,
3, ,51, ,
4, ,48, ,
3, ,51, ,
