Format,1.0B,
Memory Length,10000,Memory Length,10000,
IntpDistance,0,IntpDistance,0,
Trigger Address,4999,Trigger Address,4999,
Trigger Level,-1.000E+00,Trigger Level,-1.000E+00,
Source,CH1,Source,CH2,
Vertical Units,V,Vertical Units,V,
Vertical Units Div,0,Vertical Units Div,0,
Vertical Units Extend Div,16,Vertical Units Extend Div,16,
Label,,Label,,
Probe Type,0,Probe Type,0,
Probe Ratio,1.000e+01,Probe Ratio,1.000e+00,
Vertical Scale,2.000e-02,Vertical Scale,1.000e+00,
Vertical Position,-5.120e-02,Vertical Position,2.000e-01,
Horizontal Units,S,Horizontal Units,S,
Horizontal Scale,1.000E-05,Horizontal Scale,1.000E-05,
Horizontal Position,0.000E+00,Horizontal Position,0.000E+00,
Horizontal Mode,Main,Horizontal Mode,Main,
SincET Mode,Real Time,SincET Mode,Real Time,
Sampling Period,1.000e-08,Sampling Period,1.000e-08,
Horizontal Old Scale,1.000E-05,Horizontal Old Scale,1.000E-05,
Horizontal Old Position,0.000E+00,Horizontal Old Position,0.000E+00,
Firmware,V1.23,Firmware,V1.23,
Mode,Fast,Mode,Fast,
Waveform Data,,Waveform Data,,
-2, ,-38, ,
5, ,-38, ,
3, ,-38, ,
3, ,-37, ,
-4, ,-38, ,
-1, ,-38, ,
-2, ,-38, ,
-2, ,-37, ,
-5, ,-38, ,
-2, ,-38, ,
-1, ,-37, ,
-1, ,-37, ,
-4, ,-38, ,
0, ,-38, ,
0, ,-38, ,
0, ,-37, ,
0, ,-38, ,
1, ,-37, ,
4, ,-38, ,
4, ,-38, ,
-1, ,-38, ,
0, ,-38, ,
1, ,-37, ,
0, ,-37, ,
-5, ,-38, ,
1, ,-38, ,
1, ,-38, ,
1, ,-37, ,
1, ,-38, ,
1, ,-38, ,
3, ,-37, ,
1, ,-38, ,
-5, ,-38, ,
1, ,-37, ,
0, ,-38, ,
0, ,-37, ,
-1, ,-37, ,
4, ,-38, ,
3, ,-38, ,
-1, ,-38, ,
-1, ,-38, ,
-1, ,-37, ,
0, ,-38, ,
3, ,-37, ,
-2, ,-37, ,
4, ,-38, ,
4, ,-38, ,
3, ,-37, ,
0, ,-38, ,
3, ,-38, ,
-2, ,-38, ,
-2, ,-38, ,
-1, ,-38, ,
3, ,-38, ,
4, ,-37, ,
4, ,-38, ,
-4, ,-37, ,
0, ,-38, ,
0, ,-37, ,
-2, ,-37, ,
-4, ,-37, ,
0, ,-38, ,
0, ,-38, ,
0, ,-38, ,
-2, ,-38, ,
0, ,-38, ,
-1, ,-37, ,
1, ,-38, ,
0, ,-37, ,
3, ,-38, ,
1, ,-37, ,
1, ,-37, ,
-1, ,-38, ,
1, ,-38, ,
-1, ,-38, ,
-2, ,-38, ,
-2, ,-38, ,
1, ,-37, ,
4, ,-38, ,
0, ,-38, ,
-2, ,-38, ,
-1, ,-38, ,
1, ,-37, ,
1, ,-38, ,
-4, ,-37, ,
4, ,-38, ,
3, ,-38, ,
4, ,-37, ,
1, ,-38, ,
-1, ,-37, ,
3, ,-38, ,
1, ,-38, ,
-2, ,-37, ,
3, ,-38, ,
6, ,-38, ,
0, ,-37, ,
3, ,-37, ,
3, ,-38, ,
-2, ,-37, ,
0, ,-37, ,
-1, ,-38, ,
0, ,-38, ,
3, ,-38, ,
8, ,-37, ,
1, ,-37, ,
4, ,-38, ,
3, ,-38, ,
-1, ,-37, ,
-5, ,-38, ,
-2, ,-38, ,
0, ,-37, ,
3, ,-38, ,
1, ,-38, ,
3, ,-37, ,
1, ,-38, ,
3, ,-38, ,
-2, ,-38, ,
3, ,-38, ,
6, ,-38, ,
3, ,-37, ,
4, ,-38, ,
8, ,-38, ,
3, ,-37, ,
3, ,-38, ,
3, ,-38, ,
-1, ,-38, ,
0, ,-37, ,
3, ,-38, ,
0, ,-37, ,
3, ,-38, ,
8, ,-37, ,
1, ,-38, ,
-2, ,-38, ,
3, ,-38, ,
1, ,-38, ,
1, ,-37, ,
1, ,-38, ,
3, ,-37, ,
6, ,-38, ,
5, ,-37, ,
0, ,-38, ,
3, ,-38, ,
4, ,-38, ,
1, ,-37, ,
-5, ,-37, ,
1, ,-38, ,
0, ,-38, ,
3, ,-38, ,
-7, ,-38, ,
5, ,-38, ,
0, ,-37, ,
0, ,-37, ,
5, ,-38, ,
1, ,-38, ,
1, ,-37, ,
-1, ,-38, ,
0, ,-38, ,
5, ,-38, ,
4, ,-38, ,
1, ,-38, ,
-1, ,-38, ,
0, ,-37, ,
1, ,-37, ,
3, ,-38, ,
-1, ,-38, ,
4, ,-38, ,
6, ,-38, ,
3, ,-37, ,
0, ,-37, ,
4, ,-38, ,
1, ,-37, ,
3, ,-38, ,
-1, ,-38, ,
1, ,-37, ,
1, ,-37, ,
3, ,-38, ,
-1, ,-38, ,
5, ,-38, ,
8, ,-38, ,
1, ,-38, ,
6, ,-37, ,
6, ,-38, ,
1, ,-38, ,
5, ,-37, ,
1, ,-38, ,
1, ,-37, ,
4, ,-38, ,
6, ,-38, ,
0, ,-38, ,
3, ,-38, ,
8, ,-38, ,
3, ,-37, ,
0, ,-37, ,
5, ,-38, ,
1, ,-38, ,
5, ,-38, ,
1, ,-38, ,
3, ,-38, ,
4, ,-38, ,
4, ,-38, ,
-2, ,-38, ,
1, ,-38, ,
4, ,-38, ,
4, ,-38, ,
-2, ,-37, ,
5, ,-37, ,
5, ,-38, ,
3, ,-37, ,
1, ,-38, ,
1, ,-37, ,
1, ,-37, ,
3, ,-38, ,
-2, ,-38, ,
4, ,-38, ,
5, ,-38, ,
4, ,-37, ,
-1, ,-37, ,
3, ,-38, ,
0, ,-38, ,
1, ,-38, ,
0, ,-38, ,
0, ,-38, ,
1, ,-38, ,
1, ,-38, ,
-4, ,-38, ,
0, ,-38, ,
1, ,-38, ,
-2, ,-37, ,
-7, ,-37, ,
-2, ,-38, ,
0, ,-38, ,
-1, ,-38, ,
0, ,-38, ,
1, ,-37, ,
1, ,-38, ,
1, ,-38, ,
-2, ,-38, ,
1, ,-38, ,
5, ,-38, ,
3, ,-37, ,
1, ,-38, ,
6, ,-37, ,
4, ,-38, ,
3, ,-38, ,
-1, ,-38, ,
-1, ,-37, ,
-1, ,-38, ,
-1, ,-38, ,
-6, ,-37, ,
-1, ,-38, ,
0, ,-37, ,
-1, ,-38, ,
-2, ,-38, ,
4, ,-38, ,
1, ,-38, ,
3, ,-38, ,
-1, ,-38, ,
1, ,-38, ,
0, ,-38, ,
-1, ,-38, ,
-5, ,-37, ,
0, ,-38, ,
0, ,-38, ,
0, ,-37, ,
-4, ,-38, ,
0, ,-38, ,
1, ,-37, ,
1, ,-38, ,
0, ,-38, ,
0, ,-38, ,
1, ,-38, ,
1, ,-38, ,
-4, ,-37, ,
3, ,-37, ,
3, ,-38, ,
3, ,-38, ,
-4, ,-38, ,
5, ,-37, ,
1, ,-38, ,
1, ,-38, ,
1, ,-38, ,
0, ,-37, ,
4, ,-38, ,
4, ,-38, ,
-6, ,-38, ,
0, ,-38, ,
0, ,-37, ,
-1, ,-37, ,
-1, ,-38, ,
3, ,-38, ,
3, ,-38, ,
3, ,-38, ,
-1, ,-38, ,
0, ,-38, ,
-1, ,-38, ,
-1, ,-38, ,
-6, ,-38, ,
-1, ,-38, ,
1, ,-38, ,
-1, ,-38, ,
-4, ,-38, ,
1, ,-38, ,
0, ,-38, ,
0, ,-37, ,
-2, ,-38, ,
-1, ,-38, ,
-1, ,-37, ,
1, ,-38, ,
-5, ,-37, ,
-4, ,-38, ,
-4, ,-36, ,
0, ,-29, ,
0, ,-20, ,
5, ,-9, ,
4, ,-1, ,
6, ,7, ,
3, ,14, ,
1, ,19, ,
4, ,25, ,
4, ,29, ,
3, ,32, ,
5, ,36, ,
4, ,38, ,
1, ,40, ,
1, ,44, ,
5, ,45, ,
4, ,46, ,
6, ,48, ,
5, ,49, ,
1, ,50, ,
-1, ,51, ,
-1, ,52, ,
-6, ,51, ,
0, ,53, ,
3, ,53, ,
4, ,53, ,
1, ,54, ,
5, ,54, ,
3, ,53, ,
4, ,55, ,
3, ,55, ,
4, ,55, ,
4, ,55, ,
9, ,56, ,
1, ,54, ,
4, ,56, ,
1, ,55, ,
0, ,55, ,
-5, ,56, ,
1, ,56, ,
1, ,54, ,
0, ,56, ,
3, ,55, ,
5, ,55, ,
1, ,56, ,
5, ,56, ,
0, ,54, ,
1, ,57, ,
3, ,55, ,
-1, ,55, ,
-2, ,56, ,
1, ,56, ,
0, ,54, ,
3, ,56, ,
-2, ,56, ,
0, ,55, ,
3, ,56, ,
3, ,56, ,
-2, ,54, ,
0, ,57, ,
3, ,55, ,
1, ,55, ,
-1, ,55, ,
5, ,56, ,
4, ,54, ,
4, ,56, ,
1, ,56, ,
1, ,55, ,
3, ,56, ,
3, ,56, ,
-2, ,54, ,
0, ,56, ,
3, ,55, ,
0, ,55, ,
-6, ,56, ,
1, ,56, ,
-4, ,54, ,
0, ,56, ,
-2, ,55, ,
0, ,55, ,
5, ,55, ,
4, ,56, ,
3, ,54, ,
5, ,56, ,
3, ,55, ,
3, ,55, ,
-5, ,55, ,
1, ,55, ,
1, ,54, ,
1, ,56, ,
4, ,55, ,
3, ,55, ,
6, ,55, ,
9, ,55, ,
-2, ,54, ,
6, ,56, ,
3, ,54, ,
1, ,55, ,
-2, ,56, ,
4, ,55, ,
3, ,54, ,
1, ,55, ,
1, ,55, ,
4, ,55, ,
6, ,55, ,
6, ,56, ,
0, ,54, ,
3, ,56, ,
6, ,54, ,
5, ,55, ,
4, ,56, ,
6, ,55, ,
5, ,54, ,
3, ,56, ,
0, ,56, ,
5, ,55, ,
3, ,55, ,
8, ,55, ,
4, ,54, ,
9, ,56, ,
9, ,55, ,
4, ,55, ,
3, ,55, ,
5, ,55, ,
1, ,54, ,
4, ,56, ,
-4, ,55, ,
3, ,54, ,
5, ,55, ,
6, ,55, ,
1, ,54, ,
1, ,56, ,
3, ,55, ,
4, ,55, ,
-1, ,55, ,
5, ,55, ,
4, ,54, ,
3, ,56, ,
4, ,55, ,
3, ,55, ,
1, ,55, ,
4, ,55, ,
0, ,53, ,
5, ,56, ,
3, ,54, ,
5, ,55, ,
-1, ,55, ,
9, ,55, ,
5, ,53, ,
5, ,56, ,
1, ,55, ,
1, ,55, ,
1, ,55, ,
5, ,56, ,
-4, ,54, ,
3, ,56, ,
4, ,55, ,
0, ,55, ,
-2, ,55, ,
3, ,56, ,
1, ,53, ,
0, ,56, ,
-1, ,55, ,
4, ,55, ,
3, ,55, ,
8, ,55, ,
-1, ,54, ,
5, ,56, ,
6, ,54, ,
5, ,55, ,
1, ,55, ,
5, ,55, ,
0, ,53, ,
0, ,56, ,
-1, ,55, ,
3, ,55, ,
4, ,55, ,
6, ,55, ,
-1, ,53, ,
1, ,56, ,
4, ,54, ,
3, ,55, ,
-1, ,55, ,
6, ,55, ,
6, ,54, ,
6, ,56, ,
1, ,55, ,
4, ,55, ,
3, ,55, ,
3, ,56, ,
-4, ,54, ,
0, ,56, ,
1, ,54, ,
4, ,54, ,
-1, ,55, ,
3, ,55, ,
3, ,53, ,
1, ,56, ,
-1, ,55, ,
-1, ,55, ,
1, ,54, ,
3, ,55, ,
-1, ,54, ,
3, ,56, ,
4, ,54, ,
4, ,55, ,
-2, ,55, ,
5, ,55, ,
1, ,53, ,
-1, ,56, ,
1, ,55, ,
-1, ,55, ,
0, ,55, ,
3, ,55, ,
-7, ,54, ,
3, ,56, ,
3, ,55, ,
0, ,55, ,
-4, ,56, ,
3, ,55, ,
1, ,54, ,
1, ,55, ,
0, ,55, ,
1, ,54, ,
1, ,55, ,
0, ,55, ,
-5, ,54, ,
1, ,56, ,
3, ,54, ,
-5, ,54, ,
-1, ,55, ,
4, ,55, ,
1, ,53, ,
1, ,56, ,
-4, ,55, ,
0, ,55, ,
-4, ,55, ,
0, ,55, ,
-5, ,53, ,
-2, ,56, ,
4, ,54, ,
3, ,55, ,
1, ,55, ,
6, ,56, ,
3, ,53, ,
1, ,56, ,
-4, ,54, ,
-2, ,55, ,
0, ,55, ,
-1, ,55, ,
-5, ,54, ,
1, ,56, ,
1, ,54, ,
-1, ,54, ,
-7, ,56, ,
1, ,55, ,
0, ,53, ,
4, ,56, ,
3, ,55, ,
3, ,55, ,
0, ,55, ,
0, ,55, ,
-6, ,54, ,
-1, ,55, ,
-1, ,54, ,
1, ,55, ,
-4, ,55, ,
3, ,55, ,
3, ,53, ,
3, ,56, ,
-2, ,55, ,
-4, ,55, ,
-2, ,55, ,
-1, ,55, ,
-6, ,54, ,
-1, ,56, ,
-1, ,54, ,
0, ,55, ,
-1, ,55, ,
5, ,55, ,
4, ,53, ,
4, ,56, ,
1, ,55, ,
1, ,55, ,
1, ,55, ,
4, ,55, ,
-5, ,53, ,
1, ,56, ,
3, ,54, ,
0, ,54, ,
-6, ,56, ,
-2, ,56, ,
-5, ,53, ,
-5, ,56, ,
-2, ,54, ,
-4, ,55, ,
-6, ,55, ,
1, ,55, ,
-4, ,53, ,
-2, ,56, ,
0, ,54, ,
-2, ,55, ,
-6, ,56, ,
4, ,55, ,
1, ,54, ,
3, ,56, ,
-1, ,55, ,
1, ,54, ,
0, ,55, ,
-2, ,55, ,
-7, ,53, ,
-2, ,56, ,
0, ,54, ,
-2, ,55, ,
-2, ,55, ,
4, ,55, ,
-2, ,54, ,
1, ,56, ,
1, ,55, ,
0, ,54, ,
3, ,55, ,
4, ,55, ,
-2, ,53, ,
5, ,56, ,
1, ,54, ,
1, ,55, ,
0, ,55, ,
3, ,56, ,
0, ,54, ,
-1, ,56, ,
-1, ,55, ,
1, ,55, ,
4, ,55, ,
6, ,55, ,
-1, ,54, ,
4, ,56, ,
3, ,54, ,
1, ,55, ,
-6, ,55, ,
3, ,55, ,
0, ,53, ,
3, ,56, ,
1, ,55, ,
3, ,55, ,
4, ,55, ,
5, ,55, ,
-2, ,54, ,
0, ,56, ,
1, ,54, ,
0, ,54, ,
-2, ,55, ,
1, ,55, ,
1, ,53, ,
0, ,56, ,
-1, ,55, ,
4, ,55, ,
1, ,55, ,
9, ,55, ,
1, ,53, ,
3, ,56, ,
6, ,54, ,
-1, ,55, ,
-1, ,55, ,
6, ,55, ,
3, ,53, ,
4, ,56, ,
-1, ,55, ,
0, ,55, ,
1, ,55, ,
3, ,55, ,
-1, ,54, ,
4, ,56, ,
6, ,54, ,
4, ,54, ,
-2, ,55, ,
3, ,55, ,
-1, ,53, ,
-1, ,55, ,
-1, ,55, ,
3, ,54, ,
4, ,55, ,
3, ,55, ,
0, ,53, ,
4, ,56, ,
3, ,54, ,
1, ,55, ,
-2, ,55, ,
4, ,55, ,
0, ,53, ,
4, ,56, ,
5, ,55, ,
4, ,55, ,
5, ,55, ,
3, ,55, ,
-1, ,54, ,
3, ,56, ,
4, ,54, ,
4, ,55, ,
-1, ,56, ,
8, ,55, ,
4, ,53, ,
1, ,55, ,
3, ,55, ,
4, ,54, ,
0, ,55, ,
6, ,55, ,
0, ,54, ,
5, ,56, ,
8, ,54, ,
5, ,55, ,
-1, ,55, ,
5, ,55, ,
0, ,53, ,
1, ,56, ,
-2, ,55, ,
5, ,55, ,
5, ,55, ,
9, ,55, ,
4, ,53, ,
6, ,56, ,
6, ,54, ,
5, ,55, ,
3, ,55, ,
6, ,55, ,
5, ,53, ,
4, ,56, ,
3, ,55, ,
4, ,55, ,
5, ,55, ,
5, ,55, ,
-1, ,54, ,
5, ,56, ,
5, ,54, ,
1, ,54, ,
-2, ,55, ,
5, ,55, ,
3, ,53, ,
4, ,56, ,
1, ,55, ,
5, ,55, ,
3, ,55, ,
6, ,55, ,
-1, ,54, ,
4, ,56, ,
3, ,54, ,
3, ,54, ,
-2, ,55, ,
5, ,55, ,
3, ,54, ,
3, ,56, ,
-1, ,55, ,
-1, ,55, ,
-2, ,55, ,
1, ,55, ,
-6, ,54, ,
-1, ,56, ,
3, ,54, ,
3, ,54, ,
1, ,56, ,
3, ,55, ,
1, ,54, ,
1, ,55, ,
-2, ,54, ,
1, ,55, ,
3, ,55, ,
6, ,55, ,
3, ,53, ,
5, ,56, ,
8, ,54, ,
3, ,54, ,
0, ,55, ,
5, ,56, ,
3, ,53, ,
5, ,56, ,
0, ,55, ,
5, ,54, ,
4, ,55, ,
4, ,55, ,
-1, ,53, ,
3, ,56, ,
5, ,55, ,
1, ,55, ,
0, ,55, ,
5, ,55, ,
3, ,53, ,
1, ,56, ,
-1, ,55, ,
1, ,55, ,
0, ,55, ,
1, ,56, ,
-1, ,53, ,
1, ,56, ,
4, ,54, ,
4, ,54, ,
3, ,55, ,
5, ,55, ,
3, ,53, ,
4, ,56, ,
-1, ,54, ,
0, ,55, ,
0, ,55, ,
0, ,55, ,
-1, ,53, ,
4, ,56, ,
5, ,54, ,
3, ,54, ,
1, ,55, ,
5, ,55, ,
1, ,53, ,
0, ,55, ,
-1, ,55, ,
1, ,54, ,
0, ,55, ,
0, ,55, ,
-4, ,53, ,
-1, ,56, ,
0, ,54, ,
0, ,54, ,
-2, ,55, ,
4, ,56, ,
3, ,54, ,
-1, ,56, ,
-1, ,54, ,
3, ,54, ,
1, ,55, ,
4, ,55, ,
-4, ,53, ,
-1, ,56, ,
3, ,54, ,
-2, ,55, ,
-2, ,55, ,
3, ,55, ,
0, ,53, ,
1, ,56, ,
-4, ,54, ,
-1, ,55, ,
-2, ,55, ,
-4, ,56, ,
-5, ,54, ,
0, ,56, ,
3, ,54, ,
-4, ,55, ,
-10, ,55, ,
-6, ,56, ,
-14, ,53, ,
-16, ,56, ,
-19, ,54, ,
-16, ,55, ,
-14, ,55, ,
-9, ,55, ,
-9, ,53, ,
-1, ,56, ,
3, ,54, ,
6, ,54, ,
6, ,55, ,
11, ,55, ,
9, ,53, ,
8, ,55, ,
5, ,55, ,
3, ,55, ,
3, ,55, ,
1, ,55, ,
-5, ,53, ,
-1, ,56, ,
0, ,54, ,
0, ,55, ,
-2, ,55, ,
4, ,55, ,
1, ,53, ,
0, ,55, ,
0, ,55, ,
0, ,55, ,
-1, ,55, ,
-4, ,55, ,
-10, ,53, ,
-2, ,56, ,
-1, ,54, ,
0, ,55, ,
-1, ,55, ,
5, ,56, ,
4, ,53, ,
4, ,56, ,
0, ,55, ,
0, ,55, ,
1, ,55, ,
3, ,55, ,
-4, ,53, ,
-1, ,56, ,
-1, ,54, ,
-5, ,55, ,
-9, ,55, ,
-1, ,55, ,
-1, ,54, ,
0, ,56, ,
-2, ,55, ,
3, ,55, ,
1, ,55, ,
4, ,55, ,
-5, ,54, ,
0, ,56, ,
0, ,54, ,
-4, ,54, ,
-5, ,55, ,
-1, ,55, ,
-4, ,54, ,
-1, ,55, ,
-4, ,55, ,
0, ,55, ,
4, ,55, ,
3, ,55, ,
-1, ,54, ,
3, ,56, ,
1, ,54, ,
1, ,55, ,
-5, ,55, ,
4, ,55, ,
0, ,54, ,
-1, ,56, ,
-1, ,55, ,
0, ,55, ,
-2, ,55, ,
1, ,55, ,
-1, ,53, ,
1, ,56, ,
3, ,54, ,
3, ,55, ,
-2, ,55, ,
1, ,55, ,
3, ,54, ,
4, ,56, ,
3, ,55, ,
0, ,55, ,
-1, ,54, ,
6, ,56, ,
1, ,53, ,
5, ,56, ,
4, ,54, ,
3, ,54, ,
-2, ,55, ,
1, ,56, ,
1, ,53, ,
3, ,56, ,
4, ,55, ,
8, ,54, ,
5, ,55, ,
8, ,55, ,
0, ,53, ,
3, ,56, ,
3, ,54, ,
0, ,54, ,
-5, ,55, ,
4, ,55, ,
1, ,53, ,
5, ,56, ,
4, ,55, ,
4, ,54, ,
1, ,55, ,
6, ,55, ,
-1, ,54, ,
4, ,56, ,
5, ,54, ,
4, ,55, ,
0, ,55, ,
5, ,56, ,
3, ,54, ,
8, ,56, ,
3, ,54, ,
3, ,55, ,
4, ,55, ,
3, ,55, ,
-1, ,53, ,
4, ,56, ,
4, ,54, ,
3, ,55, ,
-1, ,56, ,
3, ,56, ,
0, ,54, ,
3, ,56, ,
-1, ,55, ,
6, ,55, ,
6, ,55, ,
8, ,56, ,
5, ,53, ,
5, ,56, ,
4, ,54, ,
3, ,55, ,
-5, ,55, ,
4, ,55, ,
3, ,53, ,
5, ,56, ,
1, ,55, ,
4, ,55, ,
3, ,55, ,
4, ,56, ,
-4, ,53, ,
1, ,56, ,
3, ,54, ,
1, ,55, ,
-1, ,55, ,
6, ,55, ,
5, ,53, ,
6, ,56, ,
5, ,55, ,
4, ,54, ,
4, ,55, ,
-2, ,55, ,
0, ,54, ,
6, ,56, ,
3, ,54, ,
8, ,55, ,
3, ,55, ,
8, ,55, ,
4, ,54, ,
4, ,55, ,
1, ,55, ,
4, ,54, ,
8, ,55, ,
10, ,55, ,
5, ,53, ,
6, ,56, ,
6, ,54, ,
3, ,55, ,
1, ,55, ,
6, ,55, ,
-1, ,53, ,
1, ,56, ,
-1, ,54, ,
1, ,55, ,
4, ,55, ,
6, ,55, ,
0, ,53, ,
1, ,56, ,
3, ,54, ,
0, ,55, ,
-4, ,55, ,
0, ,55, ,
-1, ,53, ,
4, ,55, ,
6, ,55, ,
1, ,55, ,
3, ,55, ,
3, ,55, ,
-2, ,54, ,
6, ,56, ,
6, ,54, ,
5, ,55, ,
3, ,55, ,
5, ,56, ,
5, ,54, ,
14, ,56, ,
1, ,54, ,
3, ,55, ,
8, ,55, ,
6, ,55, ,
4, ,54, ,
9, ,56, ,
9, ,54, ,
9, ,55, ,
4, ,55, ,
6, ,55, ,
3, ,54, ,
-1, ,55, ,
-1, ,54, ,
3, ,55, ,
3, ,55, ,
8, ,55, ,
1, ,54, ,
5, ,56, ,
5, ,55, ,
3, ,54, ,
0, ,56, ,
0, ,55, ,
0, ,53, ,
4, ,56, ,
3, ,55, ,
6, ,55, ,
5, ,55, ,
6, ,55, ,
5, ,54, ,
4, ,56, ,
5, ,54, ,
13, ,54, ,
5, ,50, ,
6, ,41, ,
0, ,30, ,
-1, ,21, ,
-6, ,13, ,
-4, ,6, ,
-1, ,0, ,
1, ,-5, ,
-1, ,-9, ,
0, ,-13, ,
3, ,-17, ,
3, ,-20, ,
-5, ,-23, ,
4, ,-25, ,
3, ,-27, ,
1, ,-28, ,
-4, ,-29, ,
-2, ,-30, ,
1, ,-31, ,
3, ,-32, ,
3, ,-33, ,
4, ,-35, ,
5, ,-35, ,
3, ,-36, ,
-1, ,-36, ,
3, ,-37, ,
1, ,-37, ,
-2, ,-37, ,
-2, ,-37, ,
-1, ,-37, ,
-2, ,-38, ,
0, ,-38, ,
-5, ,-38, ,
-2, ,-38, ,
-1, ,-38, ,
0, ,-38, ,
-2, ,-38, ,
0, ,-38, ,
1, ,-38, ,
1, ,-39, ,
-2, ,-38, ,
-1, ,-38, ,
1, ,-38, ,
-1, ,-38, ,
-7, ,-38, ,
-4, ,-39, ,
-1, ,-38, ,
-4, ,-38, ,
-5, ,-38, ,
-2, ,-39, ,
1, ,-38, ,
-1, ,-38, ,
-5, ,-38, ,
-2, ,-38, ,
-4, ,-38, ,
0, ,-38, ,
-6, ,-38, ,
-2, ,-38, ,
-2, ,-38, ,
-4, ,-38, ,
-7, ,-38, ,
-5, ,-38, ,
-9, ,-38, ,
-5, ,-38, ,
-7, ,-38, ,
-6, ,-38, ,
-2, ,-38, ,
-4, ,-38, ,
-6, ,-38, ,
-1, ,-38, ,
-4, ,-38, ,
-2, ,-38, ,
-9, ,-38, ,
-2, ,-38, ,
-1, ,-38, ,
-2, ,-38, ,
-1, ,-38, ,
-1, ,-38, ,
-1, ,-38, ,
-1, ,-38, ,
-7, ,-37, ,
-2, ,-38, ,
-2, ,-38, ,
-2, ,-37, ,
-5, ,-38, ,
0, ,-38, ,
-1, ,-38, ,
0, ,-38, ,
-2, ,-38, ,
-2, ,-38, ,
0, ,-38, ,
-4, ,-38, ,
-5, ,-38, ,
-4, ,-38, ,
0, ,-38, ,
-2, ,-38, ,
-1, ,-38, ,
-1, ,-38, ,
0, ,-38, ,
-4, ,-38, ,
-5, ,-38, ,
-2, ,-38, ,
-1, ,-38, ,
-1, ,-38, ,
-6, ,-38, ,
-2, ,-38, ,
0, ,-38, ,
-6, ,-38, ,
-4, ,-38, ,
-4, ,-38, ,
-2, ,-38, ,
-1, ,-38, ,
-5, ,-38, ,
1, ,-38, ,
0, ,-38, ,
-1, ,-38, ,
-1, ,-38, ,
-1, ,-38, ,
-1, ,-38, ,
-1, ,-38, ,
-2, ,-38, ,
1, ,-38, ,
1, ,-38, ,
0, ,-38, ,
-1, ,-38, ,
0, ,-38, ,
0, ,-38, ,
1, ,-38, ,
-6, ,-38, ,
-4, ,-38, ,
-2, ,-38, ,
-4, ,-38, ,
-5, ,-38, ,
3, ,-38, ,
-1, ,-37, ,
1, ,-38, ,
-1, ,-38, ,
-1, ,-38, ,
1, ,-38, ,
0, ,-38, ,
-4, ,-38, ,
3, ,-38, ,
3, ,-38, ,
-1, ,-38, ,
-4, ,-37, ,
0, ,-38, ,
3, ,-38, ,
3, ,-38, ,
0, ,-38, ,
1, ,-37, ,
1, ,-38, ,
3, ,-38, ,
0, ,-38, ,
4, ,-38, ,
6, ,-38, ,
4, ,-37, ,
3, ,-38, ,
3, ,-38, ,
3, ,-38, ,
4, ,-38, ,
1, ,-38, ,
4, ,-38, ,
4, ,-38, ,
6, ,-38, ,
-2, ,-38, ,
1, ,-38, ,
0, ,-38, ,
-5, ,-38, ,
-4, ,-38, ,
5, ,-38, ,
6, ,-38, ,
6, ,-38, ,
6, ,-38, ,
8, ,-37, ,
10, ,-38, ,
5, ,-38, ,
1, ,-37, ,
4, ,-38, ,
6, ,-38, ,
3, ,-38, ,
1, ,-38, ,
6, ,-38, ,
3, ,-38, ,
5, ,-38, ,
1, ,-38, ,
4, ,-37, ,
5, ,-38, ,
5, ,-38, ,
4, ,-38, ,
6, ,-38, ,
6, ,-37, ,
5, ,-38, ,
1, ,-38, ,
3, ,-38, ,
1, ,-38, ,
1, ,-38, ,
1, ,-38, ,
1, ,-37, ,
4, ,-38, ,
6, ,-38, ,
0, ,-37, ,
3, ,-38, ,
4, ,-37, ,
3, ,-37, ,
-4, ,-38, ,
4, ,-37, ,
3, ,-38, ,
4, ,-37, ,
4, ,-38, ,
4, ,-38, ,
6, ,-37, ,
6, ,-37, ,
1, ,-37, ,
4, ,-38, ,
6, ,-37, ,
5, ,-38, ,
4, ,-37, ,
8, ,-38, ,
6, ,-38, ,
5, ,-37, ,
3, ,-38, ,
4, ,-37, ,
3, ,-37, ,
3, ,-38, ,
-1, ,-38, ,
3, ,-38, ,
9, ,-38, ,
4, ,-38, ,
3, ,-37, ,
4, ,-38, ,
4, ,-38, ,
5, ,-38, ,
3, ,-38, ,
5, ,-38, ,
6, ,-38, ,
6, ,-38, ,
3, ,-38, ,
5, ,-38, ,
8, ,-38, ,
5, ,-37, ,
3, ,-37, ,
3, ,-38, ,
3, ,-38, ,
1, ,-38, ,
0, ,-38, ,
4, ,-38, ,
8, ,-38, ,
4, ,-37, ,
1, ,-38, ,
5, ,-38, ,
4, ,-38, ,
1, ,-37, ,
0, ,-38, ,
5, ,-38, ,
5, ,-37, ,
6, ,-38, ,
4, ,-38, ,
3, ,-38, ,
4, ,-38, ,
3, ,-37, ,
-2, ,-38, ,
3, ,-38, ,
3, ,-38, ,
1, ,-38, ,
-1, ,-37, ,
5, ,-38, ,
4, ,-38, ,
0, ,-38, ,
-2, ,-38, ,
-1, ,-37, ,
-4, ,-38, ,
-1, ,-37, ,
-2, ,-38, ,
4, ,-38, ,
6, ,-38, ,
3, ,-38, ,
1, ,-38, ,
3, ,-38, ,
1, ,-37, ,
-1, ,-37, ,
-4, ,-38, ,
-1, ,-38, ,
0, ,-38, ,
0, ,-38, ,
-1, ,-37, ,
-1, ,-37, ,
1, ,-38, ,
-5, ,-37, ,
-2, ,-37, ,
3, ,-38, ,
1, ,-38, ,
3, ,-38, ,
0, ,-38, ,
3, ,-37, ,
0, ,-38, ,
3, ,-37, ,
-4, ,-38, ,
-2, ,-38, ,
3, ,-38, ,
-1, ,-37, ,
-1, ,-38, ,
1, ,-38, ,
-2, ,-38, ,
0, ,-38, ,
-5, ,-38, ,
0, ,-37, ,
3, ,-38, ,
-1, ,-37, ,
-4, ,-38, ,
0, ,-38, ,
1, ,-38, ,
1, ,-38, ,
-2, ,-38, ,
3, ,-38, ,
0, ,-38, ,
-1, ,-38, ,
-2, ,-38, ,
-4, ,-37, ,
-1, ,-38, ,
0, ,-37, ,
-4, ,-38, ,
3, ,-38, ,
4, ,-37, ,
1, ,-37, ,
-2, ,-37, ,
0, ,-38, ,
0, ,-38, ,
-1, ,-38, ,
-4, ,-38, ,
-2, ,-38, ,
-1, ,-38, ,
0, ,-38, ,
-2, ,-38, ,
0, ,-38, ,
1, ,-37, ,
-1, ,-37, ,
-4, ,-38, ,
-1, ,-37, ,
0, ,-38, ,
-2, ,-37, ,
0, ,-38, ,
3, ,-37, ,
-1, ,-38, ,
0, ,-38, ,
-6, ,-38, ,
-2, ,-38, ,
-1, ,-38, ,
-2, ,-38, ,
-1, ,-38, ,
0, ,-38, ,
0, ,-37, ,
1, ,-38, ,
-4, ,-38, ,
-2, ,-38, ,
-1, ,-38, ,
-4, ,-38, ,
-4, ,-38, ,
0, ,-38, ,
1, ,-38, ,
0, ,-37, ,
-5, ,-37, ,
3, ,-38, ,
0, ,-38, ,
0, ,-38, ,
-2, ,-38, ,
-1, ,-37, ,
0, ,-38, ,
0, ,-37, ,
-4, ,-37, ,
1, ,-38, ,
4, ,-37, ,
0, ,-37, ,
-2, ,-38, ,
4, ,-38, ,
0, ,-38, ,
0, ,-38, ,
1, ,-38, ,
3, ,-38, ,
4, ,-37, ,
3, ,-37, ,
-1, ,-37, ,
0, ,-38, ,
0, ,-38, ,
0, ,-38, ,
-5, ,-37, ,
1, ,-38, ,
4, ,-38, ,
-1, ,-38, ,
0, ,-38, ,
0, ,-38, ,
0, ,-38, ,
5, ,-38, ,
-1, ,-37, ,
5, ,-38, ,
8, ,-38, ,
5, ,-37, ,
3, ,-37, ,
6, ,-37, ,
6, ,-37, ,
3, ,-38, ,
3, ,-38, ,
4, ,-38, ,
4, ,-37, ,
0, ,-38, ,
-2, ,-38, ,
-1, ,-38, ,
1, ,-37, ,
0, ,-38, ,
-1, ,-38, ,
4, ,-38, ,
5, ,-38, ,
3, ,-38, ,
1, ,-38, ,
4, ,-38, ,
5, ,-38, ,
4, ,-38, ,
-1, ,-38, ,
0, ,-38, ,
3, ,-38, ,
0, ,-37, ,
-1, ,-38, ,
8, ,-38, ,
5, ,-37, ,
1, ,-38, ,
1, ,-38, ,
9, ,-38, ,
1, ,-37, ,
4, ,-37, ,
5, ,-38, ,
4, ,-38, ,
4, ,-38, ,
4, ,-38, ,
-1, ,-38, ,
5, ,-38, ,
4, ,-38, ,
6, ,-38, ,
6, ,-38, ,
5, ,-37, ,
4, ,-38, ,
5, ,-38, ,
1, ,-37, ,
5, ,-38, ,
6, ,-37, ,
4, ,-37, ,
0, ,-38, ,
3, ,-38, ,
4, ,-37, ,
3, ,-37, ,
4, ,-38, ,
3, ,-37, ,
3, ,-38, ,
5, ,-38, ,
-1, ,-37, ,
8, ,-38, ,
9, ,-38, ,
4, ,-37, ,
1, ,-37, ,
3, ,-38, ,
6, ,-38, ,
4, ,-38, ,
5, ,-38, ,
9, ,-37, ,
9, ,-38, ,
10, ,-38, ,
0, ,-37, ,
3, ,-38, ,
1, ,-38, ,
-5, ,-37, ,
-4, ,-38, ,
3, ,-37, ,
4, ,-37, ,
9, ,-38, ,
6, ,-38, ,
8, ,-38, ,
5, ,-38, ,
4, ,-37, ,
1, ,-38, ,
6, ,-38, ,
11, ,-38, ,
6, ,-38, ,
4, ,-37, ,
8, ,-38, ,
5, ,-38, ,
3, ,-38, ,
-1, ,-38, ,
-1, ,-37, ,
3, ,-38, ,
5, ,-38, ,
0, ,-38, ,
4, ,-38, ,
4, ,-38, ,
0, ,-37, ,
-1, ,-38, ,
4, ,-38, ,
0, ,-38, ,
1, ,-38, ,
5, ,-38, ,
5, ,-38, ,
6, ,-38, ,
6, ,-37, ,
0, ,-38, ,
4, ,-38, ,
3, ,-38, ,
0, ,-38, ,
-7, ,-37, ,
-2, ,-38, ,
-1, ,-38, ,
-4, ,-37, ,
0, ,-38, ,
1, ,-37, ,
1, ,-38, ,
5, ,-38, ,
-2, ,-37, ,
3, ,-38, ,
5, ,-37, ,
1, ,-37, ,
0, ,-37, ,
4, ,-38, ,
1, ,-38, ,
3, ,-37, ,
-2, ,-38, ,
-2, ,-37, ,
-2, ,-37, ,
-2, ,-38, ,
-5, ,-38, ,
-1, ,-38, ,
3, ,-38, ,
1, ,-37, ,
1, ,-38, ,
3, ,-38, ,
4, ,-38, ,
1, ,-38, ,
1, ,-38, ,
1, ,-37, ,
4, ,-38, ,
5, ,-37, ,
3, ,-37, ,
5, ,-38, ,
4, ,-38, ,
0, ,-37, ,
-4, ,-38, ,
0, ,-38, ,
-2, ,-37, ,
-1, ,-38, ,
-1, ,-38, ,
0, ,-37, ,
5, ,-37, ,
1, ,-37, ,
-2, ,-38, ,
-1, ,-38, ,
1, ,-38, ,
1, ,-37, ,
-4, ,-37, ,
3, ,-38, ,
3, ,-38, ,
0, ,-38, ,
-1, ,-38, ,
-1, ,-38, ,
0, ,-38, ,
-4, ,-37, ,
-5, ,-37, ,
0, ,-38, ,
3, ,-38, ,
1, ,-37, ,
-1, ,-38, ,
1, ,-38, ,
-1, ,-38, ,
-2, ,-38, ,
-5, ,-38, ,
-1, ,-38, ,
0, ,-38, ,
1, ,-38, ,
-2, ,-38, ,
0, ,-38, ,
3, ,-38, ,
0, ,-37, ,
-5, ,-38, ,
-2, ,-38, ,
0, ,-38, ,
-5, ,-38, ,
-6, ,-38, ,
-1, ,-37, ,
-2, ,-38, ,
1, ,-38, ,
-4, ,-38, ,
0, ,-38, ,
3, ,-38, ,
-4, ,-37, ,
-7, ,-38, ,
0, ,-38, ,
0, ,-37, ,
0, ,-38, ,
-4, ,-38, ,
-2, ,-37, ,
-2, ,-38, ,
-4, ,-37, ,
-6, ,-38, ,
-2, ,-38, ,
0, ,-38, ,
-2, ,-38, ,
-4, ,-37, ,
1, ,-38, ,
0, ,-37, ,
-1, ,-38, ,
-2, ,-38, ,
-1, ,-38, ,
0, ,-38, ,
-1, ,-38, ,
-5, ,-37, ,
-1, ,-38, ,
3, ,-38, ,
0, ,-37, ,
-1, ,-38, ,
6, ,-38, ,
1, ,-37, ,
1, ,-38, ,
-1, ,-38, ,
0, ,-37, ,
3, ,-38, ,
1, ,-38, ,
-2, ,-38, ,
1, ,-38, ,
3, ,-38, ,
0, ,-38, ,
-2, ,-37, ,
-1, ,-37, ,
-1, ,-38, ,
-2, ,-38, ,
-2, ,-38, ,
0, ,-37, ,
0, ,-38, ,
3, ,-38, ,
-1, ,-37, ,
3, ,-38, ,
4, ,-38, ,
1, ,-37, ,
3, ,-37, ,
3, ,-37, ,
1, ,-37, ,
1, ,-38, ,
-1, ,-38, ,
1, ,-37, ,
1, ,-37, ,
0, ,-38, ,
-5, ,-37, ,
0, ,-38, ,
3, ,-38, ,
1, ,-38, ,
1, ,-37, ,
5, ,-38, ,
5, ,-38, ,
4, ,-38, ,
0, ,-38, ,
0, ,-37, ,
-1, ,-38, ,
0, ,-37, ,
-4, ,-38, ,
1, ,-38, ,
4, ,-37, ,
-2, ,-37, ,
-2, ,-37, ,
1, ,-37, ,
-2, ,-38, ,
0, ,-37, ,
-1, ,-38, ,
0, ,-38, ,
4, ,-38, ,
3, ,-37, ,
1, ,-38, ,
3, ,-38, ,
1, ,-38, ,
3, ,-38, ,
-1, ,-37, ,
5, ,-37, ,
5, ,-38, ,
3, ,-38, ,
3, ,-38, ,
4, ,-38, ,
5, ,-37, ,
5, ,-38, ,
0, ,-38, ,
4, ,-38, ,
5, ,-38, ,
3, ,-37, ,
1, ,-38, ,
6, ,-37, ,
8, ,-37, ,
4, ,-38, ,
3, ,-38, ,
3, ,-37, ,
5, ,-38, ,
5, ,-37, ,
-2, ,-38, ,
4, ,-38, ,
6, ,-38, ,
5, ,-37, ,
5, ,-37, ,
5, ,-38, ,
5, ,-38, ,
3, ,-37, ,
4, ,-38, ,
5, ,-38, ,
5, ,-38, ,
6, ,-38, ,
0, ,-38, ,
4, ,-38, ,
5, ,-38, ,
1, ,-37, ,
3, ,-38, ,
5, ,-37, ,
3, ,-37, ,
4, ,-38, ,
5, ,-38, ,
9, ,-37, ,
8, ,-38, ,
5, ,-37, ,
0, ,-38, ,
3, ,-38, ,
4, ,-38, ,
5, ,-38, ,
1, ,-37, ,
4, ,-38, ,
3, ,-38, ,
5, ,-38, ,
5, ,-38, ,
5, ,-37, ,
5, ,-38, ,
3, ,-38, ,
-1, ,-38, ,
4, ,-38, ,
4, ,-38, ,
1, ,-37, ,
0, ,-38, ,
3, ,-38, ,
5, ,-38, ,
5, ,-38, ,
4, ,-38, ,
6, ,-37, ,
8, ,-38, ,
3, ,-38, ,
0, ,-38, ,
3, ,-38, ,
3, ,-38, ,
1, ,-38, ,
-1, ,-38, ,
1, ,-38, ,
1, ,-38, ,
1, ,-38, ,
1, ,-38, ,
4, ,-37, ,
5, ,-38, ,
9, ,-38, ,
1, ,-37, ,
5, ,-38, ,
9, ,-38, ,
1, ,-37, ,
-4, ,-38, ,
3, ,-38, ,
3, ,-38, ,
4, ,-38, ,
5, ,-38, ,
4, ,-38, ,
3, ,-38, ,
3, ,-38, ,
-5, ,-38, ,
-1, ,-38, ,
3, ,-38, ,
3, ,-38, ,
1, ,-37, ,
9, ,-38, ,
6, ,-38, ,
8, ,-37, ,
5, ,-37, ,
5, ,-37, ,
3, ,-38, ,
4, ,-38, ,
1, ,-38, ,
3, ,-38, ,
4, ,-38, ,
0, ,-37, ,
-1, ,-37, ,
0, ,-33, ,
5, ,-25, ,
6, ,-14, ,
5, ,-5, ,
9, ,3, ,
8, ,11, ,
9, ,16, ,
3, ,22, ,
-1, ,27, ,
8, ,31, ,
9, ,34, ,
0, ,37, ,
8, ,39, ,
4, ,41, ,
4, ,44, ,
1, ,46, ,
4, ,47, ,
5, ,49, ,
5, ,49, ,
-2, ,50, ,
3, ,51, ,
3, ,51, ,
1, ,52, ,
-1, ,53, ,
1, ,53, ,
0, ,53, ,
1, ,54, ,
0, ,55, ,
-1, ,54, ,
0, ,54, ,
1, ,55, ,
-6, ,54, ,
0, ,56, ,
-1, ,54, ,
0, ,55, ,
-2, ,56, ,
1, ,55, ,
1, ,54, ,
-1, ,56, ,
-2, ,55, ,
0, ,55, ,
-4, ,56, ,
1, ,56, ,
-6, ,54, ,
1, ,56, ,
3, ,55, ,
1, ,56, ,
-4, ,56, ,
3, ,56, ,
-4, ,54, ,
-2, ,56, ,
-6, ,56, ,
3, ,56, ,
4, ,55, ,
3, ,56, ,
0, ,54, ,
-1, ,56, ,
1, ,55, ,
-4, ,55, ,
-5, ,55, ,
0, ,56, ,
-1, ,54, ,
-1, ,56, ,
-4, ,55, ,
-1, ,55, ,
-1, ,55, ,
1, ,56, ,
-4, ,54, ,
-4, ,56, ,
0, ,55, ,
-1, ,55, ,
-4, ,55, ,
3, ,56, ,
-1, ,53, ,
0, ,56, ,
0, ,56, ,
0, ,55, ,
3, ,55, ,
0, ,55, ,
-2, ,54, ,
0, ,56, ,
0, ,54, ,
-1, ,55, ,
-6, ,56, ,
-1, ,56, ,
-1, ,54, ,
-2, ,56, ,
-4, ,55, ,
-1, ,55, ,
-2, ,55, ,
3, ,55, ,
-5, ,54, ,
5, ,56, ,
1, ,54, ,
-1, ,55, ,
-7, ,56, ,
-4, ,56, ,
0, ,53, ,
-4, ,56, ,
-7, ,55, ,
-1, ,55, ,
-4, ,55, ,
-2, ,56, ,
-6, ,54, ,
0, ,55, ,
3, ,54, ,
0, ,54, ,
-5, ,55, ,
3, ,56, ,
0, ,54, ,
0, ,56, ,
-2, ,55, ,
0, ,55, ,
0, ,55, ,
-1, ,56, ,
-5, ,53, ,
-2, ,56, ,
3, ,55, ,
0, ,55, ,
-5, ,55, ,
3, ,56, ,
-2, ,54, ,
-1, ,56, ,
-5, ,55, ,
-4, ,55, ,
-1, ,55, ,
4, ,56, ,
-4, ,54, ,
0, ,56, ,
5, ,54, ,
4, ,55, ,
0, ,55, ,
4, ,55, ,
1, ,53, ,
-2, ,56, ,
-5, ,56, ,
0, ,55, ,
4, ,54, ,
5, ,55, ,
0, ,54, ,
5, ,56, ,
3, ,54, ,
1, ,55, ,
-1, ,55, ,
3, ,56, ,
1, ,53, ,
3, ,56, ,
-1, ,54, ,
-2, ,55, ,
0, ,55, ,
4, ,55, ,
-2, ,54, ,
4, ,56, ,
5, ,55, ,
4, ,55, ,
3, ,55, ,
5, ,55, ,
4, ,53, ,
6, ,56, ,
3, ,55, ,
4, ,55, ,
1, ,55, ,
0, ,55, ,
-7, ,54, ,
3, ,56, ,
4, ,54, ,
4, ,55, ,
-1, ,55, ,
4, ,55, ,
3, ,53, ,
3, ,56, ,
-2, ,54, ,
4, ,55, ,
1, ,55, ,
3, ,55, ,
-1, ,54, ,
0, ,56, ,
4, ,54, ,
1, ,55, ,
-2, ,55, ,
6, ,56, ,
4, ,54, ,
3, ,56, ,
-1, ,55, ,
0, ,55, ,
1, ,55, ,
1, ,55, ,
-2, ,54, ,
3, ,56, ,
3, ,54, ,
1, ,55, ,
-4, ,55, ,
5, ,55, ,
5, ,54, ,
8, ,55, ,
5, ,55, ,
4, ,55, ,
4, ,55, ,
3, ,55, ,
-4, ,54, ,
1, ,56, ,
1, ,54, ,
3, ,55, ,
-2, ,55, ,
5, ,55, ,
6, ,54, ,
1, ,56, ,
5, ,55, ,
4, ,55, ,
1, ,55, ,
9, ,55, ,
3, ,54, ,
6, ,56, ,
8, ,54, ,
4, ,55, ,
4, ,55, ,
4, ,55, ,
4, ,54, ,
3, ,56, ,
0, ,55, ,
4, ,55, ,
4, ,55, ,
6, ,56, ,
1, ,54, ,
3, ,56, ,
5, ,54, ,
1, ,55, ,
1, ,55, ,
6, ,55, ,
4, ,54, ,
6, ,56, ,
5, ,55, ,
6, ,54, ,
4, ,55, ,
5, ,55, ,
-1, ,54, ,
0, ,56, ,
3, ,55, ,
3, ,55, ,
-2, ,55, ,
5, ,55, ,
5, ,53, ,
3, ,56, ,
1, ,54, ,
3, ,55, ,
5, ,55, ,
5, ,55, ,
0, ,53, ,
4, ,56, ,
3, ,54, ,
3, ,55, ,
-1, ,55, ,
4, ,55, ,
5, ,54, ,
4, ,55, ,
0, ,55, ,
0, ,54, ,
3, ,55, ,
3, ,56, ,
-1, ,54, ,
1, ,56, ,
3, ,55, ,
0, ,55, ,
-4, ,55, ,
0, ,56, ,
-1, ,53, ,
1, ,56, ,
-1, ,54, ,
3, ,55, ,
5, ,55, ,
5, ,55, ,
-5, ,54, ,
0, ,55, ,
1, ,54, ,
0, ,55, ,
-1, ,55, ,
4, ,56, ,
4, ,54, ,
1, ,55, ,
1, ,54, ,
1, ,55, ,
-1, ,55, ,
4, ,55, ,
-5, ,53, ,
1, ,56, ,
1, ,55, ,
0, ,54, ,
-1, ,55, ,
4, ,55, ,
0, ,53, ,
5, ,55, ,
1, ,55, ,
0, ,55, ,
0, ,55, ,
1, ,55, ,
-2, ,53, ,
3, ,56, ,
5, ,54, ,
4, ,55, ,
-1, ,55, ,
3, ,55, ,
0, ,53, ,
3, ,56, ,
0, ,54, ,
3, ,55, ,
3, ,55, ,
4, ,55, ,
-2, ,54, ,
0, ,56, ,
1, ,55, ,
1, ,55, ,
-6, ,56, ,
3, ,56, ,
0, ,53, ,
0, ,56, ,
0, ,55, ,
0, ,54, ,
0, ,55, ,
0, ,55, ,
-2, ,54, ,
1, ,56, ,
-4, ,54, ,
-2, ,55, ,
-6, ,55, ,
0, ,55, ,
-1, ,53, ,
0, ,56, ,
3, ,55, ,
5, ,55, ,
0, ,55, ,
3, ,55, ,
-5, ,53, ,
0, ,56, ,
1, ,54, ,
-1, ,54, ,
-1, ,56, ,
1, ,55, ,
-2, ,54, ,
-2, ,56, ,
-6, ,54, ,
-4, ,55, ,
-4, ,55, ,
-2, ,55, ,
-4, ,53, ,
3, ,56, ,
1, ,54, ,
-1, ,55, ,
-1, ,55, ,
1, ,55, ,
0, ,53, ,
-1, ,56, ,
-1, ,55, ,
0, ,54, ,
1, ,55, ,
4, ,55, ,
-1, ,53, ,
3, ,56, ,
4, ,55, ,
-1, ,55, ,
-5, ,55, ,
1, ,56, ,
-1, ,53, ,
3, ,56, ,
3, ,54, ,
1, ,55, ,
5, ,55, ,
4, ,55, ,
0, ,53, ,
4, ,56, ,
1, ,55, ,
3, ,55, ,
-1, ,55, ,
4, ,55, ,
4, ,53, ,
0, ,56, ,
-2, ,55, ,
0, ,54, ,
1, ,55, ,
3, ,55, ,
-2, ,54, ,
3, ,56, ,
4, ,54, ,
1, ,55, ,
0, ,55, ,
4, ,55, ,
-2, ,53, ,
0, ,56, ,
-4, ,54, ,
-1, ,55, ,
1, ,55, ,
5, ,55, ,
0, ,54, ,
8, ,56, ,
5, ,54, ,
4, ,55, ,
-1, ,55, ,
1, ,55, ,
0, ,53, ,
0, ,56, ,
0, ,55, ,
1, ,54, ,
0, ,55, ,
4, ,55, ,
-2, ,54, ,
1, ,56, ,
4, ,54, ,
3, ,55, ,
-1, ,55, ,
4, ,56, ,
1, ,53, ,
1, ,56, ,
-2, ,55, ,
0, ,55, ,
1, ,55, ,
3, ,55, ,
-4, ,53, ,
0, ,56, ,
3, ,54, ,
3, ,55, ,
-2, ,55, ,
4, ,55, ,
1, ,54, ,
1, ,55, ,
-4, ,55, ,
0, ,55, ,
-4, ,55, ,
3, ,55, ,
-4, ,53, ,
4, ,56, ,
6, ,54, ,
5, ,55, ,
-1, ,55, ,
5, ,55, ,
1, ,53, ,
4, ,56, ,
0, ,55, ,
3, ,55, ,
5, ,55, ,
6, ,55, ,
-1, ,54, ,
6, ,56, ,
3, ,54, ,
3, ,55, ,
-4, ,55, ,
3, ,56, ,
1, ,53, ,
4, ,56, ,
4, ,54, ,
6, ,55, ,
4, ,55, ,
6, ,55, ,
0, ,53, ,
5, ,56, ,
5, ,54, ,
3, ,55, ,
1, ,55, ,
6, ,55, ,
4, ,53, ,
3, ,56, ,
0, ,55, ,
1, ,55, ,
1, ,55, ,
1, ,55, ,
1, ,54, ,
5, ,56, ,
8, ,54, ,
6, ,55, ,
4, ,55, ,
5, ,55, ,
4, ,53, ,
4, ,56, ,
0, ,55, ,
3, ,55, ,
1, ,55, ,
4, ,55, ,
-2, ,53, ,
3, ,56, ,
3, ,54, ,
-1, ,55, ,
-6, ,55, ,
1, ,55, ,
4, ,54, ,
3, ,55, ,
0, ,55, ,
4, ,54, ,
4, ,55, ,
4, ,55, ,
-1, ,53, ,
0, ,56, ,
3, ,54, ,
4, ,54, ,
-2, ,55, ,
5, ,55, ,
3, ,53, ,
3, ,56, ,
1, ,55, ,
1, ,55, ,
0, ,55, ,
3, ,55, ,
-5, ,53, ,
1, ,56, ,
3, ,54, ,
3, ,55, ,
1, ,55, ,
3, ,55, ,
1, ,54, ,
1, ,56, ,
0, ,55, ,
1, ,55, ,
3, ,55, ,
4, ,55, ,
1, ,53, ,
4, ,56, ,
5, ,54, ,
3, ,55, ,
0, ,55, ,
3, ,55, ,
4, ,53, ,
0, ,56, ,
-2, ,55, ,
3, ,55, ,
3, ,55, ,
4, ,55, ,
-1, ,53, ,
0, ,56, ,
4, ,54, ,
-1, ,54, ,
-4, ,55, ,
5, ,55, ,
3, ,53, ,
4, ,56, ,
4, ,55, ,
4, ,55, ,
4, ,55, ,
3, ,55, ,
-2, ,54, ,
0, ,56, ,
1, ,54, ,
1, ,55, ,
0, ,55, ,
6, ,55, ,
4, ,53, ,
5, ,56, ,
0, ,55, ,
1, ,55, ,
-1, ,55, ,
1, ,55, ,
-4, ,54, ,
-1, ,56, ,
9, ,55, ,
5, ,55, ,
-5, ,55, ,
6, ,55, ,
1, ,53, ,
0, ,55, ,
0, ,55, ,
-2, ,54, ,
3, ,55, ,
1, ,56, ,
-4, ,53, ,
0, ,56, ,
-5, ,55, ,
-1, ,55, ,
-6, ,55, ,
-1, ,55, ,
-1, ,54, ,
0, ,56, ,
1, ,55, ,
1, ,55, ,
3, ,55, ,
5, ,56, ,
-5, ,54, ,
0, ,56, ,
1, ,54, ,
-2, ,55, ,
-2, ,55, ,
3, ,56, ,
1, ,53, ,
3, ,56, ,
-2, ,55, ,
-1, ,55, ,
1, ,55, ,
1, ,55, ,
-6, ,54, ,
0, ,56, ,
1, ,55, ,
0, ,55, ,
0, ,56, ,
4, ,56, ,
4, ,53, ,
5, ,56, ,
0, ,55, ,
0, ,55, ,
1, ,55, ,
3, ,55, ,
-4, ,54, ,
0, ,56, ,
0, ,54, ,
-1, ,55, ,
-4, ,55, ,
3, ,56, ,
0, ,53, ,
3, ,56, ,
1, ,54, ,
4, ,55, ,
5, ,55, ,
6, ,55, ,
0, ,54, ,
4, ,56, ,
0, ,54, ,
1, ,55, ,
-4, ,55, ,
0, ,55, ,
0, ,53, ,
3, ,55, ,
1, ,55, ,
4, ,55, ,
-1, ,55, ,
3, ,55, ,
-4, ,54, ,
1, ,55, ,
0, ,55, ,
3, ,55, ,
-7, ,55, ,
0, ,55, ,
5, ,53, ,
-1, ,56, ,
-2, ,55, ,
1, ,54, ,
3, ,55, ,
4, ,56, ,
-5, ,54, ,
5, ,56, ,
1, ,54, ,
1, ,55, ,
-1, ,55, ,
4, ,55, ,
1, ,54, ,
0, ,56, ,
-2, ,55, ,
-1, ,55, ,
-2, ,55, ,
1, ,55, ,
-4, ,54, ,
3, ,56, ,
4, ,54, ,
3, ,55, ,
-6, ,55, ,
-2, ,55, ,
-2, ,54, ,
4, ,56, ,
3, ,55, ,
6, ,55, ,
6, ,55, ,
5, ,56, ,
0, ,53, ,
3, ,56, ,
0, ,54, ,
1, ,54, ,
-2, ,56, ,
4, ,55, ,
4, ,53, ,
1, ,56, ,
-1, ,54, ,
-6, ,55, ,
-4, ,55, ,
-1, ,55, ,
-5, ,54, ,
1, ,56, ,
4, ,54, ,
3, ,54, ,
0, ,55, ,
5, ,55, ,
1, ,54, ,
5, ,55, ,
5, ,55, ,
5, ,55, ,
5, ,55, ,
4, ,55, ,
1, ,54, ,
4, ,56, ,
4, ,55, ,
3, ,54, ,
-1, ,55, ,
4, ,55, ,
0, ,54, ,
1, ,55, ,
3, ,55, ,
5, ,54, ,
5, ,55, ,
11, ,55, ,
3, ,53, ,
5, ,56, ,
4, ,54, ,
3, ,55, ,
-2, ,55, ,
3, ,55, ,
1, ,53, ,
-1, ,56, ,
0, ,54, ,
1, ,55, ,
1, ,55, ,
3, ,55, ,
-1, ,54, ,
4, ,56, ,
5, ,54, ,
4, ,55, ,
1, ,55, ,
5, ,55, ,
4, ,54, ,
4, ,55, ,
-2, ,56, ,
-1, ,55, ,
-1, ,55, ,
3, ,55, ,
-2, ,53, ,
3, ,56, ,
6, ,54, ,
1, ,55, ,
-4, ,55, ,
-1, ,55, ,
-2, ,53, ,
1, ,56, ,
-2, ,55, ,
0, ,55, ,
3, ,55, ,
3, ,55, ,
-1, ,54, ,
3, ,56, ,
3, ,54, ,
1, ,55, ,
-4, ,56, ,
1, ,55, ,
-1, ,53, ,
0, ,56, ,
1, ,55, ,
1, ,55, ,
4, ,55, ,
5, ,56, ,
-1, ,53, ,
1, ,56, ,
5, ,54, ,
3, ,55, ,
-2, ,55, ,
4, ,55, ,
4, ,54, ,
4, ,56, ,
4, ,54, ,
3, ,55, ,
3, ,55, ,
5, ,55, ,
-1, ,53, ,
6, ,56, ,
6, ,54, ,
4, ,55, ,
1, ,55, ,
6, ,55, ,
4, ,53, ,
0, ,56, ,
-2, ,54, ,
1, ,55, ,
1, ,55, ,
4, ,55, ,
1, ,53, ,
4, ,56, ,
6, ,55, ,
3, ,55, ,
0, ,56, ,
3, ,55, ,
-1, ,53, ,
1, ,56, ,
-4, ,55, ,
0, ,55, ,
3, ,55, ,
3, ,56, ,
-1, ,54, ,
0, ,56, ,
0, ,54, ,
-1, ,54, ,
-5, ,55, ,
4, ,56, ,
4, ,52, ,
-1, ,47, ,
-6, ,36, ,
-5, ,27, ,
-9, ,17, ,
-5, ,10, ,
-7, ,3, ,
-2, ,-2, ,
1, ,-7, ,
-1, ,-11, ,
-5, ,-16, ,
0, ,-19, ,
-1, ,-21, ,
1, ,-23, ,
-2, ,-26, ,
-4, ,-27, ,
1, ,-28, ,
1, ,-30, ,
-4, ,-31, ,
-4, ,-32, ,
-5, ,-33, ,
-2, ,-33, ,
-2, ,-35, ,
1, ,-35, ,
3, ,-36, ,
-2, ,-36, ,
-1, ,-37, ,
-1, ,-37, ,
0, ,-37, ,
1, ,-37, ,
-2, ,-37, ,
3, ,-38, ,
5, ,-38, ,
-1, ,-37, ,
-1, ,-38, ,
1, ,-38, ,
0, ,-38, ,
-1, ,-38, ,
0, ,-38, ,
3, ,-38, ,
0, ,-38, ,
4, ,-38, ,
0, ,-38, ,
-1, ,-39, ,
3, ,-38, ,
1, ,-38, ,
0, ,-38, ,
4, ,-38, ,
5, ,-38, ,
6, ,-38, ,
0, ,-38, ,
1, ,-38, ,
1, ,-38, ,
-1, ,-38, ,
-5, ,-38, ,
-4, ,-39, ,
1, ,-38, ,
1, ,-38, ,
-1, ,-38, ,
5, ,-38, ,
3, ,-38, ,
5, ,-38, ,
3, ,-38, ,
0, ,-38, ,
1, ,-38, ,
1, ,-38, ,
-4, ,-38, ,
4, ,-38, ,
3, ,-38, ,
0, ,-38, ,
-2, ,-38, ,
0, ,-38, ,
3, ,-38, ,
1, ,-38, ,
-2, ,-38, ,
1, ,-38, ,
3, ,-38, ,
4, ,-38, ,
-2, ,-38, ,
0, ,-38, ,
3, ,-38, ,
-1, ,-38, ,
-4, ,-38, ,
3, ,-38, ,
3, ,-38, ,
5, ,-38, ,
3, ,-38, ,
0, ,-38, ,
0, ,-38, ,
-4, ,-38, ,
-15, ,-38, ,
-11, ,-38, ,
-14, ,-38, ,
-24, ,-38, ,
-17, ,-38, ,
-9, ,-38, ,
-11, ,-38, ,
-2, ,-38, ,
-4, ,-38, ,
1, ,-38, ,
4, ,-38, ,
9, ,-38, ,
6, ,-37, ,
10, ,-38, ,
13, ,-38, ,
9, ,-38, ,
3, ,-38, ,
4, ,-38, ,
3, ,-38, ,
0, ,-38, ,
-1, ,-38, ,
3, ,-38, ,
3, ,-37, ,
1, ,-38, ,
-1, ,-38, ,
0, ,-38, ,
1, ,-38, ,
1, ,-38, ,
-1, ,-38, ,
3, ,-38, ,
0, ,-38, ,
1, ,-38, ,
-2, ,-38, ,
-1, ,-38, ,
0, ,-38, ,
1, ,-38, ,
-1, ,-37, ,
3, ,-38, ,
4, ,-38, ,
0, ,-37, ,
-4, ,-38, ,
3, ,-38, ,
1, ,-38, ,
4, ,-38, ,
-1, ,-38, ,
-2, ,-38, ,
0, ,-38, ,
-1, ,-38, ,
-6, ,-38, ,
0, ,-38, ,
1, ,-38, ,
0, ,-38, ,
-1, ,-38, ,
4, ,-38, ,
4, ,-38, ,
3, ,-38, ,
1, ,-38, ,
0, ,-37, ,
0, ,-38, ,
3, ,-38, ,
-6, ,-37, ,
4, ,-38, ,
3, ,-38, ,
0, ,-37, ,
-1, ,-38, ,
0, ,-38, ,
1, ,-37, ,
0, ,-38, ,
-1, ,-38, ,
3, ,-38, ,
4, ,-38, ,
3, ,-38, ,
-1, ,-38, ,
1, ,-38, ,
1, ,-38, ,
0, ,-38, ,
-4, ,-38, ,
1, ,-38, ,
3, ,-38, ,
3, ,-38, ,
1, ,-38, ,
3, ,-37, ,
1, ,-38, ,
3, ,-38, ,
-5, ,-38, ,
0, ,-38, ,
4, ,-38, ,
1, ,-37, ,
1, ,-38, ,
8, ,-38, ,
3, ,-38, ,
6, ,-38, ,
1, ,-38, ,
1, ,-38, ,
8, ,-37, ,
6, ,-37, ,
1, ,-37, ,
4, ,-38, ,
5, ,-38, ,
5, ,-37, ,
-2, ,-38, ,
0, ,-38, ,
1, ,-38, ,
0, ,-38, ,
4, ,-38, ,
6, ,-38, ,
6, ,-38, ,
8, ,-37, ,
5, ,-38, ,
6, ,-38, ,
6, ,-37, ,
4, ,-37, ,
0, ,-38, ,
4, ,-38, ,
3, ,-38, ,
5, ,-37, ,
4, ,-38, ,
6, ,-38, ,
5, ,-38, ,
6, ,-38, ,
3, ,-38, ,
5, ,-38, ,
5, ,-38, ,
3, ,-38, ,
0, ,-37, ,
5, ,-38, ,
6, ,-38, ,
4, ,-38, ,
3, ,-38, ,
4, ,-37, ,
4, ,-37, ,
5, ,-38, ,
9, ,-37, ,
4, ,-38, ,
9, ,-37, ,
6, ,-37, ,
3, ,-38, ,
8, ,-37, ,
4, ,-38, ,
4, ,-38, ,
-1, ,-38, ,
3, ,-38, ,
4, ,-37, ,
3, ,-38, ,
1, ,-38, ,
4, ,-38, ,
6, ,-38, ,
0, ,-38, ,
0, ,-37, ,
3, ,-37, ,
3, ,-38, ,
0, ,-38, ,
-2, ,-38, ,
-1, ,-37, ,
4, ,-38, ,
4, ,-38, ,
-2, ,-37, ,
3, ,-38, ,
3, ,-37, ,
1, ,-38, ,
-2, ,-38, ,
3, ,-37, ,
3, ,-37, ,
6, ,-38, ,
9, ,-38, ,
4, ,-38, ,
4, ,-38, ,
3, ,-38, ,
-6, ,-38, ,
1, ,-38, ,
4, ,-38, ,
3, ,-38, ,
-1, ,-37, ,
4, ,-38, ,
5, ,-38, ,
1, ,-38, ,
-1, ,-37, ,
1, ,-37, ,
1, ,-37, ,
8, ,-38, ,
1, ,-38, ,
4, ,-38, ,
6, ,-37, ,
4, ,-38, ,
-1, ,-38, ,
0, ,-37, ,
-4, ,-38, ,
-1, ,-38, ,
-5, ,-38, ,
0, ,-37, ,
3, ,-38, ,
5, ,-37, ,
0, ,-37, ,
3, ,-38, ,
4, ,-38, ,
3, ,-37, ,
-1, ,-37, ,
3, ,-37, ,
3, ,-38, ,
1, ,-38, ,
-1, ,-38, ,
1, ,-37, ,
3, ,-38, ,
3, ,-37, ,
0, ,-37, ,
3, ,-38, ,
8, ,-38, ,
6, ,-37, ,
6, ,-38, ,
10, ,-37, ,
8, ,-37, ,
6, ,-38, ,
4, ,-38, ,
4, ,-38, ,
5, ,-38, ,
4, ,-38, ,
0, ,-37, ,
3, ,-38, ,
4, ,-38, ,
3, ,-37, ,
-1, ,-37, ,
5, ,-38, ,
4, ,-38, ,
3, ,-37, ,
1, ,-38, ,
0, ,-37, ,
4, ,-38, ,
0, ,-38, ,
-2, ,-37, ,
-1, ,-38, ,
5, ,-38, ,
4, ,-37, ,
-1, ,-38, ,
1, ,-38, ,
1, ,-38, ,
3, ,-38, ,
3, ,-38, ,
4, ,-37, ,
5, ,-38, ,
5, ,-37, ,
1, ,-37, ,
1, ,-37, ,
0, ,-38, ,
-1, ,-37, ,
-1, ,-38, ,
4, ,-38, ,
4, ,-38, ,
0, ,-37, ,
-1, ,-38, ,
1, ,-37, ,
1, ,-37, ,
1, ,-38, ,
-2, ,-37, ,
0, ,-37, ,
1, ,-38, ,
-1, ,-37, ,
-5, ,-38, ,
0, ,-38, ,
-1, ,-37, ,
1, ,-38, ,
0, ,-37, ,
3, ,-37, ,
0, ,-37, ,
-2, ,-37, ,
-5, ,-38, ,
0, ,-38, ,
5, ,-38, ,
4, ,-37, ,
-5, ,-37, ,
1, ,-38, ,
-2, ,-38, ,
-4, ,-38, ,
-4, ,-38, ,
0, ,-37, ,
-1, ,-38, ,
1, ,-38, ,
-2, ,-38, ,
0, ,-38, ,
5, ,-38, ,
3, ,-37, ,
0, ,-38, ,
0, ,-38, ,
-1, ,-38, ,
-2, ,-38, ,
-2, ,-38, ,
-2, ,-38, ,
-1, ,-38, ,
-1, ,-37, ,
-6, ,-38, ,
-5, ,-38, ,
-6, ,-37, ,
-5, ,-38, ,
-9, ,-38, ,
-4, ,-37, ,
0, ,-38, ,
-2, ,-38, ,
-1, ,-38, ,
-4, ,-37, ,
-4, ,-38, ,
-4, ,-38, ,
-10, ,-37, ,
-4, ,-38, ,
0, ,-38, ,
0, ,-37, ,
-2, ,-38, ,
-2, ,-37, ,
-5, ,-38, ,
-6, ,-38, ,
-9, ,-38, ,
-4, ,-38, ,
-5, ,-38, ,
0, ,-37, ,
-7, ,-37, ,
-1, ,-38, ,
0, ,-38, ,
-6, ,-38, ,
-5, ,-38, ,
1, ,-38, ,
-4, ,-37, ,
-1, ,-38, ,
-4, ,-38, ,
-5, ,-37, ,
-1, ,-38, ,
-5, ,-38, ,
-6, ,-37, ,
-5, ,-37, ,
-2, ,-38, ,
-2, ,-37, ,
-7, ,-38, ,
0, ,-38, ,
-1, ,-37, ,
3, ,-38, ,
-1, ,-38, ,
-2, ,-37, ,
0, ,-37, ,
-2, ,-38, ,
-5, ,-38, ,
-5, ,-38, ,
-2, ,-38, ,
-2, ,-38, ,
-5, ,-37, ,
0, ,-38, ,
1, ,-38, ,
-2, ,-37, ,
-2, ,-38, ,
-1, ,-37, ,
-1, ,-38, ,
-1, ,-38, ,
-5, ,-38, ,
1, ,-38, ,
3, ,-38, ,
1, ,-38, ,
-1, ,-38, ,
3, ,-37, ,
1, ,-37, ,
-2, ,-38, ,
-1, ,-38, ,
1, ,-38, ,
3, ,-37, ,
6, ,-37, ,
0, ,-38, ,
3, ,-38, ,
1, ,-38, ,
-1, ,-38, ,
-5, ,-37, ,
0, ,-38, ,
1, ,-38, ,
0, ,-38, ,
0, ,-38, ,
1, ,-37, ,
0, ,-37, ,
1, ,-38, ,
-5, ,-38, ,
0, ,-38, ,
5, ,-37, ,
1, ,-38, ,
0, ,-38, ,
4, ,-37, ,
4, ,-38, ,
4, ,-38, ,
0, ,-38, ,
1, ,-37, ,
0, ,-38, ,
0, ,-37, ,
-2, ,-38, ,
1, ,-38, ,
3, ,-37, ,
3, ,-37, ,
0, ,-38, ,
5, ,-37, ,
3, ,-38, ,
1, ,-38, ,
1, ,-38, ,
3, ,-37, ,
5, ,-38, ,
6, ,-38, ,
0, ,-37, ,
8, ,-38, ,
6, ,-38, ,
4, ,-37, ,
-1, ,-37, ,
5, ,-38, ,
4, ,-37, ,
4, ,-38, ,
5, ,-38, ,
6, ,-38, ,
8, ,-38, ,
8, ,-37, ,
3, ,-38, ,
4, ,-38, ,
3, ,-38, ,
4, ,-38, ,
1, ,-37, ,
4, ,-38, ,
9, ,-38, ,
8, ,-38, ,
8, ,-38, ,
9, ,-37, ,
10, ,-38, ,
9, ,-38, ,
1, ,-37, ,
8, ,-38, ,
8, ,-38, ,
6, ,-37, ,
4, ,-38, ,
6, ,-38, ,
5, ,-37, ,
4, ,-38, ,
0, ,-38, ,
4, ,-37, ,
6, ,-37, ,
8, ,-38, ,
6, ,-38, ,
9, ,-38, ,
9, ,-38, ,
6, ,-38, ,
1, ,-37, ,
5, ,-37, ,
4, ,-37, ,
3, ,-37, ,
1, ,-38, ,
3, ,-37, ,
5, ,-38, ,
6, ,-38, ,
3, ,-37, ,
4, ,-38, ,
5, ,-38, ,
3, ,-37, ,
-1, ,-38, ,
1, ,-37, ,
3, ,-37, ,
5, ,-38, ,
6, ,-38, ,
5, ,-37, ,
6, ,-38, ,
6, ,-37, ,
0, ,-37, ,
3, ,-38, ,
4, ,-38, ,
3, ,-37, ,
-1, ,-38, ,
5, ,-38, ,
5, ,-38, ,
4, ,-38, ,
3, ,-38, ,
1, ,-37, ,
3, ,-38, ,
5, ,-37, ,
1, ,-38, ,
5, ,-38, ,
8, ,-38, ,
6, ,-37, ,
3, ,-38, ,
5, ,-38, ,
3, ,-37, ,
4, ,-38, ,
3, ,-38, ,
3, ,-38, ,
5, ,-38, ,
6, ,-37, ,
4, ,-38, ,
4, ,-38, ,
5, ,-38, ,
4, ,-38, ,
0, ,-37, ,
3, ,-38, ,
5, ,-38, ,
1, ,-38, ,
4, ,-38, ,
6, ,-37, ,
5, ,-38, ,
6, ,-38, ,
3, ,-38, ,
4, ,-38, ,
6, ,-38, ,
3, ,-38, ,
1, ,-38, ,
5, ,-37, ,
3, ,-37, ,
1, ,-38, ,
0, ,-38, ,
3, ,-38, ,
1, ,-37, ,
0, ,-38, ,
-2, ,-37, ,
3, ,-38, ,
3, ,-37, ,
0, ,-38, ,
-1, ,-38, ,
3, ,-37, ,
1, ,-38, ,
1, ,-38, ,
-1, ,-38, ,
0, ,-37, ,
-1, ,-38, ,
1, ,-37, ,
-2, ,-37, ,
3, ,-38, ,
4, ,-38, ,
3, ,-38, ,
-1, ,-38, ,
5, ,-38, ,
1, ,-38, ,
0, ,-38, ,
-1, ,-38, ,
0, ,-37, ,
3, ,-38, ,
0, ,-37, ,
-5, ,-38, ,
-1, ,-37, ,
-2, ,-37, ,
-2, ,-37, ,
-6, ,-38, ,
-2, ,-38, ,
0, ,-38, ,
-1, ,-38, ,
-1, ,-38, ,
-1, ,-37, ,
-2, ,-38, ,
-1, ,-37, ,
-6, ,-38, ,
-1, ,-38, ,
0, ,-38, ,
-4, ,-38, ,
-6, ,-38, ,
-4, ,-38, ,
-5, ,-38, ,
-4, ,-38, ,
-5, ,-38, ,
-1, ,-38, ,
-1, ,-38, ,
-1, ,-38, ,
-5, ,-38, ,
0, ,-38, ,
3, ,-38, ,
-1, ,-37, ,
-1, ,-38, ,
1, ,-37, ,
-2, ,-38, ,
-2, ,-38, ,
-4, ,-38, ,
-4, ,-37, ,
-4, ,-38, ,
-2, ,-38, ,
-6, ,-38, ,
-2, ,-38, ,
0, ,-38, ,
-4, ,-37, ,
-6, ,-38, ,
3, ,-38, ,
-1, ,-38, ,
-1, ,-38, ,
-1, ,-38, ,
-2, ,-38, ,
-1, ,-38, ,
0, ,-38, ,
-7, ,-38, ,
-4, ,-38, ,
-2, ,-38, ,
-4, ,-38, ,
-6, ,-37, ,
0, ,-38, ,
0, ,-38, ,
0, ,-37, ,
-1, ,-38, ,
-4, ,-37, ,
-10, ,-38, ,
-5, ,-37, ,
-1, ,-37, ,
-4, ,-38, ,
3, ,-37, ,
0, ,-37, ,
-4, ,-38, ,
4, ,-37, ,
-4, ,-38, ,
0, ,-38, ,
-2, ,-38, ,
-2, ,-38, ,
-4, ,-38, ,
-1, ,-38, ,
-5, ,-38, ,
0, ,-38, ,
1, ,-38, ,
-2, ,-38, ,
-5, ,-37, ,
-1, ,-38, ,
-1, ,-38, ,
-2, ,-38, ,
-4, ,-38, ,
-1, ,-37, ,
0, ,-38, ,
0, ,-38, ,
-4, ,-38, ,
-1, ,-38, ,
0, ,-38, ,
-2, ,-37, ,
-4, ,-38, ,
1, ,-38, ,
-2, ,-38, ,
1, ,-38, ,
0, ,-38, ,
-2, ,-38, ,
-1, ,-38, ,
-4, ,-38, ,
-7, ,-38, ,
-2, ,-38, ,
0, ,-38, ,
1, ,-38, ,
0, ,-38, ,
6, ,-38, ,
3, ,-38, ,
1, ,-38, ,
-4, ,-38, ,
1, ,-37, ,
0, ,-38, ,
3, ,-38, ,
-2, ,-37, ,
1, ,-38, ,
4, ,-38, ,
3, ,-37, ,
0, ,-38, ,
3, ,-38, ,
4, ,-38, ,
1, ,-38, ,
-1, ,-38, ,
-1, ,-38, ,
3, ,-38, ,
0, ,-38, ,
-4, ,-38, ,
1, ,-38, ,
0, ,-38, ,
0, ,-38, ,
-2, ,-37, ,
3, ,-37, ,
5, ,-38, ,
4, ,-38, ,
5, ,-38, ,
6, ,-38, ,
6, ,-37, ,
5, ,-37, ,
-4, ,-38, ,
1, ,-38, ,
1, ,-38, ,
-1, ,-37, ,
-5, ,-38, ,
1, ,-38, ,
5, ,-38, ,
3, ,-38, ,
0, ,-38, ,
4, ,-38, ,
1, ,-38, ,
3, ,-37, ,
-2, ,-38, ,
4, ,-38, ,
5, ,-38, ,
4, ,-38, ,
3, ,-38, ,
8, ,-38, ,
4, ,-38, ,
3, ,-38, ,
-1, ,-38, ,
1, ,-38, ,
3, ,-38, ,
4, ,-38, ,
-1, ,-37, ,
4, ,-38, ,
5, ,-38, ,
1, ,-37, ,
-2, ,-38, ,
3, ,-38, ,
1, ,-38, ,
-1, ,-36, ,
1, ,-29, ,
8, ,-20, ,
11, ,-10, ,
14, ,-1, ,
9, ,7, ,
6, ,14, ,
6, ,19, ,
3, ,25, ,
1, ,29, ,
8, ,32, ,
11, ,35, ,
11, ,38, ,
9, ,41, ,
8, ,44, ,
6, ,45, ,
10, ,47, ,
4, ,47, ,
8, ,49, ,
9, ,50, ,
8, ,51, ,
5, ,52, ,
9, ,52, ,
8, ,52, ,
9, ,53, ,
3, ,53, ,
5, ,54, ,
5, ,54, ,
9, ,54, ,
4, ,54, ,
8, ,56, ,
6, ,55, ,
5, ,55, ,
1, ,56, ,
4, ,55, ,
4, ,54, ,
0, ,56, ,
4, ,56, ,
3, ,55, ,
10, ,55, ,
8, ,55, ,
1, ,54, ,
10, ,57, ,
6, ,55, ,
3, ,55, ,
-1, ,56, ,
3, ,56, ,
3, ,54, ,
3, ,56, ,
4, ,55, ,
5, ,55, ,
4, ,56, ,
8, ,56, ,
4, ,54, ,
4, ,56, ,
6, ,55, ,
4, ,55, ,
-1, ,56, ,
1, ,56, ,
0, ,54, ,
0, ,56, ,
1, ,56, ,
1, ,55, ,
3, ,55, ,
-2, ,56, ,
-4, ,54, ,
3, ,56, ,
5, ,55, ,
5, ,55, ,
3, ,55, ,
8, ,56, ,
3, ,53, ,
1, ,56, ,
-6, ,56, ,
-4, ,55, ,
1, ,55, ,
4, ,55, ,
1, ,55, ,
6, ,56, ,
0, ,54, ,
-1, ,55, ,
-6, ,56, ,
-1, ,56, ,
0, ,54, ,
1, ,56, ,
1, ,55, ,
5, ,55, ,
3, ,55, ,
5, ,56, ,
-4, ,54, ,
4, ,56, ,
4, ,54, ,
0, ,55, ,
0, ,55, ,
0, ,56, ,
1, ,54, ,
0, ,56, ,
-6, ,55, ,
-2, ,55, ,
0, ,55, ,
0, ,55, ,
-1, ,54, ,
5, ,56, ,
4, ,54, ,
-1, ,55, ,
-6, ,55, ,
4, ,55, ,
5, ,54, ,
4, ,56, ,
0, ,56, ,
1, ,55, ,
-1, ,55, ,
1, ,55, ,
-4, ,54, ,
1, ,56, ,
4, ,54, ,
0, ,55, ,
-2, ,55, ,
0, ,55, ,
-4, ,54, ,
-1, ,56, ,
-2, ,55, ,
0, ,54, ,
4, ,55, ,
4, ,55, ,
1, ,54, ,
0, ,56, ,
-2, ,54, ,
0, ,55, ,
-6, ,56, ,
-1, ,56, ,
-1, ,54, ,
0, ,56, ,
0, ,55, ,
-1, ,55, ,
1, ,55, ,
-1, ,55, ,
-7, ,53, ,
-2, ,56, ,
-1, ,54, ,
-2, ,55, ,
-6, ,55, ,
1, ,55, ,
-1, ,53, ,
-1, ,56, ,
-1, ,55, ,
-1, ,55, ,
-1, ,55, ,
-1, ,55, ,
-5, ,54, ,
1, ,56, ,
1, ,54, ,
0, ,55, ,
-4, ,55, ,
0, ,55, ,
-4, ,54, ,
-2, ,56, ,
-5, ,55, ,
0, ,55, ,
-4, ,55, ,
1, ,55, ,
-4, ,53, ,
1, ,56, ,
4, ,55, ,
0, ,55, ,
-4, ,55, ,
1, ,56, ,
-5, ,53, ,
-2, ,55, ,
-5, ,54, ,
0, ,55, ,
0, ,54, ,
1, ,55, ,
-5, ,54, ,
1, ,56, ,
5, ,54, ,
-4, ,55, ,
-2, ,56, ,
-1, ,55, ,
1, ,54, ,
3, ,56, ,
1, ,55, ,
4, ,55, ,
1, ,55, ,
0, ,55, ,
-5, ,54, ,
0, ,56, ,
3, ,54, ,
4, ,55, ,
-1, ,55, ,
5, ,55, ,
3, ,53, ,
0, ,56, ,
-1, ,54, ,
-5, ,55, ,
-4, ,55, ,
-1, ,56, ,
-5, ,54, ,
0, ,56, ,
1, ,54, ,
0, ,55, ,
-2, ,55, ,
1, ,55, ,
3, ,53, ,
0, ,56, ,
0, ,55, ,
0, ,55, ,
0, ,55, ,
4, ,55, ,
-5, ,53, ,
1, ,56, ,
3, ,54, ,
0, ,55, ,
-5, ,55, ,
0, ,55, ,
-2, ,53, ,
0, ,55, ,
-4, ,54, ,
1, ,55, ,
1, ,55, ,
3, ,55, ,
-2, ,53, ,
0, ,56, ,
3, ,54, ,
3, ,55, ,
1, ,55, ,
5, ,55, ,
5, ,54, ,
5, ,56, ,
-1, ,54, ,
-1, ,55, ,
-5, ,55, ,
-1, ,55, ,
-6, ,54, ,
-1, ,56, ,
5, ,54, ,
4, ,55, ,
0, ,55, ,
4, ,56, ,
4, ,53, ,
5, ,56, ,
-1, ,55, ,
1, ,55, ,
3, ,55, ,
3, ,56, ,
-1, ,54, ,
3, ,56, ,
3, ,54, ,
5, ,55, ,
-1, ,55, ,
3, ,55, ,
4, ,54, ,
5, ,56, ,
1, ,54, ,
4, ,55, ,
3, ,55, ,
6, ,55, ,
-4, ,53, ,
6, ,56, ,
4, ,54, ,
3, ,55, ,
0, ,55, ,
8, ,55, ,
4, ,53, ,
6, ,56, ,
4, ,55, ,
5, ,55, ,
6, ,55, ,
6, ,55, ,
0, ,53, ,
5, ,56, ,
4, ,54, ,
3, ,54, ,
-1, ,55, ,
4, ,55, ,
1, ,54, ,
0, ,56, ,
0, ,55, ,
3, ,55, ,
-1, ,55, ,
4, ,55, ,
-2, ,54, ,
3, ,56, ,
6, ,54, ,
3, ,55, ,
0, ,55, ,
4, ,56, ,
-1, ,53, ,
1, ,56, ,
-2, ,55, ,
3, ,54, ,
4, ,55, ,
6, ,55, ,
0, ,53, ,
3, ,56, ,
4, ,55, ,
1, ,55, ,
-2, ,55, ,
5, ,55, ,
1, ,53, ,
3, ,56, ,
1, ,54, ,
4, ,55, ,
3, ,55, ,
4, ,55, ,
-4, ,53, ,
0, ,56, ,
3, ,54, ,
1, ,55, ,
-1, ,55, ,
4, ,55, ,
3, ,53, ,
3, ,56, ,
-1, ,55, ,
1, ,55, ,
3, ,55, ,
4, ,55, ,
-2, ,53, ,
1, ,56, ,
3, ,54, ,
3, ,54, ,
0, ,55, ,
4, ,55, ,
4, ,53, ,
1, ,55, ,
1, ,55, ,
5, ,54, ,
6, ,55, ,
9, ,55, ,
0, ,53, ,
4, ,56, ,
3, ,54, ,
-1, ,54, ,
-6, ,55, ,
0, ,55, ,
0, ,53, ,
3, ,56, ,
1, ,55, ,
4, ,55, ,
4, ,55, ,
6, ,55, ,
-1, ,53, ,
1, ,56, ,
1, ,55, ,
0, ,54, ,
3, ,55, ,
3, ,56, ,
1, ,53, ,
1, ,56, ,
0, ,55, ,
-6, ,55, ,
-4, ,54, ,
8, ,55, ,
-5, ,54, ,
0, ,56, ,
1, ,54, ,
0, ,54, ,
-4, ,55, ,
1, ,55, ,
-1, ,53, ,
0, ,55, ,
1, ,54, ,
1, ,55, ,
3, ,55, ,
5, ,55, ,
-1, ,54, ,
1, ,55, ,
1, ,55, ,
0, ,55, ,
-4, ,55, ,
0, ,55, ,
0, ,54, ,
0, ,56, ,
0, ,55, ,
4, ,55, ,
-1, ,55, ,
3, ,55, ,
-4, ,53, ,
4, ,56, ,
-1, ,54, ,
-2, ,55, ,
1, ,55, ,
-2, ,55, ,
0, ,53, ,
0, ,56, ,
-1, ,54, ,
3, ,55, ,
1, ,55, ,
3, ,55, ,
-2, ,53, ,
0, ,56, ,
0, ,54, ,
-4, ,55, ,
-5, ,55, ,
3, ,55, ,
1, ,53, ,
1, ,56, ,
-1, ,55, ,
3, ,54, ,
0, ,55, ,
3, ,55, ,
-1, ,53, ,
3, ,56, ,
5, ,54, ,
4, ,55, ,
1, ,55, ,
4, ,55, ,
-2, ,53, ,
3, ,56, ,
-4, ,54, ,
0, ,55, ,
3, ,55, ,
4, ,55, ,
0, ,53, ,
1, ,56, ,
3, ,54, ,
0, ,55, ,
-6, ,55, ,
0, ,55, ,
0, ,54, ,
-1, ,56, ,
0, ,55, ,
1, ,55, ,
1, ,55, ,
4, ,55, ,
-4, ,53, ,
1, ,56, ,
1, ,54, ,
3, ,54, ,
-2, ,55, ,
1, ,55, ,
1, ,54, ,
3, ,56, ,
-2, ,54, ,
-2, ,54, ,
0, ,55, ,
-4, ,55, ,
-7, ,53, ,
0, ,56, ,
0, ,54, ,
0, ,55, ,
-1, ,55, ,
3, ,55, ,
1, ,53, ,
-1, ,56, ,
-4, ,55, ,
-1, ,55, ,
-1, ,55, ,
-1, ,55, ,
-7, ,54, ,
-2, ,56, ,
-1, ,54, ,
-4, ,55, ,
-7, ,55, ,
0, ,56, ,
-4, ,54, ,
-1, ,56, ,
-5, ,55, ,
-1, ,55, ,
1, ,55, ,
4, ,55, ,
0, ,54, ,
5, ,56, ,
4, ,54, ,
1, ,54, ,
-1, ,56, ,
4, ,55, ,
1, ,53, ,
1, ,55, ,
-1, ,54, ,
0, ,55, ,
-1, ,54, ,
1, ,55, ,
-5, ,54, ,
0, ,56, ,
3, ,54, ,
1, ,54, ,
1, ,55, ,
8, ,56, ,
4, ,53, ,
8, ,56, ,
3, ,55, ,
0, ,55, ,
3, ,55, ,
3, ,55, ,
-2, ,53, ,
4, ,56, ,
4, ,54, ,
5, ,54, ,
1, ,55, ,
5, ,55, ,
4, ,53, ,
0, ,56, ,
-1, ,55, ,
-1, ,55, ,
-1, ,55, ,
4, ,55, ,
-2, ,53, ,
4, ,56, ,
4, ,54, ,
1, ,54, ,
-1, ,55, ,
3, ,55, ,
1, ,53, ,
3, ,55, ,
4, ,55, ,
4, ,54, ,
4, ,55, ,
5, ,55, ,
0, ,53, ,
3, ,56, ,
1, ,54, ,
3, ,55, ,
0, ,55, ,
5, ,55, ,
6, ,54, ,
1, ,56, ,
3, ,55, ,
1, ,54, ,
0, ,55, ,
1, ,55, ,
-4, ,53, ,
1, ,56, ,
5, ,54, ,
3, ,55, ,
0, ,55, ,
5, ,55, ,
1, ,53, ,
0, ,56, ,
-4, ,55, ,
-1, ,55, ,
3, ,55, ,
6, ,55, ,
0, ,54, ,
1, ,56, ,
4, ,54, ,
1, ,55, ,
-4, ,55, ,
4, ,55, ,
3, ,53, ,
3, ,56, ,
-2, ,55, ,
0, ,54, ,
1, ,55, ,
4, ,55, ,
-2, ,53, ,
4, ,56, ,
6, ,54, ,
8, ,54, ,
3, ,55, ,
8, ,55, ,
3, ,53, ,
4, ,56, ,
5, ,54, ,
3, ,55, ,
1, ,55, ,
3, ,55, ,
-2, ,53, ,
0, ,56, ,
3, ,54, ,
5, ,54, ,
1, ,55, ,
8, ,55, ,
6, ,53, ,
5, ,56, ,
6, ,55, ,
8, ,55, ,
5, ,55, ,
6, ,55, ,
0, ,53, ,
5, ,56, ,
4, ,54, ,
1, ,55, ,
-2, ,55, ,
0, ,55, ,
0, ,53, ,
3, ,55, ,
-2, ,55, ,
3, ,54, ,
3, ,55, ,
5, ,55, ,
-1, ,54, ,
3, ,56, ,
4, ,54, ,
1, ,55, ,
-1, ,55, ,
3, ,55, ,
3, ,53, ,
3, ,56, ,
3, ,55, ,
3, ,54, ,
0, ,55, ,
1, ,55, ,
-7, ,54, ,
-2, ,56, ,
-1, ,54, ,
-1, ,55, ,
-1, ,55, ,
5, ,55, ,
3, ,53, ,
6, ,56, ,
-1, ,55, ,
3, ,55, ,
-1, ,55, ,
0, ,55, ,
-1, ,53, ,
-1, ,56, ,
0, ,54, ,
-1, ,54, ,
-4, ,55, ,
3, ,55, ,
1, ,53, ,
1, ,56, ,
-1, ,55, ,
0, ,55, ,
1, ,55, ,
5, ,55, ,
-2, ,53, ,
3, ,56, ,
0, ,54, ,
-1, ,54, ,
-5, ,55, ,
0, ,55, ,
1, ,53, ,
3, ,56, ,
3, ,55, ,
4, ,55, ,
3, ,55, ,
6, ,56, ,
-1, ,54, ,
0, ,56, ,
0, ,54, ,
-1, ,55, ,
-4, ,55, ,
1, ,55, ,
-1, ,53, ,
1, ,56, ,
-4, ,55, ,
-1, ,55, ,
-4, ,55, ,
3, ,55, ,
-4, ,53, ,
0, ,56, ,
4, ,54, ,
-1, ,55, ,
0, ,55, ,
6, ,55, ,
3, ,53, ,
3, ,56, ,
-2, ,54, ,
1, ,55, ,
3, ,55, ,
3, ,55, ,
-1, ,54, ,
3, ,56, ,
0, ,54, ,
-1, ,55, ,
-7, ,55, ,
0, ,56, ,
-1, ,54, ,
-1, ,56, ,
-4, ,54, ,
0, ,54, ,
0, ,55, ,
0, ,56, ,
-4, ,53, ,
0, ,56, ,
0, ,54, ,
-1, ,55, ,
-6, ,55, ,
0, ,55, ,
-2, ,53, ,
-1, ,56, ,
-2, ,55, ,
1, ,55, ,
1, ,55, ,
0, ,56, ,
-6, ,53, ,
0, ,56, ,
0, ,55, ,
1, ,55, ,
-4, ,55, ,
4, ,55, ,
3, ,53, ,
1, ,55, ,
-2, ,55, ,
0, ,55, ,
0, ,55, ,
1, ,55, ,
-4, ,53, ,
1, ,56, ,
1, ,54, ,
-2, ,55, ,
-5, ,55, ,
-2, ,55, ,
-6, ,54, ,
-1, ,55, ,
-4, ,55, ,
0, ,55, ,
0, ,55, ,
4, ,55, ,
1, ,53, ,
3, ,56, ,
5, ,54, ,
4, ,55, ,
0, ,56, ,
3, ,55, ,
-2, ,53, ,
-1, ,56, ,
-6, ,54, ,
0, ,55, ,
0, ,55, ,
4, ,55, ,
0, ,54, ,
3, ,56, ,
4, ,54, ,
3, ,54, ,
1, ,55, ,
10, ,56, ,
6, ,53, ,
8, ,56, ,
5, ,54, ,
4, ,55, ,
6, ,55, ,
5, ,55, ,
1, ,53, ,
8, ,56, ,
6, ,54, ,
6, ,55, ,
1, ,55, ,
8, ,55, ,
1, ,53, ,
1, ,56, ,
-1, ,55, ,
0, ,54, ,
1, ,55, ,
1, ,55, ,
-6, ,53, ,
0, ,56, ,
4, ,54, ,
0, ,55, ,
-6, ,55, ,
1, ,56, ,
-2, ,53, ,
0, ,55, ,
-1, ,55, ,
1, ,55, ,
1, ,55, ,
5, ,55, ,
1, ,54, ,
5, ,56, ,
4, ,54, ,
0, ,55, ,
-2, ,55, ,
1, ,55, ,
3, ,53, ,
4, ,56, ,
1, ,55, ,
4, ,55, ,
4, ,55, ,
4, ,55, ,
0, ,54, ,
6, ,56, ,
8, ,54, ,
5, ,55, ,
5, ,55, ,
5, ,55, ,
3, ,53, ,
3, ,56, ,
-1, ,54, ,
3, ,54, ,
4, ,55, ,
4, ,55, ,
1, ,54, ,
5, ,56, ,
6, ,54, ,
8, ,55, ,
3, ,55, ,
10, ,56, ,
4, ,54, ,
4, ,56, ,
5, ,54, ,
5, ,50, ,
5, ,42, ,
5, ,32, ,
-1, ,21, ,
5, ,14, ,
8, ,7, ,
5, ,1, ,
-2, ,-4, ,
3, ,-9, ,
-4, ,-13, ,
-4, ,-17, ,
-4, ,-20, ,
-2, ,-22, ,
-1, ,-24, ,
-1, ,-26, ,
-7, ,-28, ,
-4, ,-29, ,
-2, ,-30, ,
-2, ,-31, ,
-6, ,-32, ,
-1, ,-33, ,
0, ,-33, ,
-1, ,-35, ,
0, ,-36, ,
-6, ,-36, ,
-5, ,-36, ,
4, ,-37, ,
-9, ,-37, ,
-1, ,-38, ,
1, ,-37, ,
-1, ,-37, ,
-4, ,-37, ,
3, ,-38, ,
-1, ,-38, ,
-2, ,-38, ,
-2, ,-38, ,
0, ,-38, ,
1, ,-38, ,
6, ,-38, ,
4, ,-38, ,
8, ,-39, ,
9, ,-38, ,
8, ,-38, ,
1, ,-38, ,
5, ,-38, ,
4, ,-38, ,
3, ,-38, ,
0, ,-38, ,
6, ,-38, ,
5, ,-38, ,
5, ,-38, ,
3, ,-38, ,
3, ,-38, ,
5, ,-38, ,
4, ,-38, ,
5, ,-38, ,
8, ,-38, ,
6, ,-38, ,
6, ,-38, ,
3, ,-38, ,
4, ,-38, ,
4, ,-38, ,
3, ,-38, ,
-1, ,-38, ,
1, ,-38, ,
4, ,-38, ,
5, ,-38, ,
5, ,-38, ,
5, ,-38, ,
5, ,-38, ,
4, ,-38, ,
0, ,-38, ,
0, ,-38, ,
4, ,-38, ,
4, ,-38, ,
-1, ,-38, ,
4, ,-38, ,
5, ,-38, ,
3, ,-38, ,
1, ,-38, ,
4, ,-38, ,
4, ,-38, ,
1, ,-38, ,
-1, ,-38, ,
1, ,-38, ,
3, ,-38, ,
3, ,-38, ,
-2, ,-38, ,
-1, ,-38, ,
-2, ,-38, ,
-4, ,-38, ,
-9, ,-38, ,
-2, ,-38, ,
-1, ,-38, ,
-5, ,-38, ,
-5, ,-38, ,
-2, ,-38, ,
-5, ,-38, ,
-2, ,-38, ,
-5, ,-38, ,
-5, ,-38, ,
0, ,-38, ,
-2, ,-37, ,
-4, ,-38, ,
0, ,-38, ,
-1, ,-38, ,
1, ,-38, ,
-1, ,-38, ,
1, ,-38, ,
1, ,-38, ,
-2, ,-38, ,
-5, ,-38, ,
-2, ,-38, ,
-1, ,-38, ,
-4, ,-38, ,
-4, ,-38, ,
1, ,-38, ,
3, ,-38, ,
-1, ,-38, ,
-2, ,-38, ,
-2, ,-38, ,
-1, ,-38, ,
1, ,-38, ,
-4, ,-38, ,
-2, ,-38, ,
0, ,-38, ,
-2, ,-38, ,
-7, ,-38, ,
-4, ,-37, ,
-5, ,-38, ,
-2, ,-37, ,
-4, ,-38, ,
-4, ,-38, ,
-1, ,-38, ,
-2, ,-38, ,
-7, ,-38, ,
-4, ,-38, ,
-4, ,-38, ,
-2, ,-38, ,
-5, ,-38, ,
3, ,-38, ,
4, ,-38, ,
3, ,-38, ,
3, ,-38, ,
5, ,-37, ,
4, ,-38, ,
5, ,-38, ,
-1, ,-38, ,
1, ,-38, ,
4, ,-38, ,
3, ,-38, ,
0, ,-38, ,
3, ,-38, ,
3, ,-38, ,
3, ,-38, ,
0, ,-38, ,
1, ,-38, ,
4, ,-38, ,
3, ,-38, ,
-1, ,-38, ,
1, ,-38, ,
3, ,-38, ,
-2, ,-38, ,
-6, ,-38, ,
-4, ,-38, ,
-4, ,-38, ,
-5, ,-38, ,
-4, ,-38, ,
-4, ,-38, ,
-2, ,-37, ,
-2, ,-38, ,
-7, ,-38, ,
-5, ,-38, ,
-1, ,-38, ,
-5, ,-37, ,
-6, ,-38, ,
0, ,-38, ,
-4, ,-38, ,
1, ,-38, ,
3, ,-38, ,
1, ,-37, ,
0, ,-38, ,
0, ,-38, ,
0, ,-38, ,
3, ,-38, ,
3, ,-37, ,
0, ,-37, ,
-7, ,-38, ,
0, ,-38, ,
1, ,-38, ,
1, ,-38, ,
3, ,-38, ,
1, ,-37, ,
-1, ,-38, ,
-1, ,-38, ,
-7, ,-38, ,
-4, ,-38, ,
-1, ,-37, ,
-2, ,-37, ,
-6, ,-37, ,
-2, ,-38, ,
-2, ,-38, ,
-4, ,-38, ,
-5, ,-38, ,
-2, ,-38, ,
0, ,-38, ,
1, ,-38, ,
0, ,-37, ,
4, ,-38, ,
1, ,-38, ,
-1, ,-38, ,
-1, ,-38, ,
1, ,-38, ,
1, ,-38, ,
1, ,-38, ,
0, ,-38, ,
5, ,-38, ,
6, ,-38, ,
9, ,-37, ,
6, ,-38, ,
11, ,-38, ,
10, ,-38, ,
8, ,-37, ,
1, ,-38, ,
8, ,-38, ,
8, ,-38, ,
8, ,-38, ,
5, ,-38, ,
6, ,-38, ,
4, ,-37, ,
3, ,-37, ,
-1, ,-38, ,
3, ,-38, ,
1, ,-37, ,
3, ,-37, ,
-4, ,-38, ,
-1, ,-38, ,
1, ,-38, ,
-2, ,-38, ,
-2, ,-38, ,
0, ,-38, ,
1, ,-38, ,
1, ,-38, ,
-2, ,-37, ,
3, ,-38, ,
6, ,-38, ,
4, ,-37, ,
-1, ,-38, ,
6, ,-37, ,
4, ,-38, ,
4, ,-38, ,
3, ,-38, ,
3, ,-37, ,
5, ,-38, ,
4, ,-37, ,
-2, ,-37, ,
1, ,-38, ,
4, ,-38, ,
10, ,-38, ,
-4, ,-38, ,
0, ,-38, ,
1, ,-38, ,
3, ,-38, ,
5, ,-38, ,
9, ,-37, ,
8, ,-38, ,
8, ,-38, ,
-4, ,-38, ,
1, ,-38, ,
4, ,-38, ,
0, ,-37, ,
1, ,-37, ,
4, ,-38, ,
4, ,-37, ,
1, ,-38, ,
0, ,-38, ,
-4, ,-38, ,
-2, ,-37, ,
-1, ,-38, ,
-2, ,-38, ,
3, ,-38, ,
8, ,-37, ,
5, ,-38, ,
4, ,-37, ,
4, ,-38, ,
1, ,-38, ,
3, ,-38, ,
1, ,-38, ,
6, ,-37, ,
9, ,-38, ,
10, ,-38, ,
8, ,-38, ,
9, ,-38, ,
10, ,-38, ,
6, ,-38, ,
3, ,-38, ,
8, ,-38, ,
5, ,-38, ,
8, ,-38, ,
5, ,-38, ,
5, ,-37, ,
6, ,-38, ,
3, ,-38, ,
1, ,-38, ,
4, ,-38, ,
4, ,-38, ,
5, ,-38, ,
1, ,-37, ,
5, ,-38, ,
5, ,-38, ,
1, ,-37, ,
-1, ,-38, ,
-2, ,-38, ,
-1, ,-37, ,
0, ,-38, ,
-6, ,-38, ,
0, ,-38, ,
1, ,-37, ,
1, ,-37, ,
0, ,-38, ,
5, ,-37, ,
4, ,-37, ,
4, ,-38, ,
3, ,-38, ,
1, ,-37, ,
4, ,-38, ,
6, ,-37, ,
4, ,-38, ,
10, ,-38, ,
8, ,-38, ,
6, ,-37, ,
4, ,-37, ,
3, ,-38, ,
3, ,-38, ,
0, ,-38, ,
1, ,-38, ,
4, ,-37, ,
4, ,-38, ,
5, ,-37, ,
-1, ,-38, ,
1, ,-38, ,
5, ,-37, ,
0, ,-37, ,
-1, ,-38, ,
1, ,-37, ,
-1, ,-37, ,
-1, ,-37, ,
-2, ,-38, ,
-2, ,-38, ,
-2, ,-38, ,
-5, ,-38, ,
-10, ,-38, ,
-7, ,-38, ,
-2, ,-37, ,
-2, ,-37, ,
-5, ,-38, ,
4, ,-38, ,
5, ,-37, ,
1, ,-38, ,
0, ,-38, ,
-1, ,-38, ,
0, ,-38, ,
0, ,-38, ,
-2, ,-38, ,
6, ,-38, ,
10, ,-38, ,
9, ,-37, ,
5, ,-38, ,
6, ,-37, ,
3, ,-37, ,
0, ,-38, ,
-1, ,-38, ,
0, ,-38, ,
4, ,-38, ,
1, ,-38, ,
-2, ,-37, ,
-1, ,-38, ,
1, ,-37, ,
0, ,-38, ,
-2, ,-37, ,
4, ,-38, ,
4, ,-38, ,
3, ,-38, ,
3, ,-38, ,
3, ,-37, ,
3, ,-38, ,
3, ,-37, ,
-5, ,-37, ,
-1, ,-38, ,
-1, ,-37, ,
-2, ,-37, ,
-2, ,-38, ,
1, ,-38, ,
1, ,-37, ,
0, ,-38, ,
-2, ,-38, ,
-1, ,-37, ,
1, ,-37, ,
1, ,-38, ,
1, ,-38, ,
1, ,-38, ,
3, ,-38, ,
3, ,-38, ,
1, ,-38, ,
5, ,-38, ,
3, ,-38, ,
1, ,-37, ,
-1, ,-38, ,
1, ,-37, ,
-1, ,-37, ,
0, ,-37, ,
-4, ,-38, ,
-2, ,-38, ,
0, ,-38, ,
-4, ,-37, ,
-9, ,-38, ,
-5, ,-38, ,
-15, ,-38, ,
-15, ,-38, ,
-21, ,-38, ,
-19, ,-37, ,
-17, ,-38, ,
-15, ,-37, ,
-15, ,-38, ,
-9, ,-38, ,
-5, ,-38, ,
-4, ,-38, ,
-1, ,-38, ,
8, ,-38, ,
10, ,-37, ,
10, ,-38, ,
9, ,-38, ,
8, ,-37, ,
5, ,-38, ,
1, ,-38, ,
-6, ,-38, ,
-1, ,-38, ,
0, ,-38, ,
-1, ,-37, ,
-4, ,-38, ,
0, ,-38, ,
1, ,-38, ,
0, ,-38, ,
0, ,-38, ,
1, ,-38, ,
3, ,-38, ,
1, ,-38, ,
-5, ,-38, ,
-2, ,-38, ,
-4, ,-37, ,
-6, ,-37, ,
-9, ,-38, ,
-4, ,-37, ,
-2, ,-38, ,
-2, ,-38, ,
-4, ,-38, ,
-2, ,-37, ,
-4, ,-38, ,
1, ,-38, ,
-5, ,-38, ,
-2, ,-38, ,
-2, ,-38, ,
-6, ,-37, ,
-7, ,-38, ,
-4, ,-37, ,
-4, ,-37, ,
1, ,-37, ,
0, ,-38, ,
3, ,-37, ,
4, ,-37, ,
1, ,-38, ,
-6, ,-38, ,
-2, ,-38, ,
-1, ,-37, ,
-2, ,-37, ,
-5, ,-37, ,
3, ,-38, ,
1, ,-38, ,
-5, ,-37, ,
1, ,-38, ,
0, ,-37, ,
0, ,-38, ,
4, ,-38, ,
-1, ,-38, ,
4, ,-38, ,
8, ,-38, ,
4, ,-38, ,
-2, ,-38, ,
3, ,-38, ,
1, ,-38, ,
-1, ,-38, ,
-5, ,-38, ,
-2, ,-38, ,
0, ,-38, ,
0, ,-38, ,
-5, ,-38, ,
0, ,-38, ,
1, ,-38, ,
-1, ,-38, ,
-2, ,-37, ,
1, ,-38, ,
3, ,-38, ,
3, ,-38, ,
3, ,-38, ,
4, ,-38, ,
4, ,-38, ,
5, ,-38, ,
-4, ,-38, ,
8, ,-38, ,
5, ,-38, ,
-2, ,-37, ,
-2, ,-38, ,
0, ,-38, ,
3, ,-38, ,
3, ,-38, ,
0, ,-38, ,
6, ,-38, ,
4, ,-38, ,
5, ,-38, ,
1, ,-38, ,
3, ,-38, ,
4, ,-38, ,
1, ,-38, ,
-1, ,-38, ,
6, ,-38, ,
5, ,-37, ,
4, ,-38, ,
3, ,-38, ,
1, ,-37, ,
0, ,-38, ,
4, ,-38, ,
1, ,-38, ,
4, ,-38, ,
6, ,-38, ,
3, ,-37, ,
3, ,-38, ,
3, ,-38, ,
0, ,-38, ,
1, ,-38, ,
1, ,-38, ,
1, ,-38, ,
6, ,-38, ,
6, ,-38, ,
4, ,-38, ,
5, ,-38, ,
5, ,-38, ,
3, ,-38, ,
-1, ,-38, ,
4, ,-38, ,
5, ,-38, ,
4, ,-38, ,
6, ,-38, ,
5, ,-37, ,
5, ,-38, ,
4, ,-38, ,
-4, ,-37, ,
3, ,-38, ,
3, ,-38, ,
0, ,-37, ,
0, ,-38, ,
4, ,-38, ,
3, ,-38, ,
3, ,-38, ,
0, ,-38, ,
1, ,-37, ,
3, ,-38, ,
0, ,-37, ,
1, ,-37, ,
3, ,-38, ,
4, ,-38, ,
3, ,-38, ,
-1, ,-37, ,
0, ,-38, ,
0, ,-38, ,
0, ,-38, ,
-2, ,-38, ,
1, ,-38, ,
3, ,-38, ,
9, ,-38, ,
3, ,-38, ,
8, ,-38, ,
11, ,-38, ,
5, ,-37, ,
4, ,-38, ,
4, ,-38, ,
4, ,-38, ,
1, ,-38, ,
0, ,-38, ,
4, ,-38, ,
5, ,-38, ,
4, ,-38, ,
0, ,-37, ,
3, ,-38, ,
4, ,-38, ,
3, ,-38, ,
3, ,-38, ,
10, ,-38, ,
5, ,-38, ,
3, ,-38, ,
4, ,-38, ,
4, ,-37, ,
6, ,-38, ,
5, ,-37, ,
1, ,-38, ,
5, ,-38, ,
8, ,-38, ,
5, ,-37, ,
4, ,-38, ,
6, ,-38, ,
3, ,-37, ,
1, ,-38, ,
-1, ,-38, ,
0, ,-38, ,
0, ,-38, ,
0, ,-38, ,
-2, ,-38, ,
1, ,-37, ,
1, ,-38, ,
4, ,-38, ,
4, ,-38, ,
5, ,-38, ,
6, ,-38, ,
6, ,-38, ,
4, ,-38, ,
6, ,-37, ,
8, ,-38, ,
9, ,-38, ,
4, ,-37, ,
6, ,-38, ,
8, ,-38, ,
5, ,-37, ,
0, ,-38, ,
1, ,-38, ,
1, ,-37, ,
1, ,-38, ,
-1, ,-38, ,
3, ,-38, ,
4, ,-38, ,
3, ,-37, ,
0, ,-37, ,
3, ,-38, ,
4, ,-37, ,
4, ,-38, ,
3, ,-38, ,
5, ,-38, ,
3, ,-38, ,
1, ,-38, ,
0, ,-38, ,
0, ,-38, ,
-1, ,-38, ,
-1, ,-37, ,
-1, ,-38, ,
3, ,-38, ,
10, ,-38, ,
5, ,-37, ,
4, ,-37, ,
4, ,-38, ,
1, ,-38, ,
3, ,-38, ,
-1, ,-38, ,
0, ,-37, ,
3, ,-38, ,
0, ,-38, ,
0, ,-38, ,
3, ,-38, ,
5, ,-38, ,
3, ,-38, ,
0, ,-37, ,
5, ,-38, ,
5, ,-38, ,
5, ,-38, ,
3, ,-38, ,
3, ,-37, ,
4, ,-37, ,
3, ,-37, ,
-4, ,-38, ,
3, ,-38, ,
3, ,-37, ,
1, ,-37, ,
0, ,-37, ,
5, ,-38, ,
5, ,-37, ,
4, ,-38, ,
3, ,-38, ,
4, ,-38, ,
1, ,-38, ,
3, ,-38, ,
-5, ,-38, ,
0, ,-38, ,
0, ,-38, ,
-2, ,-38, ,
-5, ,-37, ,
-2, ,-38, ,
-4, ,-38, ,
-4, ,-38, ,
-4, ,-38, ,
-1, ,-37, ,
-2, ,-38, ,
0, ,-38, ,
-7, ,-37, ,
-2, ,-38, ,
3, ,-38, ,
-2, ,-37, ,
-6, ,-38, ,
-1, ,-38, ,
-2, ,-38, ,
0, ,-38, ,
-4, ,-38, ,
-2, ,-38, ,
0, ,-38, ,
-1, ,-37, ,
-4, ,-38, ,
-2, ,-38, ,
-4, ,-38, ,
-7, ,-37, ,
-10, ,-38, ,
-2, ,-38, ,
-1, ,-38, ,
-4, ,-38, ,
-4, ,-38, ,
-4, ,-37, ,
-2, ,-38, ,
-4, ,-37, ,
-7, ,-38, ,
-4, ,-38, ,
-4, ,-38, ,
-7, ,-38, ,
-10, ,-38, ,
-2, ,-38, ,
-2, ,-37, ,
-4, ,-38, ,
-6, ,-38, ,
-7, ,-38, ,
-6, ,-38, ,
-6, ,-38, ,
-7, ,-38, ,
-2, ,-38, ,
-4, ,-38, ,
-4, ,-38, ,
-7, ,-38, ,
-1, ,-38, ,
-2, ,-38, ,
-2, ,-38, ,
0, ,-38, ,
0, ,-37, ,
3, ,-38, ,
5, ,-38, ,
-5, ,-38, ,
-2, ,-38, ,
-1, ,-38, ,
-1, ,-37, ,
-6, ,-38, ,
-5, ,-38, ,
-2, ,-38, ,
-2, ,-38, ,
-5, ,-38, ,
-1, ,-38, ,
0, ,-38, ,
1, ,-38, ,
-4, ,-38, ,
-2, ,-38, ,
0, ,-38, ,
-1, ,-37, ,
-1, ,-37, ,
3, ,-38, ,
0, ,-38, ,
0, ,-37, ,
-2, ,-38, ,
-2, ,-38, ,
-1, ,-38, ,
0, ,-38, ,
-4, ,-38, ,
-1, ,-38, ,
1, ,-38, ,
-2, ,-37, ,
-5, ,-38, ,
-1, ,-37, ,
-6, ,-37, ,
-1, ,-38, ,
-5, ,-38, ,
-4, ,-37, ,
-4, ,-33, ,
0, ,-25, ,
1, ,-16, ,
6, ,-6, ,
9, ,2, ,
6, ,10, ,
0, ,17, ,
6, ,22, ,
5, ,26, ,
5, ,31, ,
8, ,34, ,
9, ,37, ,
6, ,40, ,
6, ,41, ,
-1, ,44, ,
0, ,46, ,
6, ,47, ,
0, ,48, ,
-5, ,50, ,
3, ,51, ,
0, ,50, ,
4, ,52, ,
3, ,52, ,
5, ,53, ,
5, ,53, ,
4, ,54, ,
-4, ,53, ,
3, ,55, ,
1, ,54, ,
0, ,54, ,
-4, ,55, ,
1, ,56, ,
4, ,54, ,
3, ,56, ,
1, ,55, ,
5, ,55, ,
3, ,55, ,
6, ,55, ,
1, ,55, ,
5, ,56, ,
9, ,55, ,
6, ,55, ,
4, ,56, ,
6, ,56, ,
3, ,54, ,
4, ,57, ,
1, ,55, ,
4, ,56, ,
6, ,55, ,
6, ,56, ,
3, ,54, ,
6, ,56, ,
6, ,55, ,
3, ,55, ,
-1, ,55, ,
4, ,56, ,
1, ,54, ,
3, ,56, ,
1, ,55, ,
8, ,55, ,
9, ,55, ,
9, ,56, ,
0, ,54, ,
3, ,56, ,
3, ,55, ,
1, ,55, ,
-2, ,56, ,
6, ,56, ,
3, ,54, ,
3, ,56, ,
1, ,55, ,
1, ,55, ,
1, ,55, ,
3, ,55, ,
-5, ,54, ,
3, ,56, ,
3, ,54, ,
4, ,55, ,
3, ,55, ,
5, ,56, ,
5, ,54, ,
4, ,56, ,
-2, ,55, ,
3, ,55, ,
1, ,55, ,
8, ,55, ,
1, ,54, ,
8, ,56, ,
5, ,55, ,
1, ,55, ,
-2, ,56, ,
1, ,56, ,
-1, ,54, ,
1, ,56, ,
0, ,55, ,
5, ,55, ,
5, ,55, ,
4, ,55, ,
0, ,54, ,
5, ,56, ,
5, ,54, ,
1, ,55, ,
-1, ,56, ,
5, ,55, ,
3, ,53, ,
3, ,56, ,
1, ,55, ,
4, ,55, ,
3, ,55, ,
3, ,55, ,
1, ,54, ,
4, ,56, ,
5, ,54, ,
3, ,55, ,
4, ,55, ,
8, ,55, ,
4, ,54, ,
6, ,56, ,
0, ,55, ,
1, ,55, ,
4, ,55, ,
6, ,56, ,
1, ,54, ,
5, ,56, ,
8, ,54, ,
8, ,55, ,
3, ,55, ,
8, ,55, ,
3, ,53, ,
1, ,55, ,
3, ,55, ,
3, ,55, ,
5, ,55, ,
6, ,56, ,
-2, ,53, ,
3, ,56, ,
1, ,54, ,
1, ,55, ,
-2, ,55, ,
3, ,56, ,
4, ,53, ,
4, ,56, ,
4, ,54, ,
4, ,55, ,
5, ,55, ,
6, ,56, ,
0, ,54, ,
5, ,56, ,
3, ,54, ,
1, ,55, ,
-2, ,55, ,
8, ,56, ,
4, ,53, ,
-2, ,56, ,
0, ,54, ,
0, ,55, ,
-4, ,55, ,
3, ,55, ,
-6, ,54, ,
3, ,56, ,
6, ,55, ,
6, ,55, ,
0, ,55, ,
3, ,55, ,
-4, ,53, ,
-4, ,55, ,
-7, ,55, ,
-1, ,55, ,
-2, ,55, ,
4, ,55, ,
-2, ,54, ,
0, ,56, ,
0, ,55, ,
-1, ,55, ,
-2, ,55, ,
0, ,56, ,
-1, ,53, ,
1, ,56, ,
0, ,55, ,
1, ,55, ,
0, ,55, ,
1, ,55, ,
-5, ,53, ,
4, ,56, ,
1, ,54, ,
1, ,55, ,
-4, ,55, ,
3, ,55, ,
1, ,53, ,
0, ,56, ,
-2, ,55, ,
-2, ,55, ,
-4, ,55, ,
-4, ,55, ,
-7, ,54, ,
0, ,56, ,
-1, ,54, ,
0, ,54, ,
0, ,55, ,
4, ,55, ,
3, ,54, ,
1, ,56, ,
-2, ,55, ,
-1, ,55, ,
0, ,55, ,
3, ,55, ,
-5, ,54, ,
0, ,56, ,
-1, ,54, ,
-1, ,55, ,
-5, ,55, ,
0, ,56, ,
-4, ,53, ,
-1, ,56, ,
-6, ,54, ,
0, ,55, ,
0, ,55, ,
0, ,55, ,
-1, ,54, ,
-1, ,56, ,
1, ,54, ,
-1, ,55, ,
-6, ,55, ,
-1, ,55, ,
-1, ,53, ,
-1, ,56, ,
-4, ,54, ,
0, ,55, ,
-2, ,55, ,
0, ,55, ,
-7, ,54, ,
-5, ,56, ,
3, ,54, ,
-1, ,55, ,
-5, ,55, ,
1, ,55, ,
0, ,53, ,
-1, ,56, ,
-5, ,55, ,
-2, ,55, ,
-2, ,55, ,
-2, ,55, ,
-7, ,54, ,
-1, ,56, ,
-1, ,54, ,
1, ,55, ,
-1, ,55, ,
4, ,56, ,
3, ,53, ,
1, ,56, ,
-1, ,54, ,
0, ,55, ,
0, ,55, ,
1, ,55, ,
-5, ,53, ,
3, ,56, ,
3, ,54, ,
0, ,54, ,
-4, ,55, ,
1, ,55, ,
3, ,53, ,
1, ,56, ,
4, ,55, ,
8, ,55, ,
4, ,55, ,
5, ,55, ,
-1, ,54, ,
3, ,55, ,
4, ,54, ,
3, ,55, ,
-4, ,55, ,
0, ,55, ,
0, ,53, ,
0, ,56, ,
1, ,54, ,
5, ,55, ,
4, ,55, ,
3, ,56, ,
-2, ,54, ,
0, ,56, ,
1, ,54, ,
1, ,55, ,
0, ,55, ,
5, ,55, ,
6, ,53, ,
4, ,56, ,
0, ,55, ,
1, ,55, ,
1, ,55, ,
1, ,55, ,
-2, ,54, ,
3, ,56, ,
6, ,54, ,
3, ,55, ,
-2, ,55, ,
3, ,55, ,
0, ,53, ,
1, ,55, ,
0, ,55, ,
5, ,55, ,
6, ,55, ,
6, ,55, ,
1, ,53, ,
1, ,56, ,
1, ,54, ,
1, ,55, ,
-4, ,56, ,
0, ,55, ,
-1, ,53, ,
1, ,56, ,
0, ,54, ,
0, ,55, ,
3, ,55, ,
4, ,55, ,
-4, ,54, ,
3, ,56, ,
0, ,54, ,
-1, ,55, ,
-4, ,55, ,
0, ,55, ,
4, ,53, ,
4, ,55, ,
3, ,54, ,
4, ,55, ,
3, ,55, ,
3, ,55, ,
-2, ,54, ,
1, ,56, ,
4, ,54, ,
1, ,55, ,
-1, ,55, ,
4, ,55, ,
0, ,53, ,
3, ,55, ,
0, ,54, ,
4, ,54, ,
5, ,55, ,
6, ,55, ,
1, ,54, ,
5, ,56, ,
6, ,54, ,
3, ,55, ,
1, ,55, ,
1, ,55, ,
4, ,53, ,
-1, ,56, ,
3, ,55, ,
5, ,55, ,
1, ,55, ,
5, ,55, ,
1, ,53, ,
3, ,56, ,
4, ,54, ,
1, ,54, ,
-2, ,55, ,
5, ,55, ,
1, ,53, ,
4, ,56, ,
3, ,54, ,
4, ,55, ,
4, ,55, ,
5, ,55, ,
1, ,53, ,
8, ,56, ,
5, ,54, ,
8, ,54, ,
4, ,55, ,
10, ,56, ,
5, ,53, ,
1, ,56, ,
1, ,54, ,
1, ,55, ,
0, ,55, ,
3, ,55, ,
-4, ,54, ,
3, ,56, ,
3, ,54, ,
1, ,54, ,
-2, ,55, ,
1, ,55, ,
0, ,53, ,
0, ,55, ,
-1, ,55, ,
4, ,55, ,
4, ,55, ,
5, ,55, ,
0, ,54, ,
1, ,56, ,
1, ,54, ,
-1, ,55, ,
-6, ,55, ,
1, ,55, ,
3, ,53, ,
4, ,55, ,
4, ,55, ,
3, ,55, ,
3, ,55, ,
5, ,55, ,
-5, ,54, ,
4, ,55, ,
4, ,54, ,
3, ,55, ,
1, ,55, ,
6, ,56, ,
1, ,53, ,
1, ,56, ,
-1, ,54, ,
0, ,55, ,
1, ,55, ,
3, ,55, ,
-1, ,53, ,
5, ,56, ,
3, ,54, ,
3, ,55, ,
-2, ,55, ,
0, ,55, ,
1, ,53, ,
0, ,56, ,
-2, ,55, ,
1, ,55, ,
3, ,55, ,
4, ,55, ,
0, ,54, ,
4, ,56, ,
3, ,54, ,
0, ,54, ,
-2, ,55, ,
3, ,56, ,
-1, ,53, ,
1, ,56, ,
-1, ,55, ,
1, ,55, ,
5, ,55, ,
-2, ,55, ,
-4, ,54, ,
3, ,56, ,
-1, ,54, ,
3, ,55, ,
0, ,55, ,
4, ,55, ,
4, ,53, ,
3, ,56, ,
1, ,55, ,
0, ,55, ,
1, ,54, ,
4, ,55, ,
-4, ,53, ,
1, ,56, ,
5, ,55, ,
3, ,55, ,
-1, ,55, ,
-1, ,55, ,
-5, ,53, ,
-4, ,56, ,
-5, ,55, ,
-1, ,55, ,
-1, ,55, ,
-2, ,55, ,
-5, ,54, ,
0, ,56, ,
4, ,54, ,
3, ,55, ,
-1, ,55, ,
1, ,55, ,
-1, ,53, ,
-1, ,56, ,
-5, ,55, ,
0, ,54, ,
-1, ,55, ,
1, ,55, ,
-2, ,54, ,
1, ,56, ,
3, ,54, ,
-5, ,55, ,
-9, ,55, ,
-1, ,56, ,
-4, ,53, ,
-1, ,56, ,
-1, ,54, ,
-1, ,54, ,
-2, ,55, ,
-4, ,55, ,
-2, ,53, ,
1, ,56, ,
3, ,54, ,
4, ,55, ,
3, ,55, ,
8, ,55, ,
4, ,54, ,
1, ,55, ,
-2, ,54, ,
-1, ,54, ,
-1, ,55, ,
-1, ,55, ,
-6, ,54, ,
0, ,56, ,
5, ,54, ,
3, ,54, ,
-1, ,55, ,
4, ,55, ,
0, ,53, ,
3, ,56, ,
1, ,55, ,
4, ,55, ,
5, ,55, ,
8, ,55, ,
4, ,54, ,
3, ,56, ,
3, ,54, ,
0, ,54, ,
-4, ,55, ,
-1, ,55, ,
1, ,53, ,
1, ,56, ,
-2, ,55, ,
0, ,55, ,
1, ,55, ,
3, ,55, ,
-4, ,54, ,
-1, ,56, ,
3, ,54, ,
0, ,55, ,
0, ,55, ,
4, ,56, ,
1, ,53, ,
5, ,55, ,
0, ,54, ,
3, ,55, ,
3, ,55, ,
0, ,55, ,
-5, ,54, ,
-4, ,56, ,
-1, ,54, ,
0, ,55, ,
-2, ,55, ,
4, ,56, ,
3, ,54, ,
0, ,56, ,
-1, ,55, ,
0, ,55, ,
0, ,55, ,
1, ,56, ,
-1, ,54, ,
1, ,56, ,
3, ,54, ,
0, ,54, ,
-1, ,55, ,
4, ,56, ,
-1, ,53, ,
0, ,55, ,
0, ,54, ,
0, ,55, ,
3, ,55, ,
1, ,55, ,
-2, ,54, ,
3, ,56, ,
0, ,54, ,
1, ,55, ,
0, ,55, ,
3, ,55, ,
6, ,53, ,
5, ,56, ,
4, ,55, ,
5, ,55, ,
3, ,55, ,
3, ,55, ,
-2, ,54, ,
1, ,56, ,
3, ,55, ,
-1, ,54, ,
-2, ,55, ,
4, ,55, ,
3, ,53, ,
5, ,56, ,
3, ,55, ,
5, ,55, ,
6, ,55, ,
9, ,55, ,
3, ,54, ,
5, ,56, ,
6, ,54, ,
3, ,55, ,
1, ,55, ,
6, ,56, ,
5, ,53, ,
4, ,56, ,
1, ,55, ,
5, ,54, ,
6, ,55, ,
5, ,56, ,
1, ,54, ,
4, ,56, ,
4, ,54, ,
1, ,54, ,
-1, ,55, ,
3, ,55, ,
4, ,53, ,
4, ,56, ,
1, ,54, ,
5, ,55, ,
5, ,55, ,
4, ,55, ,
0, ,53, ,
3, ,56, ,
9, ,54, ,
-1, ,54, ,
0, ,56, ,
9, ,56, ,
5, ,53, ,
5, ,56, ,
3, ,55, ,
1, ,55, ,
3, ,55, ,
1, ,55, ,
-5, ,53, ,
3, ,56, ,
4, ,54, ,
0, ,54, ,
-4, ,55, ,
1, ,56, ,
4, ,53, ,
3, ,55, ,
3, ,54, ,
5, ,55, ,
6, ,55, ,
6, ,55, ,
3, ,54, ,
3, ,56, ,
1, ,55, ,
0, ,55, ,
-1, ,55, ,
0, ,56, ,
0, ,53, ,
-1, ,56, ,
-1, ,54, ,
5, ,54, ,
6, ,54, ,
4, ,55, ,
0, ,54, ,
1, ,56, ,
5, ,54, ,
1, ,55, ,
-1, ,55, ,
5, ,55, ,
3, ,53, ,
8, ,56, ,
3, ,55, ,
5, ,55, ,
4, ,55, ,
4, ,56, ,
-1, ,54, ,
3, ,56, ,
3, ,54, ,
3, ,55, ,
0, ,56, ,
6, ,56, ,
1, ,53, ,
1, ,56, ,
-2, ,54, ,
0, ,55, ,
1, ,55, ,
5, ,55, ,
0, ,54, ,
3, ,56, ,
4, ,54, ,
4, ,55, ,
-1, ,55, ,
3, ,56, ,
-2, ,54, ,
0, ,56, ,
0, ,55, ,
3, ,55, ,
1, ,55, ,
3, ,55, ,
-2, ,53, ,
3, ,56, ,
0, ,54, ,
-1, ,54, ,
-7, ,55, ,
1, ,55, ,
1, ,53, ,
0, ,56, ,
1, ,55, ,
3, ,55, ,
0, ,55, ,
3, ,55, ,
-6, ,54, ,
-1, ,56, ,
-1, ,54, ,
-4, ,55, ,
-4, ,55, ,
1, ,55, ,
-1, ,54, ,
0, ,56, ,
-2, ,55, ,
-1, ,54, ,
-1, ,55, ,
1, ,55, ,
-4, ,54, ,
-1, ,56, ,
4, ,55, ,
3, ,55, ,
-4, ,55, ,
0, ,55, ,
-4, ,53, ,
-2, ,56, ,
-6, ,55, ,
-1, ,55, ,
-1, ,55, ,
3, ,55, ,
-1, ,53, ,
3, ,56, ,
5, ,54, ,
3, ,55, ,
-5, ,55, ,
1, ,55, ,
-1, ,54, ,
3, ,56, ,
-1, ,55, ,
-1, ,55, ,
0, ,55, ,
0, ,55, ,
-2, ,54, ,
4, ,56, ,
1, ,54, ,
1, ,54, ,
-2, ,55, ,
4, ,55, ,
4, ,54, ,
-1, ,56, ,
-1, ,55, ,
-2, ,55, ,
-4, ,55, ,
-1, ,56, ,
-7, ,53, ,
-1, ,56, ,
1, ,54, ,
1, ,55, ,
-2, ,55, ,
1, ,55, ,
0, ,53, ,
0, ,56, ,
-2, ,55, ,
0, ,54, ,
1, ,55, ,
6, ,55, ,
-1, ,54, ,
3, ,56, ,
3, ,54, ,
-1, ,55, ,
-2, ,55, ,
0, ,55, ,
-2, ,54, ,
-2, ,56, ,
-4, ,55, ,
-2, ,55, ,
-4, ,55, ,
1, ,55, ,
-6, ,54, ,
1, ,56, ,
1, ,54, ,
-1, ,55, ,
-5, ,55, ,
0, ,55, ,
-4, ,54, ,
0, ,56, ,
-5, ,55, ,
0, ,54, ,
-2, ,55, ,
-2, ,55, ,
-6, ,54, ,
-1, ,56, ,
-2, ,55, ,
0, ,55, ,
-5, ,55, ,
0, ,55, ,
-1, ,53, ,
-1, ,56, ,
-5, ,55, ,
-1, ,55, ,
0, ,55, ,
5, ,54, ,
-4, ,46, ,
-2, ,37, ,
-2, ,27, ,
-2, ,18, ,
-6, ,11, ,
3, ,3, ,
-1, ,-2, ,
-2, ,-7, ,
-6, ,-11, ,
-7, ,-14, ,
-6, ,-18, ,
-5, ,-21, ,
-7, ,-23, ,
0, ,-25, ,
1, ,-27, ,
-1, ,-28, ,
-4, ,-30, ,
5, ,-31, ,
3, ,-32, ,
1, ,-33, ,
1, ,-35, ,
3, ,-35, ,
1, ,-35, ,
3, ,-36, ,
-1, ,-36, ,
1, ,-37, ,
3, ,-37, ,
0, ,-37, ,
-2, ,-37, ,
5, ,-37, ,
1, ,-37, ,
3, ,-38, ,
0, ,-38, ,
3, ,-38, ,
3, ,-38, ,
1, ,-38, ,
-1, ,-38, ,
1, ,-38, ,
4, ,-38, ,
0, ,-38, ,
1, ,-38, ,
5, ,-38, ,
3, ,-38, ,
1, ,-38, ,
-1, ,-39, ,
3, ,-38, ,
3, ,-38, ,
4, ,-38, ,
0, ,-38, ,
4, ,-39, ,
6, ,-38, ,
1, ,-38, ,
-1, ,-38, ,
3, ,-38, ,
3, ,-38, ,
3, ,-38, ,
1, ,-38, ,
3, ,-38, ,
4, ,-38, ,
3, ,-38, ,
-1, ,-38, ,
1, ,-38, ,
3, ,-38, ,
4, ,-38, ,
-1, ,-38, ,
5, ,-38, ,
6, ,-38, ,
4, ,-38, ,
3, ,-38, ,
4, ,-38, ,
4, ,-38, ,
3, ,-38, ,
-1, ,-38, ,
4, ,-38, ,
4, ,-38, ,
1, ,-38, ,
-2, ,-38, ,
5, ,-38, ,
5, ,-38, ,
8, ,-38, ,
5, ,-38, ,
8, ,-38, ,
5, ,-38, ,
6, ,-38, ,
1, ,-38, ,
5, ,-38, ,
5, ,-38, ,
1, ,-38, ,
0, ,-38, ,
4, ,-38, ,
4, ,-38, ,
1, ,-38, ,
-1, ,-38, ,
3, ,-38, ,
3, ,-38, ,
6, ,-38, ,
3, ,-38, ,
4, ,-38, ,
9, ,-38, ,
4, ,-38, ,
1, ,-38, ,
5, ,-38, ,
3, ,-38, ,
4, ,-38, ,
4, ,-38, ,
5, ,-38, ,
9, ,-38, ,
4, ,-38, ,
1, ,-38, ,
0, ,-38, ,
3, ,-38, ,
3, ,-38, ,
-1, ,-38, ,
5, ,-38, ,
5, ,-38, ,
3, ,-38, ,
0, ,-38, ,
3, ,-37, ,
3, ,-38, ,
4, ,-38, ,
3, ,-38, ,
4, ,-38, ,
5, ,-38, ,
5, ,-37, ,
4, ,-38, ,
4, ,-38, ,
1, ,-38, ,
1, ,-38, ,
1, ,-38, ,
1, ,-38, ,
4, ,-38, ,
1, ,-38, ,
-1, ,-38, ,
1, ,-38, ,
1, ,-38, ,
0, ,-38, ,
-5, ,-38, ,
0, ,-38, ,
1, ,-38, ,
1, ,-38, ,
0, ,-38, ,
1, ,-38, ,
4, ,-38, ,
5, ,-38, ,
0, ,-38, ,
3, ,-38, ,
-1, ,-38, ,
-4, ,-38, ,
-4, ,-38, ,
1, ,-38, ,
3, ,-38, ,
3, ,-38, ,
1, ,-38, ,
4, ,-38, ,
0, ,-38, ,
0, ,-38, ,
-4, ,-38, ,
0, ,-38, ,
4, ,-38, ,
5, ,-38, ,
4, ,-38, ,
4, ,-38, ,
1, ,-38, ,
1, ,-38, ,
1, ,-38, ,
3, ,-38, ,
4, ,-38, ,
3, ,-38, ,
-1, ,-38, ,
-1, ,-38, ,
4, ,-38, ,
3, ,-38, ,
-4, ,-38, ,
4, ,-38, ,
1, ,-38, ,
1, ,-37, ,
0, ,-38, ,
3, ,-38, ,
5, ,-38, ,
5, ,-37, ,
1, ,-37, ,
3, ,-38, ,
1, ,-38, ,
3, ,-38, ,
-2, ,-37, ,
0, ,-38, ,
3, ,-38, ,
0, ,-38, ,
-1, ,-38, ,
0, ,-38, ,
3, ,-38, ,
0, ,-38, ,
-6, ,-37, ,
0, ,-38, ,
-1, ,-38, ,
-1, ,-37, ,
-4, ,-38, ,
-1, ,-37, ,
0, ,-37, ,
-1, ,-38, ,
0, ,-38, ,
1, ,-38, ,
3, ,-38, ,
1, ,-37, ,
-4, ,-38, ,
-1, ,-38, ,
0, ,-38, ,
-1, ,-37, ,
-2, ,-37, ,
0, ,-38, ,
0, ,-38, ,
-1, ,-37, ,
-6, ,-38, ,
0, ,-37, ,
-4, ,-38, ,
-2, ,-38, ,
-1, ,-38, ,
3, ,-38, ,
5, ,-38, ,
0, ,-38, ,
-4, ,-38, ,
-2, ,-38, ,
-4, ,-38, ,
-1, ,-37, ,
-4, ,-38, ,
1, ,-38, ,
1, ,-38, ,
-1, ,-37, ,
-4, ,-38, ,
-1, ,-38, ,
0, ,-38, ,
-2, ,-37, ,
-6, ,-38, ,
0, ,-37, ,
-1, ,-38, ,
-2, ,-38, ,
-2, ,-38, ,
-1, ,-37, ,
-1, ,-38, ,
-1, ,-38, ,
-2, ,-38, ,
0, ,-38, ,
4, ,-38, ,
5, ,-38, ,
1, ,-38, ,
1, ,-38, ,
1, ,-37, ,
-2, ,-37, ,
-4, ,-38, ,
-2, ,-38, ,
-2, ,-38, ,
-4, ,-38, ,
-5, ,-38, ,
0, ,-38, ,
0, ,-37, ,
1, ,-38, ,
-1, ,-37, ,
3, ,-38, ,
3, ,-38, ,
0, ,-38, ,
1, ,-37, ,
1, ,-37, ,
-1, ,-38, ,
1, ,-37, ,
-5, ,-37, ,
1, ,-38, ,
4, ,-38, ,
-1, ,-37, ,
-2, ,-38, ,
3, ,-38, ,
1, ,-38, ,
-1, ,-37, ,
-2, ,-38, ,
3, ,-38, ,
1, ,-38, ,
-1, ,-37, ,
-5, ,-37, ,
6, ,-38, ,
0, ,-38, ,
-4, ,-38, ,
-2, ,-37, ,
-1, ,-37, ,
0, ,-37, ,
0, ,-38, ,
-1, ,-38, ,
0, ,-37, ,
-1, ,-38, ,
0, ,-38, ,
-6, ,-37, ,
-1, ,-38, ,
4, ,-38, ,
1, ,-37, ,
1, ,-38, ,
3, ,-38, ,
4, ,-37, ,
3, ,-38, ,
-2, ,-38, ,
-1, ,-37, ,
0, ,-37, ,
3, ,-38, ,
-2, ,-38, ,
3, ,-38, ,
4, ,-38, ,
5, ,-37, ,
-1, ,-37, ,
5, ,-37, ,
5, ,-38, ,
1, ,-38, ,
0, ,-38, ,
4, ,-37, ,
1, ,-38, ,
3, ,-38, ,
-2, ,-37, ,
1, ,-38, ,
3, ,-38, ,
1, ,-37, ,
0, ,-37, ,
5, ,-37, ,
5, ,-38, ,
5, ,-38, ,
5, ,-38, ,
4, ,-38, ,
6, ,-37, ,
6, ,-38, ,
0, ,-38, ,
4, ,-38, ,
5, ,-38, ,
4, ,-37, ,
1, ,-37, ,
4, ,-38, ,
3, ,-38, ,
1, ,-37, ,
0, ,-38, ,
1, ,-37, ,
-1, ,-38, ,
5, ,-38, ,
1, ,-37, ,
5, ,-38, ,
9, ,-37, ,
8, ,-38, ,
5, ,-38, ,
8, ,-37, ,
5, ,-38, ,
5, ,-38, ,
1, ,-38, ,
4, ,-37, ,
3, ,-37, ,
0, ,-38, ,
-5, ,-37, ,
1, ,-38, ,
3, ,-38, ,
5, ,-37, ,
-1, ,-37, ,
4, ,-37, ,
0, ,-38, ,
0, ,-38, ,
-1, ,-38, ,
5, ,-37, ,
4, ,-38, ,
3, ,-37, ,
0, ,-37, ,
-1, ,-38, ,
3, ,-38, ,
0, ,-38, ,
1, ,-38, ,
5, ,-38, ,
4, ,-38, ,
3, ,-38, ,
1, ,-38, ,
-2, ,-38, ,
-1, ,-38, ,
0, ,-37, ,
-5, ,-38, ,
-1, ,-38, ,
0, ,-38, ,
6, ,-38, ,
1, ,-38, ,
6, ,-37, ,
11, ,-38, ,
4, ,-38, ,
5, ,-38, ,
8, ,-37, ,
5, ,-38, ,
8, ,-38, ,
1, ,-37, ,
9, ,-38, ,
10, ,-38, ,
4, ,-37, ,
0, ,-38, ,
4, ,-37, ,
1, ,-38, ,
1, ,-38, ,
0, ,-38, ,
3, ,-38, ,
8, ,-37, ,
6, ,-38, ,
1, ,-37, ,
1, ,-38, ,
0, ,-38, ,
-2, ,-37, ,
-5, ,-38, ,
-2, ,-38, ,
0, ,-38, ,
4, ,-37, ,
0, ,-37, ,
3, ,-37, ,
3, ,-38, ,
1, ,-38, ,
-2, ,-37, ,
0, ,-38, ,
4, ,-38, ,
1, ,-37, ,
-1, ,-38, ,
4, ,-37, ,
4, ,-38, ,
4, ,-38, ,
1, ,-38, ,
1, ,-37, ,
3, ,-38, ,
4, ,-38, ,
1, ,-38, ,
4, ,-38, ,
6, ,-38, ,
5, ,-37, ,
4, ,-38, ,
10, ,-37, ,
0, ,-38, ,
-1, ,-38, ,
-7, ,-38, ,
-1, ,-37, ,
3, ,-37, ,
0, ,-37, ,
-2, ,-37, ,
1, ,-38, ,
-1, ,-38, ,
1, ,-37, ,
-4, ,-38, ,
1, ,-38, ,
4, ,-38, ,
5, ,-37, ,
5, ,-38, ,
5, ,-38, ,
5, ,-38, ,
3, ,-37, ,
-5, ,-38, ,
1, ,-38, ,
3, ,-38, ,
-1, ,-38, ,
-2, ,-37, ,
1, ,-38, ,
3, ,-38, ,
-1, ,-37, ,
-1, ,-38, ,
0, ,-37, ,
-1, ,-37, ,
0, ,-38, ,
-4, ,-37, ,
-4, ,-38, ,
1, ,-38, ,
-5, ,-37, ,
-2, ,-37, ,
-1, ,-37, ,
-4, ,-38, ,
-1, ,-37, ,
-6, ,-37, ,
-2, ,-38, ,
0, ,-37, ,
0, ,-37, ,
1, ,-38, ,
3, ,-37, ,
3, ,-38, ,
0, ,-38, ,
-6, ,-37, ,
0, ,-38, ,
-4, ,-38, ,
-1, ,-38, ,
-1, ,-38, ,
0, ,-37, ,
3, ,-38, ,
6, ,-38, ,
4, ,-38, ,
8, ,-38, ,
8, ,-38, ,
4, ,-37, ,
3, ,-37, ,
4, ,-38, ,
3, ,-38, ,
4, ,-38, ,
4, ,-37, ,
1, ,-38, ,
1, ,-38, ,
0, ,-38, ,
-4, ,-38, ,
0, ,-38, ,
1, ,-38, ,
1, ,-38, ,
-1, ,-38, ,
1, ,-38, ,
3, ,-38, ,
0, ,-38, ,
0, ,-38, ,
1, ,-37, ,
1, ,-38, ,
3, ,-38, ,
-2, ,-37, ,
3, ,-38, ,
4, ,-38, ,
3, ,-37, ,
0, ,-37, ,
1, ,-38, ,
1, ,-38, ,
1, ,-38, ,
-1, ,-38, ,
1, ,-38, ,
3, ,-38, ,
5, ,-38, ,
0, ,-38, ,
4, ,-38, ,
4, ,-37, ,
0, ,-37, ,
-2, ,-37, ,
-2, ,-38, ,
-4, ,-38, ,
-4, ,-37, ,
-5, ,-38, ,
-2, ,-37, ,
-2, ,-38, ,
0, ,-38, ,
-6, ,-38, ,
-1, ,-38, ,
1, ,-37, ,
-4, ,-37, ,
-6, ,-38, ,
-1, ,-38, ,
-2, ,-37, ,
-4, ,-38, ,
-7, ,-38, ,
-7, ,-38, ,
-2, ,-38, ,
-2, ,-38, ,
-4, ,-37, ,
4, ,-38, ,
4, ,-38, ,
4, ,-38, ,
0, ,-38, ,
5, ,-38, ,
4, ,-38, ,
4, ,-38, ,
1, ,-38, ,
3, ,-37, ,
5, ,-37, ,
4, ,-38, ,
-2, ,-37, ,
3, ,-38, ,
5, ,-38, ,
3, ,-37, ,
3, ,-38, ,
4, ,-38, ,
4, ,-37, ,
5, ,-38, ,
4, ,-38, ,
5, ,-37, ,
5, ,-38, ,
6, ,-37, ,
4, ,-38, ,
3, ,-38, ,
5, ,-37, ,
0, ,-38, ,
-1, ,-38, ,
0, ,-38, ,
1, ,-38, ,
-2, ,-38, ,
-2, ,-38, ,
-2, ,-37, ,
-1, ,-37, ,
-2, ,-38, ,
-6, ,-37, ,
-2, ,-38, ,
1, ,-38, ,
-2, ,-37, ,
-1, ,-38, ,
3, ,-38, ,
1, ,-38, ,
3, ,-37, ,
1, ,-38, ,
3, ,-38, ,
5, ,-38, ,
5, ,-38, ,
3, ,-38, ,
4, ,-38, ,
5, ,-38, ,
4, ,-38, ,
4, ,-38, ,
6, ,-38, ,
5, ,-38, ,
4, ,-38, ,
0, ,-38, ,
0, ,-37, ,
4, ,-38, ,
4, ,-38, ,
0, ,-37, ,
5, ,-38, ,
4, ,-38, ,
0, ,-37, ,
-2, ,-38, ,
-1, ,-38, ,
-2, ,-38, ,
-2, ,-38, ,
-2, ,-38, ,
-2, ,-38, ,
-1, ,-38, ,
0, ,-37, ,
-5, ,-38, ,
-2, ,-38, ,
0, ,-38, ,
0, ,-38, ,
0, ,-37, ,
8, ,-38, ,
6, ,-38, ,
6, ,-38, ,
4, ,-38, ,
5, ,-38, ,
4, ,-38, ,
6, ,-38, ,
-1, ,-37, ,
3, ,-38, ,
10, ,-37, ,
6, ,-37, ,
1, ,-38, ,
8, ,-37, ,
4, ,-37, ,
0, ,-38, ,
1, ,-38, ,
-1, ,-38, ,
0, ,-38, ,
-1, ,-38, ,
-5, ,-37, ,
-2, ,-38, ,
-1, ,-38, ,
-1, ,-38, ,
-6, ,-38, ,
1, ,-37, ,
-2, ,-38, ,
-1, ,-38, ,
-2, ,-38, ,
-1, ,-37, ,
3, ,-38, ,
-1, ,-38, ,
-4, ,-37, ,
0, ,-38, ,
4, ,-38, ,
0, ,-37, ,
-5, ,-38, ,
0, ,-38, ,
-2, ,-38, ,
4, ,-38, ,
6, ,-38, ,
8, ,-38, ,
11, ,-37, ,
8, ,-37, ,
4, ,-38, ,
6, ,-38, ,
8, ,-38, ,
6, ,-38, ,
6, ,-38, ,
13, ,-38, ,
11, ,-38, ,
8, ,-38, ,
4, ,-38, ,
-1, ,-37, ,
-5, ,-38, ,
-4, ,-38, ,
-10, ,-38, ,
-1, ,-38, ,
0, ,-38, ,
0, ,-37, ,
-2, ,-38, ,
-2, ,-38, ,
-4, ,-38, ,
-2, ,-38, ,
-1, ,-38, ,
-2, ,-38, ,
-1, ,-38, ,
1, ,-37, ,
-5, ,-37, ,
-4, ,-38, ,
-4, ,-37, ,
-7, ,-37, ,
-10, ,-38, ,
-5, ,-37, ,
0, ,-38, ,
0, ,-38, ,
-2, ,-38, ,
1, ,-37, ,
4, ,-38, ,
6, ,-38, ,
4, ,-37, ,
5, ,-38, ,
8, ,-38, ,
3, ,-37, ,
4, ,-38, ,
10, ,-38, ,
6, ,-38, ,
10, ,-37, ,
6, ,-38, ,
6, ,-38, ,
4, ,-38, ,
1, ,-38, ,
-2, ,-38, ,
-1, ,-38, ,
0, ,-38, ,
-2, ,-38, ,
-4, ,-38, ,
-1, ,-38, ,
-1, ,-38, ,
-2, ,-38, ,
-5, ,-38, ,
-4, ,-38, ,
-4, ,-38, ,
0, ,-38, ,
-4, ,-37, ,
0, ,-38, ,
0, ,-38, ,
-4, ,-37, ,
-5, ,-38, ,
0, ,-38, ,
-2, ,-38, ,
-4, ,-38, ,
-1, ,-38, ,
1, ,-38, ,
-2, ,-37, ,
4, ,-38, ,
5, ,-38, ,
1, ,-38, ,
5, ,-38, ,
3, ,-37, ,
-5, ,-38, ,
0, ,-37, ,
-4, ,-38, ,
-9, ,-38, ,
-9, ,-38, ,
-11, ,-38, ,
-12, ,-38, ,
-10, ,-38, ,
-15, ,-38, ,
-7, ,-38, ,
-2, ,-38, ,
-4, ,-37, ,
-1, ,-38, ,
6, ,-38, ,
10, ,-38, ,
9, ,-38, ,
4, ,-38, ,
5, ,-38, ,
5, ,-38, ,
0, ,-37, ,
-4, ,-38, ,
-2, ,-38, ,
-1, ,-38, ,
-2, ,-38, ,
-4, ,-38, ,
1, ,-38, ,
-2, ,-38, ,
1, ,-38, ,
3, ,-38, ,
0, ,-37, ,
3, ,-38, ,
3, ,-38, ,
3, ,-37, ,
4, ,-38, ,
8, ,-38, ,
4, ,-37, ,
0, ,-38, ,
4, ,-38, ,
0, ,-38, ,
5, ,-38, ,
3, ,-38, ,
4, ,-38, ,
5, ,-38, ,
3, ,-38, ,
-5, ,-36, ,
1, ,-30, ,
4, ,-20, ,
3, ,-10, ,
3, ,-1, ,
5, ,7, ,
3, ,14, ,
0, ,19, ,
0, ,25, ,
0, ,29, ,
4, ,33, ,
4, ,36, ,
-4, ,37, ,
-1, ,41, ,
0, ,42, ,
-1, ,45, ,
-5, ,47, ,
0, ,48, ,
1, ,48, ,
1, ,50, ,
3, ,51, ,
3, ,51, ,
4, ,52, ,
5, ,53, ,
5, ,52, ,
9, ,54, ,
10, ,54, ,
10, ,54, ,
5, ,55, ,
8, ,55, ,
5, ,53, ,
4, ,56, ,
1, ,55, ,
4, ,55, ,
3, ,55, ,
8, ,56, ,
4, ,54, ,
6, ,56, ,
5, ,54, ,
3, ,55, ,
-1, ,56, ,
1, ,56, ,
-1, ,54, ,
1, ,56, ,
-2, ,55, ,
0, ,55, ,
0, ,56, ,
0, ,56, ,
-6, ,54, ,
0, ,56, ,
3, ,55, ,
3, ,55, ,
-2, ,56, ,
1, ,56, ,
1, ,54, ,
3, ,56, ,
1, ,55, ,
1, ,56, ,
4, ,55, ,
6, ,56, ,
1, ,54, ,
8, ,56, ,
10, ,54, ,
9, ,55, ,
6, ,56, ,
11, ,56, ,
8, ,54, ,
5, ,55, ,
0, ,56, ,
4, ,55, ,
5, ,55, ,
6, ,56, ,
1, ,54, ,
6, ,56, ,
4, ,55, ,
5, ,55, ,
1, ,55, ,
3, ,56, ,
6, ,54, ,
4, ,56, ,
3, ,55, ,
4, ,55, ,
1, ,55, ,
6, ,56, ,
-1, ,54, ,
4, ,56, ,
4, ,54, ,
1, ,55, ,
-2, ,55, ,
1, ,56, ,
0, ,54, ,
3, ,56, ,
-1, ,55, ,
5, ,55, ,
4, ,55, ,
4, ,56, ,
-1, ,54, ,
3, ,56, ,
4, ,54, ,
1, ,55, ,
1, ,56, ,
5, ,55, ,
5, ,54, ,
5, ,56, ,
1, ,55, ,
5, ,55, ,
1, ,55, ,
5, ,55, ,
1, ,54, ,
6, ,56, ,
5, ,54, ,
5, ,55, ,
0, ,56, ,
4, ,55, ,
-2, ,54, ,
-1, ,56, ,
-4, ,55, ,
-2, ,55, ,
-2, ,55, ,
3, ,56, ,
-2, ,54, ,
3, ,56, ,
4, ,54, ,
3, ,54, ,
-1, ,55, ,
4, ,55, ,
1, ,54, ,
1, ,56, ,
-2, ,54, ,
0, ,55, ,
-2, ,55, ,
3, ,56, ,
-6, ,54, ,
0, ,56, ,
3, ,54, ,
3, ,55, ,
1, ,55, ,
9, ,55, ,
8, ,53, ,
9, ,56, ,
6, ,54, ,
8, ,55, ,
6, ,55, ,
6, ,56, ,
1, ,54, ,
6, ,56, ,
4, ,54, ,
4, ,55, ,
0, ,55, ,
4, ,56, ,
3, ,53, ,
1, ,56, ,
-2, ,55, ,
1, ,55, ,
-1, ,55, ,
3, ,55, ,
-1, ,54, ,
1, ,56, ,
4, ,54, ,
1, ,55, ,
0, ,55, ,
3, ,55, ,
1, ,54, ,
4, ,56, ,
4, ,55, ,
8, ,55, ,
8, ,55, ,
8, ,55, ,
4, ,53, ,
5, ,56, ,
6, ,54, ,
4, ,55, ,
-1, ,55, ,
6, ,55, ,
6, ,53, ,
8, ,56, ,
4, ,55, ,
6, ,55, ,
3, ,55, ,
4, ,55, ,
-2, ,53, ,
1, ,56, ,
4, ,55, ,
4, ,55, ,
0, ,55, ,
5, ,56, ,
1, ,53, ,
1, ,56, ,
3, ,54, ,
0, ,54, ,
-2, ,54, ,
3, ,55, ,
-6, ,53, ,
1, ,56, ,
1, ,54, ,
4, ,55, ,
-1, ,55, ,
4, ,55, ,
0, ,53, ,
-1, ,56, ,
-4, ,56, ,
-2, ,55, ,
-2, ,54, ,
5, ,55, ,
-4, ,53, ,
1, ,56, ,
1, ,54, ,
-2, ,55, ,
-7, ,55, ,
-2, ,56, ,
-2, ,53, ,
3, ,56, ,
0, ,55, ,
3, ,55, ,
3, ,55, ,
1, ,56, ,
-5, ,54, ,
1, ,56, ,
4, ,55, ,
1, ,54, ,
-2, ,55, ,
4, ,55, ,
3, ,53, ,
4, ,55, ,
1, ,54, ,
3, ,55, ,
0, ,55, ,
3, ,55, ,
-6, ,53, ,
-2, ,56, ,
-2, ,54, ,
-5, ,55, ,
-9, ,55, ,
-4, ,56, ,
-5, ,53, ,
-2, ,56, ,
-6, ,55, ,
-4, ,55, ,
0, ,55, ,
1, ,55, ,
-4, ,53, ,
1, ,56, ,
-1, ,55, ,
1, ,55, ,
-5, ,55, ,
1, ,55, ,
0, ,53, ,
0, ,55, ,
-1, ,54, ,
-1, ,54, ,
-1, ,55, ,
4, ,55, ,
-4, ,53, ,
-1, ,56, ,
-1, ,54, ,
-2, ,55, ,
-5, ,55, ,
-1, ,55, ,
-2, ,53, ,
0, ,56, ,
-2, ,55, ,
0, ,54, ,
0, ,55, ,
-1, ,55, ,
-9, ,53, ,
-4, ,56, ,
-5, ,54, ,
-7, ,54, ,
-10, ,55, ,
-2, ,56, ,
-5, ,53, ,
-4, ,56, ,
-7, ,54, ,
-2, ,55, ,
-5, ,55, ,
-1, ,55, ,
-6, ,54, ,
0, ,56, ,
-1, ,54, ,
-5, ,55, ,
-5, ,55, ,
-2, ,55, ,
-5, ,54, ,
-2, ,56, ,
-4, ,55, ,
-4, ,55, ,
-4, ,55, ,
0, ,55, ,
-4, ,53, ,
-1, ,56, ,
0, ,54, ,
-2, ,55, ,
-6, ,55, ,
-1, ,56, ,
-5, ,53, ,
-2, ,56, ,
-1, ,55, ,
0, ,55, ,
1, ,55, ,
3, ,55, ,
1, ,53, ,
1, ,56, ,
0, ,54, ,
-1, ,55, ,
-6, ,55, ,
1, ,56, ,
-2, ,53, ,
-2, ,55, ,
-2, ,54, ,
-2, ,54, ,
-1, ,55, ,
-1, ,55, ,
-6, ,54, ,
-2, ,55, ,
-1, ,54, ,
0, ,55, ,
-4, ,56, ,
1, ,56, ,
0, ,53, ,
1, ,56, ,
-1, ,55, ,
3, ,55, ,
-1, ,55, ,
3, ,55, ,
-1, ,54, ,
3, ,56, ,
1, ,54, ,
3, ,55, ,
-1, ,55, ,
1, ,56, ,
0, ,53, ,
1, ,56, ,
-1, ,55, ,
4, ,54, ,
6, ,55, ,
9, ,55, ,
-1, ,53, ,
0, ,56, ,
1, ,54, ,
1, ,55, ,
-1, ,55, ,
5, ,55, ,
3, ,54, ,
1, ,56, ,
-2, ,55, ,
1, ,55, ,
0, ,55, ,
3, ,55, ,
-1, ,54, ,
0, ,56, ,
0, ,54, ,
-4, ,54, ,
-6, ,56, ,
1, ,55, ,
-1, ,54, ,
4, ,55, ,
1, ,55, ,
4, ,54, ,
3, ,55, ,
5, ,55, ,
4, ,53, ,
9, ,56, ,
11, ,54, ,
13, ,55, ,
4, ,55, ,
10, ,56, ,
5, ,53, ,
3, ,56, ,
1, ,55, ,
4, ,54, ,
5, ,55, ,
10, ,56, ,
4, ,53, ,
8, ,56, ,
11, ,54, ,
13, ,55, ,
6, ,55, ,
5, ,55, ,
5, ,53, ,
6, ,56, ,
4, ,54, ,
8, ,55, ,
9, ,55, ,
14, ,55, ,
8, ,54, ,
8, ,56, ,
4, ,54, ,
3, ,55, ,
0, ,55, ,
4, ,55, ,
5, ,53, ,
6, ,56, ,
4, ,54, ,
5, ,55, ,
1, ,55, ,
5, ,55, ,
0, ,53, ,
6, ,56, ,
11, ,54, ,
9, ,55, ,
6, ,55, ,
11, ,56, ,
5, ,53, ,
3, ,55, ,
-1, ,55, ,
5, ,55, ,
-4, ,55, ,
6, ,55, ,
8, ,54, ,
8, ,56, ,
9, ,54, ,
4, ,54, ,
4, ,55, ,
8, ,55, ,
3, ,53, ,
5, ,56, ,
3, ,55, ,
4, ,55, ,
3, ,55, ,
5, ,55, ,
3, ,53, ,
5, ,56, ,
3, ,54, ,
0, ,55, ,
-2, ,55, ,
5, ,55, ,
1, ,53, ,
4, ,55, ,
1, ,55, ,
3, ,55, ,
3, ,55, ,
4, ,55, ,
-2, ,53, ,
3, ,56, ,
1, ,54, ,
6, ,54, ,
5, ,55, ,
13, ,55, ,
3, ,53, ,
3, ,55, ,
3, ,54, ,
5, ,55, ,
3, ,55, ,
5, ,55, ,
-2, ,54, ,
4, ,56, ,
3, ,54, ,
1, ,55, ,
4, ,55, ,
4, ,55, ,
4, ,53, ,
5, ,56, ,
-1, ,55, ,
1, ,54, ,
1, ,55, ,
4, ,55, ,
-2, ,54, ,
1, ,56, ,
4, ,54, ,
3, ,54, ,
-4, ,55, ,
4, ,55, ,
1, ,54, ,
-1, ,56, ,
-2, ,55, ,
4, ,54, ,
1, ,55, ,
4, ,55, ,
-1, ,53, ,
3, ,56, ,
1, ,54, ,
0, ,54, ,
-6, ,55, ,
3, ,55, ,
-1, ,53, ,
3, ,56, ,
1, ,55, ,
0, ,55, ,
3, ,55, ,
3, ,55, ,
-4, ,54, ,
3, ,56, ,
1, ,55, ,
3, ,55, ,
-4, ,55, ,
4, ,55, ,
1, ,53, ,
-1, ,55, ,
-4, ,54, ,
-4, ,55, ,
-5, ,55, ,
-4, ,55, ,
-7, ,54, ,
-1, ,55, ,
0, ,54, ,
-2, ,55, ,
-4, ,55, ,
-1, ,55, ,
-4, ,54, ,
-2, ,55, ,
-7, ,55, ,
-2, ,55, ,
-1, ,55, ,
0, ,55, ,
-10, ,53, ,
-4, ,56, ,
-2, ,54, ,
-6, ,54, ,
-10, ,55, ,
-4, ,55, ,
1, ,53, ,
-4, ,56, ,
-2, ,55, ,
-5, ,54, ,
1, ,55, ,
4, ,55, ,
-5, ,54, ,
1, ,56, ,
1, ,54, ,
-6, ,55, ,
-5, ,55, ,
0, ,56, ,
-5, ,53, ,
-2, ,56, ,
-5, ,54, ,
-2, ,55, ,
0, ,55, ,
-2, ,55, ,
-6, ,54, ,
-2, ,56, ,
0, ,54, ,
-1, ,55, ,
-9, ,55, ,
-1, ,55, ,
-2, ,53, ,
-4, ,56, ,
-5, ,55, ,
-5, ,55, ,
-2, ,55, ,
1, ,55, ,
-5, ,54, ,
0, ,56, ,
0, ,54, ,
-2, ,55, ,
-6, ,55, ,
3, ,56, ,
-4, ,53, ,
-2, ,56, ,
-2, ,54, ,
0, ,54, ,
1, ,55, ,
3, ,55, ,
-6, ,53, ,
1, ,56, ,
-1, ,54, ,
-2, ,55, ,
-5, ,55, ,
-1, ,55, ,
0, ,53, ,
-1, ,56, ,
-4, ,54, ,
0, ,54, ,
-1, ,55, ,
0, ,55, ,
-6, ,53, ,
-4, ,56, ,
-2, ,54, ,
-5, ,55, ,
-7, ,55, ,
-1, ,55, ,
-2, ,53, ,
0, ,55, ,
0, ,54, ,
1, ,55, ,
1, ,55, ,
3, ,55, ,
-4, ,54, ,
1, ,56, ,
1, ,54, ,
0, ,55, ,
-5, ,56, ,
3, ,55, ,
0, ,53, ,
0, ,56, ,
-2, ,54, ,
1, ,55, ,
4, ,55, ,
4, ,56, ,
-1, ,53, ,
1, ,56, ,
1, ,54, ,
0, ,55, ,
-7, ,55, ,
1, ,55, ,
-4, ,53, ,
0, ,56, ,
3, ,54, ,
3, ,54, ,
5, ,55, ,
5, ,55, ,
1, ,54, ,
4, ,56, ,
3, ,54, ,
3, ,54, ,
-1, ,55, ,
5, ,56, ,
5, ,53, ,
3, ,56, ,
1, ,55, ,
1, ,54, ,
0, ,55, ,
3, ,55, ,
-1, ,54, ,
3, ,56, ,
4, ,54, ,
3, ,55, ,
1, ,55, ,
5, ,55, ,
3, ,53, ,
4, ,56, ,
4, ,55, ,
6, ,55, ,
4, ,55, ,
5, ,55, ,
3, ,54, ,
6, ,56, ,
5, ,54, ,
4, ,55, ,
-1, ,55, ,
1, ,56, ,
0, ,54, ,
3, ,56, ,
3, ,54, ,
8, ,55, ,
6, ,55, ,
8, ,55, ,
4, ,54, ,
8, ,56, ,
5, ,54, ,
1, ,55, ,
0, ,55, ,
4, ,56, ,
1, ,54, ,
4, ,56, ,
0, ,54, ,
4, ,55, ,
4, ,55, ,
5, ,55, ,
0, ,54, ,
3, ,56, ,
3, ,54, ,
3, ,55, ,
1, ,55, ,
10, ,55, ,
5, ,53, ,
6, ,56, ,
3, ,55, ,
1, ,54, ,
3, ,55, ,
6, ,55, ,
0, ,53, ,
6, ,56, ,
6, ,54, ,
9, ,54, ,
3, ,55, ,
6, ,55, ,
3, ,53, ,
3, ,55, ,
3, ,54, ,
3, ,54, ,
5, ,55, ,
8, ,55, ,
3, ,53, ,
10, ,56, ,
6, ,54, ,
8, ,55, ,
3, ,55, ,
8, ,56, ,
6, ,53, ,
5, ,55, ,
4, ,55, ,
4, ,55, ,
5, ,55, ,
9, ,55, ,
1, ,53, ,
5, ,56, ,
3, ,54, ,
3, ,55, ,
3, ,55, ,
8, ,56, ,
8, ,53, ,
10, ,56, ,
4, ,55, ,
6, ,54, ,
4, ,55, ,
4, ,55, ,
-1, ,53, ,
4, ,56, ,
5, ,54, ,
5, ,55, ,
4, ,55, ,
6, ,55, ,
5, ,53, ,
4, ,55, ,
0, ,55, ,
4, ,54, ,
1, ,55, ,
5, ,55, ,
1, ,53, ,
3, ,56, ,
4, ,54, ,
4, ,55, ,
-2, ,55, ,
5, ,56, ,
-1, ,53, ,
1, ,55, ,
-1, ,55, ,
-1, ,55, ,
3, ,55, ,
6, ,55, ,
-1, ,53, ,
4, ,56, ,
3, ,54, ,
3, ,55, ,
-4, ,55, ,
4, ,55, ,
-1, ,53, ,
-1, ,56, ,
1, ,54, ,
-1, ,54, ,
-2, ,55, ,
1, ,55, ,
-6, ,53, ,
1, ,56, ,
3, ,54, ,
4, ,55, ,
3, ,55, ,
6, ,56, ,
5, ,53, ,
3, ,55, ,
3, ,55, ,
0, ,54, ,
-1, ,55, ,
3, ,55, ,
-5, ,53, ,
-1, ,56, ,
-1, ,54, ,
0, ,55, ,
-2, ,55, ,
1, ,55, ,
0, ,53, ,
1, ,56, ,
-1, ,55, ,
3, ,54, ,
0, ,55, ,
1, ,56, ,
-1, ,53, ,
3, ,56, ,
4, ,55, ,
1, ,55, ,
-4, ,56, ,
3, ,56, ,
-2, ,54, ,
-1, ,56, ,
-1, ,54, ,
1, ,55, ,
3, ,55, ,
4, ,55, ,
1, ,53, ,
3, ,56, ,
1, ,55, ,
-1, ,55, ,
-2, ,55, ,
4, ,55, ,
1, ,53, ,
1, ,56, ,
-1, ,55, ,
1, ,55, ,
-1, ,55, ,
-2, ,55, ,
-7, ,54, ,
0, ,56, ,
1, ,51, ,
-4, ,42, ,
-5, ,33, ,
-4, ,22, ,
-7, ,14, ,
-6, ,7, ,
-7, ,1, ,
-6, ,-5, ,
-5, ,-9, ,
-6, ,-13, ,
-12, ,-17, ,
-7, ,-20, ,
-4, ,-23, ,
-2, ,-24, ,
-5, ,-26, ,
-4, ,-28, ,
-4, ,-29, ,
-7, ,-30, ,
-6, ,-32, ,
-4, ,-32, ,
-5, ,-33, ,
-2, ,-35, ,
-6, ,-35, ,
-4, ,-36, ,
-4, ,-36, ,
-6, ,-36, ,
-9, ,-37, ,
-4, ,-37, ,
-2, ,-37, ,
-1, ,-37, ,
-5, ,-38, ,
-1, ,-38, ,
0, ,-38, ,
0, ,-38, ,
-6, ,-38, ,
-4, ,-38, ,
-2, ,-38, ,
-1, ,-38, ,
-6, ,-38, ,
0, ,-38, ,
0, ,-38, ,
3, ,-38, ,
-2, ,-38, ,
1, ,-38, ,
-4, ,-38, ,
-2, ,-38, ,
-2, ,-38, ,
-2, ,-38, ,
0, ,-38, ,
-1, ,-38, ,
-2, ,-38, ,
4, ,-38, ,
1, ,-38, ,
3, ,-38, ,
-1, ,-38, ,
0, ,-38, ,
5, ,-38, ,
5, ,-38, ,
1, ,-38, ,
5, ,-38, ,
3, ,-38, ,
1, ,-38, ,
-6, ,-38, ,
-2, ,-38, ,
0, ,-38, ,
-4, ,-38, ,
-1, ,-38, ,
0, ,-38, ,
-4, ,-38, ,
-1, ,-38, ,
-4, ,-37, ,
3, ,-38, ,
4, ,-38, ,
1, ,-38, ,
0, ,-38, ,
3, ,-38, ,
8, ,-38, ,
4, ,-38, ,
-2, ,-38, ,
8, ,-38, ,
4, ,-38, ,
3, ,-38, ,
-4, ,-38, ,
0, ,-38, ,
-1, ,-38, ,
-5, ,-38, ,
-7, ,-38, ,
0, ,-38, ,
1, ,-38, ,
1, ,-38, ,
0, ,-38, ,
1, ,-38, ,
4, ,-38, ,
5, ,-38, ,
1, ,-38, ,
3, ,-38, ,
6, ,-38, ,
4, ,-38, ,
1, ,-38, ,
4, ,-38, ,
-4, ,-38, ,
-5, ,-38, ,
-2, ,-38, ,
1, ,-38, ,
1, ,-38, ,
3, ,-38, ,
-2, ,-38, ,
0, ,-38, ,
4, ,-38, ,
-1, ,-38, ,
-5, ,-38, ,
3, ,-38, ,
-2, ,-38, ,
3, ,-38, ,
3, ,-38, ,
3, ,-37, ,
6, ,-38, ,
6, ,-38, ,
-1, ,-38, ,
1, ,-38, ,
3, ,-38, ,
1, ,-37, ,
-1, ,-38, ,
3, ,-38, ,
4, ,-38, ,
1, ,-38, ,
-1, ,-38, ,
1, ,-38, ,
4, ,-38, ,
4, ,-38, ,
3, ,-38, ,
3, ,-38, ,
5, ,-38, ,
6, ,-38, ,
1, ,-38, ,
6, ,-38, ,
4, ,-38, ,
3, ,-38, ,
1, ,-38, ,
3, ,-38, ,
1, ,-38, ,
6, ,-38, ,
0, ,-38, ,
1, ,-38, ,
6, ,-38, ,
3, ,-37, ,
1, ,-38, ,
3, ,-38, ,
3, ,-38, ,
4, ,-38, ,
3, ,-38, ,
3, ,-38, ,
5, ,-38, ,
6, ,-38, ,
3, ,-38, ,
3, ,-38, ,
3, ,-38, ,
0, ,-37, ,
-1, ,-38, ,
3, ,-38, ,
0, ,-38, ,
3, ,-38, ,
3, ,-38, ,
3, ,-37, ,
4, ,-38, ,
3, ,-38, ,
0, ,-37, ,
1, ,-38, ,
5, ,-38, ,
3, ,-38, ,
0, ,-38, ,
4, ,-38, ,
1, ,-38, ,
4, ,-38, ,
-1, ,-38, ,
1, ,-37, ,
3, ,-37, ,
1, ,-38, ,
0, ,-38, ,
4, ,-38, ,
5, ,-38, ,
5, ,-38, ,
-1, ,-38, ,
3, ,-38, ,
0, ,-38, ,
-2, ,-37, ,
-1, ,-38, ,
-1, ,-37, ,
3, ,-38, ,
4, ,-38, ,
0, ,-37, ,
5, ,-38, ,
6, ,-38, ,
4, ,-38, ,
1, ,-37, ,
5, ,-37, ,
5, ,-38, ,
5, ,-38, ,
4, ,-38, ,
4, ,-37, ,
5, ,-37, ,
4, ,-37, ,
-2, ,-38, ,
1, ,-38, ,
3, ,-38, ,
0, ,-37, ,
0, ,-37, ,
6, ,-38, ,
5, ,-38, ,
5, ,-38, ,
3, ,-38, ,
3, ,-37, ,
4, ,-38, ,
5, ,-37, ,
1, ,-37, ,
3, ,-38, ,
6, ,-38, ,
0, ,-37, ,
-2, ,-38, ,
3, ,-38, ,
-1, ,-37, ,
1, ,-38, ,
-4, ,-38, ,
0, ,-38, ,
1, ,-38, ,
3, ,-37, ,
-1, ,-38, ,
4, ,-38, ,
6, ,-38, ,
4, ,-37, ,
0, ,-37, ,
4, ,-38, ,
1, ,-38, ,
4, ,-38, ,
0, ,-38, ,
1, ,-37, ,
1, ,-38, ,
1, ,-37, ,
-1, ,-38, ,
1, ,-38, ,
3, ,-38, ,
0, ,-38, ,
-4, ,-38, ,
3, ,-38, ,
3, ,-38, ,
0, ,-38, ,
-2, ,-38, ,
-1, ,-38, ,
1, ,-38, ,
-1, ,-38, ,
-6, ,-38, ,
-1, ,-38, ,
0, ,-38, ,
-1, ,-38, ,
-2, ,-37, ,
3, ,-37, ,
1, ,-38, ,
0, ,-38, ,
-1, ,-38, ,
0, ,-37, ,
-2, ,-38, ,
-1, ,-37, ,
-5, ,-38, ,
1, ,-38, ,
3, ,-38, ,
1, ,-37, ,
3, ,-38, ,
4, ,-38, ,
1, ,-37, ,
1, ,-38, ,
-1, ,-38, ,
0, ,-37, ,
1, ,-37, ,
0, ,-38, ,
-1, ,-38, ,
1, ,-38, ,
1, ,-38, ,
-1, ,-38, ,
-1, ,-37, ,
3, ,-38, ,
3, ,-38, ,
1, ,-38, ,
1, ,-38, ,
1, ,-37, ,
3, ,-38, ,
4, ,-38, ,
-2, ,-37, ,
-1, ,-38, ,
4, ,-38, ,
3, ,-37, ,
0, ,-37, ,
5, ,-38, ,
4, ,-38, ,
3, ,-37, ,
4, ,-38, ,
1, ,-38, ,
3, ,-38, ,
0, ,-38, ,
-1, ,-38, ,
1, ,-38, ,
1, ,-38, ,
3, ,-38, ,
0, ,-38, ,
5, ,-37, ,
3, ,-38, ,
-1, ,-37, ,
-2, ,-38, ,
-1, ,-38, ,
-1, ,-38, ,
1, ,-38, ,
-1, ,-38, ,
3, ,-38, ,
5, ,-37, ,
3, ,-38, ,
1, ,-38, ,
4, ,-38, ,
1, ,-38, ,
0, ,-38, ,
-2, ,-38, ,
0, ,-38, ,
0, ,-38, ,
-1, ,-38, ,
-7, ,-38, ,
-1, ,-38, ,
-4, ,-38, ,
-2, ,-37, ,
-5, ,-38, ,
1, ,-37, ,
5, ,-38, ,
4, ,-37, ,
1, ,-38, ,
3, ,-37, ,
3, ,-37, ,
1, ,-38, ,
-4, ,-38, ,
0, ,-38, ,
3, ,-38, ,
-1, ,-37, ,
-1, ,-38, ,
3, ,-38, ,
0, ,-37, ,
1, ,-38, ,
-1, ,-38, ,
1, ,-37, ,
3, ,-37, ,
3, ,-37, ,
0, ,-38, ,
3, ,-38, ,
3, ,-38, ,
1, ,-37, ,
-4, ,-37, ,
5, ,-38, ,
4, ,-38, ,
1, ,-38, ,
1, ,-38, ,
1, ,-37, ,
1, ,-38, ,
4, ,-37, ,
0, ,-38, ,
4, ,-38, ,
5, ,-37, ,
3, ,-37, ,
-5, ,-38, ,
1, ,-38, ,
1, ,-37, ,
3, ,-37, ,
1, ,-38, ,
4, ,-38, ,
6, ,-38, ,
3, ,-37, ,
-2, ,-37, ,
3, ,-38, ,
1, ,-37, ,
3, ,-37, ,
-2, ,-37, ,
4, ,-38, ,
4, ,-38, ,
3, ,-38, ,
3, ,-38, ,
1, ,-37, ,
1, ,-37, ,
1, ,-38, ,
-4, ,-37, ,
1, ,-38, ,
1, ,-38, ,
1, ,-38, ,
-2, ,-37, ,
3, ,-38, ,
3, ,-37, ,
5, ,-38, ,
0, ,-38, ,
3, ,-38, ,
4, ,-38, ,
3, ,-37, ,
1, ,-38, ,
1, ,-38, ,
3, ,-37, ,
0, ,-38, ,
-1, ,-37, ,
1, ,-38, ,
-2, ,-38, ,
-1, ,-38, ,
-2, ,-38, ,
3, ,-37, ,
3, ,-38, ,
5, ,-38, ,
3, ,-38, ,
3, ,-38, ,
3, ,-38, ,
-2, ,-37, ,
-5, ,-38, ,
1, ,-37, ,
3, ,-38, ,
1, ,-38, ,
1, ,-38, ,
0, ,-37, ,
4, ,-38, ,
1, ,-37, ,
-2, ,-38, ,
0, ,-38, ,
3, ,-38, ,
1, ,-38, ,
-4, ,-37, ,
5, ,-37, ,
3, ,-38, ,
1, ,-38, ,
1, ,-38, ,
1, ,-38, ,
0, ,-38, ,
4, ,-38, ,
0, ,-37, ,
4, ,-38, ,
6, ,-38, ,
4, ,-37, ,
0, ,-38, ,
3, ,-37, ,
3, ,-37, ,
3, ,-37, ,
1, ,-38, ,
1, ,-38, ,
3, ,-38, ,
4, ,-38, ,
-2, ,-38, ,
1, ,-38, ,
0, ,-38, ,
0, ,-37, ,
-1, ,-37, ,
0, ,-38, ,
4, ,-38, ,
3, ,-38, ,
0, ,-38, ,
3, ,-37, ,
3, ,-38, ,
6, ,-37, ,
-1, ,-37, ,
3, ,-38, ,
4, ,-37, ,
-2, ,-37, ,
-6, ,-38, ,
-1, ,-37, ,
-5, ,-38, ,
0, ,-37, ,
-5, ,-38, ,
1, ,-37, ,
4, ,-37, ,
1, ,-38, ,
-4, ,-37, ,
-1, ,-38, ,
-1, ,-38, ,
-1, ,-37, ,
-2, ,-38, ,
3, ,-37, ,
1, ,-38, ,
0, ,-38, ,
-1, ,-38, ,
0, ,-37, ,
0, ,-38, ,
3, ,-38, ,
-2, ,-37, ,
3, ,-38, ,
3, ,-37, ,
1, ,-37, ,
-2, ,-38, ,
3, ,-38, ,
-1, ,-37, ,
-2, ,-38, ,
-4, ,-38, ,
-1, ,-37, ,
1, ,-38, ,
3, ,-38, ,
-2, ,-38, ,
1, ,-38, ,
1, ,-38, ,
0, ,-37, ,
-6, ,-38, ,
0, ,-37, ,
1, ,-37, ,
-1, ,-38, ,
-1, ,-38, ,
-1, ,-38, ,
1, ,-38, ,
3, ,-37, ,
-6, ,-37, ,
0, ,-38, ,
4, ,-38, ,
1, ,-37, ,
0, ,-37, ,
3, ,-37, ,
3, ,-38, ,
4, ,-38, ,
-2, ,-38, ,
0, ,-38, ,
1, ,-37, ,
3, ,-38, ,
-1, ,-37, ,
4, ,-38, ,
1, ,-37, ,
-1, ,-38, ,
-2, ,-38, ,
4, ,-37, ,
5, ,-38, ,
1, ,-38, ,
-4, ,-38, ,
-1, ,-38, ,
-1, ,-38, ,
0, ,-37, ,
1, ,-38, ,
5, ,-38, ,
6, ,-37, ,
0, ,-37, ,
-1, ,-38, ,
5, ,-38, ,
4, ,-37, ,
1, ,-38, ,
-7, ,-38, ,
1, ,-37, ,
5, ,-38, ,
4, ,-37, ,
0, ,-37, ,
-1, ,-38, ,
-2, ,-38, ,
1, ,-38, ,
-2, ,-38, ,
1, ,-38, ,
4, ,-37, ,
0, ,-38, ,
-6, ,-38, ,
-4, ,-38, ,
-4, ,-38, ,
-2, ,-38, ,
-2, ,-37, ,
6, ,-38, ,
8, ,-38, ,
4, ,-37, ,
3, ,-37, ,
3, ,-38, ,
3, ,-38, ,
5, ,-38, ,
1, ,-38, ,
-1, ,-38, ,
-2, ,-38, ,
-5, ,-38, ,
-10, ,-38, ,
-5, ,-38, ,
5, ,-38, ,
4, ,-37, ,
0, ,-38, ,
5, ,-38, ,
3, ,-38, ,
1, ,-37, ,
3, ,-38, ,
5, ,-38, ,
3, ,-38, ,
4, ,-38, ,
-2, ,-38, ,
0, ,-38, ,
4, ,-38, ,
-1, ,-37, ,
0, ,-38, ,
4, ,-38, ,
3, ,-38, ,
4, ,-37, ,
-1, ,-38, ,
3, ,-38, ,
4, ,-38, ,
3, ,-37, ,
0, ,-38, ,
4, ,-38, ,
5, ,-38, ,
4, ,-37, ,
1, ,-37, ,
6, ,-37, ,
8, ,-38, ,
6, ,-37, ,
9, ,-38, ,
-1, ,-37, ,
0, ,-38, ,
-1, ,-37, ,
-4, ,-38, ,
1, ,-38, ,
5, ,-37, ,
6, ,-37, ,
4, ,-38, ,
4, ,-37, ,
6, ,-37, ,
0, ,-38, ,
-1, ,-38, ,
1, ,-38, ,
1, ,-38, ,
3, ,-38, ,
3, ,-37, ,
1, ,-38, ,
1, ,-38, ,
1, ,-38, ,
1, ,-38, ,
5, ,-38, ,
4, ,-37, ,
5, ,-38, ,
4, ,-38, ,
4, ,-37, ,
1, ,-38, ,
4, ,-38, ,
-5, ,-37, ,
1, ,-38, ,
4, ,-38, ,
0, ,-37, ,
-1, ,-38, ,
3, ,-38, ,
3, ,-37, ,
5, ,-38, ,
1, ,-38, ,
4, ,-37, ,
4, ,-38, ,
4, ,-37, ,
-4, ,-38, ,
-1, ,-38, ,
0, ,-38, ,
0, ,-38, ,
0, ,-37, ,
8, ,-38, ,
4, ,-38, ,
4, ,-38, ,
1, ,-38, ,
3, ,-37, ,
1, ,-38, ,
4, ,-38, ,
1, ,-37, ,
3, ,-38, ,
5, ,-38, ,
1, ,-37, ,
-1, ,-38, ,
5, ,-38, ,
3, ,-38, ,
3, ,-37, ,
1, ,-38, ,
1, ,-37, ,
4, ,-38, ,
3, ,-37, ,
0, ,-38, ,
3, ,-38, ,
3, ,-38, ,
3, ,-37, ,
-4, ,-38, ,
4, ,-38, ,
3, ,-38, ,
0, ,-38, ,
1, ,-38, ,
4, ,-37, ,
5, ,-38, ,
6, ,-37, ,
1, ,-38, ,
5, ,-38, ,
5, ,-38, ,
1, ,-38, ,
3, ,-38, ,
6, ,-38, ,
6, ,-38, ,
4, ,-38, ,
1, ,-38, ,
0, ,-38, ,
0, ,-38, ,
-1, ,-38, ,
-4, ,-38, ,
1, ,-38, ,
5, ,-38, ,
0, ,-37, ,
1, ,-37, ,
6, ,-38, ,
5, ,-38, ,
3, ,-38, ,
3, ,-38, ,
3, ,-37, ,
4, ,-38, ,
4, ,-38, ,
0, ,-38, ,
3, ,-38, ,
5, ,-38, ,
0, ,-37, ,
-4, ,-38, ,
-1, ,-37, ,
-5, ,-37, ,
1, ,-38, ,
-4, ,-38, ,
3, ,-37, ,
4, ,-38, ,
3, ,-38, ,
0, ,-38, ,
0, ,-38, ,
3, ,-38, ,
0, ,-38, ,
-4, ,-38, ,
-1, ,-38, ,
1, ,-38, ,
0, ,-38, ,
1, ,-38, ,
1, ,-37, ,
3, ,-38, ,
3, ,-38, ,
-4, ,-38, ,
0, ,-38, ,
1, ,-38, ,
0, ,-38, ,
-4, ,-38, ,
1, ,-38, ,
1, ,-38, ,
3, ,-38, ,
0, ,-38, ,
4, ,-38, ,
5, ,-38, ,
5, ,-38, ,
-1, ,-38, ,
0, ,-38, ,
3, ,-38, ,
1, ,-38, ,
-1, ,-38, ,
3, ,-38, ,
3, ,-38, ,
3, ,-38, ,
-1, ,-38, ,
0, ,-37, ,
0, ,-38, ,
3, ,-37, ,
1, ,-38, ,
1, ,-38, ,
5, ,-38, ,
0, ,-37, ,
-2, ,-38, ,
0, ,-38, ,
-4, ,-38, ,
0, ,-38, ,
0, ,-38, ,
1, ,-38, ,
5, ,-38, ,
4, ,-38, ,
-1, ,-38, ,
1, ,-38, ,
0, ,-37, ,
-6, ,-38, ,
-5, ,-38, ,
-2, ,-38, ,
0, ,-38, ,
1, ,-38, ,
1, ,-38, ,
3, ,-38, ,
0, ,-38, ,
-1, ,-38, ,
-5, ,-38, ,
-4, ,-38, ,
1, ,-38, ,
0, ,-38, ,
-5, ,-38, ,
3, ,-38, ,
-1, ,-38, ,
-1, ,-38, ,
-1, ,-38, ,
-2, ,-38, ,
1, ,-38, ,
0, ,-37, ,
-2, ,-38, ,
3, ,-38, ,
0, ,-37, ,
-4, ,-33, ,
-1, ,-25, ,
4, ,-16, ,
1, ,-6, ,
0, ,2, ,
1, ,10, ,
0, ,16, ,
4, ,21, ,
8, ,26, ,
4, ,30, ,
9, ,34, ,
8, ,37, ,
3, ,39, ,
-1, ,42, ,
1, ,44, ,
5, ,45, ,
3, ,47, ,
1, ,49, ,
0, ,49, ,
3, ,51, ,
3, ,51, ,
-4, ,51, ,
1, ,54, ,
1, ,52, ,
1, ,53, ,
0, ,54, ,
4, ,54, ,
4, ,54, ,
3, ,55, ,
0, ,54, ,
3, ,55, ,
3, ,55, ,
6, ,55, ,
-2, ,54, ,
-1, ,55, ,
0, ,55, ,
-2, ,55, ,
-5, ,56, ,
0, ,56, ,
-2, ,54, ,
1, ,56, ,
-2, ,55, ,
-1, ,55, ,
0, ,56, ,
3, ,56, ,
-1, ,54, ,
6, ,56, ,
5, ,55, ,
4, ,56, ,
-1, ,56, ,
3, ,56, ,
3, ,54, ,
1, ,56, ,
0, ,56, ,
1, ,55, ,
0, ,55, ,
1, ,55, ,
-4, ,54, ,
1, ,57, ,
1, ,55, ,
1, ,55, ,
-4, ,56, ,
4, ,55, ,
-2, ,54, ,
-1, ,56, ,
-1, ,55, ,
-1, ,55, ,
-1, ,55, ,
-1, ,55, ,
-9, ,54, ,
-1, ,56, ,
0, ,54, ,
1, ,55, ,
0, ,56, ,
3, ,56, ,
0, ,54, ,
0, ,56, ,
-5, ,55, ,
-2, ,55, ,
-5, ,55, ,
-1, ,56, ,
-5, ,54, ,
0, ,56, ,
3, ,54, ,
-1, ,55, ,
-2, ,55, ,
4, ,56, ,
0, ,53, ,
1, ,56, ,
-2, ,55, ,
1, ,55, ,
1, ,55, ,
4, ,55, ,
-1, ,54, ,
3, ,56, ,
4, ,54, ,
1, ,55, ,
0, ,56, ,
5, ,55, ,
3, ,54, ,
0, ,56, ,
0, ,55, ,
4, ,55, ,
1, ,55, ,
5, ,55, ,
-1, ,54, ,
1, ,56, ,
3, ,54, ,
1, ,55, ,
1, ,55, ,
6, ,55, ,
6, ,53, ,
6, ,55, ,
1, ,55, ,
3, ,54, ,
4, ,55, ,
3, ,56, ,
0, ,53, ,
5, ,56, ,
4, ,54, ,
4, ,55, ,
0, ,55, ,
6, ,56, ,
4, ,53, ,
1, ,56, ,
0, ,55, ,
1, ,55, ,
4, ,55, ,
4, ,55, ,
-1, ,54, ,
5, ,56, ,
6, ,54, ,
4, ,55, ,
1, ,55, ,
6, ,55, ,
3, ,53, ,
0, ,56, ,
-2, ,55, ,
1, ,55, ,
3, ,55, ,
3, ,55, ,
0, ,53, ,
3, ,56, ,
1, ,55, ,
1, ,55, ,
-1, ,56, ,
5, ,56, ,
8, ,53, ,
6, ,56, ,
4, ,54, ,
3, ,54, ,
1, ,55, ,
4, ,56, ,
-1, ,54, ,
0, ,56, ,
3, ,54, ,
1, ,55, ,
-5, ,55, ,
4, ,55, ,
3, ,53, ,
4, ,55, ,
1, ,55, ,
5, ,55, ,
4, ,55, ,
3, ,56, ,
0, ,53, ,
4, ,56, ,
4, ,54, ,
5, ,55, ,
1, ,55, ,
8, ,55, ,
1, ,54, ,
1, ,56, ,
-2, ,55, ,
0, ,55, ,
3, ,55, ,
3, ,55, ,
-1, ,54, ,
5, ,56, ,
3, ,54, ,
1, ,55, ,
-4, ,55, ,
3, ,55, ,
1, ,53, ,
4, ,56, ,
4, ,55, ,
5, ,55, ,
6, ,55, ,
6, ,55, ,
-1, ,54, ,
4, ,56, ,
4, ,54, ,
3, ,54, ,
1, ,55, ,
5, ,55, ,
5, ,53, ,
4, ,56, ,
3, ,55, ,
5, ,55, ,
1, ,55, ,
1, ,55, ,
-5, ,53, ,
3, ,56, ,
3, ,54, ,
4, ,55, ,
1, ,55, ,
5, ,55, ,
0, ,53, ,
10, ,56, ,
1, ,55, ,
-5, ,55, ,
3, ,55, ,
5, ,55, ,
1, ,54, ,
3, ,56, ,
1, ,54, ,
-1, ,54, ,
-4, ,55, ,
1, ,56, ,
0, ,53, ,
3, ,56, ,
3, ,54, ,
3, ,55, ,
4, ,55, ,
3, ,55, ,
0, ,53, ,
0, ,56, ,
0, ,54, ,
-1, ,55, ,
-6, ,55, ,
3, ,55, ,
-1, ,53, ,
3, ,56, ,
3, ,55, ,
3, ,55, ,
6, ,55, ,
5, ,55, ,
-2, ,54, ,
3, ,56, ,
-1, ,54, ,
-1, ,55, ,
0, ,55, ,
4, ,55, ,
4, ,53, ,
0, ,56, ,
-1, ,55, ,
1, ,55, ,
0, ,55, ,
4, ,55, ,
-1, ,54, ,
4, ,56, ,
4, ,54, ,
3, ,54, ,
3, ,55, ,
4, ,55, ,
4, ,53, ,
3, ,56, ,
0, ,55, ,
1, ,54, ,
-1, ,55, ,
1, ,55, ,
-4, ,54, ,
3, ,56, ,
3, ,54, ,
1, ,55, ,
-5, ,55, ,
-2, ,56, ,
4, ,53, ,
3, ,56, ,
5, ,55, ,
8, ,55, ,
5, ,55, ,
6, ,55, ,
-2, ,54, ,
-5, ,56, ,
-7, ,55, ,
-14, ,54, ,
-17, ,55, ,
-11, ,56, ,
-17, ,53, ,
-15, ,55, ,
-17, ,55, ,
-11, ,55, ,
-6, ,55, ,
-1, ,55, ,
-1, ,54, ,
8, ,56, ,
13, ,54, ,
13, ,54, ,
5, ,55, ,
8, ,56, ,
6, ,53, ,
5, ,55, ,
-1, ,54, ,
-1, ,55, ,
0, ,55, ,
-1, ,55, ,
-6, ,53, ,
-2, ,56, ,
-1, ,54, ,
-1, ,55, ,
-7, ,55, ,
-2, ,55, ,
-4, ,53, ,
-4, ,55, ,
-6, ,54, ,
-6, ,54, ,
-1, ,55, ,
1, ,55, ,
-5, ,53, ,
0, ,56, ,
0, ,54, ,
0, ,55, ,
-4, ,55, ,
1, ,55, ,
-2, ,53, ,
-4, ,56, ,
-5, ,55, ,
-4, ,55, ,
-7, ,54, ,
-2, ,55, ,
-9, ,54, ,
-2, ,56, ,
0, ,54, ,
-1, ,54, ,
-2, ,55, ,
1, ,55, ,
0, ,53, ,
1, ,56, ,
0, ,55, ,
0, ,54, ,
0, ,55, ,
0, ,55, ,
-5, ,54, ,
-1, ,56, ,
0, ,54, ,
-1, ,54, ,
-1, ,55, ,
4, ,55, ,
1, ,53, ,
-1, ,56, ,
-1, ,54, ,
1, ,55, ,
0, ,55, ,
4, ,55, ,
-2, ,53, ,
3, ,55, ,
3, ,54, ,
0, ,55, ,
-4, ,55, ,
3, ,55, ,
-2, ,53, ,
1, ,56, ,
-1, ,54, ,
1, ,55, ,
4, ,55, ,
4, ,55, ,
0, ,53, ,
3, ,56, ,
3, ,54, ,
1, ,54, ,
-4, ,55, ,
1, ,55, ,
0, ,53, ,
-1, ,56, ,
-1, ,55, ,
1, ,55, ,
1, ,55, ,
6, ,55, ,
-4, ,53, ,
4, ,56, ,
5, ,54, ,
4, ,54, ,
0, ,55, ,
3, ,55, ,
1, ,53, ,
0, ,56, ,
-4, ,54, ,
-2, ,55, ,
-2, ,55, ,
0, ,55, ,
-4, ,53, ,
5, ,56, ,
5, ,54, ,
4, ,54, ,
1, ,55, ,
5, ,55, ,
5, ,53, ,
3, ,55, ,
0, ,54, ,
0, ,55, ,
-1, ,55, ,
3, ,55, ,
-2, ,53, ,
1, ,56, ,
5, ,54, ,
3, ,54, ,
0, ,55, ,
5, ,55, ,
-2, ,53, ,
4, ,56, ,
1, ,54, ,
4, ,55, ,
6, ,55, ,
6, ,55, ,
3, ,53, ,
6, ,56, ,
5, ,54, ,
5, ,55, ,
3, ,55, ,
9, ,55, ,
5, ,53, ,
4, ,56, ,
3, ,55, ,
3, ,54, ,
1, ,54, ,
4, ,55, ,
-2, ,54, ,
4, ,56, ,
5, ,54, ,
4, ,55, ,
1, ,55, ,
8, ,55, ,
6, ,53, ,
4, ,56, ,
3, ,54, ,
3, ,55, ,
4, ,55, ,
4, ,55, ,
0, ,54, ,
4, ,56, ,
6, ,54, ,
5, ,55, ,
4, ,55, ,
8, ,55, ,
4, ,53, ,
3, ,56, ,
0, ,55, ,
4, ,55, ,
1, ,54, ,
5, ,55, ,
0, ,54, ,
4, ,56, ,
6, ,54, ,
3, ,55, ,
0, ,55, ,
4, ,56, ,
3, ,53, ,
5, ,56, ,
3, ,54, ,
6, ,55, ,
4, ,55, ,
4, ,55, ,
-2, ,54, ,
0, ,56, ,
1, ,54, ,
1, ,54, ,
3, ,56, ,
8, ,55, ,
8, ,53, ,
5, ,56, ,
0, ,54, ,
4, ,55, ,
0, ,55, ,
3, ,55, ,
-2, ,53, ,
1, ,56, ,
4, ,54, ,
4, ,55, ,
0, ,55, ,
8, ,55, ,
4, ,53, ,
3, ,55, ,
0, ,55, ,
1, ,54, ,
5, ,55, ,
8, ,55, ,
3, ,53, ,
5, ,56, ,
6, ,54, ,
6, ,55, ,
1, ,55, ,
9, ,56, ,
9, ,53, ,
9, ,56, ,
8, ,55, ,
10, ,55, ,
9, ,54, ,
11, ,55, ,
4, ,53, ,
8, ,56, ,
8, ,54, ,
6, ,54, ,
4, ,55, ,
9, ,55, ,
8, ,54, ,
9, ,55, ,
5, ,54, ,
6, ,55, ,
6, ,55, ,
5, ,55, ,
0, ,54, ,
4, ,56, ,
3, ,54, ,
3, ,55, ,
3, ,55, ,
8, ,55, ,
9, ,53, ,
6, ,56, ,
3, ,55, ,
8, ,55, ,
6, ,54, ,
8, ,55, ,
1, ,54, ,
4, ,56, ,
6, ,55, ,
3, ,55, ,
-1, ,55, ,
3, ,56, ,
-1, ,53, ,
4, ,56, ,
1, ,54, ,
6, ,55, ,
6, ,55, ,
8, ,55, ,
1, ,54, ,
3, ,56, ,
1, ,54, ,
1, ,55, ,
-4, ,55, ,
3, ,56, ,
1, ,53, ,
3, ,55, ,
-1, ,55, ,
1, ,55, ,
3, ,55, ,
3, ,55, ,
-4, ,53, ,
-1, ,56, ,
-1, ,54, ,
-1, ,54, ,
-4, ,55, ,
4, ,56, ,
1, ,53, ,
1, ,56, ,
-2, ,54, ,
0, ,55, ,
0, ,55, ,
3, ,55, ,
-5, ,54, ,
0, ,56, ,
0, ,54, ,
-1, ,55, ,
-5, ,55, ,
-1, ,55, ,
-2, ,53, ,
-1, ,56, ,
-4, ,55, ,
-2, ,55, ,
-4, ,55, ,
0, ,55, ,
-7, ,54, ,
0, ,56, ,
1, ,55, ,
-1, ,55, ,
-4, ,55, ,
0, ,56, ,
-2, ,53, ,
-1, ,56, ,
-4, ,54, ,
0, ,55, ,
0, ,55, ,
3, ,55, ,
-4, ,53, ,
-2, ,56, ,
0, ,55, ,
-2, ,54, ,
-10, ,55, ,
-2, ,56, ,
-4, ,53, ,
-1, ,56, ,
-5, ,55, ,
-2, ,55, ,
-5, ,54, ,
-2, ,55, ,
-11, ,53, ,
-6, ,56, ,
-5, ,54, ,
-4, ,54, ,
-9, ,55, ,
0, ,55, ,
-4, ,53, ,
-2, ,56, ,
-2, ,54, ,
-2, ,54, ,
1, ,55, ,
-1, ,55, ,
-9, ,53, ,
-1, ,56, ,
-4, ,54, ,
-4, ,55, ,
-11, ,55, ,
-2, ,55, ,
-2, ,53, ,
-5, ,55, ,
-9, ,54, ,
-9, ,54, ,
-4, ,54, ,
1, ,55, ,
-6, ,53, ,
1, ,56, ,
-1, ,54, ,
-5, ,55, ,
-10, ,55, ,
-2, ,55, ,
-6, ,53, ,
-5, ,56, ,
-7, ,55, ,
-2, ,55, ,
-2, ,55, ,
-2, ,55, ,
-6, ,53, ,
-2, ,56, ,
-1, ,54, ,
-2, ,54, ,
-4, ,55, ,
0, ,56, ,
3, ,53, ,
1, ,55, ,
-1, ,54, ,
1, ,54, ,
-1, ,55, ,
1, ,55, ,
-6, ,53, ,
-1, ,56, ,
-2, ,54, ,
-4, ,55, ,
-5, ,55, ,
1, ,55, ,
-2, ,53, ,
3, ,56, ,
-1, ,55, ,
0, ,55, ,
1, ,55, ,
1, ,55, ,
0, ,53, ,
3, ,56, ,
4, ,54, ,
4, ,55, ,
-2, ,55, ,
4, ,55, ,
1, ,53, ,
1, ,56, ,
-4, ,55, ,
-1, ,55, ,
0, ,55, ,
6, ,55, ,
0, ,53, ,
10, ,56, ,
5, ,54, ,
-2, ,54, ,
-1, ,55, ,
3, ,56, ,
0, ,53, ,
3, ,55, ,
-2, ,55, ,
1, ,55, ,
3, ,55, ,
5, ,55, ,
-1, ,53, ,
3, ,56, ,
1, ,54, ,
1, ,55, ,
-1, ,55, ,
6, ,55, ,
4, ,53, ,
1, ,56, ,
5, ,55, ,
-1, ,55, ,
-7, ,55, ,
0, ,55, ,
-1, ,53, ,
1, ,56, ,
6, ,54, ,
5, ,55, ,
4, ,55, ,
3, ,55, ,
4, ,53, ,
1, ,56, ,
-2, ,54, ,
8, ,54, ,
4, ,55, ,
6, ,55, ,
3, ,54, ,
5, ,56, ,
5, ,54, ,
3, ,55, ,
0, ,55, ,
4, ,55, ,
3, ,53, ,
5, ,56, ,
1, ,55, ,
5, ,55, ,
6, ,55, ,
6, ,55, ,
0, ,54, ,
5, ,55, ,
8, ,54, ,
6, ,55, ,
3, ,55, ,
9, ,55, ,
5, ,53, ,
6, ,56, ,
4, ,55, ,
5, ,55, ,
5, ,55, ,
6, ,56, ,
-2, ,53, ,
4, ,56, ,
4, ,54, ,
8, ,55, ,
3, ,55, ,
8, ,56, ,
5, ,53, ,
5, ,56, ,
5, ,54, ,
6, ,55, ,
5, ,55, ,
8, ,55, ,
-1, ,53, ,
4, ,56, ,
10, ,54, ,
11, ,55, ,
10, ,55, ,
10, ,56, ,
5, ,53, ,
5, ,56, ,
-1, ,55, ,
4, ,55, ,
5, ,55, ,
8, ,56, ,
0, ,54, ,
4, ,56, ,
4, ,54, ,
3, ,55, ,
0, ,55, ,
6, ,55, ,
8, ,53, ,
8, ,56, ,
5, ,55, ,
8, ,55, ,
4, ,55, ,
6, ,56, ,
1, ,54, ,
4, ,56, ,
6, ,54, ,
1, ,54, ,
-2, ,55, ,
5, ,55, ,
4, ,53, ,
8, ,56, ,
5, ,55, ,
6, ,55, ,
6, ,55, ,
5, ,55, ,
-1, ,54, ,
6, ,56, ,
8, ,55, ,
5, ,54, ,
0, ,55, ,
9, ,55, ,
4, ,53, ,
5, ,56, ,
1, ,55, ,
3, ,55, ,
1, ,55, ,
3, ,55, ,
-1, ,53, ,
1, ,56, ,
3, ,54, ,
3, ,54, ,
1, ,53, ,
1, ,48, ,
-2, ,36, ,
-5, ,28, ,
-5, ,19, ,
-1, ,11, ,
0, ,4, ,
4, ,-2, ,
-5, ,-6, ,
-1, ,-11, ,
-2, ,-14, ,
-6, ,-18, ,
-7, ,-21, ,
-2, ,-23, ,
-1, ,-25, ,
1, ,-27, ,
-1, ,-29, ,
0, ,-29, ,
0, ,-31, ,
1, ,-32, ,
-5, ,-33, ,
3, ,-35, ,
0, ,-35, ,
-2, ,-35, ,
0, ,-36, ,
0, ,-36, ,
3, ,-36, ,
3, ,-37, ,
0, ,-37, ,
0, ,-37, ,
0, ,-37, ,
-1, ,-37, ,
-7, ,-38, ,
-2, ,-38, ,
-2, ,-38, ,
-4, ,-38, ,
-1, ,-38, ,
1, ,-38, ,
1, ,-38, ,
0, ,-38, ,
-2, ,-38, ,
-2, ,-38, ,
-1, ,-38, ,
-1, ,-38, ,
-5, ,-38, ,
-1, ,-39, ,
3, ,-38, ,
-1, ,-38, ,
-5, ,-38, ,
-1, ,-38, ,
-6, ,-38, ,
-2, ,-38, ,
-2, ,-38, ,
0, ,-38, ,
3, ,-38, ,
3, ,-38, ,
-1, ,-38, ,
-2, ,-39, ,
-2, ,-38, ,
-6, ,-38, ,
-10, ,-38, ,
-2, ,-38, ,
-2, ,-38, ,
-2, ,-39, ,
-1, ,-38, ,
-1, ,-38, ,
1, ,-38, ,
3, ,-38, ,
-6, ,-38, ,
-2, ,-39, ,
-1, ,-38, ,
0, ,-38, ,
-2, ,-38, ,
1, ,-38, ,
-1, ,-38, ,
-2, ,-38, ,
-5, ,-38, ,
-4, ,-38, ,
-2, ,-38, ,
-2, ,-38, ,
-7, ,-38, ,
0, ,-38, ,
3, ,-38, ,
-1, ,-38, ,
-4, ,-38, ,
0, ,-38, ,
1, ,-38, ,
1, ,-38, ,
1, ,-38, ,
0, ,-38, ,
1, ,-38, ,
3, ,-38, ,
-4, ,-38, ,
-2, ,-38, ,
0, ,-38, ,
-2, ,-38, ,
-4, ,-38, ,
0, ,-38, ,
-4, ,-38, ,
1, ,-38, ,
-1, ,-38, ,
1, ,-38, ,
4, ,-38, ,
1, ,-38, ,
0, ,-38, ,
-1, ,-38, ,
-2, ,-38, ,
-4, ,-38, ,
-5, ,-38, ,
0, ,-38, ,
-1, ,-38, ,
1, ,-38, ,
-1, ,-38, ,
-2, ,-37, ,
0, ,-38, ,
0, ,-38, ,
-5, ,-38, ,
0, ,-38, ,
0, ,-38, ,
-1, ,-38, ,
-2, ,-38, ,
4, ,-38, ,
1, ,-38, ,
0, ,-38, ,
-1, ,-38, ,
-1, ,-38, ,
0, ,-38, ,
0, ,-38, ,
-5, ,-38, ,
1, ,-38, ,
0, ,-38, ,
0, ,-38, ,
-4, ,-38, ,
-1, ,-38, ,
0, ,-38, ,
-5, ,-38, ,
-1, ,-38, ,
0, ,-37, ,
3, ,-38, ,
4, ,-38, ,
1, ,-38, ,
4, ,-38, ,
1, ,-38, ,
0, ,-38, ,
-2, ,-38, ,
-1, ,-38, ,
1, ,-38, ,
1, ,-38, ,
0, ,-38, ,
3, ,-38, ,
3, ,-38, ,
1, ,-38, ,
-1, ,-37, ,
1, ,-38, ,
3, ,-38, ,
1, ,-38, ,
-1, ,-37, ,
3, ,-38, ,
4, ,-38, ,
3, ,-38, ,
1, ,-38, ,
3, ,-38, ,
4, ,-38, ,
4, ,-38, ,
3, ,-38, ,
5, ,-38, ,
8, ,-38, ,
4, ,-38, ,
1, ,-38, ,
5, ,-38, ,
3, ,-38, ,
3, ,-38, ,
1, ,-38, ,
3, ,-38, ,
5, ,-38, ,
5, ,-38, ,
3, ,-37, ,
4, ,-38, ,
3, ,-38, ,
3, ,-38, ,
-2, ,-38, ,
1, ,-38, ,
4, ,-38, ,
4, ,-38, ,
1, ,-38, ,
3, ,-37, ,
4, ,-38, ,
5, ,-38, ,
1, ,-37, ,
5, ,-38, ,
6, ,-38, ,
4, ,-37, ,
3, ,-38, ,
3, ,-38, ,
1, ,-37, ,
0, ,-38, ,
0, ,-38, ,
1, ,-37, ,
3, ,-38, ,
5, ,-38, ,
1, ,-38, ,
3, ,-38, ,
6, ,-38, ,
6, ,-38, ,
4, ,-37, ,
5, ,-38, ,
6, ,-38, ,
5, ,-37, ,
1, ,-38, ,
1, ,-38, ,
0, ,-38, ,
3, ,-38, ,
-1, ,-38, ,
3, ,-38, ,
5, ,-38, ,
4, ,-38, ,
1, ,-38, ,
5, ,-38, ,
1, ,-38, ,
4, ,-38, ,
0, ,-38, ,
1, ,-38, ,
4, ,-38, ,
6, ,-38, ,
4, ,-38, ,
6, ,-38, ,
6, ,-38, ,
4, ,-37, ,
0, ,-38, ,
5, ,-38, ,
4, ,-38, ,
3, ,-37, ,
4, ,-38, ,
1, ,-37, ,
5, ,-37, ,
5, ,-37, ,
0, ,-37, ,
4, ,-38, ,
5, ,-37, ,
3, ,-37, ,
0, ,-38, ,
8, ,-38, ,
8, ,-37, ,
4, ,-37, ,
4, ,-38, ,
0, ,-38, ,
1, ,-37, ,
1, ,-37, ,
-4, ,-38, ,
4, ,-38, ,
5, ,-38, ,
4, ,-38, ,
3, ,-38, ,
4, ,-38, ,
4, ,-38, ,
0, ,-37, ,
-2, ,-38, ,
-2, ,-38, ,
0, ,-37, ,
1, ,-38, ,
-4, ,-38, ,
4, ,-38, ,
6, ,-38, ,
3, ,-37, ,
-1, ,-38, ,
4, ,-38, ,
3, ,-37, ,
0, ,-38, ,
0, ,-38, ,
3, ,-38, ,
3, ,-38, ,
1, ,-38, ,
-2, ,-38, ,
0, ,-38, ,
3, ,-38, ,
1, ,-38, ,
-1, ,-38, ,
1, ,-38, ,
3, ,-38, ,
3, ,-38, ,
-1, ,-38, ,
1, ,-37, ,
1, ,-38, ,
0, ,-38, ,
-5, ,-38, ,
-2, ,-38, ,
3, ,-38, ,
-2, ,-37, ,
-5, ,-38, ,
0, ,-38, ,
-2, ,-38, ,
3, ,-38, ,
-2, ,-38, ,
-2, ,-37, ,
1, ,-37, ,
-2, ,-38, ,
-5, ,-37, ,
-4, ,-38, ,
0, ,-37, ,
1, ,-38, ,
-2, ,-37, ,
3, ,-38, ,
3, ,-38, ,
-1, ,-38, ,
-2, ,-38, ,
1, ,-37, ,
4, ,-38, ,
5, ,-38, ,
0, ,-37, ,
5, ,-38, ,
9, ,-38, ,
3, ,-37, ,
-2, ,-38, ,
-1, ,-38, ,
-4, ,-37, ,
-2, ,-37, ,
-5, ,-38, ,
-4, ,-37, ,
1, ,-38, ,
1, ,-37, ,
-4, ,-37, ,
-1, ,-38, ,
-1, ,-37, ,
-2, ,-37, ,
-4, ,-38, ,
0, ,-38, ,
5, ,-38, ,
5, ,-37, ,
1, ,-38, ,
1, ,-38, ,
1, ,-38, ,
1, ,-38, ,
-7, ,-37, ,
1, ,-38, ,
9, ,-38, ,
-4, ,-37, ,
0, ,-38, ,
4, ,-38, ,
1, ,-37, ,
4, ,-38, ,
-1, ,-38, ,
1, ,-37, ,
1, ,-38, ,
3, ,-38, ,
0, ,-37, ,
0, ,-38, ,
4, ,-37, ,
1, ,-38, ,
-7, ,-38, ,
-2, ,-38, ,
0, ,-38, ,
0, ,-37, ,
-2, ,-38, ,
-2, ,-37, ,
-2, ,-38, ,
-1, ,-37, ,
-6, ,-37, ,
-4, ,-38, ,
0, ,-37, ,
-4, ,-37, ,
-5, ,-38, ,
-2, ,-37, ,
-1, ,-38, ,
-1, ,-37, ,
-6, ,-38, ,
0, ,-37, ,
5, ,-38, ,
0, ,-38, ,
-5, ,-38, ,
-2, ,-38, ,
-2, ,-37, ,
-2, ,-38, ,
-5, ,-37, ,
-1, ,-38, ,
1, ,-38, ,
-1, ,-38, ,
3, ,-38, ,
1, ,-37, ,
0, ,-37, ,
4, ,-37, ,
-5, ,-37, ,
0, ,-38, ,
3, ,-38, ,
1, ,-37, ,
1, ,-38, ,
4, ,-38, ,
1, ,-38, ,
4, ,-38, ,
0, ,-38, ,
3, ,-38, ,
1, ,-38, ,
3, ,-37, ,
0, ,-38, ,
3, ,-38, ,
5, ,-38, ,
1, ,-37, ,
1, ,-37, ,
5, ,-37, ,
4, ,-38, ,
1, ,-38, ,
3, ,-38, ,
4, ,-37, ,
4, ,-37, ,
6, ,-38, ,
4, ,-38, ,
6, ,-38, ,
6, ,-37, ,
3, ,-37, ,
-2, ,-37, ,
4, ,-38, ,
4, ,-38, ,
6, ,-38, ,
1, ,-38, ,
6, ,-37, ,
8, ,-38, ,
4, ,-37, ,
1, ,-38, ,
3, ,-38, ,
1, ,-37, ,
0, ,-37, ,
-2, ,-38, ,
5, ,-38, ,
5, ,-38, ,
3, ,-38, ,
4, ,-38, ,
3, ,-37, ,
3, ,-38, ,
4, ,-38, ,
0, ,-38, ,
4, ,-38, ,
5, ,-37, ,
0, ,-37, ,
-4, ,-38, ,
0, ,-38, ,
1, ,-38, ,
-2, ,-38, ,
-4, ,-38, ,
-1, ,-38, ,
-1, ,-37, ,
4, ,-37, ,
0, ,-37, ,
5, ,-38, ,
6, ,-38, ,
4, ,-37, ,
3, ,-38, ,
5, ,-38, ,
4, ,-38, ,
3, ,-38, ,
5, ,-37, ,
5, ,-37, ,
6, ,-37, ,
8, ,-38, ,
1, ,-37, ,
4, ,-38, ,
6, ,-38, ,
0, ,-37, ,
-2, ,-38, ,
4, ,-38, ,
5, ,-37, ,
5, ,-38, ,
1, ,-38, ,
-1, ,-38, ,
1, ,-37, ,
4, ,-37, ,
4, ,-38, ,
3, ,-38, ,
5, ,-38, ,
4, ,-38, ,
-2, ,-38, ,
4, ,-38, ,
1, ,-38, ,
4, ,-38, ,
5, ,-37, ,
4, ,-37, ,
5, ,-38, ,
4, ,-38, ,
1, ,-37, ,
5, ,-38, ,
4, ,-38, ,
4, ,-38, ,
0, ,-38, ,
5, ,-38, ,
5, ,-38, ,
3, ,-38, ,
0, ,-38, ,
4, ,-37, ,
6, ,-37, ,
8, ,-38, ,
4, ,-37, ,
10, ,-38, ,
8, ,-37, ,
6, ,-38, ,
1, ,-37, ,
3, ,-38, ,
0, ,-37, ,
-2, ,-38, ,
-2, ,-38, ,
-1, ,-37, ,
1, ,-37, ,
1, ,-38, ,
-4, ,-38, ,
0, ,-38, ,
1, ,-38, ,
-1, ,-37, ,
-2, ,-38, ,
3, ,-37, ,
0, ,-37, ,
3, ,-38, ,
1, ,-38, ,
0, ,-38, ,
1, ,-38, ,
0, ,-38, ,
-6, ,-38, ,
0, ,-38, ,
4, ,-38, ,
1, ,-38, ,
-1, ,-38, ,
4, ,-37, ,
1, ,-38, ,
1, ,-37, ,
-4, ,-38, ,
3, ,-37, ,
3, ,-37, ,
3, ,-38, ,
-1, ,-37, ,
3, ,-38, ,
5, ,-38, ,
0, ,-37, ,
-5, ,-37, ,
0, ,-38, ,
-1, ,-37, ,
-1, ,-38, ,
-5, ,-38, ,
-2, ,-37, ,
0, ,-37, ,
-1, ,-38, ,
-6, ,-37, ,
-2, ,-38, ,
-1, ,-38, ,
0, ,-38, ,
-4, ,-37, ,
-1, ,-38, ,
1, ,-38, ,
-1, ,-37, ,
-1, ,-38, ,
1, ,-38, ,
3, ,-38, ,
5, ,-38, ,
-4, ,-38, ,
0, ,-38, ,
5, ,-38, ,
4, ,-37, ,
0, ,-38, ,
1, ,-38, ,
1, ,-38, ,
0, ,-38, ,
-1, ,-38, ,
0, ,-37, ,
0, ,-38, ,
4, ,-38, ,
-1, ,-38, ,
3, ,-38, ,
5, ,-38, ,
4, ,-38, ,
1, ,-38, ,
4, ,-38, ,
5, ,-38, ,
1, ,-37, ,
-2, ,-38, ,
-4, ,-37, ,
-5, ,-37, ,
-1, ,-38, ,
-6, ,-38, ,
-2, ,-38, ,
-1, ,-37, ,
-1, ,-38, ,
-6, ,-37, ,
-1, ,-38, ,
-7, ,-37, ,
-1, ,-38, ,
-2, ,-38, ,
0, ,-37, ,
0, ,-38, ,
3, ,-38, ,
-4, ,-38, ,
-1, ,-38, ,
0, ,-38, ,
-2, ,-38, ,
-6, ,-38, ,
0, ,-38, ,
1, ,-38, ,
0, ,-38, ,
0, ,-38, ,
-1, ,-37, ,
0, ,-38, ,
0, ,-38, ,
-5, ,-38, ,
-1, ,-38, ,
-1, ,-38, ,
-1, ,-37, ,
-2, ,-38, ,
4, ,-38, ,
4, ,-38, ,
0, ,-38, ,
-1, ,-38, ,
-2, ,-38, ,
0, ,-38, ,
-1, ,-38, ,
-5, ,-37, ,
-1, ,-38, ,
1, ,-38, ,
1, ,-38, ,
-2, ,-38, ,
0, ,-38, ,
1, ,-38, ,
-1, ,-38, ,
-2, ,-38, ,
-1, ,-37, ,
1, ,-38, ,
1, ,-37, ,
-2, ,-37, ,
1, ,-38, ,
3, ,-38, ,
-1, ,-38, ,
-2, ,-38, ,
1, ,-38, ,
4, ,-37, ,
1, ,-38, ,
-1, ,-38, ,
1, ,-38, ,
3, ,-38, ,
3, ,-37, ,
-1, ,-37, ,
0, ,-37, ,
1, ,-38, ,
-2, ,-38, ,
-1, ,-38, ,
4, ,-38, ,
4, ,-38, ,
5, ,-38, ,
1, ,-38, ,
1, ,-38, ,
1, ,-38, ,
0, ,-38, ,
-6, ,-37, ,
-4, ,-38, ,
0, ,-38, ,
-2, ,-37, ,
-5, ,-38, ,
3, ,-38, ,
1, ,-38, ,
3, ,-38, ,
-1, ,-38, ,
-1, ,-38, ,
1, ,-38, ,
0, ,-37, ,
-4, ,-38, ,
1, ,-38, ,
3, ,-38, ,
3, ,-37, ,
0, ,-38, ,
5, ,-38, ,
4, ,-38, ,
1, ,-38, ,
4, ,-38, ,
5, ,-37, ,
6, ,-38, ,
6, ,-38, ,
3, ,-38, ,
5, ,-38, ,
5, ,-37, ,
0, ,-37, ,
-1, ,-38, ,
1, ,-38, ,
3, ,-38, ,
3, ,-37, ,
3, ,-38, ,
4, ,-37, ,
3, ,-38, ,
6, ,-37, ,
-4, ,-38, ,
-1, ,-38, ,
0, ,-38, ,
-1, ,-38, ,
0, ,-38, ,
8, ,-38, ,
9, ,-38, ,
6, ,-38, ,
0, ,-38, ,
-5, ,-37, ,
0, ,-38, ,
3, ,-38, ,
-2, ,-38, ,
4, ,-38, ,
4, ,-38, ,
3, ,-37, ,
3, ,-38, ,
5, ,-38, ,
4, ,-38, ,
6, ,-38, ,
4, ,-38, ,
8, ,-38, ,
9, ,-38, ,
6, ,-38, ,
4, ,-38, ,
4, ,-38, ,
6, ,-38, ,
3, ,-38, ,
1, ,-38, ,
4, ,-38, ,
4, ,-38, ,
3, ,-37, ,
-1, ,-38, ,
1, ,-37, ,
5, ,-38, ,
4, ,-38, ,
1, ,-38, ,
4, ,-38, ,
5, ,-37, ,
3, ,-38, ,
-1, ,-38, ,
0, ,-38, ,
1, ,-38, ,
3, ,-38, ,
1, ,-38, ,
1, ,-38, ,
3, ,-38, ,
4, ,-38, ,
0, ,-37, ,
4, ,-38, ,
4, ,-38, ,
3, ,-38, ,
0, ,-38, ,
4, ,-38, ,
5, ,-38, ,
1, ,-38, ,
4, ,-38, ,
4, ,-38, ,
3, ,-38, ,
6, ,-38, ,
-1, ,-38, ,
4, ,-38, ,
8, ,-38, ,
6, ,-38, ,
4, ,-38, ,
5, ,-38, ,
1, ,-38, ,
3, ,-38, ,
-1, ,-38, ,
0, ,-38, ,
4, ,-38, ,
6, ,-38, ,
3, ,-38, ,
5, ,-38, ,
6, ,-38, ,
1, ,-38, ,
-4, ,-38, ,
4, ,-38, ,
3, ,-38, ,
5, ,-38, ,
5, ,-38, ,
4, ,-37, ,
-4, ,-38, ,
3, ,-38, ,
4, ,-38, ,
1, ,-38, ,
6, ,-38, ,
5, ,-38, ,
1, ,-38, ,
4, ,-38, ,
3, ,-38, ,
1, ,-38, ,
1, ,-38, ,
4, ,-38, ,
5, ,-38, ,
3, ,-38, ,
-1, ,-38, ,
4, ,-38, ,
3, ,-38, ,
1, ,-38, ,
-2, ,-38, ,
-1, ,-37, ,
3, ,-30, ,
6, ,-21, ,
3, ,-10, ,
6, ,-2, ,
9, ,7, ,
13, ,13, ,
-2, ,19, ,
5, ,25, ,
8, ,29, ,
4, ,32, ,
4, ,35, ,
3, ,38, ,
1, ,40, ,
3, ,42, ,
-1, ,45, ,
3, ,47, ,
4, ,48, ,
6, ,49, ,
1, ,49, ,
5, ,52, ,
6, ,50, ,
5, ,52, ,
0, ,53, ,
3, ,53, ,
1, ,52, ,
-1, ,54, ,
-5, ,54, ,
-1, ,54, ,
-1, ,55, ,
1, ,55, ,
-4, ,54, ,
-1, ,56, ,
1, ,54, ,
-1, ,55, ,
-4, ,55, ,
-1, ,56, ,
-4, ,54, ,
3, ,56, ,
-2, ,55, ,
0, ,55, ,
-2, ,56, ,
-1, ,56, ,
-2, ,54, ,
0, ,56, ,
1, ,55, ,
3, ,55, ,
-6, ,56, ,
0, ,56, ,
-1, ,54, ,
-2, ,56, ,
-2, ,56, ,
-2, ,55, ,
1, ,55, ,
3, ,56, ,
-1, ,55, ,
3, ,56, ,
3, ,55, ,
-1, ,55, ,
-5, ,56, ,
0, ,56, ,
-2, ,54, ,
-2, ,56, ,
-1, ,55, ,
0, ,55, ,
1, ,56, ,
3, ,56, ,
-4, ,54, ,
1, ,56, ,
0, ,54, ,
-1, ,55, ,
-5, ,56, ,
1, ,55, ,
1, ,54, ,
-1, ,56, ,
0, ,55, ,
0, ,55, ,
-2, ,55, ,
0, ,55, ,
-6, ,54, ,
1, ,57, ,
3, ,54, ,
-1, ,55, ,
-1, ,56, ,
3, ,55, ,
-1, ,54, ,
1, ,55, ,
-4, ,55, ,
-2, ,55, ,
-4, ,55, ,
-1, ,55, ,
-6, ,54, ,
-2, ,56, ,
1, ,54, ,
0, ,55, ,
-1, ,55, ,
6, ,55, ,
0, ,54, ,
-1, ,56, ,
-2, ,55, ,
-2, ,55, ,
-2, ,55, ,
1, ,56, ,
-2, ,54, ,
1, ,56, ,
3, ,55, ,
-4, ,55, ,
-6, ,56, ,
0, ,55, ,
-2, ,54, ,
1, ,56, ,
-1, ,55, ,
0, ,55, ,
4, ,55, ,
1, ,55, ,
-4, ,54, ,
-1, ,56, ,
-1, ,54, ,
0, ,55, ,
-4, ,56, ,
4, ,56, ,
5, ,53, ,
5, ,56, ,
1, ,55, ,
1, ,55, ,
-1, ,55, ,
1, ,56, ,
-5, ,54, ,
0, ,56, ,
3, ,55, ,
3, ,55, ,
0, ,55, ,
4, ,55, ,
1, ,53, ,
4, ,56, ,
-2, ,55, ,
0, ,55, ,
1, ,55, ,
6, ,55, ,
-2, ,54, ,
5, ,56, ,
3, ,55, ,
4, ,55, ,
-1, ,55, ,
0, ,55, ,
0, ,54, ,
3, ,56, ,
1, ,56, ,
4, ,55, ,
1, ,55, ,
3, ,56, ,
-5, ,54, ,
1, ,56, ,
4, ,54, ,
4, ,55, ,
0, ,55, ,
5, ,55, ,
0, ,54, ,
4, ,56, ,
1, ,55, ,
5, ,55, ,
5, ,55, ,
6, ,55, ,
3, ,54, ,
5, ,56, ,
1, ,54, ,
0, ,55, ,
-2, ,55, ,
8, ,56, ,
6, ,54, ,
8, ,56, ,
1, ,55, ,
0, ,55, ,
0, ,55, ,
3, ,55, ,
-4, ,53, ,
4, ,56, ,
6, ,54, ,
4, ,54, ,
4, ,55, ,
8, ,56, ,
5, ,53, ,
8, ,56, ,
3, ,55, ,
3, ,55, ,
1, ,55, ,
3, ,55, ,
-1, ,54, ,
6, ,56, ,
5, ,54, ,
5, ,55, ,
0, ,55, ,
3, ,55, ,
3, ,53, ,
1, ,56, ,
1, ,55, ,
4, ,55, ,
4, ,55, ,
8, ,55, ,
0, ,53, ,
3, ,56, ,
4, ,54, ,
0, ,55, ,
0, ,55, ,
8, ,56, ,
5, ,53, ,
8, ,56, ,
4, ,55, ,
4, ,55, ,
4, ,55, ,
8, ,55, ,
-1, ,54, ,
5, ,56, ,
6, ,54, ,
6, ,55, ,
1, ,55, ,
6, ,55, ,
9, ,53, ,
5, ,56, ,
1, ,54, ,
6, ,54, ,
3, ,55, ,
4, ,55, ,
0, ,54, ,
3, ,56, ,
5, ,54, ,
5, ,54, ,
1, ,55, ,
9, ,55, ,
5, ,54, ,
5, ,55, ,
3, ,55, ,
5, ,55, ,
5, ,55, ,
5, ,55, ,
1, ,53, ,
5, ,56, ,
5, ,54, ,
4, ,55, ,
1, ,55, ,
8, ,55, ,
4, ,53, ,
4, ,56, ,
4, ,55, ,
4, ,54, ,
4, ,55, ,
6, ,55, ,
-1, ,54, ,
3, ,56, ,
0, ,54, ,
-4, ,54, ,
-6, ,55, ,
1, ,55, ,
-2, ,53, ,
3, ,56, ,
0, ,55, ,
4, ,54, ,
0, ,55, ,
6, ,55, ,
0, ,54, ,
3, ,56, ,
4, ,54, ,
3, ,55, ,
3, ,55, ,
6, ,55, ,
4, ,54, ,
3, ,56, ,
-4, ,54, ,
-1, ,55, ,
-2, ,55, ,
3, ,55, ,
0, ,54, ,
4, ,56, ,
6, ,54, ,
1, ,55, ,
-1, ,55, ,
3, ,55, ,
-1, ,53, ,
0, ,56, ,
0, ,54, ,
3, ,55, ,
4, ,55, ,
4, ,55, ,
-1, ,54, ,
0, ,56, ,
0, ,54, ,
-4, ,55, ,
-7, ,55, ,
3, ,55, ,
-1, ,53, ,
3, ,56, ,
3, ,55, ,
3, ,55, ,
3, ,55, ,
4, ,56, ,
-1, ,54, ,
3, ,56, ,
3, ,54, ,
3, ,54, ,
0, ,55, ,
3, ,55, ,
-2, ,53, ,
0, ,56, ,
-1, ,54, ,
1, ,54, ,
1, ,55, ,
5, ,55, ,
-4, ,53, ,
4, ,56, ,
1, ,54, ,
0, ,55, ,
-5, ,55, ,
-1, ,55, ,
-1, ,53, ,
-2, ,56, ,
