Format,1.0B,
Memory Length,10000,Memory Length,10000,
IntpDistance,0,IntpDistance,0,
Trigger Address,4999,Trigger Address,4999,
Trigger Level,-1.000E+00,Trigger Level,-1.000E+00,
Source,CH1,Source,CH2,
Vertical Units,V,Vertical Units,V,
Vertical Units Div,0,Vertical Units Div,0,
Vertical Units Extend Div,16,Vertical Units Extend Div,16,
Label,,Label,,
Probe Type,0,Probe Type,0,
Probe Ratio,1.000e+01,Probe Ratio,1.000e+00,
Vertical Scale,2.000e-02,Vertical Scale,1.000e+00,
Vertical Position,-5.120e-02,Vertical Position,2.000e-01,
Horizontal Units,S,Horizontal Units,S,
Horizontal Scale,1.000E-05,Horizontal Scale,1.000E-05,
Horizontal Position,0.000E+00,Horizontal Position,0.000E+00,
Horizontal Mode,Main,Horizontal Mode,Main,
SincET Mode,Real Time,SincET Mode,Real Time,
Sampling Period,1.000e-08,Sampling Period,1.000e-08,
Horizontal Old Scale,1.000E-05,Horizontal Old Scale,1.000E-05,
Horizontal Old Position,0.000E+00,Horizontal Old Position,0.000E+00,
Firmware,V1.23,Firmware,V1.23,
Mode,Fast,Mode,Fast,
Waveform Data,,Waveform Data,,
4, ,-40, ,
1, ,-40, ,
-2, ,-40, ,
-1, ,-41, ,
1, ,-40, ,
4, ,-40, ,
1, ,-40, ,
4, ,-40, ,
4, ,-40, ,
3, ,-40, ,
-1, ,-40, ,
1, ,-40, ,
0, ,-40, ,
0, ,-40, ,
1, ,-40, ,
4, ,-41, ,
5, ,-40, ,
4, ,-40, ,
0, ,-40, ,
0, ,-40, ,
0, ,-40, ,
-1, ,-40, ,
-2, ,-40, ,
1, ,-40, ,
1, ,-40, ,
1, ,-40, ,
0, ,-40, ,
1, ,-40, ,
1, ,-40, ,
-1, ,-40, ,
-2, ,-40, ,
0, ,-40, ,
3, ,-40, ,
0, ,-40, ,
-2, ,-40, ,
0, ,-40, ,
3, ,-40, ,
0, ,-40, ,
-2, ,-40, ,
-1, ,-41, ,
-2, ,-40, ,
-2, ,-40, ,
-6, ,-40, ,
-1, ,-40, ,
0, ,-40, ,
0, ,-40, ,
-1, ,-40, ,
1, ,-40, ,
1, ,-40, ,
0, ,-40, ,
-2, ,-40, ,
3, ,-41, ,
0, ,-40, ,
3, ,-40, ,
-1, ,-40, ,
3, ,-40, ,
3, ,-40, ,
0, ,-40, ,
-2, ,-40, ,
3, ,-40, ,
0, ,-40, ,
-2, ,-40, ,
-1, ,-40, ,
-2, ,-41, ,
0, ,-40, ,
0, ,-40, ,
-5, ,-40, ,
-1, ,-40, ,
0, ,-40, ,
4, ,-40, ,
1, ,-40, ,
9, ,-40, ,
5, ,-40, ,
1, ,-40, ,
0, ,-40, ,
0, ,-41, ,
1, ,-40, ,
-1, ,-40, ,
-5, ,-40, ,
-1, ,-40, ,
1, ,-40, ,
1, ,-40, ,
-2, ,-40, ,
4, ,-40, ,
3, ,-40, ,
0, ,-40, ,
0, ,-40, ,
0, ,-41, ,
-1, ,-40, ,
1, ,-40, ,
-4, ,-40, ,
-2, ,-40, ,
6, ,-40, ,
4, ,-40, ,
-6, ,-40, ,
4, ,-39, ,
0, ,-40, ,
-1, ,-40, ,
-4, ,-40, ,
-2, ,-41, ,
0, ,-40, ,
1, ,-40, ,
-4, ,-40, ,
0, ,-40, ,
1, ,-40, ,
0, ,-40, ,
0, ,-40, ,
5, ,-40, ,
3, ,-40, ,
1, ,-40, ,
-1, ,-40, ,
0, ,-40, ,
0, ,-40, ,
-1, ,-40, ,
-7, ,-40, ,
-5, ,-40, ,
-1, ,-40, ,
-1, ,-40, ,
-2, ,-40, ,
3, ,-40, ,
0, ,-40, ,
1, ,-40, ,
3, ,-40, ,
0, ,-40, ,
-1, ,-40, ,
0, ,-40, ,
-9, ,-40, ,
-1, ,-40, ,
0, ,-40, ,
1, ,-40, ,
1, ,-40, ,
5, ,-40, ,
4, ,-40, ,
0, ,-40, ,
-1, ,-40, ,
0, ,-40, ,
3, ,-40, ,
1, ,-40, ,
-1, ,-40, ,
0, ,-40, ,
0, ,-40, ,
0, ,-40, ,
-2, ,-40, ,
1, ,-40, ,
3, ,-40, ,
-1, ,-40, ,
0, ,-40, ,
3, ,-41, ,
3, ,-40, ,
5, ,-40, ,
-1, ,-40, ,
3, ,-40, ,
3, ,-40, ,
1, ,-40, ,
-1, ,-40, ,
4, ,-40, ,
3, ,-40, ,
3, ,-40, ,
0, ,-40, ,
1, ,-41, ,
0, ,-40, ,
3, ,-40, ,
-4, ,-40, ,
1, ,-40, ,
3, ,-40, ,
1, ,-40, ,
0, ,-40, ,
4, ,-39, ,
1, ,-40, ,
3, ,-40, ,
1, ,-40, ,
5, ,-40, ,
1, ,-40, ,
3, ,-40, ,
0, ,-40, ,
3, ,-40, ,
4, ,-40, ,
1, ,-40, ,
-4, ,-40, ,
3, ,-40, ,
-2, ,-40, ,
-2, ,-40, ,
-4, ,-40, ,
-1, ,-41, ,
0, ,-40, ,
1, ,-40, ,
1, ,-40, ,
4, ,-40, ,
3, ,-40, ,
1, ,-40, ,
-4, ,-40, ,
0, ,-40, ,
4, ,-40, ,
3, ,-40, ,
3, ,-40, ,
6, ,-40, ,
4, ,-40, ,
3, ,-39, ,
-4, ,-40, ,
1, ,-40, ,
-2, ,-40, ,
-2, ,-40, ,
-2, ,-40, ,
4, ,-40, ,
3, ,-40, ,
3, ,-40, ,
3, ,-40, ,
4, ,-40, ,
3, ,-40, ,
4, ,-40, ,
-1, ,-40, ,
5, ,-40, ,
4, ,-40, ,
3, ,-40, ,
-1, ,-40, ,
1, ,-40, ,
0, ,-40, ,
-1, ,-40, ,
-2, ,-40, ,
1, ,-40, ,
4, ,-40, ,
4, ,-40, ,
0, ,-40, ,
3, ,-40, ,
5, ,-40, ,
1, ,-40, ,
-1, ,-40, ,
3, ,-40, ,
4, ,-40, ,
3, ,-40, ,
0, ,-40, ,
5, ,-40, ,
4, ,-40, ,
4, ,-40, ,
0, ,-40, ,
0, ,-40, ,
3, ,-40, ,
-1, ,-40, ,
-4, ,-40, ,
3, ,-40, ,
1, ,-40, ,
4, ,-40, ,
1, ,-40, ,
4, ,-40, ,
4, ,-40, ,
1, ,-40, ,
-1, ,-40, ,
1, ,-40, ,
1, ,-40, ,
1, ,-40, ,
-2, ,-40, ,
3, ,-40, ,
3, ,-40, ,
-1, ,-40, ,
-4, ,-40, ,
0, ,-41, ,
0, ,-40, ,
0, ,-40, ,
-4, ,-40, ,
3, ,-40, ,
1, ,-40, ,
1, ,-40, ,
-5, ,-40, ,
3, ,-40, ,
1, ,-40, ,
0, ,-40, ,
-1, ,-40, ,
3, ,-41, ,
5, ,-40, ,
8, ,-40, ,
0, ,-40, ,
4, ,-40, ,
5, ,-40, ,
0, ,-40, ,
-2, ,-40, ,
-1, ,-40, ,
0, ,-40, ,
0, ,-40, ,
-1, ,-40, ,
3, ,-40, ,
3, ,-40, ,
1, ,-40, ,
-4, ,-40, ,
0, ,-40, ,
0, ,-40, ,
-4, ,-40, ,
-4, ,-40, ,
4, ,-40, ,
1, ,-40, ,
4, ,-40, ,
0, ,-40, ,
0, ,-40, ,
1, ,-40, ,
0, ,-40, ,
1, ,-40, ,
4, ,-40, ,
6, ,-40, ,
3, ,-40, ,
0, ,-40, ,
3, ,-40, ,
0, ,-40, ,
-1, ,-40, ,
-4, ,-40, ,
1, ,-40, ,
4, ,-40, ,
0, ,-40, ,
-4, ,-40, ,
-5, ,-40, ,
-2, ,-40, ,
-9, ,-39, ,
-11, ,-33, ,
-1, ,-24, ,
1, ,-13, ,
1, ,-5, ,
-1, ,3, ,
1, ,10, ,
-1, ,16, ,
-2, ,21, ,
-2, ,26, ,
9, ,30, ,
15, ,32, ,
16, ,36, ,
14, ,38, ,
15, ,40, ,
13, ,42, ,
8, ,44, ,
0, ,45, ,
1, ,47, ,
-1, ,48, ,
-1, ,48, ,
-4, ,50, ,
4, ,50, ,
5, ,49, ,
3, ,51, ,
3, ,51, ,
-1, ,51, ,
0, ,52, ,
0, ,52, ,
-4, ,51, ,
-2, ,53, ,
-5, ,52, ,
-1, ,52, ,
-7, ,53, ,
0, ,53, ,
3, ,51, ,
1, ,54, ,
3, ,53, ,
8, ,53, ,
1, ,53, ,
3, ,54, ,
-2, ,53, ,
-4, ,54, ,
-6, ,52, ,
-6, ,53, ,
-9, ,54, ,
-2, ,54, ,
0, ,52, ,
0, ,54, ,
0, ,53, ,
5, ,53, ,
4, ,54, ,
5, ,53, ,
-1, ,52, ,
-2, ,54, ,
-1, ,53, ,
-4, ,52, ,
-6, ,53, ,
-1, ,53, ,
0, ,52, ,
0, ,54, ,
1, ,53, ,
8, ,53, ,
3, ,53, ,
4, ,53, ,
1, ,52, ,
1, ,54, ,
0, ,52, ,
1, ,53, ,
-2, ,53, ,
4, ,53, ,
1, ,51, ,
1, ,53, ,
1, ,53, ,
6, ,53, ,
1, ,53, ,
0, ,53, ,
-2, ,52, ,
0, ,54, ,
1, ,52, ,
3, ,53, ,
-1, ,53, ,
3, ,53, ,
3, ,52, ,
0, ,54, ,
-2, ,52, ,
1, ,53, ,
1, ,53, ,
0, ,53, ,
-2, ,52, ,
0, ,53, ,
-1, ,52, ,
0, ,53, ,
-2, ,53, ,
3, ,53, ,
4, ,52, ,
1, ,53, ,
0, ,53, ,
4, ,52, ,
-1, ,53, ,
0, ,53, ,
0, ,52, ,
1, ,53, ,
4, ,52, ,
5, ,52, ,
1, ,53, ,
4, ,53, ,
4, ,51, ,
5, ,53, ,
0, ,53, ,
8, ,52, ,
5, ,53, ,
4, ,53, ,
-7, ,52, ,
0, ,54, ,
3, ,52, ,
0, ,52, ,
-1, ,53, ,
4, ,53, ,
6, ,51, ,
3, ,53, ,
3, ,53, ,
9, ,52, ,
4, ,52, ,
5, ,53, ,
4, ,52, ,
5, ,54, ,
6, ,52, ,
8, ,53, ,
1, ,53, ,
3, ,53, ,
1, ,52, ,
0, ,54, ,
-1, ,53, ,
3, ,52, ,
-1, ,53, ,
-1, ,53, ,
1, ,52, ,
6, ,54, ,
8, ,52, ,
10, ,53, ,
4, ,53, ,
5, ,53, ,
5, ,51, ,
3, ,54, ,
1, ,53, ,
8, ,53, ,
6, ,53, ,
5, ,53, ,
3, ,52, ,
5, ,54, ,
0, ,52, ,
0, ,52, ,
-5, ,53, ,
0, ,53, ,
3, ,51, ,
1, ,54, ,
1, ,53, ,
5, ,53, ,
3, ,52, ,
3, ,53, ,
1, ,52, ,
4, ,53, ,
5, ,52, ,
8, ,52, ,
4, ,53, ,
4, ,52, ,
6, ,51, ,
3, ,53, ,
-2, ,52, ,
3, ,52, ,
-2, ,52, ,
0, ,53, ,
-2, ,52, ,
3, ,54, ,
5, ,52, ,
5, ,52, ,
3, ,53, ,
3, ,53, ,
3, ,51, ,
-1, ,53, ,
-4, ,53, ,
5, ,52, ,
4, ,53, ,
3, ,53, ,
3, ,52, ,
1, ,53, ,
1, ,52, ,
-1, ,52, ,
-7, ,53, ,
-2, ,52, ,
-5, ,51, ,
-1, ,53, ,
-5, ,53, ,
1, ,53, ,
1, ,53, ,
1, ,53, ,
0, ,52, ,
3, ,53, ,
0, ,52, ,
4, ,52, ,
-2, ,53, ,
3, ,53, ,
3, ,51, ,
0, ,53, ,
-1, ,53, ,
4, ,52, ,
3, ,53, ,
4, ,53, ,
3, ,52, ,
8, ,53, ,
8, ,52, ,
10, ,52, ,
3, ,53, ,
8, ,53, ,
8, ,51, ,
4, ,53, ,
-1, ,52, ,
5, ,52, ,
3, ,53, ,
5, ,53, ,
4, ,51, ,
10, ,53, ,
8, ,52, ,
6, ,53, ,
0, ,53, ,
5, ,52, ,
4, ,51, ,
3, ,53, ,
-1, ,52, ,
5, ,52, ,
1, ,53, ,
5, ,53, ,
4, ,51, ,
3, ,53, ,
3, ,52, ,
1, ,52, ,
5, ,53, ,
5, ,52, ,
0, ,51, ,
10, ,53, ,
5, ,53, ,
8, ,52, ,
4, ,53, ,
1, ,53, ,
1, ,52, ,
3, ,53, ,
4, ,52, ,
5, ,52, ,
-2, ,53, ,
1, ,52, ,
0, ,52, ,
0, ,53, ,
-4, ,53, ,
1, ,52, ,
1, ,52, ,
1, ,53, ,
0, ,52, ,
3, ,53, ,
4, ,52, ,
5, ,53, ,
1, ,53, ,
4, ,53, ,
3, ,51, ,
0, ,53, ,
-4, ,53, ,
1, ,53, ,
-1, ,53, ,
0, ,53, ,
0, ,51, ,
4, ,53, ,
0, ,52, ,
0, ,52, ,
-6, ,53, ,
-4, ,53, ,
-2, ,51, ,
-2, ,53, ,
-4, ,53, ,
4, ,52, ,
1, ,53, ,
0, ,53, ,
-1, ,52, ,
-2, ,53, ,
-2, ,52, ,
0, ,52, ,
-2, ,53, ,
-1, ,53, ,
0, ,51, ,
-2, ,53, ,
-6, ,53, ,
0, ,53, ,
-5, ,52, ,
-2, ,53, ,
-5, ,51, ,
-2, ,54, ,
-1, ,52, ,
1, ,52, ,
-2, ,53, ,
1, ,52, ,
-1, ,51, ,
-1, ,53, ,
-7, ,52, ,
-1, ,52, ,
-4, ,52, ,
-2, ,53, ,
-2, ,52, ,
-5, ,53, ,
-5, ,52, ,
-4, ,52, ,
-6, ,53, ,
-2, ,53, ,
0, ,51, ,
-2, ,53, ,
-4, ,53, ,
3, ,52, ,
-1, ,52, ,
-2, ,53, ,
-2, ,52, ,
-2, ,53, ,
-2, ,52, ,
1, ,52, ,
-6, ,53, ,
-1, ,53, ,
-2, ,51, ,
-4, ,53, ,
-5, ,53, ,
-2, ,52, ,
-4, ,53, ,
-5, ,53, ,
-7, ,52, ,
-6, ,53, ,
-7, ,51, ,
-5, ,53, ,
-7, ,53, ,
-2, ,52, ,
0, ,51, ,
-4, ,53, ,
-9, ,52, ,
-2, ,52, ,
-5, ,52, ,
-5, ,53, ,
-6, ,52, ,
-2, ,53, ,
-4, ,52, ,
-1, ,52, ,
-5, ,53, ,
-1, ,52, ,
1, ,51, ,
-2, ,53, ,
-6, ,52, ,
0, ,52, ,
-1, ,53, ,
-2, ,53, ,
-5, ,52, ,
-2, ,53, ,
-2, ,52, ,
0, ,53, ,
-5, ,53, ,
1, ,53, ,
0, ,51, ,
3, ,53, ,
0, ,52, ,
8, ,52, ,
3, ,52, ,
1, ,53, ,
0, ,52, ,
-2, ,53, ,
-1, ,52, ,
1, ,52, ,
-5, ,53, ,
3, ,53, ,
1, ,51, ,
3, ,53, ,
1, ,52, ,
3, ,52, ,
0, ,52, ,
1, ,53, ,
-4, ,52, ,
0, ,53, ,
3, ,52, ,
8, ,52, ,
1, ,53, ,
5, ,53, ,
5, ,51, ,
3, ,53, ,
1, ,52, ,
4, ,53, ,
1, ,53, ,
0, ,53, ,
0, ,52, ,
3, ,53, ,
3, ,52, ,
6, ,52, ,
0, ,53, ,
3, ,53, ,
4, ,51, ,
3, ,53, ,
1, ,53, ,
4, ,52, ,
0, ,53, ,
1, ,53, ,
1, ,51, ,
4, ,53, ,
3, ,52, ,
4, ,52, ,
3, ,53, ,
5, ,52, ,
5, ,51, ,
3, ,53, ,
1, ,53, ,
4, ,52, ,
0, ,52, ,
1, ,53, ,
-1, ,51, ,
3, ,53, ,
3, ,52, ,
5, ,52, ,
4, ,53, ,
9, ,53, ,
8, ,51, ,
8, ,53, ,
3, ,53, ,
9, ,52, ,
4, ,52, ,
3, ,52, ,
1, ,52, ,
4, ,53, ,
4, ,53, ,
4, ,53, ,
0, ,53, ,
5, ,52, ,
4, ,51, ,
1, ,53, ,
-1, ,52, ,
5, ,52, ,
6, ,53, ,
6, ,53, ,
5, ,52, ,
5, ,54, ,
4, ,52, ,
4, ,52, ,
-2, ,53, ,
0, ,52, ,
4, ,51, ,
3, ,53, ,
3, ,53, ,
8, ,53, ,
5, ,52, ,
4, ,53, ,
3, ,52, ,
5, ,53, ,
4, ,52, ,
8, ,52, ,
4, ,53, ,
9, ,52, ,
11, ,51, ,
6, ,53, ,
8, ,52, ,
9, ,53, ,
6, ,53, ,
6, ,53, ,
4, ,52, ,
6, ,53, ,
6, ,52, ,
6, ,52, ,
5, ,53, ,
8, ,53, ,
5, ,51, ,
4, ,53, ,
1, ,53, ,
3, ,53, ,
1, ,52, ,
4, ,53, ,
4, ,52, ,
6, ,54, ,
8, ,51, ,
3, ,52, ,
-6, ,53, ,
-1, ,53, ,
0, ,51, ,
3, ,53, ,
3, ,53, ,
8, ,52, ,
4, ,53, ,
4, ,53, ,
5, ,52, ,
4, ,53, ,
3, ,52, ,
3, ,52, ,
-4, ,53, ,
1, ,52, ,
4, ,51, ,
1, ,53, ,
-1, ,53, ,
1, ,52, ,
3, ,52, ,
3, ,53, ,
0, ,52, ,
5, ,53, ,
4, ,52, ,
3, ,52, ,
-2, ,53, ,
3, ,53, ,
5, ,51, ,
1, ,53, ,
1, ,52, ,
3, ,52, ,
1, ,52, ,
3, ,53, ,
-1, ,52, ,
1, ,53, ,
0, ,52, ,
1, ,52, ,
-4, ,53, ,
0, ,53, ,
0, ,51, ,
0, ,53, ,
-1, ,53, ,
3, ,53, ,
1, ,52, ,
5, ,53, ,
3, ,51, ,
6, ,53, ,
4, ,52, ,
4, ,52, ,
-6, ,53, ,
-2, ,52, ,
0, ,51, ,
-1, ,53, ,
-2, ,52, ,
1, ,53, ,
-1, ,52, ,
3, ,52, ,
-2, ,52, ,
0, ,53, ,
1, ,52, ,
1, ,52, ,
-4, ,53, ,
1, ,52, ,
0, ,51, ,
1, ,53, ,
-2, ,53, ,
1, ,52, ,
0, ,52, ,
-2, ,53, ,
-6, ,52, ,
-2, ,53, ,
-4, ,52, ,
-2, ,52, ,
-9, ,53, ,
-2, ,53, ,
-4, ,51, ,
-1, ,53, ,
-9, ,53, ,
0, ,53, ,
-1, ,53, ,
0, ,53, ,
0, ,52, ,
4, ,53, ,
1, ,52, ,
3, ,52, ,
-14, ,53, ,
-1, ,53, ,
3, ,51, ,
-9, ,53, ,
-1, ,52, ,
1, ,52, ,
-2, ,53, ,
-4, ,53, ,
-5, ,52, ,
-2, ,53, ,
-4, ,52, ,
-1, ,53, ,
-7, ,53, ,
-2, ,52, ,
-1, ,51, ,
-4, ,53, ,
-6, ,53, ,
-1, ,53, ,
-5, ,52, ,
-2, ,53, ,
-4, ,53, ,
-2, ,53, ,
-2, ,52, ,
-2, ,53, ,
-9, ,53, ,
-1, ,53, ,
1, ,51, ,
-1, ,53, ,
-5, ,52, ,
-1, ,53, ,
-4, ,53, ,
-5, ,53, ,
-1, ,52, ,
-2, ,53, ,
-1, ,52, ,
1, ,52, ,
-4, ,53, ,
1, ,52, ,
1, ,51, ,
0, ,53, ,
-1, ,53, ,
4, ,52, ,
0, ,53, ,
-1, ,53, ,
-1, ,52, ,
0, ,53, ,
1, ,52, ,
1, ,53, ,
-4, ,53, ,
0, ,53, ,
0, ,51, ,
-1, ,53, ,
-2, ,53, ,
3, ,53, ,
1, ,52, ,
3, ,53, ,
-2, ,52, ,
-1, ,53, ,
-1, ,52, ,
3, ,52, ,
-1, ,53, ,
4, ,53, ,
4, ,51, ,
3, ,53, ,
0, ,52, ,
1, ,52, ,
-2, ,53, ,
-2, ,53, ,
-5, ,52, ,
0, ,53, ,
-2, ,52, ,
3, ,52, ,
-1, ,53, ,
0, ,53, ,
3, ,51, ,
0, ,54, ,
-5, ,53, ,
-2, ,53, ,
-2, ,53, ,
1, ,53, ,
0, ,52, ,
3, ,54, ,
3, ,52, ,
3, ,52, ,
-1, ,53, ,
0, ,53, ,
4, ,51, ,
-1, ,53, ,
-7, ,52, ,
-5, ,52, ,
-5, ,52, ,
-2, ,52, ,
1, ,52, ,
3, ,53, ,
3, ,52, ,
5, ,52, ,
0, ,53, ,
5, ,52, ,
9, ,51, ,
5, ,53, ,
0, ,52, ,
6, ,53, ,
3, ,53, ,
0, ,53, ,
-1, ,52, ,
3, ,53, ,
3, ,52, ,
5, ,52, ,
1, ,53, ,
9, ,52, ,
9, ,51, ,
8, ,53, ,
5, ,53, ,
6, ,52, ,
4, ,52, ,
3, ,52, ,
4, ,52, ,
6, ,53, ,
8, ,52, ,
14, ,52, ,
8, ,53, ,
9, ,53, ,
5, ,51, ,
1, ,53, ,
-4, ,53, ,
0, ,52, ,
0, ,52, ,
3, ,53, ,
3, ,52, ,
-1, ,53, ,
5, ,52, ,
9, ,53, ,
-1, ,53, ,
6, ,53, ,
6, ,51, ,
6, ,53, ,
6, ,53, ,
13, ,53, ,
6, ,53, ,
5, ,53, ,
0, ,52, ,
4, ,53, ,
4, ,52, ,
5, ,53, ,
6, ,53, ,
6, ,53, ,
8, ,51, ,
8, ,53, ,
3, ,53, ,
8, ,53, ,
3, ,53, ,
5, ,53, ,
0, ,52, ,
3, ,53, ,
4, ,52, ,
5, ,52, ,
3, ,53, ,
5, ,53, ,
5, ,51, ,
5, ,53, ,
8, ,53, ,
9, ,53, ,
3, ,52, ,
4, ,53, ,
1, ,52, ,
1, ,53, ,
1, ,52, ,
6, ,53, ,
0, ,53, ,
5, ,53, ,
4, ,51, ,
4, ,53, ,
-1, ,52, ,
1, ,52, ,
3, ,53, ,
1, ,53, ,
4, ,52, ,
4, ,53, ,
3, ,53, ,
4, ,53, ,
-2, ,53, ,
1, ,53, ,
4, ,51, ,
3, ,54, ,
4, ,53, ,
9, ,52, ,
6, ,52, ,
5, ,53, ,
3, ,52, ,
5, ,53, ,
0, ,52, ,
3, ,53, ,
-1, ,53, ,
1, ,53, ,
5, ,51, ,
3, ,53, ,
0, ,53, ,
3, ,52, ,
3, ,53, ,
5, ,53, ,
3, ,52, ,
5, ,53, ,
4, ,52, ,
5, ,53, ,
0, ,53, ,
3, ,53, ,
4, ,52, ,
1, ,53, ,
0, ,53, ,
4, ,53, ,
1, ,53, ,
1, ,53, ,
0, ,52, ,
3, ,54, ,
3, ,52, ,
1, ,53, ,
-2, ,53, ,
3, ,53, ,
1, ,51, ,
1, ,53, ,
4, ,52, ,
10, ,49, ,
3, ,41, ,
-1, ,31, ,
-5, ,20, ,
-9, ,12, ,
-10, ,4, ,
-9, ,-1, ,
-12, ,-6, ,
-5, ,-11, ,
-6, ,-16, ,
-6, ,-19, ,
-9, ,-22, ,
-4, ,-24, ,
-4, ,-26, ,
-5, ,-28, ,
-5, ,-30, ,
-2, ,-31, ,
-4, ,-33, ,
-1, ,-33, ,
-5, ,-35, ,
-1, ,-36, ,
-1, ,-37, ,
-4, ,-37, ,
-5, ,-38, ,
-1, ,-38, ,
-1, ,-39, ,
-2, ,-39, ,
-5, ,-39, ,
-1, ,-40, ,
-1, ,-40, ,
-1, ,-40, ,
-6, ,-40, ,
-1, ,-40, ,
3, ,-40, ,
0, ,-41, ,
-5, ,-40, ,
1, ,-40, ,
-2, ,-41, ,
-1, ,-40, ,
-4, ,-41, ,
-2, ,-41, ,
-1, ,-41, ,
-2, ,-41, ,
-6, ,-41, ,
-1, ,-41, ,
1, ,-40, ,
-2, ,-41, ,
-7, ,-40, ,
-1, ,-41, ,
-2, ,-41, ,
-1, ,-41, ,
-5, ,-41, ,
-2, ,-41, ,
0, ,-41, ,
0, ,-40, ,
-5, ,-40, ,
3, ,-41, ,
6, ,-40, ,
3, ,-41, ,
-2, ,-41, ,
4, ,-40, ,
1, ,-41, ,
-4, ,-40, ,
-5, ,-40, ,
-2, ,-41, ,
0, ,-41, ,
1, ,-41, ,
-5, ,-40, ,
1, ,-41, ,
0, ,-40, ,
-1, ,-40, ,
-4, ,-41, ,
-4, ,-40, ,
0, ,-41, ,
0, ,-41, ,
-2, ,-40, ,
1, ,-41, ,
-1, ,-41, ,
1, ,-40, ,
-5, ,-40, ,
-1, ,-41, ,
1, ,-40, ,
-1, ,-40, ,
-2, ,-40, ,
3, ,-40, ,
0, ,-40, ,
0, ,-41, ,
-1, ,-40, ,
0, ,-41, ,
-1, ,-40, ,
0, ,-40, ,
-4, ,-40, ,
-2, ,-41, ,
1, ,-40, ,
-2, ,-40, ,
-6, ,-40, ,
0, ,-40, ,
-2, ,-40, ,
-2, ,-40, ,
-2, ,-40, ,
1, ,-41, ,
0, ,-40, ,
1, ,-40, ,
-1, ,-40, ,
-1, ,-40, ,
1, ,-40, ,
-1, ,-41, ,
-6, ,-41, ,
1, ,-40, ,
-2, ,-40, ,
-2, ,-40, ,
-2, ,-40, ,
1, ,-41, ,
1, ,-40, ,
3, ,-40, ,
-1, ,-40, ,
1, ,-40, ,
0, ,-40, ,
-1, ,-40, ,
-2, ,-40, ,
4, ,-40, ,
0, ,-40, ,
0, ,-40, ,
1, ,-40, ,
3, ,-40, ,
3, ,-40, ,
1, ,-40, ,
-4, ,-40, ,
1, ,-40, ,
4, ,-40, ,
0, ,-40, ,
-1, ,-40, ,
6, ,-40, ,
1, ,-40, ,
1, ,-40, ,
3, ,-39, ,
6, ,-41, ,
6, ,-40, ,
8, ,-40, ,
3, ,-40, ,
6, ,-40, ,
5, ,-40, ,
0, ,-40, ,
-4, ,-40, ,
3, ,-40, ,
1, ,-40, ,
-1, ,-40, ,
0, ,-40, ,
3, ,-41, ,
4, ,-40, ,
5, ,-40, ,
3, ,-40, ,
3, ,-40, ,
5, ,-40, ,
1, ,-40, ,
-6, ,-40, ,
3, ,-40, ,
3, ,-40, ,
4, ,-40, ,
4, ,-40, ,
6, ,-40, ,
5, ,-40, ,
5, ,-40, ,
-1, ,-40, ,
-1, ,-40, ,
1, ,-40, ,
0, ,-40, ,
-4, ,-41, ,
4, ,-40, ,
3, ,-40, ,
3, ,-40, ,
3, ,-40, ,
4, ,-41, ,
6, ,-40, ,
4, ,-40, ,
0, ,-40, ,
6, ,-40, ,
9, ,-40, ,
8, ,-40, ,
0, ,-40, ,
4, ,-40, ,
3, ,-40, ,
0, ,-40, ,
0, ,-40, ,
1, ,-40, ,
5, ,-40, ,
4, ,-40, ,
0, ,-40, ,
5, ,-41, ,
6, ,-40, ,
3, ,-40, ,
1, ,-40, ,
5, ,-40, ,
5, ,-40, ,
3, ,-40, ,
4, ,-40, ,
4, ,-40, ,
4, ,-40, ,
8, ,-40, ,
0, ,-40, ,
5, ,-40, ,
6, ,-40, ,
3, ,-40, ,
0, ,-40, ,
5, ,-40, ,
5, ,-40, ,
8, ,-40, ,
4, ,-40, ,
5, ,-40, ,
5, ,-40, ,
5, ,-40, ,
-1, ,-40, ,
3, ,-40, ,
8, ,-40, ,
4, ,-40, ,
3, ,-40, ,
8, ,-40, ,
4, ,-40, ,
4, ,-40, ,
3, ,-40, ,
5, ,-41, ,
5, ,-40, ,
8, ,-40, ,
3, ,-40, ,
8, ,-40, ,
6, ,-40, ,
5, ,-40, ,
-2, ,-40, ,
3, ,-40, ,
3, ,-40, ,
3, ,-40, ,
0, ,-40, ,
1, ,-40, ,
4, ,-40, ,
4, ,-40, ,
0, ,-40, ,
3, ,-40, ,
4, ,-40, ,
4, ,-40, ,
1, ,-40, ,
6, ,-40, ,
6, ,-40, ,
1, ,-40, ,
0, ,-40, ,
1, ,-41, ,
3, ,-40, ,
0, ,-40, ,
-6, ,-40, ,
0, ,-40, ,
1, ,-40, ,
1, ,-40, ,
-1, ,-40, ,
3, ,-40, ,
3, ,-40, ,
-2, ,-40, ,
-1, ,-40, ,
0, ,-41, ,
0, ,-40, ,
1, ,-40, ,
-6, ,-40, ,
0, ,-41, ,
0, ,-40, ,
-1, ,-40, ,
-2, ,-40, ,
1, ,-40, ,
0, ,-40, ,
0, ,-40, ,
-2, ,-40, ,
-1, ,-41, ,
-2, ,-40, ,
1, ,-40, ,
-2, ,-40, ,
1, ,-40, ,
6, ,-40, ,
1, ,-40, ,
1, ,-40, ,
4, ,-40, ,
3, ,-40, ,
5, ,-40, ,
0, ,-40, ,
3, ,-40, ,
1, ,-40, ,
1, ,-40, ,
-2, ,-40, ,
-1, ,-40, ,
1, ,-40, ,
-1, ,-40, ,
-6, ,-40, ,
3, ,-40, ,
0, ,-40, ,
-1, ,-40, ,
-2, ,-40, ,
-1, ,-40, ,
0, ,-40, ,
0, ,-40, ,
-5, ,-40, ,
3, ,-40, ,
5, ,-40, ,
3, ,-40, ,
4, ,-40, ,
3, ,-40, ,
0, ,-40, ,
-2, ,-40, ,
-5, ,-40, ,
-4, ,-40, ,
-2, ,-40, ,
0, ,-40, ,
-4, ,-40, ,
1, ,-40, ,
1, ,-40, ,
3, ,-40, ,
0, ,-40, ,
1, ,-40, ,
1, ,-40, ,
-2, ,-40, ,
-1, ,-40, ,
-1, ,-41, ,
0, ,-40, ,
1, ,-40, ,
-6, ,-40, ,
-1, ,-40, ,
0, ,-40, ,
-2, ,-40, ,
-6, ,-40, ,
1, ,-40, ,
0, ,-40, ,
-2, ,-40, ,
-5, ,-40, ,
0, ,-40, ,
-2, ,-40, ,
-2, ,-40, ,
-5, ,-40, ,
0, ,-40, ,
1, ,-40, ,
-1, ,-40, ,
-4, ,-40, ,
0, ,-40, ,
-1, ,-40, ,
0, ,-40, ,
0, ,-40, ,
1, ,-40, ,
1, ,-40, ,
1, ,-40, ,
-5, ,-40, ,
-1, ,-40, ,
1, ,-40, ,
1, ,-40, ,
-2, ,-40, ,
6, ,-39, ,
1, ,-40, ,
0, ,-40, ,
-1, ,-40, ,
-4, ,-40, ,
-1, ,-40, ,
0, ,-40, ,
-2, ,-40, ,
1, ,-40, ,
1, ,-40, ,
0, ,-40, ,
-6, ,-40, ,
1, ,-40, ,
3, ,-40, ,
-6, ,-40, ,
-2, ,-40, ,
4, ,-40, ,
-1, ,-40, ,
3, ,-40, ,
-5, ,-40, ,
0, ,-40, ,
1, ,-40, ,
-2, ,-40, ,
-5, ,-40, ,
0, ,-40, ,
1, ,-40, ,
3, ,-40, ,
3, ,-40, ,
8, ,-40, ,
1, ,-40, ,
4, ,-40, ,
-1, ,-40, ,
-1, ,-40, ,
4, ,-40, ,
3, ,-40, ,
3, ,-40, ,
6, ,-40, ,
3, ,-40, ,
1, ,-40, ,
-4, ,-40, ,
0, ,-41, ,
-1, ,-40, ,
1, ,-40, ,
1, ,-40, ,
4, ,-40, ,
10, ,-40, ,
4, ,-40, ,
-6, ,-40, ,
-4, ,-40, ,
-4, ,-40, ,
-1, ,-40, ,
1, ,-40, ,
3, ,-40, ,
1, ,-40, ,
1, ,-40, ,
-6, ,-40, ,
0, ,-40, ,
-1, ,-40, ,
-2, ,-40, ,
-9, ,-40, ,
-2, ,-40, ,
1, ,-40, ,
1, ,-40, ,
1, ,-40, ,
4, ,-41, ,
6, ,-40, ,
6, ,-40, ,
0, ,-40, ,
5, ,-40, ,
1, ,-40, ,
-1, ,-40, ,
-2, ,-40, ,
3, ,-40, ,
1, ,-40, ,
3, ,-40, ,
3, ,-39, ,
1, ,-40, ,
1, ,-40, ,
3, ,-40, ,
-2, ,-40, ,
5, ,-40, ,
8, ,-40, ,
5, ,-40, ,
1, ,-40, ,
6, ,-40, ,
5, ,-40, ,
4, ,-40, ,
3, ,-40, ,
5, ,-41, ,
3, ,-40, ,
6, ,-40, ,
1, ,-40, ,
1, ,-40, ,
6, ,-40, ,
0, ,-40, ,
-5, ,-40, ,
4, ,-40, ,
3, ,-40, ,
3, ,-40, ,
5, ,-39, ,
8, ,-41, ,
8, ,-40, ,
6, ,-40, ,
1, ,-40, ,
4, ,-40, ,
4, ,-40, ,
0, ,-40, ,
-2, ,-40, ,
5, ,-40, ,
3, ,-40, ,
3, ,-40, ,
3, ,-40, ,
6, ,-40, ,
4, ,-40, ,
5, ,-40, ,
0, ,-40, ,
4, ,-40, ,
5, ,-40, ,
3, ,-40, ,
1, ,-40, ,
6, ,-40, ,
4, ,-40, ,
1, ,-40, ,
-2, ,-40, ,
-1, ,-40, ,
0, ,-40, ,
3, ,-40, ,
0, ,-40, ,
4, ,-40, ,
4, ,-40, ,
1, ,-40, ,
-2, ,-40, ,
4, ,-40, ,
3, ,-40, ,
0, ,-40, ,
0, ,-40, ,
4, ,-40, ,
6, ,-40, ,
3, ,-40, ,
-4, ,-40, ,
1, ,-40, ,
3, ,-40, ,
-2, ,-40, ,
0, ,-40, ,
5, ,-40, ,
1, ,-40, ,
4, ,-40, ,
3, ,-40, ,
5, ,-41, ,
5, ,-40, ,
4, ,-40, ,
-1, ,-40, ,
3, ,-40, ,
3, ,-40, ,
1, ,-40, ,
0, ,-40, ,
3, ,-40, ,
3, ,-40, ,
-1, ,-40, ,
-2, ,-40, ,
0, ,-40, ,
-1, ,-40, ,
0, ,-40, ,
-4, ,-40, ,
1, ,-40, ,
5, ,-40, ,
1, ,-40, ,
3, ,-40, ,
5, ,-39, ,
4, ,-40, ,
4, ,-40, ,
1, ,-40, ,
9, ,-40, ,
8, ,-40, ,
5, ,-40, ,
1, ,-40, ,
3, ,-40, ,
5, ,-40, ,
1, ,-40, ,
-2, ,-40, ,
3, ,-40, ,
1, ,-40, ,
-1, ,-40, ,
-1, ,-40, ,
1, ,-40, ,
3, ,-40, ,
4, ,-40, ,
1, ,-40, ,
4, ,-40, ,
6, ,-40, ,
5, ,-40, ,
-2, ,-40, ,
4, ,-40, ,
3, ,-40, ,
-1, ,-40, ,
-1, ,-40, ,
-2, ,-40, ,
-1, ,-40, ,
-1, ,-40, ,
-6, ,-40, ,
0, ,-40, ,
1, ,-40, ,
1, ,-40, ,
-2, ,-40, ,
4, ,-40, ,
1, ,-40, ,
-1, ,-40, ,
-4, ,-40, ,
-4, ,-41, ,
-1, ,-40, ,
0, ,-40, ,
-4, ,-40, ,
3, ,-40, ,
4, ,-40, ,
1, ,-40, ,
-2, ,-40, ,
-1, ,-40, ,
-4, ,-40, ,
-5, ,-40, ,
-7, ,-40, ,
-2, ,-41, ,
-2, ,-40, ,
0, ,-40, ,
-1, ,-40, ,
1, ,-40, ,
1, ,-40, ,
-1, ,-40, ,
-4, ,-40, ,
0, ,-40, ,
-4, ,-40, ,
-1, ,-40, ,
-1, ,-40, ,
3, ,-40, ,
3, ,-40, ,
-2, ,-40, ,
-2, ,-40, ,
0, ,-40, ,
1, ,-40, ,
1, ,-40, ,
0, ,-40, ,
0, ,-40, ,
-2, ,-40, ,
-2, ,-40, ,
-5, ,-39, ,
0, ,-40, ,
3, ,-40, ,
3, ,-40, ,
-1, ,-40, ,
4, ,-40, ,
5, ,-40, ,
3, ,-40, ,
-2, ,-40, ,
4, ,-40, ,
0, ,-40, ,
-1, ,-40, ,
-4, ,-40, ,
-2, ,-40, ,
-1, ,-40, ,
3, ,-40, ,
-4, ,-40, ,
5, ,-40, ,
4, ,-40, ,
0, ,-40, ,
-4, ,-40, ,
-2, ,-40, ,
-2, ,-40, ,
-5, ,-40, ,
-4, ,-40, ,
-1, ,-40, ,
-1, ,-40, ,
0, ,-40, ,
-5, ,-40, ,
0, ,-40, ,
1, ,-40, ,
0, ,-40, ,
-2, ,-40, ,
5, ,-40, ,
3, ,-40, ,
1, ,-40, ,
-1, ,-40, ,
1, ,-41, ,
0, ,-40, ,
0, ,-40, ,
-7, ,-40, ,
-2, ,-40, ,
1, ,-40, ,
-1, ,-40, ,
-2, ,-40, ,
6, ,-40, ,
3, ,-40, ,
3, ,-40, ,
0, ,-40, ,
1, ,-40, ,
0, ,-40, ,
0, ,-40, ,
-5, ,-40, ,
-1, ,-40, ,
0, ,-40, ,
-4, ,-40, ,
-7, ,-40, ,
0, ,-40, ,
-2, ,-40, ,
-1, ,-40, ,
-1, ,-40, ,
-1, ,-40, ,
-1, ,-40, ,
5, ,-40, ,
0, ,-40, ,
3, ,-40, ,
3, ,-40, ,
3, ,-41, ,
-2, ,-40, ,
3, ,-40, ,
-1, ,-40, ,
1, ,-40, ,
1, ,-40, ,
3, ,-40, ,
3, ,-40, ,
1, ,-40, ,
-7, ,-40, ,
-2, ,-40, ,
-1, ,-40, ,
1, ,-40, ,
-1, ,-40, ,
8, ,-40, ,
-2, ,-40, ,
8, ,-40, ,
10, ,-40, ,
3, ,-41, ,
4, ,-40, ,
4, ,-40, ,
-1, ,-40, ,
1, ,-40, ,
5, ,-40, ,
1, ,-40, ,
1, ,-40, ,
6, ,-40, ,
3, ,-40, ,
3, ,-40, ,
0, ,-40, ,
4, ,-41, ,
3, ,-40, ,
4, ,-40, ,
0, ,-40, ,
1, ,-40, ,
4, ,-40, ,
1, ,-40, ,
0, ,-40, ,
3, ,-40, ,
3, ,-40, ,
3, ,-40, ,
0, ,-40, ,
6, ,-40, ,
4, ,-40, ,
4, ,-40, ,
-1, ,-40, ,
-1, ,-40, ,
1, ,-40, ,
-1, ,-40, ,
-5, ,-40, ,
5, ,-40, ,
4, ,-40, ,
3, ,-40, ,
3, ,-40, ,
4, ,-40, ,
4, ,-40, ,
3, ,-40, ,
-4, ,-40, ,
4, ,-40, ,
3, ,-40, ,
0, ,-40, ,
-1, ,-40, ,
8, ,-40, ,
5, ,-40, ,
4, ,-40, ,
0, ,-40, ,
0, ,-40, ,
3, ,-40, ,
3, ,-40, ,
-2, ,-40, ,
1, ,-40, ,
3, ,-40, ,
5, ,-40, ,
0, ,-40, ,
5, ,-40, ,
4, ,-40, ,
1, ,-40, ,
1, ,-40, ,
4, ,-40, ,
5, ,-40, ,
4, ,-40, ,
0, ,-40, ,
4, ,-40, ,
5, ,-40, ,
3, ,-40, ,
0, ,-40, ,
5, ,-40, ,
4, ,-40, ,
3, ,-40, ,
3, ,-40, ,
4, ,-41, ,
1, ,-40, ,
4, ,-40, ,
-4, ,-40, ,
0, ,-40, ,
5, ,-40, ,
1, ,-40, ,
1, ,-40, ,
5, ,-40, ,
6, ,-40, ,
6, ,-40, ,
3, ,-40, ,
4, ,-40, ,
4, ,-40, ,
4, ,-40, ,
-4, ,-40, ,
0, ,-40, ,
1, ,-40, ,
0, ,-40, ,
-1, ,-40, ,
4, ,-40, ,
3, ,-40, ,
0, ,-40, ,
1, ,-40, ,
1, ,-40, ,
3, ,-40, ,
3, ,-40, ,
3, ,-40, ,
4, ,-40, ,
6, ,-40, ,
3, ,-40, ,
0, ,-40, ,
4, ,-40, ,
-2, ,-37, ,
4, ,-29, ,
6, ,-20, ,
6, ,-10, ,
10, ,-1, ,
8, ,7, ,
-1, ,13, ,
4, ,18, ,
4, ,22, ,
4, ,28, ,
4, ,32, ,
9, ,34, ,
9, ,37, ,
6, ,39, ,
4, ,40, ,
4, ,44, ,
3, ,44, ,
6, ,46, ,
-1, ,47, ,
4, ,48, ,
4, ,47, ,
0, ,50, ,
-1, ,50, ,
3, ,50, ,
-1, ,51, ,
0, ,52, ,
-2, ,51, ,
1, ,53, ,
0, ,51, ,
3, ,52, ,
1, ,53, ,
4, ,53, ,
4, ,51, ,
3, ,53, ,
1, ,53, ,
4, ,53, ,
0, ,53, ,
6, ,54, ,
-2, ,52, ,
1, ,54, ,
4, ,53, ,
4, ,53, ,
0, ,53, ,
5, ,53, ,
3, ,52, ,
0, ,54, ,
-2, ,53, ,
3, ,53, ,
-2, ,53, ,
-1, ,54, ,
0, ,53, ,
0, ,54, ,
3, ,52, ,
5, ,53, ,
0, ,53, ,
6, ,53, ,
5, ,52, ,
3, ,54, ,
-1, ,53, ,
3, ,53, ,
0, ,53, ,
0, ,53, ,
-1, ,52, ,
1, ,54, ,
3, ,53, ,
6, ,53, ,
-1, ,53, ,
8, ,53, ,
1, ,52, ,
4, ,53, ,
1, ,53, ,
0, ,53, ,
-1, ,53, ,
-5, ,53, ,
-6, ,52, ,
-2, ,54, ,
-2, ,52, ,
3, ,53, ,
-4, ,53, ,
4, ,53, ,
3, ,51, ,
0, ,53, ,
-5, ,53, ,
-1, ,53, ,
-4, ,53, ,
-4, ,53, ,
-5, ,52, ,
1, ,54, ,
0, ,53, ,
3, ,53, ,
-4, ,53, ,
0, ,53, ,
0, ,52, ,
-2, ,53, ,
-5, ,52, ,
3, ,53, ,
0, ,53, ,
3, ,53, ,
0, ,52, ,
3, ,54, ,
0, ,52, ,
1, ,53, ,
-4, ,53, ,
1, ,53, ,
3, ,51, ,
0, ,53, ,
-7, ,52, ,
1, ,53, ,
-4, ,53, ,
-4, ,53, ,
-5, ,52, ,
-1, ,54, ,
-4, ,52, ,
1, ,53, ,
0, ,53, ,
4, ,53, ,
4, ,51, ,
5, ,53, ,
-1, ,53, ,
3, ,52, ,
0, ,53, ,
-5, ,53, ,
-2, ,52, ,
0, ,54, ,
1, ,52, ,
4, ,53, ,
-4, ,53, ,
1, ,53, ,
0, ,51, ,
0, ,53, ,
-4, ,53, ,
-1, ,52, ,
-1, ,53, ,
-1, ,53, ,
-1, ,52, ,
4, ,53, ,
1, ,52, ,
6, ,52, ,
3, ,53, ,
8, ,53, ,
4, ,51, ,
3, ,53, ,
1, ,53, ,
6, ,53, ,
5, ,53, ,
0, ,53, ,
-4, ,52, ,
1, ,54, ,
-1, ,52, ,
-1, ,52, ,
-2, ,53, ,
3, ,53, ,
3, ,51, ,
0, ,53, ,
3, ,53, ,
8, ,53, ,
6, ,53, ,
6, ,53, ,
4, ,52, ,
1, ,53, ,
-2, ,52, ,
0, ,53, ,
-5, ,53, ,
3, ,53, ,
4, ,51, ,
1, ,53, ,
-2, ,53, ,
3, ,52, ,
-2, ,53, ,
-2, ,53, ,
-4, ,52, ,
0, ,53, ,
5, ,52, ,
4, ,52, ,
-2, ,53, ,
-1, ,53, ,
1, ,51, ,
-4, ,54, ,
-4, ,52, ,
4, ,52, ,
3, ,52, ,
6, ,53, ,
1, ,52, ,
3, ,54, ,
1, ,52, ,
-1, ,52, ,
-5, ,53, ,
0, ,53, ,
0, ,51, ,
5, ,53, ,
-1, ,53, ,
4, ,52, ,
1, ,53, ,
0, ,53, ,
0, ,51, ,
1, ,53, ,
-2, ,52, ,
4, ,52, ,
-1, ,53, ,
4, ,53, ,
5, ,51, ,
1, ,53, ,
1, ,53, ,
6, ,52, ,
5, ,53, ,
4, ,53, ,
-1, ,52, ,
3, ,53, ,
0, ,52, ,
1, ,52, ,
-2, ,53, ,
3, ,53, ,
4, ,51, ,
0, ,53, ,
-2, ,53, ,
5, ,53, ,
4, ,53, ,
4, ,53, ,
4, ,52, ,
5, ,53, ,
1, ,52, ,
3, ,53, ,
-2, ,53, ,
3, ,53, ,
1, ,51, ,
1, ,53, ,
0, ,53, ,
5, ,53, ,
3, ,53, ,
3, ,53, ,
0, ,51, ,
3, ,53, ,
3, ,52, ,
0, ,53, ,
1, ,53, ,
3, ,53, ,
4, ,51, ,
4, ,53, ,
-1, ,52, ,
6, ,52, ,
4, ,53, ,
3, ,53, ,
0, ,52, ,
0, ,53, ,
1, ,52, ,
3, ,53, ,
-6, ,53, ,
1, ,53, ,
0, ,51, ,
3, ,53, ,
0, ,52, ,
6, ,53, ,
5, ,53, ,
5, ,52, ,
3, ,52, ,
3, ,53, ,
-1, ,52, ,
3, ,53, ,
-1, ,53, ,
1, ,53, ,
3, ,51, ,
1, ,53, ,
-1, ,53, ,
1, ,52, ,
0, ,53, ,
1, ,53, ,
-1, ,52, ,
1, ,53, ,
-1, ,52, ,
-1, ,53, ,
-5, ,53, ,
0, ,53, ,
3, ,51, ,
1, ,53, ,
4, ,52, ,
6, ,52, ,
5, ,53, ,
8, ,53, ,
4, ,52, ,
5, ,53, ,
1, ,52, ,
3, ,53, ,
-2, ,53, ,
0, ,53, ,
1, ,51, ,
1, ,53, ,
-1, ,53, ,
6, ,52, ,
1, ,53, ,
4, ,53, ,
0, ,52, ,
1, ,54, ,
1, ,52, ,
4, ,53, ,
1, ,53, ,
5, ,53, ,
3, ,51, ,
1, ,53, ,
-5, ,53, ,
5, ,52, ,
-1, ,53, ,
-2, ,53, ,
-6, ,52, ,
-4, ,53, ,
-2, ,52, ,
-2, ,53, ,
-9, ,53, ,
-4, ,53, ,
-6, ,51, ,
-7, ,53, ,
-11, ,53, ,
-5, ,52, ,
-4, ,52, ,
5, ,53, ,
8, ,52, ,
13, ,54, ,
14, ,52, ,
14, ,52, ,
6, ,53, ,
5, ,52, ,
-1, ,51, ,
-5, ,53, ,
-5, ,53, ,
-4, ,52, ,
-5, ,52, ,
-2, ,53, ,
-5, ,52, ,
0, ,53, ,
0, ,52, ,
1, ,53, ,
-2, ,53, ,
-1, ,53, ,
3, ,51, ,
-1, ,53, ,
-2, ,53, ,
0, ,52, ,
-5, ,53, ,
-4, ,53, ,
-6, ,52, ,
3, ,53, ,
4, ,52, ,
8, ,52, ,
1, ,53, ,
3, ,53, ,
1, ,51, ,
-4, ,53, ,
-10, ,52, ,
-5, ,52, ,
-10, ,53, ,
-5, ,53, ,
-1, ,52, ,
1, ,53, ,
1, ,52, ,
5, ,52, ,
4, ,53, ,
6, ,53, ,
4, ,51, ,
4, ,53, ,
-1, ,53, ,
1, ,52, ,
-2, ,53, ,
-4, ,53, ,
-4, ,51, ,
0, ,53, ,
4, ,52, ,
3, ,52, ,
0, ,53, ,
3, ,53, ,
3, ,51, ,
1, ,53, ,
-1, ,52, ,
1, ,52, ,
0, ,53, ,
-2, ,52, ,
-1, ,51, ,
-1, ,53, ,
-1, ,52, ,
5, ,53, ,
1, ,53, ,
6, ,53, ,
5, ,51, ,
1, ,54, ,
-2, ,53, ,
0, ,52, ,
-5, ,52, ,
-1, ,53, ,
-2, ,51, ,
4, ,54, ,
3, ,52, ,
6, ,52, ,
1, ,53, ,
3, ,53, ,
4, ,51, ,
1, ,53, ,
0, ,53, ,
5, ,52, ,
5, ,52, ,
6, ,53, ,
3, ,52, ,
5, ,53, ,
1, ,52, ,
1, ,53, ,
-6, ,53, ,
-2, ,53, ,
0, ,51, ,
-2, ,54, ,
-4, ,53, ,
4, ,52, ,
3, ,53, ,
4, ,53, ,
3, ,52, ,
3, ,53, ,
4, ,52, ,
6, ,53, ,
1, ,53, ,
4, ,53, ,
3, ,51, ,
1, ,53, ,
-6, ,52, ,
3, ,52, ,
0, ,53, ,
1, ,53, ,
1, ,52, ,
4, ,53, ,
5, ,52, ,
5, ,53, ,
0, ,53, ,
4, ,53, ,
0, ,51, ,
1, ,53, ,
-2, ,53, ,
1, ,52, ,
-1, ,53, ,
1, ,53, ,
4, ,51, ,
5, ,54, ,
3, ,52, ,
6, ,52, ,
0, ,53, ,
5, ,53, ,
5, ,51, ,
1, ,53, ,
3, ,52, ,
5, ,52, ,
5, ,53, ,
6, ,53, ,
3, ,52, ,
4, ,53, ,
3, ,52, ,
5, ,53, ,
-1, ,53, ,
3, ,53, ,
4, ,51, ,
4, ,53, ,
-1, ,53, ,
6, ,52, ,
4, ,53, ,
5, ,53, ,
0, ,51, ,
3, ,53, ,
1, ,52, ,
3, ,53, ,
0, ,53, ,
5, ,53, ,
5, ,51, ,
4, ,53, ,
-1, ,52, ,
5, ,52, ,
3, ,53, ,
0, ,52, ,
-2, ,51, ,
-1, ,53, ,
-1, ,52, ,
3, ,52, ,
-1, ,53, ,
3, ,53, ,
0, ,51, ,
0, ,53, ,
-4, ,52, ,
4, ,52, ,
1, ,53, ,
0, ,53, ,
-1, ,52, ,
0, ,54, ,
-1, ,52, ,
-1, ,53, ,
-6, ,53, ,
-1, ,53, ,
0, ,51, ,
3, ,53, ,
0, ,53, ,
4, ,52, ,
4, ,53, ,
-4, ,53, ,
-1, ,52, ,
8, ,53, ,
-1, ,52, ,
6, ,53, ,
0, ,53, ,
6, ,52, ,
9, ,51, ,
6, ,53, ,
4, ,52, ,
5, ,52, ,
3, ,53, ,
1, ,53, ,
-1, ,52, ,
1, ,54, ,
0, ,52, ,
3, ,53, ,
-1, ,53, ,
5, ,52, ,
8, ,51, ,
9, ,53, ,
9, ,53, ,
11, ,52, ,
11, ,53, ,
9, ,53, ,
8, ,52, ,
8, ,53, ,
5, ,52, ,
5, ,53, ,
-1, ,53, ,
0, ,53, ,
6, ,51, ,
6, ,53, ,
3, ,53, ,
10, ,52, ,
5, ,52, ,
5, ,53, ,
3, ,52, ,
1, ,53, ,
4, ,52, ,
1, ,53, ,
-2, ,53, ,
5, ,53, ,
4, ,51, ,
3, ,53, ,
-1, ,52, ,
5, ,53, ,
6, ,53, ,
4, ,54, ,
4, ,52, ,
3, ,53, ,
4, ,52, ,
1, ,53, ,
-4, ,53, ,
1, ,53, ,
1, ,51, ,
3, ,53, ,
1, ,53, ,
5, ,52, ,
3, ,53, ,
4, ,53, ,
1, ,52, ,
1, ,53, ,
1, ,52, ,
5, ,52, ,
1, ,53, ,
4, ,53, ,
1, ,51, ,
0, ,53, ,
-1, ,53, ,
3, ,52, ,
3, ,53, ,
4, ,53, ,
3, ,52, ,
4, ,53, ,
1, ,52, ,
3, ,53, ,
-2, ,53, ,
0, ,52, ,
4, ,51, ,
3, ,53, ,
-1, ,53, ,
5, ,52, ,
3, ,53, ,
-1, ,52, ,
-2, ,51, ,
-1, ,53, ,
-2, ,52, ,
1, ,53, ,
-2, ,53, ,
1, ,52, ,
3, ,51, ,
0, ,53, ,
-5, ,53, ,
0, ,52, ,
-5, ,53, ,
-2, ,53, ,
-4, ,52, ,
-1, ,53, ,
-2, ,52, ,
4, ,52, ,
-4, ,53, ,
1, ,53, ,
-2, ,51, ,
-4, ,53, ,
-7, ,52, ,
3, ,52, ,
-1, ,53, ,
-1, ,53, ,
0, ,52, ,
4, ,54, ,
1, ,52, ,
0, ,53, ,
-7, ,53, ,
-4, ,53, ,
-5, ,51, ,
-2, ,53, ,
-5, ,53, ,
-2, ,52, ,
-4, ,52, ,
-2, ,53, ,
-6, ,52, ,
-2, ,54, ,
-5, ,52, ,
-2, ,52, ,
-4, ,53, ,
0, ,53, ,
-1, ,51, ,
-2, ,53, ,
-5, ,53, ,
0, ,53, ,
-5, ,53, ,
-5, ,53, ,
-6, ,52, ,
-5, ,53, ,
-6, ,52, ,
-1, ,53, ,
-6, ,53, ,
-2, ,53, ,
-2, ,51, ,
-4, ,53, ,
-2, ,53, ,
3, ,52, ,
0, ,52, ,
1, ,53, ,
-4, ,52, ,
-1, ,53, ,
-2, ,52, ,
-2, ,52, ,
-5, ,53, ,
-5, ,53, ,
-4, ,51, ,
-5, ,53, ,
-11, ,52, ,
-2, ,53, ,
-4, ,53, ,
-2, ,53, ,
0, ,52, ,
0, ,53, ,
4, ,52, ,
1, ,53, ,
-5, ,53, ,
3, ,53, ,
0, ,51, ,
1, ,53, ,
-1, ,52, ,
8, ,52, ,
1, ,53, ,
0, ,53, ,
-2, ,52, ,
-4, ,54, ,
-1, ,52, ,
-1, ,52, ,
-9, ,53, ,
-2, ,53, ,
-4, ,51, ,
0, ,53, ,
1, ,53, ,
6, ,52, ,
1, ,53, ,
-1, ,53, ,
-2, ,51, ,
-1, ,53, ,
1, ,52, ,
9, ,53, ,
3, ,53, ,
8, ,53, ,
4, ,51, ,
-4, ,53, ,
-4, ,52, ,
3, ,52, ,
1, ,53, ,
5, ,53, ,
3, ,51, ,
5, ,53, ,
4, ,52, ,
8, ,52, ,
-1, ,53, ,
1, ,53, ,
4, ,51, ,
1, ,53, ,
3, ,53, ,
9, ,52, ,
1, ,52, ,
4, ,53, ,
1, ,52, ,
-1, ,54, ,
3, ,52, ,
1, ,53, ,
-2, ,53, ,
-2, ,53, ,
-5, ,51, ,
-1, ,53, ,
-2, ,53, ,
4, ,52, ,
3, ,53, ,
1, ,53, ,
-2, ,52, ,
0, ,54, ,
3, ,52, ,
4, ,53, ,
3, ,53, ,
8, ,53, ,
8, ,51, ,
4, ,53, ,
-1, ,53, ,
5, ,52, ,
0, ,53, ,
3, ,53, ,
5, ,51, ,
4, ,53, ,
8, ,52, ,
6, ,52, ,
-1, ,53, ,
4, ,53, ,
4, ,51, ,
5, ,53, ,
1, ,52, ,
5, ,52, ,
3, ,53, ,
3, ,53, ,
4, ,52, ,
4, ,53, ,
4, ,52, ,
6, ,52, ,
1, ,53, ,
8, ,53, ,
9, ,51, ,
3, ,53, ,
-2, ,53, ,
5, ,53, ,
-1, ,53, ,
0, ,53, ,
0, ,52, ,
3, ,53, ,
1, ,52, ,
3, ,52, ,
0, ,53, ,
8, ,53, ,
8, ,51, ,
6, ,53, ,
9, ,53, ,
11, ,52, ,
5, ,53, ,
6, ,53, ,
0, ,52, ,
6, ,53, ,
5, ,52, ,
6, ,52, ,
5, ,53, ,
4, ,53, ,
6, ,51, ,
5, ,53, ,
0, ,53, ,
8, ,52, ,
1, ,53, ,
5, ,53, ,
4, ,52, ,
4, ,53, ,
5, ,52, ,
6, ,52, ,
1, ,53, ,
5, ,53, ,
5, ,51, ,
3, ,53, ,
0, ,53, ,
4, ,52, ,
4, ,53, ,
5, ,52, ,
-1, ,45, ,
0, ,36, ,
-6, ,26, ,
-5, ,16, ,
-20, ,9, ,
-1, ,1, ,
5, ,-4, ,
0, ,-9, ,
3, ,-13, ,
4, ,-18, ,
-4, ,-21, ,
-5, ,-23, ,
-4, ,-25, ,
0, ,-27, ,
0, ,-29, ,
3, ,-30, ,
-4, ,-32, ,
4, ,-33, ,
3, ,-35, ,
-1, ,-36, ,
-5, ,-37, ,
-1, ,-37, ,
0, ,-38, ,
-2, ,-38, ,
-2, ,-38, ,
-1, ,-39, ,
-1, ,-39, ,
1, ,-39, ,
-6, ,-40, ,
-2, ,-40, ,
3, ,-40, ,
0, ,-40, ,
-2, ,-40, ,
1, ,-40, ,
0, ,-40, ,
0, ,-40, ,
-2, ,-41, ,
0, ,-41, ,
0, ,-41, ,
-1, ,-41, ,
-2, ,-41, ,
-1, ,-41, ,
3, ,-40, ,
3, ,-41, ,
-2, ,-41, ,
5, ,-41, ,
3, ,-41, ,
1, ,-41, ,
1, ,-40, ,
3, ,-41, ,
0, ,-41, ,
0, ,-40, ,
-1, ,-41, ,
3, ,-41, ,
4, ,-40, ,
3, ,-41, ,
-1, ,-40, ,
4, ,-40, ,
1, ,-41, ,
0, ,-41, ,
0, ,-41, ,
5, ,-41, ,
4, ,-41, ,
3, ,-40, ,
-1, ,-40, ,
1, ,-41, ,
1, ,-40, ,
-1, ,-40, ,
-6, ,-41, ,
-2, ,-40, ,
-1, ,-41, ,
-4, ,-40, ,
-2, ,-40, ,
1, ,-41, ,
0, ,-41, ,
1, ,-40, ,
-5, ,-40, ,
1, ,-40, ,
0, ,-40, ,
-4, ,-41, ,
-5, ,-40, ,
0, ,-40, ,
-2, ,-40, ,
-2, ,-40, ,
-6, ,-40, ,
0, ,-41, ,
-1, ,-40, ,
-4, ,-40, ,
-6, ,-40, ,
-1, ,-40, ,
3, ,-40, ,
0, ,-40, ,
0, ,-40, ,
6, ,-40, ,
3, ,-40, ,
1, ,-40, ,
-5, ,-40, ,
-2, ,-41, ,
-5, ,-40, ,
-2, ,-40, ,
-5, ,-40, ,
-4, ,-41, ,
1, ,-40, ,
-2, ,-40, ,
-9, ,-40, ,
-5, ,-40, ,
-7, ,-40, ,
-5, ,-40, ,
-4, ,-40, ,
-4, ,-41, ,
0, ,-40, ,
1, ,-40, ,
-4, ,-40, ,
-2, ,-41, ,
-2, ,-40, ,
-4, ,-40, ,
-6, ,-40, ,
0, ,-40, ,
0, ,-40, ,
-1, ,-40, ,
-1, ,-40, ,
-1, ,-40, ,
-1, ,-40, ,
-4, ,-40, ,
-10, ,-40, ,
-2, ,-40, ,
-2, ,-40, ,
0, ,-40, ,
0, ,-40, ,
5, ,-40, ,
1, ,-40, ,
0, ,-40, ,
0, ,-40, ,
0, ,-40, ,
-1, ,-40, ,
1, ,-40, ,
-5, ,-40, ,
1, ,-40, ,
0, ,-40, ,
-4, ,-40, ,
-5, ,-40, ,
-1, ,-40, ,
0, ,-40, ,
-1, ,-40, ,
-2, ,-40, ,
3, ,-40, ,
0, ,-40, ,
0, ,-40, ,
-5, ,-40, ,
0, ,-40, ,
1, ,-40, ,
-1, ,-40, ,
-4, ,-40, ,
3, ,-40, ,
1, ,-40, ,
4, ,-40, ,
3, ,-40, ,
4, ,-41, ,
4, ,-40, ,
3, ,-40, ,
-4, ,-40, ,
1, ,-40, ,
1, ,-40, ,
1, ,-40, ,
3, ,-41, ,
5, ,-40, ,
1, ,-40, ,
8, ,-40, ,
5, ,-40, ,
5, ,-40, ,
5, ,-40, ,
1, ,-40, ,
-4, ,-40, ,
3, ,-40, ,
1, ,-40, ,
0, ,-40, ,
-2, ,-40, ,
5, ,-40, ,
1, ,-40, ,
0, ,-40, ,
1, ,-40, ,
1, ,-41, ,
1, ,-40, ,
0, ,-40, ,
-4, ,-40, ,
0, ,-40, ,
0, ,-40, ,
-2, ,-40, ,
-4, ,-40, ,
4, ,-40, ,
1, ,-40, ,
1, ,-40, ,
1, ,-40, ,
6, ,-41, ,
8, ,-40, ,
5, ,-40, ,
1, ,-40, ,
10, ,-40, ,
6, ,-40, ,
1, ,-40, ,
1, ,-40, ,
6, ,-40, ,
6, ,-40, ,
5, ,-40, ,
4, ,-40, ,
4, ,-40, ,
5, ,-40, ,
4, ,-40, ,
0, ,-40, ,
3, ,-40, ,
8, ,-40, ,
4, ,-40, ,
5, ,-40, ,
6, ,-40, ,
4, ,-40, ,
6, ,-40, ,
0, ,-40, ,
5, ,-40, ,
6, ,-40, ,
4, ,-40, ,
0, ,-40, ,
4, ,-40, ,
8, ,-40, ,
3, ,-40, ,
-1, ,-40, ,
5, ,-40, ,
3, ,-40, ,
4, ,-40, ,
1, ,-40, ,
5, ,-40, ,
5, ,-40, ,
6, ,-40, ,
4, ,-40, ,
9, ,-40, ,
8, ,-40, ,
4, ,-40, ,
1, ,-40, ,
5, ,-40, ,
4, ,-40, ,
1, ,-40, ,
1, ,-40, ,
4, ,-40, ,
4, ,-40, ,
3, ,-40, ,
-1, ,-40, ,
4, ,-40, ,
4, ,-40, ,
0, ,-40, ,
0, ,-40, ,
4, ,-40, ,
3, ,-40, ,
3, ,-40, ,
3, ,-40, ,
4, ,-41, ,
4, ,-40, ,
6, ,-40, ,
0, ,-40, ,
3, ,-40, ,
4, ,-40, ,
3, ,-40, ,
0, ,-40, ,
3, ,-40, ,
4, ,-40, ,
1, ,-40, ,
-1, ,-40, ,
1, ,-41, ,
1, ,-40, ,
3, ,-40, ,
1, ,-40, ,
5, ,-40, ,
10, ,-40, ,
5, ,-40, ,
4, ,-40, ,
8, ,-40, ,
4, ,-40, ,
3, ,-40, ,
0, ,-40, ,
3, ,-40, ,
4, ,-40, ,
4, ,-40, ,
0, ,-40, ,
5, ,-40, ,
4, ,-40, ,
1, ,-40, ,
-2, ,-40, ,
3, ,-40, ,
1, ,-40, ,
1, ,-40, ,
1, ,-40, ,
0, ,-41, ,
1, ,-40, ,
5, ,-40, ,
-2, ,-40, ,
-1, ,-40, ,
1, ,-40, ,
1, ,-40, ,
-1, ,-40, ,
5, ,-40, ,
5, ,-40, ,
1, ,-40, ,
1, ,-40, ,
0, ,-41, ,
1, ,-40, ,
3, ,-40, ,
-4, ,-40, ,
4, ,-40, ,
4, ,-40, ,
3, ,-40, ,
0, ,-40, ,
3, ,-40, ,
1, ,-40, ,
-1, ,-40, ,
-5, ,-40, ,
0, ,-40, ,
-1, ,-40, ,
1, ,-40, ,
-2, ,-40, ,
3, ,-40, ,
3, ,-40, ,
-1, ,-40, ,
-6, ,-40, ,
-1, ,-40, ,
-4, ,-40, ,
-1, ,-40, ,
-5, ,-40, ,
-1, ,-40, ,
0, ,-40, ,
1, ,-40, ,
-5, ,-40, ,
-4, ,-40, ,
-1, ,-40, ,
-5, ,-40, ,
-4, ,-40, ,
1, ,-40, ,
0, ,-40, ,
0, ,-40, ,
-4, ,-40, ,
-1, ,-40, ,
-1, ,-40, ,
-1, ,-40, ,
-5, ,-40, ,
-2, ,-40, ,
1, ,-40, ,
-1, ,-40, ,
-9, ,-40, ,
-1, ,-40, ,
-5, ,-40, ,
-4, ,-40, ,
-4, ,-40, ,
-2, ,-40, ,
0, ,-40, ,
1, ,-40, ,
-2, ,-40, ,
4, ,-40, ,
5, ,-40, ,
4, ,-40, ,
-2, ,-40, ,
4, ,-40, ,
1, ,-40, ,
-5, ,-40, ,
-2, ,-40, ,
-1, ,-40, ,
-1, ,-40, ,
-1, ,-40, ,
-6, ,-40, ,
0, ,-40, ,
0, ,-40, ,
-2, ,-40, ,
-4, ,-40, ,
-1, ,-40, ,
0, ,-40, ,
-1, ,-40, ,
0, ,-40, ,
3, ,-40, ,
0, ,-40, ,
4, ,-40, ,
-2, ,-40, ,
-1, ,-40, ,
0, ,-40, ,
-4, ,-40, ,
-4, ,-40, ,
1, ,-40, ,
1, ,-40, ,
1, ,-40, ,
-2, ,-40, ,
-2, ,-40, ,
-6, ,-40, ,
-2, ,-40, ,
-5, ,-40, ,
1, ,-40, ,
8, ,-40, ,
4, ,-40, ,
0, ,-40, ,
3, ,-40, ,
-4, ,-40, ,
-2, ,-40, ,
-6, ,-40, ,
-5, ,-41, ,
-2, ,-40, ,
-4, ,-40, ,
-5, ,-40, ,
-1, ,-40, ,
3, ,-40, ,
1, ,-40, ,
-1, ,-40, ,
3, ,-40, ,
3, ,-40, ,
4, ,-40, ,
5, ,-40, ,
5, ,-41, ,
3, ,-40, ,
-1, ,-40, ,
-4, ,-40, ,
-2, ,-40, ,
0, ,-40, ,
1, ,-40, ,
0, ,-40, ,
5, ,-40, ,
5, ,-40, ,
5, ,-40, ,
4, ,-40, ,
1, ,-40, ,
3, ,-40, ,
3, ,-40, ,
-6, ,-40, ,
-1, ,-40, ,
-1, ,-40, ,
-2, ,-40, ,
-4, ,-40, ,
3, ,-40, ,
5, ,-40, ,
5, ,-40, ,
1, ,-40, ,
3, ,-41, ,
1, ,-40, ,
1, ,-40, ,
-2, ,-40, ,
-1, ,-40, ,
6, ,-40, ,
3, ,-40, ,
-1, ,-40, ,
6, ,-40, ,
3, ,-40, ,
4, ,-40, ,
3, ,-40, ,
6, ,-40, ,
5, ,-40, ,
4, ,-40, ,
-1, ,-40, ,
1, ,-40, ,
0, ,-40, ,
3, ,-40, ,
-1, ,-40, ,
6, ,-40, ,
9, ,-40, ,
5, ,-40, ,
3, ,-40, ,
4, ,-40, ,
4, ,-40, ,
3, ,-40, ,
-2, ,-40, ,
0, ,-40, ,
4, ,-40, ,
3, ,-40, ,
-4, ,-40, ,
5, ,-40, ,
4, ,-40, ,
4, ,-40, ,
1, ,-40, ,
3, ,-40, ,
4, ,-40, ,
5, ,-40, ,
1, ,-40, ,
5, ,-40, ,
6, ,-40, ,
3, ,-40, ,
3, ,-40, ,
6, ,-40, ,
5, ,-40, ,
4, ,-40, ,
0, ,-40, ,
1, ,-41, ,
1, ,-40, ,
4, ,-40, ,
-2, ,-40, ,
0, ,-40, ,
3, ,-40, ,
3, ,-40, ,
-2, ,-40, ,
4, ,-40, ,
4, ,-40, ,
4, ,-40, ,
4, ,-40, ,
4, ,-40, ,
8, ,-40, ,
9, ,-40, ,
1, ,-40, ,
4, ,-40, ,
3, ,-40, ,
3, ,-40, ,
-2, ,-40, ,
3, ,-40, ,
4, ,-40, ,
4, ,-40, ,
3, ,-40, ,
3, ,-41, ,
3, ,-40, ,
4, ,-40, ,
1, ,-40, ,
4, ,-40, ,
9, ,-40, ,
5, ,-40, ,
4, ,-40, ,
8, ,-40, ,
4, ,-40, ,
8, ,-40, ,
3, ,-40, ,
4, ,-41, ,
5, ,-40, ,
5, ,-40, ,
3, ,-40, ,
4, ,-40, ,
6, ,-40, ,
5, ,-40, ,
-1, ,-40, ,
4, ,-40, ,
1, ,-40, ,
1, ,-40, ,
0, ,-40, ,
3, ,-40, ,
3, ,-40, ,
1, ,-40, ,
-1, ,-40, ,
1, ,-40, ,
1, ,-40, ,
1, ,-40, ,
-2, ,-40, ,
4, ,-40, ,
3, ,-40, ,
1, ,-40, ,
1, ,-40, ,
4, ,-40, ,
3, ,-40, ,
4, ,-40, ,
-4, ,-40, ,
3, ,-40, ,
4, ,-40, ,
3, ,-40, ,
0, ,-40, ,
5, ,-40, ,
5, ,-40, ,
3, ,-40, ,
1, ,-40, ,
3, ,-40, ,
1, ,-40, ,
3, ,-40, ,
-5, ,-40, ,
3, ,-40, ,
3, ,-40, ,
0, ,-40, ,
-2, ,-40, ,
-1, ,-40, ,
0, ,-40, ,
0, ,-40, ,
-5, ,-40, ,
1, ,-40, ,
0, ,-40, ,
1, ,-40, ,
-1, ,-40, ,
1, ,-40, ,
3, ,-40, ,
1, ,-40, ,
-2, ,-40, ,
1, ,-40, ,
-1, ,-40, ,
0, ,-40, ,
-1, ,-40, ,
1, ,-40, ,
4, ,-40, ,
4, ,-40, ,
1, ,-40, ,
3, ,-40, ,
3, ,-40, ,
0, ,-40, ,
-9, ,-40, ,
-1, ,-40, ,
-1, ,-40, ,
0, ,-40, ,
-1, ,-40, ,
-1, ,-40, ,
1, ,-40, ,
0, ,-40, ,
-2, ,-40, ,
0, ,-40, ,
3, ,-40, ,
3, ,-40, ,
-1, ,-40, ,
5, ,-40, ,
5, ,-40, ,
0, ,-40, ,
-2, ,-40, ,
-2, ,-40, ,
-2, ,-40, ,
0, ,-40, ,
-2, ,-40, ,
3, ,-40, ,
1, ,-40, ,
1, ,-40, ,
-2, ,-40, ,
0, ,-40, ,
-4, ,-40, ,
-2, ,-40, ,
0, ,-39, ,
3, ,-41, ,
3, ,-40, ,
6, ,-40, ,
-1, ,-40, ,
0, ,-40, ,
6, ,-40, ,
-1, ,-40, ,
-10, ,-40, ,
-1, ,-40, ,
-4, ,-40, ,
-2, ,-40, ,
-4, ,-40, ,
-1, ,-41, ,
0, ,-40, ,
3, ,-40, ,
-4, ,-40, ,
-1, ,-40, ,
3, ,-40, ,
0, ,-40, ,
-5, ,-40, ,
0, ,-40, ,
-4, ,-40, ,
-2, ,-40, ,
-5, ,-40, ,
-2, ,-40, ,
-5, ,-40, ,
-2, ,-40, ,
-5, ,-40, ,
-2, ,-40, ,
0, ,-40, ,
-2, ,-40, ,
-6, ,-40, ,
1, ,-40, ,
-2, ,-40, ,
-1, ,-40, ,
-2, ,-40, ,
-2, ,-40, ,
-2, ,-40, ,
1, ,-40, ,
0, ,-40, ,
4, ,-40, ,
3, ,-40, ,
3, ,-40, ,
-2, ,-40, ,
4, ,-40, ,
0, ,-40, ,
-1, ,-40, ,
-2, ,-40, ,
0, ,-40, ,
3, ,-40, ,
1, ,-40, ,
-4, ,-40, ,
-1, ,-40, ,
0, ,-40, ,
-2, ,-40, ,
-4, ,-40, ,
1, ,-40, ,
3, ,-40, ,
1, ,-40, ,
3, ,-40, ,
3, ,-40, ,
-1, ,-40, ,
0, ,-40, ,
-4, ,-40, ,
0, ,-40, ,
3, ,-40, ,
0, ,-40, ,
-1, ,-40, ,
4, ,-40, ,
3, ,-40, ,
0, ,-40, ,
-2, ,-40, ,
0, ,-40, ,
1, ,-40, ,
0, ,-40, ,
-5, ,-40, ,
0, ,-40, ,
3, ,-40, ,
0, ,-40, ,
1, ,-40, ,
5, ,-40, ,
3, ,-40, ,
4, ,-40, ,
0, ,-40, ,
1, ,-40, ,
4, ,-40, ,
4, ,-40, ,
-1, ,-40, ,
1, ,-40, ,
1, ,-40, ,
1, ,-40, ,
-5, ,-40, ,
4, ,-40, ,
3, ,-40, ,
4, ,-40, ,
0, ,-40, ,
3, ,-40, ,
4, ,-40, ,
1, ,-40, ,
-4, ,-40, ,
0, ,-40, ,
3, ,-40, ,
4, ,-40, ,
3, ,-40, ,
5, ,-40, ,
4, ,-40, ,
4, ,-40, ,
1, ,-40, ,
0, ,-41, ,
-1, ,-40, ,
1, ,-40, ,
-5, ,-40, ,
1, ,-40, ,
3, ,-40, ,
3, ,-40, ,
1, ,-40, ,
5, ,-40, ,
5, ,-40, ,
4, ,-40, ,
6, ,-40, ,
6, ,-40, ,
5, ,-40, ,
4, ,-40, ,
0, ,-40, ,
3, ,-40, ,
5, ,-40, ,
1, ,-40, ,
-1, ,-40, ,
5, ,-40, ,
4, ,-40, ,
1, ,-40, ,
-1, ,-40, ,
1, ,-41, ,
1, ,-40, ,
5, ,-40, ,
-1, ,-40, ,
3, ,-40, ,
5, ,-40, ,
3, ,-40, ,
3, ,-40, ,
9, ,-40, ,
5, ,-40, ,
5, ,-40, ,
4, ,-40, ,
4, ,-40, ,
9, ,-40, ,
8, ,-40, ,
0, ,-40, ,
3, ,-40, ,
4, ,-40, ,
1, ,-40, ,
3, ,-40, ,
8, ,-40, ,
4, ,-40, ,
5, ,-40, ,
6, ,-40, ,
3, ,-40, ,
0, ,-40, ,
4, ,-40, ,
-1, ,-40, ,
4, ,-40, ,
5, ,-40, ,
4, ,-40, ,
1, ,-40, ,
8, ,-40, ,
3, ,-40, ,
0, ,-40, ,
-6, ,-39, ,
-1, ,-35, ,
5, ,-25, ,
5, ,-14, ,
5, ,-6, ,
9, ,2, ,
9, ,10, ,
6, ,15, ,
4, ,20, ,
8, ,25, ,
13, ,29, ,
10, ,32, ,
9, ,34, ,
9, ,38, ,
6, ,39, ,
9, ,41, ,
3, ,44, ,
4, ,46, ,
5, ,45, ,
4, ,48, ,
1, ,49, ,
5, ,49, ,
4, ,49, ,
4, ,50, ,
3, ,50, ,
3, ,51, ,
4, ,51, ,
5, ,52, ,
-4, ,52, ,
3, ,52, ,
6, ,51, ,
6, ,53, ,
5, ,52, ,
5, ,52, ,
0, ,53, ,
3, ,53, ,
3, ,52, ,
5, ,54, ,
4, ,52, ,
6, ,52, ,
0, ,53, ,
4, ,53, ,
5, ,52, ,
1, ,54, ,
-5, ,53, ,
0, ,53, ,
-1, ,53, ,
4, ,53, ,
-1, ,53, ,
4, ,54, ,
3, ,53, ,
6, ,53, ,
0, ,53, ,
4, ,53, ,
3, ,52, ,
0, ,54, ,
-2, ,53, ,
3, ,53, ,
1, ,53, ,
1, ,54, ,
1, ,52, ,
3, ,54, ,
1, ,52, ,
3, ,53, ,
-4, ,53, ,
-1, ,53, ,
-1, ,52, ,
-1, ,54, ,
-5, ,53, ,
0, ,53, ,
-1, ,53, ,
1, ,53, ,
1, ,53, ,
3, ,54, ,
4, ,52, ,
5, ,53, ,
-5, ,53, ,
3, ,53, ,
0, ,51, ,
-2, ,53, ,
-5, ,53, ,
0, ,53, ,
-4, ,53, ,
-2, ,53, ,
-6, ,52, ,
-1, ,53, ,
-1, ,52, ,
3, ,53, ,
0, ,53, ,
4, ,54, ,
4, ,52, ,
0, ,54, ,
-4, ,53, ,
-1, ,52, ,
-4, ,53, ,
1, ,53, ,
1, ,52, ,
1, ,54, ,
3, ,52, ,
0, ,52, ,
-5, ,53, ,
-2, ,53, ,
-2, ,52, ,
-4, ,53, ,
-5, ,52, ,
-1, ,53, ,
-2, ,53, ,
-2, ,53, ,
-2, ,52, ,
-1, ,54, ,
1, ,52, ,
3, ,52, ,
-2, ,53, ,
5, ,53, ,
4, ,51, ,
10, ,53, ,
-7, ,53, ,
3, ,52, ,
-2, ,53, ,
0, ,54, ,
-2, ,52, ,
0, ,54, ,
4, ,52, ,
4, ,53, ,
-5, ,53, ,
5, ,53, ,
1, ,52, ,
4, ,53, ,
-1, ,53, ,
0, ,53, ,
3, ,53, ,
1, ,53, ,
1, ,51, ,
1, ,54, ,
0, ,52, ,
4, ,53, ,
-2, ,53, ,
3, ,53, ,
3, ,51, ,
-1, ,53, ,
-4, ,53, ,
4, ,52, ,
3, ,53, ,
4, ,53, ,
4, ,52, ,
4, ,53, ,
3, ,53, ,
-2, ,52, ,
-6, ,53, ,
-2, ,53, ,
1, ,52, ,
-4, ,53, ,
-9, ,53, ,
1, ,52, ,
-2, ,52, ,
4, ,53, ,
0, ,52, ,
1, ,53, ,
3, ,52, ,
0, ,52, ,
-2, ,53, ,
3, ,52, ,
3, ,52, ,
1, ,53, ,
-1, ,52, ,
5, ,53, ,
-2, ,53, ,
1, ,53, ,
-5, ,51, ,
-4, ,54, ,
0, ,52, ,
3, ,53, ,
-2, ,53, ,
4, ,52, ,
4, ,52, ,
3, ,53, ,
0, ,53, ,
5, ,52, ,
3, ,53, ,
4, ,53, ,
1, ,52, ,
3, ,53, ,
0, ,53, ,
3, ,53, ,
-6, ,53, ,
-1, ,53, ,
-4, ,51, ,
-2, ,54, ,
-4, ,53, ,
0, ,52, ,
3, ,52, ,
4, ,53, ,
1, ,52, ,
5, ,53, ,
3, ,52, ,
4, ,53, ,
-1, ,53, ,
6, ,53, ,
5, ,52, ,
4, ,53, ,
4, ,53, ,
6, ,52, ,
3, ,53, ,
1, ,53, ,
-2, ,52, ,
1, ,53, ,
-1, ,52, ,
0, ,52, ,
0, ,53, ,
4, ,53, ,
5, ,52, ,
1, ,53, ,
1, ,52, ,
4, ,53, ,
4, ,52, ,
3, ,53, ,
3, ,52, ,
1, ,53, ,
5, ,52, ,
3, ,52, ,
0, ,53, ,
3, ,53, ,
4, ,51, ,
0, ,53, ,
-4, ,53, ,
4, ,52, ,
1, ,53, ,
5, ,53, ,
1, ,52, ,
4, ,54, ,
1, ,52, ,
4, ,52, ,
0, ,53, ,
5, ,53, ,
6, ,51, ,
5, ,53, ,
4, ,53, ,
8, ,52, ,
5, ,52, ,
1, ,53, ,
-1, ,52, ,
-1, ,53, ,
-2, ,52, ,
0, ,52, ,
-6, ,53, ,
4, ,53, ,
4, ,51, ,
4, ,53, ,
3, ,52, ,
8, ,52, ,
5, ,53, ,
5, ,52, ,
0, ,51, ,
4, ,54, ,
1, ,52, ,
3, ,52, ,
-1, ,53, ,
4, ,52, ,
5, ,51, ,
3, ,53, ,
3, ,53, ,
6, ,53, ,
4, ,52, ,
3, ,53, ,
1, ,52, ,
4, ,54, ,
4, ,52, ,
4, ,53, ,
0, ,53, ,
3, ,52, ,
4, ,51, ,
4, ,53, ,
3, ,53, ,
6, ,52, ,
6, ,53, ,
5, ,53, ,
4, ,52, ,
5, ,53, ,
3, ,52, ,
3, ,53, ,
-1, ,53, ,
4, ,53, ,
5, ,51, ,
5, ,53, ,
4, ,52, ,
6, ,52, ,
4, ,53, ,
3, ,53, ,
1, ,52, ,
0, ,53, ,
3, ,52, ,
4, ,52, ,
-4, ,53, ,
8, ,53, ,
6, ,51, ,
1, ,53, ,
1, ,52, ,
5, ,53, ,
4, ,53, ,
4, ,53, ,
1, ,52, ,
3, ,53, ,
3, ,52, ,
4, ,53, ,
0, ,53, ,
1, ,53, ,
0, ,51, ,
0, ,53, ,
-2, ,52, ,
1, ,53, ,
0, ,52, ,
4, ,53, ,
3, ,52, ,
8, ,53, ,
1, ,52, ,
4, ,52, ,
-6, ,53, ,
0, ,53, ,
-1, ,51, ,
0, ,53, ,
-2, ,53, ,
0, ,52, ,
-2, ,53, ,
3, ,53, ,
-1, ,52, ,
1, ,53, ,
-2, ,52, ,
-1, ,53, ,
-2, ,53, ,
1, ,53, ,
4, ,51, ,
0, ,53, ,
0, ,53, ,
5, ,52, ,
0, ,53, ,
5, ,52, ,
1, ,52, ,
5, ,53, ,
4, ,52, ,
5, ,52, ,
0, ,53, ,
3, ,53, ,
0, ,51, ,
-2, ,53, ,
-7, ,53, ,
-1, ,53, ,
-4, ,53, ,
-1, ,53, ,
-1, ,52, ,
4, ,54, ,
4, ,52, ,
4, ,52, ,
1, ,53, ,
1, ,53, ,
1, ,51, ,
0, ,53, ,
-2, ,52, ,
3, ,52, ,
1, ,53, ,
0, ,52, ,
0, ,52, ,
0, ,54, ,
0, ,52, ,
-1, ,52, ,
-6, ,53, ,
0, ,52, ,
1, ,51, ,
1, ,53, ,
-1, ,53, ,
3, ,52, ,
-1, ,53, ,
-1, ,53, ,
-4, ,52, ,
-1, ,53, ,
-1, ,52, ,
3, ,52, ,
-1, ,53, ,
1, ,53, ,
0, ,51, ,
-1, ,53, ,
-4, ,53, ,
-1, ,52, ,
-1, ,52, ,
-1, ,53, ,
-1, ,52, ,
0, ,53, ,
1, ,52, ,
6, ,52, ,
-2, ,53, ,
1, ,53, ,
1, ,51, ,
-2, ,53, ,
-6, ,53, ,
-4, ,53, ,
-4, ,53, ,
-1, ,52, ,
-1, ,52, ,
0, ,53, ,
0, ,52, ,
0, ,52, ,
-4, ,53, ,
0, ,52, ,
-1, ,51, ,
-4, ,53, ,
-5, ,53, ,
0, ,53, ,
-2, ,53, ,
1, ,53, ,
0, ,51, ,
0, ,54, ,
3, ,52, ,
-1, ,52, ,
0, ,53, ,
3, ,53, ,
1, ,51, ,
3, ,53, ,
-4, ,52, ,
4, ,52, ,
1, ,52, ,
-1, ,53, ,
-2, ,52, ,
0, ,53, ,
-1, ,53, ,
3, ,52, ,
-5, ,53, ,
1, ,52, ,
0, ,52, ,
-1, ,53, ,
-2, ,53, ,
1, ,53, ,
-1, ,52, ,
3, ,53, ,
3, ,52, ,
4, ,53, ,
3, ,52, ,
5, ,53, ,
-1, ,53, ,
3, ,53, ,
3, ,51, ,
-1, ,53, ,
-1, ,53, ,
4, ,53, ,
4, ,53, ,
3, ,53, ,
-2, ,52, ,
0, ,53, ,
-4, ,52, ,
1, ,53, ,
-2, ,53, ,
0, ,53, ,
3, ,51, ,
0, ,53, ,
-1, ,52, ,
4, ,52, ,
-2, ,52, ,
1, ,53, ,
0, ,52, ,
1, ,54, ,
-1, ,52, ,
1, ,52, ,
-4, ,53, ,
1, ,53, ,
1, ,51, ,
-1, ,53, ,
-5, ,53, ,
0, ,52, ,
-2, ,53, ,
-2, ,52, ,
-4, ,52, ,
4, ,53, ,
1, ,52, ,
5, ,52, ,
3, ,53, ,
4, ,53, ,
5, ,51, ,
1, ,53, ,
-1, ,53, ,
3, ,52, ,
1, ,53, ,
0, ,53, ,
-1, ,52, ,
0, ,53, ,
1, ,52, ,
0, ,52, ,
-1, ,53, ,
3, ,53, ,
3, ,51, ,
3, ,53, ,
0, ,53, ,
5, ,52, ,
5, ,52, ,
3, ,53, ,
3, ,52, ,
4, ,53, ,
1, ,52, ,
3, ,52, ,
-1, ,53, ,
3, ,53, ,
4, ,51, ,
3, ,53, ,
1, ,52, ,
5, ,52, ,
1, ,52, ,
3, ,53, ,
-1, ,52, ,
0, ,53, ,
3, ,52, ,
5, ,53, ,
1, ,53, ,
5, ,53, ,
5, ,51, ,
4, ,53, ,
3, ,53, ,
4, ,52, ,
0, ,52, ,
3, ,53, ,
1, ,52, ,
4, ,53, ,
4, ,52, ,
4, ,52, ,
3, ,53, ,
4, ,53, ,
4, ,51, ,
4, ,53, ,
1, ,53, ,
8, ,52, ,
4, ,52, ,
3, ,53, ,
4, ,52, ,
0, ,53, ,
1, ,52, ,
1, ,52, ,
-2, ,53, ,
4, ,53, ,
4, ,51, ,
4, ,53, ,
4, ,52, ,
8, ,52, ,
1, ,53, ,
0, ,53, ,
-4, ,52, ,
-1, ,53, ,
-2, ,52, ,
1, ,52, ,
0, ,53, ,
3, ,53, ,
5, ,51, ,
4, ,53, ,
3, ,52, ,
6, ,52, ,
4, ,52, ,
0, ,53, ,
-1, ,52, ,
1, ,53, ,
0, ,52, ,
3, ,53, ,
1, ,53, ,
4, ,53, ,
4, ,51, ,
0, ,53, ,
-1, ,53, ,
3, ,53, ,
0, ,52, ,
0, ,53, ,
-2, ,52, ,
0, ,53, ,
-2, ,52, ,
1, ,53, ,
-5, ,53, ,
1, ,53, ,
3, ,51, ,
1, ,53, ,
3, ,53, ,
8, ,52, ,
5, ,53, ,
8, ,53, ,
5, ,52, ,
8, ,53, ,
4, ,52, ,
3, ,53, ,
1, ,53, ,
3, ,53, ,
4, ,51, ,
3, ,53, ,
-1, ,53, ,
5, ,52, ,
3, ,53, ,
1, ,53, ,
1, ,52, ,
0, ,53, ,
3, ,52, ,
9, ,53, ,
8, ,53, ,
8, ,53, ,
6, ,51, ,
5, ,53, ,
0, ,53, ,
4, ,52, ,
-1, ,53, ,
0, ,53, ,
3, ,52, ,
1, ,53, ,
4, ,52, ,
1, ,53, ,
-2, ,53, ,
-1, ,52, ,
-2, ,51, ,
-6, ,53, ,
-9, ,52, ,
-4, ,53, ,
-4, ,53, ,
-4, ,53, ,
-6, ,52, ,
-5, ,53, ,
-7, ,52, ,
-9, ,53, ,
-14, ,53, ,
-7, ,53, ,
0, ,51, ,
6, ,53, ,
11, ,52, ,
15, ,53, ,
15, ,53, ,
11, ,52, ,
3, ,52, ,
0, ,53, ,
-4, ,52, ,
0, ,53, ,
-6, ,53, ,
-1, ,53, ,
1, ,51, ,
-1, ,53, ,
-2, ,52, ,
-1, ,52, ,
-4, ,52, ,
0, ,53, ,
-1, ,52, ,
0, ,53, ,
3, ,52, ,
3, ,52, ,
-6, ,53, ,
-5, ,53, ,
-5, ,51, ,
-6, ,53, ,
-7, ,52, ,
0, ,53, ,
1, ,52, ,
4, ,53, ,
4, ,52, ,
5, ,53, ,
1, ,52, ,
-1, ,52, ,
-6, ,53, ,
-7, ,53, ,
-7, ,51, ,
-4, ,53, ,
-1, ,53, ,
6, ,52, ,
5, ,52, ,
4, ,53, ,
4, ,52, ,
0, ,53, ,
1, ,52, ,
1, ,53, ,
-6, ,53, ,
-5, ,53, ,
-5, ,52, ,
-7, ,53, ,
-11, ,53, ,
-2, ,53, ,
0, ,53, ,
3, ,53, ,
4, ,52, ,
6, ,53, ,
3, ,52, ,
6, ,53, ,
-1, ,53, ,
0, ,53, ,
0, ,51, ,
-2, ,53, ,
-6, ,53, ,
1, ,52, ,
1, ,53, ,
0, ,52, ,
-2, ,52, ,
1, ,54, ,
-1, ,52, ,
1, ,52, ,
-4, ,53, ,
4, ,52, ,
4, ,51, ,
1, ,53, ,
-2, ,53, ,
3, ,52, ,
0, ,52, ,
3, ,53, ,
3, ,52, ,
6, ,53, ,
5, ,52, ,
0, ,52, ,
-6, ,53, ,
-4, ,53, ,
-4, ,51, ,
-4, ,54, ,
-6, ,53, ,
0, ,53, ,
0, ,53, ,
0, ,53, ,
-2, ,52, ,
-1, ,54, ,
0, ,52, ,
4, ,52, ,
0, ,53, ,
3, ,53, ,
6, ,51, ,
5, ,53, ,
1, ,52, ,
6, ,52, ,
3, ,53, ,
-2, ,53, ,
3, ,52, ,
1, ,53, ,
-1, ,52, ,
3, ,52, ,
-5, ,53, ,
1, ,53, ,
3, ,51, ,
3, ,53, ,
-1, ,53, ,
4, ,53, ,
5, ,52, ,
4, ,53, ,
6, ,52, ,
5, ,53, ,
0, ,52, ,
9, ,53, ,
1, ,53, ,
6, ,53, ,
8, ,51, ,
3, ,53, ,
1, ,53, ,
5, ,52, ,
1, ,52, ,
3, ,53, ,
-4, ,52, ,
6, ,54, ,
5, ,52, ,
0, ,52, ,
1, ,53, ,
0, ,52, ,
4, ,52, ,
1, ,53, ,
0, ,53, ,
6, ,52, ,
3, ,52, ,
4, ,53, ,
3, ,52, ,
4, ,54, ,
1, ,52, ,
5, ,52, ,
1, ,53, ,
5, ,53, ,
5, ,51, ,
4, ,53, ,
-2, ,53, ,
3, ,53, ,
0, ,53, ,
3, ,53, ,
3, ,52, ,
3, ,53, ,
5, ,52, ,
8, ,53, ,
3, ,53, ,
5, ,53, ,
3, ,51, ,
5, ,53, ,
-4, ,53, ,
0, ,52, ,
3, ,53, ,
0, ,53, ,
-2, ,52, ,
3, ,53, ,
3, ,49, ,
0, ,40, ,
-7, ,32, ,
-4, ,20, ,
-4, ,12, ,
-4, ,6, ,
-4, ,-1, ,
3, ,-6, ,
1, ,-11, ,
-4, ,-16, ,
-5, ,-19, ,
-6, ,-22, ,
-5, ,-24, ,
0, ,-27, ,
-4, ,-29, ,
3, ,-30, ,
6, ,-31, ,
3, ,-33, ,
-1, ,-35, ,
1, ,-35, ,
-1, ,-36, ,
-2, ,-37, ,
-5, ,-37, ,
-2, ,-38, ,
-1, ,-39, ,
1, ,-39, ,
-2, ,-39, ,
3, ,-39, ,
5, ,-40, ,
1, ,-40, ,
-1, ,-40, ,
3, ,-40, ,
4, ,-40, ,
5, ,-40, ,
5, ,-40, ,
9, ,-41, ,
10, ,-41, ,
6, ,-40, ,
3, ,-41, ,
5, ,-40, ,
9, ,-41, ,
5, ,-41, ,
1, ,-41, ,
6, ,-41, ,
4, ,-40, ,
3, ,-41, ,
0, ,-41, ,
3, ,-41, ,
4, ,-41, ,
8, ,-41, ,
5, ,-40, ,
9, ,-41, ,
11, ,-41, ,
10, ,-41, ,
4, ,-41, ,
9, ,-41, ,
4, ,-41, ,
3, ,-40, ,
1, ,-40, ,
4, ,-41, ,
4, ,-40, ,
5, ,-40, ,
-1, ,-40, ,
4, ,-41, ,
5, ,-40, ,
5, ,-40, ,
1, ,-41, ,
5, ,-41, ,
4, ,-41, ,
1, ,-40, ,
-1, ,-40, ,
1, ,-41, ,
1, ,-40, ,
8, ,-40, ,
1, ,-41, ,
4, ,-41, ,
4, ,-40, ,
1, ,-41, ,
-4, ,-41, ,
3, ,-40, ,
3, ,-40, ,
1, ,-40, ,
1, ,-40, ,
3, ,-41, ,
3, ,-40, ,
3, ,-40, ,
-1, ,-40, ,
3, ,-40, ,
6, ,-40, ,
4, ,-40, ,
4, ,-41, ,
6, ,-40, ,
3, ,-41, ,
3, ,-40, ,
-1, ,-40, ,
1, ,-41, ,
1, ,-40, ,
0, ,-40, ,
-6, ,-40, ,
-4, ,-40, ,
3, ,-40, ,
-2, ,-40, ,
-5, ,-40, ,
1, ,-40, ,
-2, ,-40, ,
-1, ,-40, ,
-1, ,-40, ,
1, ,-41, ,
1, ,-40, ,
3, ,-40, ,
-2, ,-40, ,
3, ,-41, ,
3, ,-40, ,
0, ,-40, ,
-5, ,-40, ,
0, ,-40, ,
0, ,-40, ,
-1, ,-40, ,
-4, ,-40, ,
0, ,-41, ,
3, ,-41, ,
4, ,-40, ,
-5, ,-40, ,
-1, ,-40, ,
-1, ,-40, ,
-5, ,-41, ,
-10, ,-40, ,
-1, ,-40, ,
-2, ,-40, ,
-1, ,-40, ,
-4, ,-40, ,
-4, ,-40, ,
-4, ,-40, ,
-4, ,-40, ,
-11, ,-40, ,
-1, ,-41, ,
3, ,-40, ,
-4, ,-40, ,
-6, ,-40, ,
-1, ,-40, ,
-5, ,-40, ,
-5, ,-40, ,
-6, ,-40, ,
-5, ,-41, ,
-5, ,-40, ,
-2, ,-40, ,
-7, ,-40, ,
-1, ,-40, ,
-1, ,-40, ,
-5, ,-40, ,
-10, ,-40, ,
-6, ,-40, ,
-4, ,-40, ,
1, ,-40, ,
-2, ,-40, ,
1, ,-41, ,
-1, ,-40, ,
-5, ,-40, ,
-10, ,-40, ,
-6, ,-40, ,
-5, ,-40, ,
-6, ,-40, ,
-6, ,-40, ,
1, ,-40, ,
1, ,-40, ,
-4, ,-40, ,
-2, ,-40, ,
-2, ,-40, ,
-1, ,-40, ,
0, ,-40, ,
-4, ,-40, ,
1, ,-40, ,
1, ,-40, ,
-1, ,-40, ,
-1, ,-40, ,
1, ,-40, ,
0, ,-40, ,
0, ,-40, ,
-2, ,-40, ,
-1, ,-40, ,
0, ,-40, ,
-1, ,-40, ,
-7, ,-40, ,
-2, ,-40, ,
-1, ,-40, ,
-2, ,-40, ,
-2, ,-40, ,
4, ,-40, ,
3, ,-40, ,
4, ,-40, ,
5, ,-40, ,
0, ,-41, ,
1, ,-40, ,
4, ,-40, ,
-4, ,-40, ,
4, ,-40, ,
8, ,-40, ,
4, ,-40, ,
-2, ,-40, ,
4, ,-40, ,
1, ,-40, ,
3, ,-40, ,
0, ,-40, ,
4, ,-41, ,
4, ,-40, ,
3, ,-39, ,
-5, ,-40, ,
-1, ,-40, ,
-1, ,-40, ,
-1, ,-40, ,
-1, ,-40, ,
5, ,-40, ,
3, ,-40, ,
5, ,-40, ,
3, ,-40, ,
1, ,-41, ,
0, ,-40, ,
0, ,-40, ,
-5, ,-40, ,
-2, ,-40, ,
3, ,-40, ,
1, ,-40, ,
-1, ,-40, ,
5, ,-40, ,
4, ,-40, ,
4, ,-40, ,
1, ,-40, ,
3, ,-40, ,
3, ,-40, ,
4, ,-40, ,
1, ,-40, ,
8, ,-40, ,
3, ,-40, ,
1, ,-40, ,
-12, ,-40, ,
4, ,-40, ,
6, ,-40, ,
-2, ,-40, ,
6, ,-40, ,
5, ,-40, ,
4, ,-40, ,
4, ,-40, ,
-1, ,-40, ,
3, ,-40, ,
4, ,-40, ,
4, ,-40, ,
1, ,-40, ,
8, ,-40, ,
4, ,-40, ,
4, ,-40, ,
1, ,-40, ,
5, ,-40, ,
5, ,-40, ,
4, ,-40, ,
1, ,-40, ,
5, ,-40, ,
6, ,-40, ,
1, ,-40, ,
1, ,-40, ,
5, ,-40, ,
6, ,-40, ,
3, ,-40, ,
1, ,-40, ,
5, ,-40, ,
3, ,-40, ,
3, ,-40, ,
-1, ,-40, ,
4, ,-40, ,
8, ,-40, ,
3, ,-40, ,
1, ,-40, ,
1, ,-40, ,
0, ,-40, ,
1, ,-40, ,
0, ,-40, ,
4, ,-40, ,
5, ,-40, ,
6, ,-40, ,
3, ,-40, ,
4, ,-40, ,
6, ,-40, ,
4, ,-40, ,
-1, ,-40, ,
3, ,-40, ,
3, ,-40, ,
-1, ,-40, ,
0, ,-40, ,
0, ,-40, ,
3, ,-40, ,
4, ,-40, ,
1, ,-40, ,
4, ,-40, ,
5, ,-40, ,
4, ,-40, ,
-1, ,-40, ,
6, ,-40, ,
8, ,-40, ,
5, ,-40, ,
5, ,-40, ,
3, ,-40, ,
5, ,-40, ,
3, ,-40, ,
-2, ,-40, ,
4, ,-40, ,
5, ,-40, ,
5, ,-40, ,
1, ,-40, ,
4, ,-40, ,
4, ,-40, ,
0, ,-40, ,
3, ,-40, ,
-1, ,-40, ,
3, ,-40, ,
8, ,-40, ,
1, ,-40, ,
8, ,-40, ,
6, ,-40, ,
0, ,-40, ,
-1, ,-40, ,
0, ,-40, ,
-4, ,-40, ,
-2, ,-40, ,
0, ,-40, ,
1, ,-40, ,
4, ,-40, ,
6, ,-40, ,
1, ,-40, ,
3, ,-40, ,
5, ,-40, ,
3, ,-40, ,
0, ,-40, ,
8, ,-40, ,
5, ,-40, ,
6, ,-40, ,
8, ,-40, ,
5, ,-40, ,
4, ,-40, ,
4, ,-40, ,
-1, ,-40, ,
3, ,-40, ,
3, ,-40, ,
3, ,-40, ,
0, ,-40, ,
5, ,-40, ,
1, ,-40, ,
-1, ,-40, ,
3, ,-40, ,
3, ,-40, ,
3, ,-40, ,
6, ,-40, ,
0, ,-40, ,
4, ,-40, ,
1, ,-40, ,
1, ,-40, ,
-4, ,-40, ,
-1, ,-40, ,
-2, ,-40, ,
-2, ,-40, ,
-4, ,-40, ,
-2, ,-41, ,
1, ,-40, ,
3, ,-40, ,
-2, ,-40, ,
5, ,-40, ,
3, ,-40, ,
-1, ,-40, ,
-6, ,-40, ,
-4, ,-40, ,
-4, ,-40, ,
-4, ,-40, ,
-2, ,-39, ,
0, ,-40, ,
0, ,-40, ,
1, ,-40, ,
-4, ,-40, ,
0, ,-40, ,
1, ,-40, ,
-4, ,-40, ,
-4, ,-40, ,
1, ,-40, ,
1, ,-40, ,
-2, ,-40, ,
-6, ,-40, ,
-1, ,-41, ,
-4, ,-40, ,
-4, ,-40, ,
-6, ,-40, ,
-2, ,-40, ,
0, ,-40, ,
-4, ,-40, ,
-5, ,-40, ,
0, ,-40, ,
1, ,-40, ,
-1, ,-40, ,
-9, ,-40, ,
-2, ,-40, ,
0, ,-40, ,
-4, ,-40, ,
-6, ,-40, ,
-1, ,-40, ,
1, ,-40, ,
-5, ,-40, ,
-7, ,-40, ,
0, ,-40, ,
-4, ,-40, ,
0, ,-40, ,
0, ,-40, ,
4, ,-40, ,
5, ,-40, ,
5, ,-40, ,
-1, ,-40, ,
1, ,-40, ,
3, ,-40, ,
0, ,-40, ,
-2, ,-40, ,
5, ,-40, ,
3, ,-40, ,
-1, ,-40, ,
-2, ,-40, ,
-2, ,-41, ,
10, ,-40, ,
3, ,-40, ,
-10, ,-40, ,
-1, ,-40, ,
-4, ,-40, ,
-2, ,-40, ,
-1, ,-40, ,
1, ,-40, ,
5, ,-40, ,
1, ,-40, ,
1, ,-40, ,
-1, ,-41, ,
-2, ,-40, ,
-1, ,-40, ,
-5, ,-40, ,
0, ,-40, ,
4, ,-40, ,
0, ,-40, ,
0, ,-40, ,
4, ,-40, ,
-1, ,-40, ,
-1, ,-40, ,
-4, ,-40, ,
-1, ,-40, ,
3, ,-40, ,
1, ,-40, ,
-1, ,-40, ,
3, ,-40, ,
4, ,-40, ,
-1, ,-40, ,
1, ,-40, ,
5, ,-40, ,
0, ,-40, ,
4, ,-40, ,
-2, ,-40, ,
1, ,-40, ,
-1, ,-40, ,
-1, ,-40, ,
-6, ,-40, ,
-4, ,-40, ,
0, ,-40, ,
-2, ,-40, ,
-5, ,-40, ,
4, ,-40, ,
3, ,-40, ,
3, ,-40, ,
4, ,-40, ,
3, ,-40, ,
1, ,-40, ,
1, ,-40, ,
-2, ,-40, ,
1, ,-40, ,
0, ,-40, ,
0, ,-40, ,
-4, ,-40, ,
6, ,-40, ,
3, ,-40, ,
0, ,-40, ,
0, ,-40, ,
0, ,-40, ,
0, ,-40, ,
3, ,-40, ,
-4, ,-40, ,
4, ,-40, ,
6, ,-40, ,
4, ,-40, ,
0, ,-40, ,
9, ,-40, ,
8, ,-40, ,
4, ,-40, ,
4, ,-40, ,
4, ,-40, ,
5, ,-40, ,
4, ,-40, ,
1, ,-40, ,
3, ,-40, ,
5, ,-40, ,
1, ,-40, ,
-2, ,-40, ,
4, ,-40, ,
4, ,-40, ,
5, ,-40, ,
0, ,-40, ,
4, ,-40, ,
3, ,-40, ,
3, ,-40, ,
-4, ,-40, ,
0, ,-40, ,
4, ,-40, ,
3, ,-40, ,
1, ,-40, ,
9, ,-40, ,
6, ,-40, ,
4, ,-40, ,
0, ,-40, ,
1, ,-40, ,
4, ,-40, ,
4, ,-40, ,
0, ,-40, ,
4, ,-40, ,
9, ,-40, ,
5, ,-40, ,
3, ,-40, ,
8, ,-40, ,
1, ,-40, ,
1, ,-40, ,
-1, ,-40, ,
1, ,-40, ,
4, ,-40, ,
3, ,-40, ,
1, ,-40, ,
4, ,-40, ,
6, ,-40, ,
3, ,-40, ,
0, ,-40, ,
3, ,-40, ,
3, ,-40, ,
4, ,-40, ,
4, ,-40, ,
4, ,-40, ,
6, ,-40, ,
5, ,-40, ,
-2, ,-40, ,
1, ,-40, ,
1, ,-40, ,
0, ,-40, ,
0, ,-40, ,
4, ,-40, ,
5, ,-40, ,
4, ,-40, ,
4, ,-40, ,
5, ,-40, ,
3, ,-40, ,
5, ,-40, ,
4, ,-40, ,
6, ,-40, ,
9, ,-40, ,
5, ,-40, ,
4, ,-40, ,
6, ,-40, ,
1, ,-40, ,
0, ,-40, ,
-2, ,-40, ,
1, ,-40, ,
1, ,-40, ,
1, ,-40, ,
-1, ,-40, ,
4, ,-40, ,
6, ,-40, ,
4, ,-40, ,
5, ,-40, ,
8, ,-40, ,
5, ,-40, ,
5, ,-40, ,
3, ,-40, ,
8, ,-40, ,
6, ,-40, ,
8, ,-40, ,
1, ,-40, ,
1, ,-40, ,
3, ,-40, ,
0, ,-40, ,
-4, ,-40, ,
3, ,-40, ,
4, ,-40, ,
4, ,-40, ,
5, ,-40, ,
4, ,-40, ,
5, ,-40, ,
3, ,-40, ,
-2, ,-40, ,
1, ,-40, ,
4, ,-40, ,
1, ,-40, ,
-4, ,-40, ,
4, ,-40, ,
0, ,-40, ,
-1, ,-40, ,
1, ,-40, ,
1, ,-40, ,
4, ,-40, ,
1, ,-40, ,
-5, ,-40, ,
0, ,-40, ,
1, ,-40, ,
-1, ,-40, ,
-5, ,-40, ,
0, ,-40, ,
0, ,-40, ,
-4, ,-40, ,
-5, ,-40, ,
0, ,-40, ,
0, ,-40, ,
3, ,-40, ,
-4, ,-40, ,
3, ,-40, ,
1, ,-40, ,
-4, ,-40, ,
-9, ,-40, ,
-4, ,-40, ,
-1, ,-40, ,
-1, ,-40, ,
0, ,-40, ,
3, ,-40, ,
4, ,-40, ,
5, ,-40, ,
-1, ,-40, ,
0, ,-40, ,
0, ,-40, ,
-1, ,-40, ,
-1, ,-40, ,
3, ,-40, ,
-1, ,-40, ,
3, ,-40, ,
-1, ,-40, ,
1, ,-41, ,
3, ,-40, ,
1, ,-40, ,
-5, ,-40, ,
-1, ,-40, ,
0, ,-40, ,
0, ,-40, ,
-4, ,-40, ,
1, ,-40, ,
1, ,-40, ,
-1, ,-40, ,
-2, ,-40, ,
0, ,-40, ,
4, ,-40, ,
4, ,-40, ,
0, ,-40, ,
4, ,-40, ,
4, ,-40, ,
0, ,-40, ,
-6, ,-40, ,
-1, ,-40, ,
0, ,-40, ,
-1, ,-40, ,
-1, ,-40, ,
-1, ,-40, ,
3, ,-40, ,
1, ,-40, ,
-6, ,-40, ,
-1, ,-40, ,
-1, ,-40, ,
-4, ,-40, ,
-6, ,-40, ,
-5, ,-40, ,
-1, ,-40, ,
-1, ,-40, ,
-1, ,-40, ,
0, ,-40, ,
0, ,-40, ,
0, ,-40, ,
-4, ,-40, ,
1, ,-40, ,
4, ,-40, ,
-1, ,-40, ,
-2, ,-40, ,
3, ,-40, ,
-1, ,-40, ,
-1, ,-40, ,
-6, ,-40, ,
-2, ,-41, ,
-5, ,-40, ,
-2, ,-40, ,
-6, ,-40, ,
-1, ,-40, ,
4, ,-40, ,
-2, ,-40, ,
-2, ,-40, ,
1, ,-40, ,
-1, ,-40, ,
0, ,-40, ,
-4, ,-40, ,
0, ,-41, ,
1, ,-40, ,
-1, ,-40, ,
-5, ,-40, ,
-1, ,-40, ,
1, ,-40, ,
-1, ,-40, ,
-5, ,-40, ,
1, ,-40, ,
0, ,-40, ,
0, ,-40, ,
1, ,-40, ,
1, ,-40, ,
3, ,-40, ,
4, ,-40, ,
-1, ,-40, ,
1, ,-40, ,
1, ,-40, ,
0, ,-40, ,
-2, ,-40, ,
4, ,-40, ,
3, ,-40, ,
1, ,-40, ,
-1, ,-40, ,
-2, ,-41, ,
-2, ,-40, ,
-1, ,-40, ,
-5, ,-40, ,
1, ,-40, ,
3, ,-40, ,
4, ,-40, ,
-1, ,-40, ,
5, ,-40, ,
4, ,-40, ,
3, ,-40, ,
1, ,-40, ,
3, ,-41, ,
3, ,-40, ,
3, ,-40, ,
0, ,-40, ,
5, ,-40, ,
4, ,-40, ,
0, ,-40, ,
0, ,-40, ,
4, ,-40, ,
0, ,-40, ,
0, ,-40, ,
-4, ,-40, ,
1, ,-40, ,
1, ,-40, ,
3, ,-40, ,
-1, ,-40, ,
1, ,-40, ,
4, ,-40, ,
0, ,-40, ,
-1, ,-40, ,
4, ,-40, ,
3, ,-40, ,
3, ,-40, ,
0, ,-40, ,
0, ,-41, ,
0, ,-40, ,
0, ,-40, ,
-2, ,-40, ,
0, ,-40, ,
4, ,-40, ,
1, ,-40, ,
1, ,-40, ,
6, ,-40, ,
6, ,-40, ,
1, ,-40, ,
0, ,-40, ,
0, ,-40, ,
1, ,-40, ,
1, ,-40, ,
-4, ,-40, ,
4, ,-40, ,
5, ,-40, ,
5, ,-40, ,
3, ,-40, ,
6, ,-40, ,
5, ,-40, ,
3, ,-40, ,
3, ,-40, ,
4, ,-40, ,
3, ,-40, ,
1, ,-38, ,
3, ,-30, ,
9, ,-21, ,
10, ,-11, ,
11, ,-2, ,
6, ,6, ,
8, ,13, ,
9, ,18, ,
8, ,22, ,
9, ,27, ,
10, ,31, ,
11, ,34, ,
14, ,36, ,
6, ,39, ,
10, ,40, ,
11, ,42, ,
8, ,45, ,
4, ,46, ,
11, ,47, ,
3, ,48, ,
6, ,49, ,
1, ,48, ,
1, ,51, ,
0, ,50, ,
5, ,51, ,
-2, ,51, ,
4, ,52, ,
10, ,50, ,
8, ,53, ,
6, ,53, ,
10, ,52, ,
4, ,53, ,
6, ,53, ,
1, ,52, ,
4, ,53, ,
3, ,52, ,
4, ,53, ,
-1, ,53, ,
4, ,53, ,
8, ,52, ,
4, ,54, ,
-2, ,54, ,
4, ,53, ,
-4, ,53, ,
0, ,54, ,
0, ,52, ,
1, ,54, ,
3, ,52, ,
4, ,53, ,
1, ,53, ,
4, ,53, ,
3, ,52, ,
1, ,54, ,
-1, ,53, ,
4, ,53, ,
4, ,53, ,
6, ,54, ,
3, ,53, ,
4, ,54, ,
4, ,52, ,
4, ,53, ,
-4, ,54, ,
3, ,53, ,
3, ,52, ,
3, ,54, ,
0, ,53, ,
4, ,52, ,
3, ,53, ,
4, ,53, ,
1, ,52, ,
1, ,54, ,
0, ,52, ,
0, ,53, ,
-2, ,53, ,
1, ,53, ,
3, ,51, ,
0, ,53, ,
-1, ,53, ,
4, ,53, ,
3, ,53, ,
1, ,53, ,
0, ,52, ,
4, ,54, ,
3, ,52, ,
6, ,53, ,
1, ,53, ,
5, ,53, ,
6, ,51, ,
4, ,53, ,
0, ,53, ,
5, ,53, ,
4, ,53, ,
1, ,53, ,
3, ,51, ,
8, ,54, ,
-1, ,52, ,
5, ,53, ,
-1, ,53, ,
0, ,53, ,
1, ,52, ,
-1, ,53, ,
-6, ,53, ,
4, ,53, ,
1, ,53, ,
1, ,53, ,
3, ,52, ,
1, ,54, ,
4, ,52, ,
5, ,53, ,
0, ,53, ,
1, ,53, ,
1, ,52, ,
1, ,53, ,
0, ,53, ,
5, ,53, ,
-1, ,53, ,
0, ,53, ,
0, ,52, ,
0, ,53, ,
3, ,52, ,
3, ,53, ,
-2, ,53, ,
1, ,53, ,
1, ,51, ,
-2, ,53, ,
-9, ,53, ,
-2, ,53, ,
-5, ,53, ,
-4, ,53, ,
0, ,52, ,
3, ,53, ,
3, ,52, ,
4, ,53, ,
-1, ,53, ,
3, ,53, ,
1, ,51, ,
-4, ,53, ,
-9, ,53, ,
-5, ,52, ,
-1, ,53, ,
1, ,53, ,
1, ,52, ,
1, ,54, ,
0, ,52, ,
-1, ,53, ,
-5, ,53, ,
-4, ,53, ,
-2, ,51, ,
-4, ,53, ,
-4, ,53, ,
0, ,52, ,
-2, ,52, ,
3, ,53, ,
0, ,52, ,
3, ,53, ,
4, ,52, ,
3, ,52, ,
1, ,53, ,
4, ,53, ,
4, ,52, ,
0, ,53, ,
-6, ,53, ,
0, ,53, ,
-4, ,52, ,
-2, ,53, ,
0, ,52, ,
0, ,54, ,
1, ,52, ,
-1, ,53, ,
-4, ,53, ,
1, ,53, ,
1, ,51, ,
0, ,54, ,
0, ,53, ,
5, ,52, ,
-1, ,53, ,
-1, ,53, ,
-2, ,52, ,
-2, ,54, ,
-4, ,52, ,
-1, ,53, ,
-6, ,53, ,
0, ,53, ,
-1, ,51, ,
-6, ,53, ,
-5, ,52, ,
-1, ,52, ,
0, ,53, ,
-1, ,52, ,
0, ,52, ,
0, ,54, ,
1, ,52, ,
3, ,52, ,
-4, ,53, ,
1, ,53, ,
3, ,51, ,
-2, ,53, ,
-2, ,52, ,
-1, ,53, ,
-1, ,53, ,
-2, ,53, ,
-7, ,52, ,
1, ,53, ,
-2, ,52, ,
0, ,52, ,
-2, ,53, ,
1, ,53, ,
3, ,52, ,
1, ,53, ,
-1, ,53, ,
3, ,53, ,
-1, ,53, ,
0, ,53, ,
-1, ,52, ,
0, ,54, ,
1, ,52, ,
0, ,52, ,
-2, ,53, ,
0, ,53, ,
3, ,51, ,
-1, ,53, ,
-4, ,53, ,
3, ,52, ,
0, ,53, ,
4, ,53, ,
3, ,52, ,
1, ,53, ,
5, ,52, ,
1, ,52, ,
-1, ,53, ,
3, ,53, ,
3, ,51, ,
3, ,53, ,
0, ,52, ,
5, ,53, ,
4, ,53, ,
3, ,53, ,
4, ,52, ,
3, ,54, ,
3, ,52, ,
4, ,52, ,
-2, ,53, ,
5, ,53, ,
3, ,51, ,
1, ,53, ,
1, ,53, ,
5, ,52, ,
3, ,52, ,
3, ,53, ,
0, ,52, ,
1, ,53, ,
1, ,52, ,
6, ,53, ,
1, ,53, ,
8, ,53, ,
8, ,51, ,
3, ,53, ,
-2, ,53, ,
3, ,53, ,
0, ,53, ,
-2, ,53, ,
3, ,52, ,
4, ,54, ,
-1, ,52, ,
4, ,53, ,
1, ,53, ,
5, ,52, ,
8, ,51, ,
0, ,53, ,
1, ,53, ,
8, ,52, ,
4, ,53, ,
5, ,53, ,
3, ,52, ,
3, ,53, ,
0, ,52, ,
0, ,53, ,
-1, ,53, ,
3, ,52, ,
1, ,51, ,
3, ,53, ,
-1, ,53, ,
4, ,53, ,
-2, ,52, ,
-2, ,53, ,
-5, ,52, ,
-2, ,53, ,
1, ,52, ,
5, ,53, ,
3, ,53, ,
10, ,53, ,
6, ,51, ,
5, ,53, ,
1, ,52, ,
5, ,52, ,
4, ,53, ,
1, ,53, ,
0, ,51, ,
5, ,53, ,
5, ,52, ,
5, ,52, ,
0, ,53, ,
6, ,53, ,
8, ,51, ,
4, ,53, ,
3, ,52, ,
4, ,53, ,
-1, ,52, ,
1, ,53, ,
5, ,52, ,
6, ,53, ,
5, ,52, ,
10, ,53, ,
0, ,53, ,
3, ,53, ,
5, ,52, ,
1, ,53, ,
-1, ,52, ,
3, ,52, ,
3, ,53, ,
1, ,52, ,
-1, ,52, ,
3, ,53, ,
0, ,52, ,
3, ,53, ,
0, ,53, ,
6, ,53, ,
8, ,51, ,
4, ,53, ,
5, ,53, ,
8, ,53, ,
3, ,52, ,
3, ,53, ,
-1, ,52, ,
0, ,53, ,
1, ,52, ,
4, ,52, ,
-1, ,53, ,
3, ,53, ,
4, ,51, ,
3, ,53, ,
-1, ,53, ,
4, ,52, ,
1, ,53, ,
1, ,53, ,
1, ,52, ,
6, ,53, ,
5, ,52, ,
4, ,52, ,
-2, ,53, ,
0, ,53, ,
8, ,51, ,
-2, ,54, ,
-6, ,52, ,
5, ,53, ,
4, ,52, ,
1, ,53, ,
3, ,52, ,
3, ,53, ,
0, ,52, ,
-2, ,52, ,
-6, ,53, ,
0, ,52, ,
0, ,51, ,
1, ,53, ,
0, ,52, ,
3, ,52, ,
0, ,52, ,
-1, ,53, ,
-1, ,52, ,
0, ,53, ,
1, ,52, ,
5, ,52, ,
0, ,53, ,
5, ,53, ,
1, ,51, ,
0, ,53, ,
-2, ,53, ,
1, ,52, ,
0, ,53, ,
1, ,53, ,
3, ,52, ,
4, ,53, ,
3, ,52, ,
1, ,53, ,
-2, ,53, ,
0, ,53, ,
1, ,51, ,
-1, ,53, ,
-1, ,53, ,
3, ,52, ,
3, ,53, ,
4, ,53, ,
1, ,52, ,
1, ,53, ,
3, ,52, ,
3, ,53, ,
0, ,53, ,
3, ,53, ,
1, ,51, ,
0, ,54, ,
-5, ,53, ,
3, ,53, ,
1, ,52, ,
3, ,53, ,
0, ,51, ,
0, ,53, ,
1, ,52, ,
0, ,52, ,
-4, ,53, ,
0, ,53, ,
0, ,51, ,
1, ,53, ,
-2, ,52, ,
5, ,52, ,
3, ,52, ,
1, ,52, ,
-1, ,52, ,
-1, ,53, ,
-2, ,52, ,
-1, ,53, ,
-9, ,53, ,
-4, ,53, ,
-2, ,52, ,
-5, ,53, ,
-6, ,53, ,
0, ,52, ,
-1, ,53, ,
0, ,53, ,
0, ,52, ,
3, ,53, ,
3, ,52, ,
4, ,53, ,
-6, ,53, ,
0, ,53, ,
0, ,51, ,
-4, ,53, ,
-4, ,52, ,
1, ,52, ,
1, ,53, ,
0, ,53, ,
-2, ,52, ,
-1, ,53, ,
-4, ,52, ,
-2, ,53, ,
-6, ,53, ,
0, ,53, ,
3, ,51, ,
4, ,53, ,
0, ,53, ,
5, ,52, ,
3, ,53, ,
1, ,53, ,
-1, ,52, ,
0, ,54, ,
0, ,52, ,
0, ,53, ,
-1, ,53, ,
3, ,53, ,
4, ,51, ,
3, ,53, ,
0, ,53, ,
5, ,53, ,
3, ,52, ,
1, ,53, ,
3, ,52, ,
3, ,53, ,
4, ,52, ,
5, ,52, ,
-2, ,53, ,
3, ,53, ,
1, ,51, ,
1, ,53, ,
-4, ,52, ,
3, ,52, ,
1, ,53, ,
3, ,53, ,
1, ,52, ,
0, ,54, ,
4, ,52, ,
1, ,52, ,
-2, ,53, ,
4, ,53, ,
1, ,51, ,
1, ,53, ,
-1, ,53, ,
4, ,52, ,
5, ,52, ,
3, ,53, ,
1, ,52, ,
3, ,53, ,
1, ,52, ,
3, ,53, ,
-4, ,53, ,
0, ,53, ,
3, ,51, ,
1, ,53, ,
-2, ,53, ,
4, ,52, ,
0, ,52, ,
0, ,53, ,
-1, ,52, ,
-2, ,53, ,
-1, ,52, ,
1, ,53, ,
-1, ,53, ,
1, ,52, ,
4, ,51, ,
1, ,53, ,
-2, ,53, ,
3, ,52, ,
1, ,52, ,
3, ,53, ,
0, ,52, ,
5, ,53, ,
4, ,52, ,
5, ,53, ,
1, ,53, ,
4, ,53, ,
4, ,51, ,
0, ,53, ,
-4, ,52, ,
1, ,53, ,
-2, ,53, ,
0, ,53, ,
-1, ,52, ,
1, ,53, ,
1, ,52, ,
0, ,53, ,
-4, ,53, ,
3, ,53, ,
4, ,51, ,
3, ,53, ,
1, ,53, ,
8, ,53, ,
5, ,53, ,
3, ,53, ,
0, ,52, ,
0, ,53, ,
3, ,52, ,
6, ,52, ,
0, ,53, ,
6, ,53, ,
5, ,51, ,
3, ,53, ,
0, ,53, ,
1, ,53, ,
5, ,53, ,
3, ,53, ,
-2, ,52, ,
9, ,53, ,
6, ,52, ,
11, ,53, ,
6, ,53, ,
8, ,53, ,
10, ,51, ,
0, ,53, ,
-1, ,53, ,
4, ,52, ,
1, ,53, ,
1, ,53, ,
0, ,52, ,
1, ,53, ,
4, ,52, ,
5, ,53, ,
3, ,53, ,
3, ,53, ,
5, ,51, ,
5, ,53, ,
3, ,53, ,
5, ,53, ,
1, ,52, ,
1, ,53, ,
0, ,52, ,
1, ,54, ,
1, ,52, ,
-1, ,53, ,
0, ,53, ,
3, ,53, ,
1, ,51, ,
3, ,53, ,
-2, ,53, ,
1, ,53, ,
-1, ,52, ,
0, ,53, ,
-2, ,52, ,
0, ,54, ,
5, ,52, ,
3, ,52, ,
3, ,53, ,
5, ,53, ,
5, ,51, ,
4, ,53, ,
1, ,53, ,
5, ,53, ,
1, ,52, ,
1, ,52, ,
3, ,52, ,
4, ,53, ,
1, ,52, ,
4, ,52, ,
-4, ,53, ,
1, ,53, ,
1, ,51, ,
0, ,53, ,
-2, ,53, ,
4, ,53, ,
3, ,53, ,
3, ,53, ,
3, ,52, ,
4, ,53, ,
3, ,52, ,
4, ,53, ,
-1, ,53, ,
4, ,53, ,
4, ,52, ,
3, ,53, ,
1, ,53, ,
4, ,53, ,
3, ,52, ,
1, ,53, ,
-1, ,52, ,
4, ,53, ,
3, ,52, ,
9, ,53, ,
1, ,53, ,
3, ,53, ,
5, ,51, ,
3, ,53, ,
-2, ,53, ,
3, ,52, ,
0, ,53, ,
0, ,53, ,
0, ,52, ,
1, ,53, ,
3, ,52, ,
4, ,53, ,
-1, ,53, ,
3, ,53, ,
1, ,51, ,
0, ,53, ,
-2, ,53, ,
3, ,53, ,
1, ,52, ,
1, ,53, ,
-1, ,52, ,
-1, ,53, ,
1, ,52, ,
4, ,53, ,
-1, ,53, ,
3, ,53, ,
3, ,51, ,
3, ,53, ,
1, ,53, ,
4, ,52, ,
4, ,53, ,
1, ,53, ,
1, ,52, ,
-1, ,53, ,
3, ,52, ,
-2, ,53, ,
-6, ,53, ,
3, ,52, ,
-1, ,52, ,
-1, ,53, ,
0, ,53, ,
3, ,52, ,
-2, ,53, ,
-2, ,53, ,
-1, ,52, ,
1, ,54, ,
3, ,52, ,
8, ,53, ,
4, ,53, ,
8, ,53, ,
5, ,51, ,
-1, ,53, ,
-5, ,53, ,
-1, ,52, ,
-1, ,52, ,
1, ,53, ,
-2, ,51, ,
-4, ,54, ,
-4, ,52, ,
1, ,53, ,
-2, ,53, ,
3, ,53, ,
5, ,52, ,
3, ,53, ,
1, ,52, ,
5, ,52, ,
3, ,53, ,
4, ,53, ,
3, ,52, ,
4, ,54, ,
4, ,53, ,
1, ,53, ,
-2, ,53, ,
-2, ,52, ,
0, ,52, ,
-1, ,53, ,
0, ,53, ,
3, ,52, ,
1, ,53, ,
3, ,53, ,
-2, ,52, ,
-1, ,53, ,
-4, ,52, ,
1, ,53, ,
0, ,53, ,
6, ,53, ,
5, ,52, ,
5, ,54, ,
0, ,53, ,
3, ,52, ,
-4, ,52, ,
-2, ,53, ,
-4, ,51, ,
-4, ,53, ,
-1, ,53, ,
-2, ,53, ,
-5, ,53, ,
3, ,53, ,
0, ,51, ,
-1, ,53, ,
-4, ,53, ,
4, ,53, ,
4, ,53, ,
4, ,53, ,
0, ,52, ,
4, ,53, ,
1, ,52, ,
1, ,52, ,
-7, ,53, ,
-4, ,52, ,
-2, ,51, ,
-4, ,54, ,
-5, ,53, ,
-1, ,52, ,
-1, ,52, ,
0, ,53, ,
-2, ,51, ,
-2, ,54, ,
-2, ,52, ,
-2, ,53, ,
-6, ,53, ,
-1, ,52, ,
0, ,51, ,
1, ,53, ,
0, ,52, ,
4, ,53, ,
1, ,52, ,
0, ,53, ,
-2, ,51, ,
1, ,53, ,
-1, ,52, ,
3, ,52, ,
-2, ,53, ,
4, ,53, ,
4, ,51, ,
1, ,54, ,
-1, ,53, ,
3, ,52, ,
0, ,53, ,
3, ,53, ,
-1, ,51, ,
0, ,53, ,
1, ,52, ,
1, ,53, ,
-2, ,53, ,
0, ,53, ,
1, ,51, ,
1, ,53, ,
-2, ,53, ,
5, ,52, ,
8, ,53, ,
5, ,53, ,
1, ,52, ,
1, ,53, ,
0, ,52, ,
3, ,52, ,
-2, ,52, ,
0, ,46, ,
-1, ,36, ,
-5, ,27, ,
-10, ,17, ,
-2, ,9, ,
-1, ,2, ,
-1, ,-3, ,
-1, ,-8, ,
0, ,-12, ,
-4, ,-17, ,
-2, ,-20, ,
-6, ,-23, ,
0, ,-25, ,
1, ,-28, ,
0, ,-29, ,
-6, ,-31, ,
1, ,-32, ,
0, ,-33, ,
-4, ,-35, ,
-4, ,-36, ,
-1, ,-36, ,
-1, ,-37, ,
3, ,-37, ,
-1, ,-38, ,
1, ,-39, ,
4, ,-39, ,
-1, ,-39, ,
-4, ,-39, ,
1, ,-39, ,
-1, ,-40, ,
1, ,-40, ,
0, ,-40, ,
1, ,-40, ,
1, ,-40, ,
1, ,-40, ,
-4, ,-40, ,
-1, ,-41, ,
-1, ,-41, ,
-2, ,-41, ,
-6, ,-41, ,
3, ,-41, ,
-1, ,-40, ,
0, ,-41, ,
-1, ,-41, ,
1, ,-41, ,
4, ,-41, ,
3, ,-40, ,
0, ,-41, ,
5, ,-41, ,
5, ,-40, ,
4, ,-41, ,
1, ,-41, ,
8, ,-40, ,
3, ,-41, ,
3, ,-41, ,
1, ,-40, ,
0, ,-41, ,
4, ,-41, ,
5, ,-40, ,
-1, ,-41, ,
5, ,-41, ,
3, ,-40, ,
1, ,-40, ,
-4, ,-41, ,
4, ,-40, ,
4, ,-41, ,
4, ,-40, ,
3, ,-40, ,
6, ,-41, ,
6, ,-40, ,
5, ,-40, ,
0, ,-41, ,
5, ,-40, ,
4, ,-40, ,
1, ,-40, ,
-2, ,-41, ,
6, ,-40, ,
4, ,-41, ,
4, ,-40, ,
1, ,-40, ,
6, ,-41, ,
4, ,-40, ,
3, ,-40, ,
-1, ,-40, ,
5, ,-40, ,
6, ,-40, ,
1, ,-40, ,
0, ,-41, ,
4, ,-40, ,
1, ,-40, ,
1, ,-40, ,
0, ,-40, ,
1, ,-41, ,
3, ,-40, ,
5, ,-40, ,
1, ,-40, ,
1, ,-40, ,
1, ,-40, ,
1, ,-40, ,
-5, ,-40, ,
1, ,-40, ,
-1, ,-40, ,
-1, ,-40, ,
-1, ,-40, ,
3, ,-41, ,
3, ,-40, ,
0, ,-40, ,
0, ,-40, ,
3, ,-40, ,
1, ,-40, ,
-1, ,-40, ,
-4, ,-40, ,
4, ,-40, ,
3, ,-40, ,
3, ,-40, ,
1, ,-40, ,
4, ,-41, ,
3, ,-40, ,
4, ,-40, ,
-2, ,-40, ,
-1, ,-40, ,
0, ,-40, ,
0, ,-40, ,
-4, ,-40, ,
0, ,-40, ,
1, ,-40, ,
0, ,-40, ,
0, ,-40, ,
4, ,-41, ,
4, ,-40, ,
5, ,-40, ,
-2, ,-40, ,
-2, ,-40, ,
-4, ,-40, ,
-7, ,-40, ,
-10, ,-40, ,
-6, ,-40, ,
-5, ,-40, ,
-7, ,-40, ,
-9, ,-40, ,
-7, ,-41, ,
-9, ,-40, ,
-1, ,-40, ,
-2, ,-40, ,
6, ,-40, ,
13, ,-40, ,
11, ,-40, ,
10, ,-40, ,
13, ,-40, ,
6, ,-40, ,
3, ,-40, ,
-1, ,-40, ,
0, ,-41, ,
-1, ,-40, ,
1, ,-40, ,
-4, ,-40, ,
0, ,-40, ,
1, ,-40, ,
-1, ,-40, ,
-4, ,-40, ,
1, ,-40, ,
1, ,-40, ,
-1, ,-40, ,
-1, ,-40, ,
-2, ,-41, ,
0, ,-40, ,
-2, ,-40, ,
-6, ,-40, ,
0, ,-40, ,
1, ,-40, ,
4, ,-40, ,
-1, ,-40, ,
5, ,-40, ,
0, ,-40, ,
0, ,-40, ,
-6, ,-40, ,
-6, ,-40, ,
-7, ,-40, ,
-6, ,-40, ,
-11, ,-40, ,
-2, ,-40, ,
0, ,-40, ,
0, ,-40, ,
0, ,-40, ,
6, ,-40, ,
6, ,-40, ,
3, ,-40, ,
1, ,-40, ,
1, ,-40, ,
-2, ,-40, ,
-1, ,-40, ,
-6, ,-40, ,
-1, ,-40, ,
-1, ,-40, ,
0, ,-40, ,
-2, ,-40, ,
0, ,-40, ,
1, ,-40, ,
1, ,-40, ,
-4, ,-40, ,
1, ,-40, ,
3, ,-40, ,
5, ,-40, ,
-1, ,-40, ,
0, ,-40, ,
0, ,-40, ,
-1, ,-40, ,
-2, ,-40, ,
4, ,-40, ,
3, ,-40, ,
3, ,-40, ,
0, ,-40, ,
3, ,-40, ,
3, ,-40, ,
0, ,-40, ,
-4, ,-40, ,
1, ,-40, ,
6, ,-40, ,
5, ,-40, ,
-5, ,-40, ,
9, ,-40, ,
8, ,-40, ,
1, ,-40, ,
-2, ,-40, ,
-1, ,-40, ,
1, ,-40, ,
0, ,-40, ,
-1, ,-40, ,
4, ,-40, ,
5, ,-40, ,
5, ,-40, ,
1, ,-40, ,
6, ,-40, ,
3, ,-40, ,
0, ,-40, ,
-1, ,-40, ,
0, ,-41, ,
5, ,-40, ,
5, ,-40, ,
-1, ,-40, ,
1, ,-40, ,
4, ,-40, ,
1, ,-40, ,
-4, ,-40, ,
1, ,-40, ,
1, ,-40, ,
1, ,-40, ,
1, ,-40, ,
0, ,-40, ,
-1, ,-40, ,
6, ,-40, ,
-4, ,-40, ,
1, ,-40, ,
4, ,-40, ,
3, ,-40, ,
1, ,-40, ,
5, ,-40, ,
5, ,-40, ,
4, ,-40, ,
-4, ,-40, ,
-1, ,-41, ,
-1, ,-40, ,
-2, ,-40, ,
-4, ,-40, ,
0, ,-40, ,
8, ,-40, ,
6, ,-40, ,
4, ,-40, ,
6, ,-40, ,
0, ,-40, ,
0, ,-40, ,
-1, ,-40, ,
1, ,-40, ,
6, ,-40, ,
5, ,-40, ,
4, ,-40, ,
4, ,-40, ,
5, ,-40, ,
1, ,-40, ,
-4, ,-40, ,
0, ,-40, ,
-1, ,-40, ,
1, ,-40, ,
0, ,-40, ,
3, ,-40, ,
4, ,-40, ,
4, ,-40, ,
-1, ,-40, ,
3, ,-40, ,
5, ,-40, ,
4, ,-40, ,
1, ,-40, ,
10, ,-40, ,
6, ,-40, ,
3, ,-40, ,
4, ,-40, ,
1, ,-40, ,
5, ,-40, ,
1, ,-40, ,
0, ,-40, ,
4, ,-40, ,
4, ,-40, ,
4, ,-40, ,
3, ,-40, ,
6, ,-40, ,
4, ,-40, ,
4, ,-40, ,
4, ,-40, ,
4, ,-41, ,
5, ,-40, ,
8, ,-40, ,
0, ,-40, ,
4, ,-40, ,
4, ,-40, ,
1, ,-40, ,
-2, ,-40, ,
1, ,-40, ,
1, ,-40, ,
4, ,-40, ,
-1, ,-40, ,
3, ,-41, ,
4, ,-40, ,
3, ,-40, ,
-1, ,-40, ,
1, ,-40, ,
3, ,-40, ,
1, ,-40, ,
-4, ,-40, ,
4, ,-40, ,
4, ,-40, ,
4, ,-40, ,
1, ,-40, ,
3, ,-40, ,
-1, ,-40, ,
1, ,-40, ,
-2, ,-40, ,
0, ,-40, ,
4, ,-40, ,
3, ,-40, ,
-2, ,-40, ,
6, ,-40, ,
5, ,-40, ,
5, ,-40, ,
3, ,-40, ,
4, ,-40, ,
6, ,-40, ,
5, ,-40, ,
4, ,-40, ,
6, ,-40, ,
8, ,-40, ,
5, ,-40, ,
3, ,-40, ,
8, ,-40, ,
5, ,-40, ,
4, ,-40, ,
4, ,-40, ,
5, ,-40, ,
8, ,-40, ,
8, ,-40, ,
-1, ,-40, ,
5, ,-40, ,
4, ,-40, ,
3, ,-40, ,
-2, ,-40, ,
4, ,-40, ,
6, ,-40, ,
6, ,-40, ,
5, ,-40, ,
5, ,-40, ,
8, ,-40, ,
9, ,-40, ,
4, ,-40, ,
4, ,-40, ,
5, ,-40, ,
4, ,-40, ,
3, ,-40, ,
8, ,-40, ,
6, ,-40, ,
5, ,-40, ,
4, ,-40, ,
5, ,-40, ,
5, ,-40, ,
4, ,-40, ,
-1, ,-40, ,
4, ,-40, ,
1, ,-40, ,
-4, ,-40, ,
-1, ,-40, ,
3, ,-40, ,
3, ,-40, ,
4, ,-40, ,
-1, ,-40, ,
4, ,-40, ,
4, ,-40, ,
3, ,-40, ,
5, ,-40, ,
5, ,-40, ,
1, ,-40, ,
-1, ,-40, ,
-6, ,-40, ,
1, ,-40, ,
-1, ,-40, ,
-5, ,-40, ,
-4, ,-40, ,
1, ,-41, ,
3, ,-40, ,
4, ,-40, ,
-1, ,-40, ,
-2, ,-40, ,
0, ,-40, ,
-4, ,-40, ,
-5, ,-40, ,
3, ,-40, ,
0, ,-40, ,
-2, ,-40, ,
-4, ,-40, ,
-4, ,-41, ,
-1, ,-40, ,
-2, ,-40, ,
-5, ,-40, ,
0, ,-40, ,
-2, ,-40, ,
-2, ,-40, ,
-4, ,-40, ,
1, ,-40, ,
4, ,-40, ,
0, ,-40, ,
-4, ,-40, ,
0, ,-40, ,
0, ,-40, ,
1, ,-40, ,
-1, ,-40, ,
1, ,-40, ,
0, ,-40, ,
-2, ,-40, ,
-5, ,-40, ,
1, ,-40, ,
0, ,-40, ,
0, ,-40, ,
-4, ,-40, ,
-1, ,-40, ,
-2, ,-40, ,
-1, ,-40, ,
-5, ,-40, ,
-1, ,-40, ,
1, ,-40, ,
-1, ,-40, ,
-5, ,-40, ,
0, ,-40, ,
-5, ,-40, ,
-5, ,-40, ,
-5, ,-40, ,
0, ,-40, ,
-1, ,-40, ,
1, ,-40, ,
-2, ,-40, ,
-4, ,-40, ,
0, ,-40, ,
-2, ,-40, ,
-7, ,-40, ,
1, ,-40, ,
-1, ,-40, ,
3, ,-40, ,
-2, ,-40, ,
-5, ,-40, ,
-1, ,-40, ,
-2, ,-40, ,
-5, ,-40, ,
0, ,-40, ,
-1, ,-40, ,
0, ,-40, ,
-4, ,-40, ,
-4, ,-40, ,
5, ,-40, ,
-9, ,-40, ,
-9, ,-40, ,
-6, ,-40, ,
-2, ,-40, ,
0, ,-40, ,
-5, ,-40, ,
1, ,-40, ,
-1, ,-40, ,
-6, ,-40, ,
-5, ,-40, ,
-2, ,-40, ,
-4, ,-40, ,
-2, ,-40, ,
-2, ,-40, ,
-2, ,-41, ,
0, ,-40, ,
1, ,-40, ,
-5, ,-40, ,
-1, ,-41, ,
1, ,-40, ,
-1, ,-40, ,
-1, ,-40, ,
3, ,-40, ,
1, ,-40, ,
0, ,-40, ,
-4, ,-40, ,
-1, ,-40, ,
0, ,-40, ,
-1, ,-40, ,
-6, ,-40, ,
-1, ,-40, ,
1, ,-40, ,
0, ,-40, ,
-1, ,-40, ,
6, ,-40, ,
3, ,-40, ,
3, ,-40, ,
1, ,-40, ,
3, ,-41, ,
4, ,-40, ,
4, ,-40, ,
3, ,-40, ,
6, ,-40, ,
9, ,-40, ,
4, ,-40, ,
-1, ,-40, ,
5, ,-40, ,
0, ,-40, ,
-2, ,-40, ,
-5, ,-40, ,
-1, ,-40, ,
3, ,-40, ,
4, ,-40, ,
3, ,-40, ,
9, ,-40, ,
9, ,-40, ,
5, ,-40, ,
-1, ,-40, ,
3, ,-40, ,
3, ,-40, ,
3, ,-40, ,
0, ,-40, ,
4, ,-40, ,
5, ,-40, ,
5, ,-40, ,
0, ,-40, ,
4, ,-40, ,
3, ,-40, ,
0, ,-40, ,
1, ,-40, ,
6, ,-40, ,
6, ,-40, ,
4, ,-40, ,
4, ,-40, ,
4, ,-40, ,
5, ,-40, ,
5, ,-40, ,
-1, ,-40, ,
6, ,-40, ,
10, ,-40, ,
6, ,-40, ,
0, ,-40, ,
3, ,-40, ,
0, ,-40, ,
-1, ,-40, ,
-4, ,-40, ,
0, ,-40, ,
4, ,-40, ,
4, ,-40, ,
3, ,-40, ,
4, ,-40, ,
4, ,-40, ,
3, ,-40, ,
0, ,-40, ,
4, ,-40, ,
3, ,-40, ,
3, ,-40, ,
3, ,-40, ,
5, ,-40, ,
4, ,-40, ,
4, ,-40, ,
-1, ,-40, ,
3, ,-40, ,
5, ,-40, ,
1, ,-40, ,
-1, ,-40, ,
8, ,-40, ,
3, ,-40, ,
4, ,-40, ,
3, ,-39, ,
6, ,-40, ,
8, ,-40, ,
8, ,-40, ,
8, ,-40, ,
9, ,-40, ,
9, ,-40, ,
9, ,-40, ,
5, ,-40, ,
10, ,-40, ,
5, ,-40, ,
4, ,-40, ,
1, ,-40, ,
3, ,-40, ,
3, ,-40, ,
4, ,-40, ,
0, ,-40, ,
4, ,-40, ,
5, ,-40, ,
4, ,-40, ,
1, ,-40, ,
3, ,-40, ,
4, ,-40, ,
1, ,-40, ,
3, ,-40, ,
5, ,-40, ,
4, ,-40, ,
5, ,-40, ,
-2, ,-40, ,
4, ,-40, ,
4, ,-40, ,
4, ,-40, ,
0, ,-40, ,
5, ,-40, ,
5, ,-40, ,
4, ,-40, ,
3, ,-40, ,
5, ,-40, ,
5, ,-40, ,
5, ,-40, ,
-1, ,-40, ,
3, ,-40, ,
5, ,-40, ,
0, ,-40, ,
0, ,-40, ,
8, ,-40, ,
1, ,-40, ,
4, ,-40, ,
3, ,-40, ,
5, ,-40, ,
4, ,-40, ,
1, ,-40, ,
-1, ,-40, ,
4, ,-40, ,
4, ,-40, ,
3, ,-40, ,
-1, ,-40, ,
4, ,-40, ,
1, ,-40, ,
1, ,-40, ,
-1, ,-40, ,
-1, ,-40, ,
0, ,-40, ,
0, ,-40, ,
-1, ,-40, ,
3, ,-40, ,
6, ,-40, ,
4, ,-40, ,
-1, ,-40, ,
6, ,-40, ,
6, ,-40, ,
3, ,-40, ,
4, ,-40, ,
6, ,-40, ,
3, ,-40, ,
1, ,-40, ,
-4, ,-40, ,
-1, ,-40, ,
-4, ,-40, ,
-4, ,-40, ,
-5, ,-40, ,
0, ,-40, ,
4, ,-40, ,
3, ,-40, ,
1, ,-40, ,
3, ,-40, ,
0, ,-40, ,
-2, ,-40, ,
-4, ,-40, ,
3, ,-40, ,
-2, ,-40, ,
-2, ,-40, ,
-1, ,-40, ,
1, ,-40, ,
0, ,-40, ,
-2, ,-40, ,
-4, ,-39, ,
-1, ,-40, ,
-1, ,-40, ,
-2, ,-40, ,
-6, ,-40, ,
-1, ,-40, ,
-1, ,-40, ,
-4, ,-40, ,
-5, ,-40, ,
3, ,-40, ,
1, ,-40, ,
0, ,-40, ,
-1, ,-40, ,
1, ,-40, ,
-1, ,-40, ,
0, ,-40, ,
-6, ,-40, ,
0, ,-40, ,
0, ,-40, ,
-1, ,-40, ,
-7, ,-40, ,
0, ,-40, ,
0, ,-40, ,
0, ,-40, ,
-4, ,-40, ,
3, ,-40, ,
5, ,-40, ,
1, ,-40, ,
-5, ,-40, ,
-2, ,-40, ,
0, ,-40, ,
-5, ,-40, ,
-5, ,-40, ,
1, ,-40, ,
-1, ,-40, ,
-1, ,-40, ,
-2, ,-40, ,
-4, ,-41, ,
-2, ,-40, ,
-4, ,-40, ,
-9, ,-40, ,
-4, ,-40, ,
-1, ,-40, ,
-2, ,-40, ,
-2, ,-40, ,
3, ,-40, ,
-1, ,-40, ,
1, ,-40, ,
-4, ,-40, ,
-1, ,-40, ,
-2, ,-40, ,
-2, ,-40, ,
-2, ,-40, ,
-1, ,-40, ,
1, ,-40, ,
-1, ,-40, ,
-1, ,-40, ,
0, ,-40, ,
0, ,-40, ,
0, ,-40, ,
-2, ,-40, ,
4, ,-40, ,
1, ,-40, ,
3, ,-40, ,
-4, ,-40, ,
-4, ,-40, ,
0, ,-40, ,
-2, ,-40, ,
-4, ,-40, ,
3, ,-40, ,
3, ,-40, ,
4, ,-40, ,
1, ,-40, ,
5, ,-40, ,
4, ,-40, ,
3, ,-40, ,
-1, ,-40, ,
1, ,-40, ,
4, ,-40, ,
0, ,-40, ,
-1, ,-40, ,
4, ,-40, ,
1, ,-40, ,
1, ,-40, ,
-1, ,-40, ,
-4, ,-41, ,
3, ,-40, ,
0, ,-40, ,
-5, ,-40, ,
4, ,-40, ,
4, ,-40, ,
1, ,-40, ,
1, ,-40, ,
4, ,-40, ,
0, ,-40, ,
-1, ,-40, ,
0, ,-40, ,
1, ,-40, ,
3, ,-40, ,
3, ,-40, ,
-4, ,-40, ,
-4, ,-40, ,
-2, ,-35, ,
0, ,-26, ,
0, ,-16, ,
6, ,-6, ,
8, ,2, ,
4, ,9, ,
3, ,15, ,
4, ,20, ,
3, ,25, ,
9, ,29, ,
4, ,33, ,
8, ,36, ,
5, ,37, ,
1, ,40, ,
-4, ,42, ,
5, ,44, ,
5, ,45, ,
3, ,46, ,
0, ,47, ,
3, ,49, ,
4, ,49, ,
4, ,49, ,
-1, ,50, ,
4, ,51, ,
5, ,50, ,
5, ,52, ,
4, ,52, ,
5, ,52, ,
4, ,52, ,
4, ,52, ,
3, ,52, ,
6, ,53, ,
6, ,52, ,
8, ,53, ,
5, ,53, ,
9, ,53, ,
6, ,51, ,
6, ,54, ,
0, ,53, ,
5, ,53, ,
3, ,53, ,
4, ,53, ,
5, ,53, ,
5, ,53, ,
8, ,53, ,
13, ,53, ,
8, ,53, ,
8, ,53, ,
6, ,52, ,
5, ,54, ,
3, ,53, ,
8, ,53, ,
6, ,53, ,
4, ,53, ,
5, ,52, ,
3, ,54, ,
3, ,52, ,
4, ,53, ,
-1, ,54, ,
8, ,53, ,
6, ,52, ,
4, ,54, ,
-1, ,53, ,
5, ,53, ,
5, ,53, ,
3, ,53, ,
3, ,52, ,
3, ,54, ,
3, ,52, ,
6, ,53, ,
0, ,53, ,
4, ,53, ,
5, ,51, ,
0, ,54, ,
-1, ,53, ,
3, ,53, ,
-1, ,53, ,
1, ,53, ,
-2, ,52, ,
-1, ,54, ,
1, ,52, ,
5, ,53, ,
1, ,53, ,
4, ,53, ,
3, ,52, ,
-2, ,54, ,
-2, ,53, ,
1, ,52, ,
1, ,53, ,
3, ,53, ,
1, ,52, ,
5, ,54, ,
4, ,52, ,
4, ,53, ,
-2, ,53, ,
3, ,53, ,
3, ,51, ,
4, ,53, ,
-1, ,53, ,
5, ,52, ,
-1, ,53, ,
1, ,53, ,
-1, ,52, ,
0, ,53, ,
-1, ,52, ,
0, ,53, ,
0, ,53, ,
5, ,53, ,
5, ,52, ,
5, ,54, ,
3, ,53, ,
6, ,53, ,
5, ,53, ,
4, ,53, ,
5, ,52, ,
4, ,53, ,
5, ,52, ,
8, ,53, ,
1, ,53, ,
8, ,53, ,
3, ,51, ,
4, ,53, ,
1, ,52, ,
4, ,52, ,
3, ,53, ,
3, ,53, ,
1, ,52, ,
5, ,54, ,
3, ,52, ,
4, ,53, ,
-1, ,53, ,
4, ,53, ,
3, ,51, ,
3, ,53, ,
0, ,53, ,
3, ,53, ,
-1, ,52, ,
1, ,53, ,
-5, ,51, ,
1, ,54, ,
-2, ,52, ,
1, ,53, ,
-6, ,53, ,
-1, ,53, ,
-4, ,51, ,
-4, ,54, ,
1, ,53, ,
4, ,53, ,
1, ,52, ,
5, ,53, ,
1, ,52, ,
0, ,53, ,
-2, ,52, ,
0, ,53, ,
-6, ,53, ,
-2, ,53, ,
3, ,51, ,
0, ,53, ,
-2, ,53, ,
1, ,52, ,
-4, ,53, ,
-5, ,53, ,
-6, ,52, ,
-4, ,53, ,
-1, ,52, ,
0, ,52, ,
-7, ,53, ,
-2, ,53, ,
1, ,51, ,
4, ,53, ,
-1, ,53, ,
4, ,53, ,
0, ,53, ,
-2, ,53, ,
-6, ,52, ,
-5, ,53, ,
-5, ,52, ,
-1, ,53, ,
-5, ,53, ,
0, ,53, ,
0, ,51, ,
-1, ,53, ,
-4, ,53, ,
3, ,52, ,
-2, ,52, ,
1, ,53, ,
-2, ,52, ,
-1, ,54, ,
-1, ,52, ,
1, ,52, ,
-5, ,53, ,
1, ,53, ,
3, ,51, ,
1, ,53, ,
4, ,52, ,
8, ,52, ,
5, ,52, ,
5, ,53, ,
-1, ,52, ,
-1, ,53, ,
-4, ,52, ,
-2, ,52, ,
-6, ,53, ,
-2, ,53, ,
-1, ,51, ,
-1, ,53, ,
-1, ,53, ,
1, ,52, ,
-1, ,53, ,
-1, ,53, ,
-1, ,52, ,
-1, ,53, ,
-1, ,52, ,
-1, ,52, ,
-4, ,53, ,
0, ,53, ,
-1, ,51, ,
0, ,53, ,
-5, ,53, ,
3, ,52, ,
-4, ,52, ,
0, ,53, ,
-2, ,52, ,
-2, ,54, ,
-2, ,52, ,
-1, ,53, ,
-5, ,53, ,
1, ,53, ,
0, ,51, ,
1, ,53, ,
-1, ,52, ,
5, ,52, ,
0, ,53, ,
-1, ,53, ,
0, ,52, ,
-2, ,54, ,
-2, ,52, ,
-2, ,52, ,
-9, ,53, ,
-2, ,52, ,
-1, ,51, ,
-2, ,53, ,
-4, ,53, ,
0, ,52, ,
-1, ,53, ,
-1, ,52, ,
-1, ,51, ,
-1, ,53, ,
0, ,52, ,
3, ,53, ,
-4, ,53, ,
5, ,53, ,
5, ,51, ,
1, ,53, ,
1, ,52, ,
5, ,52, ,
0, ,52, ,
1, ,53, ,
1, ,52, ,
4, ,53, ,
3, ,52, ,
4, ,52, ,
-1, ,53, ,
0, ,52, ,
0, ,52, ,
3, ,52, ,
1, ,53, ,
6, ,52, ,
5, ,53, ,
6, ,53, ,
6, ,52, ,
4, ,53, ,
4, ,52, ,
4, ,52, ,
1, ,53, ,
4, ,53, ,
5, ,51, ,
4, ,53, ,
-1, ,52, ,
4, ,53, ,
-1, ,52, ,
0, ,53, ,
0, ,52, ,
1, ,53, ,
4, ,52, ,
6, ,52, ,
4, ,53, ,
6, ,53, ,
5, ,51, ,
5, ,53, ,
-1, ,52, ,
3, ,52, ,
0, ,52, ,
0, ,53, ,
0, ,51, ,
3, ,53, ,
1, ,52, ,
5, ,52, ,
-1, ,53, ,
3, ,53, ,
1, ,51, ,
-1, ,54, ,
-2, ,52, ,
1, ,53, ,
3, ,53, ,
3, ,53, ,
5, ,52, ,
6, ,54, ,
5, ,52, ,
5, ,52, ,
-1, ,53, ,
4, ,53, ,
1, ,51, ,
-2, ,53, ,
-1, ,53, ,
3, ,52, ,
0, ,53, ,
3, ,53, ,
3, ,52, ,
4, ,53, ,
4, ,52, ,
4, ,53, ,
1, ,53, ,
5, ,53, ,
8, ,51, ,
5, ,53, ,
1, ,53, ,
6, ,52, ,
3, ,53, ,
5, ,53, ,
6, ,52, ,
6, ,53, ,
8, ,52, ,
9, ,52, ,
3, ,53, ,
6, ,53, ,
5, ,51, ,
4, ,53, ,
1, ,53, ,
4, ,52, ,
4, ,52, ,
4, ,53, ,
4, ,52, ,
4, ,53, ,
4, ,52, ,
10, ,53, ,
5, ,53, ,
3, ,52, ,
6, ,51, ,
4, ,53, ,
-1, ,53, ,
5, ,52, ,
4, ,53, ,
4, ,53, ,
5, ,51, ,
5, ,53, ,
4, ,52, ,
8, ,52, ,
-2, ,53, ,
5, ,53, ,
4, ,51, ,
1, ,53, ,
-1, ,52, ,
4, ,52, ,
3, ,53, ,
1, ,53, ,
0, ,52, ,
3, ,53, ,
1, ,52, ,
5, ,53, ,
-1, ,53, ,
6, ,53, ,
5, ,51, ,
3, ,53, ,
0, ,52, ,
6, ,52, ,
-2, ,52, ,
0, ,53, ,
1, ,52, ,
3, ,54, ,
3, ,52, ,
1, ,53, ,
-4, ,53, ,
0, ,53, ,
1, ,51, ,
1, ,53, ,
-2, ,53, ,
1, ,52, ,
1, ,53, ,
4, ,53, ,
3, ,52, ,
4, ,53, ,
1, ,52, ,
0, ,53, ,
-2, ,53, ,
-1, ,53, ,
-1, ,52, ,
0, ,53, ,
-4, ,52, ,
3, ,52, ,
-1, ,53, ,
0, ,53, ,
0, ,52, ,
-2, ,53, ,
1, ,52, ,
4, ,52, ,
-1, ,53, ,
6, ,53, ,
4, ,51, ,
3, ,53, ,
0, ,52, ,
6, ,52, ,
0, ,53, ,
3, ,53, ,
0, ,52, ,
3, ,53, ,
-1, ,52, ,
1, ,52, ,
-4, ,53, ,
4, ,53, ,
3, ,51, ,
1, ,53, ,
-1, ,52, ,
3, ,53, ,
1, ,52, ,
0, ,53, ,
1, ,52, ,
1, ,53, ,
-1, ,52, ,
1, ,52, ,
-1, ,53, ,
3, ,53, ,
3, ,51, ,
-1, ,53, ,
-1, ,52, ,
3, ,52, ,
-1, ,53, ,
0, ,53, ,
-1, ,52, ,
1, ,54, ,
-2, ,52, ,
0, ,53, ,
-5, ,53, ,
-1, ,53, ,
0, ,51, ,
-1, ,53, ,
-1, ,53, ,
4, ,53, ,
-2, ,53, ,
-2, ,53, ,
-4, ,51, ,
-2, ,53, ,
-2, ,52, ,
-4, ,53, ,
-6, ,53, ,
0, ,53, ,
-2, ,51, ,
-4, ,53, ,
-7, ,52, ,
-1, ,53, ,
-4, ,53, ,
-5, ,53, ,
-5, ,52, ,
-2, ,53, ,
1, ,53, ,
3, ,53, ,
-2, ,53, ,
1, ,52, ,
1, ,51, ,
1, ,53, ,
-5, ,52, ,
1, ,52, ,
0, ,53, ,
-1, ,53, ,
-2, ,52, ,
-2, ,53, ,
0, ,52, ,
0, ,53, ,
-5, ,53, ,
1, ,52, ,
1, ,51, ,
0, ,53, ,
-1, ,52, ,
4, ,52, ,
-2, ,53, ,
-1, ,53, ,
-5, ,52, ,
0, ,53, ,
-1, ,52, ,
-1, ,52, ,
-4, ,53, ,
1, ,52, ,
3, ,51, ,
1, ,53, ,
0, ,52, ,
4, ,52, ,
0, ,52, ,
1, ,53, ,
-4, ,52, ,
-1, ,53, ,
-2, ,52, ,
0, ,52, ,
-4, ,53, ,
0, ,52, ,
3, ,51, ,
1, ,53, ,
3, ,53, ,
1, ,52, ,
-2, ,53, ,
4, ,53, ,
1, ,52, ,
5, ,53, ,
4, ,52, ,
0, ,52, ,
-6, ,53, ,
-1, ,52, ,
0, ,51, ,
1, ,53, ,
0, ,52, ,
4, ,53, ,
-2, ,53, ,
1, ,53, ,
-1, ,52, ,
0, ,53, ,
-2, ,52, ,
1, ,52, ,
-2, ,53, ,
3, ,53, ,
1, ,51, ,
1, ,53, ,
1, ,53, ,
5, ,52, ,
0, ,52, ,
1, ,53, ,
-1, ,52, ,
0, ,54, ,
-2, ,52, ,
0, ,53, ,
-4, ,53, ,
0, ,53, ,
3, ,51, ,
4, ,53, ,
0, ,53, ,
4, ,53, ,
1, ,53, ,
0, ,53, ,
3, ,52, ,
5, ,53, ,
4, ,52, ,
6, ,53, ,
1, ,53, ,
6, ,53, ,
1, ,51, ,
3, ,53, ,
0, ,52, ,
1, ,52, ,
1, ,53, ,
3, ,53, ,
1, ,52, ,
5, ,54, ,
1, ,52, ,
4, ,52, ,
-1, ,53, ,
1, ,53, ,
5, ,51, ,
4, ,53, ,
3, ,53, ,
13, ,52, ,
5, ,53, ,
5, ,53, ,
5, ,52, ,
3, ,53, ,
4, ,52, ,
6, ,52, ,
1, ,53, ,
5, ,53, ,
8, ,51, ,
4, ,54, ,
0, ,52, ,
8, ,53, ,
1, ,53, ,
5, ,53, ,
5, ,52, ,
5, ,53, ,
6, ,52, ,
8, ,53, ,
5, ,53, ,
6, ,53, ,
4, ,51, ,
0, ,53, ,
-2, ,52, ,
3, ,52, ,
4, ,53, ,
3, ,53, ,
3, ,52, ,
10, ,53, ,
0, ,52, ,
0, ,53, ,
-4, ,53, ,
3, ,53, ,
1, ,51, ,
3, ,53, ,
4, ,53, ,
6, ,52, ,
1, ,53, ,
3, ,53, ,
1, ,52, ,
3, ,53, ,
1, ,52, ,
3, ,53, ,
-2, ,53, ,
0, ,53, ,
4, ,51, ,
1, ,53, ,
0, ,53, ,
5, ,53, ,
5, ,52, ,
3, ,53, ,
3, ,52, ,
4, ,53, ,
3, ,52, ,
3, ,52, ,
-1, ,53, ,
4, ,53, ,
5, ,51, ,
1, ,53, ,
1, ,52, ,
5, ,52, ,
3, ,53, ,
5, ,53, ,
5, ,52, ,
8, ,54, ,
5, ,52, ,
6, ,53, ,
1, ,53, ,
4, ,53, ,
3, ,51, ,
1, ,53, ,
-1, ,53, ,
4, ,52, ,
-1, ,53, ,
3, ,53, ,
5, ,52, ,
4, ,53, ,
6, ,52, ,
5, ,52, ,
0, ,53, ,
5, ,53, ,
3, ,51, ,
1, ,53, ,
-1, ,52, ,
8, ,52, ,
5, ,53, ,
4, ,53, ,
4, ,52, ,
1, ,53, ,
3, ,52, ,
1, ,53, ,
-4, ,53, ,
3, ,53, ,
3, ,51, ,
4, ,53, ,
1, ,53, ,
5, ,53, ,
1, ,53, ,
4, ,53, ,
4, ,52, ,
1, ,54, ,
-1, ,52, ,
1, ,53, ,
0, ,53, ,
3, ,53, ,
3, ,51, ,
-1, ,53, ,
-6, ,53, ,
-4, ,52, ,
-1, ,53, ,
-1, ,53, ,
-5, ,52, ,
-1, ,53, ,
-5, ,52, ,
-1, ,53, ,
-7, ,53, ,
0, ,53, ,
4, ,51, ,
1, ,53, ,
1, ,53, ,
6, ,52, ,
3, ,53, ,
5, ,53, ,
3, ,52, ,
1, ,53, ,
0, ,52, ,
-2, ,53, ,
-10, ,53, ,
-4, ,53, ,
-2, ,51, ,
-5, ,53, ,
-6, ,53, ,
1, ,53, ,
-4, ,53, ,
-2, ,53, ,
0, ,52, ,
3, ,53, ,
0, ,53, ,
3, ,52, ,
-2, ,53, ,
1, ,53, ,
-1, ,51, ,
1, ,53, ,
-4, ,53, ,
0, ,52, ,
-1, ,53, ,
-2, ,53, ,
-1, ,51, ,
-2, ,54, ,
-1, ,52, ,
4, ,52, ,
-2, ,53, ,
3, ,53, ,
3, ,51, ,
0, ,54, ,
-4, ,53, ,
1, ,53, ,
-1, ,53, ,
-1, ,53, ,
0, ,51, ,
3, ,54, ,
1, ,53, ,
3, ,52, ,
-1, ,53, ,
0, ,53, ,
4, ,51, ,
-2, ,54, ,
-1, ,53, ,
5, ,52, ,
0, ,53, ,
-1, ,53, ,
-1, ,52, ,
-1, ,53, ,
-2, ,53, ,
0, ,52, ,
-5, ,53, ,
-1, ,53, ,
3, ,50, ,
0, ,54, ,
-2, ,52, ,
3, ,52, ,
-2, ,53, ,
0, ,53, ,
-6, ,51, ,
-2, ,54, ,
0, ,52, ,
3, ,52, ,
-1, ,53, ,
1, ,53, ,
4, ,51, ,
0, ,54, ,
-6, ,53, ,
-1, ,52, ,
-2, ,53, ,
-2, ,53, ,
-4, ,51, ,
0, ,54, ,
0, ,52, ,
3, ,52, ,
-4, ,53, ,
0, ,53, ,
0, ,51, ,
1, ,53, ,
-1, ,53, ,
5, ,52, ,
3, ,53, ,
-2, ,53, ,
-2, ,51, ,
-1, ,54, ,
-6, ,52, ,
-2, ,52, ,
-6, ,53, ,
0, ,53, ,
6, ,50, ,
4, ,51, ,
-2, ,41, ,
-1, ,31, ,
-6, ,21, ,
-9, ,13, ,
-7, ,6, ,
-4, ,-1, ,
-1, ,-6, ,
1, ,-11, ,
-4, ,-16, ,
1, ,-19, ,
0, ,-22, ,
0, ,-24, ,
-4, ,-26, ,
0, ,-28, ,
-1, ,-30, ,
-2, ,-31, ,
-5, ,-32, ,
-1, ,-35, ,
-7, ,-36, ,
3, ,-36, ,
0, ,-37, ,
-1, ,-38, ,
5, ,-38, ,
0, ,-39, ,
-2, ,-39, ,
3, ,-39, ,
3, ,-39, ,
1, ,-40, ,
0, ,-39, ,
3, ,-40, ,
3, ,-40, ,
0, ,-40, ,
-4, ,-40, ,
0, ,-40, ,
3, ,-40, ,
0, ,-41, ,
-4, ,-40, ,
6, ,-41, ,
4, ,-41, ,
3, ,-41, ,
3, ,-40, ,
3, ,-41, ,
6, ,-41, ,
6, ,-41, ,
1, ,-41, ,
6, ,-41, ,
4, ,-40, ,
4, ,-41, ,
0, ,-41, ,
8, ,-40, ,
0, ,-40, ,
-1, ,-40, ,
-4, ,-40, ,
-1, ,-41, ,
3, ,-41, ,
4, ,-40, ,
-1, ,-41, ,
4, ,-41, ,
5, ,-40, ,
1, ,-41, ,
-1, ,-40, ,
4, ,-41, ,
3, ,-40, ,
1, ,-41, ,
4, ,-40, ,
4, ,-41, ,
4, ,-41, ,
4, ,-40, ,
-1, ,-41, ,
1, ,-41, ,
4, ,-40, ,
3, ,-41, ,
0, ,-40, ,
5, ,-40, ,
4, ,-40, ,
5, ,-41, ,
3, ,-40, ,
5, ,-41, ,
3, ,-41, ,
3, ,-40, ,
-1, ,-41, ,
3, ,-41, ,
5, ,-40, ,
8, ,-41, ,
3, ,-40, ,
8, ,-40, ,
5, ,-40, ,
6, ,-40, ,
3, ,-40, ,
4, ,-41, ,
6, ,-40, ,
6, ,-40, ,
4, ,-40, ,
8, ,-40, ,
9, ,-40, ,
5, ,-41, ,
1, ,-40, ,
8, ,-40, ,
4, ,-40, ,
4, ,-41, ,
5, ,-39, ,
5, ,-41, ,
5, ,-41, ,
4, ,-40, ,
1, ,-40, ,
4, ,-40, ,
4, ,-39, ,
3, ,-41, ,
-1, ,-40, ,
5, ,-40, ,
4, ,-40, ,
3, ,-40, ,
1, ,-40, ,
3, ,-41, ,
3, ,-41, ,
3, ,-40, ,
-4, ,-40, ,
4, ,-41, ,
3, ,-40, ,
-1, ,-41, ,
0, ,-40, ,
4, ,-40, ,
4, ,-40, ,
3, ,-40, ,
3, ,-40, ,
4, ,-41, ,
4, ,-40, ,
3, ,-40, ,
-4, ,-40, ,
0, ,-40, ,
1, ,-40, ,
-1, ,-40, ,
-4, ,-40, ,
3, ,-40, ,
4, ,-40, ,
0, ,-40, ,
-4, ,-40, ,
1, ,-41, ,
0, ,-40, ,
0, ,-40, ,
-4, ,-40, ,
0, ,-40, ,
4, ,-40, ,
0, ,-40, ,
-2, ,-40, ,
5, ,-40, ,
1, ,-40, ,
3, ,-40, ,
3, ,-40, ,
1, ,-41, ,
4, ,-40, ,
0, ,-40, ,
-6, ,-40, ,
-4, ,-40, ,
-1, ,-39, ,
-5, ,-41, ,
-5, ,-40, ,
1, ,-40, ,
3, ,-40, ,
3, ,-40, ,
3, ,-40, ,
4, ,-41, ,
3, ,-40, ,
1, ,-40, ,
-1, ,-40, ,
0, ,-40, ,
1, ,-40, ,
1, ,-40, ,
-2, ,-40, ,
3, ,-40, ,
4, ,-40, ,
1, ,-40, ,
0, ,-39, ,
1, ,-41, ,
0, ,-40, ,
3, ,-40, ,
-5, ,-40, ,
1, ,-40, ,
4, ,-40, ,
3, ,-41, ,
-2, ,-40, ,
3, ,-40, ,
4, ,-40, ,
0, ,-40, ,
1, ,-40, ,
4, ,-41, ,
3, ,-40, ,
4, ,-40, ,
0, ,-40, ,
4, ,-40, ,
4, ,-40, ,
0, ,-40, ,
-6, ,-40, ,
0, ,-40, ,
1, ,-40, ,
1, ,-40, ,
-1, ,-39, ,
1, ,-41, ,
1, ,-40, ,
1, ,-40, ,
-4, ,-40, ,
-1, ,-40, ,
0, ,-39, ,
-2, ,-40, ,
-2, ,-40, ,
3, ,-40, ,
0, ,-40, ,
-1, ,-40, ,
-2, ,-40, ,
0, ,-41, ,
-2, ,-40, ,
-1, ,-40, ,
-6, ,-40, ,
-2, ,-40, ,
-1, ,-40, ,
-2, ,-40, ,
-4, ,-40, ,
3, ,-40, ,
-4, ,-40, ,
0, ,-40, ,
-2, ,-39, ,
-1, ,-41, ,
0, ,-40, ,
1, ,-40, ,
-4, ,-40, ,
-1, ,-40, ,
1, ,-40, ,
0, ,-40, ,
-5, ,-40, ,
0, ,-40, ,
-1, ,-40, ,
-1, ,-40, ,
1, ,-39, ,
0, ,-41, ,
1, ,-40, ,
4, ,-40, ,
-5, ,-40, ,
1, ,-40, ,
1, ,-40, ,
-4, ,-40, ,
-5, ,-40, ,
0, ,-40, ,
-1, ,-40, ,
0, ,-40, ,
-1, ,-39, ,
0, ,-41, ,
0, ,-40, ,
5, ,-40, ,
-4, ,-40, ,
3, ,-40, ,
5, ,-39, ,
0, ,-40, ,
0, ,-40, ,
3, ,-40, ,
1, ,-40, ,
0, ,-40, ,
-6, ,-39, ,
-4, ,-41, ,
-1, ,-40, ,
-1, ,-40, ,
0, ,-40, ,
4, ,-40, ,
6, ,-40, ,
4, ,-40, ,
-1, ,-40, ,
4, ,-40, ,
0, ,-40, ,
0, ,-40, ,
-2, ,-39, ,
1, ,-40, ,
4, ,-40, ,
-1, ,-39, ,
-4, ,-40, ,
-1, ,-40, ,
0, ,-39, ,
-2, ,-41, ,
-7, ,-40, ,
-2, ,-40, ,
-4, ,-40, ,
-1, ,-40, ,
0, ,-39, ,
3, ,-41, ,
5, ,-40, ,
5, ,-40, ,
1, ,-40, ,
5, ,-40, ,
4, ,-40, ,
1, ,-40, ,
-4, ,-40, ,
1, ,-40, ,
1, ,-40, ,
-1, ,-40, ,
-1, ,-39, ,
-1, ,-41, ,
0, ,-40, ,
0, ,-40, ,
-4, ,-40, ,
3, ,-40, ,
4, ,-39, ,
3, ,-40, ,
1, ,-40, ,
3, ,-40, ,
1, ,-40, ,
0, ,-40, ,
-2, ,-39, ,
1, ,-41, ,
1, ,-40, ,
3, ,-40, ,
0, ,-40, ,
5, ,-40, ,
5, ,-40, ,
1, ,-40, ,
-1, ,-40, ,
3, ,-40, ,
1, ,-40, ,
-2, ,-40, ,
0, ,-40, ,
3, ,-41, ,
4, ,-40, ,
5, ,-40, ,
4, ,-40, ,
4, ,-40, ,
6, ,-39, ,
1, ,-40, ,
0, ,-40, ,
3, ,-40, ,
4, ,-40, ,
5, ,-40, ,
1, ,-40, ,
5, ,-41, ,
4, ,-40, ,
3, ,-40, ,
0, ,-40, ,
4, ,-40, ,
9, ,-40, ,
3, ,-41, ,
3, ,-40, ,
8, ,-40, ,
4, ,-40, ,
3, ,-40, ,
0, ,-39, ,
1, ,-41, ,
3, ,-40, ,
4, ,-40, ,
0, ,-40, ,
5, ,-40, ,
6, ,-39, ,
3, ,-40, ,
-1, ,-40, ,
4, ,-40, ,
1, ,-40, ,
0, ,-40, ,
-1, ,-39, ,
3, ,-41, ,
3, ,-40, ,
3, ,-40, ,
-2, ,-40, ,
3, ,-40, ,
5, ,-39, ,
3, ,-40, ,
-2, ,-40, ,
1, ,-40, ,
0, ,-40, ,
-1, ,-40, ,
1, ,-39, ,
4, ,-40, ,
3, ,-40, ,
6, ,-40, ,
0, ,-40, ,
5, ,-40, ,
5, ,-39, ,
3, ,-40, ,
-1, ,-40, ,
3, ,-40, ,
3, ,-40, ,
1, ,-40, ,
0, ,-40, ,
1, ,-41, ,
1, ,-40, ,
3, ,-40, ,
-2, ,-40, ,
1, ,-40, ,
5, ,-40, ,
4, ,-40, ,
3, ,-40, ,
8, ,-40, ,
4, ,-40, ,
5, ,-40, ,
0, ,-39, ,
1, ,-41, ,
1, ,-40, ,
1, ,-40, ,
-4, ,-40, ,
3, ,-40, ,
5, ,-39, ,
4, ,-41, ,
-1, ,-40, ,
5, ,-40, ,
3, ,-40, ,
8, ,-40, ,
5, ,-39, ,
4, ,-41, ,
5, ,-40, ,
5, ,-40, ,
3, ,-40, ,
3, ,-40, ,
5, ,-40, ,
1, ,-40, ,
-6, ,-40, ,
6, ,-40, ,
5, ,-40, ,
3, ,-40, ,
4, ,-39, ,
1, ,-41, ,
3, ,-40, ,
3, ,-40, ,
-6, ,-40, ,
1, ,-40, ,
3, ,-39, ,
4, ,-40, ,
3, ,-40, ,
10, ,-39, ,
9, ,-40, ,
8, ,-40, ,
0, ,-39, ,
1, ,-41, ,
-1, ,-40, ,
0, ,-40, ,
-5, ,-40, ,
0, ,-40, ,
-1, ,-39, ,
-4, ,-40, ,
-5, ,-40, ,
4, ,-40, ,
5, ,-40, ,
4, ,-40, ,
0, ,-39, ,
1, ,-41, ,
-4, ,-40, ,
-4, ,-40, ,
-7, ,-40, ,
-7, ,-40, ,
-1, ,-39, ,
-5, ,-40, ,
-4, ,-40, ,
-2, ,-40, ,
-5, ,-40, ,
-6, ,-40, ,
-14, ,-40, ,
-9, ,-41, ,
-2, ,-40, ,
3, ,-40, ,
6, ,-40, ,
11, ,-40, ,
14, ,-40, ,
9, ,-40, ,
1, ,-40, ,
6, ,-40, ,
0, ,-40, ,
0, ,-40, ,
-1, ,-39, ,
-2, ,-41, ,
0, ,-40, ,
-2, ,-40, ,
-7, ,-40, ,
-2, ,-41, ,
-2, ,-39, ,
-5, ,-41, ,
-5, ,-40, ,
4, ,-39, ,
4, ,-40, ,
0, ,-40, ,
-7, ,-39, ,
-1, ,-41, ,
-4, ,-40, ,
-4, ,-40, ,
0, ,-40, ,
5, ,-40, ,
10, ,-40, ,
9, ,-40, ,
1, ,-40, ,
1, ,-40, ,
-2, ,-40, ,
-4, ,-40, ,
-6, ,-39, ,
-4, ,-41, ,
-2, ,-40, ,
-1, ,-40, ,
-6, ,-40, ,
-1, ,-40, ,
3, ,-39, ,
1, ,-41, ,
1, ,-40, ,
6, ,-40, ,
4, ,-40, ,
1, ,-40, ,
-4, ,-39, ,
-2, ,-41, ,
-7, ,-40, ,
-5, ,-40, ,
-7, ,-40, ,
-2, ,-40, ,
1, ,-39, ,
5, ,-40, ,
3, ,-40, ,
5, ,-40, ,
5, ,-40, ,
3, ,-40, ,
-2, ,-39, ,
-1, ,-41, ,
-2, ,-40, ,
-4, ,-40, ,
-6, ,-40, ,
-1, ,-40, ,
0, ,-39, ,
-1, ,-41, ,
-9, ,-40, ,
-2, ,-40, ,
-1, ,-40, ,
-2, ,-40, ,
-1, ,-39, ,
-1, ,-41, ,
-1, ,-40, ,
3, ,-40, ,
-2, ,-40, ,
3, ,-40, ,
4, ,-40, ,
1, ,-40, ,
-5, ,-40, ,
1, ,-40, ,
0, ,-40, ,
-1, ,-40, ,
-1, ,-40, ,
1, ,-40, ,
4, ,-40, ,
3, ,-40, ,
-4, ,-40, ,
1, ,-40, ,
3, ,-40, ,
1, ,-41, ,
-2, ,-40, ,
4, ,-40, ,
1, ,-40, ,
4, ,-40, ,
3, ,-40, ,
4, ,-41, ,
4, ,-40, ,
6, ,-40, ,
0, ,-40, ,
3, ,-40, ,
4, ,-40, ,
1, ,-40, ,
-1, ,-40, ,
1, ,-40, ,
3, ,-40, ,
1, ,-40, ,
-4, ,-39, ,
3, ,-41, ,
3, ,-41, ,
3, ,-40, ,
1, ,-40, ,
8, ,-40, ,
9, ,-39, ,
4, ,-41, ,
0, ,-40, ,
4, ,-40, ,
-1, ,-40, ,
0, ,-40, ,
-1, ,-40, ,
4, ,-41, ,
6, ,-40, ,
5, ,-40, ,
1, ,-40, ,
4, ,-40, ,
5, ,-40, ,
1, ,-41, ,
-4, ,-40, ,
4, ,-40, ,
1, ,-40, ,
4, ,-40, ,
5, ,-39, ,
5, ,-41, ,
6, ,-40, ,
5, ,-40, ,
0, ,-40, ,
4, ,-41, ,
4, ,-40, ,
3, ,-40, ,
-2, ,-40, ,
4, ,-40, ,
1, ,-40, ,
0, ,-40, ,
3, ,-39, ,
1, ,-41, ,
3, ,-40, ,
6, ,-40, ,
-2, ,-40, ,
5, ,-40, ,
6, ,-39, ,
1, ,-41, ,
-4, ,-40, ,
-1, ,-40, ,
-1, ,-40, ,
-1, ,-40, ,
1, ,-39, ,
3, ,-41, ,
6, ,-40, ,
9, ,-40, ,
5, ,-40, ,
4, ,-40, ,
4, ,-39, ,
3, ,-40, ,
-2, ,-40, ,
4, ,-40, ,
3, ,-40, ,
1, ,-40, ,
0, ,-39, ,
1, ,-41, ,
3, ,-40, ,
5, ,-40, ,
1, ,-40, ,
1, ,-40, ,
9, ,-40, ,
3, ,-41, ,
-1, ,-40, ,
4, ,-40, ,
3, ,-40, ,
3, ,-40, ,
0, ,-39, ,
3, ,-41, ,
4, ,-40, ,
0, ,-40, ,
-4, ,-40, ,
3, ,-40, ,
5, ,-39, ,
4, ,-40, ,
-1, ,-40, ,
3, ,-40, ,
0, ,-40, ,
1, ,-40, ,
5, ,-40, ,
8, ,-41, ,
6, ,-40, ,
3, ,-40, ,
1, ,-40, ,
6, ,-40, ,
6, ,-40, ,
4, ,-40, ,
4, ,-40, ,
10, ,-40, ,
6, ,-40, ,
6, ,-40, ,
3, ,-40, ,
3, ,-41, ,
5, ,-40, ,
4, ,-40, ,
1, ,-40, ,
8, ,-40, ,
9, ,-39, ,
5, ,-40, ,
1, ,-40, ,
5, ,-40, ,
4, ,-40, ,
4, ,-40, ,
4, ,-40, ,
8, ,-40, ,
9, ,-40, ,
8, ,-40, ,
3, ,-40, ,
4, ,-40, ,
4, ,-40, ,
0, ,-41, ,
0, ,-40, ,
4, ,-40, ,
5, ,-40, ,
3, ,-40, ,
1, ,-39, ,
4, ,-41, ,
1, ,-40, ,
3, ,-40, ,
0, ,-40, ,
4, ,-40, ,
6, ,-39, ,
5, ,-40, ,
4, ,-40, ,
8, ,-40, ,
6, ,-40, ,
4, ,-40, ,
0, ,-40, ,
4, ,-41, ,
5, ,-40, ,
4, ,-40, ,
-1, ,-40, ,
3, ,-41, ,
6, ,-40, ,
3, ,-40, ,
3, ,-40, ,
9, ,-40, ,
-1, ,-40, ,
4, ,-40, ,
3, ,-39, ,
4, ,-40, ,
4, ,-40, ,
5, ,-40, ,
-1, ,-40, ,
3, ,-40, ,
0, ,-39, ,
1, ,-41, ,
-1, ,-40, ,
3, ,-40, ,
1, ,-40, ,
0, ,-40, ,
-4, ,-40, ,
0, ,-41, ,
-1, ,-40, ,
0, ,-40, ,
-6, ,-40, ,
0, ,-40, ,
11, ,-40, ,
3, ,-40, ,
-6, ,-40, ,
6, ,-40, ,
5, ,-40, ,
-4, ,-40, ,
1, ,-39, ,
0, ,-41, ,
0, ,-40, ,
-2, ,-40, ,
-6, ,-40, ,
0, ,-40, ,
1, ,-39, ,
-2, ,-40, ,
-4, ,-40, ,
3, ,-40, ,
-1, ,-40, ,
-1, ,-40, ,
-7, ,-39, ,
-4, ,-41, ,
-4, ,-41, ,
-4, ,-40, ,
-9, ,-40, ,
-1, ,-40, ,
0, ,-40, ,
-5, ,-41, ,
-6, ,-40, ,
-2, ,-40, ,
-4, ,-40, ,
-1, ,-40, ,
-5, ,-39, ,
-4, ,-41, ,
-2, ,-40, ,
-2, ,-40, ,
-9, ,-40, ,
-6, ,-40, ,
-4, ,-39, ,
-7, ,-40, ,
-5, ,-40, ,
1, ,-40, ,
-1, ,-40, ,
-4, ,-40, ,
-4, ,-40, ,
-6, ,-41, ,
-5, ,-40, ,
-4, ,-40, ,
-6, ,-40, ,
-2, ,-40, ,
0, ,-40, ,
-2, ,-40, ,
-2, ,-40, ,
0, ,-40, ,
-4, ,-40, ,
-5, ,-40, ,
-6, ,-39, ,
-6, ,-41, ,
-4, ,-40, ,
-2, ,-40, ,
-6, ,-40, ,
-1, ,-40, ,
-1, ,-39, ,
-4, ,-40, ,
-9, ,-38, ,
1, ,-30, ,
5, ,-21, ,
4, ,-10, ,
8, ,-2, ,
8, ,6, ,
4, ,12, ,
6, ,17, ,
-2, ,22, ,
3, ,27, ,
5, ,30, ,
1, ,34, ,
0, ,36, ,
4, ,38, ,
3, ,40, ,
3, ,42, ,
0, ,42, ,
1, ,47, ,
1, ,47, ,
5, ,46, ,
-2, ,49, ,
5, ,49, ,
5, ,48, ,
3, ,52, ,
1, ,51, ,
6, ,50, ,
0, ,52, ,
0, ,52, ,
-4, ,50, ,
-1, ,54, ,
-1, ,52, ,
-2, ,52, ,
-5, ,53, ,
-1, ,53, ,
0, ,51, ,
0, ,54, ,
-4, ,53, ,
4, ,52, ,
-1, ,53, ,
1, ,54, ,
1, ,51, ,
3, ,54, ,
4, ,53, ,
4, ,53, ,
-1, ,54, ,
0, ,53, ,
0, ,51, ,
-1, ,54, ,
-5, ,53, ,
1, ,52, ,
4, ,54, ,
3, ,54, ,
3, ,51, ,
6, ,55, ,
3, ,52, ,
5, ,53, ,
-2, ,53, ,
4, ,53, ,
1, ,52, ,
-1, ,54, ,
0, ,53, ,
1, ,53, ,
1, ,53, ,
3, ,53, ,
0, ,52, ,
5, ,55, ,
4, ,52, ,
4, ,52, ,
-4, ,53, ,
3, ,53, ,
5, ,51, ,
4, ,54, ,
0, ,53, ,
4, ,52, ,
4, ,53, ,
3, ,53, ,
0, ,52, ,
5, ,54, ,
5, ,52, ,
9, ,53, ,
5, ,53, ,
8, ,53, ,
6, ,51, ,
4, ,54, ,
0, ,53, ,
5, ,53, ,
0, ,53, ,
3, ,53, ,
4, ,51, ,
5, ,54, ,
8, ,52, ,
5, ,52, ,
1, ,53, ,
3, ,53, ,
4, ,51, ,
1, ,54, ,
-2, ,52, ,
5, ,52, ,
4, ,53, ,
9, ,53, ,
8, ,52, ,
6, ,54, ,
6, ,52, ,
6, ,52, ,
0, ,53, ,
6, ,53, ,
6, ,51, ,
5, ,54, ,
3, ,53, ,
6, ,52, ,
4, ,53, ,
4, ,54, ,
5, ,51, ,
4, ,54, ,
4, ,53, ,
4, ,52, ,
-1, ,53, ,
5, ,53, ,
5, ,51, ,
4, ,54, ,
1, ,52, ,
5, ,52, ,
5, ,53, ,
4, ,53, ,
3, ,51, ,
5, ,54, ,
3, ,52, ,
6, ,52, ,
1, ,53, ,
4, ,53, ,
4, ,51, ,
0, ,53, ,
-1, ,53, ,
1, ,52, ,
-1, ,53, ,
4, ,53, ,
1, ,51, ,
6, ,54, ,
6, ,52, ,
8, ,52, ,
1, ,53, ,
8, ,53, ,
5, ,51, ,
5, ,54, ,
4, ,53, ,
8, ,52, ,
11, ,53, ,
5, ,53, ,
-1, ,51, ,
8, ,54, ,
1, ,52, ,
3, ,52, ,
-1, ,53, ,
1, ,53, ,
5, ,51, ,
8, ,54, ,
0, ,53, ,
8, ,52, ,
4, ,53, ,
5, ,53, ,
6, ,51, ,
4, ,54, ,
1, ,52, ,
3, ,52, ,
-2, ,53, ,
1, ,53, ,
-1, ,50, ,
0, ,54, ,
0, ,53, ,
5, ,52, ,
3, ,53, ,
0, ,53, ,
-1, ,52, ,
5, ,54, ,
3, ,52, ,
5, ,52, ,
0, ,53, ,
0, ,53, ,
0, ,51, ,
1, ,54, ,
-2, ,53, ,
3, ,52, ,
1, ,53, ,
3, ,53, ,
1, ,51, ,
4, ,54, ,
4, ,52, ,
5, ,52, ,
-1, ,53, ,
1, ,53, ,
1, ,50, ,
-1, ,54, ,
-5, ,53, ,
4, ,51, ,
0, ,53, ,
1, ,53, ,
-4, ,51, ,
-2, ,54, ,
-6, ,53, ,
-1, ,52, ,
-4, ,53, ,
0, ,53, ,
1, ,51, ,
-2, ,54, ,
-6, ,53, ,
1, ,53, ,
-7, ,52, ,
-5, ,53, ,
-5, ,51, ,
-2, ,54, ,
3, ,53, ,
3, ,51, ,
-2, ,53, ,
3, ,53, ,
0, ,50, ,
-1, ,54, ,
-5, ,53, ,
-2, ,51, ,
0, ,53, ,
1, ,53, ,
-2, ,52, ,
-1, ,54, ,
-2, ,52, ,
0, ,52, ,
-4, ,53, ,
1, ,53, ,
-1, ,51, ,
0, ,53, ,
-2, ,53, ,
1, ,52, ,
-2, ,53, ,
-4, ,53, ,
-5, ,51, ,
-5, ,54, ,
-4, ,53, ,
-4, ,52, ,
-7, ,53, ,
-2, ,52, ,
-1, ,51, ,
-2, ,53, ,
0, ,52, ,
3, ,52, ,
1, ,53, ,
-2, ,53, ,
-1, ,51, ,
0, ,53, ,
-1, ,52, ,
4, ,52, ,
-1, ,53, ,
1, ,53, ,
3, ,51, ,
-4, ,54, ,
-5, ,53, ,
0, ,52, ,
-5, ,53, ,
-2, ,53, ,
-4, ,51, ,
-4, ,54, ,
-4, ,52, ,
0, ,52, ,
1, ,53, ,
1, ,52, ,
3, ,50, ,
1, ,54, ,
-4, ,53, ,
5, ,52, ,
-1, ,53, ,
1, ,53, ,
-2, ,51, ,
0, ,54, ,
-4, ,52, ,
-5, ,52, ,
-9, ,53, ,
-4, ,53, ,
-4, ,51, ,
-1, ,53, ,
-1, ,53, ,
5, ,52, ,
0, ,53, ,
-1, ,53, ,
-2, ,51, ,
-2, ,54, ,
-1, ,52, ,
0, ,51, ,
-4, ,53, ,
3, ,53, ,
1, ,51, ,
-1, ,54, ,
-1, ,53, ,
3, ,52, ,
0, ,53, ,
-1, ,53, ,
-2, ,51, ,
0, ,54, ,
1, ,52, ,
5, ,52, ,
-2, ,53, ,
4, ,53, ,
3, ,51, ,
0, ,54, ,
-1, ,52, ,
4, ,52, ,
0, ,53, ,
3, ,53, ,
3, ,51, ,
4, ,54, ,
4, ,52, ,
3, ,52, ,
-2, ,53, ,
1, ,53, ,
1, ,50, ,
-1, ,54, ,
-1, ,52, ,
8, ,52, ,
5, ,53, ,
5, ,53, ,
1, ,51, ,
5, ,54, ,
3, ,52, ,
5, ,52, ,
3, ,53, ,
4, ,52, ,
9, ,51, ,
4, ,54, ,
3, ,53, ,
6, ,52, ,
1, ,53, ,
4, ,53, ,
-2, ,51, ,
1, ,54, ,
1, ,52, ,
5, ,52, ,
-1, ,53, ,
3, ,53, ,
3, ,51, ,
4, ,53, ,
0, ,53, ,
4, ,52, ,
3, ,53, ,
4, ,53, ,
0, ,51, ,
1, ,54, ,
3, ,52, ,
5, ,52, ,
-1, ,53, ,
6, ,53, ,
4, ,51, ,
3, ,53, ,
1, ,52, ,
3, ,52, ,
4, ,53, ,
4, ,53, ,
4, ,52, ,
4, ,53, ,
5, ,52, ,
6, ,52, ,
0, ,53, ,
4, ,52, ,
4, ,50, ,
3, ,54, ,
3, ,53, ,
8, ,51, ,
5, ,53, ,
5, ,53, ,
3, ,51, ,
4, ,53, ,
1, ,52, ,
4, ,52, ,
-1, ,53, ,
6, ,53, ,
5, ,51, ,
1, ,53, ,
0, ,53, ,
4, ,52, ,
1, ,53, ,
3, ,53, ,
1, ,51, ,
4, ,54, ,
6, ,52, ,
6, ,52, ,
4, ,53, ,
6, ,53, ,
6, ,51, ,
5, ,54, ,
1, ,52, ,
8, ,52, ,
6, ,53, ,
4, ,53, ,
5, ,51, ,
8, ,53, ,
6, ,52, ,
5, ,52, ,
0, ,53, ,
4, ,53, ,
4, ,51, ,
3, ,53, ,
-1, ,53, ,
8, ,52, ,
5, ,53, ,
6, ,53, ,
8, ,51, ,
6, ,54, ,
5, ,52, ,
6, ,52, ,
-1, ,53, ,
4, ,52, ,
4, ,51, ,
3, ,53, ,
3, ,53, ,
4, ,52, ,
3, ,53, ,
3, ,53, ,
1, ,51, ,
0, ,53, ,
1, ,52, ,
3, ,52, ,
-5, ,53, ,
1, ,53, ,
5, ,51, ,
3, ,54, ,
-2, ,53, ,
4, ,52, ,
0, ,53, ,
3, ,53, ,
0, ,51, ,
4, ,54, ,
3, ,53, ,
3, ,52, ,
-2, ,53, ,
0, ,53, ,
0, ,51, ,
-4, ,54, ,
-5, ,53, ,
1, ,51, ,
3, ,53, ,
3, ,53, ,
1, ,51, ,
6, ,54, ,
1, ,53, ,
3, ,52, ,
-1, ,53, ,
1, ,53, ,
1, ,51, ,
-1, ,53, ,
-5, ,53, ,
1, ,52, ,
-4, ,53, ,
0, ,53, ,
-2, ,51, ,
-1, ,54, ,
3, ,52, ,
0, ,52, ,
-2, ,53, ,
3, ,53, ,
1, ,50, ,
3, ,54, ,
-1, ,52, ,
5, ,52, ,
1, ,53, ,
0, ,53, ,
1, ,51, ,
0, ,53, ,
0, ,52, ,
3, ,53, ,
0, ,53, ,
1, ,53, ,
1, ,50, ,
-1, ,54, ,
-4, ,52, ,
-2, ,52, ,
-2, ,52, ,
-1, ,53, ,
0, ,51, ,
1, ,54, ,
3, ,53, ,
3, ,52, ,
-4, ,53, ,
0, ,53, ,
-2, ,50, ,
-4, ,53, ,
-5, ,53, ,
1, ,52, ,
-2, ,53, ,
0, ,53, ,
-2, ,51, ,
0, ,53, ,
-1, ,52, ,
0, ,52, ,
-6, ,53, ,
-1, ,53, ,
0, ,50, ,
-2, ,54, ,
-5, ,53, ,
0, ,52, ,
-6, ,53, ,
-4, ,53, ,
-7, ,51, ,
-4, ,54, ,
-2, ,53, ,
3, ,52, ,
-4, ,53, ,
4, ,53, ,
5, ,50, ,
0, ,54, ,
-1, ,52, ,
3, ,52, ,
-2, ,53, ,
-2, ,53, ,
-6, ,51, ,
-4, ,54, ,
-1, ,53, ,
-2, ,52, ,
-5, ,53, ,
-1, ,53, ,
0, ,51, ,
-2, ,53, ,
-6, ,53, ,
3, ,52, ,
-2, ,53, ,
0, ,53, ,
-1, ,51, ,
-1, ,54, ,
0, ,52, ,
0, ,52, ,
-6, ,53, ,
0, ,53, ,
-1, ,50, ,
0, ,54, ,
-1, ,53, ,
1, ,52, ,
0, ,53, ,
-1, ,53, ,
-4, ,51, ,
-4, ,54, ,
-1, ,52, ,
-1, ,52, ,
-2, ,53, ,
6, ,53, ,
3, ,51, ,
4, ,53, ,
0, ,53, ,
3, ,52, ,
1, ,53, ,
-1, ,53, ,
0, ,51, ,
3, ,54, ,
3, ,52, ,
4, ,52, ,
-2, ,53, ,
1, ,53, ,
1, ,50, ,
0, ,54, ,
-2, ,53, ,
1, ,52, ,
0, ,53, ,
1, ,53, ,
-1, ,51, ,
4, ,53, ,
3, ,52, ,
5, ,53, ,
0, ,53, ,
1, ,53, ,
1, ,51, ,
0, ,54, ,
-1, ,53, ,
1, ,52, ,
0, ,53, ,
0, ,53, ,
-2, ,51, ,
-1, ,54, ,
0, ,52, ,
0, ,52, ,
-1, ,53, ,
3, ,53, ,
3, ,51, ,
3, ,54, ,
0, ,53, ,
8, ,52, ,
3, ,53, ,
0, ,53, ,
-1, ,51, ,
0, ,54, ,
-2, ,52, ,
0, ,52, ,
-4, ,53, ,
3, ,53, ,
4, ,51, ,
3, ,53, ,
1, ,53, ,
3, ,52, ,
-1, ,53, ,
-2, ,53, ,
-2, ,51, ,
4, ,53, ,
3, ,52, ,
6, ,52, ,
3, ,53, ,
6, ,53, ,
4, ,50, ,
5, ,54, ,
3, ,53, ,
-1, ,52, ,
6, ,53, ,
6, ,53, ,
0, ,51, ,
8, ,54, ,
3, ,52, ,
5, ,52, ,
1, ,53, ,
6, ,53, ,
6, ,51, ,
3, ,54, ,
3, ,53, ,
8, ,52, ,
4, ,53, ,
3, ,53, ,
4, ,51, ,
5, ,53, ,
5, ,52, ,
6, ,52, ,
4, ,53, ,
10, ,52, ,
8, ,50, ,
6, ,54, ,
4, ,53, ,
8, ,52, ,
3, ,53, ,
3, ,53, ,
1, ,51, ,
3, ,54, ,
1, ,52, ,
3, ,52, ,
5, ,53, ,
5, ,53, ,
6, ,51, ,
4, ,54, ,
-1, ,53, ,
6, ,52, ,
3, ,53, ,
6, ,53, ,
1, ,51, ,
3, ,54, ,
5, ,52, ,
6, ,52, ,
3, ,53, ,
6, ,53, ,
6, ,50, ,
5, ,54, ,
1, ,53, ,
6, ,52, ,
5, ,53, ,
3, ,53, ,
5, ,51, ,
3, ,54, ,
1, ,53, ,
3, ,52, ,
-4, ,53, ,
0, ,53, ,
4, ,51, ,
3, ,53, ,
1, ,53, ,
9, ,52, ,
3, ,53, ,
3, ,53, ,
4, ,51, ,
4, ,54, ,
1, ,52, ,
3, ,52, ,
-5, ,53, ,
-1, ,53, ,
0, ,51, ,
-1, ,54, ,
0, ,53, ,
5, ,52, ,
1, ,53, ,
5, ,53, ,
3, ,51, ,
4, ,54, ,
6, ,52, ,
4, ,52, ,
0, ,53, ,
3, ,52, ,
5, ,50, ,
3, ,54, ,
-2, ,53, ,
6, ,52, ,
5, ,53, ,
5, ,53, ,
5, ,51, ,
6, ,54, ,
3, ,53, ,
0, ,52, ,
-6, ,53, ,
-1, ,53, ,
-1, ,50, ,
1, ,54, ,
0, ,52, ,
5, ,52, ,
5, ,53, ,
9, ,53, ,
8, ,51, ,
6, ,54, ,
4, ,52, ,
1, ,52, ,
-2, ,53, ,
4, ,53, ,
1, ,51, ,
4, ,53, ,
0, ,52, ,
4, ,52, ,
4, ,53, ,
0, ,53, ,
-1, ,51, ,
0, ,54, ,
-4, ,53, ,
3, ,52, ,
-4, ,53, ,
0, ,53, ,
0, ,51, ,
-2, ,54, ,
-4, ,53, ,
0, ,51, ,
0, ,53, ,
3, ,53, ,
1, ,51, ,
4, ,54, ,
0, ,53, ,
1, ,52, ,
-2, ,53, ,
-2, ,52, ,
-2, ,51, ,
-5, ,54, ,
-6, ,53, ,
-1, ,52, ,
-7, ,52, ,
-1, ,53, ,
-2, ,51, ,
0, ,54, ,
0, ,53, ,
-1, ,52, ,
-5, ,53, ,
-2, ,53, ,
0, ,50, ,
-2, ,54, ,
-2, ,53, ,
4, ,52, ,
1, ,53, ,
0, ,53, ,
-4, ,51, ,
-2, ,54, ,
-5, ,52, ,
-4, ,52, ,
-6, ,53, ,
-1, ,52, ,
0, ,51, ,
1, ,53, ,
-7, ,53, ,
1, ,52, ,
0, ,52, ,
0, ,53, ,
3, ,51, ,
1, ,54, ,
3, ,53, ,
3, ,52, ,
-7, ,53, ,
0, ,52, ,
3, ,51, ,
0, ,54, ,
-5, ,53, ,
-2, ,51, ,
-2, ,53, ,
-5, ,53, ,
-4, ,51, ,
-2, ,54, ,
-2, ,52, ,
-1, ,52, ,
-7, ,53, ,
-2, ,53, ,
-1, ,50, ,
0, ,54, ,
0, ,52, ,
9, ,51, ,
4, ,47, ,
-1, ,37, ,
-5, ,27, ,
-7, ,18, ,
-10, ,10, ,
-7, ,3, ,
-10, ,-3, ,
-5, ,-8, ,
-1, ,-12, ,
-6, ,-17, ,
-10, ,-20, ,
-4, ,-23, ,
-6, ,-25, ,
-6, ,-27, ,
-9, ,-29, ,
-1, ,-31, ,
0, ,-32, ,
1, ,-33, ,
1, ,-35, ,
-1, ,-36, ,
0, ,-36, ,
-4, ,-37, ,
-10, ,-38, ,
-4, ,-38, ,
-5, ,-39, ,
-2, ,-39, ,
-4, ,-39, ,
-1, ,-40, ,
0, ,-40, ,
-2, ,-40, ,
-5, ,-40, ,
-1, ,-40, ,
0, ,-40, ,
1, ,-41, ,
0, ,-40, ,
3, ,-40, ,
1, ,-41, ,
3, ,-41, ,
-4, ,-40, ,
1, ,-41, ,
3, ,-41, ,
1, ,-41, ,
-4, ,-41, ,
1, ,-41, ,
3, ,-40, ,
0, ,-41, ,
-1, ,-41, ,
3, ,-41, ,
-1, ,-41, ,
-1, ,-41, ,
-2, ,-40, ,
0, ,-41, ,
3, ,-41, ,
3, ,-40, ,
-1, ,-41, ,
6, ,-41, ,
5, ,-40, ,
3, ,-41, ,
-1, ,-40, ,
3, ,-41, ,
4, ,-41, ,
6, ,-40, ,
-2, ,-40, ,
-1, ,-41, ,
4, ,-41, ,
8, ,-40, ,
0, ,-41, ,
5, ,-41, ,
8, ,-40, ,
3, ,-41, ,
-4, ,-40, ,
4, ,-40, ,
3, ,-40, ,
4, ,-41, ,
4, ,-40, ,
9, ,-41, ,
6, ,-41, ,
8, ,-40, ,
3, ,-40, ,
6, ,-40, ,
8, ,-40, ,
4, ,-41, ,
1, ,-40, ,
4, ,-40, ,
4, ,-41, ,
3, ,-40, ,
0, ,-40, ,
3, ,-41, ,
1, ,-40, ,
1, ,-40, ,
1, ,-40, ,
4, ,-41, ,
8, ,-40, ,
4, ,-40, ,
-1, ,-40, ,
4, ,-40, ,
1, ,-40, ,
0, ,-40, ,
-1, ,-39, ,
0, ,-41, ,
3, ,-41, ,
4, ,-40, ,
4, ,-41, ,
6, ,-40, ,
5, ,-39, ,
5, ,-41, ,
-1, ,-40, ,
5, ,-40, ,
1, ,-40, ,
0, ,-40, ,
-1, ,-40, ,
0, ,-41, ,
4, ,-40, ,
5, ,-40, ,
1, ,-40, ,
6, ,-40, ,
5, ,-40, ,
5, ,-41, ,
-1, ,-40, ,
3, ,-40, ,
5, ,-40, ,
5, ,-40, ,
5, ,-39, ,
6, ,-41, ,
5, ,-40, ,
5, ,-40, ,
-2, ,-40, ,
1, ,-40, ,
3, ,-40, ,
1, ,-40, ,
-1, ,-40, ,
5, ,-40, ,
4, ,-40, ,
3, ,-40, ,
3, ,-39, ,
5, ,-41, ,
4, ,-40, ,
8, ,-40, ,
3, ,-40, ,
6, ,-41, ,
9, ,-40, ,
5, ,-40, ,
3, ,-40, ,
8, ,-40, ,
3, ,-40, ,
4, ,-40, ,
-1, ,-40, ,
1, ,-41, ,
4, ,-41, ,
3, ,-40, ,
0, ,-40, ,
4, ,-40, ,
5, ,-39, ,
4, ,-41, ,
0, ,-40, ,
6, ,-40, ,
4, ,-40, ,
4, ,-40, ,
4, ,-40, ,
5, ,-41, ,
4, ,-40, ,
1, ,-40, ,
-2, ,-40, ,
3, ,-40, ,
3, ,-40, ,
1, ,-40, ,
-1, ,-40, ,
5, ,-40, ,
4, ,-40, ,
3, ,-40, ,
4, ,-39, ,
5, ,-41, ,
4, ,-40, ,
4, ,-40, ,
-1, ,-41, ,
3, ,-40, ,
5, ,-39, ,
3, ,-41, ,
1, ,-40, ,
4, ,-40, ,
4, ,-40, ,
1, ,-40, ,
-1, ,-40, ,
1, ,-41, ,
-2, ,-40, ,
0, ,-40, ,
-4, ,-40, ,
5, ,-40, ,
9, ,-40, ,
14, ,-40, ,
21, ,-40, ,
45, ,-40, ,
58, ,-40, ,
58, ,-40, ,
50, ,-39, ,
48, ,-41, ,
40, ,-40, ,
30, ,-40, ,
21, ,-40, ,
19, ,-40, ,
15, ,-40, ,
9, ,-40, ,
4, ,-40, ,
8, ,-40, ,
8, ,-40, ,
6, ,-40, ,
6, ,-40, ,
5, ,-41, ,
5, ,-40, ,
4, ,-40, ,
-1, ,-40, ,
1, ,-40, ,
6, ,-40, ,
1, ,-41, ,
-1, ,-40, ,
8, ,-40, ,
5, ,-40, ,
5, ,-40, ,
3, ,-39, ,
0, ,-41, ,
4, ,-40, ,
3, ,-40, ,
0, ,-40, ,
4, ,-40, ,
5, ,-39, ,
5, ,-41, ,
0, ,-40, ,
3, ,-40, ,
4, ,-40, ,
-1, ,-40, ,
1, ,-40, ,
1, ,-41, ,
3, ,-40, ,
1, ,-40, ,
-2, ,-40, ,
0, ,-40, ,
1, ,-40, ,
3, ,-40, ,
-1, ,-40, ,
3, ,-40, ,
5, ,-40, ,
4, ,-40, ,
0, ,-39, ,
1, ,-41, ,
0, ,-40, ,
3, ,-40, ,
-6, ,-40, ,
-2, ,-40, ,
1, ,-39, ,
1, ,-40, ,
-1, ,-40, ,
4, ,-40, ,
4, ,-41, ,
3, ,-40, ,
0, ,-39, ,
4, ,-41, ,
1, ,-40, ,
0, ,-40, ,
-4, ,-40, ,
0, ,-40, ,
4, ,-40, ,
0, ,-40, ,
-2, ,-40, ,
3, ,-40, ,
0, ,-40, ,
0, ,-40, ,
-5, ,-39, ,
-1, ,-41, ,
-1, ,-41, ,
-1, ,-40, ,
-6, ,-40, ,
-4, ,-40, ,
0, ,-39, ,
6, ,-40, ,
-2, ,-40, ,
4, ,-40, ,
5, ,-40, ,
3, ,-40, ,
3, ,-40, ,
3, ,-41, ,
3, ,-40, ,
3, ,-40, ,
0, ,-40, ,
5, ,-40, ,
3, ,-40, ,
3, ,-40, ,
-1, ,-40, ,
4, ,-40, ,
1, ,-40, ,
4, ,-40, ,
1, ,-40, ,
4, ,-41, ,
5, ,-40, ,
3, ,-40, ,
-5, ,-40, ,
1, ,-40, ,
1, ,-40, ,
1, ,-40, ,
1, ,-40, ,
6, ,-40, ,
6, ,-40, ,
5, ,-40, ,
3, ,-39, ,
5, ,-41, ,
-1, ,-40, ,
1, ,-40, ,
-2, ,-40, ,
1, ,-40, ,
5, ,-40, ,
3, ,-41, ,
-1, ,-40, ,
4, ,-40, ,
4, ,-40, ,
4, ,-40, ,
1, ,-39, ,
6, ,-41, ,
6, ,-40, ,
8, ,-40, ,
3, ,-40, ,
4, ,-40, ,
5, ,-39, ,
1, ,-40, ,
0, ,-40, ,
5, ,-40, ,
3, ,-40, ,
5, ,-40, ,
1, ,-40, ,
6, ,-41, ,
6, ,-40, ,
4, ,-40, ,
0, ,-40, ,
3, ,-40, ,
6, ,-40, ,
3, ,-40, ,
-2, ,-40, ,
4, ,-40, ,
3, ,-40, ,
4, ,-40, ,
3, ,-39, ,
3, ,-41, ,
4, ,-40, ,
5, ,-40, ,
-2, ,-40, ,
4, ,-40, ,
4, ,-40, ,
3, ,-41, ,
-1, ,-40, ,
3, ,-40, ,
4, ,-40, ,
3, ,-40, ,
0, ,-40, ,
3, ,-41, ,
1, ,-40, ,
4, ,-40, ,
-1, ,-40, ,
5, ,-40, ,
10, ,-40, ,
6, ,-40, ,
5, ,-40, ,
8, ,-40, ,
5, ,-40, ,
3, ,-40, ,
4, ,-39, ,
5, ,-41, ,
8, ,-40, ,
9, ,-40, ,
6, ,-40, ,
8, ,-41, ,
9, ,-40, ,
3, ,-40, ,
-2, ,-40, ,
3, ,-40, ,
3, ,-40, ,
3, ,-40, ,
4, ,-40, ,
8, ,-41, ,
8, ,-40, ,
8, ,-40, ,
5, ,-40, ,
5, ,-40, ,
10, ,-40, ,
4, ,-40, ,
0, ,-40, ,
5, ,-40, ,
4, ,-40, ,
6, ,-40, ,
1, ,-40, ,
4, ,-41, ,
6, ,-40, ,
4, ,-39, ,
3, ,-40, ,
5, ,-40, ,
6, ,-39, ,
6, ,-41, ,
3, ,-40, ,
8, ,-40, ,
4, ,-40, ,
3, ,-40, ,
1, ,-40, ,
3, ,-41, ,
5, ,-40, ,
5, ,-40, ,
1, ,-40, ,
8, ,-40, ,
8, ,-40, ,
1, ,-40, ,
-5, ,-40, ,
1, ,-40, ,
0, ,-40, ,
3, ,-40, ,
3, ,-39, ,
4, ,-40, ,
5, ,-40, ,
5, ,-40, ,
0, ,-40, ,
3, ,-40, ,
4, ,-39, ,
6, ,-40, ,
4, ,-40, ,
10, ,-40, ,
8, ,-40, ,
3, ,-40, ,
1, ,-39, ,
3, ,-41, ,
0, ,-40, ,
1, ,-40, ,
-2, ,-40, ,
0, ,-40, ,
1, ,-40, ,
-2, ,-40, ,
-4, ,-40, ,
6, ,-40, ,
8, ,-40, ,
8, ,-40, ,
4, ,-39, ,
5, ,-41, ,
5, ,-40, ,
10, ,-40, ,
6, ,-40, ,
5, ,-40, ,
5, ,-39, ,
1, ,-40, ,
-4, ,-40, ,
5, ,-40, ,
4, ,-40, ,
3, ,-40, ,
0, ,-39, ,
4, ,-41, ,
6, ,-40, ,
5, ,-40, ,
3, ,-40, ,
8, ,-40, ,
9, ,-40, ,
3, ,-40, ,
-1, ,-40, ,
3, ,-40, ,
1, ,-40, ,
3, ,-40, ,
4, ,-40, ,
5, ,-41, ,
9, ,-40, ,
6, ,-40, ,
1, ,-40, ,
4, ,-40, ,
3, ,-40, ,
3, ,-40, ,
1, ,-40, ,
6, ,-40, ,
8, ,-40, ,
4, ,-40, ,
0, ,-40, ,
1, ,-41, ,
1, ,-40, ,
4, ,-40, ,
0, ,-40, ,
8, ,-40, ,
8, ,-39, ,
4, ,-40, ,
1, ,-40, ,
4, ,-40, ,
3, ,-40, ,
-1, ,-40, ,
3, ,-40, ,
4, ,-41, ,
0, ,-40, ,
4, ,-40, ,
-5, ,-40, ,
0, ,-41, ,
3, ,-40, ,
0, ,-41, ,
-2, ,-40, ,
1, ,-40, ,
-1, ,-40, ,
-1, ,-40, ,
0, ,-40, ,
1, ,-41, ,
3, ,-40, ,
5, ,-40, ,
-1, ,-40, ,
1, ,-40, ,
3, ,-40, ,
0, ,-40, ,
0, ,-40, ,
5, ,-40, ,
3, ,-40, ,
3, ,-40, ,
0, ,-39, ,
1, ,-41, ,
0, ,-40, ,
-1, ,-40, ,
-5, ,-40, ,
0, ,-40, ,
3, ,-39, ,
3, ,-41, ,
1, ,-40, ,
6, ,-40, ,
4, ,-40, ,
4, ,-40, ,
1, ,-39, ,
-1, ,-41, ,
1, ,-40, ,
0, ,-40, ,
-1, ,-40, ,
5, ,-40, ,
8, ,-40, ,
4, ,-40, ,
-1, ,-40, ,
5, ,-40, ,
3, ,-40, ,
0, ,-40, ,
-1, ,-39, ,
1, ,-41, ,
1, ,-40, ,
4, ,-40, ,
-2, ,-40, ,
5, ,-40, ,
5, ,-39, ,
3, ,-40, ,
3, ,-40, ,
6, ,-40, ,
5, ,-40, ,
4, ,-40, ,
1, ,-40, ,
1, ,-41, ,
-2, ,-40, ,
0, ,-40, ,
-6, ,-40, ,
-2, ,-40, ,
1, ,-40, ,
0, ,-40, ,
0, ,-40, ,
6, ,-40, ,
4, ,-40, ,
3, ,-40, ,
0, ,-40, ,
4, ,-41, ,
3, ,-40, ,
1, ,-40, ,
-2, ,-40, ,
0, ,-40, ,
3, ,-40, ,
0, ,-40, ,
-1, ,-40, ,
3, ,-40, ,
3, ,-40, ,
1, ,-40, ,
-1, ,-40, ,
0, ,-41, ,
-1, ,-40, ,
0, ,-40, ,
-2, ,-40, ,
1, ,-40, ,
6, ,-40, ,
4, ,-41, ,
0, ,-40, ,
5, ,-40, ,
1, ,-40, ,
4, ,-40, ,
3, ,-39, ,
1, ,-41, ,
4, ,-41, ,
5, ,-40, ,
-1, ,-40, ,
1, ,-40, ,
3, ,-39, ,
0, ,-41, ,
-2, ,-40, ,
1, ,-40, ,
5, ,-40, ,
1, ,-40, ,
-1, ,-40, ,
1, ,-41, ,
3, ,-40, ,
3, ,-40, ,
-6, ,-40, ,
-1, ,-40, ,
3, ,-40, ,
1, ,-40, ,
1, ,-40, ,
8, ,-40, ,
4, ,-40, ,
1, ,-40, ,
1, ,-40, ,
5, ,-41, ,
1, ,-40, ,
4, ,-39, ,
1, ,-40, ,
5, ,-40, ,
6, ,-40, ,
3, ,-40, ,
3, ,-40, ,
5, ,-40, ,
4, ,-40, ,
4, ,-40, ,
-1, ,-40, ,
5, ,-41, ,
5, ,-40, ,
6, ,-40, ,
4, ,-40, ,
4, ,-40, ,
5, ,-40, ,
3, ,-40, ,
0, ,-40, ,
4, ,-40, ,
4, ,-40, ,
4, ,-40, ,
0, ,-40, ,
4, ,-41, ,
4, ,-40, ,
4, ,-40, ,
0, ,-40, ,
3, ,-40, ,
3, ,-40, ,
1, ,-40, ,
-4, ,-40, ,
5, ,-40, ,
5, ,-40, ,
4, ,-40, ,
4, ,-40, ,
5, ,-41, ,
5, ,-40, ,
5, ,-40, ,
-1, ,-40, ,
4, ,-40, ,
5, ,-40, ,
1, ,-40, ,
-2, ,-40, ,
1, ,-40, ,
0, ,-40, ,
-1, ,-40, ,
-1, ,-40, ,
1, ,-41, ,
4, ,-40, ,
5, ,-40, ,
0, ,-40, ,
4, ,-40, ,
5, ,-39, ,
5, ,-40, ,
1, ,-40, ,
5, ,-40, ,
5, ,-40, ,
1, ,-40, ,
3, ,-39, ,
4, ,-41, ,
4, ,-40, ,
5, ,-40, ,
-1, ,-40, ,
0, ,-40, ,
5, ,-40, ,
-2, ,-40, ,
-1, ,-40, ,
6, ,-40, ,
6, ,-40, ,
6, ,-40, ,
4, ,-39, ,
10, ,-41, ,
8, ,-40, ,
8, ,-40, ,
-1, ,-40, ,
3, ,-40, ,
4, ,-39, ,
1, ,-41, ,
0, ,-40, ,
5, ,-40, ,
6, ,-40, ,
4, ,-40, ,
1, ,-40, ,
4, ,-41, ,
4, ,-40, ,
3, ,-40, ,
3, ,-40, ,
6, ,-40, ,
9, ,-40, ,
4, ,-41, ,
0, ,-40, ,
4, ,-40, ,
3, ,-40, ,
3, ,-40, ,
4, ,-39, ,
3, ,-41, ,
5, ,-40, ,
5, ,-40, ,
0, ,-40, ,
4, ,-40, ,
1, ,-39, ,
-2, ,-40, ,
-4, ,-40, ,
3, ,-40, ,
1, ,-40, ,
3, ,-40, ,
4, ,-40, ,
4, ,-41, ,
3, ,-40, ,
4, ,-40, ,
-2, ,-40, ,
3, ,-40, ,
4, ,-40, ,
3, ,-40, ,
1, ,-40, ,
3, ,-40, ,
5, ,-40, ,
4, ,-40, ,
4, ,-40, ,
5, ,-41, ,
4, ,-40, ,
5, ,-40, ,
0, ,-41, ,
-2, ,-40, ,
3, ,-40, ,
8, ,-40, ,
-2, ,-40, ,
1, ,-40, ,
1, ,-40, ,
-1, ,-40, ,
-1, ,-40, ,
4, ,-41, ,
4, ,-40, ,
4, ,-40, ,
1, ,-40, ,
3, ,-40, ,
8, ,-40, ,
1, ,-40, ,
-4, ,-40, ,
1, ,-40, ,
-2, ,-40, ,
-2, ,-40, ,
-4, ,-39, ,
-2, ,-41, ,
-1, ,-40, ,
-4, ,-40, ,
-7, ,-40, ,
-5, ,-40, ,
-7, ,-40, ,
-7, ,-41, ,
-10, ,-40, ,
-2, ,-40, ,
5, ,-40, ,
8, ,-40, ,
14, ,-40, ,
20, ,-40, ,
15, ,-40, ,
14, ,-40, ,
6, ,-40, ,
4, ,-40, ,
3, ,-40, ,
-2, ,-40, ,
-5, ,-40, ,
0, ,-40, ,
-1, ,-40, ,
0, ,-40, ,
-2, ,-40, ,
0, ,-41, ,
3, ,-40, ,
3, ,-40, ,
1, ,-40, ,
3, ,-40, ,
5, ,-39, ,
3, ,-41, ,
0, ,-40, ,
3, ,-40, ,
-1, ,-40, ,
-6, ,-36, ,
3, ,-27, ,
4, ,-17, ,
9, ,-7, ,
11, ,1, ,
3, ,9, ,
5, ,14, ,
4, ,19, ,
1, ,25, ,
-2, ,29, ,
3, ,32, ,
3, ,35, ,
3, ,37, ,
4, ,38, ,
6, ,42, ,
8, ,44, ,
9, ,45, ,
4, ,47, ,
4, ,47, ,
4, ,47, ,
0, ,50, ,
-4, ,50, ,
3, ,50, ,
-1, ,51, ,
-2, ,51, ,
-5, ,50, ,
-2, ,52, ,
0, ,52, ,
-1, ,52, ,
-5, ,53, ,
3, ,53, ,
5, ,51, ,
4, ,54, ,
-1, ,53, ,
6, ,53, ,
3, ,53, ,
3, ,53, ,
0, ,52, ,
-1, ,54, ,
4, ,53, ,
3, ,53, ,
0, ,54, ,
3, ,53, ,
4, ,51, ,
3, ,54, ,
1, ,53, ,
4, ,52, ,
6, ,54, ,
3, ,54, ,
0, ,51, ,
4, ,54, ,
0, ,53, ,
5, ,53, ,
-1, ,53, ,
4, ,53, ,
5, ,52, ,
5, ,54, ,
-1, ,53, ,
5, ,53, ,
1, ,53, ,
3, ,53, ,
1, ,52, ,
4, ,54, ,
1, ,53, ,
1, ,52, ,
-2, ,53, ,
0, ,53, ,
1, ,51, ,
3, ,54, ,
3, ,53, ,
9, ,52, ,
6, ,53, ,
8, ,53, ,
1, ,52, ,
1, ,54, ,
1, ,52, ,
3, ,53, ,
1, ,53, ,
4, ,53, ,
4, ,51, ,
3, ,54, ,
-1, ,53, ,
6, ,52, ,
3, ,53, ,
4, ,53, ,
1, ,51, ,
4, ,54, ,
5, ,52, ,
1, ,52, ,
-1, ,53, ,
4, ,53, ,
4, ,51, ,
0, ,54, ,
-5, ,53, ,
1, ,52, ,
0, ,53, ,
1, ,53, ,
1, ,51, ,
5, ,54, ,
5, ,52, ,
5, ,52, ,
4, ,53, ,
6, ,53, ,
5, ,51, ,
-2, ,53, ,
-5, ,53, ,
6, ,53, ,
3, ,53, ,
5, ,53, ,
3, ,51, ,
3, ,54, ,
0, ,52, ,
0, ,52, ,
0, ,53, ,
6, ,53, ,
5, ,51, ,
6, ,54, ,
8, ,52, ,
10, ,52, ,
5, ,53, ,
3, ,53, ,
1, ,51, ,
3, ,54, ,
-1, ,52, ,
3, ,52, ,
1, ,53, ,
4, ,53, ,
5, ,51, ,
3, ,54, ,
0, ,53, ,
5, ,52, ,
3, ,53, ,
5, ,53, ,
4, ,51, ,
8, ,54, ,
6, ,52, ,
6, ,52, ,
3, ,53, ,
6, ,53, ,
6, ,51, ,
1, ,54, ,
0, ,53, ,
6, ,52, ,
8, ,53, ,
4, ,53, ,
3, ,51, ,
5, ,54, ,
0, ,53, ,
4, ,52, ,
0, ,53, ,
4, ,52, ,
5, ,51, ,
4, ,54, ,
3, ,53, ,
6, ,52, ,
4, ,53, ,
4, ,54, ,
8, ,51, ,
0, ,54, ,
3, ,52, ,
9, ,52, ,
-2, ,53, ,
3, ,53, ,
1, ,50, ,
0, ,54, ,
-2, ,52, ,
3, ,52, ,
3, ,53, ,
3, ,53, ,
3, ,51, ,
6, ,53, ,
6, ,53, ,
8, ,52, ,
4, ,53, ,
5, ,53, ,
4, ,51, ,
3, ,54, ,
1, ,52, ,
9, ,52, ,
5, ,53, ,
3, ,53, ,
1, ,51, ,
8, ,54, ,
9, ,52, ,
9, ,53, ,
8, ,53, ,
3, ,53, ,
3, ,50, ,
-6, ,54, ,
3, ,52, ,
11, ,52, ,
6, ,53, ,
14, ,53, ,
9, ,51, ,
6, ,53, ,
3, ,53, ,
3, ,52, ,
-2, ,53, ,
0, ,53, ,
1, ,51, ,
-2, ,53, ,
-1, ,53, ,
6, ,52, ,
5, ,53, ,
6, ,53, ,
5, ,51, ,
8, ,54, ,
6, ,53, ,
5, ,52, ,
3, ,53, ,
5, ,53, ,
4, ,51, ,
1, ,54, ,
-4, ,52, ,
1, ,52, ,
-1, ,53, ,
3, ,53, ,
5, ,51, ,
5, ,54, ,
6, ,52, ,
6, ,52, ,
-1, ,52, ,
0, ,53, ,
0, ,51, ,
-1, ,53, ,
-5, ,52, ,
5, ,52, ,
3, ,53, ,
4, ,53, ,
4, ,51, ,
3, ,54, ,
3, ,52, ,
1, ,52, ,
-5, ,53, ,
3, ,52, ,
0, ,51, ,
-1, ,54, ,
-2, ,52, ,
1, ,52, ,
0, ,53, ,
-4, ,53, ,
-2, ,51, ,
-1, ,54, ,
-2, ,52, ,
0, ,52, ,
-6, ,53, ,
-2, ,52, ,
1, ,51, ,
-4, ,54, ,
-7, ,52, ,
-1, ,52, ,
-4, ,53, ,
-1, ,53, ,
-1, ,51, ,
1, ,53, ,
1, ,52, ,
0, ,52, ,
0, ,53, ,
0, ,53, ,
0, ,51, ,
-2, ,54, ,
-4, ,52, ,
1, ,52, ,
0, ,53, ,
-2, ,53, ,
-4, ,51, ,
-2, ,54, ,
-2, ,52, ,
-2, ,53, ,
-7, ,53, ,
-4, ,53, ,
-1, ,51, ,
-4, ,53, ,
-7, ,53, ,
-2, ,52, ,
-2, ,53, ,
-1, ,53, ,
-2, ,51, ,
-2, ,53, ,
-2, ,52, ,
-2, ,52, ,
-6, ,53, ,
-2, ,52, ,
-2, ,51, ,
-2, ,53, ,
-5, ,52, ,
1, ,52, ,
-1, ,53, ,
-2, ,53, ,
-2, ,51, ,
-4, ,53, ,
-2, ,52, ,
0, ,52, ,
-1, ,53, ,
4, ,53, ,
5, ,51, ,
3, ,54, ,
0, ,53, ,
0, ,52, ,
-4, ,53, ,
-2, ,53, ,
-2, ,51, ,
-4, ,53, ,
-2, ,52, ,
-1, ,52, ,
-6, ,54, ,
-2, ,52, ,
-2, ,51, ,
-4, ,54, ,
-9, ,53, ,
-2, ,52, ,
-2, ,53, ,
0, ,53, ,
-4, ,51, ,
0, ,54, ,
