Format,1.0B,
Memory Length,10000,
IntpDistance,0,
Trigger Address,4999,
Trigger Level,-1.800E-01,
Source,CH1,
Vertical Units,V,
Vertical Units Div,0,
Vertical Units Extend Div,16,
Label,,
Probe Type,0,
Probe Ratio,1.000e+01,
Vertical Scale,5.000e-01,
Vertical Position,-1.820e+00,
Horizontal Units,S,
Horizontal Scale,2.000E-06,
Horizontal Position,0.000E+00,
Horizontal Mode,Main,
SincET Mode,Real Time,
Sampling Period,2.000e-09,
Horizontal Old Scale,2.000E-06,
Horizontal Old Position,0.000E+00,
Firmware,V1.23,
Mode,Fast,
Waveform Data,
3,
1,
1,
1,
1,
-1,
3,
1,
1,
3,
1,
1,
3,
1,
-1,
1,
1,
-1,
3,
1,
1,
3,
1,
1,
3,
1,
-1,
1,
1,
-1,
3,
1,
1,
3,
1,
1,
3,
1,
-1,
1,
1,
-1,
3,
1,
1,
3,
1,
1,
3,
1,
-1,
1,
1,
-1,
3,
-1,
1,
3,
1,
1,
3,
1,
1,
1,
1,
-1,
3,
1,
1,
3,
1,
1,
3,
1,
-1,
1,
1,
-1,
3,
1,
1,
3,
1,
1,
3,
1,
1,
1,
1,
-1,
3,
1,
1,
3,
1,
1,
3,
1,
1,
1,
1,
-1,
3,
1,
1,
3,
1,
1,
3,
1,
1,
1,
1,
-1,
3,
1,
1,
3,
1,
1,
3,
1,
1,
1,
1,
-1,
3,
-1,
1,
3,
1,
1,
3,
1,
-1,
1,
1,
-1,
3,
-1,
1,
3,
1,
1,
3,
1,
1,
1,
1,
-1,
3,
1,
1,
3,
1,
1,
3,
1,
1,
3,
1,
-1,
3,
1,
1,
3,
1,
1,
3,
1,
-1,
1,
1,
-1,
3,
-1,
1,
3,
1,
-1,
3,
1,
1,
3,
1,
-1,
3,
1,
1,
3,
1,
1,
3,
1,
1,
1,
1,
-1,
3,
1,
1,
3,
1,
1,
3,
1,
-1,
1,
1,
-1,
3,
1,
1,
3,
1,
1,
3,
1,
1,
1,
1,
-1,
3,
1,
1,
3,
1,
1,
3,
1,
1,
3,
1,
-1,
3,
-1,
1,
3,
1,
1,
3,
1,
1,
3,
1,
-1,
3,
-1,
1,
3,
1,
1,
3,
1,
1,
1,
1,
-1,
3,
-1,
1,
3,
1,
1,
3,
1,
-1,
1,
1,
-1,
3,
1,
1,
3,
1,
1,
3,
1,
-1,
3,
1,
-1,
3,
1,
1,
3,
1,
1,
3,
1,
1,
1,
1,
-1,
3,
1,
1,
3,
1,
1,
3,
1,
1,
1,
1,
-1,
3,
1,
1,
3,
1,
1,
3,
1,
1,
1,
1,
-1,
3,
1,
1,
3,
1,
1,
3,
1,
-1,
1,
1,
-1,
3,
1,
1,
3,
1,
1,
3,
1,
-1,
1,
1,
-1,
3,
1,
1,
3,
1,
1,
3,
1,
1,
3,
1,
-1,
3,
1,
1,
3,
1,
1,
3,
1,
1,
1,
1,
-1,
3,
-1,
1,
3,
1,
1,
3,
1,
1,
1,
1,
-1,
3,
1,
1,
3,
1,
1,
3,
1,
1,
1,
1,
-1,
3,
1,
1,
3,
1,
1,
1,
1,
1,
3,
1,
-1,
3,
1,
1,
3,
1,
1,
3,
1,
1,
1,
1,
-1,
3,
1,
1,
3,
1,
-1,
3,
1,
-1,
1,
1,
-1,
3,
1,
1,
3,
1,
1,
3,
1,
-1,
1,
1,
-1,
3,
1,
1,
3,
1,
1,
3,
1,
-1,
1,
1,
-1,
3,
1,
1,
3,
1,
1,
3,
1,
1,
1,
1,
-1,
3,
1,
1,
3,
1,
1,
3,
1,
1,
1,
1,
-1,
3,
1,
1,
3,
1,
-1,
3,
1,
1,
1,
1,
-1,
3,
1,
1,
3,
1,
1,
3,
1,
1,
1,
1,
-1,
3,
1,
1,
3,
1,
1,
3,
1,
1,
3,
1,
-1,
3,
1,
1,
3,
1,
1,
3,
1,
1,
1,
1,
-1,
3,
1,
1,
3,
1,
1,
3,
1,
-1,
1,
1,
-1,
3,
1,
1,
3,
1,
1,
3,
1,
-1,
1,
1,
-1,
3,
1,
1,
3,
1,
1,
3,
1,
-1,
1,
1,
-1,
3,
1,
1,
3,
1,
1,
3,
1,
1,
1,
1,
-1,
3,
1,
1,
3,
1,
1,
3,
1,
1,
1,
1,
-1,
3,
1,
1,
3,
1,
1,
3,
1,
1,
3,
1,
-1,
3,
1,
1,
3,
1,
1,
3,
1,
1,
1,
1,
-1,
3,
1,
1,
3,
1,
1,
3,
1,
1,
3,
1,
-1,
3,
1,
1,
3,
1,
1,
3,
1,
-1,
1,
1,
-1,
3,
-1,
1,
3,
1,
1,
3,
1,
1,
3,
1,
-1,
3,
1,
1,
3,
1,
1,
3,
1,
1,
1,
1,
-1,
3,
1,
1,
3,
1,
1,
3,
1,
-1,
1,
1,
-1,
3,
1,
1,
3,
1,
1,
3,
1,
-1,
1,
1,
-1,
3,
1,
1,
3,
1,
1,
3,
1,
1,
1,
1,
-1,
3,
1,
1,
3,
1,
1,
3,
1,
1,
3,
1,
-1,
3,
1,
1,
3,
1,
1,
3,
1,
1,
3,
1,
-1,
3,
1,
1,
3,
1,
1,
3,
1,
1,
1,
1,
-1,
3,
1,
1,
3,
1,
1,
3,
1,
1,
3,
1,
-1,
3,
1,
1,
3,
1,
1,
3,
1,
1,
1,
1,
-1,
3,
1,
1,
3,
1,
-1,
3,
1,
1,
1,
1,
-1,
3,
1,
1,
3,
1,
1,
3,
1,
1,
1,
1,
-1,
3,
-1,
1,
3,
1,
1,
3,
1,
-1,
1,
1,
-1,
3,
1,
1,
3,
1,
1,
3,
1,
1,
1,
1,
-1,
3,
1,
1,
3,
1,
1,
3,
1,
1,
1,
1,
-1,
3,
1,
1,
3,
1,
1,
3,
1,
1,
1,
1,
-1,
3,
1,
1,
3,
1,
1,
3,
1,
-1,
3,
1,
-1,
3,
1,
1,
3,
1,
1,
3,
1,
1,
1,
1,
-1,
3,
1,
1,
3,
1,
1,
3,
1,
1,
1,
1,
-1,
3,
1,
1,
3,
1,
1,
3,
1,
1,
1,
1,
-1,
3,
1,
1,
3,
1,
1,
3,
1,
1,
3,
1,
-1,
3,
1,
1,
3,
1,
1,
3,
1,
1,
1,
1,
-1,
3,
1,
1,
3,
1,
1,
1,
1,
1,
3,
1,
-1,
3,
1,
1,
3,
1,
1,
3,
1,
-1,
1,
1,
-1,
3,
1,
1,
3,
1,
1,
3,
1,
-1,
1,
1,
-1,
3,
1,
1,
3,
1,
1,
3,
1,
1,
1,
1,
-1,
3,
1,
1,
3,
1,
1,
3,
1,
1,
3,
1,
-1,
3,
1,
1,
3,
1,
1,
3,
1,
1,
1,
1,
-1,
3,
1,
1,
3,
1,
1,
3,
1,
1,
1,
1,
-1,
3,
1,
1,
3,
1,
1,
3,
1,
1,
1,
1,
-1,
3,
1,
1,
3,
1,
1,
1,
1,
-1,
1,
1,
-1,
3,
1,
1,
3,
1,
1,
3,
1,
-1,
1,
1,
-1,
3,
1,
1,
3,
1,
1,
3,
1,
-1,
1,
1,
-1,
3,
-1,
1,
3,
1,
1,
3,
1,
-1,
1,
1,
-1,
3,
1,
1,
3,
1,
1,
3,
1,
-1,
1,
1,
-1,
3,
-1,
1,
3,
1,
1,
3,
1,
-1,
1,
1,
-1,
3,
1,
1,
3,
1,
1,
3,
1,
1,
1,
1,
-1,
3,
1,
1,
3,
1,
1,
3,
1,
1,
3,
1,
-1,
1,
-1,
1,
3,
1,
1,
3,
1,
1,
1,
1,
-1,
3,
1,
1,
3,
1,
1,
3,
1,
1,
1,
1,
-1,
3,
1,
1,
3,
1,
-1,
1,
1,
1,
3,
1,
-1,
3,
1,
1,
3,
1,
1,
3,
1,
1,
1,
1,
-1,
3,
1,
1,
3,
1,
-1,
1,
1,
-1,
1,
1,
-1,
3,
-1,
1,
3,
1,
1,
3,
1,
-1,
1,
1,
-1,
3,
1,
1,
3,
1,
1,
3,
1,
1,
3,
1,
-1,
3,
1,
1,
3,
1,
1,
3,
1,
-1,
1,
1,
-1,
3,
-1,
1,
3,
1,
-1,
1,
1,
-1,
1,
1,
-1,
3,
-1,
1,
3,
1,
1,
3,
1,
1,
1,
1,
-1,
3,
1,
1,
3,
1,
1,
3,
1,
1,
1,
1,
-1,
3,
1,
1,
3,
1,
1,
3,
1,
1,
1,
1,
-1,
3,
1,
1,
3,
1,
1,
1,
1,
1,
3,
1,
-1,
3,
1,
1,
3,
1,
1,
3,
1,
1,
1,
1,
-1,
3,
1,
1,
3,
1,
1,
1,
1,
1,
1,
1,
-1,
3,
1,
1,
3,
1,
1,
3,
1,
1,
1,
1,
-1,
3,
1,
1,
3,
1,
1,
3,
1,
-1,
1,
1,
-1,
3,
1,
1,
3,
1,
1,
3,
1,
1,
1,
1,
-1,
3,
1,
1,
3,
1,
1,
3,
1,
1,
1,
1,
-1,
3,
-1,
1,
3,
1,
1,
3,
1,
-1,
1,
1,
-1,
3,
-1,
1,
3,
1,
-1,
1,
1,
1,
1,
1,
-1,
3,
1,
1,
3,
1,
-1,
3,
1,
1,
1,
1,
-1,
3,
1,
1,
3,
1,
1,
3,
1,
-1,
1,
1,
-1,
3,
1,
1,
3,
1,
1,
3,
1,
-1,
1,
1,
-1,
3,
-1,
1,
3,
1,
1,
3,
1,
-1,
3,
1,
-1,
3,
1,
1,
3,
1,
-1,
1,
1,
1,
1,
1,
-1,
3,
1,
1,
3,
1,
1,
3,
1,
1,
1,
1,
-1,
3,
1,
1,
3,
1,
1,
3,
1,
-1,
1,
1,
-1,
3,
1,
1,
3,
1,
1,
3,
1,
1,
1,
1,
-1,
3,
1,
1,
3,
1,
1,
3,
1,
-1,
1,
1,
-1,
3,
1,
1,
3,
1,
1,
3,
1,
1,
1,
1,
-1,
3,
1,
1,
3,
1,
1,
3,
1,
1,
1,
1,
-1,
3,
1,
1,
3,
1,
1,
1,
1,
1,
1,
1,
-1,
3,
1,
1,
3,
1,
-1,
1,
1,
1,
1,
1,
-1,
3,
1,
1,
3,
1,
-1,
3,
1,
1,
1,
1,
-1,
3,
1,
1,
3,
1,
1,
3,
1,
-1,
1,
1,
-1,
3,
1,
1,
3,
1,
1,
3,
1,
1,
1,
1,
-1,
3,
-1,
1,
3,
1,
1,
3,
1,
-1,
1,
1,
-1,
3,
1,
1,
3,
1,
1,
3,
1,
1,
3,
1,
-1,
3,
1,
1,
3,
1,
1,
3,
1,
1,
1,
1,
-1,
3,
1,
1,
3,
1,
1,
3,
1,
-1,
1,
1,
-1,
3,
1,
1,
3,
1,
1,
3,
1,
-1,
1,
1,
-1,
3,
1,
1,
3,
1,
1,
3,
1,
-1,
1,
1,
-1,
3,
-1,
1,
3,
1,
1,
3,
1,
1,
3,
1,
-1,
3,
1,
1,
3,
1,
-1,
3,
1,
1,
1,
1,
-1,
3,
1,
1,
3,
1,
1,
3,
1,
-1,
1,
1,
-1,
3,
1,
1,
3,
1,
1,
3,
1,
-1,
1,
1,
-1,
3,
-1,
1,
3,
1,
1,
3,
1,
1,
1,
1,
-1,
3,
1,
1,
3,
1,
1,
3,
1,
1,
3,
1,
-1,
3,
1,
1,
3,
1,
1,
3,
1,
1,
1,
1,
-1,
3,
1,
1,
3,
1,
1,
3,
1,
-1,
1,
1,
-1,
3,
1,
1,
3,
1,
1,
3,
1,
1,
1,
1,
-1,
3,
1,
1,
3,
1,
1,
1,
1,
1,
3,
1,
-1,
3,
1,
1,
3,
1,
-1,
3,
1,
-1,
1,
1,
-1,
3,
1,
1,
3,
1,
1,
3,
1,
-1,
1,
1,
-1,
3,
1,
1,
3,
1,
1,
3,
1,
-1,
1,
1,
-1,
3,
1,
1,
3,
1,
1,
3,
1,
1,
1,
1,
-1,
3,
1,
1,
3,
1,
1,
3,
1,
-1,
1,
1,
-1,
3,
1,
1,
3,
1,
1,
3,
1,
-1,
3,
1,
-1,
3,
-1,
1,
3,
1,
1,
3,
1,
1,
3,
1,
-1,
3,
-1,
1,
3,
1,
1,
3,
1,
1,
1,
1,
-1,
3,
-1,
1,
3,
1,
1,
3,
1,
-1,
1,
1,
-1,
3,
-1,
1,
3,
1,
1,
1,
1,
1,
3,
1,
-1,
3,
-1,
1,
3,
1,
-1,
3,
1,
1,
1,
1,
-1,
3,
1,
1,
1,
1,
1,
3,
1,
-1,
1,
1,
1,
3,
1,
1,
3,
1,
1,
3,
1,
-1,
1,
1,
-1,
3,
1,
1,
3,
1,
1,
1,
1,
1,
1,
1,
-1,
3,
1,
1,
3,
1,
1,
3,
1,
1,
1,
1,
-1,
3,
1,
1,
3,
1,
-1,
3,
1,
1,
1,
1,
-1,
3,
1,
1,
3,
1,
-1,
3,
1,
1,
1,
1,
-1,
3,
1,
1,
3,
1,
1,
3,
1,
1,
3,
1,
1,
3,
1,
1,
3,
1,
1,
3,
1,
1,
3,
1,
-1,
3,
1,
1,
3,
1,
-1,
1,
1,
1,
1,
1,
-1,
3,
1,
1,
3,
1,
1,
3,
1,
1,
1,
1,
-1,
3,
1,
1,
3,
1,
1,
1,
1,
1,
3,
1,
-1,
3,
1,
1,
3,
1,
-1,
3,
1,
1,
1,
1,
-1,
3,
1,
1,
3,
1,
1,
3,
1,
1,
1,
1,
-1,
3,
1,
1,
3,
1,
-1,
3,
1,
-1,
1,
1,
-1,
3,
1,
1,
3,
1,
1,
3,
1,
-1,
1,
1,
-1,
3,
1,
1,
3,
1,
1,
3,
1,
1,
1,
1,
-1,
3,
1,
1,
3,
1,
1,
3,
1,
1,
3,
1,
-1,
3,
1,
1,
3,
1,
-1,
3,
1,
1,
1,
1,
-1,
3,
1,
1,
3,
1,
-1,
1,
1,
1,
1,
1,
-1,
3,
1,
1,
1,
-1,
-1,
1,
1,
1,
1,
1,
-1,
3,
-1,
1,
3,
1,
1,
3,
1,
1,
3,
1,
-1,
3,
1,
1,
3,
1,
1,
3,
1,
-1,
1,
1,
-1,
3,
1,
1,
3,
1,
1,
3,
1,
-1,
1,
1,
-1,
3,
1,
1,
3,
1,
1,
3,
1,
-1,
1,
1,
-1,
3,
1,
1,
3,
1,
1,
3,
1,
-1,
1,
1,
-1,
3,
1,
1,
3,
1,
1,
3,
1,
-1,
1,
1,
-1,
3,
-1,
1,
3,
1,
1,
3,
1,
1,
3,
1,
-1,
3,
1,
1,
3,
1,
1,
3,
1,
1,
1,
1,
-1,
3,
1,
1,
3,
1,
-1,
1,
1,
-1,
1,
1,
-1,
3,
1,
1,
3,
1,
-1,
3,
1,
-1,
1,
1,
-1,
3,
1,
1,
3,
1,
1,
3,
1,
-1,
1,
1,
-1,
3,
1,
1,
3,
1,
1,
3,
1,
-1,
1,
1,
-1,
3,
1,
1,
3,
1,
1,
3,
1,
-1,
1,
1,
-1,
3,
-1,
1,
3,
1,
1,
3,
1,
1,
1,
1,
-1,
3,
1,
1,
3,
1,
1,
3,
1,
1,
3,
1,
-1,
3,
1,
1,
3,
1,
1,
3,
1,
1,
1,
1,
-1,
3,
-1,
1,
3,
1,
1,
3,
1,
1,
1,
1,
-1,
3,
1,
1,
3,
1,
1,
3,
1,
1,
1,
1,
-1,
3,
1,
1,
3,
1,
1,
3,
1,
1,
1,
1,
-1,
3,
1,
1,
3,
1,
1,
3,
1,
1,
1,
1,
-1,
3,
-1,
1,
3,
1,
1,
3,
1,
1,
1,
1,
-1,
3,
1,
1,
3,
1,
1,
3,
1,
-1,
1,
1,
-1,
3,
1,
1,
3,
1,
1,
3,
1,
-1,
1,
1,
-1,
3,
1,
1,
3,
1,
1,
3,
1,
-1,
1,
1,
-1,
3,
1,
1,
3,
1,
1,
3,
1,
-1,
3,
1,
-1,
3,
-1,
1,
3,
1,
1,
3,
1,
1,
1,
1,
-1,
3,
1,
1,
3,
1,
1,
3,
1,
1,
1,
1,
-1,
3,
1,
1,
3,
1,
1,
3,
1,
-1,
1,
1,
-1,
3,
1,
1,
3,
1,
1,
1,
1,
1,
1,
1,
-1,
3,
-1,
1,
3,
1,
-1,
3,
1,
-1,
1,
1,
-1,
3,
1,
1,
3,
1,
1,
3,
1,
1,
1,
1,
-1,
3,
-1,
1,
3,
1,
-1,
3,
1,
-1,
1,
1,
-1,
3,
1,
1,
3,
1,
1,
3,
1,
-1,
3,
1,
-1,
3,
-1,
1,
3,
1,
1,
3,
1,
1,
1,
1,
-1,
3,
1,
1,
3,
1,
1,
3,
1,
-1,
1,
1,
-1,
3,
1,
1,
3,
1,
1,
3,
1,
1,
1,
1,
-1,
3,
1,
1,
3,
1,
1,
3,
1,
-1,
1,
1,
-1,
3,
1,
1,
3,
1,
1,
3,
1,
-1,
1,
1,
-1,
3,
1,
1,
3,
1,
-1,
1,
1,
-1,
3,
1,
-1,
3,
1,
1,
3,
1,
1,
3,
1,
1,
1,
1,
-1,
3,
1,
1,
3,
1,
1,
3,
1,
-1,
3,
1,
-1,
3,
-1,
1,
3,
1,
-1,
3,
1,
1,
1,
1,
-1,
3,
1,
1,
3,
1,
1,
1,
1,
1,
1,
1,
-1,
3,
1,
1,
3,
1,
-1,
3,
1,
-1,
1,
1,
-1,
3,
1,
1,
3,
1,
1,
3,
1,
-1,
1,
1,
-1,
3,
1,
1,
3,
1,
-1,
3,
1,
1,
1,
1,
-1,
3,
1,
1,
3,
1,
1,
3,
1,
1,
3,
1,
-1,
3,
-1,
1,
3,
1,
1,
3,
1,
1,
3,
1,
-1,
3,
1,
1,
3,
1,
1,
1,
1,
-1,
3,
1,
-1,
3,
1,
1,
3,
1,
-1,
3,
1,
1,
1,
1,
-1,
3,
1,
1,
3,
1,
1,
1,
1,
-1,
1,
1,
-1,
3,
-1,
1,
3,
1,
-1,
3,
1,
-1,
1,
1,
-1,
3,
1,
1,
3,
1,
1,
3,
1,
-1,
1,
1,
-1,
3,
1,
1,
3,
1,
1,
3,
1,
-1,
1,
1,
-1,
3,
1,
1,
3,
1,
1,
3,
1,
-1,
3,
1,
-1,
3,
1,
1,
3,
1,
-1,
3,
1,
1,
1,
1,
-1,
3,
1,
1,
3,
1,
-1,
3,
1,
1,
1,
1,
-1,
3,
1,
1,
3,
1,
-1,
3,
1,
1,
1,
1,
-1,
3,
1,
1,
3,
1,
-1,
1,
1,
1,
1,
1,
-1,
3,
1,
1,
3,
1,
-1,
3,
1,
1,
1,
1,
-1,
3,
1,
1,
3,
1,
-1,
3,
1,
1,
3,
1,
-1,
3,
1,
1,
3,
1,
1,
3,
1,
1,
1,
1,
-1,
3,
1,
1,
3,
1,
1,
3,
1,
1,
1,
1,
-1,
3,
1,
1,
3,
1,
1,
3,
1,
-1,
1,
1,
-1,
3,
1,
1,
3,
1,
1,
3,
1,
1,
1,
1,
-1,
3,
1,
1,
3,
1,
1,
3,
1,
-1,
1,
1,
-1,
3,
1,
1,
3,
1,
1,
3,
1,
-1,
1,
1,
-1,
3,
-1,
1,
3,
1,
1,
3,
1,
-1,
1,
1,
-1,
3,
1,
1,
3,
1,
-1,
1,
1,
-1,
1,
1,
-1,
3,
1,
1,
3,
1,
-1,
3,
1,
-1,
1,
1,
-1,
3,
1,
1,
3,
1,
1,
3,
1,
1,
1,
1,
-1,
3,
1,
1,
3,
1,
-1,
3,
1,
1,
1,
1,
-1,
3,
1,
1,
3,
1,
-1,
3,
1,
-1,
1,
1,
-1,
3,
1,
1,
3,
1,
1,
3,
1,
-1,
1,
1,
-1,
3,
1,
1,
3,
1,
1,
1,
1,
-1,
3,
1,
-1,
3,
1,
1,
3,
1,
-1,
3,
1,
1,
1,
1,
-1,
3,
1,
1,
3,
1,
-1,
3,
1,
1,
1,
1,
-1,
3,
1,
1,
3,
1,
-1,
3,
1,
1,
1,
1,
-1,
3,
1,
1,
3,
1,
-1,
1,
1,
-1,
1,
1,
-1,
3,
-1,
1,
3,
1,
-1,
1,
1,
-1,
1,
1,
-1,
1,
-1,
1,
1,
-1,
-1,
1,
1,
-1,
1,
1,
-1,
3,
-1,
-1,
3,
1,
-1,
1,
1,
-1,
1,
1,
-1,
3,
-1,
-1,
3,
1,
-1,
1,
1,
-1,
1,
1,
-1,
3,
1,
1,
3,
1,
1,
3,
1,
1,
3,
1,
-1,
3,
1,
1,
3,
1,
1,
3,
1,
1,
3,
1,
-1,
3,
1,
1,
3,
1,
1,
3,
3,
1,
3,
1,
-1,
3,
1,
1,
3,
1,
1,
3,
1,
1,
1,
1,
-1,
3,
1,
1,
3,
1,
-1,
1,
1,
1,
1,
1,
-1,
3,
1,
1,
3,
1,
1,
3,
1,
1,
1,
1,
1,
3,
1,
1,
3,
1,
-1,
1,
1,
-1,
1,
1,
-1,
3,
1,
1,
3,
1,
-1,
1,
1,
-1,
1,
1,
-1,
3,
1,
1,
3,
1,
-1,
3,
1,
1,
1,
1,
-1,
3,
1,
1,
3,
1,
1,
1,
1,
-1,
1,
1,
-1,
3,
-1,
1,
3,
1,
-1,
1,
1,
-1,
1,
1,
-1,
3,
1,
1,
3,
1,
1,
3,
1,
1,
3,
1,
-1,
3,
1,
1,
3,
1,
1,
3,
1,
-1,
3,
1,
-1,
3,
-1,
1,
3,
1,
1,
3,
1,
-1,
1,
1,
-1,
3,
1,
1,
3,
1,
1,
3,
1,
-1,
1,
1,
-1,
3,
1,
1,
3,
1,
-1,
3,
1,
-1,
1,
1,
-1,
3,
1,
1,
3,
1,
-1,
3,
1,
-1,
1,
1,
-1,
3,
1,
1,
3,
1,
1,
3,
1,
-1,
1,
1,
-1,
3,
-1,
1,
3,
1,
-1,
3,
1,
-1,
1,
1,
-1,
3,
1,
1,
3,
1,
-1,
3,
1,
-1,
1,
1,
-1,
3,
1,
1,
3,
1,
-1,
1,
1,
-1,
1,
1,
-1,
3,
1,
1,
3,
1,
1,
3,
1,
-1,
3,
1,
-1,
3,
1,
1,
3,
1,
-1,
3,
1,
1,
1,
1,
-1,
3,
1,
1,
3,
1,
-1,
3,
1,
1,
1,
1,
-1,
3,
1,
1,
3,
1,
-1,
3,
1,
-1,
1,
1,
-1,
3,
1,
1,
3,
1,
-1,
1,
1,
-1,
3,
1,
-1,
3,
-1,
1,
3,
1,
1,
1,
1,
1,
1,
1,
-1,
3,
1,
1,
3,
1,
-1,
3,
1,
1,
1,
1,
-1,
3,
1,
1,
3,
1,
-1,
3,
1,
-1,
1,
1,
-1,
3,
1,
1,
3,
1,
1,
3,
1,
-1,
1,
1,
1,
3,
1,
1,
3,
1,
1,
3,
1,
1,
1,
1,
-1,
3,
1,
1,
3,
1,
1,
3,
1,
1,
3,
1,
-1,
3,
1,
1,
3,
1,
1,
3,
1,
1,
1,
1,
-1,
3,
1,
1,
3,
1,
1,
3,
1,
1,
3,
1,
-1,
3,
1,
1,
3,
1,
1,
3,
1,
1,
1,
1,
-1,
3,
1,
1,
3,
1,
-1,
3,
1,
1,
3,
1,
-1,
3,
1,
1,
3,
1,
1,
3,
1,
1,
1,
1,
-1,
3,
1,
1,
3,
1,
-1,
3,
1,
-1,
1,
1,
-1,
3,
1,
1,
3,
1,
-1,
3,
1,
-1,
1,
1,
-1,
3,
1,
1,
3,
1,
1,
3,
1,
1,
1,
1,
-1,
3,
1,
1,
3,
1,
1,
3,
1,
1,
1,
1,
-1,
3,
1,
1,
3,
1,
1,
3,
1,
-1,
3,
1,
-1,
3,
1,
1,
3,
1,
1,
3,
1,
1,
1,
1,
-1,
3,
1,
1,
3,
1,
1,
3,
1,
1,
1,
1,
-1,
3,
1,
1,
3,
1,
1,
3,
1,
-1,
1,
1,
-1,
3,
1,
1,
3,
1,
1,
1,
1,
1,
3,
1,
-1,
3,
1,
1,
3,
1,
-1,
3,
1,
1,
1,
1,
-1,
3,
1,
1,
3,
1,
1,
3,
1,
1,
1,
1,
-1,
3,
1,
1,
3,
1,
1,
3,
1,
1,
1,
1,
-1,
3,
1,
1,
3,
1,
1,
3,
1,
-1,
3,
1,
-1,
3,
1,
1,
3,
1,
1,
1,
1,
-1,
1,
1,
-1,
3,
1,
1,
3,
1,
1,
3,
1,
1,
3,
1,
-1,
3,
1,
1,
3,
1,
-1,
3,
1,
-1,
1,
1,
-1,
3,
1,
1,
3,
1,
1,
3,
1,
-1,
1,
1,
-1,
3,
1,
1,
3,
1,
1,
3,
1,
1,
1,
1,
-1,
3,
1,
1,
3,
1,
1,
1,
1,
-1,
3,
1,
-1,
3,
1,
1,
3,
1,
-1,
3,
1,
1,
1,
1,
-1,
3,
1,
1,
3,
1,
1,
3,
1,
-1,
1,
1,
-1,
3,
1,
1,
3,
1,
1,
3,
1,
-1,
1,
1,
-1,
3,
1,
1,
3,
1,
-1,
1,
-1,
-1,
1,
1,
-1,
3,
-1,
1,
1,
-1,
-1,
1,
1,
-1,
1,
1,
-1,
3,
1,
1,
3,
1,
-1,
3,
1,
-1,
3,
1,
-1,
3,
1,
1,
3,
1,
1,
3,
1,
-1,
1,
1,
-1,
3,
1,
1,
3,
1,
1,
3,
1,
1,
3,
1,
-1,
3,
1,
1,
3,
1,
1,
3,
1,
1,
3,
1,
-1,
3,
1,
1,
3,
1,
-1,
3,
1,
1,
1,
1,
-1,
3,
1,
1,
1,
-1,
-1,
3,
1,
-1,
1,
1,
-1,
3,
1,
1,
3,
1,
1,
3,
1,
-1,
1,
1,
-1,
3,
-1,
1,
3,
1,
1,
1,
1,
-1,
1,
1,
-1,
3,
1,
1,
3,
1,
1,
1,
1,
1,
1,
1,
-1,
3,
1,
1,
3,
1,
-1,
3,
1,
1,
1,
1,
-1,
3,
1,
1,
3,
1,
1,
3,
1,
-1,
1,
1,
-1,
3,
1,
1,
3,
1,
1,
3,
1,
1,
1,
1,
-1,
3,
1,
1,
3,
1,
1,
3,
1,
-1,
1,
1,
-1,
3,
1,
1,
3,
1,
1,
3,
1,
-1,
1,
1,
-1,
3,
-1,
1,
3,
1,
-1,
1,
1,
-1,
1,
1,
-1,
3,
1,
1,
3,
1,
1,
3,
1,
-1,
1,
1,
-1,
3,
1,
1,
3,
1,
1,
3,
1,
-1,
1,
1,
-1,
3,
-1,
1,
3,
1,
1,
3,
1,
-1,
1,
1,
-1,
3,
1,
1,
3,
1,
1,
3,
1,
-1,
1,
1,
-1,
3,
1,
1,
3,
1,
-1,
1,
1,
-1,
1,
1,
-1,
3,
1,
1,
3,
1,
1,
3,
1,
-1,
1,
1,
-1,
3,
1,
1,
3,
1,
1,
3,
1,
1,
1,
1,
-1,
3,
-1,
1,
3,
1,
1,
3,
1,
1,
3,
1,
-1,
3,
1,
1,
3,
1,
1,
3,
1,
1,
3,
1,
-1,
3,
1,
1,
3,
1,
-1,
3,
1,
-1,
1,
1,
-1,
3,
1,
1,
3,
1,
-1,
3,
1,
1,
1,
1,
-1,
3,
1,
1,
3,
1,
1,
3,
1,
1,
3,
3,
1,
3,
1,
1,
3,
1,
-1,
3,
1,
-1,
1,
1,
-1,
3,
1,
1,
3,
1,
-1,
3,
1,
-1,
1,
1,
-1,
3,
1,
1,
3,
1,
1,
3,
1,
1,
1,
1,
-1,
3,
1,
1,
3,
1,
1,
3,
1,
1,
3,
1,
-1,
3,
1,
1,
3,
1,
1,
3,
1,
1,
1,
1,
-1,
3,
1,
1,
3,
1,
1,
3,
1,
1,
3,
1,
-1,
3,
1,
1,
3,
1,
1,
3,
1,
1,
1,
1,
-1,
3,
1,
1,
3,
1,
1,
3,
1,
-1,
1,
1,
1,
3,
1,
1,
3,
1,
1,
3,
1,
1,
1,
1,
-1,
3,
1,
1,
3,
1,
1,
3,
1,
1,
1,
1,
-1,
3,
1,
1,
3,
1,
-1,
3,
1,
1,
1,
1,
-1,
3,
1,
1,
3,
1,
1,
1,
1,
-1,
1,
1,
-1,
3,
1,
1,
3,
1,
1,
3,
1,
1,
1,
1,
-1,
3,
1,
1,
3,
1,
1,
3,
1,
-1,
3,
1,
-1,
3,
-1,
1,
3,
1,
1,
3,
1,
1,
1,
1,
-1,
3,
1,
1,
3,
1,
1,
3,
1,
1,
1,
1,
-1,
3,
1,
1,
3,
1,
1,
3,
1,
-1,
1,
1,
-1,
3,
-1,
1,
3,
1,
1,
1,
1,
-1,
1,
1,
-1,
3,
1,
1,
3,
1,
1,
3,
1,
-1,
1,
1,
-1,
3,
1,
1,
3,
1,
1,
3,
1,
1,
1,
1,
-1,
3,
1,
1,
3,
1,
1,
3,
1,
-1,
1,
1,
-1,
3,
1,
1,
3,
1,
1,
1,
1,
-1,
1,
1,
-1,
3,
-1,
1,
3,
1,
1,
3,
1,
-1,
1,
1,
-1,
3,
1,
1,
3,
1,
1,
3,
1,
1,
1,
1,
-1,
3,
1,
1,
3,
1,
-1,
3,
1,
-1,
1,
1,
-1,
3,
-1,
1,
3,
1,
1,
3,
1,
-1,
1,
1,
-1,
3,
1,
1,
3,
1,
1,
3,
1,
-1,
1,
1,
-1,
3,
1,
1,
3,
1,
-1,
1,
1,
-1,
1,
1,
-1,
3,
-1,
1,
1,
-1,
-1,
3,
1,
-1,
1,
1,
-1,
3,
1,
1,
3,
1,
1,
1,
1,
1,
1,
1,
-1,
3,
1,
1,
3,
1,
-1,
3,
1,
-1,
1,
1,
-1,
3,
1,
1,
3,
1,
1,
3,
1,
1,
1,
1,
-1,
3,
1,
1,
3,
1,
1,
3,
1,
-1,
1,
1,
-1,
3,
-1,
1,
3,
1,
1,
3,
1,
-1,
3,
1,
-1,
3,
1,
1,
3,
1,
-1,
3,
1,
-1,
1,
1,
-1,
3,
-1,
1,
3,
1,
1,
3,
1,
-1,
1,
1,
-1,
3,
-1,
1,
3,
1,
1,
3,
1,
-1,
1,
1,
-1,
3,
-1,
1,
3,
1,
1,
1,
1,
-1,
1,
1,
-1,
3,
-1,
1,
3,
1,
-1,
1,
1,
1,
1,
1,
-1,
1,
-1,
1,
3,
1,
-1,
1,
1,
-1,
1,
1,
-1,
3,
1,
1,
3,
1,
1,
3,
1,
-1,
1,
1,
-1,
3,
1,
1,
3,
1,
1,
3,
1,
-1,
1,
1,
-1,
3,
-1,
1,
3,
1,
-1,
3,
1,
-1,
1,
1,
-1,
3,
-1,
1,
3,
1,
1,
3,
1,
-1,
3,
1,
-1,
3,
-1,
1,
3,
1,
-1,
3,
1,
-1,
1,
1,
-1,
3,
-1,
1,
3,
1,
1,
3,
1,
-1,
1,
1,
-1,
3,
1,
1,
3,
1,
1,
3,
1,
-1,
1,
1,
-1,
3,
-1,
1,
3,
1,
-1,
1,
1,
1,
1,
1,
-1,
3,
1,
1,
1,
-1,
-1,
1,
1,
-1,
1,
1,
-1,
1,
1,
1,
3,
1,
-1,
1,
1,
1,
1,
1,
-1,
3,
-1,
1,
3,
1,
-1,
3,
1,
-1,
1,
1,
-1,
3,
1,
1,
3,
1,
1,
1,
1,
-1,
1,
1,
-1,
3,
1,
1,
3,
1,
1,
3,
1,
-1,
1,
1,
-1,
3,
1,
1,
3,
1,
1,
3,
1,
-1,
1,
1,
-1,
3,
-1,
1,
3,
1,
1,
3,
1,
-1,
1,
1,
-1,
3,
-1,
1,
3,
1,
1,
3,
1,
1,
1,
1,
-1,
3,
-1,
1,
1,
1,
1,
3,
1,
-1,
1,
1,
-1,
3,
1,
1,
3,
1,
-1,
1,
1,
1,
1,
1,
-1,
3,
1,
1,
3,
1,
1,
1,
1,
1,
1,
1,
-1,
3,
1,
1,
3,
1,
1,
3,
1,
1,
1,
1,
-1,
3,
-1,
1,
3,
1,
1,
3,
1,
-1,
1,
1,
-1,
3,
1,
1,
3,
1,
1,
3,
1,
-1,
1,
1,
-1,
3,
1,
1,
3,
1,
1,
3,
1,
-1,
1,
1,
-1,
3,
-1,
1,
3,
1,
1,
3,
1,
-1,
3,
1,
-1,
3,
1,
1,
3,
1,
1,
3,
1,
1,
1,
1,
-1,
3,
1,
1,
3,
1,
-1,
3,
1,
1,
1,
1,
-1,
3,
1,
1,
3,
1,
1,
3,
1,
1,
1,
1,
-1,
3,
1,
1,
3,
1,
-1,
1,
1,
1,
1,
1,
-1,
3,
1,
1,
3,
1,
-1,
3,
1,
1,
1,
1,
-1,
3,
1,
1,
3,
1,
-1,
3,
1,
1,
1,
1,
-1,
3,
1,
1,
3,
1,
1,
3,
1,
-1,
1,
1,
-1,
3,
1,
1,
3,
1,
1,
1,
1,
-1,
3,
1,
-1,
3,
-1,
1,
3,
1,
1,
3,
1,
1,
1,
1,
-1,
3,
1,
1,
3,
1,
1,
3,
1,
1,
1,
1,
-1,
3,
1,
1,
1,
1,
1,
3,
1,
1,
1,
1,
-1,
3,
1,
1,
3,
1,
1,
3,
1,
1,
1,
1,
-1,
3,
1,
1,
3,
1,
1,
3,
1,
-1,
1,
1,
-1,
3,
1,
1,
3,
1,
-1,
1,
1,
1,
3,
1,
-1,
3,
1,
1,
3,
1,
1,
3,
1,
1,
1,
1,
-1,
3,
1,
1,
3,
1,
-1,
1,
1,
-1,
1,
1,
-1,
3,
1,
1,
3,
1,
1,
3,
1,
1,
1,
1,
-1,
3,
1,
1,
3,
1,
1,
1,
1,
-1,
1,
1,
-1,
3,
-1,
1,
1,
-1,
-1,
3,
1,
-1,
1,
1,
-1,
3,
1,
1,
3,
1,
1,
3,
1,
1,
3,
1,
-1,
3,
1,
1,
3,
1,
1,
3,
1,
-1,
1,
1,
-1,
3,
-1,
1,
3,
1,
1,
3,
1,
1,
1,
1,
-1,
3,
1,
1,
3,
1,
1,
3,
1,
-1,
3,
1,
-1,
3,
1,
1,
3,
1,
1,
1,
1,
1,
3,
1,
-1,
3,
1,
1,
3,
1,
-1,
3,
1,
1,
1,
1,
-1,
3,
1,
1,
3,
1,
-1,
3,
1,
-1,
1,
1,
-1,
3,
1,
1,
3,
1,
1,
3,
1,
-1,
1,
1,
-1,
3,
1,
1,
3,
1,
-1,
3,
1,
1,
1,
1,
-1,
3,
1,
1,
3,
1,
-1,
3,
1,
1,
1,
1,
-1,
3,
1,
1,
3,
1,
-1,
3,
1,
1,
1,
1,
-1,
3,
-1,
1,
3,
1,
1,
3,
1,
-1,
1,
1,
-1,
3,
-1,
1,
3,
1,
1,
3,
1,
-1,
3,
1,
-1,
3,
1,
1,
3,
1,
1,
3,
1,
1,
1,
1,
-1,
3,
1,
1,
3,
1,
1,
3,
1,
-1,
1,
1,
-1,
3,
1,
1,
3,
1,
1,
3,
1,
1,
1,
1,
-1,
3,
1,
1,
3,
1,
1,
3,
1,
1,
1,
1,
-1,
3,
1,
1,
3,
1,
-1,
3,
1,
1,
1,
1,
-1,
3,
1,
1,
3,
1,
-1,
3,
1,
1,
1,
1,
-1,
3,
1,
1,
3,
1,
1,
3,
1,
1,
1,
1,
-1,
3,
1,
1,
3,
1,
1,
3,
1,
-1,
3,
1,
-1,
3,
-1,
1,
3,
1,
1,
3,
1,
1,
3,
1,
-1,
3,
1,
1,
3,
1,
1,
3,
1,
1,
1,
1,
-1,
3,
1,
1,
3,
1,
1,
3,
1,
-1,
1,
1,
-1,
3,
-1,
1,
3,
1,
-1,
1,
1,
1,
3,
1,
-1,
3,
1,
1,
3,
1,
1,
3,
1,
1,
1,
1,
-1,
3,
1,
1,
3,
1,
1,
3,
1,
1,
1,
1,
-1,
3,
1,
1,
3,
1,
-1,
3,
1,
-1,
1,
1,
-1,
3,
1,
1,
3,
1,
1,
3,
1,
-1,
1,
1,
-1,
3,
1,
1,
3,
1,
1,
3,
1,
-1,
1,
1,
-1,
3,
-1,
1,
3,
1,
1,
3,
1,
-1,
3,
1,
-1,
3,
-1,
1,
3,
1,
1,
3,
1,
1,
3,
1,
-1,
3,
-1,
1,
3,
1,
1,
3,
1,
1,
1,
1,
-1,
3,
1,
1,
3,
1,
1,
3,
1,
-1,
1,
1,
-1,
3,
1,
1,
3,
1,
-1,
1,
1,
1,
3,
1,
-1,
3,
1,
1,
3,
1,
-1,
3,
1,
1,
1,
1,
-1,
3,
1,
1,
3,
1,
-1,
3,
1,
-1,
1,
1,
-1,
3,
1,
1,
3,
1,
-1,
3,
1,
-1,
1,
1,
-1,
3,
1,
1,
3,
1,
1,
3,
1,
-1,
1,
1,
-1,
3,
-1,
1,
3,
1,
1,
1,
1,
-1,
1,
1,
-1,
3,
-1,
1,
3,
1,
1,
3,
1,
-1,
1,
1,
-1,
3,
-1,
1,
1,
1,
1,
3,
1,
-1,
1,
1,
-1,
3,
-1,
1,
3,
1,
1,
3,
1,
-1,
1,
1,
-1,
3,
-1,
1,
3,
1,
1,
3,
1,
-1,
1,
1,
-1,
3,
1,
1,
3,
1,
-1,
3,
1,
-1,
1,
1,
-1,
3,
-1,
1,
3,
1,
1,
3,
1,
-1,
1,
1,
-1,
3,
-1,
1,
3,
1,
1,
1,
1,
-1,
1,
1,
-1,
3,
-1,
1,
3,
1,
-1,
3,
1,
-1,
1,
1,
-1,
3,
1,
1,
3,
1,
1,
1,
1,
-1,
1,
1,
-1,
3,
-1,
1,
3,
1,
1,
3,
1,
-1,
1,
1,
-1,
3,
1,
1,
3,
1,
1,
1,
1,
-1,
3,
1,
-1,
3,
-1,
1,
1,
-1,
-1,
3,
1,
1,
1,
1,
-1,
3,
1,
1,
3,
1,
1,
3,
1,
1,
1,
1,
-1,
3,
1,
1,
3,
1,
1,
3,
1,
-1,
1,
1,
-1,
3,
-1,
1,
3,
1,
-1,
1,
1,
-1,
3,
1,
-1,
3,
-1,
1,
3,
1,
-1,
1,
1,
1,
1,
1,
-1,
3,
1,
1,
3,
1,
-1,
1,
1,
-1,
1,
1,
-1,
3,
-1,
1,
3,
1,
-1,
3,
1,
-1,
1,
1,
-1,
3,
1,
1,
3,
1,
1,
3,
1,
-1,
1,
1,
-1,
3,
-1,
1,
3,
1,
1,
1,
1,
-1,
1,
1,
-1,
3,
1,
1,
3,
1,
1,
1,
1,
-1,
3,
1,
-1,
3,
-1,
1,
3,
1,
-1,
3,
1,
-1,
1,
1,
-1,
3,
1,
1,
3,
1,
-1,
3,
1,
-1,
1,
1,
-1,
3,
-1,
1,
3,
1,
1,
3,
1,
-1,
1,
1,
-1,
3,
1,
1,
3,
1,
-1,
3,
1,
-1,
1,
1,
-1,
3,
1,
1,
3,
1,
1,
1,
1,
-1,
1,
1,
-1,
3,
-1,
1,
3,
1,
1,
1,
1,
-1,
1,
1,
-1,
3,
1,
1,
3,
1,
-1,
1,
1,
-1,
1,
1,
-1,
3,
1,
1,
3,
1,
-1,
3,
1,
-1,
1,
1,
-1,
3,
-1,
1,
3,
1,
-1,
3,
1,
-1,
1,
1,
-1,
3,
1,
1,
1,
-1,
-1,
3,
1,
-1,
1,
1,
-1,
3,
-1,
1,
3,
1,
1,
3,
1,
-1,
1,
1,
-1,
3,
-1,
1,
3,
1,
-1,
3,
1,
1,
1,
1,
-1,
3,
-1,
1,
3,
1,
-1,
3,
1,
1,
1,
1,
-1,
3,
1,
1,
3,
1,
1,
1,
1,
-1,
1,
1,
-1,
3,
1,
1,
3,
1,
-1,
3,
1,
-1,
1,
1,
-1,
3,
1,
1,
3,
1,
-1,
3,
1,
1,
1,
1,
-1,
3,
-1,
1,
3,
1,
-1,
3,
1,
-1,
1,
1,
-1,
3,
1,
1,
3,
1,
-1,
1,
1,
-1,
1,
1,
-1,
3,
1,
1,
3,
1,
1,
3,
1,
1,
1,
1,
-1,
3,
1,
1,
3,
1,
1,
3,
1,
-1,
1,
1,
-1,
3,
-1,
1,
3,
1,
-1,
3,
1,
1,
1,
1,
-1,
3,
-1,
1,
3,
1,
-1,
3,
1,
1,
1,
1,
-1,
3,
1,
1,
3,
1,
-1,
1,
1,
-1,
1,
1,
-1,
3,
-1,
1,
3,
1,
-1,
1,
1,
-1,
1,
1,
-1,
3,
1,
1,
3,
1,
-1,
1,
1,
-1,
1,
1,
-1,
3,
1,
1,
3,
1,
-1,
3,
1,
1,
1,
1,
-1,
3,
1,
1,
3,
1,
1,
3,
1,
-1,
1,
1,
-1,
3,
1,
1,
3,
1,
1,
1,
1,
-1,
1,
1,
-1,
3,
1,
1,
3,
1,
1,
3,
1,
1,
1,
1,
-1,
3,
1,
1,
3,
1,
1,
3,
1,
1,
1,
1,
-1,
3,
-1,
1,
3,
1,
1,
3,
1,
1,
1,
1,
-1,
3,
-1,
1,
3,
1,
1,
3,
1,
-1,
1,
1,
-1,
3,
1,
1,
3,
1,
1,
3,
1,
1,
1,
1,
-1,
3,
1,
1,
3,
1,
1,
1,
1,
1,
3,
1,
-1,
3,
1,
1,
3,
1,
1,
3,
1,
1,
1,
1,
-1,
3,
1,
1,
3,
1,
1,
1,
1,
1,
1,
1,
-1,
3,
-1,
1,
3,
1,
-1,
3,
1,
1,
1,
1,
-1,
3,
1,
1,
3,
1,
1,
3,
1,
1,
1,
1,
-1,
3,
1,
1,
3,
1,
1,
3,
1,
-1,
1,
1,
-1,
3,
-1,
1,
3,
1,
1,
1,
1,
-1,
3,
1,
-1,
3,
-1,
1,
3,
1,
-1,
3,
1,
1,
3,
1,
-1,
3,
1,
1,
3,
1,
-1,
3,
1,
1,
1,
1,
-1,
3,
1,
1,
3,
1,
1,
3,
1,
-1,
1,
1,
-1,
3,
1,
1,
3,
1,
-1,
3,
1,
1,
3,
1,
-1,
3,
-1,
1,
3,
1,
1,
3,
1,
1,
1,
1,
-1,
3,
1,
1,
3,
1,
-1,
3,
1,
-1,
1,
1,
-1,
3,
-1,
1,
3,
1,
1,
3,
1,
-1,
1,
1,
3,
35,
88,
112,
118,
118,
115,
109,
101,
96,
94,
89,
86,
83,
78,
73,
70,
69,
65,
60,
57,
54,
52,
51,
48,
46,
43,
41,
41,
38,
36,
35,
33,
30,
30,
30,
27,
27,
25,
24,
24,
22,
22,
22,
19,
17,
19,
19,
15,
17,
15,
15,
15,
14,
14,
14,
12,
11,
12,
12,
9,
12,
9,
9,
11,
9,
9,
9,
7,
7,
9,
7,
6,
9,
6,
6,
7,
6,
6,
7,
6,
6,
7,
6,
6,
7,
6,
4,
6,
4,
4,
6,
6,
4,
6,
6,
4,
6,
6,
4,
6,
4,
4,
6,
4,
4,
4,
4,
3,
6,
4,
3,
6,
4,
4,
6,
4,
4,
4,
4,
4,
4,
4,
4,
4,
4,
4,
4,
4,
3,
4,
4,
3,
6,
4,
3,
6,
4,
4,
4,
4,
4,
6,
4,
3,
6,
4,
4,
4,
4,
4,
6,
3,
3,
6,
4,
3,
6,
4,
3,
4,
4,
4,
4,
4,
3,
4,
4,
3,
4,
4,
4,
4,
4,
4,
4,
3,
3,
4,
4,
3,
6,
4,
3,
4,
4,
4,
4,
4,
3,
4,
4,
3,
6,
4,
3,
4,
4,
3,
4,
4,
3,
4,
4,
3,
6,
4,
3,
4,
4,
3,
4,
4,
3,
4,
4,
3,
6,
4,
4,
6,
3,
3,
4,
4,
3,
4,
4,
3,
6,
4,
3,
6,
4,
3,
4,
4,
3,
4,
4,
3,
4,
4,
3,
6,
3,
3,
4,
3,
3,
4,
4,
3,
4,
4,
3,
4,
3,
3,
4,
4,
3,
4,
4,
3,
4,
4,
3,
6,
4,
3,
4,
3,
3,
4,
4,
3,
4,
4,
3,
4,
3,
3,
4,
4,
3,
4,
3,
3,
4,
4,
3,
4,
4,
3,
4,
3,
3,
4,
3,
3,
4,
3,
3,
4,
4,
3,
4,
3,
3,
4,
3,
3,
4,
3,
3,
4,
4,
3,
4,
3,
3,
4,
4,
3,
4,
4,
3,
4,
3,
3,
4,
3,
3,
4,
3,
3,
4,
3,
3,
4,
4,
3,
4,
3,
3,
4,
4,
3,
4,
3,
3,
4,
3,
3,
4,
3,
3,
4,
4,
3,
4,
4,
3,
4,
3,
3,
4,
3,
3,
4,
4,
3,
4,
3,
3,
4,
3,
3,
4,
3,
3,
4,
3,
3,
4,
4,
3,
4,
3,
3,
4,
3,
3,
4,
3,
3,
4,
3,
3,
4,
3,
3,
4,
3,
3,
4,
3,
3,
4,
3,
3,
4,
3,
3,
4,
3,
3,
4,
3,
3,
4,
4,
3,
4,
3,
3,
4,
3,
3,
4,
3,
3,
4,
3,
3,
4,
3,
3,
4,
3,
3,
4,
4,
3,
4,
4,
3,
4,
3,
3,
4,
3,
3,
4,
3,
3,
4,
4,
3,
4,
3,
3,
4,
3,
3,
4,
4,
3,
4,
3,
3,
4,
3,
3,
4,
3,
3,
4,
4,
3,
4,
4,
3,
4,
3,
3,
4,
3,
3,
4,
4,
3,
4,
4,
3,
4,
3,
3,
4,
3,
3,
4,
4,
3,
4,
4,
3,
4,
3,
3,
4,
4,
3,
4,
4,
3,
6,
4,
3,
4,
3,
3,
6,
4,
3,
4,
4,
3,
6,
4,
4,
4,
3,
3,
4,
4,
3,
4,
4,
3,
4,
4,
3,
4,
3,
3,
4,
3,
3,
4,
4,
3,
6,
4,
3,
4,
3,
3,
4,
3,
3,
4,
4,
3,
4,
4,
3,
4,
3,
3,
4,
3,
3,
4,
4,
3,
4,
4,
3,
4,
4,
3,
4,
3,
3,
4,
4,
3,
4,
3,
3,
4,
3,
3,
4,
3,
3,
4,
3,
3,
4,
4,
3,
4,
3,
3,
4,
3,
3,
4,
3,
3,
4,
3,
3,
4,
3,
3,
4,
3,
3,
4,
3,
3,
4,
3,
3,
3,
3,
3,
4,
3,
3,
4,
3,
3,
4,
3,
3,
4,
3,
3,
4,
3,
3,
4,
3,
3,
4,
3,
3,
4,
3,
3,
4,
3,
3,
3,
3,
3,
4,
3,
3,
4,
3,
3,
4,
3,
3,
4,
3,
3,
4,
3,
3,
4,
3,
3,
4,
3,
3,
4,
3,
3,
4,
3,
3,
4,
3,
3,
4,
3,
3,
4,
3,
3,
4,
3,
3,
4,
3,
3,
4,
3,
3,
4,
4,
3,
4,
4,
3,
4,
3,
3,
4,
3,
1,
3,
3,
1,
4,
3,
3,
4,
3,
3,
4,
3,
1,
3,
3,
3,
4,
3,
3,
4,
3,
3,
4,
3,
3,
4,
3,
3,
4,
4,
3,
4,
3,
3,
4,
3,
3,
4,
3,
3,
4,
3,
1,
4,
3,
3,
4,
3,
3,
4,
3,
3,
4,
3,
3,
4,
3,
3,
4,
3,
3,
4,
4,
3,
4,
3,
3,
4,
3,
3,
4,
3,
3,
4,
3,
3,
4,
3,
3,
4,
3,
3,
4,
3,
3,
4,
3,
3,
4,
3,
3,
4,
3,
3,
4,
3,
3,
4,
4,
3,
4,
3,
3,
4,
3,
3,
4,
3,
3,
4,
3,
3,
4,
3,
3,
4,
3,
3,
4,
3,
3,
4,
4,
3,
4,
4,
3,
4,
3,
3,
4,
3,
3,
4,
4,
3,
4,
3,
3,
4,
3,
3,
4,
3,
3,
4,
4,
3,
4,
3,
3,
4,
3,
3,
4,
3,
3,
4,
4,
3,
4,
3,
3,
4,
3,
3,
4,
3,
3,
4,
4,
3,
4,
4,
3,
4,
3,
3,
4,
3,
3,
4,
3,
3,
4,
4,
3,
4,
3,
3,
4,
3,
3,
4,
4,
3,
4,
4,
3,
4,
3,
3,
4,
3,
3,
4,
4,
3,
4,
3,
3,
4,
3,
3,
4,
3,
3,
4,
4,
3,
4,
3,
3,
4,
3,
3,
4,
3,
3,
4,
4,
3,
4,
3,
3,
4,
3,
3,
4,
3,
3,
3,
3,
3,
4,
3,
3,
4,
3,
3,
4,
3,
3,
3,
3,
3,
4,
3,
3,
4,
3,
3,
4,
3,
3,
3,
3,
3,
4,
3,
3,
4,
3,
3,
4,
3,
3,
4,
3,
3,
4,
3,
3,
4,
3,
3,
3,
3,
3,
4,
3,
3,
4,
3,
3,
4,
3,
3,
4,
3,
3,
4,
3,
3,
4,
3,
3,
4,
3,
3,
4,
3,
3,
4,
3,
1,
4,
3,
3,
4,
3,
1,
4,
3,
3,
3,
3,
3,
4,
3,
3,
4,
3,
3,
4,
3,
3,
3,
3,
3,
4,
3,
3,
4,
3,
3,
4,
3,
3,
4,
3,
3,
4,
3,
3,
4,
3,
3,
4,
3,
3,
3,
3,
3,
4,
4,
3,
4,
3,
3,
4,
3,
3,
3,
3,
3,
4,
3,
3,
4,
3,
3,
4,
3,
3,
4,
3,
3,
4,
3,
3,
4,
3,
3,
4,
3,
3,
4,
3,
3,
4,
3,
3,
4,
3,
3,
4,
3,
3,
4,
3,
1,
4,
3,
3,
4,
3,
3,
4,
3,
3,
4,
3,
3,
4,
3,
3,
4,
3,
3,
4,
3,
3,
4,
3,
3,
4,
3,
3,
4,
3,
3,
4,
3,
3,
4,
4,
3,
4,
3,
3,
4,
3,
3,
4,
3,
3,
4,
3,
3,
4,
3,
3,
4,
3,
3,
4,
3,
3,
3,
3,
3,
4,
3,
3,
4,
3,
3,
4,
3,
3,
3,
3,
3,
4,
3,
3,
4,
3,
3,
4,
3,
3,
4,
3,
3,
4,
3,
3,
4,
3,
3,
4,
3,
3,
4,
3,
3,
4,
3,
3,
4,
3,
3,
4,
3,
3,
4,
3,
3,
4,
3,
3,
4,
3,
3,
4,
3,
3,
4,
3,
3,
4,
3,
3,
4,
3,
3,
4,
3,
3,
4,
3,
3,
4,
4,
3,
4,
3,
3,
4,
3,
3,
4,
3,
3,
4,
3,
3,
4,
3,
3,
4,
3,
3,
4,
4,
3,
4,
3,
3,
4,
3,
3,
4,
3,
3,
4,
3,
3,
4,
3,
3,
4,
3,
3,
4,
3,
3,
4,
3,
3,
4,
3,
3,
4,
3,
3,
4,
3,
3,
3,
3,
3,
4,
3,
3,
4,
3,
3,
4,
3,
1,
4,
3,
3,
4,
3,
3,
4,
3,
3,
4,
3,
3,
4,
3,
3,
4,
3,
3,
4,
3,
3,
4,
3,
3,
4,
3,
3,
4,
3,
3,
4,
3,
3,
4,
3,
3,
3,
3,
3,
4,
3,
3,
4,
3,
3,
4,
3,
3,
3,
3,
3,
4,
3,
3,
4,
3,
3,
3,
3,
3,
4,
3,
1,
4,
3,
3,
4,
3,
1,
3,
3,
3,
4,
3,
3,
4,
3,
3,
4,
3,
3,
4,
3,
3,
4,
3,
3,
4,
3,
3,
4,
3,
3,
4,
3,
3,
4,
3,
3,
4,
3,
3,
4,
3,
3,
4,
3,
3,
3,
3,
3,
4,
3,
3,
4,
3,
3,
4,
3,
3,
4,
3,
3,
4,
3,
3,
4,
3,
3,
4,
3,
3,
4,
3,
3,
4,
3,
3,
4,
3,
3,
4,
3,
3,
4,
3,
1,
4,
3,
3,
4,
3,
3,
4,
3,
3,
4,
3,
3,
4,
3,
3,
4,
3,
3,
4,
3,
3,
3,
3,
3,
4,
3,
3,
4,
3,
3,
4,
3,
1,
3,
3,
3,
4,
3,
3,
4,
3,
3,
3,
3,
3,
4,
4,
3,
4,
3,
3,
4,
3,
3,
4,
3,
3,
3,
3,
1,
4,
3,
3,
4,
1,
1,
3,
3,
1,
3,
3,
1,
4,
3,
1,
4,
3,
3,
4,
3,
1,
3,
3,
3,
4,
3,
3,
4,
3,
3,
4,
3,
1,
3,
3,
3,
4,
3,
3,
4,
3,
3,
4,
3,
3,
4,
3,
3,
4,
3,
3,
4,
3,
3,
4,
3,
3,
4,
3,
3,
4,
3,
3,
4,
3,
3,
4,
3,
3,
4,
3,
3,
4,
3,
3,
4,
3,
3,
3,
3,
3,
4,
3,
3,
4,
3,
3,
4,
3,
3,
4,
3,
3,
4,
3,
3,
4,
3,
3,
4,
3,
3,
3,
3,
3,
4,
3,
3,
4,
3,
3,
4,
3,
3,
4,
3,
3,
3,
3,
3,
4,
3,
3,
4,
3,
3,
4,
3,
3,
3,
3,
3,
4,
3,
3,
4,
3,
3,
4,
3,
1,
3,
3,
3,
4,
3,
3,
4,
3,
3,
3,
3,
1,
3,
3,
3,
4,
3,
3,
4,
3,
3,
4,
3,
1,
3,
3,
1,
4,
3,
3,
4,
3,
3,
3,
3,
3,
4,
3,
1,
4,
3,
3,
3,
3,
3,
4,
3,
3,
4,
3,
1,
4,
3,
3,
4,
3,
3,
3,
3,
3,
3,
3,
1,
3,
3,
3,
4,
3,
1,
4,
3,
1,
3,
3,
1,
4,
3,
1,
4,
3,
1,
3,
3,
1,
4,
3,
3,
4,
3,
3,
4,
3,
3,
4,
3,
3,
4,
3,
3,
4,
3,
3,
4,
3,
3,
4,
3,
3,
3,
3,
1,
4,
3,
3,
4,
3,
1,
3,
3,
1,
3,
3,
3,
4,
3,
3,
4,
3,
3,
3,
3,
3,
4,
3,
3,
4,
3,
3,
4,
3,
3,
4,
3,
1,
3,
3,
1,
4,
3,
1,
4,
3,
1,
4,
3,
1,
4,
3,
1,
4,
3,
1,
3,
3,
1,
4,
3,
3,
3,
3,
3,
4,
3,
3,
4,
3,
3,
3,
3,
3,
4,
3,
1,
4,
3,
1,
3,
3,
1,
3,
3,
1,
3,
3,
1,
4,
3,
3,
4,
3,
1,
3,
3,
3,
4,
3,
1,
4,
3,
3,
4,
3,
1,
3,
3,
3,
3,
3,
1,
4,
3,
3,
4,
3,
3,
3,
3,
1,
3,
3,
3,
4,
3,
3,
4,
3,
1,
4,
3,
1,
3,
3,
3,
4,
3,
1,
4,
3,
3,
3,
3,
1,
3,
3,
1,
3,
3,
3,
4,
3,
3,
3,
3,
3,
3,
3,
1,
4,
3,
3,
4,
3,
1,
3,
3,
1,
4,
3,
1,
4,
3,
1,
3,
1,
1,
4,
3,
3,
3,
3,
3,
4,
3,
1,
4,
3,
3,
3,
3,
3,
3,
3,
1,
4,
3,
3,
4,
3,
3,
4,
3,
1,
3,
3,
3,
4,
3,
3,
4,
3,
1,
3,
3,
3,
4,
3,
1,
4,
3,
3,
3,
1,
1,
3,
3,
1,
3,
3,
3,
4,
3,
1,
4,
3,
3,
3,
3,
1,
3,
3,
1,
4,
1,
3,
4,
3,
1,
3,
3,
1,
3,
3,
1,
4,
3,
3,
4,
3,
3,
3,
3,
1,
3,
3,
1,
4,
3,
1,
3,
3,
1,
3,
3,
1,
3,
3,
1,
3,
3,
3,
4,
3,
3,
3,
1,
1,
4,
3,
1,
4,
3,
1,
3,
1,
1,
3,
3,
1,
3,
3,
1,
3,
3,
1,
4,
1,
1,
3,
3,
1,
3,
3,
1,
4,
3,
3,
4,
3,
3,
3,
3,
1,
3,
3,
1,
4,
3,
1,
4,
3,
1,
3,
3,
1,
3,
3,
3,
4,
3,
3,
3,
1,
1,
3,
3,
1,
3,
3,
1,
4,
3,
3,
4,
3,
1,
4,
3,
1,
4,
3,
1,
4,
3,
3,
4,
3,
1,
4,
3,
1,
3,
3,
1,
4,
3,
3,
4,
3,
3,
3,
3,
1,
3,
3,
1,
4,
3,
3,
4,
3,
3,
3,
3,
3,
3,
3,
1,
4,
3,
3,
4,
3,
3,
4,
3,
1,
4,
3,
1,
4,
3,
1,
4,
3,
3,
4,
3,
1,
4,
3,
1,
3,
3,
3,
4,
3,
3,
4,
3,
3,
3,
3,
1,
4,
3,
3,
4,
3,
3,
3,
3,
3,
3,
3,
1,
4,
3,
1,
4,
1,
1,
3,
3,
1,
3,
3,
1,
4,
3,
1,
3,
1,
1,
3,
3,
1,
3,
3,
1,
3,
3,
1,
4,
1,
1,
3,
3,
1,
3,
3,
1,
4,
3,
1,
4,
3,
1,
3,
1,
1,
3,
3,
1,
4,
3,
3,
3,
3,
3,
3,
3,
1,
4,
3,
1,
3,
3,
3,
4,
3,
1,
3,
3,
1,
3,
3,
1,
3,
3,
1,
3,
1,
1,
3,
1,
1,
4,
3,
1,
4,
3,
1,
3,
3,
3,
3,
3,
1,
3,
3,
1,
3,
3,
3,
4,
1,
1,
3,
3,
1,
3,
3,
1,
3,
3,
1,
3,
1,
1,
4,
3,
1,
3,
3,
1,
4,
1,
1,
3,
1,
1,
3,
3,
1,
3,
3,
1,
3,
3,
1,
3,
1,
1,
3,
3,
1,
3,
3,
1,
4,
3,
3,
4,
3,
3,
3,
3,
1,
4,
3,
1,
4,
3,
3,
4,
3,
1,
3,
3,
3,
3,
3,
3,
4,
3,
3,
4,
3,
3,
3,
3,
1,
3,
3,
3,
4,
3,
3,
3,
3,
3,
3,
3,
1,
3,
3,
1,
3,
3,
1,
3,
1,
1,
3,
1,
1,
4,
3,
1,
3,
1,
1,
3,
3,
3,
3,
3,
1,
3,
3,
1,
3,
3,
1,
4,
3,
1,
3,
3,
1,
3,
3,
1,
4,
3,
1,
3,
3,
3,
3,
3,
1,
3,
3,
1,
4,
3,
1,
4,
3,
3,
3,
3,
1,
4,
3,
3,
4,
3,
1,
4,
3,
1,
3,
3,
3,
3,
3,
1,
3,
3,
3,
3,
3,
3,
3,
3,
3,
3,
3,
1,
4,
3,
3,
4,
1,
1,
3,
3,
1,
3,
3,
1,
4,
3,
1,
4,
3,
3,
3,
1,
1,
3,
3,
1,
3,
1,
1,
4,
3,
3,
3,
3,
1,
3,
3,
1,
3,
3,
1,
4,
3,
1,
3,
3,
1,
4,
3,
1,
4,
3,
1,
3,
1,
1,
3,
3,
1,
3,
3,
1,
4,
3,
1,
3,
3,
3,
3,
3,
1,
3,
3,
1,
3,
3,
3,
4,
3,
3,
3,
3,
1,
3,
3,
1,
4,
3,
1,
4,
1,
1,
3,
3,
1,
3,
3,
1,
4,
3,
1,
3,
1,
1,
3,
3,
1,
3,
3,
1,
3,
3,
1,
3,
1,
1,
3,
1,
1,
3,
3,
1,
3,
1,
1,
4,
3,
1,
3,
3,
1,
3,
3,
1,
4,
3,
3,
3,
1,
1,
3,
3,
1,
3,
3,
1,
3,
3,
3,
3,
1,
1,
3,
3,
1,
3,
3,
1,
4,
3,
1,
3,
1,
1,
3,
3,
1,
3,
3,
1,
4,
3,
1,
3,
1,
1,
3,
3,
1,
3,
3,
1,
3,
3,
1,
3,
3,
1,
4,
3,
1,
3,
3,
1,
3,
3,
1,
3,
3,
1,
3,
3,
1,
3,
3,
1,
4,
3,
1,
4,
1,
1,
3,
3,
1,
3,
3,
1,
3,
3,
3,
3,
1,
1,
3,
3,
1,
3,
3,
1,
4,
3,
3,
4,
3,
3,
4,
3,
3,
4,
3,
1,
4,
3,
1,
4,
1,
1,
3,
1,
1,
3,
1,
1,
3,
3,
1,
3,
1,
1,
3,
1,
1,
3,
3,
1,
4,
3,
3,
4,
3,
3,
3,
3,
3,
3,
3,
1,
4,
3,
1,
4,
1,
1,
3,
3,
1,
3,
3,
1,
3,
3,
1,
3,
1,
1,
3,
3,
1,
3,
3,
1,
3,
3,
1,
4,
3,
3,
3,
3,
1,
3,
3,
1,
3,
3,
1,
3,
1,
1,
4,
3,
1,
3,
3,
1,
3,
3,
1,
3,
1,
1,
3,
3,
1,
3,
3,
1,
3,
3,
1,
3,
1,
1,
3,
3,
1,
3,
3,
1,
3,
3,
1,
4,
1,
1,
3,
3,
1,
3,
3,
1,
4,
1,
1,
4,
3,
1,
3,
3,
1,
3,
3,
1,
3,
3,
3,
4,
1,
1,
3,
3,
1,
3,
3,
1,
3,
3,
1,
3,
1,
1,
3,
3,
1,
3,
3,
1,
3,
3,
1,
3,
3,
3,
3,
3,
1,
3,
3,
1,
4,
1,
1,
3,
1,
1,
3,
3,
1,
3,
3,
1,
3,
3,
1,
3,
1,
1,
3,
1,
1,
3,
3,
1,
3,
3,
1,
3,
1,
1,
3,
3,
1,
3,
3,
1,
4,
3,
1,
3,
1,
1,
3,
3,
1,
3,
3,
1,
3,
1,
1,
3,
1,
1,
3,
1,
1,
3,
3,
1,
3,
3,
1,
3,
1,
1,
3,
1,
1,
3,
3,
1,
3,
3,
1,
3,
3,
1,
3,
1,
1,
3,
1,
1,
3,
1,
1,
3,
1,
1,
3,
1,
1,
3,
3,
1,
3,
3,
1,
3,
1,
1,
3,
1,
1,
3,
3,
1,
3,
1,
1,
3,
1,
1,
3,
1,
1,
3,
3,
1,
3,
1,
1,
3,
1,
1,
3,
3,
1,
3,
3,
1,
3,
3,
1,
3,
1,
1,
3,
1,
1,
3,
1,
1,
3,
1,
1,
3,
1,
1,
3,
3,
1,
3,
1,
1,
4,
1,
1,
3,
3,
1,
3,
1,
1,
3,
3,
1,
3,
1,
1,
3,
1,
1,
4,
3,
1,
3,
3,
1,
3,
3,
1,
3,
1,
1,
3,
1,
1,
3,
3,
1,
3,
1,
1,
3,
3,
1,
3,
1,
1,
3,
3,
1,
3,
1,
1,
4,
3,
3,
3,
1,
1,
3,
3,
1,
3,
1,
1,
3,
1,
1,
3,
1,
1,
3,
3,
1,
3,
3,
3,
3,
1,
1,
3,
3,
1,
3,
1,
1,
4,
1,
1,
3,
1,
1,
3,
3,
1,
3,
1,
1,
3,
1,
1,
3,
1,
1,
3,
1,
1,
3,
1,
1,
3,
1,
1,
3,
1,
1,
3,
1,
1,
3,
3,
1,
4,
3,
1,
3,
1,
1,
3,
1,
1,
3,
3,
1,
3,
3,
1,
3,
1,
1,
3,
1,
1,
3,
3,
1,
3,
3,
1,
3,
1,
1,
3,
1,
1,
3,
3,
1,
3,
1,
1,
4,
3,
1,
3,
3,
1,
3,
1,
1,
3,
3,
3,
3,
1,
1,
3,
3,
1,
3,
3,
1,
3,
3,
1,
3,
1,
1,
3,
1,
1,
3,
3,
1,
3,
3,
1,
3,
1,
1,
3,
1,
1,
3,
1,
1,
4,
1,
1,
3,
1,
1,
3,
3,
1,
3,
3,
1,
3,
3,
1,
3,
1,
1,
3,
1,
1,
3,
1,
1,
3,
1,
1,
3,
1,
1,
3,
1,
1,
3,
3,
1,
4,
3,
1,
4,
3,
1,
3,
1,
1,
3,
3,
1,
3,
3,
1,
3,
1,
1,
3,
3,
1,
3,
1,
1,
3,
3,
1,
3,
1,
1,
3,
3,
1,
3,
3,
1,
3,
1,
1,
3,
1,
1,
3,
3,
1,
3,
3,
1,
3,
1,
1,
3,
3,
1,
3,
1,
1,
3,
3,
1,
3,
1,
1,
3,
1,
1,
3,
1,
1,
3,
3,
1,
3,
3,
1,
3,
1,
1,
3,
1,
1,
3,
3,
1,
3,
1,
1,
3,
1,
1,
3,
1,
1,
3,
3,
1,
3,
1,
1,
3,
1,
1,
3,
1,
1,
3,
1,
1,
3,
1,
1,
3,
1,
1,
3,
1,
1,
3,
3,
1,
4,
1,
1,
4,
3,
1,
3,
1,
1,
3,
3,
1,
3,
3,
1,
3,
1,
1,
3,
1,
1,
3,
1,
1,
3,
1,
1,
3,
1,
1,
3,
1,
1,
3,
3,
1,
3,
1,
1,
3,
1,
1,
3,
1,
1,
3,
3,
1,
3,
1,
1,
3,
1,
1,
3,
1,
1,
3,
3,
1,
3,
1,
1,
3,
1,
1,
3,
1,
1,
3,
3,
1,
3,
3,
1,
3,
1,
1,
3,
3,
1,
3,
1,
1,
3,
1,
1,
3,
1,
1,
3,
3,
1,
3,
3,
1,
3,
1,
1,
3,
1,
1,
3,
1,
1,
3,
3,
1,
3,
1,
1,
3,
1,
1,
3,
3,
1,
3,
3,
1,
3,
1,
1,
3,
1,
1,
3,
3,
1,
3,
