Format,1.0B,
Memory Length,10000,
IntpDistance,0,
Trigger Address,4849,
Trigger Level,1.120E-01,
Source,CH1,
Vertical Units,V,
Vertical Units Div,0,
Vertical Units Extend Div,16,
Label,,
Probe Type,0,
Probe Ratio,1.000e+01,
Vertical Scale,2.000e-01,
Vertical Position,8.000e-03,
Horizontal Units,S,
Horizontal Scale,2.000E-06,
Horizontal Position,3.000E-07,
Horizontal Mode,Main,
SincET Mode,Real Time,
Sampling Period,2.000e-09,
Horizontal Old Scale,2.000E-06,
Horizontal Old Position,3.000E-07,
Firmware,V1.23,
Mode,Fast,
Waveform Data,
0,
0,
0,
0,
-1,
0,
0,
0,
0,
0,
0,
0,
-1,
0,
0,
0,
0,
0,
0,
0,
-1,
0,
0,
0,
-1,
0,
0,
0,
-1,
0,
0,
0,
0,
-1,
-1,
0,
0,
0,
0,
-1,
-1,
0,
0,
0,
-1,
0,
0,
0,
0,
0,
0,
0,
-1,
0,
0,
0,
0,
0,
0,
0,
-1,
0,
0,
0,
0,
0,
0,
0,
0,
0,
0,
0,
-1,
0,
0,
0,
-1,
0,
0,
0,
0,
0,
0,
0,
-1,
0,
0,
0,
-1,
0,
0,
0,
-1,
0,
0,
0,
0,
0,
0,
0,
0,
0,
0,
0,
0,
0,
0,
0,
0,
0,
0,
0,
0,
0,
0,
0,
-1,
0,
0,
0,
0,
-1,
-1,
0,
0,
0,
0,
0,
-1,
0,
0,
0,
-1,
0,
0,
0,
0,
0,
0,
0,
0,
0,
0,
0,
0,
0,
0,
0,
-1,
0,
0,
-1,
-1,
0,
0,
0,
-1,
0,
0,
0,
0,
-1,
-1,
-1,
0,
0,
0,
-1,
-1,
0,
0,
0,
-1,
0,
0,
0,
0,
-1,
-1,
-1,
0,
0,
0,
-1,
-1,
0,
0,
0,
-1,
-1,
-1,
0,
0,
-1,
-1,
-1,
0,
0,
0,
-1,
-1,
0,
0,
0,
-1,
-1,
-1,
0,
0,
0,
0,
-1,
0,
0,
0,
0,
-1,
0,
0,
0,
0,
0,
-1,
-1,
0,
0,
0,
-1,
-1,
0,
0,
0,
-1,
-1,
-1,
0,
0,
0,
0,
0,
0,
0,
0,
0,
-1,
0,
0,
0,
-1,
0,
0,
0,
0,
0,
0,
0,
0,
0,
0,
0,
-1,
0,
0,
0,
-1,
0,
0,
0,
-1,
0,
0,
0,
0,
0,
0,
0,
-1,
0,
-1,
-1,
-1,
0,
0,
-1,
-1,
0,
0,
0,
-1,
-1,
-1,
0,
0,
0,
0,
0,
0,
0,
0,
0,
0,
0,
0,
0,
0,
-1,
-1,
-1,
0,
0,
0,
-1,
-1,
0,
0,
-1,
-1,
0,
0,
0,
0,
-1,
-1,
0,
-1,
0,
0,
-1,
-1,
0,
0,
-1,
0,
0,
0,
0,
0,
0,
0,
-1,
-1,
0,
0,
0,
0,
-1,
-1,
0,
-1,
-1,
-1,
-1,
-1,
0,
0,
-1,
-1,
0,
0,
0,
-1,
0,
0,
0,
0,
0,
0,
0,
0,
0,
0,
0,
0,
0,
0,
0,
0,
0,
0,
0,
0,
0,
0,
0,
0,
0,
0,
0,
0,
0,
0,
0,
-1,
-1,
-1,
0,
0,
0,
-1,
-1,
-1,
-1,
-1,
-1,
-1,
-1,
-1,
-1,
-1,
-1,
-1,
-1,
-1,
0,
-1,
-1,
-1,
-1,
-1,
0,
-1,
0,
0,
0,
0,
-1,
-1,
0,
-1,
0,
0,
-1,
-1,
0,
0,
0,
-1,
-1,
-1,
-1,
0,
0,
0,
-1,
-1,
0,
0,
0,
-1,
0,
0,
0,
-1,
0,
0,
0,
0,
0,
0,
0,
0,
0,
0,
0,
0,
0,
0,
0,
-1,
0,
0,
0,
0,
0,
0,
-1,
-1,
-1,
-1,
-1,
-1,
-1,
-1,
-1,
-1,
-1,
-1,
-1,
-1,
-1,
-1,
-1,
-1,
-1,
-1,
-1,
-1,
-1,
-1,
-1,
-1,
0,
0,
-1,
-1,
0,
0,
0,
-1,
0,
0,
0,
0,
-1,
-1,
-1,
-1,
0,
0,
-1,
-1,
-1,
-1,
0,
-1,
-1,
-1,
-1,
-1,
-1,
-1,
-1,
-1,
0,
-1,
-1,
-1,
-1,
-1,
0,
-1,
-1,
-1,
-1,
-1,
0,
-1,
-1,
-1,
0,
0,
-1,
-1,
-1,
-1,
0,
0,
-1,
-1,
-1,
-1,
0,
0,
0,
-1,
0,
0,
0,
0,
0,
0,
0,
0,
0,
0,
0,
0,
0,
0,
-1,
-1,
0,
0,
0,
0,
-1,
-1,
-1,
-1,
0,
0,
0,
0,
0,
0,
-1,
-1,
0,
-1,
-1,
-1,
-1,
-1,
-1,
-1,
-1,
-1,
-1,
-1,
-1,
-1,
-1,
-1,
-1,
-1,
-1,
-1,
-1,
-1,
-1,
-1,
0,
0,
0,
-1,
-1,
-1,
0,
-1,
0,
0,
0,
-1,
-1,
-1,
-1,
-1,
0,
-1,
-1,
-1,
0,
0,
-1,
-1,
0,
0,
-1,
-1,
-1,
-1,
-1,
-1,
-1,
-1,
-1,
-1,
-1,
-1,
-1,
-1,
-1,
-1,
-1,
-1,
-1,
-1,
-1,
0,
-1,
-1,
-1,
-1,
0,
0,
-1,
-1,
-1,
-1,
-1,
-1,
-1,
-1,
-1,
-1,
0,
-1,
-1,
-1,
-1,
-1,
-1,
-1,
-1,
-1,
-1,
0,
-1,
-1,
-1,
-1,
0,
-1,
-1,
-1,
0,
0,
0,
-1,
-1,
-1,
-1,
-1,
-1,
-1,
-1,
0,
0,
0,
-1,
-1,
-1,
-1,
-1,
-1,
-1,
-1,
-1,
-1,
-1,
-1,
-1,
-1,
0,
-1,
-1,
-1,
0,
0,
0,
-1,
-1,
-1,
-1,
-1,
-1,
-1,
-1,
-1,
-1,
-1,
-1,
-1,
-1,
-1,
-1,
-1,
-1,
-1,
-1,
-1,
0,
0,
-1,
-1,
-1,
-1,
-1,
-1,
-1,
-1,
-1,
-1,
-1,
-1,
-1,
-1,
0,
0,
-1,
-1,
-1,
-1,
-1,
-1,
-1,
-1,
0,
-1,
-1,
-1,
-1,
-1,
-1,
-1,
-1,
-1,
0,
-1,
-1,
-1,
-1,
-1,
-1,
-1,
-1,
-1,
-1,
-1,
-1,
-1,
-1,
-1,
-1,
-1,
-1,
-1,
-1,
-1,
-1,
-1,
-1,
-1,
-1,
-1,
-1,
-1,
-1,
-1,
0,
-1,
-1,
-1,
0,
0,
-1,
-1,
0,
-1,
-1,
-1,
-1,
-1,
-1,
-1,
0,
-1,
-1,
-1,
-1,
-1,
-1,
-1,
-1,
-1,
-1,
-1,
-1,
-1,
-1,
-1,
-1,
-1,
-1,
-1,
-1,
-1,
-1,
-1,
-1,
-1,
-1,
-1,
-1,
-1,
-1,
-1,
0,
-1,
-1,
-1,
-1,
-1,
-1,
-1,
-1,
-1,
-1,
-1,
-1,
-1,
-1,
-1,
0,
-1,
-1,
-1,
-1,
-1,
-1,
-1,
-1,
-1,
-1,
-1,
-1,
-1,
-1,
-1,
0,
-1,
-1,
-1,
-1,
-1,
-1,
-1,
-1,
-1,
-1,
-1,
-1,
-1,
-1,
-1,
0,
-1,
-1,
-1,
0,
0,
-1,
-1,
-1,
-1,
0,
-1,
-1,
-1,
-1,
-1,
0,
-1,
-1,
-1,
0,
-1,
-1,
-1,
-1,
0,
-1,
-1,
-1,
-1,
0,
-1,
-1,
-1,
-1,
-1,
-1,
-1,
-1,
-1,
0,
0,
-1,
-1,
-1,
-1,
0,
-1,
-1,
-1,
-1,
-1,
-1,
-1,
-1,
-1,
0,
0,
-1,
-1,
-1,
-1,
0,
-1,
-1,
-1,
-1,
0,
-1,
-1,
-1,
-1,
-1,
-1,
-1,
-1,
-1,
-1,
-1,
-1,
-1,
-1,
-1,
-1,
-1,
-1,
-1,
-1,
-1,
-1,
-1,
-1,
-1,
-1,
-1,
-1,
0,
-1,
-1,
-1,
-1,
-1,
0,
-1,
-1,
0,
0,
0,
-1,
-1,
-1,
-1,
0,
-1,
-1,
-1,
-1,
-1,
0,
-1,
-1,
-1,
-1,
-1,
-1,
-1,
-1,
-1,
0,
0,
-1,
-1,
-1,
-1,
0,
-1,
-1,
-1,
-1,
0,
-1,
-1,
-1,
-1,
0,
0,
-1,
-1,
-1,
-1,
-1,
-1,
-1,
-1,
-1,
-1,
0,
0,
-1,
-1,
-1,
0,
-1,
-1,
-1,
-1,
-1,
-1,
-1,
-1,
-1,
-1,
0,
0,
-1,
-1,
-1,
-1,
0,
-1,
-1,
-1,
0,
-1,
-1,
-1,
-1,
-1,
-1,
-1,
-1,
-1,
-1,
-1,
-1,
-1,
-1,
-1,
-1,
-1,
-1,
-1,
-1,
-1,
-1,
-1,
-1,
-1,
-1,
-1,
-1,
-1,
-1,
-1,
-1,
-1,
-1,
-1,
-1,
-1,
-1,
-1,
0,
-1,
0,
-1,
-1,
0,
0,
0,
0,
-1,
0,
-1,
-1,
-1,
-1,
-1,
-1,
-1,
-1,
-1,
-1,
-1,
-1,
-1,
-1,
-1,
-1,
-1,
-1,
-1,
-1,
-1,
-1,
-1,
0,
-1,
-1,
-1,
-1,
-1,
-1,
-1,
0,
-1,
-1,
-1,
0,
0,
-1,
-1,
-1,
-1,
0,
0,
-1,
-1,
-1,
-1,
0,
0,
-1,
-1,
-1,
-1,
-1,
-1,
-1,
-1,
-1,
-1,
-1,
-1,
-1,
-1,
0,
-1,
-1,
-1,
-1,
0,
0,
-1,
-1,
-1,
0,
-1,
-1,
-1,
-1,
-1,
0,
0,
-1,
-1,
0,
0,
-1,
-1,
-1,
-1,
-1,
-1,
-1,
-1,
-1,
-1,
0,
-1,
-1,
-1,
-1,
-1,
0,
-1,
-1,
-1,
-1,
-1,
0,
-1,
-1,
-1,
-1,
-1,
-1,
-1,
-1,
-1,
0,
-1,
0,
-1,
-1,
-1,
-1,
-1,
-1,
-1,
0,
0,
-1,
-1,
-1,
-1,
0,
-1,
-1,
-1,
0,
-1,
-1,
-1,
-1,
-1,
0,
-1,
-1,
-1,
-1,
-1,
0,
-1,
-1,
-1,
0,
-1,
-1,
-1,
-1,
-1,
0,
-1,
-1,
-1,
0,
0,
0,
-1,
-1,
0,
-1,
-1,
-1,
-1,
-1,
-1,
0,
0,
-1,
-1,
-1,
-1,
0,
-1,
-1,
-1,
-1,
-1,
0,
-1,
-1,
-1,
0,
0,
-1,
-1,
0,
0,
0,
-1,
-1,
-1,
-1,
-1,
0,
-1,
-1,
-1,
-1,
-1,
0,
-1,
-1,
-1,
-1,
-1,
-1,
-1,
-1,
-1,
-1,
-1,
-1,
-1,
0,
-1,
-1,
-1,
0,
0,
-1,
-1,
-1,
-1,
0,
-1,
-1,
-1,
0,
-1,
0,
-1,
-1,
-1,
0,
0,
-1,
-1,
-1,
-1,
0,
0,
-1,
-1,
-1,
0,
0,
-1,
-1,
-1,
0,
0,
0,
-1,
-1,
-1,
0,
0,
0,
-1,
-1,
-1,
0,
0,
-1,
-1,
-1,
0,
0,
-1,
-1,
-1,
-1,
-1,
-1,
-1,
-1,
-1,
0,
0,
-1,
-1,
0,
0,
0,
-1,
-1,
-1,
-1,
0,
-1,
-1,
-1,
-1,
0,
0,
-1,
-1,
-1,
-1,
-1,
-1,
-1,
-1,
-1,
-1,
-1,
-1,
-1,
-1,
-1,
-1,
-1,
-1,
-1,
-1,
-1,
-1,
-1,
-1,
0,
-1,
-1,
0,
0,
-1,
-1,
-1,
-1,
-1,
-1,
-1,
-1,
-1,
0,
0,
-1,
-1,
-1,
-1,
0,
-1,
0,
-1,
-1,
-1,
-1,
-1,
-1,
-1,
0,
0,
0,
-1,
-1,
-1,
0,
-1,
0,
-1,
-1,
-1,
0,
0,
-1,
-1,
-1,
-1,
-1,
-1,
0,
0,
-1,
0,
0,
-1,
-1,
-1,
-1,
-1,
0,
-1,
-1,
-1,
-1,
-1,
-1,
-1,
-1,
-1,
-1,
-1,
-1,
-1,
0,
0,
0,
-1,
-1,
-1,
-1,
-1,
-1,
-1,
-1,
-1,
0,
-1,
-1,
-1,
-1,
-1,
0,
-1,
-1,
-1,
-1,
-1,
-1,
-1,
-1,
-1,
-1,
-1,
-1,
-1,
-1,
-1,
0,
-1,
-1,
-1,
0,
-1,
-1,
-1,
0,
0,
0,
-1,
-1,
-1,
-1,
-1,
0,
-1,
-1,
-1,
-1,
-1,
-1,
-1,
0,
-1,
-1,
-1,
-1,
-1,
-1,
-1,
-1,
-1,
-1,
-1,
-1,
-1,
-1,
-1,
0,
-1,
-1,
-1,
-1,
-1,
-1,
-1,
-1,
-1,
0,
-1,
-1,
-1,
0,
0,
0,
-1,
-1,
-1,
0,
-1,
-1,
-1,
-1,
-1,
-1,
-1,
-1,
-1,
-1,
-1,
-1,
-1,
0,
0,
0,
-1,
-1,
-1,
-1,
-1,
0,
-1,
-1,
-1,
0,
0,
-1,
-1,
0,
-1,
-1,
-1,
-1,
-1,
0,
-1,
-1,
-1,
-1,
-1,
0,
-1,
-1,
-1,
0,
-1,
-1,
-1,
-1,
-1,
-1,
-1,
-1,
-1,
-1,
-1,
-1,
-1,
-1,
-1,
-1,
-1,
-1,
-1,
-1,
-1,
0,
-1,
0,
-1,
-1,
-1,
-1,
-1,
-1,
-1,
0,
-1,
-1,
-1,
-1,
-1,
0,
-1,
-1,
-1,
-1,
-1,
-1,
-1,
-1,
-1,
0,
0,
-1,
-1,
-1,
-1,
0,
-1,
-1,
-1,
-1,
-1,
-1,
-1,
-1,
-1,
-1,
-1,
-1,
-1,
-1,
-1,
-1,
-1,
-1,
-1,
-1,
-1,
0,
0,
-1,
-1,
-1,
-1,
-1,
-1,
-1,
-1,
-1,
-1,
-1,
-1,
-1,
-1,
-1,
-1,
-1,
-1,
-1,
-1,
-1,
-1,
-1,
-1,
-1,
-1,
-1,
-1,
-1,
-1,
-1,
-1,
-1,
-1,
-1,
-1,
0,
-1,
-1,
-1,
-1,
-1,
0,
-1,
-1,
-1,
-1,
-1,
-1,
-1,
-1,
-1,
-1,
0,
-1,
-1,
-1,
-1,
0,
-1,
-1,
-1,
-1,
-1,
-1,
-1,
-1,
-1,
-1,
-1,
-1,
-1,
-1,
-1,
0,
-1,
-1,
-1,
-1,
-1,
0,
-1,
-1,
-1,
-1,
-1,
-1,
-1,
-1,
-1,
-1,
-1,
-1,
-1,
-1,
-1,
-1,
-1,
-1,
-1,
-1,
-1,
-1,
-1,
-1,
-1,
-1,
-1,
-1,
-1,
-1,
-1,
-1,
-1,
-1,
-1,
-1,
-1,
-1,
-1,
-1,
-1,
-1,
-1,
-1,
-1,
-1,
-1,
-1,
-1,
-1,
-1,
-1,
-1,
-1,
-1,
-1,
-1,
-1,
-1,
-1,
-1,
-1,
-1,
-1,
-1,
-1,
-1,
-1,
-1,
-1,
-1,
-1,
-1,
-1,
-1,
-1,
-1,
-1,
-1,
-1,
-1,
-1,
-1,
-1,
-1,
-1,
-1,
-1,
-1,
0,
-1,
-1,
-1,
-1,
-1,
-1,
-1,
-1,
-1,
-1,
-1,
-1,
-1,
-1,
-1,
-1,
-1,
-1,
-1,
-1,
-1,
-1,
-1,
-1,
-1,
-1,
-1,
-1,
-1,
-1,
-1,
-1,
-1,
-1,
-1,
-1,
-1,
-1,
-1,
-1,
-1,
-1,
-1,
-1,
-1,
-1,
-1,
-1,
-1,
-1,
-1,
-1,
-1,
-1,
-1,
-1,
-1,
-1,
-1,
-1,
-1,
-1,
-1,
-1,
-1,
-1,
-1,
-1,
-1,
-1,
-1,
-1,
-1,
-1,
-1,
-1,
-1,
-1,
-1,
-1,
-1,
-1,
-1,
-1,
-1,
-1,
-1,
-1,
-1,
-1,
-1,
-1,
-1,
-1,
-1,
-1,
-1,
-1,
-1,
-1,
-1,
-1,
-1,
-1,
-1,
-1,
-1,
-1,
-1,
-1,
-1,
-1,
-1,
-1,
-1,
-1,
-1,
-1,
-1,
-1,
-1,
0,
-1,
-1,
-1,
-1,
-1,
-1,
-1,
-1,
-1,
-1,
-1,
-1,
-1,
-1,
-1,
-1,
-1,
-1,
-1,
-1,
-1,
0,
-1,
-1,
-1,
-1,
-1,
-1,
-1,
-1,
-1,
0,
-1,
-1,
-1,
-1,
-1,
-1,
-1,
-1,
-1,
-1,
-1,
-1,
-1,
-1,
-1,
-1,
-1,
-1,
-1,
-1,
-1,
0,
-1,
-1,
-1,
-1,
-1,
-1,
-1,
-1,
-1,
-1,
-1,
-1,
-1,
-1,
-1,
-1,
-1,
-1,
-1,
-1,
-1,
-1,
-1,
-1,
-1,
-1,
-1,
-1,
-1,
-1,
-1,
-1,
-1,
-1,
-1,
-1,
-1,
-1,
-1,
-1,
-1,
-1,
-1,
-1,
-1,
-1,
-1,
-1,
-1,
-1,
-1,
-1,
-1,
-1,
-1,
-1,
-1,
-1,
-1,
-1,
-1,
-1,
-1,
-1,
-1,
-1,
-1,
-1,
-1,
-1,
-1,
-1,
-1,
-1,
-1,
-1,
-1,
-1,
-1,
-1,
-1,
-1,
-1,
-1,
-1,
-1,
-1,
-1,
-1,
-1,
-1,
-1,
-1,
-1,
-1,
-1,
-1,
-1,
-1,
-1,
-1,
-1,
-1,
-1,
-1,
-1,
-1,
-1,
-1,
-1,
-1,
-1,
-1,
-1,
-1,
-1,
-1,
-1,
-1,
-1,
-1,
-1,
-1,
-1,
-1,
-1,
-1,
-1,
-1,
-1,
-1,
-1,
-1,
-1,
-1,
-1,
-1,
-1,
-1,
-1,
-1,
-1,
-1,
0,
-1,
-1,
-1,
-1,
-1,
-1,
-1,
-1,
-1,
-1,
-1,
-1,
-1,
-1,
-1,
-1,
-1,
-1,
-1,
-1,
-1,
-1,
-1,
-1,
-1,
-1,
-1,
-1,
-1,
-1,
-1,
-1,
-1,
-1,
-1,
-1,
-1,
-1,
-1,
-1,
-1,
-1,
-1,
0,
-1,
-1,
-1,
-1,
-1,
0,
-1,
-1,
-1,
-1,
-1,
-1,
-1,
-1,
-1,
-1,
-1,
-1,
-1,
-1,
-1,
-1,
-1,
-1,
-1,
-1,
-1,
0,
-1,
-1,
-1,
-1,
-1,
0,
-1,
-1,
-1,
-1,
-1,
-1,
-1,
-1,
-1,
0,
-1,
-1,
-1,
-1,
-1,
0,
-1,
-1,
-1,
-1,
-1,
-1,
-1,
-1,
-1,
0,
-1,
-1,
-1,
-1,
-1,
-1,
-1,
-1,
-1,
-1,
-1,
-1,
-1,
-1,
-1,
-1,
-1,
-1,
-1,
-1,
-1,
-1,
-1,
-1,
-1,
-1,
-1,
-1,
-1,
-1,
-1,
-1,
-1,
-1,
-1,
-1,
-1,
-1,
-1,
-1,
-1,
-1,
-1,
-1,
-1,
-1,
-1,
-1,
-1,
-1,
-1,
-1,
-1,
-1,
-1,
-1,
-1,
-1,
-1,
-1,
-1,
-1,
-1,
-1,
-1,
-1,
-1,
-1,
-1,
-1,
-1,
-1,
-1,
-1,
-1,
-1,
-1,
-1,
-1,
0,
-1,
-1,
-1,
-1,
-1,
-1,
-1,
-1,
-1,
-1,
-1,
-1,
-1,
-1,
-1,
0,
-1,
-1,
-1,
-1,
-1,
-1,
-1,
-1,
-1,
-1,
-1,
-1,
-1,
-1,
-1,
0,
0,
-1,
-1,
-1,
-1,
-1,
-1,
-1,
-1,
-1,
-1,
-1,
-1,
-1,
-1,
-1,
-1,
-1,
-1,
-1,
-1,
-1,
-1,
-1,
-1,
-1,
-1,
-1,
-1,
-1,
-1,
0,
-1,
-1,
-1,
-1,
-1,
-1,
-1,
-1,
-1,
-1,
-1,
-1,
-1,
-1,
-1,
0,
-1,
-1,
-1,
0,
-1,
-1,
-1,
-1,
-1,
-1,
-1,
-1,
-1,
-1,
-1,
-1,
-1,
-1,
-1,
-1,
-1,
0,
-1,
-1,
-1,
-1,
-1,
-1,
-1,
-1,
-1,
-1,
-1,
-1,
-1,
-1,
-1,
-1,
-1,
-1,
-1,
-1,
-1,
-1,
-1,
-1,
-1,
-1,
-1,
-1,
-1,
-1,
-1,
-1,
-1,
-1,
-1,
-1,
-1,
-1,
-1,
-1,
-1,
0,
-1,
-1,
-1,
-1,
-1,
0,
-1,
-1,
-1,
-1,
-1,
-1,
-1,
-1,
-1,
-1,
-1,
-1,
-1,
0,
0,
-1,
-1,
-1,
-1,
-1,
-1,
-1,
-1,
-1,
-1,
0,
-1,
-1,
-1,
0,
0,
-1,
-1,
-1,
-1,
0,
-1,
-1,
-1,
-1,
-1,
0,
-1,
-1,
-1,
0,
0,
0,
-1,
-1,
-1,
0,
-1,
-1,
-1,
-1,
-1,
-1,
-1,
-1,
-1,
-1,
-1,
-1,
-1,
-1,
-1,
-1,
-1,
-1,
-1,
-1,
-1,
-1,
-1,
-1,
-1,
-1,
-1,
-1,
-1,
-1,
-1,
0,
0,
-1,
-1,
-1,
-1,
0,
0,
0,
-1,
0,
-1,
-1,
-1,
-1,
-1,
-1,
-1,
-1,
-1,
-1,
-1,
-1,
-1,
-1,
-1,
-1,
-1,
-1,
-1,
0,
-1,
-1,
-1,
-1,
-1,
-1,
-1,
-1,
-1,
-1,
-1,
-1,
-1,
-1,
-1,
0,
-1,
-1,
-1,
-1,
-1,
-1,
-1,
-1,
-1,
-1,
-1,
-1,
-1,
-1,
-1,
-1,
-1,
-1,
-1,
-1,
-1,
-1,
-1,
0,
-1,
-1,
-1,
0,
0,
-1,
-1,
-1,
-1,
-1,
-1,
-1,
-1,
-1,
-1,
-1,
-1,
-1,
-1,
0,
0,
-1,
-1,
-1,
-1,
0,
-1,
-1,
-1,
-1,
-1,
0,
-1,
-1,
-1,
-1,
-1,
-1,
-1,
-1,
-1,
-1,
-1,
-1,
-1,
-1,
-1,
-1,
-1,
-1,
-1,
-1,
-1,
0,
-1,
-1,
-1,
-1,
-1,
-1,
-1,
-1,
-1,
0,
0,
-1,
-1,
-1,
-1,
-1,
-1,
0,
-1,
-1,
-1,
0,
0,
-1,
-1,
0,
0,
0,
-1,
-1,
-1,
-1,
0,
-1,
-1,
-1,
-1,
0,
0,
-1,
-1,
0,
0,
0,
-1,
-1,
-1,
-1,
0,
0,
-1,
-1,
-1,
0,
0,
0,
-1,
0,
-1,
-1,
-1,
-1,
-1,
-1,
0,
-1,
-1,
-1,
-1,
0,
0,
-1,
-1,
-1,
-1,
-1,
-1,
-1,
-1,
-1,
-1,
-1,
-1,
-1,
-1,
0,
0,
-1,
-1,
-1,
-1,
-1,
-1,
-1,
-1,
-1,
-1,
-1,
-1,
-1,
-1,
-1,
-1,
0,
-1,
-1,
-1,
-1,
0,
-1,
-1,
-1,
-1,
0,
-1,
-1,
-1,
0,
0,
-1,
-1,
-1,
-1,
-1,
-1,
-1,
-1,
-1,
-1,
0,
-1,
-1,
-1,
-1,
-1,
-1,
-1,
-1,
-1,
-1,
-1,
-1,
-1,
-1,
-1,
-1,
-1,
-1,
-1,
-1,
-1,
-1,
-1,
-1,
-1,
-1,
-1,
-1,
-1,
-1,
-1,
-1,
-1,
-1,
-1,
-1,
-1,
-1,
-1,
-1,
-1,
-1,
-1,
-1,
-1,
-1,
-1,
-1,
-1,
-1,
-1,
0,
-1,
-1,
-1,
0,
0,
0,
-1,
0,
0,
0,
-1,
0,
-1,
-1,
-1,
-1,
-1,
-1,
-1,
-1,
-1,
-1,
-1,
-1,
-1,
-1,
-1,
0,
-1,
-1,
-1,
-1,
-1,
-1,
-1,
-1,
-1,
-1,
-1,
-1,
-1,
-1,
-1,
0,
-1,
-1,
-1,
0,
0,
0,
-1,
-1,
-1,
0,
0,
-1,
-1,
-1,
-1,
-1,
-1,
-1,
-1,
-1,
-1,
-1,
-1,
-1,
-1,
-1,
-1,
-1,
-1,
-1,
-1,
-1,
-1,
-1,
-1,
-1,
-1,
-1,
-1,
-1,
-1,
-1,
-1,
-1,
-1,
-1,
-1,
-1,
-1,
-1,
-1,
-1,
-1,
-1,
-1,
-1,
-1,
-1,
-1,
0,
0,
-1,
-1,
-1,
-1,
-1,
0,
0,
0,
0,
-1,
0,
0,
0,
-1,
0,
0,
0,
-1,
-1,
-1,
0,
0,
-1,
-1,
-1,
-1,
0,
0,
-1,
-1,
-1,
-1,
-1,
-1,
-1,
-1,
-1,
-1,
-1,
-1,
-1,
-1,
-1,
-1,
-1,
-1,
-1,
-1,
-1,
-1,
-1,
-1,
-1,
-1,
-1,
-1,
-1,
-2,
-1,
-1,
-1,
-1,
-1,
-1,
-1,
-1,
-1,
-1,
-1,
-1,
-1,
-1,
-1,
-1,
-1,
-1,
-1,
-1,
-1,
-1,
-1,
-1,
-1,
-1,
-1,
-1,
-1,
-1,
-1,
-1,
-1,
-1,
0,
-1,
-1,
-1,
-1,
-1,
-1,
-1,
-1,
-1,
0,
0,
-1,
-1,
-1,
-1,
2,
20,
58,
82,
90,
89,
89,
81,
74,
72,
71,
65,
63,
60,
56,
53,
52,
48,
47,
43,
41,
39,
39,
37,
36,
33,
32,
31,
31,
28,
27,
27,
24,
24,
23,
22,
20,
20,
19,
19,
18,
17,
17,
17,
15,
14,
14,
14,
13,
13,
12,
12,
12,
10,
10,
10,
10,
9,
10,
9,
9,
9,
9,
9,
9,
8,
8,
8,
8,
8,
8,
7,
7,
7,
7,
7,
7,
7,
7,
7,
7,
7,
7,
7,
7,
5,
7,
5,
5,
5,
7,
5,
5,
4,
5,
5,
5,
5,
5,
5,
5,
5,
5,
5,
4,
4,
5,
5,
5,
5,
5,
5,
5,
4,
4,
4,
4,
4,
5,
4,
4,
4,
4,
4,
4,
4,
4,
4,
4,
4,
4,
4,
4,
4,
4,
4,
4,
4,
4,
4,
4,
4,
4,
4,
4,
4,
4,
4,
4,
4,
4,
4,
4,
4,
4,
4,
4,
4,
4,
4,
4,
4,
4,
4,
4,
4,
4,
4,
4,
4,
4,
4,
4,
4,
4,
4,
4,
4,
5,
4,
4,
4,
4,
4,
4,
4,
4,
4,
4,
4,
4,
4,
4,
4,
4,
4,
4,
4,
4,
4,
4,
4,
4,
4,
4,
4,
4,
4,
4,
4,
4,
4,
4,
3,
4,
4,
4,
4,
4,
4,
4,
4,
4,
4,
4,
4,
4,
4,
4,
4,
4,
4,
4,
4,
4,
4,
4,
4,
4,
4,
4,
4,
4,
4,
4,
4,
4,
4,
4,
4,
4,
4,
4,
4,
4,
4,
4,
3,
4,
4,
4,
4,
4,
4,
4,
4,
4,
4,
4,
4,
4,
4,
4,
4,
4,
4,
4,
4,
4,
4,
4,
4,
4,
4,
4,
3,
4,
4,
4,
4,
4,
4,
4,
4,
4,
4,
4,
4,
4,
4,
4,
4,
4,
4,
4,
4,
4,
4,
4,
3,
4,
4,
4,
3,
4,
4,
4,
4,
4,
4,
4,
4,
4,
4,
3,
3,
4,
4,
4,
3,
3,
3,
4,
4,
4,
4,
3,
3,
4,
4,
4,
3,
4,
4,
4,
4,
3,
3,
3,
3,
4,
4,
3,
3,
4,
4,
4,
3,
4,
4,
4,
4,
4,
4,
4,
3,
4,
4,
3,
3,
4,
4,
4,
4,
3,
3,
4,
4,
3,
3,
3,
4,
4,
4,
3,
3,
4,
4,
4,
3,
4,
4,
4,
4,
3,
3,
4,
3,
4,
4,
3,
3,
4,
4,
4,
3,
4,
3,
3,
3,
3,
3,
3,
3,
3,
4,
3,
3,
3,
3,
3,
3,
4,
4,
4,
3,
4,
4,
4,
3,
4,
4,
4,
4,
3,
3,
3,
3,
4,
4,
3,
3,
4,
4,
4,
3,
3,
3,
3,
3,
3,
3,
3,
3,
4,
4,
3,
3,
3,
3,
3,
3,
4,
4,
3,
3,
3,
3,
3,
3,
3,
3,
3,
3,
3,
3,
3,
3,
4,
4,
3,
3,
4,
4,
4,
3,
4,
4,
4,
4,
3,
3,
3,
3,
3,
3,
3,
3,
4,
4,
3,
3,
3,
3,
3,
3,
3,
3,
3,
3,
3,
3,
3,
3,
3,
3,
3,
3,
3,
3,
3,
3,
3,
3,
3,
3,
3,
3,
3,
3,
3,
3,
3,
3,
3,
3,
3,
3,
3,
3,
3,
3,
3,
3,
3,
3,
3,
3,
3,
3,
3,
3,
3,
3,
3,
3,
3,
3,
3,
3,
3,
3,
3,
3,
3,
3,
3,
3,
3,
3,
3,
3,
3,
3,
3,
3,
3,
3,
3,
3,
3,
3,
3,
3,
3,
3,
3,
3,
3,
3,
3,
3,
3,
3,
3,
3,
3,
3,
3,
3,
3,
3,
3,
3,
3,
3,
3,
3,
3,
3,
3,
3,
3,
3,
3,
3,
3,
3,
3,
3,
3,
3,
3,
3,
3,
3,
3,
3,
3,
3,
3,
3,
3,
3,
3,
3,
3,
3,
3,
3,
3,
3,
3,
3,
3,
3,
3,
3,
3,
3,
3,
3,
3,
3,
3,
3,
3,
3,
3,
3,
3,
3,
3,
3,
3,
3,
3,
3,
3,
3,
3,
3,
3,
3,
3,
3,
3,
3,
3,
3,
3,
3,
3,
3,
3,
3,
3,
3,
3,
3,
3,
3,
3,
3,
3,
3,
3,
3,
3,
3,
3,
3,
3,
3,
3,
3,
3,
3,
3,
3,
3,
3,
3,
3,
3,
3,
3,
3,
3,
3,
3,
3,
3,
3,
3,
3,
3,
3,
3,
3,
3,
3,
3,
3,
3,
3,
3,
3,
3,
3,
3,
3,
3,
3,
3,
3,
3,
3,
3,
3,
3,
3,
3,
3,
3,
3,
3,
3,
3,
3,
3,
3,
3,
3,
3,
3,
3,
3,
3,
3,
3,
3,
3,
3,
3,
3,
3,
3,
3,
3,
3,
3,
3,
3,
3,
3,
3,
3,
3,
3,
3,
3,
3,
3,
3,
3,
3,
3,
3,
3,
3,
3,
3,
3,
3,
3,
3,
3,
3,
3,
3,
3,
3,
3,
3,
3,
3,
3,
3,
3,
3,
3,
3,
3,
3,
3,
3,
3,
3,
2,
3,
3,
3,
3,
2,
2,
3,
3,
3,
2,
2,
3,
3,
3,
3,
2,
3,
3,
3,
3,
2,
2,
3,
3,
3,
2,
2,
2,
3,
3,
3,
2,
3,
3,
3,
3,
2,
2,
3,
3,
3,
3,
2,
2,
3,
3,
3,
2,
3,
3,
3,
3,
2,
2,
2,
3,
3,
2,
2,
2,
3,
3,
3,
2,
3,
3,
3,
3,
3,
3,
3,
3,
3,
3,
3,
2,
3,
3,
2,
2,
2,
2,
3,
3,
3,
3,
3,
2,
3,
3,
2,
2,
2,
2,
3,
2,
3,
2,
2,
3,
3,
3,
3,
2,
3,
3,
3,
2,
2,
2,
3,
2,
3,
3,
3,
3,
3,
3,
2,
2,
3,
3,
3,
3,
2,
2,
3,
3,
2,
2,
2,
2,
3,
3,
2,
2,
3,
3,
3,
3,
2,
2,
3,
2,
3,
2,
2,
2,
3,
3,
3,
2,
3,
3,
3,
2,
2,
2,
3,
2,
3,
2,
2,
2,
3,
3,
3,
2,
2,
2,
2,
2,
2,
2,
2,
2,
3,
2,
2,
2,
3,
3,
2,
2,
2,
2,
2,
2,
2,
2,
2,
2,
2,
2,
2,
2,
2,
2,
2,
2,
3,
2,
2,
2,
3,
3,
2,
2,
3,
3,
3,
3,
2,
2,
2,
2,
3,
2,
2,
2,
3,
3,
2,
2,
3,
3,
3,
2,
2,
2,
2,
2,
2,
2,
2,
2,
3,
2,
2,
2,
2,
2,
2,
2,
2,
2,
2,
2,
2,
2,
2,
2,
2,
2,
2,
2,
2,
2,
2,
2,
2,
2,
2,
2,
2,
2,
2,
2,
3,
3,
2,
2,
2,
2,
2,
2,
2,
2,
2,
2,
2,
2,
2,
2,
2,
2,
2,
2,
2,
2,
2,
2,
2,
2,
2,
2,
2,
2,
2,
2,
2,
2,
2,
2,
2,
2,
2,
2,
2,
2,
2,
2,
2,
2,
2,
2,
2,
2,
2,
2,
2,
2,
2,
2,
2,
2,
2,
2,
2,
2,
2,
2,
2,
2,
2,
2,
2,
2,
2,
2,
2,
2,
2,
2,
2,
2,
2,
2,
2,
2,
2,
2,
2,
2,
2,
2,
2,
2,
2,
2,
2,
2,
2,
2,
2,
2,
2,
2,
2,
2,
2,
2,
2,
2,
2,
2,
3,
2,
2,
2,
2,
2,
2,
2,
2,
2,
2,
2,
2,
2,
2,
2,
3,
2,
2,
2,
2,
2,
2,
2,
2,
2,
2,
2,
2,
2,
2,
2,
2,
2,
2,
2,
2,
2,
2,
2,
2,
2,
2,
2,
2,
2,
2,
2,
2,
2,
2,
2,
2,
2,
2,
2,
2,
2,
2,
2,
2,
2,
2,
2,
2,
2,
2,
2,
2,
2,
2,
2,
2,
2,
2,
2,
2,
2,
2,
2,
2,
2,
2,
2,
2,
2,
2,
2,
2,
2,
2,
2,
2,
2,
2,
2,
2,
2,
2,
2,
2,
2,
2,
2,
2,
2,
2,
2,
2,
2,
2,
2,
2,
2,
2,
2,
2,
2,
2,
2,
2,
2,
2,
2,
2,
2,
2,
2,
2,
2,
2,
2,
2,
2,
2,
2,
2,
2,
2,
2,
2,
2,
2,
2,
2,
2,
2,
2,
2,
2,
2,
2,
2,
2,
2,
2,
2,
2,
2,
2,
2,
2,
2,
2,
2,
2,
2,
2,
2,
2,
2,
0,
2,
2,
2,
2,
2,
2,
2,
2,
2,
2,
2,
0,
2,
0,
0,
0,
2,
2,
0,
0,
0,
0,
0,
0,
0,
0,
0,
0,
0,
0,
0,
0,
0,
0,
0,
0,
0,
0,
0,
0,
0,
0,
0,
0,
0,
0,
0,
0,
0,
0,
0,
0,
0,
0,
0,
0,
0,
0,
2,
0,
2,
2,
2,
2,
2,
2,
2,
2,
2,
2,
2,
3,
3,
3,
2,
2,
3,
3,
3,
2,
3,
3,
3,
3,
3,
3,
3,
3,
3,
3,
2,
2,
3,
2,
2,
2,
2,
2,
2,
2,
2,
2,
2,
2,
2,
2,
2,
0,
2,
2,
2,
2,
2,
2,
2,
2,
2,
2,
2,
2,
2,
2,
2,
2,
2,
2,
2,
2,
0,
0,
2,
0,
2,
2,
2,
0,
2,
0,
0,
0,
2,
2,
2,
2,
2,
2,
2,
2,
2,
2,
2,
2,
2,
2,
2,
2,
2,
2,
2,
2,
2,
2,
2,
0,
2,
2,
2,
0,
0,
0,
2,
0,
2,
0,
0,
0,
2,
2,
0,
0,
2,
2,
2,
0,
0,
0,
2,
2,
2,
0,
0,
0,
2,
2,
0,
0,
2,
2,
2,
0,
0,
0,
0,
0,
2,
0,
0,
2,
2,
2,
2,
0,
2,
2,
2,
2,
0,
0,
2,
2,
2,
2,
2,
2,
2,
2,
2,
0,
2,
2,
2,
0,
0,
0,
0,
2,
2,
2,
0,
0,
2,
2,
2,
0,
2,
2,
2,
2,
0,
0,
0,
0,
2,
2,
0,
0,
0,
0,
2,
0,
0,
0,
2,
9,
28,
46,
57,
61,
60,
58,
55,
51,
51,
48,
44,
43,
42,
38,
38,
37,
34,
33,
31,
29,
29,
28,
27,
26,
24,
23,
23,
22,
20,
20,
19,
18,
18,
18,
17,
15,
15,
14,
14,
14,
13,
13,
12,
12,
12,
12,
10,
10,
10,
10,
10,
9,
9,
9,
8,
8,
9,
8,
8,
7,
8,
8,
8,
7,
7,
7,
7,
7,
7,
7,
5,
7,
7,
7,
5,
5,
5,
5,
5,
5,
5,
5,
5,
5,
5,
5,
5,
5,
5,
5,
5,
4,
5,
5,
5,
5,
5,
5,
5,
4,
5,
5,
5,
4,
4,
4,
5,
4,
5,
4,
4,
5,
5,
4,
4,
4,
5,
5,
4,
4,
4,
4,
4,
4,
4,
4,
4,
4,
4,
4,
4,
4,
5,
4,
4,
4,
4,
4,
4,
4,
4,
4,
4,
4,
4,
4,
4,
4,
4,
4,
4,
4,
4,
4,
4,
4,
4,
4,
4,
4,
4,
4,
4,
4,
4,
4,
4,
4,
4,
4,
4,
4,
4,
4,
4,
4,
4,
4,
4,
4,
4,
4,
4,
4,
4,
4,
4,
4,
4,
4,
4,
4,
4,
4,
4,
4,
4,
4,
4,
4,
4,
4,
4,
4,
4,
4,
4,
4,
4,
4,
4,
4,
4,
4,
4,
4,
4,
4,
4,
4,
4,
4,
4,
4,
4,
4,
4,
4,
4,
4,
4,
4,
4,
4,
4,
4,
4,
4,
4,
4,
4,
4,
4,
4,
4,
4,
4,
4,
4,
4,
4,
4,
4,
4,
4,
4,
4,
4,
4,
4,
4,
4,
4,
4,
4,
4,
4,
4,
4,
4,
4,
4,
4,
4,
4,
4,
4,
4,
4,
4,
4,
4,
4,
4,
4,
4,
4,
4,
4,
4,
4,
4,
4,
4,
4,
4,
4,
4,
4,
4,
4,
4,
4,
4,
4,
4,
4,
4,
4,
4,
4,
4,
4,
4,
4,
4,
4,
4,
4,
3,
4,
4,
4,
4,
4,
4,
4,
4,
4,
4,
4,
4,
4,
4,
3,
3,
4,
4,
4,
4,
4,
4,
4,
4,
4,
4,
4,
4,
4,
4,
4,
4,
4,
4,
4,
4,
4,
4,
4,
4,
4,
4,
4,
3,
4,
4,
4,
3,
4,
4,
4,
3,
4,
4,
4,
4,
4,
3,
3,
4,
4,
4,
4,
3,
4,
4,
4,
4,
4,
4,
4,
3,
4,
4,
4,
3,
4,
4,
4,
3,
4,
4,
4,
3,
4,
4,
4,
4,
4,
4,
4,
4,
4,
4,
4,
4,
4,
4,
4,
4,
4,
4,
4,
3,
4,
4,
4,
4,
4,
4,
3,
3,
4,
4,
3,
3,
4,
4,
4,
4,
3,
3,
4,
4,
3,
3,
3,
3,
4,
4,
4,
3,
4,
4,
4,
3,
4,
4,
4,
3,
4,
3,
3,
3,
4,
4,
3,
3,
4,
3,
3,
3,
3,
3,
3,
3,
4,
4,
3,
3,
4,
4,
3,
4,
4,
3,
3,
4,
4,
4,
3,
3,
4,
4,
3,
3,
3,
3,
4,
3,
3,
3,
3,
4,
4,
3,
3,
3,
3,
3,
4,
3,
3,
3,
3,
3,
4,
3,
3,
3,
3,
3,
3,
3,
3,
3,
3,
3,
3,
3,
3,
3,
3,
3,
3,
3,
3,
3,
3,
3,
3,
3,
4,
3,
3,
3,
4,
3,
4,
3,
3,
3,
3,
3,
3,
3,
3,
3,
3,
3,
3,
3,
3,
3,
4,
3,
3,
3,
3,
3,
3,
3,
3,
3,
3,
3,
4,
3,
3,
3,
4,
4,
3,
3,
3,
3,
3,
3,
3,
3,
3,
3,
3,
3,
3,
3,
4,
4,
3,
3,
3,
3,
3,
3,
3,
3,
3,
3,
3,
3,
3,
3,
3,
3,
3,
3,
3,
3,
3,
3,
3,
3,
3,
3,
3,
3,
3,
3,
3,
3,
3,
3,
3,
3,
3,
3,
3,
3,
3,
3,
3,
3,
3,
3,
3,
3,
3,
3,
3,
3,
3,
3,
3,
3,
3,
3,
3,
3,
3,
3,
3,
3,
3,
3,
3,
3,
3,
3,
3,
3,
3,
2,
3,
3,
3,
3,
3,
3,
3,
3,
3,
3,
3,
3,
3,
3,
3,
3,
3,
3,
3,
3,
3,
3,
3,
3,
3,
3,
3,
3,
4,
4,
3,
3,
3,
3,
3,
3,
3,
3,
3,
3,
3,
3,
3,
3,
3,
3,
3,
3,
3,
3,
3,
3,
3,
3,
3,
3,
3,
3,
3,
3,
3,
3,
3,
3,
2,
2,
3,
3,
3,
3,
3,
3,
3,
3,
3,
2,
3,
3,
3,
3,
3,
3,
3,
3,
3,
3,
3,
3,
3,
3,
3,
3,
3,
3,
3,
3,
3,
3,
3,
3,
3,
3,
3,
3,
3,
3,
3,
3,
3,
3,
3,
3,
3,
3,
3,
3,
3,
3,
3,
3,
3,
3,
3,
3,
4,
3,
3,
3,
3,
3,
3,
3,
3,
3,
3,
3,
3,
3,
3,
3,
3,
3,
3,
3,
3,
3,
3,
3,
3,
3,
3,
3,
3,
3,
3,
3,
3,
3,
3,
3,
3,
3,
3,
3,
3,
3,
3,
3,
3,
3,
3,
3,
3,
3,
3,
3,
2,
2,
3,
3,
3,
3,
2,
2,
3,
3,
3,
2,
3,
3,
3,
3,
3,
3,
3,
3,
3,
3,
3,
2,
3,
3,
3,
3,
3,
3,
3,
3,
3,
3,
3,
3,
3,
3,
3,
3,
3,
3,
3,
3,
3,
3,
3,
3,
3,
3,
3,
3,
3,
3,
3,
3,
3,
3,
3,
3,
3,
3,
3,
3,
3,
3,
3,
3,
3,
3,
3,
3,
3,
3,
3,
3,
3,
2,
2,
2,
3,
3,
2,
2,
2,
2,
2,
2,
2,
2,
2,
2,
3,
3,
3,
2,
2,
2,
3,
3,
3,
3,
3,
3,
3,
3,
3,
2,
3,
3,
3,
3,
3,
3,
3,
3,
3,
3,
3,
2,
3,
3,
2,
2,
3,
3,
3,
3,
2,
2,
2,
3,
3,
2,
2,
2,
3,
3,
3,
2,
3,
3,
3,
3,
2,
2,
3,
3,
3,
2,
2,
2,
3,
3,
2,
2,
2,
2,
2,
2,
2,
2,
2,
2,
3,
2,
2,
2,
3,
3,
3,
2,
3,
2,
2,
3,
3,
3,
3,
2,
3,
2,
2,
2,
3,
3,
3,
2,
2,
2,
2,
2,
2,
2,
2,
2,
3,
2,
2,
2,
2,
2,
3,
2,
2,
2,
2,
2,
2,
2,
2,
2,
3,
2,
2,
2,
2,
2,
2,
2,
2,
2,
3,
2,
2,
2,
2,
2,
2,
2,
2,
2,
2,
2,
2,
2,
2,
2,
2,
2,
2,
2,
2,
2,
3,
2,
2,
2,
3,
2,
2,
2,
2,
2,
2,
2,
2,
2,
2,
2,
2,
2,
2,
2,
2,
2,
2,
2,
2,
2,
2,
2,
2,
2,
2,
2,
2,
2,
2,
2,
2,
2,
2,
2,
2,
2,
2,
2,
2,
2,
2,
2,
2,
2,
2,
2,
2,
2,
2,
2,
2,
2,
2,
2,
2,
2,
2,
2,
2,
2,
2,
2,
2,
2,
2,
2,
2,
2,
2,
2,
2,
2,
2,
2,
2,
2,
2,
2,
2,
2,
2,
2,
2,
2,
2,
2,
2,
2,
2,
2,
2,
2,
2,
2,
2,
2,
2,
2,
2,
2,
2,
2,
2,
2,
2,
2,
2,
2,
2,
2,
2,
2,
2,
2,
2,
2,
2,
2,
2,
2,
2,
2,
2,
2,
2,
2,
2,
2,
2,
2,
2,
2,
2,
2,
2,
2,
2,
2,
2,
2,
2,
2,
2,
2,
2,
2,
2,
2,
2,
2,
2,
2,
2,
2,
2,
2,
2,
2,
2,
2,
2,
2,
2,
0,
0,
2,
2,
2,
2,
2,
2,
2,
2,
2,
2,
2,
2,
0,
2,
2,
2,
2,
2,
2,
2,
2,
2,
2,
2,
2,
2,
2,
2,
2,
2,
2,
2,
2,
2,
2,
2,
2,
2,
2,
2,
2,
2,
2,
2,
0,
2,
2,
2,
2,
2,
2,
2,
2,
2,
2,
2,
0,
2,
2,
2,
2,
2,
2,
2,
2,
2,
2,
2,
2,
2,
2,
2,
2,
2,
2,
2,
2,
2,
2,
2,
2,
2,
2,
0,
0,
2,
2,
2,
2,
0,
0,
2,
2,
2,
2,
2,
2,
2,
2,
2,
0,
2,
2,
2,
2,
2,
2,
2,
2,
2,
2,
2,
2,
2,
2,
2,
2,
2,
2,
2,
2,
2,
2,
2,
2,
2,
2,
2,
2,
2,
2,
2,
0,
2,
2,
2,
2,
2,
2,
2,
2,
2,
2,
2,
2,
2,
2,
2,
2,
2,
2,
2,
2,
0,
0,
0,
2,
2,
2,
2,
2,
2,
2,
2,
0,
2,
2,
2,
0,
2,
2,
2,
2,
2,
2,
2,
2,
0,
0,
2,
0,
2,
2,
2,
0,
2,
2,
2,
2,
2,
2,
2,
0,
2,
2,
2,
2,
2,
2,
2,
2,
2,
2,
2,
0,
2,
0,
0,
0,
0,
0,
2,
0,
2,
2,
2,
2,
2,
2,
2,
2,
2,
0,
0,
0,
2,
2,
2,
2,
2,
2,
2,
2,
2,
2,
2,
2,
2,
2,
0,
0,
2,
2,
2,
0,
0,
0,
2,
2,
2,
2,
0,
0,
2,
2,
0,
0,
2,
2,
2,
2,
2,
2,
2,
2,
2,
0,
0,
2,
2,
2,
2,
2,
2,
2,
2,
0,
2,
2,
2,
2,
2,
2,
2,
2,
2,
2,
2,
0,
2,
2,
2,
0,
2,
2,
2,
2,
0,
0,
2,
2,
2,
0,
0,
0,
2,
2,
2,
0,
2,
2,
2,
2,
2,
2,
2,
2,
2,
2,
2,
2,
2,
2,
2,
0,
2,
0,
0,
2,
2,
0,
0,
0,
2,
2,
2,
0,
0,
0,
2,
2,
0,
0,
2,
2,
2,
2,
0,
0,
2,
2,
2,
2,
2,
2,
0,
0,
2,
2,
2,
0,
2,
2,
2,
2,
2,
2,
2,
2,
2,
2,
2,
2,
2,
2,
2,
2,
0,
0,
2,
0,
0,
0,
2,
2,
2,
0,
0,
0,
2,
2,
0,
0,
0,
0,
2,
2,
2,
2,
2,
2,
2,
2,
0,
2,
2,
2,
2,
0,
2,
2,
2,
2,
2,
2,
2,
0,
2,
2,
2,
2,
2,
2,
2,
2,
2,
2,
0,
0,
2,
2,
0,
0,
2,
2,
2,
0,
2,
2,
2,
2,
2,
2,
2,
2,
2,
2,
2,
0,
2,
2,
2,
0,
2,
2,
2,
2,
0,
0,
0,
0,
2,
0,
0,
0,
2,
2,
2,
0,
2,
2,
2,
2,
2,
2,
2,
2,
2,
2,
2,
0,
2,
2,
2,
2,
2,
2,
2,
2,
0,
0,
2,
0,
2,
2,
0,
0,
2,
2,
2,
2,
2,
2,
2,
2,
2,
2,
2,
2,
2,
2,
2,
0,
2,
0,
0,
0,
2,
2,
2,
2,
2,
2,
2,
2,
2,
2,
2,
2,
2,
2,
2,
0,
2,
2,
2,
2,
2,
2,
2,
0,
2,
2,
2,
0,
2,
2,
2,
2,
2,
2,
2,
2,
2,
2,
2,
0,
2,
2,
2,
0,
2,
2,
2,
0,
2,
2,
2,
2,
2,
2,
2,
2,
2,
2,
2,
2,
2,
2,
2,
0,
2,
2,
2,
2,
2,
2,
0,
2,
2,
2,
2,
2,
2,
2,
2,
2,
0,
0,
2,
2,
2,
2,
0,
0,
2,
2,
2,
0,
0,
0,
2,
2,
2,
0,
0,
2,
2,
2,
0,
0,
2,
2,
2,
0,
0,
0,
2,
2,
2,
0,
0,
2,
2,
2,
0,
0,
2,
2,
2,
2,
0,
0,
2,
2,
2,
0,
0,
0,
2,
2,
0,
0,
2,
2,
2,
0,
0,
0,
2,
2,
2,
0,
0,
0,
2,
0,
0,
0,
2,
2,
2,
0,
2,
2,
2,
2,
2,
2,
2,
0,
2,
2,
2,
0,
2,
2,
2,
2,
2,
2,
2,
2,
2,
0,
0,
0,
2,
2,
0,
0,
0,
0,
2,
2,
0,
0,
0,
0,
2,
0,
0,
0,
2,
2,
0,
0,
0,
0,
2,
2,
2,
2,
2,
0,
2,
2,
0,
0,
2,
2,
2,
0,
2,
2,
2,
2,
2,
0,
0,
0,
2,
0,
0,
0,
0,
0,
2,
0,
0,
0,
0,
0,
2,
2,
2,
0,
2,
2,
2,
2,
0,
0,
0,
2,
2,
0,
0,
0,
2,
2,
0,
0,
2,
0,
0,
0,
0,
0,
0,
0,
2,
0,
0,
0,
2,
2,
0,
0,
2,
0,
0,
2,
0,
0,
2,
0,
2,
0,
0,
0,
0,
0,
2,
0,
2,
0,
0,
0,
2,
2,
0,
0,
0,
0,
0,
0,
0,
0,
2,
0,
2,
0,
0,
0,
0,
0,
0,
0,
0,
0,
0,
0,
0,
0,
0,
0,
0,
0,
0,
0,
0,
0,
2,
0,
0,
0,
0,
0,
0,
0,
0,
0,
2,
0,
0,
0,
0,
0,
0,
0,
0,
0,
0,
0,
0,
0,
0,
0,
2,
0,
0,
0,
0,
0,
0,
0,
0,
0,
0,
0,
0,
0,
0,
0,
0,
0,
0,
0,
0,
0,
0,
0,
0,
2,
0,
0,
0,
0,
0,
0,
0,
0,
0,
0,
0,
0,
0,
0,
2,
0,
0,
0,
0,
0,
0,
0,
0,
0,
0,
0,
2,
0,
0,
0,
0,
0,
0,
0,
0,
0,
0,
0,
0,
0,
0,
0,
2,
0,
0,
0,
0,
0,
0,
0,
0,
0,
0,
0,
0,
0,
0,
0,
0,
0,
0,
0,
0,
0,
0,
0,
0,
0,
0,
0,
2,
0,
0,
0,
0,
0,
0,
0,
0,
0,
0,
0,
0,
0,
0,
0,
0,
0,
0,
0,
0,
0,
0,
0,
0,
0,
0,
0,
0,
0,
0,
0,
0,
0,
0,
0,
0,
0,
0,
0,
0,
0,
0,
0,
0,
0,
0,
0,
0,
0,
0,
0,
0,
0,
0,
0,
0,
0,
0,
0,
0,
0,
0,
0,
0,
0,
0,
0,
0,
0,
0,
0,
0,
0,
0,
0,
0,
0,
0,
0,
0,
0,
0,
0,
0,
0,
0,
0,
0,
0,
0,
0,
0,
0,
0,
0,
0,
0,
0,
0,
0,
0,
0,
0,
0,
0,
0,
0,
0,
0,
0,
0,
0,
0,
0,
0,
0,
0,
0,
0,
0,
0,
0,
0,
0,
0,
0,
0,
0,
0,
0,
0,
0,
0,
0,
0,
0,
0,
0,
0,
0,
0,
0,
0,
0,
0,
0,
0,
0,
0,
0,
0,
0,
0,
0,
0,
0,
0,
0,
0,
0,
0,
0,
0,
0,
0,
0,
0,
0,
0,
0,
0,
0,
0,
0,
0,
0,
0,
0,
0,
0,
0,
0,
0,
0,
0,
0,
0,
0,
0,
0,
0,
0,
0,
0,
0,
0,
0,
0,
0,
0,
0,
0,
0,
0,
0,
0,
0,
0,
0,
0,
0,
0,
0,
0,
0,
0,
0,
0,
0,
0,
0,
0,
-1,
0,
0,
0,
0,
0,
0,
0,
0,
0,
0,
0,
0,
0,
0,
0,
0,
0,
0,
0,
0,
0,
0,
0,
0,
0,
0,
0,
0,
0,
0,
0,
0,
0,
0,
0,
0,
-1,
-1,
0,
0,
0,
0,
0,
-1,
0,
0,
0,
0,
0,
0,
0,
0,
0,
0,
0,
0,
0,
0,
0,
-1,
0,
0,
0,
0,
0,
0,
0,
0,
0,
0,
0,
0,
0,
0,
0,
0,
0,
0,
0,
-1,
0,
0,
0,
0,
0,
0,
0,
0,
0,
0,
0,
0,
0,
0,
0,
0,
0,
0,
0,
0,
0,
0,
0,
0,
0,
0,
0,
0,
0,
0,
0,
0,
0,
0,
0,
0,
0,
0,
0,
0,
-1,
-1,
-1,
0,
0,
0,
0,
-1,
0,
0,
0,
0,
0,
0,
0,
0,
0,
0,
0,
0,
0,
0,
0,
-1,
0,
0,
0,
0,
0,
0,
0,
0,
0,
0,
0,
0,
0,
0,
0,
0,
0,
0,
0,
0,
0,
0,
0,
0,
0,
0,
0,
-1,
0,
0,
0,
0,
0,
0,
0,
0,
0,
0,
0,
0,
0,
0,
0,
0,
0,
0,
0,
-1,
0,
0,
0,
0,
0,
0,
0,
0,
0,
0,
0,
0,
0,
0,
0,
0,
0,
0,
0,
0,
0,
0,
0,
-1,
0,
0,
0,
0,
0,
0,
0,
0,
0,
0,
0,
0,
0,
0,
0,
0,
0,
0,
0,
0,
0,
0,
0,
0,
0,
0,
0,
0,
-1,
-1,
0,
0,
0,
0,
0,
0,
0,
0,
0,
0,
0,
0,
0,
0,
0,
0,
0,
0,
0,
0,
0,
0,
0,
0,
0,
-1,
0,
0,
0,
0,
0,
0,
0,
0,
0,
0,
0,
0,
0,
0,
0,
0,
0,
0,
0,
0,
-1,
-1,
0,
0,
0,
0,
0,
0,
0,
0,
0,
0,
0,
0,
0,
0,
0,
0,
0,
0,
0,
0,
0,
-1,
0,
0,
0,
0,
-1,
-1,
0,
0,
0,
0,
0,
0,
0,
0,
0,
0,
0,
0,
0,
0,
0,
0,
0,
0,
0,
0,
0,
0,
0,
0,
0,
0,
0,
0,
0,
0,
0,
0,
0,
0,
0,
0,
0,
0,
0,
0,
0,
0,
0,
0,
0,
0,
0,
0,
0,
0,
0,
0,
0,
0,
0,
0,
0,
0,
0,
0,
0,
0,
0,
0,
0,
0,
0,
0,
0,
0,
0,
0,
0,
0,
0,
0,
0,
0,
0,
0,
0,
0,
0,
0,
0,
0,
0,
0,
0,
0,
0,
0,
0,
-1,
0,
0,
0,
0,
0,
0,
0,
0,
0,
0,
0,
0,
0,
0,
0,
0,
0,
0,
0,
0,
0,
0,
0,
0,
0,
0,
0,
0,
0,
0,
0,
0,
0,
0,
0,
0,
0,
0,
0,
0,
0,
0,
-1,
-1,
0,
0,
0,
-1,
0,
0,
0,
0,
0,
0,
0,
0,
0,
0,
0,
0,
0,
0,
0,
0,
0,
0,
0,
0,
0,
0,
0,
0,
0,
0,
0,
-1,
0,
0,
0,
0,
-1,
-1,
0,
0,
0,
0,
0,
0,
0,
0,
0,
0,
0,
0,
0,
0,
0,
0,
0,
0,
0,
0,
0,
0,
0,
0,
0,
0,
0,
0,
0,
0,
0,
0,
0,
0,
0,
0,
0,
-1,
0,
0,
0,
0,
0,
0,
0,
0,
0,
0,
0,
0,
0,
0,
0,
-1,
0,
0,
0,
0,
0,
0,
0,
0,
0,
0,
0,
0,
0,
0,
0,
0,
0,
0,
0,
0,
0,
0,
0,
0,
0,
0,
0,
0,
0,
0,
0,
0,
0,
0,
0,
0,
0,
0,
0,
0,
0,
0,
0,
0,
0,
0,
0,
0,
0,
0,
0,
0,
0,
0,
0,
0,
0,
0,
0,
0,
0,
0,
0,
-1,
0,
0,
0,
0,
0,
0,
0,
0,
0,
0,
0,
0,
0,
0,
0,
0,
0,
0,
0,
0,
0,
0,
0,
0,
0,
0,
0,
0,
0,
0,
0,
-1,
0,
0,
0,
0,
0,
0,
0,
0,
0,
0,
0,
0,
0,
0,
0,
0,
0,
0,
0,
0,
0,
0,
0,
0,
0,
0,
0,
0,
0,
0,
0,
0,
0,
0,
0,
0,
-1,
-1,
0,
0,
0,
0,
0,
0,
0,
0,
0,
0,
0,
0,
0,
0,
0,
0,
0,
0,
0,
0,
0,
0,
0,
0,
0,
0,
0,
0,
0,
0,
0,
0,
0,
0,
0,
0,
0,
0,
0,
0,
0,
0,
0,
0,
0,
0,
0,
0,
0,
0,
0,
0,
0,
0,
0,
0,
0,
-1,
0,
0,
0,
0,
0,
0,
0,
0,
0,
0,
0,
0,
0,
0,
0,
-1,
0,
0,
0,
0,
0,
0,
0,
-1,
0,
0,
0,
0,
0,
0,
0,
0,
0,
0,
0,
0,
0,
0,
0,
-1,
0,
0,
0,
0,
0,
0,
0,
0,
0,
0,
0,
0,
0,
0,
0,
0,
0,
0,
0,
0,
0,
0,
0,
0,
0,
0,
0,
0,
0,
0,
0,
0,
0,
0,
0,
0,
0,
0,
0,
0,
0,
0,
0,
0,
-1,
-1,
0,
0,
0,
-1,
-1,
-1,
0,
0,
0,
-1,
0,
0,
0,
0,
0,
0,
0,
0,
-1,
-1,
-1,
0,
0,
-1,
-1,
-1,
0,
0,
0,
-1,
0,
0,
0,
0,
0,
0,
0,
0,
0,
0,
0,
0,
0,
0,
0,
0,
0,
0,
0,
0,
0,
0,
0,
0,
0,
0,
0,
0,
0,
0,
0,
0,
0,
0,
0,
0,
0,
0,
0,
-1,
0,
0,
0,
-1,
-1,
-1,
0,
0,
0,
0,
0,
0,
0,
0,
0,
0,
0,
0,
0,
0,
0,
0,
0,
0,
0,
0,
0,
-1,
0,
0,
0,
-1,
0,
0,
-1,
-1,
-1,
-1,
-1,
-1,
-1,
-1,
-1,
-1,
-1,
-1,
-1,
-1,
-1,
-1,
-1,
-1,
-1,
-1,
-1,
-1,
-1,
-1,
0,
-1,
0,
0,
0,
0,
0,
0,
0,
0,
0,
0,
0,
0,
0,
0,
0,
0,
0,
0,
0,
0,
0,
0,
0,
0,
0,
0,
0,
0,
0,
0,
0,
0,
0,
0,
0,
0,
0,
0,
0,
0,
0,
0,
0,
0,
0,
0,
0,
0,
0,
0,
0,
-1,
-1,
-1,
0,
-1,
0,
-1,
-1,
-1,
-1,
-1,
-1,
-1,
-1,
-1,
-1,
-1,
-1,
-1,
-1,
-1,
-1,
-1,
-1,
-1,
0,
-1,
-1,
-1,
-1,
0,
-1,
-1,
-1,
-1,
-1,
-1,
0,
-1,
-1,
-1,
0,
0,
0,
-1,
0,
0,
0,
0,
-1,
-1,
0,
0,
0,
0,
-1,
-1,
0,
0,
0,
-1,
0,
0,
0,
0,
-1,
-1,
0,
0,
0,
-1,
-1,
-1,
0,
0,
0,
-1,
0,
0,
0,
0,
0,
0,
0,
-1,
0,
0,
0,
0,
0,
0,
0,
0,
0,
0,
0,
-1,
-1,
-1,
0,
-1,
0,
-1,
-1,
-1,
-1,
-1,
-1,
-1,
-1,
-1,
-1,
-1,
-1,
-1,
-1,
-1,
0,
-1,
-1,
-1,
-1,
-1,
0,
-1,
0,
-1,
-1,
-1,
0,
0,
-1,
0,
0,
0,
0,
-1,
0,
0,
0,
-1,
0,
-1,
-1,
0,
-1,
-1,
-1,
0,
0,
0,
-1,
-1,
0,
0,
0,
0,
0,
0,
0,
0,
0,
0,
-1,
-1,
0,
0,
0,
0,
0,
0,
0,
-1,
0,
0,
0,
0,
0,
0,
0,
-1,
0,
-1,
-1,
-1,
-1,
-1,
-1,
-1,
0,
-1,
-1,
-1,
-1,
-1,
-1,
-1,
-1,
-1,
-1,
-1,
0,
-1,
-1,
-1,
-1,
-1,
-1,
-1,
-1,
-1,
-1,
-1,
0,
-1,
-1,
-1,
0,
0,
-1,
-1,
-1,
-1,
-1,
0,
-1,
-1,
0,
0,
0,
-1,
-1,
-1,
0,
0,
0,
-1,
-1,
-1,
0,
0,
-1,
-1,
-1,
-1,
0,
-1,
-1,
-1,
0,
0,
0,
-1,
-1,
-1,
0,
0,
-1,
-1,
-1,
0,
0,
-1,
-1,
-1,
0,
0,
0,
-1,
-1,
-1,
0,
-1,
-1,
-1,
-1,
-1,
0,
-1,
-1,
-1,
-1,
-1,
-1,
-1,
-1,
-1,
-1,
-1,
-1,
-1,
-1,
-1,
0,
-1,
-1,
-1,
0,
-1,
-1,
-1,
-1,
-1,
-1,
-1,
-1,
-1,
-1,
-1,
-1,
-1,
-1,
0,
-1,
-1,
-1,
-1,
0,
-1,
-1,
-1,
0,
0,
-1,
-1,
-1,
-1,
-1,
-1,
-1,
-1,
-1,
-1,
0,
0,
-1,
-1,
-1,
-1,
0,
-1,
-1,
-1,
0,
-1,
-1,
-1,
-1,
-1,
0,
0,
0,
-1,
-1,
-1,
-1,
-1,
0,
-1,
-1,
-1,
-1,
-1,
-1,
-1,
-1,
-1,
-1,
-1,
-1,
-1,
-1,
-1,
0,
-1,
-1,
-1,
-1,
-1,
-1,
-1,
-1,
-1,
-1,
0,
-1,
-1,
-1,
-1,
0,
-1,
-1,
-1,
0,
0,
0,
-1,
-1,
-1,
-1,
-1,
-1,
-1,
-1,
-1,
0,
-1,
-1,
-1,
-1,
-1,
-1,
-1,
-1,
-1,
-1,
-1,
-1,
-1,
-1,
-1,
-1,
-1,
0,
-1,
-1,
-1,
-1,
-1,
-1,
-1,
-1,
-1,
0,
0,
0,
-1,
0,
0,
0,
0,
-1,
-1,
-1,
0,
0,
-1,
-1,
0,
-1,
-1,
0,
-1,
0,
-1,
-1,
-1,
0,
-1,
-1,
-1,
-1,
-1,
-1,
-1,
-1,
-1,
-1,
-1,
0,
-1,
-1,
-1,
0,
-1,
-1,
-1,
-1,
-1,
0,
-1,
-1,
-1,
-1,
-1,
-1,
-1,
-1,
-1,
0,
0,
-1,
-1,
-1,
-1,
-1,
-1,
-1,
-1,
-1,
-1,
0,
-1,
-1,
-1,
0,
0,
-1,
-1,
0,
0,
0,
-1,
-1,
-1,
-1,
-1,
0,
-1,
-1,
-1,
0,
0,
0,
-1,
0,
-1,
-1,
-1,
-1,
-1,
-1,
-1,
-1,
-1,
-1,
-1,
-1,
-1,
-1,
-1,
-1,
-1,
-1,
-1,
-1,
-1,
-1,
-1,
0,
0,
-1,
-1,
-1,
-1,
0,
-1,
0,
0,
0,
0,
0,
-1,
-1,
-1,
0,
-1,
-1,
-1,
-1,
-1,
-1,
-1,
-1,
-1,
-1,
0,
-1,
-1,
-1,
-1,
0,
-1,
-1,
-1,
-1,
-1,
-1,
-1,
-1,
-1,
-1,
-1,
-1,
-1,
-1,
-1,
0,
-1,
-1,
-1,
-1,
-1,
-1,
-1,
-1,
-1,
-1,
-1,
0,
-1,
-1,
-1,
0,
0,
-1,
-1,
-1,
-1,
0,
-1,
-1,
-1,
-1,
0,
-1,
-1,
-1,
-1,
0,
0,
0,
-1,
-1,
-1,
0,
0,
0,
0,
-1,
-1,
-1,
-1,
-1,
-1,
-1,
-1,
-1,
-1,
-1,
-1,
0,
-1,
0,
0,
0,
-1,
0,
-1,
-1,
-1,
-1,
-1,
-1,
-1,
-1,
-1,
0,
-1,
0,
-1,
-1,
-1,
-1,
-1,
0,
-1,
0,
0,
0,
-1,
-1,
-1,
0,
-1,
-1,
-1,
-1,
-1,
-1,
-1,
-1,
-1,
0,
0,
-1,
-1,
-1,
-1,
0,
-1,
-1,
-1,
-1,
0,
0,
0,
-1,
-1,
0,
0,
0,
-1,
-1,
-1,
0,
-1,
0,
-1,
-1,
-1,
0,
-1,
-1,
-1,
0,
0,
0,
-1,
-1,
-1,
-1,
0,
0,
-1,
-1,
-1,
0,
0,
0,
-1,
-1,
-1,
0,
0,
-1,
-1,
-1,
0,
0,
-1,
-1,
-1,
0,
0,
-1,
-1,
-1,
-1,
0,
0,
-1,
-1,
-1,
0,
0,
-1,
-1,
-1,
0,
0,
0,
-1,
-1,
-1,
-1,
0,
-1,
-1,
-1,
-1,
-1,
-1,
-1,
-1,
-1,
-1,
0,
-1,
-1,
-1,
-1,
0,
-1,
-1,
-1,
-1,
0,
0,
-1,
-1,
0,
0,
0,
-1,
0,
0,
0,
0,
0,
-1,
-1,
0,
0,
0,
0,
-1,
-1,
-1,
0,
-1,
-1,
-1,
-1,
0,
-1,
-1,
0,
-1,
0,
-1,
-1,
-1,
-1,
-1,
-1,
-1,
0,
-1,
-1,
-1,
0,
0,
0,
0,
0,
0,
0,
0,
-1,
-1,
0,
-1,
0,
0,
0,
-1,
0,
0,
0,
-1,
-1,
-1,
-1,
-1,
-1,
-1,
-1,
-1,
-1,
-1,
-1,
-1,
-1,
-1,
-1,
-1,
0,
-1,
-1,
-1,
0,
-1,
-1,
-1,
0,
0,
0,
-1,
-1,
-1,
-1,
0,
-1,
-1,
-1,
-1,
0,
0,
-1,
-1,
0,
0,
0,
-1,
-1,
-1,
0,
0,
0,
-1,
-1,
0,
0,
0,
0,
-1,
0,
0,
0,
-1,
-1,
-1,
0,
0,
0,
-1,
-1,
-1,
0,
0,
-1,
-1,
-1,
-1,
-1,
-1,
-1,
-1,
0,
-1,
-1,
-1,
-1,
-1,
-1,
-1,
0,
0,
0,
0,
0,
-1,
-1,
-1,
0,
0,
0,
-1,
-1,
0,
-1,
-1,
-1,
-1,
0,
0,
-1,
-1,
0,
0,
0,
-1,
0,
0,
0,
0,
0,
0,
-1,
-1,
0,
0,
0,
-1,
-1,
-1,
0,
-1,
-1,
-1,
-1,
-1,
0,
0,
-1,
-1,
0,
0,
-1,
-1,
-1,
-1,
-1,
-1,
0,
-1,
-1,
-1,
-1,
-1,
-1,
-1,
0,
0,
0,
-1,
0,
-1,
-1,
-1,
0,
0,
-1,
-1,
0,
0,
-1,
-1,
-1,
0,
0,
-1,
-1,
-1,
-1,
-1,
0,
-1,
-1,
-1,
-1,
-1,
-1,
-1,
-1,
-1,
-1,
-1,
-1,
-1,
0,
-1,
0,
-1,
-1,
-1,
0,
0,
0,
-1,
0,
0,
0,
0,
0,
-1,
-1,
-1,
0,
0,
0,
-1,
0,
0,
0,
-1,
0,
-1,
-1,
0,
-1,
-1,
-1,
-1,
0,
0,
-1,
-1,
-1,
-1,
0,
-1,
-1,
-1,
-1,
0,
0,
-1,
-1,
-1,
0,
0,
-1,
-1,
-1,
-1,
0,
-1,
-1,
-1,
0,
0,
-1,
-1,
-1,
-1,
0,
0,
0,
-1,
0,
0,
0,
0,
0,
-1,
-1,
0,
0,
0,
0,
-1,
0,
0,
0,
-1,
-1,
-1,
-1,
-1,
0,
0,
0,
-1,
-1,
-1,
-1,
-1,
-1,
-1,
-1,
-1,
-1,
-1,
-1,
-1,
0,
-1,
-1,
-1,
-1,
-1,
0,
-1,
0,
0,
0,
-1,
-1,
-1,
0,
0,
0,
0,
-1,
-1,
0,
0,
0,
-1,
0,
-1,
-1,
-1,
-1,
-1,
0,
0,
0,
0,
-1,
-1,
0,
0,
0,
-1,
-1,
-1,
-1,
-1,
-1,
-1,
-1,
-1,
-1,
-1,
-1,
-1,
-1,
-1,
-1,
-1,
-1,
-1,
-1,
-1,
-1,
-1,
0,
-1,
-1,
-1,
-1,
0,
0,
0,
0,
-1,
-1,
-1,
0,
-1,
-1,
-1,
0,
0,
-1,
-1,
-1,
-1,
0,
0,
-1,
-1,
0,
0,
0,
-1,
-1,
-1,
-1,
-1,
0,
-1,
-1,
-1,
-1,
-1,
-1,
-1,
-1,
-1,
-1,
-1,
-1,
-1,
-1,
-1,
0,
-1,
-1,
-1,
0,
0,
-1,
-1,
-1,
-1,
0,
-1,
-1,
-1,
-1,
-1,
0,
-1,
-1,
-1,
-1,
-1,
-1,
-1,
-1,
-1,
0,
0,
-1,
-1,
-1,
-1,
0,
-1,
-1,
-1,
0,
0,
0,
-1,
-1,
-1,
0,
0,
-1,
-1,
-1,
-1,
0,
-1,
-1,
-1,
-1,
-1,
0,
-1,
-1,
-1,
-1,
-1,
-1,
-1,
-1,
-1,
-1,
-1,
-1,
-1,
-1,
-1,
-1,
-1,
-1,
-1,
-1,
-1,
-1,
-1,
-1,
-1,
-1,
-1,
-1,
-1,
-1,
-1,
-1,
-1,
-1,
-1,
-1,
-1,
-1,
-1,
-1,
-1,
-1,
-1,
-1,
-1,
-1,
-1,
0,
-1,
-1,
-1,
0,
-1,
-1,
-1,
-1,
-1,
0,
-1,
-1,
-1,
0,
0,
0,
-1,
-1,
-1,
0,
-1,
-1,
-1,
-1,
-1,
0,
-1,
-1,
-1,
0,
0,
-1,
-1,
-1,
-1,
-1,
-1,
-1,
-1,
-1,
0,
0,
-1,
-1,
-1,
-1,
-1,
-1,
-1,
-1,
-1,
0,
-1,
-1,
-1,
-1,
-1,
-1,
-1,
-1,
-1,
-1,
-1,
-1,
-1,
-1,
-1,
-1,
-1,
-1,
-1,
-1,
-1,
-1,
-1,
-1,
-1,
0,
0,
-1,
-1,
-1,
-1,
-1,
-1,
-1,
-1,
-1,
-1,
0,
-1,
-1,
-1,
0,
-1,
-1,
-1,
-1,
-1,
-1,
-1,
-1,
-1,
-1,
-1,
-1,
-1,
-1,
-1,
-1,
-1,
-1,
-1,
-1,
-1,
-1,
-1,
-1,
-1,
-1,
-1,
-1,
-1,
-1,
-1,
-1,
-1,
-1,
-1,
-1,
-1,
-1,
-1,
-1,
-1,
-1,
-1,
0,
-1,
-1,
-1,
-1,
-1,
-1,
-1,
-1,
-1,
-1,
-1,
0,
-1,
-1,
-1,
-1,
-1,
-1,
-1,
-1,
-1,
-1,
-1,
-1,
-1,
-1,
-1,
-1,
-1,
-1,
-1,
-1,
-1,
-1,
-1,
-1,
-1,
-1,
-1,
-1,
-1,
-1,
-1,
-1,
-1,
-1,
-1,
-1,
-1,
-1,
-1,
-1,
-1,
-1,
-1,
-1,
-1,
-1,
-1,
-1,
-1,
-1,
-1,
-1,
-1,
-1,
-1,
-1,
-1,
-1,
-1,
-1,
-1,
-1,
-1,
-1,
-1,
-1,
-1,
-1,
-1,
-1,
-1,
0,
0,
-1,
-1,
-1,
-1,
-1,
-1,
-1,
-1,
-1,
-1,
0,
-1,
-1,
-1,
-1,
-1,
-1,
-1,
-1,
-1,
-1,
-1,
-1,
-1,
-1,
-1,
-1,
-1,
-1,
-1,
-1,
-1,
-1,
-1,
-1,
-1,
-1,
-1,
-1,
-1,
-1,
-1,
-1,
-1,
-1,
-1,
-1,
-1,
-1,
-1,
-1,
-1,
-1,
-1,
-1,
-1,
-1,
-1,
-1,
-1,
-1,
-1,
-1,
-1,
-1,
-1,
-1,
-1,
-1,
-1,
-1,
-1,
-1,
-1,
-1,
-1,
-1,
-1,
-1,
-1,
-1,
-1,
-1,
-1,
-1,
-1,
-1,
-1,
-1,
-1,
-1,
-1,
-1,
