Format,1.0B,
Memory Length,10000,Memory Length,10000,
IntpDistance,0,IntpDistance,0,
Trigger Address,4999,Trigger Address,4999,
Trigger Level,9.600E-01,Trigger Level,9.600E-01,
Source,CH1,Source,CH2,
Vertical Units,V,Vertical Units,V,
Vertical Units Div,0,Vertical Units Div,0,
Vertical Units Extend Div,16,Vertical Units Extend Div,16,
Label,,Label,,
Probe Type,0,Probe Type,0,
Probe Ratio,1.000e+01,Probe Ratio,1.000e+00,
Vertical Scale,2.000e-02,Vertical Scale,1.000e+00,
Vertical Position,-5.120e-02,Vertical Position,0.000e+00,
Horizontal Units,S,Horizontal Units,S,
Horizontal Scale,1.000E-05,Horizontal Scale,1.000E-05,
Horizontal Position,0.000E+00,Horizontal Position,0.000E+00,
Horizontal Mode,Main,Horizontal Mode,Main,
SincET Mode,Real Time,SincET Mode,Real Time,
Sampling Period,1.000e-08,Sampling Period,1.000e-08,
Horizontal Old Scale,1.000E-05,Horizontal Old Scale,1.000E-05,
Horizontal Old Position,0.000E+00,Horizontal Old Position,0.000E+00,
Firmware,V1.23,Firmware,V1.23,
Mode,Fast,Mode,Fast,
Waveform Data,,Waveform Data,,
1, ,-47, ,
4, ,-47, ,
-2, ,-47, ,
4, ,-47, ,
8, ,-47, ,
3, ,-47, ,
1, ,-46, ,
5, ,-49, ,
1, ,-47, ,
0, ,-47, ,
-2, ,-47, ,
-1, ,-47, ,
3, ,-46, ,
0, ,-49, ,
-2, ,-47, ,
4, ,-47, ,
3, ,-47, ,
1, ,-47, ,
-4, ,-46, ,
1, ,-49, ,
1, ,-47, ,
-1, ,-47, ,
0, ,-47, ,
3, ,-47, ,
3, ,-46, ,
3, ,-47, ,
-2, ,-47, ,
0, ,-47, ,
4, ,-47, ,
3, ,-47, ,
0, ,-46, ,
5, ,-49, ,
3, ,-47, ,
1, ,-46, ,
-1, ,-47, ,
0, ,-47, ,
-1, ,-46, ,
-1, ,-47, ,
-6, ,-47, ,
1, ,-47, ,
4, ,-47, ,
3, ,-47, ,
1, ,-46, ,
4, ,-49, ,
3, ,-47, ,
1, ,-47, ,
-4, ,-47, ,
-1, ,-47, ,
-1, ,-46, ,
0, ,-47, ,
-4, ,-47, ,
0, ,-47, ,
6, ,-47, ,
1, ,-47, ,
-1, ,-46, ,
1, ,-49, ,
0, ,-47, ,
1, ,-46, ,
0, ,-47, ,
1, ,-47, ,
3, ,-46, ,
0, ,-47, ,
-5, ,-47, ,
-1, ,-47, ,
-1, ,-47, ,
0, ,-47, ,
-2, ,-46, ,
4, ,-49, ,
3, ,-47, ,
3, ,-47, ,
0, ,-47, ,
3, ,-47, ,
4, ,-46, ,
3, ,-47, ,
-2, ,-47, ,
1, ,-47, ,
4, ,-47, ,
5, ,-47, ,
1, ,-47, ,
4, ,-49, ,
4, ,-47, ,
1, ,-46, ,
0, ,-47, ,
-1, ,-47, ,
-1, ,-46, ,
-1, ,-47, ,
-2, ,-47, ,
1, ,-47, ,
4, ,-47, ,
0, ,-47, ,
-1, ,-47, ,
3, ,-49, ,
0, ,-47, ,
1, ,-47, ,
-2, ,-47, ,
1, ,-47, ,
-1, ,-46, ,
4, ,-47, ,
-1, ,-47, ,
0, ,-47, ,
3, ,-47, ,
-1, ,-47, ,
-2, ,-46, ,
1, ,-49, ,
1, ,-47, ,
3, ,-46, ,
1, ,-47, ,
4, ,-47, ,
4, ,-46, ,
3, ,-47, ,
-4, ,-47, ,
-1, ,-47, ,
-1, ,-47, ,
-1, ,-47, ,
-5, ,-47, ,
1, ,-49, ,
1, ,-47, ,
0, ,-47, ,
0, ,-47, ,
0, ,-47, ,
0, ,-46, ,
-2, ,-47, ,
-6, ,-47, ,
-1, ,-47, ,
3, ,-47, ,
1, ,-47, ,
0, ,-46, ,
6, ,-49, ,
1, ,-47, ,
3, ,-46, ,
1, ,-47, ,
1, ,-47, ,
3, ,-46, ,
3, ,-47, ,
0, ,-47, ,
3, ,-47, ,
1, ,-47, ,
0, ,-47, ,
-6, ,-46, ,
0, ,-49, ,
3, ,-46, ,
3, ,-47, ,
3, ,-47, ,
8, ,-47, ,
6, ,-46, ,
8, ,-47, ,
1, ,-47, ,
3, ,-47, ,
5, ,-47, ,
0, ,-47, ,
-2, ,-47, ,
0, ,-49, ,
1, ,-47, ,
3, ,-47, ,
0, ,-47, ,
4, ,-47, ,
0, ,-46, ,
1, ,-47, ,
-1, ,-47, ,
1, ,-47, ,
3, ,-47, ,
0, ,-47, ,
0, ,-47, ,
6, ,-47, ,
4, ,-47, ,
3, ,-47, ,
-5, ,-47, ,
6, ,-47, ,
3, ,-46, ,
0, ,-47, ,
1, ,-47, ,
3, ,-47, ,
8, ,-47, ,
1, ,-47, ,
-1, ,-47, ,
3, ,-49, ,
3, ,-47, ,
4, ,-46, ,
1, ,-47, ,
3, ,-47, ,
5, ,-46, ,
5, ,-47, ,
0, ,-47, ,
1, ,-47, ,
3, ,-47, ,
1, ,-47, ,
-5, ,-46, ,
4, ,-49, ,
4, ,-47, ,
4, ,-46, ,
3, ,-47, ,
4, ,-47, ,
4, ,-46, ,
5, ,-47, ,
0, ,-47, ,
1, ,-47, ,
3, ,-47, ,
1, ,-47, ,
0, ,-47, ,
0, ,-49, ,
1, ,-47, ,
0, ,-46, ,
0, ,-47, ,
1, ,-47, ,
4, ,-46, ,
5, ,-47, ,
3, ,-47, ,
4, ,-47, ,
3, ,-47, ,
1, ,-47, ,
3, ,-47, ,
6, ,-49, ,
4, ,-47, ,
1, ,-47, ,
1, ,-47, ,
4, ,-47, ,
3, ,-46, ,
6, ,-47, ,
0, ,-47, ,
5, ,-46, ,
6, ,-47, ,
1, ,-47, ,
0, ,-47, ,
4, ,-49, ,
-1, ,-47, ,
3, ,-47, ,
-1, ,-47, ,
3, ,-47, ,
6, ,-46, ,
6, ,-47, ,
4, ,-47, ,
5, ,-47, ,
5, ,-47, ,
3, ,-47, ,
1, ,-46, ,
6, ,-47, ,
5, ,-47, ,
3, ,-46, ,
1, ,-47, ,
4, ,-47, ,
3, ,-46, ,
1, ,-47, ,
0, ,-47, ,
0, ,-47, ,
5, ,-47, ,
1, ,-47, ,
-1, ,-46, ,
10, ,-49, ,
3, ,-47, ,
4, ,-46, ,
0, ,-47, ,
0, ,-47, ,
4, ,-46, ,
1, ,-47, ,
-4, ,-47, ,
1, ,-47, ,
1, ,-47, ,
1, ,-47, ,
-4, ,-46, ,
1, ,-49, ,
-1, ,-47, ,
-1, ,-47, ,
-1, ,-47, ,
3, ,-47, ,
4, ,-47, ,
4, ,-47, ,
0, ,-47, ,
5, ,-47, ,
4, ,-47, ,
0, ,-47, ,
-2, ,-46, ,
3, ,-49, ,
-1, ,-47, ,
-2, ,-47, ,
-4, ,-47, ,
0, ,-47, ,
0, ,-46, ,
1, ,-47, ,
-4, ,-47, ,
1, ,-47, ,
4, ,-47, ,
3, ,-47, ,
0, ,-46, ,
4, ,-47, ,
4, ,-47, ,
3, ,-47, ,
-1, ,-47, ,
3, ,-49, ,
1, ,-46, ,
3, ,-47, ,
1, ,-47, ,
6, ,-47, ,
9, ,-47, ,
3, ,-47, ,
1, ,-46, ,
5, ,-49, ,
0, ,-47, ,
0, ,-47, ,
-4, ,-47, ,
0, ,-47, ,
1, ,-46, ,
-1, ,-47, ,
-4, ,-47, ,
3, ,-47, ,
5, ,-47, ,
4, ,-47, ,
-4, ,-47, ,
3, ,-47, ,
3, ,-47, ,
-1, ,-47, ,
-5, ,-47, ,
0, ,-47, ,
0, ,-46, ,
1, ,-49, ,
-2, ,-47, ,
1, ,-47, ,
4, ,-47, ,
1, ,-47, ,
0, ,-46, ,
4, ,-49, ,
3, ,-47, ,
3, ,-46, ,
1, ,-47, ,
0, ,-47, ,
3, ,-46, ,
-1, ,-47, ,
-4, ,-47, ,
1, ,-47, ,
0, ,-47, ,
1, ,-47, ,
0, ,-46, ,
1, ,-49, ,
4, ,-47, ,
0, ,-47, ,
-2, ,-47, ,
-1, ,-47, ,
-5, ,-47, ,
0, ,-47, ,
-2, ,-47, ,
0, ,-47, ,
4, ,-47, ,
1, ,-47, ,
-4, ,-46, ,
1, ,-49, ,
-4, ,-47, ,
-2, ,-46, ,
-6, ,-47, ,
-1, ,-47, ,
0, ,-46, ,
0, ,-47, ,
0, ,-47, ,
1, ,-47, ,
1, ,-47, ,
0, ,-47, ,
-6, ,-46, ,
0, ,-47, ,
0, ,-47, ,
-2, ,-47, ,
-4, ,-47, ,
-2, ,-47, ,
-2, ,-46, ,
-1, ,-49, ,
-6, ,-47, ,
-2, ,-47, ,
0, ,-47, ,
0, ,-47, ,
-2, ,-46, ,
5, ,-49, ,
4, ,-47, ,
5, ,-47, ,
1, ,-47, ,
1, ,-47, ,
0, ,-46, ,
-2, ,-47, ,
-6, ,-47, ,
-4, ,-47, ,
-1, ,-47, ,
-1, ,-47, ,
-4, ,-47, ,
-2, ,-47, ,
1, ,-47, ,
-2, ,-46, ,
0, ,-47, ,
1, ,-47, ,
3, ,-46, ,
4, ,-47, ,
-2, ,-47, ,
4, ,-47, ,
5, ,-47, ,
-1, ,-47, ,
-2, ,-47, ,
1, ,-47, ,
0, ,-47, ,
0, ,-46, ,
-1, ,-47, ,
1, ,-47, ,
3, ,-46, ,
3, ,-47, ,
-2, ,-47, ,
0, ,-47, ,
3, ,-47, ,
-1, ,-47, ,
-4, ,-47, ,
1, ,-47, ,
4, ,-47, ,
3, ,-47, ,
1, ,-47, ,
3, ,-47, ,
1, ,-46, ,
0, ,-47, ,
-2, ,-47, ,
-2, ,-47, ,
0, ,-47, ,
-2, ,-47, ,
-5, ,-46, ,
1, ,-49, ,
0, ,-47, ,
0, ,-47, ,
0, ,-47, ,
-1, ,-47, ,
1, ,-46, ,
1, ,-49, ,
-5, ,-47, ,
3, ,-46, ,
3, ,-47, ,
3, ,-47, ,
-1, ,-46, ,
4, ,-49, ,
4, ,-47, ,
0, ,-47, ,
-1, ,-47, ,
0, ,-47, ,
3, ,-47, ,
3, ,-47, ,
-4, ,-47, ,
3, ,-47, ,
4, ,-47, ,
-1, ,-47, ,
-5, ,-46, ,
1, ,-47, ,
0, ,-47, ,
0, ,-46, ,
1, ,-47, ,
4, ,-47, ,
4, ,-47, ,
1, ,-47, ,
-2, ,-47, ,
0, ,-47, ,
-5, ,-47, ,
-4, ,-47, ,
0, ,-47, ,
4, ,-49, ,
5, ,-47, ,
1, ,-47, ,
4, ,-47, ,
4, ,-47, ,
-5, ,-46, ,
3, ,-47, ,
4, ,-47, ,
4, ,-47, ,
3, ,-47, ,
-2, ,-47, ,
-2, ,-47, ,
0, ,-49, ,
-1, ,-47, ,
0, ,-46, ,
-2, ,-47, ,
0, ,-47, ,
5, ,-46, ,
6, ,-47, ,
5, ,-47, ,
5, ,-47, ,
5, ,-47, ,
4, ,-47, ,
3, ,-46, ,
8, ,-49, ,
5, ,-47, ,
1, ,-47, ,
-1, ,-47, ,
1, ,-47, ,
5, ,-46, ,
3, ,-47, ,
-2, ,-47, ,
3, ,-47, ,
5, ,-47, ,
3, ,-47, ,
1, ,-46, ,
9, ,-49, ,
8, ,-47, ,
5, ,-47, ,
4, ,-47, ,
4, ,-47, ,
4, ,-46, ,
4, ,-47, ,
0, ,-47, ,
3, ,-47, ,
4, ,-47, ,
3, ,-47, ,
-1, ,-46, ,
4, ,-47, ,
3, ,-47, ,
0, ,-46, ,
0, ,-47, ,
3, ,-47, ,
4, ,-47, ,
4, ,-47, ,
3, ,-47, ,
4, ,-47, ,
9, ,-47, ,
5, ,-47, ,
1, ,-47, ,
3, ,-49, ,
4, ,-47, ,
4, ,-46, ,
1, ,-47, ,
3, ,-47, ,
3, ,-46, ,
4, ,-47, ,
-1, ,-47, ,
0, ,-47, ,
0, ,-45, ,
3, ,-39, ,
5, ,-28, ,
6, ,-19, ,
10, ,-9, ,
9, ,-2, ,
5, ,4, ,
9, ,11, ,
9, ,15, ,
11, ,19, ,
11, ,23, ,
13, ,26, ,
11, ,28, ,
5, ,31, ,
1, ,33, ,
8, ,35, ,
4, ,37, ,
6, ,38, ,
3, ,39, ,
4, ,40, ,
8, ,40, ,
6, ,41, ,
13, ,42, ,
5, ,42, ,
1, ,43, ,
9, ,43, ,
5, ,43, ,
5, ,44, ,
5, ,44, ,
5, ,44, ,
1, ,45, ,
-2, ,44, ,
0, ,44, ,
1, ,45, ,
1, ,45, ,
5, ,45, ,
9, ,45, ,
3, ,45, ,
1, ,44, ,
5, ,45, ,
0, ,45, ,
0, ,45, ,
1, ,45, ,
1, ,45, ,
3, ,44, ,
6, ,45, ,
1, ,45, ,
1, ,45, ,
3, ,45, ,
1, ,45, ,
-1, ,44, ,
3, ,46, ,
1, ,45, ,
3, ,45, ,
0, ,46, ,
3, ,45, ,
1, ,44, ,
4, ,46, ,
1, ,45, ,
3, ,45, ,
4, ,45, ,
0, ,45, ,
-1, ,44, ,
3, ,46, ,
1, ,45, ,
1, ,45, ,
-1, ,45, ,
-1, ,45, ,
0, ,44, ,
-2, ,45, ,
-1, ,45, ,
3, ,45, ,
5, ,45, ,
3, ,45, ,
0, ,44, ,
3, ,45, ,
-1, ,45, ,
-2, ,45, ,
-2, ,45, ,
-2, ,45, ,
-2, ,44, ,
0, ,45, ,
-1, ,45, ,
3, ,45, ,
5, ,45, ,
3, ,45, ,
0, ,44, ,
1, ,45, ,
-1, ,44, ,
3, ,45, ,
1, ,45, ,
3, ,45, ,
5, ,44, ,
6, ,45, ,
0, ,45, ,
3, ,45, ,
3, ,45, ,
1, ,45, ,
-1, ,44, ,
1, ,45, ,
-1, ,45, ,
6, ,45, ,
3, ,45, ,
0, ,45, ,
0, ,44, ,
3, ,45, ,
-5, ,45, ,
1, ,44, ,
3, ,45, ,
4, ,45, ,
4, ,44, ,
8, ,45, ,
4, ,44, ,
3, ,45, ,
-1, ,45, ,
-2, ,45, ,
0, ,44, ,
0, ,45, ,
-4, ,45, ,
1, ,45, ,
3, ,45, ,
3, ,45, ,
-1, ,44, ,
1, ,45, ,
1, ,44, ,
1, ,44, ,
1, ,45, ,
4, ,45, ,
4, ,44, ,
4, ,45, ,
-4, ,45, ,
1, ,44, ,
1, ,45, ,
-5, ,45, ,
-1, ,44, ,
0, ,45, ,
-4, ,44, ,
-1, ,45, ,
-5, ,45, ,
-2, ,45, ,
0, ,44, ,
-2, ,45, ,
-5, ,45, ,
0, ,44, ,
0, ,45, ,
1, ,45, ,
-1, ,44, ,
6, ,45, ,
5, ,44, ,
0, ,45, ,
1, ,45, ,
-1, ,45, ,
0, ,43, ,
-1, ,45, ,
-9, ,45, ,
-5, ,44, ,
-9, ,45, ,
-10, ,45, ,
-14, ,44, ,
-9, ,45, ,
-10, ,44, ,
-7, ,45, ,
-9, ,45, ,
-4, ,45, ,
-2, ,44, ,
-2, ,45, ,
0, ,45, ,
6, ,45, ,
10, ,45, ,
9, ,45, ,
6, ,44, ,
10, ,45, ,
10, ,44, ,
4, ,45, ,
1, ,45, ,
1, ,45, ,
-4, ,44, ,
0, ,45, ,
-6, ,45, ,
-4, ,44, ,
0, ,45, ,
-4, ,44, ,
-5, ,44, ,
-1, ,45, ,
-2, ,44, ,
0, ,45, ,
-2, ,45, ,
0, ,45, ,
0, ,44, ,
-1, ,45, ,
-7, ,45, ,
-2, ,45, ,
-4, ,45, ,
-4, ,45, ,
-5, ,44, ,
4, ,45, ,
4, ,44, ,
4, ,44, ,
0, ,45, ,
1, ,45, ,
-2, ,44, ,
-1, ,45, ,
-7, ,45, ,
-4, ,45, ,
0, ,45, ,
0, ,45, ,
-2, ,44, ,
3, ,45, ,
1, ,44, ,
3, ,45, ,
-1, ,45, ,
0, ,44, ,
3, ,44, ,
0, ,45, ,
-6, ,45, ,
-2, ,45, ,
-4, ,45, ,
-4, ,45, ,
-5, ,44, ,
0, ,45, ,
1, ,44, ,
0, ,44, ,
0, ,45, ,
4, ,45, ,
1, ,44, ,
1, ,45, ,
-4, ,44, ,
-1, ,44, ,
-1, ,45, ,
-1, ,45, ,
-2, ,44, ,
4, ,45, ,
4, ,44, ,
4, ,45, ,
3, ,45, ,
3, ,45, ,
1, ,44, ,
-1, ,45, ,
-5, ,45, ,
1, ,45, ,
1, ,45, ,
-1, ,45, ,
-4, ,44, ,
1, ,46, ,
4, ,44, ,
4, ,45, ,
3, ,45, ,
5, ,45, ,
5, ,44, ,
8, ,45, ,
4, ,44, ,
4, ,44, ,
6, ,45, ,
1, ,44, ,
-2, ,44, ,
4, ,45, ,
-2, ,44, ,
3, ,44, ,
1, ,45, ,
0, ,45, ,
5, ,44, ,
6, ,45, ,
3, ,45, ,
6, ,44, ,
5, ,44, ,
5, ,45, ,
3, ,44, ,
6, ,45, ,
4, ,44, ,
3, ,44, ,
3, ,45, ,
4, ,45, ,
3, ,44, ,
3, ,45, ,
-1, ,44, ,
1, ,45, ,
5, ,45, ,
3, ,45, ,
-2, ,44, ,
6, ,45, ,
4, ,44, ,
5, ,45, ,
4, ,45, ,
1, ,45, ,
3, ,43, ,
4, ,45, ,
1, ,44, ,
4, ,45, ,
5, ,44, ,
6, ,45, ,
3, ,44, ,
3, ,45, ,
3, ,44, ,
3, ,45, ,
1, ,45, ,
3, ,45, ,
1, ,44, ,
5, ,45, ,
3, ,45, ,
6, ,44, ,
8, ,45, ,
3, ,44, ,
-1, ,44, ,
3, ,45, ,
1, ,44, ,
5, ,44, ,
4, ,45, ,
5, ,45, ,
4, ,44, ,
4, ,45, ,
1, ,45, ,
1, ,44, ,
3, ,45, ,
3, ,45, ,
0, ,44, ,
6, ,45, ,
5, ,44, ,
4, ,44, ,
3, ,45, ,
4, ,45, ,
4, ,43, ,
6, ,45, ,
1, ,45, ,
6, ,44, ,
9, ,44, ,
5, ,44, ,
1, ,44, ,
6, ,45, ,
0, ,44, ,
0, ,45, ,
-1, ,45, ,
0, ,45, ,
4, ,44, ,
6, ,45, ,
6, ,44, ,
10, ,44, ,
9, ,45, ,
6, ,44, ,
-1, ,44, ,
3, ,45, ,
3, ,44, ,
-1, ,44, ,
-1, ,45, ,
0, ,44, ,
1, ,44, ,
4, ,45, ,
-2, ,45, ,
3, ,45, ,
5, ,45, ,
1, ,44, ,
-1, ,44, ,
5, ,45, ,
4, ,44, ,
-1, ,44, ,
-2, ,45, ,
-1, ,44, ,
-1, ,44, ,
1, ,45, ,
-4, ,45, ,
3, ,44, ,
5, ,45, ,
5, ,44, ,
6, ,44, ,
10, ,45, ,
8, ,44, ,
8, ,44, ,
3, ,45, ,
6, ,45, ,
8, ,44, ,
10, ,45, ,
8, ,45, ,
13, ,44, ,
14, ,45, ,
10, ,44, ,
5, ,44, ,
5, ,45, ,
1, ,44, ,
3, ,44, ,
-1, ,45, ,
-1, ,44, ,
3, ,43, ,
4, ,45, ,
3, ,45, ,
3, ,44, ,
3, ,45, ,
0, ,44, ,
0, ,44, ,
3, ,45, ,
4, ,44, ,
4, ,45, ,
6, ,45, ,
3, ,45, ,
4, ,44, ,
5, ,45, ,
-1, ,45, ,
3, ,44, ,
4, ,44, ,
4, ,44, ,
4, ,44, ,
6, ,45, ,
9, ,44, ,
8, ,44, ,
8, ,45, ,
5, ,44, ,
6, ,44, ,
3, ,45, ,
1, ,45, ,
5, ,44, ,
8, ,45, ,
6, ,45, ,
6, ,44, ,
8, ,45, ,
4, ,44, ,
-1, ,45, ,
-2, ,45, ,
0, ,44, ,
3, ,44, ,
6, ,45, ,
-1, ,45, ,
5, ,44, ,
8, ,45, ,
6, ,45, ,
4, ,44, ,
6, ,45, ,
5, ,44, ,
4, ,45, ,
1, ,45, ,
3, ,45, ,
4, ,44, ,
3, ,45, ,
-1, ,45, ,
3, ,44, ,
1, ,45, ,
-1, ,45, ,
-6, ,44, ,
0, ,45, ,
-1, ,44, ,
-1, ,45, ,
-1, ,45, ,
-1, ,45, ,
-1, ,44, ,
-2, ,45, ,
-10, ,45, ,
-6, ,44, ,
0, ,45, ,
-4, ,44, ,
-7, ,43, ,
-1, ,45, ,
-6, ,44, ,
-7, ,45, ,
-7, ,45, ,
-7, ,45, ,
-4, ,44, ,
-5, ,45, ,
-10, ,45, ,
-5, ,44, ,
-5, ,45, ,
-5, ,44, ,
-7, ,44, ,
-6, ,45, ,
-5, ,44, ,
-4, ,45, ,
-7, ,45, ,
-4, ,44, ,
-2, ,44, ,
1, ,45, ,
-4, ,45, ,
-2, ,44, ,
4, ,45, ,
-1, ,44, ,
-4, ,44, ,
0, ,45, ,
0, ,44, ,
4, ,45, ,
-1, ,45, ,
0, ,45, ,
1, ,44, ,
-2, ,45, ,
-6, ,45, ,
-2, ,44, ,
-1, ,45, ,
0, ,45, ,
-2, ,44, ,
3, ,45, ,
4, ,44, ,
3, ,45, ,
1, ,45, ,
-1, ,44, ,
-1, ,44, ,
-1, ,45, ,
-6, ,45, ,
-2, ,44, ,
-2, ,45, ,
-6, ,45, ,
-6, ,44, ,
6, ,45, ,
0, ,44, ,
4, ,45, ,
-2, ,45, ,
-2, ,45, ,
-1, ,44, ,
-2, ,45, ,
-7, ,45, ,
-1, ,45, ,
-1, ,45, ,
0, ,45, ,
-2, ,44, ,
3, ,45, ,
-1, ,45, ,
-6, ,44, ,
-2, ,45, ,
-4, ,44, ,
-2, ,44, ,
-1, ,45, ,
-6, ,44, ,
-6, ,44, ,
-7, ,45, ,
-7, ,45, ,
-12, ,44, ,
-4, ,45, ,
-4, ,44, ,
-1, ,45, ,
-1, ,45, ,
0, ,45, ,
-1, ,44, ,
-1, ,45, ,
-9, ,44, ,
-2, ,44, ,
-1, ,45, ,
-4, ,44, ,
-2, ,44, ,
0, ,45, ,
1, ,44, ,
-2, ,44, ,
-9, ,45, ,
-4, ,45, ,
-4, ,44, ,
0, ,45, ,
-5, ,45, ,
1, ,45, ,
5, ,45, ,
3, ,44, ,
-2, ,44, ,
3, ,45, ,
1, ,45, ,
3, ,45, ,
0, ,45, ,
3, ,45, ,
3, ,44, ,
3, ,45, ,
-4, ,45, ,
-1, ,44, ,
1, ,45, ,
-1, ,45, ,
-6, ,44, ,
-4, ,45, ,
5, ,44, ,
5, ,45, ,
-1, ,45, ,
5, ,45, ,
1, ,44, ,
3, ,45, ,
-1, ,45, ,
-1, ,44, ,
1, ,45, ,
-1, ,45, ,
-4, ,44, ,
3, ,45, ,
0, ,44, ,
4, ,44, ,
5, ,45, ,
5, ,45, ,
8, ,44, ,
9, ,45, ,
4, ,45, ,
10, ,44, ,
9, ,45, ,
9, ,44, ,
6, ,44, ,
10, ,45, ,
9, ,45, ,
5, ,44, ,
5, ,45, ,
5, ,45, ,
5, ,44, ,
5, ,45, ,
6, ,45, ,
8, ,44, ,
8, ,45, ,
4, ,45, ,
1, ,44, ,
3, ,45, ,
-1, ,44, ,
-1, ,45, ,
0, ,45, ,
-1, ,45, ,
3, ,44, ,
4, ,45, ,
-4, ,45, ,
3, ,44, ,
3, ,45, ,
-2, ,45, ,
-2, ,44, ,
1, ,45, ,
3, ,44, ,
5, ,45, ,
5, ,45, ,
6, ,45, ,
8, ,44, ,
5, ,45, ,
3, ,45, ,
8, ,45, ,
9, ,45, ,
6, ,45, ,
4, ,44, ,
8, ,45, ,
4, ,45, ,
3, ,45, ,
0, ,45, ,
-1, ,45, ,
0, ,44, ,
0, ,45, ,
-1, ,45, ,
3, ,44, ,
4, ,45, ,
1, ,45, ,
-1, ,44, ,
1, ,45, ,
1, ,44, ,
0, ,45, ,
1, ,45, ,
4, ,45, ,
5, ,44, ,
10, ,45, ,
3, ,45, ,
5, ,44, ,
6, ,45, ,
3, ,45, ,
-1, ,44, ,
5, ,45, ,
1, ,44, ,
5, ,45, ,
6, ,45, ,
10, ,45, ,
10, ,44, ,
10, ,45, ,
8, ,45, ,
10, ,45, ,
10, ,45, ,
8, ,45, ,
9, ,44, ,
10, ,45, ,
10, ,44, ,
5, ,44, ,
4, ,45, ,
6, ,45, ,
3, ,43, ,
6, ,45, ,
1, ,44, ,
4, ,44, ,
10, ,45, ,
1, ,45, ,
0, ,44, ,
4, ,45, ,
1, ,44, ,
3, ,45, ,
-4, ,45, ,
-1, ,45, ,
0, ,44, ,
3, ,45, ,
-1, ,45, ,
3, ,44, ,
1, ,45, ,
-1, ,45, ,
-4, ,44, ,
0, ,45, ,
-2, ,44, ,
-2, ,45, ,
-2, ,45, ,
1, ,44, ,
4, ,44, ,
5, ,45, ,
3, ,44, ,
5, ,44, ,
6, ,45, ,
4, ,44, ,
-1, ,44, ,
5, ,45, ,
3, ,44, ,
5, ,45, ,
1, ,45, ,
1, ,45, ,
4, ,43, ,
5, ,45, ,
-2, ,44, ,
3, ,44, ,
0, ,45, ,
1, ,45, ,
0, ,44, ,
1, ,45, ,
0, ,45, ,
-1, ,45, ,
-2, ,45, ,
-2, ,45, ,
-1, ,44, ,
0, ,45, ,
-5, ,44, ,
0, ,44, ,
4, ,44, ,
0, ,44, ,
-2, ,44, ,
1, ,45, ,
1, ,44, ,
0, ,44, ,
1, ,45, ,
1, ,45, ,
3, ,43, ,
3, ,45, ,
1, ,44, ,
4, ,45, ,
5, ,45, ,
3, ,45, ,
1, ,44, ,
3, ,45, ,
4, ,45, ,
3, ,45, ,
0, ,45, ,
1, ,45, ,
3, ,44, ,
4, ,45, ,
-4, ,45, ,
-1, ,44, ,
3, ,45, ,
-1, ,45, ,
-4, ,44, ,
3, ,45, ,
-2, ,44, ,
1, ,45, ,
-2, ,45, ,
-6, ,45, ,
-1, ,44, ,
-2, ,45, ,
-7, ,45, ,
-4, ,44, ,
-2, ,45, ,
0, ,42, ,
-2, ,35, ,
0, ,25, ,
-1, ,16, ,
-4, ,6, ,
-5, ,-1, ,
-2, ,-7, ,
-1, ,-13, ,
-1, ,-18, ,
-10, ,-22, ,
-6, ,-25, ,
-5, ,-28, ,
-6, ,-32, ,
-6, ,-34, ,
0, ,-37, ,
-2, ,-38, ,
-2, ,-39, ,
-2, ,-40, ,
-2, ,-41, ,
-1, ,-42, ,
-1, ,-43, ,
-4, ,-44, ,
0, ,-44, ,
1, ,-45, ,
-1, ,-45, ,
-4, ,-46, ,
0, ,-46, ,
-2, ,-47, ,
-4, ,-46, ,
-7, ,-47, ,
-5, ,-47, ,
-9, ,-46, ,
-6, ,-49, ,
-14, ,-47, ,
-7, ,-47, ,
-5, ,-47, ,
-7, ,-47, ,
-6, ,-47, ,
0, ,-49, ,
-2, ,-47, ,
1, ,-47, ,
-2, ,-47, ,
3, ,-49, ,
1, ,-47, ,
-1, ,-49, ,
-5, ,-49, ,
1, ,-47, ,
3, ,-47, ,
0, ,-49, ,
1, ,-47, ,
8, ,-49, ,
5, ,-47, ,
4, ,-47, ,
3, ,-49, ,
4, ,-49, ,
5, ,-47, ,
4, ,-49, ,
0, ,-49, ,
5, ,-47, ,
5, ,-47, ,
0, ,-49, ,
-1, ,-47, ,
3, ,-49, ,
0, ,-47, ,
3, ,-47, ,
1, ,-47, ,
4, ,-49, ,
5, ,-46, ,
1, ,-49, ,
-6, ,-49, ,
0, ,-47, ,
0, ,-49, ,
0, ,-49, ,
-2, ,-47, ,
4, ,-49, ,
6, ,-47, ,
4, ,-47, ,
3, ,-47, ,
4, ,-49, ,
3, ,-46, ,
4, ,-49, ,
-1, ,-47, ,
4, ,-47, ,
6, ,-49, ,
4, ,-47, ,
0, ,-47, ,
5, ,-49, ,
3, ,-49, ,
3, ,-47, ,
0, ,-47, ,
3, ,-47, ,
5, ,-46, ,
3, ,-49, ,
-2, ,-49, ,
5, ,-47, ,
5, ,-49, ,
4, ,-47, ,
0, ,-47, ,
1, ,-49, ,
-1, ,-47, ,
-4, ,-47, ,
-2, ,-47, ,
3, ,-49, ,
6, ,-46, ,
3, ,-47, ,
-2, ,-47, ,
0, ,-47, ,
0, ,-47, ,
-1, ,-47, ,
-2, ,-47, ,
3, ,-49, ,
1, ,-47, ,
1, ,-47, ,
0, ,-47, ,
0, ,-49, ,
0, ,-46, ,
0, ,-47, ,
-4, ,-47, ,
1, ,-47, ,
3, ,-47, ,
4, ,-47, ,
0, ,-47, ,
6, ,-49, ,
8, ,-47, ,
5, ,-47, ,
5, ,-47, ,
5, ,-47, ,
4, ,-46, ,
4, ,-49, ,
0, ,-47, ,
6, ,-47, ,
5, ,-47, ,
3, ,-47, ,
-2, ,-47, ,
1, ,-47, ,
0, ,-47, ,
1, ,-47, ,
1, ,-47, ,
0, ,-49, ,
3, ,-46, ,
5, ,-47, ,
-1, ,-47, ,
4, ,-47, ,
4, ,-47, ,
0, ,-47, ,
-4, ,-47, ,
1, ,-49, ,
0, ,-47, ,
0, ,-47, ,
-1, ,-47, ,
4, ,-47, ,
6, ,-46, ,
6, ,-49, ,
-1, ,-47, ,
3, ,-47, ,
3, ,-47, ,
1, ,-47, ,
0, ,-47, ,
8, ,-49, ,
5, ,-47, ,
8, ,-47, ,
6, ,-47, ,
6, ,-47, ,
8, ,-46, ,
5, ,-47, ,
3, ,-47, ,
5, ,-47, ,
6, ,-47, ,
3, ,-47, ,
0, ,-47, ,
4, ,-49, ,
0, ,-47, ,
-1, ,-47, ,
-1, ,-47, ,
-1, ,-49, ,
0, ,-47, ,
0, ,-47, ,
0, ,-47, ,
1, ,-47, ,
6, ,-47, ,
3, ,-47, ,
-2, ,-47, ,
0, ,-49, ,
0, ,-47, ,
3, ,-47, ,
0, ,-47, ,
8, ,-47, ,
5, ,-46, ,
-7, ,-49, ,
0, ,-47, ,
9, ,-47, ,
-2, ,-47, ,
3, ,-47, ,
1, ,-47, ,
3, ,-49, ,
1, ,-47, ,
3, ,-46, ,
1, ,-47, ,
3, ,-47, ,
5, ,-46, ,
5, ,-47, ,
-1, ,-47, ,
1, ,-47, ,
6, ,-47, ,
-1, ,-47, ,
-4, ,-47, ,
3, ,-49, ,
3, ,-47, ,
0, ,-47, ,
0, ,-47, ,
0, ,-47, ,
0, ,-46, ,
1, ,-47, ,
-4, ,-47, ,
3, ,-47, ,
5, ,-47, ,
1, ,-46, ,
0, ,-46, ,
1, ,-47, ,
-1, ,-47, ,
-1, ,-47, ,
-2, ,-47, ,
-1, ,-49, ,
0, ,-46, ,
3, ,-47, ,
-1, ,-47, ,
1, ,-47, ,
3, ,-47, ,
0, ,-47, ,
-2, ,-47, ,
0, ,-49, ,
-1, ,-47, ,
0, ,-46, ,
-1, ,-47, ,
3, ,-47, ,
3, ,-46, ,
3, ,-47, ,
0, ,-47, ,
3, ,-47, ,
1, ,-47, ,
0, ,-47, ,
-1, ,-47, ,
3, ,-49, ,
1, ,-47, ,
-1, ,-47, ,
0, ,-47, ,
1, ,-47, ,
0, ,-46, ,
-1, ,-47, ,
-7, ,-47, ,
-1, ,-47, ,
-1, ,-47, ,
-2, ,-47, ,
-6, ,-47, ,
0, ,-49, ,
-2, ,-47, ,
-4, ,-47, ,
-5, ,-47, ,
-4, ,-47, ,
-1, ,-46, ,
-1, ,-47, ,
-4, ,-47, ,
1, ,-47, ,
0, ,-47, ,
-5, ,-47, ,
4, ,-47, ,
4, ,-49, ,
1, ,-47, ,
3, ,-47, ,
-4, ,-47, ,
-1, ,-47, ,
-2, ,-46, ,
3, ,-47, ,
-5, ,-47, ,
1, ,-47, ,
1, ,-47, ,
-1, ,-47, ,
-7, ,-47, ,
-1, ,-47, ,
-2, ,-47, ,
3, ,-46, ,
4, ,-47, ,
6, ,-47, ,
8, ,-46, ,
6, ,-47, ,
0, ,-47, ,
4, ,-47, ,
3, ,-47, ,
3, ,-47, ,
-2, ,-47, ,
4, ,-49, ,
4, ,-47, ,
1, ,-47, ,
-2, ,-47, ,
0, ,-47, ,
4, ,-46, ,
0, ,-47, ,
-4, ,-47, ,
4, ,-47, ,
8, ,-47, ,
9, ,-47, ,
5, ,-46, ,
8, ,-49, ,
3, ,-47, ,
1, ,-47, ,
-1, ,-47, ,
-1, ,-47, ,
4, ,-46, ,
1, ,-47, ,
0, ,-47, ,
3, ,-47, ,
0, ,-47, ,
-1, ,-47, ,
-4, ,-47, ,
-2, ,-49, ,
3, ,-47, ,
3, ,-46, ,
4, ,-47, ,
3, ,-47, ,
1, ,-46, ,
3, ,-47, ,
-4, ,-47, ,
0, ,-47, ,
1, ,-47, ,
-1, ,-47, ,
-5, ,-46, ,
3, ,-47, ,
-1, ,-47, ,
0, ,-47, ,
1, ,-47, ,
1, ,-47, ,
-1, ,-46, ,
1, ,-47, ,
-4, ,-47, ,
0, ,-47, ,
1, ,-47, ,
-1, ,-47, ,
-1, ,-47, ,
3, ,-47, ,
3, ,-47, ,
0, ,-47, ,
0, ,-47, ,
4, ,-47, ,
3, ,-46, ,
4, ,-47, ,
-1, ,-47, ,
4, ,-47, ,
6, ,-47, ,
1, ,-47, ,
1, ,-46, ,
4, ,-47, ,
3, ,-47, ,
4, ,-46, ,
1, ,-47, ,
3, ,-47, ,
5, ,-46, ,
3, ,-47, ,
1, ,-47, ,
4, ,-47, ,
1, ,-47, ,
1, ,-47, ,
-2, ,-47, ,
4, ,-49, ,
1, ,-47, ,
1, ,-46, ,
1, ,-47, ,
5, ,-47, ,
4, ,-46, ,
1, ,-47, ,
-5, ,-47, ,
-2, ,-47, ,
0, ,-47, ,
0, ,-47, ,
1, ,-47, ,
6, ,-49, ,
5, ,-47, ,
5, ,-47, ,
3, ,-47, ,
4, ,-47, ,
3, ,-46, ,
1, ,-47, ,
0, ,-47, ,
8, ,-47, ,
6, ,-47, ,
4, ,-47, ,
1, ,-47, ,
4, ,-47, ,
4, ,-47, ,
1, ,-46, ,
0, ,-47, ,
4, ,-47, ,
4, ,-47, ,
4, ,-47, ,
1, ,-47, ,
4, ,-47, ,
3, ,-47, ,
-2, ,-47, ,
-4, ,-46, ,
1, ,-49, ,
0, ,-47, ,
1, ,-47, ,
3, ,-47, ,
5, ,-47, ,
8, ,-46, ,
6, ,-47, ,
3, ,-47, ,
3, ,-47, ,
3, ,-47, ,
0, ,-47, ,
-2, ,-47, ,
5, ,-49, ,
3, ,-47, ,
1, ,-47, ,
-1, ,-47, ,
0, ,-47, ,
-1, ,-46, ,
0, ,-47, ,
-4, ,-47, ,
3, ,-47, ,
4, ,-47, ,
3, ,-47, ,
0, ,-46, ,
4, ,-49, ,
4, ,-47, ,
3, ,-47, ,
1, ,-47, ,
3, ,-47, ,
4, ,-46, ,
3, ,-47, ,
0, ,-47, ,
3, ,-47, ,
1, ,-47, ,
0, ,-47, ,
-2, ,-47, ,
3, ,-49, ,
5, ,-47, ,
1, ,-46, ,
1, ,-47, ,
1, ,-47, ,
4, ,-46, ,
6, ,-47, ,
-1, ,-47, ,
3, ,-47, ,
4, ,-47, ,
0, ,-47, ,
-4, ,-46, ,
1, ,-49, ,
3, ,-47, ,
3, ,-46, ,
3, ,-47, ,
3, ,-47, ,
5, ,-46, ,
5, ,-47, ,
0, ,-47, ,
3, ,-47, ,
4, ,-47, ,
1, ,-47, ,
4, ,-46, ,
3, ,-49, ,
3, ,-47, ,
1, ,-47, ,
0, ,-47, ,
3, ,-47, ,
0, ,-46, ,
3, ,-47, ,
-1, ,-47, ,
1, ,-47, ,
4, ,-47, ,
1, ,-47, ,
-4, ,-47, ,
3, ,-47, ,
-2, ,-47, ,
0, ,-47, ,
-5, ,-47, ,
-1, ,-49, ,
3, ,-46, ,
1, ,-47, ,
-1, ,-47, ,
5, ,-47, ,
3, ,-47, ,
0, ,-47, ,
-5, ,-46, ,
-1, ,-49, ,
-4, ,-47, ,
-2, ,-47, ,
0, ,-47, ,
1, ,-49, ,
0, ,-46, ,
3, ,-49, ,
0, ,-47, ,
3, ,-47, ,
1, ,-47, ,
0, ,-47, ,
-4, ,-46, ,
3, ,-49, ,
0, ,-47, ,
0, ,-47, ,
-1, ,-47, ,
1, ,-47, ,
0, ,-46, ,
1, ,-47, ,
-2, ,-47, ,
3, ,-46, ,
3, ,-47, ,
1, ,-47, ,
-1, ,-47, ,
0, ,-47, ,
3, ,-47, ,
1, ,-47, ,
-1, ,-47, ,
0, ,-47, ,
-1, ,-46, ,
4, ,-47, ,
-5, ,-47, ,
0, ,-47, ,
5, ,-47, ,
-1, ,-47, ,
-2, ,-46, ,
0, ,-47, ,
-4, ,-47, ,
-2, ,-47, ,
-5, ,-47, ,
1, ,-47, ,
4, ,-46, ,
4, ,-47, ,
3, ,-47, ,
3, ,-47, ,
3, ,-47, ,
0, ,-47, ,
-4, ,-47, ,
1, ,-49, ,
0, ,-47, ,
-1, ,-47, ,
-2, ,-47, ,
0, ,-47, ,
0, ,-46, ,
3, ,-49, ,
-1, ,-47, ,
3, ,-47, ,
5, ,-47, ,
4, ,-47, ,
0, ,-46, ,
4, ,-49, ,
1, ,-47, ,
1, ,-47, ,
0, ,-47, ,
-1, ,-49, ,
1, ,-46, ,
-2, ,-47, ,
-7, ,-47, ,
0, ,-47, ,
1, ,-47, ,
1, ,-47, ,
0, ,-47, ,
3, ,-47, ,
3, ,-47, ,
0, ,-47, ,
0, ,-47, ,
0, ,-47, ,
0, ,-47, ,
3, ,-47, ,
-2, ,-47, ,
5, ,-47, ,
8, ,-47, ,
3, ,-47, ,
-1, ,-47, ,
3, ,-47, ,
-1, ,-47, ,
-4, ,-46, ,
0, ,-47, ,
0, ,-47, ,
1, ,-46, ,
1, ,-47, ,
-2, ,-47, ,
0, ,-47, ,
0, ,-47, ,
-1, ,-47, ,
-4, ,-46, ,
0, ,-49, ,
3, ,-47, ,
4, ,-47, ,
0, ,-47, ,
1, ,-47, ,
0, ,-47, ,
1, ,-47, ,
-5, ,-47, ,
-1, ,-46, ,
3, ,-47, ,
-1, ,-47, ,
-1, ,-46, ,
4, ,-49, ,
4, ,-47, ,
1, ,-46, ,
0, ,-47, ,
0, ,-47, ,
3, ,-46, ,
1, ,-47, ,
1, ,-47, ,
5, ,-47, ,
6, ,-47, ,
6, ,-47, ,
0, ,-46, ,
5, ,-49, ,
3, ,-47, ,
-1, ,-47, ,
0, ,-47, ,
1, ,-47, ,
3, ,-46, ,
3, ,-47, ,
-1, ,-47, ,
0, ,-47, ,
1, ,-47, ,
1, ,-47, ,
-1, ,-47, ,
6, ,-47, ,
6, ,-47, ,
3, ,-47, ,
4, ,-47, ,
3, ,-47, ,
4, ,-46, ,
1, ,-49, ,
-2, ,-47, ,
4, ,-47, ,
3, ,-47, ,
4, ,-47, ,
0, ,-47, ,
5, ,-49, ,
6, ,-47, ,
4, ,-47, ,
1, ,-47, ,
3, ,-47, ,
1, ,-46, ,
3, ,-47, ,
-2, ,-47, ,
1, ,-47, ,
6, ,-47, ,
1, ,-47, ,
1, ,-46, ,
5, ,-49, ,
3, ,-47, ,
3, ,-47, ,
1, ,-47, ,
3, ,-47, ,
5, ,-46, ,
5, ,-49, ,
1, ,-47, ,
3, ,-47, ,
6, ,-47, ,
4, ,-47, ,
1, ,-46, ,
5, ,-49, ,
3, ,-47, ,
1, ,-47, ,
-1, ,-47, ,
1, ,-47, ,
1, ,-47, ,
4, ,-47, ,
-1, ,-47, ,
3, ,-47, ,
5, ,-47, ,
3, ,-47, ,
1, ,-47, ,
3, ,-49, ,
4, ,-47, ,
5, ,-46, ,
4, ,-47, ,
3, ,-47, ,
4, ,-46, ,
3, ,-47, ,
-1, ,-47, ,
1, ,-47, ,
1, ,-47, ,
1, ,-47, ,
0, ,-46, ,
6, ,-47, ,
5, ,-47, ,
1, ,-47, ,
4, ,-47, ,
4, ,-47, ,
0, ,-46, ,
4, ,-47, ,
0, ,-47, ,
4, ,-47, ,
8, ,-47, ,
3, ,-47, ,
3, ,-47, ,
3, ,-49, ,
0, ,-47, ,
3, ,-47, ,
-1, ,-47, ,
5, ,-47, ,
4, ,-46, ,
1, ,-47, ,
1, ,-47, ,
4, ,-47, ,
5, ,-47, ,
3, ,-47, ,
-2, ,-46, ,
0, ,-49, ,
5, ,-47, ,
6, ,-47, ,
5, ,-47, ,
9, ,-47, ,
5, ,-46, ,
8, ,-47, ,
1, ,-47, ,
0, ,-47, ,
4, ,-47, ,
-2, ,-47, ,
-4, ,-46, ,
4, ,-49, ,
1, ,-47, ,
0, ,-47, ,
-1, ,-47, ,
1, ,-49, ,
1, ,-46, ,
3, ,-49, ,
-1, ,-47, ,
0, ,-47, ,
5, ,-47, ,
6, ,-47, ,
-6, ,-46, ,
4, ,-49, ,
0, ,-47, ,
-1, ,-47, ,
0, ,-47, ,
-1, ,-47, ,
1, ,-46, ,
3, ,-47, ,
1, ,-47, ,
3, ,-47, ,
6, ,-47, ,
3, ,-47, ,
0, ,-47, ,
3, ,-49, ,
0, ,-47, ,
0, ,-47, ,
1, ,-47, ,
1, ,-47, ,
4, ,-46, ,
1, ,-47, ,
0, ,-47, ,
3, ,-47, ,
3, ,-47, ,
-2, ,-47, ,
-9, ,-43, ,
1, ,-36, ,
5, ,-25, ,
3, ,-16, ,
10, ,-7, ,
11, ,0, ,
5, ,6, ,
8, ,12, ,
1, ,17, ,
6, ,20, ,
9, ,24, ,
4, ,27, ,
1, ,30, ,
5, ,32, ,
1, ,34, ,
5, ,35, ,
3, ,37, ,
4, ,38, ,
5, ,39, ,
4, ,40, ,
0, ,41, ,
4, ,41, ,
4, ,42, ,
3, ,43, ,
-1, ,42, ,
0, ,44, ,
-1, ,44, ,
-1, ,44, ,
-1, ,44, ,
0, ,44, ,
1, ,43, ,
6, ,45, ,
3, ,45, ,
5, ,45, ,
6, ,45, ,
3, ,45, ,
-1, ,44, ,
5, ,46, ,
-2, ,45, ,
1, ,45, ,
3, ,46, ,
0, ,46, ,
4, ,44, ,
3, ,45, ,
-2, ,46, ,
1, ,45, ,
-1, ,45, ,
0, ,45, ,
-4, ,45, ,
0, ,46, ,
0, ,45, ,
-1, ,45, ,
-4, ,45, ,
1, ,45, ,
-5, ,44, ,
3, ,46, ,
-2, ,45, ,
3, ,45, ,
1, ,45, ,
1, ,45, ,
3, ,44, ,
4, ,46, ,
1, ,45, ,
1, ,45, ,
-4, ,45, ,
0, ,45, ,
-4, ,44, ,
-1, ,45, ,
-4, ,45, ,
4, ,45, ,
5, ,45, ,
4, ,45, ,
1, ,44, ,
1, ,45, ,
0, ,44, ,
-4, ,45, ,
-5, ,45, ,
-1, ,45, ,
0, ,44, ,
-1, ,45, ,
-9, ,45, ,
-1, ,45, ,
5, ,45, ,
0, ,45, ,
-5, ,44, ,
1, ,45, ,
-1, ,45, ,
-1, ,45, ,
-2, ,45, ,
-1, ,45, ,
5, ,44, ,
4, ,45, ,
0, ,45, ,
4, ,45, ,
3, ,45, ,
1, ,45, ,
-4, ,44, ,
-1, ,45, ,
1, ,45, ,
1, ,45, ,
-1, ,45, ,
1, ,45, ,
-1, ,44, ,
1, ,45, ,
-4, ,45, ,
3, ,44, ,
6, ,45, ,
8, ,45, ,
5, ,45, ,
8, ,45, ,
4, ,44, ,
1, ,45, ,
1, ,45, ,
-1, ,45, ,
1, ,44, ,
1, ,45, ,
-4, ,45, ,
1, ,44, ,
3, ,45, ,
1, ,45, ,
-1, ,44, ,
0, ,45, ,
3, ,44, ,
1, ,45, ,
1, ,45, ,
4, ,45, ,
3, ,44, ,
3, ,45, ,
-2, ,45, ,
4, ,44, ,
5, ,45, ,
1, ,45, ,
1, ,44, ,
5, ,45, ,
3, ,44, ,
5, ,44, ,
0, ,45, ,
1, ,45, ,
3, ,44, ,
0, ,45, ,
-2, ,45, ,
1, ,44, ,
4, ,45, ,
4, ,45, ,
3, ,44, ,
5, ,45, ,
4, ,44, ,
4, ,45, ,
-1, ,45, ,
0, ,44, ,
1, ,44, ,
3, ,45, ,
0, ,44, ,
5, ,45, ,
4, ,45, ,
1, ,45, ,
-2, ,44, ,
3, ,45, ,
0, ,44, ,
3, ,45, ,
0, ,45, ,
0, ,45, ,
5, ,44, ,
1, ,45, ,
-4, ,45, ,
3, ,45, ,
4, ,45, ,
3, ,45, ,
-2, ,44, ,
3, ,45, ,
5, ,44, ,
0, ,45, ,
1, ,45, ,
3, ,45, ,
1, ,44, ,
3, ,45, ,
-4, ,44, ,
4, ,45, ,
5, ,45, ,
4, ,45, ,
1, ,44, ,
6, ,45, ,
4, ,45, ,
4, ,45, ,
-1, ,45, ,
0, ,45, ,
3, ,44, ,
0, ,45, ,
-5, ,45, ,
3, ,44, ,
1, ,45, ,
1, ,44, ,
4, ,44, ,
8, ,45, ,
5, ,44, ,
5, ,45, ,
3, ,45, ,
6, ,45, ,
5, ,44, ,
6, ,45, ,
0, ,44, ,
1, ,45, ,
5, ,45, ,
3, ,44, ,
-2, ,44, ,
1, ,45, ,
4, ,44, ,
4, ,45, ,
4, ,45, ,
4, ,45, ,
5, ,44, ,
4, ,45, ,
1, ,45, ,
3, ,45, ,
3, ,45, ,
1, ,45, ,
-1, ,44, ,
5, ,45, ,
5, ,44, ,
4, ,45, ,
1, ,45, ,
1, ,44, ,
1, ,44, ,
1, ,45, ,
-2, ,44, ,
3, ,44, ,
4, ,45, ,
3, ,45, ,
3, ,44, ,
9, ,45, ,
4, ,44, ,
4, ,44, ,
1, ,45, ,
1, ,45, ,
3, ,44, ,
3, ,45, ,
-4, ,45, ,
3, ,44, ,
4, ,44, ,
3, ,45, ,
-1, ,44, ,
1, ,45, ,
3, ,44, ,
3, ,45, ,
3, ,45, ,
4, ,45, ,
4, ,44, ,
8, ,45, ,
3, ,45, ,
4, ,44, ,
6, ,45, ,
1, ,45, ,
0, ,44, ,
5, ,45, ,
4, ,44, ,
5, ,45, ,
3, ,45, ,
4, ,45, ,
5, ,44, ,
3, ,45, ,
0, ,45, ,
1, ,45, ,
1, ,44, ,
-4, ,44, ,
-10, ,44, ,
4, ,45, ,
9, ,44, ,
6, ,44, ,
1, ,45, ,
3, ,45, ,
3, ,44, ,
4, ,45, ,
-1, ,44, ,
3, ,44, ,
5, ,45, ,
1, ,44, ,
-2, ,44, ,
1, ,45, ,
-4, ,44, ,
-1, ,45, ,
-1, ,45, ,
0, ,45, ,
5, ,44, ,
6, ,45, ,
0, ,44, ,
5, ,44, ,
1, ,45, ,
1, ,45, ,
-4, ,44, ,
0, ,45, ,
0, ,44, ,
1, ,45, ,
0, ,45, ,
3, ,45, ,
1, ,44, ,
9, ,45, ,
0, ,44, ,
4, ,44, ,
5, ,45, ,
0, ,45, ,
-6, ,44, ,
0, ,45, ,
-2, ,44, ,
0, ,44, ,
-1, ,45, ,
0, ,45, ,
0, ,43, ,
3, ,45, ,
-4, ,45, ,
1, ,45, ,
1, ,45, ,
1, ,44, ,
0, ,44, ,
3, ,45, ,
3, ,44, ,
4, ,44, ,
-2, ,45, ,
3, ,44, ,
0, ,44, ,
1, ,45, ,
-5, ,45, ,
0, ,45, ,
3, ,45, ,
-1, ,45, ,
-4, ,44, ,
0, ,45, ,
-6, ,45, ,
-1, ,45, ,
-2, ,45, ,
1, ,45, ,
5, ,44, ,
4, ,45, ,
1, ,44, ,
6, ,44, ,
4, ,45, ,
4, ,45, ,
-6, ,44, ,
4, ,45, ,
0, ,45, ,
0, ,45, ,
0, ,45, ,
1, ,45, ,
3, ,44, ,
3, ,45, ,
-4, ,44, ,
0, ,45, ,
3, ,45, ,
1, ,44, ,
-2, ,44, ,
5, ,45, ,
9, ,44, ,
1, ,44, ,
-10, ,45, ,
-2, ,45, ,
6, ,44, ,
0, ,45, ,
-1, ,45, ,
6, ,44, ,
5, ,45, ,
-1, ,44, ,
-1, ,44, ,
0, ,45, ,
0, ,44, ,
0, ,45, ,
-2, ,45, ,
1, ,44, ,
-1, ,44, ,
1, ,45, ,
-7, ,45, ,
0, ,44, ,
5, ,45, ,
0, ,44, ,
-1, ,44, ,
1, ,45, ,
-1, ,44, ,
0, ,45, ,
-4, ,45, ,
0, ,45, ,
0, ,44, ,
1, ,45, ,
-4, ,45, ,
-1, ,45, ,
-2, ,45, ,
-2, ,45, ,
-7, ,44, ,
3, ,45, ,
1, ,44, ,
5, ,44, ,
1, ,45, ,
3, ,44, ,
1, ,44, ,
1, ,45, ,
-2, ,45, ,
1, ,44, ,
1, ,45, ,
0, ,44, ,
-2, ,44, ,
1, ,45, ,
-5, ,44, ,
-1, ,45, ,
-6, ,45, ,
-2, ,44, ,
1, ,44, ,
1, ,45, ,
-4, ,44, ,
4, ,45, ,
1, ,45, ,
-1, ,45, ,
-6, ,44, ,
0, ,45, ,
-2, ,45, ,
-2, ,45, ,
-1, ,45, ,
3, ,44, ,
3, ,43, ,
8, ,45, ,
3, ,45, ,
11, ,44, ,
9, ,45, ,
8, ,44, ,
4, ,45, ,
8, ,45, ,
4, ,44, ,
5, ,44, ,
4, ,45, ,
4, ,44, ,
5, ,44, ,
4, ,45, ,
-5, ,45, ,
1, ,44, ,
4, ,45, ,
1, ,45, ,
3, ,44, ,
5, ,45, ,
5, ,44, ,
4, ,45, ,
-1, ,45, ,
-1, ,45, ,
-4, ,44, ,
-1, ,45, ,
-5, ,45, ,
-1, ,44, ,
1, ,45, ,
-1, ,45, ,
-2, ,44, ,
1, ,45, ,
0, ,44, ,
1, ,45, ,
0, ,45, ,
3, ,44, ,
5, ,43, ,
9, ,45, ,
5, ,44, ,
8, ,44, ,
6, ,45, ,
5, ,44, ,
3, ,44, ,
5, ,45, ,
5, ,44, ,
8, ,44, ,
6, ,45, ,
4, ,45, ,
3, ,43, ,
0, ,45, ,
-7, ,45, ,
-4, ,44, ,
-1, ,45, ,
-1, ,45, ,
-1, ,44, ,
3, ,45, ,
4, ,44, ,
5, ,45, ,
4, ,45, ,
4, ,45, ,
4, ,44, ,
4, ,45, ,
-1, ,45, ,
5, ,45, ,
5, ,45, ,
4, ,45, ,
1, ,43, ,
5, ,45, ,
5, ,44, ,
3, ,44, ,
-1, ,45, ,
1, ,45, ,
0, ,44, ,
5, ,45, ,
0, ,45, ,
4, ,44, ,
8, ,44, ,
4, ,45, ,
3, ,44, ,
5, ,45, ,
1, ,44, ,
-1, ,45, ,
-1, ,45, ,
-2, ,45, ,
0, ,44, ,
-2, ,45, ,
-6, ,45, ,
-2, ,44, ,
-1, ,45, ,
-1, ,45, ,
-2, ,44, ,
4, ,45, ,
3, ,44, ,
6, ,45, ,
3, ,45, ,
1, ,45, ,
3, ,44, ,
1, ,45, ,
-5, ,45, ,
-1, ,45, ,
1, ,45, ,
-1, ,45, ,
-5, ,44, ,
5, ,45, ,
3, ,44, ,
8, ,44, ,
8, ,45, ,
9, ,45, ,
8, ,43, ,
6, ,45, ,
3, ,44, ,
6, ,44, ,
8, ,45, ,
5, ,45, ,
5, ,44, ,
8, ,45, ,
6, ,44, ,
4, ,44, ,
5, ,45, ,
4, ,45, ,
3, ,44, ,
4, ,45, ,
-1, ,44, ,
4, ,44, ,
4, ,45, ,
-1, ,44, ,
-4, ,44, ,
0, ,45, ,
-1, ,44, ,
0, ,44, ,
1, ,45, ,
5, ,44, ,
6, ,44, ,
9, ,45, ,
-1, ,44, ,
5, ,44, ,
5, ,45, ,
3, ,45, ,
-1, ,44, ,
5, ,45, ,
6, ,44, ,
4, ,45, ,
1, ,45, ,
4, ,44, ,
3, ,44, ,
1, ,45, ,
-4, ,44, ,
-2, ,44, ,
0, ,44, ,
-2, ,45, ,
-4, ,44, ,
0, ,45, ,
-2, ,44, ,
0, ,44, ,
-1, ,45, ,
-4, ,45, ,
-1, ,44, ,
-1, ,45, ,
-6, ,45, ,
-1, ,44, ,
-1, ,45, ,
-2, ,45, ,
-4, ,44, ,
0, ,45, ,
0, ,44, ,
-1, ,45, ,
0, ,45, ,
1, ,45, ,
3, ,44, ,
6, ,45, ,
1, ,45, ,
3, ,44, ,
5, ,45, ,
3, ,44, ,
-2, ,44, ,
1, ,45, ,
4, ,44, ,
5, ,45, ,
5, ,45, ,
8, ,45, ,
10, ,44, ,
9, ,45, ,
1, ,45, ,
4, ,44, ,
4, ,45, ,
3, ,45, ,
1, ,44, ,
3, ,45, ,
-4, ,44, ,
-10, ,45, ,
-11, ,45, ,
-11, ,45, ,
-11, ,43, ,
-9, ,45, ,
-15, ,45, ,
-9, ,44, ,
-7, ,45, ,
-10, ,45, ,
-12, ,44, ,
-2, ,45, ,
-2, ,44, ,
3, ,45, ,
5, ,45, ,
6, ,45, ,
10, ,44, ,
8, ,45, ,
4, ,45, ,
1, ,44, ,
1, ,45, ,
-1, ,44, ,
-7, ,44, ,
1, ,45, ,
1, ,44, ,
3, ,45, ,
3, ,45, ,
10, ,45, ,
10, ,44, ,
11, ,45, ,
8, ,44, ,
5, ,44, ,
5, ,45, ,
1, ,45, ,
-6, ,44, ,
-1, ,45, ,
-1, ,44, ,
-1, ,45, ,
1, ,45, ,
3, ,44, ,
4, ,43, ,
0, ,45, ,
-6, ,45, ,
-2, ,44, ,
-2, ,45, ,
-4, ,45, ,
-6, ,44, ,
-5, ,45, ,
-5, ,44, ,
-9, ,45, ,
-10, ,45, ,
-4, ,45, ,
-4, ,44, ,
4, ,45, ,
-1, ,45, ,
5, ,44, ,
8, ,45, ,
1, ,44, ,
0, ,44, ,
4, ,45, ,
-4, ,44, ,
0, ,45, ,
4, ,45, ,
0, ,45, ,
5, ,44, ,
6, ,45, ,
5, ,44, ,
5, ,45, ,
5, ,44, ,
3, ,45, ,
1, ,44, ,
0, ,45, ,
-2, ,44, ,
-2, ,45, ,
-7, ,45, ,
-5, ,45, ,
-5, ,44, ,
-4, ,45, ,
-10, ,45, ,
-2, ,44, ,
0, ,45, ,
-2, ,45, ,
-5, ,44, ,
4, ,45, ,
1, ,45, ,
-1, ,44, ,
-4, ,45, ,
1, ,45, ,
6, ,44, ,
4, ,45, ,
3, ,45, ,
4, ,44, ,
6, ,44, ,
10, ,45, ,
5, ,44, ,
10, ,45, ,
10, ,44, ,
9, ,44, ,
8, ,45, ,
6, ,45, ,
5, ,44, ,
4, ,45, ,
0, ,45, ,
6, ,44, ,
6, ,44, ,
3, ,45, ,
-1, ,44, ,
1, ,45, ,
1, ,44, ,
3, ,45, ,
0, ,45, ,
1, ,45, ,
4, ,44, ,
4, ,45, ,
-5, ,44, ,
-2, ,44, ,
-2, ,45, ,
-6, ,45, ,
-9, ,44, ,
-5, ,45, ,
-4, ,44, ,
-4, ,44, ,
-5, ,45, ,
-1, ,44, ,
-4, ,44, ,
1, ,45, ,
-4, ,45, ,
3, ,45, ,
8, ,45, ,
6, ,45, ,
8, ,44, ,
10, ,45, ,
9, ,45, ,
10, ,45, ,
6, ,45, ,
6, ,45, ,
6, ,44, ,
6, ,45, ,
1, ,45, ,
8, ,45, ,
9, ,45, ,
8, ,45, ,
5, ,44, ,
11, ,41, ,
5, ,32, ,
1, ,21, ,
-4, ,12, ,
-4, ,3, ,
-2, ,-3, ,
-1, ,-9, ,
-2, ,-15, ,
-5, ,-19, ,
-5, ,-24, ,
-7, ,-26, ,
-11, ,-30, ,
-5, ,-33, ,
-4, ,-35, ,
-5, ,-36, ,
-4, ,-38, ,
-4, ,-40, ,
-4, ,-40, ,
-1, ,-42, ,
-6, ,-43, ,
0, ,-43, ,
3, ,-44, ,
4, ,-44, ,
-1, ,-44, ,
8, ,-46, ,
10, ,-46, ,
8, ,-46, ,
6, ,-46, ,
5, ,-47, ,
4, ,-46, ,
4, ,-47, ,
-1, ,-47, ,
5, ,-47, ,
6, ,-47, ,
3, ,-49, ,
1, ,-47, ,
4, ,-49, ,
3, ,-47, ,
4, ,-47, ,
0, ,-47, ,
1, ,-49, ,
3, ,-47, ,
1, ,-49, ,
-5, ,-49, ,
1, ,-47, ,
-1, ,-49, ,
-1, ,-47, ,
-4, ,-47, ,
-1, ,-49, ,
0, ,-49, ,
-2, ,-47, ,
-6, ,-49, ,
-4, ,-49, ,
-4, ,-47, ,
1, ,-49, ,
-5, ,-49, ,
1, ,-47, ,
4, ,-49, ,
1, ,-49, ,
0, ,-47, ,
6, ,-49, ,
5, ,-47, ,
8, ,-47, ,
8, ,-49, ,
8, ,-49, ,
10, ,-47, ,
6, ,-49, ,
4, ,-47, ,
5, ,-47, ,
6, ,-47, ,
6, ,-49, ,
4, ,-47, ,
13, ,-49, ,
10, ,-47, ,
8, ,-47, ,
8, ,-49, ,
6, ,-49, ,
6, ,-47, ,
5, ,-49, ,
-4, ,-47, ,
1, ,-47, ,
3, ,-47, ,
0, ,-47, ,
-2, ,-47, ,
0, ,-49, ,
-1, ,-47, ,
-1, ,-47, ,
-1, ,-47, ,
0, ,-47, ,
1, ,-46, ,
3, ,-47, ,
0, ,-47, ,
4, ,-47, ,
1, ,-49, ,
1, ,-47, ,
1, ,-47, ,
4, ,-49, ,
5, ,-47, ,
4, ,-47, ,
5, ,-47, ,
9, ,-47, ,
10, ,-47, ,
14, ,-49, ,
9, ,-47, ,
10, ,-47, ,
10, ,-47, ,
4, ,-47, ,
4, ,-47, ,
8, ,-49, ,
6, ,-47, ,
8, ,-47, ,
5, ,-47, ,
4, ,-47, ,
4, ,-46, ,
-1, ,-47, ,
-4, ,-47, ,
-1, ,-47, ,
1, ,-47, ,
1, ,-47, ,
-5, ,-46, ,
-1, ,-49, ,
-4, ,-47, ,
-2, ,-47, ,
-4, ,-47, ,
-1, ,-49, ,
0, ,-47, ,
0, ,-47, ,
-1, ,-47, ,
3, ,-47, ,
3, ,-47, ,
0, ,-47, ,
-2, ,-47, ,
4, ,-49, ,
1, ,-47, ,
1, ,-47, ,
3, ,-47, ,
5, ,-47, ,
0, ,-46, ,
4, ,-47, ,
3, ,-47, ,
4, ,-47, ,
3, ,-47, ,
1, ,-47, ,
-1, ,-47, ,
4, ,-47, ,
5, ,-47, ,
0, ,-47, ,
1, ,-47, ,
3, ,-47, ,
0, ,-46, ,
0, ,-49, ,
-5, ,-47, ,
-2, ,-47, ,
-2, ,-47, ,
-6, ,-47, ,
-6, ,-46, ,
-2, ,-49, ,
-4, ,-47, ,
-1, ,-47, ,
-4, ,-47, ,
0, ,-49, ,
1, ,-46, ,
-2, ,-47, ,
-5, ,-47, ,
-1, ,-47, ,
-1, ,-47, ,
-4, ,-47, ,
-7, ,-46, ,
-2, ,-49, ,
0, ,-47, ,
-5, ,-47, ,
-7, ,-47, ,
-4, ,-49, ,
-1, ,-47, ,
0, ,-47, ,
-4, ,-47, ,
1, ,-47, ,
6, ,-47, ,
1, ,-47, ,
-2, ,-46, ,
4, ,-47, ,
-1, ,-47, ,
0, ,-46, ,
-2, ,-47, ,
-1, ,-49, ,
1, ,-46, ,
-1, ,-49, ,
-7, ,-47, ,
-6, ,-47, ,
-5, ,-47, ,
-6, ,-47, ,
-10, ,-47, ,
-2, ,-49, ,
-4, ,-47, ,
-6, ,-46, ,
-6, ,-47, ,
-5, ,-47, ,
-6, ,-46, ,
-6, ,-47, ,
-10, ,-47, ,
-5, ,-47, ,
-2, ,-47, ,
-2, ,-47, ,
-6, ,-47, ,
-1, ,-47, ,
-5, ,-47, ,
-6, ,-46, ,
-4, ,-47, ,
0, ,-47, ,
5, ,-46, ,
4, ,-47, ,
1, ,-47, ,
4, ,-47, ,
3, ,-47, ,
0, ,-47, ,
-1, ,-46, ,
0, ,-49, ,
-1, ,-47, ,
0, ,-47, ,
-1, ,-47, ,
1, ,-47, ,
-1, ,-46, ,
5, ,-47, ,
-1, ,-47, ,
3, ,-47, ,
5, ,-47, ,
-1, ,-47, ,
-1, ,-47, ,
1, ,-49, ,
-1, ,-47, ,
-1, ,-46, ,
-1, ,-47, ,
-2, ,-47, ,
-1, ,-46, ,
-1, ,-47, ,
-4, ,-47, ,
0, ,-47, ,
1, ,-47, ,
1, ,-47, ,
1, ,-46, ,
6, ,-49, ,
4, ,-47, ,
6, ,-46, ,
0, ,-47, ,
3, ,-47, ,
3, ,-46, ,
3, ,-47, ,
3, ,-47, ,
6, ,-47, ,
8, ,-47, ,
5, ,-47, ,
1, ,-47, ,
5, ,-49, ,
4, ,-47, ,
1, ,-46, ,
-1, ,-47, ,
0, ,-49, ,
3, ,-46, ,
1, ,-47, ,
-2, ,-47, ,
4, ,-47, ,
5, ,-47, ,
4, ,-47, ,
0, ,-47, ,
3, ,-49, ,
3, ,-47, ,
-1, ,-47, ,
-2, ,-47, ,
1, ,-47, ,
0, ,-46, ,
3, ,-47, ,
-5, ,-47, ,
-1, ,-47, ,
0, ,-47, ,
-1, ,-47, ,
-5, ,-46, ,
3, ,-47, ,
3, ,-47, ,
4, ,-46, ,
3, ,-47, ,
3, ,-47, ,
5, ,-46, ,
3, ,-47, ,
0, ,-47, ,
6, ,-47, ,
5, ,-47, ,
6, ,-47, ,
5, ,-47, ,
9, ,-49, ,
6, ,-47, ,
4, ,-46, ,
0, ,-47, ,
3, ,-47, ,
3, ,-46, ,
4, ,-47, ,
3, ,-47, ,
6, ,-47, ,
11, ,-47, ,
6, ,-47, ,
4, ,-47, ,
5, ,-49, ,
3, ,-47, ,
3, ,-47, ,
-1, ,-47, ,
3, ,-47, ,
3, ,-46, ,
1, ,-47, ,
-4, ,-47, ,
1, ,-47, ,
3, ,-47, ,
0, ,-47, ,
-1, ,-46, ,
3, ,-49, ,
8, ,-47, ,
4, ,-47, ,
0, ,-47, ,
4, ,-47, ,
5, ,-46, ,
5, ,-47, ,
0, ,-47, ,
8, ,-47, ,
9, ,-47, ,
6, ,-47, ,
6, ,-46, ,
8, ,-49, ,
9, ,-47, ,
8, ,-46, ,
5, ,-47, ,
5, ,-47, ,
4, ,-46, ,
4, ,-47, ,
0, ,-47, ,
5, ,-47, ,
6, ,-47, ,
5, ,-47, ,
3, ,-47, ,
6, ,-47, ,
4, ,-47, ,
3, ,-47, ,
0, ,-47, ,
4, ,-47, ,
4, ,-46, ,
6, ,-47, ,
1, ,-47, ,
4, ,-47, ,
6, ,-47, ,
1, ,-47, ,
1, ,-46, ,
4, ,-49, ,
1, ,-47, ,
3, ,-46, ,
0, ,-47, ,
4, ,-47, ,
4, ,-46, ,
3, ,-47, ,
-1, ,-47, ,
3, ,-47, ,
3, ,-47, ,
1, ,-47, ,
-4, ,-47, ,
3, ,-49, ,
4, ,-47, ,
1, ,-47, ,
4, ,-47, ,
4, ,-47, ,
3, ,-47, ,
3, ,-47, ,
-1, ,-47, ,
1, ,-47, ,
5, ,-47, ,
3, ,-47, ,
1, ,-47, ,
5, ,-49, ,
1, ,-47, ,
1, ,-47, ,
1, ,-47, ,
0, ,-47, ,
-1, ,-47, ,
-1, ,-47, ,
-5, ,-47, ,
3, ,-47, ,
3, ,-47, ,
4, ,-47, ,
-4, ,-47, ,
4, ,-47, ,
4, ,-47, ,
1, ,-47, ,
0, ,-47, ,
5, ,-47, ,
4, ,-47, ,
8, ,-47, ,
-4, ,-47, ,
1, ,-47, ,
4, ,-47, ,
-2, ,-49, ,
-6, ,-47, ,
1, ,-49, ,
3, ,-47, ,
6, ,-46, ,
5, ,-47, ,
8, ,-47, ,
6, ,-46, ,
5, ,-47, ,
1, ,-47, ,
6, ,-47, ,
5, ,-47, ,
1, ,-47, ,
-2, ,-47, ,
0, ,-49, ,
0, ,-47, ,
-2, ,-46, ,
-6, ,-47, ,
-4, ,-47, ,
-10, ,-46, ,
-2, ,-47, ,
-4, ,-47, ,
3, ,-47, ,
5, ,-47, ,
1, ,-47, ,
-4, ,-46, ,
-1, ,-49, ,
-10, ,-47, ,
0, ,-47, ,
1, ,-47, ,
1, ,-47, ,
8, ,-46, ,
1, ,-47, ,
-6, ,-47, ,
-7, ,-47, ,
-12, ,-47, ,
-11, ,-47, ,
-6, ,-46, ,
4, ,-49, ,
-1, ,-47, ,
-2, ,-47, ,
0, ,-47, ,
-2, ,-47, ,
-2, ,-46, ,
0, ,-47, ,
-2, ,-47, ,
3, ,-47, ,
6, ,-47, ,
3, ,-47, ,
-7, ,-46, ,
0, ,-47, ,
-2, ,-47, ,
-2, ,-46, ,
-4, ,-47, ,
-2, ,-47, ,
0, ,-46, ,
-2, ,-47, ,
-6, ,-47, ,
-2, ,-47, ,
-1, ,-47, ,
-5, ,-47, ,
-4, ,-46, ,
0, ,-47, ,
3, ,-47, ,
-2, ,-46, ,
1, ,-47, ,
1, ,-47, ,
3, ,-46, ,
3, ,-47, ,
-1, ,-47, ,
0, ,-47, ,
1, ,-47, ,
-1, ,-47, ,
-4, ,-46, ,
-2, ,-49, ,
-6, ,-47, ,
-1, ,-46, ,
0, ,-47, ,
1, ,-47, ,
3, ,-46, ,
3, ,-47, ,
-2, ,-47, ,
1, ,-47, ,
3, ,-47, ,
0, ,-47, ,
-4, ,-46, ,
3, ,-49, ,
1, ,-47, ,
1, ,-47, ,
0, ,-47, ,
4, ,-47, ,
3, ,-46, ,
3, ,-47, ,
-1, ,-47, ,
1, ,-47, ,
4, ,-47, ,
0, ,-47, ,
-2, ,-47, ,
4, ,-49, ,
1, ,-47, ,
-1, ,-46, ,
-1, ,-47, ,
-1, ,-47, ,
-1, ,-46, ,
-1, ,-47, ,
-2, ,-47, ,
3, ,-47, ,
3, ,-47, ,
3, ,-47, ,
-4, ,-47, ,
3, ,-49, ,
0, ,-47, ,
-2, ,-47, ,
0, ,-47, ,
3, ,-47, ,
3, ,-46, ,
4, ,-47, ,
-1, ,-47, ,
5, ,-47, ,
3, ,-47, ,
0, ,-47, ,
-15, ,-46, ,
-1, ,-47, ,
5, ,-47, ,
0, ,-47, ,
1, ,-47, ,
4, ,-49, ,
3, ,-46, ,
0, ,-47, ,
-1, ,-47, ,
5, ,-47, ,
3, ,-47, ,
3, ,-47, ,
0, ,-47, ,
4, ,-47, ,
3, ,-47, ,
1, ,-46, ,
0, ,-47, ,
3, ,-47, ,
1, ,-46, ,
1, ,-47, ,
1, ,-47, ,
5, ,-47, ,
9, ,-47, ,
6, ,-47, ,
4, ,-47, ,
9, ,-49, ,
4, ,-47, ,
4, ,-47, ,
1, ,-47, ,
5, ,-47, ,
5, ,-46, ,
3, ,-47, ,
1, ,-47, ,
5, ,-47, ,
9, ,-47, ,
8, ,-47, ,
4, ,-46, ,
5, ,-49, ,
3, ,-47, ,
1, ,-46, ,
-1, ,-47, ,
3, ,-47, ,
4, ,-47, ,
8, ,-47, ,
3, ,-47, ,
9, ,-46, ,
8, ,-47, ,
5, ,-47, ,
3, ,-47, ,
8, ,-49, ,
5, ,-47, ,
5, ,-47, ,
4, ,-47, ,
4, ,-49, ,
4, ,-47, ,
4, ,-47, ,
-2, ,-47, ,
3, ,-47, ,
4, ,-47, ,
4, ,-47, ,
4, ,-47, ,
6, ,-47, ,
8, ,-47, ,
6, ,-46, ,
3, ,-47, ,
5, ,-47, ,
3, ,-46, ,
5, ,-47, ,
0, ,-47, ,
4, ,-46, ,
8, ,-47, ,
4, ,-47, ,
4, ,-46, ,
4, ,-47, ,
0, ,-47, ,
3, ,-47, ,
3, ,-47, ,
5, ,-47, ,
3, ,-46, ,
0, ,-47, ,
6, ,-47, ,
5, ,-47, ,
5, ,-47, ,
4, ,-47, ,
0, ,-46, ,
6, ,-49, ,
4, ,-47, ,
4, ,-47, ,
1, ,-47, ,
3, ,-47, ,
3, ,-46, ,
4, ,-47, ,
0, ,-47, ,
3, ,-47, ,
4, ,-47, ,
4, ,-47, ,
-1, ,-47, ,
8, ,-47, ,
5, ,-47, ,
3, ,-47, ,
3, ,-47, ,
1, ,-47, ,
4, ,-47, ,
1, ,-47, ,
-4, ,-47, ,
4, ,-47, ,
4, ,-47, ,
4, ,-47, ,
3, ,-47, ,
4, ,-49, ,
8, ,-47, ,
5, ,-47, ,
1, ,-47, ,
3, ,-47, ,
1, ,-47, ,
4, ,-47, ,
0, ,-47, ,
3, ,-47, ,
5, ,-47, ,
1, ,-47, ,
-1, ,-46, ,
3, ,-49, ,
3, ,-47, ,
1, ,-47, ,
-1, ,-47, ,
4, ,-47, ,
4, ,-46, ,
5, ,-49, ,
3, ,-47, ,
4, ,-47, ,
4, ,-47, ,
3, ,-47, ,
-4, ,-46, ,
4, ,-49, ,
4, ,-47, ,
3, ,-47, ,
-1, ,-47, ,
1, ,-49, ,
-1, ,-47, ,
-1, ,-47, ,
-6, ,-47, ,
-2, ,-47, ,
1, ,-47, ,
-2, ,-47, ,
-5, ,-46, ,
1, ,-49, ,
1, ,-47, ,
1, ,-47, ,
-2, ,-47, ,
1, ,-47, ,
1, ,-46, ,
-2, ,-47, ,
-4, ,-47, ,
-1, ,-47, ,
-1, ,-47, ,
-1, ,-47, ,
-1, ,-47, ,
1, ,-49, ,
1, ,-47, ,
0, ,-47, ,
-1, ,-47, ,
0, ,-47, ,
0, ,-47, ,
1, ,-47, ,
-4, ,-47, ,
1, ,-47, ,
1, ,-47, ,
0, ,-47, ,
-4, ,-47, ,
1, ,-49, ,
-2, ,-47, ,
0, ,-46, ,
-2, ,-47, ,
-1, ,-47, ,
-1, ,-46, ,
-2, ,-47, ,
-6, ,-47, ,
-4, ,-47, ,
-4, ,-47, ,
-2, ,-47, ,
-5, ,-46, ,
4, ,-49, ,
3, ,-47, ,
0, ,-47, ,
3, ,-47, ,
4, ,-47, ,
1, ,-46, ,
4, ,-47, ,
-4, ,-47, ,
-4, ,-47, ,
0, ,-47, ,
-2, ,-47, ,
-6, ,-46, ,
-1, ,-49, ,
-4, ,-47, ,
0, ,-47, ,
-2, ,-47, ,
0, ,-47, ,
0, ,-46, ,
0, ,-47, ,
0, ,-47, ,
0, ,-47, ,
-1, ,-47, ,
-1, ,-47, ,
-7, ,-47, ,
0, ,-47, ,
0, ,-47, ,
-2, ,-47, ,
1, ,-47, ,
1, ,-47, ,
0, ,-47, ,
0, ,-47, ,
-5, ,-47, ,
-1, ,-47, ,
-1, ,-47, ,
-2, ,-47, ,
-6, ,-47, ,
0, ,-49, ,
1, ,-47, ,
-1, ,-46, ,
-1, ,-47, ,
-2, ,-47, ,
1, ,-47, ,
-2, ,-47, ,
-9, ,-47, ,
-1, ,-47, ,
-1, ,-47, ,
-1, ,-47, ,
-4, ,-47, ,
-4, ,-47, ,
-2, ,-41, ,
1, ,-33, ,
3, ,-22, ,
8, ,-13, ,
6, ,-5, ,
6, ,2, ,
0, ,8, ,
-1, ,14, ,
3, ,18, ,
4, ,21, ,
1, ,24, ,
5, ,27, ,
4, ,31, ,
1, ,33, ,
0, ,35, ,
4, ,36, ,
4, ,37, ,
5, ,38, ,
1, ,40, ,
3, ,40, ,
4, ,41, ,
0, ,42, ,
-2, ,41, ,
0, ,43, ,
0, ,43, ,
3, ,43, ,
-1, ,44, ,
3, ,44, ,
4, ,43, ,
5, ,45, ,
-1, ,45, ,
1, ,44, ,
3, ,45, ,
3, ,45, ,
-1, ,44, ,
4, ,46, ,
3, ,45, ,
6, ,45, ,
3, ,45, ,
4, ,45, ,
9, ,44, ,
4, ,46, ,
0, ,46, ,
4, ,45, ,
4, ,45, ,
4, ,45, ,
0, ,44, ,
4, ,46, ,
4, ,45, ,
0, ,45, ,
-2, ,45, ,
0, ,45, ,
1, ,44, ,
4, ,45, ,
1, ,46, ,
5, ,45, ,
9, ,45, ,
4, ,45, ,
0, ,45, ,
5, ,46, ,
3, ,45, ,
1, ,45, ,
0, ,45, ,
1, ,45, ,
4, ,44, ,
1, ,45, ,
0, ,45, ,
1, ,45, ,
1, ,45, ,
1, ,45, ,
0, ,44, ,
1, ,45, ,
4, ,45, ,
4, ,45, ,
3, ,46, ,
6, ,45, ,
4, ,44, ,
8, ,45, ,
0, ,45, ,
3, ,45, ,
5, ,45, ,
1, ,45, ,
-1, ,44, ,
5, ,45, ,
-1, ,44, ,
3, ,45, ,
0, ,45, ,
1, ,45, ,
4, ,44, ,
5, ,45, ,
0, ,45, ,
4, ,45, ,
8, ,45, ,
6, ,45, ,
4, ,44, ,
10, ,45, ,
6, ,45, ,
1, ,45, ,
-4, ,45, ,
1, ,45, ,
3, ,44, ,
4, ,45, ,
0, ,45, ,
4, ,45, ,
9, ,45, ,
5, ,45, ,
1, ,44, ,
5, ,45, ,
3, ,45, ,
4, ,45, ,
3, ,45, ,
4, ,45, ,
6, ,44, ,
6, ,45, ,
3, ,45, ,
9, ,44, ,
6, ,45, ,
8, ,45, ,
3, ,44, ,
8, ,45, ,
10, ,45, ,
6, ,45, ,
4, ,45, ,
5, ,45, ,
1, ,44, ,
6, ,45, ,
-4, ,45, ,
5, ,45, ,
6, ,45, ,
4, ,45, ,
3, ,44, ,
8, ,45, ,
5, ,44, ,
5, ,45, ,
1, ,45, ,
4, ,45, ,
5, ,44, ,
5, ,45, ,
0, ,45, ,
6, ,44, ,
8, ,45, ,
9, ,45, ,
4, ,44, ,
5, ,45, ,
6, ,44, ,
4, ,45, ,
0, ,45, ,
4, ,45, ,
5, ,44, ,
8, ,45, ,
3, ,45, ,
5, ,45, ,
8, ,45, ,
3, ,45, ,
-2, ,44, ,
4, ,45, ,
0, ,44, ,
1, ,45, ,
-1, ,45, ,
3, ,45, ,
5, ,44, ,
3, ,45, ,
-1, ,45, ,
1, ,44, ,
3, ,45, ,
1, ,45, ,
-1, ,44, ,
5, ,45, ,
1, ,44, ,
1, ,45, ,
0, ,45, ,
1, ,45, ,
-1, ,44, ,
0, ,45, ,
-4, ,45, ,
4, ,45, ,
9, ,45, ,
5, ,45, ,
1, ,44, ,
6, ,45, ,
1, ,44, ,
3, ,45, ,
0, ,45, ,
1, ,45, ,
0, ,44, ,
-1, ,45, ,
-6, ,45, ,
3, ,45, ,
3, ,45, ,
4, ,45, ,
-2, ,44, ,
4, ,45, ,
3, ,44, ,
3, ,45, ,
1, ,45, ,
1, ,45, ,
1, ,44, ,
3, ,45, ,
-5, ,45, ,
-4, ,44, ,
1, ,45, ,
0, ,45, ,
-1, ,43, ,
4, ,45, ,
0, ,44, ,
4, ,45, ,
1, ,45, ,
1, ,45, ,
1, ,44, ,
0, ,45, ,
-2, ,44, ,
-2, ,45, ,
0, ,45, ,
3, ,45, ,
0, ,44, ,
4, ,45, ,
4, ,44, ,
0, ,45, ,
-4, ,45, ,
0, ,45, ,
1, ,43, ,
4, ,45, ,
-4, ,45, ,
-1, ,45, ,
0, ,45, ,
-4, ,45, ,
-7, ,44, ,
0, ,45, ,
0, ,44, ,
3, ,44, ,
-1, ,45, ,
0, ,44, ,
1, ,44, ,
-2, ,45, ,
-6, ,45, ,
-1, ,44, ,
-5, ,44, ,
-2, ,44, ,
-6, ,44, ,
0, ,45, ,
1, ,44, ,
-1, ,44, ,
-2, ,45, ,
1, ,45, ,
0, ,44, ,
0, ,45, ,
-6, ,45, ,
-4, ,44, ,
1, ,44, ,
-4, ,45, ,
-6, ,44, ,
6, ,45, ,
1, ,44, ,
3, ,45, ,
1, ,45, ,
3, ,45, ,
1, ,44, ,
0, ,45, ,
-5, ,45, ,
-1, ,44, ,
0, ,45, ,
-1, ,44, ,
-1, ,44, ,
1, ,45, ,
0, ,44, ,
0, ,45, ,
0, ,45, ,
1, ,45, ,
3, ,44, ,
0, ,45, ,
-1, ,45, ,
0, ,44, ,
3, ,45, ,
-1, ,44, ,
-6, ,44, ,
0, ,45, ,
-4, ,44, ,
3, ,45, ,
1, ,45, ,
4, ,45, ,
5, ,44, ,
4, ,45, ,
-1, ,45, ,
3, ,44, ,
0, ,45, ,
0, ,45, ,
-5, ,44, ,
3, ,45, ,
3, ,44, ,
0, ,45, ,
-1, ,45, ,
-1, ,45, ,
-1, ,44, ,
3, ,45, ,
-4, ,45, ,
0, ,44, ,
4, ,45, ,
0, ,45, ,
0, ,44, ,
3, ,45, ,
-5, ,45, ,
4, ,45, ,
4, ,45, ,
-2, ,45, ,
1, ,44, ,
-1, ,45, ,
-5, ,45, ,
-1, ,44, ,
-1, ,45, ,
-1, ,45, ,
-1, ,44, ,
4, ,45, ,
3, ,44, ,
1, ,44, ,
-4, ,45, ,
0, ,45, ,
0, ,43, ,
3, ,45, ,
-1, ,45, ,
3, ,45, ,
4, ,45, ,
-4, ,45, ,
-7, ,44, ,
-1, ,45, ,
-5, ,44, ,
0, ,45, ,
-1, ,45, ,
3, ,44, ,
5, ,44, ,
4, ,45, ,
0, ,45, ,
4, ,44, ,
6, ,45, ,
1, ,45, ,
1, ,44, ,
8, ,45, ,
4, ,44, ,
6, ,45, ,
4, ,45, ,
3, ,45, ,
4, ,44, ,
3, ,45, ,
0, ,45, ,
4, ,44, ,
5, ,45, ,
3, ,44, ,
-1, ,44, ,
5, ,45, ,
0, ,44, ,
1, ,44, ,
-1, ,45, ,
3, ,45, ,
5, ,44, ,
5, ,45, ,
1, ,45, ,
8, ,44, ,
9, ,45, ,
6, ,45, ,
0, ,44, ,
4, ,45, ,
3, ,44, ,
1, ,45, ,
0, ,45, ,
3, ,45, ,
3, ,43, ,
8, ,45, ,
0, ,44, ,
5, ,44, ,
6, ,45, ,
4, ,45, ,
1, ,44, ,
5, ,45, ,
4, ,44, ,
4, ,44, ,
1, ,45, ,
3, ,45, ,
5, ,44, ,
5, ,45, ,
0, ,45, ,
3, ,45, ,
3, ,44, ,
4, ,45, ,
-1, ,44, ,
5, ,45, ,
4, ,44, ,
3, ,44, ,
3, ,45, ,
4, ,45, ,
4, ,44, ,
6, ,45, ,
1, ,45, ,
5, ,44, ,
9, ,45, ,
4, ,45, ,
1, ,44, ,
5, ,45, ,
-2, ,44, ,
1, ,44, ,
0, ,45, ,
4, ,45, ,
4, ,44, ,
6, ,45, ,
6, ,45, ,
8, ,44, ,
6, ,45, ,
4, ,45, ,
-1, ,43, ,
4, ,45, ,
0, ,44, ,
0, ,44, ,
3, ,45, ,
4, ,44, ,
3, ,43, ,
5, ,45, ,
-1, ,45, ,
4, ,44, ,
6, ,45, ,
5, ,44, ,
3, ,44, ,
8, ,45, ,
4, ,44, ,
4, ,44, ,
3, ,45, ,
1, ,45, ,
1, ,44, ,
4, ,45, ,
-2, ,44, ,
4, ,44, ,
5, ,45, ,
3, ,45, ,
1, ,44, ,
5, ,45, ,
5, ,44, ,
3, ,45, ,
1, ,45, ,
4, ,45, ,
4, ,44, ,
8, ,45, ,
1, ,45, ,
5, ,44, ,
10, ,45, ,
1, ,45, ,
-1, ,44, ,
3, ,45, ,
-1, ,44, ,
0, ,45, ,
-2, ,45, ,
4, ,45, ,
5, ,44, ,
5, ,45, ,
0, ,45, ,
3, ,44, ,
4, ,45, ,
4, ,44, ,
-4, ,44, ,
4, ,45, ,
3, ,44, ,
3, ,45, ,
1, ,45, ,
1, ,45, ,
0, ,44, ,
-1, ,45, ,
-5, ,44, ,
0, ,44, ,
3, ,44, ,
3, ,45, ,
0, ,44, ,
5, ,45, ,
3, ,44, ,
1, ,45, ,
-1, ,45, ,
0, ,45, ,
3, ,43, ,
4, ,45, ,
-2, ,45, ,
6, ,44, ,
5, ,45, ,
3, ,44, ,
-1, ,44, ,
3, ,45, ,
1, ,44, ,
0, ,44, ,
-4, ,45, ,
0, ,45, ,
-2, ,44, ,
0, ,45, ,
-5, ,45, ,
-2, ,44, ,
3, ,45, ,
1, ,44, ,
-4, ,44, ,
4, ,45, ,
4, ,44, ,
6, ,45, ,
3, ,45, ,
3, ,44, ,
3, ,44, ,
1, ,45, ,
-5, ,45, ,
-1, ,44, ,
1, ,45, ,
0, ,45, ,
0, ,44, ,
5, ,45, ,
5, ,44, ,
4, ,44, ,
3, ,45, ,
3, ,45, ,
1, ,43, ,
3, ,45, ,
-2, ,45, ,
-1, ,44, ,
3, ,45, ,
0, ,45, ,
-4, ,44, ,
6, ,45, ,
3, ,44, ,
3, ,45, ,
0, ,45, ,
1, ,45, ,
4, ,44, ,
3, ,45, ,
-1, ,45, ,
1, ,45, ,
-1, ,45, ,
1, ,44, ,
-4, ,44, ,
3, ,45, ,
1, ,44, ,
1, ,44, ,
0, ,45, ,
0, ,44, ,
0, ,44, ,
1, ,45, ,
-2, ,45, ,
0, ,44, ,
1, ,45, ,
-1, ,44, ,
-2, ,44, ,
4, ,45, ,
-1, ,44, ,
4, ,45, ,
1, ,45, ,
1, ,45, ,
1, ,44, ,
-1, ,45, ,
-7, ,45, ,
0, ,44, ,
-2, ,45, ,
0, ,44, ,
-1, ,44, ,
5, ,45, ,
5, ,44, ,
1, ,44, ,
-4, ,45, ,
1, ,44, ,
1, ,44, ,
3, ,45, ,
-2, ,45, ,
-1, ,44, ,
3, ,45, ,
0, ,45, ,
-2, ,44, ,
1, ,45, ,
-2, ,44, ,
1, ,45, ,
1, ,45, ,
3, ,45, ,
1, ,44, ,
1, ,45, ,
-1, ,44, ,
1, ,45, ,
4, ,44, ,
0, ,44, ,
-5, ,44, ,
4, ,45, ,
4, ,44, ,
3, ,45, ,
4, ,45, ,
8, ,45, ,
8, ,44, ,
4, ,45, ,
-5, ,45, ,
0, ,45, ,
5, ,45, ,
1, ,44, ,
-1, ,44, ,
6, ,45, ,
1, ,44, ,
3, ,44, ,
1, ,45, ,
5, ,45, ,
5, ,44, ,
4, ,45, ,
-1, ,45, ,
5, ,44, ,
5, ,45, ,
3, ,45, ,
0, ,44, ,
3, ,45, ,
4, ,44, ,
0, ,44, ,
-2, ,45, ,
-1, ,45, ,
-1, ,44, ,
1, ,45, ,
-2, ,45, ,
3, ,44, ,
5, ,45, ,
3, ,44, ,
3, ,44, ,
4, ,45, ,
4, ,44, ,
3, ,44, ,
0, ,45, ,
3, ,44, ,
4, ,43, ,
3, ,45, ,
-2, ,45, ,
0, ,44, ,
0, ,45, ,
-1, ,44, ,
-4, ,44, ,
0, ,45, ,
3, ,44, ,
3, ,45, ,
1, ,45, ,
6, ,45, ,
5, ,44, ,
4, ,45, ,
0, ,45, ,
1, ,44, ,
3, ,45, ,
1, ,45, ,
-1, ,44, ,
5, ,45, ,
3, ,44, ,
3, ,45, ,
-1, ,45, ,
1, ,45, ,
3, ,44, ,
3, ,45, ,
1, ,45, ,
6, ,44, ,
5, ,45, ,
3, ,45, ,
-2, ,44, ,
4, ,45, ,
1, ,44, ,
-2, ,45, ,
-5, ,45, ,
3, ,45, ,
1, ,44, ,
5, ,45, ,
3, ,45, ,
6, ,44, ,
6, ,45, ,
3, ,45, ,
1, ,44, ,
1, ,45, ,
3, ,44, ,
4, ,45, ,
3, ,45, ,
4, ,45, ,
5, ,44, ,
6, ,45, ,
-2, ,44, ,
3, ,45, ,
3, ,45, ,
9, ,45, ,
-5, ,44, ,
0, ,45, ,
0, ,44, ,
5, ,45, ,
-1, ,45, ,
5, ,45, ,
6, ,44, ,
5, ,45, ,
-4, ,44, ,
4, ,44, ,
5, ,45, ,
1, ,44, ,
3, ,44, ,
6, ,45, ,
3, ,44, ,
3, ,45, ,
-1, ,45, ,
-1, ,45, ,
1, ,44, ,
3, ,45, ,
1, ,45, ,
5, ,44, ,
5, ,45, ,
4, ,45, ,
-2, ,44, ,
0, ,45, ,
-1, ,44, ,
-1, ,45, ,
1, ,45, ,
4, ,45, ,
3, ,44, ,
3, ,45, ,
-2, ,45, ,
1, ,45, ,
4, ,45, ,
0, ,45, ,
-6, ,44, ,
1, ,45, ,
-4, ,44, ,
0, ,45, ,
1, ,45, ,
0, ,45, ,
4, ,44, ,
5, ,45, ,
1, ,45, ,
6, ,45, ,
4, ,44, ,
3, ,45, ,
1, ,44, ,
3, ,45, ,
-1, ,44, ,
1, ,45, ,
-4, ,45, ,
-6, ,45, ,
0, ,44, ,
1, ,45, ,
-5, ,45, ,
3, ,44, ,
4, ,45, ,
5, ,44, ,
3, ,44, ,
6, ,45, ,
1, ,44, ,
4, ,45, ,
3, ,45, ,
3, ,45, ,
6, ,44, ,
4, ,45, ,
0, ,45, ,
1, ,44, ,
0, ,45, ,
-2, ,45, ,
-4, ,44, ,
4, ,45, ,
4, ,43, ,
0, ,38, ,
-9, ,28, ,
-4, ,18, ,
-1, ,8, ,
1, ,1, ,
-2, ,-6, ,
1, ,-12, ,
0, ,-17, ,
-9, ,-21, ,
-4, ,-25, ,
0, ,-28, ,
-4, ,-31, ,
0, ,-33, ,
0, ,-36, ,
-4, ,-37, ,
-2, ,-38, ,
-5, ,-40, ,
-7, ,-41, ,
-4, ,-42, ,
-1, ,-43, ,
0, ,-43, ,
-2, ,-43, ,
3, ,-45, ,
3, ,-45, ,
-2, ,-45, ,
0, ,-46, ,
1, ,-46, ,
4, ,-46, ,
5, ,-47, ,
0, ,-47, ,
3, ,-47, ,
4, ,-47, ,
1, ,-47, ,
-2, ,-47, ,
0, ,-49, ,
0, ,-49, ,
-1, ,-47, ,
-4, ,-49, ,
-2, ,-49, ,
5, ,-47, ,
-1, ,-49, ,
-5, ,-49, ,
-1, ,-49, ,
0, ,-47, ,
1, ,-47, ,
-1, ,-47, ,
5, ,-49, ,
5, ,-47, ,
3, ,-47, ,
1, ,-49, ,
4, ,-49, ,
0, ,-47, ,
3, ,-49, ,
-4, ,-49, ,
-1, ,-47, ,
1, ,-49, ,
-1, ,-47, ,
-2, ,-47, ,
6, ,-49, ,
4, ,-49, ,
3, ,-47, ,
0, ,-47, ,
1, ,-49, ,
4, ,-47, ,
0, ,-49, ,
-2, ,-49, ,
0, ,-47, ,
1, ,-47, ,
0, ,-47, ,
-4, ,-47, ,
5, ,-49, ,
8, ,-47, ,
4, ,-47, ,
1, ,-47, ,
3, ,-49, ,
3, ,-47, ,
6, ,-49, ,
-1, ,-47, ,
4, ,-47, ,
4, ,-47, ,
1, ,-47, ,
-2, ,-47, ,
0, ,-49, ,
1, ,-47, ,
3, ,-47, ,
1, ,-47, ,
3, ,-49, ,
6, ,-46, ,
6, ,-49, ,
-1, ,-47, ,
1, ,-47, ,
3, ,-47, ,
0, ,-47, ,
-5, ,-47, ,
5, ,-49, ,
4, ,-47, ,
3, ,-47, ,
1, ,-47, ,
1, ,-49, ,
-1, ,-46, ,
0, ,-49, ,
-6, ,-47, ,
0, ,-47, ,
4, ,-47, ,
1, ,-47, ,
1, ,-47, ,
8, ,-49, ,
4, ,-47, ,
3, ,-46, ,
-1, ,-47, ,
0, ,-47, ,
0, ,-46, ,
0, ,-49, ,
-5, ,-47, ,
0, ,-47, ,
1, ,-47, ,
-2, ,-47, ,
-1, ,-47, ,
1, ,-49, ,
1, ,-47, ,
0, ,-47, ,
-2, ,-47, ,
3, ,-47, ,
3, ,-46, ,
3, ,-47, ,
1, ,-47, ,
4, ,-47, ,
6, ,-47, ,
4, ,-47, ,
0, ,-47, ,
4, ,-49, ,
1, ,-47, ,
3, ,-46, ,
1, ,-47, ,
3, ,-49, ,
4, ,-46, ,
1, ,-47, ,
-2, ,-47, ,
1, ,-47, ,
3, ,-47, ,
3, ,-47, ,
-2, ,-47, ,
4, ,-49, ,
6, ,-47, ,
5, ,-47, ,
3, ,-47, ,
1, ,-47, ,
1, ,-47, ,
1, ,-49, ,
-4, ,-47, ,
3, ,-47, ,
3, ,-47, ,
1, ,-47, ,
0, ,-47, ,
3, ,-49, ,
0, ,-47, ,
1, ,-47, ,
1, ,-47, ,
3, ,-47, ,
5, ,-46, ,
4, ,-47, ,
3, ,-47, ,
6, ,-47, ,
6, ,-47, ,
5, ,-47, ,
0, ,-46, ,
3, ,-49, ,
4, ,-47, ,
0, ,-46, ,
0, ,-47, ,
3, ,-49, ,
4, ,-46, ,
4, ,-47, ,
0, ,-47, ,
0, ,-47, ,
4, ,-47, ,
-1, ,-47, ,
-1, ,-46, ,
1, ,-49, ,
-1, ,-47, ,
3, ,-47, ,
1, ,-47, ,
1, ,-47, ,
4, ,-46, ,
1, ,-47, ,
-4, ,-47, ,
0, ,-47, ,
1, ,-47, ,
1, ,-47, ,
-1, ,-47, ,
3, ,-49, ,
5, ,-47, ,
4, ,-47, ,
1, ,-47, ,
3, ,-47, ,
1, ,-46, ,
3, ,-47, ,
-1, ,-47, ,
3, ,-47, ,
5, ,-47, ,
3, ,-47, ,
-5, ,-47, ,
0, ,-49, ,
-2, ,-47, ,
-1, ,-47, ,
-1, ,-47, ,
1, ,-47, ,
8, ,-46, ,
5, ,-47, ,
3, ,-47, ,
8, ,-47, ,
4, ,-47, ,
0, ,-47, ,
-1, ,-47, ,
0, ,-49, ,
3, ,-47, ,
1, ,-47, ,
0, ,-47, ,
3, ,-47, ,
3, ,-46, ,
5, ,-47, ,
3, ,-47, ,
1, ,-47, ,
8, ,-47, ,
1, ,-47, ,
0, ,-47, ,
5, ,-49, ,
3, ,-47, ,
4, ,-46, ,
0, ,-47, ,
1, ,-47, ,
3, ,-46, ,
4, ,-47, ,
-1, ,-47, ,
1, ,-47, ,
5, ,-47, ,
1, ,-47, ,
0, ,-47, ,
4, ,-47, ,
1, ,-47, ,
1, ,-47, ,
-2, ,-47, ,
1, ,-47, ,
3, ,-46, ,
8, ,-47, ,
1, ,-47, ,
3, ,-47, ,
6, ,-47, ,
1, ,-47, ,
-2, ,-46, ,
3, ,-49, ,
-4, ,-47, ,
0, ,-47, ,
-2, ,-47, ,
-1, ,-47, ,
4, ,-46, ,
-1, ,-47, ,
-2, ,-47, ,
1, ,-47, ,
0, ,-47, ,
1, ,-47, ,
-2, ,-47, ,
3, ,-49, ,
3, ,-47, ,
3, ,-47, ,
1, ,-47, ,
1, ,-47, ,
-1, ,-46, ,
-4, ,-47, ,
-11, ,-47, ,
-6, ,-47, ,
-5, ,-47, ,
-10, ,-47, ,
-11, ,-47, ,
-2, ,-49, ,
-7, ,-47, ,
-7, ,-46, ,
-7, ,-47, ,
-6, ,-49, ,
4, ,-46, ,
8, ,-47, ,
8, ,-47, ,
15, ,-47, ,
15, ,-47, ,
9, ,-47, ,
5, ,-46, ,
3, ,-49, ,
-1, ,-47, ,
-7, ,-46, ,
-9, ,-47, ,
-4, ,-47, ,
-1, ,-46, ,
0, ,-47, ,
-4, ,-47, ,
0, ,-47, ,
4, ,-47, ,
-1, ,-47, ,
-2, ,-47, ,
0, ,-49, ,
0, ,-47, ,
1, ,-47, ,
0, ,-47, ,
0, ,-47, ,
0, ,-46, ,
-2, ,-47, ,
-4, ,-47, ,
0, ,-47, ,
4, ,-47, ,
4, ,-47, ,
3, ,-46, ,
8, ,-49, ,
3, ,-47, ,
-1, ,-47, ,
-6, ,-47, ,
-5, ,-47, ,
-2, ,-46, ,
-2, ,-47, ,
-2, ,-47, ,
3, ,-47, ,
5, ,-47, ,
5, ,-47, ,
0, ,-46, ,
5, ,-49, ,
1, ,-47, ,
-2, ,-46, ,
-4, ,-47, ,
-4, ,-47, ,
-1, ,-46, ,
-1, ,-47, ,
-2, ,-47, ,
0, ,-47, ,
1, ,-47, ,
3, ,-47, ,
0, ,-47, ,
4, ,-49, ,
4, ,-47, ,
1, ,-47, ,
0, ,-47, ,
3, ,-47, ,
1, ,-46, ,
1, ,-47, ,
-5, ,-47, ,
-2, ,-47, ,
3, ,-47, ,
-2, ,-47, ,
-1, ,-46, ,
4, ,-49, ,
4, ,-47, ,
4, ,-47, ,
1, ,-47, ,
1, ,-47, ,
3, ,-46, ,
0, ,-47, ,
-2, ,-47, ,
-1, ,-47, ,
3, ,-47, ,
-2, ,-47, ,
-2, ,-46, ,
1, ,-49, ,
3, ,-47, ,
1, ,-47, ,
0, ,-47, ,
3, ,-47, ,
0, ,-46, ,
0, ,-47, ,
-1, ,-47, ,
1, ,-47, ,
5, ,-47, ,
3, ,-47, ,
1, ,-47, ,
4, ,-49, ,
3, ,-47, ,
4, ,-47, ,
3, ,-47, ,
4, ,-47, ,
6, ,-46, ,
6, ,-47, ,
4, ,-47, ,
5, ,-47, ,
5, ,-47, ,
4, ,-47, ,
1, ,-46, ,
5, ,-47, ,
6, ,-47, ,
4, ,-47, ,
4, ,-47, ,
9, ,-47, ,
8, ,-46, ,
6, ,-47, ,
0, ,-47, ,
0, ,-47, ,
0, ,-47, ,
-1, ,-47, ,
-2, ,-46, ,
3, ,-47, ,
1, ,-47, ,
4, ,-47, ,
1, ,-47, ,
1, ,-47, ,
3, ,-46, ,
4, ,-47, ,
0, ,-47, ,
5, ,-47, ,
6, ,-47, ,
6, ,-47, ,
5, ,-46, ,
8, ,-49, ,
5, ,-47, ,
4, ,-46, ,
4, ,-47, ,
4, ,-47, ,
1, ,-46, ,
5, ,-47, ,
-1, ,-47, ,
4, ,-46, ,
8, ,-47, ,
3, ,-47, ,
0, ,-47, ,
6, ,-47, ,
4, ,-47, ,
4, ,-46, ,
1, ,-47, ,
4, ,-47, ,
5, ,-46, ,
3, ,-47, ,
-1, ,-47, ,
0, ,-47, ,
1, ,-47, ,
0, ,-47, ,
-4, ,-47, ,
4, ,-49, ,
3, ,-47, ,
5, ,-47, ,
3, ,-47, ,
4, ,-47, ,
4, ,-46, ,
4, ,-47, ,
-2, ,-47, ,
1, ,-47, ,
1, ,-47, ,
3, ,-47, ,
0, ,-46, ,
8, ,-49, ,
5, ,-47, ,
5, ,-46, ,
5, ,-47, ,
5, ,-47, ,
8, ,-46, ,
4, ,-47, ,
-1, ,-47, ,
6, ,-47, ,
8, ,-47, ,
4, ,-47, ,
4, ,-46, ,
5, ,-49, ,
6, ,-47, ,
1, ,-47, ,
4, ,-47, ,
3, ,-47, ,
4, ,-46, ,
5, ,-47, ,
1, ,-47, ,
6, ,-47, ,
13, ,-47, ,
0, ,-47, ,
-4, ,-46, ,
3, ,-47, ,
0, ,-47, ,
3, ,-47, ,
0, ,-47, ,
4, ,-47, ,
6, ,-46, ,
6, ,-47, ,
4, ,-47, ,
4, ,-47, ,
4, ,-47, ,
4, ,-47, ,
4, ,-47, ,
6, ,-49, ,
6, ,-47, ,
9, ,-47, ,
8, ,-47, ,
9, ,-47, ,
6, ,-46, ,
6, ,-47, ,
3, ,-47, ,
5, ,-47, ,
6, ,-47, ,
3, ,-47, ,
3, ,-47, ,
6, ,-49, ,
3, ,-47, ,
3, ,-47, ,
3, ,-47, ,
3, ,-47, ,
1, ,-46, ,
5, ,-47, ,
-1, ,-47, ,
3, ,-47, ,
1, ,-47, ,
1, ,-47, ,
-1, ,-46, ,
1, ,-47, ,
0, ,-47, ,
-1, ,-47, ,
1, ,-47, ,
4, ,-47, ,
6, ,-46, ,
8, ,-49, ,
3, ,-47, ,
5, ,-47, ,
5, ,-47, ,
0, ,-47, ,
-6, ,-46, ,
1, ,-47, ,
1, ,-47, ,
3, ,-47, ,
3, ,-47, ,
4, ,-47, ,
3, ,-46, ,
6, ,-47, ,
4, ,-47, ,
8, ,-47, ,
5, ,-47, ,
5, ,-47, ,
1, ,-47, ,
3, ,-47, ,
1, ,-47, ,
-1, ,-47, ,
-5, ,-47, ,
-4, ,-47, ,
-4, ,-46, ,
-2, ,-47, ,
-5, ,-47, ,
3, ,-47, ,
6, ,-47, ,
1, ,-47, ,
-1, ,-47, ,
3, ,-49, ,
0, ,-47, ,
-2, ,-46, ,
-4, ,-47, ,
-2, ,-47, ,
-1, ,-46, ,
0, ,-47, ,
-4, ,-47, ,
1, ,-47, ,
3, ,-47, ,
0, ,-47, ,
-2, ,-47, ,
1, ,-47, ,
1, ,-47, ,
-1, ,-47, ,
-1, ,-47, ,
0, ,-47, ,
-2, ,-46, ,
1, ,-47, ,
-4, ,-47, ,
0, ,-47, ,
3, ,-47, ,
-1, ,-47, ,
-4, ,-46, ,
0, ,-49, ,
-2, ,-47, ,
-2, ,-47, ,
-1, ,-47, ,
-4, ,-47, ,
-2, ,-46, ,
-4, ,-47, ,
-9, ,-47, ,
-2, ,-47, ,
-5, ,-47, ,
-4, ,-47, ,
-6, ,-47, ,
-4, ,-47, ,
-2, ,-47, ,
-5, ,-47, ,
-4, ,-47, ,
-4, ,-47, ,
-4, ,-46, ,
-6, ,-47, ,
-7, ,-47, ,
-4, ,-47, ,
-2, ,-47, ,
-2, ,-47, ,
-5, ,-47, ,
-6, ,-49, ,
-7, ,-47, ,
-5, ,-47, ,
-6, ,-47, ,
-2, ,-47, ,
-2, ,-46, ,
-1, ,-47, ,
-4, ,-47, ,
-2, ,-47, ,
-2, ,-47, ,
-5, ,-47, ,
-5, ,-47, ,
-1, ,-49, ,
-1, ,-47, ,
-2, ,-47, ,
-5, ,-47, ,
-4, ,-47, ,
-6, ,-46, ,
-6, ,-47, ,
-5, ,-47, ,
-5, ,-47, ,
-2, ,-47, ,
-5, ,-47, ,
-6, ,-47, ,
3, ,-49, ,
-1, ,-47, ,
-2, ,-46, ,
-2, ,-47, ,
-4, ,-47, ,
-2, ,-47, ,
-5, ,-49, ,
-7, ,-47, ,
-4, ,-47, ,
0, ,-47, ,
-1, ,-47, ,
0, ,-46, ,
5, ,-47, ,
4, ,-47, ,
0, ,-47, ,
1, ,-47, ,
1, ,-47, ,
0, ,-46, ,
3, ,-47, ,
-1, ,-47, ,
3, ,-47, ,
4, ,-47, ,
-1, ,-46, ,
-5, ,-46, ,
0, ,-49, ,
-4, ,-47, ,
-2, ,-46, ,
-1, ,-47, ,
-1, ,-47, ,
0, ,-46, ,
-1, ,-47, ,
-2, ,-47, ,
0, ,-47, ,
0, ,-47, ,
-1, ,-47, ,
-2, ,-47, ,
0, ,-49, ,
1, ,-47, ,
-2, ,-47, ,
-1, ,-47, ,
-1, ,-49, ,
-5, ,-47, ,
-2, ,-47, ,
-4, ,-47, ,
-1, ,-47, ,
4, ,-47, ,
1, ,-47, ,
1, ,-47, ,
9, ,-49, ,
6, ,-47, ,
5, ,-46, ,
-1, ,-47, ,
3, ,-47, ,
4, ,-46, ,
3, ,-47, ,
0, ,-47, ,
5, ,-47, ,
8, ,-47, ,
5, ,-47, ,
0, ,-46, ,
5, ,-49, ,
3, ,-47, ,
1, ,-47, ,
0, ,-47, ,
3, ,-47, ,
4, ,-46, ,
4, ,-47, ,
3, ,-47, ,
4, ,-47, ,
5, ,-47, ,
4, ,-47, ,
0, ,-47, ,
6, ,-49, ,
6, ,-47, ,
6, ,-46, ,
6, ,-47, ,
5, ,-47, ,
5, ,-46, ,
4, ,-47, ,
-2, ,-47, ,
1, ,-47, ,
3, ,-47, ,
5, ,-47, ,
3, ,-47, ,
9, ,-49, ,
10, ,-47, ,
6, ,-47, ,
5, ,-47, ,
6, ,-47, ,
4, ,-46, ,
6, ,-47, ,
3, ,-47, ,
6, ,-47, ,
9, ,-47, ,
6, ,-47, ,
5, ,-47, ,
10, ,-49, ,
5, ,-47, ,
5, ,-46, ,
3, ,-47, ,
5, ,-47, ,
5, ,-46, ,
6, ,-47, ,
4, ,-47, ,
5, ,-47, ,
3, ,-47, ,
5, ,-47, ,
4, ,-47, ,
5, ,-49, ,
4, ,-47, ,
4, ,-47, ,
1, ,-47, ,
4, ,-47, ,
6, ,-46, ,
6, ,-47, ,
1, ,-47, ,
6, ,-47, ,
6, ,-47, ,
6, ,-47, ,
3, ,-47, ,
9, ,-49, ,
6, ,-47, ,
8, ,-46, ,
8, ,-47, ,
8, ,-47, ,
9, ,-46, ,
8, ,-47, ,
4, ,-47, ,
6, ,-47, ,
4, ,-47, ,
6, ,-47, ,
6, ,-47, ,
4, ,-47, ,
5, ,-47, ,
0, ,-44, ,
6, ,-38, ,
11, ,-28, ,
9, ,-18, ,
10, ,-9, ,
4, ,-2, ,
3, ,5, ,
6, ,11, ,
10, ,15, ,
6, ,19, ,
8, ,23, ,
6, ,26, ,
8, ,28, ,
6, ,32, ,
8, ,33, ,
11, ,35, ,
13, ,37, ,
8, ,38, ,
10, ,39, ,
11, ,40, ,
3, ,41, ,
4, ,41, ,
5, ,42, ,
5, ,42, ,
6, ,43, ,
5, ,44, ,
8, ,44, ,
6, ,43, ,
8, ,44, ,
1, ,44, ,
4, ,44, ,
5, ,45, ,
4, ,45, ,
1, ,44, ,
5, ,45, ,
1, ,45, ,
4, ,45, ,
5, ,45, ,
5, ,45, ,
8, ,44, ,
5, ,45, ,
1, ,45, ,
1, ,45, ,
3, ,45, ,
3, ,45, ,
-2, ,45, ,
0, ,46, ,
-1, ,45, ,
-1, ,45, ,
-5, ,45, ,
-2, ,46, ,
-2, ,44, ,
1, ,46, ,
-2, ,45, ,
1, ,45, ,
3, ,45, ,
0, ,45, ,
-2, ,44, ,
-1, ,46, ,
-1, ,45, ,
-1, ,45, ,
0, ,45, ,
0, ,45, ,
3, ,44, ,
3, ,46, ,
-4, ,45, ,
0, ,45, ,
-2, ,45, ,
0, ,45, ,
-6, ,44, ,
-2, ,45, ,
-1, ,44, ,
-2, ,45, ,
1, ,45, ,
-1, ,45, ,
-1, ,44, ,
3, ,45, ,
-6, ,45, ,
1, ,45, ,
1, ,45, ,
-2, ,45, ,
-7, ,44, ,
-4, ,45, ,
-5, ,44, ,
-5, ,45, ,
-5, ,45, ,
-1, ,45, ,
-4, ,44, ,
-2, ,45, ,
-5, ,45, ,
-1, ,45, ,
0, ,45, ,
3, ,45, ,
-1, ,44, ,
-11, ,45, ,
-2, ,45, ,
6, ,45, ,
-7, ,45, ,
3, ,45, ,
1, ,44, ,
0, ,45, ,
-9, ,45, ,
-1, ,45, ,
3, ,45, ,
-1, ,45, ,
-5, ,44, ,
3, ,45, ,
-2, ,44, ,
-4, ,45, ,
-4, ,45, ,
-4, ,45, ,
-1, ,44, ,
-1, ,45, ,
-7, ,45, ,
-1, ,45, ,
-2, ,45, ,
-2, ,45, ,
-9, ,44, ,
0, ,45, ,
-1, ,44, ,
-5, ,45, ,
-4, ,45, ,
-2, ,45, ,
-4, ,44, ,
-1, ,45, ,
-6, ,45, ,
-2, ,44, ,
1, ,45, ,
-4, ,45, ,
-4, ,44, ,
1, ,45, ,
-1, ,44, ,
-2, ,45, ,
-5, ,45, ,
-4, ,45, ,
-2, ,44, ,
-1, ,45, ,
-2, ,45, ,
3, ,44, ,
1, ,45, ,
-1, ,45, ,
-2, ,44, ,
0, ,45, ,
-1, ,44, ,
-5, ,44, ,
-4, ,45, ,
0, ,45, ,
0, ,44, ,
3, ,45, ,
-5, ,45, ,
-4, ,45, ,
0, ,45, ,
-2, ,45, ,
-5, ,44, ,
1, ,45, ,
-4, ,44, ,
0, ,45, ,
-1, ,45, ,
-2, ,45, ,
1, ,44, ,
0, ,45, ,
-6, ,45, ,
1, ,45, ,
0, ,45, ,
0, ,44, ,
-4, ,44, ,
4, ,45, ,
1, ,45, ,
1, ,44, ,
-4, ,45, ,
0, ,44, ,
-1, ,44, ,
1, ,45, ,
6, ,44, ,
3, ,44, ,
4, ,45, ,
8, ,45, ,
3, ,44, ,
8, ,45, ,
5, ,44, ,
5, ,44, ,
3, ,45, ,
3, ,45, ,
1, ,44, ,
3, ,45, ,
-2, ,45, ,
0, ,45, ,
1, ,45, ,
0, ,45, ,
-2, ,44, ,
3, ,45, ,
3, ,44, ,
0, ,45, ,
1, ,45, ,
3, ,45, ,
3, ,44, ,
5, ,45, ,
-1, ,44, ,
3, ,44, ,
5, ,45, ,
3, ,45, ,
0, ,44, ,
4, ,45, ,
5, ,44, ,
5, ,45, ,
-2, ,45, ,
4, ,44, ,
0, ,44, ,
4, ,45, ,
-2, ,45, ,
3, ,44, ,
5, ,45, ,
5, ,44, ,
5, ,44, ,
8, ,45, ,
6, ,44, ,
4, ,45, ,
0, ,45, ,
3, ,45, ,
0, ,43, ,
1, ,45, ,
-1, ,45, ,
3, ,44, ,
8, ,45, ,
4, ,44, ,
1, ,44, ,
6, ,45, ,
3, ,44, ,
5, ,45, ,
4, ,45, ,
3, ,45, ,
5, ,44, ,
5, ,45, ,
4, ,45, ,
4, ,44, ,
5, ,45, ,
5, ,45, ,
1, ,44, ,
6, ,45, ,
6, ,44, ,
4, ,44, ,
6, ,45, ,
6, ,45, ,
6, ,44, ,
8, ,45, ,
0, ,45, ,
3, ,44, ,
5, ,45, ,
6, ,45, ,
4, ,44, ,
9, ,45, ,
6, ,44, ,
9, ,44, ,
8, ,45, ,
6, ,45, ,
5, ,43, ,
5, ,45, ,
3, ,45, ,
5, ,45, ,
8, ,45, ,
4, ,44, ,
1, ,44, ,
8, ,45, ,
5, ,44, ,
6, ,45, ,
4, ,45, ,
5, ,45, ,
8, ,43, ,
9, ,45, ,
3, ,45, ,
4, ,44, ,
5, ,45, ,
1, ,45, ,
1, ,44, ,
5, ,45, ,
5, ,44, ,
8, ,45, ,
4, ,45, ,
8, ,45, ,
8, ,44, ,
6, ,45, ,
3, ,45, ,
5, ,44, ,
5, ,45, ,
5, ,44, ,
1, ,44, ,
6, ,45, ,
6, ,44, ,
4, ,45, ,
3, ,45, ,
3, ,45, ,
3, ,43, ,
5, ,45, ,
0, ,45, ,
3, ,44, ,
4, ,44, ,
1, ,44, ,
-2, ,44, ,
6, ,45, ,
4, ,44, ,
4, ,45, ,
4, ,45, ,
1, ,45, ,
4, ,44, ,
3, ,45, ,
-5, ,45, ,
0, ,45, ,
1, ,45, ,
0, ,45, ,
-4, ,44, ,
0, ,45, ,
5, ,44, ,
-2, ,44, ,
4, ,45, ,
6, ,44, ,
4, ,44, ,
10, ,45, ,
3, ,45, ,
8, ,44, ,
6, ,45, ,
1, ,44, ,
-1, ,44, ,
3, ,45, ,
1, ,44, ,
4, ,45, ,
4, ,45, ,
5, ,44, ,
5, ,44, ,
5, ,45, ,
-5, ,45, ,
-1, ,44, ,
3, ,45, ,
-4, ,44, ,
-4, ,44, ,
0, ,45, ,
0, ,44, ,
3, ,45, ,
4, ,45, ,
6, ,44, ,
5, ,44, ,
1, ,45, ,
-5, ,45, ,
0, ,45, ,
3, ,45, ,
-2, ,44, ,
-1, ,44, ,
5, ,45, ,
-1, ,44, ,
-1, ,45, ,
-6, ,45, ,
-5, ,45, ,
-2, ,43, ,
-2, ,45, ,
-5, ,45, ,
-1, ,44, ,
0, ,45, ,
-1, ,44, ,
-6, ,44, ,
-1, ,45, ,
0, ,45, ,
0, ,45, ,
0, ,45, ,
3, ,45, ,
3, ,44, ,
4, ,45, ,
-4, ,45, ,
0, ,45, ,
1, ,45, ,
-5, ,45, ,
-7, ,44, ,
-1, ,45, ,
0, ,44, ,
-1, ,44, ,
-2, ,45, ,
-1, ,45, ,
-1, ,44, ,
-2, ,45, ,
-6, ,44, ,
-1, ,44, ,
-1, ,45, ,
-1, ,45, ,
-4, ,44, ,
3, ,45, ,
-1, ,44, ,
-1, ,44, ,
-4, ,45, ,
0, ,45, ,
-1, ,44, ,
-1, ,45, ,
-4, ,45, ,
0, ,44, ,
1, ,45, ,
-1, ,45, ,
-1, ,44, ,
-1, ,45, ,
-5, ,44, ,
-2, ,44, ,
-5, ,45, ,
-2, ,44, ,
1, ,44, ,
4, ,45, ,
-2, ,44, ,
3, ,44, ,
1, ,45, ,
-1, ,44, ,
-6, ,44, ,
0, ,45, ,
-4, ,44, ,
-1, ,44, ,
-6, ,45, ,
-2, ,45, ,
0, ,43, ,
1, ,45, ,
-4, ,44, ,
-2, ,44, ,
1, ,45, ,
0, ,45, ,
-1, ,44, ,
4, ,45, ,
4, ,44, ,
3, ,44, ,
0, ,45, ,
-1, ,45, ,
0, ,43, ,
-4, ,45, ,
-9, ,44, ,
-1, ,44, ,
-1, ,45, ,
1, ,45, ,
-1, ,44, ,
3, ,45, ,
0, ,44, ,
-2, ,45, ,
-4, ,44, ,
1, ,45, ,
-4, ,44, ,
3, ,45, ,
0, ,45, ,
5, ,44, ,
3, ,45, ,
-1, ,45, ,
-4, ,44, ,
-1, ,45, ,
-5, ,44, ,
-1, ,45, ,
-6, ,45, ,
-2, ,45, ,
-1, ,44, ,
1, ,45, ,
-6, ,45, ,
0, ,44, ,
1, ,45, ,
1, ,44, ,
1, ,44, ,
4, ,45, ,
3, ,44, ,
3, ,45, ,
0, ,45, ,
0, ,45, ,
-1, ,44, ,
0, ,45, ,
-4, ,45, ,
0, ,44, ,
5, ,45, ,
3, ,45, ,
-2, ,44, ,
5, ,45, ,
1, ,44, ,
1, ,44, ,
-2, ,45, ,
-2, ,45, ,
0, ,44, ,
4, ,45, ,
-1, ,44, ,
6, ,45, ,
8, ,45, ,
6, ,44, ,
5, ,44, ,
8, ,45, ,
5, ,44, ,
3, ,45, ,
0, ,45, ,
1, ,45, ,
3, ,44, ,
4, ,45, ,
-1, ,44, ,
3, ,44, ,
8, ,45, ,
4, ,44, ,
0, ,44, ,
5, ,45, ,
4, ,44, ,
5, ,44, ,
4, ,45, ,
4, ,45, ,
4, ,44, ,
6, ,45, ,
-1, ,45, ,
1, ,44, ,
3, ,45, ,
0, ,45, ,
-2, ,44, ,
5, ,45, ,
4, ,44, ,
4, ,44, ,
3, ,45, ,
3, ,45, ,
3, ,44, ,
5, ,45, ,
-1, ,45, ,
1, ,44, ,
5, ,45, ,
4, ,45, ,
4, ,44, ,
4, ,45, ,
4, ,44, ,
3, ,45, ,
-1, ,45, ,
0, ,45, ,
3, ,44, ,
3, ,45, ,
-2, ,45, ,
4, ,44, ,
8, ,45, ,
5, ,45, ,
-1, ,44, ,
5, ,45, ,
3, ,44, ,
3, ,44, ,
3, ,45, ,
4, ,45, ,
4, ,44, ,
5, ,45, ,
0, ,45, ,
4, ,44, ,
3, ,45, ,
3, ,44, ,
0, ,44, ,
6, ,45, ,
5, ,45, ,
8, ,45, ,
4, ,45, ,
3, ,45, ,
5, ,44, ,
5, ,45, ,
-4, ,45, ,
0, ,44, ,
0, ,45, ,
0, ,45, ,
3, ,44, ,
5, ,45, ,
6, ,44, ,
5, ,44, ,
4, ,45, ,
3, ,44, ,
3, ,44, ,
6, ,45, ,
1, ,44, ,
8, ,45, ,
6, ,45, ,
3, ,45, ,
0, ,44, ,
5, ,45, ,
3, ,44, ,
3, ,45, ,
0, ,45, ,
3, ,45, ,
4, ,44, ,
5, ,45, ,
1, ,45, ,
3, ,45, ,
5, ,45, ,
1, ,44, ,
0, ,44, ,
5, ,45, ,
3, ,44, ,
5, ,45, ,
3, ,45, ,
6, ,45, ,
8, ,44, ,
5, ,45, ,
0, ,45, ,
3, ,44, ,
3, ,45, ,
-1, ,45, ,
-5, ,44, ,
1, ,45, ,
-1, ,44, ,
1, ,45, ,
0, ,45, ,
5, ,45, ,
4, ,44, ,
3, ,45, ,
-2, ,45, ,
1, ,44, ,
0, ,45, ,
3, ,45, ,
-1, ,44, ,
4, ,45, ,
5, ,45, ,
-1, ,45, ,
1, ,45, ,
-1, ,45, ,
-2, ,44, ,
0, ,45, ,
-5, ,45, ,
-1, ,44, ,
4, ,44, ,
1, ,45, ,
0, ,44, ,
5, ,45, ,
1, ,44, ,
3, ,45, ,
1, ,45, ,
1, ,45, ,
5, ,44, ,
6, ,45, ,
1, ,45, ,
4, ,44, ,
1, ,45, ,
0, ,45, ,
-5, ,44, ,
0, ,45, ,
3, ,44, ,
1, ,44, ,
0, ,45, ,
5, ,45, ,
3, ,43, ,
1, ,45, ,
-1, ,45, ,
6, ,44, ,
1, ,45, ,
0, ,45, ,
-1, ,44, ,
3, ,45, ,
0, ,44, ,
1, ,45, ,
-1, ,45, ,
0, ,45, ,
3, ,44, ,
4, ,45, ,
-1, ,45, ,
3, ,44, ,
4, ,45, ,
4, ,45, ,
-2, ,44, ,
6, ,45, ,
0, ,45, ,
0, ,44, ,
-2, ,45, ,
0, ,44, ,
1, ,44, ,
3, ,45, ,
-1, ,45, ,
0, ,44, ,
3, ,45, ,
-2, ,45, ,
-6, ,44, ,
-2, ,45, ,
-4, ,44, ,
3, ,45, ,
-4, ,45, ,
1, ,45, ,
3, ,44, ,
-1, ,45, ,
-2, ,45, ,
0, ,44, ,
-1, ,44, ,
0, ,45, ,
-4, ,44, ,
1, ,45, ,
1, ,44, ,
0, ,45, ,
0, ,45, ,
1, ,44, ,
0, ,44, ,
5, ,45, ,
-2, ,45, ,
-1, ,45, ,
3, ,45, ,
-2, ,44, ,
-2, ,44, ,
1, ,45, ,
0, ,45, ,
3, ,44, ,
-2, ,45, ,
-1, ,45, ,
-1, ,44, ,
0, ,45, ,
-2, ,45, ,
0, ,44, ,
1, ,45, ,
1, ,44, ,
1, ,44, ,
4, ,45, ,
1, ,45, ,
0, ,44, ,
-4, ,45, ,
3, ,45, ,
3, ,44, ,
5, ,45, ,
3, ,45, ,
4, ,45, ,
6, ,44, ,
0, ,45, ,
-1, ,44, ,
1, ,45, ,
-4, ,44, ,
0, ,45, ,
-1, ,45, ,
1, ,45, ,
4, ,44, ,
5, ,45, ,
0, ,45, ,
6, ,44, ,
4, ,44, ,
5, ,45, ,
1, ,44, ,
9, ,45, ,
6, ,45, ,
4, ,44, ,
3, ,45, ,
1, ,45, ,
1, ,44, ,
1, ,45, ,
-7, ,44, ,
3, ,44, ,
5, ,44, ,
4, ,44, ,
0, ,44, ,
4, ,45, ,
3, ,44, ,
1, ,44, ,
-1, ,45, ,
0, ,45, ,
1, ,44, ,
6, ,45, ,
1, ,45, ,
5, ,44, ,
5, ,45, ,
1, ,44, ,
-5, ,44, ,
0, ,45, ,
1, ,44, ,
-1, ,44, ,
1, ,42, ,
1, ,34, ,
-5, ,23, ,
-1, ,14, ,
-7, ,5, ,
-4, ,-2, ,
1, ,-8, ,
-1, ,-14, ,
-4, ,-19, ,
0, ,-22, ,
-5, ,-26, ,
-4, ,-30, ,
-4, ,-32, ,
-2, ,-34, ,
-1, ,-36, ,
-4, ,-38, ,
-6, ,-39, ,
-1, ,-40, ,
1, ,-42, ,
1, ,-42, ,
0, ,-43, ,
3, ,-45, ,
1, ,-45, ,
1, ,-45, ,
0, ,-45, ,
0, ,-46, ,
0, ,-45, ,
1, ,-47, ,
-2, ,-46, ,
0, ,-46, ,
5, ,-47, ,
3, ,-47, ,
3, ,-46, ,
6, ,-49, ,
5, ,-47, ,
4, ,-47, ,
3, ,-49, ,
3, ,-49, ,
4, ,-47, ,
3, ,-49, ,
0, ,-49, ,
6, ,-49, ,
6, ,-49, ,
4, ,-49, ,
5, ,-47, ,
3, ,-49, ,
5, ,-49, ,
1, ,-47, ,
3, ,-49, ,
3, ,-49, ,
1, ,-47, ,
3, ,-49, ,
-2, ,-49, ,
1, ,-47, ,
3, ,-47, ,
1, ,-49, ,
0, ,-47, ,
5, ,-49, ,
3, ,-47, ,
5, ,-47, ,
3, ,-49, ,
3, ,-49, ,
3, ,-46, ,
1, ,-49, ,
-4, ,-47, ,
1, ,-47, ,
4, ,-47, ,
1, ,-47, ,
1, ,-47, ,
4, ,-49, ,
3, ,-47, ,
3, ,-47, ,
0, ,-47, ,
3, ,-49, ,
3, ,-47, ,
5, ,-47, ,
-2, ,-47, ,
3, ,-47, ,
5, ,-47, ,
1, ,-47, ,
-2, ,-47, ,
1, ,-49, ,
-2, ,-47, ,
0, ,-47, ,
-2, ,-47, ,
0, ,-49, ,
4, ,-46, ,
3, ,-47, ,
0, ,-47, ,
3, ,-47, ,
3, ,-47, ,
1, ,-47, ,
0, ,-46, ,
4, ,-49, ,
4, ,-47, ,
0, ,-47, ,
1, ,-47, ,
1, ,-47, ,
3, ,-47, ,
0, ,-47, ,
-7, ,-47, ,
-4, ,-47, ,
-1, ,-47, ,
-1, ,-47, ,
-5, ,-47, ,
4, ,-49, ,
4, ,-47, ,
1, ,-47, ,
3, ,-47, ,
3, ,-47, ,
5, ,-46, ,
4, ,-47, ,
-1, ,-47, ,
0, ,-47, ,
3, ,-47, ,
-1, ,-47, ,
0, ,-47, ,
1, ,-49, ,
3, ,-47, ,
-1, ,-47, ,
-5, ,-47, ,
-2, ,-49, ,
-2, ,-46, ,
3, ,-47, ,
1, ,-47, ,
5, ,-47, ,
4, ,-47, ,
0, ,-47, ,
0, ,-47, ,
5, ,-49, ,
1, ,-47, ,
-4, ,-46, ,
-4, ,-47, ,
-1, ,-47, ,
0, ,-46, ,
-1, ,-47, ,
-1, ,-47, ,
0, ,-47, ,
0, ,-47, ,
-2, ,-47, ,
-5, ,-46, ,
0, ,-49, ,
0, ,-47, ,
4, ,-47, ,
4, ,-47, ,
3, ,-47, ,
1, ,-46, ,
-2, ,-47, ,
-6, ,-47, ,
1, ,-47, ,
3, ,-47, ,
-1, ,-47, ,
-2, ,-46, ,
1, ,-49, ,
-1, ,-47, ,
-1, ,-47, ,
-5, ,-47, ,
-2, ,-47, ,
0, ,-46, ,
0, ,-47, ,
-4, ,-47, ,
0, ,-47, ,
1, ,-47, ,
0, ,-47, ,
-2, ,-47, ,
1, ,-49, ,
3, ,-47, ,
-2, ,-47, ,
-1, ,-47, ,
4, ,-47, ,
3, ,-47, ,
6, ,-47, ,
-1, ,-47, ,
1, ,-47, ,
1, ,-47, ,
-5, ,-47, ,
-4, ,-46, ,
5, ,-49, ,
6, ,-47, ,
4, ,-46, ,
1, ,-47, ,
6, ,-47, ,
3, ,-46, ,
1, ,-47, ,
-1, ,-47, ,
1, ,-47, ,
1, ,-47, ,
1, ,-47, ,
-1, ,-46, ,
3, ,-49, ,
3, ,-47, ,
0, ,-47, ,
0, ,-47, ,
4, ,-47, ,
4, ,-46, ,
4, ,-49, ,
0, ,-47, ,
3, ,-47, ,
6, ,-47, ,
1, ,-47, ,
0, ,-47, ,
3, ,-49, ,
4, ,-47, ,
-1, ,-47, ,
-2, ,-47, ,
-1, ,-49, ,
4, ,-46, ,
3, ,-47, ,
0, ,-47, ,
4, ,-47, ,
4, ,-47, ,
3, ,-47, ,
0, ,-46, ,
4, ,-49, ,
3, ,-47, ,
0, ,-47, ,
1, ,-47, ,
1, ,-47, ,
3, ,-46, ,
3, ,-47, ,
-2, ,-47, ,
1, ,-46, ,
4, ,-47, ,
0, ,-47, ,
-2, ,-47, ,
1, ,-49, ,
1, ,-47, ,
3, ,-47, ,
3, ,-47, ,
4, ,-47, ,
5, ,-46, ,
4, ,-47, ,
-1, ,-47, ,
4, ,-47, ,
3, ,-47, ,
1, ,-47, ,
-2, ,-46, ,
0, ,-47, ,
3, ,-47, ,
-2, ,-47, ,
-4, ,-47, ,
-1, ,-47, ,
-4, ,-47, ,
1, ,-47, ,
0, ,-47, ,
3, ,-47, ,
8, ,-47, ,
1, ,-47, ,
1, ,-46, ,
4, ,-49, ,
3, ,-47, ,
3, ,-47, ,
0, ,-47, ,
3, ,-47, ,
4, ,-46, ,
3, ,-47, ,
4, ,-47, ,
6, ,-47, ,
6, ,-47, ,
3, ,-47, ,
0, ,-46, ,
5, ,-49, ,
10, ,-47, ,
0, ,-47, ,
-1, ,-47, ,
0, ,-47, ,
5, ,-46, ,
3, ,-47, ,
4, ,-47, ,
9, ,-47, ,
9, ,-47, ,
0, ,-47, ,
4, ,-47, ,
8, ,-49, ,
4, ,-47, ,
5, ,-47, ,
3, ,-47, ,
1, ,-47, ,
1, ,-46, ,
3, ,-47, ,
-1, ,-47, ,
5, ,-47, ,
6, ,-47, ,
8, ,-47, ,
6, ,-47, ,
8, ,-47, ,
6, ,-47, ,
0, ,-47, ,
1, ,-47, ,
-1, ,-49, ,
0, ,-46, ,
1, ,-47, ,
-1, ,-47, ,
4, ,-47, ,
5, ,-47, ,
3, ,-47, ,
1, ,-46, ,
4, ,-49, ,
4, ,-47, ,
4, ,-46, ,
1, ,-47, ,
3, ,-47, ,
3, ,-46, ,
1, ,-47, ,
-1, ,-47, ,
5, ,-47, ,
4, ,-47, ,
3, ,-47, ,
3, ,-46, ,
4, ,-49, ,
3, ,-47, ,
1, ,-47, ,
1, ,-47, ,
5, ,-47, ,
4, ,-46, ,
3, ,-47, ,
-1, ,-47, ,
4, ,-47, ,
5, ,-47, ,
1, ,-47, ,
1, ,-47, ,
4, ,-49, ,
3, ,-47, ,
4, ,-46, ,
0, ,-47, ,
-1, ,-47, ,
3, ,-46, ,
1, ,-47, ,
0, ,-47, ,
4, ,-47, ,
4, ,-47, ,
6, ,-47, ,
6, ,-46, ,
10, ,-49, ,
8, ,-47, ,
0, ,-47, ,
-2, ,-47, ,
0, ,-47, ,
9, ,-46, ,
4, ,-49, ,
0, ,-47, ,
5, ,-47, ,
5, ,-47, ,
0, ,-47, ,
-2, ,-47, ,
1, ,-49, ,
1, ,-47, ,
3, ,-46, ,
4, ,-47, ,
5, ,-47, ,
4, ,-46, ,
5, ,-47, ,
-2, ,-47, ,
0, ,-47, ,
3, ,-47, ,
-1, ,-47, ,
-4, ,-47, ,
3, ,-47, ,
5, ,-47, ,
3, ,-46, ,
1, ,-47, ,
1, ,-47, ,
0, ,-46, ,
0, ,-47, ,
-4, ,-47, ,
1, ,-47, ,
4, ,-47, ,
0, ,-47, ,
6, ,-46, ,
4, ,-49, ,
4, ,-47, ,
3, ,-46, ,
0, ,-47, ,
3, ,-47, ,
3, ,-46, ,
1, ,-47, ,
-1, ,-47, ,
1, ,-47, ,
0, ,-47, ,
1, ,-47, ,
-6, ,-46, ,
1, ,-49, ,
-1, ,-47, ,
-2, ,-47, ,
-2, ,-47, ,
-1, ,-47, ,
1, ,-46, ,
1, ,-47, ,
1, ,-47, ,
0, ,-47, ,
3, ,-47, ,
0, ,-47, ,
-5, ,-46, ,
1, ,-49, ,
-2, ,-47, ,
0, ,-46, ,
0, ,-47, ,
1, ,-47, ,
3, ,-46, ,
1, ,-47, ,
-4, ,-47, ,
-4, ,-47, ,
-4, ,-46, ,
-2, ,-47, ,
-2, ,-46, ,
4, ,-49, ,
5, ,-47, ,
4, ,-47, ,
0, ,-47, ,
3, ,-47, ,
-1, ,-46, ,
1, ,-47, ,
-1, ,-47, ,
-1, ,-47, ,
3, ,-47, ,
-1, ,-47, ,
-1, ,-46, ,
3, ,-49, ,
0, ,-47, ,
0, ,-46, ,
0, ,-47, ,
1, ,-47, ,
4, ,-46, ,
1, ,-47, ,
-4, ,-47, ,
3, ,-47, ,
1, ,-47, ,
-1, ,-47, ,
-6, ,-46, ,
-1, ,-49, ,
-1, ,-47, ,
-1, ,-47, ,
-1, ,-47, ,
3, ,-47, ,
3, ,-46, ,
3, ,-47, ,
-1, ,-47, ,
0, ,-47, ,
3, ,-47, ,
-2, ,-47, ,
-4, ,-47, ,
1, ,-49, ,
0, ,-47, ,
4, ,-46, ,
0, ,-47, ,
0, ,-47, ,
1, ,-46, ,
-2, ,-47, ,
-6, ,-47, ,
-2, ,-47, ,
0, ,-47, ,
0, ,-47, ,
-5, ,-46, ,
1, ,-47, ,
1, ,-47, ,
-2, ,-47, ,
-4, ,-47, ,
-2, ,-47, ,
-5, ,-46, ,
-2, ,-49, ,
-7, ,-47, ,
-2, ,-47, ,
0, ,-47, ,
-2, ,-47, ,
-7, ,-46, ,
-1, ,-47, ,
-4, ,-47, ,
-4, ,-46, ,
-5, ,-47, ,
0, ,-47, ,
3, ,-46, ,
4, ,-49, ,
-1, ,-47, ,
0, ,-47, ,
0, ,-47, ,
-2, ,-47, ,
-5, ,-47, ,
-4, ,-49, ,
1, ,-47, ,
0, ,-46, ,
-2, ,-47, ,
3, ,-47, ,
0, ,-46, ,
3, ,-47, ,
-4, ,-47, ,
-2, ,-47, ,
1, ,-47, ,
-1, ,-47, ,
-1, ,-46, ,
1, ,-49, ,
0, ,-47, ,
1, ,-46, ,
0, ,-47, ,
0, ,-47, ,
4, ,-46, ,
1, ,-47, ,
0, ,-47, ,
3, ,-47, ,
4, ,-47, ,
0, ,-47, ,
-2, ,-47, ,
0, ,-49, ,
0, ,-46, ,
1, ,-47, ,
1, ,-47, ,
1, ,-47, ,
4, ,-46, ,
6, ,-47, ,
4, ,-47, ,
8, ,-47, ,
8, ,-47, ,
5, ,-47, ,
3, ,-47, ,
6, ,-49, ,
4, ,-47, ,
3, ,-47, ,
0, ,-47, ,
1, ,-47, ,
1, ,-46, ,
3, ,-47, ,
-4, ,-47, ,
3, ,-47, ,
1, ,-47, ,
1, ,-47, ,
0, ,-47, ,
1, ,-47, ,
3, ,-47, ,
1, ,-47, ,
3, ,-47, ,
3, ,-47, ,
0, ,-46, ,
1, ,-47, ,
-2, ,-47, ,
0, ,-47, ,
3, ,-47, ,
-1, ,-47, ,
0, ,-46, ,
4, ,-47, ,
1, ,-47, ,
-1, ,-47, ,
-2, ,-47, ,
0, ,-49, ,
0, ,-46, ,
4, ,-47, ,
1, ,-47, ,
4, ,-47, ,
6, ,-47, ,
5, ,-47, ,
4, ,-46, ,
4, ,-49, ,
0, ,-47, ,
-2, ,-47, ,
-4, ,-47, ,
1, ,-47, ,
4, ,-46, ,
8, ,-47, ,
4, ,-47, ,
6, ,-47, ,
9, ,-47, ,
4, ,-47, ,
-4, ,-47, ,
5, ,-49, ,
1, ,-47, ,
3, ,-47, ,
3, ,-47, ,
3, ,-47, ,
3, ,-47, ,
4, ,-47, ,
-1, ,-47, ,
3, ,-47, ,
3, ,-47, ,
4, ,-47, ,
3, ,-47, ,
8, ,-49, ,
8, ,-47, ,
0, ,-47, ,
-1, ,-47, ,
4, ,-47, ,
4, ,-46, ,
3, ,-47, ,
3, ,-47, ,
6, ,-47, ,
8, ,-47, ,
4, ,-47, ,
3, ,-46, ,
8, ,-49, ,
5, ,-47, ,
4, ,-47, ,
4, ,-47, ,
4, ,-47, ,
4, ,-46, ,
5, ,-47, ,
1, ,-47, ,
4, ,-47, ,
5, ,-47, ,
4, ,-47, ,
-1, ,-46, ,
4, ,-49, ,
4, ,-47, ,
0, ,-47, ,
-1, ,-47, ,
1, ,-49, ,
0, ,-47, ,
3, ,-47, ,
-1, ,-47, ,
3, ,-47, ,
6, ,-47, ,
3, ,-47, ,
1, ,-47, ,
6, ,-49, ,
4, ,-47, ,
6, ,-47, ,
5, ,-47, ,
8, ,-47, ,
5, ,-46, ,
5, ,-47, ,
-1, ,-47, ,
3, ,-47, ,
4, ,-47, ,
1, ,-47, ,
-1, ,-47, ,
6, ,-49, ,
4, ,-47, ,
1, ,-47, ,
0, ,-47, ,
1, ,-47, ,
1, ,-46, ,
4, ,-49, ,
1, ,-47, ,
5, ,-47, ,
9, ,-47, ,
6, ,-47, ,
4, ,-46, ,
8, ,-49, ,
1, ,-47, ,
0, ,-47, ,
0, ,-47, ,
-1, ,-47, ,
1, ,-46, ,
1, ,-47, ,
-2, ,-47, ,
3, ,-47, ,
4, ,-47, ,
-1, ,-47, ,
0, ,-47, ,
3, ,-49, ,
-1, ,-47, ,
4, ,-47, ,
6, ,-47, ,
8, ,-47, ,
6, ,-46, ,
5, ,-47, ,
-2, ,-47, ,
4, ,-47, ,
4, ,-47, ,
-1, ,-47, ,
4, ,-46, ,
9, ,-49, ,
10, ,-47, ,
11, ,-46, ,
6, ,-47, ,
8, ,-47, ,
3, ,-46, ,
3, ,-49, ,
-1, ,-47, ,
1, ,-47, ,
6, ,-47, ,
0, ,-47, ,
0, ,-46, ,
3, ,-49, ,
3, ,-47, ,
5, ,-47, ,
3, ,-47, ,
3, ,-49, ,
1, ,-47, ,
0, ,-49, ,
-4, ,-47, ,
-1, ,-47, ,
3, ,-47, ,
0, ,-47, ,
-2, ,-46, ,
3, ,-49, ,
-2, ,-47, ,
-2, ,-47, ,
-7, ,-47, ,
-10, ,-47, ,
-7, ,-46, ,
-9, ,-47, ,
-11, ,-47, ,
-9, ,-47, ,
-9, ,-47, ,
-7, ,-47, ,
-7, ,-47, ,
-4, ,-49, ,
-4, ,-47, ,
-1, ,-47, ,
4, ,-47, ,
13, ,-47, ,
14, ,-46, ,
16, ,-49, ,
9, ,-47, ,
6, ,-47, ,
4, ,-47, ,
-1, ,-47, ,
-7, ,-47, ,
-4, ,-49, ,
-4, ,-47, ,
-2, ,-46, ,
-4, ,-47, ,
-4, ,-47, ,
-4, ,-47, ,
-1, ,-47, ,
-6, ,-47, ,
3, ,-47, ,
1, ,-47, ,
0, ,-47, ,
-1, ,-46, ,
3, ,-49, ,
4, ,-47, ,
-2, ,-47, ,
-4, ,-47, ,
-2, ,-47, ,
-5, ,-46, ,
1, ,-49, ,
0, ,-47, ,
1, ,-47, ,
5, ,-47, ,
-1, ,-47, ,
-6, ,-47, ,
-2, ,-49, ,
-5, ,-47, ,
-1, ,-47, ,
-1, ,-47, ,
0, ,-47, ,
1, ,-46, ,
1, ,-47, ,
-2, ,-47, ,
1, ,-47, ,
0, ,-46, ,
-4, ,-47, ,
-7, ,-46, ,
-4, ,-47, ,
-6, ,-47, ,
-5, ,-47, ,
-7, ,-47, ,
-9, ,-44, ,
0, ,-35, ,
4, ,-24, ,
3, ,-15, ,
10, ,-6, ,
8, ,1, ,
5, ,6, ,
4, ,13, ,
8, ,17, ,
5, ,21, ,
9, ,24, ,
6, ,27, ,
1, ,30, ,
1, ,32, ,
-1, ,34, ,
-4, ,36, ,
1, ,37, ,
3, ,39, ,
4, ,39, ,
0, ,40, ,
5, ,41, ,
6, ,42, ,
3, ,42, ,
5, ,43, ,
6, ,43, ,
5, ,43, ,
8, ,44, ,
0, ,44, ,
4, ,44, ,
5, ,45, ,
0, ,45, ,
-1, ,44, ,
3, ,45, ,
-1, ,45, ,
0, ,45, ,
0, ,45, ,
1, ,45, ,
3, ,44, ,
3, ,45, ,
-1, ,46, ,
0, ,45, ,
0, ,45, ,
0, ,45, ,
-1, ,45, ,
3, ,46, ,
-2, ,45, ,
0, ,45, ,
4, ,45, ,
4, ,45, ,
4, ,45, ,
6, ,45, ,
0, ,46, ,
4, ,45, ,
9, ,45, ,
3, ,45, ,
-2, ,44, ,
1, ,46, ,
1, ,45, ,
1, ,45, ,
0, ,45, ,
1, ,45, ,
8, ,45, ,
4, ,46, ,
4, ,45, ,
6, ,45, ,
8, ,45, ,
3, ,45, ,
-1, ,45, ,
3, ,46, ,
1, ,45, ,
0, ,45, ,
-1, ,45, ,
1, ,45, ,
4, ,44, ,
5, ,45, ,
-1, ,45, ,
3, ,45, ,
6, ,45, ,
1, ,45, ,
-2, ,44, ,
3, ,46, ,
0, ,44, ,
3, ,45, ,
0, ,45, ,
4, ,45, ,
5, ,44, ,
5, ,45, ,
-1, ,45, ,
3, ,44, ,
4, ,45, ,
4, ,45, ,
1, ,44, ,
5, ,45, ,
5, ,44, ,
4, ,45, ,
1, ,45, ,
3, ,45, ,
0, ,44, ,
4, ,45, ,
-2, ,45, ,
4, ,45, ,
8, ,45, ,
5, ,45, ,
0, ,44, ,
4, ,46, ,
1, ,44, ,
3, ,45, ,
1, ,45, ,
4, ,45, ,
5, ,44, ,
6, ,45, ,
5, ,45, ,
5, ,44, ,
6, ,45, ,
3, ,45, ,
0, ,44, ,
4, ,45, ,
3, ,44, ,
3, ,45, ,
1, ,45, ,
4, ,45, ,
4, ,44, ,
3, ,45, ,
4, ,44, ,
5, ,44, ,
6, ,45, ,
5, ,45, ,
1, ,44, ,
10, ,45, ,
6, ,44, ,
6, ,45, ,
4, ,45, ,
1, ,45, ,
4, ,44, ,
3, ,45, ,
-2, ,45, ,
4, ,44, ,
4, ,45, ,
4, ,45, ,
0, ,44, ,
8, ,45, ,
5, ,44, ,
4, ,45, ,
0, ,45, ,
4, ,45, ,
3, ,44, ,
5, ,45, ,
0, ,45, ,
4, ,45, ,
8, ,45, ,
4, ,45, ,
-1, ,45, ,
5, ,45, ,
1, ,44, ,
4, ,45, ,
4, ,45, ,
5, ,44, ,
8, ,44, ,
8, ,45, ,
3, ,45, ,
4, ,45, ,
5, ,45, ,
5, ,45, ,
4, ,44, ,
9, ,45, ,
8, ,44, ,
8, ,45, ,
8, ,45, ,
6, ,45, ,
9, ,44, ,
6, ,45, ,
0, ,45, ,
1, ,44, ,
4, ,45, ,
4, ,45, ,
-2, ,44, ,
6, ,45, ,
4, ,44, ,
5, ,45, ,
3, ,45, ,
4, ,45, ,
1, ,44, ,
3, ,45, ,
-1, ,45, ,
5, ,44, ,
5, ,45, ,
4, ,44, ,
0, ,44, ,
5, ,45, ,
4, ,44, ,
1, ,44, ,
1, ,45, ,
3, ,45, ,
4, ,44, ,
5, ,45, ,
3, ,45, ,
5, ,45, ,
8, ,45, ,
5, ,45, ,
-1, ,44, ,
4, ,45, ,
4, ,44, ,
6, ,45, ,
3, ,45, ,
5, ,45, ,
4, ,44, ,
4, ,45, ,
-5, ,45, ,
0, ,44, ,
0, ,45, ,
1, ,45, ,
-1, ,44, ,
4, ,45, ,
4, ,44, ,
3, ,45, ,
1, ,45, ,
1, ,45, ,
-1, ,44, ,
-1, ,45, ,
-6, ,45, ,
0, ,45, ,
1, ,45, ,
-2, ,45, ,
-1, ,44, ,
1, ,45, ,
0, ,44, ,
3, ,45, ,
-5, ,45, ,
-1, ,45, ,
0, ,44, ,
-2, ,45, ,
-2, ,45, ,
0, ,45, ,
0, ,45, ,
-1, ,45, ,
-6, ,44, ,
-1, ,45, ,
-2, ,44, ,
-4, ,44, ,
-2, ,45, ,
-2, ,45, ,
-1, ,44, ,
0, ,45, ,
-5, ,44, ,
0, ,44, ,
-2, ,45, ,
-4, ,45, ,
-6, ,44, ,
3, ,45, ,
-2, ,44, ,
-2, ,44, ,
-2, ,45, ,
-1, ,45, ,
-1, ,44, ,
-4, ,45, ,
-10, ,45, ,
-6, ,44, ,
-6, ,44, ,
-5, ,44, ,
-7, ,44, ,
-2, ,45, ,
3, ,44, ,
-1, ,44, ,
0, ,45, ,
0, ,44, ,
-1, ,44, ,
0, ,45, ,
-6, ,45, ,
-2, ,44, ,
1, ,45, ,
-5, ,44, ,
-4, ,44, ,
0, ,45, ,
-1, ,45, ,
-2, ,45, ,
-4, ,45, ,
-1, ,45, ,
-1, ,44, ,
-1, ,45, ,
-4, ,45, ,
0, ,44, ,
1, ,45, ,
-2, ,45, ,
-5, ,44, ,
-1, ,45, ,
-1, ,44, ,
-2, ,45, ,
-2, ,45, ,
-1, ,45, ,
0, ,44, ,
0, ,45, ,
-5, ,45, ,
-1, ,44, ,
0, ,44, ,
-5, ,44, ,
-10, ,44, ,
-1, ,45, ,
-5, ,44, ,
-1, ,44, ,
-1, ,45, ,
0, ,45, ,
0, ,44, ,
1, ,45, ,
-1, ,45, ,
1, ,45, ,
1, ,45, ,
1, ,45, ,
-2, ,44, ,
4, ,45, ,
3, ,45, ,
-1, ,44, ,
-2, ,45, ,
-2, ,45, ,
0, ,44, ,
3, ,45, ,
-2, ,45, ,
3, ,44, ,
4, ,44, ,
3, ,44, ,
-2, ,44, ,
1, ,45, ,
0, ,44, ,
0, ,45, ,
-1, ,45, ,
3, ,44, ,
1, ,43, ,
3, ,45, ,
-1, ,45, ,
4, ,45, ,
3, ,44, ,
1, ,45, ,
-2, ,44, ,
1, ,45, ,
3, ,44, ,
1, ,45, ,
-1, ,45, ,
4, ,45, ,
3, ,43, ,
6, ,45, ,
1, ,45, ,
4, ,44, ,
4, ,45, ,
1, ,45, ,
-1, ,44, ,
4, ,45, ,
-4, ,45, ,
5, ,45, ,
4, ,45, ,
4, ,45, ,
6, ,44, ,
5, ,45, ,
4, ,45, ,
4, ,45, ,
0, ,45, ,
8, ,45, ,
9, ,44, ,
9, ,45, ,
5, ,44, ,
4, ,44, ,
0, ,45, ,
0, ,45, ,
3, ,44, ,
5, ,45, ,
6, ,45, ,
8, ,44, ,
10, ,44, ,
6, ,44, ,
3, ,44, ,
5, ,45, ,
0, ,44, ,
1, ,45, ,
4, ,45, ,
4, ,44, ,
8, ,44, ,
5, ,45, ,
0, ,45, ,
5, ,44, ,
3, ,44, ,
4, ,45, ,
-1, ,44, ,
6, ,45, ,
6, ,44, ,
4, ,44, ,
3, ,45, ,
3, ,45, ,
4, ,44, ,
5, ,45, ,
3, ,45, ,
4, ,44, ,
9, ,45, ,
4, ,44, ,
3, ,44, ,
8, ,45, ,
3, ,44, ,
0, ,45, ,
-2, ,45, ,
-1, ,44, ,
1, ,44, ,
3, ,45, ,
-1, ,45, ,
4, ,44, ,
5, ,45, ,
4, ,45, ,
0, ,44, ,
5, ,45, ,
4, ,44, ,
4, ,45, ,
4, ,45, ,
4, ,45, ,
5, ,44, ,
8, ,45, ,
5, ,45, ,
4, ,44, ,
5, ,44, ,
3, ,44, ,
1, ,44, ,
3, ,45, ,
3, ,44, ,
5, ,45, ,
5, ,45, ,
4, ,45, ,
6, ,44, ,
5, ,45, ,
4, ,45, ,
8, ,44, ,
4, ,45, ,
5, ,45, ,
4, ,43, ,
6, ,45, ,
5, ,44, ,
3, ,45, ,
4, ,45, ,
0, ,45, ,
0, ,43, ,
3, ,45, ,
-1, ,45, ,
3, ,44, ,
5, ,45, ,
6, ,45, ,
10, ,44, ,
9, ,45, ,
-5, ,44, ,
1, ,45, ,
5, ,45, ,
0, ,45, ,
6, ,44, ,
9, ,45, ,
0, ,45, ,
0, ,45, ,
3, ,45, ,
0, ,45, ,
-1, ,44, ,
3, ,45, ,
3, ,44, ,
-1, ,44, ,
-4, ,45, ,
-1, ,45, ,
-2, ,43, ,
4, ,45, ,
1, ,45, ,
4, ,44, ,
5, ,45, ,
3, ,45, ,
0, ,44, ,
3, ,45, ,
-4, ,44, ,
0, ,45, ,
-4, ,45, ,
3, ,45, ,
0, ,44, ,
0, ,45, ,
-2, ,44, ,
0, ,44, ,
1, ,44, ,
3, ,45, ,
-2, ,44, ,
5, ,45, ,
4, ,44, ,
4, ,45, ,
0, ,45, ,
-4, ,45, ,
-6, ,44, ,
-5, ,45, ,
-6, ,45, ,
0, ,44, ,
4, ,45, ,
4, ,45, ,
-2, ,43, ,
4, ,45, ,
-1, ,44, ,
-2, ,45, ,
-4, ,45, ,
-4, ,45, ,
0, ,44, ,
0, ,45, ,
-2, ,45, ,
0, ,44, ,
-1, ,45, ,
-2, ,44, ,
-10, ,44, ,
0, ,45, ,
8, ,44, ,
0, ,45, ,
4, ,45, ,
1, ,45, ,
-1, ,44, ,
1, ,45, ,
-11, ,45, ,
-5, ,44, ,
1, ,44, ,
-5, ,44, ,
-5, ,44, ,
3, ,45, ,
1, ,44, ,
3, ,45, ,
-1, ,45, ,
0, ,45, ,
-1, ,44, ,
-1, ,45, ,
-4, ,45, ,
-1, ,44, ,
0, ,45, ,
-2, ,45, ,
-4, ,44, ,
4, ,45, ,
4, ,45, ,
1, ,45, ,
1, ,45, ,
1, ,45, ,
-2, ,44, ,
0, ,45, ,
-2, ,45, ,
-4, ,44, ,
-1, ,45, ,
-4, ,44, ,
-10, ,44, ,
-1, ,45, ,
-4, ,44, ,
-5, ,45, ,
-4, ,45, ,
-1, ,45, ,
1, ,44, ,
-2, ,45, ,
-2, ,45, ,
-2, ,44, ,
0, ,45, ,
-1, ,44, ,
-4, ,44, ,
1, ,45, ,
0, ,44, ,
0, ,45, ,
-2, ,45, ,
-2, ,45, ,
1, ,44, ,
-2, ,45, ,
-4, ,45, ,
-1, ,44, ,
0, ,45, ,
-2, ,45, ,
-4, ,44, ,
4, ,45, ,
1, ,44, ,
3, ,44, ,
0, ,45, ,
1, ,45, ,
0, ,44, ,
1, ,45, ,
-4, ,44, ,
1, ,45, ,
0, ,45, ,
0, ,45, ,
-1, ,44, ,
0, ,45, ,
1, ,44, ,
-1, ,45, ,
-1, ,45, ,
3, ,45, ,
1, ,44, ,
5, ,45, ,
1, ,45, ,
0, ,44, ,
3, ,45, ,
-2, ,45, ,
-1, ,44, ,
0, ,45, ,
-1, ,44, ,
1, ,45, ,
0, ,45, ,
1, ,44, ,
5, ,44, ,
4, ,45, ,
0, ,45, ,
3, ,45, ,
3, ,45, ,
0, ,44, ,
-1, ,44, ,
3, ,45, ,
4, ,44, ,
3, ,44, ,
3, ,45, ,
3, ,45, ,
4, ,44, ,
6, ,44, ,
3, ,44, ,
3, ,44, ,
8, ,45, ,
3, ,45, ,
1, ,44, ,
6, ,45, ,
0, ,44, ,
1, ,45, ,
0, ,45, ,
1, ,45, ,
4, ,44, ,
4, ,45, ,
-1, ,45, ,
4, ,44, ,
4, ,45, ,
3, ,45, ,
-1, ,44, ,
3, ,45, ,
3, ,44, ,
0, ,45, ,
-1, ,45, ,
1, ,45, ,
4, ,44, ,
6, ,45, ,
1, ,44, ,
6, ,44, ,
9, ,45, ,
3, ,44, ,
1, ,44, ,
3, ,45, ,
4, ,44, ,
4, ,45, ,
3, ,45, ,
3, ,44, ,
6, ,44, ,
9, ,45, ,
0, ,45, ,
4, ,44, ,
4, ,45, ,
3, ,45, ,
3, ,44, ,
5, ,45, ,
8, ,44, ,
8, ,45, ,
3, ,45, ,
6, ,45, ,
5, ,44, ,
6, ,45, ,
3, ,45, ,
6, ,44, ,
10, ,45, ,
5, ,44, ,
0, ,44, ,
8, ,45, ,
1, ,44, ,
3, ,45, ,
3, ,45, ,
4, ,45, ,
9, ,44, ,
10, ,45, ,
10, ,44, ,
11, ,44, ,
10, ,45, ,
9, ,45, ,
4, ,44, ,
6, ,45, ,
5, ,44, ,
5, ,45, ,
3, ,45, ,
4, ,45, ,
5, ,44, ,
8, ,45, ,
-1, ,45, ,
4, ,44, ,
5, ,45, ,
4, ,45, ,
3, ,44, ,
8, ,45, ,
6, ,44, ,
6, ,45, ,
5, ,45, ,
4, ,45, ,
5, ,44, ,
8, ,45, ,
-2, ,45, ,
3, ,45, ,
4, ,45, ,
3, ,44, ,
1, ,44, ,
1, ,45, ,
3, ,44, ,
1, ,44, ,
-4, ,45, ,
1, ,45, ,
3, ,44, ,
4, ,45, ,
0, ,45, ,
4, ,44, ,
6, ,45, ,
1, ,45, ,
-1, ,44, ,
5, ,45, ,
-2, ,44, ,
3, ,45, ,
1, ,45, ,
3, ,45, ,
4, ,44, ,
3, ,45, ,
3, ,45, ,
5, ,44, ,
8, ,45, ,
3, ,45, ,
0, ,44, ,
6, ,45, ,
3, ,44, ,
1, ,45, ,
0, ,45, ,
1, ,45, ,
0, ,44, ,
4, ,45, ,
-1, ,45, ,
5, ,45, ,
6, ,45, ,
1, ,45, ,
-2, ,44, ,
3, ,45, ,
1, ,45, ,
4, ,45, ,
-1, ,45, ,
1, ,45, ,
3, ,44, ,
1, ,45, ,
-1, ,45, ,
1, ,44, ,
6, ,45, ,
4, ,45, ,
1, ,44, ,
3, ,45, ,
4, ,44, ,
1, ,44, ,
-2, ,45, ,
3, ,44, ,
0, ,39, ,
1, ,31, ,
-9, ,20, ,
-2, ,11, ,
-2, ,3, ,
-5, ,-4, ,
-6, ,-11, ,
-1, ,-16, ,
-2, ,-20, ,
-5, ,-24, ,
-9, ,-27, ,
-7, ,-30, ,
-5, ,-33, ,
-4, ,-35, ,
-9, ,-37, ,
-4, ,-38, ,
-1, ,-40, ,
-5, ,-41, ,
-5, ,-42, ,
-1, ,-43, ,
-1, ,-43, ,
0, ,-43, ,
0, ,-44, ,
-1, ,-46, ,
-1, ,-45, ,
0, ,-46, ,
-6, ,-46, ,
-4, ,-46, ,
-1, ,-47, ,
-2, ,-46, ,
-6, ,-47, ,
1, ,-49, ,
-2, ,-47, ,
-2, ,-47, ,
-5, ,-49, ,
-2, ,-49, ,
-1, ,-47, ,
-2, ,-49, ,
-5, ,-49, ,
0, ,-47, ,
0, ,-47, ,
1, ,-49, ,
-5, ,-47, ,
3, ,-49, ,
0, ,-49, ,
-2, ,-47, ,
-2, ,-49, ,
-4, ,-49, ,
-5, ,-47, ,
0, ,-49, ,
-9, ,-49, ,
-1, ,-49, ,
0, ,-49, ,
-2, ,-49, ,
-6, ,-47, ,
0, ,-49, ,
0, ,-49, ,
4, ,-47, ,
0, ,-49, ,
1, ,-49, ,
1, ,-47, ,
1, ,-49, ,
-5, ,-47, ,
0, ,-47, ,
-4, ,-49, ,
-5, ,-47, ,
-5, ,-47, ,
-1, ,-49, ,
1, ,-47, ,
0, ,-47, ,
0, ,-47, ,
1, ,-49, ,
0, ,-47, ,
0, ,-47, ,
-4, ,-47, ,
-1, ,-47, ,
1, ,-47, ,
-1, ,-47, ,
-2, ,-46, ,
4, ,-49, ,
3, ,-47, ,
1, ,-47, ,
1, ,-47, ,
1, ,-47, ,
0, ,-46, ,
-4, ,-49, ,
-4, ,-49, ,
-2, ,-47, ,
-1, ,-47, ,
-4, ,-47, ,
-9, ,-47, ,
-1, ,-49, ,
-2, ,-47, ,
-2, ,-47, ,
-5, ,-47, ,
-1, ,-47, ,
0, ,-46, ,
-1, ,-47, ,
-1, ,-47, ,
1, ,-47, ,
1, ,-47, ,
-2, ,-47, ,
-5, ,-47, ,
1, ,-49, ,
-1, ,-47, ,
-1, ,-47, ,
1, ,-47, ,
0, ,-49, ,
4, ,-46, ,
3, ,-47, ,
-5, ,-47, ,
1, ,-47, ,
0, ,-47, ,
0, ,-47, ,
-1, ,-47, ,
1, ,-47, ,
4, ,-47, ,
3, ,-47, ,
-1, ,-47, ,
-1, ,-47, ,
-1, ,-46, ,
-1, ,-47, ,
-6, ,-47, ,
1, ,-47, ,
4, ,-47, ,
1, ,-47, ,
-1, ,-47, ,
4, ,-49, ,
3, ,-47, ,
0, ,-47, ,
-1, ,-47, ,
3, ,-49, ,
5, ,-46, ,
4, ,-47, ,
3, ,-47, ,
4, ,-47, ,
4, ,-47, ,
3, ,-47, ,
-1, ,-47, ,
4, ,-49, ,
3, ,-47, ,
1, ,-47, ,
3, ,-47, ,
5, ,-47, ,
5, ,-46, ,
6, ,-49, ,
4, ,-47, ,
1, ,-47, ,
8, ,-47, ,
4, ,-47, ,
-1, ,-47, ,
3, ,-49, ,
1, ,-47, ,
4, ,-47, ,
4, ,-47, ,
3, ,-47, ,
6, ,-46, ,
4, ,-49, ,
3, ,-47, ,
8, ,-47, ,
5, ,-47, ,
5, ,-49, ,
4, ,-47, ,
5, ,-49, ,
6, ,-47, ,
3, ,-47, ,
0, ,-47, ,
0, ,-49, ,
3, ,-46, ,
1, ,-49, ,
-1, ,-47, ,
3, ,-47, ,
8, ,-47, ,
3, ,-47, ,
1, ,-47, ,
8, ,-49, ,
5, ,-47, ,
5, ,-47, ,
4, ,-47, ,
6, ,-47, ,
9, ,-46, ,
8, ,-49, ,
4, ,-47, ,
6, ,-47, ,
6, ,-47, ,
3, ,-47, ,
-1, ,-47, ,
1, ,-47, ,
0, ,-47, ,
0, ,-47, ,
1, ,-47, ,
4, ,-47, ,
5, ,-46, ,
8, ,-47, ,
3, ,-47, ,
5, ,-47, ,
6, ,-47, ,
3, ,-47, ,
4, ,-47, ,
6, ,-49, ,
5, ,-47, ,
8, ,-46, ,
0, ,-47, ,
5, ,-47, ,
5, ,-46, ,
4, ,-49, ,
3, ,-47, ,
5, ,-47, ,
3, ,-47, ,
9, ,-47, ,
8, ,-46, ,
5, ,-49, ,
5, ,-47, ,
3, ,-47, ,
3, ,-47, ,
5, ,-47, ,
8, ,-46, ,
10, ,-47, ,
6, ,-47, ,
10, ,-47, ,
10, ,-47, ,
4, ,-47, ,
0, ,-47, ,
4, ,-49, ,
1, ,-47, ,
1, ,-47, ,
3, ,-47, ,
3, ,-47, ,
8, ,-46, ,
4, ,-49, ,
3, ,-47, ,
9, ,-47, ,
5, ,-47, ,
4, ,-47, ,
1, ,-47, ,
8, ,-47, ,
4, ,-47, ,
0, ,-47, ,
-1, ,-47, ,
4, ,-47, ,
3, ,-46, ,
1, ,-47, ,
0, ,-47, ,
3, ,-47, ,
5, ,-47, ,
1, ,-47, ,
0, ,-46, ,
8, ,-49, ,
8, ,-47, ,
6, ,-46, ,
3, ,-47, ,
3, ,-47, ,
1, ,-46, ,
0, ,-47, ,
-1, ,-47, ,
0, ,-47, ,
3, ,-47, ,
-1, ,-47, ,
-4, ,-46, ,
-1, ,-49, ,
3, ,-47, ,
3, ,-47, ,
1, ,-47, ,
4, ,-49, ,
3, ,-47, ,
3, ,-47, ,
-1, ,-47, ,
1, ,-47, ,
4, ,-47, ,
4, ,-47, ,
0, ,-46, ,
4, ,-49, ,
1, ,-47, ,
-2, ,-47, ,
-4, ,-47, ,
-5, ,-47, ,
-1, ,-46, ,
0, ,-47, ,
-4, ,-47, ,
3, ,-47, ,
1, ,-47, ,
3, ,-47, ,
-1, ,-46, ,
5, ,-49, ,
4, ,-47, ,
3, ,-47, ,
4, ,-47, ,
3, ,-49, ,
1, ,-46, ,
0, ,-47, ,
-5, ,-47, ,
0, ,-47, ,
1, ,-47, ,
1, ,-47, ,
0, ,-46, ,
4, ,-49, ,
3, ,-47, ,
1, ,-46, ,
0, ,-47, ,
0, ,-47, ,
-1, ,-46, ,
0, ,-47, ,
-4, ,-47, ,
3, ,-47, ,
3, ,-47, ,
0, ,-47, ,
-2, ,-47, ,
-1, ,-49, ,
0, ,-47, ,
-1, ,-47, ,
-4, ,-47, ,
0, ,-49, ,
-1, ,-47, ,
-1, ,-47, ,
-2, ,-47, ,
-4, ,-47, ,
1, ,-47, ,
-2, ,-47, ,
-4, ,-47, ,
4, ,-47, ,
1, ,-47, ,
4, ,-46, ,
3, ,-47, ,
3, ,-47, ,
0, ,-46, ,
-4, ,-47, ,
-9, ,-47, ,
-4, ,-47, ,
-4, ,-47, ,
-5, ,-47, ,
-6, ,-46, ,
0, ,-47, ,
0, ,-47, ,
-2, ,-47, ,
-2, ,-47, ,
-1, ,-47, ,
-5, ,-46, ,
-4, ,-47, ,
-5, ,-47, ,
0, ,-47, ,
0, ,-47, ,
-1, ,-47, ,
-5, ,-46, ,
3, ,-49, ,
-2, ,-47, ,
-4, ,-47, ,
-4, ,-47, ,
-4, ,-47, ,
0, ,-46, ,
-2, ,-47, ,
-5, ,-47, ,
1, ,-47, ,
0, ,-47, ,
-1, ,-47, ,
-1, ,-47, ,
1, ,-49, ,
4, ,-47, ,
0, ,-47, ,
0, ,-47, ,
0, ,-49, ,
0, ,-46, ,
0, ,-47, ,
-5, ,-47, ,
0, ,-47, ,
1, ,-47, ,
-5, ,-47, ,
-2, ,-47, ,
1, ,-49, ,
1, ,-47, ,
5, ,-46, ,
3, ,-47, ,
1, ,-47, ,
3, ,-46, ,
1, ,-49, ,
-2, ,-47, ,
0, ,-47, ,
0, ,-47, ,
0, ,-47, ,
0, ,-47, ,
1, ,-47, ,
3, ,-47, ,
1, ,-46, ,
0, ,-47, ,
-1, ,-47, ,
0, ,-46, ,
0, ,-47, ,
-4, ,-47, ,
1, ,-47, ,
5, ,-47, ,
0, ,-47, ,
-4, ,-47, ,
1, ,-49, ,
-1, ,-47, ,
0, ,-47, ,
-1, ,-47, ,
1, ,-47, ,
5, ,-46, ,
5, ,-47, ,
1, ,-47, ,
4, ,-47, ,
1, ,-47, ,
0, ,-47, ,
-4, ,-46, ,
1, ,-49, ,
3, ,-47, ,
1, ,-47, ,
4, ,-47, ,
4, ,-47, ,
3, ,-46, ,
3, ,-47, ,
-5, ,-47, ,
-1, ,-47, ,
-2, ,-47, ,
-2, ,-47, ,
-1, ,-47, ,
6, ,-49, ,
4, ,-47, ,
4, ,-46, ,
3, ,-47, ,
3, ,-47, ,
3, ,-46, ,
4, ,-47, ,
1, ,-47, ,
5, ,-47, ,
6, ,-47, ,
1, ,-47, ,
0, ,-47, ,
6, ,-49, ,
3, ,-47, ,
1, ,-46, ,
1, ,-47, ,
4, ,-47, ,
4, ,-46, ,
4, ,-49, ,
0, ,-47, ,
3, ,-47, ,
5, ,-47, ,
3, ,-47, ,
3, ,-46, ,
6, ,-49, ,
3, ,-47, ,
4, ,-46, ,
3, ,-47, ,
4, ,-47, ,
6, ,-46, ,
1, ,-47, ,
0, ,-47, ,
3, ,-47, ,
4, ,-47, ,
0, ,-47, ,
-4, ,-47, ,
4, ,-47, ,
4, ,-47, ,
3, ,-46, ,
5, ,-47, ,
6, ,-47, ,
8, ,-46, ,
8, ,-47, ,
4, ,-47, ,
9, ,-47, ,
9, ,-47, ,
4, ,-47, ,
-1, ,-47, ,
5, ,-49, ,
1, ,-47, ,
0, ,-46, ,
0, ,-47, ,
1, ,-47, ,
3, ,-46, ,
1, ,-47, ,
0, ,-47, ,
4, ,-47, ,
4, ,-47, ,
5, ,-47, ,
4, ,-46, ,
5, ,-49, ,
4, ,-47, ,
0, ,-47, ,
-1, ,-47, ,
3, ,-47, ,
3, ,-46, ,
4, ,-47, ,
1, ,-47, ,
4, ,-47, ,
6, ,-47, ,
0, ,-47, ,
0, ,-46, ,
0, ,-49, ,
1, ,-47, ,
3, ,-46, ,
0, ,-47, ,
4, ,-47, ,
8, ,-46, ,
3, ,-47, ,
1, ,-47, ,
4, ,-47, ,
5, ,-47, ,
0, ,-47, ,
-1, ,-46, ,
4, ,-47, ,
4, ,-47, ,
1, ,-47, ,
3, ,-47, ,
4, ,-47, ,
5, ,-46, ,
4, ,-47, ,
3, ,-47, ,
5, ,-47, ,
9, ,-47, ,
4, ,-47, ,
1, ,-47, ,
5, ,-49, ,
3, ,-47, ,
4, ,-47, ,
1, ,-47, ,
1, ,-47, ,
8, ,-46, ,
4, ,-49, ,
3, ,-47, ,
9, ,-47, ,
8, ,-47, ,
6, ,-47, ,
-2, ,-46, ,
3, ,-47, ,
4, ,-47, ,
0, ,-46, ,
-1, ,-47, ,
4, ,-47, ,
4, ,-46, ,
3, ,-47, ,
0, ,-47, ,
5, ,-47, ,
4, ,-47, ,
1, ,-47, ,
3, ,-47, ,
6, ,-49, ,
4, ,-47, ,
3, ,-47, ,
0, ,-47, ,
0, ,-47, ,
3, ,-46, ,
3, ,-47, ,
0, ,-47, ,
6, ,-47, ,
4, ,-47, ,
4, ,-47, ,
0, ,-47, ,
3, ,-47, ,
4, ,-47, ,
0, ,-47, ,
-4, ,-47, ,
0, ,-47, ,
-1, ,-46, ,
1, ,-47, ,
-4, ,-47, ,
1, ,-47, ,
6, ,-47, ,
1, ,-47, ,
-1, ,-46, ,
4, ,-49, ,
-1, ,-47, ,
-1, ,-46, ,
-4, ,-47, ,
1, ,-47, ,
3, ,-46, ,
4, ,-49, ,
-2, ,-47, ,
1, ,-47, ,
3, ,-47, ,
-2, ,-47, ,
-5, ,-47, ,
0, ,-49, ,
-1, ,-47, ,
1, ,-47, ,
1, ,-47, ,
3, ,-47, ,
5, ,-47, ,
5, ,-47, ,
-1, ,-47, ,
3, ,-47, ,
5, ,-47, ,
0, ,-47, ,
0, ,-46, ,
5, ,-47, ,
3, ,-47, ,
0, ,-46, ,
-1, ,-47, ,
-1, ,-47, ,
-1, ,-46, ,
-2, ,-47, ,
-6, ,-47, ,
1, ,-47, ,
3, ,-47, ,
3, ,-47, ,
4, ,-47, ,
6, ,-49, ,
6, ,-47, ,
4, ,-47, ,
0, ,-47, ,
3, ,-47, ,
-2, ,-46, ,
4, ,-47, ,
-1, ,-47, ,
0, ,-47, ,
5, ,-47, ,
-1, ,-47, ,
-1, ,-46, ,
4, ,-49, ,
0, ,-47, ,
9, ,-46, ,
0, ,-47, ,
-2, ,-47, ,
3, ,-46, ,
9, ,-47, ,
-4, ,-47, ,
4, ,-47, ,
8, ,-47, ,
3, ,-47, ,
-5, ,-47, ,
3, ,-49, ,
3, ,-47, ,
3, ,-47, ,
3, ,-47, ,
5, ,-47, ,
3, ,-46, ,
1, ,-47, ,
-5, ,-47, ,
-2, ,-47, ,
0, ,-47, ,
0, ,-47, ,
-1, ,-46, ,
5, ,-47, ,
4, ,-47, ,
3, ,-46, ,
-2, ,-47, ,
-1, ,-47, ,
0, ,-46, ,
-1, ,-47, ,
-2, ,-47, ,
0, ,-47, ,
1, ,-47, ,
4, ,-47, ,
-4, ,-47, ,
3, ,-49, ,
4, ,-47, ,
0, ,-46, ,
0, ,-47, ,
3, ,-47, ,
1, ,-46, ,
3, ,-47, ,
0, ,-47, ,
3, ,-47, ,
4, ,-47, ,
3, ,-47, ,
0, ,-46, ,
4, ,-49, ,
4, ,-47, ,
3, ,-47, ,
1, ,-47, ,
1, ,-47, ,
3, ,-46, ,
5, ,-47, ,
-5, ,-47, ,
1, ,-47, ,
8, ,-47, ,
0, ,-47, ,
0, ,-47, ,
5, ,-49, ,
5, ,-47, ,
5, ,-46, ,
3, ,-47, ,
8, ,-47, ,
3, ,-46, ,
3, ,-47, ,
-4, ,-47, ,
-1, ,-47, ,
4, ,-47, ,
1, ,-47, ,
3, ,-46, ,
10, ,-49, ,
6, ,-47, ,
4, ,-46, ,
3, ,-47, ,
1, ,-47, ,
3, ,-46, ,
0, ,-47, ,
-1, ,-47, ,
4, ,-47, ,
4, ,-47, ,
1, ,-47, ,
-5, ,-46, ,
-1, ,-49, ,
0, ,-47, ,
-1, ,-46, ,
4, ,-47, ,
5, ,-47, ,
4, ,-46, ,
6, ,-49, ,
0, ,-47, ,
5, ,-47, ,
6, ,-47, ,
-1, ,-47, ,
-2, ,-46, ,
5, ,-49, ,
1, ,-47, ,
3, ,-47, ,
0, ,-47, ,
0, ,-47, ,
4, ,-46, ,
0, ,-49, ,
-5, ,-47, ,
1, ,-47, ,
1, ,-47, ,
3, ,-47, ,
0, ,-47, ,
8, ,-47, ,
5, ,-47, ,
3, ,-47, ,
4, ,-47, ,
3, ,-47, ,
1, ,-46, ,
4, ,-49, ,
-4, ,-47, ,
1, ,-47, ,
4, ,-47, ,
0, ,-47, ,
-2, ,-46, ,
3, ,-49, ,
0, ,-47, ,
0, ,-47, ,
3, ,-47, ,
3, ,-47, ,
4, ,-46, ,
4, ,-47, ,
-1, ,-47, ,
3, ,-47, ,
4, ,-47, ,
4, ,-47, ,
-1, ,-46, ,
0, ,-49, ,
1, ,-47, ,
0, ,-47, ,
-1, ,-47, ,
3, ,-47, ,
0, ,-45, ,
4, ,-40, ,
4, ,-31, ,
5, ,-20, ,
13, ,-12, ,
6, ,-3, ,
0, ,3, ,
5, ,9, ,
5, ,14, ,
6, ,19, ,
9, ,22, ,
10, ,25, ,
10, ,27, ,
8, ,31, ,
4, ,34, ,
5, ,35, ,
5, ,37, ,
5, ,37, ,
1, ,38, ,
6, ,39, ,
3, ,41, ,
0, ,41, ,
0, ,42, ,
0, ,43, ,
1, ,42, ,
4, ,43, ,
-1, ,44, ,
4, ,43, ,
3, ,44, ,
4, ,44, ,
-1, ,43, ,
0, ,45, ,
-4, ,45, ,
-2, ,45, ,
-4, ,45, ,
1, ,45, ,
5, ,44, ,
4, ,45, ,
-4, ,45, ,
0, ,45, ,
1, ,45, ,
0, ,45, ,
-4, ,45, ,
0, ,45, ,
-2, ,46, ,
-2, ,45, ,
-6, ,46, ,
-2, ,45, ,
0, ,44, ,
3, ,46, ,
1, ,45, ,
3, ,45, ,
5, ,45, ,
1, ,45, ,
0, ,45, ,
3, ,46, ,
-2, ,45, ,
-1, ,45, ,
-1, ,45, ,
-1, ,45, ,
3, ,44, ,
1, ,45, ,
-2, ,45, ,
3, ,45, ,
5, ,45, ,
1, ,45, ,
0, ,44, ,
5, ,46, ,
4, ,45, ,
1, ,45, ,
-4, ,46, ,
0, ,45, ,
0, ,44, ,
1, ,45, ,
1, ,45, ,
4, ,45, ,
10, ,45, ,
6, ,45, ,
-1, ,44, ,
3, ,45, ,
-2, ,45, ,
-1, ,45, ,
-2, ,45, ,
-2, ,45, ,
1, ,44, ,
3, ,45, ,
-4, ,45, ,
0, ,45, ,
0, ,45, ,
3, ,45, ,
-4, ,44, ,
5, ,45, ,
6, ,45, ,
6, ,45, ,
4, ,45, ,
1, ,45, ,
1, ,44, ,
6, ,45, ,
-9, ,45, ,
0, ,44, ,
5, ,45, ,
-2, ,45, ,
-4, ,44, ,
4, ,45, ,
0, ,44, ,
-1, ,45, ,
-4, ,45, ,
-1, ,45, ,
-2, ,44, ,
1, ,45, ,
-2, ,45, ,
3, ,45, ,
3, ,45, ,
3, ,45, ,
1, ,44, ,
4, ,45, ,
3, ,45, ,
1, ,45, ,
-1, ,45, ,
0, ,45, ,
0, ,44, ,
3, ,45, ,
-1, ,45, ,
1, ,45, ,
4, ,45, ,
3, ,45, ,
-2, ,44, ,
1, ,45, ,
0, ,44, ,
3, ,45, ,
0, ,45, ,
0, ,45, ,
3, ,43, ,
1, ,45, ,
-2, ,45, ,
0, ,44, ,
0, ,45, ,
-1, ,45, ,
-4, ,44, ,
1, ,45, ,
1, ,44, ,
0, ,44, ,
1, ,45, ,
3, ,45, ,
0, ,44, ,
1, ,45, ,
-1, ,45, ,
5, ,45, ,
8, ,45, ,
8, ,45, ,
4, ,44, ,
8, ,45, ,
5, ,45, ,
3, ,45, ,
0, ,45, ,
0, ,45, ,
0, ,44, ,
4, ,45, ,
-2, ,45, ,
6, ,44, ,
4, ,45, ,
1, ,45, ,
-4, ,44, ,
5, ,45, ,
4, ,45, ,
3, ,44, ,
3, ,45, ,
8, ,45, ,
3, ,44, ,
4, ,45, ,
-4, ,45, ,
0, ,44, ,
3, ,45, ,
-1, ,45, ,
-1, ,44, ,
6, ,45, ,
3, ,44, ,
5, ,45, ,
3, ,45, ,
4, ,45, ,
3, ,44, ,
0, ,45, ,
-1, ,45, ,
0, ,45, ,
4, ,45, ,
1, ,44, ,
-1, ,44, ,
3, ,45, ,
4, ,45, ,
1, ,45, ,
0, ,45, ,
1, ,44, ,
1, ,43, ,
4, ,45, ,
0, ,44, ,
4, ,44, ,
5, ,45, ,
4, ,45, ,
-1, ,44, ,
6, ,45, ,
3, ,44, ,
1, ,44, ,
0, ,45, ,
-1, ,45, ,
1, ,44, ,
0, ,45, ,
-4, ,45, ,
3, ,44, ,
3, ,45, ,
4, ,45, ,
3, ,44, ,
6, ,45, ,
6, ,44, ,
4, ,45, ,
4, ,45, ,
4, ,45, ,
3, ,44, ,
5, ,45, ,
-1, ,45, ,
1, ,44, ,
4, ,45, ,
1, ,44, ,
0, ,44, ,
3, ,45, ,
5, ,44, ,
8, ,44, ,
3, ,45, ,
4, ,45, ,
4, ,43, ,
5, ,45, ,
1, ,44, ,
4, ,44, ,
5, ,45, ,
5, ,45, ,
3, ,44, ,
8, ,45, ,
6, ,45, ,
4, ,45, ,
0, ,45, ,
4, ,45, ,
1, ,44, ,
3, ,45, ,
-1, ,45, ,
0, ,45, ,
4, ,45, ,
3, ,45, ,
-4, ,44, ,
4, ,45, ,
-1, ,45, ,
1, ,45, ,
1, ,44, ,
3, ,45, ,
8, ,44, ,
9, ,45, ,
1, ,44, ,
5, ,45, ,
3, ,45, ,
3, ,45, ,
-2, ,44, ,
3, ,45, ,
4, ,44, ,
3, ,45, ,
4, ,45, ,
5, ,45, ,
4, ,44, ,
4, ,45, ,
-1, ,44, ,
3, ,45, ,
4, ,44, ,
1, ,45, ,
1, ,44, ,
4, ,45, ,
4, ,45, ,
4, ,45, ,
1, ,45, ,
3, ,44, ,
1, ,43, ,
1, ,45, ,
-5, ,45, ,
3, ,44, ,
3, ,45, ,
-1, ,44, ,
-2, ,44, ,
3, ,45, ,
3, ,44, ,
0, ,45, ,
0, ,45, ,
4, ,45, ,
1, ,44, ,
5, ,45, ,
0, ,45, ,
3, ,44, ,
4, ,45, ,
0, ,45, ,
-1, ,44, ,
0, ,45, ,
-2, ,44, ,
0, ,44, ,
0, ,45, ,
3, ,45, ,
6, ,44, ,
6, ,45, ,
3, ,45, ,
5, ,44, ,
4, ,45, ,
3, ,45, ,
-7, ,44, ,
4, ,45, ,
1, ,44, ,
3, ,45, ,
4, ,45, ,
3, ,44, ,
4, ,44, ,
6, ,45, ,
1, ,45, ,
3, ,45, ,
4, ,45, ,
3, ,45, ,
0, ,44, ,
4, ,45, ,
1, ,44, ,
1, ,45, ,
-2, ,45, ,
-2, ,45, ,
1, ,44, ,
1, ,45, ,
-4, ,45, ,
4, ,44, ,
1, ,45, ,
3, ,45, ,
-2, ,44, ,
1, ,45, ,
1, ,44, ,
-2, ,45, ,
-2, ,45, ,
3, ,45, ,
1, ,44, ,
3, ,45, ,
1, ,45, ,
1, ,45, ,
3, ,44, ,
-2, ,44, ,
-6, ,44, ,
0, ,45, ,
-2, ,44, ,
-2, ,45, ,
-2, ,45, ,
-1, ,45, ,
1, ,44, ,
3, ,45, ,
-2, ,44, ,
-1, ,44, ,
1, ,45, ,
-2, ,45, ,
-1, ,44, ,
4, ,45, ,
1, ,44, ,
0, ,45, ,
-2, ,45, ,
-5, ,45, ,
-9, ,44, ,
-9, ,45, ,
-15, ,45, ,
-6, ,44, ,
-5, ,45, ,
-9, ,44, ,
-10, ,44, ,
-5, ,45, ,
-9, ,44, ,
-6, ,45, ,
-6, ,45, ,
1, ,44, ,
6, ,44, ,
8, ,45, ,
13, ,45, ,
19, ,44, ,
9, ,45, ,
9, ,44, ,
0, ,44, ,
-1, ,45, ,
-4, ,44, ,
-6, ,45, ,
-7, ,45, ,
-5, ,45, ,
-4, ,44, ,
-2, ,45, ,
-6, ,45, ,
-1, ,44, ,
1, ,45, ,
0, ,44, ,
1, ,44, ,
3, ,45, ,
1, ,44, ,
0, ,45, ,
-2, ,45, ,
-4, ,45, ,
-5, ,44, ,
-4, ,45, ,
-6, ,44, ,
1, ,44, ,
1, ,45, ,
1, ,45, ,
-1, ,44, ,
-1, ,45, ,
1, ,44, ,
3, ,45, ,
-7, ,45, ,
-4, ,45, ,
-2, ,44, ,
1, ,45, ,
0, ,45, ,
0, ,44, ,
4, ,45, ,
1, ,45, ,
-1, ,44, ,
4, ,45, ,
-1, ,45, ,
0, ,45, ,
-2, ,45, ,
-5, ,45, ,
-1, ,44, ,
-1, ,45, ,
-5, ,45, ,
0, ,45, ,
3, ,45, ,
3, ,45, ,
-2, ,44, ,
0, ,45, ,
0, ,44, ,
0, ,44, ,
-2, ,45, ,
-1, ,45, ,
1, ,43, ,
0, ,45, ,
-6, ,45, ,
-2, ,45, ,
-1, ,45, ,
-1, ,45, ,
-2, ,44, ,
4, ,45, ,
1, ,44, ,
3, ,45, ,
0, ,45, ,
0, ,45, ,
-1, ,44, ,
3, ,45, ,
-4, ,44, ,
4, ,44, ,
5, ,45, ,
8, ,44, ,
4, ,44, ,
5, ,45, ,
8, ,45, ,
3, ,45, ,
1, ,45, ,
0, ,45, ,
1, ,44, ,
5, ,45, ,
0, ,45, ,
3, ,44, ,
5, ,45, ,
0, ,45, ,
0, ,44, ,
3, ,45, ,
3, ,44, ,
4, ,44, ,
3, ,45, ,
5, ,45, ,
5, ,44, ,
6, ,45, ,
3, ,45, ,
5, ,44, ,
9, ,45, ,
6, ,45, ,
5, ,44, ,
8, ,45, ,
8, ,44, ,
6, ,45, ,
4, ,45, ,
4, ,45, ,
4, ,43, ,
5, ,45, ,
-1, ,44, ,
1, ,44, ,
5, ,45, ,
1, ,44, ,
-1, ,44, ,
6, ,45, ,
1, ,45, ,
3, ,44, ,
3, ,45, ,
3, ,45, ,
5, ,44, ,
4, ,45, ,
1, ,45, ,
6, ,44, ,
5, ,45, ,
5, ,45, ,
1, ,44, ,
6, ,45, ,
6, ,45, ,
1, ,44, ,
0, ,45, ,
1, ,44, ,
3, ,44, ,
6, ,45, ,
1, ,45, ,
4, ,45, ,
8, ,45, ,
6, ,45, ,
4, ,44, ,
6, ,45, ,
8, ,44, ,
8, ,45, ,
6, ,45, ,
6, ,45, ,
4, ,44, ,
6, ,45, ,
-2, ,45, ,
3, ,45, ,
4, ,45, ,
3, ,45, ,
-2, ,44, ,
6, ,45, ,
9, ,44, ,
8, ,45, ,
8, ,45, ,
9, ,45, ,
6, ,43, ,
9, ,45, ,
0, ,45, ,
4, ,44, ,
8, ,45, ,
4, ,45, ,
4, ,44, ,
8, ,45, ,
4, ,44, ,
4, ,45, ,
0, ,45, ,
0, ,45, ,
4, ,43, ,
4, ,45, ,
3, ,45, ,
5, ,44, ,
6, ,45, ,
8, ,45, ,
0, ,44, ,
4, ,45, ,
5, ,44, ,
5, ,44, ,
4, ,45, ,
5, ,45, ,
9, ,44, ,
9, ,45, ,
3, ,44, ,
5, ,44, ,
6, ,45, ,
3, ,45, ,
-1, ,44, ,
4, ,45, ,
3, ,45, ,
5, ,45, ,
3, ,45, ,
3, ,45, ,
4, ,44, ,
5, ,45, ,
1, ,44, ,
3, ,44, ,
4, ,45, ,
4, ,45, ,
1, ,44, ,
6, ,45, ,
8, ,44, ,
3, ,45, ,
4, ,45, ,
11, ,45, ,
6, ,44, ,
8, ,45, ,
0, ,44, ,
5, ,44, ,
8, ,45, ,
4, ,44, ,
3, ,44, ,
6, ,45, ,
8, ,44, ,
8, ,45, ,
5, ,45, ,
8, ,45, ,
6, ,43, ,
8, ,45, ,
5, ,45, ,
5, ,45, ,
3, ,45, ,
1, ,45, ,
-1, ,44, ,
1, ,45, ,
1, ,44, ,
3, ,45, ,
4, ,45, ,
8, ,45, ,
11, ,44, ,
9, ,45, ,
4, ,44, ,
4, ,44, ,
4, ,45, ,
3, ,45, ,
-1, ,44, ,
5, ,45, ,
1, ,44, ,
3, ,45, ,
1, ,45, ,
3, ,45, ,
4, ,44, ,
4, ,45, ,
1, ,44, ,
4, ,44, ,
8, ,45, ,
6, ,45, ,
0, ,44, ,
5, ,45, ,
3, ,44, ,
3, ,45, ,
3, ,45, ,
3, ,45, ,
4, ,44, ,
5, ,45, ,
-1, ,45, ,
4, ,44, ,
5, ,45, ,
0, ,45, ,
-2, ,44, ,
1, ,45, ,
0, ,45, ,
0, ,45, ,
-1, ,45, ,
0, ,45, ,
0, ,43, ,
-1, ,45, ,
-5, ,45, ,
-1, ,44, ,
-4, ,45, ,
-6, ,45, ,
-9, ,44, ,
-4, ,45, ,
-1, ,44, ,
-2, ,45, ,
-4, ,45, ,
-1, ,44, ,
-2, ,44, ,
-1, ,45, ,
-6, ,45, ,
-4, ,44, ,
-1, ,45, ,
-6, ,45, ,
-6, ,44, ,
-1, ,45, ,
-5, ,45, ,
-1, ,44, ,
-6, ,45, ,
-2, ,45, ,
0, ,44, ,
-1, ,45, ,
-5, ,45, ,
1, ,44, ,
0, ,45, ,
-4, ,45, ,
-9, ,44, ,
-2, ,45, ,
-4, ,44, ,
-4, ,44, ,
-6, ,45, ,
-5, ,45, ,
-4, ,44, ,
-2, ,45, ,
-7, ,44, ,
-5, ,45, ,
-4, ,45, ,
-5, ,45, ,
-12, ,44, ,
-2, ,45, ,
-6, ,44, ,
-5, ,45, ,
-7, ,45, ,
-6, ,45, ,
-1, ,44, ,
-1, ,45, ,
-7, ,44, ,
-2, ,45, ,
0, ,45, ,
-4, ,44, ,
-4, ,44, ,
1, ,45, ,
0, ,44, ,
-2, ,45, ,
-10, ,45, ,
-6, ,45, ,
-1, ,44, ,
-1, ,45, ,
-7, ,45, ,
-1, ,44, ,
0, ,45, ,
-7, ,45, ,
-6, ,44, ,
-1, ,45, ,
0, ,45, ,
-2, ,45, ,
-5, ,45, ,
-2, ,45, ,
-4, ,44, ,
-4, ,45, ,
-9, ,44, ,
-4, ,44, ,
-1, ,45, ,
-1, ,44, ,
-2, ,44, ,
1, ,45, ,
-1, ,44, ,
-5, ,44, ,
-6, ,45, ,
-4, ,45, ,
-2, ,44, ,
3, ,45, ,
-4, ,44, ,
-1, ,44, ,
3, ,45, ,
-2, ,45, ,
-7, ,44, ,
-1, ,45, ,
-5, ,44, ,
-2, ,45, ,
-6, ,45, ,
-4, ,45, ,
1, ,44, ,
0, ,45, ,
-4, ,45, ,
3, ,44, ,
1, ,45, ,
1, ,45, ,
-1, ,44, ,
4, ,45, ,
4, ,44, ,
1, ,45, ,
-4, ,45, ,
-2, ,45, ,
-4, ,44, ,
1, ,44, ,
-4, ,37, ,
0, ,27, ,
-2, ,18, ,
-5, ,8, ,
-5, ,0, ,
3, ,-6, ,
0, ,-12, ,
-1, ,-17, ,
-1, ,-21, ,
-5, ,-25, ,
-4, ,-27, ,
-2, ,-32, ,
-5, ,-34, ,
1, ,-36, ,
1, ,-37, ,
0, ,-39, ,
-1, ,-39, ,
1, ,-41, ,
3, ,-42, ,
0, ,-43, ,
0, ,-44, ,
1, ,-44, ,
3, ,-44, ,
8, ,-45, ,
1, ,-45, ,
4, ,-45, ,
9, ,-46, ,
3, ,-46, ,
3, ,-46, ,
6, ,-47, ,
4, ,-47, ,
8, ,-46, ,
1, ,-47, ,
4, ,-49, ,
10, ,-46, ,
0, ,-49, ,
0, ,-47, ,
-7, ,-47, ,
1, ,-49, ,
9, ,-47, ,
0, ,-47, ,
11, ,-49, ,
9, ,-49, ,
4, ,-47, ,
3, ,-47, ,
3, ,-49, ,
1, ,-47, ,
5, ,-49, ,
1, ,-47, ,
5, ,-47, ,
9, ,-49, ,
6, ,-49, ,
3, ,-47, ,
5, ,-49, ,
5, ,-49, ,
5, ,-47, ,
4, ,-49, ,
3, ,-49, ,
6, ,-47, ,
6, ,-49, ,
3, ,-47, ,
5, ,-47, ,
8, ,-47, ,
3, ,-49, ,
1, ,-47, ,
4, ,-49, ,
9, ,-47, ,
5, ,-47, ,
6, ,-47, ,
6, ,-49, ,
6, ,-47, ,
4, ,-49, ,
0, ,-47, ,
1, ,-47, ,
4, ,-47, ,
4, ,-47, ,
3, ,-47, ,
8, ,-49, ,
9, ,-47, ,
10, ,-47, ,
6, ,-47, ,
6, ,-49, ,
9, ,-46, ,
11, ,-49, ,
-1, ,-47, ,
4, ,-47, ,
9, ,-47, ,
4, ,-47, ,
4, ,-47, ,
9, ,-49, ,
6, ,-47, ,
4, ,-47, ,
4, ,-47, ,
5, ,-47, ,
6, ,-46, ,
8, ,-47, ,
4, ,-47, ,
6, ,-47, ,
9, ,-47, ,
5, ,-47, ,
1, ,-46, ,
5, ,-49, ,
4, ,-47, ,
6, ,-46, ,
5, ,-47, ,
6, ,-47, ,
11, ,-46, ,
10, ,-49, ,
6, ,-47, ,
9, ,-47, ,
6, ,-47, ,
5, ,-47, ,
0, ,-47, ,
11, ,-49, ,
6, ,-47, ,
4, ,-47, ,
5, ,-49, ,
3, ,-47, ,
3, ,-46, ,
4, ,-47, ,
-4, ,-47, ,
-1, ,-47, ,
5, ,-47, ,
3, ,-47, ,
1, ,-47, ,
5, ,-49, ,
8, ,-47, ,
6, ,-46, ,
5, ,-47, ,
8, ,-47, ,
6, ,-46, ,
5, ,-47, ,
-1, ,-47, ,
3, ,-47, ,
3, ,-47, ,
1, ,-47, ,
-6, ,-47, ,
0, ,-49, ,
4, ,-47, ,
-1, ,-47, ,
-2, ,-47, ,
1, ,-47, ,
0, ,-46, ,
4, ,-49, ,
1, ,-47, ,
3, ,-47, ,
3, ,-47, ,
-1, ,-49, ,
-2, ,-46, ,
0, ,-49, ,
-2, ,-47, ,
0, ,-47, ,
-1, ,-47, ,
-1, ,-47, ,
1, ,-46, ,
0, ,-47, ,
0, ,-47, ,
-1, ,-47, ,
0, ,-47, ,
0, ,-47, ,
-4, ,-47, ,
1, ,-49, ,
3, ,-47, ,
1, ,-47, ,
3, ,-47, ,
1, ,-47, ,
3, ,-46, ,
4, ,-47, ,
-2, ,-47, ,
1, ,-47, ,
1, ,-47, ,
-1, ,-47, ,
-2, ,-47, ,
1, ,-49, ,
0, ,-47, ,
-1, ,-47, ,
-1, ,-47, ,
-2, ,-47, ,
0, ,-46, ,
-1, ,-47, ,
-4, ,-47, ,
1, ,-47, ,
3, ,-47, ,
1, ,-47, ,
-2, ,-47, ,
0, ,-47, ,
-1, ,-47, ,
-4, ,-47, ,
-2, ,-47, ,
0, ,-47, ,
0, ,-47, ,
3, ,-47, ,
-5, ,-47, ,
0, ,-47, ,
1, ,-47, ,
-4, ,-47, ,
-5, ,-46, ,
-2, ,-49, ,
0, ,-47, ,
-1, ,-47, ,
-1, ,-47, ,
-1, ,-47, ,
1, ,-46, ,
1, ,-47, ,
-5, ,-47, ,
-1, ,-47, ,
0, ,-47, ,
-4, ,-47, ,
-6, ,-47, ,
-5, ,-49, ,
-2, ,-47, ,
-2, ,-47, ,
-7, ,-47, ,
0, ,-47, ,
-1, ,-47, ,
-1, ,-47, ,
-4, ,-47, ,
-1, ,-47, ,
3, ,-47, ,
-2, ,-47, ,
-4, ,-46, ,
-1, ,-49, ,
-5, ,-47, ,
-2, ,-46, ,
-6, ,-47, ,
-5, ,-49, ,
-2, ,-46, ,
-2, ,-47, ,
-4, ,-47, ,
0, ,-47, ,
-1, ,-47, ,
0, ,-47, ,
-4, ,-47, ,
0, ,-49, ,
-2, ,-47, ,
-5, ,-46, ,
-4, ,-47, ,
-2, ,-47, ,
1, ,-46, ,
0, ,-49, ,
-2, ,-47, ,
0, ,-47, ,
3, ,-47, ,
0, ,-47, ,
-2, ,-46, ,
1, ,-49, ,
0, ,-47, ,
0, ,-47, ,
1, ,-47, ,
3, ,-49, ,
3, ,-46, ,
1, ,-47, ,
-6, ,-47, ,
1, ,-47, ,
4, ,-47, ,
-1, ,-47, ,
-1, ,-46, ,
1, ,-49, ,
1, ,-47, ,
0, ,-47, ,
-6, ,-47, ,
0, ,-47, ,
-1, ,-46, ,
4, ,-47, ,
-1, ,-47, ,
3, ,-47, ,
10, ,-47, ,
5, ,-47, ,
3, ,-47, ,
5, ,-49, ,
3, ,-47, ,
0, ,-47, ,
-4, ,-47, ,
0, ,-47, ,
4, ,-46, ,
1, ,-47, ,
0, ,-47, ,
0, ,-47, ,
3, ,-47, ,
0, ,-47, ,
-5, ,-47, ,
3, ,-49, ,
3, ,-46, ,
0, ,-47, ,
0, ,-47, ,
1, ,-47, ,
1, ,-46, ,
1, ,-47, ,
-1, ,-47, ,
3, ,-47, ,
3, ,-47, ,
4, ,-47, ,
0, ,-47, ,
5, ,-49, ,
3, ,-47, ,
0, ,-46, ,
-2, ,-47, ,
-4, ,-47, ,
1, ,-46, ,
1, ,-47, ,
-5, ,-47, ,
3, ,-47, ,
5, ,-47, ,
5, ,-47, ,
3, ,-46, ,
5, ,-49, ,
5, ,-47, ,
3, ,-47, ,
0, ,-47, ,
1, ,-47, ,
1, ,-46, ,
3, ,-47, ,
-2, ,-47, ,
5, ,-47, ,
6, ,-47, ,
3, ,-47, ,
-1, ,-47, ,
6, ,-47, ,
5, ,-47, ,
5, ,-47, ,
4, ,-47, ,
6, ,-47, ,
8, ,-46, ,
6, ,-47, ,
3, ,-47, ,
4, ,-47, ,
5, ,-47, ,
3, ,-47, ,
0, ,-46, ,
6, ,-47, ,
5, ,-47, ,
3, ,-46, ,
1, ,-47, ,
4, ,-47, ,
5, ,-46, ,
5, ,-47, ,
-1, ,-47, ,
4, ,-47, ,
9, ,-47, ,
4, ,-47, ,
3, ,-46, ,
9, ,-49, ,
5, ,-47, ,
4, ,-47, ,
-1, ,-47, ,
1, ,-47, ,
4, ,-46, ,
4, ,-47, ,
1, ,-47, ,
6, ,-47, ,
8, ,-47, ,
8, ,-47, ,
4, ,-46, ,
8, ,-49, ,
6, ,-47, ,
3, ,-47, ,
1, ,-47, ,
3, ,-47, ,
3, ,-46, ,
5, ,-47, ,
0, ,-47, ,
1, ,-47, ,
6, ,-47, ,
0, ,-47, ,
0, ,-47, ,
3, ,-47, ,
4, ,-47, ,
4, ,-47, ,
1, ,-47, ,
3, ,-47, ,
6, ,-46, ,
5, ,-47, ,
0, ,-47, ,
1, ,-47, ,
1, ,-47, ,
-2, ,-47, ,
-5, ,-46, ,
0, ,-47, ,
4, ,-47, ,
0, ,-46, ,
-4, ,-47, ,
1, ,-47, ,
-2, ,-47, ,
0, ,-47, ,
-1, ,-47, ,
4, ,-47, ,
10, ,-47, ,
5, ,-47, ,
4, ,-47, ,
9, ,-49, ,
6, ,-47, ,
4, ,-47, ,
0, ,-47, ,
-1, ,-47, ,
-1, ,-46, ,
0, ,-47, ,
-1, ,-47, ,
3, ,-47, ,
4, ,-47, ,
3, ,-47, ,
-2, ,-46, ,
4, ,-49, ,
5, ,-47, ,
6, ,-47, ,
4, ,-47, ,
5, ,-47, ,
5, ,-46, ,
4, ,-47, ,
-1, ,-47, ,
4, ,-47, ,
5, ,-47, ,
3, ,-47, ,
0, ,-47, ,
5, ,-49, ,
3, ,-47, ,
1, ,-46, ,
0, ,-47, ,
-1, ,-47, ,
4, ,-46, ,
1, ,-47, ,
-4, ,-47, ,
1, ,-47, ,
1, ,-47, ,
1, ,-47, ,
0, ,-47, ,
5, ,-49, ,
9, ,-47, ,
4, ,-47, ,
5, ,-47, ,
3, ,-47, ,
0, ,-46, ,
3, ,-47, ,
-7, ,-47, ,
0, ,-47, ,
5, ,-47, ,
-2, ,-47, ,
-2, ,-47, ,
1, ,-47, ,
1, ,-47, ,
0, ,-46, ,
0, ,-47, ,
1, ,-47, ,
1, ,-46, ,
1, ,-47, ,
-2, ,-47, ,
0, ,-47, ,
1, ,-47, ,
-2, ,-47, ,
-4, ,-46, ,
-1, ,-47, ,
-1, ,-47, ,
-1, ,-47, ,
-2, ,-47, ,
1, ,-47, ,
1, ,-46, ,
5, ,-47, ,
0, ,-47, ,
1, ,-47, ,
3, ,-47, ,
-2, ,-47, ,
-5, ,-47, ,
3, ,-49, ,
1, ,-47, ,
1, ,-47, ,
3, ,-47, ,
1, ,-47, ,
1, ,-47, ,
-1, ,-47, ,
-6, ,-47, ,
-2, ,-47, ,
-2, ,-47, ,
-4, ,-47, ,
-1, ,-47, ,
4, ,-47, ,
3, ,-47, ,
-1, ,-47, ,
-2, ,-47, ,
0, ,-49, ,
0, ,-46, ,
0, ,-47, ,
-4, ,-47, ,
1, ,-47, ,
1, ,-47, ,
-1, ,-47, ,
-2, ,-46, ,
3, ,-49, ,
0, ,-47, ,
0, ,-47, ,
1, ,-47, ,
3, ,-47, ,
4, ,-46, ,
4, ,-49, ,
-2, ,-47, ,
4, ,-47, ,
3, ,-47, ,
-2, ,-47, ,
-9, ,-47, ,
-1, ,-49, ,
0, ,-47, ,
-4, ,-47, ,
-1, ,-47, ,
5, ,-47, ,
1, ,-46, ,
1, ,-47, ,
-2, ,-47, ,
-1, ,-47, ,
4, ,-47, ,
-1, ,-47, ,
0, ,-47, ,
1, ,-47, ,
0, ,-47, ,
1, ,-46, ,
-1, ,-47, ,
0, ,-47, ,
0, ,-46, ,
-2, ,-47, ,
-4, ,-47, ,
1, ,-47, ,
3, ,-47, ,
0, ,-47, ,
-2, ,-47, ,
1, ,-47, ,
-1, ,-47, ,
-2, ,-47, ,
-2, ,-47, ,
0, ,-47, ,
0, ,-46, ,
1, ,-47, ,
1, ,-47, ,
3, ,-47, ,
5, ,-47, ,
0, ,-47, ,
-2, ,-47, ,
3, ,-49, ,
-2, ,-47, ,
-4, ,-47, ,
1, ,-47, ,
1, ,-47, ,
-2, ,-46, ,
3, ,-47, ,
-2, ,-47, ,
3, ,-47, ,
3, ,-47, ,
1, ,-47, ,
-1, ,-47, ,
5, ,-49, ,
4, ,-47, ,
4, ,-47, ,
1, ,-47, ,
4, ,-47, ,
0, ,-46, ,
3, ,-47, ,
-4, ,-47, ,
1, ,-47, ,
4, ,-47, ,
1, ,-47, ,
0, ,-47, ,
6, ,-47, ,
3, ,-47, ,
4, ,-46, ,
0, ,-47, ,
4, ,-47, ,
6, ,-46, ,
5, ,-47, ,
4, ,-47, ,
6, ,-47, ,
10, ,-47, ,
8, ,-47, ,
-1, ,-46, ,
8, ,-47, ,
3, ,-47, ,
-2, ,-46, ,
-1, ,-47, ,
1, ,-47, ,
4, ,-47, ,
5, ,-47, ,
3, ,-47, ,
6, ,-47, ,
8, ,-47, ,
3, ,-47, ,
0, ,-46, ,
3, ,-49, ,
3, ,-47, ,
4, ,-46, ,
-1, ,-47, ,
1, ,-47, ,
4, ,-46, ,
0, ,-47, ,
-2, ,-47, ,
1, ,-47, ,
4, ,-47, ,
4, ,-47, ,
0, ,-47, ,
4, ,-47, ,
5, ,-47, ,
3, ,-47, ,
1, ,-47, ,
3, ,-47, ,
3, ,-46, ,
3, ,-47, ,
-4, ,-47, ,
3, ,-47, ,
6, ,-47, ,
3, ,-47, ,
3, ,-46, ,
4, ,-49, ,
3, ,-47, ,
0, ,-47, ,
0, ,-47, ,
0, ,-47, ,
1, ,-47, ,
3, ,-47, ,
0, ,-47, ,
4, ,-47, ,
4, ,-47, ,
1, ,-47, ,
-2, ,-47, ,
0, ,-47, ,
3, ,-47, ,
0, ,-47, ,
-1, ,-47, ,
4, ,-47, ,
4, ,-46, ,
3, ,-49, ,
3, ,-47, ,
4, ,-47, ,
5, ,-47, ,
3, ,-47, ,
1, ,-46, ,
4, ,-47, ,
3, ,-47, ,
4, ,-47, ,
0, ,-47, ,
1, ,-47, ,
3, ,-46, ,
3, ,-47, ,
-1, ,-47, ,
3, ,-47, ,
5, ,-47, ,
3, ,-47, ,
0, ,-46, ,
9, ,-49, ,
4, ,-46, ,
1, ,-46, ,
4, ,-47, ,
1, ,-47, ,
3, ,-46, ,
3, ,-47, ,
1, ,-47, ,
6, ,-47, ,
9, ,-47, ,
4, ,-47, ,
0, ,-46, ,
5, ,-49, ,
0, ,-47, ,
0, ,-46, ,
1, ,-47, ,
-1, ,-47, ,
1, ,-46, ,
3, ,-47, ,
-4, ,-47, ,
3, ,-47, ,
1, ,-47, ,
1, ,-47, ,
1, ,-47, ,
3, ,-49, ,
5, ,-47, ,
1, ,-47, ,
3, ,-47, ,
3, ,-47, ,
1, ,-46, ,
3, ,-47, ,
-1, ,-47, ,
-2, ,-47, ,
1, ,-47, ,
-1, ,-47, ,
-6, ,-46, ,
4, ,-49, ,
3, ,-47, ,
4, ,-46, ,
1, ,-47, ,
1, ,-49, ,
3, ,-46, ,
0, ,-47, ,
-5, ,-47, ,
0, ,-47, ,
1, ,-47, ,
0, ,-47, ,
-1, ,-47, ,
3, ,-49, ,
0, ,-47, ,
-1, ,-47, ,
-5, ,-47, ,
0, ,-47, ,
-1, ,-47, ,
0, ,-47, ,
-4, ,-47, ,
1, ,-47, ,
5, ,-47, ,
3, ,-47, ,
-1, ,-47, ,
4, ,-49, ,
1, ,-47, ,
0, ,-46, ,
0, ,-47, ,
1, ,-47, ,
3, ,-46, ,
0, ,-47, ,
-2, ,-47, ,
0, ,-47, ,
0, ,-47, ,
-1, ,-47, ,
-2, ,-47, ,
4, ,-47, ,
3, ,-47, ,
0, ,-47, ,
1, ,-47, ,
4, ,-47, ,
3, ,-47, ,
1, ,-47, ,
-6, ,-47, ,
-1, ,-47, ,
0, ,-47, ,
-2, ,-47, ,
-1, ,-47, ,
4, ,-49, ,
4, ,-47, ,
3, ,-47, ,
3, ,-47, ,
4, ,-47, ,
0, ,-46, ,
-2, ,-47, ,
-5, ,-47, ,
-1, ,-47, ,
0, ,-47, ,
-2, ,-47, ,
-4, ,-47, ,
1, ,-49, ,
3, ,-47, ,
0, ,-47, ,
-2, ,-47, ,
1, ,-47, ,
0, ,-46, ,
3, ,-47, ,
-7, ,-45, ,
1, ,-38, ,
9, ,-27, ,
1, ,-18, ,
5, ,-9, ,
8, ,-1, ,
1, ,5, ,
5, ,11, ,
5, ,16, ,
8, ,19, ,
9, ,23, ,
9, ,26, ,
5, ,30, ,
4, ,32, ,
1, ,34, ,
-2, ,35, ,
-6, ,36, ,
4, ,38, ,
5, ,39, ,
4, ,40, ,
5, ,41, ,
3, ,41, ,
0, ,41, ,
1, ,43, ,
-4, ,43, ,
0, ,43, ,
3, ,44, ,
3, ,44, ,
-1, ,44, ,
5, ,45, ,
3, ,44, ,
4, ,45, ,
1, ,45, ,
-1, ,45, ,
0, ,44, ,
3, ,45, ,
-4, ,45, ,
1, ,45, ,
4, ,45, ,
4, ,45, ,
1, ,45, ,
1, ,46, ,
3, ,45, ,
1, ,45, ,
3, ,46, ,
3, ,45, ,
4, ,44, ,
8, ,46, ,
-1, ,45, ,
3, ,45, ,
1, ,45, ,
-1, ,45, ,
-4, ,45, ,
-1, ,45, ,
0, ,45, ,
3, ,45, ,
1, ,46, ,
5, ,45, ,
8, ,44, ,
5, ,45, ,
1, ,45, ,
5, ,45, ,
5, ,45, ,
1, ,45, ,
-1, ,45, ,
5, ,46, ,
1, ,45, ,
0, ,45, ,
-1, ,45, ,
3, ,45, ,
1, ,44, ,
3, ,45, ,
0, ,45, ,
3, ,45, ,
4, ,45, ,
4, ,45, ,
1, ,44, ,
5, ,46, ,
3, ,45, ,
3, ,45, ,
3, ,45, ,
0, ,45, ,
4, ,44, ,
4, ,45, ,
-4, ,45, ,
3, ,45, ,
3, ,45, ,
3, ,45, ,
-2, ,44, ,
3, ,45, ,
1, ,45, ,
3, ,45, ,
3, ,45, ,
3, ,45, ,
3, ,44, ,
8, ,45, ,
0, ,45, ,
4, ,45, ,
4, ,45, ,
0, ,45, ,
-1, ,44, ,
4, ,45, ,
1, ,45, ,
3, ,45, ,
1, ,45, ,
4, ,45, ,
6, ,44, ,
5, ,45, ,
0, ,45, ,
5, ,45, ,
5, ,45, ,
-1, ,45, ,
0, ,44, ,
6, ,45, ,
6, ,44, ,
6, ,45, ,
0, ,45, ,
3, ,45, ,
3, ,44, ,
3, ,45, ,
1, ,45, ,
11, ,44, ,
13, ,45, ,
6, ,45, ,
1, ,44, ,
5, ,45, ,
-4, ,45, ,
1, ,45, ,
0, ,45, ,
5, ,45, ,
5, ,44, ,
5, ,45, ,
4, ,45, ,
3, ,44, ,
1, ,45, ,
3, ,45, ,
-2, ,44, ,
3, ,45, ,
3, ,44, ,
4, ,45, ,
3, ,45, ,
3, ,45, ,
5, ,44, ,
8, ,45, ,
5, ,45, ,
6, ,44, ,
6, ,45, ,
5, ,45, ,
1, ,44, ,
4, ,45, ,
1, ,44, ,
4, ,44, ,
-1, ,45, ,
1, ,45, ,
1, ,44, ,
1, ,45, ,
-2, ,45, ,
3, ,44, ,
3, ,45, ,
4, ,45, ,
1, ,44, ,
1, ,45, ,
5, ,44, ,
0, ,45, ,
0, ,45, ,
0, ,45, ,
-1, ,44, ,
5, ,45, ,
-1, ,44, ,
0, ,45, ,
8, ,45, ,
-1, ,45, ,
-6, ,44, ,
4, ,45, ,
1, ,44, ,
3, ,44, ,
1, ,45, ,
6, ,45, ,
6, ,44, ,
6, ,45, ,
0, ,44, ,
1, ,45, ,
3, ,45, ,
3, ,45, ,
-4, ,44, ,
0, ,45, ,
-2, ,44, ,
-5, ,45, ,
-5, ,45, ,
4, ,45, ,
4, ,44, ,
1, ,45, ,
-4, ,45, ,
0, ,44, ,
3, ,45, ,
0, ,45, ,
-1, ,44, ,
6, ,45, ,
4, ,44, ,
5, ,44, ,
-1, ,45, ,
-1, ,45, ,
0, ,44, ,
-2, ,45, ,
-1, ,45, ,
-1, ,44, ,
1, ,45, ,
-7, ,45, ,
-2, ,44, ,
10, ,45, ,
1, ,44, ,
1, ,45, ,
3, ,45, ,
1, ,45, ,
3, ,44, ,
6, ,45, ,
3, ,45, ,
4, ,44, ,
6, ,45, ,
1, ,45, ,
-1, ,44, ,
0, ,45, ,
-4, ,45, ,
-2, ,44, ,
0, ,45, ,
4, ,45, ,
1, ,44, ,
3, ,45, ,
-5, ,45, ,
0, ,44, ,
0, ,45, ,
-1, ,45, ,
-4, ,44, ,
3, ,45, ,
5, ,44, ,
3, ,45, ,
3, ,45, ,
3, ,45, ,
-2, ,44, ,
-1, ,45, ,
-6, ,44, ,
-2, ,44, ,
1, ,45, ,
-1, ,44, ,
-2, ,44, ,
4, ,45, ,
-6, ,44, ,
3, ,45, ,
-2, ,45, ,
-4, ,45, ,
1, ,44, ,
0, ,45, ,
-2, ,45, ,
0, ,44, ,
1, ,45, ,
0, ,45, ,
-2, ,44, ,
5, ,45, ,
3, ,44, ,
4, ,45, ,
0, ,45, ,
0, ,45, ,
-1, ,44, ,
3, ,45, ,
-5, ,44, ,
-2, ,44, ,
0, ,45, ,
-1, ,44, ,
-1, ,44, ,
1, ,45, ,
0, ,44, ,
4, ,45, ,
3, ,45, ,
-1, ,44, ,
1, ,44, ,
-1, ,45, ,
-7, ,45, ,
0, ,44, ,
-1, ,45, ,
-2, ,45, ,
-1, ,44, ,
4, ,45, ,
5, ,44, ,
5, ,44, ,
5, ,45, ,
5, ,44, ,
1, ,44, ,
4, ,45, ,
-4, ,45, ,
-1, ,44, ,
5, ,45, ,
-1, ,45, ,
-1, ,44, ,
3, ,45, ,
3, ,44, ,
3, ,44, ,
-1, ,45, ,
0, ,45, ,
1, ,44, ,
3, ,45, ,
0, ,44, ,
4, ,44, ,
3, ,45, ,
3, ,45, ,
-1, ,44, ,
4, ,45, ,
1, ,45, ,
1, ,44, ,
0, ,45, ,
3, ,45, ,
3, ,44, ,
3, ,45, ,
-4, ,45, ,
0, ,44, ,
4, ,45, ,
0, ,44, ,
-4, ,44, ,
8, ,45, ,
4, ,44, ,
4, ,45, ,
4, ,45, ,
3, ,44, ,
3, ,44, ,
0, ,45, ,
-5, ,45, ,
-1, ,44, ,
-1, ,45, ,
0, ,44, ,
-1, ,44, ,
4, ,45, ,
4, ,44, ,
3, ,45, ,
-1, ,45, ,
3, ,45, ,
3, ,44, ,
3, ,45, ,
4, ,45, ,
5, ,44, ,
6, ,45, ,
3, ,45, ,
1, ,44, ,
5, ,45, ,
3, ,45, ,
3, ,45, ,
3, ,45, ,
3, ,44, ,
4, ,44, ,
1, ,45, ,
-2, ,45, ,
1, ,44, ,
3, ,45, ,
1, ,45, ,
-2, ,44, ,
4, ,45, ,
6, ,45, ,
4, ,44, ,
3, ,45, ,
6, ,45, ,
4, ,43, ,
6, ,45, ,
3, ,45, ,
4, ,45, ,
8, ,45, ,
1, ,45, ,
0, ,44, ,
6, ,45, ,
3, ,44, ,
6, ,45, ,
3, ,45, ,
6, ,44, ,
5, ,44, ,
6, ,45, ,
0, ,45, ,
3, ,44, ,
4, ,45, ,
4, ,45, ,
0, ,44, ,
6, ,45, ,
4, ,44, ,
4, ,45, ,
-1, ,45, ,
1, ,44, ,
0, ,44, ,
3, ,45, ,
0, ,45, ,
4, ,44, ,
9, ,45, ,
4, ,45, ,
1, ,44, ,
5, ,45, ,
1, ,44, ,
3, ,44, ,
0, ,45, ,
1, ,45, ,
5, ,43, ,
5, ,45, ,
1, ,45, ,
4, ,45, ,
4, ,45, ,
4, ,45, ,
-1, ,44, ,
4, ,45, ,
3, ,45, ,
4, ,44, ,
4, ,45, ,
6, ,45, ,
6, ,44, ,
8, ,45, ,
1, ,44, ,
3, ,44, ,
4, ,45, ,
-1, ,44, ,
-2, ,44, ,
6, ,45, ,
3, ,44, ,
3, ,45, ,
1, ,45, ,
1, ,45, ,
5, ,44, ,
5, ,45, ,
1, ,44, ,
6, ,44, ,
5, ,45, ,
3, ,44, ,
1, ,44, ,
6, ,45, ,
1, ,45, ,
0, ,45, ,
-2, ,45, ,
1, ,45, ,
1, ,44, ,
4, ,45, ,
3, ,45, ,
8, ,44, ,
6, ,45, ,
4, ,45, ,
1, ,44, ,
4, ,45, ,
1, ,44, ,
3, ,45, ,
4, ,45, ,
4, ,45, ,
6, ,44, ,
5, ,45, ,
0, ,45, ,
4, ,44, ,
3, ,44, ,
3, ,45, ,
-6, ,44, ,
1, ,45, ,
3, ,44, ,
1, ,45, ,
0, ,45, ,
3, ,44, ,
4, ,44, ,
5, ,45, ,
0, ,45, ,
3, ,44, ,
5, ,45, ,
1, ,45, ,
3, ,44, ,
4, ,45, ,
-1, ,44, ,
1, ,45, ,
-1, ,45, ,
0, ,44, ,
0, ,44, ,
0, ,45, ,
-1, ,44, ,
0, ,44, ,
1, ,45, ,
1, ,45, ,
0, ,44, ,
3, ,45, ,
1, ,45, ,
-1, ,45, ,
-2, ,45, ,
1, ,45, ,
-1, ,43, ,
4, ,45, ,
1, ,45, ,
4, ,44, ,
5, ,45, ,
-1, ,45, ,
-4, ,44, ,
-1, ,45, ,
-4, ,44, ,
-2, ,44, ,
-5, ,45, ,
0, ,45, ,
1, ,44, ,
1, ,45, ,
-2, ,44, ,
-1, ,44, ,
0, ,44, ,
0, ,44, ,
-1, ,44, ,
6, ,45, ,
3, ,44, ,
1, ,45, ,
0, ,45, ,
-1, ,45, ,
-1, ,44, ,
-1, ,45, ,
-5, ,44, ,
-1, ,44, ,
4, ,45, ,
1, ,44, ,
0, ,44, ,
6, ,45, ,
1, ,44, ,
-1, ,45, ,
-1, ,45, ,
1, ,45, ,
0, ,44, ,
0, ,45, ,
-4, ,44, ,
0, ,44, ,
0, ,45, ,
0, ,45, ,
-4, ,44, ,
1, ,45, ,
0, ,44, ,
1, ,44, ,
1, ,45, ,
3, ,45, ,
3, ,44, ,
3, ,45, ,
-4, ,45, ,
-1, ,44, ,
1, ,45, ,
-2, ,45, ,
-2, ,44, ,
4, ,45, ,
1, ,44, ,
1, ,44, ,
-2, ,45, ,
-1, ,45, ,
-1, ,44, ,
-1, ,45, ,
-4, ,45, ,
0, ,44, ,
