Format,1.0B,
Memory Length,10000,Memory Length,10000,
IntpDistance,0,IntpDistance,0,
Trigger Address,4999,Trigger Address,4999,
Trigger Level,9.600E-01,Trigger Level,9.600E-01,
Source,CH1,Source,CH2,
Vertical Units,V,Vertical Units,V,
Vertical Units Div,0,Vertical Units Div,0,
Vertical Units Extend Div,16,Vertical Units Extend Div,16,
Label,,Label,,
Probe Type,0,Probe Type,0,
Probe Ratio,1.000e+01,Probe Ratio,1.000e+00,
Vertical Scale,2.000e-02,Vertical Scale,1.000e+00,
Vertical Position,-5.120e-02,Vertical Position,0.000e+00,
Horizontal Units,S,Horizontal Units,S,
Horizontal Scale,1.000E-05,Horizontal Scale,1.000E-05,
Horizontal Position,0.000E+00,Horizontal Position,0.000E+00,
Horizontal Mode,Main,Horizontal Mode,Main,
SincET Mode,Real Time,SincET Mode,Real Time,
Sampling Period,1.000e-08,Sampling Period,1.000e-08,
Horizontal Old Scale,1.000E-05,Horizontal Old Scale,1.000E-05,
Horizontal Old Position,0.000E+00,Horizontal Old Position,0.000E+00,
Firmware,V1.23,Firmware,V1.23,
Mode,Fast,Mode,Fast,
Waveform Data,,Waveform Data,,
1, ,-40, ,
1, ,-39, ,
-2, ,-39, ,
-2, ,-39, ,
-1, ,-39, ,
-2, ,-39, ,
0, ,-40, ,
-5, ,-39, ,
0, ,-40, ,
3, ,-39, ,
-1, ,-40, ,
-1, ,-39, ,
1, ,-40, ,
0, ,-39, ,
0, ,-39, ,
0, ,-39, ,
0, ,-40, ,
3, ,-39, ,
4, ,-40, ,
0, ,-40, ,
6, ,-39, ,
6, ,-40, ,
0, ,-40, ,
-1, ,-38, ,
4, ,-40, ,
4, ,-39, ,
1, ,-39, ,
1, ,-39, ,
8, ,-39, ,
-6, ,-39, ,
4, ,-40, ,
-1, ,-39, ,
-1, ,-39, ,
5, ,-39, ,
0, ,-40, ,
-2, ,-39, ,
4, ,-40, ,
3, ,-39, ,
4, ,-39, ,
4, ,-39, ,
6, ,-40, ,
4, ,-38, ,
0, ,-40, ,
-4, ,-40, ,
1, ,-39, ,
3, ,-40, ,
3, ,-40, ,
-1, ,-38, ,
4, ,-40, ,
4, ,-39, ,
-1, ,-40, ,
1, ,-39, ,
3, ,-39, ,
4, ,-39, ,
4, ,-40, ,
0, ,-39, ,
6, ,-39, ,
5, ,-39, ,
3, ,-40, ,
-5, ,-39, ,
4, ,-39, ,
0, ,-39, ,
-1, ,-39, ,
-1, ,-40, ,
1, ,-40, ,
5, ,-39, ,
3, ,-40, ,
0, ,-39, ,
4, ,-39, ,
4, ,-39, ,
4, ,-39, ,
1, ,-38, ,
5, ,-40, ,
4, ,-39, ,
4, ,-39, ,
4, ,-39, ,
5, ,-40, ,
1, ,-39, ,
5, ,-40, ,
-4, ,-39, ,
4, ,-39, ,
4, ,-39, ,
3, ,-40, ,
3, ,-38, ,
4, ,-40, ,
5, ,-39, ,
4, ,-39, ,
1, ,-39, ,
8, ,-39, ,
6, ,-38, ,
8, ,-40, ,
4, ,-40, ,
5, ,-39, ,
6, ,-40, ,
4, ,-40, ,
1, ,-38, ,
5, ,-40, ,
5, ,-39, ,
4, ,-39, ,
4, ,-39, ,
6, ,-39, ,
8, ,-38, ,
4, ,-40, ,
4, ,-39, ,
6, ,-39, ,
6, ,-39, ,
4, ,-40, ,
-2, ,-38, ,
5, ,-40, ,
3, ,-40, ,
5, ,-39, ,
5, ,-39, ,
6, ,-40, ,
5, ,-38, ,
5, ,-40, ,
4, ,-39, ,
5, ,-39, ,
5, ,-40, ,
5, ,-40, ,
0, ,-38, ,
4, ,-40, ,
5, ,-39, ,
4, ,-39, ,
3, ,-39, ,
3, ,-40, ,
5, ,-38, ,
9, ,-40, ,
3, ,-39, ,
6, ,-39, ,
8, ,-39, ,
5, ,-40, ,
1, ,-39, ,
4, ,-40, ,
3, ,-40, ,
1, ,-39, ,
0, ,-39, ,
3, ,-40, ,
5, ,-39, ,
4, ,-40, ,
0, ,-40, ,
4, ,-39, ,
4, ,-39, ,
1, ,-40, ,
-1, ,-38, ,
4, ,-40, ,
1, ,-39, ,
-1, ,-40, ,
-2, ,-39, ,
0, ,-39, ,
0, ,-39, ,
4, ,-40, ,
-2, ,-39, ,
5, ,-39, ,
5, ,-39, ,
0, ,-40, ,
-4, ,-38, ,
5, ,-40, ,
5, ,-39, ,
4, ,-39, ,
3, ,-39, ,
6, ,-40, ,
4, ,-39, ,
1, ,-40, ,
-2, ,-40, ,
1, ,-39, ,
3, ,-39, ,
4, ,-40, ,
-2, ,-38, ,
3, ,-40, ,
1, ,-39, ,
0, ,-40, ,
-1, ,-39, ,
3, ,-39, ,
4, ,-39, ,
5, ,-40, ,
3, ,-39, ,
6, ,-39, ,
9, ,-39, ,
4, ,-40, ,
-1, ,-39, ,
4, ,-40, ,
-1, ,-39, ,
-1, ,-39, ,
-4, ,-39, ,
0, ,-40, ,
0, ,-39, ,
-1, ,-40, ,
-4, ,-40, ,
1, ,-39, ,
3, ,-39, ,
0, ,-40, ,
-2, ,-38, ,
4, ,-40, ,
3, ,-39, ,
1, ,-39, ,
0, ,-39, ,
0, ,-39, ,
-2, ,-39, ,
0, ,-40, ,
-6, ,-39, ,
-2, ,-39, ,
0, ,-39, ,
-1, ,-40, ,
-2, ,-39, ,
3, ,-40, ,
3, ,-39, ,
3, ,-39, ,
-1, ,-39, ,
0, ,-40, ,
0, ,-39, ,
0, ,-40, ,
-4, ,-39, ,
-1, ,-39, ,
1, ,-39, ,
-1, ,-40, ,
-4, ,-38, ,
1, ,-40, ,
0, ,-39, ,
-1, ,-39, ,
-4, ,-39, ,
-1, ,-39, ,
-5, ,-39, ,
-4, ,-40, ,
-5, ,-39, ,
-2, ,-39, ,
3, ,-39, ,
-1, ,-40, ,
-1, ,-39, ,
1, ,-40, ,
-1, ,-39, ,
0, ,-39, ,
-1, ,-39, ,
-1, ,-39, ,
1, ,-39, ,
1, ,-40, ,
-1, ,-40, ,
0, ,-39, ,
0, ,-40, ,
-2, ,-40, ,
-7, ,-38, ,
0, ,-40, ,
-1, ,-39, ,
-1, ,-39, ,
-2, ,-39, ,
-1, ,-39, ,
1, ,-39, ,
0, ,-40, ,
-5, ,-39, ,
-1, ,-39, ,
0, ,-39, ,
-2, ,-40, ,
-6, ,-39, ,
1, ,-40, ,
0, ,-39, ,
3, ,-39, ,
-1, ,-39, ,
1, ,-40, ,
-1, ,-38, ,
0, ,-40, ,
-5, ,-39, ,
1, ,-39, ,
1, ,-39, ,
1, ,-40, ,
0, ,-38, ,
5, ,-40, ,
4, ,-39, ,
0, ,-39, ,
-2, ,-40, ,
-1, ,-39, ,
0, ,-39, ,
0, ,-40, ,
-4, ,-39, ,
-1, ,-40, ,
3, ,-39, ,
0, ,-39, ,
-2, ,-38, ,
0, ,-40, ,
0, ,-39, ,
3, ,-39, ,
-1, ,-39, ,
1, ,-39, ,
3, ,-39, ,
1, ,-40, ,
-2, ,-39, ,
-1, ,-39, ,
1, ,-39, ,
-2, ,-39, ,
-9, ,-38, ,
1, ,-40, ,
0, ,-39, ,
0, ,-39, ,
-1, ,-39, ,
0, ,-39, ,
0, ,-38, ,
-1, ,-40, ,
-5, ,-39, ,
0, ,-39, ,
1, ,-39, ,
0, ,-40, ,
0, ,-39, ,
3, ,-40, ,
1, ,-39, ,
-1, ,-39, ,
-5, ,-39, ,
-2, ,-40, ,
0, ,-38, ,
1, ,-40, ,
-1, ,-40, ,
4, ,-39, ,
3, ,-39, ,
3, ,-40, ,
0, ,-38, ,
5, ,-40, ,
8, ,-39, ,
4, ,-39, ,
0, ,-40, ,
1, ,-39, ,
-1, ,-39, ,
3, ,-40, ,
-4, ,-39, ,
4, ,-39, ,
5, ,-39, ,
3, ,-40, ,
-1, ,-39, ,
3, ,-40, ,
0, ,-39, ,
3, ,-39, ,
1, ,-39, ,
5, ,-39, ,
4, ,-39, ,
5, ,-40, ,
1, ,-40, ,
3, ,-39, ,
4, ,-39, ,
3, ,-39, ,
-1, ,-38, ,
8, ,-40, ,
5, ,-39, ,
6, ,-39, ,
3, ,-40, ,
4, ,-40, ,
5, ,-39, ,
4, ,-40, ,
-1, ,-39, ,
5, ,-39, ,
5, ,-39, ,
3, ,-40, ,
1, ,-39, ,
6, ,-40, ,
3, ,-39, ,
3, ,-39, ,
3, ,-39, ,
1, ,-40, ,
5, ,-38, ,
4, ,-40, ,
1, ,-39, ,
5, ,-39, ,
3, ,-39, ,
1, ,-40, ,
-4, ,-38, ,
4, ,-40, ,
4, ,-39, ,
3, ,-39, ,
1, ,-39, ,
4, ,-39, ,
6, ,-38, ,
8, ,-40, ,
1, ,-39, ,
5, ,-39, ,
5, ,-39, ,
-1, ,-40, ,
-2, ,-39, ,
5, ,-40, ,
4, ,-39, ,
4, ,-39, ,
1, ,-39, ,
3, ,-39, ,
6, ,-39, ,
4, ,-40, ,
-1, ,-39, ,
4, ,-39, ,
5, ,-40, ,
4, ,-40, ,
1, ,-38, ,
5, ,-40, ,
6, ,-39, ,
1, ,-39, ,
-1, ,-39, ,
3, ,-39, ,
3, ,-39, ,
5, ,-40, ,
-1, ,-39, ,
5, ,-39, ,
6, ,-39, ,
3, ,-40, ,
0, ,-39, ,
5, ,-40, ,
0, ,-39, ,
3, ,-39, ,
4, ,-39, ,
9, ,-39, ,
10, ,-39, ,
8, ,-40, ,
1, ,-39, ,
3, ,-39, ,
1, ,-39, ,
0, ,-40, ,
-6, ,-38, ,
3, ,-40, ,
-1, ,-39, ,
0, ,-39, ,
-4, ,-39, ,
3, ,-39, ,
5, ,-39, ,
9, ,-40, ,
6, ,-39, ,
9, ,-40, ,
11, ,-39, ,
5, ,-40, ,
1, ,-39, ,
8, ,-39, ,
4, ,-40, ,
3, ,-39, ,
-1, ,-39, ,
4, ,-40, ,
1, ,-38, ,
3, ,-40, ,
0, ,-40, ,
4, ,-39, ,
4, ,-40, ,
4, ,-40, ,
1, ,-38, ,
6, ,-40, ,
5, ,-39, ,
1, ,-39, ,
0, ,-39, ,
1, ,-39, ,
0, ,-39, ,
3, ,-40, ,
-1, ,-39, ,
5, ,-39, ,
6, ,-39, ,
-1, ,-40, ,
-2, ,-39, ,
1, ,-40, ,
-1, ,-39, ,
0, ,-39, ,
-4, ,-39, ,
1, ,-40, ,
1, ,-38, ,
4, ,-40, ,
-1, ,-40, ,
-1, ,-39, ,
1, ,-39, ,
0, ,-40, ,
-1, ,-38, ,
4, ,-40, ,
4, ,-39, ,
1, ,-39, ,
-2, ,-39, ,
-1, ,-39, ,
-1, ,-39, ,
-1, ,-40, ,
-6, ,-39, ,
0, ,-39, ,
1, ,-39, ,
0, ,-40, ,
0, ,-38, ,
3, ,-40, ,
1, ,-39, ,
3, ,-39, ,
-2, ,-39, ,
1, ,-39, ,
1, ,-38, ,
-1, ,-40, ,
1, ,-40, ,
3, ,-39, ,
1, ,-39, ,
3, ,-40, ,
-2, ,-38, ,
1, ,-40, ,
8, ,-39, ,
0, ,-39, ,
-6, ,-39, ,
1, ,-39, ,
1, ,-39, ,
4, ,-40, ,
-1, ,-39, ,
1, ,-39, ,
4, ,-39, ,
1, ,-40, ,
-1, ,-39, ,
3, ,-40, ,
3, ,-39, ,
-1, ,-39, ,
-1, ,-39, ,
1, ,-40, ,
1, ,-39, ,
3, ,-40, ,
-2, ,-39, ,
1, ,-39, ,
1, ,-39, ,
0, ,-40, ,
-2, ,-38, ,
5, ,-40, ,
3, ,-39, ,
1, ,-39, ,
-2, ,-39, ,
0, ,-39, ,
0, ,-38, ,
-1, ,-40, ,
-5, ,-39, ,
-2, ,-39, ,
0, ,-39, ,
0, ,-40, ,
-1, ,-38, ,
1, ,-40, ,
0, ,-40, ,
1, ,-39, ,
-1, ,-39, ,
1, ,-39, ,
-2, ,-38, ,
-2, ,-35, ,
1, ,-25, ,
8, ,-15, ,
11, ,-5, ,
9, ,3, ,
3, ,9, ,
3, ,16, ,
1, ,21, ,
1, ,25, ,
1, ,30, ,
4, ,33, ,
6, ,35, ,
6, ,39, ,
1, ,40, ,
6, ,42, ,
6, ,43, ,
1, ,45, ,
-1, ,45, ,
3, ,49, ,
0, ,49, ,
3, ,49, ,
-2, ,50, ,
0, ,51, ,
3, ,50, ,
1, ,52, ,
-2, ,52, ,
0, ,52, ,
-2, ,53, ,
3, ,53, ,
0, ,51, ,
5, ,54, ,
5, ,53, ,
3, ,53, ,
4, ,54, ,
0, ,54, ,
-4, ,53, ,
4, ,55, ,
1, ,54, ,
5, ,54, ,
8, ,54, ,
5, ,54, ,
0, ,52, ,
-1, ,55, ,
-2, ,54, ,
5, ,54, ,
-1, ,54, ,
-1, ,54, ,
0, ,53, ,
3, ,55, ,
-2, ,54, ,
1, ,54, ,
5, ,54, ,
3, ,54, ,
-1, ,52, ,
4, ,55, ,
4, ,54, ,
3, ,53, ,
1, ,54, ,
1, ,55, ,
4, ,53, ,
1, ,54, ,
-1, ,53, ,
-2, ,54, ,
1, ,54, ,
-1, ,54, ,
-2, ,52, ,
4, ,55, ,
0, ,54, ,
5, ,53, ,
0, ,54, ,
3, ,54, ,
3, ,52, ,
1, ,55, ,
-2, ,53, ,
3, ,54, ,
3, ,54, ,
1, ,54, ,
-2, ,52, ,
5, ,55, ,
0, ,54, ,
0, ,54, ,
0, ,54, ,
1, ,54, ,
3, ,52, ,
4, ,54, ,
-1, ,53, ,
6, ,53, ,
5, ,54, ,
0, ,54, ,
-2, ,52, ,
3, ,54, ,
1, ,54, ,
3, ,53, ,
1, ,54, ,
3, ,54, ,
4, ,52, ,
4, ,54, ,
-4, ,53, ,
1, ,53, ,
1, ,54, ,
3, ,53, ,
1, ,51, ,
8, ,55, ,
6, ,54, ,
4, ,53, ,
0, ,54, ,
5, ,54, ,
4, ,52, ,
5, ,54, ,
-1, ,52, ,
1, ,53, ,
4, ,53, ,
1, ,54, ,
0, ,52, ,
4, ,54, ,
1, ,54, ,
8, ,53, ,
5, ,53, ,
8, ,54, ,
5, ,52, ,
4, ,54, ,
3, ,53, ,
4, ,53, ,
4, ,54, ,
3, ,53, ,
-1, ,51, ,
4, ,55, ,
1, ,54, ,
0, ,53, ,
1, ,53, ,
3, ,54, ,
4, ,52, ,
13, ,54, ,
4, ,52, ,
-1, ,54, ,
5, ,53, ,
5, ,54, ,
-4, ,51, ,
6, ,54, ,
8, ,53, ,
5, ,53, ,
1, ,53, ,
5, ,54, ,
6, ,52, ,
3, ,54, ,
-1, ,53, ,
1, ,53, ,
-1, ,54, ,
1, ,54, ,
-4, ,51, ,
1, ,55, ,
1, ,53, ,
1, ,53, ,
3, ,54, ,
4, ,54, ,
1, ,52, ,
4, ,54, ,
-2, ,53, ,
3, ,53, ,
3, ,53, ,
-1, ,54, ,
-2, ,51, ,
3, ,54, ,
-1, ,53, ,
0, ,53, ,
-4, ,53, ,
1, ,54, ,
3, ,52, ,
5, ,54, ,
0, ,53, ,
3, ,53, ,
1, ,54, ,
1, ,53, ,
0, ,51, ,
3, ,54, ,
3, ,53, ,
1, ,53, ,
-1, ,53, ,
4, ,54, ,
1, ,52, ,
1, ,54, ,
-2, ,53, ,
0, ,53, ,
4, ,53, ,
1, ,53, ,
-1, ,52, ,
4, ,54, ,
3, ,54, ,
4, ,53, ,
1, ,53, ,
4, ,54, ,
4, ,52, ,
8, ,54, ,
1, ,53, ,
4, ,53, ,
1, ,53, ,
4, ,54, ,
-1, ,51, ,
5, ,54, ,
3, ,53, ,
0, ,53, ,
1, ,54, ,
0, ,54, ,
3, ,52, ,
6, ,54, ,
-1, ,53, ,
4, ,53, ,
4, ,53, ,
1, ,54, ,
-2, ,52, ,
4, ,54, ,
0, ,54, ,
0, ,53, ,
-2, ,53, ,
-1, ,54, ,
0, ,52, ,
4, ,54, ,
-1, ,52, ,
6, ,53, ,
4, ,53, ,
3, ,54, ,
-2, ,51, ,
4, ,54, ,
0, ,53, ,
1, ,53, ,
0, ,54, ,
0, ,54, ,
-1, ,52, ,
3, ,54, ,
-6, ,53, ,
0, ,53, ,
0, ,53, ,
-2, ,54, ,
-2, ,51, ,
1, ,54, ,
-1, ,53, ,
1, ,53, ,
0, ,53, ,
4, ,53, ,
3, ,52, ,
4, ,54, ,
-2, ,53, ,
0, ,53, ,
3, ,54, ,
1, ,54, ,
-4, ,51, ,
4, ,54, ,
1, ,53, ,
1, ,53, ,
-2, ,53, ,
-2, ,54, ,
-1, ,52, ,
0, ,54, ,
-1, ,53, ,
4, ,53, ,
4, ,54, ,
4, ,54, ,
0, ,52, ,
3, ,54, ,
-1, ,53, ,
0, ,53, ,
-1, ,54, ,
0, ,54, ,
3, ,52, ,
4, ,54, ,
-1, ,52, ,
0, ,53, ,
-1, ,54, ,
-1, ,53, ,
-5, ,51, ,
1, ,54, ,
3, ,53, ,
1, ,53, ,
1, ,53, ,
1, ,53, ,
1, ,52, ,
4, ,54, ,
0, ,53, ,
4, ,53, ,
5, ,53, ,
4, ,54, ,
1, ,51, ,
3, ,54, ,
1, ,53, ,
3, ,53, ,
1, ,53, ,
0, ,54, ,
-2, ,52, ,
1, ,54, ,
-1, ,53, ,
1, ,53, ,
4, ,54, ,
6, ,54, ,
3, ,51, ,
5, ,54, ,
3, ,53, ,
5, ,53, ,
0, ,53, ,
0, ,54, ,
-1, ,52, ,
1, ,54, ,
-4, ,53, ,
3, ,53, ,
4, ,53, ,
0, ,54, ,
-2, ,52, ,
1, ,54, ,
-2, ,53, ,
-1, ,53, ,
-2, ,53, ,
-1, ,54, ,
0, ,52, ,
1, ,54, ,
-2, ,53, ,
3, ,53, ,
1, ,53, ,
0, ,53, ,
-5, ,51, ,
3, ,54, ,
1, ,53, ,
1, ,53, ,
-1, ,53, ,
1, ,54, ,
3, ,52, ,
1, ,54, ,
-1, ,52, ,
1, ,53, ,
3, ,54, ,
3, ,54, ,
1, ,52, ,
6, ,54, ,
4, ,53, ,
3, ,53, ,
-5, ,53, ,
-1, ,54, ,
-1, ,52, ,
-1, ,54, ,
-4, ,53, ,
4, ,53, ,
4, ,53, ,
3, ,53, ,
-2, ,51, ,
3, ,54, ,
3, ,53, ,
3, ,53, ,
-1, ,53, ,
1, ,54, ,
5, ,52, ,
6, ,54, ,
3, ,53, ,
0, ,53, ,
1, ,53, ,
1, ,53, ,
-1, ,52, ,
6, ,54, ,
5, ,53, ,
8, ,53, ,
4, ,53, ,
4, ,54, ,
4, ,52, ,
4, ,54, ,
0, ,53, ,
3, ,53, ,
3, ,53, ,
3, ,53, ,
0, ,51, ,
5, ,54, ,
3, ,53, ,
3, ,53, ,
1, ,53, ,
0, ,53, ,
-1, ,52, ,
3, ,54, ,
-5, ,53, ,
3, ,53, ,
3, ,53, ,
3, ,54, ,
0, ,52, ,
4, ,54, ,
3, ,53, ,
4, ,53, ,
4, ,53, ,
4, ,53, ,
6, ,51, ,
6, ,54, ,
-1, ,53, ,
3, ,53, ,
1, ,53, ,
0, ,53, ,
-5, ,51, ,
1, ,55, ,
1, ,53, ,
1, ,53, ,
4, ,53, ,
-1, ,54, ,
0, ,52, ,
6, ,54, ,
-1, ,52, ,
8, ,54, ,
8, ,53, ,
4, ,54, ,
0, ,52, ,
4, ,54, ,
1, ,54, ,
4, ,53, ,
3, ,54, ,
4, ,54, ,
6, ,52, ,
4, ,54, ,
-2, ,53, ,
1, ,53, ,
3, ,54, ,
-5, ,54, ,
-6, ,51, ,
9, ,54, ,
-1, ,53, ,
-1, ,53, ,
1, ,53, ,
6, ,54, ,
5, ,52, ,
5, ,54, ,
1, ,53, ,
0, ,53, ,
4, ,53, ,
3, ,53, ,
-1, ,52, ,
4, ,54, ,
3, ,53, ,
3, ,52, ,
3, ,54, ,
4, ,54, ,
5, ,52, ,
5, ,54, ,
0, ,52, ,
3, ,53, ,
0, ,54, ,
-1, ,53, ,
-6, ,51, ,
1, ,54, ,
1, ,53, ,
3, ,53, ,
4, ,54, ,
3, ,54, ,
6, ,52, ,
10, ,54, ,
0, ,52, ,
3, ,53, ,
3, ,54, ,
1, ,54, ,
-2, ,51, ,
0, ,54, ,
-2, ,53, ,
-2, ,53, ,
-5, ,54, ,
-1, ,54, ,
-2, ,52, ,
0, ,54, ,
-5, ,53, ,
1, ,53, ,
3, ,53, ,
3, ,53, ,
0, ,51, ,
5, ,54, ,
4, ,53, ,
1, ,53, ,
1, ,53, ,
3, ,53, ,
0, ,52, ,
4, ,54, ,
-2, ,53, ,
-2, ,53, ,
1, ,54, ,
-4, ,54, ,
-5, ,51, ,
0, ,54, ,
-4, ,53, ,
1, ,53, ,
0, ,53, ,
3, ,53, ,
4, ,52, ,
0, ,54, ,
-2, ,52, ,
1, ,53, ,
1, ,53, ,
3, ,53, ,
-1, ,52, ,
1, ,54, ,
1, ,53, ,
1, ,53, ,
0, ,53, ,
1, ,54, ,
1, ,52, ,
3, ,54, ,
-2, ,52, ,
1, ,53, ,
3, ,53, ,
0, ,54, ,
-4, ,52, ,
4, ,54, ,
1, ,53, ,
3, ,53, ,
0, ,53, ,
-2, ,54, ,
-5, ,52, ,
-7, ,54, ,
-16, ,53, ,
-12, ,53, ,
-15, ,53, ,
-15, ,54, ,
-14, ,51, ,
-5, ,54, ,
-4, ,53, ,
-2, ,53, ,
1, ,53, ,
9, ,54, ,
13, ,52, ,
16, ,54, ,
11, ,53, ,
11, ,53, ,
6, ,53, ,
1, ,54, ,
-1, ,52, ,
0, ,54, ,
-2, ,53, ,
0, ,53, ,
-5, ,53, ,
-1, ,54, ,
-2, ,51, ,
0, ,54, ,
-4, ,53, ,
-1, ,53, ,
0, ,54, ,
-1, ,54, ,
-5, ,51, ,
1, ,54, ,
-1, ,53, ,
0, ,53, ,
-1, ,54, ,
0, ,53, ,
1, ,52, ,
3, ,54, ,
-1, ,52, ,
3, ,53, ,
3, ,53, ,
-1, ,53, ,
-2, ,51, ,
3, ,54, ,
-4, ,53, ,
-2, ,53, ,
-7, ,53, ,
-6, ,54, ,
-1, ,52, ,
-2, ,54, ,
-1, ,53, ,
1, ,53, ,
3, ,54, ,
5, ,53, ,
-4, ,52, ,
0, ,54, ,
-4, ,54, ,
-4, ,53, ,
-5, ,54, ,
-4, ,54, ,
1, ,52, ,
6, ,54, ,
-2, ,53, ,
0, ,53, ,
4, ,53, ,
0, ,54, ,
-1, ,52, ,
3, ,54, ,
5, ,54, ,
4, ,53, ,
0, ,53, ,
1, ,54, ,
1, ,52, ,
0, ,54, ,
-4, ,53, ,
1, ,53, ,
4, ,54, ,
4, ,53, ,
3, ,51, ,
6, ,54, ,
4, ,53, ,
3, ,53, ,
-1, ,53, ,
1, ,53, ,
4, ,52, ,
6, ,54, ,
-1, ,53, ,
1, ,53, ,
9, ,53, ,
4, ,54, ,
5, ,51, ,
5, ,54, ,
4, ,53, ,
6, ,53, ,
0, ,53, ,
0, ,54, ,
1, ,52, ,
4, ,54, ,
0, ,53, ,
1, ,53, ,
5, ,53, ,
4, ,53, ,
1, ,52, ,
6, ,54, ,
5, ,53, ,
5, ,53, ,
4, ,53, ,
4, ,54, ,
5, ,52, ,
4, ,54, ,
0, ,52, ,
4, ,53, ,
5, ,54, ,
5, ,53, ,
3, ,51, ,
9, ,54, ,
4, ,53, ,
5, ,53, ,
3, ,53, ,
5, ,54, ,
5, ,52, ,
4, ,54, ,
0, ,53, ,
3, ,53, ,
1, ,54, ,
3, ,53, ,
1, ,51, ,
3, ,54, ,
0, ,53, ,
-1, ,53, ,
-1, ,53, ,
1, ,54, ,
1, ,52, ,
5, ,54, ,
0, ,52, ,
5, ,54, ,
9, ,53, ,
4, ,54, ,
4, ,51, ,
6, ,54, ,
5, ,53, ,
5, ,53, ,
5, ,53, ,
8, ,54, ,
8, ,52, ,
6, ,54, ,
4, ,53, ,
4, ,53, ,
5, ,54, ,
5, ,54, ,
5, ,51, ,
9, ,54, ,
5, ,53, ,
5, ,53, ,
3, ,53, ,
5, ,54, ,
1, ,52, ,
-1, ,54, ,
-2, ,53, ,
1, ,53, ,
6, ,53, ,
4, ,53, ,
0, ,52, ,
5, ,54, ,
3, ,53, ,
1, ,53, ,
3, ,53, ,
4, ,54, ,
5, ,52, ,
8, ,54, ,
3, ,52, ,
5, ,53, ,
4, ,54, ,
4, ,54, ,
0, ,51, ,
4, ,54, ,
1, ,53, ,
1, ,53, ,
3, ,54, ,
3, ,54, ,
5, ,52, ,
4, ,54, ,
-2, ,53, ,
3, ,54, ,
3, ,53, ,
1, ,53, ,
0, ,52, ,
-1, ,54, ,
0, ,54, ,
3, ,53, ,
1, ,53, ,
0, ,54, ,
0, ,52, ,
1, ,54, ,
-5, ,53, ,
1, ,52, ,
1, ,54, ,
1, ,54, ,
-4, ,51, ,
3, ,54, ,
1, ,53, ,
0, ,53, ,
-1, ,53, ,
3, ,54, ,
3, ,52, ,
5, ,54, ,
0, ,53, ,
4, ,53, ,
6, ,53, ,
3, ,53, ,
4, ,52, ,
9, ,54, ,
8, ,53, ,
9, ,53, ,
6, ,53, ,
8, ,54, ,
9, ,52, ,
6, ,54, ,
3, ,53, ,
6, ,53, ,
6, ,54, ,
5, ,53, ,
1, ,51, ,
8, ,54, ,
5, ,53, ,
6, ,53, ,
5, ,53, ,
5, ,54, ,
6, ,52, ,
4, ,54, ,
4, ,53, ,
5, ,53, ,
0, ,53, ,
-1, ,54, ,
-2, ,52, ,
4, ,54, ,
1, ,53, ,
0, ,53, ,
3, ,54, ,
6, ,54, ,
9, ,52, ,
9, ,53, ,
4, ,45, ,
1, ,37, ,
-2, ,27, ,
-4, ,17, ,
-6, ,9, ,
0, ,3, ,
0, ,-3, ,
0, ,-8, ,
-4, ,-13, ,
-5, ,-17, ,
-7, ,-20, ,
-4, ,-23, ,
-7, ,-25, ,
0, ,-26, ,
3, ,-28, ,
0, ,-31, ,
-2, ,-32, ,
-2, ,-34, ,
-6, ,-34, ,
-5, ,-35, ,
-7, ,-36, ,
-4, ,-37, ,
-4, ,-36, ,
-2, ,-38, ,
-7, ,-38, ,
-5, ,-38, ,
-2, ,-38, ,
-6, ,-39, ,
-9, ,-38, ,
-2, ,-40, ,
-4, ,-39, ,
-2, ,-39, ,
-4, ,-40, ,
-1, ,-40, ,
-1, ,-39, ,
1, ,-41, ,
-4, ,-40, ,
-1, ,-40, ,
-1, ,-40, ,
-2, ,-40, ,
-2, ,-39, ,
3, ,-40, ,
3, ,-40, ,
0, ,-40, ,
-1, ,-40, ,
1, ,-40, ,
0, ,-39, ,
-2, ,-41, ,
-4, ,-40, ,
-1, ,-40, ,
-2, ,-40, ,
-2, ,-40, ,
-5, ,-39, ,
0, ,-41, ,
0, ,-40, ,
-2, ,-40, ,
-4, ,-40, ,
-2, ,-40, ,
-2, ,-40, ,
-4, ,-41, ,
-9, ,-40, ,
-2, ,-40, ,
-1, ,-40, ,
-4, ,-40, ,
-9, ,-39, ,
-4, ,-40, ,
-4, ,-40, ,
-7, ,-39, ,
-6, ,-40, ,
-4, ,-40, ,
-2, ,-39, ,
0, ,-41, ,
-2, ,-40, ,
-1, ,-39, ,
1, ,-40, ,
-2, ,-40, ,
-6, ,-38, ,
-4, ,-40, ,
-1, ,-40, ,
-1, ,-40, ,
1, ,-40, ,
1, ,-39, ,
0, ,-39, ,
4, ,-40, ,
-4, ,-40, ,
3, ,-40, ,
3, ,-39, ,
-2, ,-40, ,
-2, ,-39, ,
-1, ,-40, ,
-4, ,-39, ,
-5, ,-39, ,
-7, ,-40, ,
-9, ,-40, ,
-7, ,-39, ,
-7, ,-40, ,
-9, ,-40, ,
-5, ,-39, ,
-2, ,-40, ,
-1, ,-40, ,
-5, ,-38, ,
-1, ,-40, ,
-6, ,-40, ,
-5, ,-40, ,
-9, ,-39, ,
-4, ,-39, ,
-4, ,-39, ,
-2, ,-40, ,
-5, ,-40, ,
0, ,-40, ,
1, ,-40, ,
-2, ,-40, ,
-5, ,-39, ,
-2, ,-40, ,
-1, ,-39, ,
0, ,-39, ,
-1, ,-39, ,
3, ,-40, ,
3, ,-39, ,
5, ,-40, ,
-1, ,-39, ,
4, ,-39, ,
1, ,-40, ,
-5, ,-40, ,
-2, ,-38, ,
4, ,-40, ,
-4, ,-39, ,
-2, ,-40, ,
-5, ,-39, ,
-4, ,-40, ,
-2, ,-39, ,
0, ,-40, ,
-6, ,-39, ,
1, ,-40, ,
9, ,-39, ,
3, ,-40, ,
1, ,-39, ,
5, ,-40, ,
5, ,-39, ,
3, ,-39, ,
1, ,-39, ,
5, ,-40, ,
5, ,-38, ,
4, ,-40, ,
1, ,-39, ,
5, ,-39, ,
8, ,-40, ,
5, ,-39, ,
4, ,-38, ,
6, ,-40, ,
6, ,-39, ,
6, ,-40, ,
4, ,-39, ,
4, ,-39, ,
6, ,-39, ,
9, ,-40, ,
0, ,-39, ,
4, ,-39, ,
6, ,-39, ,
4, ,-40, ,
-1, ,-39, ,
5, ,-40, ,
3, ,-39, ,
4, ,-39, ,
0, ,-39, ,
0, ,-40, ,
4, ,-38, ,
3, ,-40, ,
-4, ,-39, ,
0, ,-39, ,
3, ,-40, ,
3, ,-40, ,
1, ,-38, ,
5, ,-40, ,
4, ,-39, ,
1, ,-39, ,
1, ,-40, ,
3, ,-39, ,
5, ,-38, ,
5, ,-40, ,
-1, ,-39, ,
3, ,-40, ,
4, ,-39, ,
3, ,-40, ,
3, ,-39, ,
8, ,-40, ,
8, ,-39, ,
9, ,-39, ,
8, ,-39, ,
8, ,-40, ,
11, ,-39, ,
11, ,-40, ,
9, ,-40, ,
9, ,-39, ,
10, ,-40, ,
5, ,-40, ,
0, ,-39, ,
4, ,-40, ,
8, ,-39, ,
5, ,-39, ,
6, ,-40, ,
8, ,-39, ,
8, ,-39, ,
11, ,-40, ,
4, ,-39, ,
5, ,-40, ,
6, ,-40, ,
3, ,-40, ,
1, ,-39, ,
5, ,-40, ,
4, ,-39, ,
5, ,-40, ,
4, ,-39, ,
5, ,-40, ,
5, ,-38, ,
4, ,-40, ,
1, ,-39, ,
4, ,-39, ,
5, ,-39, ,
6, ,-40, ,
4, ,-38, ,
10, ,-40, ,
9, ,-39, ,
8, ,-39, ,
9, ,-39, ,
8, ,-40, ,
9, ,-39, ,
11, ,-40, ,
6, ,-39, ,
6, ,-39, ,
6, ,-39, ,
3, ,-40, ,
-2, ,-39, ,
4, ,-40, ,
5, ,-39, ,
4, ,-39, ,
3, ,-39, ,
9, ,-40, ,
5, ,-38, ,
4, ,-40, ,
1, ,-39, ,
4, ,-39, ,
-2, ,-39, ,
-5, ,-40, ,
-2, ,-38, ,
8, ,-40, ,
4, ,-39, ,
1, ,-39, ,
1, ,-39, ,
1, ,-39, ,
0, ,-39, ,
5, ,-40, ,
-1, ,-39, ,
3, ,-39, ,
6, ,-39, ,
4, ,-40, ,
4, ,-39, ,
3, ,-39, ,
5, ,-39, ,
5, ,-40, ,
3, ,-39, ,
4, ,-40, ,
5, ,-39, ,
5, ,-40, ,
0, ,-40, ,
0, ,-39, ,
1, ,-39, ,
0, ,-40, ,
-1, ,-38, ,
3, ,-40, ,
1, ,-39, ,
0, ,-40, ,
-2, ,-39, ,
1, ,-40, ,
0, ,-39, ,
-1, ,-40, ,
-4, ,-39, ,
-2, ,-40, ,
1, ,-39, ,
-1, ,-40, ,
-5, ,-39, ,
0, ,-40, ,
-1, ,-39, ,
0, ,-40, ,
-1, ,-39, ,
3, ,-40, ,
4, ,-39, ,
1, ,-40, ,
-4, ,-40, ,
-2, ,-39, ,
-2, ,-40, ,
-4, ,-40, ,
-6, ,-38, ,
1, ,-40, ,
4, ,-39, ,
1, ,-39, ,
4, ,-39, ,
6, ,-39, ,
8, ,-39, ,
3, ,-40, ,
-6, ,-39, ,
-1, ,-39, ,
1, ,-39, ,
-1, ,-39, ,
-2, ,-39, ,
3, ,-40, ,
-1, ,-40, ,
-1, ,-39, ,
-1, ,-39, ,
0, ,-40, ,
-1, ,-38, ,
-1, ,-40, ,
-5, ,-40, ,
-1, ,-39, ,
-1, ,-40, ,
-5, ,-40, ,
-10, ,-38, ,
-5, ,-40, ,
-2, ,-39, ,
-5, ,-39, ,
-7, ,-39, ,
-4, ,-39, ,
-1, ,-39, ,
0, ,-40, ,
-2, ,-39, ,
-2, ,-39, ,
1, ,-39, ,
-4, ,-40, ,
-5, ,-39, ,
-1, ,-40, ,
-1, ,-39, ,
3, ,-39, ,
-1, ,-39, ,
0, ,-40, ,
5, ,-38, ,
-4, ,-40, ,
-6, ,-40, ,
-11, ,-39, ,
-4, ,-39, ,
3, ,-40, ,
-6, ,-38, ,
4, ,-40, ,
3, ,-39, ,
-4, ,-39, ,
-4, ,-39, ,
-4, ,-40, ,
-4, ,-39, ,
-1, ,-40, ,
-5, ,-39, ,
-2, ,-39, ,
0, ,-39, ,
-2, ,-40, ,
-6, ,-39, ,
-2, ,-40, ,
-6, ,-39, ,
-5, ,-40, ,
-9, ,-39, ,
-2, ,-39, ,
0, ,-38, ,
0, ,-40, ,
-4, ,-39, ,
-1, ,-39, ,
4, ,-40, ,
0, ,-40, ,
-4, ,-38, ,
0, ,-40, ,
1, ,-39, ,
-4, ,-39, ,
-4, ,-39, ,
-1, ,-40, ,
-1, ,-39, ,
3, ,-40, ,
-5, ,-40, ,
-1, ,-40, ,
3, ,-39, ,
-1, ,-40, ,
-5, ,-39, ,
3, ,-40, ,
1, ,-39, ,
-1, ,-39, ,
0, ,-39, ,
1, ,-40, ,
1, ,-38, ,
1, ,-40, ,
-2, ,-40, ,
1, ,-39, ,
1, ,-39, ,
-1, ,-40, ,
0, ,-38, ,
3, ,-40, ,
1, ,-39, ,
-2, ,-40, ,
-7, ,-39, ,
-4, ,-39, ,
-4, ,-38, ,
-1, ,-40, ,
-4, ,-39, ,
3, ,-39, ,
6, ,-39, ,
3, ,-40, ,
-1, ,-39, ,
6, ,-40, ,
0, ,-39, ,
0, ,-39, ,
0, ,-39, ,
3, ,-39, ,
3, ,-38, ,
1, ,-40, ,
-2, ,-39, ,
3, ,-39, ,
1, ,-39, ,
3, ,-39, ,
-1, ,-38, ,
6, ,-40, ,
5, ,-39, ,
4, ,-39, ,
3, ,-39, ,
4, ,-40, ,
3, ,-38, ,
3, ,-40, ,
-4, ,-39, ,
-1, ,-40, ,
3, ,-39, ,
-1, ,-40, ,
-1, ,-39, ,
5, ,-40, ,
4, ,-39, ,
4, ,-39, ,
1, ,-39, ,
1, ,-40, ,
3, ,-39, ,
4, ,-40, ,
0, ,-40, ,
5, ,-39, ,
6, ,-40, ,
4, ,-40, ,
1, ,-38, ,
4, ,-40, ,
5, ,-39, ,
4, ,-39, ,
4, ,-39, ,
5, ,-39, ,
5, ,-38, ,
9, ,-40, ,
4, ,-39, ,
5, ,-39, ,
9, ,-39, ,
5, ,-40, ,
5, ,-39, ,
9, ,-40, ,
5, ,-39, ,
5, ,-39, ,
1, ,-39, ,
3, ,-40, ,
5, ,-39, ,
4, ,-40, ,
1, ,-40, ,
4, ,-39, ,
5, ,-39, ,
5, ,-40, ,
1, ,-38, ,
6, ,-40, ,
6, ,-39, ,
6, ,-39, ,
5, ,-39, ,
8, ,-40, ,
6, ,-38, ,
6, ,-40, ,
4, ,-39, ,
5, ,-39, ,
8, ,-39, ,
3, ,-40, ,
-1, ,-38, ,
5, ,-39, ,
4, ,-39, ,
3, ,-39, ,
1, ,-39, ,
3, ,-40, ,
5, ,-39, ,
6, ,-40, ,
-1, ,-40, ,
4, ,-39, ,
4, ,-40, ,
4, ,-40, ,
4, ,-38, ,
9, ,-40, ,
8, ,-39, ,
3, ,-39, ,
4, ,-39, ,
5, ,-40, ,
6, ,-39, ,
6, ,-40, ,
-1, ,-39, ,
5, ,-40, ,
6, ,-39, ,
0, ,-40, ,
-1, ,-39, ,
1, ,-40, ,
1, ,-39, ,
3, ,-39, ,
3, ,-39, ,
4, ,-39, ,
5, ,-39, ,
5, ,-40, ,
-1, ,-40, ,
4, ,-39, ,
4, ,-39, ,
1, ,-40, ,
1, ,-38, ,
8, ,-40, ,
4, ,-39, ,
3, ,-40, ,
0, ,-39, ,
1, ,-39, ,
1, ,-39, ,
0, ,-40, ,
-1, ,-39, ,
3, ,-39, ,
6, ,-39, ,
6, ,-40, ,
3, ,-39, ,
8, ,-40, ,
5, ,-39, ,
6, ,-39, ,
3, ,-39, ,
4, ,-40, ,
6, ,-38, ,
4, ,-40, ,
0, ,-39, ,
4, ,-39, ,
1, ,-40, ,
3, ,-40, ,
-2, ,-38, ,
3, ,-40, ,
3, ,-40, ,
3, ,-39, ,
1, ,-39, ,
3, ,-39, ,
3, ,-39, ,
4, ,-40, ,
-4, ,-39, ,
1, ,-39, ,
3, ,-39, ,
-2, ,-40, ,
-5, ,-39, ,
5, ,-40, ,
0, ,-39, ,
3, ,-39, ,
0, ,-39, ,
0, ,-39, ,
0, ,-38, ,
-2, ,-40, ,
-6, ,-40, ,
-1, ,-39, ,
-1, ,-39, ,
-1, ,-40, ,
-2, ,-38, ,
1, ,-40, ,
4, ,-39, ,
-1, ,-39, ,
-2, ,-39, ,
-1, ,-40, ,
-2, ,-39, ,
0, ,-40, ,
-4, ,-40, ,
-1, ,-40, ,
1, ,-39, ,
1, ,-40, ,
-1, ,-39, ,
5, ,-40, ,
1, ,-39, ,
1, ,-39, ,
-1, ,-39, ,
0, ,-40, ,
3, ,-39, ,
-2, ,-40, ,
-6, ,-39, ,
-4, ,-39, ,
3, ,-39, ,
-6, ,-40, ,
-12, ,-38, ,
-1, ,-40, ,
-4, ,-39, ,
-1, ,-39, ,
1, ,-40, ,
0, ,-39, ,
1, ,-39, ,
3, ,-40, ,
-2, ,-39, ,
-2, ,-39, ,
-1, ,-39, ,
-5, ,-40, ,
-5, ,-39, ,
-1, ,-40, ,
1, ,-40, ,
1, ,-39, ,
0, ,-39, ,
1, ,-40, ,
3, ,-38, ,
1, ,-40, ,
-2, ,-40, ,
3, ,-39, ,
4, ,-40, ,
1, ,-40, ,
3, ,-38, ,
3, ,-40, ,
4, ,-39, ,
-1, ,-39, ,
0, ,-39, ,
-1, ,-39, ,
-5, ,-39, ,
3, ,-40, ,
-2, ,-39, ,
5, ,-39, ,
4, ,-39, ,
-2, ,-40, ,
-7, ,-39, ,
-5, ,-40, ,
-6, ,-39, ,
-6, ,-39, ,
-6, ,-39, ,
-1, ,-40, ,
4, ,-38, ,
4, ,-40, ,
-2, ,-39, ,
0, ,-39, ,
-2, ,-39, ,
-5, ,-40, ,
-9, ,-38, ,
-2, ,-40, ,
-1, ,-39, ,
-2, ,-40, ,
-5, ,-39, ,
-2, ,-40, ,
-5, ,-39, ,
-2, ,-40, ,
-6, ,-39, ,
-1, ,-39, ,
3, ,-39, ,
1, ,-40, ,
0, ,-39, ,
5, ,-40, ,
1, ,-39, ,
-1, ,-39, ,
-1, ,-39, ,
0, ,-40, ,
-1, ,-38, ,
0, ,-40, ,
-2, ,-39, ,
1, ,-39, ,
0, ,-39, ,
0, ,-40, ,
-5, ,-38, ,
1, ,-40, ,
0, ,-39, ,
-2, ,-39, ,
0, ,-39, ,
0, ,-39, ,
-1, ,-39, ,
3, ,-40, ,
-4, ,-40, ,
1, ,-40, ,
1, ,-39, ,
-1, ,-40, ,
-5, ,-39, ,
-1, ,-40, ,
-4, ,-39, ,
0, ,-39, ,
-1, ,-39, ,
0, ,-40, ,
1, ,-39, ,
1, ,-40, ,
-2, ,-39, ,
3, ,-39, ,
4, ,-40, ,
4, ,-40, ,
1, ,-39, ,
5, ,-39, ,
6, ,-39, ,
4, ,-39, ,
1, ,-39, ,
3, ,-39, ,
1, ,-39, ,
4, ,-40, ,
3, ,-39, ,
4, ,-39, ,
5, ,-39, ,
4, ,-40, ,
3, ,-39, ,
5, ,-40, ,
1, ,-40, ,
0, ,-39, ,
-4, ,-40, ,
0, ,-40, ,
3, ,-39, ,
1, ,-40, ,
-1, ,-39, ,
5, ,-39, ,
8, ,-39, ,
8, ,-40, ,
-1, ,-39, ,
4, ,-39, ,
0, ,-39, ,
0, ,-39, ,
0, ,-39, ,
1, ,-39, ,
4, ,-39, ,
4, ,-40, ,
-6, ,-39, ,
4, ,-40, ,
8, ,-39, ,
3, ,-40, ,
3, ,-39, ,
5, ,-40, ,
4, ,-39, ,
3, ,-40, ,
0, ,-39, ,
3, ,-39, ,
4, ,-39, ,
1, ,-40, ,
-1, ,-40, ,
5, ,-39, ,
4, ,-39, ,
1, ,-40, ,
-2, ,-39, ,
0, ,-40, ,
1, ,-39, ,
-1, ,-39, ,
3, ,-40, ,
3, ,-39, ,
1, ,-39, ,
5, ,-40, ,
-1, ,-39, ,
4, ,-39, ,
5, ,-39, ,
4, ,-39, ,
3, ,-39, ,
5, ,-40, ,
3, ,-39, ,
4, ,-39, ,
-1, ,-39, ,
4, ,-39, ,
5, ,-39, ,
3, ,-40, ,
-4, ,-38, ,
4, ,-31, ,
10, ,-21, ,
11, ,-11, ,
10, ,-2, ,
14, ,5, ,
11, ,13, ,
9, ,18, ,
6, ,22, ,
9, ,27, ,
13, ,31, ,
14, ,35, ,
11, ,37, ,
15, ,39, ,
15, ,41, ,
11, ,42, ,
8, ,43, ,
13, ,46, ,
10, ,47, ,
10, ,47, ,
8, ,49, ,
5, ,50, ,
8, ,50, ,
8, ,52, ,
0, ,51, ,
5, ,51, ,
5, ,52, ,
4, ,52, ,
0, ,51, ,
6, ,54, ,
6, ,53, ,
4, ,52, ,
1, ,53, ,
1, ,54, ,
4, ,52, ,
5, ,54, ,
1, ,54, ,
4, ,53, ,
8, ,54, ,
4, ,54, ,
1, ,52, ,
4, ,55, ,
4, ,54, ,
3, ,54, ,
1, ,54, ,
1, ,54, ,
4, ,53, ,
6, ,55, ,
0, ,54, ,
3, ,53, ,
4, ,54, ,
3, ,54, ,
-2, ,52, ,
4, ,54, ,
3, ,54, ,
-1, ,53, ,
0, ,54, ,
3, ,54, ,
1, ,52, ,
4, ,55, ,
-4, ,53, ,
-1, ,53, ,
1, ,54, ,
-1, ,54, ,
-1, ,52, ,
5, ,55, ,
3, ,54, ,
3, ,53, ,
-1, ,54, ,
-1, ,54, ,
1, ,53, ,
-1, ,54, ,
-5, ,53, ,
1, ,53, ,
1, ,54, ,
1, ,54, ,
-2, ,52, ,
1, ,54, ,
-1, ,54, ,
-1, ,53, ,
1, ,54, ,
1, ,54, ,
4, ,52, ,
5, ,55, ,
-1, ,53, ,
4, ,53, ,
3, ,54, ,
1, ,54, ,
0, ,52, ,
5, ,54, ,
4, ,54, ,
4, ,53, ,
5, ,53, ,
5, ,54, ,
4, ,52, ,
4, ,54, ,
-1, ,53, ,
-1, ,53, ,
-4, ,54, ,
-2, ,53, ,
-1, ,52, ,
3, ,54, ,
3, ,53, ,
5, ,53, ,
5, ,53, ,
4, ,54, ,
0, ,52, ,
3, ,54, ,
-4, ,53, ,
0, ,53, ,
1, ,54, ,
-1, ,54, ,
-4, ,51, ,
0, ,54, ,
-2, ,54, ,
-1, ,53, ,
-2, ,54, ,
0, ,54, ,
1, ,52, ,
4, ,54, ,
-1, ,53, ,
4, ,53, ,
5, ,54, ,
3, ,54, ,
-2, ,52, ,
1, ,54, ,
-1, ,53, ,
-1, ,53, ,
-5, ,54, ,
-1, ,54, ,
-2, ,52, ,
-1, ,54, ,
-7, ,53, ,
-2, ,53, ,
3, ,54, ,
-2, ,54, ,
-5, ,51, ,
-1, ,54, ,
-4, ,53, ,
-1, ,53, ,
-2, ,53, ,
0, ,54, ,
0, ,52, ,
1, ,54, ,
-5, ,53, ,
-4, ,53, ,
-2, ,54, ,
-1, ,53, ,
-4, ,52, ,
1, ,54, ,
3, ,53, ,
1, ,53, ,
-1, ,53, ,
1, ,54, ,
-1, ,52, ,
4, ,54, ,
-1, ,53, ,
3, ,53, ,
1, ,54, ,
3, ,54, ,
-1, ,51, ,
0, ,54, ,
-1, ,54, ,
-1, ,52, ,
-2, ,54, ,
-1, ,54, ,
1, ,52, ,
4, ,54, ,
1, ,53, ,
3, ,53, ,
3, ,54, ,
-1, ,53, ,
-4, ,52, ,
-1, ,54, ,
-1, ,53, ,
0, ,53, ,
0, ,53, ,
3, ,54, ,
1, ,52, ,
5, ,54, ,
-5, ,53, ,
-1, ,53, ,
0, ,54, ,
-1, ,54, ,
-2, ,52, ,
5, ,54, ,
-4, ,54, ,
0, ,53, ,
-5, ,53, ,
-2, ,54, ,
-2, ,52, ,
1, ,54, ,
-1, ,53, ,
3, ,53, ,
4, ,54, ,
1, ,54, ,
-2, ,52, ,
4, ,54, ,
-1, ,54, ,
0, ,53, ,
-4, ,53, ,
-1, ,54, ,
-1, ,52, ,
0, ,54, ,
-2, ,53, ,
3, ,53, ,
1, ,54, ,
0, ,53, ,
-5, ,52, ,
4, ,54, ,
-1, ,53, ,
-1, ,53, ,
-5, ,54, ,
-1, ,54, ,
-2, ,52, ,
1, ,54, ,
-9, ,53, ,
0, ,53, ,
1, ,54, ,
0, ,53, ,
-4, ,52, ,
3, ,54, ,
3, ,53, ,
1, ,53, ,
0, ,54, ,
4, ,54, ,
4, ,52, ,
6, ,54, ,
0, ,53, ,
6, ,53, ,
6, ,54, ,
1, ,54, ,
0, ,52, ,
3, ,54, ,
-1, ,53, ,
3, ,53, ,
1, ,54, ,
3, ,54, ,
4, ,53, ,
6, ,54, ,
-1, ,53, ,
3, ,53, ,
10, ,54, ,
4, ,53, ,
1, ,52, ,
6, ,54, ,
4, ,53, ,
1, ,53, ,
-1, ,53, ,
3, ,54, ,
0, ,52, ,
4, ,54, ,
0, ,53, ,
5, ,53, ,
5, ,53, ,
4, ,54, ,
-1, ,52, ,
5, ,54, ,
3, ,54, ,
4, ,53, ,
4, ,53, ,
4, ,54, ,
6, ,52, ,
5, ,54, ,
0, ,53, ,
1, ,53, ,
1, ,54, ,
0, ,54, ,
-2, ,52, ,
4, ,54, ,
3, ,53, ,
3, ,53, ,
-2, ,53, ,
0, ,54, ,
-1, ,52, ,
1, ,54, ,
-1, ,53, ,
3, ,53, ,
3, ,53, ,
3, ,54, ,
1, ,52, ,
3, ,54, ,
1, ,53, ,
0, ,53, ,
-1, ,53, ,
-1, ,54, ,
-1, ,52, ,
0, ,54, ,
-6, ,53, ,
3, ,53, ,
6, ,53, ,
-1, ,54, ,
-1, ,52, ,
4, ,54, ,
3, ,53, ,
1, ,53, ,
1, ,53, ,
6, ,54, ,
4, ,51, ,
6, ,54, ,
0, ,53, ,
3, ,53, ,
5, ,54, ,
3, ,53, ,
0, ,51, ,
3, ,54, ,
1, ,54, ,
4, ,53, ,
1, ,53, ,
3, ,54, ,
4, ,52, ,
4, ,54, ,
0, ,53, ,
5, ,53, ,
6, ,54, ,
6, ,53, ,
3, ,52, ,
6, ,54, ,
3, ,53, ,
4, ,53, ,
3, ,53, ,
1, ,54, ,
1, ,52, ,
3, ,54, ,
-4, ,53, ,
5, ,53, ,
4, ,54, ,
4, ,53, ,
1, ,51, ,
9, ,54, ,
5, ,53, ,
4, ,53, ,
3, ,53, ,
3, ,54, ,
4, ,52, ,
3, ,54, ,
-5, ,52, ,
5, ,52, ,
1, ,54, ,
0, ,53, ,
-1, ,52, ,
3, ,54, ,
1, ,53, ,
1, ,53, ,
3, ,53, ,
4, ,54, ,
1, ,52, ,
5, ,54, ,
-4, ,53, ,
0, ,53, ,
-1, ,54, ,
-2, ,54, ,
-5, ,51, ,
1, ,54, ,
1, ,54, ,
1, ,53, ,
-2, ,54, ,
3, ,53, ,
1, ,52, ,
-1, ,54, ,
-4, ,53, ,
-1, ,52, ,
4, ,54, ,
3, ,53, ,
0, ,52, ,
5, ,54, ,
6, ,53, ,
1, ,53, ,
-1, ,54, ,
0, ,54, ,
-1, ,52, ,
-1, ,54, ,
-6, ,53, ,
1, ,53, ,
0, ,54, ,
-1, ,53, ,
-4, ,51, ,
0, ,54, ,
-4, ,54, ,
1, ,53, ,
1, ,53, ,
3, ,53, ,
4, ,52, ,
4, ,54, ,
-1, ,53, ,
1, ,53, ,
-1, ,54, ,
-1, ,54, ,
-4, ,52, ,
4, ,54, ,
3, ,53, ,
4, ,53, ,
1, ,53, ,
3, ,54, ,
1, ,52, ,
1, ,54, ,
-4, ,53, ,
3, ,53, ,
1, ,54, ,
1, ,54, ,
1, ,51, ,
6, ,54, ,
1, ,53, ,
1, ,53, ,
1, ,53, ,
3, ,53, ,
1, ,52, ,
3, ,54, ,
-1, ,53, ,
4, ,53, ,
4, ,54, ,
3, ,53, ,
0, ,52, ,
4, ,54, ,
1, ,53, ,
3, ,53, ,
1, ,54, ,
3, ,54, ,
3, ,52, ,
6, ,54, ,
1, ,53, ,
4, ,53, ,
3, ,54, ,
-1, ,53, ,
-4, ,51, ,
0, ,54, ,
-4, ,53, ,
-1, ,53, ,
-1, ,53, ,
1, ,53, ,
1, ,52, ,
1, ,54, ,
-1, ,53, ,
1, ,53, ,
3, ,53, ,
1, ,53, ,
-2, ,51, ,
3, ,54, ,
1, ,53, ,
3, ,53, ,
0, ,53, ,
-1, ,54, ,
-1, ,52, ,
4, ,54, ,
-1, ,52, ,
4, ,53, ,
4, ,54, ,
1, ,54, ,
-4, ,52, ,
3, ,54, ,
8, ,53, ,
4, ,53, ,
-2, ,54, ,
0, ,54, ,
0, ,52, ,
0, ,54, ,
-5, ,53, ,
1, ,53, ,
1, ,54, ,
3, ,53, ,
-1, ,52, ,
3, ,53, ,
1, ,54, ,
0, ,53, ,
1, ,53, ,
6, ,53, ,
4, ,52, ,
6, ,54, ,
1, ,53, ,
5, ,53, ,
5, ,54, ,
0, ,53, ,
-4, ,51, ,
0, ,54, ,
-1, ,53, ,
0, ,53, ,
-5, ,54, ,
0, ,54, ,
3, ,52, ,
6, ,54, ,
1, ,53, ,
5, ,53, ,
4, ,54, ,
3, ,53, ,
-1, ,51, ,
8, ,54, ,
3, ,53, ,
1, ,53, ,
-4, ,53, ,
-1, ,54, ,
-1, ,52, ,
4, ,54, ,
0, ,53, ,
5, ,53, ,
5, ,54, ,
4, ,53, ,
1, ,52, ,
5, ,54, ,
3, ,53, ,
1, ,53, ,
3, ,53, ,
4, ,54, ,
1, ,52, ,
4, ,54, ,
1, ,53, ,
5, ,53, ,
5, ,54, ,
6, ,53, ,
0, ,52, ,
4, ,54, ,
1, ,54, ,
-1, ,53, ,
-2, ,53, ,
1, ,54, ,
1, ,52, ,
3, ,54, ,
-4, ,53, ,
4, ,53, ,
3, ,54, ,
0, ,54, ,
-1, ,52, ,
6, ,54, ,
4, ,53, ,
3, ,53, ,
1, ,53, ,
1, ,54, ,
1, ,52, ,
4, ,54, ,
1, ,53, ,
1, ,52, ,
4, ,54, ,
-1, ,53, ,
-6, ,52, ,
1, ,54, ,
1, ,53, ,
-1, ,53, ,
0, ,53, ,
6, ,54, ,
-1, ,52, ,
6, ,54, ,
-7, ,52, ,
1, ,53, ,
11, ,53, ,
3, ,53, ,
4, ,51, ,
8, ,54, ,
-1, ,54, ,
0, ,53, ,
-1, ,53, ,
0, ,54, ,
1, ,52, ,
8, ,54, ,
4, ,53, ,
9, ,53, ,
6, ,53, ,
4, ,53, ,
-1, ,52, ,
4, ,54, ,
1, ,53, ,
1, ,53, ,
1, ,53, ,
3, ,54, ,
0, ,52, ,
-1, ,54, ,
-5, ,53, ,
0, ,53, ,
3, ,53, ,
4, ,53, ,
0, ,52, ,
6, ,54, ,
0, ,54, ,
1, ,53, ,
0, ,53, ,
1, ,54, ,
0, ,52, ,
1, ,54, ,
-5, ,53, ,
1, ,53, ,
3, ,54, ,
1, ,53, ,
-4, ,52, ,
0, ,54, ,
0, ,54, ,
-1, ,53, ,
-2, ,54, ,
-1, ,54, ,
-4, ,52, ,
3, ,54, ,
-5, ,53, ,
3, ,53, ,
4, ,53, ,
-4, ,54, ,
-6, ,51, ,
0, ,54, ,
-4, ,53, ,
1, ,53, ,
-4, ,53, ,
-1, ,54, ,
0, ,52, ,
-1, ,54, ,
-6, ,53, ,
-1, ,53, ,
1, ,54, ,
1, ,54, ,
-2, ,52, ,
5, ,54, ,
3, ,53, ,
4, ,53, ,
3, ,53, ,
1, ,54, ,
-1, ,52, ,
-1, ,54, ,
-4, ,53, ,
-2, ,53, ,
1, ,54, ,
0, ,53, ,
-1, ,51, ,
4, ,54, ,
-1, ,53, ,
1, ,53, ,
1, ,54, ,
-1, ,54, ,
1, ,52, ,
1, ,54, ,
-2, ,53, ,
3, ,53, ,
1, ,54, ,
0, ,54, ,
-2, ,52, ,
5, ,54, ,
4, ,53, ,
3, ,53, ,
1, ,54, ,
3, ,54, ,
-1, ,52, ,
0, ,54, ,
-5, ,53, ,
0, ,53, ,
0, ,54, ,
0, ,54, ,
-2, ,52, ,
5, ,54, ,
0, ,54, ,
4, ,53, ,
3, ,54, ,
3, ,54, ,
3, ,52, ,
4, ,54, ,
-4, ,53, ,
-1, ,53, ,
-1, ,54, ,
-2, ,53, ,
-2, ,51, ,
5, ,54, ,
5, ,54, ,
5, ,52, ,
1, ,53, ,
4, ,54, ,
1, ,52, ,
1, ,54, ,
-4, ,53, ,
1, ,53, ,
3, ,54, ,
1, ,53, ,
-4, ,51, ,
1, ,54, ,
-2, ,53, ,
-1, ,53, ,
-2, ,54, ,
-2, ,53, ,
1, ,52, ,
3, ,54, ,
0, ,53, ,
3, ,53, ,
0, ,54, ,
0, ,53, ,
-5, ,51, ,
0, ,54, ,
-4, ,54, ,
0, ,53, ,
1, ,53, ,
-1, ,54, ,
4, ,52, ,
6, ,54, ,
-2, ,53, ,
0, ,53, ,
0, ,54, ,
-1, ,54, ,
-4, ,51, ,
3, ,55, ,
4, ,54, ,
4, ,53, ,
3, ,54, ,
3, ,54, ,
1, ,52, ,
-1, ,54, ,
-4, ,53, ,
3, ,53, ,
3, ,54, ,
1, ,53, ,
-1, ,51, ,
5, ,54, ,
4, ,54, ,
1, ,53, ,
-2, ,53, ,
3, ,54, ,
0, ,52, ,
5, ,54, ,
-2, ,53, ,
4, ,53, ,
4, ,54, ,
-1, ,53, ,
-1, ,51, ,
4, ,54, ,
1, ,53, ,
4, ,53, ,
0, ,54, ,
1, ,53, ,
1, ,52, ,
4, ,54, ,
-1, ,53, ,
3, ,52, ,
3, ,54, ,
4, ,54, ,
0, ,51, ,
4, ,54, ,
4, ,53, ,
3, ,53, ,
0, ,53, ,
4, ,54, ,
5, ,52, ,
5, ,54, ,
0, ,53, ,
3, ,53, ,
4, ,54, ,
0, ,53, ,
-2, ,52, ,
1, ,54, ,
-2, ,53, ,
3, ,53, ,
-1, ,53, ,
1, ,54, ,
3, ,53, ,
3, ,54, ,
-2, ,52, ,
9, ,51, ,
9, ,44, ,
1, ,34, ,
-2, ,23, ,
1, ,15, ,
-4, ,7, ,
-6, ,1, ,
-7, ,-4, ,
-2, ,-9, ,
-5, ,-14, ,
-1, ,-17, ,
-9, ,-21, ,
-2, ,-23, ,
0, ,-25, ,
0, ,-27, ,
-1, ,-28, ,
3, ,-32, ,
1, ,-33, ,
0, ,-33, ,
1, ,-35, ,
1, ,-35, ,
0, ,-36, ,
4, ,-37, ,
-1, ,-37, ,
5, ,-38, ,
3, ,-38, ,
-1, ,-38, ,
-4, ,-38, ,
-1, ,-40, ,
-4, ,-39, ,
-1, ,-39, ,
0, ,-39, ,
1, ,-40, ,
3, ,-39, ,
4, ,-40, ,
0, ,-40, ,
3, ,-39, ,
8, ,-40, ,
1, ,-40, ,
0, ,-39, ,
3, ,-40, ,
0, ,-40, ,
0, ,-40, ,
0, ,-40, ,
4, ,-40, ,
5, ,-39, ,
4, ,-41, ,
1, ,-40, ,
6, ,-40, ,
8, ,-40, ,
4, ,-40, ,
-1, ,-39, ,
4, ,-40, ,
4, ,-40, ,
1, ,-40, ,
-1, ,-40, ,
3, ,-40, ,
4, ,-39, ,
5, ,-41, ,
-1, ,-40, ,
5, ,-40, ,
4, ,-40, ,
1, ,-40, ,
-4, ,-39, ,
3, ,-40, ,
1, ,-40, ,
3, ,-40, ,
-2, ,-40, ,
1, ,-40, ,
4, ,-39, ,
3, ,-41, ,
0, ,-40, ,
4, ,-39, ,
3, ,-40, ,
3, ,-40, ,
-2, ,-39, ,
0, ,-40, ,
0, ,-40, ,
0, ,-40, ,
-1, ,-39, ,
1, ,-40, ,
0, ,-39, ,
3, ,-40, ,
-4, ,-40, ,
4, ,-40, ,
6, ,-40, ,
1, ,-40, ,
0, ,-39, ,
4, ,-40, ,
1, ,-40, ,
0, ,-40, ,
-4, ,-40, ,
0, ,-40, ,
4, ,-38, ,
0, ,-40, ,
-2, ,-40, ,
1, ,-39, ,
1, ,-40, ,
1, ,-40, ,
0, ,-38, ,
3, ,-40, ,
1, ,-39, ,
-1, ,-40, ,
-2, ,-40, ,
3, ,-39, ,
3, ,-39, ,
4, ,-40, ,
-2, ,-40, ,
3, ,-39, ,
3, ,-40, ,
1, ,-40, ,
-7, ,-39, ,
-1, ,-40, ,
-1, ,-40, ,
0, ,-40, ,
1, ,-39, ,
1, ,-39, ,
3, ,-39, ,
3, ,-40, ,
-1, ,-40, ,
0, ,-39, ,
4, ,-40, ,
8, ,-40, ,
5, ,-39, ,
6, ,-40, ,
8, ,-39, ,
3, ,-39, ,
-1, ,-40, ,
-1, ,-39, ,
-7, ,-38, ,
-1, ,-40, ,
-6, ,-40, ,
3, ,-39, ,
4, ,-39, ,
1, ,-40, ,
-2, ,-39, ,
3, ,-40, ,
-2, ,-40, ,
-1, ,-40, ,
-1, ,-40, ,
1, ,-39, ,
3, ,-39, ,
0, ,-40, ,
-5, ,-40, ,
0, ,-39, ,
0, ,-40, ,
-2, ,-40, ,
-6, ,-39, ,
1, ,-40, ,
4, ,-39, ,
3, ,-39, ,
0, ,-39, ,
3, ,-39, ,
1, ,-39, ,
-1, ,-40, ,
-5, ,-40, ,
-1, ,-39, ,
1, ,-39, ,
-1, ,-40, ,
0, ,-39, ,
5, ,-40, ,
1, ,-40, ,
3, ,-39, ,
-4, ,-39, ,
0, ,-39, ,
0, ,-39, ,
-2, ,-40, ,
-5, ,-40, ,
0, ,-39, ,
3, ,-39, ,
3, ,-40, ,
-1, ,-38, ,
3, ,-40, ,
-1, ,-39, ,
-2, ,-39, ,
-2, ,-39, ,
-1, ,-39, ,
-1, ,-39, ,
-1, ,-40, ,
-9, ,-40, ,
-9, ,-39, ,
-12, ,-40, ,
-17, ,-40, ,
-20, ,-39, ,
-15, ,-40, ,
-12, ,-40, ,
-7, ,-39, ,
-1, ,-40, ,
-4, ,-39, ,
4, ,-39, ,
8, ,-40, ,
6, ,-40, ,
14, ,-39, ,
13, ,-39, ,
10, ,-40, ,
5, ,-38, ,
6, ,-40, ,
6, ,-39, ,
0, ,-39, ,
1, ,-40, ,
3, ,-39, ,
0, ,-39, ,
3, ,-40, ,
-2, ,-40, ,
0, ,-39, ,
1, ,-39, ,
-1, ,-40, ,
-2, ,-38, ,
5, ,-40, ,
3, ,-40, ,
1, ,-39, ,
-5, ,-40, ,
0, ,-40, ,
-1, ,-39, ,
0, ,-40, ,
-5, ,-40, ,
1, ,-39, ,
3, ,-40, ,
0, ,-40, ,
-2, ,-39, ,
0, ,-40, ,
1, ,-39, ,
-1, ,-39, ,
0, ,-39, ,
1, ,-39, ,
1, ,-39, ,
4, ,-40, ,
0, ,-40, ,
3, ,-39, ,
6, ,-40, ,
0, ,-40, ,
-4, ,-39, ,
1, ,-40, ,
3, ,-40, ,
4, ,-39, ,
-5, ,-39, ,
0, ,-39, ,
5, ,-39, ,
1, ,-40, ,
-1, ,-39, ,
0, ,-39, ,
3, ,-39, ,
0, ,-40, ,
-4, ,-38, ,
5, ,-40, ,
5, ,-39, ,
5, ,-39, ,
3, ,-39, ,
4, ,-39, ,
3, ,-38, ,
1, ,-40, ,
-7, ,-39, ,
-2, ,-39, ,
0, ,-40, ,
-1, ,-40, ,
0, ,-39, ,
0, ,-40, ,
-1, ,-40, ,
1, ,-39, ,
5, ,-39, ,
5, ,-39, ,
8, ,-38, ,
10, ,-40, ,
1, ,-40, ,
4, ,-39, ,
5, ,-40, ,
3, ,-40, ,
0, ,-39, ,
5, ,-40, ,
5, ,-39, ,
3, ,-39, ,
1, ,-39, ,
5, ,-39, ,
1, ,-39, ,
0, ,-40, ,
-2, ,-39, ,
1, ,-39, ,
4, ,-39, ,
1, ,-40, ,
1, ,-38, ,
5, ,-40, ,
3, ,-39, ,
3, ,-39, ,
4, ,-39, ,
8, ,-39, ,
10, ,-39, ,
10, ,-40, ,
6, ,-40, ,
5, ,-39, ,
5, ,-40, ,
3, ,-40, ,
-2, ,-39, ,
4, ,-40, ,
4, ,-39, ,
3, ,-39, ,
1, ,-39, ,
4, ,-39, ,
5, ,-38, ,
8, ,-40, ,
1, ,-39, ,
8, ,-39, ,
8, ,-39, ,
4, ,-40, ,
0, ,-39, ,
6, ,-40, ,
4, ,-39, ,
5, ,-39, ,
1, ,-39, ,
4, ,-39, ,
8, ,-39, ,
4, ,-40, ,
1, ,-40, ,
4, ,-39, ,
4, ,-40, ,
4, ,-40, ,
-1, ,-39, ,
3, ,-40, ,
4, ,-39, ,
-1, ,-39, ,
-1, ,-39, ,
1, ,-40, ,
0, ,-39, ,
4, ,-40, ,
-1, ,-39, ,
3, ,-39, ,
5, ,-39, ,
1, ,-40, ,
-1, ,-38, ,
4, ,-40, ,
4, ,-39, ,
5, ,-39, ,
1, ,-40, ,
3, ,-39, ,
5, ,-39, ,
4, ,-40, ,
-1, ,-39, ,
3, ,-39, ,
5, ,-40, ,
3, ,-39, ,
3, ,-38, ,
4, ,-40, ,
0, ,-39, ,
5, ,-39, ,
0, ,-39, ,
3, ,-39, ,
4, ,-39, ,
6, ,-40, ,
3, ,-40, ,
4, ,-39, ,
5, ,-39, ,
1, ,-40, ,
-6, ,-39, ,
1, ,-40, ,
-1, ,-40, ,
0, ,-39, ,
0, ,-39, ,
0, ,-39, ,
3, ,-39, ,
1, ,-40, ,
-1, ,-39, ,
4, ,-39, ,
5, ,-40, ,
3, ,-39, ,
0, ,-39, ,
5, ,-40, ,
4, ,-39, ,
1, ,-39, ,
1, ,-39, ,
3, ,-39, ,
1, ,-39, ,
1, ,-40, ,
-2, ,-39, ,
0, ,-39, ,
3, ,-39, ,
1, ,-40, ,
0, ,-39, ,
4, ,-40, ,
0, ,-40, ,
-1, ,-39, ,
0, ,-39, ,
1, ,-39, ,
1, ,-39, ,
1, ,-40, ,
0, ,-40, ,
4, ,-39, ,
3, ,-39, ,
0, ,-40, ,
1, ,-39, ,
5, ,-40, ,
8, ,-39, ,
6, ,-39, ,
4, ,-39, ,
5, ,-39, ,
4, ,-39, ,
5, ,-40, ,
0, ,-39, ,
5, ,-39, ,
5, ,-39, ,
3, ,-39, ,
0, ,-39, ,
5, ,-40, ,
3, ,-39, ,
1, ,-39, ,
0, ,-39, ,
3, ,-39, ,
5, ,-39, ,
4, ,-40, ,
-2, ,-40, ,
0, ,-39, ,
5, ,-40, ,
3, ,-40, ,
-5, ,-39, ,
4, ,-40, ,
6, ,-39, ,
5, ,-39, ,
4, ,-39, ,
1, ,-39, ,
1, ,-38, ,
3, ,-40, ,
-1, ,-39, ,
3, ,-39, ,
6, ,-39, ,
6, ,-40, ,
1, ,-38, ,
8, ,-40, ,
4, ,-40, ,
3, ,-39, ,
0, ,-39, ,
0, ,-39, ,
4, ,-39, ,
3, ,-40, ,
-1, ,-40, ,
4, ,-39, ,
4, ,-39, ,
3, ,-40, ,
-1, ,-38, ,
4, ,-40, ,
5, ,-39, ,
3, ,-40, ,
1, ,-39, ,
1, ,-40, ,
3, ,-39, ,
4, ,-40, ,
-2, ,-40, ,
1, ,-39, ,
3, ,-40, ,
-1, ,-40, ,
-2, ,-38, ,
4, ,-40, ,
4, ,-39, ,
5, ,-39, ,
0, ,-39, ,
0, ,-39, ,
-6, ,-39, ,
0, ,-40, ,
-4, ,-40, ,
-7, ,-39, ,
1, ,-39, ,
-2, ,-40, ,
-7, ,-38, ,
1, ,-40, ,
1, ,-39, ,
-1, ,-39, ,
-4, ,-40, ,
0, ,-39, ,
-1, ,-39, ,
-1, ,-40, ,
-5, ,-40, ,
1, ,-39, ,
1, ,-40, ,
-2, ,-40, ,
-9, ,-39, ,
-1, ,-40, ,
-9, ,-40, ,
-4, ,-39, ,
-4, ,-39, ,
-2, ,-40, ,
-1, ,-39, ,
-1, ,-40, ,
-6, ,-39, ,
-2, ,-39, ,
-5, ,-39, ,
-4, ,-40, ,
-9, ,-39, ,
1, ,-40, ,
-1, ,-39, ,
-5, ,-39, ,
-5, ,-39, ,
-2, ,-40, ,
-6, ,-39, ,
-4, ,-40, ,
-9, ,-40, ,
-6, ,-39, ,
-4, ,-39, ,
-5, ,-40, ,
-7, ,-39, ,
-4, ,-40, ,
-2, ,-40, ,
-2, ,-39, ,
-5, ,-39, ,
0, ,-39, ,
0, ,-39, ,
3, ,-40, ,
-5, ,-40, ,
-1, ,-39, ,
1, ,-39, ,
1, ,-39, ,
-1, ,-39, ,
0, ,-40, ,
1, ,-39, ,
-2, ,-39, ,
-5, ,-39, ,
-1, ,-39, ,
-2, ,-39, ,
-1, ,-40, ,
-4, ,-40, ,
-2, ,-39, ,
3, ,-40, ,
-4, ,-40, ,
-4, ,-39, ,
1, ,-40, ,
0, ,-40, ,
0, ,-39, ,
-2, ,-39, ,
0, ,-39, ,
1, ,-39, ,
-1, ,-40, ,
-4, ,-40, ,
-4, ,-39, ,
-1, ,-40, ,
-5, ,-39, ,
-9, ,-39, ,
-2, ,-40, ,
-1, ,-39, ,
-2, ,-39, ,
-4, ,-39, ,
-1, ,-39, ,
0, ,-39, ,
3, ,-40, ,
-4, ,-40, ,
0, ,-39, ,
4, ,-40, ,
0, ,-40, ,
-2, ,-39, ,
3, ,-40, ,
-1, ,-40, ,
-1, ,-39, ,
-4, ,-39, ,
-4, ,-39, ,
1, ,-39, ,
3, ,-40, ,
-4, ,-40, ,
1, ,-39, ,
1, ,-40, ,
0, ,-39, ,
-4, ,-38, ,
1, ,-40, ,
0, ,-39, ,
-1, ,-39, ,
0, ,-39, ,
1, ,-39, ,
3, ,-38, ,
1, ,-40, ,
-2, ,-40, ,
0, ,-39, ,
0, ,-39, ,
-2, ,-39, ,
-1, ,-39, ,
5, ,-40, ,
4, ,-40, ,
5, ,-39, ,
3, ,-39, ,
5, ,-39, ,
6, ,-39, ,
5, ,-40, ,
1, ,-40, ,
4, ,-39, ,
5, ,-39, ,
4, ,-39, ,
1, ,-38, ,
5, ,-40, ,
3, ,-39, ,
4, ,-39, ,
1, ,-39, ,
5, ,-39, ,
5, ,-39, ,
8, ,-40, ,
4, ,-39, ,
8, ,-39, ,
9, ,-40, ,
1, ,-40, ,
-1, ,-39, ,
5, ,-40, ,
3, ,-40, ,
1, ,-39, ,
0, ,-39, ,
4, ,-39, ,
6, ,-39, ,
4, ,-40, ,
3, ,-39, ,
6, ,-39, ,
5, ,-40, ,
5, ,-39, ,
4, ,-38, ,
8, ,-40, ,
8, ,-39, ,
5, ,-39, ,
5, ,-39, ,
4, ,-39, ,
5, ,-39, ,
6, ,-40, ,
1, ,-40, ,
5, ,-39, ,
8, ,-40, ,
3, ,-39, ,
1, ,-39, ,
4, ,-40, ,
3, ,-40, ,
3, ,-39, ,
1, ,-39, ,
5, ,-39, ,
5, ,-39, ,
6, ,-40, ,
1, ,-40, ,
5, ,-39, ,
5, ,-40, ,
4, ,-39, ,
3, ,-38, ,
5, ,-40, ,
6, ,-39, ,
3, ,-39, ,
-1, ,-39, ,
1, ,-39, ,
0, ,-39, ,
5, ,-40, ,
-1, ,-39, ,
1, ,-39, ,
9, ,-39, ,
3, ,-40, ,
-1, ,-38, ,
6, ,-40, ,
6, ,-40, ,
5, ,-39, ,
-4, ,-39, ,
0, ,-39, ,
8, ,-39, ,
6, ,-40, ,
4, ,-40, ,
6, ,-39, ,
6, ,-39, ,
1, ,-40, ,
-4, ,-39, ,
4, ,-40, ,
5, ,-40, ,
5, ,-39, ,
6, ,-39, ,
6, ,-40, ,
6, ,-39, ,
5, ,-40, ,
-1, ,-39, ,
3, ,-39, ,
5, ,-40, ,
5, ,-40, ,
3, ,-39, ,
9, ,-40, ,
6, ,-40, ,
4, ,-39, ,
0, ,-39, ,
1, ,-39, ,
1, ,-38, ,
1, ,-40, ,
-2, ,-40, ,
4, ,-39, ,
5, ,-40, ,
5, ,-40, ,
1, ,-38, ,
5, ,-40, ,
4, ,-39, ,
3, ,-40, ,
0, ,-39, ,
3, ,-39, ,
0, ,-39, ,
4, ,-40, ,
-1, ,-40, ,
3, ,-39, ,
5, ,-39, ,
3, ,-40, ,
1, ,-39, ,
5, ,-40, ,
4, ,-39, ,
5, ,-39, ,
0, ,-39, ,
3, ,-39, ,
0, ,-39, ,
3, ,-40, ,
-4, ,-40, ,
-2, ,-39, ,
3, ,-40, ,
0, ,-40, ,
-5, ,-39, ,
3, ,-40, ,
1, ,-39, ,
1, ,-39, ,
-2, ,-39, ,
1, ,-39, ,
1, ,-39, ,
0, ,-40, ,
-5, ,-40, ,
-2, ,-39, ,
1, ,-39, ,
-1, ,-40, ,
-2, ,-39, ,
5, ,-40, ,
0, ,-39, ,
1, ,-39, ,
-2, ,-39, ,
-2, ,-39, ,
-1, ,-38, ,
0, ,-40, ,
-6, ,-40, ,
0, ,-39, ,
0, ,-40, ,
0, ,-40, ,
-4, ,-39, ,
0, ,-40, ,
3, ,-39, ,
-2, ,-39, ,
-2, ,-39, ,
0, ,-39, ,
1, ,-39, ,
4, ,-40, ,
-2, ,-40, ,
0, ,-39, ,
1, ,-39, ,
5, ,-40, ,
-7, ,-38, ,
-6, ,-40, ,
-5, ,-40, ,
-1, ,-39, ,
-2, ,-40, ,
1, ,-39, ,
4, ,-39, ,
3, ,-40, ,
-9, ,-40, ,
-2, ,-39, ,
-7, ,-36, ,
-2, ,-28, ,
4, ,-18, ,
9, ,-8, ,
9, ,0, ,
5, ,7, ,
1, ,14, ,
1, ,20, ,
-2, ,23, ,
0, ,28, ,
-5, ,32, ,
4, ,35, ,
8, ,38, ,
3, ,40, ,
-1, ,40, ,
1, ,44, ,
-1, ,45, ,
3, ,46, ,
3, ,47, ,
1, ,47, ,
3, ,49, ,
0, ,51, ,
-4, ,50, ,
0, ,51, ,
-2, ,52, ,
-4, ,52, ,
-4, ,51, ,
3, ,53, ,
-1, ,53, ,
-4, ,52, ,
-4, ,53, ,
-1, ,53, ,
1, ,52, ,
3, ,54, ,
-6, ,53, ,
-2, ,53, ,
-2, ,54, ,
-4, ,54, ,
-7, ,52, ,
0, ,55, ,
-1, ,54, ,
-2, ,54, ,
0, ,54, ,
0, ,54, ,
3, ,52, ,
1, ,55, ,
-4, ,53, ,
3, ,53, ,
1, ,54, ,
1, ,54, ,
-1, ,52, ,
3, ,55, ,
0, ,54, ,
0, ,54, ,
-2, ,54, ,
1, ,54, ,
0, ,52, ,
3, ,55, ,
-4, ,53, ,
0, ,53, ,
-1, ,54, ,
-2, ,54, ,
-2, ,52, ,
3, ,55, ,
0, ,54, ,
0, ,53, ,
-1, ,54, ,
1, ,54, ,
3, ,52, ,
5, ,54, ,
1, ,53, ,
3, ,53, ,
1, ,54, ,
-1, ,54, ,
-2, ,52, ,
0, ,54, ,
0, ,54, ,
1, ,53, ,
0, ,54, ,
1, ,54, ,
4, ,52, ,
4, ,54, ,
-1, ,53, ,
4, ,53, ,
1, ,54, ,
-1, ,54, ,
-4, ,52, ,
3, ,54, ,
1, ,54, ,
3, ,53, ,
3, ,54, ,
4, ,54, ,
4, ,52, ,
5, ,54, ,
0, ,53, ,
1, ,53, ,
1, ,54, ,
0, ,54, ,
-4, ,52, ,
5, ,54, ,
4, ,53, ,
0, ,53, ,
1, ,54, ,
3, ,53, ,
4, ,52, ,
5, ,54, ,
1, ,53, ,
6, ,53, ,
3, ,54, ,
-2, ,54, ,
-1, ,51, ,
1, ,54, ,
-2, ,54, ,
0, ,53, ,
0, ,54, ,
3, ,54, ,
3, ,52, ,
5, ,54, ,
-1, ,53, ,
5, ,53, ,
5, ,54, ,
5, ,54, ,
1, ,52, ,
5, ,54, ,
6, ,53, ,
4, ,53, ,
3, ,54, ,
5, ,54, ,
4, ,52, ,
5, ,54, ,
0, ,53, ,
3, ,53, ,
6, ,54, ,
4, ,54, ,
1, ,51, ,
6, ,54, ,
3, ,54, ,
5, ,53, ,
4, ,54, ,
6, ,54, ,
6, ,53, ,
9, ,54, ,
4, ,53, ,
6, ,53, ,
8, ,54, ,
6, ,53, ,
3, ,52, ,
5, ,54, ,
3, ,54, ,
3, ,53, ,
3, ,54, ,
4, ,54, ,
5, ,52, ,
6, ,54, ,
3, ,53, ,
9, ,53, ,
9, ,54, ,
4, ,54, ,
3, ,52, ,
5, ,54, ,
6, ,53, ,
4, ,53, ,
-2, ,54, ,
9, ,54, ,
6, ,52, ,
4, ,54, ,
3, ,53, ,
5, ,53, ,
4, ,54, ,
4, ,54, ,
0, ,52, ,
3, ,54, ,
3, ,53, ,
4, ,53, ,
3, ,54, ,
1, ,54, ,
-1, ,52, ,
3, ,54, ,
-2, ,53, ,
3, ,53, ,
4, ,54, ,
3, ,54, ,
1, ,52, ,
6, ,54, ,
3, ,53, ,
3, ,53, ,
0, ,54, ,
0, ,53, ,
0, ,52, ,
1, ,54, ,
-2, ,53, ,
0, ,53, ,
4, ,54, ,
5, ,54, ,
3, ,51, ,
5, ,54, ,
4, ,53, ,
1, ,53, ,
1, ,54, ,
4, ,53, ,
1, ,52, ,
4, ,54, ,
-1, ,53, ,
3, ,53, ,
4, ,54, ,
3, ,54, ,
1, ,52, ,
6, ,54, ,
4, ,54, ,
8, ,53, ,
4, ,53, ,
5, ,54, ,
1, ,52, ,
-1, ,54, ,
-4, ,53, ,
-1, ,53, ,
-2, ,54, ,
0, ,53, ,
-5, ,52, ,
4, ,54, ,
3, ,54, ,
1, ,53, ,
-1, ,54, ,
0, ,54, ,
0, ,51, ,
1, ,54, ,
-2, ,53, ,
4, ,53, ,
6, ,53, ,
4, ,53, ,
4, ,51, ,
4, ,54, ,
-1, ,53, ,
0, ,53, ,
0, ,53, ,
1, ,54, ,
1, ,53, ,
4, ,54, ,
-2, ,53, ,
1, ,53, ,
1, ,54, ,
3, ,53, ,
-2, ,52, ,
3, ,54, ,
4, ,53, ,
0, ,53, ,
-2, ,53, ,
0, ,54, ,
-2, ,52, ,
1, ,54, ,
-7, ,53, ,
-5, ,53, ,
-2, ,54, ,
-5, ,54, ,
-5, ,51, ,
0, ,54, ,
0, ,53, ,
3, ,52, ,
0, ,54, ,
0, ,54, ,
0, ,52, ,
0, ,54, ,
-4, ,53, ,
0, ,53, ,
0, ,53, ,
-1, ,54, ,
-5, ,51, ,
0, ,54, ,
-2, ,53, ,
-2, ,53, ,
-2, ,54, ,
-2, ,53, ,
-4, ,52, ,
-2, ,54, ,
-5, ,53, ,
-1, ,53, ,
0, ,54, ,
0, ,53, ,
0, ,51, ,
3, ,54, ,
0, ,53, ,
-1, ,53, ,
-5, ,53, ,
-2, ,53, ,
-1, ,52, ,
3, ,54, ,
-4, ,53, ,
0, ,53, ,
0, ,54, ,
-2, ,54, ,
-4, ,51, ,
0, ,54, ,
0, ,54, ,
0, ,53, ,
-2, ,53, ,
0, ,54, ,
-1, ,52, ,
3, ,54, ,
-4, ,53, ,
-2, ,53, ,
3, ,54, ,
-2, ,53, ,
-2, ,52, ,
3, ,54, ,
-2, ,54, ,
0, ,53, ,
-4, ,54, ,
-1, ,53, ,
-1, ,52, ,
-1, ,54, ,
-2, ,53, ,
0, ,53, ,
1, ,54, ,
-1, ,53, ,
-1, ,51, ,
3, ,54, ,
-2, ,54, ,
-2, ,53, ,
-5, ,53, ,
-2, ,54, ,
-4, ,52, ,
-2, ,54, ,
-6, ,53, ,
-2, ,53, ,
0, ,54, ,
-2, ,53, ,
-5, ,51, ,
0, ,54, ,
-4, ,54, ,
1, ,53, ,
0, ,53, ,
1, ,54, ,
1, ,52, ,
3, ,54, ,
-2, ,53, ,
-1, ,53, ,
-2, ,54, ,
0, ,53, ,
-4, ,51, ,
3, ,54, ,
-1, ,53, ,
-1, ,53, ,
-1, ,54, ,
4, ,54, ,
3, ,52, ,
5, ,54, ,
0, ,53, ,
5, ,53, ,
3, ,53, ,
-1, ,53, ,
-4, ,51, ,
1, ,54, ,
-1, ,53, ,
0, ,53, ,
0, ,53, ,
1, ,54, ,
1, ,52, ,
0, ,54, ,
-4, ,53, ,
0, ,53, ,
3, ,53, ,
3, ,53, ,
1, ,52, ,
5, ,54, ,
3, ,53, ,
4, ,53, ,
1, ,53, ,
4, ,54, ,
3, ,52, ,
5, ,54, ,
-1, ,52, ,
3, ,53, ,
3, ,54, ,
0, ,54, ,
-4, ,51, ,
3, ,54, ,
-1, ,54, ,
4, ,53, ,
4, ,53, ,
5, ,54, ,
8, ,52, ,
6, ,54, ,
-2, ,53, ,
5, ,53, ,
4, ,54, ,
1, ,53, ,
-1, ,52, ,
4, ,54, ,
3, ,54, ,
5, ,53, ,
-1, ,53, ,
3, ,54, ,
1, ,52, ,
3, ,54, ,
1, ,53, ,
4, ,53, ,
5, ,53, ,
1, ,54, ,
1, ,52, ,
4, ,54, ,
1, ,54, ,
0, ,53, ,
0, ,54, ,
3, ,53, ,
4, ,52, ,
5, ,54, ,
3, ,53, ,
5, ,53, ,
5, ,53, ,
3, ,53, ,
-2, ,52, ,
0, ,54, ,
-2, ,54, ,
1, ,53, ,
-1, ,54, ,
5, ,54, ,
4, ,52, ,
9, ,54, ,
3, ,53, ,
5, ,53, ,
8, ,54, ,
0, ,53, ,
0, ,52, ,
6, ,54, ,
5, ,53, ,
4, ,53, ,
3, ,53, ,
3, ,53, ,
0, ,52, ,
4, ,54, ,
0, ,53, ,
3, ,53, ,
6, ,54, ,
4, ,53, ,
3, ,51, ,
8, ,54, ,
5, ,53, ,
4, ,53, ,
1, ,53, ,
3, ,54, ,
4, ,52, ,
6, ,54, ,
4, ,53, ,
6, ,53, ,
10, ,53, ,
5, ,53, ,
0, ,52, ,
6, ,54, ,
5, ,53, ,
6, ,53, ,
5, ,53, ,
5, ,54, ,
6, ,52, ,
5, ,54, ,
3, ,52, ,
5, ,53, ,
3, ,54, ,
3, ,53, ,
-1, ,52, ,
4, ,54, ,
3, ,53, ,
1, ,53, ,
1, ,53, ,
4, ,54, ,
1, ,52, ,
4, ,54, ,
-4, ,53, ,
1, ,53, ,
5, ,53, ,
4, ,53, ,
4, ,51, ,
6, ,54, ,
4, ,53, ,
3, ,53, ,
1, ,53, ,
3, ,54, ,
0, ,52, ,
0, ,54, ,
-5, ,53, ,
0, ,53, ,
3, ,54, ,
5, ,54, ,
3, ,52, ,
6, ,53, ,
5, ,53, ,
1, ,53, ,
-1, ,53, ,
0, ,54, ,
-1, ,52, ,
1, ,54, ,
-2, ,52, ,
3, ,53, ,
4, ,53, ,
-1, ,54, ,
-4, ,51, ,
1, ,54, ,
-1, ,53, ,
0, ,53, ,
1, ,54, ,
3, ,54, ,
3, ,52, ,
3, ,54, ,
-1, ,53, ,
1, ,53, ,
3, ,54, ,
1, ,54, ,
-2, ,52, ,
5, ,54, ,
3, ,53, ,
1, ,53, ,
3, ,53, ,
0, ,53, ,
-1, ,52, ,
-2, ,54, ,
-7, ,52, ,
-1, ,53, ,
0, ,54, ,
3, ,53, ,
0, ,51, ,
6, ,54, ,
3, ,53, ,
1, ,53, ,
0, ,53, ,
-1, ,53, ,
1, ,52, ,
4, ,54, ,
1, ,53, ,
3, ,53, ,
0, ,54, ,
3, ,53, ,
-5, ,51, ,
-2, ,54, ,
-1, ,53, ,
-1, ,53, ,
-1, ,53, ,
0, ,54, ,
-1, ,52, ,
3, ,54, ,
-2, ,53, ,
4, ,53, ,
4, ,53, ,
0, ,54, ,
-2, ,52, ,
1, ,54, ,
-1, ,54, ,
-1, ,53, ,
-2, ,54, ,
-2, ,54, ,
-5, ,52, ,
-4, ,54, ,
-5, ,53, ,
3, ,53, ,
4, ,53, ,
3, ,53, ,
-1, ,51, ,
3, ,54, ,
0, ,53, ,
0, ,53, ,
-4, ,53, ,
0, ,54, ,
-1, ,52, ,
0, ,54, ,
-6, ,53, ,
-1, ,53, ,
-2, ,54, ,
-5, ,53, ,
-9, ,51, ,
-1, ,54, ,
-4, ,53, ,
-2, ,53, ,
0, ,53, ,
-2, ,54, ,
0, ,52, ,
1, ,54, ,
-2, ,53, ,
1, ,53, ,
4, ,54, ,
3, ,53, ,
-4, ,51, ,
3, ,54, ,
1, ,53, ,
-2, ,53, ,
-1, ,53, ,
-2, ,53, ,
0, ,52, ,
3, ,54, ,
-4, ,53, ,
1, ,53, ,
3, ,54, ,
0, ,53, ,
-2, ,52, ,
1, ,54, ,
-1, ,53, ,
0, ,53, ,
-1, ,54, ,
1, ,53, ,
1, ,52, ,
1, ,54, ,
-1, ,53, ,
1, ,52, ,
1, ,54, ,
0, ,53, ,
-2, ,52, ,
3, ,54, ,
3, ,53, ,
0, ,53, ,
-1, ,53, ,
1, ,54, ,
3, ,52, ,
4, ,54, ,
-1, ,52, ,
4, ,53, ,
4, ,54, ,
-1, ,53, ,
-6, ,51, ,
4, ,54, ,
-4, ,54, ,
-2, ,53, ,
4, ,53, ,
0, ,54, ,
0, ,52, ,
4, ,54, ,
-4, ,53, ,
-1, ,52, ,
0, ,54, ,
-2, ,53, ,
-5, ,52, ,
3, ,54, ,
1, ,54, ,
3, ,53, ,
1, ,53, ,
3, ,54, ,
4, ,52, ,
0, ,54, ,
-4, ,53, ,
1, ,53, ,
-1, ,54, ,
-1, ,53, ,
-4, ,52, ,
0, ,54, ,
-2, ,53, ,
0, ,53, ,
-2, ,54, ,
0, ,54, ,
1, ,52, ,
1, ,54, ,
-2, ,53, ,
1, ,53, ,
4, ,54, ,
3, ,54, ,
-5, ,52, ,
0, ,54, ,
0, ,53, ,
-2, ,53, ,
3, ,53, ,
4, ,54, ,
1, ,52, ,
8, ,54, ,
4, ,53, ,
4, ,53, ,
6, ,53, ,
0, ,53, ,
0, ,52, ,
1, ,54, ,
0, ,54, ,
4, ,53, ,
0, ,53, ,
5, ,54, ,
4, ,52, ,
4, ,54, ,
0, ,53, ,
5, ,53, ,
3, ,54, ,
4, ,54, ,
0, ,52, ,
4, ,54, ,
4, ,54, ,
3, ,53, ,
4, ,53, ,
3, ,54, ,
4, ,52, ,
5, ,54, ,
0, ,53, ,
3, ,53, ,
8, ,54, ,
4, ,54, ,
3, ,52, ,
5, ,54, ,
4, ,53, ,
5, ,53, ,
4, ,54, ,
4, ,54, ,
5, ,52, ,
4, ,54, ,
0, ,53, ,
5, ,53, ,
4, ,54, ,
4, ,53, ,
-1, ,52, ,
3, ,54, ,
3, ,53, ,
0, ,53, ,
-1, ,53, ,
1, ,54, ,
3, ,52, ,
6, ,54, ,
4, ,53, ,
4, ,53, ,
5, ,54, ,
1, ,53, ,
1, ,51, ,
4, ,54, ,
3, ,53, ,
3, ,53, ,
0, ,53, ,
1, ,54, ,
0, ,52, ,
3, ,54, ,
-7, ,53, ,
-1, ,53, ,
3, ,53, ,
1, ,53, ,
1, ,52, ,
5, ,54, ,
3, ,53, ,
4, ,53, ,
3, ,53, ,
1, ,54, ,
-1, ,52, ,
0, ,54, ,
1, ,53, ,
4, ,53, ,
6, ,53, ,
5, ,53, ,
4, ,52, ,
6, ,54, ,
3, ,54, ,
3, ,53, ,
-1, ,54, ,
0, ,53, ,
5, ,52, ,
4, ,54, ,
-1, ,53, ,
5, ,53, ,
5, ,53, ,
8, ,50, ,
1, ,40, ,
3, ,31, ,
-1, ,21, ,
-4, ,13, ,
-2, ,5, ,
-1, ,-1, ,
-2, ,-6, ,
-2, ,-11, ,
-9, ,-15, ,
-7, ,-18, ,
-5, ,-21, ,
-5, ,-24, ,
-2, ,-25, ,
1, ,-28, ,
0, ,-31, ,
3, ,-31, ,
1, ,-33, ,
1, ,-34, ,
4, ,-34, ,
4, ,-36, ,
-1, ,-36, ,
0, ,-37, ,
0, ,-38, ,
0, ,-38, ,
-1, ,-37, ,
0, ,-39, ,
0, ,-39, ,
0, ,-39, ,
-1, ,-39, ,
0, ,-39, ,
-2, ,-38, ,
1, ,-40, ,
-7, ,-40, ,
0, ,-39, ,
4, ,-40, ,
0, ,-40, ,
-1, ,-39, ,
4, ,-40, ,
-1, ,-40, ,
-2, ,-40, ,
-4, ,-40, ,
-1, ,-40, ,
0, ,-39, ,
0, ,-41, ,
-1, ,-40, ,
0, ,-40, ,
5, ,-40, ,
0, ,-41, ,
-1, ,-39, ,
3, ,-41, ,
4, ,-40, ,
1, ,-40, ,
1, ,-40, ,
1, ,-40, ,
1, ,-40, ,
1, ,-41, ,
-2, ,-40, ,
-1, ,-40, ,
0, ,-40, ,
-1, ,-40, ,
-2, ,-39, ,
4, ,-40, ,
0, ,-40, ,
3, ,-39, ,
0, ,-40, ,
0, ,-40, ,
3, ,-39, ,
-2, ,-40, ,
-2, ,-40, ,
3, ,-40, ,
3, ,-40, ,
3, ,-40, ,
-2, ,-39, ,
4, ,-40, ,
3, ,-40, ,
-2, ,-40, ,
-4, ,-40, ,
0, ,-40, ,
1, ,-39, ,
3, ,-40, ,
-2, ,-40, ,
4, ,-40, ,
4, ,-40, ,
0, ,-40, ,
-1, ,-39, ,
1, ,-40, ,
1, ,-40, ,
3, ,-39, ,
-4, ,-39, ,
-1, ,-39, ,
4, ,-39, ,
4, ,-40, ,
-4, ,-40, ,
-1, ,-39, ,
0, ,-40, ,
-2, ,-40, ,
-4, ,-39, ,
5, ,-40, ,
6, ,-40, ,
1, ,-39, ,
-4, ,-39, ,
1, ,-40, ,
-2, ,-39, ,
0, ,-40, ,
-4, ,-39, ,
3, ,-39, ,
5, ,-40, ,
-1, ,-40, ,
-1, ,-39, ,
0, ,-40, ,
-4, ,-40, ,
-1, ,-39, ,
-2, ,-40, ,
0, ,-40, ,
0, ,-39, ,
-2, ,-40, ,
-6, ,-40, ,
-2, ,-39, ,
-2, ,-40, ,
-1, ,-40, ,
-6, ,-39, ,
3, ,-40, ,
3, ,-39, ,
3, ,-40, ,
1, ,-39, ,
-1, ,-40, ,
-1, ,-38, ,
-1, ,-40, ,
-6, ,-39, ,
-1, ,-39, ,
-1, ,-40, ,
-2, ,-40, ,
-7, ,-39, ,
1, ,-40, ,
1, ,-40, ,
0, ,-39, ,
-1, ,-40, ,
4, ,-40, ,
3, ,-39, ,
3, ,-40, ,
-1, ,-39, ,
1, ,-39, ,
0, ,-40, ,
0, ,-40, ,
-5, ,-38, ,
1, ,-40, ,
1, ,-39, ,
3, ,-39, ,
-1, ,-39, ,
1, ,-40, ,
1, ,-39, ,
4, ,-40, ,
-2, ,-40, ,
3, ,-39, ,
5, ,-40, ,
0, ,-40, ,
0, ,-39, ,
5, ,-40, ,
4, ,-40, ,
1, ,-39, ,
-1, ,-39, ,
3, ,-39, ,
4, ,-39, ,
3, ,-40, ,
1, ,-40, ,
3, ,-39, ,
5, ,-40, ,
0, ,-40, ,
-1, ,-39, ,
4, ,-40, ,
3, ,-39, ,
0, ,-39, ,
0, ,-39, ,
4, ,-40, ,
4, ,-38, ,
6, ,-40, ,
0, ,-39, ,
3, ,-39, ,
4, ,-40, ,
-1, ,-40, ,
-1, ,-39, ,
5, ,-40, ,
1, ,-39, ,
3, ,-39, ,
1, ,-39, ,
1, ,-39, ,
6, ,-39, ,
-7, ,-40, ,
-4, ,-40, ,
8, ,-39, ,
1, ,-40, ,
6, ,-40, ,
-1, ,-39, ,
1, ,-40, ,
1, ,-39, ,
-1, ,-39, ,
-2, ,-39, ,
3, ,-40, ,
5, ,-39, ,
4, ,-40, ,
-1, ,-40, ,
4, ,-39, ,
9, ,-40, ,
1, ,-40, ,
0, ,-39, ,
5, ,-40, ,
0, ,-40, ,
3, ,-39, ,
1, ,-39, ,
4, ,-39, ,
4, ,-39, ,
5, ,-40, ,
-1, ,-40, ,
3, ,-39, ,
3, ,-40, ,
-1, ,-40, ,
-2, ,-39, ,
0, ,-40, ,
-1, ,-39, ,
0, ,-39, ,
-1, ,-39, ,
3, ,-39, ,
3, ,-39, ,
4, ,-40, ,
-1, ,-39, ,
4, ,-39, ,
8, ,-40, ,
4, ,-40, ,
3, ,-38, ,
6, ,-40, ,
4, ,-39, ,
5, ,-39, ,
3, ,-39, ,
3, ,-40, ,
4, ,-39, ,
0, ,-40, ,
-1, ,-40, ,
1, ,-39, ,
5, ,-40, ,
5, ,-40, ,
4, ,-38, ,
8, ,-40, ,
5, ,-39, ,
5, ,-39, ,
1, ,-39, ,
1, ,-39, ,
3, ,-38, ,
3, ,-40, ,
0, ,-39, ,
4, ,-39, ,
8, ,-40, ,
1, ,-40, ,
-2, ,-38, ,
1, ,-40, ,
-1, ,-40, ,
1, ,-39, ,
0, ,-39, ,
4, ,-39, ,
4, ,-39, ,
6, ,-40, ,
1, ,-40, ,
3, ,-39, ,
3, ,-39, ,
1, ,-39, ,
-1, ,-38, ,
3, ,-40, ,
4, ,-39, ,
1, ,-39, ,
0, ,-39, ,
1, ,-39, ,
0, ,-39, ,
1, ,-40, ,
-4, ,-39, ,
0, ,-39, ,
3, ,-40, ,
3, ,-40, ,
3, ,-39, ,
5, ,-40, ,
3, ,-40, ,
0, ,-39, ,
-2, ,-39, ,
-1, ,-39, ,
0, ,-39, ,
1, ,-40, ,
-1, ,-40, ,
3, ,-39, ,
5, ,-39, ,
1, ,-40, ,
0, ,-39, ,
4, ,-40, ,
1, ,-39, ,
0, ,-39, ,
-1, ,-39, ,
0, ,-40, ,
1, ,-39, ,
1, ,-40, ,
-2, ,-39, ,
1, ,-39, ,
5, ,-39, ,
-2, ,-40, ,
-6, ,-39, ,
4, ,-40, ,
3, ,-40, ,
5, ,-39, ,
0, ,-40, ,
1, ,-40, ,
1, ,-38, ,
-1, ,-40, ,
-1, ,-39, ,
3, ,-39, ,
3, ,-39, ,
0, ,-40, ,
-4, ,-38, ,
1, ,-40, ,
1, ,-39, ,
-1, ,-39, ,
-1, ,-39, ,
3, ,-39, ,
4, ,-38, ,
3, ,-40, ,
-4, ,-39, ,
3, ,-39, ,
3, ,-40, ,
3, ,-40, ,
-5, ,-39, ,
6, ,-40, ,
5, ,-39, ,
0, ,-39, ,
0, ,-39, ,
1, ,-39, ,
0, ,-39, ,
3, ,-40, ,
-4, ,-39, ,
3, ,-39, ,
5, ,-40, ,
4, ,-40, ,
-1, ,-39, ,
3, ,-40, ,
3, ,-39, ,
0, ,-39, ,
-2, ,-39, ,
1, ,-39, ,
3, ,-38, ,
5, ,-40, ,
-1, ,-39, ,
3, ,-39, ,
4, ,-39, ,
0, ,-40, ,
-1, ,-39, ,
0, ,-40, ,
-1, ,-39, ,
-1, ,-39, ,
-5, ,-39, ,
-2, ,-39, ,
-4, ,-39, ,
-1, ,-40, ,
-5, ,-39, ,
-1, ,-39, ,
0, ,-40, ,
0, ,-40, ,
-1, ,-38, ,
3, ,-40, ,
1, ,-39, ,
0, ,-39, ,
0, ,-39, ,
-1, ,-39, ,
0, ,-38, ,
-1, ,-40, ,
-2, ,-39, ,
-1, ,-39, ,
0, ,-40, ,
0, ,-40, ,
-4, ,-39, ,
0, ,-40, ,
-1, ,-40, ,
3, ,-39, ,
1, ,-39, ,
0, ,-40, ,
4, ,-38, ,
3, ,-40, ,
-4, ,-40, ,
1, ,-39, ,
1, ,-39, ,
0, ,-40, ,
-5, ,-39, ,
1, ,-40, ,
1, ,-39, ,
1, ,-39, ,
1, ,-39, ,
1, ,-40, ,
1, ,-39, ,
4, ,-40, ,
-2, ,-39, ,
1, ,-39, ,
4, ,-39, ,
0, ,-40, ,
-2, ,-39, ,
3, ,-40, ,
1, ,-40, ,
3, ,-39, ,
0, ,-39, ,
1, ,-40, ,
0, ,-38, ,
0, ,-40, ,
-2, ,-40, ,
0, ,-39, ,
0, ,-40, ,
0, ,-40, ,
-4, ,-38, ,
1, ,-40, ,
3, ,-39, ,
1, ,-39, ,
0, ,-39, ,
1, ,-39, ,
1, ,-39, ,
3, ,-40, ,
-1, ,-40, ,
3, ,-39, ,
3, ,-39, ,
-1, ,-40, ,
-4, ,-39, ,
1, ,-40, ,
0, ,-39, ,
0, ,-39, ,
0, ,-39, ,
0, ,-39, ,
4, ,-38, ,
-1, ,-40, ,
-5, ,-40, ,
-1, ,-39, ,
-2, ,-40, ,
-1, ,-40, ,
-6, ,-39, ,
1, ,-40, ,
-1, ,-39, ,
-2, ,-39, ,
-2, ,-39, ,
1, ,-39, ,
1, ,-39, ,
1, ,-40, ,
-5, ,-40, ,
0, ,-39, ,
4, ,-39, ,
-1, ,-40, ,
-2, ,-39, ,
1, ,-40, ,
0, ,-40, ,
0, ,-39, ,
3, ,-40, ,
4, ,-39, ,
5, ,-38, ,
4, ,-40, ,
-2, ,-40, ,
3, ,-39, ,
3, ,-39, ,
3, ,-40, ,
-4, ,-38, ,
1, ,-40, ,
0, ,-39, ,
-4, ,-39, ,
-4, ,-39, ,
0, ,-40, ,
3, ,-38, ,
6, ,-40, ,
1, ,-39, ,
4, ,-39, ,
9, ,-39, ,
0, ,-40, ,
-4, ,-38, ,
1, ,-40, ,
-1, ,-39, ,
3, ,-39, ,
1, ,-39, ,
4, ,-39, ,
5, ,-39, ,
4, ,-40, ,
-2, ,-40, ,
0, ,-39, ,
3, ,-40, ,
0, ,-39, ,
-4, ,-39, ,
5, ,-40, ,
5, ,-39, ,
1, ,-39, ,
4, ,-39, ,
4, ,-39, ,
4, ,-39, ,
1, ,-40, ,
-2, ,-39, ,
3, ,-39, ,
4, ,-39, ,
0, ,-40, ,
-1, ,-39, ,
4, ,-40, ,
0, ,-40, ,
-1, ,-39, ,
-1, ,-39, ,
1, ,-39, ,
4, ,-39, ,
3, ,-40, ,
0, ,-40, ,
4, ,-39, ,
3, ,-40, ,
1, ,-40, ,
-1, ,-38, ,
3, ,-40, ,
3, ,-39, ,
-1, ,-39, ,
-1, ,-39, ,
0, ,-40, ,
1, ,-39, ,
3, ,-40, ,
-4, ,-39, ,
3, ,-39, ,
4, ,-40, ,
-1, ,-40, ,
-1, ,-39, ,
4, ,-40, ,
1, ,-39, ,
4, ,-39, ,
1, ,-39, ,
3, ,-39, ,
3, ,-39, ,
1, ,-40, ,
0, ,-40, ,
1, ,-39, ,
3, ,-40, ,
3, ,-40, ,
-1, ,-39, ,
5, ,-40, ,
4, ,-39, ,
3, ,-39, ,
0, ,-39, ,
1, ,-40, ,
1, ,-39, ,
5, ,-40, ,
0, ,-40, ,
5, ,-39, ,
6, ,-39, ,
3, ,-40, ,
3, ,-38, ,
5, ,-40, ,
4, ,-39, ,
4, ,-39, ,
0, ,-39, ,
1, ,-39, ,
3, ,-38, ,
4, ,-40, ,
1, ,-39, ,
5, ,-39, ,
4, ,-40, ,
6, ,-40, ,
0, ,-38, ,
6, ,-40, ,
4, ,-39, ,
3, ,-39, ,
3, ,-39, ,
4, ,-40, ,
6, ,-38, ,
4, ,-40, ,
-2, ,-39, ,
0, ,-39, ,
1, ,-40, ,
-5, ,-40, ,
-1, ,-38, ,
4, ,-39, ,
4, ,-39, ,
5, ,-39, ,
3, ,-39, ,
3, ,-39, ,
3, ,-39, ,
0, ,-40, ,
-2, ,-40, ,
0, ,-39, ,
3, ,-40, ,
0, ,-40, ,
-4, ,-39, ,
4, ,-40, ,
3, ,-39, ,
-1, ,-39, ,
-4, ,-40, ,
0, ,-39, ,
0, ,-38, ,
4, ,-40, ,
1, ,-39, ,
4, ,-39, ,
8, ,-40, ,
1, ,-40, ,
1, ,-38, ,
3, ,-40, ,
-2, ,-39, ,
-1, ,-39, ,
-5, ,-40, ,
-7, ,-40, ,
-11, ,-39, ,
-12, ,-40, ,
-17, ,-39, ,
-16, ,-39, ,
-15, ,-40, ,
-11, ,-39, ,
-12, ,-39, ,
0, ,-40, ,
5, ,-39, ,
8, ,-39, ,
10, ,-39, ,
11, ,-40, ,
11, ,-39, ,
8, ,-40, ,
3, ,-39, ,
6, ,-39, ,
6, ,-39, ,
1, ,-40, ,
-1, ,-38, ,
1, ,-39, ,
1, ,-40, ,
-1, ,-39, ,
-6, ,-39, ,
-2, ,-39, ,
0, ,-39, ,
0, ,-40, ,
-1, ,-40, ,
4, ,-39, ,
1, ,-40, ,
1, ,-40, ,
-4, ,-39, ,
1, ,-40, ,
-1, ,-40, ,
-1, ,-39, ,
0, ,-39, ,
1, ,-39, ,
1, ,-38, ,
4, ,-40, ,
0, ,-40, ,
5, ,-39, ,
5, ,-40, ,
-2, ,-40, ,
-2, ,-38, ,
1, ,-40, ,
1, ,-40, ,
0, ,-39, ,
-4, ,-39, ,
-2, ,-39, ,
1, ,-38, ,
1, ,-40, ,
-1, ,-39, ,
1, ,-39, ,
4, ,-40, ,
3, ,-40, ,
-1, ,-39, ,
3, ,-40, ,
0, ,-39, ,
-1, ,-39, ,
-4, ,-39, ,
-2, ,-39, ,
-2, ,-38, ,
-1, ,-40, ,
-5, ,-39, ,
0, ,-39, ,
4, ,-39, ,
3, ,-40, ,
0, ,-38, ,
3, ,-40, ,
3, ,-39, ,
3, ,-39, ,
-1, ,-39, ,
0, ,-39, ,
0, ,-39, ,
-1, ,-40, ,
-4, ,-39, ,
-2, ,-39, ,
-2, ,-39, ,
-1, ,-40, ,
-5, ,-39, ,
1, ,-40, ,
3, ,-40, ,
-1, ,-39, ,
0, ,-39, ,
0, ,-39, ,
0, ,-38, ,
0, ,-40, ,
-5, ,-39, ,
0, ,-39, ,
1, ,-40, ,
-1, ,-40, ,
-2, ,-39, ,
1, ,-40, ,
4, ,-39, ,
4, ,-39, ,
3, ,-40, ,
4, ,-39, ,
5, ,-39, ,
3, ,-40, ,
-5, ,-40, ,
0, ,-39, ,
1, ,-39, ,
0, ,-40, ,
-4, ,-39, ,
1, ,-40, ,
3, ,-39, ,
0, ,-39, ,
-1, ,-39, ,
1, ,-39, ,
3, ,-39, ,
5, ,-40, ,
0, ,-39, ,
5, ,-39, ,
9, ,-39, ,
3, ,-40, ,
-1, ,-38, ,
3, ,-40, ,
0, ,-39, ,
1, ,-39, ,
-2, ,-40, ,
3, ,-39, ,
5, ,-39, ,
6, ,-40, ,
1, ,-40, ,
3, ,-39, ,
3, ,-40, ,
0, ,-39, ,
-5, ,-39, ,
-1, ,-40, ,
3, ,-39, ,
1, ,-39, ,
1, ,-39, ,
3, ,-40, ,
5, ,-39, ,
8, ,-40, ,
1, ,-39, ,
4, ,-39, ,
3, ,-40, ,
0, ,-40, ,
-4, ,-39, ,
3, ,-40, ,
1, ,-40, ,
1, ,-39, ,
3, ,-40, ,
3, ,-39, ,
3, ,-39, ,
6, ,-40, ,
1, ,-40, ,
4, ,-39, ,
4, ,-40, ,
3, ,-39, ,
-5, ,-34, ,
5, ,-25, ,
6, ,-16, ,
8, ,-6, ,
6, ,2, ,
9, ,9, ,
5, ,16, ,
6, ,21, ,
1, ,25, ,
8, ,28, ,
9, ,33, ,
8, ,36, ,
4, ,37, ,
4, ,40, ,
4, ,42, ,
3, ,43, ,
3, ,45, ,
5, ,46, ,
6, ,46, ,
5, ,49, ,
3, ,49, ,
6, ,50, ,
10, ,51, ,
5, ,52, ,
-4, ,50, ,
0, ,52, ,
-2, ,53, ,
0, ,52, ,
3, ,53, ,
1, ,53, ,
5, ,52, ,
8, ,54, ,
-1, ,53, ,
1, ,53, ,
5, ,54, ,
-4, ,53, ,
-1, ,52, ,
11, ,55, ,
3, ,54, ,
5, ,53, ,
0, ,54, ,
-1, ,54, ,
-1, ,52, ,
1, ,55, ,
-4, ,53, ,
3, ,54, ,
6, ,54, ,
5, ,54, ,
3, ,52, ,
6, ,55, ,
5, ,54, ,
3, ,54, ,
3, ,54, ,
1, ,54, ,
3, ,52, ,
4, ,54, ,
1, ,53, ,
5, ,53, ,
6, ,54, ,
4, ,54, ,
3, ,52, ,
6, ,55, ,
8, ,54, ,
6, ,53, ,
6, ,54, ,
5, ,54, ,
6, ,52, ,
10, ,54, ,
1, ,53, ,
4, ,53, ,
4, ,54, ,
1, ,53, ,
1, ,52, ,
4, ,55, ,
0, ,54, ,
4, ,53, ,
3, ,53, ,
0, ,54, ,
5, ,52, ,
5, ,54, ,
1, ,53, ,
0, ,53, ,
5, ,54, ,
6, ,54, ,
4, ,52, ,
8, ,54, ,
6, ,54, ,
9, ,53, ,
4, ,54, ,
4, ,54, ,
0, ,52, ,
-1, ,54, ,
-1, ,53, ,
1, ,53, ,
3, ,54, ,
0, ,53, ,
-5, ,52, ,
3, ,54, ,
8, ,53, ,
9, ,53, ,
5, ,53, ,
6, ,54, ,
3, ,52, ,
4, ,54, ,
0, ,53, ,
6, ,53, ,
5, ,54, ,
4, ,53, ,
3, ,52, ,
5, ,54, ,
0, ,54, ,
0, ,53, ,
-1, ,54, ,
-4, ,54, ,
0, ,52, ,
1, ,54, ,
-4, ,53, ,
1, ,53, ,
0, ,54, ,
0, ,53, ,
1, ,52, ,
4, ,54, ,
4, ,54, ,
4, ,53, ,
4, ,54, ,
4, ,54, ,
-1, ,52, ,
4, ,54, ,
-4, ,53, ,
3, ,53, ,
3, ,54, ,
0, ,53, ,
0, ,51, ,
1, ,54, ,
0, ,53, ,
-2, ,53, ,
-6, ,54, ,
-2, ,54, ,
0, ,52, ,
0, ,55, ,
-4, ,53, ,
1, ,53, ,
1, ,54, ,
0, ,53, ,
-4, ,52, ,
4, ,54, ,
1, ,54, ,
1, ,53, ,
-2, ,54, ,
-4, ,54, ,
-6, ,52, ,
-1, ,54, ,
-9, ,53, ,
-4, ,53, ,
0, ,54, ,
-1, ,54, ,
-4, ,51, ,
1, ,54, ,
-2, ,53, ,
-4, ,53, ,
-7, ,53, ,
-6, ,54, ,
-4, ,52, ,
-6, ,54, ,
-7, ,52, ,
-2, ,53, ,
-2, ,54, ,
-1, ,54, ,
-6, ,52, ,
-1, ,54, ,
-4, ,54, ,
-2, ,53, ,
-6, ,53, ,
-6, ,54, ,
-4, ,52, ,
-1, ,54, ,
-11, ,53, ,
-6, ,53, ,
-4, ,54, ,
-5, ,53, ,
-7, ,52, ,
-1, ,54, ,
0, ,53, ,
-1, ,53, ,
-2, ,53, ,
-1, ,54, ,
-5, ,52, ,
-2, ,54, ,
-6, ,53, ,
-1, ,53, ,
-2, ,54, ,
-2, ,54, ,
-6, ,52, ,
-5, ,54, ,
-4, ,54, ,
-5, ,53, ,
-4, ,53, ,
-1, ,54, ,
-1, ,52, ,
-1, ,54, ,
-5, ,53, ,
-1, ,53, ,
1, ,53, ,
0, ,53, ,
-1, ,52, ,
4, ,54, ,
0, ,54, ,
1, ,52, ,
-1, ,53, ,
1, ,54, ,
3, ,52, ,
-2, ,54, ,
-4, ,53, ,
-2, ,53, ,
-1, ,54, ,
0, ,53, ,
-4, ,52, ,
0, ,54, ,
-1, ,54, ,
-2, ,53, ,
-1, ,53, ,
-1, ,54, ,
0, ,52, ,
3, ,54, ,
-2, ,53, ,
3, ,53, ,
1, ,54, ,
3, ,53, ,
-2, ,52, ,
3, ,54, ,
-1, ,54, ,
-1, ,53, ,
1, ,53, ,
3, ,54, ,
3, ,52, ,
6, ,54, ,
0, ,53, ,
1, ,53, ,
0, ,54, ,
-1, ,54, ,
-1, ,52, ,
1, ,54, ,
4, ,54, ,
4, ,53, ,
5, ,53, ,
4, ,54, ,
1, ,52, ,
4, ,54, ,
-4, ,53, ,
0, ,53, ,
1, ,54, ,
-2, ,53, ,
-5, ,51, ,
1, ,54, ,
-1, ,54, ,
4, ,53, ,
-2, ,54, ,
0, ,54, ,
4, ,52, ,
6, ,54, ,
1, ,53, ,
6, ,53, ,
6, ,54, ,
3, ,54, ,
3, ,51, ,
4, ,54, ,
-2, ,53, ,
1, ,53, ,
-1, ,53, ,
4, ,53, ,
6, ,52, ,
5, ,54, ,
1, ,53, ,
6, ,53, ,
6, ,53, ,
1, ,53, ,
-2, ,51, ,
6, ,54, ,
5, ,53, ,
5, ,53, ,
3, ,54, ,
5, ,54, ,
6, ,52, ,
4, ,54, ,
1, ,53, ,
5, ,53, ,
3, ,54, ,
8, ,53, ,
5, ,52, ,
9, ,54, ,
4, ,53, ,
0, ,53, ,
6, ,53, ,
9, ,54, ,
6, ,52, ,
8, ,54, ,
-1, ,53, ,
1, ,53, ,
3, ,54, ,
6, ,54, ,
3, ,51, ,
5, ,54, ,
6, ,53, ,
4, ,53, ,
1, ,53, ,
1, ,54, ,
1, ,52, ,
8, ,54, ,
4, ,53, ,
8, ,53, ,
8, ,54, ,
5, ,54, ,
3, ,52, ,
4, ,54, ,
0, ,53, ,
1, ,53, ,
1, ,53, ,
4, ,54, ,
3, ,52, ,
5, ,54, ,
1, ,53, ,
3, ,53, ,
4, ,54, ,
1, ,54, ,
1, ,51, ,
6, ,54, ,
1, ,53, ,
4, ,53, ,
4, ,54, ,
5, ,54, ,
4, ,52, ,
1, ,54, ,
-1, ,53, ,
1, ,52, ,
3, ,53, ,
4, ,54, ,
1, ,52, ,
5, ,54, ,
4, ,53, ,
1, ,53, ,
1, ,53, ,
1, ,54, ,
4, ,52, ,
8, ,54, ,
3, ,53, ,
9, ,53, ,
6, ,53, ,
4, ,54, ,
4, ,51, ,
6, ,55, ,
6, ,53, ,
4, ,53, ,
4, ,53, ,
3, ,53, ,
0, ,52, ,
4, ,54, ,
-2, ,53, ,
3, ,53, ,
1, ,53, ,
3, ,53, ,
0, ,51, ,
5, ,54, ,
5, ,54, ,
5, ,53, ,
3, ,53, ,
4, ,54, ,
3, ,52, ,
4, ,54, ,
0, ,53, ,
3, ,53, ,
3, ,54, ,
0, ,53, ,
0, ,52, ,
3, ,54, ,
1, ,53, ,
3, ,53, ,
0, ,54, ,
0, ,53, ,
1, ,52, ,
5, ,54, ,
0, ,53, ,
9, ,53, ,
3, ,53, ,
-4, ,53, ,
-4, ,51, ,
5, ,54, ,
-4, ,53, ,
0, ,53, ,
-1, ,53, ,
0, ,54, ,
-2, ,52, ,
-1, ,54, ,
-5, ,53, ,
1, ,53, ,
3, ,54, ,
1, ,53, ,
3, ,51, ,
3, ,54, ,
-2, ,54, ,
-4, ,53, ,
-7, ,53, ,
-4, ,54, ,
-1, ,53, ,
-1, ,54, ,
-6, ,53, ,
0, ,53, ,
-2, ,54, ,
-1, ,53, ,
-5, ,52, ,
1, ,54, ,
0, ,54, ,
-2, ,53, ,
-2, ,53, ,
-1, ,54, ,
-4, ,52, ,
0, ,54, ,
-6, ,53, ,
0, ,53, ,
1, ,54, ,
0, ,53, ,
1, ,51, ,
0, ,54, ,
1, ,53, ,
-2, ,53, ,
-4, ,54, ,
-4, ,54, ,
-1, ,52, ,
1, ,54, ,
-2, ,53, ,
-1, ,53, ,
0, ,54, ,
-2, ,53, ,
-5, ,51, ,
-2, ,54, ,
-4, ,53, ,
-1, ,53, ,
-4, ,53, ,
-2, ,54, ,
-5, ,52, ,
-1, ,54, ,
-6, ,53, ,
-1, ,53, ,
1, ,53, ,
-2, ,54, ,
-2, ,51, ,
4, ,54, ,
1, ,53, ,
4, ,53, ,
0, ,53, ,
1, ,53, ,
3, ,52, ,
1, ,54, ,
-4, ,53, ,
0, ,53, ,
0, ,54, ,
1, ,53, ,
-4, ,52, ,
3, ,54, ,
-1, ,54, ,
-1, ,53, ,
-2, ,53, ,
-1, ,54, ,
-5, ,52, ,
1, ,54, ,
-5, ,53, ,
-2, ,53, ,
3, ,54, ,
-1, ,53, ,
-2, ,52, ,
4, ,54, ,
1, ,53, ,
0, ,53, ,
-1, ,53, ,
1, ,54, ,
-1, ,52, ,
-1, ,54, ,
-6, ,53, ,
0, ,53, ,
-1, ,54, ,
-1, ,53, ,
-6, ,52, ,
1, ,54, ,
3, ,53, ,
0, ,53, ,
1, ,53, ,
1, ,54, ,
-1, ,52, ,
3, ,54, ,
-4, ,53, ,
5, ,53, ,
0, ,54, ,
-5, ,53, ,
-4, ,51, ,
-1, ,54, ,
-1, ,54, ,
1, ,53, ,
-2, ,54, ,
3, ,54, ,
4, ,53, ,
4, ,54, ,
-1, ,53, ,
1, ,53, ,
3, ,54, ,
0, ,53, ,
-4, ,52, ,
1, ,54, ,
1, ,53, ,
1, ,53, ,
0, ,53, ,
1, ,54, ,
3, ,52, ,
3, ,54, ,
-2, ,53, ,
3, ,53, ,
5, ,54, ,
3, ,54, ,
-1, ,51, ,
4, ,54, ,
0, ,54, ,
6, ,53, ,
1, ,53, ,
1, ,54, ,
5, ,52, ,
5, ,54, ,
1, ,53, ,
5, ,52, ,
3, ,54, ,
3, ,53, ,
-2, ,52, ,
4, ,54, ,
4, ,54, ,
4, ,53, ,
3, ,53, ,
8, ,54, ,
4, ,52, ,
9, ,54, ,
-1, ,53, ,
3, ,53, ,
4, ,54, ,
4, ,53, ,
-1, ,52, ,
4, ,54, ,
3, ,53, ,
4, ,53, ,
3, ,53, ,
3, ,54, ,
1, ,52, ,
4, ,54, ,
-1, ,53, ,
4, ,53, ,
5, ,54, ,
4, ,54, ,
1, ,52, ,
6, ,54, ,
5, ,53, ,
4, ,53, ,
1, ,54, ,
0, ,54, ,
1, ,52, ,
5, ,54, ,
1, ,53, ,
3, ,53, ,
4, ,54, ,
1, ,53, ,
-1, ,51, ,
1, ,54, ,
0, ,54, ,
4, ,53, ,
0, ,54, ,
6, ,53, ,
4, ,51, ,
6, ,54, ,
3, ,53, ,
4, ,53, ,
4, ,53, ,
1, ,53, ,
-4, ,52, ,
3, ,54, ,
0, ,54, ,
1, ,53, ,
4, ,53, ,
3, ,54, ,
4, ,52, ,
5, ,54, ,
-1, ,53, ,
5, ,53, ,
6, ,54, ,
6, ,54, ,
4, ,52, ,
9, ,54, ,
5, ,54, ,
5, ,53, ,
3, ,53, ,
-1, ,53, ,
0, ,52, ,
1, ,54, ,
0, ,53, ,
3, ,53, ,
5, ,54, ,
1, ,53, ,
0, ,51, ,
5, ,54, ,
6, ,54, ,
4, ,52, ,
1, ,54, ,
1, ,54, ,
0, ,52, ,
4, ,54, ,
0, ,53, ,
8, ,53, ,
9, ,54, ,
3, ,54, ,
4, ,52, ,
1, ,54, ,
0, ,53, ,
3, ,53, ,
3, ,54, ,
6, ,54, ,
5, ,52, ,
1, ,54, ,
-2, ,52, ,
1, ,53, ,
1, ,54, ,
1, ,54, ,
-1, ,51, ,
3, ,54, ,
3, ,53, ,
8, ,53, ,
3, ,53, ,
3, ,54, ,
-1, ,51, ,
-1, ,54, ,
-5, ,53, ,
0, ,53, ,
5, ,54, ,
5, ,53, ,
3, ,52, ,
5, ,54, ,
1, ,53, ,
0, ,53, ,
-6, ,54, ,
-6, ,53, ,
-2, ,52, ,
-1, ,54, ,
-4, ,53, ,
1, ,52, ,
1, ,54, ,
0, ,54, ,
-5, ,52, ,
-1, ,54, ,
0, ,54, ,
-1, ,53, ,
-1, ,54, ,
0, ,54, ,
-2, ,52, ,
0, ,54, ,
-6, ,53, ,
-4, ,53, ,
0, ,54, ,
1, ,54, ,
1, ,51, ,
3, ,54, ,
-2, ,53, ,
1, ,53, ,
-1, ,53, ,
-5, ,54, ,
0, ,52, ,
0, ,54, ,
-2, ,53, ,
0, ,52, ,
0, ,53, ,
1, ,53, ,
-4, ,51, ,
0, ,54, ,
-1, ,53, ,
-1, ,53, ,
-1, ,54, ,
-1, ,54, ,
-4, ,52, ,
0, ,54, ,
-6, ,53, ,
0, ,53, ,
1, ,54, ,
-2, ,54, ,
-1, ,51, ,
4, ,54, ,
-2, ,53, ,
0, ,53, ,
-2, ,53, ,
0, ,53, ,
1, ,52, ,
0, ,54, ,
-2, ,53, ,
1, ,53, ,
3, ,54, ,
1, ,53, ,
-2, ,52, ,
3, ,54, ,
-1, ,53, ,
-1, ,53, ,
-4, ,53, ,
-4, ,54, ,
-2, ,52, ,
-2, ,54, ,
-7, ,53, ,
-1, ,53, ,
1, ,54, ,
1, ,53, ,
-2, ,52, ,
3, ,54, ,
1, ,53, ,
0, ,53, ,
-4, ,53, ,
-2, ,54, ,
-5, ,52, ,
-5, ,54, ,
-10, ,53, ,
-4, ,53, ,
-4, ,54, ,
-1, ,54, ,
-4, ,52, ,
3, ,54, ,
1, ,53, ,
-1, ,53, ,
-2, ,54, ,
0, ,54, ,
-1, ,52, ,
1, ,54, ,
-5, ,53, ,
0, ,53, ,
3, ,54, ,
-2, ,53, ,
-4, ,52, ,
0, ,54, ,
-1, ,54, ,
0, ,53, ,
-2, ,53, ,
-1, ,53, ,
3, ,52, ,
0, ,54, ,
-4, ,53, ,
-1, ,53, ,
0, ,53, ,
-1, ,54, ,
0, ,51, ,
5, ,47, ,
0, ,38, ,
-1, ,27, ,
-5, ,18, ,
-6, ,11, ,
-6, ,3, ,
0, ,-3, ,
-7, ,-7, ,
-6, ,-13, ,
-5, ,-17, ,
-7, ,-19, ,
-10, ,-22, ,
0, ,-25, ,
-4, ,-27, ,
-1, ,-28, ,
-1, ,-31, ,
-1, ,-32, ,
-1, ,-33, ,
-1, ,-35, ,
-2, ,-35, ,
0, ,-36, ,
1, ,-36, ,
-2, ,-37, ,
-4, ,-37, ,
0, ,-38, ,
4, ,-38, ,
-1, ,-39, ,
1, ,-39, ,
0, ,-39, ,
3, ,-38, ,
5, ,-40, ,
-5, ,-39, ,
0, ,-39, ,
4, ,-40, ,
1, ,-40, ,
3, ,-39, ,
4, ,-40, ,
3, ,-40, ,
0, ,-40, ,
0, ,-40, ,
4, ,-40, ,
4, ,-40, ,
4, ,-41, ,
0, ,-40, ,
3, ,-40, ,
3, ,-40, ,
1, ,-40, ,
-1, ,-39, ,
3, ,-40, ,
8, ,-40, ,
5, ,-40, ,
6, ,-40, ,
5, ,-40, ,
5, ,-39, ,
6, ,-41, ,
-4, ,-40, ,
1, ,-40, ,
6, ,-40, ,
0, ,-40, ,
0, ,-39, ,
4, ,-40, ,
4, ,-40, ,
5, ,-40, ,
-1, ,-40, ,
4, ,-40, ,
4, ,-39, ,
6, ,-40, ,
3, ,-40, ,
6, ,-40, ,
8, ,-40, ,
4, ,-40, ,
0, ,-39, ,
3, ,-40, ,
-1, ,-40, ,
0, ,-39, ,
0, ,-40, ,
3, ,-40, ,
5, ,-39, ,
9, ,-41, ,
5, ,-40, ,
8, ,-39, ,
9, ,-40, ,
4, ,-40, ,
1, ,-39, ,
6, ,-40, ,
5, ,-40, ,
5, ,-39, ,
3, ,-40, ,
5, ,-39, ,
8, ,-39, ,
5, ,-41, ,
-2, ,-40, ,
4, ,-39, ,
4, ,-40, ,
3, ,-40, ,
0, ,-39, ,
5, ,-40, ,
8, ,-40, ,
8, ,-40, ,
6, ,-39, ,
8, ,-40, ,
5, ,-39, ,
9, ,-40, ,
0, ,-40, ,
5, ,-39, ,
8, ,-40, ,
4, ,-40, ,
4, ,-39, ,
5, ,-40, ,
4, ,-40, ,
3, ,-40, ,
-1, ,-39, ,
0, ,-39, ,
4, ,-39, ,
5, ,-40, ,
1, ,-40, ,
3, ,-39, ,
4, ,-40, ,
0, ,-40, ,
-5, ,-38, ,
4, ,-40, ,
1, ,-40, ,
3, ,-39, ,
3, ,-39, ,
3, ,-40, ,
3, ,-39, ,
6, ,-40, ,
-1, ,-40, ,
4, ,-39, ,
4, ,-40, ,
3, ,-40, ,
-1, ,-39, ,
5, ,-40, ,
3, ,-40, ,
3, ,-40, ,
3, ,-40, ,
1, ,-40, ,
4, ,-39, ,
1, ,-40, ,
-4, ,-40, ,
0, ,-39, ,
1, ,-40, ,
1, ,-40, ,
-4, ,-39, ,
4, ,-40, ,
3, ,-40, ,
0, ,-40, ,
-2, ,-39, ,
-1, ,-40, ,
-1, ,-39, ,
0, ,-40, ,
-4, ,-40, ,
3, ,-39, ,
6, ,-39, ,
1, ,-40, ,
0, ,-39, ,
1, ,-40, ,
-1, ,-40, ,
-2, ,-39, ,
-4, ,-40, ,
0, ,-40, ,
-1, ,-39, ,
1, ,-40, ,
-2, ,-40, ,
4, ,-39, ,
3, ,-40, ,
0, ,-40, ,
-2, ,-39, ,
0, ,-40, ,
1, ,-39, ,
3, ,-39, ,
-2, ,-40, ,
0, ,-39, ,
0, ,-38, ,
3, ,-40, ,
-5, ,-39, ,
-1, ,-39, ,
3, ,-40, ,
0, ,-40, ,
-1, ,-38, ,
1, ,-40, ,
-1, ,-40, ,
0, ,-39, ,
-5, ,-40, ,
-2, ,-39, ,
1, ,-39, ,
1, ,-40, ,
0, ,-39, ,
4, ,-39, ,
5, ,-40, ,
1, ,-40, ,
-4, ,-39, ,
0, ,-40, ,
-1, ,-39, ,
-4, ,-39, ,
-4, ,-40, ,
-2, ,-39, ,
-1, ,-39, ,
4, ,-40, ,
-2, ,-39, ,
-5, ,-39, ,
4, ,-40, ,
0, ,-40, ,
-4, ,-38, ,
4, ,-40, ,
0, ,-40, ,
-1, ,-39, ,
-4, ,-40, ,
-2, ,-39, ,
0, ,-39, ,
-1, ,-40, ,
-5, ,-40, ,
-1, ,-39, ,
0, ,-40, ,
0, ,-40, ,
-5, ,-39, ,
-2, ,-40, ,
-1, ,-39, ,
-6, ,-39, ,
-7, ,-39, ,
-4, ,-39, ,
-6, ,-39, ,
-1, ,-40, ,
-9, ,-39, ,
-1, ,-39, ,
1, ,-39, ,
-2, ,-39, ,
-2, ,-38, ,
-1, ,-40, ,
-1, ,-40, ,
-4, ,-39, ,
-4, ,-39, ,
-1, ,-39, ,
-1, ,-39, ,
-4, ,-40, ,
-7, ,-39, ,
-1, ,-39, ,
0, ,-40, ,
1, ,-39, ,
-4, ,-38, ,
1, ,-40, ,
3, ,-39, ,
-2, ,-39, ,
-4, ,-39, ,
-4, ,-40, ,
-1, ,-39, ,
1, ,-40, ,
-5, ,-40, ,
-2, ,-39, ,
1, ,-40, ,
-1, ,-39, ,
-4, ,-39, ,
0, ,-40, ,
-5, ,-40, ,
-2, ,-39, ,
-4, ,-39, ,
-2, ,-40, ,
-1, ,-39, ,
-1, ,-40, ,
-5, ,-40, ,
-2, ,-39, ,
-1, ,-40, ,
0, ,-40, ,
-4, ,-39, ,
1, ,-40, ,
4, ,-39, ,
0, ,-39, ,
0, ,-39, ,
1, ,-39, ,
1, ,-39, ,
3, ,-40, ,
-2, ,-39, ,
0, ,-39, ,
1, ,-39, ,
0, ,-40, ,
0, ,-38, ,
4, ,-40, ,
1, ,-40, ,
0, ,-39, ,
-5, ,-39, ,
0, ,-39, ,
-2, ,-39, ,
-1, ,-40, ,
-2, ,-39, ,
-1, ,-39, ,
0, ,-39, ,
-1, ,-40, ,
-6, ,-38, ,
1, ,-40, ,
1, ,-39, ,
1, ,-39, ,
1, ,-39, ,
4, ,-40, ,
4, ,-39, ,
4, ,-40, ,
-1, ,-40, ,
0, ,-39, ,
1, ,-39, ,
-5, ,-40, ,
-6, ,-39, ,
3, ,-40, ,
0, ,-40, ,
1, ,-39, ,
0, ,-39, ,
3, ,-39, ,
4, ,-39, ,
4, ,-40, ,
0, ,-39, ,
5, ,-39, ,
3, ,-40, ,
1, ,-39, ,
-4, ,-38, ,
4, ,-40, ,
5, ,-39, ,
1, ,-39, ,
0, ,-39, ,
0, ,-40, ,
3, ,-39, ,
4, ,-40, ,
-1, ,-39, ,
3, ,-39, ,
8, ,-40, ,
3, ,-40, ,
0, ,-39, ,
5, ,-40, ,
5, ,-40, ,
1, ,-39, ,
4, ,-39, ,
4, ,-39, ,
5, ,-39, ,
6, ,-40, ,
-1, ,-40, ,
4, ,-39, ,
4, ,-39, ,
3, ,-39, ,
-4, ,-38, ,
3, ,-40, ,
4, ,-39, ,
5, ,-40, ,
5, ,-39, ,
6, ,-39, ,
8, ,-39, ,
10, ,-40, ,
1, ,-40, ,
8, ,-39, ,
8, ,-39, ,
4, ,-40, ,
1, ,-38, ,
6, ,-40, ,
5, ,-39, ,
5, ,-39, ,
3, ,-40, ,
4, ,-39, ,
4, ,-39, ,
3, ,-40, ,
0, ,-40, ,
0, ,-39, ,
3, ,-40, ,
1, ,-39, ,
-1, ,-38, ,
5, ,-40, ,
4, ,-39, ,
3, ,-39, ,
0, ,-39, ,
3, ,-39, ,
5, ,-39, ,
3, ,-40, ,
0, ,-40, ,
4, ,-39, ,
8, ,-39, ,
4, ,-40, ,
-2, ,-39, ,
1, ,-40, ,
0, ,-39, ,
3, ,-39, ,
3, ,-39, ,
6, ,-39, ,
10, ,-39, ,
11, ,-40, ,
4, ,-40, ,
5, ,-39, ,
5, ,-40, ,
0, ,-40, ,
-7, ,-38, ,
1, ,-40, ,
3, ,-39, ,
1, ,-39, ,
0, ,-39, ,
0, ,-39, ,
1, ,-39, ,
3, ,-40, ,
0, ,-39, ,
8, ,-39, ,
9, ,-39, ,
4, ,-40, ,
1, ,-38, ,
8, ,-40, ,
5, ,-39, ,
3, ,-39, ,
1, ,-39, ,
5, ,-39, ,
5, ,-38, ,
1, ,-40, ,
-1, ,-40, ,
-1, ,-39, ,
-1, ,-39, ,
-4, ,-40, ,
-4, ,-38, ,
3, ,-40, ,
3, ,-39, ,
3, ,-39, ,
3, ,-39, ,
3, ,-39, ,
3, ,-39, ,
6, ,-40, ,
1, ,-39, ,
4, ,-39, ,
6, ,-39, ,
1, ,-40, ,
-1, ,-38, ,
3, ,-40, ,
-2, ,-40, ,
0, ,-39, ,
-2, ,-39, ,
3, ,-39, ,
4, ,-39, ,
1, ,-40, ,
0, ,-39, ,
1, ,-39, ,
1, ,-40, ,
-1, ,-40, ,
-4, ,-38, ,
1, ,-40, ,
0, ,-39, ,
-2, ,-39, ,
-2, ,-39, ,
-1, ,-39, ,
3, ,-38, ,
5, ,-40, ,
-4, ,-39, ,
3, ,-39, ,
4, ,-39, ,
0, ,-40, ,
0, ,-39, ,
1, ,-40, ,
1, ,-39, ,
-1, ,-39, ,
-1, ,-39, ,
0, ,-39, ,
3, ,-39, ,
3, ,-40, ,
-4, ,-39, ,
1, ,-39, ,
1, ,-40, ,
-1, ,-40, ,
-2, ,-38, ,
0, ,-40, ,
0, ,-39, ,
-4, ,-39, ,
-7, ,-39, ,
-4, ,-39, ,
0, ,-38, ,
1, ,-40, ,
-5, ,-39, ,
-1, ,-39, ,
1, ,-39, ,
-4, ,-40, ,
-4, ,-39, ,
-2, ,-40, ,
3, ,-40, ,
0, ,-39, ,
-4, ,-39, ,
0, ,-39, ,
0, ,-39, ,
-2, ,-40, ,
-5, ,-40, ,
-1, ,-39, ,
0, ,-39, ,
4, ,-40, ,
-2, ,-38, ,
3, ,-40, ,
3, ,-39, ,
3, ,-39, ,
-1, ,-39, ,
-4, ,-39, ,
-1, ,-39, ,
4, ,-40, ,
-2, ,-40, ,
4, ,-39, ,
5, ,-39, ,
1, ,-40, ,
-5, ,-38, ,
0, ,-40, ,
1, ,-39, ,
-1, ,-39, ,
-4, ,-39, ,
-2, ,-39, ,
-1, ,-39, ,
-1, ,-40, ,
-6, ,-39, ,
-1, ,-39, ,
0, ,-39, ,
0, ,-40, ,
-2, ,-38, ,
4, ,-40, ,
3, ,-39, ,
0, ,-39, ,
-2, ,-39, ,
-1, ,-40, ,
-1, ,-39, ,
-1, ,-40, ,
-6, ,-39, ,
1, ,-39, ,
1, ,-39, ,
0, ,-40, ,
-1, ,-38, ,
1, ,-40, ,
0, ,-39, ,
-2, ,-39, ,
-4, ,-39, ,
-2, ,-40, ,
-2, ,-39, ,
-2, ,-40, ,
-6, ,-40, ,
-2, ,-39, ,
-1, ,-40, ,
-2, ,-39, ,
-1, ,-38, ,
4, ,-40, ,
3, ,-39, ,
-1, ,-40, ,
0, ,-40, ,
0, ,-39, ,
-2, ,-39, ,
3, ,-40, ,
-1, ,-40, ,
-2, ,-39, ,
1, ,-39, ,
0, ,-40, ,
-5, ,-38, ,
-2, ,-40, ,
-2, ,-40, ,
0, ,-39, ,
-1, ,-40, ,
1, ,-40, ,
4, ,-39, ,
1, ,-40, ,
0, ,-39, ,
1, ,-39, ,
1, ,-40, ,
1, ,-39, ,
-2, ,-39, ,
4, ,-39, ,
5, ,-39, ,
3, ,-39, ,
1, ,-39, ,
3, ,-39, ,
3, ,-39, ,
4, ,-40, ,
-4, ,-39, ,
1, ,-39, ,
4, ,-39, ,
3, ,-40, ,
3, ,-39, ,
8, ,-40, ,
6, ,-40, ,
6, ,-39, ,
1, ,-39, ,
3, ,-40, ,
3, ,-39, ,
3, ,-40, ,
-4, ,-40, ,
3, ,-39, ,
5, ,-40, ,
6, ,-39, ,
-5, ,-38, ,
4, ,-40, ,
-4, ,-39, ,
0, ,-39, ,
5, ,-39, ,
3, ,-39, ,
6, ,-39, ,
8, ,-40, ,
-2, ,-40, ,
5, ,-39, ,
6, ,-39, ,
3, ,-40, ,
-2, ,-38, ,
5, ,-40, ,
4, ,-40, ,
4, ,-40, ,
3, ,-39, ,
3, ,-39, ,
5, ,-39, ,
4, ,-40, ,
-1, ,-40, ,
0, ,-39, ,
1, ,-40, ,
-1, ,-40, ,
-5, ,-38, ,
3, ,-40, ,
1, ,-39, ,
4, ,-39, ,
1, ,-39, ,
4, ,-39, ,
3, ,-39, ,
4, ,-40, ,
-1, ,-40, ,
3, ,-39, ,
3, ,-39, ,
1, ,-40, ,
-1, ,-39, ,
4, ,-40, ,
1, ,-40, ,
1, ,-39, ,
0, ,-39, ,
1, ,-39, ,
6, ,-39, ,
3, ,-40, ,
0, ,-39, ,
6, ,-39, ,
6, ,-40, ,
1, ,-39, ,
-2, ,-38, ,
4, ,-40, ,
1, ,-39, ,
3, ,-39, ,
0, ,-39, ,
3, ,-40, ,
4, ,-39, ,
8, ,-40, ,
0, ,-40, ,
6, ,-39, ,
8, ,-39, ,
5, ,-40, ,
3, ,-38, ,
5, ,-40, ,
8, ,-40, ,
6, ,-39, ,
3, ,-40, ,
6, ,-39, ,
3, ,-39, ,
4, ,-40, ,
-1, ,-40, ,
3, ,-39, ,
3, ,-39, ,
1, ,-40, ,
0, ,-39, ,
6, ,-40, ,
8, ,-40, ,
5, ,-39, ,
4, ,-39, ,
9, ,-39, ,
5, ,-39, ,
4, ,-40, ,
-1, ,-40, ,
-5, ,-39, ,
8, ,-39, ,
8, ,-40, ,
-1, ,-38, ,
6, ,-40, ,
0, ,-40, ,
1, ,-39, ,
0, ,-39, ,
3, ,-39, ,
6, ,-39, ,
5, ,-40, ,
4, ,-40, ,
5, ,-39, ,
8, ,-40, ,
3, ,-39, ,
-2, ,-39, ,
3, ,-40, ,
0, ,-39, ,
0, ,-39, ,
-1, ,-39, ,
1, ,-39, ,
4, ,-39, ,
1, ,-40, ,
-7, ,-40, ,
0, ,-39, ,
-1, ,-40, ,
-2, ,-40, ,
-4, ,-39, ,
1, ,-40, ,
1, ,-40, ,
-1, ,-39, ,
4, ,-39, ,
1, ,-39, ,
0, ,-39, ,
1, ,-40, ,
-6, ,-40, ,
1, ,-39, ,
3, ,-39, ,
1, ,-40, ,
-2, ,-38, ,
4, ,-40, ,
0, ,-39, ,
-1, ,-39, ,
-1, ,-39, ,
1, ,-39, ,
1, ,-39, ,
3, ,-40, ,
-2, ,-40, ,
3, ,-39, ,
3, ,-40, ,
-1, ,-40, ,
-7, ,-38, ,
1, ,-40, ,
0, ,-39, ,
0, ,-39, ,
-4, ,-40, ,
1, ,-39, ,
0, ,-39, ,
-1, ,-40, ,
-5, ,-39, ,
-1, ,-39, ,
1, ,-40, ,
-1, ,-39, ,
-4, ,-38, ,
3, ,-40, ,
0, ,-40, ,
0, ,-39, ,
-4, ,-39, ,
-1, ,-39, ,
1, ,-38, ,
4, ,-40, ,
-2, ,-39, ,
0, ,-39, ,
1, ,-40, ,
0, ,-40, ,
-4, ,-38, ,
0, ,-40, ,
-1, ,-39, ,
0, ,-39, ,
-4, ,-39, ,
-2, ,-39, ,
-2, ,-39, ,
-1, ,-40, ,
-4, ,-39, ,
1, ,-39, ,
-1, ,-40, ,
0, ,-40, ,
-6, ,-38, ,
-4, ,-39, ,
-2, ,-31, ,
0, ,-21, ,
-2, ,-12, ,
5, ,-2, ,
4, ,5, ,
4, ,12, ,
-1, ,18, ,
4, ,22, ,
8, ,26, ,
6, ,31, ,
6, ,33, ,
3, ,37, ,
3, ,39, ,
-2, ,41, ,
-4, ,43, ,
-2, ,44, ,
0, ,44, ,
-1, ,47, ,
-5, ,49, ,
0, ,49, ,
0, ,50, ,
-2, ,51, ,
0, ,49, ,
3, ,52, ,
4, ,52, ,
1, ,52, ,
1, ,52, ,
1, ,53, ,
0, ,51, ,
1, ,54, ,
-4, ,53, ,
1, ,53, ,
3, ,53, ,
-1, ,54, ,
-2, ,52, ,
3, ,54, ,
0, ,54, ,
-2, ,53, ,
-6, ,54, ,
-1, ,54, ,
1, ,53, ,
1, ,55, ,
-2, ,53, ,
1, ,53, ,
0, ,54, ,
-1, ,54, ,
-5, ,52, ,
4, ,54, ,
1, ,54, ,
1, ,54, ,
0, ,54, ,
1, ,54, ,
0, ,52, ,
0, ,55, ,
-2, ,53, ,
3, ,53, ,
3, ,54, ,
0, ,54, ,
-4, ,52, ,
3, ,55, ,
-1, ,54, ,
0, ,53, ,
-1, ,54, ,
1, ,54, ,
1, ,52, ,
-1, ,55, ,
-6, ,53, ,
-1, ,53, ,
0, ,54, ,
-1, ,54, ,
-2, ,52, ,
3, ,54, ,
0, ,54, ,
-1, ,53, ,
-2, ,54, ,
0, ,54, ,
-4, ,53, ,
0, ,54, ,
-6, ,53, ,
0, ,53, ,
3, ,54, ,
0, ,54, ,
0, ,52, ,
1, ,55, ,
-1, ,54, ,
3, ,53, ,
-1, ,54, ,
0, ,54, ,
0, ,52, ,
1, ,54, ,
-2, ,53, ,
0, ,53, ,
1, ,54, ,
1, ,53, ,
-2, ,51, ,
4, ,54, ,
0, ,53, ,
0, ,53, ,
-1, ,54, ,
1, ,54, ,
4, ,52, ,
6, ,54, ,
1, ,53, ,
4, ,53, ,
1, ,54, ,
0, ,54, ,
-2, ,52, ,
5, ,54, ,
1, ,53, ,
5, ,53, ,
3, ,54, ,
4, ,54, ,
5, ,52, ,
3, ,54, ,
0, ,53, ,
3, ,53, ,
3, ,54, ,
4, ,54, ,
0, ,52, ,
4, ,54, ,
3, ,54, ,
0, ,53, ,
1, ,54, ,
1, ,54, ,
1, ,52, ,
5, ,54, ,
1, ,53, ,
8, ,53, ,
6, ,54, ,
5, ,54, ,
3, ,51, ,
6, ,54, ,
4, ,54, ,
4, ,53, ,
1, ,53, ,
4, ,53, ,
5, ,52, ,
8, ,54, ,
3, ,53, ,
3, ,53, ,
1, ,54, ,
-1, ,53, ,
-4, ,52, ,
5, ,54, ,
6, ,54, ,
6, ,53, ,
5, ,53, ,
5, ,54, ,
3, ,52, ,
4, ,54, ,
-1, ,53, ,
1, ,53, ,
1, ,54, ,
-1, ,53, ,
-4, ,51, ,
4, ,54, ,
-1, ,53, ,
4, ,53, ,
3, ,53, ,
5, ,54, ,
8, ,52, ,
5, ,54, ,
-1, ,53, ,
3, ,53, ,
9, ,54, ,
6, ,54, ,
1, ,52, ,
5, ,54, ,
3, ,53, ,
3, ,53, ,
0, ,53, ,
4, ,54, ,
4, ,52, ,
4, ,54, ,
0, ,53, ,
4, ,53, ,
6, ,54, ,
4, ,53, ,
-2, ,51, ,
4, ,54, ,
3, ,53, ,
1, ,53, ,
3, ,53, ,
3, ,54, ,
5, ,52, ,
8, ,54, ,
-1, ,53, ,
4, ,53, ,
3, ,54, ,
3, ,54, ,
0, ,52, ,
1, ,54, ,
3, ,53, ,
4, ,53, ,
5, ,53, ,
4, ,53, ,
5, ,52, ,
6, ,54, ,
0, ,53, ,
5, ,53, ,
5, ,53, ,
4, ,53, ,
3, ,51, ,
8, ,54, ,
4, ,53, ,
4, ,53, ,
1, ,54, ,
3, ,53, ,
3, ,52, ,
3, ,54, ,
-2, ,53, ,
3, ,53, ,
3, ,54, ,
0, ,54, ,
0, ,51, ,
4, ,54, ,
0, ,53, ,
1, ,53, ,
0, ,54, ,
4, ,54, ,
3, ,52, ,
5, ,54, ,
1, ,53, ,
0, ,53, ,
1, ,54, ,
0, ,54, ,
-2, ,51, ,
1, ,54, ,
-2, ,53, ,
0, ,53, ,
0, ,53, ,
1, ,54, ,
4, ,52, ,
3, ,54, ,
-2, ,53, ,
1, ,53, ,
0, ,54, ,
0, ,54, ,
-4, ,51, ,
1, ,54, ,
0, ,53, ,
-2, ,53, ,
-1, ,53, ,
0, ,54, ,
0, ,52, ,
4, ,54, ,
-2, ,53, ,
4, ,53, ,
5, ,54, ,
3, ,54, ,
1, ,51, ,
4, ,54, ,
-2, ,54, ,
-1, ,53, ,
-5, ,53, ,
0, ,54, ,
-1, ,52, ,
1, ,54, ,
-6, ,54, ,
-5, ,53, ,
-7, ,53, ,
-15, ,53, ,
-19, ,52, ,
-14, ,54, ,
-16, ,53, ,
-11, ,53, ,
-12, ,53, ,
-5, ,54, ,
-1, ,52, ,
3, ,54, ,
5, ,53, ,
10, ,53, ,
18, ,54, ,
11, ,54, ,
6, ,52, ,
8, ,54, ,
1, ,54, ,
0, ,53, ,
-5, ,54, ,
-2, ,53, ,
-4, ,52, ,
-1, ,54, ,
-2, ,53, ,
-2, ,53, ,
-1, ,54, ,
-2, ,53, ,
-5, ,51, ,
-2, ,54, ,
-4, ,54, ,
-2, ,53, ,
-5, ,54, ,
-5, ,54, ,
-7, ,52, ,
-5, ,54, ,
-6, ,53, ,
-4, ,53, ,
0, ,54, ,
0, ,53, ,
-2, ,51, ,
1, ,54, ,
-2, ,53, ,
-1, ,53, ,
-6, ,54, ,
-6, ,54, ,
-2, ,52, ,
-4, ,54, ,
-5, ,53, ,
-1, ,53, ,
-1, ,54, ,
-1, ,54, ,
-4, ,51, ,
0, ,54, ,
0, ,53, ,
-2, ,53, ,
-4, ,53, ,
-2, ,54, ,
-4, ,52, ,
-4, ,54, ,
-11, ,53, ,
-4, ,53, ,
-2, ,53, ,
-4, ,54, ,
-4, ,52, ,
3, ,54, ,
-2, ,53, ,
0, ,53, ,
-4, ,54, ,
0, ,53, ,
-1, ,52, ,
0, ,54, ,
-7, ,53, ,
-1, ,53, ,
0, ,53, ,
-1, ,53, ,
-6, ,51, ,
0, ,54, ,
1, ,53, ,
0, ,53, ,
0, ,53, ,
0, ,54, ,
1, ,52, ,
4, ,54, ,
-1, ,53, ,
1, ,53, ,
4, ,54, ,
0, ,53, ,
-1, ,52, ,
4, ,54, ,
1, ,54, ,
1, ,53, ,
3, ,54, ,
1, ,53, ,
4, ,52, ,
6, ,54, ,
-1, ,53, ,
5, ,53, ,
3, ,54, ,
0, ,53, ,
-6, ,52, ,
3, ,54, ,
1, ,54, ,
-1, ,53, ,
3, ,53, ,
5, ,54, ,
-5, ,52, ,
3, ,54, ,
-1, ,53, ,
3, ,53, ,
5, ,54, ,
3, ,54, ,
4, ,51, ,
6, ,54, ,
5, ,53, ,
4, ,53, ,
-1, ,53, ,
3, ,54, ,
0, ,52, ,
3, ,54, ,
-1, ,53, ,
1, ,53, ,
4, ,54, ,
1, ,53, ,
-1, ,52, ,
6, ,54, ,
4, ,53, ,
4, ,53, ,
3, ,53, ,
4, ,54, ,
0, ,52, ,
4, ,54, ,
0, ,53, ,
1, ,53, ,
5, ,54, ,
4, ,53, ,
-5, ,52, ,
4, ,54, ,
3, ,54, ,
0, ,52, ,
0, ,53, ,
1, ,54, ,
5, ,52, ,
4, ,54, ,
1, ,53, ,
3, ,53, ,
0, ,54, ,
3, ,53, ,
-1, ,51, ,
6, ,54, ,
6, ,53, ,
8, ,53, ,
6, ,53, ,
5, ,54, ,
3, ,52, ,
3, ,54, ,
-4, ,52, ,
3, ,53, ,
4, ,54, ,
4, ,53, ,
3, ,51, ,
6, ,54, ,
1, ,53, ,
1, ,53, ,
0, ,54, ,
3, ,53, ,
5, ,52, ,
6, ,54, ,
3, ,53, ,
6, ,53, ,
6, ,54, ,
4, ,53, ,
-1, ,52, ,
3, ,54, ,
3, ,54, ,
4, ,53, ,
4, ,54, ,
6, ,54, ,
4, ,52, ,
6, ,54, ,
1, ,53, ,
3, ,53, ,
3, ,54, ,
3, ,53, ,
-1, ,52, ,
5, ,54, ,
5, ,54, ,
5, ,53, ,
3, ,54, ,
4, ,53, ,
3, ,52, ,
4, ,54, ,
-1, ,53, ,
3, ,53, ,
3, ,54, ,
1, ,53, ,
0, ,51, ,
8, ,54, ,
4, ,53, ,
6, ,53, ,
3, ,53, ,
6, ,53, ,
4, ,52, ,
4, ,54, ,
0, ,53, ,
1, ,53, ,
1, ,53, ,
0, ,53, ,
-5, ,51, ,
4, ,54, ,
4, ,53, ,
6, ,53, ,
6, ,53, ,
6, ,53, ,
9, ,52, ,
8, ,54, ,
5, ,52, ,
9, ,53, ,
6, ,54, ,
5, ,53, ,
0, ,51, ,
5, ,54, ,
3, ,54, ,
3, ,53, ,
5, ,54, ,
6, ,53, ,
6, ,52, ,
8, ,54, ,
4, ,53, ,
5, ,53, ,
9, ,54, ,
10, ,54, ,
5, ,52, ,
4, ,54, ,
3, ,53, ,
4, ,53, ,
5, ,53, ,
4, ,53, ,
1, ,52, ,
1, ,54, ,
-1, ,53, ,
3, ,53, ,
4, ,54, ,
4, ,54, ,
3, ,51, ,
5, ,54, ,
5, ,54, ,
5, ,53, ,
0, ,53, ,
3, ,54, ,
4, ,52, ,
8, ,54, ,
4, ,53, ,
5, ,53, ,
6, ,54, ,
4, ,53, ,
3, ,51, ,
4, ,54, ,
3, ,53, ,
3, ,53, ,
-1, ,54, ,
3, ,53, ,
4, ,52, ,
3, ,54, ,
0, ,53, ,
1, ,53, ,
1, ,54, ,
0, ,53, ,
-5, ,51, ,
-1, ,54, ,
0, ,53, ,
-1, ,53, ,
-2, ,53, ,
0, ,54, ,
-1, ,52, ,
-1, ,54, ,
-6, ,53, ,
-1, ,53, ,
-4, ,53, ,
-4, ,54, ,
-4, ,51, ,
-2, ,54, ,
-2, ,53, ,
-4, ,53, ,
-6, ,53, ,
-4, ,54, ,
-1, ,52, ,
-1, ,54, ,
-5, ,53, ,
0, ,53, ,
-1, ,53, ,
0, ,54, ,
-6, ,51, ,
-1, ,54, ,
-4, ,54, ,
-4, ,53, ,
-6, ,54, ,
-2, ,54, ,
-6, ,52, ,
-1, ,54, ,
-5, ,53, ,
-1, ,53, ,
3, ,54, ,
-4, ,53, ,
-4, ,51, ,
-2, ,54, ,
-5, ,53, ,
-5, ,53, ,
-6, ,53, ,
-5, ,53, ,
-6, ,52, ,
-5, ,54, ,
-7, ,53, ,
-2, ,53, ,
-4, ,54, ,
-2, ,53, ,
-5, ,51, ,
1, ,54, ,
-4, ,54, ,
-4, ,53, ,
-5, ,53, ,
-5, ,54, ,
-6, ,52, ,
-2, ,54, ,
-6, ,53, ,
-5, ,53, ,
-1, ,53, ,
-4, ,53, ,
-4, ,51, ,
0, ,54, ,
-5, ,53, ,
-2, ,53, ,
-5, ,53, ,
-4, ,53, ,
-2, ,52, ,
-4, ,54, ,
-7, ,53, ,
1, ,53, ,
-1, ,54, ,
0, ,53, ,
-6, ,52, ,
-4, ,54, ,
-6, ,53, ,
-7, ,53, ,
-7, ,53, ,
-5, ,54, ,
-5, ,52, ,
-1, ,54, ,
-7, ,53, ,
-4, ,53, ,
-2, ,53, ,
-4, ,54, ,
-6, ,51, ,
-2, ,54, ,
-2, ,54, ,
-1, ,53, ,
-5, ,53, ,
-2, ,53, ,
-1, ,52, ,
-2, ,54, ,
-9, ,53, ,
-2, ,53, ,
-2, ,54, ,
-4, ,53, ,
-6, ,52, ,
1, ,54, ,
3, ,54, ,
3, ,53, ,
-2, ,53, ,
-1, ,54, ,
-6, ,52, ,
-2, ,54, ,
-6, ,53, ,
-1, ,53, ,
0, ,53, ,
1, ,54, ,
-4, ,52, ,
1, ,54, ,
-6, ,54, ,
-1, ,53, ,
-5, ,53, ,
-1, ,54, ,
3, ,52, ,
1, ,54, ,
-4, ,53, ,
3, ,52, ,
-1, ,53, ,
0, ,53, ,
-4, ,52, ,
4, ,54, ,
4, ,54, ,
4, ,53, ,
4, ,53, ,
6, ,53, ,
5, ,52, ,
1, ,54, ,
0, ,53, ,
1, ,53, ,
1, ,54, ,
1, ,53, ,
1, ,51, ,
4, ,54, ,
4, ,54, ,
8, ,53, ,
1, ,53, ,
3, ,54, ,
5, ,52, ,
4, ,54, ,
1, ,53, ,
4, ,53, ,
5, ,54, ,
1, ,53, ,
4, ,52, ,
8, ,54, ,
11, ,53, ,
9, ,53, ,
5, ,53, ,
3, ,54, ,
-4, ,52, ,
0, ,54, ,
3, ,53, ,
6, ,53, ,
8, ,53, ,
-1, ,53, ,
0, ,51, ,
5, ,54, ,
0, ,53, ,
4, ,53, ,
5, ,53, ,
6, ,54, ,
4, ,52, ,
5, ,54, ,
1, ,53, ,
3, ,52, ,
1, ,54, ,
5, ,53, ,
5, ,52, ,
11, ,54, ,
8, ,53, ,
8, ,53, ,
3, ,53, ,
0, ,54, ,
3, ,52, ,
3, ,54, ,
0, ,53, ,
0, ,53, ,
3, ,54, ,
1, ,54, ,
-1, ,51, ,
9, ,54, ,
8, ,53, ,
9, ,53, ,
8, ,54, ,
6, ,54, ,
6, ,53, ,
6, ,54, ,
1, ,53, ,
4, ,53, ,
3, ,54, ,
3, ,53, ,
1, ,52, ,
4, ,54, ,
5, ,53, ,
1, ,53, ,
1, ,53, ,
3, ,54, ,
5, ,52, ,
6, ,54, ,
5, ,53, ,
10, ,53, ,
8, ,53, ,
5, ,54, ,
6, ,51, ,
11, ,54, ,
6, ,53, ,
8, ,53, ,
6, ,53, ,
8, ,54, ,
5, ,52, ,
6, ,54, ,
-4, ,53, ,
1, ,53, ,
3, ,54, ,
4, ,54, ,
4, ,52, ,
10, ,54, ,
10, ,51, ,
6, ,43, ,
1, ,34, ,
0, ,23, ,
-4, ,15, ,
1, ,7, ,
-1, ,1, ,
0, ,-4, ,
4, ,-9, ,
-1, ,-14, ,
-4, ,-18, ,
0, ,-21, ,
-4, ,-23, ,
0, ,-25, ,
0, ,-27, ,
1, ,-30, ,
3, ,-31, ,
0, ,-33, ,
-1, ,-34, ,
0, ,-34, ,
8, ,-36, ,
1, ,-36, ,
-11, ,-36, ,
1, ,-38, ,
5, ,-37, ,
-1, ,-38, ,
1, ,-38, ,
3, ,-39, ,
3, ,-38, ,
-5, ,-40, ,
-4, ,-39, ,
-1, ,-39, ,
-1, ,-40, ,
-2, ,-40, ,
-2, ,-39, ,
1, ,-40, ,
-2, ,-40, ,
0, ,-40, ,
-2, ,-40, ,
-1, ,-40, ,
3, ,-39, ,
5, ,-41, ,
-2, ,-40, ,
4, ,-40, ,
1, ,-40, ,
-2, ,-40, ,
-5, ,-39, ,
-4, ,-40, ,
0, ,-40, ,
-2, ,-40, ,
-1, ,-40, ,
0, ,-40, ,
0, ,-39, ,
1, ,-41, ,
-1, ,-40, ,
3, ,-39, ,
8, ,-40, ,
-1, ,-40, ,
0, ,-39, ,
3, ,-40, ,
-4, ,-40, ,
1, ,-39, ,
-5, ,-40, ,
-1, ,-40, ,
-1, ,-40, ,
0, ,-41, ,
0, ,-40, ,
1, ,-39, ,
3, ,-40, ,
0, ,-40, ,
-4, ,-39, ,
0, ,-40, ,
1, ,-40, ,
-9, ,-39, ,
-2, ,-40, ,
4, ,-40, ,
-2, ,-39, ,
-1, ,-40, ,
-2, ,-40, ,
-2, ,-40, ,
1, ,-40, ,
-2, ,-40, ,
-5, ,-39, ,
0, ,-40, ,
-1, ,-40, ,
0, ,-40, ,
-4, ,-40, ,
-2, ,-39, ,
-1, ,-39, ,
-1, ,-40, ,
-5, ,-40, ,
1, ,-39, ,
3, ,-40, ,
-1, ,-40, ,
-4, ,-39, ,
0, ,-40, ,
-2, ,-40, ,
-6, ,-40, ,
-7, ,-40, ,
-4, ,-39, ,
-4, ,-39, ,
0, ,-40, ,
-6, ,-39, ,
-2, ,-39, ,
4, ,-40, ,
-1, ,-40, ,
-9, ,-39, ,
-4, ,-40, ,
-6, ,-39, ,
-4, ,-39, ,
-6, ,-39, ,
-2, ,-40, ,
-4, ,-39, ,
-2, ,-40, ,
-5, ,-40, ,
-1, ,-39, ,
-5, ,-40, ,
-5, ,-40, ,
-7, ,-39, ,
-1, ,-40, ,
-2, ,-39, ,
-2, ,-40, ,
-7, ,-39, ,
-2, ,-40, ,
-5, ,-39, ,
-4, ,-40, ,
-7, ,-39, ,
-1, ,-39, ,
1, ,-40, ,
-1, ,-40, ,
-2, ,-39, ,
1, ,-40, ,
-2, ,-40, ,
-2, ,-39, ,
-7, ,-40, ,
-4, ,-40, ,
-1, ,-39, ,
-4, ,-40, ,
-7, ,-40, ,
-2, ,-39, ,
-2, ,-40, ,
-1, ,-40, ,
-2, ,-39, ,
0, ,-40, ,
1, ,-39, ,
-1, ,-39, ,
-2, ,-40, ,
-1, ,-39, ,
0, ,-39, ,
-1, ,-40, ,
-5, ,-39, ,
3, ,-39, ,
3, ,-39, ,
-1, ,-40, ,
-6, ,-39, ,
-2, ,-40, ,
-2, ,-39, ,
0, ,-39, ,
-1, ,-40, ,
3, ,-39, ,
5, ,-39, ,
3, ,-40, ,
-6, ,-40, ,
-1, ,-39, ,
0, ,-39, ,
-1, ,-40, ,
-2, ,-39, ,
3, ,-40, ,
3, ,-39, ,
1, ,-39, ,
-4, ,-39, ,
0, ,-40, ,
-2, ,-39, ,
3, ,-40, ,
-6, ,-40, ,
4, ,-39, ,
8, ,-40, ,
-2, ,-40, ,
-1, ,-38, ,
4, ,-40, ,
0, ,-39, ,
0, ,-39, ,
-5, ,-39, ,
-2, ,-39, ,
-2, ,-39, ,
-2, ,-40, ,
-4, ,-40, ,
0, ,-39, ,
3, ,-39, ,
0, ,-40, ,
-2, ,-39, ,
4, ,-40, ,
4, ,-39, ,
1, ,-40, ,
1, ,-39, ,
4, ,-40, ,
8, ,-39, ,
8, ,-40, ,
4, ,-40, ,
1, ,-39, ,
1, ,-40, ,
0, ,-40, ,
-4, ,-39, ,
3, ,-40, ,
3, ,-40, ,
5, ,-39, ,
3, ,-40, ,
3, ,-39, ,
5, ,-39, ,
5, ,-40, ,
0, ,-40, ,
4, ,-39, ,
3, ,-40, ,
3, ,-39, ,
1, ,-38, ,
6, ,-40, ,
6, ,-39, ,
4, ,-39, ,
1, ,-39, ,
4, ,-40, ,
3, ,-38, ,
3, ,-40, ,
0, ,-39, ,
4, ,-39, ,
6, ,-39, ,
3, ,-40, ,
0, ,-38, ,
8, ,-40, ,
6, ,-40, ,
5, ,-39, ,
4, ,-40, ,
8, ,-39, ,
6, ,-39, ,
5, ,-40, ,
1, ,-39, ,
3, ,-39, ,
6, ,-40, ,
4, ,-40, ,
0, ,-39, ,
3, ,-40, ,
3, ,-40, ,
4, ,-39, ,
1, ,-39, ,
4, ,-40, ,
5, ,-39, ,
5, ,-40, ,
3, ,-39, ,
3, ,-39, ,
9, ,-39, ,
4, ,-40, ,
1, ,-39, ,
6, ,-40, ,
3, ,-39, ,
6, ,-39, ,
1, ,-39, ,
1, ,-39, ,
5, ,-39, ,
1, ,-40, ,
-2, ,-40, ,
0, ,-39, ,
1, ,-39, ,
5, ,-40, ,
-1, ,-39, ,
6, ,-40, ,
6, ,-39, ,
4, ,-39, ,
4, ,-39, ,
3, ,-40, ,
4, ,-39, ,
4, ,-40, ,
-4, ,-39, ,
0, ,-39, ,
3, ,-39, ,
4, ,-39, ,
0, ,-39, ,
3, ,-40, ,
4, ,-40, ,
1, ,-39, ,
1, ,-39, ,
4, ,-40, ,
3, ,-38, ,
6, ,-40, ,
3, ,-39, ,
4, ,-39, ,
3, ,-39, ,
0, ,-39, ,
-5, ,-38, ,
-1, ,-40, ,
1, ,-39, ,
1, ,-39, ,
0, ,-39, ,
3, ,-40, ,
3, ,-38, ,
5, ,-40, ,
-1, ,-39, ,
5, ,-39, ,
6, ,-40, ,
4, ,-40, ,
0, ,-39, ,
6, ,-40, ,
4, ,-39, ,
3, ,-39, ,
1, ,-39, ,
4, ,-39, ,
3, ,-38, ,
4, ,-40, ,
3, ,-39, ,
3, ,-39, ,
5, ,-39, ,
1, ,-40, ,
0, ,-39, ,
4, ,-40, ,
3, ,-39, ,
3, ,-39, ,
3, ,-39, ,
1, ,-40, ,
1, ,-39, ,
-1, ,-40, ,
-4, ,-39, ,
0, ,-39, ,
3, ,-39, ,
0, ,-40, ,
-5, ,-39, ,
0, ,-40, ,
1, ,-39, ,
1, ,-39, ,
-2, ,-39, ,
1, ,-40, ,
3, ,-39, ,
0, ,-40, ,
0, ,-39, ,
3, ,-39, ,
3, ,-39, ,
1, ,-39, ,
-4, ,-39, ,
-2, ,-40, ,
-1, ,-39, ,
-4, ,-40, ,
-5, ,-39, ,
-1, ,-39, ,
-1, ,-39, ,
1, ,-40, ,
-5, ,-40, ,
1, ,-39, ,
3, ,-40, ,
-2, ,-40, ,
-5, ,-39, ,
1, ,-40, ,
-1, ,-40, ,
-2, ,-39, ,
-4, ,-39, ,
-2, ,-39, ,
1, ,-39, ,
0, ,-40, ,
-4, ,-39, ,
1, ,-39, ,
1, ,-40, ,
-1, ,-40, ,
-2, ,-39, ,
0, ,-40, ,
-4, ,-40, ,
-5, ,-39, ,
-6, ,-39, ,
-4, ,-39, ,
-2, ,-39, ,
1, ,-40, ,
-2, ,-39, ,
3, ,-39, ,
4, ,-40, ,
-1, ,-40, ,
-4, ,-38, ,
3, ,-40, ,
-1, ,-39, ,
-1, ,-39, ,
-4, ,-39, ,
0, ,-40, ,
1, ,-39, ,
-2, ,-40, ,
-5, ,-39, ,
-2, ,-39, ,
-1, ,-39, ,
-1, ,-39, ,
-2, ,-38, ,
3, ,-40, ,
3, ,-39, ,
1, ,-39, ,
-1, ,-40, ,
-1, ,-40, ,
-1, ,-38, ,
-2, ,-40, ,
-5, ,-39, ,
0, ,-39, ,
1, ,-40, ,
0, ,-39, ,
-4, ,-38, ,
-1, ,-40, ,
-4, ,-39, ,
-2, ,-39, ,
-6, ,-39, ,
-1, ,-39, ,
0, ,-38, ,
1, ,-40, ,
-4, ,-39, ,
0, ,-39, ,
3, ,-40, ,
1, ,-40, ,
-5, ,-38, ,
0, ,-40, ,
-1, ,-39, ,
-2, ,-39, ,
-1, ,-39, ,
-1, ,-40, ,
0, ,-39, ,
0, ,-40, ,
-5, ,-40, ,
-1, ,-39, ,
4, ,-40, ,
-2, ,-40, ,
-4, ,-39, ,
0, ,-40, ,
-1, ,-39, ,
-1, ,-39, ,
-7, ,-40, ,
-4, ,-39, ,
-1, ,-39, ,
-4, ,-40, ,
-7, ,-39, ,
-1, ,-39, ,
-1, ,-40, ,
-2, ,-39, ,
-4, ,-39, ,
1, ,-40, ,
0, ,-39, ,
0, ,-39, ,
-1, ,-39, ,
-2, ,-39, ,
-1, ,-39, ,
1, ,-40, ,
-2, ,-39, ,
1, ,-39, ,
5, ,-40, ,
0, ,-40, ,
-5, ,-39, ,
0, ,-40, ,
-2, ,-39, ,
-2, ,-39, ,
-4, ,-39, ,
0, ,-39, ,
-1, ,-39, ,
-1, ,-40, ,
-6, ,-39, ,
1, ,-39, ,
4, ,-39, ,
3, ,-39, ,
-2, ,-38, ,
3, ,-40, ,
4, ,-39, ,
1, ,-39, ,
5, ,-39, ,
6, ,-40, ,
5, ,-38, ,
5, ,-40, ,
-5, ,-39, ,
0, ,-39, ,
1, ,-39, ,
-1, ,-40, ,
-2, ,-39, ,
4, ,-40, ,
5, ,-39, ,
9, ,-39, ,
5, ,-40, ,
6, ,-39, ,
5, ,-38, ,
1, ,-40, ,
-1, ,-40, ,
0, ,-39, ,
3, ,-40, ,
3, ,-40, ,
-2, ,-39, ,
3, ,-40, ,
5, ,-40, ,
3, ,-39, ,
-5, ,-39, ,
-1, ,-39, ,
-1, ,-38, ,
4, ,-40, ,
-2, ,-39, ,
4, ,-39, ,
9, ,-39, ,
4, ,-40, ,
0, ,-39, ,
5, ,-40, ,
1, ,-40, ,
3, ,-39, ,
0, ,-39, ,
1, ,-39, ,
3, ,-38, ,
1, ,-40, ,
-5, ,-39, ,
-2, ,-39, ,
1, ,-40, ,
-1, ,-40, ,
-2, ,-39, ,
5, ,-40, ,
5, ,-39, ,
4, ,-39, ,
6, ,-39, ,
4, ,-39, ,
-1, ,-39, ,
1, ,-40, ,
-4, ,-40, ,
0, ,-39, ,
4, ,-39, ,
3, ,-40, ,
3, ,-39, ,
6, ,-40, ,
4, ,-39, ,
4, ,-39, ,
1, ,-39, ,
3, ,-40, ,
6, ,-39, ,
5, ,-40, ,
0, ,-40, ,
4, ,-39, ,
3, ,-39, ,
1, ,-39, ,
-1, ,-39, ,
-1, ,-40, ,
8, ,-39, ,
6, ,-39, ,
-2, ,-39, ,
4, ,-39, ,
0, ,-38, ,
4, ,-40, ,
-2, ,-39, ,
0, ,-39, ,
4, ,-39, ,
3, ,-39, ,
3, ,-38, ,
4, ,-40, ,
4, ,-40, ,
5, ,-39, ,
3, ,-39, ,
5, ,-39, ,
4, ,-39, ,
4, ,-40, ,
3, ,-39, ,
1, ,-39, ,
5, ,-39, ,
3, ,-40, ,
-1, ,-39, ,
5, ,-40, ,
6, ,-39, ,
5, ,-39, ,
5, ,-39, ,
5, ,-39, ,
5, ,-38, ,
0, ,-40, ,
-1, ,-39, ,
3, ,-39, ,
1, ,-39, ,
1, ,-40, ,
-2, ,-39, ,
4, ,-40, ,
1, ,-39, ,
4, ,-39, ,
-1, ,-39, ,
1, ,-39, ,
1, ,-38, ,
-1, ,-40, ,
-4, ,-39, ,
4, ,-39, ,
3, ,-40, ,
3, ,-40, ,
-2, ,-38, ,
1, ,-40, ,
3, ,-39, ,
-2, ,-39, ,
-4, ,-39, ,
-1, ,-39, ,
3, ,-38, ,
5, ,-40, ,
0, ,-40, ,
4, ,-39, ,
1, ,-39, ,
-2, ,-39, ,
-6, ,-38, ,
-2, ,-40, ,
-2, ,-39, ,
0, ,-39, ,
1, ,-39, ,
4, ,-39, ,
5, ,-39, ,
3, ,-40, ,
-2, ,-39, ,
1, ,-39, ,
1, ,-40, ,
0, ,-39, ,
-4, ,-38, ,
0, ,-40, ,
0, ,-39, ,
-1, ,-39, ,
-5, ,-39, ,
0, ,-39, ,
0, ,-38, ,
1, ,-40, ,
1, ,-39, ,
4, ,-39, ,
9, ,-39, ,
3, ,-40, ,
0, ,-38, ,
3, ,-40, ,
0, ,-39, ,
0, ,-39, ,
-2, ,-39, ,
1, ,-39, ,
4, ,-39, ,
3, ,-40, ,
-1, ,-39, ,
1, ,-39, ,
3, ,-39, ,
0, ,-39, ,
-5, ,-39, ,
1, ,-40, ,
3, ,-39, ,
3, ,-39, ,
1, ,-39, ,
1, ,-39, ,
3, ,-39, ,
3, ,-40, ,
-4, ,-39, ,
1, ,-39, ,
3, ,-40, ,
-2, ,-39, ,
-6, ,-39, ,
1, ,-40, ,
-2, ,-40, ,
-2, ,-39, ,
-5, ,-39, ,
-2, ,-39, ,
-1, ,-38, ,
-2, ,-40, ,
-2, ,-39, ,
3, ,-39, ,
3, ,-39, ,
1, ,-40, ,
-1, ,-38, ,
0, ,-40, ,
1, ,-39, ,
-4, ,-39, ,
-5, ,-39, ,
1, ,-40, ,
-1, ,-39, ,
4, ,-40, ,
-2, ,-40, ,
3, ,-39, ,
6, ,-40, ,
0, ,-40, ,
-1, ,-39, ,
-1, ,-40, ,
0, ,-39, ,
-2, ,-39, ,
-5, ,-39, ,
-2, ,-39, ,
-1, ,-38, ,
-2, ,-40, ,
-2, ,-40, ,
-1, ,-39, ,
-2, ,-40, ,
-4, ,-39, ,
-7, ,-38, ,
0, ,-40, ,
-2, ,-39, ,
-2, ,-39, ,
-4, ,-39, ,
0, ,-39, ,
0, ,-39, ,
0, ,-40, ,
-6, ,-39, ,
-1, ,-39, ,
4, ,-39, ,
-1, ,-40, ,
-1, ,-38, ,
5, ,-40, ,
1, ,-40, ,
0, ,-39, ,
-6, ,-40, ,
-1, ,-39, ,
-1, ,-39, ,
-2, ,-40, ,
-4, ,-40, ,
3, ,-39, ,
3, ,-40, ,
1, ,-39, ,
-4, ,-39, ,
4, ,-40, ,
1, ,-39, ,
-1, ,-39, ,
-1, ,-39, ,
3, ,-39, ,
4, ,-39, ,
6, ,-40, ,
-5, ,-40, ,
1, ,-39, ,
1, ,-39, ,
-2, ,-40, ,
-5, ,-39, ,
-2, ,-40, ,
0, ,-39, ,
0, ,-39, ,
0, ,-39, ,
4, ,-39, ,
6, ,-39, ,
3, ,-40, ,
-4, ,-40, ,
0, ,-39, ,
1, ,-39, ,
-2, ,-40, ,
-5, ,-39, ,
4, ,-40, ,
1, ,-39, ,
1, ,-39, ,
-2, ,-39, ,
-2, ,-39, ,
-1, ,-39, ,
-1, ,-40, ,
-1, ,-39, ,
3, ,-39, ,
9, ,-40, ,
3, ,-40, ,
1, ,-38, ,
4, ,-40, ,
3, ,-39, ,
1, ,-39, ,
-5, ,-39, ,
-1, ,-40, ,
0, ,-38, ,
-1, ,-40, ,
-2, ,-40, ,
-1, ,-39, ,
1, ,-40, ,
0, ,-40, ,
-7, ,-38, ,
1, ,-40, ,
4, ,-39, ,
-5, ,-36, ,
3, ,-27, ,
4, ,-18, ,
5, ,-8, ,
9, ,0, ,
4, ,7, ,
6, ,14, ,
5, ,20, ,
4, ,24, ,
6, ,27, ,
10, ,33, ,
9, ,35, ,
5, ,38, ,
4, ,40, ,
8, ,42, ,
8, ,42, ,
9, ,45, ,
0, ,46, ,
5, ,46, ,
6, ,49, ,
5, ,50, ,
4, ,49, ,
8, ,51, ,
8, ,51, ,
5, ,52, ,
3, ,52, ,
3, ,52, ,
-1, ,52, ,
1, ,53, ,
-1, ,53, ,
1, ,53, ,
5, ,53, ,
3, ,54, ,
3, ,52, ,
4, ,54, ,
4, ,54, ,
3, ,53, ,
-1, ,54, ,
3, ,54, ,
4, ,52, ,
4, ,54, ,
0, ,53, ,
4, ,54, ,
4, ,54, ,
3, ,54, ,
-2, ,52, ,
4, ,54, ,
3, ,54, ,
4, ,54, ,
4, ,54, ,
4, ,54, ,
3, ,53, ,
4, ,54, ,
-2, ,53, ,
0, ,53, ,
4, ,54, ,
3, ,54, ,
0, ,53, ,
6, ,54, ,
5, ,54, ,
4, ,54, ,
0, ,54, ,
1, ,54, ,
3, ,53, ,
0, ,54, ,
-4, ,53, ,
3, ,53, ,
3, ,54, ,
1, ,53, ,
-2, ,52, ,
4, ,54, ,
4, ,54, ,
3, ,54, ,
4, ,54, ,
1, ,54, ,
0, ,52, ,
3, ,54, ,
-5, ,53, ,
0, ,53, ,
1, ,54, ,
0, ,54, ,
-4, ,52, ,
3, ,55, ,
0, ,53, ,
1, ,53, ,
1, ,54, ,
4, ,54, ,
4, ,53, ,
6, ,55, ,
0, ,53, ,
1, ,53, ,
4, ,54, ,
3, ,54, ,
-4, ,52, ,
1, ,54, ,
0, ,54, ,
1, ,53, ,
-1, ,54, ,
1, ,54, ,
1, ,52, ,
3, ,55, ,
0, ,53, ,
4, ,53, ,
4, ,54, ,
0, ,54, ,
0, ,52, ,
3, ,54, ,
0, ,54, ,
1, ,53, ,
1, ,54, ,
0, ,54, ,
0, ,52, ,
4, ,54, ,
-2, ,53, ,
1, ,53, ,
3, ,54, ,
4, ,54, ,
-1, ,52, ,
-1, ,54, ,
1, ,53, ,
6, ,53, ,
5, ,54, ,
3, ,54, ,
5, ,52, ,
5, ,54, ,
1, ,53, ,
5, ,52, ,
4, ,54, ,
3, ,53, ,
-2, ,52, ,
1, ,54, ,
-1, ,53, ,
-2, ,53, ,
-4, ,54, ,
-1, ,53, ,
1, ,52, ,
1, ,54, ,
-2, ,53, ,
0, ,53, ,
-1, ,54, ,
-2, ,53, ,
-7, ,51, ,
0, ,54, ,
3, ,54, ,
0, ,53, ,
3, ,54, ,
3, ,53, ,
-2, ,52, ,
1, ,54, ,
-2, ,53, ,
4, ,53, ,
4, ,54, ,
1, ,54, ,
-1, ,52, ,
1, ,54, ,
-2, ,53, ,
-1, ,53, ,
-2, ,53, ,
-1, ,54, ,
0, ,52, ,
1, ,54, ,
1, ,53, ,
5, ,53, ,
6, ,54, ,
-1, ,54, ,
-2, ,52, ,
0, ,54, ,
-1, ,54, ,
-2, ,53, ,
-1, ,53, ,
3, ,53, ,
3, ,52, ,
5, ,54, ,
-2, ,52, ,
0, ,53, ,
3, ,54, ,
1, ,53, ,
-2, ,51, ,
4, ,54, ,
-2, ,53, ,
0, ,53, ,
-2, ,54, ,
-4, ,54, ,
-2, ,52, ,
0, ,54, ,
-5, ,53, ,
0, ,53, ,
0, ,54, ,
3, ,54, ,
-1, ,52, ,
1, ,54, ,
-1, ,53, ,
-1, ,53, ,
0, ,54, ,
0, ,54, ,
-1, ,52, ,
3, ,54, ,
-2, ,53, ,
3, ,53, ,
4, ,53, ,
0, ,53, ,
-2, ,52, ,
0, ,54, ,
-5, ,54, ,
1, ,53, ,
1, ,53, ,
1, ,54, ,
5, ,52, ,
11, ,54, ,
-2, ,52, ,
-7, ,53, ,
1, ,54, ,
4, ,53, ,
-9, ,51, ,
0, ,54, ,
1, ,54, ,
0, ,53, ,
-6, ,53, ,
-1, ,54, ,
0, ,52, ,
3, ,54, ,
0, ,53, ,
3, ,52, ,
4, ,54, ,
1, ,53, ,
-4, ,52, ,
1, ,54, ,
0, ,54, ,
4, ,53, ,
1, ,53, ,
-1, ,54, ,
-1, ,52, ,
-1, ,54, ,
-4, ,53, ,
1, ,53, ,
4, ,54, ,
0, ,54, ,
-6, ,51, ,
8, ,54, ,
0, ,53, ,
-4, ,53, ,
-2, ,53, ,
0, ,54, ,
4, ,52, ,
6, ,54, ,
-1, ,53, ,
3, ,53, ,
0, ,54, ,
-1, ,53, ,
-4, ,52, ,
-2, ,53, ,
-2, ,53, ,
-1, ,53, ,
-2, ,53, ,
3, ,54, ,
3, ,52, ,
5, ,54, ,
0, ,53, ,
5, ,53, ,
8, ,54, ,
5, ,54, ,
3, ,52, ,
6, ,54, ,
5, ,54, ,
4, ,53, ,
3, ,54, ,
1, ,54, ,
0, ,52, ,
6, ,54, ,
-6, ,53, ,
1, ,52, ,
4, ,54, ,
0, ,53, ,
1, ,52, ,
4, ,54, ,
0, ,53, ,
5, ,53, ,
-1, ,53, ,
4, ,53, ,
3, ,52, ,
4, ,54, ,
3, ,52, ,
4, ,53, ,
4, ,54, ,
1, ,54, ,
-2, ,51, ,
1, ,54, ,
0, ,54, ,
-1, ,53, ,
-1, ,54, ,
0, ,54, ,
0, ,52, ,
0, ,54, ,
-4, ,53, ,
3, ,53, ,
4, ,53, ,
1, ,53, ,
-1, ,52, ,
4, ,54, ,
1, ,54, ,
1, ,53, ,
0, ,53, ,
-1, ,54, ,
1, ,52, ,
-1, ,54, ,
-1, ,53, ,
1, ,53, ,
3, ,54, ,
1, ,53, ,
-1, ,51, ,
3, ,54, ,
5, ,54, ,
3, ,53, ,
3, ,54, ,
4, ,54, ,
0, ,52, ,
3, ,54, ,
-5, ,53, ,
-2, ,53, ,
1, ,54, ,
-1, ,53, ,
-2, ,51, ,
3, ,54, ,
3, ,54, ,
3, ,53, ,
3, ,53, ,
0, ,54, ,
1, ,52, ,
3, ,54, ,
-1, ,53, ,
1, ,53, ,
4, ,54, ,
1, ,54, ,
1, ,51, ,
5, ,54, ,
3, ,53, ,
3, ,52, ,
1, ,53, ,
1, ,54, ,
3, ,52, ,
1, ,54, ,
-2, ,53, ,
-1, ,53, ,
3, ,54, ,
1, ,53, ,
-2, ,52, ,
4, ,54, ,
-1, ,54, ,
3, ,53, ,
3, ,53, ,
3, ,53, ,
4, ,52, ,
3, ,54, ,
-1, ,53, ,
-1, ,53, ,
-1, ,54, ,
1, ,54, ,
-1, ,52, ,
4, ,54, ,
3, ,54, ,
4, ,53, ,
3, ,54, ,
1, ,54, ,
1, ,52, ,
4, ,54, ,
0, ,53, ,
5, ,53, ,
4, ,54, ,
3, ,53, ,
-2, ,52, ,
3, ,54, ,
0, ,54, ,
3, ,53, ,
0, ,53, ,
1, ,54, ,
0, ,52, ,
0, ,54, ,
-5, ,53, ,
-2, ,53, ,
-1, ,54, ,
0, ,54, ,
-2, ,51, ,
1, ,54, ,
3, ,53, ,
1, ,53, ,
1, ,54, ,
3, ,53, ,
1, ,52, ,
3, ,54, ,
0, ,52, ,
0, ,53, ,
3, ,53, ,
-1, ,54, ,
-2, ,51, ,
1, ,54, ,
-2, ,53, ,
0, ,53, ,
0, ,53, ,
1, ,54, ,
1, ,52, ,
4, ,54, ,
0, ,53, ,
4, ,53, ,
3, ,54, ,
0, ,53, ,
-1, ,51, ,
3, ,54, ,
1, ,53, ,
3, ,53, ,
-2, ,54, ,
3, ,54, ,
0, ,52, ,
3, ,54, ,
0, ,53, ,
4, ,53, ,
9, ,54, ,
6, ,54, ,
3, ,52, ,
4, ,54, ,
-2, ,54, ,
-2, ,53, ,
-2, ,53, ,
-1, ,54, ,
1, ,51, ,
3, ,54, ,
-2, ,53, ,
3, ,53, ,
0, ,53, ,
0, ,54, ,
-5, ,51, ,
-1, ,54, ,
1, ,53, ,
0, ,53, ,
0, ,54, ,
1, ,54, ,
3, ,51, ,
1, ,54, ,
-4, ,53, ,
1, ,53, ,
3, ,54, ,
0, ,53, ,
-1, ,51, ,
3, ,54, ,
1, ,54, ,
0, ,53, ,
-2, ,54, ,
-1, ,54, ,
1, ,52, ,
1, ,54, ,
-1, ,53, ,
1, ,53, ,
4, ,53, ,
1, ,54, ,
-2, ,52, ,
3, ,54, ,
0, ,54, ,
-1, ,52, ,
-6, ,54, ,
-1, ,54, ,
-1, ,52, ,
3, ,54, ,
-1, ,52, ,
1, ,53, ,
1, ,54, ,
-1, ,53, ,
-4, ,52, ,
3, ,54, ,
0, ,53, ,
1, ,53, ,
3, ,53, ,
3, ,54, ,
3, ,52, ,
3, ,54, ,
-1, ,53, ,
3, ,53, ,
0, ,54, ,
1, ,54, ,
-5, ,51, ,
1, ,54, ,
-2, ,53, ,
1, ,53, ,
1, ,53, ,
-1, ,53, ,
-1, ,52, ,
3, ,54, ,
-4, ,53, ,
3, ,53, ,
5, ,54, ,
4, ,54, ,
3, ,52, ,
4, ,54, ,
0, ,54, ,
-1, ,53, ,
-4, ,53, ,
0, ,54, ,
0, ,52, ,
1, ,54, ,
-1, ,53, ,
5, ,53, ,
5, ,54, ,
1, ,53, ,
0, ,51, ,
3, ,54, ,
4, ,54, ,
1, ,53, ,
4, ,53, ,
5, ,53, ,
4, ,52, ,
8, ,54, ,
1, ,53, ,
1, ,53, ,
3, ,54, ,
0, ,53, ,
-4, ,51, ,
1, ,54, ,
-1, ,53, ,
3, ,53, ,
-2, ,53, ,
1, ,54, ,
0, ,52, ,
4, ,54, ,
1, ,53, ,
1, ,53, ,
4, ,54, ,
3, ,53, ,
-1, ,51, ,
3, ,54, ,
0, ,53, ,
0, ,53, ,
-1, ,53, ,
-1, ,54, ,
1, ,52, ,
0, ,54, ,
-5, ,53, ,
0, ,53, ,
1, ,54, ,
3, ,53, ,
0, ,52, ,
3, ,54, ,
-1, ,53, ,
0, ,53, ,
-1, ,53, ,
-2, ,53, ,
1, ,52, ,
0, ,54, ,
-4, ,53, ,
0, ,53, ,
3, ,53, ,
1, ,53, ,
0, ,52, ,
4, ,54, ,
4, ,54, ,
3, ,53, ,
1, ,54, ,
3, ,53, ,
3, ,52, ,
3, ,54, ,
-4, ,53, ,
1, ,53, ,
0, ,54, ,
0, ,53, ,
-2, ,52, ,
3, ,54, ,
1, ,53, ,
3, ,53, ,
-1, ,53, ,
0, ,54, ,
0, ,51, ,
3, ,54, ,
-4, ,53, ,
4, ,53, ,
3, ,54, ,
1, ,54, ,
4, ,51, ,
8, ,54, ,
5, ,54, ,
5, ,53, ,
0, ,53, ,
1, ,54, ,
0, ,52, ,
1, ,54, ,
-1, ,53, ,
0, ,52, ,
5, ,54, ,
3, ,53, ,
-1, ,51, ,
5, ,54, ,
0, ,54, ,
3, ,53, ,
0, ,53, ,
1, ,54, ,
3, ,52, ,
3, ,54, ,
-1, ,53, ,
1, ,53, ,
0, ,54, ,
1, ,53, ,
-1, ,51, ,
3, ,54, ,
-1, ,54, ,
1, ,53, ,
-1, ,54, ,
-1, ,54, ,
-1, ,52, ,
1, ,54, ,
-2, ,53, ,
1, ,53, ,
5, ,54, ,
0, ,53, ,
1, ,52, ,
5, ,54, ,
1, ,53, ,
3, ,53, ,
3, ,53, ,
1, ,54, ,
0, ,52, ,
1, ,54, ,
-5, ,53, ,
-1, ,53, ,
-2, ,53, ,
0, ,54, ,
-1, ,52, ,
5, ,54, ,
6, ,53, ,
1, ,53, ,
1, ,53, ,
3, ,54, ,
1, ,52, ,
4, ,54, ,
-1, ,52, ,
0, ,53, ,
1, ,54, ,
-2, ,54, ,
-2, ,52, ,
0, ,54, ,
-2, ,53, ,
1, ,53, ,
0, ,53, ,
0, ,54, ,
4, ,52, ,
3, ,54, ,
0, ,53, ,
0, ,53, ,
0, ,53, ,
0, ,54, ,
-2, ,52, ,
4, ,54, ,
0, ,53, ,
1, ,53, ,
0, ,54, ,
0, ,53, ,
5, ,52, ,
4, ,54, ,
-4, ,53, ,
4, ,53, ,
3, ,53, ,
3, ,54, ,
1, ,52, ,
4, ,54, ,
4, ,53, ,
1, ,53, ,
0, ,53, ,
1, ,54, ,
1, ,52, ,
3, ,54, ,
3, ,53, ,
4, ,53, ,
1, ,54, ,
-4, ,53, ,
-12, ,52, ,
-11, ,54, ,
-14, ,53, ,
-19, ,53, ,
-15, ,54, ,
-12, ,54, ,
-6, ,51, ,
-1, ,54, ,
-4, ,53, ,
8, ,53, ,
9, ,54, ,
9, ,54, ,
9, ,52, ,
10, ,54, ,
10, ,54, ,
8, ,53, ,
4, ,54, ,
3, ,54, ,
0, ,52, ,
1, ,54, ,
-5, ,53, ,
-1, ,53, ,
-4, ,54, ,
1, ,54, ,
1, ,52, ,
-2, ,54, ,
0, ,53, ,
0, ,52, ,
-1, ,54, ,
0, ,54, ,
-2, ,52, ,
-2, ,54, ,
-6, ,53, ,
-4, ,53, ,
-1, ,54, ,
-2, ,54, ,
-2, ,52, ,
3, ,54, ,
-1, ,54, ,
0, ,53, ,
-1, ,54, ,
1, ,54, ,
4, ,52, ,
1, ,54, ,
1, ,53, ,
1, ,53, ,
0, ,54, ,
-1, ,53, ,
-2, ,52, ,
1, ,54, ,
-2, ,53, ,
-1, ,53, ,
-1, ,54, ,
3, ,54, ,
5, ,52, ,
1, ,54, ,
0, ,53, ,
3, ,53, ,
-2, ,54, ,
0, ,53, ,
-5, ,52, ,
4, ,54, ,
6, ,53, ,
3, ,53, ,
-1, ,53, ,
-1, ,53, ,
1, ,52, ,
1, ,54, ,
-4, ,53, ,
1, ,53, ,
0, ,54, ,
-4, ,54, ,
-5, ,51, ,
-2, ,54, ,
-2, ,54, ,
0, ,52, ,
-1, ,50, ,
1, ,40, ,
-1, ,30, ,
-2, ,20, ,
-11, ,13, ,
-2, ,5, ,
4, ,-1, ,
0, ,-6, ,
-6, ,-12, ,
-5, ,-15, ,
-11, ,-19, ,
-9, ,-22, ,
-6, ,-24, ,
-2, ,-26, ,
4, ,-28, ,
4, ,-31, ,
4, ,-32, ,
5, ,-33, ,
5, ,-34, ,
1, ,-35, ,
-5, ,-35, ,
0, ,-37, ,
-1, ,-37, ,
-1, ,-37, ,
-1, ,-38, ,
3, ,-38, ,
1, ,-38, ,
1, ,-39, ,
-4, ,-39, ,
-1, ,-39, ,
1, ,-39, ,
-1, ,-39, ,
-4, ,-39, ,
0, ,-40, ,
-1, ,-40, ,
-1, ,-40, ,
-4, ,-40, ,
0, ,-40, ,
1, ,-39, ,
1, ,-41, ,
0, ,-40, ,
5, ,-40, ,
5, ,-40, ,
5, ,-40, ,
1, ,-39, ,
3, ,-41, ,
4, ,-40, ,
4, ,-40, ,
4, ,-40, ,
4, ,-40, ,
5, ,-39, ,
4, ,-41, ,
4, ,-40, ,
8, ,-40, ,
5, ,-40, ,
5, ,-40, ,
-1, ,-39, ,
1, ,-40, ,
3, ,-40, ,
0, ,-40, ,
1, ,-40, ,
1, ,-40, ,
4, ,-39, ,
6, ,-41, ,
4, ,-40, ,
4, ,-40, ,
4, ,-40, ,
3, ,-40, ,
-1, ,-39, ,
5, ,-40, ,
3, ,-40, ,
3, ,-39, ,
4, ,-40, ,
4, ,-40, ,
5, ,-39, ,
5, ,-40, ,
-1, ,-40, ,
1, ,-39, ,
1, ,-40, ,
-1, ,-40, ,
-1, ,-39, ,
4, ,-40, ,
1, ,-39, ,
5, ,-39, ,
0, ,-39, ,
1, ,-40, ,
0, ,-39, ,
0, ,-41, ,
-1, ,-40, ,
3, ,-39, ,
5, ,-40, ,
4, ,-39, ,
0, ,-39, ,
3, ,-40, ,
1, ,-40, ,
-2, ,-39, ,
-1, ,-39, ,
-1, ,-40, ,
1, ,-39, ,
1, ,-40, ,
-5, ,-39, ,
3, ,-39, ,
0, ,-40, ,
0, ,-40, ,
-4, ,-39, ,
3, ,-40, ,
1, ,-39, ,
0, ,-39, ,
1, ,-39, ,
4, ,-40, ,
1, ,-38, ,
-1, ,-40, ,
-5, ,-40, ,
-1, ,-39, ,
0, ,-40, ,
-2, ,-40, ,
0, ,-38, ,
4, ,-40, ,
6, ,-40, ,
5, ,-39, ,
1, ,-40, ,
3, ,-40, ,
1, ,-39, ,
1, ,-40, ,
-2, ,-39, ,
3, ,-39, ,
8, ,-40, ,
0, ,-40, ,
-1, ,-39, ,
4, ,-40, ,
4, ,-39, ,
4, ,-40, ,
1, ,-39, ,
4, ,-40, ,
4, ,-39, ,
4, ,-40, ,
0, ,-40, ,
6, ,-39, ,
8, ,-40, ,
5, ,-40, ,
1, ,-38, ,
6, ,-40, ,
6, ,-39, ,
3, ,-39, ,
4, ,-39, ,
5, ,-40, ,
6, ,-39, ,
4, ,-40, ,
-2, ,-40, ,
4, ,-39, ,
6, ,-40, ,
4, ,-40, ,
1, ,-39, ,
9, ,-40, ,
8, ,-39, ,
3, ,-39, ,
3, ,-39, ,
3, ,-40, ,
5, ,-39, ,
3, ,-40, ,
-2, ,-40, ,
3, ,-39, ,
6, ,-40, ,
5, ,-40, ,
0, ,-38, ,
6, ,-40, ,
5, ,-39, ,
4, ,-39, ,
1, ,-39, ,
1, ,-40, ,
3, ,-39, ,
4, ,-40, ,
-1, ,-39, ,
5, ,-39, ,
8, ,-40, ,
1, ,-40, ,
3, ,-39, ,
6, ,-40, ,
3, ,-39, ,
3, ,-40, ,
0, ,-39, ,
3, ,-40, ,
3, ,-39, ,
0, ,-40, ,
-2, ,-40, ,
1, ,-39, ,
4, ,-40, ,
0, ,-40, ,
-1, ,-38, ,
5, ,-40, ,
4, ,-39, ,
1, ,-39, ,
1, ,-39, ,
4, ,-40, ,
4, ,-39, ,
1, ,-40, ,
-4, ,-39, ,
-2, ,-39, ,
-1, ,-40, ,
-5, ,-40, ,
-7, ,-39, ,
-1, ,-40, ,
-4, ,-39, ,
1, ,-39, ,
-2, ,-39, ,
1, ,-40, ,
1, ,-39, ,
1, ,-40, ,
1, ,-40, ,
1, ,-39, ,
1, ,-40, ,
1, ,-39, ,
-5, ,-39, ,
3, ,-40, ,
-1, ,-39, ,
-5, ,-39, ,
-4, ,-39, ,
-4, ,-39, ,
-1, ,-39, ,
1, ,-40, ,
-5, ,-39, ,
4, ,-39, ,
3, ,-40, ,
-1, ,-40, ,
-4, ,-39, ,
1, ,-40, ,
-2, ,-39, ,
-1, ,-39, ,
-1, ,-39, ,
-1, ,-40, ,
1, ,-39, ,
1, ,-40, ,
-5, ,-40, ,
-2, ,-39, ,
-4, ,-40, ,
-5, ,-40, ,
-6, ,-38, ,
0, ,-40, ,
0, ,-40, ,
-4, ,-39, ,
-4, ,-40, ,
-4, ,-39, ,
-5, ,-39, ,
-4, ,-40, ,
-7, ,-39, ,
-4, ,-39, ,
0, ,-40, ,
-4, ,-40, ,
-7, ,-39, ,
-2, ,-40, ,
-6, ,-39, ,
-6, ,-39, ,
-9, ,-39, ,
-5, ,-39, ,
-5, ,-38, ,
-2, ,-40, ,
-4, ,-40, ,
-1, ,-39, ,
-1, ,-39, ,
-5, ,-40, ,
-5, ,-38, ,
-1, ,-40, ,
-2, ,-40, ,
-4, ,-39, ,
-2, ,-39, ,
-1, ,-39, ,
-1, ,-39, ,
0, ,-40, ,
-4, ,-39, ,
-1, ,-39, ,
0, ,-39, ,
-4, ,-40, ,
-9, ,-39, ,
-5, ,-40, ,
-5, ,-39, ,
-4, ,-39, ,
-2, ,-39, ,
-1, ,-39, ,
1, ,-39, ,
0, ,-40, ,
-4, ,-40, ,
-1, ,-39, ,
-1, ,-39, ,
-1, ,-40, ,
-7, ,-39, ,
1, ,-40, ,
0, ,-40, ,
-2, ,-39, ,
-2, ,-39, ,
0, ,-39, ,
-1, ,-39, ,
1, ,-40, ,
-2, ,-39, ,
0, ,-39, ,
1, ,-39, ,
-1, ,-40, ,
-4, ,-39, ,
0, ,-40, ,
-2, ,-39, ,
-1, ,-39, ,
-4, ,-39, ,
-2, ,-39, ,
-1, ,-38, ,
1, ,-40, ,
-1, ,-39, ,
4, ,-39, ,
5, ,-40, ,
1, ,-39, ,
-6, ,-38, ,
-4, ,-40, ,
-1, ,-40, ,
4, ,-39, ,
3, ,-40, ,
4, ,-39, ,
3, ,-39, ,
4, ,-40, ,
-5, ,-39, ,
-1, ,-39, ,
4, ,-39, ,
0, ,-39, ,
-2, ,-39, ,
1, ,-40, ,
1, ,-39, ,
1, ,-39, ,
-2, ,-39, ,
0, ,-39, ,
3, ,-38, ,
0, ,-40, ,
-1, ,-40, ,
3, ,-39, ,
5, ,-39, ,
3, ,-40, ,
-2, ,-38, ,
3, ,-40, ,
-1, ,-40, ,
-1, ,-39, ,
-1, ,-39, ,
-1, ,-40, ,
1, ,-39, ,
4, ,-40, ,
0, ,-39, ,
4, ,-39, ,
4, ,-39, ,
3, ,-40, ,
-2, ,-39, ,
4, ,-39, ,
1, ,-39, ,
1, ,-39, ,
-2, ,-39, ,
1, ,-39, ,
3, ,-38, ,
3, ,-40, ,
-4, ,-40, ,
3, ,-39, ,
3, ,-39, ,
0, ,-40, ,
0, ,-38, ,
6, ,-40, ,
6, ,-40, ,
1, ,-39, ,
1, ,-39, ,
5, ,-39, ,
4, ,-39, ,
5, ,-40, ,
1, ,-39, ,
5, ,-39, ,
9, ,-39, ,
3, ,-40, ,
4, ,-39, ,
6, ,-40, ,
4, ,-39, ,
5, ,-39, ,
3, ,-39, ,
4, ,-39, ,
3, ,-39, ,
4, ,-40, ,
-4, ,-40, ,
1, ,-39, ,
4, ,-40, ,
1, ,-39, ,
-2, ,-38, ,
5, ,-40, ,
5, ,-39, ,
4, ,-39, ,
3, ,-39, ,
4, ,-39, ,
4, ,-39, ,
3, ,-40, ,
-2, ,-39, ,
1, ,-39, ,
5, ,-39, ,
3, ,-40, ,
1, ,-39, ,
6, ,-40, ,
1, ,-39, ,
4, ,-39, ,
0, ,-39, ,
1, ,-40, ,
3, ,-39, ,
6, ,-40, ,
5, ,-39, ,
-5, ,-39, ,
0, ,-40, ,
11, ,-40, ,
-5, ,-38, ,
9, ,-40, ,
8, ,-40, ,
1, ,-39, ,
-2, ,-39, ,
3, ,-39, ,
1, ,-39, ,
0, ,-40, ,
-4, ,-39, ,
3, ,-39, ,
8, ,-39, ,
3, ,-40, ,
3, ,-38, ,
5, ,-40, ,
5, ,-39, ,
4, ,-40, ,
1, ,-39, ,
3, ,-39, ,
4, ,-39, ,
3, ,-40, ,
-2, ,-39, ,
0, ,-39, ,
3, ,-40, ,
4, ,-40, ,
0, ,-39, ,
3, ,-40, ,
8, ,-40, ,
4, ,-39, ,
3, ,-39, ,
9, ,-39, ,
3, ,-39, ,
3, ,-40, ,
-2, ,-39, ,
3, ,-39, ,
0, ,-39, ,
-1, ,-39, ,
-1, ,-39, ,
1, ,-40, ,
4, ,-39, ,
3, ,-39, ,
0, ,-39, ,
4, ,-40, ,
4, ,-39, ,
3, ,-40, ,
0, ,-40, ,
5, ,-39, ,
4, ,-39, ,
1, ,-40, ,
-5, ,-38, ,
4, ,-40, ,
4, ,-40, ,
1, ,-39, ,
-4, ,-39, ,
-1, ,-40, ,
-1, ,-39, ,
-1, ,-40, ,
-6, ,-40, ,
0, ,-39, ,
4, ,-39, ,
0, ,-39, ,
-2, ,-39, ,
0, ,-40, ,
0, ,-39, ,
-2, ,-39, ,
-1, ,-39, ,
3, ,-39, ,
4, ,-39, ,
1, ,-40, ,
-5, ,-40, ,
0, ,-39, ,
-1, ,-39, ,
-4, ,-40, ,
-5, ,-38, ,
-1, ,-40, ,
0, ,-40, ,
-2, ,-39, ,
-4, ,-39, ,
-1, ,-39, ,
-1, ,-39, ,
-1, ,-40, ,
-5, ,-40, ,
0, ,-39, ,
1, ,-40, ,
-2, ,-40, ,
-6, ,-39, ,
-1, ,-40, ,
-2, ,-39, ,
-2, ,-39, ,
-6, ,-39, ,
-2, ,-39, ,
-1, ,-38, ,
-1, ,-40, ,
-6, ,-40, ,
-2, ,-39, ,
-2, ,-39, ,
1, ,-40, ,
-2, ,-38, ,
1, ,-40, ,
1, ,-40, ,
0, ,-39, ,
0, ,-39, ,
0, ,-39, ,
0, ,-39, ,
1, ,-40, ,
-5, ,-40, ,
4, ,-39, ,
5, ,-39, ,
0, ,-40, ,
-2, ,-39, ,
3, ,-40, ,
4, ,-40, ,
0, ,-39, ,
-2, ,-39, ,
-1, ,-40, ,
3, ,-38, ,
1, ,-40, ,
-2, ,-40, ,
0, ,-39, ,
-4, ,-40, ,
-6, ,-40, ,
-6, ,-38, ,
1, ,-40, ,
1, ,-40, ,
1, ,-39, ,
1, ,-39, ,
0, ,-39, ,
0, ,-39, ,
1, ,-40, ,
-5, ,-39, ,
0, ,-39, ,
5, ,-39, ,
1, ,-40, ,
-2, ,-39, ,
3, ,-40, ,
1, ,-39, ,
-4, ,-39, ,
-7, ,-39, ,
-4, ,-40, ,
-4, ,-39, ,
-4, ,-40, ,
-7, ,-40, ,
0, ,-39, ,
-2, ,-40, ,
-1, ,-40, ,
-2, ,-38, ,
4, ,-40, ,
8, ,-39, ,
4, ,-39, ,
3, ,-40, ,
3, ,-39, ,
1, ,-39, ,
3, ,-40, ,
-5, ,-39, ,
-2, ,-39, ,
-1, ,-40, ,
-5, ,-40, ,
-9, ,-39, ,
-4, ,-40, ,
-4, ,-40, ,
-4, ,-39, ,
-2, ,-39, ,
-1, ,-40, ,
3, ,-39, ,
3, ,-40, ,
-1, ,-39, ,
1, ,-39, ,
5, ,-40, ,
1, ,-40, ,
-1, ,-38, ,
4, ,-40, ,
1, ,-40, ,
0, ,-39, ,
-1, ,-39, ,
-1, ,-39, ,
0, ,-39, ,
1, ,-40, ,
-2, ,-39, ,
4, ,-39, ,
1, ,-39, ,
1, ,-40, ,
-1, ,-39, ,
3, ,-40, ,
3, ,-39, ,
0, ,-39, ,
-1, ,-39, ,
3, ,-40, ,
3, ,-39, ,
1, ,-40, ,
-1, ,-40, ,
3, ,-39, ,
3, ,-39, ,
1, ,-40, ,
-1, ,-38, ,
3, ,-40, ,
1, ,-39, ,
-4, ,-39, ,
-2, ,-39, ,
3, ,-39, ,
4, ,-39, ,
3, ,-40, ,
3, ,-39, ,
6, ,-39, ,
8, ,-40, ,
3, ,-40, ,
1, ,-39, ,
4, ,-40, ,
0, ,-39, ,
0, ,-39, ,
0, ,-39, ,
1, ,-40, ,
4, ,-39, ,
3, ,-40, ,
0, ,-40, ,
0, ,-39, ,
4, ,-39, ,
3, ,-40, ,
-2, ,-38, ,
3, ,-40, ,
3, ,-40, ,
4, ,-39, ,
1, ,-40, ,
5, ,-39, ,
4, ,-39, ,
3, ,-40, ,
-2, ,-39, ,
0, ,-39, ,
6, ,-39, ,
3, ,-40, ,
0, ,-39, ,
4, ,-40, ,
3, ,-40, ,
0, ,-40, ,
-4, ,-39, ,
0, ,-40, ,
3, ,-39, ,
4, ,-40, ,
-1, ,-39, ,
5, ,-39, ,
4, ,-39, ,
4, ,-40, ,
-1, ,-39, ,
4, ,-40, ,
3, ,-39, ,
1, ,-39, ,
0, ,-39, ,
1, ,-39, ,
0, ,-39, ,
3, ,-40, ,
-2, ,-39, ,
4, ,-39, ,
8, ,-39, ,
6, ,-40, ,
3, ,-39, ,
5, ,-40, ,
4, ,-40, ,
3, ,-39, ,
0, ,-39, ,
3, ,-39, ,
1, ,-39, ,
1, ,-40, ,
-2, ,-40, ,
1, ,-39, ,
4, ,-40, ,
1, ,-40, ,
3, ,-39, ,
5, ,-40, ,
6, ,-40, ,
5, ,-39, ,
3, ,-40, ,
4, ,-39, ,
3, ,-39, ,
3, ,-40, ,
-2, ,-39, ,
1, ,-39, ,
4, ,-40, ,
1, ,-40, ,
-1, ,-39, ,
5, ,-40, ,
3, ,-40, ,
5, ,-39, ,
3, ,-39, ,
5, ,-39, ,
4, ,-39, ,
4, ,-40, ,
1, ,-40, ,
3, ,-39, ,
3, ,-39, ,
3, ,-40, ,
-1, ,-38, ,
4, ,-40, ,
3, ,-40, ,
-1, ,-39, ,
-2, ,-39, ,
-1, ,-40, ,
0, ,-39, ,
-1, ,-40, ,
-6, ,-39, ,
0, ,-39, ,
0, ,-39, ,
-4, ,-40, ,
-5, ,-39, ,
3, ,-40, ,
3, ,-39, ,
0, ,-39, ,
-1, ,-39, ,
1, ,-39, ,
4, ,-38, ,
1, ,-40, ,
-5, ,-40, ,
1, ,-39, ,
1, ,-40, ,
0, ,-40, ,
-2, ,-38, ,
3, ,-40, ,
3, ,-40, ,
0, ,-39, ,
-2, ,-40, ,
1, ,-39, ,
-1, ,-39, ,
1, ,-40, ,
-4, ,-40, ,
3, ,-39, ,
4, ,-39, ,
-1, ,-40, ,
-5, ,-39, ,
4, ,-40, ,
0, ,-39, ,
1, ,-39, ,
-4, ,-39, ,
0, ,-39, ,
1, ,-39, ,
-2, ,-40, ,
-4, ,-40, ,
-2, ,-39, ,
-1, ,-39, ,
-1, ,-39, ,
0, ,-38, ,
3, ,-40, ,
3, ,-40, ,
1, ,-40, ,
-2, ,-38, ,
-2, ,-33, ,
4, ,-24, ,
5, ,-14, ,
3, ,-4, ,
5, ,3, ,
5, ,11, ,
1, ,16, ,
-2, ,21, ,
4, ,26, ,
5, ,30, ,
6, ,33, ,
8, ,36, ,
6, ,38, ,
5, ,40, ,
4, ,43, ,
0, ,43, ,
5, ,45, ,
5, ,47, ,
4, ,47, ,
0, ,47, ,
3, ,50, ,
3, ,51, ,
-1, ,51, ,
-1, ,51, ,
0, ,52, ,
1, ,51, ,
5, ,53, ,
-1, ,52, ,
4, ,52, ,
3, ,53, ,
-1, ,53, ,
-4, ,52, ,
-1, ,54, ,
-2, ,54, ,
-1, ,53, ,
-4, ,54, ,
-2, ,54, ,
-2, ,52, ,
0, ,54, ,
-6, ,53, ,
-1, ,53, ,
-1, ,54, ,
-2, ,54, ,
-4, ,52, ,
3, ,55, ,
0, ,54, ,
3, ,53, ,
1, ,54, ,
0, ,54, ,
1, ,53, ,
1, ,54, ,
-2, ,53, ,
-1, ,54, ,
0, ,54, ,
-5, ,54, ,
-5, ,52, ,
1, ,54, ,
-5, ,54, ,
-1, ,53, ,
-2, ,54, ,
-2, ,54, ,
0, ,52, ,
1, ,54, ,
-2, ,53, ,
1, ,54, ,
0, ,54, ,
-1, ,54, ,
-5, ,52, ,
0, ,54, ,
0, ,54, ,
-1, ,53, ,
-1, ,54, ,
0, ,53, ,
0, ,52, ,
4, ,55, ,
0, ,53, ,
3, ,53, ,
0, ,54, ,
-1, ,54, ,
-6, ,52, ,
3, ,54, ,
3, ,54, ,
1, ,53, ,
1, ,54, ,
4, ,54, ,
3, ,52, ,
1, ,54, ,
-4, ,53, ,
0, ,53, ,
0, ,54, ,
0, ,54, ,
-2, ,52, ,
1, ,55, ,
1, ,54, ,
0, ,53, ,
0, ,54, ,
3, ,54, ,
0, ,52, ,
4, ,54, ,
-4, ,53, ,
1, ,53, ,
5, ,54, ,
0, ,53, ,
-2, ,52, ,
0, ,54, ,
-2, ,53, ,
-1, ,53, ,
-2, ,54, ,
4, ,54, ,
3, ,52, ,
1, ,54, ,
-7, ,53, ,
5, ,53, ,
3, ,54, ,
-1, ,54, ,
-2, ,52, ,
3, ,54, ,
0, ,53, ,
0, ,53, ,
3, ,53, ,
4, ,54, ,
4, ,52, ,
5, ,54, ,
-4, ,53, ,
3, ,53, ,
5, ,54, ,
1, ,54, ,
-1, ,52, ,
3, ,54, ,
1, ,53, ,
0, ,53, ,
0, ,54, ,
1, ,54, ,
3, ,52, ,
4, ,54, ,
1, ,53, ,
4, ,53, ,
3, ,54, ,
3, ,54, ,
-4, ,52, ,
1, ,54, ,
0, ,54, ,
4, ,53, ,
1, ,54, ,
1, ,54, ,
0, ,52, ,
3, ,54, ,
-1, ,53, ,
5, ,53, ,
6, ,54, ,
6, ,53, ,
4, ,52, ,
8, ,54, ,
6, ,53, ,
3, ,53, ,
0, ,54, ,
1, ,54, ,
0, ,52, ,
3, ,54, ,
0, ,53, ,
5, ,53, ,
6, ,54, ,
5, ,54, ,
0, ,52, ,
5, ,54, ,
5, ,54, ,
1, ,53, ,
1, ,54, ,
4, ,53, ,
1, ,53, ,
3, ,54, ,
-2, ,53, ,
3, ,53, ,
3, ,54, ,
1, ,53, ,
-2, ,52, ,
4, ,54, ,
3, ,53, ,
4, ,53, ,
1, ,54, ,
3, ,54, ,
3, ,52, ,
1, ,54, ,
0, ,53, ,
3, ,53, ,
5, ,54, ,
3, ,54, ,
1, ,52, ,
5, ,54, ,
3, ,54, ,
0, ,53, ,
-1, ,54, ,
3, ,53, ,
-1, ,52, ,
1, ,54, ,
-6, ,53, ,
0, ,53, ,
0, ,54, ,
-1, ,53, ,
-5, ,52, ,
1, ,54, ,
0, ,54, ,
0, ,53, ,
-2, ,54, ,
1, ,54, ,
0, ,52, ,
3, ,54, ,
-2, ,53, ,
3, ,53, ,
0, ,54, ,
3, ,53, ,
0, ,51, ,
4, ,54, ,
4, ,53, ,
3, ,53, ,
0, ,54, ,
0, ,54, ,
-1, ,53, ,
1, ,54, ,
-5, ,53, ,
-1, ,53, ,
4, ,54, ,
1, ,54, ,
3, ,51, ,
6, ,54, ,
4, ,53, ,
4, ,53, ,
0, ,53, ,
0, ,54, ,
1, ,52, ,
-1, ,54, ,
-2, ,52, ,
1, ,53, ,
4, ,53, ,
3, ,53, ,
0, ,52, ,
6, ,54, ,
4, ,54, ,
3, ,53, ,
4, ,54, ,
3, ,54, ,
3, ,52, ,
3, ,54, ,
-1, ,53, ,
1, ,53, ,
1, ,54, ,
0, ,54, ,
-4, ,52, ,
1, ,54, ,
-1, ,54, ,
1, ,53, ,
0, ,53, ,
1, ,53, ,
4, ,52, ,
4, ,54, ,
-2, ,53, ,
3, ,53, ,
1, ,53, ,
1, ,54, ,
-1, ,51, ,
6, ,54, ,
4, ,53, ,
1, ,53, ,
1, ,53, ,
0, ,54, ,
0, ,52, ,
1, ,54, ,
-4, ,53, ,
4, ,53, ,
4, ,54, ,
1, ,54, ,
0, ,52, ,
0, ,54, ,
-2, ,53, ,
-1, ,53, ,
-10, ,54, ,
-5, ,54, ,
-1, ,52, ,
3, ,54, ,
0, ,53, ,
0, ,53, ,
-1, ,54, ,
-4, ,54, ,
-5, ,51, ,
0, ,54, ,
3, ,54, ,
1, ,53, ,
0, ,54, ,
0, ,54, ,
0, ,52, ,
-1, ,54, ,
-4, ,53, ,
0, ,53, ,
3, ,53, ,
0, ,54, ,
-2, ,51, ,
3, ,54, ,
1, ,54, ,
4, ,53, ,
1, ,53, ,
3, ,54, ,
0, ,52, ,
-2, ,54, ,
-9, ,53, ,
-1, ,53, ,
0, ,53, ,
3, ,54, ,
1, ,51, ,
5, ,54, ,
5, ,53, ,
4, ,52, ,
4, ,53, ,
0, ,54, ,
-1, ,52, ,
0, ,54, ,
-1, ,53, ,
4, ,53, ,
1, ,54, ,
1, ,54, ,
0, ,52, ,
3, ,54, ,
1, ,53, ,
0, ,53, ,
0, ,53, ,
5, ,53, ,
5, ,52, ,
4, ,54, ,
-1, ,53, ,
1, ,53, ,
0, ,53, ,
-1, ,54, ,
-4, ,51, ,
3, ,54, ,
4, ,54, ,
3, ,53, ,
1, ,53, ,
3, ,54, ,
0, ,53, ,
0, ,54, ,
-2, ,53, ,
3, ,53, ,
3, ,54, ,
1, ,53, ,
-1, ,51, ,
4, ,54, ,
-2, ,54, ,
0, ,53, ,
0, ,54, ,
-4, ,54, ,
-1, ,52, ,
0, ,54, ,
-4, ,53, ,
-1, ,53, ,
0, ,54, ,
0, ,53, ,
-6, ,51, ,
0, ,54, ,
1, ,53, ,
1, ,52, ,
0, ,53, ,
4, ,54, ,
3, ,52, ,
3, ,54, ,
-2, ,53, ,
1, ,53, ,
3, ,53, ,
0, ,53, ,
-5, ,52, ,
3, ,54, ,
0, ,53, ,
3, ,53, ,
-1, ,53, ,
3, ,53, ,
5, ,52, ,
6, ,54, ,
1, ,53, ,
1, ,53, ,
0, ,54, ,
0, ,53, ,
-4, ,51, ,
0, ,54, ,
-1, ,54, ,
0, ,53, ,
-1, ,53, ,
1, ,54, ,
0, ,52, ,
5, ,54, ,
-1, ,53, ,
4, ,53, ,
4, ,54, ,
4, ,53, ,
1, ,52, ,
4, ,54, ,
0, ,53, ,
1, ,53, ,
1, ,53, ,
3, ,54, ,
1, ,52, ,
3, ,54, ,
0, ,53, ,
4, ,53, ,
4, ,53, ,
3, ,53, ,
-1, ,51, ,
4, ,54, ,
4, ,54, ,
3, ,53, ,
0, ,54, ,
3, ,54, ,
1, ,52, ,
3, ,54, ,
0, ,52, ,
3, ,53, ,
3, ,54, ,
0, ,53, ,
-1, ,52, ,
1, ,54, ,
0, ,54, ,
1, ,52, ,
0, ,53, ,
-1, ,54, ,
3, ,52, ,
1, ,54, ,
-2, ,53, ,
3, ,53, ,
4, ,54, ,
3, ,54, ,
0, ,52, ,
4, ,54, ,
3, ,54, ,
0, ,53, ,
1, ,53, ,
0, ,54, ,
0, ,52, ,
4, ,54, ,
-1, ,53, ,
1, ,53, ,
3, ,54, ,
-1, ,54, ,
-4, ,52, ,
3, ,54, ,
0, ,53, ,
1, ,53, ,
-1, ,53, ,
1, ,54, ,
1, ,52, ,
5, ,54, ,
-2, ,53, ,
3, ,53, ,
3, ,53, ,
1, ,53, ,
0, ,51, ,
5, ,54, ,
1, ,54, ,
-1, ,53, ,
-1, ,54, ,
-1, ,54, ,
-1, ,52, ,
1, ,54, ,
-2, ,53, ,
1, ,53, ,
4, ,54, ,
3, ,53, ,
-1, ,52, ,
6, ,54, ,
3, ,54, ,
1, ,53, ,
0, ,54, ,
1, ,54, ,
3, ,52, ,
3, ,54, ,
-2, ,53, ,
3, ,53, ,
3, ,54, ,
4, ,54, ,
1, ,51, ,
9, ,54, ,
5, ,53, ,
4, ,53, ,
0, ,54, ,
0, ,54, ,
0, ,52, ,
0, ,54, ,
-1, ,53, ,
1, ,53, ,
1, ,54, ,
0, ,53, ,
0, ,52, ,
3, ,54, ,
-1, ,54, ,
0, ,53, ,
-1, ,53, ,
-1, ,53, ,
0, ,52, ,
4, ,54, ,
1, ,53, ,
1, ,53, ,
-4, ,54, ,
-2, ,54, ,
-2, ,51, ,
-1, ,54, ,
3, ,54, ,
1, ,53, ,
0, ,54, ,
-1, ,53, ,
-1, ,52, ,
1, ,54, ,
-6, ,53, ,
0, ,53, ,
1, ,54, ,
1, ,54, ,
0, ,52, ,
3, ,54, ,
-1, ,54, ,
-2, ,53, ,
-5, ,53, ,
-1, ,54, ,
-4, ,52, ,
-1, ,54, ,
-4, ,53, ,
0, ,53, ,
-1, ,53, ,
0, ,54, ,
-2, ,51, ,
5, ,54, ,
3, ,54, ,
0, ,53, ,
-1, ,53, ,
0, ,53, ,
-1, ,52, ,
1, ,54, ,
0, ,53, ,
3, ,53, ,
3, ,54, ,
0, ,54, ,
-5, ,52, ,
1, ,54, ,
-5, ,54, ,
-1, ,53, ,
-2, ,53, ,
