Format,1.0B,
Memory Length,10000,Memory Length,10000,
IntpDistance,0,IntpDistance,0,
Trigger Address,4999,Trigger Address,4999,
Trigger Level,9.600E-01,Trigger Level,9.600E-01,
Source,CH1,Source,CH2,
Vertical Units,V,Vertical Units,V,
Vertical Units Div,0,Vertical Units Div,0,
Vertical Units Extend Div,16,Vertical Units Extend Div,16,
Label,,Label,,
Probe Type,0,Probe Type,0,
Probe Ratio,1.000e+01,Probe Ratio,1.000e+00,
Vertical Scale,2.000e-02,Vertical Scale,1.000e+00,
Vertical Position,-5.120e-02,Vertical Position,0.000e+00,
Horizontal Units,S,Horizontal Units,S,
Horizontal Scale,1.000E-05,Horizontal Scale,1.000E-05,
Horizontal Position,0.000E+00,Horizontal Position,0.000E+00,
Horizontal Mode,Main,Horizontal Mode,Main,
SincET Mode,Real Time,SincET Mode,Real Time,
Sampling Period,1.000e-08,Sampling Period,1.000e-08,
Horizontal Old Scale,1.000E-05,Horizontal Old Scale,1.000E-05,
Horizontal Old Position,0.000E+00,Horizontal Old Position,0.000E+00,
Firmware,V1.23,Firmware,V1.23,
Mode,Fast,Mode,Fast,
Waveform Data,,Waveform Data,,
0, ,-39, ,
3, ,-39, ,
8, ,-39, ,
1, ,-40, ,
-1, ,-40, ,
5, ,-39, ,
1, ,-40, ,
0, ,-40, ,
-4, ,-39, ,
0, ,-40, ,
-1, ,-40, ,
3, ,-39, ,
-1, ,-40, ,
0, ,-39, ,
8, ,-39, ,
3, ,-40, ,
1, ,-40, ,
5, ,-39, ,
1, ,-40, ,
1, ,-40, ,
1, ,-39, ,
-1, ,-39, ,
5, ,-40, ,
4, ,-39, ,
-2, ,-40, ,
3, ,-40, ,
6, ,-39, ,
4, ,-40, ,
1, ,-39, ,
4, ,-40, ,
1, ,-40, ,
0, ,-39, ,
-2, ,-39, ,
-1, ,-40, ,
-1, ,-40, ,
8, ,-39, ,
-1, ,-40, ,
4, ,-40, ,
8, ,-39, ,
3, ,-40, ,
-1, ,-39, ,
5, ,-39, ,
0, ,-40, ,
-1, ,-40, ,
0, ,-39, ,
1, ,-39, ,
3, ,-40, ,
1, ,-39, ,
-6, ,-39, ,
-2, ,-40, ,
1, ,-39, ,
-1, ,-40, ,
0, ,-39, ,
4, ,-39, ,
4, ,-40, ,
1, ,-39, ,
0, ,-39, ,
-1, ,-40, ,
-4, ,-39, ,
0, ,-39, ,
-7, ,-40, ,
-2, ,-40, ,
4, ,-39, ,
-2, ,-40, ,
-2, ,-39, ,
1, ,-39, ,
-4, ,-40, ,
-1, ,-40, ,
0, ,-39, ,
-1, ,-39, ,
3, ,-40, ,
1, ,-39, ,
0, ,-40, ,
1, ,-39, ,
3, ,-39, ,
-2, ,-39, ,
-5, ,-39, ,
4, ,-39, ,
1, ,-40, ,
-1, ,-40, ,
4, ,-39, ,
0, ,-39, ,
0, ,-39, ,
1, ,-39, ,
-5, ,-40, ,
-2, ,-39, ,
0, ,-39, ,
-1, ,-40, ,
-2, ,-39, ,
3, ,-39, ,
1, ,-40, ,
3, ,-39, ,
-1, ,-39, ,
-1, ,-39, ,
-2, ,-40, ,
1, ,-39, ,
-5, ,-40, ,
1, ,-40, ,
5, ,-39, ,
1, ,-39, ,
-1, ,-39, ,
4, ,-39, ,
3, ,-40, ,
1, ,-39, ,
0, ,-39, ,
3, ,-39, ,
3, ,-40, ,
3, ,-39, ,
-4, ,-39, ,
0, ,-39, ,
3, ,-39, ,
-1, ,-40, ,
-2, ,-39, ,
0, ,-39, ,
-1, ,-40, ,
1, ,-40, ,
0, ,-39, ,
1, ,-39, ,
3, ,-40, ,
1, ,-39, ,
-2, ,-39, ,
1, ,-39, ,
4, ,-39, ,
-1, ,-39, ,
-5, ,-39, ,
1, ,-39, ,
1, ,-40, ,
1, ,-39, ,
1, ,-39, ,
3, ,-39, ,
1, ,-40, ,
4, ,-39, ,
-4, ,-40, ,
-2, ,-40, ,
0, ,-39, ,
-4, ,-40, ,
-5, ,-39, ,
4, ,-39, ,
0, ,-40, ,
3, ,-39, ,
3, ,-39, ,
0, ,-40, ,
3, ,-40, ,
5, ,-39, ,
-1, ,-39, ,
1, ,-39, ,
5, ,-39, ,
1, ,-40, ,
-6, ,-39, ,
1, ,-39, ,
-2, ,-40, ,
-1, ,-39, ,
0, ,-39, ,
0, ,-39, ,
3, ,-40, ,
6, ,-39, ,
-1, ,-39, ,
1, ,-40, ,
4, ,-39, ,
-2, ,-40, ,
-4, ,-39, ,
1, ,-39, ,
-2, ,-40, ,
1, ,-39, ,
1, ,-39, ,
1, ,-40, ,
3, ,-40, ,
1, ,-39, ,
-4, ,-40, ,
1, ,-39, ,
3, ,-39, ,
1, ,-39, ,
-1, ,-39, ,
5, ,-39, ,
4, ,-40, ,
4, ,-39, ,
3, ,-39, ,
5, ,-39, ,
3, ,-39, ,
5, ,-39, ,
0, ,-40, ,
5, ,-40, ,
8, ,-39, ,
3, ,-40, ,
-1, ,-40, ,
6, ,-39, ,
1, ,-40, ,
4, ,-40, ,
-1, ,-39, ,
0, ,-39, ,
3, ,-40, ,
4, ,-39, ,
-1, ,-40, ,
5, ,-39, ,
6, ,-39, ,
0, ,-39, ,
-4, ,-39, ,
1, ,-39, ,
1, ,-40, ,
0, ,-39, ,
3, ,-39, ,
3, ,-39, ,
3, ,-40, ,
5, ,-39, ,
-1, ,-40, ,
4, ,-39, ,
5, ,-39, ,
0, ,-39, ,
-1, ,-40, ,
4, ,-39, ,
3, ,-40, ,
3, ,-40, ,
3, ,-39, ,
4, ,-39, ,
5, ,-40, ,
5, ,-39, ,
-2, ,-39, ,
1, ,-39, ,
4, ,-39, ,
1, ,-39, ,
-2, ,-39, ,
5, ,-39, ,
3, ,-40, ,
1, ,-39, ,
1, ,-39, ,
4, ,-39, ,
1, ,-39, ,
4, ,-39, ,
-2, ,-40, ,
1, ,-40, ,
3, ,-39, ,
3, ,-40, ,
1, ,-39, ,
6, ,-40, ,
1, ,-40, ,
1, ,-39, ,
0, ,-39, ,
1, ,-39, ,
1, ,-40, ,
5, ,-39, ,
1, ,-40, ,
3, ,-40, ,
6, ,-39, ,
4, ,-40, ,
0, ,-40, ,
4, ,-39, ,
3, ,-40, ,
1, ,-39, ,
0, ,-39, ,
4, ,-39, ,
4, ,-40, ,
5, ,-39, ,
-1, ,-39, ,
-1, ,-40, ,
4, ,-39, ,
3, ,-39, ,
-1, ,-39, ,
4, ,-39, ,
4, ,-40, ,
4, ,-39, ,
4, ,-39, ,
1, ,-39, ,
4, ,-39, ,
3, ,-39, ,
-4, ,-40, ,
1, ,-39, ,
0, ,-39, ,
1, ,-40, ,
1, ,-39, ,
5, ,-39, ,
4, ,-40, ,
0, ,-40, ,
-2, ,-39, ,
-2, ,-40, ,
0, ,-40, ,
8, ,-39, ,
3, ,-39, ,
5, ,-39, ,
4, ,-39, ,
-1, ,-39, ,
-1, ,-40, ,
4, ,-39, ,
-1, ,-40, ,
1, ,-39, ,
-1, ,-39, ,
3, ,-39, ,
5, ,-39, ,
5, ,-39, ,
-1, ,-40, ,
0, ,-39, ,
4, ,-40, ,
0, ,-40, ,
-5, ,-40, ,
3, ,-39, ,
4, ,-40, ,
1, ,-40, ,
0, ,-39, ,
1, ,-40, ,
-1, ,-39, ,
0, ,-39, ,
-6, ,-40, ,
-2, ,-39, ,
3, ,-39, ,
-1, ,-39, ,
-2, ,-39, ,
4, ,-39, ,
-1, ,-40, ,
-1, ,-39, ,
-2, ,-39, ,
-1, ,-39, ,
0, ,-40, ,
4, ,-39, ,
-1, ,-39, ,
4, ,-39, ,
5, ,-39, ,
1, ,-39, ,
0, ,-39, ,
5, ,-39, ,
1, ,-40, ,
1, ,-39, ,
1, ,-39, ,
0, ,-39, ,
3, ,-40, ,
3, ,-39, ,
-6, ,-39, ,
4, ,-39, ,
5, ,-39, ,
-2, ,-39, ,
-2, ,-40, ,
5, ,-39, ,
1, ,-40, ,
0, ,-39, ,
0, ,-39, ,
1, ,-39, ,
1, ,-40, ,
4, ,-39, ,
-4, ,-40, ,
1, ,-40, ,
4, ,-39, ,
0, ,-40, ,
0, ,-39, ,
6, ,-39, ,
4, ,-40, ,
3, ,-40, ,
0, ,-39, ,
0, ,-40, ,
-1, ,-40, ,
0, ,-39, ,
-5, ,-40, ,
-2, ,-40, ,
5, ,-39, ,
0, ,-40, ,
-4, ,-39, ,
4, ,-39, ,
1, ,-40, ,
1, ,-39, ,
-4, ,-39, ,
-4, ,-40, ,
0, ,-40, ,
1, ,-39, ,
-4, ,-39, ,
3, ,-39, ,
5, ,-39, ,
3, ,-40, ,
-1, ,-40, ,
4, ,-39, ,
3, ,-40, ,
0, ,-39, ,
1, ,-39, ,
-1, ,-39, ,
1, ,-40, ,
0, ,-39, ,
-7, ,-40, ,
-2, ,-40, ,
-1, ,-39, ,
-9, ,-39, ,
-2, ,-39, ,
6, ,-39, ,
-4, ,-40, ,
4, ,-39, ,
0, ,-39, ,
0, ,-39, ,
4, ,-40, ,
1, ,-39, ,
-6, ,-40, ,
-2, ,-40, ,
3, ,-39, ,
0, ,-40, ,
-4, ,-39, ,
1, ,-39, ,
1, ,-40, ,
0, ,-39, ,
1, ,-39, ,
3, ,-39, ,
-1, ,-40, ,
3, ,-39, ,
-2, ,-40, ,
3, ,-40, ,
6, ,-39, ,
1, ,-40, ,
-1, ,-40, ,
4, ,-39, ,
0, ,-40, ,
0, ,-39, ,
0, ,-39, ,
0, ,-39, ,
1, ,-40, ,
4, ,-39, ,
-5, ,-39, ,
1, ,-39, ,
3, ,-39, ,
-2, ,-40, ,
-5, ,-40, ,
4, ,-39, ,
0, ,-40, ,
3, ,-40, ,
3, ,-39, ,
3, ,-39, ,
4, ,-39, ,
3, ,-39, ,
-1, ,-40, ,
1, ,-40, ,
5, ,-39, ,
1, ,-40, ,
-2, ,-40, ,
4, ,-39, ,
3, ,-40, ,
4, ,-39, ,
-1, ,-39, ,
3, ,-40, ,
3, ,-40, ,
3, ,-39, ,
-2, ,-40, ,
1, ,-40, ,
3, ,-39, ,
0, ,-39, ,
-2, ,-39, ,
5, ,-39, ,
4, ,-40, ,
0, ,-40, ,
1, ,-39, ,
1, ,-40, ,
0, ,-39, ,
3, ,-39, ,
-2, ,-39, ,
1, ,-39, ,
4, ,-39, ,
1, ,-40, ,
-5, ,-39, ,
3, ,-39, ,
-1, ,-40, ,
0, ,-39, ,
0, ,-39, ,
3, ,-40, ,
4, ,-40, ,
5, ,-39, ,
-1, ,-40, ,
3, ,-40, ,
4, ,-39, ,
0, ,-39, ,
-6, ,-40, ,
1, ,-39, ,
3, ,-40, ,
3, ,-40, ,
1, ,-39, ,
1, ,-39, ,
4, ,-40, ,
5, ,-39, ,
-1, ,-39, ,
1, ,-40, ,
5, ,-39, ,
3, ,-39, ,
0, ,-40, ,
8, ,-39, ,
0, ,-40, ,
4, ,-39, ,
3, ,-39, ,
1, ,-39, ,
4, ,-40, ,
4, ,-39, ,
-4, ,-40, ,
0, ,-39, ,
5, ,-39, ,
1, ,-40, ,
-2, ,-39, ,
6, ,-39, ,
8, ,-40, ,
4, ,-40, ,
-1, ,-39, ,
0, ,-40, ,
4, ,-40, ,
4, ,-39, ,
-2, ,-40, ,
1, ,-40, ,
3, ,-40, ,
0, ,-39, ,
-6, ,-39, ,
3, ,-39, ,
1, ,-40, ,
3, ,-39, ,
4, ,-39, ,
5, ,-39, ,
8, ,-39, ,
8, ,-39, ,
1, ,-40, ,
4, ,-40, ,
5, ,-39, ,
0, ,-39, ,
-2, ,-39, ,
0, ,-39, ,
0, ,-40, ,
-2, ,-39, ,
-6, ,-39, ,
-7, ,-40, ,
-11, ,-40, ,
-11, ,-39, ,
-17, ,-40, ,
-14, ,-40, ,
-6, ,-39, ,
-9, ,-39, ,
-5, ,-39, ,
1, ,-38, ,
-2, ,-34, ,
9, ,-24, ,
13, ,-14, ,
16, ,-4, ,
18, ,3, ,
15, ,11, ,
8, ,16, ,
8, ,21, ,
9, ,25, ,
4, ,30, ,
4, ,33, ,
8, ,36, ,
4, ,39, ,
4, ,40, ,
1, ,42, ,
3, ,44, ,
3, ,45, ,
5, ,45, ,
1, ,49, ,
1, ,49, ,
4, ,49, ,
-1, ,50, ,
-7, ,51, ,
-1, ,51, ,
-6, ,52, ,
-1, ,51, ,
1, ,52, ,
4, ,53, ,
5, ,53, ,
5, ,52, ,
-1, ,54, ,
3, ,53, ,
3, ,53, ,
0, ,54, ,
-2, ,54, ,
4, ,53, ,
0, ,54, ,
0, ,53, ,
0, ,54, ,
3, ,54, ,
1, ,54, ,
5, ,53, ,
-1, ,54, ,
6, ,54, ,
8, ,53, ,
3, ,54, ,
0, ,54, ,
4, ,53, ,
-2, ,54, ,
0, ,53, ,
-1, ,54, ,
0, ,54, ,
4, ,54, ,
9, ,52, ,
1, ,54, ,
4, ,54, ,
3, ,53, ,
0, ,54, ,
-6, ,54, ,
0, ,53, ,
-2, ,54, ,
-4, ,53, ,
-5, ,54, ,
-4, ,54, ,
-6, ,54, ,
-4, ,52, ,
-7, ,54, ,
-2, ,54, ,
-1, ,53, ,
-1, ,54, ,
0, ,54, ,
6, ,52, ,
1, ,54, ,
3, ,53, ,
-2, ,54, ,
-1, ,54, ,
-4, ,54, ,
0, ,52, ,
-5, ,54, ,
1, ,54, ,
6, ,53, ,
4, ,54, ,
1, ,54, ,
8, ,52, ,
6, ,54, ,
6, ,53, ,
4, ,53, ,
3, ,54, ,
1, ,54, ,
0, ,52, ,
-5, ,54, ,
-1, ,53, ,
0, ,53, ,
-1, ,54, ,
-4, ,53, ,
-1, ,53, ,
-2, ,54, ,
0, ,53, ,
-1, ,53, ,
0, ,54, ,
0, ,53, ,
3, ,52, ,
-6, ,54, ,
-2, ,54, ,
-1, ,53, ,
-1, ,53, ,
-5, ,54, ,
5, ,52, ,
5, ,54, ,
1, ,52, ,
4, ,53, ,
6, ,53, ,
5, ,53, ,
5, ,52, ,
-6, ,54, ,
0, ,54, ,
5, ,53, ,
1, ,53, ,
1, ,54, ,
5, ,53, ,
1, ,54, ,
3, ,53, ,
3, ,53, ,
1, ,53, ,
0, ,54, ,
1, ,52, ,
-2, ,54, ,
4, ,53, ,
5, ,53, ,
3, ,53, ,
-1, ,54, ,
4, ,53, ,
-2, ,54, ,
3, ,52, ,
0, ,53, ,
5, ,54, ,
3, ,53, ,
8, ,52, ,
4, ,54, ,
6, ,53, ,
11, ,53, ,
8, ,53, ,
5, ,54, ,
11, ,53, ,
6, ,54, ,
9, ,52, ,
6, ,53, ,
5, ,54, ,
8, ,53, ,
3, ,52, ,
-1, ,54, ,
3, ,53, ,
3, ,53, ,
5, ,53, ,
0, ,54, ,
10, ,52, ,
8, ,54, ,
5, ,53, ,
4, ,53, ,
1, ,54, ,
-1, ,54, ,
0, ,52, ,
-7, ,54, ,
-2, ,54, ,
-1, ,53, ,
-4, ,53, ,
-6, ,54, ,
1, ,53, ,
0, ,54, ,
1, ,52, ,
-4, ,53, ,
-2, ,54, ,
0, ,54, ,
3, ,52, ,
-4, ,54, ,
1, ,53, ,
4, ,53, ,
0, ,53, ,
-4, ,53, ,
6, ,53, ,
1, ,54, ,
1, ,53, ,
0, ,53, ,
1, ,53, ,
0, ,53, ,
3, ,52, ,
-2, ,54, ,
1, ,53, ,
5, ,53, ,
1, ,53, ,
0, ,53, ,
4, ,53, ,
0, ,54, ,
1, ,52, ,
-1, ,53, ,
1, ,54, ,
3, ,53, ,
5, ,52, ,
0, ,54, ,
6, ,53, ,
9, ,53, ,
6, ,53, ,
4, ,53, ,
13, ,52, ,
8, ,54, ,
10, ,53, ,
11, ,53, ,
9, ,54, ,
10, ,54, ,
9, ,52, ,
6, ,54, ,
6, ,53, ,
0, ,53, ,
6, ,53, ,
9, ,54, ,
10, ,53, ,
11, ,54, ,
13, ,52, ,
10, ,53, ,
5, ,53, ,
9, ,53, ,
14, ,52, ,
6, ,54, ,
9, ,54, ,
6, ,53, ,
6, ,53, ,
3, ,53, ,
5, ,53, ,
-1, ,53, ,
-1, ,53, ,
3, ,53, ,
5, ,53, ,
4, ,53, ,
9, ,52, ,
-1, ,53, ,
1, ,54, ,
0, ,53, ,
-2, ,53, ,
-5, ,54, ,
3, ,52, ,
1, ,54, ,
5, ,53, ,
4, ,53, ,
5, ,54, ,
4, ,53, ,
3, ,52, ,
-2, ,54, ,
3, ,54, ,
0, ,53, ,
4, ,53, ,
4, ,53, ,
6, ,52, ,
5, ,54, ,
6, ,52, ,
6, ,53, ,
8, ,53, ,
6, ,53, ,
11, ,52, ,
9, ,53, ,
11, ,53, ,
15, ,53, ,
10, ,53, ,
6, ,53, ,
8, ,53, ,
-5, ,54, ,
-5, ,52, ,
-5, ,53, ,
-5, ,54, ,
-5, ,53, ,
-6, ,52, ,
-15, ,54, ,
-7, ,54, ,
-2, ,53, ,
-5, ,53, ,
-9, ,53, ,
-4, ,52, ,
-5, ,54, ,
-4, ,53, ,
-4, ,53, ,
-4, ,54, ,
-4, ,54, ,
1, ,52, ,
-2, ,54, ,
1, ,54, ,
1, ,53, ,
-2, ,53, ,
-7, ,53, ,
-1, ,52, ,
-2, ,54, ,
1, ,52, ,
0, ,53, ,
4, ,53, ,
1, ,53, ,
5, ,52, ,
-1, ,53, ,
4, ,53, ,
4, ,53, ,
0, ,53, ,
0, ,54, ,
1, ,52, ,
-2, ,54, ,
-2, ,52, ,
-7, ,53, ,
-7, ,53, ,
-7, ,53, ,
-2, ,52, ,
-9, ,54, ,
-1, ,53, ,
-5, ,53, ,
-9, ,53, ,
-5, ,54, ,
-7, ,52, ,
-11, ,54, ,
-6, ,52, ,
-7, ,53, ,
-5, ,53, ,
-1, ,54, ,
0, ,52, ,
-4, ,53, ,
0, ,53, ,
1, ,53, ,
-2, ,53, ,
-6, ,54, ,
3, ,53, ,
-1, ,54, ,
-1, ,52, ,
-2, ,53, ,
-2, ,54, ,
-1, ,53, ,
0, ,52, ,
-6, ,54, ,
-4, ,53, ,
0, ,53, ,
-1, ,53, ,
-5, ,54, ,
0, ,52, ,
-6, ,54, ,
-6, ,53, ,
-12, ,53, ,
-10, ,53, ,
-7, ,53, ,
-7, ,52, ,
-12, ,53, ,
-7, ,53, ,
-6, ,53, ,
-9, ,53, ,
-10, ,53, ,
-4, ,52, ,
-6, ,54, ,
-9, ,52, ,
-6, ,53, ,
-5, ,53, ,
-5, ,53, ,
-1, ,52, ,
-5, ,53, ,
3, ,53, ,
5, ,53, ,
3, ,53, ,
-1, ,54, ,
5, ,52, ,
4, ,54, ,
4, ,53, ,
5, ,53, ,
6, ,53, ,
5, ,54, ,
4, ,52, ,
0, ,53, ,
3, ,53, ,
5, ,53, ,
3, ,53, ,
-2, ,54, ,
4, ,52, ,
-1, ,54, ,
-1, ,53, ,
-4, ,53, ,
-2, ,53, ,
-5, ,53, ,
-2, ,52, ,
-7, ,53, ,
-4, ,53, ,
-1, ,53, ,
-4, ,53, ,
-7, ,54, ,
1, ,53, ,
-5, ,54, ,
-2, ,52, ,
-5, ,53, ,
-5, ,54, ,
-4, ,53, ,
-2, ,52, ,
-5, ,53, ,
0, ,53, ,
5, ,53, ,
4, ,53, ,
0, ,53, ,
9, ,52, ,
4, ,54, ,
3, ,53, ,
4, ,53, ,
4, ,53, ,
5, ,53, ,
9, ,52, ,
0, ,54, ,
5, ,53, ,
4, ,53, ,
4, ,53, ,
-1, ,54, ,
3, ,52, ,
3, ,54, ,
5, ,52, ,
4, ,53, ,
5, ,53, ,
1, ,54, ,
1, ,52, ,
-6, ,54, ,
-2, ,53, ,
0, ,53, ,
3, ,53, ,
-2, ,53, ,
4, ,52, ,
3, ,54, ,
0, ,52, ,
-1, ,53, ,
-2, ,54, ,
-4, ,53, ,
1, ,52, ,
-2, ,53, ,
1, ,53, ,
5, ,53, ,
4, ,53, ,
4, ,54, ,
10, ,52, ,
5, ,54, ,
8, ,52, ,
5, ,53, ,
6, ,54, ,
8, ,54, ,
8, ,51, ,
5, ,53, ,
8, ,53, ,
9, ,53, ,
6, ,53, ,
3, ,53, ,
9, ,53, ,
8, ,54, ,
5, ,52, ,
5, ,53, ,
3, ,53, ,
3, ,54, ,
4, ,52, ,
1, ,54, ,
0, ,53, ,
3, ,53, ,
0, ,53, ,
-2, ,53, ,
3, ,52, ,
-1, ,54, ,
1, ,52, ,
-1, ,53, ,
0, ,53, ,
3, ,53, ,
5, ,52, ,
-2, ,53, ,
5, ,53, ,
8, ,53, ,
8, ,53, ,
6, ,53, ,
11, ,53, ,
9, ,54, ,
10, ,52, ,
10, ,53, ,
10, ,54, ,
8, ,53, ,
11, ,52, ,
5, ,54, ,
8, ,54, ,
10, ,53, ,
9, ,53, ,
6, ,54, ,
10, ,52, ,
6, ,54, ,
5, ,52, ,
5, ,53, ,
4, ,54, ,
5, ,53, ,
6, ,52, ,
3, ,53, ,
3, ,54, ,
3, ,53, ,
-1, ,53, ,
-7, ,53, ,
1, ,52, ,
-2, ,54, ,
1, ,53, ,
3, ,53, ,
3, ,53, ,
1, ,53, ,
4, ,52, ,
0, ,54, ,
3, ,53, ,
6, ,53, ,
4, ,53, ,
1, ,54, ,
8, ,52, ,
8, ,54, ,
6, ,52, ,
5, ,53, ,
4, ,54, ,
4, ,53, ,
5, ,52, ,
1, ,53, ,
6, ,53, ,
6, ,53, ,
6, ,53, ,
5, ,53, ,
10, ,52, ,
5, ,54, ,
4, ,53, ,
3, ,53, ,
3, ,54, ,
3, ,53, ,
8, ,52, ,
-1, ,53, ,
3, ,53, ,
0, ,53, ,
-2, ,53, ,
-6, ,53, ,
-1, ,52, ,
-5, ,54, ,
-1, ,52, ,
-1, ,53, ,
-1, ,54, ,
1, ,53, ,
1, ,52, ,
-5, ,54, ,
0, ,53, ,
-1, ,53, ,
-1, ,53, ,
-5, ,53, ,
3, ,52, ,
3, ,54, ,
3, ,52, ,
3, ,53, ,
4, ,53, ,
3, ,53, ,
6, ,52, ,
1, ,53, ,
5, ,54, ,
5, ,53, ,
4, ,53, ,
0, ,54, ,
4, ,52, ,
-1, ,54, ,
1, ,52, ,
0, ,53, ,
1, ,53, ,
1, ,53, ,
4, ,52, ,
-1, ,54, ,
-1, ,53, ,
-1, ,53, ,
-4, ,53, ,
-9, ,54, ,
-2, ,53, ,
-6, ,54, ,
-2, ,53, ,
-4, ,53, ,
-2, ,53, ,
-2, ,53, ,
3, ,52, ,
-7, ,54, ,
-1, ,53, ,
-1, ,53, ,
-2, ,53, ,
-6, ,53, ,
1, ,52, ,
-2, ,54, ,
-1, ,53, ,
1, ,53, ,
1, ,53, ,
3, ,53, ,
4, ,52, ,
0, ,54, ,
3, ,53, ,
5, ,53, ,
3, ,53, ,
-1, ,53, ,
4, ,53, ,
4, ,54, ,
-1, ,52, ,
-2, ,53, ,
0, ,53, ,
-4, ,54, ,
1, ,52, ,
-2, ,54, ,
-1, ,53, ,
1, ,53, ,
-4, ,53, ,
-6, ,54, ,
1, ,52, ,
-2, ,54, ,
-2, ,52, ,
-5, ,53, ,
-1, ,53, ,
-4, ,53, ,
1, ,52, ,
-6, ,53, ,
-2, ,53, ,
0, ,53, ,
-5, ,53, ,
-7, ,54, ,
-4, ,53, ,
-4, ,54, ,
-2, ,53, ,
-4, ,53, ,
1, ,53, ,
-2, ,53, ,
0, ,52, ,
-4, ,53, ,
-1, ,53, ,
4, ,53, ,
4, ,53, ,
-1, ,54, ,
1, ,52, ,
-2, ,54, ,
-2, ,53, ,
-5, ,53, ,
-2, ,54, ,
-2, ,53, ,
-1, ,52, ,
-6, ,54, ,
-2, ,53, ,
-1, ,53, ,
-2, ,53, ,
-5, ,53, ,
3, ,52, ,
-1, ,54, ,
-4, ,52, ,
-2, ,53, ,
-5, ,53, ,
-5, ,54, ,
-2, ,52, ,
-7, ,54, ,
-1, ,53, ,
3, ,53, ,
0, ,53, ,
-6, ,54, ,
1, ,53, ,
-2, ,54, ,
0, ,52, ,
-1, ,53, ,
1, ,54, ,
1, ,53, ,
5, ,52, ,
-2, ,53, ,
1, ,53, ,
4, ,53, ,
0, ,53, ,
0, ,53, ,
5, ,52, ,
6, ,54, ,
5, ,53, ,
1, ,53, ,
3, ,53, ,
-1, ,53, ,
3, ,52, ,
-4, ,54, ,
0, ,53, ,
5, ,53, ,
-1, ,53, ,
-1, ,53, ,
4, ,52, ,
-1, ,54, ,
1, ,53, ,
-1, ,53, ,
0, ,54, ,
1, ,53, ,
3, ,52, ,
-4, ,54, ,
0, ,53, ,
3, ,53, ,
0, ,53, ,
-1, ,54, ,
5, ,53, ,
0, ,53, ,
3, ,52, ,
1, ,53, ,
1, ,53, ,
1, ,53, ,
4, ,52, ,
0, ,54, ,
5, ,53, ,
6, ,53, ,
5, ,53, ,
1, ,54, ,
8, ,52, ,
1, ,54, ,
3, ,53, ,
1, ,53, ,
1, ,53, ,
4, ,54, ,
4, ,52, ,
-1, ,54, ,
5, ,54, ,
6, ,53, ,
5, ,53, ,
-1, ,54, ,
5, ,52, ,
4, ,54, ,
4, ,53, ,
5, ,53, ,
3, ,53, ,
-2, ,53, ,
3, ,52, ,
-5, ,54, ,
0, ,54, ,
3, ,53, ,
-1, ,53, ,
-1, ,53, ,
9, ,52, ,
3, ,54, ,
3, ,53, ,
0, ,53, ,
3, ,54, ,
3, ,53, ,
3, ,52, ,
-1, ,54, ,
3, ,53, ,
8, ,53, ,
3, ,53, ,
-1, ,53, ,
4, ,52, ,
4, ,54, ,
4, ,53, ,
3, ,53, ,
5, ,53, ,
5, ,53, ,
9, ,52, ,
4, ,54, ,
9, ,53, ,
9, ,53, ,
5, ,53, ,
3, ,53, ,
9, ,52, ,
5, ,53, ,
9, ,45, ,
4, ,36, ,
-1, ,26, ,
-1, ,17, ,
-4, ,8, ,
-9, ,2, ,
-2, ,-3, ,
-1, ,-8, ,
-1, ,-13, ,
-4, ,-17, ,
0, ,-20, ,
0, ,-23, ,
0, ,-25, ,
-1, ,-27, ,
1, ,-30, ,
3, ,-31, ,
8, ,-32, ,
1, ,-34, ,
-1, ,-35, ,
3, ,-35, ,
5, ,-36, ,
0, ,-37, ,
5, ,-37, ,
0, ,-38, ,
3, ,-38, ,
4, ,-38, ,
5, ,-39, ,
4, ,-39, ,
5, ,-39, ,
-2, ,-39, ,
3, ,-39, ,
5, ,-39, ,
0, ,-40, ,
-1, ,-40, ,
-1, ,-39, ,
-1, ,-41, ,
-1, ,-40, ,
-4, ,-40, ,
0, ,-40, ,
1, ,-40, ,
5, ,-40, ,
0, ,-40, ,
0, ,-40, ,
4, ,-40, ,
-1, ,-40, ,
0, ,-40, ,
6, ,-40, ,
3, ,-41, ,
3, ,-40, ,
1, ,-40, ,
1, ,-40, ,
3, ,-41, ,
4, ,-40, ,
-4, ,-40, ,
5, ,-40, ,
5, ,-40, ,
5, ,-40, ,
3, ,-40, ,
9, ,-40, ,
5, ,-40, ,
3, ,-40, ,
3, ,-39, ,
3, ,-40, ,
1, ,-40, ,
6, ,-39, ,
3, ,-40, ,
8, ,-40, ,
6, ,-39, ,
1, ,-40, ,
-4, ,-40, ,
3, ,-40, ,
-1, ,-40, ,
-1, ,-40, ,
1, ,-39, ,
3, ,-40, ,
4, ,-40, ,
5, ,-39, ,
-1, ,-40, ,
3, ,-40, ,
3, ,-40, ,
-1, ,-40, ,
-2, ,-40, ,
3, ,-39, ,
4, ,-40, ,
1, ,-40, ,
-1, ,-39, ,
1, ,-40, ,
-1, ,-40, ,
1, ,-39, ,
-4, ,-40, ,
-1, ,-40, ,
5, ,-39, ,
-2, ,-39, ,
-5, ,-40, ,
6, ,-39, ,
4, ,-40, ,
-1, ,-40, ,
-1, ,-39, ,
0, ,-40, ,
1, ,-40, ,
3, ,-39, ,
-1, ,-40, ,
1, ,-40, ,
4, ,-40, ,
-1, ,-40, ,
-5, ,-40, ,
1, ,-40, ,
-2, ,-40, ,
-2, ,-40, ,
-6, ,-39, ,
-1, ,-40, ,
0, ,-40, ,
4, ,-39, ,
-1, ,-40, ,
3, ,-40, ,
5, ,-40, ,
-2, ,-40, ,
-6, ,-39, ,
1, ,-39, ,
-4, ,-40, ,
-1, ,-40, ,
-4, ,-39, ,
-2, ,-39, ,
1, ,-40, ,
0, ,-39, ,
-5, ,-40, ,
-2, ,-40, ,
-1, ,-39, ,
-1, ,-39, ,
-6, ,-40, ,
3, ,-39, ,
0, ,-40, ,
-2, ,-39, ,
-2, ,-39, ,
-2, ,-40, ,
0, ,-40, ,
0, ,-39, ,
-4, ,-39, ,
1, ,-40, ,
5, ,-39, ,
3, ,-39, ,
-4, ,-40, ,
-1, ,-39, ,
-2, ,-40, ,
-2, ,-40, ,
-1, ,-39, ,
-2, ,-40, ,
0, ,-40, ,
1, ,-39, ,
-4, ,-40, ,
1, ,-39, ,
1, ,-39, ,
-1, ,-40, ,
-4, ,-39, ,
4, ,-39, ,
3, ,-40, ,
0, ,-39, ,
1, ,-39, ,
0, ,-39, ,
1, ,-40, ,
1, ,-39, ,
-2, ,-39, ,
3, ,-39, ,
4, ,-39, ,
-1, ,-40, ,
-5, ,-40, ,
0, ,-39, ,
-4, ,-40, ,
-1, ,-39, ,
-4, ,-39, ,
0, ,-39, ,
1, ,-40, ,
1, ,-39, ,
-2, ,-40, ,
-1, ,-40, ,
1, ,-39, ,
0, ,-40, ,
-2, ,-39, ,
6, ,-39, ,
0, ,-40, ,
0, ,-40, ,
-1, ,-39, ,
1, ,-40, ,
-1, ,-40, ,
1, ,-39, ,
-5, ,-40, ,
3, ,-40, ,
4, ,-39, ,
1, ,-39, ,
0, ,-39, ,
4, ,-39, ,
-1, ,-40, ,
0, ,-39, ,
-4, ,-39, ,
-4, ,-39, ,
0, ,-40, ,
0, ,-39, ,
-5, ,-40, ,
1, ,-39, ,
5, ,-39, ,
3, ,-40, ,
-1, ,-39, ,
1, ,-39, ,
3, ,-40, ,
-1, ,-40, ,
0, ,-39, ,
4, ,-39, ,
3, ,-39, ,
5, ,-39, ,
-2, ,-39, ,
1, ,-40, ,
4, ,-39, ,
1, ,-40, ,
-1, ,-39, ,
5, ,-39, ,
4, ,-40, ,
5, ,-40, ,
1, ,-39, ,
4, ,-40, ,
4, ,-40, ,
4, ,-39, ,
-1, ,-40, ,
1, ,-40, ,
4, ,-39, ,
1, ,-39, ,
-4, ,-39, ,
4, ,-39, ,
1, ,-40, ,
3, ,-40, ,
0, ,-39, ,
1, ,-39, ,
4, ,-40, ,
3, ,-39, ,
-1, ,-40, ,
3, ,-40, ,
9, ,-39, ,
8, ,-39, ,
3, ,-40, ,
6, ,-39, ,
1, ,-40, ,
1, ,-39, ,
-1, ,-39, ,
3, ,-39, ,
5, ,-40, ,
4, ,-39, ,
-1, ,-39, ,
3, ,-39, ,
3, ,-39, ,
3, ,-39, ,
-2, ,-39, ,
4, ,-39, ,
4, ,-40, ,
1, ,-39, ,
1, ,-39, ,
1, ,-40, ,
4, ,-40, ,
4, ,-39, ,
-2, ,-40, ,
3, ,-39, ,
4, ,-39, ,
1, ,-39, ,
-1, ,-39, ,
4, ,-39, ,
1, ,-40, ,
3, ,-39, ,
0, ,-39, ,
1, ,-39, ,
0, ,-40, ,
0, ,-39, ,
-5, ,-40, ,
1, ,-39, ,
4, ,-39, ,
4, ,-40, ,
3, ,-39, ,
8, ,-39, ,
5, ,-40, ,
3, ,-40, ,
0, ,-39, ,
1, ,-39, ,
0, ,-40, ,
1, ,-39, ,
-1, ,-40, ,
1, ,-40, ,
5, ,-39, ,
1, ,-39, ,
-1, ,-40, ,
4, ,-39, ,
1, ,-40, ,
4, ,-39, ,
1, ,-39, ,
5, ,-39, ,
4, ,-40, ,
6, ,-39, ,
0, ,-40, ,
1, ,-39, ,
4, ,-39, ,
0, ,-39, ,
-5, ,-39, ,
6, ,-39, ,
6, ,-40, ,
6, ,-40, ,
5, ,-39, ,
4, ,-39, ,
1, ,-39, ,
1, ,-39, ,
-2, ,-40, ,
1, ,-40, ,
8, ,-39, ,
4, ,-40, ,
1, ,-39, ,
6, ,-39, ,
1, ,-40, ,
1, ,-39, ,
0, ,-39, ,
1, ,-39, ,
3, ,-40, ,
5, ,-39, ,
-2, ,-40, ,
5, ,-40, ,
4, ,-39, ,
1, ,-40, ,
-2, ,-40, ,
1, ,-39, ,
1, ,-40, ,
3, ,-39, ,
3, ,-39, ,
1, ,-40, ,
3, ,-40, ,
3, ,-39, ,
-4, ,-39, ,
0, ,-40, ,
3, ,-39, ,
-4, ,-39, ,
-6, ,-39, ,
3, ,-39, ,
4, ,-40, ,
-1, ,-39, ,
-1, ,-39, ,
-4, ,-39, ,
3, ,-39, ,
5, ,-39, ,
-4, ,-40, ,
3, ,-39, ,
3, ,-39, ,
-4, ,-39, ,
-5, ,-39, ,
3, ,-39, ,
1, ,-40, ,
0, ,-40, ,
3, ,-39, ,
1, ,-39, ,
1, ,-40, ,
3, ,-39, ,
-5, ,-40, ,
0, ,-40, ,
4, ,-39, ,
-2, ,-39, ,
-7, ,-40, ,
4, ,-39, ,
-1, ,-40, ,
-1, ,-39, ,
-4, ,-39, ,
-2, ,-39, ,
1, ,-40, ,
1, ,-39, ,
-1, ,-40, ,
3, ,-39, ,
5, ,-40, ,
1, ,-40, ,
-4, ,-39, ,
3, ,-39, ,
3, ,-40, ,
-1, ,-40, ,
-1, ,-39, ,
0, ,-39, ,
3, ,-39, ,
5, ,-39, ,
-2, ,-39, ,
1, ,-39, ,
4, ,-39, ,
-4, ,-39, ,
-7, ,-39, ,
0, ,-39, ,
-2, ,-40, ,
-2, ,-39, ,
-4, ,-39, ,
-1, ,-39, ,
3, ,-39, ,
4, ,-39, ,
-2, ,-39, ,
4, ,-39, ,
5, ,-39, ,
1, ,-39, ,
-1, ,-39, ,
4, ,-39, ,
4, ,-40, ,
1, ,-39, ,
0, ,-39, ,
1, ,-39, ,
1, ,-40, ,
4, ,-39, ,
1, ,-39, ,
0, ,-39, ,
4, ,-39, ,
-2, ,-40, ,
-6, ,-39, ,
0, ,-39, ,
-6, ,-40, ,
-2, ,-39, ,
-2, ,-39, ,
0, ,-39, ,
-1, ,-40, ,
0, ,-39, ,
-5, ,-40, ,
-5, ,-40, ,
-5, ,-39, ,
-5, ,-39, ,
-10, ,-39, ,
-4, ,-39, ,
-4, ,-40, ,
-2, ,-39, ,
-4, ,-39, ,
-1, ,-39, ,
1, ,-40, ,
5, ,-39, ,
3, ,-40, ,
6, ,-39, ,
5, ,-39, ,
1, ,-39, ,
-2, ,-39, ,
5, ,-39, ,
0, ,-40, ,
3, ,-39, ,
3, ,-39, ,
3, ,-39, ,
5, ,-40, ,
4, ,-39, ,
-2, ,-40, ,
1, ,-39, ,
3, ,-39, ,
-1, ,-40, ,
-2, ,-39, ,
4, ,-39, ,
3, ,-40, ,
1, ,-39, ,
0, ,-39, ,
-1, ,-39, ,
0, ,-40, ,
4, ,-39, ,
0, ,-40, ,
3, ,-39, ,
3, ,-39, ,
-1, ,-39, ,
-1, ,-39, ,
4, ,-39, ,
0, ,-40, ,
0, ,-39, ,
-2, ,-39, ,
1, ,-39, ,
3, ,-40, ,
6, ,-39, ,
1, ,-40, ,
4, ,-40, ,
8, ,-39, ,
0, ,-40, ,
-4, ,-39, ,
4, ,-39, ,
3, ,-40, ,
1, ,-39, ,
1, ,-39, ,
4, ,-39, ,
10, ,-40, ,
1, ,-39, ,
-5, ,-40, ,
5, ,-39, ,
4, ,-39, ,
3, ,-39, ,
0, ,-39, ,
6, ,-39, ,
4, ,-40, ,
4, ,-39, ,
0, ,-39, ,
3, ,-40, ,
3, ,-40, ,
5, ,-39, ,
1, ,-40, ,
4, ,-40, ,
9, ,-39, ,
5, ,-40, ,
0, ,-39, ,
5, ,-39, ,
5, ,-40, ,
3, ,-40, ,
1, ,-39, ,
4, ,-39, ,
3, ,-40, ,
5, ,-39, ,
4, ,-39, ,
6, ,-40, ,
8, ,-39, ,
5, ,-40, ,
1, ,-39, ,
3, ,-39, ,
-1, ,-40, ,
1, ,-39, ,
-2, ,-39, ,
-2, ,-40, ,
-5, ,-39, ,
-1, ,-39, ,
-6, ,-40, ,
-4, ,-39, ,
1, ,-39, ,
-1, ,-40, ,
-4, ,-39, ,
1, ,-39, ,
3, ,-40, ,
-2, ,-39, ,
-2, ,-39, ,
-4, ,-39, ,
-5, ,-40, ,
-2, ,-39, ,
-10, ,-40, ,
-6, ,-39, ,
3, ,-39, ,
0, ,-40, ,
-4, ,-39, ,
4, ,-39, ,
-1, ,-40, ,
3, ,-39, ,
0, ,-39, ,
3, ,-39, ,
4, ,-40, ,
5, ,-39, ,
1, ,-39, ,
5, ,-39, ,
11, ,-39, ,
8, ,-39, ,
4, ,-39, ,
13, ,-39, ,
8, ,-40, ,
9, ,-39, ,
6, ,-39, ,
4, ,-39, ,
9, ,-40, ,
6, ,-39, ,
3, ,-40, ,
9, ,-39, ,
9, ,-40, ,
6, ,-39, ,
1, ,-39, ,
9, ,-39, ,
9, ,-40, ,
8, ,-39, ,
9, ,-39, ,
6, ,-39, ,
8, ,-40, ,
5, ,-39, ,
-6, ,-39, ,
0, ,-40, ,
4, ,-39, ,
1, ,-40, ,
-2, ,-40, ,
4, ,-39, ,
1, ,-40, ,
0, ,-39, ,
3, ,-39, ,
1, ,-39, ,
-1, ,-40, ,
-1, ,-39, ,
-9, ,-40, ,
-1, ,-40, ,
3, ,-39, ,
-2, ,-39, ,
-4, ,-39, ,
1, ,-39, ,
-2, ,-40, ,
0, ,-39, ,
-5, ,-39, ,
-4, ,-40, ,
-6, ,-40, ,
-5, ,-39, ,
-12, ,-39, ,
-9, ,-40, ,
-5, ,-39, ,
-9, ,-39, ,
-11, ,-39, ,
-5, ,-39, ,
-1, ,-40, ,
0, ,-39, ,
1, ,-39, ,
1, ,-39, ,
3, ,-40, ,
3, ,-39, ,
-6, ,-40, ,
-2, ,-39, ,
1, ,-39, ,
-1, ,-40, ,
-2, ,-39, ,
8, ,-39, ,
3, ,-40, ,
3, ,-40, ,
1, ,-39, ,
0, ,-39, ,
4, ,-40, ,
1, ,-39, ,
-1, ,-40, ,
5, ,-39, ,
6, ,-39, ,
6, ,-40, ,
3, ,-39, ,
8, ,-39, ,
5, ,-40, ,
4, ,-40, ,
4, ,-39, ,
4, ,-39, ,
5, ,-40, ,
8, ,-39, ,
-4, ,-39, ,
0, ,-39, ,
4, ,-39, ,
-2, ,-40, ,
-5, ,-39, ,
-1, ,-39, ,
-4, ,-40, ,
-5, ,-39, ,
-4, ,-39, ,
-4, ,-39, ,
-2, ,-40, ,
-2, ,-39, ,
-7, ,-40, ,
-4, ,-40, ,
-2, ,-39, ,
-1, ,-40, ,
-7, ,-39, ,
3, ,-39, ,
3, ,-40, ,
0, ,-39, ,
-2, ,-39, ,
1, ,-39, ,
-2, ,-39, ,
3, ,-39, ,
-2, ,-40, ,
1, ,-40, ,
5, ,-39, ,
0, ,-39, ,
-2, ,-39, ,
4, ,-39, ,
-1, ,-40, ,
0, ,-39, ,
-2, ,-39, ,
1, ,-39, ,
0, ,-40, ,
1, ,-39, ,
-2, ,-40, ,
-2, ,-40, ,
0, ,-39, ,
-2, ,-40, ,
-9, ,-39, ,
-2, ,-39, ,
-5, ,-40, ,
-5, ,-40, ,
-5, ,-39, ,
-4, ,-40, ,
-1, ,-40, ,
1, ,-39, ,
-2, ,-40, ,
-1, ,-40, ,
-1, ,-39, ,
-2, ,-40, ,
-6, ,-39, ,
3, ,-39, ,
-4, ,-40, ,
1, ,-39, ,
0, ,-39, ,
3, ,-39, ,
4, ,-40, ,
6, ,-39, ,
-2, ,-40, ,
4, ,-39, ,
3, ,-39, ,
0, ,-39, ,
-4, ,-40, ,
1, ,-39, ,
3, ,-40, ,
3, ,-40, ,
1, ,-39, ,
3, ,-40, ,
3, ,-39, ,
5, ,-39, ,
-4, ,-40, ,
4, ,-40, ,
3, ,-39, ,
0, ,-39, ,
-2, ,-39, ,
4, ,-39, ,
0, ,-40, ,
1, ,-39, ,
-2, ,-39, ,
0, ,-39, ,
3, ,-40, ,
4, ,-39, ,
1, ,-40, ,
8, ,-40, ,
6, ,-39, ,
3, ,-40, ,
-1, ,-40, ,
5, ,-39, ,
4, ,-40, ,
4, ,-39, ,
1, ,-39, ,
5, ,-39, ,
8, ,-40, ,
6, ,-39, ,
0, ,-40, ,
3, ,-39, ,
6, ,-40, ,
0, ,-40, ,
1, ,-39, ,
8, ,-39, ,
3, ,-40, ,
8, ,-39, ,
5, ,-39, ,
5, ,-39, ,
8, ,-40, ,
5, ,-39, ,
-1, ,-40, ,
0, ,-39, ,
3, ,-39, ,
-1, ,-40, ,
-7, ,-39, ,
-1, ,-39, ,
-2, ,-40, ,
-4, ,-39, ,
-2, ,-39, ,
-2, ,-39, ,
-4, ,-40, ,
0, ,-39, ,
-7, ,-40, ,
0, ,-40, ,
0, ,-39, ,
-1, ,-40, ,
-6, ,-39, ,
-1, ,-39, ,
-1, ,-40, ,
-1, ,-37, ,
-6, ,-31, ,
4, ,-21, ,
9, ,-11, ,
13, ,-2, ,
13, ,5, ,
15, ,13, ,
11, ,18, ,
10, ,23, ,
8, ,27, ,
15, ,31, ,
14, ,35, ,
15, ,37, ,
11, ,39, ,
11, ,41, ,
11, ,43, ,
14, ,43, ,
9, ,46, ,
10, ,46, ,
10, ,47, ,
4, ,49, ,
3, ,50, ,
5, ,50, ,
3, ,52, ,
6, ,51, ,
5, ,52, ,
4, ,52, ,
4, ,52, ,
3, ,51, ,
-1, ,53, ,
1, ,53, ,
5, ,53, ,
4, ,53, ,
1, ,54, ,
6, ,53, ,
4, ,54, ,
3, ,53, ,
3, ,53, ,
1, ,54, ,
3, ,54, ,
6, ,52, ,
1, ,54, ,
6, ,54, ,
8, ,54, ,
6, ,54, ,
1, ,54, ,
6, ,53, ,
3, ,54, ,
5, ,53, ,
3, ,54, ,
5, ,54, ,
6, ,54, ,
6, ,52, ,
0, ,54, ,
4, ,53, ,
4, ,54, ,
0, ,54, ,
-1, ,54, ,
4, ,53, ,
3, ,54, ,
3, ,53, ,
0, ,54, ,
-1, ,54, ,
-5, ,54, ,
0, ,52, ,
-6, ,54, ,
1, ,54, ,
4, ,53, ,
5, ,54, ,
-4, ,54, ,
6, ,53, ,
1, ,54, ,
1, ,53, ,
-4, ,54, ,
0, ,54, ,
0, ,54, ,
4, ,52, ,
-2, ,54, ,
6, ,54, ,
10, ,53, ,
8, ,54, ,
0, ,54, ,
8, ,52, ,
6, ,54, ,
4, ,53, ,
3, ,54, ,
4, ,54, ,
1, ,53, ,
5, ,52, ,
-2, ,54, ,
3, ,54, ,
6, ,53, ,
3, ,53, ,
-1, ,53, ,
5, ,52, ,
0, ,54, ,
0, ,53, ,
-1, ,53, ,
-1, ,54, ,
-1, ,54, ,
-4, ,52, ,
-9, ,54, ,
-4, ,53, ,
-2, ,54, ,
-4, ,53, ,
-7, ,54, ,
3, ,53, ,
-1, ,54, ,
-2, ,53, ,
-1, ,53, ,
-1, ,53, ,
-2, ,53, ,
3, ,52, ,
-5, ,54, ,
0, ,54, ,
4, ,53, ,
5, ,53, ,
1, ,53, ,
6, ,52, ,
3, ,54, ,
1, ,53, ,
0, ,53, ,
0, ,53, ,
1, ,53, ,
1, ,52, ,
-2, ,54, ,
3, ,54, ,
6, ,53, ,
3, ,53, ,
-1, ,54, ,
3, ,53, ,
0, ,54, ,
1, ,53, ,
0, ,53, ,
1, ,54, ,
-1, ,53, ,
3, ,52, ,
-6, ,54, ,
-2, ,54, ,
-1, ,53, ,
-5, ,53, ,
-7, ,53, ,
3, ,53, ,
-5, ,54, ,
1, ,53, ,
-1, ,53, ,
0, ,54, ,
0, ,53, ,
-2, ,52, ,
-6, ,54, ,
0, ,53, ,
1, ,53, ,
3, ,53, ,
1, ,53, ,
6, ,52, ,
3, ,54, ,
0, ,53, ,
0, ,53, ,
0, ,54, ,
-1, ,54, ,
3, ,52, ,
-5, ,54, ,
0, ,53, ,
4, ,53, ,
0, ,53, ,
-6, ,54, ,
4, ,52, ,
-4, ,54, ,
0, ,52, ,
0, ,54, ,
0, ,54, ,
0, ,53, ,
5, ,52, ,
0, ,54, ,
0, ,54, ,
1, ,53, ,
-4, ,53, ,
-4, ,53, ,
-6, ,53, ,
-5, ,54, ,
-7, ,52, ,
-7, ,53, ,
3, ,54, ,
-5, ,53, ,
3, ,52, ,
-6, ,54, ,
1, ,53, ,
4, ,53, ,
-1, ,53, ,
-1, ,54, ,
3, ,53, ,
0, ,54, ,
3, ,53, ,
-1, ,53, ,
3, ,54, ,
4, ,54, ,
5, ,52, ,
0, ,53, ,
3, ,53, ,
5, ,53, ,
1, ,53, ,
-1, ,53, ,
1, ,53, ,
4, ,54, ,
-1, ,53, ,
0, ,53, ,
0, ,53, ,
-2, ,53, ,
-5, ,52, ,
-9, ,54, ,
-5, ,53, ,
0, ,53, ,
0, ,53, ,
-10, ,54, ,
-2, ,52, ,
-1, ,54, ,
-5, ,52, ,
-2, ,53, ,
-4, ,53, ,
0, ,53, ,
0, ,52, ,
-5, ,54, ,
0, ,53, ,
-2, ,53, ,
-4, ,53, ,
-7, ,53, ,
0, ,53, ,
-4, ,54, ,
4, ,53, ,
5, ,53, ,
5, ,54, ,
4, ,53, ,
11, ,52, ,
1, ,53, ,
3, ,53, ,
4, ,53, ,
3, ,53, ,
4, ,53, ,
4, ,53, ,
1, ,54, ,
3, ,53, ,
1, ,53, ,
0, ,53, ,
1, ,54, ,
1, ,52, ,
-5, ,54, ,
4, ,53, ,
4, ,53, ,
0, ,53, ,
-2, ,54, ,
8, ,53, ,
4, ,53, ,
0, ,53, ,
1, ,53, ,
4, ,54, ,
0, ,54, ,
5, ,52, ,
1, ,54, ,
4, ,53, ,
5, ,53, ,
0, ,53, ,
0, ,53, ,
4, ,53, ,
0, ,54, ,
4, ,52, ,
4, ,53, ,
4, ,54, ,
8, ,53, ,
6, ,52, ,
1, ,54, ,
6, ,53, ,
4, ,53, ,
3, ,53, ,
-2, ,54, ,
5, ,52, ,
4, ,53, ,
1, ,53, ,
3, ,53, ,
1, ,53, ,
3, ,53, ,
3, ,52, ,
-2, ,54, ,
1, ,53, ,
3, ,53, ,
1, ,53, ,
-2, ,53, ,
3, ,52, ,
-1, ,54, ,
3, ,53, ,
0, ,53, ,
1, ,54, ,
4, ,53, ,
4, ,52, ,
-2, ,54, ,
3, ,54, ,
4, ,53, ,
0, ,53, ,
-4, ,53, ,
3, ,52, ,
4, ,53, ,
1, ,52, ,
3, ,53, ,
5, ,53, ,
4, ,53, ,
8, ,52, ,
0, ,54, ,
4, ,53, ,
8, ,53, ,
4, ,53, ,
1, ,54, ,
6, ,52, ,
4, ,54, ,
3, ,53, ,
0, ,53, ,
4, ,53, ,
5, ,53, ,
3, ,52, ,
-2, ,53, ,
3, ,53, ,
4, ,53, ,
4, ,53, ,
0, ,54, ,
3, ,52, ,
0, ,53, ,
3, ,53, ,
0, ,53, ,
1, ,53, ,
-1, ,53, ,
0, ,51, ,
-4, ,54, ,
-1, ,53, ,
5, ,53, ,
5, ,53, ,
3, ,53, ,
10, ,53, ,
6, ,53, ,
8, ,53, ,
3, ,53, ,
4, ,54, ,
8, ,53, ,
9, ,52, ,
8, ,53, ,
6, ,53, ,
5, ,53, ,
-1, ,53, ,
-9, ,54, ,
-5, ,52, ,
-9, ,54, ,
-9, ,53, ,
-9, ,53, ,
-7, ,53, ,
-2, ,53, ,
1, ,52, ,
-5, ,54, ,
3, ,53, ,
6, ,53, ,
8, ,53, ,
10, ,53, ,
15, ,52, ,
11, ,54, ,
10, ,53, ,
8, ,53, ,
1, ,53, ,
0, ,53, ,
1, ,52, ,
-7, ,54, ,
-2, ,53, ,
3, ,53, ,
1, ,53, ,
0, ,54, ,
1, ,53, ,
-1, ,54, ,
0, ,53, ,
-1, ,53, ,
-2, ,53, ,
0, ,53, ,
3, ,52, ,
-6, ,53, ,
-2, ,54, ,
-1, ,53, ,
-2, ,53, ,
-2, ,54, ,
3, ,53, ,
1, ,54, ,
1, ,52, ,
-1, ,53, ,
1, ,54, ,
-2, ,54, ,
1, ,52, ,
-2, ,54, ,
-2, ,53, ,
1, ,53, ,
3, ,53, ,
-1, ,53, ,
6, ,53, ,
3, ,54, ,
3, ,53, ,
1, ,53, ,
-1, ,53, ,
-1, ,53, ,
0, ,52, ,
-7, ,54, ,
-4, ,53, ,
-1, ,53, ,
-2, ,53, ,
-7, ,53, ,
8, ,52, ,
1, ,53, ,
1, ,53, ,
3, ,53, ,
1, ,53, ,
4, ,53, ,
4, ,52, ,
-1, ,54, ,
4, ,53, ,
3, ,53, ,
3, ,53, ,
-4, ,53, ,
0, ,52, ,
-1, ,54, ,
-2, ,53, ,
-5, ,53, ,
-4, ,54, ,
-4, ,53, ,
5, ,51, ,
-2, ,54, ,
0, ,53, ,
4, ,53, ,
1, ,53, ,
-5, ,54, ,
0, ,53, ,
-5, ,54, ,
0, ,53, ,
-4, ,53, ,
-1, ,53, ,
0, ,54, ,
1, ,52, ,
-5, ,53, ,
-4, ,53, ,
0, ,53, ,
-2, ,53, ,
-5, ,53, ,
3, ,52, ,
1, ,54, ,
1, ,53, ,
-2, ,53, ,
-1, ,53, ,
-2, ,53, ,
-2, ,52, ,
-9, ,54, ,
0, ,53, ,
0, ,53, ,
-1, ,53, ,
-2, ,53, ,
5, ,52, ,
-1, ,54, ,
-1, ,53, ,
-2, ,53, ,
-1, ,54, ,
1, ,53, ,
3, ,52, ,
-1, ,53, ,
0, ,53, ,
3, ,53, ,
-7, ,53, ,
-5, ,54, ,
5, ,52, ,
1, ,54, ,
3, ,52, ,
0, ,53, ,
3, ,53, ,
1, ,54, ,
4, ,52, ,
-4, ,54, ,
0, ,53, ,
5, ,53, ,
0, ,53, ,
1, ,53, ,
4, ,53, ,
1, ,54, ,
3, ,52, ,
1, ,53, ,
4, ,53, ,
0, ,53, ,
3, ,52, ,
-5, ,54, ,
-1, ,53, ,
3, ,53, ,
-1, ,53, ,
-5, ,53, ,
5, ,53, ,
3, ,54, ,
3, ,53, ,
4, ,53, ,
3, ,54, ,
3, ,54, ,
3, ,52, ,
-5, ,54, ,
0, ,53, ,
4, ,53, ,
-1, ,53, ,
-5, ,54, ,
5, ,52, ,
-1, ,54, ,
1, ,53, ,
-1, ,53, ,
1, ,54, ,
1, ,54, ,
3, ,52, ,
-1, ,54, ,
1, ,53, ,
5, ,53, ,
3, ,53, ,
-1, ,54, ,
5, ,52, ,
1, ,54, ,
0, ,52, ,
0, ,53, ,
-1, ,53, ,
1, ,53, ,
1, ,52, ,
-5, ,54, ,
-1, ,53, ,
0, ,53, ,
-2, ,53, ,
-5, ,54, ,
4, ,53, ,
-1, ,54, ,
5, ,53, ,
0, ,53, ,
3, ,53, ,
5, ,54, ,
4, ,52, ,
-5, ,53, ,
0, ,53, ,
3, ,53, ,
-2, ,53, ,
-4, ,54, ,
3, ,52, ,
1, ,54, ,
-1, ,53, ,
1, ,53, ,
1, ,53, ,
1, ,54, ,
4, ,52, ,
1, ,54, ,
3, ,54, ,
6, ,53, ,
1, ,53, ,
0, ,54, ,
5, ,53, ,
3, ,54, ,
5, ,52, ,
5, ,53, ,
8, ,54, ,
9, ,53, ,
14, ,52, ,
8, ,53, ,
9, ,53, ,
10, ,53, ,
5, ,53, ,
1, ,53, ,
6, ,52, ,
3, ,54, ,
6, ,52, ,
5, ,53, ,
6, ,54, ,
6, ,54, ,
8, ,51, ,
0, ,54, ,
4, ,54, ,
8, ,53, ,
5, ,53, ,
1, ,54, ,
9, ,52, ,
6, ,54, ,
6, ,53, ,
4, ,53, ,
3, ,54, ,
6, ,53, ,
6, ,52, ,
3, ,53, ,
5, ,53, ,
8, ,53, ,
8, ,53, ,
5, ,53, ,
8, ,53, ,
5, ,54, ,
4, ,52, ,
4, ,53, ,
1, ,54, ,
1, ,53, ,
6, ,52, ,
-1, ,54, ,
5, ,53, ,
5, ,53, ,
4, ,53, ,
1, ,53, ,
6, ,53, ,
0, ,54, ,
3, ,53, ,
5, ,53, ,
5, ,53, ,
6, ,53, ,
4, ,52, ,
-1, ,54, ,
3, ,53, ,
5, ,53, ,
4, ,53, ,
0, ,54, ,
5, ,53, ,
4, ,54, ,
4, ,53, ,
3, ,53, ,
4, ,54, ,
1, ,53, ,
3, ,52, ,
-1, ,53, ,
0, ,53, ,
5, ,53, ,
0, ,53, ,
0, ,53, ,
3, ,52, ,
-1, ,54, ,
-4, ,52, ,
-2, ,53, ,
-2, ,53, ,
0, ,53, ,
-2, ,52, ,
-2, ,54, ,
5, ,53, ,
5, ,53, ,
5, ,53, ,
-1, ,53, ,
5, ,52, ,
-9, ,53, ,
4, ,53, ,
4, ,53, ,
-2, ,54, ,
1, ,53, ,
0, ,52, ,
-5, ,54, ,
1, ,53, ,
1, ,53, ,
0, ,53, ,
-6, ,53, ,
3, ,53, ,
-1, ,54, ,
1, ,53, ,
0, ,53, ,
-2, ,53, ,
-1, ,53, ,
0, ,52, ,
-6, ,54, ,
0, ,53, ,
1, ,53, ,
1, ,53, ,
-2, ,54, ,
4, ,53, ,
0, ,54, ,
-1, ,53, ,
-5, ,53, ,
-7, ,54, ,
-6, ,54, ,
-1, ,52, ,
-10, ,54, ,
4, ,53, ,
4, ,53, ,
-2, ,53, ,
-4, ,53, ,
0, ,52, ,
-4, ,54, ,
-2, ,53, ,
-7, ,53, ,
-4, ,53, ,
-4, ,53, ,
-1, ,52, ,
-9, ,53, ,
-7, ,54, ,
-2, ,53, ,
-5, ,53, ,
-6, ,53, ,
1, ,53, ,
-2, ,54, ,
-2, ,53, ,
-2, ,53, ,
-2, ,53, ,
-4, ,53, ,
-1, ,52, ,
-6, ,54, ,
0, ,53, ,
0, ,53, ,
-2, ,53, ,
-6, ,54, ,
0, ,53, ,
-5, ,54, ,
-1, ,53, ,
-4, ,53, ,
-4, ,53, ,
-1, ,54, ,
0, ,52, ,
-4, ,54, ,
1, ,53, ,
1, ,53, ,
1, ,53, ,
-4, ,53, ,
4, ,52, ,
0, ,54, ,
-2, ,53, ,
-1, ,53, ,
-2, ,53, ,
-2, ,53, ,
-1, ,52, ,
-7, ,54, ,
-1, ,53, ,
0, ,53, ,
-2, ,53, ,
-2, ,54, ,
1, ,52, ,
-1, ,54, ,
1, ,53, ,
0, ,53, ,
1, ,54, ,
1, ,53, ,
5, ,52, ,
-6, ,53, ,
-2, ,53, ,
1, ,53, ,
-2, ,53, ,
-4, ,53, ,
1, ,53, ,
0, ,54, ,
0, ,53, ,
-1, ,53, ,
3, ,54, ,
3, ,53, ,
5, ,52, ,
-4, ,54, ,
0, ,54, ,
3, ,53, ,
-1, ,53, ,
-4, ,53, ,
4, ,52, ,
-2, ,54, ,
0, ,53, ,
3, ,51, ,
3, ,43, ,
-2, ,33, ,
-5, ,23, ,
-11, ,14, ,
-6, ,6, ,
-2, ,0, ,
0, ,-5, ,
-4, ,-9, ,
4, ,-14, ,
-4, ,-18, ,
-6, ,-21, ,
-7, ,-23, ,
-4, ,-26, ,
-4, ,-27, ,
-1, ,-30, ,
-7, ,-32, ,
0, ,-33, ,
3, ,-34, ,
0, ,-34, ,
-6, ,-36, ,
3, ,-36, ,
1, ,-37, ,
0, ,-37, ,
-1, ,-37, ,
3, ,-38, ,
5, ,-39, ,
5, ,-39, ,
-4, ,-39, ,
0, ,-39, ,
1, ,-39, ,
1, ,-39, ,
-4, ,-40, ,
3, ,-39, ,
1, ,-40, ,
1, ,-40, ,
1, ,-39, ,
1, ,-40, ,
1, ,-40, ,
3, ,-39, ,
-4, ,-40, ,
1, ,-40, ,
5, ,-40, ,
3, ,-40, ,
1, ,-40, ,
5, ,-40, ,
4, ,-40, ,
4, ,-40, ,
4, ,-40, ,
6, ,-40, ,
8, ,-40, ,
9, ,-40, ,
3, ,-40, ,
4, ,-40, ,
8, ,-40, ,
3, ,-40, ,
3, ,-40, ,
6, ,-40, ,
6, ,-41, ,
6, ,-40, ,
4, ,-39, ,
8, ,-40, ,
5, ,-40, ,
5, ,-39, ,
1, ,-40, ,
4, ,-40, ,
5, ,-40, ,
1, ,-40, ,
-1, ,-40, ,
5, ,-40, ,
1, ,-40, ,
4, ,-40, ,
0, ,-40, ,
4, ,-40, ,
8, ,-40, ,
5, ,-40, ,
-1, ,-40, ,
4, ,-40, ,
3, ,-40, ,
3, ,-40, ,
-2, ,-40, ,
4, ,-39, ,
5, ,-40, ,
5, ,-40, ,
3, ,-39, ,
4, ,-40, ,
4, ,-40, ,
4, ,-39, ,
-2, ,-40, ,
4, ,-40, ,
6, ,-40, ,
3, ,-40, ,
-4, ,-40, ,
8, ,-40, ,
1, ,-40, ,
1, ,-40, ,
3, ,-39, ,
4, ,-39, ,
6, ,-40, ,
8, ,-39, ,
1, ,-40, ,
8, ,-40, ,
9, ,-40, ,
5, ,-40, ,
0, ,-40, ,
4, ,-39, ,
1, ,-40, ,
1, ,-40, ,
0, ,-39, ,
4, ,-40, ,
5, ,-40, ,
6, ,-39, ,
-4, ,-40, ,
1, ,-40, ,
6, ,-39, ,
1, ,-40, ,
1, ,-40, ,
6, ,-39, ,
1, ,-40, ,
0, ,-40, ,
-2, ,-39, ,
3, ,-39, ,
5, ,-40, ,
5, ,-39, ,
1, ,-40, ,
8, ,-40, ,
11, ,-39, ,
5, ,-40, ,
-4, ,-40, ,
1, ,-39, ,
-5, ,-40, ,
-1, ,-40, ,
-1, ,-39, ,
-1, ,-39, ,
4, ,-40, ,
0, ,-39, ,
-4, ,-40, ,
-1, ,-40, ,
0, ,-39, ,
0, ,-40, ,
-2, ,-40, ,
4, ,-39, ,
-1, ,-40, ,
0, ,-40, ,
-1, ,-39, ,
-1, ,-39, ,
0, ,-40, ,
1, ,-39, ,
-6, ,-40, ,
0, ,-40, ,
1, ,-40, ,
0, ,-40, ,
-7, ,-40, ,
1, ,-39, ,
0, ,-40, ,
-1, ,-40, ,
-1, ,-39, ,
0, ,-39, ,
0, ,-40, ,
3, ,-39, ,
-6, ,-40, ,
1, ,-40, ,
3, ,-40, ,
-1, ,-40, ,
-2, ,-39, ,
3, ,-39, ,
0, ,-40, ,
-1, ,-40, ,
-5, ,-39, ,
-2, ,-39, ,
-4, ,-40, ,
1, ,-39, ,
-7, ,-40, ,
-4, ,-39, ,
-1, ,-39, ,
-2, ,-40, ,
-4, ,-40, ,
0, ,-39, ,
-2, ,-40, ,
-2, ,-40, ,
-5, ,-39, ,
-4, ,-40, ,
-5, ,-40, ,
-1, ,-39, ,
-2, ,-40, ,
0, ,-40, ,
5, ,-39, ,
0, ,-39, ,
-5, ,-40, ,
1, ,-39, ,
-4, ,-40, ,
-2, ,-40, ,
-2, ,-39, ,
-2, ,-39, ,
1, ,-40, ,
3, ,-39, ,
-1, ,-40, ,
1, ,-40, ,
3, ,-39, ,
-1, ,-39, ,
-5, ,-39, ,
4, ,-39, ,
0, ,-40, ,
-2, ,-39, ,
-1, ,-39, ,
-1, ,-39, ,
-1, ,-40, ,
0, ,-39, ,
-7, ,-39, ,
-4, ,-39, ,
3, ,-40, ,
-2, ,-40, ,
-2, ,-39, ,
5, ,-39, ,
1, ,-40, ,
0, ,-40, ,
-1, ,-39, ,
-2, ,-39, ,
-1, ,-40, ,
0, ,-39, ,
-6, ,-40, ,
1, ,-39, ,
3, ,-39, ,
-2, ,-40, ,
-4, ,-39, ,
0, ,-39, ,
-2, ,-40, ,
-4, ,-39, ,
-4, ,-39, ,
-1, ,-39, ,
-1, ,-39, ,
4, ,-39, ,
-2, ,-40, ,
0, ,-39, ,
5, ,-39, ,
-4, ,-40, ,
-6, ,-39, ,
1, ,-39, ,
-4, ,-40, ,
0, ,-39, ,
-2, ,-39, ,
0, ,-39, ,
-1, ,-39, ,
0, ,-39, ,
-5, ,-40, ,
1, ,-39, ,
4, ,-39, ,
1, ,-40, ,
-2, ,-39, ,
3, ,-39, ,
0, ,-40, ,
0, ,-40, ,
-1, ,-39, ,
-1, ,-39, ,
-1, ,-40, ,
1, ,-39, ,
-5, ,-40, ,
0, ,-40, ,
3, ,-39, ,
0, ,-39, ,
-2, ,-39, ,
6, ,-39, ,
3, ,-40, ,
1, ,-39, ,
0, ,-39, ,
1, ,-39, ,
4, ,-40, ,
6, ,-39, ,
-2, ,-40, ,
5, ,-40, ,
9, ,-39, ,
8, ,-40, ,
0, ,-40, ,
8, ,-39, ,
3, ,-40, ,
-1, ,-40, ,
-1, ,-39, ,
-2, ,-39, ,
0, ,-40, ,
1, ,-39, ,
-1, ,-39, ,
3, ,-40, ,
5, ,-40, ,
0, ,-40, ,
0, ,-39, ,
4, ,-39, ,
-1, ,-40, ,
3, ,-39, ,
0, ,-39, ,
3, ,-39, ,
4, ,-40, ,
5, ,-39, ,
-1, ,-40, ,
0, ,-40, ,
4, ,-39, ,
1, ,-40, ,
-1, ,-40, ,
5, ,-39, ,
5, ,-40, ,
5, ,-39, ,
1, ,-39, ,
3, ,-39, ,
3, ,-40, ,
0, ,-39, ,
-2, ,-40, ,
4, ,-40, ,
8, ,-39, ,
5, ,-39, ,
1, ,-39, ,
6, ,-39, ,
0, ,-40, ,
1, ,-39, ,
-2, ,-39, ,
1, ,-39, ,
5, ,-40, ,
5, ,-39, ,
0, ,-39, ,
6, ,-39, ,
4, ,-39, ,
1, ,-39, ,
-1, ,-39, ,
6, ,-39, ,
4, ,-40, ,
4, ,-39, ,
5, ,-39, ,
5, ,-39, ,
5, ,-40, ,
4, ,-39, ,
-4, ,-40, ,
3, ,-40, ,
5, ,-39, ,
1, ,-40, ,
1, ,-39, ,
6, ,-39, ,
6, ,-40, ,
5, ,-39, ,
4, ,-39, ,
4, ,-39, ,
4, ,-39, ,
6, ,-39, ,
-1, ,-40, ,
4, ,-39, ,
8, ,-39, ,
4, ,-40, ,
-5, ,-39, ,
9, ,-39, ,
9, ,-40, ,
3, ,-39, ,
5, ,-39, ,
6, ,-39, ,
5, ,-40, ,
8, ,-39, ,
0, ,-39, ,
3, ,-40, ,
5, ,-39, ,
0, ,-39, ,
-2, ,-39, ,
5, ,-39, ,
1, ,-40, ,
3, ,-39, ,
0, ,-39, ,
4, ,-39, ,
4, ,-40, ,
5, ,-39, ,
0, ,-39, ,
3, ,-40, ,
4, ,-39, ,
1, ,-40, ,
-6, ,-39, ,
4, ,-39, ,
1, ,-40, ,
3, ,-39, ,
4, ,-39, ,
3, ,-39, ,
3, ,-40, ,
6, ,-39, ,
0, ,-40, ,
1, ,-39, ,
4, ,-39, ,
-1, ,-40, ,
-4, ,-39, ,
3, ,-39, ,
-1, ,-40, ,
0, ,-39, ,
0, ,-39, ,
0, ,-39, ,
1, ,-40, ,
1, ,-39, ,
-2, ,-40, ,
0, ,-39, ,
6, ,-39, ,
1, ,-39, ,
-5, ,-39, ,
-2, ,-39, ,
-2, ,-40, ,
-2, ,-39, ,
-1, ,-39, ,
1, ,-39, ,
1, ,-40, ,
5, ,-39, ,
-1, ,-40, ,
0, ,-39, ,
5, ,-40, ,
-2, ,-40, ,
-4, ,-39, ,
3, ,-40, ,
3, ,-40, ,
3, ,-39, ,
4, ,-39, ,
5, ,-40, ,
4, ,-40, ,
4, ,-39, ,
-4, ,-39, ,
-2, ,-39, ,
-1, ,-39, ,
-4, ,-40, ,
-5, ,-40, ,
3, ,-39, ,
0, ,-40, ,
0, ,-39, ,
-4, ,-39, ,
-1, ,-39, ,
1, ,-39, ,
0, ,-39, ,
-2, ,-40, ,
3, ,-39, ,
5, ,-39, ,
4, ,-39, ,
-5, ,-39, ,
5, ,-39, ,
-2, ,-40, ,
-4, ,-40, ,
-6, ,-39, ,
-1, ,-39, ,
0, ,-40, ,
-1, ,-39, ,
-1, ,-40, ,
0, ,-39, ,
3, ,-39, ,
0, ,-40, ,
-5, ,-39, ,
1, ,-39, ,
-1, ,-40, ,
-2, ,-40, ,
-1, ,-39, ,
-1, ,-39, ,
0, ,-39, ,
-1, ,-39, ,
-6, ,-40, ,
-2, ,-39, ,
1, ,-39, ,
-2, ,-40, ,
-5, ,-39, ,
0, ,-39, ,
0, ,-40, ,
-1, ,-39, ,
-4, ,-39, ,
-1, ,-39, ,
-1, ,-40, ,
0, ,-39, ,
-6, ,-40, ,
3, ,-40, ,
0, ,-39, ,
-4, ,-40, ,
-6, ,-39, ,
1, ,-39, ,
0, ,-40, ,
-1, ,-40, ,
-2, ,-39, ,
-2, ,-39, ,
-4, ,-39, ,
-2, ,-39, ,
-9, ,-39, ,
-2, ,-40, ,
4, ,-39, ,
-1, ,-40, ,
-5, ,-39, ,
1, ,-39, ,
-5, ,-40, ,
-2, ,-39, ,
-2, ,-39, ,
0, ,-40, ,
1, ,-40, ,
1, ,-39, ,
-6, ,-40, ,
-2, ,-40, ,
4, ,-39, ,
1, ,-40, ,
-4, ,-39, ,
3, ,-39, ,
-2, ,-40, ,
-2, ,-40, ,
-2, ,-39, ,
-1, ,-39, ,
-1, ,-39, ,
4, ,-39, ,
-2, ,-39, ,
-1, ,-39, ,
1, ,-39, ,
-4, ,-39, ,
-6, ,-39, ,
3, ,-39, ,
0, ,-39, ,
0, ,-39, ,
0, ,-39, ,
0, ,-39, ,
3, ,-40, ,
0, ,-39, ,
-4, ,-40, ,
3, ,-40, ,
4, ,-39, ,
5, ,-40, ,
0, ,-39, ,
5, ,-39, ,
3, ,-40, ,
0, ,-40, ,
-5, ,-39, ,
-2, ,-39, ,
-4, ,-40, ,
0, ,-39, ,
-2, ,-40, ,
1, ,-40, ,
3, ,-39, ,
1, ,-40, ,
-1, ,-40, ,
5, ,-39, ,
1, ,-40, ,
0, ,-39, ,
-1, ,-39, ,
0, ,-39, ,
1, ,-40, ,
4, ,-39, ,
-1, ,-40, ,
0, ,-40, ,
4, ,-39, ,
0, ,-40, ,
-5, ,-39, ,
3, ,-39, ,
1, ,-40, ,
1, ,-39, ,
-1, ,-39, ,
1, ,-39, ,
0, ,-40, ,
4, ,-39, ,
-1, ,-39, ,
3, ,-39, ,
8, ,-39, ,
3, ,-40, ,
-2, ,-39, ,
8, ,-39, ,
1, ,-40, ,
3, ,-39, ,
-1, ,-39, ,
0, ,-39, ,
3, ,-40, ,
1, ,-39, ,
-1, ,-40, ,
4, ,-40, ,
5, ,-39, ,
4, ,-40, ,
1, ,-40, ,
8, ,-39, ,
6, ,-40, ,
1, ,-39, ,
1, ,-39, ,
3, ,-39, ,
3, ,-40, ,
6, ,-39, ,
-1, ,-39, ,
5, ,-39, ,
8, ,-39, ,
4, ,-39, ,
0, ,-39, ,
4, ,-39, ,
4, ,-40, ,
3, ,-39, ,
3, ,-39, ,
4, ,-39, ,
5, ,-40, ,
5, ,-39, ,
0, ,-40, ,
4, ,-39, ,
6, ,-39, ,
3, ,-40, ,
1, ,-40, ,
9, ,-39, ,
11, ,-40, ,
4, ,-40, ,
5, ,-39, ,
-2, ,-39, ,
3, ,-40, ,
8, ,-39, ,
-1, ,-39, ,
4, ,-39, ,
10, ,-39, ,
3, ,-40, ,
0, ,-40, ,
9, ,-39, ,
4, ,-40, ,
6, ,-39, ,
3, ,-39, ,
4, ,-40, ,
4, ,-40, ,
6, ,-39, ,
1, ,-40, ,
3, ,-39, ,
6, ,-39, ,
4, ,-40, ,
-5, ,-39, ,
1, ,-39, ,
0, ,-40, ,
-1, ,-39, ,
4, ,-39, ,
5, ,-39, ,
6, ,-39, ,
8, ,-39, ,
-1, ,-40, ,
0, ,-40, ,
4, ,-39, ,
-1, ,-39, ,
-2, ,-39, ,
8, ,-39, ,
3, ,-40, ,
1, ,-39, ,
1, ,-39, ,
-1, ,-39, ,
5, ,-40, ,
5, ,-39, ,
3, ,-40, ,
8, ,-39, ,
9, ,-39, ,
4, ,-39, ,
-1, ,-40, ,
6, ,-39, ,
5, ,-40, ,
3, ,-40, ,
1, ,-39, ,
0, ,-39, ,
-1, ,-39, ,
4, ,-39, ,
-1, ,-39, ,
4, ,-40, ,
6, ,-39, ,
-1, ,-39, ,
-2, ,-39, ,
6, ,-40, ,
6, ,-40, ,
5, ,-40, ,
4, ,-39, ,
9, ,-39, ,
8, ,-40, ,
6, ,-39, ,
3, ,-40, ,
4, ,-40, ,
4, ,-39, ,
1, ,-39, ,
-2, ,-39, ,
4, ,-39, ,
0, ,-40, ,
1, ,-40, ,
-1, ,-39, ,
3, ,-40, ,
5, ,-40, ,
6, ,-39, ,
1, ,-39, ,
1, ,-40, ,
4, ,-39, ,
0, ,-40, ,
-4, ,-39, ,
6, ,-39, ,
3, ,-40, ,
3, ,-39, ,
0, ,-39, ,
-2, ,-39, ,
0, ,-39, ,
3, ,-39, ,
-2, ,-40, ,
1, ,-39, ,
0, ,-39, ,
0, ,-39, ,
-1, ,-39, ,
0, ,-39, ,
-1, ,-40, ,
-1, ,-39, ,
-1, ,-39, ,
-1, ,-40, ,
-1, ,-40, ,
0, ,-39, ,
-6, ,-40, ,
0, ,-40, ,
1, ,-39, ,
-1, ,-40, ,
-6, ,-39, ,
-2, ,-39, ,
-2, ,-40, ,
-2, ,-39, ,
-1, ,-39, ,
-1, ,-40, ,
1, ,-40, ,
3, ,-39, ,
-5, ,-40, ,
1, ,-39, ,
3, ,-39, ,
-1, ,-40, ,
-2, ,-39, ,
3, ,-39, ,
1, ,-40, ,
1, ,-40, ,
-4, ,-39, ,
0, ,-39, ,
-2, ,-40, ,
1, ,-39, ,
-9, ,-40, ,
-2, ,-40, ,
0, ,-39, ,
-1, ,-39, ,
-4, ,-39, ,
1, ,-39, ,
-1, ,-40, ,
0, ,-39, ,
-2, ,-39, ,
0, ,-39, ,
0, ,-40, ,
1, ,-39, ,
-4, ,-40, ,
0, ,-39, ,
4, ,-40, ,
-1, ,-40, ,
-5, ,-39, ,
3, ,-39, ,
-1, ,-40, ,
-2, ,-39, ,
-1, ,-39, ,
-1, ,-40, ,
1, ,-40, ,
1, ,-39, ,
-4, ,-40, ,
0, ,-40, ,
1, ,-39, ,
-2, ,-39, ,
-9, ,-39, ,
-1, ,-39, ,
-5, ,-40, ,
-2, ,-39, ,
-4, ,-39, ,
-7, ,-36, ,
-2, ,-27, ,
3, ,-18, ,
-2, ,-7, ,
8, ,1, ,
6, ,8, ,
6, ,15, ,
0, ,19, ,
4, ,24, ,
1, ,28, ,
3, ,32, ,
4, ,35, ,
4, ,38, ,
1, ,40, ,
3, ,41, ,
-4, ,43, ,
3, ,45, ,
4, ,46, ,
0, ,47, ,
0, ,49, ,
5, ,47, ,
1, ,51, ,
0, ,50, ,
-4, ,51, ,
1, ,52, ,
0, ,52, ,
3, ,52, ,
-6, ,53, ,
-1, ,52, ,
3, ,52, ,
0, ,53, ,
-5, ,53, ,
3, ,52, ,
-1, ,54, ,
-1, ,53, ,
-2, ,54, ,
-1, ,54, ,
-1, ,54, ,
3, ,53, ,
-2, ,55, ,
3, ,54, ,
5, ,53, ,
3, ,54, ,
-2, ,54, ,
4, ,53, ,
-1, ,54, ,
0, ,53, ,
-4, ,54, ,
0, ,54, ,
0, ,54, ,
4, ,52, ,
-1, ,54, ,
3, ,54, ,
3, ,53, ,
4, ,54, ,
-7, ,54, ,
3, ,53, ,
6, ,54, ,
0, ,53, ,
1, ,54, ,
1, ,54, ,
-1, ,54, ,
4, ,52, ,
-1, ,54, ,
4, ,54, ,
6, ,53, ,
3, ,54, ,
3, ,54, ,
6, ,53, ,
-1, ,54, ,
0, ,53, ,
-1, ,53, ,
0, ,54, ,
0, ,53, ,
4, ,52, ,
-1, ,54, ,
5, ,54, ,
8, ,53, ,
3, ,54, ,
1, ,53, ,
5, ,52, ,
1, ,54, ,
1, ,53, ,
-1, ,53, ,
1, ,54, ,
-4, ,54, ,
0, ,52, ,
-2, ,54, ,
0, ,54, ,
4, ,53, ,
1, ,53, ,
-1, ,53, ,
6, ,53, ,
3, ,54, ,
5, ,53, ,
0, ,53, ,
3, ,54, ,
0, ,53, ,
1, ,52, ,
-1, ,54, ,
5, ,53, ,
6, ,53, ,
3, ,53, ,
-1, ,54, ,
5, ,52, ,
1, ,54, ,
1, ,52, ,
0, ,53, ,
0, ,54, ,
1, ,54, ,
6, ,52, ,
-2, ,54, ,
4, ,53, ,
6, ,53, ,
4, ,53, ,
1, ,54, ,
8, ,52, ,
3, ,54, ,
4, ,53, ,
1, ,53, ,
4, ,54, ,
5, ,53, ,
5, ,52, ,
1, ,54, ,
3, ,53, ,
8, ,53, ,
5, ,53, ,
1, ,54, ,
8, ,53, ,
6, ,54, ,
5, ,52, ,
4, ,53, ,
5, ,54, ,
6, ,53, ,
6, ,52, ,
-4, ,54, ,
4, ,53, ,
4, ,53, ,
1, ,53, ,
3, ,53, ,
8, ,52, ,
4, ,54, ,
6, ,52, ,
4, ,53, ,
3, ,54, ,
4, ,53, ,
6, ,52, ,
-4, ,54, ,
5, ,54, ,
4, ,53, ,
3, ,53, ,
0, ,54, ,
5, ,52, ,
0, ,54, ,
1, ,53, ,
1, ,53, ,
3, ,54, ,
1, ,53, ,
5, ,52, ,
0, ,54, ,
4, ,53, ,
5, ,53, ,
1, ,53, ,
-1, ,53, ,
3, ,52, ,
1, ,54, ,
1, ,53, ,
3, ,53, ,
1, ,54, ,
5, ,53, ,
3, ,52, ,
-4, ,54, ,
1, ,54, ,
-1, ,53, ,
0, ,53, ,
-2, ,54, ,
4, ,52, ,
4, ,54, ,
1, ,53, ,
4, ,53, ,
1, ,53, ,
0, ,53, ,
3, ,52, ,
-6, ,54, ,
-1, ,53, ,
4, ,53, ,
0, ,53, ,
-2, ,53, ,
3, ,52, ,
-2, ,54, ,
-1, ,53, ,
-1, ,53, ,
0, ,53, ,
3, ,53, ,
5, ,52, ,
-1, ,54, ,
5, ,54, ,
5, ,53, ,
0, ,53, ,
0, ,54, ,
6, ,53, ,
5, ,54, ,
3, ,53, ,
3, ,53, ,
1, ,54, ,
0, ,53, ,
4, ,52, ,
-5, ,54, ,
0, ,53, ,
1, ,53, ,
1, ,53, ,
-2, ,53, ,
3, ,52, ,
-1, ,54, ,
3, ,53, ,
-2, ,53, ,
4, ,53, ,
3, ,53, ,
3, ,52, ,
-4, ,54, ,
0, ,53, ,
1, ,53, ,
-1, ,53, ,
-4, ,54, ,
4, ,52, ,
0, ,54, ,
3, ,53, ,
1, ,53, ,
-1, ,54, ,
1, ,53, ,
5, ,52, ,
-2, ,54, ,
-1, ,53, ,
1, ,53, ,
0, ,53, ,
-4, ,54, ,
3, ,52, ,
-2, ,54, ,
0, ,53, ,
-2, ,53, ,
-2, ,53, ,
0, ,53, ,
1, ,52, ,
-6, ,54, ,
0, ,53, ,
-2, ,53, ,
-2, ,53, ,
-5, ,53, ,
0, ,53, ,
-4, ,54, ,
-1, ,53, ,
-2, ,53, ,
-1, ,54, ,
-4, ,53, ,
1, ,52, ,
-7, ,53, ,
0, ,53, ,
0, ,53, ,
-2, ,53, ,
-6, ,54, ,
0, ,53, ,
1, ,54, ,
0, ,52, ,
1, ,53, ,
1, ,53, ,
3, ,53, ,
4, ,52, ,
-2, ,53, ,
-1, ,54, ,
0, ,53, ,
-2, ,53, ,
-4, ,54, ,
4, ,52, ,
-2, ,54, ,
3, ,53, ,
-1, ,53, ,
-2, ,54, ,
-1, ,54, ,
0, ,52, ,
-5, ,53, ,
0, ,53, ,
0, ,53, ,
3, ,53, ,
-1, ,53, ,
3, ,52, ,
-2, ,54, ,
1, ,52, ,
-2, ,53, ,
-1, ,53, ,
1, ,54, ,
4, ,52, ,
-1, ,54, ,
1, ,53, ,
4, ,53, ,
0, ,53, ,
-5, ,53, ,
1, ,53, ,
0, ,54, ,
-2, ,53, ,
0, ,53, ,
-1, ,53, ,
1, ,53, ,
3, ,52, ,
-1, ,54, ,
3, ,53, ,
5, ,53, ,
1, ,53, ,
-2, ,54, ,
3, ,52, ,
-2, ,54, ,
-1, ,52, ,
-4, ,53, ,
-1, ,54, ,
1, ,53, ,
5, ,52, ,
-5, ,54, ,
3, ,53, ,
4, ,53, ,
0, ,53, ,
1, ,54, ,
1, ,53, ,
1, ,54, ,
1, ,53, ,
-6, ,53, ,
-2, ,53, ,
-5, ,53, ,
-1, ,52, ,
-5, ,53, ,
-2, ,53, ,
3, ,53, ,
-1, ,53, ,
-1, ,54, ,
3, ,52, ,
-2, ,54, ,
-1, ,52, ,
0, ,53, ,
3, ,53, ,
5, ,53, ,
6, ,52, ,
1, ,54, ,
1, ,53, ,
6, ,53, ,
3, ,53, ,
-4, ,53, ,
3, ,52, ,
1, ,54, ,
1, ,53, ,
-1, ,53, ,
1, ,53, ,
0, ,54, ,
1, ,52, ,
-4, ,54, ,
3, ,53, ,
4, ,53, ,
3, ,53, ,
3, ,54, ,
8, ,52, ,
1, ,54, ,
3, ,53, ,
1, ,53, ,
0, ,53, ,
1, ,53, ,
5, ,52, ,
-2, ,53, ,
5, ,53, ,
9, ,53, ,
5, ,53, ,
4, ,53, ,
5, ,52, ,
5, ,54, ,
3, ,53, ,
1, ,53, ,
3, ,53, ,
1, ,53, ,
8, ,52, ,
3, ,53, ,
4, ,53, ,
5, ,53, ,
0, ,53, ,
-1, ,54, ,
4, ,52, ,
-1, ,54, ,
5, ,53, ,
4, ,53, ,
1, ,53, ,
4, ,54, ,
3, ,52, ,
-2, ,54, ,
1, ,53, ,
4, ,53, ,
4, ,53, ,
0, ,54, ,
8, ,53, ,
3, ,54, ,
5, ,53, ,
4, ,53, ,
5, ,54, ,
3, ,53, ,
5, ,52, ,
0, ,54, ,
-1, ,53, ,
4, ,53, ,
1, ,53, ,
1, ,53, ,
4, ,53, ,
-1, ,54, ,
-2, ,52, ,
0, ,53, ,
3, ,54, ,
3, ,54, ,
6, ,52, ,
3, ,54, ,
4, ,53, ,
3, ,53, ,
3, ,53, ,
-4, ,54, ,
5, ,52, ,
1, ,54, ,
3, ,53, ,
5, ,53, ,
6, ,54, ,
5, ,53, ,
4, ,52, ,
-4, ,53, ,
-1, ,53, ,
1, ,53, ,
-1, ,53, ,
-4, ,54, ,
3, ,53, ,
-1, ,53, ,
1, ,52, ,
3, ,53, ,
3, ,54, ,
4, ,53, ,
6, ,52, ,
-1, ,54, ,
5, ,53, ,
8, ,53, ,
4, ,53, ,
0, ,53, ,
8, ,52, ,
5, ,54, ,
4, ,52, ,
0, ,53, ,
0, ,53, ,
0, ,53, ,
4, ,52, ,
-1, ,54, ,
3, ,53, ,
5, ,53, ,
1, ,53, ,
0, ,53, ,
5, ,52, ,
1, ,54, ,
3, ,53, ,
1, ,53, ,
4, ,53, ,
4, ,53, ,
5, ,52, ,
-1, ,53, ,
0, ,53, ,
1, ,53, ,
-4, ,53, ,
-9, ,53, ,
-2, ,52, ,
-1, ,54, ,
3, ,53, ,
0, ,53, ,
1, ,53, ,
3, ,54, ,
1, ,52, ,
-2, ,53, ,
0, ,54, ,
3, ,53, ,
0, ,53, ,
-4, ,53, ,
4, ,52, ,
1, ,54, ,
0, ,52, ,
0, ,53, ,
-1, ,53, ,
1, ,53, ,
1, ,52, ,
-5, ,53, ,
0, ,53, ,
3, ,53, ,
-1, ,53, ,
-4, ,53, ,
1, ,52, ,
3, ,54, ,
1, ,52, ,
0, ,53, ,
1, ,53, ,
-4, ,53, ,
3, ,52, ,
-4, ,54, ,
0, ,54, ,
4, ,53, ,
-1, ,53, ,
-1, ,54, ,
5, ,52, ,
1, ,54, ,
1, ,53, ,
-1, ,53, ,
0, ,54, ,
3, ,53, ,
3, ,52, ,
1, ,54, ,
-4, ,54, ,
1, ,53, ,
6, ,53, ,
-1, ,53, ,
4, ,52, ,
0, ,54, ,
1, ,53, ,
1, ,53, ,
3, ,54, ,
0, ,53, ,
4, ,52, ,
-4, ,54, ,
1, ,53, ,
3, ,53, ,
-4, ,53, ,
-4, ,54, ,
4, ,52, ,
1, ,54, ,
4, ,52, ,
3, ,53, ,
0, ,54, ,
3, ,53, ,
4, ,52, ,
-4, ,54, ,
0, ,54, ,
0, ,53, ,
0, ,53, ,
-4, ,54, ,
1, ,52, ,
-1, ,54, ,
-4, ,53, ,
-4, ,53, ,
1, ,53, ,
-1, ,54, ,
4, ,52, ,
-2, ,54, ,
3, ,53, ,
4, ,53, ,
-1, ,53, ,
-2, ,54, ,
1, ,53, ,
-2, ,54, ,
0, ,52, ,
-1, ,53, ,
0, ,54, ,
3, ,53, ,
5, ,52, ,
-2, ,54, ,
3, ,53, ,
1, ,53, ,
0, ,53, ,
-2, ,54, ,
4, ,53, ,
3, ,54, ,
1, ,53, ,
0, ,53, ,
1, ,54, ,
0, ,54, ,
0, ,52, ,
-6, ,54, ,
-5, ,53, ,
1, ,53, ,
-2, ,53, ,
-4, ,54, ,
1, ,52, ,
-1, ,54, ,
-1, ,52, ,
-4, ,53, ,
0, ,54, ,
3, ,54, ,
4, ,52, ,
3, ,54, ,
5, ,53, ,
6, ,53, ,
5, ,53, ,
-4, ,53, ,
4, ,52, ,
0, ,54, ,
1, ,53, ,
3, ,53, ,
1, ,54, ,
1, ,53, ,
6, ,52, ,
-1, ,54, ,
1, ,53, ,
3, ,53, ,
-1, ,53, ,
-5, ,53, ,
5, ,52, ,
0, ,54, ,
1, ,53, ,
0, ,53, ,
0, ,53, ,
3, ,54, ,
4, ,52, ,
-5, ,54, ,
1, ,53, ,
3, ,53, ,
1, ,53, ,
-1, ,53, ,
5, ,52, ,
1, ,54, ,
-2, ,53, ,
0, ,53, ,
1, ,53, ,
-1, ,53, ,
5, ,52, ,
-1, ,54, ,
1, ,53, ,
6, ,53, ,
3, ,53, ,
1, ,53, ,
5, ,52, ,
-2, ,54, ,
-1, ,53, ,
-5, ,53, ,
-1, ,54, ,
-1, ,53, ,
3, ,52, ,
-4, ,54, ,
3, ,54, ,
3, ,53, ,
3, ,53, ,
0, ,54, ,
3, ,52, ,
0, ,54, ,
1, ,52, ,
-1, ,53, ,
3, ,54, ,
0, ,54, ,
4, ,52, ,
-4, ,54, ,
0, ,53, ,
3, ,53, ,
1, ,53, ,
-1, ,54, ,
6, ,52, ,
1, ,54, ,
3, ,53, ,
3, ,53, ,
1, ,54, ,
1, ,53, ,
1, ,52, ,
-4, ,54, ,
4, ,53, ,
8, ,53, ,
5, ,53, ,
1, ,53, ,
4, ,52, ,
3, ,54, ,
1, ,53, ,
0, ,53, ,
3, ,54, ,
1, ,53, ,
5, ,52, ,
1, ,54, ,
6, ,53, ,
9, ,53, ,
3, ,53, ,
-4, ,54, ,
3, ,53, ,
0, ,54, ,
1, ,53, ,
-2, ,53, ,
0, ,54, ,
-1, ,53, ,
6, ,52, ,
-2, ,53, ,
3, ,53, ,
3, ,53, ,
1, ,53, ,
-2, ,54, ,
4, ,53, ,
5, ,54, ,
5, ,53, ,
3, ,53, ,
3, ,53, ,
1, ,54, ,
1, ,52, ,
-6, ,54, ,
-1, ,53, ,
4, ,53, ,
1, ,53, ,
0, ,54, ,
5, ,52, ,
1, ,54, ,
4, ,53, ,
-1, ,53, ,
-1, ,54, ,
1, ,54, ,
3, ,52, ,
-2, ,54, ,
-1, ,54, ,
-2, ,53, ,
-11, ,53, ,
-17, ,54, ,
-10, ,52, ,
-16, ,54, ,
-12, ,53, ,
-10, ,53, ,
-6, ,54, ,
-4, ,53, ,
1, ,52, ,
6, ,54, ,
8, ,53, ,
11, ,53, ,
6, ,53, ,
4, ,54, ,
15, ,53, ,
6, ,54, ,
5, ,53, ,
1, ,53, ,
-2, ,54, ,
1, ,53, ,
3, ,52, ,
-4, ,54, ,
1, ,53, ,
0, ,53, ,
-1, ,53, ,
-6, ,53, ,
1, ,52, ,
1, ,54, ,
-1, ,52, ,
0, ,53, ,
0, ,53, ,
-5, ,54, ,
4, ,52, ,
-4, ,54, ,
0, ,53, ,
4, ,53, ,
0, ,53, ,
-4, ,53, ,
6, ,52, ,
1, ,54, ,
1, ,52, ,
0, ,53, ,
1, ,53, ,
4, ,49, ,
1, ,39, ,
-9, ,30, ,
-5, ,20, ,
-2, ,12, ,
-6, ,4, ,
-6, ,-1, ,
1, ,-6, ,
1, ,-12, ,
-2, ,-16, ,
-5, ,-19, ,
-6, ,-22, ,
-5, ,-24, ,
-5, ,-26, ,
-9, ,-28, ,
-6, ,-30, ,
-4, ,-32, ,
-7, ,-33, ,
-10, ,-34, ,
-1, ,-35, ,
-6, ,-36, ,
0, ,-37, ,
-1, ,-37, ,
0, ,-37, ,
4, ,-38, ,
0, ,-38, ,
-6, ,-39, ,
-2, ,-39, ,
-1, ,-39, ,
-1, ,-39, ,
-7, ,-39, ,
0, ,-39, ,
1, ,-40, ,
-1, ,-40, ,
-2, ,-40, ,
-2, ,-40, ,
1, ,-40, ,
3, ,-39, ,
-5, ,-40, ,
-1, ,-40, ,
1, ,-40, ,
-1, ,-40, ,
-6, ,-40, ,
1, ,-40, ,
0, ,-41, ,
3, ,-40, ,
1, ,-40, ,
3, ,-40, ,
1, ,-40, ,
5, ,-40, ,
-2, ,-40, ,
1, ,-40, ,
5, ,-40, ,
3, ,-40, ,
1, ,-40, ,
6, ,-40, ,
3, ,-40, ,
3, ,-40, ,
1, ,-39, ,
5, ,-40, ,
4, ,-40, ,
5, ,-39, ,
-2, ,-40, ,
1, ,-40, ,
4, ,-40, ,
-1, ,-40, ,
-2, ,-39, ,
3, ,-40, ,
-1, ,-41, ,
1, ,-40, ,
-2, ,-39, ,
3, ,-40, ,
4, ,-40, ,
3, ,-39, ,
-1, ,-40, ,
1, ,-40, ,
5, ,-40, ,
4, ,-40, ,
-1, ,-40, ,
6, ,-39, ,
3, ,-40, ,
5, ,-40, ,
0, ,-39, ,
3, ,-40, ,
5, ,-40, ,
6, ,-39, ,
-1, ,-40, ,
1, ,-39, ,
5, ,-40, ,
1, ,-40, ,
-1, ,-40, ,
6, ,-39, ,
1, ,-41, ,
3, ,-40, ,
3, ,-39, ,
3, ,-39, ,
4, ,-40, ,
6, ,-39, ,
-1, ,-40, ,
1, ,-40, ,
1, ,-39, ,
-1, ,-40, ,
-5, ,-39, ,
-2, ,-39, ,
0, ,-40, ,
1, ,-40, ,
0, ,-39, ,
3, ,-40, ,
1, ,-40, ,
4, ,-39, ,
-1, ,-40, ,
3, ,-40, ,
4, ,-39, ,
1, ,-40, ,
-1, ,-39, ,
9, ,-39, ,
1, ,-40, ,
3, ,-40, ,
0, ,-39, ,
0, ,-40, ,
1, ,-39, ,
3, ,-39, ,
-1, ,-40, ,
3, ,-40, ,
6, ,-39, ,
3, ,-40, ,
1, ,-39, ,
5, ,-39, ,
3, ,-40, ,
0, ,-39, ,
-1, ,-39, ,
1, ,-39, ,
4, ,-39, ,
5, ,-39, ,
0, ,-40, ,
5, ,-40, ,
5, ,-39, ,
1, ,-40, ,
-4, ,-40, ,
4, ,-39, ,
1, ,-40, ,
3, ,-40, ,
3, ,-39, ,
4, ,-40, ,
5, ,-40, ,
5, ,-39, ,
3, ,-40, ,
1, ,-39, ,
4, ,-39, ,
3, ,-40, ,
0, ,-39, ,
5, ,-39, ,
5, ,-40, ,
3, ,-40, ,
0, ,-39, ,
3, ,-39, ,
4, ,-40, ,
4, ,-39, ,
-4, ,-40, ,
3, ,-39, ,
10, ,-39, ,
8, ,-40, ,
4, ,-40, ,
6, ,-39, ,
3, ,-40, ,
3, ,-40, ,
1, ,-39, ,
4, ,-40, ,
6, ,-40, ,
8, ,-39, ,
3, ,-40, ,
4, ,-39, ,
3, ,-39, ,
0, ,-39, ,
-1, ,-40, ,
5, ,-39, ,
5, ,-40, ,
5, ,-40, ,
1, ,-39, ,
1, ,-40, ,
4, ,-40, ,
8, ,-39, ,
4, ,-39, ,
4, ,-39, ,
8, ,-39, ,
4, ,-39, ,
0, ,-39, ,
3, ,-39, ,
1, ,-40, ,
4, ,-39, ,
5, ,-39, ,
5, ,-39, ,
6, ,-40, ,
9, ,-39, ,
5, ,-40, ,
8, ,-39, ,
9, ,-39, ,
6, ,-40, ,
1, ,-39, ,
8, ,-39, ,
5, ,-40, ,
5, ,-40, ,
1, ,-39, ,
1, ,-39, ,
4, ,-40, ,
4, ,-39, ,
-2, ,-40, ,
1, ,-39, ,
4, ,-39, ,
1, ,-40, ,
-1, ,-39, ,
5, ,-39, ,
5, ,-40, ,
4, ,-39, ,
3, ,-39, ,
1, ,-39, ,
9, ,-39, ,
6, ,-39, ,
-1, ,-40, ,
8, ,-39, ,
8, ,-40, ,
4, ,-39, ,
-5, ,-39, ,
3, ,-39, ,
0, ,-40, ,
1, ,-39, ,
1, ,-39, ,
3, ,-39, ,
0, ,-40, ,
3, ,-39, ,
-1, ,-39, ,
-2, ,-40, ,
3, ,-39, ,
-2, ,-39, ,
-4, ,-39, ,
0, ,-39, ,
-4, ,-40, ,
-2, ,-39, ,
-4, ,-39, ,
-1, ,-39, ,
-2, ,-40, ,
-1, ,-39, ,
-5, ,-40, ,
-4, ,-40, ,
1, ,-39, ,
-4, ,-40, ,
0, ,-39, ,
3, ,-39, ,
-2, ,-40, ,
0, ,-40, ,
-5, ,-39, ,
-2, ,-39, ,
-2, ,-39, ,
-1, ,-39, ,
-10, ,-40, ,
-4, ,-40, ,
-1, ,-39, ,
-5, ,-40, ,
-10, ,-39, ,
-1, ,-39, ,
-7, ,-40, ,
-5, ,-39, ,
-6, ,-39, ,
-6, ,-39, ,
-4, ,-39, ,
-4, ,-39, ,
-10, ,-40, ,
-4, ,-40, ,
-4, ,-39, ,
-5, ,-39, ,
-10, ,-39, ,
-1, ,-39, ,
-1, ,-40, ,
-5, ,-40, ,
-6, ,-39, ,
-4, ,-40, ,
-2, ,-40, ,
0, ,-38, ,
-10, ,-40, ,
-5, ,-39, ,
-2, ,-39, ,
-5, ,-39, ,
-9, ,-39, ,
-1, ,-39, ,
-4, ,-40, ,
-2, ,-39, ,
-4, ,-39, ,
-5, ,-39, ,
-5, ,-40, ,
-2, ,-39, ,
-11, ,-39, ,
-5, ,-40, ,
-1, ,-39, ,
-4, ,-40, ,
-4, ,-39, ,
3, ,-39, ,
1, ,-40, ,
-1, ,-39, ,
-6, ,-39, ,
-2, ,-39, ,
-2, ,-40, ,
-1, ,-39, ,
-9, ,-40, ,
-2, ,-40, ,
1, ,-39, ,
-2, ,-39, ,
-5, ,-39, ,
0, ,-39, ,
-4, ,-40, ,
-2, ,-40, ,
-5, ,-39, ,
-2, ,-39, ,
-1, ,-40, ,
-1, ,-39, ,
-9, ,-40, ,
-2, ,-40, ,
-2, ,-39, ,
-5, ,-39, ,
-12, ,-40, ,
-2, ,-39, ,
0, ,-40, ,
3, ,-39, ,
0, ,-39, ,
0, ,-39, ,
0, ,-39, ,
-2, ,-39, ,
-10, ,-40, ,
-6, ,-39, ,
-4, ,-39, ,
-2, ,-39, ,
-6, ,-39, ,
5, ,-39, ,
1, ,-40, ,
1, ,-39, ,
-1, ,-39, ,
0, ,-39, ,
0, ,-40, ,
3, ,-39, ,
-5, ,-40, ,
0, ,-39, ,
1, ,-39, ,
-1, ,-40, ,
-5, ,-39, ,
0, ,-39, ,
-2, ,-40, ,
-2, ,-39, ,
0, ,-39, ,
0, ,-39, ,
1, ,-39, ,
4, ,-39, ,
-1, ,-40, ,
3, ,-39, ,
4, ,-39, ,
-1, ,-39, ,
0, ,-40, ,
5, ,-40, ,
3, ,-40, ,
3, ,-39, ,
0, ,-39, ,
3, ,-39, ,
3, ,-40, ,
5, ,-39, ,
-2, ,-39, ,
1, ,-39, ,
5, ,-39, ,
1, ,-39, ,
1, ,-39, ,
8, ,-39, ,
5, ,-40, ,
4, ,-39, ,
4, ,-39, ,
5, ,-39, ,
6, ,-39, ,
6, ,-39, ,
-4, ,-40, ,
3, ,-40, ,
6, ,-39, ,
3, ,-40, ,
0, ,-40, ,
8, ,-39, ,
4, ,-40, ,
4, ,-39, ,
0, ,-39, ,
4, ,-39, ,
6, ,-40, ,
6, ,-39, ,
3, ,-40, ,
5, ,-39, ,
6, ,-39, ,
5, ,-39, ,
0, ,-39, ,
5, ,-39, ,
5, ,-40, ,
3, ,-39, ,
3, ,-39, ,
4, ,-39, ,
5, ,-39, ,
6, ,-39, ,
0, ,-39, ,
6, ,-40, ,
9, ,-39, ,
4, ,-39, ,
0, ,-40, ,
6, ,-39, ,
5, ,-40, ,
5, ,-39, ,
4, ,-39, ,
5, ,-40, ,
5, ,-40, ,
10, ,-39, ,
1, ,-40, ,
5, ,-40, ,
10, ,-39, ,
5, ,-40, ,
4, ,-39, ,
6, ,-39, ,
6, ,-40, ,
5, ,-40, ,
0, ,-39, ,
3, ,-39, ,
3, ,-40, ,
6, ,-39, ,
3, ,-40, ,
5, ,-40, ,
13, ,-40, ,
5, ,-39, ,
1, ,-39, ,
3, ,-39, ,
-2, ,-40, ,
1, ,-39, ,
1, ,-39, ,
5, ,-39, ,
8, ,-39, ,
9, ,-39, ,
6, ,-39, ,
6, ,-39, ,
10, ,-39, ,
6, ,-40, ,
4, ,-39, ,
11, ,-39, ,
6, ,-40, ,
9, ,-39, ,
5, ,-39, ,
5, ,-39, ,
6, ,-40, ,
8, ,-39, ,
1, ,-40, ,
5, ,-40, ,
6, ,-39, ,
3, ,-40, ,
-1, ,-39, ,
9, ,-39, ,
6, ,-40, ,
5, ,-39, ,
4, ,-39, ,
4, ,-39, ,
4, ,-40, ,
5, ,-39, ,
3, ,-40, ,
5, ,-40, ,
8, ,-39, ,
5, ,-40, ,
1, ,-39, ,
8, ,-39, ,
6, ,-40, ,
1, ,-40, ,
1, ,-39, ,
3, ,-39, ,
3, ,-40, ,
8, ,-39, ,
3, ,-40, ,
8, ,-40, ,
8, ,-39, ,
4, ,-39, ,
1, ,-39, ,
5, ,-39, ,
0, ,-40, ,
0, ,-39, ,
-2, ,-39, ,
0, ,-39, ,
1, ,-40, ,
3, ,-39, ,
0, ,-39, ,
1, ,-39, ,
6, ,-40, ,
-2, ,-39, ,
-4, ,-39, ,
4, ,-39, ,
1, ,-40, ,
-1, ,-40, ,
-1, ,-39, ,
3, ,-39, ,
3, ,-39, ,
0, ,-39, ,
-5, ,-40, ,
0, ,-40, ,
3, ,-40, ,
0, ,-39, ,
-5, ,-39, ,
3, ,-39, ,
-1, ,-40, ,
0, ,-39, ,
-2, ,-39, ,
-5, ,-39, ,
-1, ,-39, ,
0, ,-39, ,
-4, ,-39, ,
-1, ,-39, ,
3, ,-39, ,
0, ,-39, ,
-4, ,-39, ,
3, ,-39, ,
0, ,-40, ,
-2, ,-39, ,
-4, ,-39, ,
-1, ,-39, ,
1, ,-40, ,
3, ,-39, ,
-4, ,-40, ,
1, ,-40, ,
3, ,-39, ,
-1, ,-40, ,
-5, ,-40, ,
0, ,-39, ,
-2, ,-40, ,
-1, ,-39, ,
-4, ,-39, ,
3, ,-39, ,
0, ,-40, ,
1, ,-39, ,
-2, ,-40, ,
-1, ,-40, ,
0, ,-39, ,
-4, ,-39, ,
-6, ,-39, ,
1, ,-39, ,
-1, ,-40, ,
-2, ,-40, ,
-5, ,-39, ,
-1, ,-40, ,
-1, ,-39, ,
-1, ,-39, ,
-6, ,-39, ,
-1, ,-39, ,
1, ,-40, ,
-4, ,-40, ,
-4, ,-39, ,
0, ,-39, ,
-4, ,-40, ,
-1, ,-39, ,
-5, ,-39, ,
-6, ,-39, ,
-5, ,-40, ,
-4, ,-39, ,
-11, ,-40, ,
-6, ,-40, ,
-1, ,-39, ,
-7, ,-40, ,
-10, ,-39, ,
-2, ,-39, ,
-5, ,-40, ,
-5, ,-39, ,
-5, ,-39, ,
-7, ,-39, ,
-7, ,-40, ,
-5, ,-39, ,
-11, ,-40, ,
-6, ,-40, ,
-2, ,-39, ,
-5, ,-39, ,
-10, ,-39, ,
-1, ,-39, ,
-4, ,-40, ,
-4, ,-39, ,
-2, ,-39, ,
-1, ,-39, ,
1, ,-39, ,
0, ,-39, ,
-4, ,-40, ,
-2, ,-39, ,
0, ,-39, ,
-4, ,-40, ,
-6, ,-39, ,
0, ,-39, ,
0, ,-40, ,
-1, ,-39, ,
0, ,-39, ,
-2, ,-40, ,
-1, ,-40, ,
1, ,-39, ,
-6, ,-40, ,
0, ,-40, ,
4, ,-39, ,
0, ,-39, ,
-2, ,-40, ,
5, ,-39, ,
4, ,-40, ,
0, ,-39, ,
0, ,-39, ,
1, ,-39, ,
1, ,-40, ,
1, ,-39, ,
-2, ,-40, ,
0, ,-40, ,
0, ,-39, ,
-2, ,-39, ,
-2, ,-39, ,
1, ,-39, ,
0, ,-40, ,
1, ,-39, ,
1, ,-39, ,
1, ,-39, ,
1, ,-40, ,
3, ,-39, ,
-5, ,-40, ,
0, ,-40, ,
0, ,-39, ,
-4, ,-39, ,
-6, ,-39, ,
1, ,-39, ,
0, ,-40, ,
1, ,-39, ,
-1, ,-39, ,
-1, ,-39, ,
0, ,-40, ,
-4, ,-39, ,
-9, ,-40, ,
-1, ,-39, ,
3, ,-39, ,
3, ,-39, ,
-1, ,-39, ,
3, ,-39, ,
3, ,-40, ,
-1, ,-40, ,
1, ,-39, ,
3, ,-39, ,
-2, ,-39, ,
1, ,-39, ,
-7, ,-40, ,
1, ,-40, ,
6, ,-39, ,
-1, ,-40, ,
0, ,-40, ,
0, ,-39, ,
-1, ,-40, ,
1, ,-39, ,
3, ,-39, ,
5, ,-39, ,
6, ,-40, ,
6, ,-39, ,
0, ,-40, ,
1, ,-39, ,
5, ,-39, ,
-1, ,-39, ,
-4, ,-39, ,
3, ,-39, ,
5, ,-40, ,
3, ,-39, ,
4, ,-39, ,
1, ,-39, ,
4, ,-40, ,
6, ,-39, ,
-1, ,-40, ,
1, ,-40, ,
8, ,-39, ,
3, ,-39, ,
-1, ,-40, ,
5, ,-39, ,
0, ,-40, ,
4, ,-40, ,
-2, ,-39, ,
4, ,-39, ,
10, ,-40, ,
3, ,-39, ,
4, ,-39, ,
4, ,-39, ,
6, ,-39, ,
8, ,-40, ,
-1, ,-39, ,
8, ,-39, ,
9, ,-40, ,
6, ,-40, ,
5, ,-39, ,
4, ,-39, ,
5, ,-40, ,
6, ,-39, ,
4, ,-39, ,
8, ,-39, ,
10, ,-39, ,
9, ,-39, ,
5, ,-40, ,
11, ,-39, ,
5, ,-40, ,
5, ,-39, ,
1, ,-39, ,
3, ,-39, ,
6, ,-40, ,
5, ,-39, ,
-1, ,-40, ,
1, ,-39, ,
3, ,-39, ,
1, ,-39, ,
5, ,-39, ,
5, ,-39, ,
5, ,-40, ,
4, ,-39, ,
3, ,-39, ,
4, ,-39, ,
3, ,-40, ,
6, ,-39, ,
-1, ,-39, ,
6, ,-39, ,
10, ,-39, ,
6, ,-40, ,
4, ,-39, ,
4, ,-39, ,
-1, ,-40, ,
-2, ,-39, ,
-5, ,-39, ,
-1, ,-39, ,
1, ,-40, ,
3, ,-39, ,
-2, ,-39, ,
1, ,-40, ,
5, ,-39, ,
3, ,-40, ,
1, ,-39, ,
5, ,-39, ,
3, ,-40, ,
1, ,-40, ,
1, ,-39, ,
4, ,-39, ,
4, ,-40, ,
5, ,-39, ,
0, ,-39, ,
4, ,-40, ,
5, ,-39, ,
3, ,-40, ,
-2, ,-39, ,
3, ,-39, ,
-4, ,-40, ,
-2, ,-40, ,
0, ,-39, ,
0, ,-39, ,
5, ,-39, ,
-2, ,-33, ,
-1, ,-24, ,
9, ,-14, ,
11, ,-5, ,
13, ,3, ,
9, ,11, ,
11, ,17, ,
9, ,21, ,
8, ,25, ,
5, ,30, ,
9, ,34, ,
10, ,36, ,
11, ,38, ,
1, ,41, ,
6, ,43, ,
8, ,44, ,
4, ,45, ,
0, ,46, ,
4, ,47, ,
1, ,50, ,
1, ,49, ,
1, ,50, ,
3, ,51, ,
4, ,52, ,
5, ,51, ,
0, ,53, ,
0, ,52, ,
4, ,53, ,
0, ,53, ,
-5, ,53, ,
-1, ,52, ,
-5, ,54, ,
-4, ,53, ,
-5, ,53, ,
-2, ,54, ,
0, ,54, ,
5, ,52, ,
0, ,54, ,
3, ,54, ,
4, ,53, ,
3, ,54, ,
-4, ,54, ,
1, ,53, ,
-5, ,55, ,
0, ,53, ,
-2, ,54, ,
1, ,54, ,
1, ,54, ,
-2, ,53, ,
-9, ,54, ,
-2, ,54, ,
-1, ,54, ,
-2, ,54, ,
-5, ,54, ,
4, ,52, ,
1, ,55, ,
0, ,53, ,
-2, ,54, ,
-4, ,54, ,
-4, ,54, ,
-1, ,52, ,
-6, ,54, ,
-2, ,54, ,
1, ,53, ,
-1, ,54, ,
-7, ,54, ,
0, ,53, ,
-5, ,55, ,
-5, ,53, ,
-5, ,54, ,
-2, ,54, ,
-1, ,54, ,
1, ,52, ,
-2, ,54, ,
1, ,54, ,
0, ,54, ,
0, ,54, ,
-5, ,54, ,
-1, ,53, ,
-1, ,54, ,
0, ,53, ,
-1, ,54, ,
-2, ,54, ,
-2, ,54, ,
-1, ,52, ,
-6, ,54, ,
0, ,54, ,
1, ,53, ,
-4, ,53, ,
1, ,53, ,
1, ,52, ,
-7, ,54, ,
0, ,53, ,
0, ,53, ,
-4, ,54, ,
-1, ,53, ,
0, ,52, ,
-6, ,54, ,
-6, ,54, ,
0, ,53, ,
-2, ,54, ,
-2, ,54, ,
4, ,52, ,
1, ,54, ,
1, ,53, ,
-2, ,53, ,
-1, ,53, ,
0, ,53, ,
1, ,52, ,
-5, ,54, ,
1, ,53, ,
1, ,53, ,
1, ,53, ,
-2, ,54, ,
4, ,53, ,
-2, ,54, ,
-1, ,53, ,
-4, ,53, ,
0, ,53, ,
1, ,54, ,
0, ,52, ,
-7, ,54, ,
-2, ,54, ,
-1, ,53, ,
-1, ,53, ,
-2, ,53, ,
4, ,52, ,
4, ,54, ,
5, ,52, ,
0, ,53, ,
0, ,54, ,
-2, ,54, ,
-1, ,52, ,
-9, ,54, ,
-4, ,53, ,
-2, ,53, ,
-4, ,53, ,
-6, ,54, ,
1, ,52, ,
-2, ,54, ,
-1, ,53, ,
-1, ,53, ,
-1, ,54, ,
-2, ,54, ,
1, ,52, ,
-2, ,54, ,
1, ,53, ,
3, ,53, ,
0, ,53, ,
-4, ,54, ,
3, ,53, ,
0, ,54, ,
1, ,53, ,
0, ,53, ,
3, ,53, ,
0, ,54, ,
5, ,52, ,
-1, ,54, ,
3, ,53, ,
4, ,53, ,
0, ,53, ,
-4, ,54, ,
3, ,53, ,
0, ,54, ,
3, ,53, ,
-2, ,53, ,
1, ,53, ,
1, ,53, ,
3, ,52, ,
-4, ,54, ,
0, ,53, ,
3, ,53, ,
1, ,53, ,
-2, ,53, ,
5, ,53, ,
1, ,54, ,
1, ,53, ,
3, ,53, ,
3, ,54, ,
1, ,53, ,
3, ,52, ,
-2, ,54, ,
1, ,53, ,
6, ,53, ,
3, ,54, ,
5, ,54, ,
8, ,53, ,
3, ,53, ,
3, ,53, ,
0, ,53, ,
3, ,53, ,
3, ,53, ,
4, ,52, ,
0, ,54, ,
5, ,53, ,
4, ,53, ,
3, ,53, ,
-2, ,54, ,
3, ,52, ,
-1, ,54, ,
0, ,53, ,
3, ,53, ,
4, ,54, ,
4, ,53, ,
4, ,52, ,
-4, ,53, ,
3, ,53, ,
4, ,53, ,
1, ,53, ,
-1, ,53, ,
1, ,53, ,
0, ,54, ,
1, ,53, ,
0, ,53, ,
1, ,53, ,
3, ,54, ,
3, ,52, ,
-1, ,54, ,
1, ,53, ,
4, ,53, ,
0, ,53, ,
-2, ,53, ,
4, ,53, ,
0, ,54, ,
1, ,53, ,
1, ,53, ,
3, ,53, ,
1, ,54, ,
4, ,52, ,
1, ,54, ,
4, ,53, ,
8, ,53, ,
4, ,53, ,
-1, ,53, ,
5, ,52, ,
3, ,54, ,
3, ,53, ,
1, ,53, ,
-1, ,53, ,
1, ,54, ,
3, ,52, ,
0, ,54, ,
5, ,53, ,
5, ,53, ,
4, ,53, ,
-1, ,53, ,
0, ,53, ,
3, ,54, ,
0, ,53, ,
-1, ,53, ,
0, ,53, ,
4, ,53, ,
5, ,52, ,
-2, ,54, ,
3, ,53, ,
3, ,53, ,
1, ,53, ,
-1, ,53, ,
3, ,52, ,
4, ,54, ,
1, ,53, ,
1, ,53, ,
1, ,54, ,
4, ,54, ,
5, ,52, ,
1, ,53, ,
3, ,53, ,
5, ,53, ,
1, ,53, ,
0, ,54, ,
3, ,53, ,
-1, ,54, ,
-1, ,53, ,
-4, ,53, ,
0, ,54, ,
-2, ,53, ,
4, ,52, ,
-4, ,54, ,
4, ,54, ,
4, ,53, ,
0, ,53, ,
-6, ,53, ,
3, ,53, ,
-4, ,54, ,
1, ,52, ,
0, ,53, ,
4, ,54, ,
5, ,53, ,
3, ,52, ,
-1, ,54, ,
0, ,53, ,
1, ,53, ,
0, ,53, ,
-1, ,53, ,
3, ,53, ,
0, ,54, ,
0, ,53, ,
1, ,53, ,
0, ,53, ,
0, ,53, ,
1, ,52, ,
0, ,54, ,
1, ,53, ,
1, ,53, ,
0, ,53, ,
-2, ,53, ,
3, ,52, ,
-1, ,54, ,
1, ,52, ,
-2, ,53, ,
-1, ,54, ,
0, ,53, ,
1, ,52, ,
-5, ,54, ,
3, ,53, ,
3, ,53, ,
0, ,53, ,
-2, ,54, ,
5, ,52, ,
1, ,54, ,
-1, ,53, ,
-2, ,53, ,
-1, ,53, ,
-1, ,53, ,
3, ,52, ,
-1, ,54, ,
4, ,53, ,
3, ,53, ,
1, ,53, ,
-2, ,53, ,
1, ,52, ,
-2, ,54, ,
0, ,52, ,
-1, ,53, ,
1, ,53, ,
3, ,53, ,
1, ,52, ,
-2, ,54, ,
0, ,53, ,
1, ,53, ,
-1, ,53, ,
-2, ,54, ,
3, ,53, ,
0, ,54, ,
0, ,52, ,
3, ,53, ,
3, ,54, ,
-1, ,53, ,
1, ,52, ,
-4, ,54, ,
0, ,54, ,
1, ,53, ,
1, ,53, ,
-1, ,54, ,
1, ,52, ,
-1, ,54, ,
-1, ,53, ,
-6, ,53, ,
-5, ,54, ,
-4, ,53, ,
-1, ,52, ,
-5, ,54, ,
-1, ,54, ,
-1, ,53, ,
-1, ,53, ,
-1, ,53, ,
1, ,53, ,
1, ,54, ,
3, ,53, ,
0, ,53, ,
0, ,53, ,
0, ,54, ,
4, ,52, ,
-4, ,54, ,
-2, ,54, ,
0, ,53, ,
0, ,53, ,
-1, ,53, ,
0, ,52, ,
1, ,54, ,
1, ,53, ,
5, ,53, ,
3, ,54, ,
-7, ,54, ,
0, ,52, ,
-9, ,54, ,
-1, ,53, ,
3, ,53, ,
-1, ,53, ,
-1, ,53, ,
8, ,53, ,
9, ,54, ,
0, ,53, ,
-2, ,53, ,
3, ,53, ,
-2, ,53, ,
0, ,52, ,
-5, ,54, ,
0, ,53, ,
5, ,53, ,
3, ,53, ,
-4, ,53, ,
8, ,52, ,
4, ,54, ,
3, ,53, ,
8, ,53, ,
6, ,54, ,
5, ,54, ,
4, ,52, ,
-1, ,54, ,
3, ,53, ,
1, ,53, ,
-4, ,53, ,
-5, ,54, ,
6, ,52, ,
1, ,54, ,
1, ,53, ,
3, ,53, ,
1, ,54, ,
1, ,54, ,
5, ,52, ,
-1, ,54, ,
1, ,53, ,
4, ,53, ,
3, ,53, ,
1, ,54, ,
5, ,52, ,
1, ,54, ,
3, ,53, ,
-2, ,53, ,
0, ,54, ,
3, ,53, ,
1, ,52, ,
-6, ,53, ,
1, ,53, ,
0, ,53, ,
0, ,53, ,
-4, ,54, ,
5, ,52, ,
4, ,54, ,
3, ,52, ,
-1, ,53, ,
1, ,53, ,
1, ,53, ,
4, ,52, ,
-1, ,54, ,
5, ,53, ,
8, ,53, ,
3, ,53, ,
-2, ,54, ,
3, ,53, ,
-2, ,54, ,
-1, ,52, ,
-4, ,53, ,
4, ,54, ,
8, ,54, ,
9, ,52, ,
0, ,54, ,
-1, ,53, ,
-1, ,53, ,
-1, ,53, ,
-4, ,53, ,
1, ,52, ,
-2, ,54, ,
1, ,53, ,
-1, ,53, ,
-1, ,53, ,
-2, ,53, ,
1, ,52, ,
-4, ,53, ,
3, ,53, ,
6, ,53, ,
4, ,53, ,
1, ,54, ,
8, ,52, ,
8, ,54, ,
6, ,53, ,
3, ,53, ,
-1, ,54, ,
1, ,54, ,
1, ,52, ,
-2, ,53, ,
3, ,53, ,
6, ,53, ,
5, ,53, ,
1, ,53, ,
6, ,53, ,
8, ,54, ,
5, ,53, ,
3, ,53, ,
1, ,54, ,
4, ,53, ,
4, ,52, ,
-2, ,54, ,
3, ,53, ,
5, ,53, ,
3, ,53, ,
-1, ,53, ,
3, ,52, ,
1, ,54, ,
1, ,53, ,
1, ,53, ,
3, ,54, ,
3, ,53, ,
6, ,52, ,
0, ,54, ,
3, ,53, ,
4, ,53, ,
0, ,53, ,
-2, ,53, ,
5, ,52, ,
5, ,54, ,
3, ,53, ,
3, ,53, ,
1, ,54, ,
-1, ,54, ,
3, ,52, ,
-2, ,54, ,
-1, ,53, ,
1, ,53, ,
-2, ,53, ,
-1, ,54, ,
1, ,52, ,
-5, ,54, ,
3, ,53, ,
-1, ,53, ,
-1, ,53, ,
0, ,53, ,
3, ,52, ,
-4, ,54, ,
0, ,53, ,
1, ,53, ,
-2, ,53, ,
-6, ,53, ,
0, ,53, ,
-4, ,54, ,
-2, ,53, ,
0, ,53, ,
0, ,54, ,
1, ,53, ,
5, ,52, ,
0, ,54, ,
5, ,53, ,
5, ,53, ,
0, ,53, ,
-5, ,54, ,
1, ,53, ,
-4, ,54, ,
0, ,53, ,
1, ,53, ,
1, ,53, ,
4, ,54, ,
3, ,52, ,
-4, ,54, ,
0, ,53, ,
-1, ,53, ,
0, ,53, ,
-5, ,54, ,
4, ,53, ,
3, ,54, ,
0, ,53, ,
-1, ,53, ,
1, ,53, ,
-2, ,53, ,
1, ,52, ,
-5, ,54, ,
3, ,54, ,
4, ,53, ,
-1, ,53, ,
-4, ,54, ,
0, ,52, ,
-2, ,54, ,
-2, ,53, ,
-4, ,53, ,
-2, ,54, ,
1, ,53, ,
5, ,52, ,
-2, ,53, ,
3, ,53, ,
4, ,53, ,
0, ,53, ,
-5, ,53, ,
0, ,52, ,
1, ,54, ,
-5, ,53, ,
-4, ,53, ,
0, ,53, ,
3, ,53, ,
4, ,52, ,
-2, ,54, ,
4, ,53, ,
3, ,53, ,
1, ,53, ,
-4, ,53, ,
3, ,53, ,
-2, ,54, ,
-2, ,53, ,
-4, ,53, ,
-2, ,54, ,
-2, ,54, ,
-1, ,52, ,
-7, ,54, ,
-1, ,54, ,
-2, ,53, ,
-2, ,53, ,
-7, ,53, ,
0, ,52, ,
0, ,54, ,
-1, ,53, ,
0, ,53, ,
-1, ,54, ,
-2, ,54, ,
0, ,52, ,
-4, ,54, ,
-1, ,54, ,
4, ,53, ,
3, ,53, ,
-1, ,53, ,
3, ,53, ,
-1, ,53, ,
3, ,53, ,
0, ,53, ,
0, ,54, ,
3, ,53, ,
5, ,52, ,
-2, ,53, ,
3, ,54, ,
1, ,53, ,
1, ,53, ,
-2, ,54, ,
4, ,52, ,
3, ,54, ,
0, ,53, ,
0, ,53, ,
1, ,54, ,
-1, ,53, ,
-1, ,52, ,
-6, ,54, ,
-2, ,53, ,
3, ,53, ,
-2, ,53, ,
-4, ,53, ,
9, ,53, ,
3, ,54, ,
8, ,53, ,
3, ,53, ,
1, ,53, ,
0, ,53, ,
1, ,52, ,
0, ,54, ,
4, ,53, ,
4, ,53, ,
4, ,53, ,
-1, ,53, ,
4, ,52, ,
-1, ,54, ,
0, ,53, ,
-2, ,53, ,
-2, ,54, ,
0, ,53, ,
6, ,52, ,
3, ,54, ,
5, ,54, ,
8, ,53, ,
5, ,53, ,
3, ,53, ,
6, ,52, ,
5, ,54, ,
4, ,53, ,
3, ,53, ,
3, ,54, ,
3, ,54, ,
0, ,52, ,
-6, ,54, ,
0, ,53, ,
0, ,53, ,
3, ,53, ,
0, ,54, ,
5, ,53, ,
6, ,54, ,
3, ,53, ,
0, ,53, ,
1, ,54, ,
0, ,53, ,
1, ,52, ,
-5, ,53, ,
0, ,53, ,
8, ,53, ,
4, ,53, ,
0, ,54, ,
6, ,52, ,
4, ,54, ,
3, ,53, ,
0, ,53, ,
3, ,53, ,
5, ,54, ,
6, ,52, ,
-1, ,54, ,
3, ,54, ,
8, ,53, ,
3, ,53, ,
-1, ,53, ,
6, ,52, ,
3, ,54, ,
3, ,53, ,
3, ,53, ,
3, ,54, ,
3, ,54, ,
5, ,52, ,
-2, ,54, ,
0, ,53, ,
5, ,53, ,
0, ,53, ,
-1, ,53, ,
5, ,53, ,
1, ,54, ,
4, ,53, ,
3, ,53, ,
1, ,54, ,
1, ,54, ,
4, ,52, ,
1, ,54, ,
4, ,53, ,
4, ,53, ,
4, ,53, ,
1, ,54, ,
8, ,52, ,
6, ,54, ,
4, ,53, ,
4, ,53, ,
3, ,53, ,
5, ,54, ,
6, ,52, ,
0, ,54, ,
3, ,53, ,
6, ,53, ,
5, ,53, ,
1, ,53, ,
5, ,52, ,
3, ,54, ,
3, ,53, ,
-2, ,53, ,
3, ,54, ,
0, ,53, ,
3, ,51, ,
3, ,46, ,
4, ,36, ,
1, ,26, ,
-1, ,17, ,
-7, ,9, ,
-1, ,3, ,
-1, ,-3, ,
-1, ,-8, ,
-2, ,-13, ,
-1, ,-17, ,
-5, ,-20, ,
-1, ,-22, ,
-6, ,-25, ,
-2, ,-27, ,
-1, ,-28, ,
-4, ,-31, ,
-6, ,-32, ,
1, ,-34, ,
-2, ,-35, ,
3, ,-35, ,
1, ,-36, ,
4, ,-37, ,
4, ,-37, ,
4, ,-37, ,
0, ,-38, ,
1, ,-38, ,
3, ,-38, ,
1, ,-39, ,
-4, ,-39, ,
1, ,-39, ,
1, ,-40, ,
0, ,-40, ,
0, ,-39, ,
1, ,-40, ,
4, ,-40, ,
3, ,-39, ,
-2, ,-40, ,
5, ,-40, ,
6, ,-40, ,
1, ,-40, ,
-1, ,-40, ,
5, ,-39, ,
0, ,-41, ,
0, ,-40, ,
0, ,-40, ,
-1, ,-40, ,
3, ,-40, ,
1, ,-40, ,
-2, ,-40, ,
0, ,-40, ,
0, ,-40, ,
-2, ,-40, ,
-6, ,-40, ,
0, ,-39, ,
0, ,-41, ,
1, ,-40, ,
-1, ,-39, ,
3, ,-40, ,
3, ,-40, ,
6, ,-39, ,
0, ,-40, ,
0, ,-40, ,
3, ,-40, ,
-2, ,-40, ,
-7, ,-40, ,
0, ,-40, ,
-2, ,-40, ,
3, ,-40, ,
0, ,-40, ,
0, ,-40, ,
1, ,-40, ,
1, ,-39, ,
-7, ,-40, ,
-2, ,-40, ,
0, ,-40, ,
-5, ,-40, ,
-5, ,-40, ,
0, ,-39, ,
0, ,-40, ,
-2, ,-40, ,
-2, ,-39, ,
0, ,-40, ,
1, ,-40, ,
4, ,-39, ,
0, ,-40, ,
1, ,-40, ,
4, ,-40, ,
-1, ,-40, ,
-4, ,-40, ,
1, ,-40, ,
-2, ,-40, ,
-10, ,-40, ,
-1, ,-39, ,
3, ,-40, ,
1, ,-40, ,
4, ,-39, ,
-5, ,-40, ,
0, ,-40, ,
1, ,-39, ,
-4, ,-40, ,
-10, ,-40, ,
-1, ,-39, ,
0, ,-40, ,
-2, ,-40, ,
-5, ,-39, ,
0, ,-39, ,
-1, ,-40, ,
0, ,-39, ,
-6, ,-40, ,
1, ,-39, ,
4, ,-39, ,
1, ,-40, ,
-4, ,-39, ,
3, ,-39, ,
-4, ,-40, ,
-2, ,-40, ,
-2, ,-39, ,
-1, ,-39, ,
0, ,-40, ,
-1, ,-39, ,
-6, ,-40, ,
-2, ,-40, ,
4, ,-39, ,
0, ,-40, ,
-7, ,-40, ,
1, ,-39, ,
-1, ,-40, ,
-4, ,-40, ,
-4, ,-39, ,
-2, ,-40, ,
-2, ,-40, ,
3, ,-39, ,
-5, ,-40, ,
-1, ,-40, ,
3, ,-39, ,
-2, ,-40, ,
-4, ,-39, ,
1, ,-39, ,
-2, ,-40, ,
1, ,-40, ,
-1, ,-39, ,
3, ,-40, ,
1, ,-40, ,
-1, ,-39, ,
-5, ,-40, ,
-1, ,-40, ,
0, ,-39, ,
-1, ,-40, ,
-6, ,-39, ,
1, ,-39, ,
-1, ,-40, ,
-5, ,-40, ,
-7, ,-39, ,
-4, ,-39, ,
-5, ,-40, ,
-2, ,-39, ,
-7, ,-40, ,
1, ,-40, ,
3, ,-39, ,
-1, ,-40, ,
-2, ,-39, ,
5, ,-39, ,
3, ,-40, ,
1, ,-39, ,
-2, ,-39, ,
-2, ,-39, ,
1, ,-40, ,
3, ,-39, ,
-6, ,-40, ,
3, ,-39, ,
1, ,-39, ,
0, ,-40, ,
-1, ,-39, ,
1, ,-39, ,
1, ,-40, ,
-1, ,-40, ,
-1, ,-39, ,
1, ,-39, ,
0, ,-40, ,
0, ,-39, ,
-1, ,-39, ,
1, ,-40, ,
9, ,-39, ,
1, ,-39, ,
-2, ,-39, ,
6, ,-39, ,
0, ,-40, ,
1, ,-39, ,
1, ,-39, ,
3, ,-39, ,
4, ,-40, ,
5, ,-39, ,
-2, ,-40, ,
1, ,-39, ,
4, ,-39, ,
3, ,-39, ,
1, ,-39, ,
6, ,-39, ,
8, ,-40, ,
4, ,-39, ,
1, ,-39, ,
1, ,-39, ,
-1, ,-40, ,
4, ,-39, ,
-4, ,-40, ,
4, ,-40, ,
9, ,-39, ,
3, ,-40, ,
0, ,-39, ,
6, ,-39, ,
3, ,-40, ,
1, ,-40, ,
-9, ,-39, ,
0, ,-40, ,
11, ,-40, ,
4, ,-39, ,
4, ,-39, ,
5, ,-40, ,
1, ,-39, ,
-2, ,-40, ,
-4, ,-39, ,
1, ,-39, ,
1, ,-40, ,
-1, ,-39, ,
3, ,-39, ,
4, ,-39, ,
-2, ,-40, ,
1, ,-39, ,
-2, ,-40, ,
1, ,-40, ,
6, ,-39, ,
4, ,-39, ,
4, ,-39, ,
5, ,-40, ,
3, ,-40, ,
4, ,-39, ,
3, ,-39, ,
4, ,-39, ,
3, ,-40, ,
8, ,-39, ,
0, ,-40, ,
5, ,-40, ,
6, ,-39, ,
3, ,-39, ,
0, ,-39, ,
9, ,-39, ,
6, ,-40, ,
0, ,-39, ,
-1, ,-39, ,
0, ,-39, ,
4, ,-39, ,
5, ,-39, ,
1, ,-39, ,
4, ,-40, ,
4, ,-39, ,
0, ,-39, ,
-1, ,-39, ,
1, ,-39, ,
0, ,-40, ,
4, ,-39, ,
4, ,-39, ,
5, ,-39, ,
4, ,-40, ,
5, ,-39, ,
-2, ,-39, ,
-1, ,-40, ,
1, ,-39, ,
-1, ,-40, ,
-7, ,-39, ,
4, ,-39, ,
3, ,-40, ,
1, ,-39, ,
0, ,-39, ,
3, ,-39, ,
6, ,-39, ,
10, ,-39, ,
6, ,-39, ,
8, ,-39, ,
10, ,-39, ,
4, ,-39, ,
0, ,-39, ,
8, ,-39, ,
3, ,-40, ,
4, ,-39, ,
3, ,-39, ,
0, ,-39, ,
3, ,-40, ,
3, ,-39, ,
-4, ,-40, ,
1, ,-39, ,
3, ,-39, ,
3, ,-40, ,
-1, ,-39, ,
3, ,-39, ,
5, ,-40, ,
4, ,-40, ,
1, ,-39, ,
4, ,-39, ,
3, ,-40, ,
5, ,-39, ,
-1, ,-39, ,
4, ,-40, ,
4, ,-39, ,
0, ,-39, ,
-4, ,-39, ,
1, ,-39, ,
1, ,-40, ,
1, ,-39, ,
1, ,-39, ,
4, ,-39, ,
4, ,-40, ,
5, ,-39, ,
-2, ,-40, ,
0, ,-40, ,
-1, ,-39, ,
-1, ,-40, ,
-5, ,-39, ,
1, ,-39, ,
-4, ,-40, ,
-6, ,-40, ,
-10, ,-39, ,
-11, ,-39, ,
-14, ,-40, ,
-12, ,-39, ,
-19, ,-40, ,
-9, ,-40, ,
-2, ,-39, ,
-4, ,-39, ,
-5, ,-39, ,
8, ,-39, ,
13, ,-40, ,
14, ,-39, ,
10, ,-39, ,
8, ,-39, ,
9, ,-40, ,
8, ,-39, ,
-4, ,-40, ,
0, ,-39, ,
0, ,-39, ,
-2, ,-40, ,
-7, ,-39, ,
0, ,-39, ,
-2, ,-40, ,
-2, ,-39, ,
0, ,-39, ,
0, ,-39, ,
1, ,-39, ,
4, ,-39, ,
-2, ,-39, ,
1, ,-40, ,
1, ,-39, ,
-4, ,-39, ,
-7, ,-39, ,
1, ,-39, ,
-2, ,-40, ,
0, ,-39, ,
1, ,-39, ,
3, ,-39, ,
3, ,-40, ,
1, ,-39, ,
-4, ,-40, ,
0, ,-40, ,
-1, ,-39, ,
-4, ,-39, ,
-9, ,-39, ,
-2, ,-39, ,
-2, ,-40, ,
-2, ,-39, ,
-2, ,-39, ,
-1, ,-39, ,
0, ,-40, ,
3, ,-39, ,
-6, ,-39, ,
-2, ,-40, ,
-1, ,-39, ,
-5, ,-39, ,
-6, ,-39, ,
-2, ,-39, ,
-6, ,-40, ,
-4, ,-39, ,
-6, ,-39, ,
-2, ,-39, ,
1, ,-40, ,
3, ,-39, ,
0, ,-40, ,
1, ,-39, ,
4, ,-40, ,
-1, ,-40, ,
-7, ,-39, ,
-1, ,-39, ,
-4, ,-40, ,
-4, ,-39, ,
-4, ,-39, ,
-2, ,-39, ,
-2, ,-40, ,
0, ,-39, ,
-7, ,-39, ,
-1, ,-39, ,
0, ,-39, ,
-2, ,-40, ,
-4, ,-39, ,
3, ,-39, ,
1, ,-40, ,
1, ,-39, ,
-1, ,-39, ,
-1, ,-39, ,
0, ,-40, ,
-1, ,-39, ,
-6, ,-39, ,
0, ,-39, ,
4, ,-39, ,
1, ,-40, ,
-1, ,-39, ,
1, ,-39, ,
-1, ,-40, ,
-1, ,-39, ,
-5, ,-39, ,
-4, ,-39, ,
-1, ,-40, ,
1, ,-39, ,
-2, ,-40, ,
4, ,-40, ,
8, ,-39, ,
0, ,-39, ,
0, ,-39, ,
3, ,-39, ,
1, ,-40, ,
4, ,-39, ,
-1, ,-39, ,
4, ,-39, ,
4, ,-40, ,
1, ,-39, ,
-5, ,-40, ,
0, ,-40, ,
5, ,-39, ,
0, ,-40, ,
0, ,-39, ,
6, ,-39, ,
5, ,-40, ,
4, ,-39, ,
1, ,-39, ,
0, ,-39, ,
1, ,-40, ,
3, ,-39, ,
0, ,-39, ,
1, ,-40, ,
4, ,-39, ,
3, ,-40, ,
-1, ,-39, ,
5, ,-39, ,
-1, ,-40, ,
3, ,-39, ,
-1, ,-39, ,
1, ,-39, ,
4, ,-39, ,
3, ,-39, ,
-1, ,-39, ,
4, ,-40, ,
3, ,-40, ,
1, ,-40, ,
-5, ,-40, ,
4, ,-39, ,
1, ,-40, ,
-4, ,-40, ,
0, ,-39, ,
1, ,-39, ,
-1, ,-40, ,
3, ,-39, ,
-2, ,-40, ,
3, ,-40, ,
8, ,-39, ,
1, ,-39, ,
-2, ,-39, ,
1, ,-39, ,
-1, ,-40, ,
0, ,-39, ,
-5, ,-39, ,
0, ,-39, ,
-2, ,-40, ,
0, ,-39, ,
-4, ,-40, ,
3, ,-40, ,
4, ,-39, ,
-1, ,-39, ,
-1, ,-39, ,
5, ,-39, ,
4, ,-40, ,
3, ,-39, ,
0, ,-39, ,
3, ,-39, ,
0, ,-40, ,
1, ,-39, ,
-5, ,-39, ,
0, ,-40, ,
5, ,-39, ,
3, ,-39, ,
0, ,-39, ,
6, ,-39, ,
3, ,-40, ,
3, ,-39, ,
1, ,-39, ,
3, ,-39, ,
4, ,-40, ,
3, ,-39, ,
3, ,-40, ,
6, ,-40, ,
8, ,-39, ,
4, ,-40, ,
-1, ,-39, ,
5, ,-39, ,
1, ,-40, ,
1, ,-39, ,
0, ,-39, ,
0, ,-39, ,
0, ,-39, ,
4, ,-39, ,
0, ,-40, ,
5, ,-40, ,
9, ,-39, ,
4, ,-40, ,
1, ,-39, ,
6, ,-39, ,
5, ,-40, ,
3, ,-39, ,
3, ,-39, ,
5, ,-39, ,
9, ,-40, ,
10, ,-39, ,
4, ,-39, ,
8, ,-40, ,
10, ,-39, ,
8, ,-39, ,
5, ,-39, ,
8, ,-39, ,
8, ,-40, ,
4, ,-39, ,
1, ,-39, ,
4, ,-39, ,
4, ,-40, ,
6, ,-39, ,
0, ,-40, ,
6, ,-39, ,
10, ,-39, ,
5, ,-40, ,
9, ,-39, ,
8, ,-39, ,
0, ,-40, ,
6, ,-39, ,
4, ,-39, ,
1, ,-39, ,
4, ,-40, ,
3, ,-39, ,
0, ,-40, ,
3, ,-40, ,
6, ,-39, ,
4, ,-40, ,
3, ,-39, ,
8, ,-39, ,
6, ,-40, ,
5, ,-39, ,
4, ,-39, ,
4, ,-39, ,
5, ,-40, ,
4, ,-39, ,
-2, ,-40, ,
0, ,-39, ,
5, ,-39, ,
0, ,-39, ,
-2, ,-39, ,
6, ,-39, ,
4, ,-40, ,
6, ,-39, ,
4, ,-39, ,
3, ,-39, ,
6, ,-40, ,
6, ,-39, ,
-2, ,-40, ,
3, ,-40, ,
6, ,-39, ,
1, ,-40, ,
-1, ,-40, ,
5, ,-39, ,
5, ,-40, ,
6, ,-39, ,
3, ,-39, ,
0, ,-39, ,
1, ,-39, ,
3, ,-39, ,
-4, ,-40, ,
0, ,-39, ,
3, ,-39, ,
0, ,-40, ,
-2, ,-40, ,
1, ,-39, ,
-2, ,-40, ,
-1, ,-39, ,
-2, ,-39, ,
-1, ,-39, ,
1, ,-40, ,
4, ,-39, ,
-1, ,-40, ,
0, ,-40, ,
-1, ,-39, ,
-2, ,-39, ,
-5, ,-39, ,
-2, ,-39, ,
1, ,-40, ,
0, ,-39, ,
-1, ,-39, ,
-1, ,-39, ,
-1, ,-39, ,
-1, ,-39, ,
-10, ,-39, ,
-5, ,-40, ,
-2, ,-39, ,
-6, ,-40, ,
-6, ,-39, ,
-1, ,-39, ,
-4, ,-40, ,
-1, ,-39, ,
-4, ,-39, ,
-2, ,-39, ,
-1, ,-40, ,
-2, ,-39, ,
-6, ,-40, ,
-2, ,-39, ,
-1, ,-39, ,
-4, ,-40, ,
-10, ,-39, ,
-1, ,-39, ,
-5, ,-40, ,
-6, ,-40, ,
-5, ,-39, ,
-4, ,-39, ,
-2, ,-39, ,
-2, ,-39, ,
-9, ,-40, ,
-6, ,-40, ,
-1, ,-39, ,
-7, ,-39, ,
-9, ,-39, ,
-4, ,-39, ,
-4, ,-40, ,
-2, ,-39, ,
-4, ,-39, ,
-2, ,-39, ,
0, ,-40, ,
0, ,-39, ,
-9, ,-40, ,
-5, ,-39, ,
-1, ,-39, ,
-6, ,-40, ,
-7, ,-39, ,
0, ,-39, ,
-1, ,-40, ,
-4, ,-40, ,
-6, ,-39, ,
-5, ,-39, ,
-5, ,-40, ,
-2, ,-39, ,
-7, ,-40, ,
0, ,-39, ,
4, ,-39, ,
-5, ,-40, ,
-7, ,-39, ,
-2, ,-39, ,
-4, ,-40, ,
-2, ,-39, ,
-6, ,-39, ,
-5, ,-39, ,
-4, ,-40, ,
-4, ,-39, ,
-9, ,-39, ,
-4, ,-40, ,
1, ,-39, ,
-2, ,-40, ,
-4, ,-39, ,
1, ,-39, ,
1, ,-40, ,
-1, ,-39, ,
-1, ,-39, ,
-2, ,-39, ,
-1, ,-39, ,
0, ,-39, ,
-6, ,-40, ,
-2, ,-39, ,
0, ,-39, ,
-2, ,-40, ,
-10, ,-39, ,
0, ,-39, ,
-6, ,-40, ,
-2, ,-39, ,
-5, ,-39, ,
-2, ,-39, ,
0, ,-40, ,
-1, ,-39, ,
-5, ,-39, ,
-1, ,-40, ,
-1, ,-39, ,
0, ,-40, ,
-6, ,-39, ,
0, ,-39, ,
1, ,-40, ,
-1, ,-40, ,
-4, ,-39, ,
-2, ,-39, ,
-2, ,-40, ,
3, ,-39, ,
-4, ,-40, ,
1, ,-39, ,
5, ,-40, ,
1, ,-39, ,
0, ,-39, ,
4, ,-39, ,
0, ,-40, ,
-2, ,-39, ,
-2, ,-39, ,
-1, ,-39, ,
0, ,-40, ,
1, ,-39, ,
-1, ,-40, ,
3, ,-39, ,
4, ,-39, ,
0, ,-39, ,
-1, ,-40, ,
5, ,-39, ,
4, ,-40, ,
1, ,-40, ,
0, ,-39, ,
4, ,-39, ,
1, ,-39, ,
4, ,-39, ,
-1, ,-40, ,
1, ,-40, ,
6, ,-40, ,
0, ,-40, ,
-1, ,-39, ,
6, ,-39, ,
3, ,-40, ,
3, ,-39, ,
3, ,-39, ,
4, ,-40, ,
4, ,-40, ,
6, ,-39, ,
1, ,-37, ,
0, ,-31, ,
6, ,-20, ,
8, ,-11, ,
6, ,-2, ,
15, ,6, ,
10, ,13, ,
4, ,18, ,
0, ,23, ,
3, ,27, ,
8, ,31, ,
9, ,34, ,
4, ,37, ,
5, ,40, ,
6, ,41, ,
3, ,43, ,
-2, ,44, ,
6, ,45, ,
5, ,47, ,
6, ,47, ,
5, ,49, ,
6, ,50, ,
3, ,51, ,
8, ,50, ,
6, ,52, ,
8, ,52, ,
9, ,52, ,
6, ,53, ,
-2, ,52, ,
0, ,51, ,
0, ,54, ,
4, ,53, ,
1, ,53, ,
1, ,53, ,
4, ,54, ,
10, ,52, ,
5, ,54, ,
8, ,54, ,
10, ,53, ,
5, ,54, ,
0, ,54, ,
6, ,53, ,
3, ,55, ,
5, ,54, ,
4, ,54, ,
4, ,54, ,
5, ,54, ,
5, ,53, ,
-2, ,54, ,
0, ,54, ,
4, ,53, ,
1, ,54, ,
4, ,54, ,
10, ,53, ,
5, ,54, ,
5, ,53, ,
4, ,54, ,
3, ,54, ,
1, ,54, ,
5, ,53, ,
3, ,54, ,
5, ,54, ,
9, ,54, ,
6, ,54, ,
-1, ,54, ,
8, ,53, ,
1, ,54, ,
3, ,53, ,
4, ,54, ,
5, ,54, ,
5, ,54, ,
8, ,52, ,
6, ,54, ,
4, ,53, ,
0, ,53, ,
1, ,53, ,
-1, ,54, ,
6, ,52, ,
5, ,54, ,
4, ,53, ,
5, ,54, ,
3, ,54, ,
0, ,53, ,
3, ,52, ,
-7, ,54, ,
-1, ,53, ,
3, ,53, ,
1, ,54, ,
-2, ,54, ,
5, ,53, ,
0, ,54, ,
1, ,53, ,
0, ,53, ,
1, ,54, ,
0, ,54, ,
1, ,52, ,
-4, ,54, ,
1, ,54, ,
4, ,53, ,
0, ,53, ,
-1, ,54, ,
5, ,53, ,
3, ,54, ,
3, ,53, ,
-1, ,53, ,
3, ,54, ,
0, ,54, ,
1, ,52, ,
-4, ,54, ,
0, ,54, ,
1, ,53, ,
-2, ,53, ,
-6, ,53, ,
0, ,52, ,
-4, ,54, ,
1, ,52, ,
-1, ,54, ,
-1, ,53, ,
-2, ,53, ,
-1, ,52, ,
-6, ,54, ,
-2, ,53, ,
-1, ,53, ,
-1, ,53, ,
-5, ,53, ,
3, ,53, ,
0, ,54, ,
0, ,53, ,
-1, ,53, ,
-1, ,54, ,
1, ,53, ,
-1, ,52, ,
-5, ,54, ,
-2, ,54, ,
-1, ,53, ,
-2, ,53, ,
-4, ,54, ,
3, ,52, ,
-1, ,54, ,
1, ,53, ,
-1, ,53, ,
0, ,54, ,
1, ,54, ,
3, ,52, ,
-6, ,54, ,
-1, ,54, ,
0, ,53, ,
-4, ,53, ,
-6, ,54, ,
-1, ,52, ,
-2, ,54, ,
-2, ,53, ,
-2, ,53, ,
-2, ,54, ,
-2, ,54, ,
3, ,52, ,
-5, ,54, ,
-1, ,53, ,
-1, ,53, ,
-6, ,53, ,
-7, ,54, ,
0, ,52, ,
-1, ,54, ,
0, ,53, ,
-1, ,54, ,
-1, ,54, ,
-1, ,54, ,
-4, ,52, ,
-9, ,53, ,
-6, ,53, ,
-4, ,53, ,
-4, ,53, ,
-5, ,53, ,
3, ,52, ,
-1, ,54, ,
-1, ,53, ,
-2, ,53, ,
-4, ,54, ,
-5, ,53, ,
-2, ,52, ,
-1, ,54, ,
-1, ,53, ,
0, ,53, ,
-4, ,53, ,
-9, ,53, ,
-1, ,53, ,
-5, ,54, ,
-4, ,53, ,
-2, ,53, ,
-1, ,54, ,
0, ,54, ,
3, ,52, ,
-4, ,54, ,
-2, ,53, ,
-4, ,53, ,
-2, ,53, ,
-7, ,54, ,
0, ,52, ,
-1, ,54, ,
-2, ,53, ,
-4, ,53, ,
-2, ,54, ,
-1, ,54, ,
3, ,52, ,
-5, ,54, ,
1, ,54, ,
3, ,53, ,
1, ,53, ,
-1, ,54, ,
3, ,52, ,
0, ,54, ,
-1, ,53, ,
-1, ,53, ,
0, ,54, ,
0, ,54, ,
3, ,52, ,
-1, ,54, ,
0, ,54, ,
3, ,53, ,
0, ,53, ,
-2, ,54, ,
4, ,52, ,
-1, ,54, ,
0, ,53, ,
-4, ,53, ,
0, ,53, ,
0, ,53, ,
3, ,52, ,
-2, ,54, ,
1, ,53, ,
8, ,53, ,
0, ,53, ,
-4, ,54, ,
1, ,52, ,
-1, ,54, ,
0, ,53, ,
-1, ,53, ,
1, ,54, ,
1, ,53, ,
3, ,52, ,
-1, ,54, ,
3, ,53, ,
4, ,53, ,
3, ,53, ,
-2, ,53, ,
6, ,52, ,
3, ,54, ,
1, ,53, ,
1, ,53, ,
0, ,53, ,
0, ,54, ,
4, ,52, ,
-5, ,54, ,
-1, ,53, ,
-1, ,53, ,
3, ,53, ,
-7, ,54, ,
4, ,53, ,
9, ,54, ,
1, ,53, ,
3, ,53, ,
3, ,53, ,
1, ,53, ,
4, ,52, ,
-1, ,54, ,
4, ,53, ,
5, ,53, ,
4, ,53, ,
-1, ,54, ,
3, ,52, ,
-2, ,54, ,
0, ,53, ,
-1, ,53, ,
0, ,54, ,
1, ,53, ,
6, ,52, ,
-1, ,54, ,
6, ,54, ,
8, ,53, ,
4, ,53, ,
1, ,53, ,
5, ,53, ,
1, ,54, ,
4, ,53, ,
1, ,53, ,
4, ,53, ,
3, ,53, ,
8, ,52, ,
8, ,54, ,
4, ,53, ,
6, ,53, ,
5, ,53, ,
3, ,53, ,
9, ,53, ,
8, ,54, ,
3, ,52, ,
3, ,53, ,
5, ,54, ,
4, ,54, ,
4, ,52, ,
0, ,53, ,
5, ,53, ,
6, ,53, ,
4, ,53, ,
0, ,53, ,
5, ,53, ,
1, ,54, ,
4, ,52, ,
0, ,53, ,
1, ,53, ,
3, ,53, ,
4, ,52, ,
1, ,54, ,
4, ,53, ,
4, ,53, ,
4, ,53, ,
-1, ,53, ,
5, ,52, ,
4, ,54, ,
1, ,53, ,
4, ,53, ,
0, ,53, ,
1, ,53, ,
6, ,52, ,
0, ,54, ,
4, ,53, ,
4, ,53, ,
0, ,53, ,
-2, ,53, ,
3, ,53, ,
-1, ,54, ,
0, ,53, ,
0, ,53, ,
3, ,53, ,
0, ,53, ,
8, ,52, ,
-5, ,54, ,
-6, ,53, ,
0, ,53, ,
3, ,53, ,
-1, ,54, ,
6, ,52, ,
5, ,54, ,
4, ,53, ,
1, ,53, ,
3, ,53, ,
-1, ,53, ,
0, ,52, ,
-2, ,53, ,
0, ,54, ,
5, ,53, ,
1, ,53, ,
-1, ,54, ,
4, ,52, ,
-2, ,54, ,
1, ,52, ,
0, ,53, ,
-1, ,54, ,
3, ,53, ,
3, ,52, ,
-5, ,54, ,
1, ,54, ,
3, ,53, ,
1, ,53, ,
-2, ,54, ,
4, ,53, ,
1, ,53, ,
3, ,53, ,
0, ,53, ,
0, ,53, ,
1, ,53, ,
3, ,52, ,
-6, ,54, ,
0, ,53, ,
-1, ,53, ,
-1, ,53, ,
-2, ,54, ,
3, ,52, ,
1, ,54, ,
3, ,53, ,
1, ,53, ,
3, ,54, ,
0, ,53, ,
1, ,52, ,
-4, ,54, ,
-1, ,53, ,
1, ,53, ,
0, ,53, ,
-2, ,53, ,
0, ,53, ,
-1, ,54, ,
-4, ,52, ,
-5, ,53, ,
-1, ,54, ,
-1, ,53, ,
0, ,52, ,
-4, ,54, ,
0, ,53, ,
0, ,53, ,
-4, ,53, ,
-5, ,54, ,
0, ,52, ,
-1, ,54, ,
0, ,52, ,
-1, ,53, ,
0, ,54, ,
-2, ,53, ,
-2, ,52, ,
-11, ,53, ,
-6, ,53, ,
-2, ,53, ,
-4, ,53, ,
-6, ,53, ,
3, ,53, ,
0, ,54, ,
-1, ,53, ,
-2, ,53, ,
-2, ,53, ,
-4, ,53, ,
-1, ,52, ,
-7, ,54, ,
-1, ,54, ,
1, ,53, ,
-1, ,53, ,
-4, ,53, ,
3, ,53, ,
-1, ,54, ,
-1, ,53, ,
-2, ,53, ,
-4, ,54, ,
-2, ,53, ,
-1, ,52, ,
-7, ,54, ,
-1, ,53, ,
-2, ,53, ,
-2, ,53, ,
-4, ,54, ,
1, ,53, ,
-4, ,54, ,
-2, ,53, ,
-2, ,53, ,
-1, ,53, ,
-1, ,54, ,
0, ,52, ,
-4, ,53, ,
0, ,53, ,
1, ,53, ,
-1, ,53, ,
-2, ,53, ,
0, ,53, ,
-1, ,54, ,
-1, ,52, ,
3, ,53, ,
3, ,53, ,
3, ,53, ,
4, ,52, ,
-4, ,54, ,
0, ,54, ,
1, ,53, ,
-1, ,53, ,
-4, ,53, ,
3, ,52, ,
1, ,54, ,
-2, ,53, ,
-4, ,53, ,
-1, ,53, ,
-4, ,53, ,
0, ,52, ,
-6, ,54, ,
-1, ,54, ,
4, ,53, ,
1, ,53, ,
-2, ,53, ,
0, ,53, ,
-4, ,54, ,
-7, ,53, ,
-6, ,53, ,
-1, ,54, ,
-1, ,53, ,
3, ,52, ,
-1, ,54, ,
1, ,53, ,
3, ,53, ,
0, ,53, ,
-2, ,54, ,
5, ,52, ,
1, ,54, ,
0, ,52, ,
3, ,53, ,
-1, ,54, ,
0, ,54, ,
-2, ,52, ,
-9, ,54, ,
-2, ,53, ,
-1, ,53, ,
-2, ,53, ,
-2, ,53, ,
5, ,52, ,
1, ,54, ,
1, ,52, ,
1, ,53, ,
1, ,53, ,
5, ,54, ,
6, ,52, ,
1, ,54, ,
4, ,53, ,
4, ,53, ,
3, ,53, ,
-1, ,54, ,
4, ,52, ,
3, ,54, ,
1, ,53, ,
-2, ,53, ,
1, ,54, ,
0, ,53, ,
5, ,52, ,
-1, ,53, ,
3, ,54, ,
9, ,53, ,
3, ,53, ,
-1, ,54, ,
8, ,52, ,
3, ,54, ,
4, ,52, ,
1, ,53, ,
4, ,54, ,
4, ,53, ,
8, ,52, ,
3, ,54, ,
4, ,53, ,
5, ,53, ,
5, ,53, ,
3, ,53, ,
8, ,52, ,
4, ,54, ,
3, ,53, ,
1, ,53, ,
1, ,54, ,
5, ,54, ,
5, ,52, ,
1, ,54, ,
4, ,53, ,
3, ,53, ,
4, ,53, ,
4, ,53, ,
8, ,52, ,
1, ,53, ,
5, ,53, ,
1, ,53, ,
1, ,53, ,
3, ,53, ,
4, ,52, ,
-1, ,54, ,
4, ,53, ,
5, ,53, ,
5, ,53, ,
0, ,54, ,
8, ,53, ,
6, ,53, ,
0, ,53, ,
1, ,53, ,
1, ,54, ,
1, ,53, ,
5, ,52, ,
0, ,53, ,
5, ,53, ,
6, ,53, ,
1, ,53, ,
0, ,53, ,
6, ,53, ,
5, ,54, ,
3, ,53, ,
4, ,53, ,
5, ,53, ,
5, ,53, ,
6, ,52, ,
-2, ,54, ,
1, ,54, ,
1, ,53, ,
-4, ,53, ,
-6, ,53, ,
3, ,52, ,
-1, ,54, ,
1, ,53, ,
1, ,53, ,
0, ,54, ,
1, ,54, ,
3, ,52, ,
0, ,53, ,
4, ,53, ,
9, ,53, ,
4, ,53, ,
4, ,54, ,
8, ,52, ,
4, ,54, ,
1, ,53, ,
-1, ,53, ,
-1, ,53, ,
1, ,53, ,
3, ,52, ,
-2, ,54, ,
3, ,53, ,
5, ,53, ,
4, ,53, ,
-1, ,53, ,
8, ,52, ,
5, ,54, ,
4, ,53, ,
1, ,53, ,
1, ,54, ,
3, ,53, ,
3, ,52, ,
-2, ,54, ,
3, ,53, ,
5, ,53, ,
3, ,53, ,
-1, ,54, ,
4, ,52, ,
-1, ,54, ,
3, ,52, ,
1, ,53, ,
3, ,54, ,
1, ,54, ,
1, ,52, ,
-2, ,54, ,
3, ,53, ,
4, ,53, ,
3, ,53, ,
-1, ,54, ,
5, ,53, ,
0, ,54, ,
0, ,53, ,
-1, ,53, ,
-2, ,54, ,
-5, ,54, ,
-1, ,52, ,
-9, ,54, ,
-2, ,54, ,
1, ,53, ,
1, ,53, ,
-2, ,54, ,
6, ,52, ,
0, ,54, ,
1, ,52, ,
-4, ,53, ,
-1, ,54, ,
-1, ,53, ,
-1, ,52, ,
-5, ,54, ,
-2, ,53, ,
-1, ,53, ,
-1, ,53, ,
-4, ,53, ,
1, ,53, ,
-4, ,54, ,
-2, ,53, ,
-2, ,53, ,
-2, ,53, ,
0, ,54, ,
1, ,52, ,
-2, ,54, ,
-1, ,54, ,
1, ,53, ,
-1, ,53, ,
-2, ,53, ,
5, ,52, ,
1, ,54, ,
3, ,53, ,
1, ,53, ,
3, ,54, ,
3, ,53, ,
0, ,52, ,
-7, ,54, ,
-2, ,53, ,
-1, ,53, ,
-1, ,53, ,
0, ,53, ,
6, ,53, ,
5, ,54, ,
3, ,53, ,
-2, ,53, ,
-2, ,53, ,
-4, ,54, ,
-1, ,52, ,
-9, ,54, ,
-2, ,53, ,
0, ,53, ,
-1, ,53, ,
-6, ,54, ,
-2, ,52, ,
-5, ,54, ,
-2, ,53, ,
0, ,53, ,
1, ,53, ,
1, ,53, ,
3, ,52, ,
-2, ,53, ,
-1, ,54, ,
-1, ,53, ,
-2, ,53, ,
-6, ,54, ,
0, ,52, ,
-2, ,54, ,
0, ,53, ,
-2, ,53, ,
-2, ,54, ,
-2, ,53, ,
1, ,52, ,
-6, ,53, ,
-4, ,54, ,
8, ,53, ,
-1, ,53, ,
-9, ,53, ,
3, ,53, ,
-6, ,54, ,
-1, ,53, ,
-6, ,53, ,
-5, ,54, ,
-2, ,53, ,
-2, ,52, ,
-6, ,54, ,
-2, ,54, ,
-1, ,53, ,
-2, ,53, ,
-2, ,53, ,
3, ,52, ,
-1, ,54, ,
0, ,53, ,
0, ,53, ,
-1, ,54, ,
0, ,53, ,
3, ,52, ,
-4, ,53, ,
0, ,54, ,
3, ,53, ,
0, ,53, ,
-5, ,53, ,
1, ,52, ,
-1, ,54, ,
-1, ,53, ,
4, ,53, ,
1, ,54, ,
4, ,53, ,
9, ,52, ,
-2, ,54, ,
5, ,51, ,
3, ,43, ,
-1, ,34, ,
-9, ,23, ,
-5, ,15, ,
-4, ,6, ,
-2, ,1, ,
-2, ,-4, ,
-2, ,-9, ,
-2, ,-14, ,
-2, ,-18, ,
-11, ,-21, ,
-5, ,-23, ,
-2, ,-25, ,
-5, ,-27, ,
-6, ,-30, ,
-1, ,-32, ,
-4, ,-33, ,
0, ,-34, ,
-2, ,-34, ,
-2, ,-36, ,
-1, ,-36, ,
-2, ,-37, ,
-5, ,-37, ,
-1, ,-38, ,
1, ,-38, ,
-1, ,-38, ,
-4, ,-38, ,
0, ,-39, ,
-4, ,-39, ,
-2, ,-39, ,
-5, ,-39, ,
-1, ,-39, ,
1, ,-40, ,
4, ,-39, ,
1, ,-40, ,
4, ,-40, ,
5, ,-40, ,
-1, ,-40, ,
-4, ,-40, ,
1, ,-40, ,
-1, ,-41, ,
3, ,-40, ,
-1, ,-40, ,
1, ,-40, ,
4, ,-40, ,
1, ,-40, ,
-2, ,-40, ,
1, ,-40, ,
0, ,-40, ,
-1, ,-40, ,
-4, ,-40, ,
4, ,-40, ,
0, ,-41, ,
0, ,-40, ,
3, ,-39, ,
3, ,-40, ,
4, ,-40, ,
6, ,-40, ,
0, ,-40, ,
5, ,-40, ,
8, ,-40, ,
0, ,-40, ,
1, ,-40, ,
4, ,-40, ,
3, ,-40, ,
5, ,-40, ,
4, ,-39, ,
8, ,-40, ,
8, ,-40, ,
8, ,-39, ,
1, ,-40, ,
5, ,-40, ,
6, ,-40, ,
1, ,-40, ,
0, ,-40, ,
4, ,-40, ,
4, ,-40, ,
3, ,-40, ,
0, ,-40, ,
4, ,-40, ,
5, ,-40, ,
9, ,-39, ,
4, ,-40, ,
5, ,-40, ,
9, ,-40, ,
5, ,-40, ,
-1, ,-40, ,
5, ,-39, ,
0, ,-40, ,
4, ,-39, ,
1, ,-39, ,
4, ,-40, ,
5, ,-40, ,
4, ,-39, ,
0, ,-40, ,
1, ,-39, ,
3, ,-40, ,
0, ,-40, ,
-2, ,-39, ,
3, ,-39, ,
4, ,-40, ,
4, ,-40, ,
4, ,-39, ,
1, ,-39, ,
3, ,-40, ,
4, ,-39, ,
-1, ,-40, ,
3, ,-40, ,
5, ,-39, ,
0, ,-40, ,
1, ,-39, ,
5, ,-39, ,
3, ,-40, ,
0, ,-39, ,
-1, ,-39, ,
-1, ,-39, ,
3, ,-40, ,
4, ,-39, ,
-1, ,-40, ,
4, ,-40, ,
4, ,-39, ,
1, ,-40, ,
-2, ,-40, ,
0, ,-39, ,
0, ,-40, ,
0, ,-40, ,
-1, ,-39, ,
3, ,-39, ,
0, ,-40, ,
1, ,-39, ,
-5, ,-40, ,
0, ,-40, ,
1, ,-39, ,
-4, ,-40, ,
-2, ,-39, ,
4, ,-39, ,
1, ,-40, ,
5, ,-39, ,
3, ,-39, ,
5, ,-39, ,
4, ,-40, ,
4, ,-39, ,
1, ,-40, ,
3, ,-39, ,
5, ,-39, ,
3, ,-40, ,
0, ,-39, ,
4, ,-39, ,
1, ,-40, ,
1, ,-39, ,
-2, ,-39, ,
-1, ,-40, ,
1, ,-40, ,
3, ,-39, ,
1, ,-40, ,
3, ,-39, ,
6, ,-39, ,
1, ,-40, ,
-1, ,-39, ,
4, ,-39, ,
0, ,-40, ,
1, ,-39, ,
-1, ,-39, ,
0, ,-39, ,
3, ,-40, ,
-1, ,-39, ,
-5, ,-40, ,
0, ,-39, ,
1, ,-39, ,
1, ,-40, ,
-1, ,-40, ,
5, ,-39, ,
5, ,-40, ,
1, ,-39, ,
0, ,-39, ,
0, ,-40, ,
0, ,-40, ,
1, ,-39, ,
-5, ,-40, ,
0, ,-40, ,
1, ,-39, ,
-2, ,-40, ,
-2, ,-39, ,
4, ,-39, ,
1, ,-40, ,
-1, ,-39, ,
-1, ,-39, ,
-1, ,-39, ,
-2, ,-40, ,
-2, ,-39, ,
-6, ,-40, ,
-1, ,-39, ,
0, ,-39, ,
0, ,-39, ,
-4, ,-39, ,
1, ,-39, ,
0, ,-40, ,
-4, ,-39, ,
-4, ,-39, ,
-2, ,-39, ,
-4, ,-39, ,
1, ,-39, ,
-5, ,-39, ,
1, ,-39, ,
4, ,-39, ,
-1, ,-40, ,
-4, ,-39, ,
1, ,-39, ,
-2, ,-40, ,
0, ,-39, ,
-2, ,-39, ,
0, ,-39, ,
1, ,-40, ,
-2, ,-39, ,
-5, ,-39, ,
-2, ,-40, ,
-1, ,-39, ,
-2, ,-39, ,
-6, ,-39, ,
3, ,-39, ,
3, ,-40, ,
1, ,-39, ,
0, ,-39, ,
-2, ,-39, ,
0, ,-40, ,
1, ,-39, ,
-5, ,-39, ,
1, ,-40, ,
3, ,-39, ,
0, ,-39, ,
-4, ,-39, ,
1, ,-39, ,
-2, ,-40, ,
-2, ,-39, ,
-2, ,-39, ,
-2, ,-39, ,
0, ,-40, ,
1, ,-39, ,
-1, ,-40, ,
1, ,-39, ,
1, ,-39, ,
0, ,-40, ,
-5, ,-39, ,
3, ,-39, ,
0, ,-40, ,
-1, ,-40, ,
0, ,-39, ,
0, ,-39, ,
1, ,-40, ,
5, ,-39, ,
-4, ,-39, ,
0, ,-39, ,
3, ,-39, ,
-2, ,-40, ,
-4, ,-39, ,
1, ,-39, ,
1, ,-40, ,
1, ,-39, ,
0, ,-39, ,
3, ,-39, ,
1, ,-40, ,
3, ,-39, ,
-6, ,-40, ,
-1, ,-39, ,
0, ,-39, ,
-2, ,-40, ,
-6, ,-39, ,
3, ,-39, ,
-2, ,-40, ,
0, ,-40, ,
-4, ,-39, ,
-2, ,-39, ,
-1, ,-40, ,
0, ,-39, ,
-2, ,-40, ,
1, ,-40, ,
5, ,-39, ,
0, ,-39, ,
-2, ,-39, ,
5, ,-39, ,
0, ,-40, ,
1, ,-39, ,
0, ,-39, ,
0, ,-39, ,
0, ,-39, ,
0, ,-39, ,
-2, ,-40, ,
1, ,-39, ,
1, ,-39, ,
-1, ,-40, ,
-5, ,-39, ,
4, ,-39, ,
1, ,-40, ,
-4, ,-40, ,
-2, ,-39, ,
-2, ,-39, ,
4, ,-40, ,
6, ,-39, ,
0, ,-40, ,
0, ,-40, ,
1, ,-39, ,
-2, ,-40, ,
-5, ,-39, ,
3, ,-39, ,
1, ,-40, ,
0, ,-39, ,
-1, ,-39, ,
-2, ,-39, ,
0, ,-40, ,
3, ,-39, ,
-2, ,-39, ,
4, ,-39, ,
4, ,-39, ,
1, ,-40, ,
0, ,-40, ,
1, ,-39, ,
4, ,-40, ,
5, ,-39, ,
1, ,-39, ,
3, ,-39, ,
1, ,-39, ,
5, ,-39, ,
-1, ,-39, ,
0, ,-40, ,
8, ,-39, ,
1, ,-39, ,
0, ,-40, ,
6, ,-39, ,
6, ,-40, ,
6, ,-39, ,
4, ,-39, ,
4, ,-39, ,
5, ,-40, ,
5, ,-39, ,
0, ,-40, ,
3, ,-39, ,
3, ,-39, ,
-1, ,-40, ,
-6, ,-39, ,
1, ,-39, ,
1, ,-40, ,
3, ,-39, ,
3, ,-39, ,
0, ,-40, ,
3, ,-40, ,
4, ,-39, ,
-2, ,-39, ,
3, ,-39, ,
4, ,-39, ,
1, ,-39, ,
-2, ,-39, ,
4, ,-39, ,
1, ,-40, ,
3, ,-39, ,
3, ,-39, ,
4, ,-39, ,
3, ,-40, ,
0, ,-39, ,
-1, ,-40, ,
5, ,-39, ,
6, ,-39, ,
5, ,-39, ,
-1, ,-39, ,
4, ,-39, ,
4, ,-40, ,
0, ,-39, ,
4, ,-39, ,
4, ,-39, ,
0, ,-40, ,
1, ,-39, ,
-4, ,-39, ,
0, ,-39, ,
6, ,-39, ,
-5, ,-39, ,
-5, ,-40, ,
3, ,-39, ,
1, ,-40, ,
3, ,-39, ,
1, ,-39, ,
3, ,-39, ,
4, ,-40, ,
6, ,-39, ,
0, ,-39, ,
1, ,-39, ,
5, ,-39, ,
3, ,-39, ,
-1, ,-39, ,
4, ,-39, ,
4, ,-40, ,
1, ,-39, ,
0, ,-39, ,
3, ,-39, ,
1, ,-40, ,
4, ,-39, ,
-1, ,-40, ,
1, ,-39, ,
8, ,-39, ,
3, ,-40, ,
-1, ,-39, ,
4, ,-39, ,
-1, ,-40, ,
3, ,-39, ,
-1, ,-39, ,
-2, ,-39, ,
1, ,-40, ,
3, ,-39, ,
-4, ,-39, ,
1, ,-39, ,
4, ,-39, ,
3, ,-39, ,
-2, ,-39, ,
4, ,-39, ,
1, ,-40, ,
-1, ,-39, ,
-1, ,-39, ,
0, ,-39, ,
4, ,-40, ,
0, ,-39, ,
-4, ,-39, ,
8, ,-39, ,
3, ,-39, ,
-1, ,-39, ,
-2, ,-39, ,
3, ,-39, ,
0, ,-40, ,
1, ,-39, ,
1, ,-39, ,
1, ,-39, ,
0, ,-40, ,
1, ,-39, ,
-6, ,-40, ,
-1, ,-39, ,
3, ,-39, ,
0, ,-39, ,
-1, ,-39, ,
4, ,-39, ,
3, ,-40, ,
0, ,-40, ,
-2, ,-39, ,
-2, ,-39, ,
-4, ,-40, ,
1, ,-39, ,
-1, ,-39, ,
0, ,-40, ,
8, ,-39, ,
3, ,-39, ,
-2, ,-40, ,
0, ,-39, ,
-2, ,-40, ,
1, ,-39, ,
-2, ,-39, ,
-1, ,-39, ,
1, ,-40, ,
0, ,-39, ,
-5, ,-40, ,
-1, ,-39, ,
1, ,-39, ,
-1, ,-40, ,
-4, ,-39, ,
3, ,-39, ,
4, ,-40, ,
1, ,-39, ,
-9, ,-39, ,
-2, ,-39, ,
6, ,-40, ,
-1, ,-39, ,
1, ,-40, ,
3, ,-39, ,
6, ,-39, ,
0, ,-39, ,
-2, ,-40, ,
4, ,-39, ,
-1, ,-40, ,
-2, ,-39, ,
-4, ,-39, ,
0, ,-39, ,
-1, ,-40, ,
0, ,-39, ,
-6, ,-40, ,
-1, ,-39, ,
3, ,-39, ,
0, ,-39, ,
0, ,-39, ,
5, ,-39, ,
1, ,-40, ,
0, ,-40, ,
1, ,-39, ,
-1, ,-39, ,
-2, ,-40, ,
0, ,-39, ,
-6, ,-39, ,
1, ,-39, ,
4, ,-39, ,
-1, ,-39, ,
-2, ,-39, ,
0, ,-39, ,
-1, ,-40, ,
-1, ,-39, ,
-5, ,-39, ,
0, ,-39, ,
1, ,-40, ,
0, ,-39, ,
-4, ,-40, ,
-1, ,-40, ,
0, ,-39, ,
-1, ,-40, ,
-7, ,-40, ,
-1, ,-39, ,
-1, ,-40, ,
-4, ,-39, ,
-2, ,-39, ,
-1, ,-39, ,
-1, ,-40, ,
0, ,-39, ,
-6, ,-40, ,
-1, ,-40, ,
1, ,-40, ,
-2, ,-39, ,
-5, ,-40, ,
4, ,-39, ,
-2, ,-40, ,
0, ,-39, ,
-2, ,-39, ,
-2, ,-39, ,
0, ,-40, ,
1, ,-39, ,
-5, ,-40, ,
0, ,-39, ,
0, ,-39, ,
0, ,-40, ,
-1, ,-39, ,
5, ,-39, ,
3, ,-40, ,
-2, ,-39, ,
-4, ,-39, ,
-1, ,-39, ,
-1, ,-40, ,
4, ,-39, ,
-1, ,-40, ,
3, ,-40, ,
6, ,-39, ,
1, ,-40, ,
-2, ,-39, ,
1, ,-39, ,
0, ,-40, ,
1, ,-39, ,
1, ,-39, ,
0, ,-39, ,
3, ,-40, ,
4, ,-39, ,
-6, ,-40, ,
0, ,-39, ,
3, ,-39, ,
1, ,-40, ,
-2, ,-39, ,
4, ,-39, ,
4, ,-40, ,
1, ,-39, ,
-1, ,-39, ,
1, ,-40, ,
0, ,-40, ,
4, ,-39, ,
0, ,-40, ,
-1, ,-39, ,
3, ,-39, ,
-1, ,-39, ,
-4, ,-39, ,
4, ,-39, ,
0, ,-40, ,
3, ,-39, ,
-2, ,-39, ,
3, ,-39, ,
3, ,-40, ,
4, ,-39, ,
-2, ,-40, ,
1, ,-39, ,
3, ,-39, ,
1, ,-39, ,
-4, ,-39, ,
3, ,-39, ,
1, ,-40, ,
1, ,-40, ,
0, ,-39, ,
0, ,-40, ,
4, ,-40, ,
5, ,-39, ,
-1, ,-40, ,
3, ,-40, ,
3, ,-39, ,
-1, ,-40, ,
-4, ,-39, ,
4, ,-39, ,
-1, ,-40, ,
-1, ,-39, ,
-4, ,-39, ,
1, ,-39, ,
3, ,-40, ,
1, ,-39, ,
-4, ,-40, ,
0, ,-39, ,
-1, ,-39, ,
0, ,-39, ,
-1, ,-39, ,
5, ,-39, ,
5, ,-40, ,
5, ,-39, ,
5, ,-39, ,
4, ,-39, ,
1, ,-39, ,
5, ,-39, ,
-4, ,-40, ,
0, ,-39, ,
1, ,-39, ,
-2, ,-39, ,
-4, ,-39, ,
1, ,-39, ,
0, ,-40, ,
3, ,-40, ,
0, ,-39, ,
3, ,-39, ,
3, ,-40, ,
3, ,-39, ,
-2, ,-40, ,
1, ,-39, ,
3, ,-39, ,
0, ,-39, ,
-1, ,-39, ,
4, ,-39, ,
1, ,-40, ,
1, ,-40, ,
0, ,-39, ,
4, ,-39, ,
4, ,-39, ,
6, ,-39, ,
0, ,-39, ,
3, ,-40, ,
4, ,-39, ,
0, ,-39, ,
-2, ,-39, ,
4, ,-39, ,
1, ,-40, ,
3, ,-39, ,
3, ,-39, ,
4, ,-39, ,
5, ,-40, ,
1, ,-39, ,
-4, ,-40, ,
0, ,-39, ,
1, ,-39, ,
1, ,-39, ,
-5, ,-39, ,
4, ,-39, ,
3, ,-40, ,
-1, ,-40, ,
-2, ,-39, ,
-1, ,-39, ,
3, ,-40, ,
5, ,-39, ,
-1, ,-40, ,
1, ,-40, ,
4, ,-39, ,
-1, ,-39, ,
-5, ,-39, ,
4, ,-39, ,
0, ,-40, ,
1, ,-39, ,
-2, ,-39, ,
-1, ,-39, ,
1, ,-39, ,
4, ,-39, ,
-4, ,-40, ,
1, ,-40, ,
4, ,-39, ,
-1, ,-40, ,
-2, ,-39, ,
3, ,-39, ,
1, ,-40, ,
1, ,-39, ,
-1, ,-39, ,
0, ,-39, ,
-2, ,-39, ,
-4, ,-39, ,
-12, ,-39, ,
-12, ,-39, ,
-10, ,-39, ,
-14, ,-39, ,
-16, ,-40, ,
-2, ,-39, ,
-4, ,-40, ,
-1, ,-39, ,
-1, ,-39, ,
4, ,-39, ,
8, ,-40, ,
11, ,-39, ,
9, ,-40, ,
8, ,-40, ,
10, ,-39, ,
5, ,-39, ,
-2, ,-39, ,
3, ,-39, ,
0, ,-40, ,
0, ,-40, ,
-4, ,-39, ,
-4, ,-40, ,
-2, ,-39, ,
0, ,-39, ,
-5, ,-40, ,
3, ,-40, ,
6, ,-39, ,
1, ,-39, ,
-2, ,-40, ,
3, ,-39, ,
-4, ,-40, ,
-5, ,-39, ,
-7, ,-39, ,
-5, ,-39, ,
-1, ,-40, ,
3, ,-39, ,
-2, ,-40, ,
3, ,-39, ,
3, ,-39, ,
0, ,-40, ,
-2, ,-39, ,
0, ,-39, ,
0, ,-40, ,
-1, ,-40, ,
-2, ,-39, ,
-2, ,-39, ,
-4, ,-39, ,
-4, ,-39, ,
-7, ,-39, ,
-2, ,-39, ,
0, ,-39, ,
0, ,-39, ,
-1, ,-39, ,
5, ,-39, ,
0, ,-40, ,
0, ,-39, ,
-6, ,-39, ,
-4, ,-39, ,
-2, ,-40, ,
0, ,-39, ,
-4, ,-40, ,
1, ,-39, ,
0, ,-35, ,
0, ,-26, ,
0, ,-16, ,
8, ,-6, ,
5, ,1, ,
5, ,8, ,
3, ,15, ,
5, ,20, ,
4, ,24, ,
4, ,28, ,
0, ,32, ,
4, ,35, ,
6, ,38, ,
4, ,40, ,
-4, ,42, ,
4, ,43, ,
3, ,45, ,
3, ,46, ,
4, ,47, ,
1, ,49, ,
4, ,49, ,
4, ,49, ,
-1, ,51, ,
5, ,51, ,
3, ,51, ,
0, ,52, ,
-2, ,52, ,
6, ,52, ,
5, ,54, ,
1, ,53, ,
3, ,53, ,
1, ,53, ,
3, ,54, ,
6, ,53, ,
0, ,54, ,
3, ,54, ,
6, ,53, ,
3, ,54, ,
-2, ,54, ,
4, ,53, ,
1, ,55, ,
5, ,53, ,
0, ,54, ,
1, ,54, ,
1, ,54, ,
4, ,52, ,
1, ,54, ,
4, ,54, ,
5, ,53, ,
3, ,54, ,
1, ,54, ,
5, ,53, ,
1, ,54, ,
1, ,53, ,
1, ,53, ,
-1, ,54, ,
-1, ,54, ,
6, ,52, ,
-1, ,55, ,
3, ,54, ,
5, ,53, ,
1, ,54, ,
-2, ,54, ,
3, ,53, ,
-2, ,55, ,
0, ,53, ,
1, ,53, ,
1, ,54, ,
6, ,54, ,
3, ,52, ,
-7, ,54, ,
3, ,54, ,
1, ,53, ,
0, ,54, ,
-1, ,54, ,
4, ,53, ,
3, ,54, ,
0, ,53, ,
1, ,53, ,
3, ,54, ,
3, ,54, ,
5, ,52, ,
5, ,54, ,
8, ,54, ,
5, ,53, ,
4, ,53, ,
-2, ,53, ,
5, ,53, ,
1, ,54, ,
-5, ,53, ,
-2, ,53, ,
-2, ,54, ,
-2, ,54, ,
5, ,52, ,
0, ,54, ,
4, ,54, ,
3, ,53, ,
1, ,53, ,
-1, ,53, ,
8, ,52, ,
4, ,55, ,
5, ,53, ,
5, ,54, ,
8, ,54, ,
5, ,54, ,
5, ,52, ,
-2, ,54, ,
-2, ,54, ,
0, ,53, ,
-2, ,53, ,
-5, ,54, ,
4, ,52, ,
0, ,54, ,
4, ,53, ,
1, ,53, ,
4, ,54, ,
3, ,54, ,
5, ,52, ,
0, ,54, ,
4, ,53, ,
4, ,53, ,
3, ,53, ,
1, ,54, ,
8, ,53, ,
4, ,54, ,
5, ,53, ,
1, ,53, ,
4, ,54, ,
-5, ,53, ,
1, ,52, ,
-4, ,54, ,
-1, ,53, ,
4, ,53, ,
0, ,53, ,
-4, ,54, ,
8, ,52, ,
1, ,54, ,
6, ,53, ,
4, ,53, ,
5, ,54, ,
8, ,54, ,
8, ,52, ,
0, ,54, ,
4, ,54, ,
3, ,53, ,
4, ,53, ,
-1, ,54, ,
8, ,52, ,
6, ,54, ,
6, ,53, ,
5, ,53, ,
8, ,54, ,
8, ,54, ,
8, ,52, ,
-1, ,54, ,
3, ,54, ,
6, ,53, ,
4, ,54, ,
-2, ,54, ,
8, ,53, ,
6, ,54, ,
3, ,53, ,
4, ,53, ,
1, ,54, ,
0, ,54, ,
3, ,52, ,
-1, ,54, ,
0, ,54, ,
3, ,53, ,
3, ,53, ,
-2, ,54, ,
5, ,53, ,
3, ,54, ,
3, ,53, ,
1, ,53, ,
5, ,54, ,
5, ,53, ,
6, ,52, ,
1, ,54, ,
3, ,53, ,
3, ,53, ,
0, ,53, ,
-1, ,54, ,
4, ,52, ,
0, ,54, ,
5, ,53, ,
6, ,53, ,
4, ,53, ,
6, ,53, ,
6, ,52, ,
-1, ,54, ,
0, ,54, ,
1, ,53, ,
3, ,53, ,
-1, ,54, ,
6, ,53, ,
3, ,54, ,
1, ,53, ,
0, ,53, ,
0, ,53, ,
-1, ,53, ,
1, ,52, ,
-2, ,54, ,
0, ,53, ,
3, ,53, ,
0, ,53, ,
-1, ,54, ,
1, ,52, ,
-4, ,54, ,
-4, ,52, ,
-5, ,53, ,
-5, ,54, ,
-5, ,54, ,
0, ,52, ,
-2, ,54, ,
0, ,53, ,
0, ,53, ,
-1, ,53, ,
-4, ,53, ,
-2, ,53, ,
-1, ,54, ,
-2, ,52, ,
-2, ,53, ,
-4, ,53, ,
-4, ,53, ,
0, ,52, ,
-7, ,54, ,
-5, ,53, ,
0, ,53, ,
-2, ,53, ,
-7, ,53, ,
-1, ,52, ,
-5, ,54, ,
-2, ,53, ,
-7, ,53, ,
-5, ,54, ,
-4, ,53, ,
-2, ,52, ,
-6, ,54, ,
-1, ,53, ,
-1, ,53, ,
-4, ,53, ,
-4, ,53, ,
1, ,53, ,
-2, ,54, ,
-5, ,53, ,
-6, ,53, ,
-6, ,53, ,
-7, ,53, ,
-4, ,52, ,
-6, ,54, ,
-2, ,53, ,
-1, ,53, ,
-2, ,53, ,
-10, ,54, ,
-1, ,52, ,
-6, ,54, ,
-5, ,52, ,
-9, ,53, ,
-5, ,53, ,
-2, ,53, ,
1, ,52, ,
-6, ,54, ,
-1, ,54, ,
-2, ,53, ,
-6, ,53, ,
-7, ,54, ,
-2, ,53, ,
-5, ,54, ,
-7, ,53, ,
-7, ,53, ,
-4, ,53, ,
0, ,53, ,
3, ,52, ,
-6, ,54, ,
-2, ,54, ,
-2, ,53, ,
-5, ,53, ,
-6, ,53, ,
-4, ,52, ,
-4, ,54, ,
-2, ,53, ,
-5, ,53, ,
-4, ,54, ,
-5, ,53, ,
-2, ,52, ,
-6, ,54, ,
-2, ,53, ,
1, ,53, ,
-1, ,53, ,
-2, ,54, ,
0, ,52, ,
-2, ,54, ,
-2, ,52, ,
-5, ,53, ,
-5, ,54, ,
-4, ,53, ,
4, ,52, ,
-4, ,54, ,
3, ,53, ,
3, ,53, ,
-2, ,53, ,
-4, ,54, ,
1, ,52, ,
-6, ,54, ,
-2, ,53, ,
-4, ,53, ,
-2, ,53, ,
0, ,53, ,
0, ,52, ,
-4, ,54, ,
-1, ,53, ,
-1, ,53, ,
-2, ,53, ,
-2, ,54, ,
3, ,52, ,
0, ,54, ,
-1, ,53, ,
-4, ,53, ,
0, ,54, ,
1, ,54, ,
3, ,52, ,
1, ,54, ,
3, ,53, ,
5, ,53, ,
1, ,53, ,
0, ,54, ,
6, ,52, ,
0, ,54, ,
3, ,53, ,
1, ,53, ,
0, ,54, ,
1, ,53, ,
6, ,52, ,
-2, ,54, ,
3, ,53, ,
3, ,53, ,
4, ,53, ,
-1, ,53, ,
5, ,52, ,
4, ,54, ,
0, ,52, ,
0, ,53, ,
3, ,54, ,
1, ,54, ,
6, ,52, ,
4, ,54, ,
8, ,53, ,
8, ,53, ,
1, ,53, ,
0, ,54, ,
6, ,52, ,
5, ,54, ,
3, ,52, ,
1, ,53, ,
1, ,54, ,
1, ,53, ,
4, ,52, ,
-2, ,54, ,
5, ,53, ,
5, ,53, ,
4, ,53, ,
-2, ,54, ,
9, ,52, ,
6, ,54, ,
4, ,52, ,
4, ,53, ,
6, ,54, ,
1, ,53, ,
3, ,52, ,
-5, ,53, ,
-1, ,53, ,
4, ,53, ,
3, ,53, ,
1, ,54, ,
10, ,53, ,
5, ,54, ,
5, ,53, ,
4, ,53, ,
3, ,54, ,
3, ,53, ,
6, ,52, ,
-1, ,54, ,
4, ,53, ,
4, ,53, ,
5, ,53, ,
-1, ,53, ,
5, ,53, ,
4, ,54, ,
3, ,52, ,
3, ,53, ,
4, ,54, ,
3, ,53, ,
5, ,51, ,
-1, ,54, ,
4, ,53, ,
5, ,53, ,
4, ,53, ,
3, ,54, ,
8, ,52, ,
6, ,54, ,
9, ,53, ,
6, ,53, ,
4, ,54, ,
5, ,53, ,
6, ,52, ,
-2, ,53, ,
4, ,53, ,
6, ,53, ,
5, ,53, ,
4, ,53, ,
8, ,53, ,
8, ,54, ,
5, ,53, ,
4, ,53, ,
3, ,54, ,
1, ,53, ,
5, ,52, ,
0, ,54, ,
1, ,54, ,
6, ,53, ,
3, ,53, ,
1, ,54, ,
9, ,52, ,
-1, ,54, ,
8, ,53, ,
4, ,53, ,
6, ,54, ,
6, ,54, ,
8, ,52, ,
1, ,54, ,
4, ,53, ,
3, ,53, ,
4, ,53, ,
1, ,53, ,
4, ,53, ,
4, ,54, ,
5, ,53, ,
4, ,53, ,
1, ,53, ,
1, ,54, ,
6, ,52, ,
-1, ,54, ,
3, ,54, ,
3, ,53, ,
1, ,53, ,
-1, ,53, ,
4, ,52, ,
3, ,54, ,
4, ,52, ,
3, ,53, ,
1, ,54, ,
1, ,53, ,
3, ,52, ,
-6, ,53, ,
-2, ,54, ,
0, ,53, ,
0, ,53, ,
0, ,54, ,
0, ,53, ,
5, ,54, ,
0, ,53, ,
-1, ,54, ,
-2, ,54, ,
-1, ,54, ,
1, ,51, ,
-2, ,54, ,
1, ,54, ,
3, ,53, ,
-1, ,53, ,
-4, ,53, ,
1, ,52, ,
-9, ,53, ,
-4, ,53, ,
-5, ,53, ,
-5, ,54, ,
-1, ,54, ,
1, ,52, ,
-5, ,54, ,
-1, ,53, ,
3, ,53, ,
0, ,53, ,
-2, ,53, ,
6, ,53, ,
0, ,54, ,
-2, ,53, ,
-1, ,53, ,
0, ,53, ,
0, ,53, ,
0, ,52, ,
-9, ,54, ,
-5, ,53, ,
-1, ,53, ,
-1, ,53, ,
-6, ,53, ,
1, ,53, ,
-2, ,54, ,
-2, ,52, ,
-5, ,53, ,
-4, ,54, ,
-1, ,53, ,
3, ,52, ,
-2, ,54, ,
4, ,53, ,
0, ,53, ,
-1, ,53, ,
-7, ,53, ,
-1, ,52, ,
-2, ,54, ,
-6, ,53, ,
-6, ,53, ,
-2, ,54, ,
-1, ,53, ,
3, ,52, ,
-4, ,54, ,
-2, ,53, ,
-1, ,53, ,
-5, ,53, ,
-9, ,54, ,
-2, ,53, ,
-6, ,54, ,
-5, ,53, ,
-5, ,53, ,
-4, ,53, ,
-4, ,53, ,
-1, ,52, ,
-7, ,54, ,
-5, ,53, ,
-4, ,53, ,
-5, ,53, ,
-7, ,54, ,
-2, ,53, ,
-2, ,54, ,
-5, ,53, ,
-2, ,53, ,
-2, ,53, ,
-2, ,54, ,
1, ,52, ,
-6, ,54, ,
-4, ,53, ,
-1, ,53, ,
-5, ,53, ,
-6, ,53, ,
-1, ,52, ,
-6, ,54, ,
-1, ,53, ,
-6, ,53, ,
-5, ,53, ,
-2, ,53, ,
3, ,52, ,
-2, ,53, ,
-1, ,53, ,
1, ,53, ,
-1, ,53, ,
-5, ,54, ,
-1, ,53, ,
-9, ,54, ,
-4, ,53, ,
-4, ,53, ,
-5, ,54, ,
-2, ,53, ,
4, ,52, ,
0, ,54, ,
1, ,53, ,
4, ,53, ,
-1, ,53, ,
-7, ,53, ,
0, ,53, ,
-1, ,54, ,
-2, ,53, ,
-1, ,53, ,
0, ,54, ,
0, ,54, ,
3, ,52, ,
-5, ,54, ,
-1, ,53, ,
1, ,53, ,
-2, ,53, ,
-7, ,54, ,
0, ,53, ,
1, ,54, ,
-1, ,53, ,
-7, ,53, ,
1, ,54, ,
4, ,53, ,
0, ,52, ,
1, ,54, ,
3, ,53, ,
3, ,53, ,
-10, ,53, ,
-7, ,53, ,
10, ,52, ,
1, ,54, ,
3, ,52, ,
-1, ,53, ,
-1, ,53, ,
-1, ,54, ,
1, ,51, ,
-2, ,53, ,
0, ,54, ,
3, ,53, ,
0, ,53, ,
-6, ,53, ,
0, ,53, ,
-1, ,54, ,
3, ,53, ,
0, ,53, ,
5, ,54, ,
5, ,54, ,
3, ,52, ,
-2, ,53, ,
0, ,53, ,
1, ,53, ,
1, ,53, ,
3, ,54, ,
1, ,53, ,
-1, ,54, ,
1, ,53, ,
-2, ,53, ,
-1, ,54, ,
4, ,53, ,
9, ,52, ,
3, ,54, ,
6, ,53, ,
8, ,53, ,
5, ,53, ,
-1, ,53, ,
8, ,53, ,
4, ,54, ,
0, ,53, ,
3, ,53, ,
1, ,53, ,
4, ,54, ,
4, ,52, ,
-2, ,54, ,
1, ,53, ,
5, ,53, ,
3, ,53, ,
1, ,53, ,
8, ,52, ,
4, ,54, ,
4, ,53, ,
3, ,53, ,
3, ,54, ,
3, ,54, ,
6, ,52, ,
3, ,54, ,
6, ,53, ,
9, ,53, ,
6, ,53, ,
4, ,53, ,
8, ,52, ,
5, ,54, ,
5, ,53, ,
4, ,53, ,
4, ,54, ,
4, ,53, ,
8, ,52, ,
0, ,54, ,
1, ,53, ,
6, ,53, ,
3, ,53, ,
-1, ,54, ,
6, ,52, ,
4, ,54, ,
5, ,52, ,
4, ,53, ,
3, ,54, ,
1, ,53, ,
1, ,52, ,
-2, ,54, ,
4, ,53, ,
6, ,53, ,
5, ,53, ,
4, ,54, ,
6, ,52, ,
3, ,54, ,
4, ,53, ,
1, ,53, ,
3, ,54, ,
3, ,54, ,
5, ,52, ,
-1, ,54, ,
4, ,53, ,
4, ,53, ,
3, ,53, ,
1, ,53, ,
9, ,52, ,
5, ,53, ,
5, ,53, ,
5, ,53, ,
4, ,53, ,
5, ,54, ,
6, ,52, ,
-2, ,54, ,
0, ,53, ,
0, ,53, ,
0, ,53, ,
-2, ,53, ,
5, ,52, ,
4, ,54, ,
4, ,53, ,
3, ,53, ,
4, ,54, ,
-1, ,53, ,
5, ,52, ,
-4, ,54, ,
3, ,54, ,
5, ,53, ,
1, ,53, ,
1, ,54, ,
5, ,53, ,
1, ,54, ,
1, ,53, ,
-2, ,53, ,
0, ,53, ,
-1, ,53, ,
3, ,52, ,
-2, ,54, ,
1, ,53, ,
4, ,53, ,
3, ,53, ,
0, ,53, ,
8, ,53, ,
3, ,53, ,
3, ,53, ,
1, ,53, ,
1, ,54, ,
1, ,53, ,
4, ,52, ,
-1, ,54, ,
1, ,53, ,
3, ,53, ,
-1, ,53, ,
-5, ,54, ,
3, ,53, ,
-1, ,54, ,
1, ,52, ,
-1, ,53, ,
-1, ,53, ,
4, ,53, ,
3, ,52, ,
-5, ,54, ,
1, ,54, ,
-1, ,52, ,
3, ,47, ,
-4, ,38, ,
-2, ,27, ,
-5, ,18, ,
-9, ,11, ,
-6, ,3, ,
-6, ,-2, ,
-1, ,-7, ,
-1, ,-13, ,
-9, ,-16, ,
-5, ,-19, ,
-4, ,-22, ,
-7, ,-24, ,
-4, ,-27, ,
-4, ,-28, ,
-4, ,-31, ,
-2, ,-32, ,
-6, ,-33, ,
-4, ,-34, ,
-6, ,-35, ,
1, ,-35, ,
-5, ,-37, ,
-5, ,-37, ,
-1, ,-37, ,
-4, ,-38, ,
-11, ,-38, ,
-5, ,-38, ,
-4, ,-39, ,
-4, ,-39, ,
-5, ,-39, ,
-4, ,-39, ,
-2, ,-40, ,
-1, ,-39, ,
-6, ,-40, ,
-4, ,-40, ,
-1, ,-40, ,
-5, ,-40, ,
-9, ,-40, ,
1, ,-39, ,
-4, ,-40, ,
-1, ,-40, ,
-2, ,-40, ,
0, ,-40, ,
0, ,-40, ,
0, ,-40, ,
-6, ,-40, ,
-1, ,-40, ,
-2, ,-40, ,
-1, ,-40, ,
-4, ,-40, ,
4, ,-40, ,
1, ,-40, ,
-1, ,-40, ,
-2, ,-39, ,
-1, ,-40, ,
-2, ,-40, ,
-2, ,-39, ,
-5, ,-40, ,
0, ,-40, ,
0, ,-40, ,
-2, ,-40, ,
-5, ,-40, ,
0, ,-40, ,
-2, ,-40, ,
-2, ,-40, ,
-2, ,-40, ,
-1, ,-40, ,
0, ,-40, ,
0, ,-39, ,
-4, ,-40, ,
1, ,-40, ,
-2, ,-40, ,
-4, ,-40, ,
-7, ,-39, ,
-4, ,-40, ,
1, ,-40, ,
-4, ,-40, ,
-1, ,-39, ,
0, ,-40, ,
0, ,-40, ,
3, ,-39, ,
-4, ,-40, ,
1, ,-40, ,
1, ,-40, ,
-5, ,-40, ,
-6, ,-39, ,
-1, ,-39, ,
-4, ,-40, ,
-4, ,-40, ,
-2, ,-39, ,
0, ,-39, ,
3, ,-40, ,
0, ,-39, ,
-2, ,-40, ,
-2, ,-40, ,
1, ,-40, ,
-6, ,-40, ,
-7, ,-39, ,
0, ,-39, ,
-2, ,-40, ,
-1, ,-40, ,
-4, ,-39, ,
-1, ,-40, ,
0, ,-40, ,
4, ,-39, ,
-2, ,-40, ,
-1, ,-40, ,
4, ,-39, ,
0, ,-40, ,
-6, ,-40, ,
-1, ,-40, ,
-1, ,-40, ,
-5, ,-40, ,
-4, ,-39, ,
-1, ,-39, ,
3, ,-40, ,
4, ,-39, ,
-2, ,-40, ,
4, ,-40, ,
5, ,-39, ,
1, ,-39, ,
-2, ,-40, ,
3, ,-39, ,
1, ,-40, ,
0, ,-40, ,
1, ,-39, ,
1, ,-39, ,
0, ,-40, ,
4, ,-39, ,
-5, ,-40, ,
-1, ,-40, ,
1, ,-39, ,
-1, ,-40, ,
-2, ,-40, ,
4, ,-40, ,
3, ,-40, ,
3, ,-39, ,
0, ,-39, ,
1, ,-39, ,
1, ,-40, ,
3, ,-39, ,
-2, ,-40, ,
3, ,-40, ,
6, ,-39, ,
1, ,-40, ,
1, ,-39, ,
5, ,-39, ,
4, ,-40, ,
0, ,-40, ,
-2, ,-39, ,
1, ,-39, ,
0, ,-40, ,
4, ,-39, ,
0, ,-39, ,
4, ,-39, ,
10, ,-39, ,
3, ,-40, ,
0, ,-39, ,
5, ,-39, ,
-1, ,-40, ,
0, ,-40, ,
-1, ,-39, ,
-1, ,-39, ,
1, ,-40, ,
3, ,-39, ,
-4, ,-40, ,
1, ,-40, ,
1, ,-39, ,
4, ,-40, ,
1, ,-39, ,
8, ,-39, ,
4, ,-40, ,
3, ,-40, ,
1, ,-39, ,
0, ,-39, ,
0, ,-40, ,
1, ,-39, ,
-4, ,-40, ,
1, ,-40, ,
5, ,-39, ,
3, ,-40, ,
1, ,-39, ,
9, ,-39, ,
5, ,-40, ,
3, ,-39, ,
1, ,-39, ,
3, ,-39, ,
4, ,-40, ,
4, ,-39, ,
-2, ,-39, ,
4, ,-40, ,
4, ,-39, ,
4, ,-39, ,
0, ,-39, ,
4, ,-39, ,
4, ,-40, ,
4, ,-40, ,
1, ,-39, ,
5, ,-39, ,
4, ,-40, ,
6, ,-39, ,
0, ,-40, ,
4, ,-40, ,
8, ,-39, ,
3, ,-40, ,
0, ,-39, ,
6, ,-39, ,
5, ,-40, ,
4, ,-40, ,
1, ,-39, ,
1, ,-39, ,
1, ,-40, ,
0, ,-39, ,
-2, ,-40, ,
0, ,-39, ,
5, ,-39, ,
3, ,-39, ,
0, ,-40, ,
8, ,-39, ,
5, ,-40, ,
4, ,-40, ,
1, ,-39, ,
1, ,-39, ,
3, ,-40, ,
5, ,-39, ,
-2, ,-40, ,
1, ,-40, ,
6, ,-39, ,
3, ,-40, ,
1, ,-39, ,
5, ,-39, ,
3, ,-40, ,
1, ,-39, ,
0, ,-39, ,
0, ,-39, ,
4, ,-40, ,
8, ,-39, ,
0, ,-40, ,
3, ,-40, ,
3, ,-39, ,
0, ,-39, ,
-4, ,-39, ,
4, ,-39, ,
-1, ,-40, ,
-1, ,-39, ,
0, ,-39, ,
0, ,-39, ,
1, ,-39, ,
3, ,-39, ,
-4, ,-39, ,
0, ,-39, ,
3, ,-39, ,
-2, ,-40, ,
-5, ,-39, ,
4, ,-39, ,
1, ,-40, ,
1, ,-39, ,
-1, ,-39, ,
0, ,-39, ,
1, ,-40, ,
4, ,-39, ,
-2, ,-40, ,
3, ,-40, ,
3, ,-39, ,
1, ,-39, ,
-2, ,-39, ,
3, ,-39, ,
1, ,-40, ,
-4, ,-39, ,
-6, ,-39, ,
-1, ,-39, ,
0, ,-40, ,
4, ,-39, ,
0, ,-39, ,
1, ,-39, ,
6, ,-39, ,
-1, ,-39, ,
-4, ,-39, ,
4, ,-39, ,
-5, ,-40, ,
0, ,-39, ,
1, ,-39, ,
1, ,-39, ,
3, ,-40, ,
4, ,-39, ,
1, ,-39, ,
0, ,-39, ,
3, ,-39, ,
5, ,-40, ,
1, ,-39, ,
-1, ,-39, ,
3, ,-40, ,
0, ,-40, ,
0, ,-39, ,
1, ,-39, ,
3, ,-40, ,
4, ,-39, ,
-2, ,-40, ,
1, ,-39, ,
3, ,-39, ,
-1, ,-40, ,
-2, ,-39, ,
3, ,-39, ,
0, ,-40, ,
3, ,-39, ,
1, ,-39, ,
1, ,-39, ,
3, ,-40, ,
4, ,-39, ,
-6, ,-39, ,
0, ,-40, ,
1, ,-39, ,
-1, ,-40, ,
-4, ,-39, ,
1, ,-39, ,
0, ,-40, ,
-4, ,-40, ,
-4, ,-39, ,
-1, ,-39, ,
-6, ,-40, ,
-1, ,-39, ,
-1, ,-39, ,
3, ,-40, ,
3, ,-39, ,
-2, ,-39, ,
-6, ,-39, ,
0, ,-39, ,
-4, ,-40, ,
1, ,-39, ,
-4, ,-39, ,
3, ,-39, ,
3, ,-39, ,
0, ,-39, ,
-5, ,-39, ,
-4, ,-40, ,
-1, ,-39, ,
-4, ,-39, ,
-9, ,-39, ,
1, ,-39, ,
-2, ,-40, ,
0, ,-40, ,
0, ,-39, ,
1, ,-40, ,
1, ,-39, ,
-1, ,-39, ,
-9, ,-40, ,
-2, ,-39, ,
3, ,-39, ,
-2, ,-39, ,
-6, ,-39, ,
-1, ,-39, ,
-2, ,-40, ,
-1, ,-39, ,
-4, ,-39, ,
-2, ,-40, ,
0, ,-40, ,
0, ,-39, ,
-2, ,-40, ,
1, ,-40, ,
1, ,-39, ,
1, ,-39, ,
-4, ,-39, ,
4, ,-39, ,
0, ,-40, ,
-2, ,-39, ,
4, ,-39, ,
3, ,-39, ,
3, ,-40, ,
6, ,-39, ,
-4, ,-40, ,
-1, ,-40, ,
1, ,-39, ,
-2, ,-40, ,
-1, ,-39, ,
5, ,-39, ,
3, ,-40, ,
4, ,-39, ,
0, ,-39, ,
1, ,-39, ,
0, ,-40, ,
1, ,-39, ,
-4, ,-40, ,
3, ,-40, ,
-1, ,-39, ,
-4, ,-40, ,
-5, ,-39, ,
1, ,-39, ,
0, ,-40, ,
3, ,-40, ,
-1, ,-39, ,
1, ,-39, ,
-1, ,-40, ,
-1, ,-39, ,
-2, ,-39, ,
0, ,-39, ,
5, ,-39, ,
4, ,-40, ,
-1, ,-39, ,
5, ,-39, ,
-1, ,-40, ,
-2, ,-39, ,
-5, ,-39, ,
-5, ,-39, ,
-4, ,-39, ,
-2, ,-39, ,
-5, ,-39, ,
0, ,-39, ,
1, ,-39, ,
0, ,-40, ,
-4, ,-39, ,
5, ,-38, ,
1, ,-40, ,
1, ,-39, ,
0, ,-39, ,
3, ,-39, ,
3, ,-40, ,
3, ,-39, ,
-2, ,-39, ,
0, ,-39, ,
1, ,-39, ,
-2, ,-40, ,
-5, ,-40, ,
4, ,-40, ,
-1, ,-40, ,
1, ,-39, ,
0, ,-39, ,
1, ,-39, ,
3, ,-40, ,
4, ,-39, ,
-4, ,-40, ,
1, ,-39, ,
3, ,-39, ,
6, ,-39, ,
0, ,-39, ,
5, ,-39, ,
5, ,-40, ,
0, ,-39, ,
-1, ,-39, ,
0, ,-39, ,
-4, ,-40, ,
3, ,-39, ,
0, ,-40, ,
5, ,-39, ,
11, ,-39, ,
5, ,-40, ,
1, ,-39, ,
9, ,-39, ,
1, ,-40, ,
3, ,-39, ,
-1, ,-39, ,
3, ,-40, ,
3, ,-40, ,
6, ,-39, ,
-2, ,-39, ,
0, ,-39, ,
3, ,-39, ,
1, ,-40, ,
-2, ,-39, ,
4, ,-39, ,
1, ,-40, ,
1, ,-39, ,
0, ,-39, ,
0, ,-39, ,
3, ,-40, ,
-2, ,-39, ,
-6, ,-39, ,
0, ,-40, ,
6, ,-39, ,
4, ,-39, ,
1, ,-39, ,
9, ,-39, ,
4, ,-40, ,
1, ,-39, ,
-1, ,-39, ,
-2, ,-39, ,
0, ,-40, ,
-1, ,-39, ,
-2, ,-40, ,
3, ,-39, ,
4, ,-39, ,
5, ,-39, ,
3, ,-39, ,
6, ,-39, ,
3, ,-40, ,
1, ,-39, ,
0, ,-39, ,
0, ,-39, ,
-1, ,-40, ,
4, ,-39, ,
-4, ,-40, ,
4, ,-40, ,
8, ,-39, ,
-1, ,-40, ,
-6, ,-39, ,
0, ,-39, ,
-1, ,-40, ,
0, ,-39, ,
3, ,-39, ,
3, ,-39, ,
3, ,-39, ,
3, ,-39, ,
0, ,-39, ,
1, ,-39, ,
5, ,-39, ,
4, ,-40, ,
-1, ,-39, ,
4, ,-39, ,
3, ,-40, ,
3, ,-40, ,
0, ,-39, ,
1, ,-39, ,
0, ,-40, ,
4, ,-39, ,
-1, ,-40, ,
1, ,-40, ,
8, ,-39, ,
4, ,-40, ,
1, ,-39, ,
6, ,-39, ,
1, ,-40, ,
1, ,-40, ,
-1, ,-39, ,
0, ,-39, ,
3, ,-40, ,
3, ,-39, ,
1, ,-39, ,
4, ,-40, ,
4, ,-39, ,
1, ,-39, ,
-2, ,-39, ,
5, ,-39, ,
1, ,-40, ,
0, ,-40, ,
-2, ,-39, ,
1, ,-39, ,
1, ,-40, ,
4, ,-39, ,
-2, ,-39, ,
1, ,-40, ,
3, ,-40, ,
-1, ,-39, ,
-2, ,-39, ,
1, ,-39, ,
0, ,-40, ,
1, ,-39, ,
1, ,-39, ,
5, ,-39, ,
3, ,-40, ,
3, ,-39, ,
-4, ,-40, ,
1, ,-40, ,
1, ,-39, ,
0, ,-40, ,
-2, ,-39, ,
4, ,-39, ,
3, ,-40, ,
0, ,-39, ,
-2, ,-39, ,
0, ,-39, ,
-1, ,-39, ,
-1, ,-39, ,
-2, ,-39, ,
0, ,-40, ,
1, ,-39, ,
-1, ,-40, ,
-2, ,-39, ,
1, ,-39, ,
-1, ,-40, ,
-1, ,-39, ,
-1, ,-39, ,
0, ,-39, ,
3, ,-40, ,
3, ,-39, ,
-4, ,-40, ,
0, ,-39, ,
0, ,-39, ,
-1, ,-39, ,
-4, ,-40, ,
5, ,-39, ,
3, ,-40, ,
1, ,-39, ,
0, ,-39, ,
1, ,-39, ,
3, ,-40, ,
6, ,-39, ,
1, ,-40, ,
1, ,-39, ,
6, ,-39, ,
0, ,-40, ,
-1, ,-40, ,
4, ,-39, ,
1, ,-40, ,
1, ,-39, ,
0, ,-39, ,
-1, ,-39, ,
1, ,-40, ,
4, ,-39, ,
-4, ,-40, ,
-2, ,-39, ,
0, ,-39, ,
-1, ,-40, ,
-2, ,-39, ,
5, ,-39, ,
5, ,-40, ,
1, ,-40, ,
4, ,-39, ,
4, ,-39, ,
1, ,-40, ,
3, ,-39, ,
-4, ,-40, ,
0, ,-40, ,
1, ,-39, ,
0, ,-40, ,
-5, ,-40, ,
1, ,-39, ,
0, ,-40, ,
4, ,-39, ,
1, ,-39, ,
4, ,-39, ,
4, ,-40, ,
5, ,-39, ,
-2, ,-40, ,
1, ,-40, ,
3, ,-39, ,
-2, ,-39, ,
-7, ,-39, ,
0, ,-39, ,
-1, ,-40, ,
-2, ,-39, ,
-1, ,-39, ,
3, ,-39, ,
3, ,-40, ,
4, ,-39, ,
-2, ,-40, ,
0, ,-40, ,
0, ,-39, ,
-4, ,-40, ,
-2, ,-39, ,
3, ,-39, ,
0, ,-40, ,
3, ,-39, ,
1, ,-39, ,
1, ,-39, ,
3, ,-39, ,
0, ,-39, ,
-7, ,-40, ,
-1, ,-39, ,
1, ,-39, ,
1, ,-40, ,
-1, ,-39, ,
3, ,-39, ,
3, ,-40, ,
1, ,-40, ,
0, ,-39, ,
0, ,-39, ,
1, ,-39, ,
5, ,-39, ,
-1, ,-39, ,
3, ,-40, ,
5, ,-39, ,
0, ,-39, ,
-5, ,-39, ,
3, ,-39, ,
0, ,-40, ,
0, ,-39, ,
-2, ,-39, ,
4, ,-39, ,
9, ,-40, ,
8, ,-39, ,
0, ,-40, ,
0, ,-40, ,
0, ,-40, ,
1, ,-40, ,
-4, ,-39, ,
1, ,-39, ,
5, ,-40, ,
3, ,-40, ,
1, ,-39, ,
0, ,-39, ,
1, ,-40, ,
4, ,-39, ,
0, ,-39, ,
4, ,-40, ,
6, ,-39, ,
0, ,-39, ,
3, ,-39, ,
5, ,-39, ,
4, ,-40, ,
3, ,-39, ,
1, ,-39, ,
3, ,-39, ,
4, ,-39, ,
6, ,-39, ,
-1, ,-39, ,
3, ,-40, ,
5, ,-39, ,
4, ,-40, ,
-2, ,-39, ,
4, ,-39, ,
1, ,-40, ,
-2, ,-39, ,
-1, ,-39, ,
-1, ,-39, ,
1, ,-40, ,
4, ,-39, ,
-2, ,-40, ,
3, ,-39, ,
4, ,-39, ,
3, ,-40, ,
-5, ,-39, ,
4, ,-39, ,
1, ,-40, ,
-9, ,-39, ,
-5, ,-39, ,
5, ,-39, ,
-1, ,-39, ,
1, ,-39, ,
-4, ,-40, ,
-1, ,-40, ,
-1, ,-39, ,
1, ,-40, ,
0, ,-40, ,
8, ,-39, ,
5, ,-40, ,
0, ,-40, ,
0, ,-39, ,
0, ,-39, ,
-1, ,-39, ,
1, ,-39, ,
-5, ,-40, ,
1, ,-40, ,
5, ,-39, ,
1, ,-39, ,
-1, ,-40, ,
5, ,-39, ,
-1, ,-40, ,
-2, ,-39, ,
-2, ,-39, ,
-1, ,-39, ,
1, ,-40, ,
4, ,-39, ,
-1, ,-40, ,
5, ,-39, ,
6, ,-39, ,
1, ,-38, ,
-7, ,-33, ,
8, ,-23, ,
5, ,-13, ,
-2, ,-4, ,
6, ,4, ,
8, ,11, ,
5, ,17, ,
9, ,21, ,
1, ,26, ,
4, ,31, ,
10, ,33, ,
6, ,36, ,
3, ,39, ,
9, ,40, ,
4, ,43, ,
5, ,44, ,
3, ,45, ,
3, ,46, ,
5, ,47, ,
3, ,47, ,
-2, ,50, ,
4, ,51, ,
4, ,51, ,
4, ,51, ,
1, ,52, ,
5, ,51, ,
1, ,53, ,
1, ,52, ,
-1, ,53, ,
0, ,53, ,
1, ,53, ,
4, ,52, ,
-2, ,54, ,
0, ,54, ,
8, ,53, ,
1, ,54, ,
-6, ,54, ,
4, ,53, ,
-5, ,54, ,
1, ,54, ,
-4, ,54, ,
0, ,54, ,
-2, ,54, ,
3, ,53, ,
-5, ,54, ,
0, ,54, ,
0, ,53, ,
0, ,54, ,
-4, ,54, ,
1, ,53, ,
0, ,54, ,
0, ,54, ,
0, ,54, ,
0, ,54, ,
-1, ,54, ,
4, ,52, ,
-2, ,54, ,
-1, ,54, ,
4, ,54, ,
-2, ,54, ,
-2, ,54, ,
3, ,52, ,
0, ,54, ,
1, ,53, ,
-1, ,53, ,
-2, ,54, ,
0, ,54, ,
0, ,52, ,
-6, ,54, ,
-4, ,54, ,
1, ,53, ,
-1, ,54, ,
-2, ,54, ,
1, ,53, ,
-2, ,54, ,
0, ,53, ,
-1, ,54, ,
-1, ,54, ,
-2, ,54, ,
1, ,52, ,
-1, ,54, ,
4, ,53, ,
8, ,53, ,
4, ,53, ,
0, ,53, ,
4, ,53, ,
-1, ,54, ,
0, ,53, ,
-1, ,53, ,
-2, ,54, ,
0, ,54, ,
0, ,52, ,
-6, ,54, ,
0, ,54, ,
-1, ,53, ,
-2, ,53, ,
-6, ,54, ,
5, ,53, ,
3, ,54, ,
1, ,53, ,
3, ,53, ,
0, ,54, ,
0, ,54, ,
1, ,52, ,
-6, ,54, ,
-2, ,54, ,
-1, ,53, ,
-2, ,53, ,
-4, ,53, ,
0, ,53, ,
-1, ,54, ,
0, ,53, ,
0, ,53, ,
3, ,54, ,
0, ,53, ,
3, ,52, ,
-5, ,54, ,
-1, ,54, ,
1, ,53, ,
-1, ,53, ,
-2, ,53, ,
3, ,53, ,
0, ,54, ,
1, ,53, ,
0, ,53, ,
-1, ,54, ,
-2, ,53, ,
0, ,52, ,
-5, ,54, ,
-1, ,54, ,
-1, ,53, ,
-2, ,53, ,
-1, ,53, ,
3, ,52, ,
1, ,54, ,
4, ,53, ,
1, ,53, ,
-1, ,53, ,
1, ,54, ,
3, ,52, ,
-5, ,54, ,
1, ,54, ,
-1, ,53, ,
-1, ,53, ,
-2, ,54, ,
4, ,53, ,
1, ,54, ,
3, ,53, ,
1, ,53, ,
1, ,54, ,
0, ,53, ,
0, ,52, ,
-7, ,54, ,
0, ,54, ,
3, ,53, ,
4, ,53, ,
3, ,54, ,
8, ,52, ,
3, ,54, ,
6, ,53, ,
5, ,53, ,
3, ,53, ,
4, ,53, ,
5, ,52, ,
-4, ,54, ,
1, ,53, ,
3, ,53, ,
1, ,53, ,
-1, ,53, ,
5, ,52, ,
3, ,54, ,
4, ,53, ,
4, ,53, ,
4, ,54, ,
4, ,54, ,
8, ,52, ,
-1, ,53, ,
3, ,53, ,
4, ,53, ,
-1, ,53, ,
-2, ,54, ,
5, ,52, ,
3, ,54, ,
4, ,53, ,
3, ,53, ,
5, ,54, ,
3, ,54, ,
4, ,52, ,
-4, ,54, ,
-1, ,54, ,
3, ,53, ,
0, ,53, ,
-4, ,54, ,
3, ,52, ,
0, ,54, ,
0, ,53, ,
0, ,53, ,
1, ,53, ,
3, ,54, ,
3, ,52, ,
-1, ,54, ,
1, ,53, ,
4, ,53, ,
3, ,53, ,
-2, ,53, ,
3, ,52, ,
-1, ,54, ,
0, ,53, ,
-5, ,54, ,
-2, ,54, ,
0, ,54, ,
3, ,52, ,
-4, ,54, ,
1, ,54, ,
1, ,53, ,
-2, ,53, ,
-1, ,53, ,
5, ,53, ,
1, ,54, ,
1, ,52, ,
3, ,53, ,
4, ,53, ,
3, ,54, ,
6, ,52, ,
-1, ,54, ,
4, ,53, ,
4, ,53, ,
3, ,53, ,
1, ,53, ,
6, ,53, ,
3, ,54, ,
3, ,53, ,
1, ,53, ,
1, ,54, ,
0, ,54, ,
3, ,52, ,
-1, ,54, ,
4, ,53, ,
5, ,53, ,
4, ,53, ,
3, ,54, ,
6, ,53, ,
3, ,54, ,
-1, ,52, ,
0, ,53, ,
1, ,53, ,
0, ,53, ,
4, ,52, ,
1, ,54, ,
5, ,53, ,
5, ,53, ,
1, ,53, ,
-1, ,53, ,
3, ,52, ,
-2, ,54, ,
0, ,53, ,
1, ,53, ,
1, ,54, ,
1, ,54, ,
1, ,52, ,
0, ,54, ,
3, ,53, ,
3, ,53, ,
1, ,53, ,
-5, ,54, ,
3, ,52, ,
0, ,54, ,
0, ,53, ,
0, ,53, ,
0, ,53, ,
-1, ,53, ,
3, ,52, ,
-2, ,54, ,
3, ,53, ,
3, ,53, ,
1, ,53, ,
-2, ,53, ,
5, ,52, ,
-2, ,54, ,
-1, ,53, ,
-5, ,53, ,
-1, ,53, ,
0, ,53, ,
-1, ,52, ,
-6, ,54, ,
0, ,53, ,
1, ,53, ,
-1, ,53, ,
-4, ,54, ,
1, ,52, ,
1, ,54, ,
0, ,53, ,
-4, ,53, ,
1, ,54, ,
0, ,54, ,
4, ,52, ,
-2, ,54, ,
0, ,54, ,
4, ,53, ,
-2, ,53, ,
-4, ,54, ,
4, ,53, ,
-4, ,54, ,
-2, ,53, ,
-9, ,53, ,
-10, ,54, ,
-10, ,53, ,
-7, ,52, ,
-16, ,54, ,
-10, ,53, ,
-7, ,53, ,
-6, ,53, ,
-6, ,54, ,
1, ,52, ,
1, ,54, ,
6, ,53, ,
6, ,53, ,
10, ,54, ,
6, ,53, ,
9, ,52, ,
0, ,54, ,
3, ,54, ,
3, ,53, ,
4, ,53, ,
-1, ,53, ,
5, ,53, ,
-4, ,54, ,
-2, ,53, ,
-4, ,53, ,
-5, ,54, ,
-2, ,53, ,
1, ,52, ,
-2, ,54, ,
1, ,54, ,
0, ,53, ,
-1, ,53, ,
-7, ,53, ,
-1, ,53, ,
-2, ,54, ,
-2, ,52, ,
0, ,53, ,
0, ,53, ,
-2, ,54, ,
4, ,52, ,
-5, ,54, ,
-1, ,53, ,
0, ,53, ,
-2, ,53, ,
-5, ,54, ,
-1, ,53, ,
-7, ,54, ,
-6, ,52, ,
-5, ,53, ,
-2, ,54, ,
-1, ,54, ,
1, ,52, ,
-5, ,54, ,
0, ,53, ,
0, ,53, ,
-2, ,53, ,
-5, ,54, ,
1, ,52, ,
-1, ,54, ,
-1, ,53, ,
-4, ,53, ,
-1, ,53, ,
-2, ,54, ,
-1, ,52, ,
-6, ,54, ,
-2, ,53, ,
1, ,53, ,
-2, ,53, ,
0, ,54, ,
8, ,52, ,
1, ,54, ,
3, ,52, ,
0, ,53, ,
-1, ,54, ,
-1, ,54, ,
3, ,52, ,
-4, ,53, ,
0, ,53, ,
1, ,53, ,
1, ,53, ,
-1, ,54, ,
4, ,53, ,
3, ,54, ,
0, ,53, ,
1, ,53, ,
0, ,53, ,
1, ,53, ,
3, ,52, ,
-1, ,54, ,
3, ,54, ,
1, ,53, ,
1, ,53, ,
-2, ,54, ,
4, ,52, ,
3, ,54, ,
4, ,53, ,
1, ,53, ,
3, ,54, ,
1, ,53, ,
1, ,52, ,
-6, ,54, ,
1, ,53, ,
1, ,53, ,
1, ,53, ,
0, ,54, ,
6, ,53, ,
5, ,54, ,
3, ,52, ,
1, ,53, ,
1, ,53, ,
0, ,53, ,
3, ,52, ,
-1, ,53, ,
1, ,53, ,
1, ,53, ,
-1, ,53, ,
-5, ,54, ,
1, ,52, ,
-4, ,54, ,
1, ,53, ,
0, ,53, ,
4, ,54, ,
4, ,53, ,
6, ,52, ,
-2, ,54, ,
0, ,54, ,
1, ,53, ,
-1, ,53, ,
-4, ,53, ,
4, ,52, ,
3, ,54, ,
4, ,52, ,
3, ,53, ,
3, ,54, ,
3, ,54, ,
5, ,52, ,
0, ,54, ,
1, ,53, ,
4, ,53, ,
3, ,53, ,
-1, ,54, ,
6, ,52, ,
1, ,54, ,
3, ,53, ,
4, ,53, ,
3, ,54, ,
1, ,53, ,
5, ,52, ,
-4, ,54, ,
1, ,53, ,
0, ,53, ,
3, ,53, ,
-5, ,54, ,
1, ,52, ,
9, ,54, ,
3, ,53, ,
1, ,53, ,
4, ,53, ,
4, ,53, ,
5, ,52, ,
-1, ,53, ,
4, ,53, ,
6, ,53, ,
3, ,53, ,
-2, ,54, ,
6, ,52, ,
3, ,54, ,
4, ,53, ,
1, ,53, ,
4, ,54, ,
4, ,54, ,
8, ,52, ,
-2, ,54, ,
3, ,54, ,
4, ,53, ,
3, ,53, ,
1, ,53, ,
6, ,53, ,
4, ,54, ,
4, ,52, ,
5, ,53, ,
1, ,53, ,
0, ,54, ,
4, ,52, ,
3, ,54, ,
1, ,53, ,
3, ,53, ,
5, ,53, ,
1, ,54, ,
6, ,52, ,
1, ,54, ,
3, ,53, ,
-1, ,53, ,
3, ,54, ,
5, ,53, ,
3, ,52, ,
0, ,54, ,
3, ,53, ,
6, ,53, ,
3, ,53, ,
-2, ,54, ,
5, ,52, ,
0, ,54, ,
-1, ,52, ,
-2, ,53, ,
-1, ,54, ,
3, ,54, ,
5, ,52, ,
5, ,53, ,
8, ,53, ,
6, ,53, ,
8, ,53, ,
3, ,53, ,
11, ,53, ,
6, ,54, ,
5, ,53, ,
4, ,53, ,
4, ,54, ,
5, ,53, ,
6, ,52, ,
0, ,54, ,
3, ,53, ,
5, ,53, ,
4, ,53, ,
4, ,53, ,
8, ,52, ,
5, ,54, ,
4, ,53, ,
6, ,53, ,
4, ,54, ,
1, ,53, ,
5, ,52, ,
1, ,53, ,
4, ,53, ,
5, ,53, ,
3, ,53, ,
