Format,1.0B,
Memory Length,10000,Memory Length,10000,
IntpDistance,0,IntpDistance,0,
Trigger Address,4999,Trigger Address,4999,
Trigger Level,9.600E-01,Trigger Level,9.600E-01,
Source,CH1,Source,CH2,
Vertical Units,V,Vertical Units,V,
Vertical Units Div,0,Vertical Units Div,0,
Vertical Units Extend Div,16,Vertical Units Extend Div,16,
Label,,Label,,
Probe Type,0,Probe Type,0,
Probe Ratio,1.000e+01,Probe Ratio,1.000e+00,
Vertical Scale,2.000e-02,Vertical Scale,1.000e+00,
Vertical Position,-5.120e-02,Vertical Position,0.000e+00,
Horizontal Units,S,Horizontal Units,S,
Horizontal Scale,1.000E-05,Horizontal Scale,1.000E-05,
Horizontal Position,0.000E+00,Horizontal Position,0.000E+00,
Horizontal Mode,Main,Horizontal Mode,Main,
SincET Mode,Real Time,SincET Mode,Real Time,
Sampling Period,1.000e-08,Sampling Period,1.000e-08,
Horizontal Old Scale,1.000E-05,Horizontal Old Scale,1.000E-05,
Horizontal Old Position,0.000E+00,Horizontal Old Position,0.000E+00,
Firmware,V1.23,Firmware,V1.23,
Mode,Fast,Mode,Fast,
Waveform Data,,Waveform Data,,
-1, ,-47, ,
1, ,-46, ,
4, ,-47, ,
3, ,-47, ,
3, ,-46, ,
3, ,-49, ,
3, ,-47, ,
3, ,-46, ,
-1, ,-47, ,
1, ,-47, ,
1, ,-46, ,
1, ,-47, ,
-1, ,-47, ,
0, ,-47, ,
3, ,-47, ,
0, ,-47, ,
-4, ,-46, ,
1, ,-47, ,
0, ,-47, ,
0, ,-47, ,
0, ,-47, ,
4, ,-47, ,
5, ,-46, ,
4, ,-47, ,
3, ,-47, ,
1, ,-47, ,
4, ,-47, ,
1, ,-47, ,
-2, ,-47, ,
6, ,-49, ,
1, ,-47, ,
3, ,-47, ,
0, ,-47, ,
-1, ,-47, ,
-5, ,-46, ,
-11, ,-47, ,
-19, ,-47, ,
-11, ,-47, ,
-14, ,-47, ,
-12, ,-47, ,
-15, ,-46, ,
-1, ,-49, ,
-1, ,-47, ,
-1, ,-47, ,
3, ,-47, ,
8, ,-47, ,
11, ,-46, ,
11, ,-47, ,
6, ,-47, ,
9, ,-47, ,
9, ,-47, ,
4, ,-47, ,
-4, ,-46, ,
-1, ,-47, ,
0, ,-46, ,
-4, ,-47, ,
-2, ,-47, ,
1, ,-47, ,
1, ,-46, ,
0, ,-47, ,
-5, ,-47, ,
0, ,-47, ,
0, ,-47, ,
-6, ,-47, ,
-9, ,-47, ,
-2, ,-49, ,
-5, ,-47, ,
-4, ,-46, ,
-7, ,-47, ,
-1, ,-47, ,
1, ,-46, ,
0, ,-47, ,
-4, ,-47, ,
0, ,-46, ,
1, ,-47, ,
-2, ,-47, ,
-4, ,-47, ,
4, ,-47, ,
0, ,-47, ,
-10, ,-47, ,
-7, ,-47, ,
3, ,-47, ,
-1, ,-46, ,
1, ,-47, ,
0, ,-47, ,
1, ,-47, ,
3, ,-47, ,
3, ,-47, ,
-4, ,-46, ,
0, ,-47, ,
-2, ,-47, ,
-1, ,-46, ,
3, ,-47, ,
-6, ,-47, ,
-5, ,-46, ,
0, ,-47, ,
-9, ,-47, ,
-2, ,-47, ,
0, ,-47, ,
-1, ,-47, ,
-2, ,-47, ,
3, ,-47, ,
3, ,-47, ,
3, ,-46, ,
1, ,-47, ,
3, ,-47, ,
3, ,-46, ,
4, ,-47, ,
-1, ,-47, ,
0, ,-47, ,
0, ,-47, ,
0, ,-47, ,
-4, ,-47, ,
1, ,-49, ,
1, ,-47, ,
0, ,-46, ,
0, ,-47, ,
3, ,-47, ,
3, ,-46, ,
4, ,-47, ,
-1, ,-47, ,
1, ,-47, ,
6, ,-47, ,
0, ,-47, ,
0, ,-47, ,
4, ,-49, ,
1, ,-47, ,
1, ,-47, ,
-4, ,-47, ,
1, ,-47, ,
1, ,-46, ,
4, ,-47, ,
-1, ,-47, ,
1, ,-47, ,
1, ,-47, ,
-2, ,-47, ,
-4, ,-46, ,
0, ,-47, ,
-1, ,-47, ,
-1, ,-46, ,
-1, ,-47, ,
4, ,-47, ,
4, ,-46, ,
6, ,-49, ,
3, ,-47, ,
4, ,-47, ,
5, ,-47, ,
0, ,-47, ,
-6, ,-47, ,
0, ,-49, ,
-5, ,-47, ,
0, ,-47, ,
-5, ,-47, ,
-1, ,-47, ,
3, ,-46, ,
3, ,-49, ,
0, ,-47, ,
0, ,-47, ,
3, ,-47, ,
1, ,-47, ,
-1, ,-46, ,
5, ,-49, ,
4, ,-47, ,
1, ,-47, ,
1, ,-47, ,
1, ,-47, ,
3, ,-46, ,
0, ,-47, ,
-6, ,-47, ,
3, ,-47, ,
8, ,-47, ,
3, ,-47, ,
3, ,-46, ,
5, ,-47, ,
1, ,-47, ,
3, ,-47, ,
-1, ,-47, ,
3, ,-47, ,
4, ,-46, ,
8, ,-47, ,
3, ,-47, ,
6, ,-47, ,
6, ,-47, ,
5, ,-47, ,
-1, ,-47, ,
5, ,-47, ,
5, ,-47, ,
3, ,-47, ,
3, ,-47, ,
5, ,-47, ,
6, ,-46, ,
6, ,-47, ,
3, ,-47, ,
4, ,-47, ,
6, ,-47, ,
3, ,-47, ,
4, ,-47, ,
5, ,-47, ,
3, ,-47, ,
4, ,-47, ,
1, ,-47, ,
3, ,-47, ,
3, ,-46, ,
3, ,-47, ,
-1, ,-47, ,
3, ,-47, ,
6, ,-47, ,
3, ,-47, ,
1, ,-46, ,
6, ,-47, ,
3, ,-47, ,
1, ,-47, ,
0, ,-47, ,
-1, ,-47, ,
-1, ,-46, ,
3, ,-47, ,
-1, ,-47, ,
4, ,-47, ,
6, ,-47, ,
8, ,-47, ,
4, ,-47, ,
8, ,-49, ,
4, ,-47, ,
1, ,-47, ,
0, ,-47, ,
1, ,-49, ,
5, ,-46, ,
5, ,-47, ,
-1, ,-47, ,
1, ,-47, ,
4, ,-47, ,
3, ,-47, ,
-2, ,-46, ,
3, ,-49, ,
1, ,-47, ,
1, ,-46, ,
1, ,-47, ,
4, ,-47, ,
4, ,-46, ,
8, ,-47, ,
-1, ,-47, ,
6, ,-47, ,
9, ,-47, ,
4, ,-47, ,
8, ,-47, ,
10, ,-47, ,
10, ,-47, ,
11, ,-46, ,
8, ,-47, ,
10, ,-47, ,
6, ,-46, ,
6, ,-49, ,
-2, ,-47, ,
3, ,-47, ,
6, ,-47, ,
3, ,-47, ,
3, ,-47, ,
8, ,-49, ,
5, ,-47, ,
4, ,-46, ,
1, ,-47, ,
3, ,-47, ,
1, ,-46, ,
6, ,-47, ,
6, ,-47, ,
4, ,-47, ,
10, ,-47, ,
10, ,-47, ,
5, ,-46, ,
8, ,-47, ,
6, ,-47, ,
5, ,-47, ,
3, ,-47, ,
6, ,-47, ,
8, ,-46, ,
8, ,-47, ,
5, ,-47, ,
5, ,-47, ,
6, ,-47, ,
5, ,-47, ,
1, ,-46, ,
5, ,-47, ,
5, ,-47, ,
5, ,-46, ,
6, ,-47, ,
5, ,-47, ,
3, ,-46, ,
1, ,-47, ,
-4, ,-47, ,
0, ,-47, ,
3, ,-47, ,
3, ,-47, ,
0, ,-47, ,
5, ,-49, ,
4, ,-47, ,
4, ,-47, ,
3, ,-47, ,
3, ,-47, ,
3, ,-47, ,
3, ,-47, ,
-2, ,-47, ,
3, ,-47, ,
4, ,-47, ,
1, ,-47, ,
-5, ,-47, ,
1, ,-47, ,
1, ,-47, ,
-1, ,-47, ,
-4, ,-47, ,
0, ,-47, ,
-2, ,-46, ,
0, ,-47, ,
-2, ,-47, ,
0, ,-47, ,
0, ,-47, ,
-2, ,-47, ,
-2, ,-47, ,
-1, ,-47, ,
-2, ,-47, ,
-2, ,-47, ,
-2, ,-47, ,
-2, ,-47, ,
0, ,-46, ,
3, ,-47, ,
1, ,-47, ,
3, ,-47, ,
5, ,-47, ,
3, ,-47, ,
-2, ,-47, ,
6, ,-49, ,
4, ,-47, ,
1, ,-47, ,
1, ,-47, ,
-1, ,-47, ,
-2, ,-46, ,
-4, ,-47, ,
-9, ,-47, ,
-7, ,-47, ,
-4, ,-47, ,
0, ,-47, ,
-2, ,-47, ,
4, ,-47, ,
0, ,-47, ,
-2, ,-47, ,
-5, ,-47, ,
-5, ,-47, ,
-2, ,-46, ,
-1, ,-47, ,
-4, ,-47, ,
-1, ,-47, ,
-2, ,-47, ,
-4, ,-47, ,
-10, ,-47, ,
-9, ,-47, ,
-7, ,-47, ,
-6, ,-46, ,
-9, ,-47, ,
-4, ,-47, ,
-6, ,-46, ,
0, ,-49, ,
-6, ,-47, ,
-4, ,-47, ,
-4, ,-47, ,
-4, ,-47, ,
-5, ,-47, ,
-1, ,-49, ,
1, ,-47, ,
-1, ,-47, ,
-5, ,-47, ,
-2, ,-47, ,
-4, ,-46, ,
-5, ,-47, ,
-12, ,-47, ,
-7, ,-47, ,
-5, ,-47, ,
-7, ,-47, ,
-9, ,-47, ,
-4, ,-49, ,
-5, ,-47, ,
-6, ,-47, ,
-5, ,-47, ,
-1, ,-47, ,
-1, ,-46, ,
0, ,-47, ,
-4, ,-47, ,
-1, ,-47, ,
1, ,-47, ,
-1, ,-47, ,
-6, ,-47, ,
-4, ,-49, ,
-5, ,-47, ,
-4, ,-46, ,
-5, ,-47, ,
-4, ,-47, ,
-1, ,-46, ,
-2, ,-47, ,
-5, ,-47, ,
1, ,-47, ,
-1, ,-47, ,
-1, ,-47, ,
-5, ,-47, ,
-2, ,-47, ,
-2, ,-47, ,
-4, ,-47, ,
-4, ,-47, ,
-1, ,-47, ,
1, ,-46, ,
1, ,-47, ,
-6, ,-47, ,
0, ,-47, ,
1, ,-47, ,
-1, ,-47, ,
-5, ,-47, ,
-1, ,-47, ,
0, ,-47, ,
0, ,-47, ,
-1, ,-47, ,
1, ,-47, ,
1, ,-46, ,
1, ,-47, ,
-4, ,-47, ,
0, ,-46, ,
0, ,-47, ,
-1, ,-47, ,
-5, ,-47, ,
3, ,-49, ,
4, ,-47, ,
0, ,-46, ,
-4, ,-47, ,
3, ,-47, ,
3, ,-46, ,
5, ,-47, ,
0, ,-47, ,
4, ,-47, ,
6, ,-47, ,
0, ,-47, ,
-1, ,-47, ,
3, ,-49, ,
0, ,-47, ,
1, ,-46, ,
-2, ,-47, ,
3, ,-47, ,
4, ,-46, ,
4, ,-47, ,
1, ,-47, ,
3, ,-47, ,
4, ,-47, ,
1, ,-47, ,
-5, ,-47, ,
1, ,-47, ,
-1, ,-47, ,
-1, ,-46, ,
-1, ,-47, ,
1, ,-47, ,
3, ,-46, ,
1, ,-47, ,
-1, ,-47, ,
4, ,-47, ,
4, ,-47, ,
1, ,-47, ,
3, ,-47, ,
8, ,-49, ,
5, ,-47, ,
4, ,-46, ,
4, ,-47, ,
4, ,-47, ,
6, ,-46, ,
5, ,-47, ,
0, ,-47, ,
5, ,-47, ,
5, ,-47, ,
6, ,-47, ,
4, ,-46, ,
6, ,-49, ,
5, ,-47, ,
3, ,-46, ,
3, ,-47, ,
4, ,-47, ,
5, ,-46, ,
5, ,-47, ,
3, ,-47, ,
8, ,-47, ,
9, ,-47, ,
5, ,-47, ,
5, ,-47, ,
6, ,-49, ,
5, ,-47, ,
5, ,-47, ,
5, ,-47, ,
6, ,-47, ,
9, ,-46, ,
5, ,-47, ,
4, ,-47, ,
6, ,-47, ,
5, ,-47, ,
3, ,-47, ,
1, ,-47, ,
6, ,-47, ,
4, ,-47, ,
4, ,-46, ,
4, ,-47, ,
6, ,-47, ,
6, ,-46, ,
5, ,-47, ,
1, ,-47, ,
5, ,-47, ,
6, ,-47, ,
5, ,-47, ,
4, ,-47, ,
6, ,-49, ,
5, ,-47, ,
4, ,-47, ,
1, ,-47, ,
3, ,-47, ,
4, ,-46, ,
1, ,-47, ,
0, ,-47, ,
5, ,-47, ,
9, ,-47, ,
8, ,-47, ,
0, ,-44, ,
9, ,-38, ,
11, ,-27, ,
8, ,-18, ,
9, ,-9, ,
9, ,-2, ,
6, ,5, ,
9, ,11, ,
4, ,16, ,
9, ,19, ,
14, ,23, ,
10, ,26, ,
9, ,28, ,
8, ,32, ,
5, ,33, ,
10, ,35, ,
6, ,37, ,
8, ,38, ,
6, ,38, ,
8, ,40, ,
3, ,41, ,
5, ,41, ,
6, ,42, ,
5, ,43, ,
4, ,42, ,
10, ,44, ,
10, ,43, ,
4, ,44, ,
6, ,45, ,
8, ,44, ,
1, ,44, ,
6, ,45, ,
0, ,45, ,
4, ,45, ,
8, ,45, ,
5, ,45, ,
4, ,44, ,
6, ,46, ,
0, ,45, ,
1, ,45, ,
-2, ,45, ,
1, ,45, ,
4, ,44, ,
4, ,45, ,
-1, ,46, ,
1, ,45, ,
8, ,45, ,
1, ,45, ,
-1, ,45, ,
4, ,46, ,
3, ,45, ,
1, ,45, ,
3, ,46, ,
0, ,46, ,
3, ,44, ,
3, ,45, ,
-6, ,45, ,
0, ,45, ,
5, ,45, ,
0, ,45, ,
-2, ,44, ,
4, ,46, ,
0, ,45, ,
4, ,45, ,
1, ,46, ,
0, ,45, ,
0, ,44, ,
1, ,46, ,
-5, ,45, ,
-2, ,45, ,
0, ,45, ,
-2, ,45, ,
-4, ,45, ,
0, ,45, ,
0, ,45, ,
-1, ,45, ,
-2, ,45, ,
-1, ,45, ,
-2, ,44, ,
-4, ,45, ,
-9, ,45, ,
-2, ,45, ,
1, ,45, ,
-4, ,45, ,
-1, ,45, ,
3, ,45, ,
1, ,45, ,
-1, ,45, ,
-5, ,45, ,
-4, ,45, ,
-2, ,44, ,
-2, ,45, ,
-4, ,45, ,
-4, ,45, ,
-1, ,45, ,
-4, ,45, ,
-7, ,44, ,
-1, ,45, ,
-1, ,45, ,
0, ,45, ,
0, ,45, ,
4, ,45, ,
3, ,44, ,
4, ,45, ,
-2, ,45, ,
1, ,44, ,
3, ,45, ,
-1, ,45, ,
-5, ,44, ,
3, ,45, ,
-1, ,44, ,
1, ,45, ,
-1, ,45, ,
-2, ,45, ,
0, ,44, ,
-1, ,45, ,
-6, ,45, ,
-1, ,45, ,
0, ,45, ,
-2, ,45, ,
-5, ,44, ,
0, ,45, ,
0, ,45, ,
-2, ,45, ,
-5, ,45, ,
-2, ,45, ,
-1, ,44, ,
0, ,45, ,
-7, ,45, ,
1, ,45, ,
0, ,45, ,
-1, ,45, ,
-4, ,44, ,
0, ,46, ,
0, ,44, ,
1, ,45, ,
0, ,45, ,
0, ,45, ,
1, ,44, ,
-1, ,45, ,
-6, ,45, ,
-4, ,45, ,
-4, ,45, ,
-5, ,44, ,
-10, ,44, ,
-2, ,45, ,
-1, ,44, ,
-2, ,45, ,
-4, ,45, ,
-1, ,45, ,
1, ,44, ,
3, ,45, ,
-5, ,45, ,
-2, ,45, ,
0, ,45, ,
-6, ,45, ,
-6, ,44, ,
-2, ,45, ,
-1, ,44, ,
4, ,45, ,
0, ,45, ,
3, ,45, ,
4, ,44, ,
3, ,45, ,
-1, ,45, ,
0, ,44, ,
4, ,45, ,
1, ,45, ,
-2, ,44, ,
1, ,45, ,
0, ,44, ,
-1, ,45, ,
-1, ,45, ,
0, ,45, ,
1, ,44, ,
4, ,45, ,
0, ,45, ,
1, ,44, ,
4, ,45, ,
1, ,45, ,
-2, ,44, ,
4, ,45, ,
3, ,44, ,
0, ,45, ,
-2, ,45, ,
1, ,45, ,
4, ,44, ,
6, ,45, ,
-1, ,44, ,
3, ,44, ,
3, ,45, ,
0, ,45, ,
-4, ,44, ,
3, ,45, ,
1, ,44, ,
4, ,45, ,
3, ,45, ,
3, ,45, ,
-1, ,44, ,
3, ,45, ,
-2, ,45, ,
0, ,45, ,
4, ,45, ,
3, ,45, ,
4, ,44, ,
6, ,45, ,
5, ,45, ,
4, ,44, ,
1, ,45, ,
3, ,45, ,
3, ,44, ,
4, ,45, ,
0, ,45, ,
3, ,44, ,
4, ,45, ,
3, ,45, ,
-1, ,44, ,
3, ,45, ,
-1, ,44, ,
0, ,45, ,
-2, ,45, ,
3, ,45, ,
5, ,44, ,
6, ,45, ,
3, ,45, ,
5, ,44, ,
8, ,45, ,
1, ,44, ,
-4, ,44, ,
0, ,45, ,
0, ,44, ,
-1, ,44, ,
0, ,45, ,
3, ,45, ,
4, ,44, ,
3, ,45, ,
0, ,45, ,
4, ,44, ,
5, ,45, ,
5, ,45, ,
1, ,44, ,
8, ,45, ,
9, ,44, ,
4, ,45, ,
0, ,45, ,
4, ,45, ,
3, ,44, ,
6, ,45, ,
0, ,44, ,
4, ,44, ,
6, ,45, ,
6, ,45, ,
5, ,44, ,
6, ,45, ,
5, ,44, ,
4, ,45, ,
3, ,45, ,
3, ,45, ,
3, ,44, ,
6, ,45, ,
3, ,44, ,
6, ,45, ,
8, ,45, ,
6, ,45, ,
-1, ,44, ,
4, ,45, ,
4, ,44, ,
4, ,45, ,
3, ,45, ,
4, ,44, ,
5, ,43, ,
6, ,45, ,
1, ,45, ,
5, ,44, ,
9, ,45, ,
3, ,44, ,
-1, ,44, ,
4, ,45, ,
1, ,45, ,
4, ,45, ,
0, ,45, ,
1, ,45, ,
3, ,44, ,
1, ,45, ,
-2, ,45, ,
3, ,45, ,
4, ,45, ,
5, ,44, ,
-2, ,44, ,
5, ,45, ,
5, ,44, ,
4, ,45, ,
-1, ,45, ,
1, ,45, ,
0, ,44, ,
0, ,45, ,
-2, ,45, ,
1, ,45, ,
4, ,45, ,
5, ,44, ,
-1, ,44, ,
4, ,45, ,
1, ,44, ,
0, ,45, ,
-5, ,45, ,
0, ,45, ,
3, ,43, ,
3, ,45, ,
0, ,45, ,
5, ,44, ,
5, ,45, ,
1, ,45, ,
-5, ,44, ,
1, ,45, ,
0, ,44, ,
0, ,45, ,
1, ,45, ,
0, ,45, ,
1, ,44, ,
4, ,45, ,
-1, ,45, ,
3, ,44, ,
3, ,45, ,
3, ,45, ,
1, ,44, ,
5, ,45, ,
5, ,45, ,
6, ,45, ,
-1, ,45, ,
3, ,44, ,
-1, ,44, ,
1, ,45, ,
-1, ,45, ,
-1, ,44, ,
-2, ,45, ,
-2, ,45, ,
-5, ,44, ,
1, ,45, ,
0, ,44, ,
-1, ,45, ,
-4, ,45, ,
-2, ,45, ,
-4, ,43, ,
-1, ,45, ,
-4, ,45, ,
5, ,44, ,
8, ,45, ,
4, ,45, ,
0, ,44, ,
5, ,45, ,
3, ,44, ,
3, ,45, ,
-2, ,45, ,
-4, ,45, ,
0, ,43, ,
-2, ,45, ,
-1, ,45, ,
4, ,44, ,
1, ,45, ,
0, ,45, ,
-1, ,44, ,
0, ,45, ,
-1, ,44, ,
5, ,44, ,
3, ,45, ,
0, ,44, ,
0, ,43, ,
-2, ,45, ,
-10, ,45, ,
-4, ,45, ,
0, ,44, ,
0, ,44, ,
-2, ,44, ,
3, ,45, ,
1, ,44, ,
4, ,45, ,
-4, ,45, ,
-2, ,45, ,
-4, ,44, ,
0, ,45, ,
-9, ,44, ,
-2, ,44, ,
0, ,45, ,
0, ,45, ,
0, ,44, ,
3, ,45, ,
0, ,44, ,
1, ,45, ,
0, ,45, ,
1, ,45, ,
3, ,44, ,
0, ,45, ,
-2, ,45, ,
3, ,45, ,
0, ,45, ,
-2, ,44, ,
-2, ,44, ,
0, ,45, ,
-1, ,44, ,
4, ,45, ,
1, ,45, ,
3, ,45, ,
3, ,44, ,
6, ,45, ,
-1, ,45, ,
-1, ,44, ,
3, ,45, ,
-1, ,45, ,
-4, ,44, ,
4, ,45, ,
3, ,44, ,
1, ,45, ,
0, ,45, ,
0, ,45, ,
1, ,43, ,
-1, ,45, ,
-5, ,45, ,
-2, ,44, ,
1, ,45, ,
3, ,45, ,
-2, ,44, ,
3, ,45, ,
3, ,44, ,
1, ,45, ,
-1, ,45, ,
-1, ,45, ,
3, ,44, ,
0, ,45, ,
-4, ,45, ,
1, ,44, ,
3, ,45, ,
0, ,44, ,
-4, ,44, ,
0, ,45, ,
-1, ,44, ,
-2, ,45, ,
-1, ,45, ,
1, ,44, ,
0, ,44, ,
1, ,45, ,
-2, ,45, ,
1, ,45, ,
1, ,45, ,
-1, ,45, ,
-4, ,44, ,
1, ,45, ,
1, ,44, ,
1, ,45, ,
-2, ,45, ,
4, ,45, ,
3, ,44, ,
4, ,45, ,
-4, ,44, ,
0, ,44, ,
0, ,45, ,
-1, ,45, ,
-4, ,44, ,
3, ,45, ,
6, ,44, ,
3, ,44, ,
3, ,45, ,
-4, ,45, ,
3, ,44, ,
9, ,45, ,
1, ,45, ,
8, ,45, ,
9, ,44, ,
3, ,45, ,
-4, ,44, ,
4, ,45, ,
-2, ,44, ,
0, ,44, ,
-1, ,45, ,
1, ,45, ,
4, ,44, ,
5, ,45, ,
3, ,45, ,
4, ,44, ,
4, ,45, ,
5, ,45, ,
-4, ,44, ,
1, ,45, ,
9, ,44, ,
1, ,45, ,
0, ,45, ,
5, ,44, ,
3, ,44, ,
8, ,45, ,
-1, ,44, ,
1, ,44, ,
5, ,45, ,
1, ,44, ,
-2, ,44, ,
3, ,45, ,
5, ,44, ,
8, ,44, ,
3, ,45, ,
5, ,45, ,
4, ,44, ,
3, ,45, ,
-2, ,45, ,
3, ,44, ,
5, ,45, ,
4, ,45, ,
1, ,44, ,
3, ,45, ,
4, ,44, ,
4, ,45, ,
-1, ,45, ,
4, ,45, ,
4, ,43, ,
5, ,45, ,
4, ,45, ,
3, ,44, ,
6, ,45, ,
6, ,45, ,
-1, ,44, ,
3, ,45, ,
0, ,44, ,
3, ,45, ,
-1, ,45, ,
3, ,45, ,
5, ,44, ,
5, ,45, ,
1, ,45, ,
3, ,45, ,
4, ,45, ,
3, ,45, ,
-4, ,44, ,
4, ,45, ,
0, ,44, ,
1, ,45, ,
0, ,45, ,
3, ,45, ,
5, ,44, ,
6, ,45, ,
0, ,45, ,
5, ,44, ,
5, ,45, ,
3, ,45, ,
-1, ,44, ,
5, ,45, ,
4, ,44, ,
3, ,44, ,
4, ,45, ,
3, ,44, ,
3, ,44, ,
4, ,45, ,
-1, ,45, ,
4, ,44, ,
5, ,45, ,
6, ,45, ,
1, ,44, ,
3, ,45, ,
3, ,44, ,
-1, ,45, ,
-5, ,44, ,
1, ,45, ,
-2, ,44, ,
4, ,45, ,
-1, ,44, ,
6, ,44, ,
6, ,45, ,
5, ,45, ,
4, ,44, ,
4, ,45, ,
5, ,44, ,
4, ,45, ,
0, ,45, ,
3, ,45, ,
4, ,43, ,
5, ,45, ,
-1, ,45, ,
0, ,44, ,
1, ,45, ,
0, ,45, ,
-4, ,44, ,
-1, ,45, ,
-1, ,45, ,
0, ,45, ,
1, ,45, ,
4, ,45, ,
1, ,44, ,
3, ,45, ,
-2, ,45, ,
-1, ,44, ,
3, ,45, ,
-1, ,44, ,
-2, ,44, ,
0, ,45, ,
1, ,44, ,
1, ,45, ,
-1, ,45, ,
-1, ,45, ,
0, ,44, ,
1, ,45, ,
-2, ,45, ,
4, ,44, ,
4, ,45, ,
6, ,45, ,
0, ,44, ,
4, ,45, ,
1, ,44, ,
-1, ,45, ,
-1, ,45, ,
0, ,45, ,
0, ,44, ,
0, ,45, ,
-5, ,45, ,
1, ,44, ,
4, ,45, ,
4, ,44, ,
-2, ,44, ,
4, ,45, ,
4, ,44, ,
-1, ,44, ,
-1, ,45, ,
1, ,45, ,
0, ,44, ,
3, ,45, ,
-2, ,45, ,
1, ,44, ,
1, ,45, ,
0, ,44, ,
-4, ,44, ,
3, ,45, ,
3, ,44, ,
3, ,45, ,
0, ,45, ,
1, ,44, ,
0, ,44, ,
4, ,45, ,
-4, ,45, ,
0, ,45, ,
3, ,45, ,
-2, ,45, ,
-1, ,44, ,
1, ,45, ,
-1, ,44, ,
0, ,45, ,
-2, ,45, ,
-1, ,44, ,
0, ,44, ,
0, ,45, ,
-2, ,45, ,
0, ,44, ,
4, ,45, ,
3, ,45, ,
-4, ,44, ,
1, ,45, ,
1, ,44, ,
1, ,44, ,
-4, ,45, ,
-2, ,45, ,
-1, ,44, ,
0, ,45, ,
-5, ,45, ,
0, ,45, ,
1, ,44, ,
-1, ,45, ,
-6, ,44, ,
-1, ,45, ,
-2, ,44, ,
-1, ,45, ,
1, ,45, ,
1, ,45, ,
1, ,44, ,
0, ,45, ,
-7, ,45, ,
-2, ,44, ,
-1, ,45, ,
0, ,45, ,
-2, ,44, ,
4, ,45, ,
1, ,44, ,
1, ,45, ,
-1, ,45, ,
0, ,45, ,
-2, ,44, ,
0, ,45, ,
-5, ,45, ,
1, ,45, ,
4, ,45, ,
0, ,45, ,
-1, ,44, ,
3, ,45, ,
0, ,44, ,
3, ,44, ,
1, ,45, ,
3, ,45, ,
1, ,44, ,
1, ,45, ,
-5, ,44, ,
-1, ,44, ,
0, ,45, ,
-2, ,45, ,
-6, ,44, ,
1, ,45, ,
3, ,44, ,
1, ,45, ,
1, ,45, ,
5, ,45, ,
6, ,44, ,
8, ,45, ,
1, ,45, ,
4, ,45, ,
5, ,45, ,
1, ,45, ,
-2, ,44, ,
4, ,45, ,
3, ,44, ,
5, ,45, ,
0, ,45, ,
1, ,45, ,
4, ,43, ,
1, ,45, ,
-2, ,45, ,
1, ,44, ,
3, ,45, ,
3, ,45, ,
-2, ,44, ,
5, ,45, ,
4, ,45, ,
1, ,45, ,
1, ,45, ,
3, ,45, ,
1, ,44, ,
4, ,45, ,
-5, ,45, ,
3, ,44, ,
4, ,45, ,
0, ,44, ,
-2, ,44, ,
1, ,45, ,
0, ,44, ,
0, ,44, ,
0, ,45, ,
4, ,44, ,
4, ,44, ,
4, ,45, ,
-2, ,44, ,
1, ,45, ,
4, ,45, ,
-1, ,44, ,
-1, ,44, ,
3, ,42, ,
1, ,33, ,
0, ,23, ,
-2, ,14, ,
-2, ,4, ,
-1, ,-2, ,
0, ,-8, ,
-5, ,-14, ,
-5, ,-19, ,
-1, ,-23, ,
-6, ,-26, ,
-5, ,-30, ,
1, ,-33, ,
1, ,-35, ,
4, ,-36, ,
1, ,-38, ,
1, ,-39, ,
3, ,-40, ,
1, ,-42, ,
0, ,-42, ,
1, ,-43, ,
4, ,-44, ,
3, ,-44, ,
-1, ,-45, ,
4, ,-45, ,
3, ,-46, ,
3, ,-46, ,
1, ,-46, ,
3, ,-47, ,
3, ,-46, ,
5, ,-47, ,
4, ,-47, ,
5, ,-47, ,
5, ,-47, ,
1, ,-47, ,
-1, ,-47, ,
1, ,-49, ,
5, ,-47, ,
4, ,-47, ,
5, ,-49, ,
5, ,-49, ,
5, ,-47, ,
6, ,-49, ,
3, ,-49, ,
4, ,-47, ,
5, ,-49, ,
3, ,-47, ,
-1, ,-47, ,
4, ,-49, ,
4, ,-49, ,
1, ,-47, ,
0, ,-49, ,
1, ,-49, ,
0, ,-47, ,
4, ,-49, ,
-1, ,-47, ,
4, ,-47, ,
8, ,-49, ,
3, ,-47, ,
1, ,-47, ,
5, ,-49, ,
4, ,-47, ,
5, ,-47, ,
0, ,-47, ,
4, ,-49, ,
5, ,-47, ,
5, ,-47, ,
1, ,-47, ,
0, ,-47, ,
3, ,-47, ,
1, ,-47, ,
-1, ,-46, ,
3, ,-49, ,
1, ,-47, ,
1, ,-47, ,
0, ,-47, ,
4, ,-49, ,
5, ,-47, ,
6, ,-49, ,
1, ,-47, ,
3, ,-47, ,
5, ,-47, ,
1, ,-47, ,
-1, ,-47, ,
3, ,-49, ,
-2, ,-49, ,
1, ,-47, ,
-2, ,-47, ,
0, ,-49, ,
1, ,-47, ,
1, ,-47, ,
1, ,-47, ,
5, ,-47, ,
5, ,-47, ,
5, ,-47, ,
-1, ,-47, ,
4, ,-49, ,
4, ,-47, ,
0, ,-47, ,
4, ,-47, ,
1, ,-47, ,
4, ,-46, ,
0, ,-49, ,
-2, ,-47, ,
3, ,-47, ,
4, ,-47, ,
4, ,-47, ,
3, ,-46, ,
4, ,-49, ,
4, ,-47, ,
1, ,-47, ,
-4, ,-47, ,
-2, ,-49, ,
-1, ,-47, ,
1, ,-47, ,
-5, ,-47, ,
5, ,-47, ,
3, ,-47, ,
1, ,-47, ,
4, ,-46, ,
0, ,-49, ,
1, ,-47, ,
0, ,-47, ,
-1, ,-47, ,
3, ,-49, ,
-1, ,-46, ,
4, ,-49, ,
1, ,-47, ,
4, ,-47, ,
4, ,-47, ,
4, ,-47, ,
-1, ,-47, ,
3, ,-49, ,
-1, ,-47, ,
-2, ,-47, ,
-4, ,-47, ,
-2, ,-47, ,
0, ,-46, ,
-5, ,-47, ,
-6, ,-47, ,
-1, ,-47, ,
1, ,-47, ,
4, ,-47, ,
0, ,-47, ,
6, ,-49, ,
0, ,-47, ,
0, ,-46, ,
-2, ,-47, ,
-4, ,-47, ,
-1, ,-46, ,
1, ,-47, ,
-1, ,-47, ,
3, ,-47, ,
3, ,-47, ,
0, ,-47, ,
-5, ,-46, ,
-2, ,-49, ,
-4, ,-47, ,
-5, ,-47, ,
-5, ,-47, ,
-2, ,-47, ,
0, ,-46, ,
-1, ,-49, ,
-6, ,-47, ,
3, ,-47, ,
5, ,-47, ,
5, ,-47, ,
1, ,-46, ,
4, ,-49, ,
3, ,-47, ,
0, ,-47, ,
0, ,-47, ,
1, ,-47, ,
0, ,-46, ,
-1, ,-49, ,
-4, ,-47, ,
1, ,-47, ,
5, ,-47, ,
1, ,-47, ,
-2, ,-47, ,
4, ,-47, ,
3, ,-47, ,
4, ,-47, ,
3, ,-47, ,
0, ,-47, ,
3, ,-47, ,
0, ,-47, ,
-4, ,-47, ,
-4, ,-47, ,
-4, ,-47, ,
3, ,-47, ,
0, ,-47, ,
-1, ,-49, ,
3, ,-47, ,
-1, ,-47, ,
-4, ,-47, ,
-1, ,-47, ,
0, ,-46, ,
1, ,-49, ,
-1, ,-47, ,
4, ,-47, ,
6, ,-47, ,
1, ,-47, ,
-2, ,-47, ,
1, ,-49, ,
1, ,-47, ,
3, ,-46, ,
-2, ,-47, ,
0, ,-49, ,
4, ,-46, ,
1, ,-47, ,
-2, ,-47, ,
3, ,-47, ,
-1, ,-47, ,
-1, ,-47, ,
-2, ,-46, ,
1, ,-47, ,
3, ,-47, ,
0, ,-46, ,
-1, ,-47, ,
4, ,-47, ,
0, ,-46, ,
0, ,-49, ,
-2, ,-47, ,
0, ,-47, ,
3, ,-47, ,
0, ,-47, ,
-4, ,-47, ,
1, ,-47, ,
3, ,-47, ,
0, ,-47, ,
1, ,-47, ,
0, ,-47, ,
0, ,-47, ,
-1, ,-47, ,
-4, ,-47, ,
0, ,-47, ,
3, ,-47, ,
0, ,-47, ,
-2, ,-46, ,
3, ,-49, ,
3, ,-47, ,
1, ,-46, ,
-1, ,-47, ,
4, ,-47, ,
3, ,-46, ,
4, ,-47, ,
0, ,-47, ,
1, ,-47, ,
3, ,-47, ,
0, ,-47, ,
-1, ,-46, ,
1, ,-47, ,
1, ,-47, ,
4, ,-46, ,
4, ,-47, ,
6, ,-47, ,
8, ,-46, ,
5, ,-47, ,
0, ,-47, ,
3, ,-47, ,
5, ,-47, ,
3, ,-47, ,
-1, ,-47, ,
6, ,-49, ,
6, ,-47, ,
4, ,-46, ,
5, ,-47, ,
4, ,-47, ,
5, ,-46, ,
3, ,-47, ,
-4, ,-47, ,
1, ,-47, ,
1, ,-47, ,
0, ,-47, ,
0, ,-47, ,
3, ,-47, ,
4, ,-47, ,
3, ,-47, ,
1, ,-47, ,
3, ,-47, ,
5, ,-46, ,
5, ,-47, ,
0, ,-47, ,
6, ,-46, ,
5, ,-47, ,
4, ,-47, ,
0, ,-47, ,
6, ,-49, ,
4, ,-47, ,
0, ,-47, ,
-1, ,-47, ,
1, ,-47, ,
3, ,-46, ,
3, ,-47, ,
-2, ,-47, ,
1, ,-47, ,
5, ,-47, ,
0, ,-47, ,
1, ,-46, ,
3, ,-47, ,
4, ,-47, ,
3, ,-47, ,
1, ,-47, ,
3, ,-49, ,
4, ,-46, ,
3, ,-47, ,
-4, ,-47, ,
0, ,-47, ,
0, ,-47, ,
-1, ,-47, ,
-2, ,-46, ,
1, ,-49, ,
5, ,-47, ,
5, ,-47, ,
4, ,-47, ,
5, ,-47, ,
5, ,-46, ,
4, ,-47, ,
3, ,-47, ,
4, ,-47, ,
8, ,-47, ,
3, ,-47, ,
0, ,-46, ,
5, ,-49, ,
4, ,-47, ,
1, ,-47, ,
-1, ,-47, ,
0, ,-47, ,
4, ,-47, ,
4, ,-47, ,
3, ,-47, ,
8, ,-47, ,
5, ,-47, ,
3, ,-47, ,
0, ,-47, ,
4, ,-49, ,
5, ,-47, ,
3, ,-46, ,
1, ,-47, ,
3, ,-47, ,
4, ,-46, ,
6, ,-47, ,
0, ,-47, ,
4, ,-47, ,
3, ,-47, ,
3, ,-47, ,
-1, ,-46, ,
0, ,-47, ,
3, ,-47, ,
3, ,-47, ,
0, ,-47, ,
3, ,-47, ,
1, ,-47, ,
1, ,-47, ,
-4, ,-47, ,
1, ,-47, ,
3, ,-47, ,
1, ,-47, ,
0, ,-46, ,
6, ,-49, ,
6, ,-47, ,
4, ,-46, ,
1, ,-47, ,
3, ,-47, ,
3, ,-46, ,
4, ,-47, ,
0, ,-47, ,
4, ,-47, ,
6, ,-47, ,
3, ,-47, ,
0, ,-46, ,
3, ,-49, ,
-1, ,-47, ,
-1, ,-47, ,
-5, ,-47, ,
0, ,-47, ,
1, ,-46, ,
1, ,-47, ,
0, ,-47, ,
0, ,-47, ,
3, ,-47, ,
3, ,-47, ,
-5, ,-46, ,
3, ,-49, ,
-1, ,-47, ,
-2, ,-47, ,
-1, ,-47, ,
-1, ,-49, ,
3, ,-46, ,
4, ,-49, ,
-2, ,-47, ,
3, ,-47, ,
3, ,-47, ,
-1, ,-47, ,
-1, ,-47, ,
1, ,-47, ,
0, ,-47, ,
3, ,-47, ,
0, ,-47, ,
3, ,-47, ,
4, ,-46, ,
3, ,-47, ,
-1, ,-47, ,
4, ,-47, ,
3, ,-47, ,
4, ,-47, ,
1, ,-47, ,
5, ,-49, ,
3, ,-47, ,
-2, ,-46, ,
-2, ,-47, ,
0, ,-47, ,
-4, ,-46, ,
3, ,-47, ,
1, ,-47, ,
5, ,-47, ,
5, ,-47, ,
1, ,-47, ,
-2, ,-47, ,
3, ,-47, ,
0, ,-47, ,
-1, ,-47, ,
-2, ,-47, ,
0, ,-47, ,
0, ,-46, ,
1, ,-47, ,
-5, ,-47, ,
-2, ,-47, ,
-1, ,-47, ,
-2, ,-47, ,
-5, ,-47, ,
-1, ,-47, ,
0, ,-47, ,
-1, ,-46, ,
-2, ,-47, ,
0, ,-47, ,
3, ,-46, ,
3, ,-47, ,
-4, ,-47, ,
1, ,-47, ,
4, ,-47, ,
0, ,-47, ,
-2, ,-47, ,
1, ,-47, ,
0, ,-47, ,
-1, ,-47, ,
-2, ,-47, ,
-1, ,-47, ,
-1, ,-46, ,
-1, ,-47, ,
-4, ,-47, ,
0, ,-47, ,
3, ,-47, ,
1, ,-47, ,
-2, ,-46, ,
1, ,-47, ,
-1, ,-47, ,
-2, ,-47, ,
-2, ,-47, ,
-2, ,-47, ,
-1, ,-46, ,
0, ,-47, ,
-2, ,-47, ,
4, ,-47, ,
4, ,-47, ,
0, ,-47, ,
-2, ,-47, ,
-1, ,-47, ,
-1, ,-47, ,
-1, ,-47, ,
-1, ,-47, ,
0, ,-47, ,
1, ,-46, ,
3, ,-47, ,
-2, ,-47, ,
0, ,-47, ,
1, ,-47, ,
1, ,-47, ,
-1, ,-46, ,
6, ,-49, ,
5, ,-47, ,
3, ,-46, ,
3, ,-47, ,
1, ,-47, ,
0, ,-46, ,
-1, ,-47, ,
-4, ,-47, ,
-2, ,-47, ,
3, ,-47, ,
0, ,-47, ,
1, ,-46, ,
4, ,-49, ,
0, ,-47, ,
0, ,-47, ,
-4, ,-47, ,
-1, ,-47, ,
1, ,-46, ,
-1, ,-47, ,
0, ,-47, ,
4, ,-47, ,
3, ,-47, ,
4, ,-47, ,
-2, ,-46, ,
3, ,-49, ,
1, ,-47, ,
4, ,-46, ,
4, ,-47, ,
4, ,-49, ,
3, ,-46, ,
4, ,-47, ,
-4, ,-47, ,
0, ,-47, ,
0, ,-47, ,
-6, ,-47, ,
-4, ,-47, ,
0, ,-49, ,
0, ,-47, ,
0, ,-47, ,
-1, ,-47, ,
-5, ,-47, ,
4, ,-46, ,
3, ,-47, ,
-7, ,-47, ,
-2, ,-46, ,
0, ,-47, ,
0, ,-47, ,
-1, ,-47, ,
4, ,-49, ,
4, ,-47, ,
-2, ,-46, ,
-2, ,-47, ,
0, ,-47, ,
-2, ,-46, ,
-1, ,-47, ,
-4, ,-47, ,
1, ,-47, ,
5, ,-47, ,
3, ,-47, ,
3, ,-46, ,
4, ,-49, ,
5, ,-47, ,
6, ,-47, ,
1, ,-47, ,
4, ,-47, ,
4, ,-46, ,
3, ,-47, ,
-2, ,-47, ,
0, ,-47, ,
4, ,-47, ,
4, ,-47, ,
0, ,-46, ,
8, ,-47, ,
6, ,-47, ,
5, ,-47, ,
4, ,-47, ,
9, ,-47, ,
9, ,-46, ,
10, ,-49, ,
4, ,-47, ,
5, ,-47, ,
5, ,-47, ,
1, ,-47, ,
-4, ,-47, ,
3, ,-47, ,
3, ,-47, ,
4, ,-46, ,
4, ,-47, ,
5, ,-49, ,
5, ,-46, ,
3, ,-47, ,
-2, ,-47, ,
1, ,-47, ,
1, ,-47, ,
3, ,-47, ,
-2, ,-46, ,
4, ,-49, ,
8, ,-47, ,
4, ,-46, ,
0, ,-47, ,
0, ,-47, ,
0, ,-46, ,
1, ,-47, ,
-4, ,-47, ,
3, ,-47, ,
5, ,-47, ,
3, ,-47, ,
-1, ,-47, ,
1, ,-49, ,
1, ,-47, ,
0, ,-47, ,
-4, ,-47, ,
1, ,-47, ,
0, ,-46, ,
1, ,-47, ,
-4, ,-47, ,
0, ,-47, ,
0, ,-47, ,
-1, ,-47, ,
-6, ,-47, ,
0, ,-49, ,
3, ,-47, ,
3, ,-46, ,
-2, ,-47, ,
5, ,-47, ,
3, ,-47, ,
5, ,-47, ,
1, ,-47, ,
3, ,-47, ,
4, ,-47, ,
3, ,-47, ,
-1, ,-46, ,
8, ,-49, ,
5, ,-47, ,
5, ,-47, ,
5, ,-47, ,
13, ,-47, ,
4, ,-46, ,
1, ,-47, ,
-6, ,-47, ,
4, ,-47, ,
6, ,-47, ,
5, ,-47, ,
4, ,-46, ,
10, ,-49, ,
1, ,-47, ,
0, ,-46, ,
-2, ,-47, ,
1, ,-47, ,
3, ,-46, ,
6, ,-47, ,
0, ,-47, ,
6, ,-47, ,
5, ,-47, ,
0, ,-47, ,
-6, ,-46, ,
0, ,-49, ,
1, ,-47, ,
-1, ,-46, ,
3, ,-47, ,
4, ,-47, ,
5, ,-46, ,
6, ,-47, ,
-1, ,-47, ,
1, ,-47, ,
5, ,-47, ,
-5, ,-47, ,
-17, ,-46, ,
-5, ,-49, ,
-14, ,-47, ,
-17, ,-46, ,
-12, ,-47, ,
-7, ,-47, ,
-1, ,-46, ,
6, ,-47, ,
1, ,-47, ,
8, ,-47, ,
11, ,-47, ,
11, ,-47, ,
11, ,-46, ,
9, ,-47, ,
8, ,-47, ,
5, ,-47, ,
-2, ,-47, ,
-4, ,-47, ,
-4, ,-46, ,
0, ,-47, ,
-2, ,-47, ,
1, ,-47, ,
3, ,-47, ,
1, ,-47, ,
-1, ,-47, ,
4, ,-47, ,
1, ,-47, ,
-2, ,-46, ,
-4, ,-47, ,
-4, ,-47, ,
-2, ,-46, ,
4, ,-47, ,
-2, ,-47, ,
4, ,-47, ,
3, ,-47, ,
0, ,-47, ,
-1, ,-47, ,
3, ,-49, ,
3, ,-47, ,
3, ,-47, ,
1, ,-47, ,
3, ,-47, ,
1, ,-46, ,
-1, ,-47, ,
-6, ,-47, ,
-1, ,-47, ,
0, ,-47, ,
1, ,-47, ,
1, ,-47, ,
4, ,-49, ,
4, ,-47, ,
0, ,-46, ,
-1, ,-47, ,
-1, ,-47, ,
-4, ,-46, ,
0, ,-47, ,
-4, ,-47, ,
1, ,-47, ,
3, ,-47, ,
1, ,-47, ,
-1, ,-47, ,
1, ,-49, ,
-1, ,-47, ,
-1, ,-47, ,
-1, ,-47, ,
0, ,-47, ,
0, ,-46, ,
3, ,-47, ,
0, ,-47, ,
1, ,-47, ,
8, ,-47, ,
4, ,-47, ,
0, ,-46, ,
4, ,-49, ,
4, ,-47, ,
-1, ,-46, ,
0, ,-47, ,
3, ,-47, ,
3, ,-46, ,
5, ,-49, ,
0, ,-47, ,
4, ,-47, ,
6, ,-47, ,
1, ,-49, ,
-2, ,-47, ,
1, ,-49, ,
0, ,-47, ,
0, ,-46, ,
-5, ,-47, ,
-1, ,-49, ,
-1, ,-46, ,
-1, ,-47, ,
-1, ,-47, ,
0, ,-47, ,
1, ,-47, ,
0, ,-47, ,
-4, ,-47, ,
-2, ,-47, ,
-2, ,-42, ,
3, ,-34, ,
5, ,-24, ,
5, ,-15, ,
8, ,-6, ,
6, ,1, ,
0, ,7, ,
6, ,13, ,
5, ,17, ,
6, ,21, ,
3, ,24, ,
9, ,27, ,
5, ,30, ,
1, ,32, ,
1, ,35, ,
4, ,35, ,
5, ,37, ,
6, ,38, ,
4, ,40, ,
6, ,40, ,
9, ,41, ,
9, ,41, ,
4, ,42, ,
8, ,43, ,
6, ,43, ,
3, ,44, ,
1, ,44, ,
1, ,44, ,
3, ,43, ,
5, ,45, ,
1, ,45, ,
3, ,44, ,
5, ,45, ,
4, ,45, ,
3, ,45, ,
5, ,46, ,
5, ,45, ,
4, ,45, ,
3, ,45, ,
4, ,45, ,
1, ,44, ,
1, ,46, ,
-4, ,45, ,
-1, ,45, ,
3, ,45, ,
3, ,45, ,
0, ,45, ,
5, ,45, ,
4, ,45, ,
4, ,46, ,
1, ,46, ,
3, ,45, ,
5, ,44, ,
4, ,45, ,
4, ,45, ,
6, ,45, ,
5, ,45, ,
4, ,45, ,
0, ,45, ,
3, ,46, ,
4, ,45, ,
4, ,45, ,
0, ,45, ,
3, ,45, ,
5, ,44, ,
4, ,45, ,
1, ,45, ,
1, ,45, ,
0, ,45, ,
0, ,45, ,
-2, ,45, ,
1, ,46, ,
1, ,44, ,
0, ,45, ,
-2, ,45, ,
1, ,45, ,
1, ,44, ,
3, ,45, ,
-6, ,45, ,
-1, ,45, ,
0, ,45, ,
-1, ,45, ,
-4, ,44, ,
4, ,45, ,
3, ,44, ,
5, ,45, ,
3, ,45, ,
3, ,45, ,
0, ,44, ,
-2, ,45, ,
-7, ,45, ,
-1, ,44, ,
1, ,45, ,
1, ,45, ,
-2, ,44, ,
5, ,45, ,
5, ,44, ,
1, ,45, ,
0, ,45, ,
0, ,45, ,
1, ,44, ,
4, ,45, ,
-1, ,45, ,
3, ,44, ,
8, ,45, ,
0, ,45, ,
-2, ,44, ,
1, ,45, ,
3, ,45, ,
8, ,45, ,
6, ,45, ,
10, ,45, ,
11, ,44, ,
9, ,45, ,
4, ,45, ,
6, ,45, ,
6, ,45, ,
5, ,45, ,
-1, ,44, ,
9, ,45, ,
8, ,44, ,
9, ,45, ,
8, ,45, ,
8, ,45, ,
6, ,44, ,
5, ,45, ,
-1, ,45, ,
3, ,45, ,
5, ,45, ,
8, ,45, ,
4, ,44, ,
4, ,45, ,
6, ,44, ,
9, ,44, ,
4, ,45, ,
5, ,45, ,
6, ,44, ,
8, ,45, ,
4, ,45, ,
10, ,44, ,
10, ,45, ,
9, ,44, ,
6, ,44, ,
8, ,45, ,
6, ,44, ,
1, ,45, ,
3, ,45, ,
3, ,45, ,
1, ,44, ,
4, ,45, ,
-1, ,45, ,
3, ,44, ,
3, ,45, ,
-1, ,45, ,
-2, ,44, ,
1, ,45, ,
3, ,44, ,
5, ,44, ,
0, ,45, ,
4, ,45, ,
4, ,44, ,
4, ,45, ,
-1, ,45, ,
1, ,44, ,
4, ,45, ,
0, ,44, ,
-1, ,44, ,
3, ,45, ,
1, ,44, ,
4, ,44, ,
3, ,45, ,
5, ,45, ,
4, ,44, ,
1, ,45, ,
-5, ,44, ,
1, ,44, ,
1, ,45, ,
-2, ,45, ,
-4, ,44, ,
-1, ,45, ,
-4, ,44, ,
-1, ,45, ,
-2, ,45, ,
-1, ,45, ,
3, ,44, ,
1, ,45, ,
-6, ,45, ,
-1, ,44, ,
-2, ,45, ,
-2, ,45, ,
-6, ,44, ,
-1, ,45, ,
0, ,44, ,
-5, ,45, ,
-1, ,45, ,
-2, ,45, ,
-1, ,44, ,
5, ,45, ,
-2, ,45, ,
0, ,44, ,
3, ,45, ,
-4, ,45, ,
-6, ,44, ,
-4, ,45, ,
-5, ,44, ,
-2, ,45, ,
-1, ,45, ,
-1, ,44, ,
-4, ,44, ,
-1, ,45, ,
-9, ,45, ,
-5, ,44, ,
-4, ,45, ,
-4, ,45, ,
-4, ,44, ,
1, ,45, ,
0, ,44, ,
-4, ,45, ,
-4, ,45, ,
-4, ,45, ,
-6, ,44, ,
-1, ,45, ,
-4, ,45, ,
1, ,45, ,
3, ,45, ,
-4, ,45, ,
-5, ,44, ,
-1, ,45, ,
-9, ,44, ,
-5, ,45, ,
-9, ,45, ,
-5, ,45, ,
-1, ,44, ,
-2, ,45, ,
-6, ,44, ,
-4, ,44, ,
-4, ,45, ,
-4, ,44, ,
-7, ,44, ,
-1, ,45, ,
-4, ,44, ,
-1, ,44, ,
-1, ,45, ,
0, ,45, ,
-1, ,44, ,
0, ,45, ,
-4, ,45, ,
-1, ,45, ,
-1, ,44, ,
-4, ,45, ,
-6, ,44, ,
-2, ,45, ,
-4, ,44, ,
-5, ,45, ,
-6, ,45, ,
-4, ,44, ,
0, ,44, ,
-1, ,45, ,
-2, ,45, ,
4, ,44, ,
4, ,45, ,
1, ,45, ,
-2, ,44, ,
3, ,45, ,
-1, ,44, ,
-4, ,45, ,
-5, ,45, ,
-2, ,45, ,
-4, ,44, ,
1, ,45, ,
-5, ,45, ,
3, ,45, ,
6, ,45, ,
0, ,45, ,
-1, ,44, ,
4, ,45, ,
4, ,44, ,
4, ,45, ,
0, ,45, ,
4, ,45, ,
4, ,44, ,
4, ,45, ,
-1, ,45, ,
-1, ,45, ,
3, ,45, ,
0, ,45, ,
-1, ,44, ,
1, ,45, ,
0, ,44, ,
0, ,45, ,
-1, ,45, ,
0, ,45, ,
3, ,44, ,
3, ,45, ,
-1, ,45, ,
1, ,44, ,
4, ,45, ,
0, ,44, ,
-4, ,44, ,
3, ,45, ,
0, ,44, ,
1, ,45, ,
-2, ,45, ,
-1, ,45, ,
0, ,44, ,
-1, ,45, ,
-2, ,44, ,
1, ,44, ,
3, ,45, ,
3, ,44, ,
1, ,44, ,
4, ,45, ,
1, ,44, ,
-1, ,45, ,
-2, ,45, ,
1, ,45, ,
4, ,44, ,
4, ,45, ,
0, ,44, ,
6, ,45, ,
8, ,45, ,
3, ,45, ,
4, ,44, ,
3, ,45, ,
4, ,44, ,
4, ,45, ,
4, ,45, ,
8, ,45, ,
5, ,44, ,
6, ,45, ,
0, ,44, ,
3, ,44, ,
4, ,45, ,
4, ,45, ,
0, ,44, ,
6, ,45, ,
6, ,44, ,
5, ,44, ,
4, ,45, ,
1, ,45, ,
4, ,44, ,
4, ,45, ,
-1, ,45, ,
3, ,44, ,
6, ,45, ,
3, ,44, ,
3, ,44, ,
10, ,45, ,
6, ,45, ,
6, ,45, ,
3, ,45, ,
4, ,44, ,
8, ,44, ,
5, ,45, ,
4, ,44, ,
0, ,44, ,
8, ,45, ,
11, ,44, ,
3, ,44, ,
13, ,45, ,
10, ,45, ,
8, ,45, ,
6, ,45, ,
8, ,45, ,
8, ,44, ,
8, ,45, ,
3, ,45, ,
5, ,45, ,
6, ,45, ,
3, ,45, ,
-1, ,44, ,
4, ,45, ,
3, ,44, ,
5, ,45, ,
4, ,45, ,
5, ,45, ,
8, ,44, ,
5, ,45, ,
-2, ,44, ,
5, ,44, ,
3, ,45, ,
4, ,44, ,
3, ,44, ,
9, ,45, ,
6, ,44, ,
3, ,44, ,
5, ,45, ,
5, ,45, ,
-1, ,44, ,
4, ,45, ,
-5, ,45, ,
3, ,44, ,
5, ,44, ,
3, ,45, ,
3, ,44, ,
5, ,45, ,
5, ,44, ,
5, ,44, ,
0, ,45, ,
4, ,44, ,
4, ,44, ,
4, ,45, ,
1, ,44, ,
3, ,44, ,
4, ,44, ,
1, ,44, ,
-1, ,44, ,
1, ,45, ,
4, ,44, ,
4, ,44, ,
3, ,45, ,
4, ,45, ,
4, ,44, ,
8, ,45, ,
-1, ,45, ,
3, ,44, ,
4, ,45, ,
0, ,44, ,
-2, ,44, ,
4, ,45, ,
4, ,44, ,
5, ,44, ,
5, ,45, ,
4, ,45, ,
6, ,43, ,
5, ,45, ,
-1, ,44, ,
1, ,44, ,
3, ,45, ,
5, ,44, ,
0, ,44, ,
3, ,45, ,
4, ,44, ,
3, ,45, ,
3, ,45, ,
1, ,44, ,
1, ,44, ,
4, ,45, ,
0, ,45, ,
3, ,44, ,
1, ,45, ,
1, ,45, ,
-5, ,44, ,
-1, ,45, ,
0, ,44, ,
-2, ,44, ,
-1, ,45, ,
0, ,45, ,
-1, ,44, ,
-1, ,45, ,
-6, ,45, ,
1, ,44, ,
3, ,45, ,
-1, ,45, ,
-4, ,44, ,
-1, ,45, ,
-5, ,44, ,
-4, ,45, ,
-5, ,45, ,
-1, ,45, ,
-4, ,44, ,
-1, ,45, ,
-7, ,45, ,
-1, ,44, ,
3, ,45, ,
1, ,45, ,
0, ,44, ,
1, ,45, ,
-1, ,44, ,
-1, ,45, ,
-1, ,45, ,
0, ,45, ,
1, ,44, ,
-1, ,45, ,
-5, ,45, ,
-1, ,45, ,
-1, ,45, ,
-5, ,45, ,
-9, ,44, ,
-4, ,45, ,
-4, ,44, ,
-2, ,45, ,
-5, ,45, ,
-2, ,45, ,
1, ,44, ,
-1, ,45, ,
-4, ,45, ,
1, ,45, ,
3, ,45, ,
0, ,44, ,
-4, ,44, ,
-1, ,45, ,
-5, ,44, ,
-4, ,45, ,
-4, ,45, ,
-4, ,44, ,
1, ,44, ,
0, ,45, ,
-4, ,45, ,
3, ,45, ,
3, ,45, ,
-4, ,45, ,
-6, ,44, ,
-2, ,45, ,
-1, ,44, ,
-4, ,44, ,
-5, ,45, ,
0, ,45, ,
-1, ,44, ,
0, ,45, ,
-6, ,45, ,
-2, ,44, ,
1, ,44, ,
-4, ,45, ,
-2, ,44, ,
1, ,45, ,
-1, ,44, ,
-1, ,44, ,
-6, ,45, ,
-5, ,45, ,
-2, ,44, ,
0, ,45, ,
-4, ,45, ,
-1, ,44, ,
0, ,44, ,
-1, ,45, ,
-6, ,44, ,
-2, ,45, ,
-5, ,44, ,
-4, ,45, ,
-6, ,45, ,
-1, ,44, ,
0, ,44, ,
0, ,45, ,
-4, ,45, ,
-2, ,45, ,
3, ,45, ,
-2, ,44, ,
-6, ,44, ,
-4, ,45, ,
-4, ,44, ,
-1, ,44, ,
-1, ,45, ,
-1, ,45, ,
1, ,43, ,
1, ,45, ,
-1, ,45, ,
3, ,44, ,
1, ,45, ,
1, ,45, ,
-4, ,44, ,
-1, ,45, ,
0, ,44, ,
-2, ,44, ,
-2, ,45, ,
-2, ,45, ,
-2, ,44, ,
1, ,45, ,
-5, ,45, ,
1, ,44, ,
4, ,45, ,
1, ,45, ,
0, ,44, ,
5, ,45, ,
0, ,44, ,
1, ,44, ,
-2, ,45, ,
0, ,44, ,
0, ,44, ,
6, ,45, ,
1, ,45, ,
5, ,44, ,
5, ,45, ,
4, ,45, ,
0, ,44, ,
4, ,45, ,
3, ,44, ,
3, ,45, ,
3, ,44, ,
6, ,44, ,
8, ,44, ,
10, ,45, ,
3, ,45, ,
6, ,44, ,
5, ,45, ,
3, ,44, ,
1, ,44, ,
4, ,45, ,
3, ,44, ,
3, ,44, ,
4, ,45, ,
3, ,45, ,
4, ,44, ,
3, ,45, ,
-4, ,45, ,
0, ,45, ,
5, ,45, ,
4, ,45, ,
1, ,44, ,
6, ,45, ,
6, ,45, ,
6, ,45, ,
4, ,45, ,
1, ,45, ,
3, ,43, ,
5, ,45, ,
0, ,44, ,
4, ,44, ,
5, ,45, ,
4, ,45, ,
-1, ,44, ,
3, ,45, ,
1, ,44, ,
0, ,44, ,
1, ,45, ,
3, ,45, ,
6, ,44, ,
6, ,45, ,
1, ,45, ,
6, ,44, ,
6, ,45, ,
5, ,45, ,
3, ,44, ,
8, ,45, ,
6, ,44, ,
4, ,44, ,
4, ,45, ,
4, ,45, ,
3, ,44, ,
5, ,45, ,
-2, ,45, ,
4, ,44, ,
6, ,45, ,
4, ,45, ,
3, ,44, ,
6, ,45, ,
6, ,44, ,
6, ,45, ,
1, ,45, ,
4, ,45, ,
6, ,44, ,
4, ,45, ,
-1, ,45, ,
1, ,44, ,
3, ,45, ,
4, ,45, ,
5, ,44, ,
8, ,45, ,
9, ,45, ,
6, ,44, ,
5, ,45, ,
4, ,45, ,
5, ,44, ,
5, ,45, ,
3, ,45, ,
5, ,45, ,
10, ,45, ,
6, ,45, ,
1, ,44, ,
8, ,45, ,
3, ,44, ,
6, ,44, ,
3, ,45, ,
5, ,45, ,
5, ,44, ,
6, ,45, ,
1, ,45, ,
4, ,44, ,
4, ,45, ,
3, ,44, ,
-2, ,44, ,
3, ,45, ,
4, ,44, ,
6, ,45, ,
4, ,45, ,
5, ,44, ,
4, ,44, ,
5, ,45, ,
-4, ,45, ,
8, ,45, ,
8, ,45, ,
-1, ,44, ,
-1, ,44, ,
3, ,45, ,
1, ,44, ,
6, ,44, ,
6, ,45, ,
4, ,45, ,
-1, ,44, ,
1, ,45, ,
-4, ,45, ,
3, ,45, ,
1, ,45, ,
3, ,45, ,
1, ,44, ,
3, ,45, ,
1, ,44, ,
1, ,45, ,
-2, ,45, ,
1, ,45, ,
-1, ,44, ,
3, ,45, ,
0, ,45, ,
0, ,44, ,
3, ,44, ,
-2, ,45, ,
-5, ,44, ,
3, ,45, ,
0, ,44, ,
3, ,45, ,
1, ,45, ,
3, ,45, ,
1, ,44, ,
3, ,45, ,
0, ,45, ,
1, ,44, ,
1, ,45, ,
0, ,45, ,
-2, ,44, ,
5, ,45, ,
3, ,44, ,
5, ,45, ,
1, ,45, ,
4, ,45, ,
4, ,44, ,
4, ,45, ,
0, ,45, ,
0, ,45, ,
3, ,45, ,
0, ,45, ,
-2, ,43, ,
1, ,45, ,
1, ,44, ,
-1, ,45, ,
-2, ,45, ,
3, ,44, ,
3, ,44, ,
3, ,45, ,
-4, ,44, ,
1, ,44, ,
3, ,45, ,
1, ,45, ,
-2, ,44, ,
1, ,45, ,
3, ,44, ,
0, ,39, ,
-6, ,30, ,
-6, ,20, ,
-11, ,11, ,
-7, ,2, ,
-11, ,-4, ,
-5, ,-11, ,
-2, ,-16, ,
-7, ,-20, ,
-12, ,-24, ,
-10, ,-27, ,
-10, ,-31, ,
-4, ,-33, ,
-4, ,-35, ,
-1, ,-37, ,
-1, ,-38, ,
-1, ,-40, ,
-11, ,-41, ,
-4, ,-41, ,
-5, ,-43, ,
-6, ,-43, ,
-10, ,-44, ,
-4, ,-45, ,
-4, ,-45, ,
-2, ,-45, ,
-1, ,-46, ,
-1, ,-46, ,
-1, ,-46, ,
0, ,-47, ,
-4, ,-47, ,
-2, ,-47, ,
1, ,-47, ,
-9, ,-47, ,
-10, ,-47, ,
1, ,-49, ,
-4, ,-47, ,
-1, ,-47, ,
-4, ,-49, ,
-4, ,-49, ,
-2, ,-47, ,
-2, ,-49, ,
-4, ,-49, ,
3, ,-47, ,
3, ,-49, ,
0, ,-49, ,
-5, ,-47, ,
0, ,-49, ,
-1, ,-49, ,
-4, ,-47, ,
-4, ,-49, ,
1, ,-49, ,
1, ,-47, ,
3, ,-49, ,
-1, ,-49, ,
3, ,-47, ,
1, ,-49, ,
-2, ,-47, ,
-4, ,-47, ,
0, ,-49, ,
0, ,-47, ,
0, ,-47, ,
-1, ,-49, ,
1, ,-49, ,
1, ,-47, ,
-4, ,-49, ,
-2, ,-49, ,
3, ,-47, ,
-1, ,-49, ,
4, ,-49, ,
-2, ,-47, ,
3, ,-49, ,
3, ,-47, ,
0, ,-47, ,
-4, ,-47, ,
1, ,-47, ,
1, ,-46, ,
4, ,-47, ,
-1, ,-47, ,
1, ,-47, ,
8, ,-47, ,
1, ,-47, ,
-4, ,-47, ,
3, ,-49, ,
-2, ,-47, ,
0, ,-47, ,
-2, ,-47, ,
0, ,-49, ,
4, ,-47, ,
1, ,-47, ,
-2, ,-47, ,
1, ,-47, ,
1, ,-47, ,
0, ,-47, ,
-6, ,-47, ,
1, ,-49, ,
3, ,-47, ,
1, ,-47, ,
0, ,-47, ,
0, ,-49, ,
0, ,-46, ,
4, ,-47, ,
0, ,-47, ,
1, ,-47, ,
4, ,-47, ,
-1, ,-47, ,
-6, ,-46, ,
1, ,-47, ,
0, ,-47, ,
0, ,-47, ,
-1, ,-47, ,
1, ,-49, ,
5, ,-46, ,
1, ,-47, ,
-1, ,-47, ,
3, ,-47, ,
5, ,-47, ,
4, ,-47, ,
0, ,-47, ,
4, ,-49, ,
6, ,-47, ,
1, ,-46, ,
0, ,-47, ,
-1, ,-49, ,
1, ,-46, ,
4, ,-47, ,
1, ,-47, ,
6, ,-47, ,
10, ,-47, ,
4, ,-47, ,
0, ,-47, ,
4, ,-49, ,
4, ,-47, ,
4, ,-47, ,
4, ,-47, ,
5, ,-47, ,
5, ,-46, ,
8, ,-47, ,
4, ,-47, ,
5, ,-47, ,
4, ,-47, ,
1, ,-47, ,
-1, ,-47, ,
3, ,-47, ,
4, ,-47, ,
4, ,-46, ,
1, ,-47, ,
4, ,-49, ,
3, ,-46, ,
1, ,-47, ,
-4, ,-47, ,
3, ,-47, ,
5, ,-47, ,
5, ,-47, ,
3, ,-47, ,
6, ,-49, ,
4, ,-47, ,
4, ,-47, ,
0, ,-47, ,
1, ,-47, ,
4, ,-46, ,
3, ,-47, ,
1, ,-47, ,
5, ,-47, ,
5, ,-47, ,
5, ,-47, ,
1, ,-47, ,
4, ,-47, ,
3, ,-47, ,
-1, ,-46, ,
1, ,-47, ,
3, ,-47, ,
1, ,-46, ,
4, ,-47, ,
-2, ,-47, ,
4, ,-47, ,
5, ,-47, ,
4, ,-47, ,
1, ,-47, ,
6, ,-49, ,
8, ,-47, ,
5, ,-46, ,
3, ,-47, ,
4, ,-47, ,
4, ,-46, ,
4, ,-47, ,
1, ,-47, ,
4, ,-47, ,
5, ,-47, ,
4, ,-47, ,
4, ,-47, ,
9, ,-47, ,
6, ,-47, ,
5, ,-46, ,
4, ,-47, ,
4, ,-49, ,
3, ,-46, ,
3, ,-47, ,
-2, ,-47, ,
1, ,-47, ,
5, ,-47, ,
1, ,-47, ,
1, ,-46, ,
6, ,-49, ,
6, ,-47, ,
6, ,-47, ,
1, ,-47, ,
3, ,-47, ,
3, ,-46, ,
1, ,-47, ,
-1, ,-47, ,
3, ,-47, ,
8, ,-47, ,
8, ,-47, ,
1, ,-46, ,
8, ,-49, ,
5, ,-47, ,
5, ,-47, ,
5, ,-47, ,
5, ,-47, ,
5, ,-46, ,
5, ,-47, ,
0, ,-47, ,
1, ,-47, ,
1, ,-47, ,
0, ,-47, ,
-4, ,-47, ,
1, ,-49, ,
1, ,-47, ,
-1, ,-47, ,
-2, ,-47, ,
3, ,-47, ,
4, ,-46, ,
5, ,-49, ,
0, ,-47, ,
3, ,-47, ,
3, ,-47, ,
3, ,-47, ,
0, ,-47, ,
4, ,-49, ,
4, ,-47, ,
-2, ,-47, ,
-5, ,-47, ,
-4, ,-47, ,
-2, ,-46, ,
0, ,-47, ,
-5, ,-47, ,
1, ,-47, ,
3, ,-47, ,
0, ,-47, ,
-1, ,-46, ,
5, ,-49, ,
0, ,-47, ,
0, ,-46, ,
-2, ,-47, ,
1, ,-47, ,
0, ,-46, ,
3, ,-47, ,
-2, ,-47, ,
-1, ,-47, ,
1, ,-47, ,
-1, ,-47, ,
-4, ,-46, ,
4, ,-49, ,
6, ,-47, ,
6, ,-46, ,
4, ,-47, ,
5, ,-47, ,
4, ,-46, ,
1, ,-47, ,
-4, ,-47, ,
4, ,-47, ,
5, ,-47, ,
1, ,-47, ,
-4, ,-47, ,
3, ,-47, ,
0, ,-47, ,
0, ,-47, ,
-1, ,-47, ,
-1, ,-47, ,
3, ,-46, ,
1, ,-47, ,
-2, ,-47, ,
0, ,-47, ,
3, ,-47, ,
0, ,-47, ,
-1, ,-47, ,
6, ,-49, ,
5, ,-47, ,
3, ,-46, ,
1, ,-47, ,
0, ,-47, ,
3, ,-46, ,
4, ,-47, ,
-2, ,-47, ,
5, ,-47, ,
6, ,-47, ,
0, ,-47, ,
-1, ,-46, ,
1, ,-49, ,
1, ,-47, ,
-1, ,-47, ,
-2, ,-47, ,
3, ,-47, ,
0, ,-47, ,
1, ,-47, ,
-2, ,-47, ,
1, ,-47, ,
0, ,-47, ,
-5, ,-47, ,
-5, ,-47, ,
1, ,-49, ,
1, ,-47, ,
-4, ,-46, ,
-1, ,-47, ,
1, ,-47, ,
3, ,-46, ,
3, ,-47, ,
-4, ,-47, ,
0, ,-47, ,
3, ,-47, ,
-1, ,-47, ,
0, ,-46, ,
1, ,-47, ,
1, ,-47, ,
0, ,-47, ,
-1, ,-47, ,
0, ,-47, ,
1, ,-46, ,
-1, ,-47, ,
-5, ,-47, ,
0, ,-47, ,
3, ,-47, ,
1, ,-47, ,
-4, ,-47, ,
0, ,-49, ,
1, ,-47, ,
0, ,-46, ,
-2, ,-47, ,
3, ,-47, ,
4, ,-46, ,
4, ,-47, ,
1, ,-47, ,
4, ,-47, ,
1, ,-47, ,
0, ,-47, ,
-6, ,-47, ,
0, ,-49, ,
-2, ,-47, ,
0, ,-47, ,
1, ,-47, ,
1, ,-47, ,
4, ,-46, ,
5, ,-47, ,
0, ,-47, ,
4, ,-47, ,
3, ,-47, ,
-1, ,-47, ,
-1, ,-46, ,
1, ,-47, ,
0, ,-47, ,
-1, ,-46, ,
0, ,-47, ,
0, ,-47, ,
-1, ,-46, ,
1, ,-47, ,
-4, ,-47, ,
0, ,-47, ,
5, ,-47, ,
3, ,-47, ,
1, ,-46, ,
5, ,-49, ,
4, ,-46, ,
3, ,-47, ,
1, ,-47, ,
0, ,-47, ,
3, ,-46, ,
4, ,-47, ,
1, ,-47, ,
1, ,-47, ,
3, ,-46, ,
1, ,-47, ,
-1, ,-46, ,
1, ,-49, ,
1, ,-47, ,
0, ,-46, ,
0, ,-47, ,
1, ,-47, ,
1, ,-46, ,
3, ,-47, ,
-1, ,-47, ,
1, ,-47, ,
4, ,-47, ,
1, ,-47, ,
-6, ,-47, ,
3, ,-49, ,
-1, ,-47, ,
1, ,-46, ,
1, ,-47, ,
1, ,-47, ,
4, ,-47, ,
4, ,-47, ,
4, ,-47, ,
6, ,-47, ,
4, ,-47, ,
3, ,-47, ,
-2, ,-46, ,
4, ,-49, ,
3, ,-47, ,
0, ,-46, ,
0, ,-47, ,
3, ,-47, ,
-1, ,-46, ,
3, ,-47, ,
-2, ,-47, ,
3, ,-47, ,
6, ,-47, ,
4, ,-47, ,
3, ,-46, ,
4, ,-47, ,
3, ,-47, ,
0, ,-47, ,
0, ,-47, ,
1, ,-47, ,
0, ,-46, ,
4, ,-47, ,
3, ,-47, ,
6, ,-47, ,
8, ,-47, ,
4, ,-47, ,
0, ,-47, ,
6, ,-49, ,
8, ,-47, ,
4, ,-47, ,
1, ,-47, ,
6, ,-47, ,
3, ,-46, ,
5, ,-47, ,
0, ,-47, ,
1, ,-47, ,
6, ,-47, ,
4, ,-47, ,
0, ,-47, ,
6, ,-49, ,
4, ,-47, ,
4, ,-47, ,
-2, ,-47, ,
4, ,-47, ,
1, ,-46, ,
1, ,-47, ,
-2, ,-47, ,
1, ,-47, ,
3, ,-47, ,
3, ,-47, ,
-4, ,-47, ,
6, ,-49, ,
3, ,-47, ,
4, ,-46, ,
4, ,-47, ,
1, ,-47, ,
1, ,-46, ,
-1, ,-47, ,
-5, ,-47, ,
0, ,-47, ,
4, ,-47, ,
1, ,-47, ,
0, ,-46, ,
3, ,-49, ,
0, ,-47, ,
-1, ,-47, ,
-2, ,-47, ,
1, ,-47, ,
3, ,-46, ,
4, ,-47, ,
0, ,-47, ,
5, ,-47, ,
5, ,-47, ,
4, ,-47, ,
3, ,-46, ,
4, ,-49, ,
4, ,-47, ,
0, ,-46, ,
-1, ,-47, ,
0, ,-47, ,
3, ,-46, ,
1, ,-47, ,
-2, ,-47, ,
3, ,-47, ,
4, ,-47, ,
1, ,-47, ,
-1, ,-47, ,
3, ,-49, ,
4, ,-47, ,
5, ,-46, ,
3, ,-47, ,
3, ,-47, ,
4, ,-46, ,
0, ,-47, ,
-5, ,-47, ,
-1, ,-47, ,
3, ,-47, ,
0, ,-47, ,
1, ,-46, ,
4, ,-49, ,
3, ,-47, ,
3, ,-46, ,
3, ,-47, ,
3, ,-47, ,
0, ,-46, ,
3, ,-49, ,
-1, ,-47, ,
4, ,-47, ,
5, ,-47, ,
3, ,-47, ,
-1, ,-47, ,
1, ,-47, ,
4, ,-47, ,
8, ,-46, ,
-1, ,-47, ,
0, ,-47, ,
5, ,-46, ,
1, ,-47, ,
0, ,-47, ,
1, ,-47, ,
1, ,-47, ,
1, ,-47, ,
-4, ,-47, ,
1, ,-49, ,
1, ,-47, ,
-2, ,-46, ,
1, ,-47, ,
1, ,-47, ,
3, ,-46, ,
-1, ,-47, ,
-4, ,-47, ,
0, ,-47, ,
3, ,-47, ,
-1, ,-47, ,
0, ,-47, ,
5, ,-47, ,
4, ,-47, ,
4, ,-46, ,
-1, ,-47, ,
0, ,-47, ,
1, ,-46, ,
1, ,-47, ,
-1, ,-47, ,
3, ,-47, ,
1, ,-47, ,
1, ,-47, ,
0, ,-46, ,
0, ,-49, ,
1, ,-47, ,
0, ,-46, ,
-2, ,-47, ,
0, ,-47, ,
4, ,-46, ,
1, ,-47, ,
-2, ,-47, ,
-1, ,-47, ,
1, ,-47, ,
-1, ,-47, ,
-5, ,-46, ,
0, ,-47, ,
0, ,-47, ,
3, ,-47, ,
1, ,-47, ,
3, ,-47, ,
4, ,-46, ,
4, ,-47, ,
0, ,-47, ,
1, ,-47, ,
4, ,-47, ,
3, ,-47, ,
-2, ,-47, ,
5, ,-47, ,
5, ,-47, ,
5, ,-46, ,
4, ,-47, ,
3, ,-47, ,
3, ,-46, ,
0, ,-47, ,
0, ,-47, ,
3, ,-47, ,
3, ,-47, ,
1, ,-47, ,
-4, ,-47, ,
3, ,-47, ,
3, ,-47, ,
0, ,-47, ,
-1, ,-47, ,
1, ,-47, ,
4, ,-46, ,
5, ,-47, ,
1, ,-47, ,
5, ,-47, ,
6, ,-47, ,
5, ,-47, ,
0, ,-46, ,
0, ,-49, ,
1, ,-47, ,
-2, ,-46, ,
-4, ,-47, ,
1, ,-47, ,
-1, ,-46, ,
3, ,-47, ,
-4, ,-47, ,
0, ,-47, ,
1, ,-47, ,
-2, ,-47, ,
-5, ,-46, ,
3, ,-49, ,
3, ,-47, ,
3, ,-46, ,
3, ,-47, ,
4, ,-47, ,
3, ,-46, ,
4, ,-47, ,
-2, ,-47, ,
-2, ,-47, ,
1, ,-47, ,
0, ,-47, ,
-1, ,-46, ,
5, ,-49, ,
5, ,-47, ,
3, ,-47, ,
1, ,-47, ,
3, ,-47, ,
3, ,-46, ,
0, ,-47, ,
-2, ,-47, ,
3, ,-47, ,
5, ,-47, ,
4, ,-47, ,
-1, ,-47, ,
3, ,-47, ,
1, ,-47, ,
1, ,-46, ,
-1, ,-47, ,
3, ,-47, ,
4, ,-46, ,
6, ,-47, ,
3, ,-47, ,
6, ,-47, ,
4, ,-47, ,
4, ,-47, ,
0, ,-46, ,
4, ,-47, ,
4, ,-47, ,
0, ,-47, ,
3, ,-47, ,
3, ,-47, ,
5, ,-46, ,
8, ,-49, ,
0, ,-47, ,
3, ,-47, ,
6, ,-47, ,
3, ,-47, ,
-1, ,-47, ,
3, ,-49, ,
4, ,-47, ,
4, ,-46, ,
1, ,-47, ,
3, ,-47, ,
1, ,-46, ,
3, ,-47, ,
-1, ,-47, ,
1, ,-47, ,
4, ,-47, ,
1, ,-47, ,
0, ,-46, ,
4, ,-49, ,
5, ,-47, ,
1, ,-46, ,
-2, ,-47, ,
3, ,-47, ,
4, ,-46, ,
5, ,-47, ,
3, ,-47, ,
0, ,-47, ,
6, ,-47, ,
4, ,-47, ,
0, ,-46, ,
4, ,-49, ,
0, ,-47, ,
3, ,-47, ,
-1, ,-47, ,
1, ,-47, ,
4, ,-47, ,
4, ,-47, ,
-2, ,-47, ,
4, ,-47, ,
4, ,-47, ,
1, ,-47, ,
-2, ,-46, ,
3, ,-49, ,
3, ,-47, ,
0, ,-46, ,
4, ,-47, ,
3, ,-47, ,
1, ,-46, ,
4, ,-47, ,
-1, ,-47, ,
0, ,-47, ,
3, ,-47, ,
-1, ,-47, ,
-1, ,-46, ,
1, ,-49, ,
0, ,-47, ,
0, ,-47, ,
1, ,-47, ,
0, ,-47, ,
3, ,-46, ,
3, ,-47, ,
0, ,-47, ,
4, ,-47, ,
6, ,-47, ,
4, ,-47, ,
1, ,-47, ,
6, ,-49, ,
4, ,-47, ,
0, ,-47, ,
-2, ,-47, ,
-1, ,-49, ,
0, ,-46, ,
4, ,-47, ,
0, ,-47, ,
8, ,-47, ,
6, ,-47, ,
4, ,-47, ,
3, ,-46, ,
6, ,-49, ,
5, ,-47, ,
1, ,-47, ,
1, ,-47, ,
1, ,-49, ,
4, ,-46, ,
1, ,-47, ,
-4, ,-47, ,
1, ,-47, ,
-1, ,-47, ,
0, ,-47, ,
-1, ,-47, ,
4, ,-47, ,
3, ,-47, ,
-2, ,-46, ,
-1, ,-40, ,
4, ,-31, ,
4, ,-21, ,
8, ,-12, ,
3, ,-3, ,
5, ,3, ,
8, ,9, ,
4, ,14, ,
3, ,18, ,
9, ,22, ,
9, ,25, ,
6, ,28, ,
3, ,31, ,
1, ,33, ,
3, ,34, ,
3, ,36, ,
3, ,38, ,
0, ,39, ,
3, ,40, ,
5, ,41, ,
-1, ,41, ,
3, ,42, ,
0, ,42, ,
-2, ,43, ,
0, ,43, ,
0, ,43, ,
1, ,43, ,
3, ,44, ,
-2, ,44, ,
4, ,44, ,
5, ,45, ,
3, ,45, ,
1, ,44, ,
3, ,45, ,
-1, ,45, ,
0, ,45, ,
0, ,45, ,
0, ,45, ,
-1, ,44, ,
0, ,45, ,
-9, ,45, ,
-1, ,45, ,
3, ,45, ,
3, ,45, ,
3, ,45, ,
5, ,46, ,
3, ,45, ,
1, ,45, ,
-2, ,46, ,
-1, ,45, ,
-2, ,44, ,
3, ,45, ,
-4, ,45, ,
0, ,45, ,
4, ,45, ,
3, ,45, ,
-2, ,45, ,
4, ,46, ,
-1, ,45, ,
0, ,45, ,
-4, ,45, ,
-2, ,45, ,
-2, ,44, ,
-2, ,46, ,
-2, ,45, ,
1, ,45, ,
3, ,45, ,
4, ,45, ,
-2, ,44, ,
4, ,45, ,
3, ,45, ,
3, ,45, ,
1, ,45, ,
-1, ,45, ,
0, ,44, ,
0, ,45, ,
-6, ,45, ,
-4, ,45, ,
-2, ,45, ,
-5, ,45, ,
-7, ,44, ,
-4, ,45, ,
-2, ,45, ,
-1, ,45, ,
1, ,45, ,
-1, ,45, ,
1, ,44, ,
3, ,45, ,
-2, ,45, ,
1, ,45, ,
3, ,45, ,
3, ,45, ,
-4, ,44, ,
6, ,45, ,
4, ,44, ,
-4, ,45, ,
-6, ,45, ,
-4, ,45, ,
-6, ,44, ,
0, ,45, ,
-5, ,45, ,
3, ,45, ,
3, ,45, ,
-1, ,45, ,
-5, ,44, ,
0, ,45, ,
0, ,45, ,
1, ,45, ,
3, ,45, ,
1, ,45, ,
0, ,44, ,
1, ,45, ,
-5, ,45, ,
-4, ,45, ,
0, ,45, ,
0, ,45, ,
-2, ,44, ,
4, ,45, ,
1, ,45, ,
3, ,45, ,
1, ,45, ,
3, ,45, ,
4, ,44, ,
5, ,45, ,
-2, ,45, ,
1, ,44, ,
3, ,45, ,
-1, ,45, ,
-4, ,44, ,
4, ,45, ,
0, ,44, ,
5, ,45, ,
3, ,45, ,
4, ,45, ,
4, ,43, ,
6, ,45, ,
-2, ,45, ,
3, ,44, ,
5, ,45, ,
3, ,45, ,
0, ,44, ,
5, ,45, ,
4, ,44, ,
3, ,45, ,
1, ,45, ,
0, ,45, ,
4, ,44, ,
5, ,45, ,
-1, ,45, ,
4, ,44, ,
5, ,45, ,
1, ,45, ,
-1, ,44, ,
1, ,45, ,
1, ,44, ,
-1, ,45, ,
0, ,45, ,
4, ,45, ,
4, ,44, ,
5, ,45, ,
-1, ,45, ,
3, ,44, ,
3, ,45, ,
0, ,44, ,
-2, ,44, ,
3, ,45, ,
3, ,44, ,
1, ,45, ,
0, ,45, ,
5, ,45, ,
4, ,44, ,
5, ,45, ,
1, ,44, ,
0, ,45, ,
3, ,44, ,
-2, ,44, ,
-2, ,44, ,
5, ,45, ,
4, ,45, ,
5, ,45, ,
1, ,45, ,
3, ,45, ,
4, ,43, ,
3, ,45, ,
1, ,45, ,
3, ,44, ,
4, ,45, ,
9, ,45, ,
-4, ,44, ,
0, ,45, ,
0, ,44, ,
4, ,45, ,
1, ,45, ,
4, ,45, ,
8, ,44, ,
6, ,45, ,
0, ,45, ,
6, ,44, ,
5, ,45, ,
1, ,44, ,
0, ,44, ,
1, ,45, ,
3, ,44, ,
4, ,45, ,
4, ,45, ,
5, ,45, ,
5, ,44, ,
9, ,45, ,
4, ,45, ,
4, ,44, ,
6, ,45, ,
6, ,45, ,
-1, ,44, ,
3, ,45, ,
1, ,44, ,
0, ,45, ,
3, ,45, ,
1, ,45, ,
1, ,44, ,
3, ,45, ,
-1, ,44, ,
3, ,44, ,
6, ,45, ,
0, ,45, ,
-1, ,44, ,
9, ,45, ,
8, ,44, ,
0, ,45, ,
0, ,45, ,
3, ,45, ,
3, ,44, ,
5, ,45, ,
0, ,44, ,
4, ,44, ,
5, ,45, ,
4, ,45, ,
-1, ,44, ,
5, ,45, ,
0, ,44, ,
3, ,44, ,
0, ,45, ,
4, ,45, ,
5, ,44, ,
5, ,45, ,
-1, ,44, ,
3, ,44, ,
4, ,45, ,
0, ,44, ,
-2, ,44, ,
3, ,45, ,
-2, ,44, ,
3, ,45, ,
1, ,45, ,
1, ,45, ,
5, ,43, ,
4, ,45, ,
1, ,45, ,
4, ,44, ,
4, ,45, ,
3, ,45, ,
-2, ,44, ,
5, ,45, ,
4, ,44, ,
0, ,44, ,
-2, ,45, ,
1, ,45, ,
0, ,43, ,
3, ,45, ,
-2, ,45, ,
1, ,44, ,
5, ,45, ,
1, ,45, ,
-2, ,44, ,
1, ,45, ,
-1, ,44, ,
1, ,44, ,
0, ,45, ,
3, ,45, ,
4, ,44, ,
6, ,45, ,
0, ,44, ,
3, ,44, ,
3, ,45, ,
1, ,44, ,
-4, ,44, ,
0, ,45, ,
-4, ,44, ,
-9, ,44, ,
-14, ,45, ,
-11, ,45, ,
-10, ,44, ,
-10, ,45, ,
-10, ,45, ,
-1, ,45, ,
5, ,45, ,
6, ,45, ,
9, ,44, ,
15, ,45, ,
13, ,44, ,
10, ,45, ,
5, ,45, ,
4, ,45, ,
3, ,44, ,
-4, ,45, ,
-9, ,45, ,
-1, ,44, ,
-1, ,45, ,
0, ,44, ,
-2, ,44, ,
1, ,45, ,
1, ,44, ,
0, ,44, ,
1, ,45, ,
0, ,45, ,
-1, ,44, ,
-1, ,45, ,
-7, ,45, ,
-4, ,44, ,
-2, ,45, ,
-5, ,44, ,
-9, ,44, ,
-4, ,45, ,
-4, ,44, ,
-2, ,45, ,
-2, ,45, ,
-2, ,45, ,
0, ,44, ,
1, ,45, ,
-5, ,45, ,
1, ,44, ,
-4, ,45, ,
-1, ,45, ,
-5, ,44, ,
-1, ,45, ,
0, ,44, ,
-2, ,44, ,
-4, ,45, ,
-1, ,45, ,
-1, ,44, ,
3, ,45, ,
-6, ,45, ,
0, ,45, ,
0, ,45, ,
-1, ,44, ,
-1, ,44, ,
3, ,45, ,
1, ,44, ,
3, ,45, ,
-1, ,45, ,
0, ,45, ,
-4, ,44, ,
0, ,45, ,
-5, ,45, ,
0, ,44, ,
3, ,45, ,
0, ,44, ,
-1, ,44, ,
3, ,45, ,
1, ,44, ,
-1, ,44, ,
-2, ,45, ,
-2, ,44, ,
1, ,44, ,
1, ,45, ,
-2, ,45, ,
3, ,44, ,
4, ,44, ,
0, ,44, ,
-1, ,44, ,
1, ,45, ,
3, ,44, ,
3, ,45, ,
0, ,45, ,
3, ,45, ,
4, ,44, ,
1, ,45, ,
-4, ,44, ,
-1, ,45, ,
1, ,45, ,
1, ,44, ,
-4, ,44, ,
4, ,45, ,
1, ,44, ,
0, ,45, ,
-5, ,45, ,
-4, ,45, ,
-2, ,44, ,
0, ,45, ,
-5, ,45, ,
-1, ,44, ,
1, ,45, ,
0, ,45, ,
-1, ,44, ,
5, ,45, ,
4, ,44, ,
4, ,44, ,
-1, ,45, ,
0, ,45, ,
1, ,44, ,
-1, ,45, ,
-4, ,45, ,
1, ,44, ,
4, ,45, ,
1, ,45, ,
0, ,44, ,
4, ,45, ,
1, ,44, ,
1, ,45, ,
-2, ,45, ,
1, ,45, ,
0, ,44, ,
5, ,45, ,
-1, ,44, ,
3, ,44, ,
4, ,45, ,
1, ,44, ,
-2, ,44, ,
4, ,45, ,
1, ,44, ,
3, ,45, ,
1, ,45, ,
4, ,45, ,
5, ,44, ,
4, ,45, ,
-1, ,45, ,
0, ,44, ,
1, ,45, ,
3, ,45, ,
-1, ,44, ,
5, ,45, ,
5, ,44, ,
8, ,44, ,
5, ,45, ,
5, ,45, ,
5, ,43, ,
4, ,45, ,
-1, ,45, ,
1, ,45, ,
4, ,44, ,
3, ,44, ,
1, ,44, ,
5, ,45, ,
1, ,44, ,
4, ,45, ,
3, ,45, ,
4, ,45, ,
5, ,44, ,
10, ,45, ,
6, ,45, ,
9, ,44, ,
9, ,45, ,
3, ,45, ,
1, ,44, ,
3, ,45, ,
3, ,44, ,
1, ,45, ,
3, ,45, ,
4, ,45, ,
4, ,44, ,
5, ,45, ,
-2, ,45, ,
4, ,44, ,
4, ,45, ,
-4, ,44, ,
-4, ,44, ,
1, ,45, ,
1, ,45, ,
5, ,44, ,
1, ,45, ,
4, ,45, ,
5, ,43, ,
5, ,45, ,
-1, ,44, ,
3, ,44, ,
8, ,45, ,
4, ,45, ,
-1, ,44, ,
6, ,45, ,
5, ,44, ,
4, ,44, ,
1, ,45, ,
3, ,45, ,
3, ,43, ,
5, ,45, ,
1, ,44, ,
4, ,44, ,
5, ,45, ,
3, ,45, ,
-1, ,44, ,
5, ,45, ,
1, ,44, ,
4, ,45, ,
3, ,45, ,
6, ,44, ,
11, ,43, ,
11, ,45, ,
10, ,45, ,
11, ,44, ,
9, ,45, ,
8, ,44, ,
3, ,44, ,
5, ,45, ,
5, ,44, ,
4, ,45, ,
4, ,45, ,
6, ,44, ,
6, ,43, ,
10, ,45, ,
5, ,44, ,
8, ,44, ,
8, ,44, ,
4, ,44, ,
3, ,44, ,
6, ,45, ,
8, ,44, ,
9, ,44, ,
4, ,45, ,
6, ,45, ,
9, ,44, ,
9, ,45, ,
1, ,45, ,
6, ,44, ,
9, ,45, ,
6, ,45, ,
0, ,44, ,
5, ,45, ,
4, ,44, ,
5, ,44, ,
1, ,45, ,
3, ,45, ,
1, ,44, ,
5, ,45, ,
4, ,45, ,
5, ,44, ,
9, ,45, ,
6, ,44, ,
1, ,44, ,
5, ,45, ,
3, ,45, ,
4, ,44, ,
3, ,45, ,
4, ,45, ,
4, ,44, ,
4, ,45, ,
-2, ,45, ,
1, ,44, ,
0, ,45, ,
1, ,45, ,
0, ,44, ,
5, ,45, ,
0, ,44, ,
1, ,45, ,
4, ,45, ,
4, ,45, ,
5, ,44, ,
5, ,45, ,
-5, ,45, ,
-1, ,44, ,
0, ,44, ,
-4, ,45, ,
-6, ,44, ,
-2, ,45, ,
-7, ,44, ,
-7, ,44, ,
-7, ,45, ,
-5, ,45, ,
1, ,43, ,
4, ,45, ,
-1, ,45, ,
4, ,44, ,
6, ,45, ,
6, ,44, ,
-1, ,44, ,
4, ,45, ,
-1, ,44, ,
-5, ,45, ,
-6, ,45, ,
-2, ,45, ,
-1, ,44, ,
3, ,45, ,
-6, ,45, ,
1, ,44, ,
4, ,45, ,
0, ,45, ,
0, ,44, ,
4, ,45, ,
5, ,44, ,
4, ,45, ,
-2, ,45, ,
0, ,44, ,
-4, ,44, ,
-1, ,45, ,
-5, ,45, ,
-1, ,44, ,
0, ,45, ,
0, ,44, ,
-5, ,44, ,
0, ,45, ,
-5, ,44, ,
-5, ,45, ,
-7, ,45, ,
-5, ,44, ,
-5, ,44, ,
-5, ,45, ,
-9, ,45, ,
-5, ,45, ,
-2, ,45, ,
-5, ,45, ,
-6, ,44, ,
-1, ,45, ,
-1, ,44, ,
-1, ,45, ,
-5, ,45, ,
-5, ,45, ,
-5, ,43, ,
-1, ,45, ,
-5, ,45, ,
-2, ,44, ,
0, ,45, ,
-1, ,44, ,
-6, ,44, ,
-5, ,45, ,
-6, ,44, ,
-6, ,45, ,
-9, ,45, ,
-6, ,45, ,
-5, ,44, ,
-4, ,45, ,
-10, ,44, ,
-4, ,44, ,
-4, ,45, ,
-4, ,45, ,
-7, ,44, ,
-1, ,45, ,
-4, ,44, ,
0, ,45, ,
-4, ,45, ,
-4, ,44, ,
-2, ,44, ,
-4, ,45, ,
-6, ,45, ,
-4, ,44, ,
-1, ,45, ,
-2, ,45, ,
-4, ,44, ,
3, ,45, ,
1, ,44, ,
0, ,45, ,
-6, ,45, ,
-2, ,44, ,
-5, ,44, ,
-4, ,45, ,
-10, ,44, ,
0, ,44, ,
5, ,45, ,
4, ,45, ,
0, ,44, ,
3, ,45, ,
-1, ,44, ,
-1, ,45, ,
-7, ,45, ,
-4, ,44, ,
0, ,44, ,
0, ,45, ,
-4, ,45, ,
0, ,44, ,
3, ,45, ,
1, ,45, ,
-5, ,44, ,
0, ,45, ,
1, ,44, ,
5, ,45, ,
3, ,45, ,
1, ,45, ,
1, ,44, ,
4, ,45, ,
-4, ,45, ,
0, ,45, ,
0, ,45, ,
-2, ,45, ,
-6, ,44, ,
0, ,45, ,
5, ,44, ,
-1, ,45, ,
-2, ,45, ,
4, ,45, ,
1, ,44, ,
1, ,45, ,
-2, ,45, ,
3, ,44, ,
4, ,45, ,
4, ,45, ,
1, ,44, ,
4, ,45, ,
5, ,44, ,
1, ,45, ,
-1, ,45, ,
1, ,45, ,
0, ,44, ,
4, ,45, ,
-1, ,45, ,
3, ,44, ,
4, ,45, ,
0, ,45, ,
0, ,44, ,
3, ,45, ,
1, ,44, ,
1, ,45, ,
1, ,45, ,
4, ,45, ,
5, ,44, ,
5, ,45, ,
3, ,45, ,
3, ,45, ,
1, ,45, ,
1, ,45, ,
-1, ,44, ,
6, ,45, ,
5, ,44, ,
5, ,44, ,
5, ,45, ,
5, ,45, ,
6, ,44, ,
3, ,45, ,
-1, ,45, ,
1, ,45, ,
1, ,45, ,
3, ,45, ,
1, ,44, ,
6, ,45, ,
8, ,45, ,
5, ,44, ,
6, ,45, ,
6, ,45, ,
6, ,43, ,
6, ,45, ,
3, ,45, ,
8, ,44, ,
5, ,45, ,
5, ,44, ,
1, ,44, ,
8, ,45, ,
6, ,45, ,
6, ,44, ,
5, ,43, ,
5, ,37, ,
4, ,26, ,
5, ,17, ,
-5, ,7, ,
1, ,0, ,
1, ,-6, ,
0, ,-13, ,
-2, ,-17, ,
-1, ,-21, ,
-1, ,-25, ,
-1, ,-28, ,
-4, ,-31, ,
5, ,-34, ,
6, ,-36, ,
6, ,-38, ,
-1, ,-39, ,
1, ,-40, ,
3, ,-41, ,
0, ,-42, ,
-4, ,-43, ,
3, ,-44, ,
3, ,-45, ,
1, ,-44, ,
0, ,-45, ,
3, ,-46, ,
1, ,-45, ,
4, ,-46, ,
0, ,-46, ,
4, ,-46, ,
5, ,-47, ,
4, ,-47, ,
1, ,-47, ,
5, ,-49, ,
3, ,-47, ,
4, ,-47, ,
4, ,-49, ,
3, ,-49, ,
6, ,-47, ,
3, ,-49, ,
0, ,-49, ,
3, ,-47, ,
4, ,-49, ,
1, ,-49, ,
0, ,-47, ,
6, ,-49, ,
6, ,-47, ,
5, ,-47, ,
6, ,-49, ,
5, ,-49, ,
6, ,-47, ,
8, ,-47, ,
3, ,-47, ,
4, ,-47, ,
4, ,-47, ,
1, ,-47, ,
0, ,-47, ,
1, ,-49, ,
0, ,-49, ,
3, ,-47, ,
4, ,-49, ,
5, ,-49, ,
6, ,-47, ,
8, ,-49, ,
3, ,-49, ,
8, ,-47, ,
6, ,-47, ,
3, ,-49, ,
0, ,-47, ,
4, ,-49, ,
3, ,-47, ,
0, ,-47, ,
0, ,-47, ,
3, ,-49, ,
0, ,-46, ,
4, ,-47, ,
-4, ,-47, ,
1, ,-47, ,
3, ,-47, ,
3, ,-47, ,
0, ,-47, ,
5, ,-49, ,
1, ,-47, ,
0, ,-47, ,
-2, ,-47, ,
1, ,-49, ,
3, ,-47, ,
1, ,-49, ,
0, ,-47, ,
3, ,-47, ,
3, ,-47, ,
1, ,-47, ,
-1, ,-47, ,
4, ,-49, ,
-1, ,-47, ,
-2, ,-47, ,
-2, ,-47, ,
1, ,-49, ,
0, ,-46, ,
1, ,-49, ,
-6, ,-47, ,
-2, ,-47, ,
0, ,-47, ,
0, ,-47, ,
-6, ,-46, ,
1, ,-49, ,
-1, ,-47, ,
-2, ,-47, ,
-2, ,-47, ,
-2, ,-47, ,
-1, ,-47, ,
0, ,-47, ,
-4, ,-47, ,
1, ,-47, ,
1, ,-47, ,
-1, ,-47, ,
-4, ,-47, ,
1, ,-49, ,
0, ,-47, ,
-4, ,-46, ,
-5, ,-47, ,
-4, ,-47, ,
-2, ,-46, ,
-2, ,-47, ,
-7, ,-47, ,
0, ,-47, ,
1, ,-47, ,
-2, ,-47, ,
-5, ,-46, ,
0, ,-47, ,
-1, ,-47, ,
-1, ,-47, ,
-4, ,-47, ,
-2, ,-47, ,
-1, ,-46, ,
1, ,-47, ,
-4, ,-47, ,
0, ,-47, ,
1, ,-47, ,
-1, ,-47, ,
-2, ,-47, ,
0, ,-49, ,
0, ,-47, ,
-2, ,-47, ,
-4, ,-47, ,
0, ,-47, ,
-1, ,-46, ,
3, ,-47, ,
-2, ,-47, ,
-2, ,-47, ,
3, ,-47, ,
-1, ,-47, ,
0, ,-47, ,
3, ,-49, ,
0, ,-47, ,
0, ,-47, ,
-2, ,-47, ,
-2, ,-47, ,
0, ,-46, ,
-6, ,-47, ,
-5, ,-47, ,
-4, ,-47, ,
-1, ,-47, ,
1, ,-47, ,
0, ,-47, ,
5, ,-49, ,
3, ,-47, ,
0, ,-47, ,
-2, ,-47, ,
-2, ,-47, ,
0, ,-46, ,
0, ,-47, ,
-1, ,-47, ,
1, ,-47, ,
3, ,-47, ,
0, ,-47, ,
-5, ,-47, ,
-1, ,-47, ,
-4, ,-47, ,
-4, ,-47, ,
-5, ,-47, ,
-2, ,-47, ,
0, ,-47, ,
1, ,-49, ,
-2, ,-47, ,
0, ,-47, ,
0, ,-47, ,
0, ,-47, ,
-4, ,-47, ,
0, ,-49, ,
3, ,-47, ,
-1, ,-46, ,
0, ,-47, ,
-1, ,-47, ,
-1, ,-46, ,
1, ,-49, ,
-4, ,-47, ,
0, ,-47, ,
5, ,-47, ,
1, ,-47, ,
1, ,-46, ,
6, ,-47, ,
4, ,-47, ,
4, ,-47, ,
1, ,-47, ,
-1, ,-47, ,
1, ,-47, ,
1, ,-47, ,
-2, ,-47, ,
3, ,-47, ,
5, ,-47, ,
3, ,-47, ,
3, ,-47, ,
5, ,-47, ,
1, ,-47, ,
1, ,-46, ,
-1, ,-47, ,
1, ,-47, ,
3, ,-46, ,
3, ,-47, ,
0, ,-47, ,
1, ,-47, ,
3, ,-47, ,
3, ,-47, ,
-4, ,-46, ,
4, ,-49, ,
4, ,-47, ,
6, ,-47, ,
4, ,-47, ,
4, ,-47, ,
8, ,-46, ,
3, ,-47, ,
1, ,-47, ,
3, ,-46, ,
4, ,-47, ,
3, ,-47, ,
1, ,-46, ,
8, ,-49, ,
5, ,-47, ,
1, ,-47, ,
4, ,-47, ,
3, ,-47, ,
3, ,-46, ,
3, ,-47, ,
-2, ,-47, ,
3, ,-47, ,
4, ,-47, ,
5, ,-47, ,
1, ,-46, ,
4, ,-49, ,
8, ,-47, ,
6, ,-46, ,
1, ,-47, ,
5, ,-47, ,
0, ,-46, ,
3, ,-47, ,
0, ,-47, ,
6, ,-47, ,
9, ,-47, ,
1, ,-47, ,
0, ,-47, ,
4, ,-49, ,
1, ,-47, ,
0, ,-46, ,
-2, ,-47, ,
4, ,-47, ,
1, ,-46, ,
4, ,-47, ,
1, ,-47, ,
3, ,-47, ,
6, ,-47, ,
3, ,-47, ,
1, ,-47, ,
5, ,-47, ,
5, ,-47, ,
6, ,-46, ,
5, ,-47, ,
4, ,-47, ,
5, ,-46, ,
4, ,-47, ,
-2, ,-47, ,
1, ,-47, ,
3, ,-47, ,
3, ,-47, ,
-1, ,-47, ,
6, ,-49, ,
8, ,-47, ,
5, ,-47, ,
4, ,-47, ,
5, ,-47, ,
6, ,-46, ,
4, ,-47, ,
0, ,-47, ,
4, ,-47, ,
5, ,-47, ,
3, ,-47, ,
-1, ,-47, ,
3, ,-47, ,
1, ,-47, ,
3, ,-46, ,
0, ,-47, ,
3, ,-47, ,
5, ,-47, ,
8, ,-47, ,
5, ,-47, ,
5, ,-47, ,
10, ,-47, ,
5, ,-47, ,
-5, ,-47, ,
3, ,-49, ,
5, ,-47, ,
3, ,-46, ,
4, ,-47, ,
5, ,-47, ,
4, ,-46, ,
5, ,-47, ,
-1, ,-47, ,
1, ,-47, ,
3, ,-47, ,
-1, ,-47, ,
-4, ,-46, ,
4, ,-49, ,
3, ,-47, ,
3, ,-46, ,
1, ,-47, ,
1, ,-49, ,
3, ,-46, ,
0, ,-47, ,
-1, ,-47, ,
0, ,-47, ,
3, ,-47, ,
1, ,-47, ,
-1, ,-46, ,
4, ,-47, ,
1, ,-47, ,
1, ,-47, ,
0, ,-47, ,
1, ,-47, ,
1, ,-46, ,
4, ,-47, ,
-5, ,-47, ,
-1, ,-47, ,
4, ,-46, ,
-1, ,-47, ,
-2, ,-46, ,
8, ,-49, ,
-5, ,-47, ,
-2, ,-47, ,
-5, ,-47, ,
1, ,-47, ,
4, ,-46, ,
5, ,-47, ,
5, ,-47, ,
6, ,-47, ,
3, ,-47, ,
4, ,-47, ,
-5, ,-47, ,
-2, ,-47, ,
0, ,-47, ,
-1, ,-46, ,
-1, ,-47, ,
-2, ,-47, ,
-1, ,-46, ,
0, ,-47, ,
-6, ,-47, ,
1, ,-47, ,
5, ,-47, ,
1, ,-47, ,
-4, ,-47, ,
-1, ,-49, ,
0, ,-47, ,
0, ,-46, ,
-4, ,-47, ,
1, ,-47, ,
4, ,-46, ,
5, ,-47, ,
-2, ,-47, ,
1, ,-47, ,
0, ,-47, ,
-5, ,-47, ,
-6, ,-47, ,
-1, ,-49, ,
-2, ,-47, ,
-4, ,-46, ,
-6, ,-47, ,
-4, ,-47, ,
-2, ,-46, ,
1, ,-47, ,
-1, ,-47, ,
8, ,-47, ,
11, ,-47, ,
0, ,-47, ,
1, ,-46, ,
6, ,-49, ,
-1, ,-47, ,
0, ,-47, ,
-2, ,-47, ,
-2, ,-47, ,
0, ,-46, ,
-2, ,-47, ,
-6, ,-47, ,
-4, ,-47, ,
-2, ,-47, ,
-2, ,-47, ,
-6, ,-47, ,
-1, ,-49, ,
0, ,-47, ,
-2, ,-46, ,
-2, ,-47, ,
0, ,-47, ,
1, ,-46, ,
1, ,-47, ,
-5, ,-47, ,
0, ,-47, ,
1, ,-47, ,
-1, ,-47, ,
-4, ,-46, ,
-1, ,-47, ,
-1, ,-46, ,
-5, ,-47, ,
-5, ,-47, ,
-5, ,-47, ,
1, ,-46, ,
1, ,-47, ,
-4, ,-47, ,
1, ,-47, ,
3, ,-47, ,
1, ,-47, ,
-2, ,-47, ,
-1, ,-49, ,
-1, ,-47, ,
-5, ,-46, ,
-5, ,-47, ,
-2, ,-47, ,
-1, ,-46, ,
1, ,-47, ,
-1, ,-47, ,
3, ,-47, ,
4, ,-47, ,
-2, ,-47, ,
-2, ,-47, ,
0, ,-47, ,
0, ,-47, ,
-1, ,-47, ,
-1, ,-47, ,
1, ,-47, ,
1, ,-46, ,
3, ,-47, ,
0, ,-47, ,
3, ,-47, ,
4, ,-47, ,
1, ,-47, ,
-1, ,-46, ,
6, ,-47, ,
4, ,-47, ,
1, ,-47, ,
-2, ,-47, ,
1, ,-47, ,
1, ,-46, ,
0, ,-47, ,
-2, ,-47, ,
1, ,-47, ,
5, ,-47, ,
3, ,-47, ,
0, ,-46, ,
4, ,-47, ,
3, ,-47, ,
1, ,-46, ,
-1, ,-47, ,
-1, ,-49, ,
3, ,-46, ,
3, ,-47, ,
1, ,-47, ,
3, ,-47, ,
3, ,-47, ,
1, ,-47, ,
-1, ,-47, ,
3, ,-49, ,
1, ,-47, ,
-2, ,-46, ,
-1, ,-47, ,
1, ,-47, ,
4, ,-46, ,
3, ,-47, ,
-2, ,-47, ,
3, ,-47, ,
1, ,-47, ,
-2, ,-47, ,
-2, ,-46, ,
3, ,-49, ,
3, ,-46, ,
3, ,-46, ,
3, ,-47, ,
4, ,-47, ,
4, ,-46, ,
5, ,-47, ,
0, ,-47, ,
4, ,-47, ,
5, ,-47, ,
4, ,-47, ,
1, ,-46, ,
6, ,-47, ,
4, ,-47, ,
3, ,-46, ,
-2, ,-47, ,
0, ,-47, ,
-1, ,-46, ,
-1, ,-47, ,
-2, ,-47, ,
1, ,-47, ,
8, ,-47, ,
5, ,-47, ,
4, ,-47, ,
8, ,-49, ,
4, ,-47, ,
5, ,-47, ,
3, ,-47, ,
3, ,-47, ,
6, ,-47, ,
6, ,-47, ,
1, ,-47, ,
4, ,-47, ,
3, ,-47, ,
3, ,-47, ,
-1, ,-47, ,
6, ,-49, ,
8, ,-47, ,
4, ,-46, ,
6, ,-47, ,
4, ,-47, ,
4, ,-46, ,
6, ,-47, ,
3, ,-47, ,
4, ,-47, ,
4, ,-47, ,
3, ,-47, ,
0, ,-46, ,
5, ,-49, ,
3, ,-46, ,
4, ,-46, ,
5, ,-47, ,
5, ,-47, ,
5, ,-46, ,
5, ,-47, ,
1, ,-47, ,
3, ,-47, ,
4, ,-47, ,
4, ,-47, ,
3, ,-46, ,
8, ,-49, ,
8, ,-47, ,
4, ,-46, ,
1, ,-47, ,
5, ,-47, ,
3, ,-46, ,
4, ,-47, ,
-1, ,-47, ,
4, ,-47, ,
8, ,-47, ,
3, ,-47, ,
0, ,-46, ,
6, ,-49, ,
4, ,-47, ,
4, ,-46, ,
0, ,-47, ,
3, ,-47, ,
3, ,-46, ,
1, ,-47, ,
-1, ,-47, ,
0, ,-47, ,
1, ,-47, ,
1, ,-47, ,
-1, ,-46, ,
3, ,-49, ,
3, ,-47, ,
4, ,-46, ,
1, ,-47, ,
4, ,-47, ,
5, ,-46, ,
5, ,-47, ,
-2, ,-47, ,
1, ,-47, ,
3, ,-47, ,
1, ,-47, ,
-2, ,-47, ,
1, ,-49, ,
4, ,-47, ,
6, ,-46, ,
3, ,-47, ,
3, ,-47, ,
3, ,-46, ,
1, ,-47, ,
-2, ,-47, ,
3, ,-47, ,
4, ,-47, ,
4, ,-47, ,
0, ,-46, ,
4, ,-47, ,
5, ,-47, ,
0, ,-46, ,
1, ,-47, ,
3, ,-47, ,
3, ,-46, ,
4, ,-47, ,
1, ,-47, ,
3, ,-47, ,
5, ,-47, ,
0, ,-47, ,
-2, ,-46, ,
3, ,-49, ,
1, ,-47, ,
4, ,-47, ,
3, ,-47, ,
3, ,-47, ,
4, ,-46, ,
6, ,-47, ,
-1, ,-47, ,
0, ,-47, ,
1, ,-47, ,
-1, ,-47, ,
-4, ,-47, ,
1, ,-49, ,
1, ,-47, ,
0, ,-47, ,
-4, ,-47, ,
0, ,-47, ,
0, ,-46, ,
1, ,-47, ,
-4, ,-47, ,
0, ,-47, ,
3, ,-47, ,
0, ,-47, ,
0, ,-47, ,
4, ,-49, ,
-1, ,-47, ,
1, ,-46, ,
1, ,-47, ,
0, ,-49, ,
0, ,-46, ,
0, ,-47, ,
-4, ,-47, ,
-1, ,-47, ,
-2, ,-47, ,
-1, ,-47, ,
-9, ,-47, ,
-2, ,-49, ,
-1, ,-47, ,
-1, ,-46, ,
-1, ,-47, ,
-1, ,-47, ,
0, ,-46, ,
0, ,-49, ,
-2, ,-47, ,
0, ,-47, ,
0, ,-47, ,
-1, ,-47, ,
-7, ,-47, ,
-1, ,-47, ,
-1, ,-47, ,
0, ,-47, ,
0, ,-47, ,
0, ,-47, ,
3, ,-46, ,
0, ,-47, ,
-2, ,-47, ,
-1, ,-47, ,
-1, ,-47, ,
0, ,-47, ,
-4, ,-47, ,
0, ,-49, ,
-1, ,-47, ,
-4, ,-47, ,
-2, ,-47, ,
-2, ,-47, ,
-1, ,-46, ,
-1, ,-47, ,
-4, ,-47, ,
1, ,-47, ,
4, ,-47, ,
-1, ,-47, ,
-4, ,-47, ,
1, ,-49, ,
-1, ,-47, ,
-1, ,-47, ,
-4, ,-47, ,
-1, ,-47, ,
0, ,-46, ,
0, ,-47, ,
-2, ,-47, ,
0, ,-46, ,
3, ,-47, ,
-1, ,-47, ,
-4, ,-46, ,
1, ,-49, ,
-1, ,-47, ,
-1, ,-46, ,
-5, ,-47, ,
1, ,-47, ,
1, ,-46, ,
3, ,-47, ,
-4, ,-47, ,
-2, ,-47, ,
0, ,-47, ,
-2, ,-47, ,
-5, ,-47, ,
0, ,-47, ,
0, ,-47, ,
-1, ,-47, ,
-2, ,-47, ,
0, ,-47, ,
1, ,-46, ,
0, ,-47, ,
-2, ,-47, ,
1, ,-47, ,
1, ,-47, ,
0, ,-47, ,
-2, ,-46, ,
4, ,-49, ,
3, ,-47, ,
-2, ,-46, ,
-2, ,-47, ,
-2, ,-47, ,
-2, ,-46, ,
0, ,-47, ,
-6, ,-47, ,
0, ,-47, ,
4, ,-47, ,
-2, ,-47, ,
-4, ,-46, ,
-2, ,-47, ,
-2, ,-47, ,
-2, ,-47, ,
-4, ,-47, ,
0, ,-47, ,
3, ,-46, ,
4, ,-47, ,
1, ,-47, ,
5, ,-47, ,
5, ,-47, ,
3, ,-47, ,
1, ,-47, ,
3, ,-49, ,
1, ,-47, ,
0, ,-47, ,
-2, ,-47, ,
-4, ,-45, ,
1, ,-37, ,
8, ,-27, ,
4, ,-18, ,
8, ,-8, ,
14, ,-1, ,
6, ,5, ,
5, ,11, ,
10, ,15, ,
8, ,20, ,
10, ,23, ,
9, ,26, ,
8, ,28, ,
5, ,31, ,
5, ,34, ,
-2, ,35, ,
3, ,37, ,
6, ,38, ,
8, ,39, ,
1, ,40, ,
8, ,41, ,
6, ,41, ,
5, ,42, ,
4, ,43, ,
3, ,43, ,
4, ,42, ,
6, ,44, ,
3, ,44, ,
6, ,44, ,
8, ,44, ,
5, ,45, ,
-1, ,44, ,
6, ,45, ,
1, ,45, ,
3, ,45, ,
1, ,45, ,
1, ,45, ,
3, ,44, ,
5, ,46, ,
-1, ,45, ,
5, ,45, ,
4, ,45, ,
5, ,45, ,
-1, ,44, ,
3, ,46, ,
3, ,45, ,
3, ,45, ,
1, ,46, ,
4, ,45, ,
1, ,44, ,
4, ,45, ,
-1, ,45, ,
4, ,45, ,
6, ,45, ,
1, ,45, ,
3, ,45, ,
6, ,45, ,
4, ,45, ,
4, ,45, ,
0, ,45, ,
0, ,45, ,
1, ,44, ,
3, ,45, ,
0, ,45, ,
4, ,45, ,
4, ,45, ,
1, ,45, ,
1, ,44, ,
5, ,45, ,
3, ,45, ,
4, ,45, ,
0, ,45, ,
5, ,45, ,
3, ,44, ,
6, ,45, ,
-1, ,45, ,
6, ,45, ,
8, ,45, ,
4, ,45, ,
-1, ,44, ,
5, ,46, ,
3, ,45, ,
4, ,45, ,
3, ,45, ,
4, ,45, ,
4, ,44, ,
4, ,45, ,
0, ,45, ,
3, ,45, ,
3, ,45, ,
4, ,45, ,
-1, ,44, ,
8, ,46, ,
5, ,45, ,
1, ,45, ,
4, ,45, ,
3, ,45, ,
4, ,44, ,
8, ,45, ,
-1, ,45, ,
8, ,45, ,
3, ,45, ,
-1, ,45, ,
-1, ,44, ,
4, ,46, ,
5, ,45, ,
5, ,44, ,
4, ,45, ,
5, ,45, ,
3, ,44, ,
4, ,45, ,
-2, ,45, ,
4, ,44, ,
4, ,45, ,
6, ,45, ,
3, ,44, ,
4, ,45, ,
3, ,45, ,
0, ,45, ,
-4, ,45, ,
-1, ,45, ,
0, ,43, ,
4, ,45, ,
0, ,45, ,
1, ,45, ,
4, ,45, ,
1, ,45, ,
0, ,44, ,
5, ,45, ,
-2, ,44, ,
1, ,45, ,
1, ,45, ,
5, ,45, ,
8, ,44, ,
3, ,45, ,
-4, ,45, ,
-1, ,45, ,
-2, ,45, ,
-1, ,45, ,
-7, ,44, ,
0, ,45, ,
1, ,45, ,
1, ,45, ,
-2, ,45, ,
1, ,44, ,
1, ,44, ,
5, ,45, ,
-1, ,45, ,
1, ,44, ,
3, ,45, ,
5, ,44, ,
-1, ,44, ,
5, ,46, ,
1, ,44, ,
4, ,44, ,
1, ,45, ,
0, ,45, ,
3, ,44, ,
6, ,45, ,
0, ,45, ,
3, ,44, ,
0, ,45, ,
0, ,45, ,
-4, ,44, ,
1, ,45, ,
5, ,44, ,
3, ,45, ,
1, ,45, ,
4, ,44, ,
-1, ,44, ,
1, ,45, ,
-2, ,45, ,
1, ,45, ,
5, ,45, ,
3, ,45, ,
-4, ,44, ,
4, ,45, ,
-1, ,44, ,
0, ,45, ,
-1, ,45, ,
-1, ,45, ,
0, ,44, ,
1, ,45, ,
-4, ,45, ,
-1, ,44, ,
0, ,45, ,
-1, ,45, ,
-5, ,44, ,
4, ,45, ,
1, ,44, ,
3, ,45, ,
-4, ,45, ,
1, ,45, ,
-2, ,44, ,
-1, ,45, ,
-6, ,45, ,
-1, ,44, ,
1, ,45, ,
1, ,45, ,
-5, ,44, ,
0, ,45, ,
-4, ,44, ,
-1, ,45, ,
-5, ,45, ,
-1, ,45, ,
1, ,44, ,
4, ,45, ,
-4, ,45, ,
-1, ,44, ,
-1, ,45, ,
-2, ,44, ,
-6, ,44, ,
-1, ,45, ,
4, ,44, ,
0, ,45, ,
3, ,45, ,
3, ,45, ,
1, ,44, ,
5, ,45, ,
-5, ,45, ,
0, ,44, ,
-1, ,45, ,
-2, ,45, ,
-4, ,44, ,
-1, ,45, ,
0, ,44, ,
-1, ,44, ,
-2, ,45, ,
1, ,45, ,
-1, ,44, ,
0, ,45, ,
-1, ,45, ,
0, ,44, ,
3, ,45, ,
0, ,45, ,
-2, ,44, ,
5, ,45, ,
1, ,44, ,
0, ,45, ,
-4, ,45, ,
-1, ,45, ,
0, ,44, ,
4, ,45, ,
-1, ,45, ,
3, ,44, ,
5, ,45, ,
0, ,45, ,
-1, ,44, ,
6, ,45, ,
1, ,44, ,
3, ,44, ,
1, ,45, ,
4, ,45, ,
4, ,44, ,
3, ,45, ,
-2, ,45, ,
1, ,44, ,
-1, ,45, ,
0, ,44, ,
-6, ,44, ,
3, ,45, ,
-2, ,44, ,
-1, ,45, ,
-1, ,45, ,
0, ,45, ,
0, ,44, ,
3, ,45, ,
-6, ,45, ,
3, ,44, ,
4, ,45, ,
1, ,45, ,
-4, ,44, ,
1, ,45, ,
0, ,44, ,
1, ,45, ,
-1, ,45, ,
0, ,45, ,
0, ,44, ,
1, ,45, ,
-5, ,45, ,
3, ,44, ,
3, ,45, ,
1, ,44, ,
-4, ,44, ,
1, ,45, ,
-1, ,44, ,
-2, ,44, ,
-4, ,45, ,
-1, ,44, ,
-1, ,44, ,
4, ,45, ,
0, ,45, ,
5, ,44, ,
6, ,45, ,
3, ,45, ,
-1, ,44, ,
3, ,45, ,
1, ,44, ,
0, ,44, ,
-2, ,45, ,
0, ,45, ,
4, ,44, ,
5, ,45, ,
1, ,44, ,
3, ,44, ,
4, ,44, ,
1, ,45, ,
-2, ,44, ,
3, ,45, ,
3, ,44, ,
3, ,44, ,
1, ,45, ,
3, ,45, ,
4, ,44, ,
4, ,45, ,
-1, ,45, ,
5, ,44, ,
9, ,45, ,
6, ,45, ,
3, ,43, ,
9, ,45, ,
4, ,44, ,
4, ,45, ,
-1, ,45, ,
0, ,45, ,
3, ,44, ,
3, ,45, ,
-1, ,45, ,
5, ,44, ,
4, ,45, ,
5, ,45, ,
0, ,44, ,
4, ,45, ,
3, ,44, ,
1, ,45, ,
0, ,45, ,
1, ,45, ,
3, ,44, ,
4, ,45, ,
-2, ,45, ,
1, ,44, ,
1, ,45, ,
1, ,45, ,
-5, ,44, ,
3, ,45, ,
3, ,44, ,
4, ,44, ,
0, ,45, ,
3, ,45, ,
4, ,44, ,
3, ,45, ,
-1, ,45, ,
4, ,44, ,
5, ,45, ,
3, ,45, ,
1, ,44, ,
5, ,45, ,
3, ,45, ,
1, ,45, ,
-4, ,45, ,
0, ,45, ,
-2, ,44, ,
1, ,45, ,
-4, ,45, ,
3, ,44, ,
5, ,45, ,
4, ,45, ,
3, ,44, ,
6, ,45, ,
4, ,44, ,
4, ,45, ,
0, ,45, ,
1, ,45, ,
4, ,44, ,
1, ,45, ,
-2, ,45, ,
3, ,44, ,
3, ,45, ,
3, ,44, ,
-2, ,44, ,
5, ,45, ,
4, ,44, ,
3, ,44, ,
1, ,45, ,
3, ,45, ,
4, ,44, ,
3, ,45, ,
-1, ,45, ,
3, ,44, ,
4, ,45, ,
1, ,44, ,
-1, ,44, ,
6, ,45, ,
4, ,44, ,
4, ,44, ,
5, ,45, ,
5, ,45, ,
4, ,44, ,
3, ,45, ,
-2, ,45, ,
1, ,44, ,
0, ,45, ,
1, ,45, ,
1, ,44, ,
5, ,45, ,
5, ,44, ,
4, ,45, ,
3, ,45, ,
0, ,45, ,
-1, ,43, ,
5, ,45, ,
0, ,45, ,
3, ,44, ,
4, ,45, ,
-1, ,45, ,
-6, ,44, ,
1, ,45, ,
5, ,44, ,
5, ,45, ,
-2, ,45, ,
1, ,45, ,
3, ,44, ,
-1, ,45, ,
-4, ,44, ,
-1, ,44, ,
0, ,45, ,
-1, ,44, ,
-4, ,44, ,
4, ,45, ,
1, ,44, ,
3, ,45, ,
3, ,45, ,
0, ,45, ,
3, ,44, ,
0, ,45, ,
-5, ,45, ,
-2, ,44, ,
0, ,45, ,
0, ,44, ,
-5, ,44, ,
3, ,45, ,
3, ,44, ,
0, ,45, ,
0, ,45, ,
-2, ,45, ,
3, ,43, ,
0, ,45, ,
-2, ,45, ,
0, ,45, ,
0, ,44, ,
0, ,44, ,
-1, ,44, ,
0, ,45, ,
4, ,44, ,
1, ,44, ,
1, ,45, ,
4, ,45, ,
3, ,44, ,
4, ,45, ,
-1, ,45, ,
1, ,44, ,
3, ,45, ,
-1, ,45, ,
-5, ,44, ,
3, ,45, ,
0, ,44, ,
3, ,45, ,
3, ,45, ,
1, ,44, ,
1, ,44, ,
5, ,45, ,
-4, ,45, ,
4, ,44, ,
3, ,45, ,
0, ,44, ,
-4, ,44, ,
1, ,45, ,
1, ,44, ,
0, ,45, ,
-2, ,45, ,
1, ,45, ,
0, ,44, ,
1, ,45, ,
-4, ,45, ,
-1, ,45, ,
1, ,45, ,
-1, ,45, ,
-5, ,44, ,
4, ,45, ,
3, ,44, ,
3, ,44, ,
1, ,45, ,
0, ,45, ,
0, ,44, ,
0, ,45, ,
-4, ,44, ,
-1, ,45, ,
0, ,45, ,
-1, ,45, ,
-6, ,44, ,
1, ,45, ,
-1, ,44, ,
-1, ,44, ,
-1, ,45, ,
0, ,45, ,
8, ,44, ,
1, ,45, ,
-9, ,45, ,
0, ,44, ,
6, ,45, ,
-2, ,44, ,
0, ,44, ,
5, ,45, ,
1, ,44, ,
-2, ,45, ,
-1, ,45, ,
1, ,45, ,
3, ,44, ,
1, ,45, ,
-2, ,45, ,
1, ,44, ,
1, ,45, ,
-2, ,45, ,
-5, ,44, ,
-1, ,45, ,
5, ,44, ,
3, ,45, ,
0, ,45, ,
3, ,44, ,
1, ,44, ,
3, ,45, ,
-2, ,45, ,
1, ,44, ,
5, ,45, ,
1, ,45, ,
1, ,44, ,
5, ,45, ,
3, ,44, ,
3, ,45, ,
-2, ,45, ,
1, ,45, ,
3, ,44, ,
5, ,45, ,
1, ,45, ,
5, ,45, ,
5, ,44, ,
3, ,45, ,
-2, ,44, ,
0, ,45, ,
-2, ,44, ,
-1, ,45, ,
-2, ,45, ,
3, ,45, ,
4, ,44, ,
10, ,45, ,
3, ,45, ,
0, ,45, ,
6, ,45, ,
1, ,45, ,
-2, ,44, ,
4, ,45, ,
1, ,44, ,
4, ,44, ,
3, ,45, ,
4, ,45, ,
3, ,44, ,
0, ,45, ,
-5, ,45, ,
1, ,45, ,
3, ,45, ,
1, ,45, ,
-1, ,44, ,
3, ,45, ,
3, ,45, ,
4, ,45, ,
3, ,45, ,
1, ,45, ,
0, ,44, ,
4, ,45, ,
-5, ,45, ,
0, ,44, ,
3, ,45, ,
-1, ,45, ,
-5, ,44, ,
-1, ,45, ,
-4, ,45, ,
-4, ,44, ,
-1, ,45, ,
1, ,45, ,
3, ,44, ,
5, ,45, ,
3, ,44, ,
8, ,45, ,
9, ,45, ,
3, ,45, ,
4, ,44, ,
3, ,45, ,
-1, ,44, ,
0, ,44, ,
-1, ,45, ,
0, ,45, ,
3, ,43, ,
4, ,45, ,
1, ,44, ,
3, ,44, ,
1, ,45, ,
1, ,45, ,
0, ,44, ,
4, ,45, ,
4, ,44, ,
8, ,44, ,
4, ,45, ,
4, ,45, ,
1, ,44, ,
1, ,45, ,
-4, ,45, ,
3, ,44, ,
5, ,45, ,
5, ,45, ,
3, ,44, ,
5, ,45, ,
4, ,44, ,
3, ,45, ,
-1, ,45, ,
0, ,45, ,
1, ,44, ,
5, ,45, ,
0, ,45, ,
6, ,45, ,
6, ,45, ,
4, ,45, ,
-1, ,44, ,
3, ,45, ,
0, ,44, ,
0, ,45, ,
-1, ,45, ,
1, ,44, ,
1, ,44, ,
3, ,45, ,
-2, ,45, ,
0, ,44, ,
3, ,45, ,
1, ,45, ,
-2, ,44, ,
4, ,45, ,
-1, ,44, ,
0, ,45, ,
1, ,45, ,
3, ,44, ,
0, ,44, ,
0, ,45, ,
-4, ,44, ,
4, ,45, ,
5, ,45, ,
3, ,45, ,
-1, ,44, ,
4, ,45, ,
1, ,45, ,
1, ,45, ,
-4, ,45, ,
3, ,45, ,
1, ,43, ,
-1, ,45, ,
-1, ,45, ,
1, ,44, ,
3, ,45, ,
1, ,44, ,
-2, ,44, ,
4, ,45, ,
1, ,44, ,
-2, ,44, ,
-6, ,45, ,
-9, ,45, ,
-7, ,44, ,
-12, ,45, ,
-14, ,45, ,
-5, ,44, ,
-5, ,45, ,
-4, ,45, ,
-7, ,44, ,
3, ,45, ,
5, ,44, ,
10, ,45, ,
11, ,45, ,
6, ,44, ,
5, ,43, ,
8, ,45, ,
3, ,44, ,
3, ,45, ,
1, ,45, ,
0, ,44, ,
-4, ,44, ,
3, ,45, ,
3, ,44, ,
0, ,45, ,
3, ,45, ,
3, ,44, ,
3, ,44, ,
4, ,45, ,
-2, ,45, ,
-2, ,45, ,
-5, ,45, ,
-6, ,45, ,
-7, ,44, ,
-1, ,45, ,
-2, ,44, ,
0, ,45, ,
-1, ,45, ,
0, ,45, ,
0, ,44, ,
3, ,45, ,
0, ,45, ,
4, ,45, ,
5, ,45, ,
1, ,44, ,
-4, ,44, ,
0, ,45, ,
-4, ,44, ,
-2, ,44, ,
-6, ,45, ,
-4, ,45, ,
-1, ,44, ,
1, ,45, ,
-4, ,45, ,
0, ,45, ,
0, ,45, ,
-4, ,45, ,
-2, ,44, ,
3, ,45, ,
-1, ,45, ,
3, ,44, ,
0, ,45, ,
0, ,44, ,
3, ,44, ,
-2, ,45, ,
-4, ,45, ,
-2, ,44, ,
-1, ,45, ,
-4, ,45, ,
-6, ,44, ,
3, ,45, ,
0, ,44, ,
0, ,45, ,
-1, ,45, ,
0, ,44, ,
0, ,41, ,
-1, ,34, ,
-9, ,24, ,
-5, ,15, ,
-6, ,5, ,
-4, ,-2, ,
-4, ,-8, ,
4, ,-14, ,
1, ,-18, ,
-4, ,-22, ,
-5, ,-26, ,
-2, ,-30, ,
-1, ,-32, ,
0, ,-35, ,
-6, ,-36, ,
0, ,-38, ,
-1, ,-39, ,
-1, ,-41, ,
-2, ,-41, ,
0, ,-43, ,
1, ,-43, ,
-1, ,-43, ,
0, ,-44, ,
0, ,-45, ,
3, ,-45, ,
4, ,-46, ,
-4, ,-46, ,
-1, ,-46, ,
1, ,-47, ,
-2, ,-47, ,
-6, ,-46, ,
1, ,-49, ,
3, ,-47, ,
3, ,-47, ,
-2, ,-49, ,
6, ,-49, ,
6, ,-47, ,
3, ,-49, ,
-1, ,-49, ,
1, ,-49, ,
3, ,-49, ,
1, ,-49, ,
-2, ,-49, ,
6, ,-49, ,
4, ,-49, ,
4, ,-47, ,
-1, ,-49, ,
0, ,-49, ,
0, ,-47, ,
3, ,-49, ,
-1, ,-49, ,
5, ,-47, ,
4, ,-47, ,
3, ,-49, ,
0, ,-47, ,
3, ,-49, ,
0, ,-47, ,
0, ,-47, ,
-1, ,-47, ,
1, ,-49, ,
3, ,-47, ,
4, ,-49, ,
1, ,-47, ,
3, ,-49, ,
3, ,-49, ,
-1, ,-47, ,
-1, ,-47, ,
5, ,-49, ,
6, ,-49, ,
3, ,-47, ,
6, ,-47, ,
5, ,-49, ,
6, ,-47, ,
9, ,-49, ,
-1, ,-47, ,
5, ,-47, ,
4, ,-47, ,
0, ,-47, ,
-1, ,-47, ,
3, ,-49, ,
3, ,-47, ,
4, ,-47, ,
3, ,-47, ,
5, ,-49, ,
5, ,-46, ,
4, ,-49, ,
4, ,-47, ,
6, ,-47, ,
8, ,-47, ,
3, ,-47, ,
4, ,-47, ,
4, ,-49, ,
4, ,-47, ,
0, ,-47, ,
-1, ,-47, ,
1, ,-49, ,
3, ,-46, ,
4, ,-49, ,
4, ,-47, ,
5, ,-47, ,
10, ,-47, ,
4, ,-47, ,
3, ,-47, ,
5, ,-49, ,
1, ,-47, ,
5, ,-47, ,
1, ,-47, ,
4, ,-49, ,
4, ,-47, ,
8, ,-49, ,
-1, ,-47, ,
3, ,-47, ,
6, ,-47, ,
3, ,-47, ,
-4, ,-46, ,
3, ,-49, ,
-1, ,-47, ,
1, ,-47, ,
1, ,-47, ,
4, ,-49, ,
5, ,-46, ,
4, ,-47, ,
-4, ,-47, ,
3, ,-47, ,
5, ,-47, ,
1, ,-47, ,
-1, ,-46, ,
5, ,-49, ,
4, ,-47, ,
3, ,-47, ,
0, ,-47, ,
0, ,-47, ,
1, ,-47, ,
3, ,-47, ,
0, ,-47, ,
6, ,-47, ,
6, ,-47, ,
8, ,-47, ,
0, ,-46, ,
5, ,-49, ,
5, ,-47, ,
3, ,-46, ,
3, ,-47, ,
3, ,-47, ,
5, ,-46, ,
8, ,-49, ,
3, ,-47, ,
8, ,-47, ,
6, ,-47, ,
3, ,-47, ,
3, ,-46, ,
3, ,-49, ,
1, ,-47, ,
3, ,-47, ,
0, ,-47, ,
6, ,-47, ,
6, ,-46, ,
10, ,-49, ,
0, ,-47, ,
4, ,-47, ,
10, ,-47, ,
6, ,-47, ,
-1, ,-47, ,
5, ,-49, ,
5, ,-47, ,
6, ,-47, ,
4, ,-47, ,
6, ,-47, ,
5, ,-46, ,
5, ,-47, ,
0, ,-47, ,
4, ,-47, ,
8, ,-47, ,
6, ,-47, ,
5, ,-47, ,
8, ,-49, ,
4, ,-47, ,
5, ,-47, ,
3, ,-47, ,
0, ,-47, ,
4, ,-46, ,
3, ,-47, ,
-1, ,-47, ,
4, ,-47, ,
4, ,-47, ,
3, ,-47, ,
-1, ,-46, ,
1, ,-49, ,
4, ,-47, ,
1, ,-47, ,
0, ,-47, ,
3, ,-49, ,
4, ,-46, ,
4, ,-47, ,
-5, ,-47, ,
0, ,-47, ,
3, ,-47, ,
-1, ,-47, ,
-5, ,-46, ,
-1, ,-49, ,
-5, ,-47, ,
-4, ,-47, ,
-6, ,-47, ,
-4, ,-49, ,
-2, ,-47, ,
-1, ,-47, ,
-7, ,-47, ,
-1, ,-47, ,
0, ,-47, ,
-1, ,-47, ,
-2, ,-46, ,
1, ,-49, ,
-1, ,-47, ,
-2, ,-46, ,
-5, ,-47, ,
-4, ,-47, ,
-4, ,-46, ,
-2, ,-47, ,
-6, ,-47, ,
-1, ,-47, ,
1, ,-47, ,
0, ,-47, ,
-5, ,-46, ,
1, ,-47, ,
-2, ,-47, ,
0, ,-47, ,
-4, ,-47, ,
-2, ,-47, ,
-1, ,-46, ,
-4, ,-47, ,
-7, ,-47, ,
-1, ,-47, ,
-2, ,-47, ,
-5, ,-47, ,
-9, ,-46, ,
0, ,-49, ,
-4, ,-47, ,
-5, ,-47, ,
-6, ,-47, ,
-5, ,-47, ,
-5, ,-46, ,
-5, ,-47, ,
-9, ,-47, ,
-5, ,-47, ,
-4, ,-47, ,
-5, ,-47, ,
-9, ,-46, ,
-2, ,-49, ,
-1, ,-47, ,
-1, ,-47, ,
-1, ,-47, ,
-1, ,-47, ,
-1, ,-47, ,
-6, ,-47, ,
-11, ,-47, ,
-5, ,-47, ,
-5, ,-47, ,
-5, ,-47, ,
-5, ,-47, ,
1, ,-49, ,
0, ,-47, ,
-4, ,-46, ,
-9, ,-47, ,
-6, ,-47, ,
1, ,-46, ,
-2, ,-47, ,
-11, ,-47, ,
-2, ,-47, ,
-1, ,-47, ,
-5, ,-47, ,
-6, ,-47, ,
-5, ,-49, ,
-2, ,-47, ,
-4, ,-47, ,
-7, ,-47, ,
-4, ,-47, ,
-1, ,-46, ,
-1, ,-47, ,
-5, ,-47, ,
-4, ,-47, ,
-1, ,-47, ,
-4, ,-47, ,
-7, ,-47, ,
-1, ,-49, ,
-1, ,-47, ,
-1, ,-47, ,
-2, ,-47, ,
0, ,-47, ,
0, ,-46, ,
-1, ,-47, ,
-4, ,-47, ,
-2, ,-47, ,
0, ,-47, ,
-1, ,-47, ,
0, ,-47, ,
-1, ,-47, ,
1, ,-47, ,
3, ,-46, ,
-1, ,-47, ,
-1, ,-47, ,
-1, ,-46, ,
-4, ,-47, ,
-7, ,-47, ,
-4, ,-47, ,
-1, ,-47, ,
1, ,-47, ,
-2, ,-46, ,
5, ,-49, ,
5, ,-47, ,
4, ,-47, ,
3, ,-47, ,
3, ,-47, ,
5, ,-46, ,
5, ,-49, ,
1, ,-47, ,
1, ,-47, ,
4, ,-47, ,
0, ,-47, ,
-2, ,-47, ,
1, ,-47, ,
1, ,-47, ,
1, ,-47, ,
0, ,-47, ,
5, ,-47, ,
5, ,-46, ,
8, ,-47, ,
4, ,-47, ,
5, ,-47, ,
4, ,-47, ,
1, ,-47, ,
-1, ,-47, ,
3, ,-49, ,
3, ,-47, ,
5, ,-46, ,
1, ,-47, ,
4, ,-47, ,
4, ,-46, ,
4, ,-49, ,
0, ,-47, ,
1, ,-47, ,
4, ,-47, ,
1, ,-47, ,
-1, ,-46, ,
6, ,-47, ,
4, ,-47, ,
5, ,-47, ,
1, ,-47, ,
3, ,-49, ,
3, ,-46, ,
0, ,-47, ,
-1, ,-47, ,
3, ,-47, ,
5, ,-47, ,
4, ,-47, ,
3, ,-47, ,
3, ,-47, ,
4, ,-47, ,
-1, ,-46, ,
0, ,-47, ,
4, ,-47, ,
10, ,-46, ,
6, ,-47, ,
3, ,-47, ,
9, ,-47, ,
8, ,-47, ,
4, ,-47, ,
-1, ,-46, ,
6, ,-49, ,
6, ,-47, ,
6, ,-47, ,
5, ,-47, ,
8, ,-47, ,
6, ,-46, ,
6, ,-47, ,
0, ,-47, ,
6, ,-47, ,
6, ,-47, ,
5, ,-47, ,
0, ,-47, ,
4, ,-49, ,
6, ,-47, ,
6, ,-46, ,
4, ,-47, ,
5, ,-47, ,
6, ,-46, ,
8, ,-47, ,
4, ,-47, ,
6, ,-47, ,
9, ,-47, ,
4, ,-47, ,
4, ,-46, ,
5, ,-47, ,
4, ,-47, ,
6, ,-47, ,
4, ,-47, ,
5, ,-47, ,
6, ,-47, ,
6, ,-47, ,
4, ,-47, ,
6, ,-47, ,
8, ,-47, ,
5, ,-47, ,
0, ,-46, ,
5, ,-49, ,
3, ,-47, ,
3, ,-46, ,
4, ,-47, ,
4, ,-47, ,
5, ,-46, ,
6, ,-47, ,
6, ,-47, ,
6, ,-47, ,
9, ,-47, ,
6, ,-47, ,
1, ,-46, ,
5, ,-49, ,
4, ,-47, ,
3, ,-46, ,
1, ,-47, ,
4, ,-49, ,
5, ,-46, ,
4, ,-49, ,
0, ,-47, ,
3, ,-47, ,
5, ,-47, ,
4, ,-47, ,
1, ,-46, ,
5, ,-47, ,
8, ,-47, ,
1, ,-46, ,
3, ,-47, ,
4, ,-47, ,
4, ,-46, ,
5, ,-47, ,
-1, ,-47, ,
3, ,-47, ,
5, ,-47, ,
1, ,-47, ,
0, ,-47, ,
4, ,-49, ,
1, ,-47, ,
0, ,-47, ,
-1, ,-47, ,
4, ,-49, ,
5, ,-46, ,
6, ,-47, ,
1, ,-47, ,
6, ,-47, ,
9, ,-47, ,
3, ,-47, ,
0, ,-46, ,
4, ,-49, ,
0, ,-47, ,
-2, ,-46, ,
0, ,-47, ,
4, ,-47, ,
1, ,-46, ,
3, ,-47, ,
-2, ,-47, ,
0, ,-47, ,
0, ,-47, ,
-2, ,-47, ,
-4, ,-47, ,
1, ,-47, ,
-2, ,-47, ,
-2, ,-47, ,
-4, ,-47, ,
-1, ,-47, ,
4, ,-46, ,
4, ,-47, ,
1, ,-47, ,
5, ,-47, ,
6, ,-47, ,
5, ,-47, ,
0, ,-46, ,
0, ,-49, ,
-2, ,-47, ,
-5, ,-47, ,
-2, ,-47, ,
-1, ,-47, ,
-1, ,-46, ,
0, ,-47, ,
-6, ,-47, ,
0, ,-47, ,
1, ,-47, ,
1, ,-47, ,
0, ,-47, ,
5, ,-49, ,
1, ,-47, ,
-1, ,-47, ,
-5, ,-47, ,
-5, ,-47, ,
-6, ,-46, ,
-4, ,-47, ,
-9, ,-47, ,
-1, ,-47, ,
1, ,-47, ,
-1, ,-47, ,
-6, ,-46, ,
-2, ,-49, ,
-2, ,-47, ,
-4, ,-47, ,
-5, ,-47, ,
-1, ,-47, ,
0, ,-46, ,
3, ,-47, ,
-5, ,-47, ,
-2, ,-47, ,
0, ,-47, ,
-4, ,-47, ,
-6, ,-46, ,
-1, ,-47, ,
3, ,-47, ,
1, ,-47, ,
-6, ,-47, ,
-1, ,-47, ,
0, ,-46, ,
-5, ,-47, ,
-6, ,-47, ,
1, ,-47, ,
0, ,-47, ,
-1, ,-47, ,
0, ,-46, ,
3, ,-47, ,
-2, ,-47, ,
-2, ,-46, ,
-6, ,-47, ,
-5, ,-47, ,
-2, ,-46, ,
-4, ,-47, ,
-4, ,-47, ,
0, ,-47, ,
3, ,-47, ,
0, ,-47, ,
-1, ,-46, ,
1, ,-47, ,
-1, ,-47, ,
-1, ,-46, ,
-4, ,-47, ,
0, ,-47, ,
-2, ,-46, ,
-4, ,-47, ,
-5, ,-47, ,
-2, ,-47, ,
-5, ,-47, ,
-5, ,-47, ,
-7, ,-47, ,
1, ,-49, ,
1, ,-47, ,
1, ,-46, ,
0, ,-47, ,
-1, ,-47, ,
0, ,-46, ,
-2, ,-47, ,
-7, ,-47, ,
-2, ,-47, ,
-1, ,-47, ,
-2, ,-47, ,
-5, ,-47, ,
0, ,-49, ,
-2, ,-47, ,
-4, ,-47, ,
-4, ,-47, ,
-1, ,-47, ,
0, ,-46, ,
-1, ,-47, ,
-6, ,-47, ,
0, ,-47, ,
-1, ,-47, ,
-2, ,-47, ,
-1, ,-46, ,
0, ,-49, ,
0, ,-47, ,
-2, ,-46, ,
-6, ,-47, ,
-4, ,-47, ,
4, ,-46, ,
4, ,-47, ,
-1, ,-47, ,
-1, ,-47, ,
3, ,-47, ,
-2, ,-47, ,
-6, ,-47, ,
3, ,-47, ,
0, ,-47, ,
3, ,-47, ,
3, ,-47, ,
3, ,-47, ,
3, ,-46, ,
0, ,-47, ,
-6, ,-47, ,
-2, ,-47, ,
-1, ,-47, ,
-1, ,-47, ,
-4, ,-46, ,
3, ,-49, ,
4, ,-47, ,
1, ,-46, ,
1, ,-47, ,
1, ,-47, ,
1, ,-46, ,
3, ,-47, ,
-1, ,-47, ,
1, ,-47, ,
5, ,-47, ,
4, ,-47, ,
1, ,-47, ,
9, ,-47, ,
5, ,-47, ,
4, ,-46, ,
1, ,-47, ,
3, ,-47, ,
5, ,-46, ,
6, ,-47, ,
0, ,-47, ,
5, ,-47, ,
5, ,-47, ,
3, ,-47, ,
0, ,-47, ,
1, ,-49, ,
3, ,-47, ,
3, ,-47, ,
1, ,-47, ,
5, ,-47, ,
6, ,-46, ,
6, ,-47, ,
-1, ,-47, ,
4, ,-47, ,
5, ,-47, ,
0, ,-47, ,
-1, ,-47, ,
3, ,-49, ,
0, ,-47, ,
4, ,-47, ,
1, ,-47, ,
5, ,-47, ,
6, ,-46, ,
6, ,-47, ,
0, ,-47, ,
3, ,-46, ,
3, ,-47, ,
1, ,-47, ,
-1, ,-47, ,
4, ,-49, ,
3, ,-47, ,
4, ,-46, ,
0, ,-47, ,
3, ,-49, ,
3, ,-46, ,
4, ,-47, ,
1, ,-47, ,
8, ,-47, ,
11, ,-47, ,
6, ,-47, ,
0, ,-46, ,
4, ,-47, ,
3, ,-47, ,
4, ,-47, ,
0, ,-47, ,
4, ,-47, ,
6, ,-46, ,
6, ,-49, ,
1, ,-47, ,
5, ,-47, ,
4, ,-47, ,
4, ,-47, ,
0, ,-47, ,
14, ,-49, ,
6, ,-47, ,
-2, ,-46, ,
5, ,-47, ,
10, ,-47, ,
8, ,-46, ,
11, ,-47, ,
5, ,-47, ,
8, ,-47, ,
4, ,-47, ,
3, ,-47, ,
-1, ,-46, ,
1, ,-49, ,
3, ,-47, ,
5, ,-47, ,
5, ,-47, ,
6, ,-47, ,
8, ,-46, ,
6, ,-47, ,
3, ,-47, ,
6, ,-47, ,
8, ,-47, ,
4, ,-47, ,
4, ,-46, ,
8, ,-49, ,
6, ,-47, ,
5, ,-47, ,
-1, ,-47, ,
3, ,-47, ,
4, ,-46, ,
3, ,-47, ,
3, ,-47, ,
5, ,-47, ,
6, ,-47, ,
4, ,-47, ,
0, ,-47, ,
3, ,-47, ,
1, ,-47, ,
0, ,-47, ,
-1, ,-47, ,
3, ,-49, ,
4, ,-46, ,
4, ,-47, ,
1, ,-47, ,
4, ,-47, ,
5, ,-47, ,
3, ,-47, ,
-5, ,-47, ,
3, ,-49, ,
1, ,-47, ,
-4, ,-46, ,
3, ,-47, ,
8, ,-47, ,
0, ,-46, ,
4, ,-47, ,
-1, ,-47, ,
5, ,-47, ,
4, ,-47, ,
1, ,-47, ,
0, ,-46, ,
5, ,-47, ,
5, ,-47, ,
1, ,-47, ,
0, ,-47, ,
0, ,-47, ,
0, ,-46, ,
-1, ,-47, ,
-5, ,-47, ,
1, ,-47, ,
3, ,-47, ,
3, ,-47, ,
-2, ,-47, ,
0, ,-47, ,
0, ,-47, ,
-1, ,-47, ,
-2, ,-47, ,
1, ,-47, ,
-1, ,-46, ,
4, ,-43, ,
4, ,-34, ,
6, ,-23, ,
14, ,-14, ,
10, ,-5, ,
0, ,1, ,
4, ,7, ,
4, ,13, ,
3, ,17, ,
5, ,21, ,
8, ,24, ,
8, ,26, ,
8, ,30, ,
5, ,33, ,
5, ,34, ,
8, ,36, ,
1, ,37, ,
-1, ,38, ,
3, ,40, ,
3, ,40, ,
1, ,41, ,
-1, ,42, ,
1, ,42, ,
1, ,42, ,
1, ,43, ,
0, ,44, ,
4, ,44, ,
4, ,44, ,
1, ,44, ,
1, ,44, ,
6, ,45, ,
0, ,44, ,
3, ,45, ,
-1, ,45, ,
-2, ,45, ,
-4, ,44, ,
-4, ,45, ,
-9, ,45, ,
-1, ,45, ,
-1, ,45, ,
1, ,45, ,
-4, ,45, ,
1, ,46, ,
0, ,45, ,
-2, ,46, ,
-2, ,46, ,
-1, ,45, ,
-2, ,44, ,
1, ,45, ,
-6, ,45, ,
-1, ,45, ,
3, ,46, ,
-2, ,45, ,
-6, ,45, ,
-4, ,45, ,
-4, ,45, ,
-2, ,45, ,
-4, ,45, ,
-1, ,45, ,
0, ,44, ,
0, ,46, ,
-7, ,45, ,
-2, ,45, ,
-1, ,45, ,
-4, ,45, ,
-5, ,44, ,
1, ,46, ,
1, ,45, ,
1, ,45, ,
-4, ,45, ,
-4, ,45, ,
-4, ,44, ,
-1, ,46, ,
-6, ,45, ,
0, ,45, ,
4, ,45, ,
0, ,45, ,
-1, ,44, ,
4, ,45, ,
1, ,45, ,
-1, ,45, ,
-2, ,45, ,
-2, ,45, ,
1, ,44, ,
1, ,45, ,
-4, ,45, ,
3, ,45, ,
1, ,45, ,
0, ,45, ,
-6, ,44, ,
0, ,45, ,
-4, ,45, ,
-1, ,45, ,
-1, ,45, ,
-1, ,45, ,
1, ,44, ,
0, ,45, ,
-7, ,45, ,
-1, ,45, ,
-1, ,45, ,
-2, ,45, ,
-5, ,44, ,
0, ,45, ,
1, ,44, ,
3, ,45, ,
0, ,45, ,
-1, ,45, ,
0, ,44, ,
0, ,45, ,
-5, ,45, ,
-1, ,44, ,
1, ,45, ,
-1, ,45, ,
-1, ,44, ,
4, ,45, ,
4, ,44, ,
1, ,44, ,
-1, ,45, ,
1, ,45, ,
1, ,44, ,
1, ,45, ,
-6, ,45, ,
1, ,45, ,
3, ,45, ,
-1, ,45, ,
-2, ,44, ,
3, ,45, ,
1, ,45, ,
5, ,45, ,
0, ,45, ,
3, ,45, ,
1, ,44, ,
1, ,45, ,
0, ,45, ,
4, ,45, ,
3, ,45, ,
3, ,45, ,
-4, ,44, ,
3, ,45, ,
0, ,44, ,
1, ,44, ,
1, ,45, ,
3, ,45, ,
3, ,44, ,
5, ,45, ,
0, ,44, ,
0, ,45, ,
3, ,45, ,
1, ,44, ,
0, ,44, ,
4, ,45, ,
1, ,44, ,
4, ,45, ,
3, ,45, ,
4, ,45, ,
3, ,43, ,
-1, ,45, ,
-4, ,44, ,
3, ,44, ,
1, ,45, ,
5, ,45, ,
0, ,44, ,
9, ,45, ,
8, ,44, ,
6, ,45, ,
4, ,45, ,
5, ,45, ,
5, ,44, ,
8, ,45, ,
0, ,45, ,
4, ,45, ,
4, ,45, ,
1, ,45, ,
-1, ,44, ,
1, ,45, ,
1, ,44, ,
3, ,45, ,
-1, ,45, ,
6, ,45, ,
4, ,43, ,
6, ,45, ,
-1, ,45, ,
3, ,44, ,
6, ,45, ,
3, ,45, ,
0, ,44, ,
4, ,45, ,
3, ,45, ,
3, ,45, ,
4, ,45, ,
6, ,45, ,
5, ,44, ,
6, ,45, ,
-1, ,45, ,
1, ,45, ,
3, ,45, ,
-1, ,44, ,
-4, ,44, ,
4, ,45, ,
3, ,44, ,
3, ,45, ,
-1, ,45, ,
3, ,45, ,
5, ,43, ,
3, ,45, ,
-1, ,45, ,
4, ,44, ,
4, ,45, ,
4, ,45, ,
-1, ,44, ,
5, ,45, ,
4, ,44, ,
0, ,45, ,
1, ,45, ,
3, ,44, ,
3, ,44, ,
6, ,45, ,
0, ,44, ,
6, ,45, ,
9, ,45, ,
5, ,45, ,
1, ,44, ,
4, ,45, ,
5, ,44, ,
5, ,44, ,
1, ,45, ,
3, ,45, ,
5, ,44, ,
8, ,45, ,
4, ,45, ,
4, ,44, ,
3, ,45, ,
3, ,45, ,
-1, ,44, ,
4, ,45, ,
4, ,44, ,
3, ,45, ,
3, ,45, ,
9, ,45, ,
5, ,44, ,
4, ,45, ,
0, ,45, ,
5, ,44, ,
8, ,45, ,
3, ,45, ,
1, ,44, ,
4, ,45, ,
0, ,44, ,
1, ,45, ,
1, ,45, ,
3, ,45, ,
4, ,44, ,
9, ,45, ,
5, ,45, ,
6, ,44, ,
9, ,45, ,
4, ,45, ,
-2, ,44, ,
4, ,45, ,
-2, ,45, ,
-2, ,45, ,
-1, ,45, ,
-2, ,45, ,
-1, ,44, ,
4, ,45, ,
4, ,44, ,
8, ,44, ,
6, ,45, ,
5, ,44, ,
-1, ,44, ,
4, ,45, ,
1, ,44, ,
0, ,44, ,
1, ,45, ,
3, ,45, ,
4, ,44, ,
1, ,45, ,
-6, ,44, ,
-1, ,45, ,
-4, ,45, ,
-2, ,44, ,
-2, ,44, ,
1, ,45, ,
3, ,44, ,
-1, ,44, ,
-2, ,45, ,
-2, ,44, ,
0, ,44, ,
1, ,45, ,
-4, ,45, ,
5, ,44, ,
8, ,45, ,
1, ,45, ,
-1, ,44, ,
0, ,45, ,
-2, ,45, ,
-2, ,44, ,
-2, ,45, ,
-2, ,45, ,
0, ,44, ,
1, ,45, ,
-1, ,45, ,
4, ,44, ,
4, ,45, ,
-2, ,45, ,
-2, ,44, ,
5, ,45, ,
1, ,44, ,
0, ,45, ,
-1, ,45, ,
-1, ,44, ,
1, ,44, ,
1, ,45, ,
-2, ,44, ,
0, ,44, ,
1, ,45, ,
-2, ,45, ,
-6, ,44, ,
1, ,45, ,
-1, ,44, ,
0, ,45, ,
-1, ,45, ,
0, ,45, ,
3, ,44, ,
3, ,45, ,
-2, ,45, ,
1, ,44, ,
3, ,45, ,
3, ,45, ,
-2, ,44, ,
4, ,45, ,
1, ,44, ,
-1, ,45, ,
-1, ,45, ,
-4, ,45, ,
-1, ,44, ,
-1, ,45, ,
-6, ,45, ,
0, ,45, ,
0, ,45, ,
1, ,45, ,
-4, ,44, ,
0, ,45, ,
0, ,44, ,
-2, ,45, ,
-4, ,45, ,
-1, ,44, ,
-1, ,44, ,
1, ,45, ,
-6, ,45, ,
0, ,45, ,
-1, ,45, ,
-1, ,45, ,
-4, ,44, ,
0, ,45, ,
1, ,44, ,
-1, ,45, ,
1, ,45, ,
3, ,45, ,
1, ,44, ,
1, ,45, ,
-6, ,45, ,
0, ,45, ,
1, ,45, ,
-1, ,45, ,
-2, ,44, ,
3, ,45, ,
3, ,44, ,
3, ,45, ,
-1, ,45, ,
3, ,44, ,
0, ,44, ,
0, ,45, ,
-1, ,45, ,
0, ,45, ,
3, ,45, ,
1, ,45, ,
-1, ,44, ,
5, ,45, ,
0, ,44, ,
1, ,44, ,
-2, ,45, ,
1, ,45, ,
-1, ,44, ,
3, ,45, ,
-4, ,45, ,
3, ,44, ,
4, ,45, ,
1, ,44, ,
0, ,44, ,
4, ,45, ,
3, ,44, ,
0, ,44, ,
-1, ,45, ,
0, ,45, ,
0, ,44, ,
1, ,45, ,
-1, ,45, ,
0, ,44, ,
0, ,45, ,
1, ,44, ,
-1, ,44, ,
5, ,45, ,
6, ,44, ,
3, ,45, ,
5, ,45, ,
5, ,45, ,
5, ,44, ,
5, ,45, ,
-4, ,44, ,
1, ,44, ,
-1, ,45, ,
0, ,44, ,
-1, ,44, ,
1, ,45, ,
1, ,44, ,
3, ,45, ,
0, ,45, ,
1, ,45, ,
0, ,44, ,
1, ,45, ,
-4, ,44, ,
0, ,44, ,
3, ,44, ,
3, ,44, ,
-1, ,43, ,
6, ,45, ,
-4, ,44, ,
6, ,44, ,
4, ,45, ,
1, ,45, ,
3, ,44, ,
1, ,45, ,
-2, ,45, ,
3, ,44, ,
5, ,45, ,
0, ,45, ,
-2, ,44, ,
1, ,45, ,
-1, ,44, ,
3, ,45, ,
1, ,45, ,
3, ,45, ,
6, ,44, ,
6, ,45, ,
0, ,44, ,
3, ,44, ,
3, ,45, ,
1, ,44, ,
-4, ,44, ,
3, ,45, ,
4, ,44, ,
3, ,44, ,
1, ,45, ,
3, ,45, ,
4, ,44, ,
3, ,45, ,
-6, ,45, ,
4, ,44, ,
4, ,45, ,
1, ,44, ,
4, ,44, ,
5, ,45, ,
6, ,44, ,
4, ,45, ,
0, ,45, ,
1, ,44, ,
3, ,44, ,
4, ,45, ,
-1, ,44, ,
4, ,44, ,
1, ,45, ,
1, ,44, ,
-2, ,44, ,
4, ,45, ,
4, ,44, ,
3, ,45, ,
3, ,45, ,
4, ,45, ,
5, ,44, ,
10, ,45, ,
-1, ,45, ,
4, ,44, ,
5, ,45, ,
1, ,44, ,
-1, ,44, ,
1, ,45, ,
1, ,45, ,
4, ,45, ,
0, ,45, ,
5, ,45, ,
5, ,43, ,
4, ,45, ,
1, ,45, ,
3, ,44, ,
3, ,45, ,
1, ,45, ,
-2, ,44, ,
1, ,45, ,
1, ,44, ,
0, ,45, ,
-1, ,45, ,
1, ,45, ,
0, ,44, ,
3, ,45, ,
0, ,45, ,
3, ,44, ,
5, ,45, ,
4, ,44, ,
0, ,44, ,
1, ,45, ,
-1, ,45, ,
0, ,45, ,
1, ,45, ,
0, ,45, ,
3, ,44, ,
1, ,45, ,
-1, ,45, ,
1, ,45, ,
3, ,45, ,
3, ,45, ,
-2, ,44, ,
3, ,45, ,
3, ,44, ,
-1, ,44, ,
-1, ,45, ,
3, ,45, ,
3, ,44, ,
5, ,45, ,
-1, ,45, ,
3, ,44, ,
1, ,44, ,
-2, ,44, ,
-7, ,44, ,
-1, ,45, ,
0, ,45, ,
1, ,45, ,
-1, ,45, ,
0, ,45, ,
3, ,44, ,
3, ,45, ,
-2, ,45, ,
3, ,44, ,
4, ,45, ,
1, ,44, ,
3, ,44, ,
6, ,45, ,
4, ,44, ,
4, ,45, ,
-2, ,45, ,
0, ,45, ,
-1, ,43, ,
4, ,45, ,
1, ,45, ,
1, ,44, ,
6, ,44, ,
0, ,45, ,
-5, ,44, ,
0, ,45, ,
-2, ,44, ,
0, ,44, ,
0, ,45, ,
1, ,45, ,
5, ,43, ,
4, ,45, ,
0, ,44, ,
6, ,44, ,
3, ,45, ,
1, ,45, ,
-2, ,44, ,
4, ,45, ,
3, ,44, ,
1, ,44, ,
-2, ,45, ,
-1, ,45, ,
1, ,43, ,
0, ,45, ,
-2, ,44, ,
0, ,45, ,
3, ,45, ,
4, ,45, ,
-1, ,44, ,
1, ,45, ,
3, ,44, ,
0, ,44, ,
-2, ,45, ,
-2, ,45, ,
0, ,43, ,
0, ,45, ,
-2, ,45, ,
1, ,44, ,
4, ,45, ,
1, ,45, ,
-1, ,43, ,
1, ,45, ,
0, ,44, ,
-1, ,44, ,
0, ,45, ,
0, ,45, ,
0, ,44, ,
4, ,45, ,
-5, ,45, ,
-1, ,44, ,
1, ,45, ,
-2, ,45, ,
-4, ,44, ,
1, ,45, ,
-1, ,44, ,
0, ,45, ,
0, ,45, ,
0, ,45, ,
1, ,44, ,
5, ,45, ,
1, ,45, ,
4, ,44, ,
3, ,45, ,
0, ,45, ,
-2, ,44, ,
8, ,45, ,
1, ,44, ,
1, ,45, ,
1, ,45, ,
1, ,45, ,
4, ,44, ,
3, ,45, ,
1, ,45, ,
4, ,44, ,
8, ,45, ,
6, ,44, ,
3, ,44, ,
8, ,45, ,
3, ,44, ,
1, ,45, ,
-1, ,45, ,
0, ,45, ,
-1, ,44, ,
0, ,45, ,
-4, ,45, ,
1, ,44, ,
4, ,45, ,
4, ,45, ,
-1, ,44, ,
3, ,45, ,
5, ,44, ,
4, ,45, ,
3, ,45, ,
3, ,45, ,
3, ,44, ,
4, ,45, ,
-2, ,44, ,
4, ,44, ,
5, ,45, ,
3, ,45, ,
-1, ,44, ,
4, ,45, ,
1, ,44, ,
0, ,44, ,
-1, ,45, ,
3, ,45, ,
0, ,43, ,
1, ,45, ,
-5, ,45, ,
1, ,44, ,
4, ,45, ,
0, ,44, ,
-4, ,44, ,
8, ,45, ,
5, ,44, ,
5, ,45, ,
1, ,45, ,
5, ,45, ,
5, ,44, ,
3, ,45, ,
-5, ,45, ,
1, ,44, ,
3, ,45, ,
1, ,44, ,
-1, ,44, ,
4, ,45, ,
5, ,44, ,
3, ,44, ,
1, ,45, ,
3, ,44, ,
4, ,44, ,
4, ,45, ,
-1, ,45, ,
4, ,44, ,
5, ,45, ,
4, ,44, ,
0, ,44, ,
4, ,45, ,
4, ,44, ,
3, ,45, ,
0, ,45, ,
0, ,45, ,
3, ,44, ,
3, ,45, ,
-2, ,45, ,
3, ,45, ,
3, ,45, ,
4, ,44, ,
-2, ,44, ,
6, ,45, ,
5, ,44, ,
6, ,44, ,
5, ,45, ,
5, ,45, ,
4, ,44, ,
3, ,45, ,
-5, ,45, ,
1, ,44, ,
1, ,45, ,
3, ,44, ,
-1, ,44, ,
5, ,45, ,
6, ,44, ,
5, ,44, ,
5, ,45, ,
4, ,45, ,
1, ,44, ,
4, ,45, ,
-2, ,44, ,
1, ,44, ,
3, ,45, ,
1, ,45, ,
1, ,44, ,
3, ,45, ,
1, ,45, ,
3, ,44, ,
-1, ,45, ,
3, ,45, ,
5, ,44, ,
5, ,45, ,
1, ,45, ,
3, ,44, ,
5, ,45, ,
-2, ,45, ,
1, ,44, ,
4, ,45, ,
-2, ,44, ,
-2, ,44, ,
-4, ,44, ,
0, ,45, ,
4, ,44, ,
9, ,44, ,
0, ,40, ,
-4, ,31, ,
-4, ,20, ,
-6, ,11, ,
-12, ,2, ,
-2, ,-4, ,
0, ,-11, ,
1, ,-16, ,
1, ,-20, ,
-4, ,-24, ,
-5, ,-27, ,
-6, ,-31, ,
-9, ,-33, ,
-5, ,-35, ,
-2, ,-37, ,
-2, ,-39, ,
-4, ,-39, ,
3, ,-41, ,
0, ,-42, ,
-2, ,-42, ,
-1, ,-43, ,
0, ,-44, ,
1, ,-44, ,
0, ,-45, ,
-1, ,-45, ,
4, ,-46, ,
4, ,-46, ,
-1, ,-46, ,
-2, ,-46, ,
0, ,-49, ,
-4, ,-46, ,
-4, ,-47, ,
-1, ,-47, ,
3, ,-49, ,
5, ,-47, ,
3, ,-49, ,
-2, ,-47, ,
0, ,-47, ,
0, ,-47, ,
-2, ,-49, ,
-4, ,-47, ,
0, ,-49, ,
-2, ,-49, ,
-2, ,-47, ,
-2, ,-47, ,
3, ,-49, ,
4, ,-47, ,
4, ,-49, ,
0, ,-49, ,
3, ,-49, ,
0, ,-47, ,
0, ,-49, ,
-2, ,-49, ,
-2, ,-49, ,
-4, ,-49, ,
-1, ,-47, ,
-2, ,-49, ,
0, ,-49, ,
3, ,-47, ,
3, ,-49, ,
-1, ,-47, ,
0, ,-47, ,
4, ,-49, ,
3, ,-47, ,
-4, ,-47, ,
5, ,-49, ,
4, ,-47, ,
0, ,-47, ,
-1, ,-47, ,
-4, ,-49, ,
-4, ,-47, ,
1, ,-49, ,
-1, ,-47, ,
3, ,-47, ,
4, ,-47, ,
0, ,-47, ,
-5, ,-47, ,
-1, ,-49, ,
-4, ,-47, ,
-5, ,-47, ,
-4, ,-47, ,
-1, ,-49, ,
1, ,-47, ,
4, ,-47, ,
-2, ,-47, ,
1, ,-47, ,
1, ,-47, ,
6, ,-47, ,
-4, ,-47, ,
-1, ,-49, ,
1, ,-47, ,
4, ,-47, ,
0, ,-47, ,
6, ,-49, ,
3, ,-46, ,
-1, ,-49, ,
-6, ,-47, ,
5, ,-47, ,
3, ,-47, ,
-1, ,-47, ,
-2, ,-47, ,
3, ,-49, ,
-1, ,-47, ,
-2, ,-47, ,
-4, ,-47, ,
-1, ,-49, ,
-1, ,-47, ,
5, ,-49, ,
0, ,-47, ,
1, ,-47, ,
4, ,-47, ,
-1, ,-47, ,
-5, ,-47, ,
-1, ,-49, ,
-1, ,-47, ,
0, ,-46, ,
-1, ,-47, ,
0, ,-47, ,
3, ,-46, ,
4, ,-47, ,
-1, ,-47, ,
3, ,-47, ,
6, ,-47, ,
3, ,-47, ,
-1, ,-47, ,
3, ,-49, ,
0, ,-47, ,
-2, ,-47, ,
-1, ,-47, ,
0, ,-47, ,
3, ,-47, ,
0, ,-47, ,
-5, ,-47, ,
-1, ,-47, ,
-1, ,-47, ,
-2, ,-47, ,
-7, ,-47, ,
4, ,-49, ,
3, ,-47, ,
-2, ,-46, ,
0, ,-47, ,
0, ,-47, ,
-1, ,-46, ,
1, ,-49, ,
-4, ,-47, ,
0, ,-47, ,
3, ,-47, ,
0, ,-47, ,
-1, ,-47, ,
1, ,-47, ,
1, ,-47, ,
-1, ,-46, ,
-4, ,-47, ,
0, ,-49, ,
1, ,-46, ,
1, ,-47, ,
-4, ,-47, ,
3, ,-47, ,
3, ,-47, ,
1, ,-47, ,
-1, ,-47, ,
3, ,-49, ,
0, ,-47, ,
-1, ,-46, ,
-2, ,-47, ,
3, ,-47, ,
3, ,-46, ,
3, ,-47, ,
-2, ,-47, ,
1, ,-47, ,
5, ,-47, ,
-4, ,-47, ,
-5, ,-47, ,
1, ,-49, ,
1, ,-47, ,
1, ,-47, ,
0, ,-47, ,
6, ,-47, ,
5, ,-46, ,
3, ,-47, ,
0, ,-47, ,
0, ,-47, ,
3, ,-47, ,
3, ,-47, ,
4, ,-46, ,
8, ,-49, ,
4, ,-47, ,
1, ,-46, ,
-1, ,-47, ,
-1, ,-47, ,
-1, ,-46, ,
0, ,-47, ,
-2, ,-47, ,
5, ,-47, ,
5, ,-47, ,
5, ,-47, ,
4, ,-47, ,
5, ,-49, ,
5, ,-47, ,
5, ,-47, ,
3, ,-47, ,
3, ,-47, ,
4, ,-47, ,
3, ,-47, ,
0, ,-47, ,
3, ,-47, ,
3, ,-47, ,
0, ,-47, ,
0, ,-47, ,
4, ,-49, ,
5, ,-47, ,
4, ,-47, ,
4, ,-47, ,
4, ,-47, ,
3, ,-47, ,
4, ,-47, ,
-2, ,-47, ,
1, ,-47, ,
1, ,-47, ,
0, ,-47, ,
0, ,-47, ,
3, ,-47, ,
5, ,-47, ,
5, ,-47, ,
3, ,-47, ,
4, ,-47, ,
5, ,-46, ,
1, ,-47, ,
0, ,-47, ,
1, ,-47, ,
6, ,-47, ,
8, ,-47, ,
1, ,-46, ,
9, ,-49, ,
5, ,-47, ,
4, ,-46, ,
0, ,-47, ,
1, ,-47, ,
1, ,-46, ,
3, ,-47, ,
0, ,-47, ,
5, ,-47, ,
6, ,-47, ,
4, ,-47, ,
0, ,-46, ,
5, ,-49, ,
4, ,-47, ,
3, ,-46, ,
1, ,-47, ,
3, ,-47, ,
4, ,-46, ,
5, ,-49, ,
-1, ,-47, ,
3, ,-47, ,
3, ,-47, ,
1, ,-47, ,
-2, ,-46, ,
5, ,-49, ,
4, ,-47, ,
4, ,-46, ,
5, ,-47, ,
3, ,-47, ,
4, ,-46, ,
4, ,-47, ,
-1, ,-47, ,
1, ,-47, ,
1, ,-47, ,
1, ,-47, ,
0, ,-46, ,
4, ,-47, ,
5, ,-47, ,
3, ,-47, ,
1, ,-47, ,
3, ,-47, ,
0, ,-46, ,
1, ,-49, ,
-2, ,-47, ,
3, ,-47, ,
5, ,-47, ,
3, ,-47, ,
3, ,-47, ,
6, ,-49, ,
6, ,-47, ,
4, ,-46, ,
1, ,-47, ,
4, ,-47, ,
4, ,-46, ,
4, ,-47, ,
-1, ,-47, ,
1, ,-47, ,
3, ,-47, ,
0, ,-47, ,
-5, ,-47, ,
1, ,-47, ,
-2, ,-47, ,
3, ,-47, ,
0, ,-47, ,
5, ,-47, ,
5, ,-46, ,
5, ,-47, ,
0, ,-47, ,
1, ,-46, ,
3, ,-47, ,
3, ,-47, ,
-1, ,-46, ,
3, ,-49, ,
3, ,-47, ,
1, ,-47, ,
0, ,-47, ,
1, ,-47, ,
0, ,-46, ,
3, ,-47, ,
-4, ,-47, ,
-1, ,-47, ,
4, ,-47, ,
1, ,-47, ,
1, ,-46, ,
1, ,-47, ,
1, ,-47, ,
1, ,-47, ,
-2, ,-47, ,
0, ,-47, ,
0, ,-46, ,
1, ,-47, ,
-2, ,-47, ,
0, ,-47, ,
1, ,-47, ,
1, ,-47, ,
0, ,-46, ,
1, ,-49, ,
3, ,-47, ,
1, ,-46, ,
0, ,-47, ,
4, ,-47, ,
1, ,-46, ,
4, ,-47, ,
0, ,-47, ,
1, ,-47, ,
1, ,-47, ,
-2, ,-47, ,
-6, ,-46, ,
0, ,-49, ,
-1, ,-47, ,
1, ,-47, ,
-2, ,-47, ,
5, ,-47, ,
4, ,-46, ,
4, ,-47, ,
-2, ,-47, ,
1, ,-47, ,
0, ,-47, ,
-1, ,-47, ,
-7, ,-46, ,
0, ,-49, ,
-2, ,-47, ,
-1, ,-46, ,
-4, ,-47, ,
-2, ,-47, ,
-5, ,-46, ,
-7, ,-47, ,
-16, ,-47, ,
-14, ,-47, ,
-11, ,-47, ,
-17, ,-47, ,
-19, ,-46, ,
-7, ,-49, ,
-6, ,-47, ,
-4, ,-47, ,
-1, ,-47, ,
5, ,-47, ,
9, ,-46, ,
11, ,-47, ,
6, ,-47, ,
8, ,-47, ,
6, ,-47, ,
4, ,-47, ,
-5, ,-46, ,
-1, ,-49, ,
-1, ,-47, ,
-4, ,-47, ,
-6, ,-47, ,
-1, ,-47, ,
0, ,-46, ,
0, ,-47, ,
-6, ,-47, ,
0, ,-47, ,
1, ,-47, ,
-2, ,-47, ,
-6, ,-47, ,
-2, ,-49, ,
-4, ,-47, ,
-2, ,-47, ,
-5, ,-47, ,
-4, ,-49, ,
-1, ,-46, ,
-2, ,-49, ,
-5, ,-47, ,
0, ,-47, ,
0, ,-47, ,
-1, ,-47, ,
-5, ,-46, ,
-1, ,-49, ,
-1, ,-47, ,
-2, ,-46, ,
-6, ,-47, ,
-4, ,-47, ,
-1, ,-46, ,
3, ,-47, ,
-1, ,-47, ,
3, ,-46, ,
4, ,-47, ,
0, ,-47, ,
-5, ,-47, ,
-1, ,-49, ,
-4, ,-47, ,
-4, ,-46, ,
-4, ,-47, ,
0, ,-47, ,
1, ,-47, ,
4, ,-47, ,
-1, ,-47, ,
0, ,-47, ,
1, ,-47, ,
0, ,-47, ,
-4, ,-47, ,
3, ,-49, ,
1, ,-47, ,
-1, ,-46, ,
1, ,-47, ,
-1, ,-47, ,
-1, ,-46, ,
-1, ,-47, ,
-5, ,-47, ,
-1, ,-47, ,
0, ,-47, ,
0, ,-47, ,
-5, ,-46, ,
1, ,-47, ,
4, ,-47, ,
0, ,-47, ,
3, ,-47, ,
3, ,-47, ,
4, ,-46, ,
3, ,-47, ,
-4, ,-47, ,
0, ,-47, ,
3, ,-47, ,
1, ,-47, ,
1, ,-46, ,
6, ,-49, ,
5, ,-47, ,
1, ,-47, ,
0, ,-47, ,
0, ,-47, ,
0, ,-46, ,
1, ,-47, ,
-2, ,-47, ,
3, ,-47, ,
4, ,-47, ,
0, ,-47, ,
-4, ,-46, ,
1, ,-47, ,
-1, ,-47, ,
0, ,-47, ,
-1, ,-47, ,
3, ,-47, ,
6, ,-46, ,
5, ,-47, ,
4, ,-47, ,
4, ,-47, ,
5, ,-47, ,
3, ,-47, ,
0, ,-46, ,
6, ,-49, ,
5, ,-47, ,
4, ,-46, ,
3, ,-47, ,
3, ,-47, ,
4, ,-46, ,
3, ,-47, ,
-2, ,-47, ,
3, ,-47, ,
9, ,-47, ,
9, ,-47, ,
5, ,-46, ,
11, ,-47, ,
6, ,-47, ,
5, ,-47, ,
3, ,-47, ,
1, ,-47, ,
5, ,-46, ,
4, ,-47, ,
1, ,-47, ,
5, ,-46, ,
4, ,-47, ,
4, ,-47, ,
3, ,-46, ,
6, ,-47, ,
5, ,-47, ,
3, ,-46, ,
3, ,-47, ,
4, ,-47, ,
5, ,-46, ,
5, ,-49, ,
1, ,-47, ,
4, ,-47, ,
5, ,-47, ,
5, ,-47, ,
4, ,-46, ,
4, ,-49, ,
5, ,-46, ,
3, ,-47, ,
1, ,-47, ,
4, ,-47, ,
4, ,-46, ,
3, ,-47, ,
-4, ,-47, ,
3, ,-47, ,
5, ,-47, ,
4, ,-47, ,
5, ,-46, ,
8, ,-49, ,
8, ,-47, ,
6, ,-46, ,
6, ,-47, ,
5, ,-47, ,
5, ,-46, ,
5, ,-47, ,
-2, ,-47, ,
3, ,-47, ,
4, ,-47, ,
1, ,-47, ,
0, ,-46, ,
4, ,-49, ,
4, ,-47, ,
3, ,-46, ,
1, ,-47, ,
3, ,-49, ,
5, ,-46, ,
3, ,-47, ,
3, ,-47, ,
4, ,-47, ,
5, ,-47, ,
8, ,-47, ,
4, ,-47, ,
8, ,-49, ,
8, ,-47, ,
3, ,-46, ,
3, ,-47, ,
4, ,-47, ,
4, ,-46, ,
4, ,-47, ,
-1, ,-47, ,
4, ,-47, ,
5, ,-47, ,
4, ,-47, ,
4, ,-46, ,
5, ,-49, ,
5, ,-47, ,
3, ,-46, ,
4, ,-47, ,
4, ,-49, ,
5, ,-47, ,
1, ,-47, ,
-4, ,-47, ,
4, ,-47, ,
1, ,-47, ,
1, ,-47, ,
1, ,-47, ,
8, ,-49, ,
5, ,-47, ,
6, ,-46, ,
8, ,-47, ,
10, ,-49, ,
9, ,-46, ,
10, ,-47, ,
6, ,-47, ,
9, ,-47, ,
11, ,-47, ,
5, ,-47, ,
0, ,-46, ,
4, ,-49, ,
3, ,-47, ,
6, ,-46, ,
-1, ,-47, ,
1, ,-47, ,
3, ,-46, ,
5, ,-47, ,
6, ,-47, ,
5, ,-47, ,
6, ,-47, ,
5, ,-47, ,
3, ,-46, ,
3, ,-49, ,
0, ,-47, ,
1, ,-46, ,
4, ,-47, ,
9, ,-47, ,
5, ,-46, ,
6, ,-47, ,
1, ,-47, ,
5, ,-47, ,
3, ,-47, ,
1, ,-47, ,
-2, ,-46, ,
3, ,-49, ,
4, ,-47, ,
1, ,-47, ,
1, ,-47, ,
1, ,-47, ,
4, ,-46, ,
3, ,-47, ,
0, ,-47, ,
8, ,-47, ,
6, ,-47, ,
5, ,-47, ,
-1, ,-46, ,
5, ,-49, ,
5, ,-47, ,
1, ,-46, ,
1, ,-47, ,
0, ,-47, ,
0, ,-46, ,
1, ,-47, ,
0, ,-47, ,
3, ,-47, ,
4, ,-47, ,
-1, ,-47, ,
0, ,-46, ,
4, ,-47, ,
0, ,-47, ,
4, ,-47, ,
3, ,-47, ,
4, ,-47, ,
3, ,-47, ,
3, ,-47, ,
-4, ,-47, ,
0, ,-47, ,
-2, ,-47, ,
-6, ,-47, ,
-10, ,-47, ,
-5, ,-49, ,
-4, ,-47, ,
-1, ,-46, ,
-4, ,-47, ,
1, ,-47, ,
1, ,-46, ,
0, ,-47, ,
-5, ,-47, ,
-5, ,-47, ,
-1, ,-47, ,
-6, ,-47, ,
-9, ,-47, ,
-4, ,-47, ,
-5, ,-47, ,
-2, ,-47, ,
-6, ,-47, ,
-4, ,-49, ,
-1, ,-46, ,
-1, ,-47, ,
-5, ,-47, ,
-1, ,-47, ,
1, ,-47, ,
-1, ,-47, ,
-5, ,-47, ,
-2, ,-49, ,
-5, ,-47, ,
-7, ,-46, ,
-9, ,-47, ,
-6, ,-47, ,
-9, ,-46, ,
-5, ,-47, ,
-7, ,-47, ,
-4, ,-47, ,
-4, ,-47, ,
-9, ,-47, ,
-11, ,-47, ,
-7, ,-49, ,
-7, ,-47, ,
-6, ,-46, ,
-5, ,-47, ,
-4, ,-47, ,
-1, ,-47, ,
-4, ,-47, ,
-6, ,-47, ,
-4, ,-47, ,
-5, ,-47, ,
-5, ,-47, ,
-9, ,-46, ,
-1, ,-47, ,
-1, ,-47, ,
-2, ,-46, ,
-4, ,-47, ,
-1, ,-47, ,
-2, ,-46, ,
-1, ,-47, ,
-7, ,-47, ,
-5, ,-47, ,
-2, ,-47, ,
-5, ,-47, ,
-9, ,-47, ,
-5, ,-49, ,
-7, ,-47, ,
-5, ,-47, ,
-4, ,-47, ,
-4, ,-47, ,
-1, ,-46, ,
-1, ,-47, ,
-4, ,-47, ,
-2, ,-47, ,
1, ,-47, ,
-2, ,-47, ,
-5, ,-47, ,
-1, ,-49, ,
-1, ,-47, ,
-5, ,-47, ,
-4, ,-47, ,
-4, ,-47, ,
-2, ,-46, ,
-1, ,-47, ,
-4, ,-47, ,
1, ,-47, ,
3, ,-47, ,
-2, ,-47, ,
-4, ,-46, ,
0, ,-47, ,
0, ,-47, ,
0, ,-47, ,
-2, ,-47, ,
0, ,-49, ,
1, ,-46, ,
0, ,-47, ,
-4, ,-47, ,
1, ,-47, ,
0, ,-47, ,
-1, ,-47, ,
-5, ,-47, ,
1, ,-49, ,
1, ,-47, ,
-1, ,-46, ,
-1, ,-47, ,
0, ,-47, ,
0, ,-46, ,
0, ,-47, ,
-10, ,-46, ,
4, ,-40, ,
9, ,-31, ,
8, ,-20, ,
8, ,-12, ,
9, ,-3, ,
6, ,3, ,
4, ,9, ,
-2, ,15, ,
5, ,18, ,
4, ,22, ,
6, ,25, ,
4, ,28, ,
5, ,31, ,
8, ,34, ,
5, ,35, ,
4, ,36, ,
6, ,38, ,
6, ,39, ,
5, ,40, ,
5, ,41, ,
6, ,42, ,
8, ,41, ,
9, ,43, ,
4, ,43, ,
6, ,43, ,
5, ,43, ,
3, ,44, ,
1, ,44, ,
4, ,45, ,
5, ,44, ,
6, ,45, ,
4, ,45, ,
3, ,44, ,
6, ,44, ,
5, ,45, ,
0, ,45, ,
5, ,45, ,
8, ,45, ,
9, ,45, ,
1, ,44, ,
8, ,46, ,
6, ,45, ,
5, ,45, ,
1, ,45, ,
3, ,45, ,
1, ,44, ,
5, ,46, ,
0, ,45, ,
5, ,45, ,
9, ,45, ,
6, ,45, ,
5, ,44, ,
9, ,46, ,
6, ,45, ,
6, ,45, ,
4, ,46, ,
6, ,45, ,
5, ,44, ,
5, ,45, ,
-2, ,45, ,
5, ,45, ,
8, ,45, ,
6, ,45, ,
4, ,44, ,
5, ,45, ,
4, ,44, ,
4, ,45, ,
0, ,45, ,
4, ,45, ,
4, ,44, ,
6, ,45, ,
0, ,45, ,
5, ,45, ,
8, ,45, ,
4, ,45, ,
1, ,45, ,
3, ,46, ,
5, ,44, ,
8, ,45, ,
6, ,45, ,
8, ,45, ,
8, ,44, ,
6, ,45, ,
1, ,45, ,
0, ,45, ,
5, ,45, ,
4, ,45, ,
3, ,44, ,
9, ,45, ,
6, ,44, ,
4, ,44, ,
1, ,45, ,
3, ,45, ,
1, ,44, ,
5, ,45, ,
4, ,45, ,
5, ,45, ,
9, ,45, ,
5, ,45, ,
5, ,44, ,
9, ,45, ,
5, ,44, ,
5, ,45, ,
4, ,45, ,
5, ,45, ,
8, ,44, ,
8, ,45, ,
3, ,45, ,
5, ,44, ,
4, ,45, ,
5, ,45, ,
-2, ,44, ,
4, ,45, ,
5, ,44, ,
4, ,45, ,
5, ,45, ,
6, ,45, ,
5, ,44, ,
6, ,45, ,
-2, ,45, ,
3, ,45, ,
4, ,45, ,
1, ,45, ,
0, ,44, ,
9, ,45, ,
9, ,44, ,
10, ,45, ,
4, ,45, ,
4, ,45, ,
4, ,44, ,
6, ,45, ,
0, ,45, ,
3, ,44, ,
4, ,45, ,
3, ,45, ,
-1, ,44, ,
5, ,45, ,
4, ,45, ,
4, ,45, ,
0, ,45, ,
4, ,45, ,
4, ,44, ,
4, ,45, ,
0, ,45, ,
1, ,44, ,
1, ,45, ,
-2, ,45, ,
-4, ,44, ,
0, ,45, ,
-4, ,44, ,
0, ,45, ,
0, ,45, ,
-2, ,44, ,
1, ,44, ,
5, ,45, ,
0, ,45, ,
4, ,44, ,
3, ,45, ,
-2, ,45, ,
-6, ,44, ,
4, ,45, ,
4, ,44, ,
1, ,45, ,
-2, ,45, ,
-1, ,45, ,
-1, ,43, ,
-1, ,45, ,
-6, ,45, ,
-2, ,45, ,
-2, ,45, ,
0, ,45, ,
0, ,44, ,
1, ,45, ,
-1, ,44, ,
0, ,45, ,
-1, ,45, ,
0, ,45, ,
0, ,44, ,
1, ,45, ,
-5, ,45, ,
0, ,45, ,
-1, ,45, ,
-2, ,45, ,
-5, ,44, ,
0, ,45, ,
0, ,44, ,
1, ,44, ,
-1, ,45, ,
1, ,45, ,
1, ,44, ,
5, ,45, ,
-2, ,45, ,
-1, ,44, ,
0, ,45, ,
-6, ,44, ,
-6, ,44, ,
-4, ,45, ,
-2, ,45, ,
0, ,44, ,
-1, ,45, ,
1, ,44, ,
3, ,44, ,
1, ,45, ,
-6, ,44, ,
-2, ,44, ,
-4, ,45, ,
-4, ,45, ,
-6, ,44, ,
-2, ,45, ,
0, ,44, ,
-1, ,45, ,
-4, ,45, ,
-4, ,44, ,
-6, ,44, ,
-5, ,45, ,
-7, ,44, ,
-2, ,45, ,
0, ,45, ,
0, ,45, ,
-5, ,44, ,
0, ,45, ,
-4, ,44, ,
-4, ,45, ,
-5, ,45, ,
-2, ,45, ,
0, ,44, ,
1, ,45, ,
-2, ,45, ,
0, ,45, ,
-2, ,45, ,
-4, ,45, ,
-7, ,44, ,
-4, ,45, ,
-4, ,44, ,
-4, ,45, ,
-5, ,45, ,
-1, ,45, ,
-1, ,44, ,
1, ,45, ,
-4, ,44, ,
0, ,44, ,
1, ,45, ,
1, ,45, ,
-4, ,44, ,
3, ,45, ,
0, ,44, ,
1, ,45, ,
-2, ,45, ,
-2, ,44, ,
3, ,44, ,
-2, ,45, ,
-7, ,45, ,
-9, ,44, ,
-2, ,45, ,
1, ,45, ,
-5, ,44, ,
4, ,45, ,
4, ,44, ,
0, ,45, ,
0, ,45, ,
0, ,45, ,
-1, ,44, ,
4, ,45, ,
1, ,45, ,
1, ,44, ,
5, ,45, ,
0, ,45, ,
-5, ,44, ,
0, ,45, ,
0, ,44, ,
1, ,44, ,
0, ,45, ,
3, ,45, ,
5, ,44, ,
4, ,45, ,
1, ,44, ,
3, ,44, ,
3, ,45, ,
4, ,44, ,
-2, ,44, ,
1, ,45, ,
1, ,44, ,
0, ,45, ,
-2, ,45, ,
0, ,45, ,
1, ,44, ,
1, ,45, ,
-2, ,45, ,
3, ,45, ,
3, ,45, ,
1, ,45, ,
0, ,44, ,
6, ,45, ,
3, ,44, ,
3, ,45, ,
1, ,45, ,
1, ,44, ,
1, ,44, ,
0, ,45, ,
-5, ,45, ,
8, ,44, ,
3, ,45, ,
-1, ,45, ,
1, ,44, ,
4, ,45, ,
6, ,44, ,
3, ,45, ,
-2, ,45, ,
0, ,45, ,
-1, ,44, ,
4, ,45, ,
-1, ,44, ,
3, ,44, ,
5, ,45, ,
3, ,45, ,
-1, ,44, ,
5, ,45, ,
1, ,44, ,
3, ,45, ,
0, ,45, ,
5, ,45, ,
6, ,44, ,
6, ,45, ,
3, ,45, ,
4, ,44, ,
6, ,45, ,
3, ,45, ,
0, ,44, ,
5, ,45, ,
3, ,44, ,
4, ,44, ,
0, ,45, ,
3, ,45, ,
1, ,44, ,
3, ,45, ,
-1, ,45, ,
5, ,44, ,
6, ,45, ,
6, ,44, ,
3, ,44, ,
8, ,45, ,
5, ,44, ,
8, ,44, ,
4, ,45, ,
4, ,45, ,
8, ,44, ,
5, ,45, ,
1, ,44, ,
5, ,44, ,
6, ,45, ,
8, ,44, ,
3, ,44, ,
5, ,45, ,
3, ,44, ,
4, ,45, ,
4, ,45, ,
4, ,45, ,
3, ,44, ,
4, ,45, ,
-4, ,45, ,
3, ,44, ,
4, ,45, ,
1, ,45, ,
-1, ,44, ,
-1, ,45, ,
-1, ,44, ,
0, ,45, ,
-1, ,45, ,
4, ,45, ,
6, ,44, ,
6, ,45, ,
1, ,45, ,
3, ,44, ,
6, ,45, ,
4, ,44, ,
-1, ,44, ,
3, ,45, ,
4, ,45, ,
6, ,45, ,
5, ,45, ,
4, ,45, ,
5, ,44, ,
4, ,45, ,
-2, ,44, ,
3, ,44, ,
5, ,45, ,
4, ,44, ,
5, ,44, ,
8, ,45, ,
3, ,44, ,
4, ,44, ,
-1, ,45, ,
-1, ,45, ,
1, ,43, ,
4, ,45, ,
0, ,44, ,
8, ,44, ,
6, ,45, ,
5, ,44, ,
0, ,44, ,
1, ,45, ,
0, ,44, ,
1, ,44, ,
1, ,45, ,
1, ,45, ,
3, ,43, ,
1, ,45, ,
-2, ,45, ,
3, ,44, ,
3, ,45, ,
3, ,45, ,
-1, ,44, ,
5, ,45, ,
5, ,44, ,
3, ,44, ,
3, ,45, ,
4, ,45, ,
0, ,44, ,
3, ,45, ,
-2, ,44, ,
-1, ,44, ,
1, ,45, ,
3, ,44, ,
1, ,44, ,
5, ,45, ,
4, ,44, ,
3, ,44, ,
-1, ,45, ,
0, ,45, ,
1, ,44, ,
3, ,45, ,
-4, ,45, ,
0, ,45, ,
3, ,45, ,
-1, ,45, ,
-4, ,44, ,
1, ,45, ,
-1, ,44, ,
-1, ,45, ,
0, ,45, ,
1, ,45, ,
1, ,44, ,
3, ,45, ,
-5, ,44, ,
0, ,45, ,
0, ,45, ,
-2, ,45, ,
-5, ,44, ,
0, ,45, ,
-2, ,44, ,
-1, ,45, ,
-1, ,45, ,
0, ,45, ,
1, ,44, ,
-1, ,45, ,
-2, ,45, ,
-2, ,44, ,
-1, ,45, ,
-1, ,45, ,
-6, ,44, ,
1, ,45, ,
1, ,44, ,
0, ,45, ,
1, ,45, ,
-2, ,45, ,
1, ,44, ,
-1, ,45, ,
-6, ,45, ,
-2, ,44, ,
-1, ,45, ,
-1, ,45, ,
-6, ,44, ,
0, ,45, ,
0, ,44, ,
-2, ,45, ,
-1, ,45, ,
-1, ,44, ,
-1, ,44, ,
3, ,45, ,
-1, ,45, ,
3, ,44, ,
5, ,45, ,
3, ,44, ,
-1, ,44, ,
3, ,45, ,
-1, ,44, ,
1, ,44, ,
-1, ,45, ,
1, ,45, ,
3, ,44, ,
1, ,45, ,
-1, ,44, ,
-1, ,44, ,
3, ,45, ,
-1, ,44, ,
-5, ,44, ,
1, ,45, ,
-1, ,44, ,
1, ,45, ,
1, ,45, ,
3, ,45, ,
3, ,43, ,
3, ,45, ,
-4, ,45, ,
-1, ,45, ,
0, ,45, ,
-4, ,45, ,
-5, ,44, ,
-2, ,45, ,
-1, ,44, ,
1, ,44, ,
0, ,45, ,
1, ,45, ,
1, ,44, ,
1, ,45, ,
0, ,45, ,
3, ,44, ,
3, ,45, ,
1, ,45, ,
-5, ,44, ,
1, ,45, ,
-1, ,44, ,
-2, ,45, ,
-4, ,45, ,
0, ,44, ,
0, ,44, ,
3, ,45, ,
-4, ,45, ,
-1, ,44, ,
1, ,45, ,
0, ,44, ,
-2, ,44, ,
0, ,45, ,
1, ,44, ,
0, ,44, ,
-1, ,45, ,
3, ,45, ,
4, ,44, ,
5, ,45, ,
-2, ,45, ,
1, ,44, ,
3, ,45, ,
-1, ,45, ,
-2, ,44, ,
1, ,45, ,
3, ,44, ,
1, ,44, ,
1, ,45, ,
5, ,45, ,
4, ,44, ,
3, ,45, ,
-2, ,45, ,
0, ,44, ,
3, ,45, ,
0, ,44, ,
-4, ,44, ,
4, ,45, ,
1, ,44, ,
1, ,45, ,
3, ,45, ,
4, ,45, ,
5, ,44, ,
4, ,45, ,
3, ,45, ,
5, ,44, ,
6, ,45, ,
4, ,45, ,
0, ,44, ,
6, ,45, ,
4, ,44, ,
1, ,45, ,
-4, ,45, ,
0, ,45, ,
3, ,44, ,
5, ,45, ,
0, ,44, ,
6, ,44, ,
6, ,45, ,
4, ,45, ,
0, ,44, ,
3, ,45, ,
4, ,44, ,
1, ,44, ,
1, ,45, ,
4, ,45, ,
5, ,44, ,
4, ,45, ,
-1, ,45, ,
4, ,45, ,
4, ,45, ,
4, ,44, ,
0, ,44, ,
4, ,45, ,
6, ,44, ,
5, ,44, ,
1, ,45, ,
3, ,45, ,
3, ,44, ,
3, ,45, ,
-2, ,45, ,
4, ,44, ,
6, ,45, ,
4, ,45, ,
1, ,44, ,
1, ,45, ,
3, ,44, ,
1, ,45, ,
-2, ,45, ,
1, ,45, ,
1, ,44, ,
1, ,45, ,
-2, ,45, ,
1, ,45, ,
3, ,45, ,
4, ,45, ,
1, ,44, ,
5, ,45, ,
3, ,44, ,
4, ,45, ,
0, ,45, ,
3, ,45, ,
4, ,44, ,
6, ,45, ,
3, ,45, ,
4, ,45, ,
5, ,45, ,
4, ,44, ,
0, ,44, ,
4, ,45, ,
0, ,45, ,
4, ,45, ,
1, ,45, ,
4, ,44, ,
5, ,44, ,
3, ,45, ,
1, ,44, ,
3, ,45, ,
5, ,45, ,
5, ,45, ,
-1, ,44, ,
5, ,45, ,
5, ,44, ,
1, ,45, ,
-2, ,45, ,
0, ,45, ,
-1, ,44, ,
1, ,45, ,
-2, ,45, ,
4, ,44, ,
6, ,45, ,
5, ,45, ,
3, ,44, ,
5, ,45, ,
4, ,45, ,
0, ,44, ,
0, ,44, ,
0, ,44, ,
3, ,44, ,
0, ,45, ,
-1, ,45, ,
3, ,44, ,
3, ,45, ,
3, ,45, ,
-2, ,44, ,
5, ,45, ,
1, ,44, ,
0, ,45, ,
0, ,45, ,
3, ,44, ,
1, ,44, ,
4, ,45, ,
-4, ,45, ,
3, ,45, ,
4, ,45, ,
1, ,44, ,
-1, ,44, ,
3, ,45, ,
3, ,44, ,
4, ,44, ,
-1, ,45, ,
1, ,45, ,
1, ,43, ,
-1, ,45, ,
-2, ,45, ,
0, ,44, ,
1, ,45, ,
4, ,44, ,
-1, ,44, ,
4, ,45, ,
1, ,45, ,
1, ,45, ,
-2, ,45, ,
0, ,45, ,
-1, ,44, ,
0, ,45, ,
-2, ,44, ,
0, ,44, ,
6, ,45, ,
1, ,45, ,
-2, ,44, ,
3, ,45, ,
3, ,45, ,
1, ,45, ,
1, ,45, ,
0, ,45, ,
3, ,44, ,
3, ,45, ,
-2, ,45, ,
1, ,45, ,
0, ,45, ,
0, ,44, ,
-5, ,44, ,
0, ,45, ,
1, ,44, ,
0, ,45, ,
1, ,45, ,
1, ,45, ,
0, ,44, ,
1, ,45, ,
-5, ,44, ,
0, ,45, ,
4, ,45, ,
0, ,44, ,
1, ,44, ,
3, ,45, ,
3, ,44, ,
3, ,45, ,
-1, ,45, ,
0, ,45, ,
-1, ,44, ,
1, ,45, ,
-4, ,45, ,
-1, ,44, ,
0, ,45, ,
1, ,45, ,
-4, ,44, ,
4, ,45, ,
0, ,44, ,
3, ,45, ,
-1, ,45, ,
-1, ,45, ,
1, ,44, ,
3, ,45, ,
-1, ,45, ,
4, ,42, ,
-1, ,36, ,
-7, ,25, ,
-12, ,16, ,
-9, ,7, ,
-11, ,-1, ,
-4, ,-7, ,
-5, ,-13, ,
-4, ,-18, ,
1, ,-22, ,
-5, ,-25, ,
-11, ,-28, ,
0, ,-32, ,
-2, ,-34, ,
-5, ,-36, ,
-6, ,-37, ,
0, ,-39, ,
-1, ,-40, ,
-2, ,-41, ,
-2, ,-42, ,
-1, ,-43, ,
-1, ,-43, ,
-1, ,-45, ,
-7, ,-44, ,
-4, ,-45, ,
1, ,-46, ,
0, ,-46, ,
-5, ,-46, ,
4, ,-47, ,
1, ,-47, ,
1, ,-47, ,
-1, ,-47, ,
0, ,-49, ,
1, ,-46, ,
1, ,-47, ,
-2, ,-49, ,
3, ,-47, ,
4, ,-47, ,
4, ,-47, ,
-4, ,-47, ,
3, ,-49, ,
4, ,-49, ,
1, ,-47, ,
0, ,-49, ,
4, ,-49, ,
4, ,-47, ,
5, ,-49, ,
-1, ,-49, ,
1, ,-47, ,
3, ,-49, ,
-2, ,-47, ,
-1, ,-47, ,
1, ,-49, ,
3, ,-47, ,
4, ,-47, ,
3, ,-47, ,
5, ,-49, ,
6, ,-47, ,
4, ,-49, ,
1, ,-47, ,
1, ,-47, ,
3, ,-47, ,
0, ,-47, ,
-4, ,-47, ,
6, ,-49, ,
3, ,-47, ,
3, ,-47, ,
1, ,-49, ,
1, ,-49, ,
3, ,-47, ,
0, ,-49, ,
-2, ,-49, ,
1, ,-47, ,
6, ,-47, ,
3, ,-47, ,
0, ,-47, ,
4, ,-49, ,
0, ,-47, ,
1, ,-47, ,
-1, ,-47, ,
1, ,-49, ,
3, ,-46, ,
1, ,-49, ,
1, ,-47, ,
3, ,-47, ,
3, ,-47, ,
0, ,-47, ,
-2, ,-46, ,
1, ,-49, ,
3, ,-47, ,
1, ,-47, ,
3, ,-47, ,
3, ,-49, ,
6, ,-46, ,
8, ,-47, ,
1, ,-47, ,
4, ,-47, ,
5, ,-47, ,
3, ,-47, ,
-1, ,-46, ,
5, ,-49, ,
4, ,-47, ,
5, ,-46, ,
1, ,-47, ,
4, ,-47, ,
5, ,-46, ,
3, ,-47, ,
-4, ,-47, ,
1, ,-47, ,
4, ,-47, ,
3, ,-47, ,
-2, ,-47, ,
4, ,-49, ,
3, ,-47, ,
4, ,-47, ,
3, ,-47, ,
4, ,-47, ,
4, ,-47, ,
6, ,-49, ,
3, ,-47, ,
4, ,-47, ,
6, ,-47, ,
1, ,-47, ,
1, ,-47, ,
4, ,-47, ,
-1, ,-47, ,
-1, ,-47, ,
0, ,-47, ,
1, ,-47, ,
5, ,-46, ,
6, ,-47, ,
1, ,-47, ,
4, ,-47, ,
8, ,-47, ,
4, ,-47, ,
-1, ,-46, ,
5, ,-49, ,
-1, ,-47, ,
0, ,-46, ,
4, ,-47, ,
3, ,-49, ,
3, ,-46, ,
5, ,-49, ,
-2, ,-47, ,
6, ,-47, ,
6, ,-47, ,
1, ,-47, ,
0, ,-47, ,
4, ,-49, ,
6, ,-47, ,
5, ,-47, ,
0, ,-47, ,
1, ,-49, ,
3, ,-46, ,
4, ,-49, ,
-1, ,-47, ,
5, ,-47, ,
4, ,-47, ,
1, ,-47, ,
-2, ,-47, ,
1, ,-49, ,
0, ,-47, ,
-2, ,-47, ,
-6, ,-47, ,
-5, ,-47, ,
-1, ,-46, ,
6, ,-47, ,
0, ,-47, ,
4, ,-47, ,
9, ,-47, ,
1, ,-47, ,
-2, ,-46, ,
3, ,-47, ,
0, ,-47, ,
3, ,-47, ,
3, ,-47, ,
4, ,-47, ,
5, ,-46, ,
3, ,-47, ,
-1, ,-47, ,
0, ,-47, ,
1, ,-47, ,
0, ,-47, ,
-4, ,-46, ,
1, ,-49, ,
1, ,-47, ,
0, ,-46, ,
-5, ,-47, ,
-1, ,-49, ,
1, ,-46, ,
1, ,-47, ,
0, ,-47, ,
4, ,-47, ,
9, ,-47, ,
5, ,-47, ,
4, ,-47, ,
5, ,-49, ,
3, ,-47, ,
1, ,-47, ,
-2, ,-47, ,
0, ,-47, ,
5, ,-46, ,
3, ,-47, ,
-2, ,-47, ,
1, ,-47, ,
3, ,-47, ,
0, ,-47, ,
-2, ,-46, ,
0, ,-49, ,
3, ,-47, ,
-1, ,-46, ,
-1, ,-47, ,
1, ,-47, ,
-1, ,-46, ,
0, ,-47, ,
-6, ,-47, ,
0, ,-47, ,
1, ,-47, ,
1, ,-47, ,
-2, ,-46, ,
0, ,-47, ,
0, ,-46, ,
-1, ,-47, ,
-4, ,-47, ,
-1, ,-47, ,
1, ,-46, ,
-1, ,-47, ,
-5, ,-47, ,
-2, ,-47, ,
-1, ,-47, ,
-1, ,-47, ,
-5, ,-46, ,
1, ,-49, ,
3, ,-47, ,
3, ,-47, ,
0, ,-47, ,
0, ,-47, ,
-1, ,-46, ,
-1, ,-47, ,
-6, ,-47, ,
-2, ,-47, ,
1, ,-47, ,
-4, ,-47, ,
-2, ,-47, ,
0, ,-47, ,
-2, ,-47, ,
-1, ,-47, ,
-4, ,-47, ,
-1, ,-47, ,
1, ,-46, ,
0, ,-47, ,
0, ,-47, ,
1, ,-47, ,
3, ,-46, ,
1, ,-47, ,
-4, ,-47, ,
0, ,-49, ,
0, ,-47, ,
-2, ,-46, ,
-2, ,-47, ,
-2, ,-47, ,
0, ,-46, ,
1, ,-47, ,
-4, ,-47, ,
1, ,-47, ,
3, ,-47, ,
-1, ,-47, ,
-2, ,-46, ,
3, ,-47, ,
3, ,-47, ,
1, ,-47, ,
1, ,-47, ,
3, ,-47, ,
3, ,-47, ,
-1, ,-47, ,
-6, ,-47, ,
-1, ,-47, ,
0, ,-47, ,
0, ,-47, ,
1, ,-47, ,
4, ,-49, ,
6, ,-47, ,
3, ,-47, ,
0, ,-47, ,
3, ,-47, ,
1, ,-46, ,
3, ,-47, ,
-4, ,-47, ,
-2, ,-47, ,
4, ,-47, ,
0, ,-47, ,
-6, ,-46, ,
-1, ,-47, ,
1, ,-47, ,
1, ,-47, ,
0, ,-47, ,
3, ,-47, ,
4, ,-46, ,
3, ,-47, ,
-2, ,-47, ,
0, ,-47, ,
0, ,-47, ,
3, ,-47, ,
-4, ,-47, ,
0, ,-49, ,
1, ,-47, ,
0, ,-46, ,
-1, ,-47, ,
0, ,-47, ,
3, ,-46, ,
4, ,-47, ,
0, ,-47, ,
0, ,-47, ,
4, ,-47, ,
0, ,-47, ,
-5, ,-47, ,
3, ,-49, ,
5, ,-47, ,
4, ,-47, ,
6, ,-47, ,
6, ,-47, ,
3, ,-46, ,
-1, ,-47, ,
-6, ,-47, ,
-4, ,-47, ,
1, ,-47, ,
1, ,-47, ,
-1, ,-46, ,
5, ,-49, ,
3, ,-47, ,
4, ,-47, ,
1, ,-47, ,
0, ,-49, ,
3, ,-46, ,
4, ,-47, ,
0, ,-47, ,
4, ,-47, ,
6, ,-47, ,
3, ,-47, ,
3, ,-47, ,
6, ,-49, ,
5, ,-47, ,
5, ,-47, ,
4, ,-47, ,
5, ,-47, ,
3, ,-46, ,
1, ,-47, ,
-1, ,-47, ,
3, ,-47, ,
4, ,-47, ,
1, ,-47, ,
-1, ,-47, ,
3, ,-47, ,
4, ,-47, ,
5, ,-46, ,
4, ,-47, ,
8, ,-47, ,
5, ,-46, ,
8, ,-47, ,
3, ,-47, ,
3, ,-47, ,
3, ,-47, ,
1, ,-47, ,
-2, ,-46, ,
5, ,-47, ,
3, ,-47, ,
5, ,-46, ,
4, ,-47, ,
3, ,-47, ,
3, ,-46, ,
4, ,-47, ,
-1, ,-47, ,
1, ,-47, ,
5, ,-47, ,
4, ,-47, ,
3, ,-47, ,
6, ,-49, ,
0, ,-47, ,
-2, ,-46, ,
-1, ,-47, ,
3, ,-47, ,
4, ,-46, ,
4, ,-47, ,
1, ,-47, ,
6, ,-47, ,
5, ,-47, ,
3, ,-47, ,
-1, ,-46, ,
4, ,-49, ,
4, ,-47, ,
3, ,-46, ,
3, ,-47, ,
4, ,-47, ,
4, ,-47, ,
4, ,-47, ,
3, ,-47, ,
4, ,-47, ,
5, ,-47, ,
3, ,-47, ,
3, ,-46, ,
3, ,-49, ,
6, ,-47, ,
3, ,-46, ,
0, ,-47, ,
1, ,-47, ,
3, ,-46, ,
3, ,-47, ,
-4, ,-47, ,
1, ,-46, ,
4, ,-47, ,
0, ,-47, ,
1, ,-47, ,
6, ,-47, ,
4, ,-47, ,
5, ,-47, ,
3, ,-47, ,
-6, ,-47, ,
5, ,-46, ,
11, ,-47, ,
0, ,-47, ,
5, ,-47, ,
9, ,-47, ,
5, ,-47, ,
-2, ,-46, ,
4, ,-47, ,
4, ,-47, ,
3, ,-46, ,
0, ,-47, ,
0, ,-47, ,
3, ,-46, ,
5, ,-47, ,
0, ,-47, ,
4, ,-47, ,
8, ,-47, ,
4, ,-47, ,
-2, ,-46, ,
3, ,-47, ,
1, ,-47, ,
3, ,-47, ,
0, ,-47, ,
3, ,-47, ,
6, ,-46, ,
3, ,-47, ,
3, ,-47, ,
4, ,-47, ,
3, ,-47, ,
3, ,-47, ,
-2, ,-47, ,
3, ,-47, ,
4, ,-47, ,
-1, ,-46, ,
0, ,-47, ,
1, ,-47, ,
-1, ,-46, ,
3, ,-47, ,
-2, ,-47, ,
4, ,-47, ,
9, ,-47, ,
3, ,-47, ,
1, ,-47, ,
0, ,-47, ,
0, ,-47, ,
-2, ,-47, ,
-5, ,-47, ,
-2, ,-47, ,
4, ,-46, ,
0, ,-49, ,
-6, ,-47, ,
0, ,-47, ,
1, ,-47, ,
0, ,-47, ,
-4, ,-46, ,
-1, ,-49, ,
0, ,-47, ,
3, ,-46, ,
0, ,-47, ,
1, ,-47, ,
3, ,-46, ,
1, ,-47, ,
-1, ,-47, ,
0, ,-47, ,
1, ,-47, ,
-1, ,-47, ,
-4, ,-47, ,
0, ,-47, ,
-1, ,-47, ,
-1, ,-47, ,
-2, ,-47, ,
-1, ,-47, ,
1, ,-46, ,
1, ,-47, ,
-1, ,-47, ,
3, ,-47, ,
3, ,-47, ,
3, ,-47, ,
-1, ,-47, ,
4, ,-49, ,
3, ,-47, ,
0, ,-46, ,
-2, ,-47, ,
-1, ,-47, ,
0, ,-46, ,
0, ,-49, ,
-2, ,-47, ,
3, ,-47, ,
5, ,-47, ,
0, ,-47, ,
-1, ,-46, ,
1, ,-47, ,
-1, ,-47, ,
-1, ,-46, ,
-5, ,-47, ,
-4, ,-47, ,
-1, ,-46, ,
1, ,-47, ,
-5, ,-47, ,
0, ,-47, ,
1, ,-47, ,
1, ,-47, ,
-4, ,-46, ,
0, ,-47, ,
0, ,-47, ,
-2, ,-46, ,
1, ,-47, ,
1, ,-47, ,
3, ,-46, ,
3, ,-47, ,
-4, ,-47, ,
-4, ,-47, ,
0, ,-47, ,
-4, ,-47, ,
-6, ,-47, ,
0, ,-47, ,
-1, ,-47, ,
0, ,-47, ,
-1, ,-47, ,
0, ,-47, ,
-1, ,-46, ,
-4, ,-47, ,
-5, ,-47, ,
-2, ,-47, ,
3, ,-47, ,
-1, ,-47, ,
-4, ,-47, ,
1, ,-49, ,
1, ,-47, ,
-1, ,-47, ,
-4, ,-47, ,
-2, ,-47, ,
-1, ,-46, ,
0, ,-47, ,
-4, ,-47, ,
3, ,-47, ,
5, ,-47, ,
0, ,-47, ,
-4, ,-47, ,
-1, ,-49, ,
-1, ,-47, ,
0, ,-47, ,
-1, ,-47, ,
0, ,-47, ,
3, ,-46, ,
0, ,-47, ,
-4, ,-47, ,
0, ,-47, ,
-2, ,-47, ,
-4, ,-47, ,
-6, ,-46, ,
-1, ,-49, ,
0, ,-47, ,
-2, ,-47, ,
0, ,-47, ,
0, ,-47, ,
-1, ,-46, ,
1, ,-47, ,
-4, ,-47, ,
0, ,-47, ,
3, ,-47, ,
1, ,-47, ,
0, ,-47, ,
5, ,-49, ,
4, ,-47, ,
4, ,-47, ,
0, ,-47, ,
1, ,-47, ,
-2, ,-46, ,
-1, ,-47, ,
-5, ,-47, ,
0, ,-47, ,
1, ,-47, ,
0, ,-47, ,
-1, ,-46, ,
3, ,-49, ,
1, ,-47, ,
0, ,-47, ,
0, ,-47, ,
0, ,-47, ,
0, ,-46, ,
1, ,-47, ,
-1, ,-47, ,
1, ,-47, ,
5, ,-47, ,
3, ,-47, ,
-2, ,-47, ,
3, ,-49, ,
-2, ,-47, ,
0, ,-47, ,
-2, ,-47, ,
1, ,-49, ,
4, ,-46, ,
1, ,-49, ,
-1, ,-47, ,
-2, ,-47, ,
0, ,-47, ,
0, ,-47, ,
-4, ,-46, ,
1, ,-49, ,
4, ,-47, ,
0, ,-47, ,
1, ,-47, ,
1, ,-47, ,
0, ,-46, ,
0, ,-47, ,
-6, ,-47, ,
0, ,-47, ,
1, ,-47, ,
0, ,-47, ,
1, ,-46, ,
5, ,-49, ,
3, ,-47, ,
3, ,-46, ,
-1, ,-47, ,
3, ,-47, ,
4, ,-46, ,
0, ,-47, ,
-1, ,-47, ,
4, ,-47, ,
6, ,-47, ,
3, ,-47, ,
1, ,-47, ,
5, ,-49, ,
5, ,-47, ,
4, ,-46, ,
3, ,-47, ,
4, ,-47, ,
3, ,-46, ,
4, ,-47, ,
-2, ,-47, ,
3, ,-47, ,
3, ,-47, ,
3, ,-47, ,
1, ,-47, ,
4, ,-47, ,
4, ,-47, ,
5, ,-46, ,
3, ,-47, ,
8, ,-47, ,
5, ,-46, ,
8, ,-47, ,
3, ,-47, ,
3, ,-47, ,
4, ,-47, ,
4, ,-47, ,
3, ,-47, ,
6, ,-49, ,
5, ,-47, ,
4, ,-46, ,
1, ,-47, ,
3, ,-47, ,
3, ,-46, ,
3, ,-47, ,
0, ,-47, ,
3, ,-47, ,
5, ,-47, ,
4, ,-47, ,
-1, ,-47, ,
0, ,-47, ,
1, ,-47, ,
1, ,-46, ,
0, ,-47, ,
6, ,-47, ,
8, ,-46, ,
4, ,-47, ,
-1, ,-47, ,
3, ,-47, ,
3, ,-47, ,
1, ,-47, ,
-6, ,-47, ,
-2, ,-49, ,
-4, ,-47, ,
-4, ,-47, ,
-4, ,-47, ,
3, ,-47, ,
5, ,-46, ,
8, ,-47, ,
3, ,-47, ,
6, ,-47, ,
9, ,-47, ,
5, ,-47, ,
3, ,-46, ,
4, ,-49, ,
4, ,-47, ,
3, ,-47, ,
3, ,-47, ,
4, ,-47, ,
1, ,-46, ,
1, ,-47, ,
-2, ,-47, ,
1, ,-47, ,
5, ,-47, ,
3, ,-47, ,
4, ,-46, ,
8, ,-49, ,
6, ,-47, ,
3, ,-46, ,
1, ,-47, ,
3, ,-47, ,
4, ,-46, ,
3, ,-47, ,
3, ,-47, ,
9, ,-47, ,
8, ,-47, ,
4, ,-47, ,
-1, ,-47, ,
-1, ,-47, ,
-5, ,-47, ,
-2, ,-47, ,
-1, ,-47, ,
3, ,-47, ,
4, ,-46, ,
6, ,-47, ,
4, ,-47, ,
5, ,-47, ,
4, ,-47, ,
3, ,-47, ,
0, ,-47, ,
6, ,-49, ,
4, ,-47, ,
3, ,-46, ,
4, ,-47, ,
1, ,-47, ,
4, ,-46, ,
9, ,-47, ,
1, ,-47, ,
4, ,-47, ,
4, ,-44, ,
6, ,-37, ,
8, ,-25, ,
11, ,-16, ,
13, ,-7, ,
8, ,-1, ,
3, ,6, ,
4, ,12, ,
3, ,16, ,
5, ,20, ,
4, ,24, ,
9, ,26, ,
9, ,30, ,
4, ,32, ,
1, ,34, ,
4, ,36, ,
4, ,37, ,
1, ,38, ,
0, ,39, ,
1, ,40, ,
4, ,40, ,
4, ,42, ,
1, ,42, ,
4, ,43, ,
8, ,43, ,
1, ,43, ,
-2, ,43, ,
0, ,45, ,
-1, ,44, ,
-1, ,44, ,
-2, ,45, ,
1, ,45, ,
4, ,44, ,
4, ,45, ,
-2, ,45, ,
0, ,45, ,
-1, ,45, ,
-4, ,45, ,
-10, ,44, ,
-10, ,46, ,
-14, ,45, ,
-16, ,45, ,
-17, ,46, ,
-12, ,45, ,
-11, ,44, ,
-6, ,46, ,
-6, ,46, ,
3, ,45, ,
9, ,45, ,
11, ,45, ,
11, ,44, ,
13, ,46, ,
11, ,45, ,
8, ,45, ,
5, ,46, ,
1, ,45, ,
3, ,44, ,
1, ,46, ,
0, ,45, ,
1, ,45, ,
1, ,45, ,
-1, ,45, ,
-4, ,45, ,
-2, ,46, ,
-2, ,45, ,
-4, ,45, ,
-6, ,45, ,
-4, ,45, ,
-4, ,44, ,
1, ,45, ,
-4, ,45, ,
0, ,45, ,
3, ,45, ,
-2, ,45, ,
-4, ,45, ,
0, ,45, ,
0, ,44, ,
0, ,45, ,
-1, ,45, ,
-1, ,45, ,
-1, ,44, ,
-2, ,45, ,
-7, ,45, ,
-6, ,45, ,
-4, ,45, ,
-5, ,45, ,
-5, ,44, ,
1, ,45, ,
3, ,44, ,
-1, ,45, ,
0, ,45, ,
0, ,45, ,
-4, ,44, ,
-2, ,45, ,
-6, ,45, ,
-2, ,45, ,
1, ,45, ,
0, ,45, ,
-1, ,45, ,
1, ,45, ,
-1, ,44, ,
-1, ,45, ,
-5, ,45, ,
-1, ,45, ,
3, ,44, ,
1, ,45, ,
0, ,45, ,
1, ,44, ,
3, ,45, ,
1, ,45, ,
-6, ,44, ,
0, ,45, ,
0, ,45, ,
-2, ,45, ,
-4, ,45, ,
-1, ,45, ,
-1, ,44, ,
1, ,45, ,
-4, ,44, ,
3, ,44, ,
3, ,45, ,
1, ,45, ,
-2, ,44, ,
3, ,45, ,
1, ,45, ,
0, ,44, ,
-1, ,45, ,
1, ,45, ,
3, ,44, ,
4, ,45, ,
-4, ,45, ,
3, ,44, ,
1, ,45, ,
6, ,45, ,
4, ,44, ,
9, ,45, ,
8, ,44, ,
5, ,45, ,
1, ,45, ,
3, ,45, ,
5, ,44, ,
4, ,45, ,
-4, ,44, ,
4, ,45, ,
4, ,45, ,
4, ,45, ,
4, ,44, ,
5, ,45, ,
6, ,44, ,
5, ,45, ,
-1, ,45, ,
4, ,45, ,
5, ,44, ,
4, ,45, ,
-2, ,45, ,
4, ,44, ,
6, ,45, ,
5, ,45, ,
1, ,44, ,
6, ,45, ,
6, ,44, ,
6, ,45, ,
3, ,45, ,
4, ,45, ,
5, ,44, ,
5, ,45, ,
-2, ,45, ,
3, ,45, ,
1, ,45, ,
0, ,45, ,
-4, ,44, ,
3, ,45, ,
-1, ,44, ,
9, ,45, ,
4, ,45, ,
1, ,45, ,
6, ,44, ,
1, ,45, ,
-2, ,45, ,
3, ,44, ,
3, ,45, ,
4, ,45, ,
1, ,44, ,
4, ,45, ,
1, ,44, ,
1, ,45, ,
1, ,45, ,
1, ,45, ,
-1, ,44, ,
4, ,45, ,
-2, ,44, ,
1, ,45, ,
5, ,45, ,
1, ,45, ,
1, ,44, ,
5, ,45, ,
4, ,44, ,
4, ,44, ,
3, ,45, ,
4, ,45, ,
5, ,44, ,
4, ,45, ,
-4, ,44, ,
3, ,44, ,
3, ,45, ,
1, ,45, ,
3, ,44, ,
5, ,45, ,
5, ,44, ,
6, ,44, ,
6, ,45, ,
8, ,45, ,
5, ,43, ,
9, ,45, ,
0, ,44, ,
5, ,45, ,
6, ,45, ,
0, ,44, ,
0, ,44, ,
4, ,45, ,
4, ,44, ,
4, ,44, ,
0, ,45, ,
3, ,45, ,
5, ,44, ,
5, ,45, ,
-1, ,44, ,
1, ,44, ,
4, ,45, ,
3, ,45, ,
1, ,44, ,
4, ,45, ,
3, ,44, ,
3, ,45, ,
1, ,45, ,
3, ,45, ,
5, ,44, ,
5, ,45, ,
-1, ,45, ,
5, ,45, ,
5, ,45, ,
4, ,45, ,
-1, ,44, ,
1, ,45, ,
4, ,44, ,
3, ,45, ,
1, ,45, ,
3, ,45, ,
6, ,44, ,
8, ,45, ,
1, ,45, ,
6, ,44, ,
8, ,45, ,
6, ,45, ,
3, ,44, ,
8, ,45, ,
9, ,44, ,
6, ,44, ,
4, ,45, ,
6, ,45, ,
4, ,44, ,
5, ,45, ,
0, ,44, ,
3, ,45, ,
4, ,45, ,
3, ,44, ,
3, ,44, ,
3, ,45, ,
4, ,44, ,
3, ,45, ,
0, ,45, ,
4, ,45, ,
-1, ,44, ,
5, ,45, ,
4, ,45, ,
5, ,44, ,
9, ,44, ,
3, ,45, ,
0, ,44, ,
6, ,45, ,
4, ,44, ,
3, ,45, ,
6, ,45, ,
5, ,45, ,
5, ,44, ,
8, ,45, ,
3, ,45, ,
4, ,44, ,
4, ,45, ,
1, ,45, ,
0, ,44, ,
4, ,45, ,
4, ,44, ,
6, ,45, ,
5, ,45, ,
6, ,45, ,
8, ,44, ,
6, ,45, ,
1, ,44, ,
5, ,45, ,
5, ,45, ,
3, ,45, ,
-2, ,44, ,
1, ,45, ,
1, ,44, ,
0, ,44, ,
-1, ,45, ,
0, ,45, ,
0, ,44, ,
3, ,45, ,
-1, ,45, ,
4, ,44, ,
9, ,45, ,
3, ,44, ,
0, ,44, ,
1, ,45, ,
-1, ,44, ,
-2, ,45, ,
-5, ,45, ,
-1, ,44, ,
-1, ,44, ,
0, ,45, ,
-4, ,45, ,
0, ,44, ,
0, ,45, ,
-1, ,45, ,
-6, ,44, ,
0, ,45, ,
-6, ,44, ,
-2, ,45, ,
-4, ,45, ,
-1, ,45, ,
0, ,44, ,
0, ,45, ,
-2, ,45, ,
-2, ,44, ,
-1, ,45, ,
-5, ,45, ,
-6, ,44, ,
3, ,45, ,
-4, ,45, ,
-2, ,45, ,
-4, ,45, ,
-4, ,45, ,
-2, ,44, ,
-1, ,45, ,
-5, ,44, ,
-2, ,44, ,
-2, ,45, ,
-2, ,44, ,
-6, ,44, ,
-1, ,45, ,
-5, ,44, ,
-4, ,45, ,
-7, ,45, ,
-5, ,45, ,
-4, ,44, ,
-1, ,45, ,
-6, ,44, ,
1, ,45, ,
3, ,45, ,
-1, ,45, ,
-4, ,44, ,
-1, ,45, ,
-4, ,44, ,
-5, ,45, ,
-6, ,45, ,
-4, ,45, ,
-1, ,43, ,
1, ,45, ,
-2, ,45, ,
0, ,44, ,
-1, ,45, ,
-2, ,45, ,
-5, ,44, ,
-1, ,45, ,
-2, ,44, ,
0, ,45, ,
-1, ,45, ,
1, ,45, ,
-1, ,44, ,
0, ,45, ,
-6, ,45, ,
-5, ,44, ,
-1, ,45, ,
-2, ,44, ,
-5, ,44, ,
1, ,45, ,
0, ,44, ,
0, ,45, ,
-2, ,45, ,
-4, ,45, ,
-1, ,43, ,
-4, ,45, ,
-4, ,45, ,
-1, ,44, ,
3, ,45, ,
3, ,45, ,
-1, ,44, ,
4, ,45, ,
1, ,45, ,
0, ,45, ,
0, ,45, ,
0, ,45, ,
0, ,43, ,
1, ,45, ,
-4, ,44, ,
3, ,44, ,
0, ,45, ,
-1, ,44, ,
-4, ,44, ,
0, ,45, ,
-2, ,44, ,
-1, ,45, ,
-2, ,45, ,
0, ,45, ,
0, ,43, ,
1, ,45, ,
-2, ,45, ,
3, ,44, ,
1, ,45, ,
0, ,44, ,
-2, ,44, ,
0, ,45, ,
0, ,44, ,
-1, ,45, ,
-1, ,45, ,
-1, ,45, ,
-2, ,44, ,
0, ,45, ,
-2, ,44, ,
1, ,44, ,
8, ,45, ,
1, ,45, ,
3, ,44, ,
6, ,45, ,
5, ,44, ,
6, ,44, ,
3, ,45, ,
3, ,45, ,
3, ,44, ,
1, ,45, ,
-1, ,45, ,
1, ,44, ,
3, ,45, ,
0, ,44, ,
1, ,44, ,
6, ,45, ,
4, ,44, ,
4, ,44, ,
3, ,45, ,
5, ,45, ,
4, ,43, ,
6, ,45, ,
3, ,45, ,
5, ,44, ,
10, ,45, ,
5, ,45, ,
4, ,44, ,
5, ,45, ,
4, ,44, ,
8, ,44, ,
4, ,45, ,
9, ,45, ,
9, ,43, ,
3, ,45, ,
3, ,45, ,
6, ,44, ,
4, ,45, ,
3, ,44, ,
0, ,44, ,
5, ,45, ,
8, ,44, ,
8, ,45, ,
5, ,45, ,
6, ,44, ,
6, ,44, ,
8, ,45, ,
0, ,44, ,
6, ,45, ,
4, ,45, ,
4, ,44, ,
5, ,44, ,
6, ,45, ,
5, ,44, ,
4, ,45, ,
0, ,45, ,
-1, ,44, ,
3, ,43, ,
6, ,45, ,
3, ,45, ,
4, ,44, ,
6, ,45, ,
5, ,44, ,
1, ,44, ,
4, ,45, ,
4, ,44, ,
3, ,45, ,
4, ,45, ,
8, ,45, ,
6, ,44, ,
8, ,45, ,
0, ,45, ,
3, ,44, ,
3, ,45, ,
0, ,44, ,
-1, ,44, ,
1, ,45, ,
5, ,44, ,
5, ,44, ,
1, ,45, ,
4, ,45, ,
4, ,43, ,
5, ,45, ,
0, ,45, ,
5, ,44, ,
8, ,45, ,
4, ,44, ,
4, ,44, ,
9, ,45, ,
6, ,44, ,
4, ,45, ,
3, ,45, ,
3, ,45, ,
4, ,44, ,
4, ,45, ,
0, ,44, ,
1, ,44, ,
3, ,45, ,
1, ,45, ,
-2, ,44, ,
4, ,45, ,
3, ,44, ,
5, ,45, ,
5, ,45, ,
4, ,45, ,
11, ,43, ,
11, ,45, ,
3, ,44, ,
1, ,44, ,
8, ,45, ,
3, ,44, ,
