Format,1.0B,
Memory Length,10000,Memory Length,10000,
IntpDistance,0,IntpDistance,0,
Trigger Address,4999,Trigger Address,4999,
Trigger Level,9.600E-01,Trigger Level,9.600E-01,
Source,CH1,Source,CH2,
Vertical Units,V,Vertical Units,V,
Vertical Units Div,0,Vertical Units Div,0,
Vertical Units Extend Div,16,Vertical Units Extend Div,16,
Label,,Label,,
Probe Type,0,Probe Type,0,
Probe Ratio,1.000e+01,Probe Ratio,1.000e+00,
Vertical Scale,2.000e-02,Vertical Scale,1.000e+00,
Vertical Position,-5.120e-02,Vertical Position,0.000e+00,
Horizontal Units,S,Horizontal Units,S,
Horizontal Scale,1.000E-05,Horizontal Scale,1.000E-05,
Horizontal Position,0.000E+00,Horizontal Position,0.000E+00,
Horizontal Mode,Main,Horizontal Mode,Main,
SincET Mode,Real Time,SincET Mode,Real Time,
Sampling Period,1.000e-08,Sampling Period,1.000e-08,
Horizontal Old Scale,1.000E-05,Horizontal Old Scale,1.000E-05,
Horizontal Old Position,0.000E+00,Horizontal Old Position,0.000E+00,
Firmware,V1.23,Firmware,V1.23,
Mode,Fast,Mode,Fast,
Waveform Data,,Waveform Data,,
-1, ,-38, ,
-7, ,-37, ,
-2, ,-38, ,
3, ,-38, ,
1, ,-37, ,
-2, ,-38, ,
3, ,-38, ,
4, ,-37, ,
6, ,-38, ,
0, ,-38, ,
6, ,-37, ,
3, ,-38, ,
-4, ,-38, ,
-4, ,-38, ,
0, ,-38, ,
-1, ,-37, ,
4, ,-37, ,
-5, ,-38, ,
1, ,-38, ,
4, ,-37, ,
0, ,-38, ,
0, ,-38, ,
5, ,-37, ,
4, ,-38, ,
5, ,-38, ,
5, ,-37, ,
3, ,-38, ,
3, ,-37, ,
1, ,-37, ,
-4, ,-38, ,
1, ,-38, ,
1, ,-37, ,
-1, ,-37, ,
-5, ,-37, ,
4, ,-37, ,
6, ,-38, ,
3, ,-38, ,
4, ,-37, ,
3, ,-38, ,
-2, ,-37, ,
0, ,-37, ,
-5, ,-38, ,
0, ,-37, ,
5, ,-37, ,
3, ,-38, ,
5, ,-37, ,
6, ,-37, ,
3, ,-38, ,
0, ,-38, ,
-2, ,-37, ,
-1, ,-38, ,
1, ,-38, ,
0, ,-37, ,
-1, ,-38, ,
1, ,-38, ,
4, ,-37, ,
0, ,-37, ,
-5, ,-38, ,
0, ,-37, ,
4, ,-37, ,
4, ,-38, ,
4, ,-37, ,
6, ,-37, ,
5, ,-37, ,
8, ,-37, ,
-1, ,-38, ,
0, ,-38, ,
4, ,-37, ,
-2, ,-37, ,
-5, ,-38, ,
1, ,-37, ,
0, ,-38, ,
1, ,-38, ,
-2, ,-37, ,
-1, ,-38, ,
0, ,-37, ,
-2, ,-37, ,
-4, ,-38, ,
0, ,-38, ,
0, ,-37, ,
0, ,-38, ,
0, ,-37, ,
5, ,-37, ,
4, ,-37, ,
0, ,-38, ,
-2, ,-38, ,
-1, ,-37, ,
-1, ,-37, ,
0, ,-38, ,
-5, ,-38, ,
0, ,-38, ,
3, ,-37, ,
1, ,-37, ,
1, ,-38, ,
6, ,-37, ,
5, ,-37, ,
4, ,-38, ,
3, ,-37, ,
3, ,-38, ,
1, ,-37, ,
1, ,-37, ,
-1, ,-38, ,
1, ,-38, ,
1, ,-37, ,
-2, ,-37, ,
-5, ,-38, ,
1, ,-37, ,
3, ,-38, ,
4, ,-37, ,
3, ,-38, ,
4, ,-38, ,
4, ,-38, ,
4, ,-38, ,
-1, ,-38, ,
1, ,-37, ,
4, ,-37, ,
-1, ,-37, ,
0, ,-38, ,
8, ,-37, ,
-4, ,-38, ,
0, ,-38, ,
3, ,-38, ,
0, ,-37, ,
4, ,-37, ,
0, ,-37, ,
-4, ,-38, ,
-1, ,-38, ,
1, ,-37, ,
1, ,-38, ,
-2, ,-37, ,
3, ,-37, ,
3, ,-38, ,
0, ,-38, ,
-1, ,-38, ,
-1, ,-38, ,
-1, ,-37, ,
-1, ,-37, ,
-2, ,-38, ,
0, ,-37, ,
0, ,-37, ,
-5, ,-37, ,
-5, ,-38, ,
0, ,-37, ,
-2, ,-38, ,
0, ,-38, ,
-1, ,-37, ,
3, ,-38, ,
3, ,-37, ,
-1, ,-37, ,
-9, ,-38, ,
0, ,-38, ,
0, ,-37, ,
-1, ,-37, ,
-2, ,-38, ,
0, ,-37, ,
1, ,-38, ,
-2, ,-38, ,
-2, ,-38, ,
-1, ,-38, ,
0, ,-37, ,
3, ,-37, ,
-6, ,-38, ,
-1, ,-38, ,
1, ,-37, ,
-1, ,-37, ,
-1, ,-38, ,
4, ,-37, ,
3, ,-38, ,
3, ,-38, ,
0, ,-37, ,
4, ,-38, ,
4, ,-37, ,
1, ,-37, ,
-1, ,-38, ,
3, ,-38, ,
-1, ,-37, ,
-4, ,-37, ,
-4, ,-38, ,
-1, ,-37, ,
0, ,-38, ,
-1, ,-37, ,
-1, ,-37, ,
0, ,-38, ,
1, ,-37, ,
-1, ,-37, ,
-2, ,-38, ,
-1, ,-38, ,
4, ,-37, ,
0, ,-37, ,
-5, ,-38, ,
0, ,-37, ,
-2, ,-38, ,
-2, ,-38, ,
-2, ,-38, ,
-1, ,-38, ,
3, ,-37, ,
1, ,-37, ,
1, ,-38, ,
4, ,-38, ,
5, ,-37, ,
0, ,-38, ,
-1, ,-38, ,
1, ,-37, ,
1, ,-38, ,
-2, ,-38, ,
-1, ,-38, ,
-1, ,-38, ,
-2, ,-37, ,
0, ,-37, ,
-7, ,-38, ,
-1, ,-38, ,
1, ,-37, ,
0, ,-37, ,
0, ,-38, ,
4, ,-37, ,
0, ,-38, ,
-1, ,-37, ,
-2, ,-38, ,
-1, ,-37, ,
0, ,-37, ,
-1, ,-37, ,
-4, ,-38, ,
0, ,-38, ,
-1, ,-37, ,
-5, ,-37, ,
-7, ,-37, ,
-4, ,-37, ,
-2, ,-37, ,
-4, ,-38, ,
-1, ,-37, ,
1, ,-37, ,
0, ,-38, ,
3, ,-37, ,
0, ,-38, ,
3, ,-37, ,
3, ,-37, ,
-4, ,-38, ,
-6, ,-37, ,
-1, ,-37, ,
-2, ,-38, ,
-2, ,-38, ,
-4, ,-38, ,
0, ,-37, ,
0, ,-37, ,
0, ,-37, ,
-4, ,-38, ,
1, ,-38, ,
1, ,-37, ,
1, ,-37, ,
-1, ,-38, ,
4, ,-37, ,
1, ,-38, ,
1, ,-38, ,
-1, ,-37, ,
-1, ,-38, ,
-1, ,-37, ,
1, ,-38, ,
-4, ,-38, ,
1, ,-37, ,
3, ,-37, ,
0, ,-37, ,
-2, ,-38, ,
3, ,-37, ,
0, ,-38, ,
-1, ,-37, ,
0, ,-37, ,
1, ,-38, ,
4, ,-37, ,
5, ,-37, ,
3, ,-38, ,
5, ,-38, ,
4, ,-37, ,
3, ,-38, ,
-1, ,-38, ,
1, ,-37, ,
3, ,-38, ,
-1, ,-38, ,
-1, ,-37, ,
1, ,-37, ,
1, ,-38, ,
1, ,-37, ,
-1, ,-38, ,
0, ,-38, ,
1, ,-38, ,
-1, ,-38, ,
-1, ,-38, ,
1, ,-37, ,
1, ,-38, ,
1, ,-38, ,
0, ,-37, ,
3, ,-38, ,
0, ,-38, ,
0, ,-37, ,
-5, ,-38, ,
-1, ,-37, ,
1, ,-37, ,
0, ,-38, ,
-5, ,-38, ,
3, ,-37, ,
1, ,-38, ,
0, ,-37, ,
-1, ,-37, ,
0, ,-37, ,
3, ,-37, ,
1, ,-37, ,
1, ,-38, ,
4, ,-38, ,
8, ,-37, ,
4, ,-37, ,
-1, ,-38, ,
3, ,-37, ,
-1, ,-38, ,
1, ,-38, ,
-2, ,-37, ,
0, ,-38, ,
4, ,-37, ,
4, ,-37, ,
0, ,-38, ,
4, ,-38, ,
3, ,-37, ,
3, ,-38, ,
-2, ,-37, ,
0, ,-37, ,
1, ,-38, ,
1, ,-37, ,
1, ,-38, ,
3, ,-37, ,
1, ,-38, ,
-1, ,-38, ,
-6, ,-38, ,
3, ,-38, ,
6, ,-37, ,
3, ,-37, ,
3, ,-38, ,
9, ,-37, ,
8, ,-38, ,
5, ,-38, ,
1, ,-37, ,
1, ,-37, ,
1, ,-38, ,
1, ,-37, ,
-4, ,-38, ,
3, ,-38, ,
5, ,-37, ,
3, ,-37, ,
1, ,-38, ,
4, ,-37, ,
5, ,-38, ,
3, ,-38, ,
1, ,-37, ,
6, ,-38, ,
4, ,-38, ,
4, ,-37, ,
0, ,-38, ,
1, ,-38, ,
4, ,-37, ,
1, ,-37, ,
-1, ,-38, ,
5, ,-37, ,
4, ,-38, ,
3, ,-37, ,
-1, ,-38, ,
1, ,-38, ,
1, ,-37, ,
0, ,-37, ,
-2, ,-38, ,
3, ,-38, ,
1, ,-37, ,
1, ,-38, ,
-1, ,-38, ,
3, ,-37, ,
3, ,-38, ,
3, ,-38, ,
1, ,-37, ,
1, ,-38, ,
3, ,-37, ,
3, ,-38, ,
-4, ,-38, ,
-1, ,-37, ,
1, ,-37, ,
1, ,-37, ,
-1, ,-37, ,
4, ,-37, ,
4, ,-38, ,
3, ,-38, ,
1, ,-37, ,
0, ,-38, ,
1, ,-38, ,
3, ,-37, ,
-2, ,-38, ,
3, ,-38, ,
4, ,-37, ,
3, ,-38, ,
3, ,-38, ,
4, ,-37, ,
3, ,-38, ,
-1, ,-38, ,
0, ,-38, ,
-1, ,-38, ,
0, ,-37, ,
-1, ,-37, ,
-4, ,-38, ,
1, ,-38, ,
3, ,-37, ,
0, ,-37, ,
-2, ,-38, ,
4, ,-37, ,
4, ,-38, ,
6, ,-38, ,
4, ,-37, ,
5, ,-37, ,
5, ,-38, ,
4, ,-37, ,
0, ,-38, ,
0, ,-38, ,
0, ,-37, ,
0, ,-38, ,
0, ,-38, ,
3, ,-37, ,
3, ,-38, ,
3, ,-38, ,
0, ,-37, ,
3, ,-38, ,
3, ,-38, ,
1, ,-37, ,
-4, ,-38, ,
-1, ,-38, ,
5, ,-37, ,
-1, ,-38, ,
-4, ,-38, ,
4, ,-37, ,
1, ,-38, ,
1, ,-38, ,
0, ,-38, ,
0, ,-38, ,
1, ,-37, ,
0, ,-37, ,
-2, ,-38, ,
1, ,-38, ,
1, ,-37, ,
0, ,-38, ,
-5, ,-38, ,
1, ,-37, ,
0, ,-38, ,
-1, ,-38, ,
-1, ,-38, ,
-1, ,-38, ,
0, ,-37, ,
0, ,-37, ,
-5, ,-38, ,
0, ,-37, ,
1, ,-38, ,
-2, ,-37, ,
-6, ,-38, ,
0, ,-37, ,
1, ,-38, ,
1, ,-38, ,
-1, ,-37, ,
-2, ,-38, ,
-4, ,-37, ,
-7, ,-37, ,
-15, ,-38, ,
-12, ,-38, ,
-7, ,-37, ,
-9, ,-38, ,
-10, ,-38, ,
-5, ,-37, ,
-4, ,-38, ,
-6, ,-38, ,
-6, ,-38, ,
-1, ,-38, ,
1, ,-37, ,
9, ,-38, ,
5, ,-38, ,
10, ,-38, ,
14, ,-37, ,
6, ,-38, ,
1, ,-38, ,
3, ,-37, ,
-4, ,-38, ,
-4, ,-38, ,
-5, ,-37, ,
-4, ,-38, ,
-1, ,-38, ,
-1, ,-37, ,
-5, ,-38, ,
-1, ,-38, ,
0, ,-37, ,
-4, ,-38, ,
-5, ,-38, ,
-2, ,-37, ,
-1, ,-38, ,
0, ,-37, ,
-2, ,-37, ,
0, ,-37, ,
0, ,-37, ,
-1, ,-38, ,
-5, ,-38, ,
0, ,-37, ,
0, ,-37, ,
-4, ,-38, ,
-5, ,-38, ,
-1, ,-37, ,
-4, ,-38, ,
-5, ,-38, ,
-7, ,-38, ,
-5, ,-38, ,
-4, ,-38, ,
-2, ,-37, ,
-4, ,-38, ,
1, ,-38, ,
4, ,-37, ,
4, ,-37, ,
0, ,-37, ,
3, ,-37, ,
-1, ,-38, ,
-5, ,-38, ,
-6, ,-37, ,
-5, ,-38, ,
-6, ,-37, ,
-4, ,-38, ,
-9, ,-38, ,
-2, ,-35, ,
-2, ,-26, ,
0, ,-17, ,
3, ,-7, ,
6, ,2, ,
8, ,9, ,
5, ,16, ,
4, ,21, ,
4, ,26, ,
3, ,30, ,
3, ,34, ,
-1, ,37, ,
1, ,39, ,
0, ,41, ,
-1, ,44, ,
-6, ,45, ,
1, ,45, ,
1, ,47, ,
0, ,49, ,
0, ,50, ,
3, ,51, ,
4, ,52, ,
6, ,52, ,
1, ,54, ,
4, ,53, ,
3, ,53, ,
0, ,54, ,
-1, ,54, ,
0, ,54, ,
-1, ,55, ,
-1, ,55, ,
-6, ,55, ,
-4, ,55, ,
1, ,56, ,
4, ,54, ,
4, ,56, ,
9, ,55, ,
6, ,55, ,
5, ,56, ,
3, ,55, ,
1, ,55, ,
-1, ,56, ,
-2, ,56, ,
-2, ,56, ,
1, ,56, ,
0, ,56, ,
8, ,54, ,
4, ,56, ,
6, ,55, ,
8, ,55, ,
-1, ,56, ,
3, ,56, ,
9, ,54, ,
-1, ,56, ,
5, ,55, ,
1, ,55, ,
3, ,55, ,
3, ,56, ,
3, ,54, ,
-4, ,56, ,
4, ,55, ,
4, ,55, ,
3, ,56, ,
-1, ,56, ,
3, ,54, ,
0, ,56, ,
0, ,56, ,
-2, ,55, ,
1, ,55, ,
0, ,56, ,
3, ,54, ,
-1, ,56, ,
1, ,55, ,
6, ,55, ,
3, ,56, ,
3, ,55, ,
1, ,54, ,
1, ,56, ,
3, ,55, ,
-1, ,56, ,
0, ,55, ,
6, ,56, ,
0, ,54, ,
-5, ,56, ,
5, ,55, ,
4, ,55, ,
3, ,56, ,
-2, ,56, ,
4, ,54, ,
0, ,56, ,
0, ,55, ,
1, ,55, ,
0, ,55, ,
3, ,56, ,
4, ,54, ,
1, ,56, ,
4, ,55, ,
4, ,55, ,
1, ,56, ,
0, ,55, ,
3, ,54, ,
1, ,56, ,
4, ,55, ,
5, ,55, ,
4, ,55, ,
5, ,55, ,
5, ,54, ,
0, ,56, ,
8, ,55, ,
5, ,55, ,
5, ,55, ,
4, ,55, ,
8, ,54, ,
5, ,56, ,
1, ,55, ,
1, ,55, ,
-1, ,55, ,
-1, ,56, ,
3, ,54, ,
-1, ,56, ,
6, ,54, ,
5, ,55, ,
3, ,56, ,
5, ,55, ,
5, ,54, ,
3, ,56, ,
5, ,55, ,
3, ,55, ,
3, ,55, ,
3, ,55, ,
3, ,54, ,
0, ,56, ,
3, ,54, ,
4, ,55, ,
0, ,55, ,
0, ,55, ,
3, ,54, ,
1, ,56, ,
3, ,55, ,
1, ,55, ,
4, ,55, ,
4, ,55, ,
4, ,54, ,
1, ,56, ,
4, ,55, ,
6, ,55, ,
4, ,55, ,
4, ,55, ,
9, ,54, ,
5, ,56, ,
8, ,55, ,
5, ,55, ,
10, ,55, ,
9, ,55, ,
8, ,54, ,
0, ,56, ,
4, ,55, ,
3, ,55, ,
4, ,55, ,
-1, ,55, ,
5, ,54, ,
6, ,55, ,
3, ,55, ,
0, ,55, ,
3, ,55, ,
1, ,56, ,
4, ,54, ,
-4, ,56, ,
6, ,54, ,
4, ,55, ,
4, ,55, ,
3, ,55, ,
5, ,54, ,
3, ,56, ,
1, ,55, ,
1, ,55, ,
4, ,55, ,
5, ,56, ,
8, ,54, ,
4, ,56, ,
5, ,55, ,
4, ,55, ,
3, ,56, ,
0, ,55, ,
5, ,54, ,
6, ,55, ,
5, ,56, ,
4, ,55, ,
6, ,55, ,
4, ,55, ,
4, ,55, ,
0, ,56, ,
1, ,54, ,
4, ,55, ,
4, ,55, ,
0, ,56, ,
8, ,54, ,
4, ,56, ,
5, ,55, ,
1, ,55, ,
1, ,55, ,
0, ,56, ,
3, ,54, ,
-2, ,56, ,
0, ,55, ,
1, ,55, ,
3, ,55, ,
-1, ,56, ,
3, ,54, ,
1, ,55, ,
0, ,55, ,
-1, ,55, ,
0, ,55, ,
1, ,55, ,
3, ,54, ,
-4, ,56, ,
-1, ,54, ,
-1, ,55, ,
-4, ,55, ,
-6, ,55, ,
-2, ,54, ,
-4, ,56, ,
-2, ,55, ,
-4, ,55, ,
-2, ,55, ,
-1, ,56, ,
-4, ,54, ,
-5, ,56, ,
1, ,54, ,
0, ,55, ,
-1, ,56, ,
-5, ,55, ,
4, ,54, ,
-2, ,56, ,
-5, ,55, ,
-1, ,55, ,
-1, ,55, ,
-7, ,56, ,
-6, ,54, ,
-7, ,56, ,
-4, ,54, ,
-4, ,55, ,
-1, ,55, ,
-1, ,55, ,
0, ,54, ,
-2, ,56, ,
-2, ,55, ,
-2, ,55, ,
-2, ,55, ,
-1, ,55, ,
-4, ,54, ,
-7, ,56, ,
-4, ,54, ,
-5, ,55, ,
-6, ,55, ,
-7, ,55, ,
-4, ,54, ,
-2, ,56, ,
-4, ,55, ,
-2, ,55, ,
1, ,55, ,
-1, ,56, ,
3, ,55, ,
-4, ,56, ,
-2, ,54, ,
-1, ,55, ,
-5, ,55, ,
-6, ,56, ,
-2, ,53, ,
-2, ,56, ,
-1, ,55, ,
-2, ,55, ,
-2, ,55, ,
-1, ,55, ,
-5, ,55, ,
-7, ,55, ,
-4, ,55, ,
-6, ,55, ,
-4, ,55, ,
-7, ,55, ,
-1, ,54, ,
-1, ,56, ,
-2, ,55, ,
-2, ,55, ,
-2, ,55, ,
-4, ,55, ,
0, ,55, ,
-4, ,55, ,
-2, ,54, ,
-1, ,55, ,
0, ,56, ,
-2, ,55, ,
-2, ,53, ,
-2, ,56, ,
-4, ,55, ,
-5, ,55, ,
-2, ,55, ,
1, ,55, ,
3, ,54, ,
-4, ,56, ,
0, ,55, ,
-2, ,55, ,
-4, ,55, ,
-10, ,55, ,
-5, ,53, ,
-2, ,56, ,
-4, ,55, ,
-4, ,55, ,
-2, ,55, ,
-4, ,55, ,
0, ,54, ,
-7, ,56, ,
-1, ,55, ,
0, ,55, ,
0, ,55, ,
-2, ,55, ,
1, ,54, ,
-2, ,56, ,
0, ,55, ,
-4, ,55, ,
-1, ,55, ,
0, ,55, ,
-1, ,54, ,
-5, ,56, ,
1, ,54, ,
0, ,55, ,
0, ,55, ,
-4, ,55, ,
4, ,54, ,
3, ,55, ,
1, ,55, ,
5, ,55, ,
0, ,55, ,
4, ,55, ,
-5, ,55, ,
-1, ,56, ,
8, ,54, ,
5, ,55, ,
4, ,55, ,
0, ,55, ,
1, ,54, ,
-2, ,56, ,
-1, ,55, ,
-1, ,55, ,
3, ,55, ,
8, ,55, ,
5, ,54, ,
6, ,56, ,
5, ,55, ,
5, ,55, ,
4, ,55, ,
3, ,56, ,
5, ,54, ,
0, ,55, ,
1, ,55, ,
3, ,55, ,
3, ,55, ,
3, ,56, ,
5, ,54, ,
0, ,55, ,
4, ,54, ,
5, ,55, ,
3, ,56, ,
3, ,55, ,
5, ,54, ,
5, ,56, ,
5, ,55, ,
4, ,55, ,
5, ,55, ,
0, ,55, ,
1, ,54, ,
-2, ,56, ,
1, ,54, ,
4, ,55, ,
1, ,55, ,
1, ,55, ,
6, ,53, ,
3, ,56, ,
3, ,55, ,
0, ,55, ,
0, ,55, ,
1, ,55, ,
1, ,54, ,
1, ,56, ,
4, ,54, ,
6, ,55, ,
4, ,55, ,
-1, ,55, ,
3, ,54, ,
-2, ,56, ,
3, ,55, ,
3, ,55, ,
5, ,55, ,
5, ,55, ,
6, ,54, ,
1, ,56, ,
4, ,54, ,
4, ,55, ,
3, ,55, ,
-2, ,55, ,
4, ,53, ,
6, ,56, ,
3, ,55, ,
5, ,55, ,
5, ,55, ,
4, ,55, ,
8, ,54, ,
-1, ,56, ,
4, ,54, ,
5, ,55, ,
3, ,55, ,
0, ,55, ,
6, ,54, ,
3, ,56, ,
3, ,55, ,
1, ,55, ,
3, ,55, ,
1, ,55, ,
3, ,54, ,
0, ,56, ,
6, ,55, ,
8, ,55, ,
5, ,55, ,
3, ,55, ,
5, ,54, ,
3, ,56, ,
3, ,55, ,
3, ,55, ,
4, ,55, ,
1, ,56, ,
6, ,54, ,
3, ,56, ,
5, ,54, ,
6, ,55, ,
1, ,56, ,
3, ,55, ,
5, ,54, ,
1, ,56, ,
4, ,55, ,
0, ,55, ,
1, ,55, ,
1, ,55, ,
0, ,54, ,
-1, ,55, ,
0, ,54, ,
3, ,55, ,
1, ,55, ,
-1, ,55, ,
5, ,54, ,
3, ,55, ,
6, ,55, ,
4, ,54, ,
3, ,55, ,
3, ,55, ,
1, ,54, ,
-7, ,56, ,
-1, ,54, ,
0, ,55, ,
-1, ,55, ,
0, ,55, ,
3, ,53, ,
-1, ,56, ,
-1, ,55, ,
-4, ,55, ,
-2, ,55, ,
-1, ,56, ,
1, ,54, ,
-2, ,56, ,
3, ,54, ,
3, ,55, ,
1, ,55, ,
-2, ,55, ,
0, ,54, ,
0, ,56, ,
-1, ,55, ,
-2, ,55, ,
-1, ,55, ,
-2, ,55, ,
0, ,54, ,
-5, ,56, ,
-2, ,54, ,
1, ,55, ,
-2, ,56, ,
0, ,55, ,
3, ,54, ,
3, ,56, ,
3, ,54, ,
0, ,55, ,
4, ,55, ,
-1, ,56, ,
-4, ,54, ,
-4, ,56, ,
0, ,54, ,
0, ,55, ,
0, ,56, ,
0, ,55, ,
3, ,54, ,
1, ,55, ,
0, ,55, ,
-1, ,55, ,
-1, ,55, ,
-1, ,56, ,
-1, ,54, ,
-2, ,56, ,
-5, ,54, ,
6, ,55, ,
4, ,56, ,
-4, ,55, ,
4, ,54, ,
-2, ,55, ,
1, ,55, ,
-1, ,55, ,
-2, ,55, ,
-2, ,55, ,
-4, ,54, ,
-7, ,56, ,
-5, ,55, ,
-5, ,55, ,
-2, ,55, ,
-6, ,55, ,
-1, ,54, ,
0, ,56, ,
-2, ,55, ,
-2, ,55, ,
-1, ,55, ,
-4, ,55, ,
-1, ,54, ,
-6, ,56, ,
-1, ,54, ,
-2, ,55, ,
-5, ,55, ,
-5, ,55, ,
-1, ,54, ,
-2, ,55, ,
-2, ,55, ,
0, ,55, ,
-2, ,55, ,
-1, ,56, ,
0, ,54, ,
-5, ,56, ,
-1, ,54, ,
-1, ,55, ,
-1, ,55, ,
-1, ,55, ,
0, ,54, ,
-1, ,56, ,
0, ,55, ,
-4, ,55, ,
-6, ,55, ,
-1, ,55, ,
-1, ,54, ,
-6, ,56, ,
0, ,54, ,
0, ,55, ,
-2, ,55, ,
-2, ,55, ,
4, ,54, ,
0, ,55, ,
5, ,55, ,
3, ,55, ,
4, ,55, ,
0, ,55, ,
4, ,54, ,
-1, ,56, ,
-2, ,55, ,
-1, ,55, ,
-2, ,56, ,
-7, ,55, ,
-1, ,54, ,
-4, ,56, ,
-1, ,55, ,
1, ,55, ,
8, ,55, ,
6, ,55, ,
4, ,54, ,
-2, ,56, ,
-2, ,54, ,
-1, ,55, ,
-2, ,55, ,
-4, ,55, ,
1, ,54, ,
0, ,56, ,
1, ,55, ,
-1, ,55, ,
-1, ,55, ,
-1, ,55, ,
0, ,54, ,
-1, ,56, ,
4, ,54, ,
5, ,55, ,
1, ,55, ,
-1, ,55, ,
1, ,53, ,
0, ,55, ,
-4, ,55, ,
-1, ,55, ,
3, ,55, ,
3, ,55, ,
6, ,54, ,
1, ,56, ,
4, ,54, ,
3, ,55, ,
-2, ,56, ,
-2, ,55, ,
-1, ,53, ,
-2, ,56, ,
-1, ,55, ,
0, ,55, ,
3, ,55, ,
3, ,55, ,
4, ,54, ,
-2, ,56, ,
0, ,54, ,
3, ,55, ,
0, ,55, ,
-5, ,55, ,
3, ,54, ,
3, ,56, ,
0, ,55, ,
1, ,54, ,
1, ,55, ,
1, ,56, ,
1, ,54, ,
0, ,55, ,
0, ,55, ,
4, ,54, ,
1, ,56, ,
-1, ,55, ,
5, ,54, ,
3, ,56, ,
4, ,55, ,
0, ,55, ,
1, ,55, ,
4, ,55, ,
4, ,54, ,
3, ,56, ,
5, ,54, ,
3, ,55, ,
5, ,56, ,
-1, ,55, ,
6, ,54, ,
5, ,56, ,
3, ,55, ,
4, ,55, ,
8, ,55, ,
6, ,56, ,
9, ,54, ,
4, ,56, ,
5, ,54, ,
5, ,55, ,
1, ,55, ,
-4, ,55, ,
3, ,54, ,
1, ,55, ,
3, ,55, ,
4, ,55, ,
5, ,55, ,
5, ,55, ,
4, ,54, ,
0, ,56, ,
3, ,54, ,
3, ,55, ,
3, ,55, ,
4, ,55, ,
5, ,54, ,
8, ,55, ,
3, ,55, ,
3, ,55, ,
3, ,55, ,
0, ,56, ,
3, ,54, ,
1, ,55, ,
4, ,54, ,
6, ,55, ,
6, ,55, ,
3, ,55, ,
3, ,53, ,
-1, ,56, ,
3, ,55, ,
-1, ,55, ,
1, ,55, ,
1, ,55, ,
3, ,54, ,
-1, ,56, ,
1, ,55, ,
3, ,55, ,
0, ,55, ,
0, ,55, ,
0, ,54, ,
3, ,56, ,
4, ,55, ,
5, ,55, ,
4, ,55, ,
3, ,56, ,
3, ,54, ,
0, ,56, ,
0, ,55, ,
3, ,55, ,
1, ,55, ,
-1, ,55, ,
3, ,53, ,
1, ,55, ,
1, ,55, ,
3, ,55, ,
1, ,55, ,
1, ,55, ,
1, ,54, ,
0, ,56, ,
4, ,54, ,
5, ,55, ,
4, ,55, ,
-2, ,55, ,
6, ,53, ,
5, ,55, ,
0, ,54, ,
1, ,55, ,
1, ,55, ,
0, ,56, ,
4, ,54, ,
0, ,56, ,
4, ,54, ,
4, ,55, ,
0, ,55, ,
1, ,55, ,
3, ,53, ,
1, ,56, ,
-1, ,55, ,
-1, ,55, ,
0, ,55, ,
4, ,55, ,
1, ,54, ,
0, ,56, ,
3, ,54, ,
4, ,55, ,
0, ,56, ,
0, ,55, ,
1, ,53, ,
0, ,56, ,
0, ,55, ,
-1, ,55, ,
0, ,55, ,
-4, ,55, ,
-2, ,54, ,
-4, ,56, ,
1, ,54, ,
8, ,52, ,
5, ,44, ,
-2, ,34, ,
1, ,23, ,
-4, ,15, ,
-5, ,8, ,
-6, ,1, ,
-5, ,-4, ,
-6, ,-8, ,
-7, ,-13, ,
-11, ,-17, ,
-9, ,-19, ,
-9, ,-22, ,
-6, ,-24, ,
-7, ,-26, ,
-4, ,-27, ,
-4, ,-30, ,
-7, ,-31, ,
-6, ,-32, ,
-6, ,-33, ,
-6, ,-34, ,
-2, ,-34, ,
-7, ,-35, ,
-2, ,-36, ,
-2, ,-36, ,
-4, ,-36, ,
-5, ,-37, ,
-4, ,-37, ,
-4, ,-37, ,
-2, ,-37, ,
-4, ,-37, ,
-4, ,-38, ,
-1, ,-38, ,
-1, ,-37, ,
-6, ,-38, ,
-2, ,-38, ,
1, ,-38, ,
0, ,-38, ,
-2, ,-38, ,
1, ,-38, ,
4, ,-38, ,
-2, ,-38, ,
-5, ,-38, ,
-2, ,-38, ,
-2, ,-38, ,
0, ,-38, ,
-6, ,-39, ,
-2, ,-38, ,
3, ,-38, ,
0, ,-38, ,
0, ,-38, ,
3, ,-38, ,
-2, ,-38, ,
1, ,-38, ,
-1, ,-38, ,
-1, ,-38, ,
0, ,-38, ,
-4, ,-38, ,
-2, ,-38, ,
0, ,-38, ,
-1, ,-38, ,
-2, ,-38, ,
-4, ,-38, ,
3, ,-37, ,
1, ,-38, ,
-1, ,-38, ,
-1, ,-38, ,
0, ,-38, ,
-1, ,-38, ,
0, ,-38, ,
-4, ,-38, ,
-2, ,-38, ,
-1, ,-38, ,
-2, ,-38, ,
-6, ,-38, ,
0, ,-37, ,
-1, ,-38, ,
-1, ,-38, ,
-2, ,-38, ,
0, ,-38, ,
3, ,-38, ,
0, ,-38, ,
-6, ,-38, ,
0, ,-38, ,
1, ,-38, ,
-1, ,-38, ,
-4, ,-38, ,
0, ,-37, ,
-1, ,-38, ,
-1, ,-38, ,
-5, ,-38, ,
-1, ,-38, ,
-2, ,-38, ,
1, ,-37, ,
-7, ,-38, ,
0, ,-38, ,
-1, ,-37, ,
-4, ,-37, ,
-5, ,-38, ,
-1, ,-37, ,
-1, ,-38, ,
-1, ,-38, ,
-2, ,-37, ,
3, ,-38, ,
3, ,-38, ,
4, ,-38, ,
0, ,-38, ,
1, ,-38, ,
4, ,-37, ,
-1, ,-38, ,
-9, ,-38, ,
0, ,-37, ,
-2, ,-38, ,
-2, ,-38, ,
-4, ,-37, ,
0, ,-38, ,
0, ,-37, ,
1, ,-38, ,
-2, ,-38, ,
-1, ,-38, ,
1, ,-38, ,
-1, ,-37, ,
-2, ,-38, ,
3, ,-37, ,
1, ,-38, ,
3, ,-38, ,
0, ,-38, ,
0, ,-38, ,
1, ,-37, ,
0, ,-37, ,
-5, ,-38, ,
-1, ,-38, ,
-1, ,-37, ,
3, ,-38, ,
-4, ,-38, ,
5, ,-37, ,
6, ,-38, ,
4, ,-37, ,
4, ,-37, ,
4, ,-38, ,
4, ,-38, ,
8, ,-37, ,
1, ,-38, ,
5, ,-38, ,
5, ,-37, ,
0, ,-38, ,
-4, ,-38, ,
0, ,-38, ,
-2, ,-38, ,
1, ,-38, ,
-1, ,-37, ,
3, ,-38, ,
5, ,-38, ,
6, ,-37, ,
1, ,-38, ,
3, ,-38, ,
1, ,-37, ,
-1, ,-38, ,
-2, ,-38, ,
3, ,-37, ,
4, ,-38, ,
1, ,-38, ,
1, ,-38, ,
4, ,-38, ,
0, ,-37, ,
1, ,-37, ,
-2, ,-38, ,
0, ,-38, ,
3, ,-37, ,
0, ,-38, ,
0, ,-38, ,
3, ,-37, ,
3, ,-38, ,
3, ,-38, ,
1, ,-37, ,
1, ,-38, ,
3, ,-37, ,
1, ,-37, ,
-1, ,-38, ,
1, ,-38, ,
3, ,-37, ,
4, ,-38, ,
0, ,-38, ,
6, ,-37, ,
4, ,-38, ,
5, ,-38, ,
4, ,-37, ,
3, ,-38, ,
5, ,-38, ,
5, ,-38, ,
0, ,-38, ,
4, ,-38, ,
5, ,-37, ,
0, ,-37, ,
-2, ,-38, ,
4, ,-37, ,
1, ,-38, ,
3, ,-38, ,
4, ,-38, ,
5, ,-38, ,
9, ,-38, ,
5, ,-37, ,
-1, ,-38, ,
3, ,-38, ,
3, ,-37, ,
1, ,-38, ,
0, ,-38, ,
3, ,-37, ,
6, ,-38, ,
5, ,-38, ,
4, ,-37, ,
4, ,-38, ,
4, ,-37, ,
6, ,-37, ,
-1, ,-38, ,
0, ,-38, ,
8, ,-37, ,
4, ,-37, ,
-5, ,-38, ,
9, ,-37, ,
3, ,-38, ,
1, ,-38, ,
1, ,-37, ,
3, ,-38, ,
3, ,-37, ,
5, ,-37, ,
3, ,-38, ,
5, ,-38, ,
5, ,-37, ,
4, ,-38, ,
-1, ,-38, ,
1, ,-37, ,
-1, ,-38, ,
-2, ,-38, ,
-4, ,-37, ,
3, ,-38, ,
3, ,-37, ,
3, ,-38, ,
0, ,-38, ,
1, ,-38, ,
4, ,-37, ,
-1, ,-37, ,
1, ,-38, ,
3, ,-37, ,
4, ,-38, ,
3, ,-38, ,
4, ,-37, ,
3, ,-38, ,
3, ,-38, ,
3, ,-37, ,
-2, ,-38, ,
1, ,-38, ,
0, ,-37, ,
3, ,-38, ,
-2, ,-38, ,
4, ,-37, ,
3, ,-38, ,
-2, ,-38, ,
0, ,-37, ,
0, ,-38, ,
3, ,-37, ,
3, ,-37, ,
-1, ,-38, ,
3, ,-37, ,
6, ,-37, ,
0, ,-37, ,
-2, ,-38, ,
0, ,-37, ,
-1, ,-38, ,
0, ,-38, ,
-2, ,-38, ,
-1, ,-38, ,
1, ,-37, ,
1, ,-37, ,
-1, ,-38, ,
4, ,-38, ,
5, ,-37, ,
3, ,-38, ,
0, ,-38, ,
4, ,-37, ,
4, ,-38, ,
-2, ,-38, ,
-4, ,-37, ,
-1, ,-37, ,
0, ,-37, ,
3, ,-37, ,
-5, ,-38, ,
3, ,-38, ,
5, ,-37, ,
1, ,-37, ,
0, ,-38, ,
0, ,-37, ,
1, ,-38, ,
0, ,-38, ,
0, ,-38, ,
3, ,-38, ,
1, ,-37, ,
-1, ,-37, ,
-2, ,-38, ,
3, ,-38, ,
1, ,-37, ,
1, ,-38, ,
0, ,-38, ,
4, ,-37, ,
1, ,-38, ,
-1, ,-38, ,
-1, ,-38, ,
-2, ,-38, ,
-1, ,-37, ,
-4, ,-38, ,
-6, ,-38, ,
-2, ,-37, ,
1, ,-37, ,
-2, ,-37, ,
-1, ,-38, ,
1, ,-37, ,
1, ,-38, ,
-2, ,-38, ,
-4, ,-37, ,
-2, ,-37, ,
-1, ,-38, ,
0, ,-37, ,
-4, ,-38, ,
0, ,-38, ,
-1, ,-37, ,
-2, ,-38, ,
-2, ,-37, ,
0, ,-37, ,
1, ,-38, ,
0, ,-38, ,
0, ,-38, ,
0, ,-38, ,
-6, ,-37, ,
-5, ,-37, ,
-6, ,-38, ,
-1, ,-38, ,
0, ,-37, ,
-6, ,-38, ,
-6, ,-38, ,
-2, ,-37, ,
-2, ,-38, ,
-2, ,-38, ,
-5, ,-37, ,
-5, ,-38, ,
-2, ,-38, ,
-4, ,-37, ,
-5, ,-38, ,
1, ,-38, ,
3, ,-37, ,
4, ,-38, ,
1, ,-37, ,
4, ,-37, ,
4, ,-38, ,
1, ,-38, ,
0, ,-38, ,
-1, ,-38, ,
-2, ,-37, ,
-2, ,-37, ,
-5, ,-38, ,
3, ,-38, ,
5, ,-37, ,
1, ,-37, ,
0, ,-38, ,
4, ,-38, ,
0, ,-38, ,
3, ,-38, ,
1, ,-37, ,
1, ,-38, ,
5, ,-38, ,
3, ,-37, ,
-2, ,-38, ,
-4, ,-38, ,
-2, ,-37, ,
-1, ,-38, ,
-9, ,-38, ,
-1, ,-37, ,
5, ,-38, ,
4, ,-38, ,
1, ,-37, ,
0, ,-37, ,
0, ,-37, ,
-2, ,-37, ,
-7, ,-38, ,
-2, ,-37, ,
1, ,-37, ,
-2, ,-37, ,
-4, ,-38, ,
0, ,-37, ,
-1, ,-38, ,
-2, ,-38, ,
-2, ,-37, ,
-1, ,-37, ,
3, ,-37, ,
3, ,-37, ,
1, ,-38, ,
1, ,-38, ,
3, ,-37, ,
0, ,-38, ,
-6, ,-38, ,
3, ,-37, ,
0, ,-38, ,
-1, ,-38, ,
-2, ,-37, ,
1, ,-38, ,
1, ,-37, ,
4, ,-37, ,
-2, ,-38, ,
0, ,-38, ,
3, ,-37, ,
-2, ,-38, ,
-2, ,-38, ,
-2, ,-37, ,
0, ,-38, ,
0, ,-38, ,
-1, ,-37, ,
1, ,-38, ,
1, ,-37, ,
0, ,-37, ,
-2, ,-38, ,
0, ,-38, ,
0, ,-37, ,
-1, ,-38, ,
-1, ,-38, ,
5, ,-37, ,
0, ,-38, ,
4, ,-38, ,
4, ,-37, ,
1, ,-38, ,
1, ,-37, ,
1, ,-37, ,
-4, ,-38, ,
3, ,-37, ,
5, ,-37, ,
3, ,-38, ,
3, ,-38, ,
6, ,-37, ,
4, ,-38, ,
3, ,-38, ,
-1, ,-37, ,
1, ,-37, ,
8, ,-37, ,
4, ,-37, ,
0, ,-38, ,
4, ,-38, ,
1, ,-37, ,
1, ,-38, ,
-2, ,-38, ,
1, ,-37, ,
4, ,-38, ,
3, ,-38, ,
4, ,-38, ,
5, ,-38, ,
3, ,-37, ,
4, ,-37, ,
-4, ,-38, ,
0, ,-38, ,
1, ,-37, ,
-1, ,-38, ,
-1, ,-38, ,
0, ,-37, ,
3, ,-38, ,
4, ,-38, ,
3, ,-37, ,
3, ,-38, ,
4, ,-37, ,
5, ,-37, ,
-2, ,-38, ,
8, ,-38, ,
1, ,-37, ,
-1, ,-37, ,
-7, ,-38, ,
1, ,-37, ,
0, ,-38, ,
0, ,-38, ,
-1, ,-37, ,
0, ,-38, ,
-4, ,-38, ,
0, ,-37, ,
-5, ,-38, ,
1, ,-38, ,
3, ,-37, ,
1, ,-38, ,
-4, ,-38, ,
4, ,-37, ,
0, ,-38, ,
-2, ,-38, ,
-1, ,-38, ,
0, ,-38, ,
1, ,-37, ,
1, ,-37, ,
-1, ,-38, ,
1, ,-38, ,
0, ,-37, ,
0, ,-38, ,
-5, ,-38, ,
1, ,-37, ,
3, ,-38, ,
1, ,-37, ,
1, ,-37, ,
3, ,-38, ,
5, ,-37, ,
5, ,-37, ,
0, ,-38, ,
3, ,-38, ,
4, ,-37, ,
0, ,-37, ,
-4, ,-38, ,
1, ,-37, ,
3, ,-38, ,
3, ,-38, ,
0, ,-38, ,
1, ,-38, ,
3, ,-37, ,
3, ,-37, ,
0, ,-38, ,
4, ,-38, ,
3, ,-37, ,
1, ,-38, ,
1, ,-38, ,
3, ,-37, ,
3, ,-38, ,
-1, ,-38, ,
-2, ,-37, ,
0, ,-38, ,
-1, ,-38, ,
3, ,-37, ,
-2, ,-38, ,
3, ,-38, ,
4, ,-37, ,
0, ,-37, ,
-1, ,-38, ,
1, ,-37, ,
-2, ,-38, ,
0, ,-38, ,
0, ,-37, ,
1, ,-38, ,
4, ,-37, ,
4, ,-37, ,
1, ,-38, ,
6, ,-38, ,
5, ,-37, ,
3, ,-38, ,
1, ,-38, ,
3, ,-37, ,
0, ,-38, ,
1, ,-38, ,
-2, ,-37, ,
-2, ,-38, ,
-1, ,-38, ,
0, ,-37, ,
-2, ,-38, ,
0, ,-38, ,
1, ,-37, ,
-2, ,-37, ,
-2, ,-38, ,
1, ,-37, ,
-1, ,-38, ,
0, ,-38, ,
-1, ,-37, ,
0, ,-38, ,
1, ,-37, ,
0, ,-37, ,
-6, ,-38, ,
0, ,-38, ,
1, ,-37, ,
0, ,-38, ,
-1, ,-37, ,
1, ,-37, ,
1, ,-38, ,
-1, ,-38, ,
0, ,-38, ,
0, ,-38, ,
1, ,-38, ,
3, ,-37, ,
-2, ,-38, ,
1, ,-38, ,
3, ,-37, ,
-1, ,-37, ,
-4, ,-38, ,
-1, ,-37, ,
-2, ,-38, ,
0, ,-38, ,
-2, ,-37, ,
-1, ,-38, ,
3, ,-37, ,
3, ,-37, ,
0, ,-38, ,
1, ,-38, ,
3, ,-37, ,
3, ,-38, ,
-2, ,-38, ,
5, ,-37, ,
1, ,-38, ,
-1, ,-38, ,
-1, ,-37, ,
-1, ,-38, ,
-1, ,-37, ,
1, ,-37, ,
-1, ,-38, ,
1, ,-38, ,
6, ,-37, ,
3, ,-37, ,
1, ,-38, ,
4, ,-37, ,
3, ,-37, ,
3, ,-38, ,
-1, ,-37, ,
-1, ,-38, ,
1, ,-37, ,
-1, ,-37, ,
-2, ,-38, ,
1, ,-38, ,
0, ,-37, ,
3, ,-38, ,
-2, ,-38, ,
-1, ,-37, ,
1, ,-38, ,
0, ,-38, ,
0, ,-37, ,
3, ,-38, ,
3, ,-37, ,
3, ,-37, ,
-1, ,-38, ,
-1, ,-37, ,
1, ,-37, ,
-1, ,-37, ,
-2, ,-38, ,
3, ,-37, ,
-1, ,-38, ,
-1, ,-38, ,
-1, ,-37, ,
-2, ,-38, ,
-1, ,-37, ,
-1, ,-37, ,
-4, ,-38, ,
1, ,-38, ,
0, ,-37, ,
-1, ,-38, ,
0, ,-38, ,
3, ,-37, ,
3, ,-38, ,
1, ,-38, ,
-2, ,-37, ,
0, ,-38, ,
3, ,-37, ,
3, ,-38, ,
-1, ,-38, ,
4, ,-38, ,
6, ,-37, ,
0, ,-37, ,
0, ,-38, ,
4, ,-37, ,
0, ,-38, ,
1, ,-38, ,
1, ,-37, ,
3, ,-38, ,
5, ,-38, ,
4, ,-37, ,
1, ,-38, ,
1, ,-38, ,
5, ,-37, ,
1, ,-38, ,
-4, ,-38, ,
5, ,-37, ,
3, ,-38, ,
1, ,-38, ,
1, ,-37, ,
1, ,-37, ,
0, ,-37, ,
0, ,-37, ,
1, ,-38, ,
0, ,-38, ,
4, ,-37, ,
5, ,-37, ,
-1, ,-38, ,
10, ,-37, ,
5, ,-38, ,
4, ,-38, ,
3, ,-38, ,
3, ,-38, ,
4, ,-38, ,
1, ,-37, ,
-5, ,-38, ,
1, ,-38, ,
3, ,-37, ,
4, ,-38, ,
1, ,-38, ,
3, ,-37, ,
5, ,-38, ,
4, ,-38, ,
1, ,-37, ,
3, ,-38, ,
3, ,-37, ,
4, ,-37, ,
-2, ,-38, ,
1, ,-38, ,
5, ,-37, ,
0, ,-38, ,
-4, ,-38, ,
3, ,-37, ,
1, ,-38, ,
1, ,-38, ,
1, ,-38, ,
5, ,-38, ,
3, ,-38, ,
5, ,-37, ,
-2, ,-38, ,
3, ,-38, ,
4, ,-37, ,
0, ,-37, ,
-2, ,-38, ,
4, ,-37, ,
0, ,-38, ,
1, ,-38, ,
-1, ,-38, ,
0, ,-38, ,
-1, ,-37, ,
-1, ,-38, ,
-6, ,-38, ,
-1, ,-38, ,
4, ,-37, ,
3, ,-38, ,
1, ,-38, ,
6, ,-37, ,
4, ,-38, ,
4, ,-38, ,
3, ,-37, ,
1, ,-38, ,
4, ,-37, ,
0, ,-37, ,
-4, ,-38, ,
-1, ,-38, ,
1, ,-37, ,
3, ,-38, ,
-4, ,-38, ,
3, ,-37, ,
1, ,-38, ,
4, ,-38, ,
3, ,-37, ,
1, ,-38, ,
4, ,-37, ,
3, ,-38, ,
-2, ,-38, ,
-1, ,-37, ,
1, ,-37, ,
-4, ,-33, ,
-5, ,-24, ,
5, ,-14, ,
8, ,-4, ,
11, ,4, ,
9, ,12, ,
8, ,18, ,
10, ,22, ,
8, ,27, ,
1, ,32, ,
8, ,34, ,
8, ,37, ,
5, ,40, ,
1, ,42, ,
6, ,43, ,
6, ,45, ,
6, ,47, ,
4, ,47, ,
5, ,50, ,
1, ,51, ,
3, ,50, ,
-2, ,53, ,
1, ,52, ,
3, ,53, ,
-1, ,54, ,
-4, ,54, ,
-4, ,53, ,
-5, ,55, ,
3, ,54, ,
-4, ,54, ,
3, ,55, ,
4, ,55, ,
1, ,54, ,
-2, ,56, ,
1, ,55, ,
3, ,55, ,
-1, ,56, ,
-4, ,56, ,
-1, ,54, ,
0, ,56, ,
-1, ,56, ,
-2, ,55, ,
-1, ,56, ,
-2, ,56, ,
1, ,55, ,
-6, ,56, ,
-1, ,55, ,
-1, ,55, ,
0, ,56, ,
-5, ,56, ,
1, ,54, ,
-1, ,56, ,
1, ,55, ,
1, ,55, ,
1, ,56, ,
1, ,56, ,
3, ,54, ,
-6, ,56, ,
-1, ,55, ,
-2, ,55, ,
-1, ,56, ,
-4, ,56, ,
0, ,54, ,
0, ,56, ,
-4, ,55, ,
-1, ,55, ,
0, ,56, ,
-1, ,56, ,
3, ,55, ,
-2, ,56, ,
1, ,55, ,
0, ,55, ,
-1, ,56, ,
-6, ,56, ,
-1, ,54, ,
-5, ,56, ,
-2, ,55, ,
-2, ,55, ,
1, ,55, ,
3, ,56, ,
0, ,55, ,
-1, ,56, ,
1, ,55, ,
1, ,55, ,
-1, ,56, ,
-4, ,55, ,
0, ,54, ,
-1, ,56, ,
-4, ,56, ,
-2, ,55, ,
-2, ,55, ,
-1, ,55, ,
1, ,54, ,
-1, ,56, ,
0, ,54, ,
3, ,55, ,
-1, ,55, ,
0, ,56, ,
4, ,54, ,
-2, ,56, ,
-1, ,55, ,
-1, ,55, ,
-5, ,55, ,
0, ,55, ,
-2, ,55, ,
-5, ,56, ,
-1, ,54, ,
-1, ,55, ,
-1, ,55, ,
-6, ,56, ,
0, ,54, ,
-1, ,56, ,
-4, ,56, ,
1, ,55, ,
-1, ,55, ,
0, ,55, ,
1, ,55, ,
-5, ,56, ,
4, ,55, ,
1, ,55, ,
0, ,56, ,
-2, ,56, ,
0, ,54, ,
0, ,56, ,
-2, ,55, ,
-4, ,55, ,
0, ,55, ,
4, ,55, ,
1, ,54, ,
-2, ,56, ,
3, ,55, ,
1, ,55, ,
-2, ,56, ,
-4, ,55, ,
1, ,54, ,
0, ,56, ,
1, ,55, ,
-5, ,55, ,
-2, ,55, ,
-4, ,55, ,
1, ,55, ,
-1, ,56, ,
1, ,54, ,
4, ,55, ,
0, ,55, ,
-1, ,56, ,
3, ,54, ,
-1, ,56, ,
4, ,55, ,
-2, ,55, ,
4, ,55, ,
5, ,55, ,
4, ,55, ,
4, ,56, ,
4, ,55, ,
4, ,55, ,
3, ,55, ,
-4, ,55, ,
3, ,54, ,
-2, ,56, ,
-4, ,55, ,
-2, ,55, ,
-1, ,55, ,
-1, ,55, ,
3, ,54, ,
1, ,56, ,
8, ,54, ,
4, ,55, ,
4, ,55, ,
0, ,55, ,
5, ,54, ,
3, ,56, ,
3, ,55, ,
1, ,55, ,
0, ,55, ,
1, ,55, ,
0, ,54, ,
-6, ,56, ,
0, ,54, ,
-1, ,55, ,
-1, ,55, ,
-4, ,55, ,
4, ,54, ,
3, ,56, ,
1, ,55, ,
0, ,55, ,
0, ,55, ,
0, ,55, ,
3, ,54, ,
0, ,56, ,
1, ,54, ,
4, ,55, ,
3, ,55, ,
0, ,56, ,
0, ,54, ,
-2, ,55, ,
-1, ,55, ,
-4, ,54, ,
1, ,55, ,
4, ,55, ,
5, ,55, ,
3, ,56, ,
3, ,55, ,
3, ,55, ,
1, ,55, ,
-1, ,55, ,
4, ,54, ,
0, ,56, ,
0, ,55, ,
-2, ,55, ,
-1, ,55, ,
-1, ,56, ,
1, ,54, ,
-2, ,56, ,
3, ,54, ,
3, ,55, ,
3, ,56, ,
1, ,55, ,
5, ,54, ,
4, ,55, ,
6, ,55, ,
4, ,55, ,
4, ,55, ,
4, ,55, ,
3, ,54, ,
1, ,56, ,
1, ,55, ,
3, ,55, ,
6, ,55, ,
1, ,56, ,
5, ,53, ,
5, ,55, ,
3, ,55, ,
1, ,55, ,
3, ,55, ,
3, ,56, ,
6, ,54, ,
-1, ,55, ,
4, ,54, ,
3, ,55, ,
3, ,55, ,
4, ,55, ,
6, ,54, ,
5, ,56, ,
5, ,55, ,
3, ,55, ,
3, ,55, ,
1, ,55, ,
4, ,54, ,
-1, ,55, ,
3, ,55, ,
4, ,55, ,
3, ,55, ,
1, ,55, ,
5, ,53, ,
3, ,56, ,
5, ,55, ,
4, ,54, ,
5, ,55, ,
4, ,55, ,
6, ,54, ,
-1, ,55, ,
-1, ,54, ,
3, ,55, ,
0, ,55, ,
-1, ,55, ,
1, ,54, ,
-1, ,56, ,
3, ,55, ,
0, ,55, ,
3, ,55, ,
3, ,55, ,
1, ,54, ,
-2, ,56, ,
3, ,54, ,
3, ,55, ,
1, ,56, ,
-1, ,55, ,
4, ,54, ,
1, ,56, ,
1, ,55, ,
1, ,54, ,
0, ,55, ,
0, ,55, ,
4, ,54, ,
-1, ,56, ,
3, ,55, ,
4, ,55, ,
1, ,55, ,
0, ,55, ,
4, ,54, ,
1, ,56, ,
4, ,55, ,
5, ,55, ,
4, ,55, ,
4, ,55, ,
5, ,54, ,
-4, ,56, ,
0, ,54, ,
-1, ,55, ,
3, ,55, ,
-5, ,55, ,
4, ,53, ,
6, ,55, ,
3, ,55, ,
3, ,55, ,
4, ,55, ,
3, ,55, ,
5, ,54, ,
1, ,56, ,
1, ,54, ,
3, ,54, ,
0, ,55, ,
-2, ,55, ,
3, ,53, ,
1, ,55, ,
3, ,55, ,
1, ,55, ,
3, ,55, ,
1, ,55, ,
4, ,54, ,
-2, ,56, ,
0, ,54, ,
1, ,55, ,
0, ,55, ,
-2, ,55, ,
1, ,54, ,
-1, ,56, ,
0, ,55, ,
-2, ,55, ,
1, ,55, ,
1, ,56, ,
4, ,54, ,
0, ,56, ,
3, ,55, ,
4, ,55, ,
1, ,55, ,
-2, ,55, ,
1, ,54, ,
-5, ,56, ,
-4, ,55, ,
-9, ,55, ,
-10, ,55, ,
-9, ,55, ,
-7, ,54, ,
-10, ,55, ,
-7, ,54, ,
-10, ,55, ,
-7, ,56, ,
-12, ,55, ,
-6, ,54, ,
-5, ,56, ,
1, ,55, ,
4, ,55, ,
10, ,55, ,
11, ,56, ,
11, ,54, ,
6, ,56, ,
6, ,55, ,
3, ,55, ,
0, ,56, ,
-5, ,55, ,
-2, ,54, ,
-5, ,55, ,
-5, ,55, ,
-5, ,55, ,
-4, ,55, ,
-1, ,55, ,
3, ,54, ,
-4, ,56, ,
0, ,54, ,
-4, ,55, ,
-4, ,55, ,
-7, ,55, ,
-4, ,54, ,
-4, ,55, ,
-4, ,55, ,
1, ,55, ,
1, ,55, ,
-4, ,55, ,
9, ,54, ,
-2, ,56, ,
1, ,54, ,
4, ,55, ,
-2, ,55, ,
-6, ,55, ,
-4, ,54, ,
-7, ,55, ,
-2, ,55, ,
-4, ,55, ,
0, ,55, ,
3, ,55, ,
1, ,54, ,
3, ,56, ,
5, ,54, ,
5, ,55, ,
4, ,55, ,
-2, ,55, ,
0, ,53, ,
-5, ,56, ,
-6, ,55, ,
-6, ,55, ,
-7, ,55, ,
-2, ,55, ,
-1, ,55, ,
-4, ,56, ,
1, ,55, ,
4, ,54, ,
-1, ,55, ,
0, ,55, ,
6, ,53, ,
-2, ,55, ,
-1, ,55, ,
-1, ,55, ,
-1, ,55, ,
0, ,55, ,
-1, ,54, ,
-7, ,56, ,
0, ,55, ,
-4, ,55, ,
-2, ,55, ,
-9, ,55, ,
-4, ,54, ,
-1, ,56, ,
-2, ,55, ,
-4, ,55, ,
0, ,55, ,
-1, ,55, ,
1, ,54, ,
-4, ,56, ,
0, ,55, ,
1, ,55, ,
-1, ,55, ,
-1, ,55, ,
4, ,54, ,
0, ,56, ,
0, ,55, ,
-4, ,55, ,
1, ,55, ,
0, ,55, ,
1, ,54, ,
-2, ,56, ,
0, ,54, ,
3, ,55, ,
1, ,55, ,
-1, ,55, ,
1, ,54, ,
0, ,55, ,
0, ,55, ,
-1, ,55, ,
1, ,55, ,
0, ,55, ,
6, ,54, ,
1, ,56, ,
5, ,54, ,
5, ,55, ,
0, ,56, ,
-2, ,56, ,
1, ,54, ,
-1, ,56, ,
1, ,55, ,
0, ,55, ,
4, ,55, ,
5, ,55, ,
6, ,54, ,
3, ,56, ,
3, ,55, ,
3, ,55, ,
3, ,56, ,
1, ,55, ,
6, ,54, ,
5, ,55, ,
3, ,55, ,
4, ,55, ,
1, ,55, ,
1, ,56, ,
3, ,54, ,
0, ,56, ,
5, ,54, ,
5, ,54, ,
4, ,56, ,
1, ,55, ,
6, ,54, ,
4, ,56, ,
3, ,55, ,
3, ,55, ,
0, ,55, ,
0, ,55, ,
0, ,54, ,
-4, ,56, ,
4, ,54, ,
3, ,54, ,
4, ,55, ,
1, ,55, ,
3, ,53, ,
5, ,56, ,
3, ,54, ,
3, ,55, ,
4, ,55, ,
4, ,55, ,
5, ,54, ,
-1, ,56, ,
3, ,54, ,
4, ,55, ,
0, ,55, ,
1, ,55, ,
5, ,54, ,
-1, ,56, ,
1, ,55, ,
4, ,55, ,
0, ,55, ,
0, ,55, ,
4, ,54, ,
3, ,55, ,
5, ,54, ,
3, ,55, ,
3, ,55, ,
-1, ,55, ,
4, ,54, ,
3, ,56, ,
3, ,55, ,
0, ,55, ,
0, ,55, ,
-1, ,55, ,
1, ,54, ,
0, ,56, ,
1, ,55, ,
3, ,55, ,
4, ,56, ,
4, ,55, ,
8, ,54, ,
5, ,56, ,
6, ,54, ,
3, ,55, ,
0, ,55, ,
1, ,55, ,
1, ,54, ,
-2, ,56, ,
3, ,55, ,
3, ,55, ,
4, ,55, ,
3, ,55, ,
6, ,54, ,
5, ,55, ,
5, ,55, ,
4, ,55, ,
6, ,55, ,
4, ,55, ,
8, ,54, ,
5, ,56, ,
3, ,55, ,
8, ,55, ,
6, ,55, ,
4, ,55, ,
10, ,54, ,
6, ,55, ,
6, ,55, ,
5, ,55, ,
8, ,55, ,
4, ,55, ,
3, ,54, ,
-4, ,56, ,
0, ,54, ,
1, ,55, ,
1, ,55, ,
0, ,55, ,
6, ,54, ,
4, ,56, ,
5, ,55, ,
3, ,55, ,
6, ,55, ,
5, ,55, ,
1, ,54, ,
0, ,55, ,
5, ,54, ,
6, ,55, ,
4, ,56, ,
1, ,55, ,
6, ,54, ,
3, ,55, ,
5, ,55, ,
4, ,55, ,
4, ,55, ,
6, ,55, ,
5, ,54, ,
3, ,56, ,
4, ,54, ,
3, ,55, ,
3, ,55, ,
-1, ,55, ,
5, ,53, ,
4, ,56, ,
3, ,55, ,
3, ,55, ,
3, ,55, ,
1, ,56, ,
5, ,54, ,
-1, ,56, ,
4, ,54, ,
4, ,55, ,
3, ,55, ,
0, ,55, ,
4, ,54, ,
4, ,55, ,
9, ,55, ,
-1, ,55, ,
4, ,55, ,
-1, ,55, ,
3, ,54, ,
-2, ,56, ,
3, ,54, ,
5, ,55, ,
1, ,55, ,
-5, ,55, ,
1, ,54, ,
0, ,56, ,
-1, ,56, ,
-1, ,55, ,
1, ,55, ,
0, ,55, ,
3, ,55, ,
-4, ,56, ,
-1, ,54, ,
1, ,55, ,
-2, ,55, ,
-1, ,55, ,
1, ,54, ,
-2, ,55, ,
-1, ,55, ,
-2, ,55, ,
-2, ,55, ,
0, ,55, ,
1, ,54, ,
-1, ,56, ,
4, ,54, ,
0, ,55, ,
0, ,55, ,
-7, ,55, ,
0, ,54, ,
0, ,56, ,
-1, ,55, ,
-4, ,55, ,
-2, ,55, ,
-4, ,55, ,
-4, ,54, ,
-7, ,56, ,
-7, ,55, ,
-5, ,55, ,
-2, ,56, ,
-4, ,55, ,
0, ,54, ,
-2, ,55, ,
-1, ,55, ,
-6, ,55, ,
-4, ,55, ,
-5, ,55, ,
-4, ,54, ,
-10, ,56, ,
-7, ,55, ,
-7, ,55, ,
-6, ,55, ,
-7, ,55, ,
-5, ,54, ,
-2, ,55, ,
-5, ,55, ,
-4, ,55, ,
0, ,55, ,
-1, ,55, ,
0, ,54, ,
-6, ,55, ,
-5, ,54, ,
-6, ,55, ,
-9, ,55, ,
-6, ,55, ,
-2, ,54, ,
-2, ,55, ,
-2, ,55, ,
-5, ,55, ,
-2, ,55, ,
-2, ,55, ,
0, ,54, ,
-2, ,56, ,
-1, ,55, ,
-1, ,55, ,
-2, ,55, ,
-6, ,55, ,
-1, ,53, ,
-2, ,56, ,
0, ,55, ,
-1, ,55, ,
3, ,55, ,
3, ,55, ,
4, ,54, ,
-4, ,55, ,
-1, ,54, ,
-1, ,55, ,
-2, ,55, ,
-6, ,55, ,
-1, ,54, ,
-5, ,56, ,
-2, ,55, ,
-4, ,55, ,
-4, ,55, ,
1, ,55, ,
3, ,54, ,
-1, ,56, ,
3, ,55, ,
1, ,55, ,
1, ,55, ,
-4, ,55, ,
0, ,54, ,
0, ,56, ,
-4, ,55, ,
-4, ,55, ,
-1, ,55, ,
-1, ,55, ,
4, ,54, ,
-1, ,56, ,
3, ,54, ,
4, ,55, ,
0, ,55, ,
-2, ,55, ,
0, ,54, ,
-1, ,55, ,
-1, ,55, ,
-2, ,55, ,
-1, ,55, ,
1, ,55, ,
0, ,54, ,
-5, ,56, ,
1, ,54, ,
0, ,55, ,
0, ,55, ,
-2, ,55, ,
4, ,54, ,
4, ,55, ,
3, ,54, ,
1, ,55, ,
3, ,55, ,
3, ,55, ,
3, ,54, ,
1, ,56, ,
4, ,55, ,
8, ,55, ,
1, ,55, ,
0, ,50, ,
4, ,39, ,
-9, ,30, ,
-7, ,21, ,
-12, ,13, ,
-6, ,5, ,
-1, ,0, ,
0, ,-6, ,
-1, ,-11, ,
3, ,-14, ,
-1, ,-17, ,
-1, ,-20, ,
-6, ,-22, ,
1, ,-25, ,
0, ,-27, ,
0, ,-28, ,
-1, ,-30, ,
-1, ,-31, ,
-1, ,-32, ,
0, ,-33, ,
-1, ,-34, ,
1, ,-35, ,
3, ,-35, ,
1, ,-35, ,
0, ,-36, ,
6, ,-36, ,
5, ,-37, ,
4, ,-37, ,
1, ,-37, ,
1, ,-37, ,
4, ,-37, ,
1, ,-37, ,
-4, ,-38, ,
3, ,-38, ,
4, ,-38, ,
4, ,-38, ,
0, ,-38, ,
4, ,-38, ,
8, ,-38, ,
3, ,-38, ,
1, ,-38, ,
3, ,-38, ,
1, ,-38, ,
6, ,-38, ,
3, ,-39, ,
5, ,-38, ,
8, ,-38, ,
5, ,-38, ,
4, ,-38, ,
8, ,-38, ,
4, ,-38, ,
5, ,-38, ,
3, ,-38, ,
1, ,-38, ,
3, ,-38, ,
4, ,-38, ,
0, ,-38, ,
1, ,-38, ,
3, ,-38, ,
3, ,-38, ,
-2, ,-38, ,
3, ,-38, ,
4, ,-38, ,
4, ,-38, ,
1, ,-38, ,
5, ,-38, ,
6, ,-38, ,
4, ,-38, ,
1, ,-38, ,
1, ,-38, ,
4, ,-38, ,
3, ,-38, ,
1, ,-38, ,
5, ,-38, ,
3, ,-38, ,
4, ,-38, ,
3, ,-38, ,
3, ,-38, ,
3, ,-38, ,
3, ,-37, ,
-1, ,-38, ,
4, ,-38, ,
4, ,-38, ,
5, ,-38, ,
1, ,-38, ,
8, ,-38, ,
5, ,-38, ,
4, ,-38, ,
-4, ,-38, ,
1, ,-38, ,
4, ,-38, ,
4, ,-37, ,
1, ,-38, ,
5, ,-38, ,
5, ,-37, ,
4, ,-38, ,
3, ,-38, ,
4, ,-37, ,
4, ,-38, ,
4, ,-38, ,
3, ,-37, ,
4, ,-38, ,
5, ,-38, ,
3, ,-37, ,
-1, ,-38, ,
1, ,-38, ,
0, ,-37, ,
-2, ,-38, ,
-2, ,-38, ,
4, ,-37, ,
6, ,-38, ,
6, ,-38, ,
4, ,-37, ,
3, ,-38, ,
1, ,-37, ,
3, ,-38, ,
-4, ,-38, ,
-1, ,-38, ,
1, ,-37, ,
3, ,-38, ,
-1, ,-38, ,
1, ,-37, ,
0, ,-38, ,
0, ,-38, ,
-2, ,-38, ,
1, ,-38, ,
1, ,-38, ,
1, ,-37, ,
-1, ,-38, ,
0, ,-38, ,
1, ,-37, ,
0, ,-38, ,
-5, ,-38, ,
0, ,-37, ,
0, ,-38, ,
0, ,-38, ,
-4, ,-37, ,
-1, ,-38, ,
0, ,-38, ,
-1, ,-37, ,
-9, ,-38, ,
-4, ,-37, ,
-2, ,-37, ,
-5, ,-38, ,
-6, ,-38, ,
0, ,-37, ,
1, ,-38, ,
-1, ,-38, ,
-1, ,-37, ,
-2, ,-38, ,
-1, ,-38, ,
-2, ,-37, ,
-7, ,-38, ,
-2, ,-38, ,
-2, ,-37, ,
-1, ,-38, ,
-5, ,-38, ,
-1, ,-37, ,
-1, ,-38, ,
-2, ,-38, ,
-4, ,-38, ,
-2, ,-38, ,
-5, ,-37, ,
-1, ,-37, ,
-6, ,-38, ,
-1, ,-38, ,
0, ,-37, ,
-2, ,-38, ,
-4, ,-38, ,
0, ,-37, ,
-1, ,-38, ,
0, ,-38, ,
-2, ,-38, ,
-1, ,-38, ,
-2, ,-37, ,
-4, ,-37, ,
-6, ,-38, ,
-5, ,-38, ,
-4, ,-37, ,
-5, ,-37, ,
-6, ,-38, ,
0, ,-37, ,
0, ,-38, ,
1, ,-38, ,
1, ,-38, ,
4, ,-38, ,
1, ,-38, ,
5, ,-37, ,
0, ,-38, ,
-1, ,-38, ,
0, ,-37, ,
-4, ,-38, ,
-5, ,-38, ,
0, ,-37, ,
-2, ,-38, ,
-2, ,-38, ,
-5, ,-37, ,
-2, ,-38, ,
0, ,-37, ,
-1, ,-37, ,
-2, ,-38, ,
1, ,-38, ,
1, ,-37, ,
0, ,-38, ,
-4, ,-38, ,
1, ,-37, ,
1, ,-38, ,
-5, ,-38, ,
-2, ,-37, ,
-4, ,-37, ,
-4, ,-37, ,
1, ,-37, ,
-5, ,-38, ,
0, ,-37, ,
1, ,-37, ,
-5, ,-38, ,
-6, ,-37, ,
-2, ,-37, ,
-6, ,-37, ,
-4, ,-38, ,
-2, ,-38, ,
-1, ,-38, ,
1, ,-38, ,
-1, ,-37, ,
-5, ,-38, ,
-1, ,-38, ,
-2, ,-37, ,
-2, ,-38, ,
-5, ,-37, ,
0, ,-37, ,
1, ,-38, ,
0, ,-38, ,
0, ,-37, ,
0, ,-38, ,
-1, ,-37, ,
3, ,-37, ,
-2, ,-38, ,
3, ,-38, ,
5, ,-37, ,
-2, ,-37, ,
-4, ,-38, ,
0, ,-37, ,
-2, ,-38, ,
-1, ,-38, ,
-5, ,-37, ,
0, ,-38, ,
3, ,-38, ,
3, ,-37, ,
0, ,-38, ,
4, ,-38, ,
3, ,-37, ,
3, ,-37, ,
-2, ,-38, ,
1, ,-37, ,
4, ,-38, ,
1, ,-37, ,
1, ,-37, ,
1, ,-37, ,
5, ,-37, ,
8, ,-37, ,
3, ,-38, ,
6, ,-37, ,
8, ,-37, ,
1, ,-38, ,
0, ,-38, ,
4, ,-37, ,
1, ,-38, ,
0, ,-38, ,
0, ,-37, ,
1, ,-38, ,
5, ,-37, ,
5, ,-37, ,
-1, ,-38, ,
4, ,-38, ,
3, ,-37, ,
1, ,-37, ,
-2, ,-37, ,
0, ,-37, ,
4, ,-38, ,
1, ,-38, ,
0, ,-37, ,
1, ,-38, ,
1, ,-37, ,
0, ,-37, ,
-2, ,-38, ,
3, ,-37, ,
5, ,-37, ,
4, ,-38, ,
6, ,-37, ,
6, ,-37, ,
4, ,-38, ,
4, ,-38, ,
-1, ,-37, ,
1, ,-38, ,
4, ,-37, ,
4, ,-37, ,
-1, ,-38, ,
3, ,-38, ,
4, ,-37, ,
3, ,-37, ,
0, ,-37, ,
3, ,-37, ,
1, ,-38, ,
3, ,-38, ,
3, ,-37, ,
3, ,-38, ,
6, ,-37, ,
5, ,-37, ,
3, ,-38, ,
4, ,-38, ,
4, ,-37, ,
1, ,-38, ,
-1, ,-38, ,
3, ,-37, ,
0, ,-38, ,
3, ,-38, ,
3, ,-38, ,
4, ,-38, ,
4, ,-38, ,
6, ,-37, ,
1, ,-38, ,
4, ,-38, ,
4, ,-37, ,
5, ,-37, ,
1, ,-37, ,
8, ,-37, ,
6, ,-38, ,
4, ,-38, ,
4, ,-37, ,
1, ,-37, ,
4, ,-37, ,
5, ,-37, ,
0, ,-38, ,
5, ,-37, ,
9, ,-37, ,
5, ,-38, ,
3, ,-38, ,
6, ,-37, ,
6, ,-38, ,
5, ,-38, ,
1, ,-37, ,
4, ,-38, ,
5, ,-37, ,
6, ,-37, ,
5, ,-38, ,
6, ,-38, ,
6, ,-37, ,
4, ,-38, ,
1, ,-38, ,
6, ,-37, ,
4, ,-38, ,
4, ,-38, ,
3, ,-38, ,
6, ,-38, ,
3, ,-37, ,
4, ,-37, ,
-1, ,-38, ,
-1, ,-38, ,
5, ,-37, ,
1, ,-38, ,
-1, ,-38, ,
1, ,-37, ,
4, ,-38, ,
4, ,-37, ,
1, ,-37, ,
1, ,-38, ,
3, ,-37, ,
4, ,-37, ,
-1, ,-38, ,
0, ,-38, ,
3, ,-37, ,
3, ,-38, ,
-1, ,-38, ,
4, ,-37, ,
4, ,-38, ,
3, ,-38, ,
-1, ,-38, ,
-2, ,-38, ,
3, ,-37, ,
0, ,-37, ,
-5, ,-38, ,
3, ,-38, ,
3, ,-37, ,
0, ,-38, ,
-5, ,-38, ,
0, ,-37, ,
0, ,-38, ,
-1, ,-37, ,
-2, ,-37, ,
-1, ,-37, ,
1, ,-38, ,
1, ,-37, ,
-2, ,-38, ,
1, ,-38, ,
1, ,-37, ,
1, ,-37, ,
-1, ,-38, ,
4, ,-37, ,
4, ,-37, ,
1, ,-38, ,
-1, ,-37, ,
0, ,-37, ,
0, ,-37, ,
3, ,-37, ,
-5, ,-38, ,
0, ,-37, ,
5, ,-37, ,
0, ,-38, ,
1, ,-38, ,
5, ,-37, ,
3, ,-37, ,
3, ,-38, ,
-1, ,-38, ,
-1, ,-38, ,
-1, ,-38, ,
-2, ,-37, ,
-7, ,-38, ,
-2, ,-38, ,
-1, ,-37, ,
-2, ,-37, ,
-2, ,-38, ,
1, ,-37, ,
1, ,-38, ,
0, ,-37, ,
0, ,-37, ,
1, ,-37, ,
0, ,-38, ,
1, ,-37, ,
-1, ,-38, ,
1, ,-37, ,
-2, ,-37, ,
-2, ,-38, ,
-5, ,-38, ,
0, ,-37, ,
-2, ,-38, ,
0, ,-38, ,
-2, ,-37, ,
-2, ,-37, ,
-1, ,-37, ,
-1, ,-37, ,
-2, ,-38, ,
3, ,-38, ,
1, ,-37, ,
4, ,-37, ,
0, ,-37, ,
5, ,-37, ,
4, ,-38, ,
-4, ,-38, ,
-2, ,-37, ,
-4, ,-38, ,
-5, ,-38, ,
-2, ,-37, ,
-12, ,-38, ,
-9, ,-38, ,
-2, ,-37, ,
0, ,-38, ,
-4, ,-38, ,
0, ,-37, ,
0, ,-38, ,
-2, ,-38, ,
-5, ,-37, ,
-2, ,-38, ,
-4, ,-38, ,
-1, ,-37, ,
-4, ,-38, ,
-1, ,-38, ,
-1, ,-37, ,
-2, ,-38, ,
-5, ,-38, ,
-4, ,-37, ,
-4, ,-37, ,
-4, ,-38, ,
-5, ,-38, ,
0, ,-38, ,
-2, ,-37, ,
-1, ,-38, ,
-5, ,-38, ,
-2, ,-37, ,
3, ,-37, ,
-1, ,-38, ,
0, ,-38, ,
4, ,-37, ,
1, ,-38, ,
3, ,-38, ,
0, ,-37, ,
0, ,-38, ,
1, ,-38, ,
0, ,-37, ,
-5, ,-38, ,
-4, ,-38, ,
-2, ,-37, ,
-1, ,-38, ,
-7, ,-38, ,
-1, ,-37, ,
1, ,-38, ,
-1, ,-38, ,
-2, ,-37, ,
0, ,-37, ,
1, ,-37, ,
3, ,-37, ,
-1, ,-38, ,
0, ,-37, ,
4, ,-37, ,
1, ,-38, ,
-4, ,-37, ,
0, ,-37, ,
-2, ,-38, ,
-2, ,-38, ,
-2, ,-37, ,
-1, ,-38, ,
3, ,-37, ,
3, ,-37, ,
-1, ,-38, ,
4, ,-38, ,
0, ,-37, ,
0, ,-37, ,
-4, ,-38, ,
-2, ,-37, ,
-2, ,-38, ,
-4, ,-38, ,
-4, ,-37, ,
-1, ,-38, ,
-2, ,-38, ,
1, ,-37, ,
-4, ,-38, ,
0, ,-37, ,
1, ,-37, ,
-4, ,-37, ,
-4, ,-38, ,
4, ,-37, ,
1, ,-37, ,
4, ,-38, ,
0, ,-37, ,
1, ,-38, ,
1, ,-37, ,
0, ,-37, ,
-4, ,-38, ,
0, ,-38, ,
1, ,-37, ,
0, ,-37, ,
-4, ,-38, ,
4, ,-37, ,
-6, ,-38, ,
3, ,-38, ,
5, ,-38, ,
0, ,-37, ,
3, ,-37, ,
1, ,-37, ,
0, ,-38, ,
3, ,-38, ,
4, ,-37, ,
0, ,-37, ,
-2, ,-37, ,
3, ,-37, ,
0, ,-38, ,
-1, ,-38, ,
-2, ,-37, ,
-1, ,-38, ,
6, ,-38, ,
8, ,-37, ,
6, ,-38, ,
8, ,-38, ,
6, ,-37, ,
3, ,-37, ,
-1, ,-38, ,
4, ,-37, ,
3, ,-38, ,
3, ,-38, ,
4, ,-38, ,
4, ,-38, ,
4, ,-38, ,
4, ,-37, ,
-4, ,-38, ,
6, ,-38, ,
6, ,-37, ,
0, ,-37, ,
3, ,-38, ,
5, ,-37, ,
3, ,-38, ,
4, ,-37, ,
4, ,-37, ,
4, ,-37, ,
5, ,-38, ,
6, ,-37, ,
3, ,-38, ,
8, ,-38, ,
8, ,-37, ,
5, ,-38, ,
3, ,-38, ,
5, ,-37, ,
6, ,-38, ,
3, ,-38, ,
-1, ,-37, ,
4, ,-38, ,
3, ,-37, ,
4, ,-37, ,
0, ,-38, ,
1, ,-37, ,
6, ,-37, ,
0, ,-38, ,
-2, ,-38, ,
0, ,-37, ,
3, ,-38, ,
0, ,-38, ,
-1, ,-37, ,
1, ,-37, ,
5, ,-37, ,
4, ,-37, ,
-1, ,-38, ,
1, ,-38, ,
4, ,-37, ,
1, ,-37, ,
-1, ,-38, ,
4, ,-37, ,
4, ,-38, ,
1, ,-37, ,
1, ,-37, ,
4, ,-37, ,
4, ,-37, ,
4, ,-37, ,
0, ,-38, ,
3, ,-38, ,
4, ,-37, ,
0, ,-37, ,
0, ,-38, ,
3, ,-37, ,
3, ,-38, ,
1, ,-38, ,
-4, ,-38, ,
-1, ,-38, ,
1, ,-38, ,
5, ,-37, ,
1, ,-38, ,
5, ,-38, ,
4, ,-37, ,
4, ,-38, ,
1, ,-38, ,
4, ,-37, ,
6, ,-38, ,
1, ,-38, ,
1, ,-37, ,
3, ,-38, ,
0, ,-37, ,
1, ,-38, ,
0, ,-38, ,
11, ,-37, ,
8, ,-37, ,
1, ,-38, ,
4, ,-38, ,
8, ,-37, ,
1, ,-38, ,
3, ,-38, ,
4, ,-37, ,
4, ,-38, ,
1, ,-37, ,
0, ,-37, ,
-1, ,-38, ,
0, ,-38, ,
3, ,-37, ,
3, ,-38, ,
1, ,-38, ,
5, ,-37, ,
4, ,-38, ,
3, ,-38, ,
0, ,-37, ,
3, ,-38, ,
3, ,-37, ,
1, ,-37, ,
-2, ,-38, ,
1, ,-38, ,
4, ,-37, ,
-1, ,-38, ,
-2, ,-38, ,
3, ,-37, ,
0, ,-38, ,
1, ,-37, ,
-2, ,-37, ,
-1, ,-38, ,
1, ,-37, ,
-2, ,-37, ,
-2, ,-38, ,
0, ,-38, ,
1, ,-37, ,
1, ,-38, ,
1, ,-38, ,
5, ,-37, ,
3, ,-38, ,
0, ,-38, ,
1, ,-37, ,
0, ,-38, ,
3, ,-37, ,
3, ,-37, ,
-4, ,-38, ,
0, ,-38, ,
1, ,-37, ,
-1, ,-37, ,
-5, ,-38, ,
0, ,-37, ,
-2, ,-38, ,
1, ,-38, ,
-1, ,-37, ,
3, ,-38, ,
1, ,-38, ,
-1, ,-37, ,
-5, ,-38, ,
0, ,-38, ,
0, ,-37, ,
0, ,-38, ,
-2, ,-38, ,
3, ,-37, ,
3, ,-38, ,
-1, ,-38, ,
-4, ,-37, ,
-2, ,-38, ,
-4, ,-37, ,
1, ,-37, ,
-4, ,-38, ,
-1, ,-37, ,
3, ,-37, ,
0, ,-37, ,
1, ,-38, ,
4, ,-37, ,
1, ,-38, ,
3, ,-38, ,
0, ,-38, ,
4, ,-38, ,
3, ,-38, ,
1, ,-37, ,
-4, ,-38, ,
-1, ,-38, ,
-1, ,-37, ,
-1, ,-37, ,
-4, ,-38, ,
3, ,-37, ,
0, ,-38, ,
1, ,-38, ,
0, ,-38, ,
1, ,-38, ,
3, ,-37, ,
0, ,-37, ,
-4, ,-38, ,
0, ,-37, ,
-2, ,-37, ,
0, ,-38, ,
-11, ,-36, ,
-6, ,-30, ,
5, ,-19, ,
4, ,-9, ,
6, ,-1, ,
8, ,7, ,
8, ,14, ,
5, ,20, ,
-1, ,25, ,
5, ,28, ,
5, ,33, ,
8, ,36, ,
5, ,39, ,
8, ,40, ,
4, ,42, ,
0, ,44, ,
-1, ,46, ,
0, ,47, ,
0, ,49, ,
-2, ,50, ,
-5, ,51, ,
3, ,51, ,
3, ,52, ,
1, ,53, ,
1, ,53, ,
0, ,53, ,
-1, ,54, ,
-1, ,55, ,
-2, ,54, ,
3, ,54, ,
3, ,55, ,
1, ,54, ,
-1, ,56, ,
-1, ,55, ,
-1, ,55, ,
-4, ,56, ,
-5, ,56, ,
0, ,54, ,
1, ,56, ,
3, ,56, ,
3, ,55, ,
4, ,56, ,
3, ,56, ,
3, ,55, ,
-4, ,56, ,
-1, ,55, ,
1, ,55, ,
-1, ,56, ,
-1, ,56, ,
4, ,54, ,
3, ,56, ,
3, ,55, ,
3, ,56, ,
3, ,55, ,
3, ,56, ,
4, ,55, ,
1, ,57, ,
4, ,55, ,
5, ,55, ,
5, ,56, ,
1, ,56, ,
5, ,54, ,
1, ,56, ,
1, ,55, ,
1, ,56, ,
1, ,56, ,
1, ,56, ,
3, ,54, ,
-4, ,56, ,
1, ,55, ,
1, ,55, ,
-1, ,56, ,
-2, ,55, ,
0, ,54, ,
-4, ,56, ,
0, ,56, ,
3, ,55, ,
4, ,55, ,
5, ,55, ,
5, ,54, ,
0, ,56, ,
1, ,55, ,
1, ,55, ,
0, ,56, ,
-1, ,56, ,
3, ,54, ,
4, ,56, ,
1, ,56, ,
0, ,55, ,
1, ,55, ,
0, ,56, ,
1, ,54, ,
-4, ,56, ,
1, ,55, ,
3, ,55, ,
3, ,56, ,
1, ,55, ,
4, ,53, ,
3, ,56, ,
3, ,55, ,
-2, ,55, ,
0, ,55, ,
1, ,56, ,
1, ,54, ,
0, ,56, ,
3, ,55, ,
1, ,55, ,
1, ,56, ,
-6, ,56, ,
1, ,54, ,
-1, ,56, ,
0, ,55, ,
1, ,55, ,
3, ,55, ,
4, ,55, ,
6, ,54, ,
1, ,56, ,
4, ,55, ,
4, ,55, ,
-2, ,56, ,
-4, ,56, ,
0, ,54, ,
-1, ,56, ,
4, ,55, ,
3, ,55, ,
5, ,55, ,
6, ,55, ,
6, ,54, ,
3, ,56, ,
4, ,55, ,
4, ,55, ,
3, ,55, ,
1, ,56, ,
8, ,54, ,
1, ,56, ,
0, ,55, ,
3, ,55, ,
3, ,55, ,
3, ,55, ,
4, ,55, ,
1, ,56, ,
4, ,55, ,
8, ,55, ,
4, ,56, ,
0, ,56, ,
4, ,54, ,
1, ,56, ,
3, ,55, ,
-1, ,55, ,
3, ,55, ,
1, ,55, ,
1, ,54, ,
0, ,56, ,
3, ,54, ,
4, ,55, ,
3, ,56, ,
-1, ,55, ,
4, ,53, ,
1, ,56, ,
3, ,55, ,
0, ,55, ,
3, ,55, ,
1, ,56, ,
1, ,54, ,
-1, ,56, ,
0, ,55, ,
3, ,55, ,
0, ,55, ,
-2, ,55, ,
3, ,54, ,
-1, ,56, ,
0, ,55, ,
-2, ,55, ,
-2, ,55, ,
0, ,55, ,
-2, ,54, ,
-6, ,56, ,
0, ,54, ,
-1, ,55, ,
-1, ,55, ,
-4, ,55, ,
4, ,54, ,
1, ,56, ,
-2, ,55, ,
-1, ,55, ,
0, ,55, ,
-1, ,56, ,
0, ,54, ,
-2, ,56, ,
1, ,55, ,
5, ,55, ,
1, ,55, ,
-2, ,55, ,
0, ,54, ,
-1, ,56, ,
-1, ,55, ,
0, ,55, ,
1, ,55, ,
1, ,56, ,
4, ,55, ,
1, ,56, ,
5, ,54, ,
1, ,55, ,
3, ,55, ,
-1, ,55, ,
1, ,54, ,
0, ,56, ,
0, ,55, ,
-4, ,55, ,
-2, ,55, ,
-5, ,56, ,
-1, ,54, ,
-5, ,56, ,
-1, ,55, ,
3, ,55, ,
1, ,56, ,
0, ,55, ,
4, ,54, ,
3, ,56, ,
6, ,55, ,
-1, ,55, ,
0, ,55, ,
0, ,56, ,
-2, ,54, ,
-4, ,56, ,
-1, ,54, ,
-1, ,55, ,
-2, ,56, ,
-6, ,56, ,
-1, ,54, ,
-2, ,55, ,
0, ,55, ,
1, ,55, ,
1, ,55, ,
1, ,55, ,
3, ,55, ,
1, ,56, ,
3, ,55, ,
1, ,55, ,
0, ,55, ,
-4, ,55, ,
-1, ,53, ,
-1, ,56, ,
1, ,55, ,
0, ,55, ,
0, ,55, ,
0, ,56, ,
-1, ,54, ,
-4, ,56, ,
1, ,54, ,
1, ,55, ,
3, ,55, ,
3, ,55, ,
-2, ,53, ,
1, ,55, ,
3, ,55, ,
-6, ,55, ,
-1, ,55, ,
-2, ,56, ,
0, ,54, ,
-4, ,56, ,
0, ,54, ,
0, ,55, ,
-4, ,55, ,
-1, ,55, ,
1, ,54, ,
-1, ,56, ,
0, ,55, ,
-2, ,55, ,
0, ,55, ,
0, ,55, ,
1, ,54, ,
-1, ,55, ,
3, ,55, ,
4, ,55, ,
3, ,55, ,
-1, ,55, ,
4, ,54, ,
3, ,56, ,
1, ,55, ,
0, ,54, ,
3, ,55, ,
3, ,55, ,
0, ,54, ,
3, ,56, ,
4, ,55, ,
3, ,55, ,
0, ,56, ,
0, ,55, ,
5, ,54, ,
3, ,56, ,
3, ,55, ,
3, ,55, ,
3, ,55, ,
3, ,55, ,
-2, ,54, ,
-2, ,56, ,
1, ,54, ,
1, ,55, ,
1, ,55, ,
1, ,55, ,
8, ,54, ,
4, ,56, ,
4, ,55, ,
4, ,54, ,
4, ,55, ,
4, ,55, ,
5, ,54, ,
-2, ,56, ,
0, ,54, ,
3, ,55, ,
-1, ,55, ,
-2, ,55, ,
-1, ,53, ,
-2, ,56, ,
-1, ,56, ,
0, ,55, ,
1, ,55, ,
3, ,55, ,
5, ,54, ,
1, ,56, ,
5, ,54, ,
4, ,55, ,
0, ,56, ,
-4, ,55, ,
0, ,54, ,
0, ,56, ,
-2, ,55, ,
-2, ,55, ,
0, ,55, ,
0, ,56, ,
3, ,54, ,
-2, ,56, ,
0, ,54, ,
1, ,55, ,
0, ,55, ,
1, ,55, ,
4, ,54, ,
5, ,56, ,
6, ,55, ,
4, ,55, ,
3, ,55, ,
3, ,55, ,
-1, ,54, ,
-2, ,56, ,
-1, ,54, ,
1, ,55, ,
4, ,55, ,
0, ,55, ,
5, ,54, ,
4, ,56, ,
3, ,55, ,
3, ,55, ,
1, ,55, ,
1, ,55, ,
5, ,54, ,
1, ,56, ,
6, ,54, ,
3, ,55, ,
3, ,56, ,
-4, ,55, ,
3, ,54, ,
3, ,56, ,
3, ,55, ,
1, ,55, ,
5, ,55, ,
6, ,56, ,
8, ,54, ,
0, ,56, ,
4, ,54, ,
3, ,55, ,
3, ,55, ,
-1, ,55, ,
3, ,54, ,
5, ,55, ,
3, ,55, ,
4, ,54, ,
5, ,55, ,
3, ,56, ,
6, ,54, ,
0, ,56, ,
6, ,54, ,
5, ,55, ,
3, ,55, ,
3, ,55, ,
4, ,54, ,
0, ,56, ,
5, ,55, ,
1, ,55, ,
3, ,55, ,
4, ,56, ,
3, ,54, ,
1, ,56, ,
1, ,54, ,
3, ,55, ,
3, ,55, ,
-4, ,55, ,
1, ,53, ,
0, ,56, ,
0, ,55, ,
3, ,55, ,
5, ,55, ,
4, ,56, ,
3, ,54, ,
-2, ,55, ,
5, ,55, ,
6, ,55, ,
3, ,55, ,
0, ,55, ,
5, ,54, ,
-1, ,55, ,
1, ,55, ,
-2, ,55, ,
0, ,55, ,
4, ,55, ,
4, ,54, ,
0, ,56, ,
0, ,54, ,
0, ,55, ,
0, ,56, ,
-5, ,55, ,
4, ,54, ,
4, ,56, ,
-1, ,55, ,
-2, ,55, ,
1, ,55, ,
1, ,56, ,
4, ,55, ,
-1, ,56, ,
3, ,54, ,
4, ,55, ,
3, ,55, ,
-2, ,55, ,
3, ,54, ,
0, ,56, ,
3, ,55, ,
1, ,55, ,
1, ,55, ,
1, ,55, ,
4, ,54, ,
1, ,56, ,
4, ,54, ,
4, ,55, ,
1, ,55, ,
1, ,56, ,
4, ,54, ,
0, ,56, ,
-1, ,55, ,
-1, ,55, ,
1, ,55, ,
0, ,55, ,
3, ,54, ,
-1, ,56, ,
4, ,54, ,
6, ,55, ,
4, ,55, ,
3, ,55, ,
6, ,54, ,
1, ,56, ,
5, ,55, ,
-2, ,55, ,
-1, ,55, ,
0, ,56, ,
-1, ,54, ,
-6, ,56, ,
-1, ,54, ,
-2, ,55, ,
-1, ,55, ,
-5, ,55, ,
-1, ,54, ,
-2, ,55, ,
-2, ,55, ,
-4, ,55, ,
-2, ,55, ,
-2, ,55, ,
-2, ,54, ,
-4, ,56, ,
-1, ,54, ,
1, ,55, ,
-1, ,55, ,
1, ,55, ,
4, ,53, ,
1, ,56, ,
3, ,54, ,
3, ,55, ,
4, ,55, ,
4, ,55, ,
5, ,54, ,
1, ,56, ,
4, ,54, ,
3, ,55, ,
1, ,55, ,
-1, ,55, ,
-1, ,54, ,
-1, ,55, ,
0, ,55, ,
-4, ,55, ,
-2, ,55, ,
-4, ,56, ,
-2, ,54, ,
-6, ,56, ,
-2, ,54, ,
-2, ,55, ,
-4, ,56, ,
-4, ,55, ,
-2, ,54, ,
-5, ,56, ,
-2, ,55, ,
-6, ,55, ,
-2, ,55, ,
-1, ,55, ,
1, ,55, ,
-1, ,55, ,
4, ,55, ,
3, ,55, ,
6, ,56, ,
3, ,55, ,
5, ,54, ,
0, ,55, ,
-1, ,55, ,
-1, ,55, ,
-2, ,55, ,
-1, ,55, ,
1, ,54, ,
-2, ,56, ,
4, ,54, ,
6, ,55, ,
5, ,55, ,
0, ,55, ,
8, ,54, ,
0, ,56, ,
1, ,55, ,
-1, ,55, ,
-4, ,55, ,
0, ,55, ,
-1, ,54, ,
-5, ,56, ,
-1, ,54, ,
-1, ,55, ,
-1, ,55, ,
-5, ,55, ,
4, ,53, ,
4, ,55, ,
3, ,55, ,
1, ,55, ,
3, ,55, ,
1, ,56, ,
0, ,54, ,
-5, ,56, ,
-1, ,54, ,
-1, ,55, ,
-1, ,56, ,
-5, ,55, ,
0, ,53, ,
-1, ,55, ,
-2, ,55, ,
-5, ,55, ,
-2, ,55, ,
-2, ,55, ,
1, ,54, ,
-6, ,56, ,
0, ,54, ,
0, ,55, ,
-4, ,55, ,
-5, ,55, ,
-2, ,54, ,
-5, ,55, ,
-5, ,55, ,
-9, ,55, ,
-5, ,55, ,
-7, ,55, ,
-4, ,55, ,
-5, ,56, ,
0, ,55, ,
1, ,55, ,
0, ,55, ,
-4, ,55, ,
3, ,54, ,
1, ,56, ,
5, ,55, ,
5, ,54, ,
8, ,55, ,
9, ,56, ,
6, ,54, ,
4, ,56, ,
6, ,54, ,
6, ,55, ,
5, ,55, ,
5, ,55, ,
10, ,54, ,
9, ,56, ,
9, ,55, ,
6, ,55, ,
4, ,55, ,
5, ,56, ,
6, ,54, ,
3, ,56, ,
6, ,54, ,
6, ,55, ,
3, ,56, ,
3, ,55, ,
6, ,54, ,
4, ,56, ,
1, ,55, ,
0, ,55, ,
-1, ,55, ,
-2, ,56, ,
-2, ,54, ,
-7, ,56, ,
-2, ,54, ,
-5, ,55, ,
-4, ,55, ,
-6, ,55, ,
-1, ,54, ,
-1, ,55, ,
-4, ,55, ,
-4, ,55, ,
-1, ,55, ,
-1, ,56, ,
0, ,54, ,
-4, ,56, ,
0, ,54, ,
-1, ,55, ,
-4, ,55, ,
-6, ,55, ,
-1, ,54, ,
-4, ,56, ,
0, ,55, ,
0, ,54, ,
4, ,55, ,
1, ,55, ,
3, ,54, ,
-1, ,56, ,
0, ,54, ,
3, ,55, ,
-1, ,55, ,
-1, ,55, ,
3, ,54, ,
3, ,55, ,
1, ,55, ,
3, ,55, ,
5, ,55, ,
3, ,56, ,
1, ,54, ,
0, ,55, ,
4, ,54, ,
8, ,55, ,
5, ,55, ,
3, ,55, ,
6, ,54, ,
4, ,55, ,
6, ,55, ,
4, ,55, ,
5, ,55, ,
9, ,55, ,
6, ,54, ,
4, ,56, ,
8, ,54, ,
8, ,55, ,
5, ,55, ,
3, ,55, ,
8, ,54, ,
6, ,55, ,
6, ,55, ,
6, ,55, ,
6, ,55, ,
5, ,55, ,
8, ,55, ,
-1, ,56, ,
3, ,54, ,
3, ,55, ,
0, ,55, ,
-2, ,55, ,
-1, ,54, ,
0, ,55, ,
0, ,55, ,
-1, ,55, ,
1, ,55, ,
0, ,55, ,
3, ,54, ,
-4, ,56, ,
-1, ,55, ,
0, ,55, ,
-2, ,55, ,
-6, ,55, ,
-1, ,53, ,
0, ,55, ,
-1, ,55, ,
0, ,55, ,
0, ,55, ,
3, ,56, ,
4, ,54, ,
3, ,55, ,
4, ,54, ,
8, ,55, ,
5, ,56, ,
5, ,55, ,
9, ,54, ,
5, ,56, ,
10, ,55, ,
4, ,55, ,
8, ,55, ,
8, ,55, ,
6, ,54, ,
4, ,56, ,
5, ,54, ,
9, ,55, ,
3, ,55, ,
-10, ,55, ,
1, ,54, ,
-4, ,55, ,
-2, ,55, ,
-2, ,55, ,
-4, ,55, ,
-2, ,55, ,
-2, ,54, ,
-2, ,55, ,
-1, ,54, ,
1, ,55, ,
-1, ,55, ,
-2, ,55, ,
3, ,54, ,
0, ,56, ,
1, ,55, ,
0, ,55, ,
1, ,55, ,
3, ,55, ,
1, ,54, ,
-2, ,56, ,
6, ,54, ,
5, ,55, ,
4, ,55, ,
3, ,55, ,
8, ,53, ,
5, ,55, ,
5, ,55, ,
6, ,55, ,
5, ,55, ,
1, ,55, ,
9, ,54, ,
1, ,56, ,
4, ,54, ,
4, ,55, ,
0, ,56, ,
-2, ,55, ,
-5, ,52, ,
-6, ,47, ,
-10, ,37, ,
-14, ,26, ,
-12, ,18, ,
-14, ,9, ,
-11, ,3, ,
-11, ,-2, ,
-9, ,-7, ,
-9, ,-12, ,
-11, ,-16, ,
-7, ,-18, ,
3, ,-21, ,
9, ,-23, ,
13, ,-25, ,
11, ,-27, ,
10, ,-28, ,
1, ,-31, ,
0, ,-32, ,
-6, ,-33, ,
-5, ,-33, ,
1, ,-34, ,
-5, ,-35, ,
-7, ,-35, ,
0, ,-36, ,
1, ,-36, ,
3, ,-36, ,
-1, ,-36, ,
-1, ,-37, ,
1, ,-37, ,
-4, ,-37, ,
-6, ,-38, ,
-4, ,-38, ,
-1, ,-37, ,
1, ,-38, ,
-6, ,-38, ,
-5, ,-38, ,
-1, ,-38, ,
-4, ,-38, ,
-9, ,-38, ,
-4, ,-38, ,
-2, ,-38, ,
-6, ,-38, ,
-15, ,-39, ,
-5, ,-38, ,
-5, ,-38, ,
-14, ,-38, ,
-14, ,-38, ,
-7, ,-38, ,
-5, ,-38, ,
-1, ,-39, ,
-1, ,-38, ,
4, ,-38, ,
5, ,-38, ,
4, ,-38, ,
1, ,-39, ,
0, ,-38, ,
0, ,-38, ,
-2, ,-38, ,
-4, ,-38, ,
3, ,-38, ,
4, ,-38, ,
4, ,-38, ,
1, ,-38, ,
3, ,-38, ,
3, ,-38, ,
5, ,-38, ,
1, ,-38, ,
5, ,-38, ,
9, ,-38, ,
4, ,-38, ,
0, ,-38, ,
1, ,-37, ,
-1, ,-38, ,
0, ,-38, ,
-7, ,-38, ,
-5, ,-38, ,
-2, ,-38, ,
-5, ,-37, ,
-4, ,-38, ,
-4, ,-38, ,
1, ,-37, ,
-2, ,-38, ,
-6, ,-38, ,
-4, ,-37, ,
-4, ,-38, ,
-4, ,-38, ,
-4, ,-38, ,
-2, ,-38, ,
-1, ,-38, ,
3, ,-37, ,
1, ,-38, ,
5, ,-38, ,
5, ,-38, ,
3, ,-38, ,
4, ,-38, ,
10, ,-37, ,
8, ,-38, ,
6, ,-38, ,
4, ,-37, ,
0, ,-38, ,
3, ,-38, ,
-2, ,-37, ,
-6, ,-38, ,
1, ,-38, ,
1, ,-37, ,
4, ,-38, ,
5, ,-38, ,
8, ,-37, ,
8, ,-38, ,
0, ,-38, ,
0, ,-38, ,
-1, ,-38, ,
-2, ,-37, ,
0, ,-37, ,
-6, ,-38, ,
0, ,-37, ,
3, ,-38, ,
-2, ,-37, ,
-2, ,-38, ,
0, ,-37, ,
3, ,-37, ,
1, ,-38, ,
0, ,-37, ,
3, ,-38, ,
3, ,-37, ,
5, ,-37, ,
1, ,-38, ,
1, ,-38, ,
3, ,-37, ,
1, ,-38, ,
0, ,-38, ,
5, ,-37, ,
9, ,-38, ,
6, ,-38, ,
-6, ,-37, ,
3, ,-38, ,
8, ,-37, ,
0, ,-37, ,
-2, ,-38, ,
4, ,-38, ,
5, ,-37, ,
-2, ,-38, ,
-1, ,-38, ,
4, ,-37, ,
1, ,-38, ,
3, ,-38, ,
-1, ,-38, ,
-2, ,-37, ,
-1, ,-37, ,
-4, ,-38, ,
-6, ,-38, ,
-5, ,-38, ,
-1, ,-37, ,
-1, ,-38, ,
-4, ,-38, ,
3, ,-37, ,
3, ,-38, ,
1, ,-38, ,
3, ,-37, ,
4, ,-38, ,
8, ,-37, ,
9, ,-37, ,
4, ,-38, ,
8, ,-38, ,
9, ,-37, ,
6, ,-37, ,
6, ,-38, ,
10, ,-37, ,
9, ,-38, ,
9, ,-38, ,
10, ,-37, ,
9, ,-38, ,
10, ,-37, ,
9, ,-37, ,
1, ,-38, ,
6, ,-38, ,
4, ,-37, ,
0, ,-38, ,
-1, ,-38, ,
1, ,-37, ,
1, ,-38, ,
0, ,-38, ,
1, ,-38, ,
1, ,-38, ,
0, ,-37, ,
1, ,-37, ,
-4, ,-38, ,
-2, ,-38, ,
0, ,-37, ,
-1, ,-37, ,
-4, ,-37, ,
1, ,-37, ,
1, ,-38, ,
3, ,-38, ,
0, ,-38, ,
4, ,-37, ,
5, ,-38, ,
5, ,-37, ,
3, ,-38, ,
4, ,-38, ,
3, ,-37, ,
3, ,-38, ,
-5, ,-38, ,
3, ,-37, ,
3, ,-38, ,
0, ,-38, ,
0, ,-38, ,
1, ,-38, ,
3, ,-37, ,
4, ,-37, ,
0, ,-38, ,
6, ,-37, ,
10, ,-37, ,
6, ,-38, ,
5, ,-38, ,
9, ,-37, ,
6, ,-38, ,
8, ,-38, ,
6, ,-38, ,
5, ,-38, ,
8, ,-37, ,
4, ,-37, ,
0, ,-38, ,
3, ,-38, ,
5, ,-37, ,
4, ,-38, ,
4, ,-38, ,
5, ,-37, ,
9, ,-38, ,
6, ,-38, ,
8, ,-38, ,
5, ,-38, ,
4, ,-37, ,
6, ,-37, ,
0, ,-38, ,
3, ,-38, ,
0, ,-37, ,
-1, ,-37, ,
-1, ,-38, ,
1, ,-37, ,
0, ,-37, ,
1, ,-38, ,
1, ,-37, ,
1, ,-38, ,
3, ,-37, ,
0, ,-37, ,
-2, ,-38, ,
1, ,-38, ,
5, ,-37, ,
0, ,-38, ,
-2, ,-38, ,
3, ,-37, ,
-1, ,-38, ,
-1, ,-38, ,
-1, ,-37, ,
0, ,-38, ,
1, ,-37, ,
5, ,-37, ,
-2, ,-38, ,
0, ,-37, ,
5, ,-37, ,
1, ,-38, ,
-1, ,-38, ,
5, ,-37, ,
1, ,-37, ,
3, ,-38, ,
1, ,-37, ,
0, ,-38, ,
3, ,-38, ,
3, ,-37, ,
-1, ,-38, ,
4, ,-38, ,
1, ,-37, ,
3, ,-38, ,
-2, ,-38, ,
5, ,-37, ,
4, ,-38, ,
1, ,-38, ,
0, ,-37, ,
3, ,-38, ,
1, ,-37, ,
5, ,-37, ,
-2, ,-38, ,
4, ,-37, ,
6, ,-37, ,
0, ,-37, ,
-5, ,-38, ,
1, ,-37, ,
0, ,-37, ,
-1, ,-38, ,
-5, ,-37, ,
-1, ,-38, ,
0, ,-38, ,
0, ,-37, ,
-2, ,-38, ,
-1, ,-38, ,
-1, ,-37, ,
-4, ,-37, ,
-7, ,-38, ,
-2, ,-37, ,
-1, ,-38, ,
-4, ,-38, ,
-5, ,-37, ,
-5, ,-38, ,
-4, ,-37, ,
-5, ,-37, ,
-11, ,-38, ,
-6, ,-37, ,
-6, ,-37, ,
-9, ,-37, ,
-10, ,-38, ,
-6, ,-37, ,
-9, ,-38, ,
-6, ,-38, ,
-9, ,-37, ,
-7, ,-38, ,
-7, ,-37, ,
-6, ,-37, ,
-9, ,-38, ,
-4, ,-38, ,
-2, ,-37, ,
-4, ,-37, ,
-10, ,-38, ,
-5, ,-37, ,
-6, ,-38, ,
-9, ,-38, ,
-10, ,-37, ,
-9, ,-38, ,
-5, ,-37, ,
-1, ,-37, ,
-1, ,-38, ,
3, ,-38, ,
3, ,-37, ,
-4, ,-37, ,
-4, ,-38, ,
-1, ,-37, ,
-5, ,-38, ,
-5, ,-38, ,
-4, ,-37, ,
-2, ,-38, ,
-2, ,-37, ,
-5, ,-37, ,
-10, ,-38, ,
-5, ,-38, ,
-6, ,-37, ,
-5, ,-38, ,
-6, ,-38, ,
-2, ,-37, ,
-1, ,-38, ,
-2, ,-38, ,
-4, ,-38, ,
-2, ,-38, ,
-2, ,-37, ,
-2, ,-37, ,
-7, ,-38, ,
-2, ,-38, ,
0, ,-37, ,
-6, ,-37, ,
-7, ,-38, ,
-2, ,-37, ,
-5, ,-37, ,
-5, ,-38, ,
-6, ,-37, ,
-2, ,-37, ,
0, ,-37, ,
-1, ,-37, ,
-2, ,-38, ,
3, ,-38, ,
6, ,-37, ,
4, ,-37, ,
1, ,-37, ,
4, ,-37, ,
3, ,-38, ,
0, ,-38, ,
0, ,-38, ,
1, ,-38, ,
3, ,-37, ,
3, ,-37, ,
1, ,-38, ,
3, ,-37, ,
6, ,-37, ,
1, ,-37, ,
1, ,-38, ,
4, ,-37, ,
1, ,-37, ,
0, ,-38, ,
-2, ,-38, ,
-4, ,-38, ,
4, ,-37, ,
-1, ,-38, ,
-4, ,-38, ,
3, ,-38, ,
-1, ,-37, ,
0, ,-38, ,
-4, ,-38, ,
3, ,-37, ,
4, ,-38, ,
1, ,-38, ,
3, ,-38, ,
4, ,-37, ,
0, ,-37, ,
3, ,-37, ,
-2, ,-38, ,
5, ,-38, ,
10, ,-37, ,
9, ,-37, ,
6, ,-38, ,
8, ,-37, ,
5, ,-38, ,
4, ,-38, ,
1, ,-37, ,
3, ,-38, ,
5, ,-37, ,
6, ,-37, ,
0, ,-38, ,
-5, ,-37, ,
4, ,-37, ,
3, ,-37, ,
-4, ,-38, ,
4, ,-37, ,
3, ,-38, ,
3, ,-38, ,
-2, ,-38, ,
3, ,-37, ,
0, ,-37, ,
1, ,-37, ,
-4, ,-38, ,
-1, ,-37, ,
1, ,-37, ,
0, ,-38, ,
1, ,-38, ,
5, ,-37, ,
4, ,-38, ,
6, ,-37, ,
6, ,-37, ,
10, ,-38, ,
10, ,-37, ,
8, ,-37, ,
8, ,-38, ,
8, ,-37, ,
10, ,-37, ,
9, ,-37, ,
5, ,-38, ,
10, ,-37, ,
8, ,-38, ,
6, ,-38, ,
11, ,-37, ,
9, ,-38, ,
6, ,-37, ,
9, ,-37, ,
3, ,-38, ,
6, ,-37, ,
9, ,-37, ,
6, ,-37, ,
4, ,-38, ,
10, ,-37, ,
5, ,-38, ,
4, ,-38, ,
1, ,-38, ,
1, ,-38, ,
4, ,-37, ,
0, ,-37, ,
-4, ,-38, ,
0, ,-38, ,
0, ,-37, ,
-2, ,-38, ,
-2, ,-37, ,
3, ,-37, ,
5, ,-38, ,
4, ,-38, ,
6, ,-37, ,
8, ,-38, ,
4, ,-37, ,
6, ,-37, ,
-1, ,-38, ,
3, ,-37, ,
5, ,-37, ,
3, ,-38, ,
3, ,-38, ,
6, ,-37, ,
5, ,-38, ,
8, ,-38, ,
5, ,-37, ,
9, ,-38, ,
9, ,-37, ,
6, ,-37, ,
4, ,-38, ,
4, ,-38, ,
5, ,-37, ,
5, ,-38, ,
4, ,-38, ,
6, ,-37, ,
4, ,-38, ,
4, ,-38, ,
1, ,-37, ,
4, ,-38, ,
4, ,-37, ,
4, ,-37, ,
-1, ,-38, ,
0, ,-37, ,
1, ,-37, ,
-2, ,-37, ,
-4, ,-38, ,
3, ,-37, ,
1, ,-38, ,
3, ,-38, ,
3, ,-37, ,
4, ,-38, ,
5, ,-37, ,
4, ,-37, ,
0, ,-38, ,
4, ,-38, ,
6, ,-37, ,
5, ,-38, ,
3, ,-38, ,
9, ,-37, ,
9, ,-38, ,
6, ,-38, ,
5, ,-37, ,
4, ,-38, ,
5, ,-37, ,
5, ,-38, ,
-2, ,-38, ,
3, ,-38, ,
3, ,-37, ,
0, ,-38, ,
-1, ,-38, ,
1, ,-37, ,
0, ,-38, ,
-4, ,-38, ,
-5, ,-37, ,
0, ,-38, ,
-1, ,-38, ,
-6, ,-37, ,
-11, ,-38, ,
-6, ,-38, ,
-4, ,-37, ,
-5, ,-38, ,
-7, ,-38, ,
-2, ,-37, ,
-4, ,-38, ,
-6, ,-37, ,
-7, ,-37, ,
-2, ,-38, ,
-1, ,-37, ,
4, ,-37, ,
0, ,-38, ,
3, ,-37, ,
5, ,-37, ,
1, ,-37, ,
0, ,-38, ,
5, ,-37, ,
0, ,-38, ,
0, ,-38, ,
-1, ,-37, ,
4, ,-38, ,
4, ,-38, ,
3, ,-37, ,
-1, ,-38, ,
0, ,-38, ,
0, ,-37, ,
0, ,-37, ,
-2, ,-38, ,
3, ,-37, ,
0, ,-38, ,
-2, ,-38, ,
-4, ,-38, ,
-7, ,-38, ,
-7, ,-37, ,
-6, ,-37, ,
-9, ,-38, ,
-2, ,-38, ,
-2, ,-37, ,
-2, ,-37, ,
-7, ,-38, ,
-4, ,-37, ,
-7, ,-38, ,
-7, ,-38, ,
-11, ,-37, ,
-7, ,-38, ,
-5, ,-37, ,
-6, ,-37, ,
-7, ,-38, ,
-4, ,-38, ,
-2, ,-37, ,
-4, ,-38, ,
-5, ,-38, ,
0, ,-37, ,
0, ,-38, ,
-1, ,-38, ,
-1, ,-38, ,
3, ,-38, ,
0, ,-37, ,
8, ,-37, ,
1, ,-38, ,
1, ,-38, ,
1, ,-37, ,
-4, ,-37, ,
-7, ,-38, ,
-2, ,-37, ,
-4, ,-38, ,
-2, ,-38, ,
-5, ,-37, ,
-5, ,-38, ,
-2, ,-37, ,
-4, ,-37, ,
-11, ,-38, ,
-5, ,-38, ,
-2, ,-37, ,
-5, ,-38, ,
-7, ,-38, ,
-1, ,-37, ,
-2, ,-38, ,
-4, ,-37, ,
-5, ,-38, ,
-2, ,-38, ,
-1, ,-38, ,
0, ,-37, ,
-2, ,-38, ,
1, ,-38, ,
4, ,-37, ,
0, ,-37, ,
-5, ,-37, ,
0, ,-37, ,
-2, ,-38, ,
-1, ,-38, ,
-1, ,-37, ,
0, ,-38, ,
4, ,-37, ,
4, ,-37, ,
1, ,-38, ,
3, ,-38, ,
1, ,-37, ,
0, ,-38, ,
-5, ,-38, ,
0, ,-37, ,
0, ,-38, ,
-4, ,-38, ,
-5, ,-37, ,
-4, ,-38, ,
-2, ,-38, ,
-1, ,-37, ,
-7, ,-38, ,
-1, ,-38, ,
0, ,-37, ,
-2, ,-38, ,
-2, ,-38, ,
-1, ,-37, ,
-2, ,-37, ,
-1, ,-38, ,
-5, ,-37, ,
-4, ,-38, ,
-2, ,-37, ,
1, ,-37, ,
-4, ,-38, ,
0, ,-38, ,
3, ,-37, ,
1, ,-37, ,
-1, ,-38, ,
3, ,-37, ,
1, ,-38, ,
1, ,-37, ,
1, ,-38, ,
1, ,-38, ,
0, ,-37, ,
1, ,-37, ,
-1, ,-38, ,
0, ,-38, ,
3, ,-37, ,
-1, ,-38, ,
-2, ,-38, ,
0, ,-37, ,
-2, ,-38, ,
1, ,-38, ,
-4, ,-38, ,
0, ,-38, ,
1, ,-38, ,
0, ,-37, ,
0, ,-38, ,
0, ,-38, ,
1, ,-37, ,
-1, ,-38, ,
-6, ,-38, ,
-2, ,-37, ,
-2, ,-38, ,
-2, ,-38, ,
1, ,-37, ,
-1, ,-38, ,
1, ,-37, ,
3, ,-38, ,
-4, ,-38, ,
4, ,-38, ,
6, ,-37, ,
4, ,-37, ,
4, ,-38, ,
5, ,-37, ,
5, ,-38, ,
5, ,-38, ,
4, ,-37, ,
3, ,-38, ,
5, ,-38, ,
3, ,-37, ,
1, ,-38, ,
3, ,-38, ,
5, ,-37, ,
6, ,-37, ,
4, ,-37, ,
10, ,-37, ,
10, ,-38, ,
5, ,-38, ,
6, ,-37, ,
5, ,-38, ,
6, ,-37, ,
5, ,-37, ,
3, ,-38, ,
5, ,-38, ,
4, ,-37, ,
0, ,-37, ,
-1, ,-38, ,
4, ,-37, ,
3, ,-38, ,
5, ,-38, ,
3, ,-38, ,
5, ,-38, ,
5, ,-38, ,
4, ,-37, ,
1, ,-38, ,
3, ,-38, ,
5, ,-37, ,
5, ,-37, ,
4, ,-38, ,
9, ,-37, ,
8, ,-38, ,
8, ,-38, ,
5, ,-37, ,
6, ,-38, ,
6, ,-38, ,
9, ,-38, ,
3, ,-38, ,
4, ,-37, ,
6, ,-37, ,
4, ,-37, ,
0, ,-38, ,
5, ,-37, ,
1, ,-35, ,
3, ,-26, ,
5, ,-16, ,
6, ,-6, ,
9, ,2, ,
10, ,9, ,
4, ,16, ,
6, ,21, ,
8, ,26, ,
6, ,31, ,
5, ,34, ,
14, ,36, ,
10, ,40, ,
5, ,41, ,
4, ,44, ,
4, ,45, ,
4, ,46, ,
6, ,47, ,
0, ,50, ,
6, ,50, ,
6, ,51, ,
3, ,52, ,
1, ,53, ,
6, ,51, ,
5, ,54, ,
5, ,54, ,
3, ,54, ,
4, ,54, ,
1, ,55, ,
4, ,53, ,
-1, ,56, ,
3, ,54, ,
3, ,55, ,
1, ,56, ,
0, ,55, ,
6, ,54, ,
6, ,56, ,
5, ,55, ,
3, ,55, ,
3, ,56, ,
0, ,56, ,
3, ,55, ,
-4, ,56, ,
-1, ,55, ,
3, ,55, ,
0, ,56, ,
0, ,56, ,
4, ,54, ,
0, ,56, ,
0, ,55, ,
0, ,55, ,
3, ,56, ,
3, ,56, ,
4, ,54, ,
3, ,56, ,
4, ,55, ,
0, ,56, ,
0, ,56, ,
-2, ,55, ,
1, ,54, ,
0, ,56, ,
0, ,56, ,
3, ,55, ,
1, ,55, ,
3, ,56, ,
5, ,54, ,
1, ,56, ,
1, ,55, ,
3, ,56, ,
1, ,56, ,
0, ,55, ,
5, ,54, ,
3, ,56, ,
4, ,56, ,
3, ,55, ,
1, ,55, ,
-1, ,56, ,
-2, ,55, ,
-5, ,56, ,
-1, ,55, ,
0, ,55, ,
1, ,56, ,
-1, ,56, ,
4, ,54, ,
0, ,56, ,
-2, ,55, ,
0, ,55, ,
1, ,55, ,
-1, ,56, ,
3, ,54, ,
-1, ,56, ,
0, ,54, ,
1, ,55, ,
-2, ,56, ,
-4, ,56, ,
-1, ,54, ,
-4, ,56, ,
0, ,55, ,
-1, ,55, ,
0, ,55, ,
1, ,56, ,
1, ,55, ,
0, ,56, ,
-2, ,55, ,
-1, ,55, ,
-1, ,56, ,
-7, ,55, ,
0, ,54, ,
0, ,56, ,
1, ,55, ,
0, ,55, ,
1, ,55, ,
0, ,56, ,
1, ,54, ,
-7, ,56, ,
-2, ,55, ,
-1, ,55, ,
-5, ,55, ,
-7, ,55, ,
0, ,54, ,
-5, ,56, ,
-2, ,55, ,
-4, ,55, ,
-1, ,55, ,
3, ,56, ,
-2, ,55, ,
-5, ,56, ,
6, ,55, ,
1, ,55, ,
-2, ,56, ,
-2, ,55, ,
-1, ,54, ,
-2, ,56, ,
-4, ,55, ,
-2, ,55, ,
-2, ,55, ,
-2, ,55, ,
1, ,54, ,
-4, ,56, ,
0, ,54, ,
1, ,55, ,
-1, ,55, ,
-4, ,56, ,
-1, ,54, ,
-2, ,55, ,
0, ,55, ,
-2, ,55, ,
5, ,55, ,
3, ,55, ,
3, ,54, ,
-1, ,56, ,
0, ,55, ,
-1, ,55, ,
-2, ,55, ,
-1, ,55, ,
1, ,54, ,
1, ,56, ,
5, ,55, ,
-1, ,55, ,
0, ,55, ,
-1, ,56, ,
1, ,54, ,
-4, ,56, ,
-1, ,54, ,
-1, ,55, ,
0, ,56, ,
-4, ,55, ,
-1, ,53, ,
-2, ,56, ,
-2, ,55, ,
-6, ,55, ,
0, ,55, ,
3, ,55, ,
-1, ,54, ,
-5, ,56, ,
3, ,55, ,
6, ,55, ,
-1, ,55, ,
-5, ,55, ,
1, ,54, ,
-2, ,55, ,
-4, ,56, ,
-4, ,55, ,
-2, ,55, ,
-2, ,55, ,
1, ,54, ,
-1, ,56, ,
5, ,55, ,
4, ,55, ,
0, ,55, ,
-1, ,55, ,
3, ,54, ,
-2, ,56, ,
3, ,55, ,
0, ,55, ,
3, ,55, ,
4, ,56, ,
3, ,55, ,
-1, ,56, ,
3, ,54, ,
1, ,55, ,
3, ,55, ,
1, ,55, ,
4, ,54, ,
4, ,56, ,
1, ,55, ,
3, ,55, ,
5, ,55, ,
1, ,56, ,
4, ,54, ,
-1, ,56, ,
1, ,54, ,
5, ,55, ,
1, ,55, ,
1, ,55, ,
3, ,54, ,
3, ,56, ,
1, ,55, ,
-1, ,55, ,
-1, ,55, ,
0, ,55, ,
0, ,54, ,
-2, ,56, ,
0, ,54, ,
5, ,55, ,
4, ,55, ,
4, ,55, ,
8, ,54, ,
5, ,56, ,
3, ,55, ,
0, ,55, ,
4, ,55, ,
3, ,55, ,
5, ,55, ,
-1, ,56, ,
1, ,54, ,
3, ,55, ,
0, ,56, ,
-4, ,55, ,
1, ,54, ,
0, ,56, ,
5, ,55, ,
3, ,55, ,
4, ,55, ,
4, ,55, ,
1, ,54, ,
-1, ,55, ,
1, ,55, ,
3, ,55, ,
4, ,55, ,
1, ,55, ,
3, ,53, ,
1, ,55, ,
0, ,55, ,
0, ,55, ,
-1, ,55, ,
1, ,56, ,
4, ,54, ,
-2, ,55, ,
3, ,55, ,
5, ,55, ,
5, ,56, ,
1, ,55, ,
5, ,54, ,
0, ,56, ,
1, ,55, ,
-1, ,55, ,
8, ,55, ,
0, ,55, ,
0, ,54, ,
-5, ,56, ,
3, ,54, ,
3, ,55, ,
3, ,55, ,
5, ,55, ,
6, ,54, ,
1, ,56, ,
3, ,55, ,
3, ,55, ,
4, ,55, ,
1, ,55, ,
4, ,54, ,
-1, ,56, ,
0, ,54, ,
4, ,55, ,
0, ,55, ,
1, ,55, ,
4, ,54, ,
4, ,56, ,
5, ,54, ,
1, ,55, ,
5, ,55, ,
3, ,55, ,
3, ,54, ,
1, ,55, ,
3, ,54, ,
4, ,55, ,
4, ,55, ,
-1, ,55, ,
4, ,53, ,
3, ,56, ,
1, ,55, ,
0, ,55, ,
3, ,55, ,
4, ,55, ,
5, ,54, ,
1, ,56, ,
6, ,54, ,
5, ,55, ,
3, ,55, ,
3, ,56, ,
3, ,53, ,
3, ,56, ,
4, ,55, ,
-2, ,55, ,
-1, ,55, ,
4, ,55, ,
1, ,54, ,
-5, ,56, ,
-4, ,54, ,
-1, ,55, ,
0, ,55, ,
-4, ,55, ,
4, ,53, ,
3, ,55, ,
1, ,55, ,
3, ,55, ,
3, ,55, ,
-1, ,55, ,
1, ,54, ,
-9, ,56, ,
-4, ,54, ,
0, ,55, ,
0, ,55, ,
1, ,55, ,
0, ,54, ,
-1, ,56, ,
-1, ,55, ,
-4, ,55, ,
4, ,55, ,
1, ,55, ,
4, ,54, ,
-1, ,56, ,
1, ,54, ,
1, ,55, ,
3, ,55, ,
-1, ,55, ,
3, ,54, ,
3, ,55, ,
3, ,55, ,
1, ,55, ,
1, ,55, ,
-1, ,55, ,
0, ,54, ,
-7, ,56, ,
-4, ,54, ,
-1, ,55, ,
-4, ,55, ,
-7, ,55, ,
-2, ,54, ,
-5, ,55, ,
3, ,55, ,
1, ,55, ,
5, ,55, ,
5, ,55, ,
5, ,54, ,
0, ,56, ,
3, ,54, ,
4, ,55, ,
3, ,55, ,
-2, ,55, ,
1, ,54, ,
-1, ,55, ,
-2, ,55, ,
0, ,55, ,
-1, ,55, ,
-4, ,56, ,
0, ,54, ,
-5, ,56, ,
0, ,54, ,
3, ,55, ,
0, ,56, ,
-2, ,55, ,
1, ,53, ,
-1, ,56, ,
0, ,55, ,
0, ,55, ,
1, ,55, ,
0, ,56, ,
1, ,54, ,
-2, ,56, ,
-2, ,54, ,
-1, ,55, ,
-5, ,55, ,
-6, ,55, ,
1, ,54, ,
-1, ,55, ,
0, ,55, ,
-1, ,55, ,
1, ,55, ,
0, ,55, ,
3, ,54, ,
-4, ,56, ,
-1, ,55, ,
0, ,55, ,
-5, ,55, ,
-4, ,55, ,
0, ,54, ,
0, ,56, ,
1, ,55, ,
-1, ,55, ,
4, ,55, ,
3, ,55, ,
0, ,54, ,
-1, ,55, ,
1, ,54, ,
0, ,55, ,
1, ,56, ,
-1, ,55, ,
6, ,54, ,
1, ,56, ,
-1, ,55, ,
-1, ,55, ,
-2, ,55, ,
1, ,55, ,
0, ,55, ,
-2, ,55, ,
1, ,54, ,
1, ,55, ,
-1, ,55, ,
-4, ,55, ,
1, ,53, ,
-1, ,56, ,
0, ,55, ,
-2, ,55, ,
0, ,55, ,
3, ,55, ,
4, ,54, ,
0, ,56, ,
5, ,55, ,
4, ,55, ,
3, ,55, ,
0, ,55, ,
1, ,54, ,
3, ,56, ,
0, ,55, ,
1, ,55, ,
5, ,55, ,
3, ,55, ,
6, ,54, ,
-1, ,56, ,
1, ,54, ,
5, ,55, ,
3, ,55, ,
-1, ,55, ,
3, ,53, ,
3, ,56, ,
3, ,55, ,
0, ,55, ,
-1, ,55, ,
-4, ,55, ,
1, ,54, ,
-5, ,56, ,
0, ,55, ,
3, ,55, ,
1, ,56, ,
1, ,55, ,
6, ,54, ,
1, ,56, ,
1, ,55, ,
3, ,55, ,
1, ,55, ,
1, ,55, ,
5, ,54, ,
-2, ,55, ,
0, ,55, ,
4, ,55, ,
-1, ,55, ,
-6, ,56, ,
-1, ,54, ,
-2, ,56, ,
3, ,55, ,
3, ,55, ,
3, ,55, ,
5, ,55, ,
4, ,54, ,
4, ,55, ,
5, ,54, ,
3, ,55, ,
3, ,55, ,
-1, ,55, ,
1, ,54, ,
0, ,55, ,
0, ,55, ,
0, ,55, ,
1, ,55, ,
3, ,55, ,
5, ,54, ,
0, ,56, ,
5, ,54, ,
5, ,55, ,
5, ,55, ,
3, ,55, ,
8, ,53, ,
5, ,56, ,
5, ,55, ,
1, ,55, ,
3, ,55, ,
3, ,55, ,
3, ,54, ,
1, ,56, ,
5, ,54, ,
5, ,55, ,
5, ,55, ,
5, ,55, ,
5, ,54, ,
4, ,56, ,
4, ,55, ,
1, ,55, ,
4, ,55, ,
3, ,56, ,
6, ,55, ,
1, ,56, ,
4, ,55, ,
5, ,55, ,
1, ,55, ,
3, ,55, ,
5, ,54, ,
0, ,56, ,
3, ,55, ,
1, ,55, ,
4, ,55, ,
6, ,55, ,
4, ,54, ,
0, ,56, ,
3, ,55, ,
3, ,55, ,
1, ,56, ,
-1, ,55, ,
5, ,53, ,
1, ,55, ,
1, ,55, ,
0, ,55, ,
0, ,55, ,
0, ,55, ,
3, ,54, ,
-1, ,56, ,
5, ,55, ,
5, ,55, ,
5, ,55, ,
4, ,55, ,
5, ,54, ,
1, ,56, ,
3, ,55, ,
1, ,54, ,
1, ,55, ,
3, ,55, ,
3, ,54, ,
0, ,56, ,
3, ,55, ,
1, ,55, ,
3, ,55, ,
0, ,55, ,
0, ,54, ,
0, ,56, ,
-1, ,55, ,
0, ,55, ,
1, ,55, ,
0, ,55, ,
1, ,54, ,
-4, ,56, ,
1, ,55, ,
3, ,55, ,
0, ,55, ,
-1, ,55, ,
6, ,54, ,
0, ,56, ,
3, ,55, ,
-2, ,55, ,
-2, ,55, ,
5, ,55, ,
-1, ,54, ,
-5, ,56, ,
1, ,54, ,
1, ,55, ,
0, ,55, ,
1, ,55, ,
10, ,53, ,
6, ,56, ,
5, ,55, ,
1, ,55, ,
1, ,55, ,
-1, ,55, ,
1, ,54, ,
-2, ,55, ,
-1, ,54, ,
3, ,55, ,
0, ,56, ,
-2, ,56, ,
3, ,54, ,
0, ,55, ,
3, ,55, ,
1, ,55, ,
1, ,55, ,
5, ,55, ,
4, ,55, ,
0, ,56, ,
3, ,54, ,
-1, ,55, ,
0, ,55, ,
0, ,55, ,
0, ,54, ,
3, ,55, ,
-1, ,55, ,
-4, ,55, ,
-4, ,55, ,
-5, ,55, ,
-2, ,54, ,
-4, ,56, ,
-1, ,55, ,
0, ,55, ,
-2, ,55, ,
1, ,55, ,
4, ,54, ,
-1, ,56, ,
1, ,55, ,
-1, ,55, ,
-1, ,55, ,
-1, ,55, ,
-1, ,54, ,
-6, ,56, ,
-1, ,54, ,
-4, ,55, ,
-2, ,55, ,
-2, ,55, ,
3, ,54, ,
-1, ,56, ,
-1, ,55, ,
-6, ,55, ,
-1, ,55, ,
-5, ,56, ,
-1, ,54, ,
-4, ,56, ,
-2, ,55, ,
-1, ,55, ,
-2, ,56, ,
-4, ,55, ,
-1, ,54, ,
-4, ,56, ,
1, ,55, ,
1, ,55, ,
3, ,55, ,
1, ,55, ,
1, ,55, ,
-1, ,56, ,
1, ,54, ,
1, ,55, ,
1, ,55, ,
-4, ,55, ,
3, ,54, ,
1, ,55, ,
1, ,55, ,
1, ,55, ,
1, ,55, ,
1, ,56, ,
4, ,54, ,
-4, ,56, ,
-1, ,54, ,
0, ,55, ,
0, ,56, ,
-2, ,55, ,
3, ,54, ,
1, ,55, ,
0, ,55, ,
-1, ,55, ,
-1, ,55, ,
1, ,55, ,
1, ,54, ,
-2, ,56, ,
3, ,54, ,
1, ,55, ,
0, ,55, ,
-1, ,55, ,
-1, ,54, ,
0, ,56, ,
-1, ,55, ,
-4, ,55, ,
-1, ,55, ,
-1, ,55, ,
1, ,54, ,
-5, ,56, ,
3, ,54, ,
3, ,55, ,
-1, ,55, ,
-1, ,55, ,
3, ,54, ,
-1, ,56, ,
1, ,55, ,
-2, ,55, ,
-1, ,55, ,
-1, ,56, ,
1, ,55, ,
-2, ,56, ,
-1, ,54, ,
0, ,55, ,
0, ,55, ,
-2, ,55, ,
3, ,53, ,
3, ,55, ,
3, ,55, ,
1, ,55, ,
3, ,55, ,
1, ,55, ,
1, ,54, ,
-5, ,56, ,
-1, ,54, ,
0, ,55, ,
5, ,56, ,
9, ,55, ,
28, ,54, ,
38, ,55, ,
45, ,55, ,
46, ,55, ,
48, ,55, ,
46, ,55, ,
45, ,54, ,
36, ,56, ,
30, ,55, ,
23, ,55, ,
19, ,55, ,
13, ,55, ,
11, ,53, ,
9, ,56, ,
5, ,55, ,
4, ,55, ,
6, ,55, ,
6, ,55, ,
10, ,54, ,
5, ,56, ,
8, ,54, ,
5, ,55, ,
5, ,55, ,
4, ,56, ,
9, ,54, ,
6, ,55, ,
10, ,51, ,
10, ,42, ,
5, ,32, ,
1, ,22, ,
1, ,14, ,
-5, ,6, ,
0, ,1, ,
1, ,-4, ,
0, ,-9, ,
-1, ,-14, ,
-1, ,-17, ,
0, ,-20, ,
0, ,-22, ,
0, ,-24, ,
3, ,-26, ,
3, ,-28, ,
3, ,-30, ,
1, ,-31, ,
4, ,-32, ,
8, ,-33, ,
4, ,-34, ,
3, ,-35, ,
5, ,-35, ,
1, ,-36, ,
4, ,-36, ,
1, ,-36, ,
3, ,-37, ,
5, ,-37, ,
5, ,-37, ,
3, ,-37, ,
3, ,-38, ,
4, ,-37, ,
1, ,-38, ,
-5, ,-38, ,
1, ,-38, ,
3, ,-38, ,
3, ,-38, ,
0, ,-38, ,
4, ,-38, ,
5, ,-38, ,
4, ,-38, ,
1, ,-38, ,
3, ,-38, ,
4, ,-38, ,
1, ,-38, ,
1, ,-38, ,
3, ,-38, ,
4, ,-38, ,
4, ,-39, ,
4, ,-38, ,
6, ,-38, ,
6, ,-38, ,
8, ,-38, ,
4, ,-39, ,
8, ,-38, ,
6, ,-38, ,
6, ,-38, ,
3, ,-38, ,
4, ,-37, ,
5, ,-38, ,
3, ,-38, ,
4, ,-38, ,
5, ,-38, ,
4, ,-38, ,
9, ,-38, ,
4, ,-38, ,
10, ,-38, ,
11, ,-38, ,
6, ,-38, ,
5, ,-38, ,
6, ,-38, ,
5, ,-38, ,
3, ,-38, ,
1, ,-38, ,
4, ,-38, ,
5, ,-38, ,
5, ,-38, ,
1, ,-38, ,
3, ,-38, ,
6, ,-38, ,
6, ,-38, ,
4, ,-38, ,
9, ,-37, ,
8, ,-38, ,
4, ,-38, ,
3, ,-37, ,
4, ,-38, ,
3, ,-38, ,
3, ,-37, ,
1, ,-38, ,
3, ,-38, ,
3, ,-37, ,
3, ,-38, ,
0, ,-38, ,
5, ,-37, ,
5, ,-38, ,
5, ,-38, ,
4, ,-38, ,
3, ,-38, ,
3, ,-38, ,
3, ,-37, ,
1, ,-38, ,
6, ,-38, ,
5, ,-37, ,
5, ,-38, ,
0, ,-38, ,
4, ,-37, ,
0, ,-38, ,
-1, ,-38, ,
-1, ,-38, ,
-4, ,-38, ,
-2, ,-38, ,
0, ,-38, ,
-5, ,-38, ,
1, ,-38, ,
4, ,-37, ,
3, ,-38, ,
1, ,-38, ,
4, ,-37, ,
3, ,-38, ,
5, ,-38, ,
1, ,-37, ,
4, ,-38, ,
1, ,-37, ,
0, ,-37, ,
-1, ,-38, ,
0, ,-38, ,
3, ,-37, ,
3, ,-38, ,
0, ,-38, ,
6, ,-37, ,
5, ,-38, ,
5, ,-38, ,
3, ,-37, ,
5, ,-38, ,
1, ,-38, ,
4, ,-37, ,
-2, ,-38, ,
1, ,-38, ,
3, ,-38, ,
1, ,-38, ,
1, ,-38, ,
6, ,-37, ,
4, ,-38, ,
4, ,-38, ,
0, ,-38, ,
0, ,-38, ,
3, ,-38, ,
0, ,-37, ,
-2, ,-38, ,
3, ,-38, ,
3, ,-37, ,
1, ,-38, ,
-2, ,-38, ,
4, ,-37, ,
4, ,-38, ,
4, ,-38, ,
1, ,-37, ,
5, ,-38, ,
6, ,-37, ,
6, ,-38, ,
-1, ,-38, ,
1, ,-37, ,
6, ,-37, ,
0, ,-38, ,
-2, ,-38, ,
6, ,-37, ,
4, ,-38, ,
1, ,-38, ,
3, ,-38, ,
0, ,-38, ,
3, ,-38, ,
0, ,-37, ,
-2, ,-38, ,
0, ,-38, ,
0, ,-37, ,
-1, ,-38, ,
-1, ,-38, ,
0, ,-37, ,
0, ,-38, ,
0, ,-38, ,
-1, ,-37, ,
0, ,-38, ,
0, ,-37, ,
-1, ,-37, ,
-5, ,-38, ,
3, ,-37, ,
3, ,-37, ,
0, ,-38, ,
0, ,-38, ,
5, ,-37, ,
-2, ,-38, ,
-1, ,-38, ,
-5, ,-37, ,
-1, ,-37, ,
0, ,-38, ,
-1, ,-37, ,
-4, ,-38, ,
1, ,-38, ,
1, ,-37, ,
3, ,-38, ,
0, ,-38, ,
3, ,-37, ,
1, ,-38, ,
1, ,-38, ,
1, ,-38, ,
3, ,-38, ,
4, ,-38, ,
4, ,-37, ,
-2, ,-38, ,
3, ,-38, ,
3, ,-37, ,
0, ,-38, ,
-2, ,-38, ,
5, ,-37, ,
3, ,-38, ,
5, ,-38, ,
4, ,-37, ,
3, ,-38, ,
5, ,-37, ,
4, ,-37, ,
1, ,-38, ,
3, ,-38, ,
4, ,-37, ,
3, ,-38, ,
0, ,-38, ,
5, ,-37, ,
5, ,-38, ,
1, ,-38, ,
3, ,-37, ,
1, ,-37, ,
0, ,-38, ,
1, ,-37, ,
-1, ,-38, ,
4, ,-37, ,
5, ,-37, ,
3, ,-37, ,
1, ,-38, ,
4, ,-37, ,
4, ,-38, ,
4, ,-38, ,
3, ,-37, ,
6, ,-38, ,
6, ,-38, ,
6, ,-37, ,
0, ,-38, ,
1, ,-38, ,
1, ,-37, ,
-2, ,-38, ,
-6, ,-38, ,
1, ,-37, ,
3, ,-38, ,
3, ,-38, ,
-1, ,-38, ,
1, ,-38, ,
-1, ,-37, ,
3, ,-37, ,
-2, ,-38, ,
1, ,-38, ,
5, ,-37, ,
3, ,-38, ,
0, ,-38, ,
5, ,-37, ,
5, ,-38, ,
4, ,-38, ,
1, ,-37, ,
4, ,-38, ,
4, ,-38, ,
3, ,-37, ,
-2, ,-38, ,
0, ,-38, ,
4, ,-37, ,
1, ,-38, ,
1, ,-38, ,
6, ,-37, ,
4, ,-38, ,
4, ,-38, ,
3, ,-38, ,
3, ,-38, ,
4, ,-37, ,
3, ,-37, ,
0, ,-38, ,
3, ,-37, ,
3, ,-37, ,
1, ,-38, ,
-5, ,-38, ,
4, ,-37, ,
1, ,-38, ,
4, ,-38, ,
8, ,-37, ,
4, ,-38, ,
5, ,-38, ,
9, ,-37, ,
0, ,-38, ,
5, ,-38, ,
5, ,-37, ,
1, ,-37, ,
-4, ,-38, ,
1, ,-37, ,
5, ,-38, ,
1, ,-38, ,
6, ,-37, ,
5, ,-38, ,
4, ,-37, ,
9, ,-37, ,
4, ,-38, ,
5, ,-37, ,
8, ,-37, ,
5, ,-37, ,
3, ,-38, ,
10, ,-37, ,
6, ,-38, ,
0, ,-38, ,
0, ,-37, ,
4, ,-38, ,
5, ,-37, ,
6, ,-37, ,
4, ,-38, ,
8, ,-37, ,
8, ,-37, ,
4, ,-37, ,
3, ,-38, ,
6, ,-37, ,
1, ,-38, ,
4, ,-38, ,
3, ,-38, ,
4, ,-37, ,
5, ,-38, ,
6, ,-37, ,
1, ,-38, ,
1, ,-37, ,
3, ,-37, ,
1, ,-38, ,
-4, ,-38, ,
3, ,-37, ,
1, ,-38, ,
3, ,-38, ,
3, ,-37, ,
1, ,-37, ,
4, ,-38, ,
1, ,-37, ,
1, ,-38, ,
5, ,-38, ,
4, ,-37, ,
5, ,-38, ,
1, ,-38, ,
4, ,-37, ,
4, ,-38, ,
1, ,-38, ,
0, ,-37, ,
-1, ,-37, ,
0, ,-37, ,
3, ,-37, ,
-4, ,-38, ,
4, ,-38, ,
5, ,-37, ,
3, ,-38, ,
0, ,-38, ,
3, ,-37, ,
0, ,-38, ,
3, ,-38, ,
1, ,-37, ,
4, ,-38, ,
5, ,-38, ,
5, ,-37, ,
4, ,-38, ,
3, ,-38, ,
4, ,-37, ,
3, ,-38, ,
-2, ,-37, ,
0, ,-37, ,
3, ,-38, ,
1, ,-38, ,
1, ,-38, ,
3, ,-38, ,
1, ,-37, ,
5, ,-37, ,
1, ,-38, ,
4, ,-38, ,
8, ,-37, ,
4, ,-38, ,
3, ,-38, ,
4, ,-37, ,
4, ,-38, ,
1, ,-38, ,
-2, ,-37, ,
-1, ,-38, ,
1, ,-37, ,
-1, ,-37, ,
-1, ,-38, ,
1, ,-38, ,
3, ,-37, ,
1, ,-38, ,
-1, ,-38, ,
5, ,-37, ,
4, ,-37, ,
1, ,-38, ,
1, ,-37, ,
1, ,-37, ,
3, ,-37, ,
0, ,-38, ,
-2, ,-38, ,
3, ,-38, ,
1, ,-37, ,
-6, ,-38, ,
-12, ,-38, ,
-1, ,-37, ,
-7, ,-38, ,
-12, ,-38, ,
-12, ,-38, ,
-6, ,-38, ,
-5, ,-37, ,
-4, ,-37, ,
-7, ,-38, ,
-5, ,-38, ,
-4, ,-37, ,
1, ,-37, ,
4, ,-38, ,
11, ,-37, ,
16, ,-38, ,
14, ,-38, ,
8, ,-38, ,
4, ,-37, ,
0, ,-37, ,
-2, ,-37, ,
-9, ,-38, ,
-1, ,-38, ,
3, ,-37, ,
-1, ,-38, ,
-1, ,-38, ,
1, ,-37, ,
-1, ,-38, ,
-1, ,-37, ,
-5, ,-37, ,
-5, ,-38, ,
-2, ,-38, ,
-2, ,-37, ,
-5, ,-38, ,
-4, ,-38, ,
-2, ,-37, ,
-1, ,-38, ,
-1, ,-38, ,
4, ,-37, ,
3, ,-38, ,
3, ,-38, ,
1, ,-37, ,
3, ,-37, ,
3, ,-37, ,
0, ,-37, ,
-4, ,-38, ,
0, ,-38, ,
1, ,-37, ,
-1, ,-37, ,
-1, ,-38, ,
4, ,-37, ,
3, ,-38, ,
5, ,-38, ,
4, ,-37, ,
4, ,-38, ,
8, ,-38, ,
3, ,-37, ,
-1, ,-38, ,
-1, ,-38, ,
-2, ,-37, ,
-2, ,-38, ,
-5, ,-37, ,
4, ,-37, ,
3, ,-38, ,
0, ,-37, ,
0, ,-37, ,
1, ,-38, ,
1, ,-37, ,
1, ,-37, ,
-2, ,-38, ,
1, ,-38, ,
1, ,-37, ,
-1, ,-37, ,
-1, ,-38, ,
4, ,-37, ,
-1, ,-38, ,
1, ,-38, ,
-2, ,-37, ,
1, ,-38, ,
0, ,-37, ,
1, ,-37, ,
-2, ,-38, ,
1, ,-38, ,
4, ,-37, ,
0, ,-37, ,
-2, ,-38, ,
0, ,-37, ,
-2, ,-38, ,
-2, ,-38, ,
-2, ,-37, ,
-2, ,-38, ,
0, ,-37, ,
1, ,-37, ,
-4, ,-38, ,
4, ,-38, ,
6, ,-37, ,
3, ,-37, ,
-1, ,-38, ,
5, ,-37, ,
3, ,-38, ,
3, ,-38, ,
-1, ,-37, ,
0, ,-38, ,
3, ,-38, ,
0, ,-37, ,
-4, ,-38, ,
0, ,-38, ,
3, ,-37, ,
5, ,-38, ,
4, ,-38, ,
5, ,-37, ,
6, ,-38, ,
8, ,-38, ,
5, ,-37, ,
5, ,-38, ,
5, ,-37, ,
3, ,-37, ,
-1, ,-38, ,
3, ,-38, ,
5, ,-37, ,
4, ,-37, ,
5, ,-38, ,
9, ,-37, ,
8, ,-38, ,
5, ,-37, ,
1, ,-38, ,
3, ,-37, ,
5, ,-38, ,
4, ,-37, ,
1, ,-38, ,
8, ,-38, ,
8, ,-37, ,
5, ,-38, ,
-5, ,-38, ,
1, ,-37, ,
5, ,-38, ,
4, ,-38, ,
6, ,-37, ,
6, ,-38, ,
6, ,-38, ,
9, ,-37, ,
0, ,-38, ,
3, ,-38, ,
4, ,-37, ,
3, ,-37, ,
4, ,-38, ,
6, ,-37, ,
5, ,-38, ,
5, ,-38, ,
4, ,-38, ,
4, ,-38, ,
6, ,-38, ,
6, ,-37, ,
1, ,-38, ,
4, ,-37, ,
6, ,-37, ,
4, ,-37, ,
0, ,-38, ,
5, ,-37, ,
5, ,-38, ,
5, ,-38, ,
5, ,-37, ,
8, ,-38, ,
8, ,-37, ,
8, ,-37, ,
4, ,-38, ,
4, ,-37, ,
5, ,-37, ,
3, ,-38, ,
0, ,-38, ,
3, ,-37, ,
0, ,-38, ,
5, ,-38, ,
4, ,-37, ,
4, ,-38, ,
5, ,-37, ,
4, ,-37, ,
0, ,-38, ,
4, ,-38, ,
3, ,-37, ,
4, ,-38, ,
1, ,-37, ,
6, ,-37, ,
5, ,-38, ,
5, ,-38, ,
9, ,-37, ,
5, ,-38, ,
4, ,-37, ,
6, ,-37, ,
0, ,-38, ,
3, ,-37, ,
4, ,-37, ,
1, ,-38, ,
0, ,-37, ,
5, ,-37, ,
5, ,-38, ,
4, ,-38, ,
5, ,-38, ,
6, ,-38, ,
8, ,-37, ,
6, ,-37, ,
3, ,-38, ,
6, ,-38, ,
4, ,-37, ,
3, ,-38, ,
3, ,-38, ,
4, ,-37, ,
3, ,-38, ,
4, ,-38, ,
3, ,-37, ,
5, ,-37, ,
8, ,-38, ,
13, ,-37, ,
8, ,-38, ,
13, ,-38, ,
13, ,-37, ,
9, ,-37, ,
5, ,-38, ,
9, ,-37, ,
6, ,-38, ,
5, ,-38, ,
5, ,-37, ,
4, ,-38, ,
8, ,-37, ,
3, ,-37, ,
-1, ,-38, ,
6, ,-38, ,
6, ,-37, ,
6, ,-38, ,
1, ,-38, ,
6, ,-37, ,
9, ,-38, ,
4, ,-38, ,
4, ,-38, ,
5, ,-37, ,
9, ,-37, ,
8, ,-37, ,
1, ,-38, ,
5, ,-37, ,
6, ,-37, ,
4, ,-38, ,
-1, ,-38, ,
4, ,-37, ,
4, ,-38, ,
4, ,-38, ,
-4, ,-37, ,
-4, ,-38, ,
4, ,-38, ,
6, ,-37, ,
1, ,-38, ,
6, ,-38, ,
8, ,-37, ,
3, ,-37, ,
-1, ,-38, ,
4, ,-37, ,
4, ,-38, ,
3, ,-38, ,
4, ,-38, ,
6, ,-38, ,
5, ,-37, ,
8, ,-37, ,
-1, ,-38, ,
3, ,-37, ,
4, ,-37, ,
0, ,-38, ,
-4, ,-38, ,
1, ,-37, ,
0, ,-38, ,
3, ,-37, ,
-2, ,-37, ,
1, ,-38, ,
0, ,-37, ,
0, ,-37, ,
-2, ,-38, ,
0, ,-38, ,
4, ,-37, ,
0, ,-38, ,
-4, ,-38, ,
0, ,-37, ,
-2, ,-38, ,
-5, ,-38, ,
-5, ,-38, ,
-4, ,-38, ,
-2, ,-37, ,
0, ,-37, ,
-2, ,-38, ,
-2, ,-38, ,
3, ,-38, ,
-4, ,-37, ,
-5, ,-38, ,
1, ,-37, ,
-2, ,-37, ,
-1, ,-38, ,
-4, ,-37, ,
-4, ,-38, ,
0, ,-38, ,
-2, ,-37, ,
-4, ,-38, ,
-1, ,-38, ,
-2, ,-37, ,
-2, ,-38, ,
-6, ,-38, ,
-4, ,-37, ,
-6, ,-38, ,
-9, ,-38, ,
-7, ,-38, ,
-7, ,-38, ,
-5, ,-38, ,
-1, ,-37, ,
-9, ,-38, ,
-4, ,-37, ,
-4, ,-37, ,
-9, ,-37, ,
-10, ,-38, ,
-6, ,-37, ,
-4, ,-38, ,
-5, ,-38, ,
-4, ,-37, ,
-4, ,-38, ,
-4, ,-38, ,
-4, ,-37, ,
-9, ,-38, ,
-4, ,-38, ,
-4, ,-37, ,
-6, ,-37, ,
-6, ,-38, ,
-1, ,-37, ,
-5, ,-38, ,
-9, ,-38, ,
-9, ,-38, ,
-7, ,-38, ,
-6, ,-37, ,
-2, ,-38, ,
-5, ,-38, ,
-2, ,-38, ,
0, ,-37, ,
-6, ,-37, ,
-6, ,-37, ,
-2, ,-37, ,
-5, ,-38, ,
-4, ,-36, ,
-17, ,-32, ,
-6, ,-22, ,
0, ,-12, ,
-1, ,-3, ,
3, ,5, ,
3, ,13, ,
1, ,19, ,
3, ,24, ,
-2, ,27, ,
4, ,31, ,
5, ,35, ,
6, ,38, ,
5, ,40, ,
5, ,42, ,
1, ,44, ,
0, ,45, ,
-4, ,47, ,
3, ,49, ,
4, ,50, ,
1, ,51, ,
-1, ,52, ,
5, ,51, ,
4, ,53, ,
1, ,53, ,
1, ,53, ,
0, ,54, ,
3, ,54, ,
1, ,53, ,
-4, ,55, ,
0, ,54, ,
-4, ,55, ,
4, ,56, ,
1, ,55, ,
3, ,54, ,
4, ,56, ,
0, ,55, ,
-1, ,55, ,
0, ,55, ,
0, ,56, ,
0, ,55, ,
-1, ,56, ,
3, ,55, ,
4, ,56, ,
0, ,56, ,
-1, ,56, ,
1, ,54, ,
-4, ,57, ,
0, ,55, ,
-1, ,55, ,
0, ,55, ,
4, ,56, ,
3, ,55, ,
1, ,56, ,
3, ,55, ,
4, ,56, ,
1, ,56, ,
1, ,56, ,
3, ,54, ,
4, ,56, ,
4, ,55, ,
5, ,56, ,
4, ,55, ,
4, ,56, ,
4, ,54, ,
-1, ,56, ,
3, ,55, ,
4, ,55, ,
4, ,56, ,
3, ,56, ,
6, ,54, ,
3, ,56, ,
4, ,55, ,
0, ,55, ,
3, ,55, ,
3, ,56, ,
3, ,54, ,
4, ,56, ,
5, ,55, ,
5, ,55, ,
8, ,56, ,
3, ,55, ,
9, ,54, ,
8, ,56, ,
6, ,55, ,
8, ,55, ,
9, ,55, ,
6, ,56, ,
8, ,55, ,
1, ,56, ,
4, ,55, ,
4, ,55, ,
1, ,56, ,
0, ,55, ,
4, ,54, ,
8, ,56, ,
9, ,55, ,
8, ,55, ,
11, ,56, ,
9, ,56, ,
8, ,54, ,
1, ,56, ,
5, ,55, ,
6, ,55, ,
5, ,55, ,
5, ,55, ,
6, ,54, ,
5, ,56, ,
6, ,55, ,
4, ,55, ,
6, ,55, ,
5, ,55, ,
9, ,54, ,
5, ,56, ,
8, ,55, ,
10, ,55, ,
6, ,56, ,
5, ,55, ,
8, ,54, ,
4, ,56, ,
9, ,55, ,
4, ,55, ,
4, ,55, ,
8, ,55, ,
4, ,54, ,
0, ,56, ,
5, ,55, ,
6, ,55, ,
5, ,56, ,
3, ,55, ,
8, ,54, ,
8, ,56, ,
9, ,55, ,
9, ,55, ,
6, ,55, ,
8, ,55, ,
6, ,54, ,
4, ,56, ,
5, ,54, ,
8, ,55, ,
6, ,56, ,
1, ,56, ,
6, ,54, ,
6, ,56, ,
5, ,55, ,
5, ,55, ,
4, ,55, ,
5, ,56, ,
6, ,54, ,
1, ,56, ,
4, ,54, ,
5, ,55, ,
4, ,56, ,
1, ,56, ,
5, ,54, ,
6, ,56, ,
5, ,55, ,
5, ,55, ,
4, ,55, ,
4, ,55, ,
9, ,54, ,
1, ,56, ,
6, ,54, ,
8, ,55, ,
3, ,55, ,
5, ,56, ,
5, ,54, ,
3, ,56, ,
6, ,56, ,
3, ,55, ,
5, ,55, ,
6, ,55, ,
8, ,55, ,
4, ,56, ,
3, ,55, ,
3, ,55, ,
1, ,55, ,
3, ,55, ,
4, ,54, ,
3, ,55, ,
4, ,55, ,
4, ,55, ,
6, ,55, ,
3, ,56, ,
4, ,54, ,
-1, ,55, ,
1, ,54, ,
4, ,55, ,
0, ,55, ,
-1, ,55, ,
4, ,54, ,
-1, ,55, ,
0, ,55, ,
-1, ,55, ,
-1, ,55, ,
1, ,55, ,
1, ,54, ,
-2, ,56, ,
1, ,54, ,
1, ,55, ,
3, ,56, ,
0, ,55, ,
1, ,54, ,
0, ,56, ,
0, ,55, ,
-4, ,54, ,
-1, ,55, ,
-2, ,56, ,
0, ,54, ,
-6, ,56, ,
-2, ,54, ,
-2, ,55, ,
-5, ,55, ,
-5, ,55, ,
-4, ,54, ,
-1, ,56, ,
0, ,55, ,
1, ,55, ,
1, ,55, ,
1, ,55, ,
1, ,54, ,
-2, ,56, ,
0, ,54, ,
0, ,55, ,
-2, ,55, ,
-7, ,55, ,
-2, ,54, ,
-2, ,55, ,
-5, ,55, ,
-6, ,55, ,
-1, ,55, ,
-1, ,56, ,
3, ,55, ,
-2, ,56, ,
-1, ,55, ,
4, ,55, ,
1, ,55, ,
-2, ,55, ,
3, ,54, ,
-1, ,56, ,
-1, ,55, ,
-4, ,55, ,
-2, ,55, ,
-2, ,55, ,
-1, ,54, ,
-2, ,55, ,
0, ,54, ,
1, ,55, ,
3, ,55, ,
-5, ,55, ,
1, ,53, ,
-1, ,55, ,
-2, ,55, ,
-5, ,55, ,
-4, ,55, ,
0, ,55, ,
0, ,54, ,
-1, ,56, ,
-1, ,54, ,
-1, ,55, ,
-4, ,55, ,
-6, ,55, ,
-1, ,54, ,
-4, ,55, ,
-2, ,55, ,
-2, ,55, ,
-2, ,55, ,
-1, ,55, ,
-1, ,54, ,
-5, ,56, ,
-1, ,54, ,
0, ,55, ,
-1, ,55, ,
-2, ,55, ,
1, ,54, ,
1, ,56, ,
0, ,55, ,
-1, ,55, ,
-2, ,55, ,
-2, ,55, ,
-1, ,54, ,
-5, ,56, ,
0, ,54, ,
1, ,55, ,
-2, ,55, ,
-4, ,56, ,
-1, ,54, ,
-6, ,56, ,
-2, ,55, ,
-7, ,55, ,
-4, ,55, ,
-4, ,55, ,
0, ,55, ,
-1, ,56, ,
0, ,54, ,
1, ,55, ,
-1, ,55, ,
-2, ,55, ,
0, ,54, ,
-2, ,56, ,
-1, ,55, ,
-4, ,55, ,
0, ,55, ,
3, ,55, ,
3, ,54, ,
-1, ,56, ,
3, ,54, ,
3, ,55, ,
1, ,56, ,
-2, ,55, ,
1, ,54, ,
1, ,55, ,
3, ,55, ,
0, ,55, ,
-2, ,55, ,
1, ,55, ,
0, ,54, ,
-2, ,56, ,
1, ,54, ,
4, ,55, ,
4, ,56, ,
1, ,55, ,
5, ,54, ,
6, ,55, ,
4, ,55, ,
1, ,54, ,
1, ,55, ,
1, ,55, ,
3, ,54, ,
-2, ,56, ,
3, ,54, ,
3, ,55, ,
1, ,55, ,
-1, ,55, ,
3, ,54, ,
3, ,56, ,
3, ,55, ,
4, ,55, ,
5, ,55, ,
6, ,55, ,
4, ,54, ,
1, ,56, ,
3, ,54, ,
4, ,55, ,
1, ,55, ,
-2, ,55, ,
4, ,54, ,
4, ,55, ,
4, ,55, ,
0, ,55, ,
3, ,55, ,
4, ,55, ,
5, ,54, ,
-1, ,56, ,
1, ,55, ,
4, ,55, ,
3, ,55, ,
1, ,55, ,
6, ,54, ,
4, ,55, ,
4, ,55, ,
3, ,55, ,
1, ,55, ,
4, ,55, ,
4, ,54, ,
-4, ,56, ,
1, ,54, ,
4, ,55, ,
4, ,55, ,
0, ,55, ,
4, ,54, ,
5, ,55, ,
4, ,55, ,
4, ,55, ,
4, ,55, ,
6, ,55, ,
8, ,54, ,
3, ,56, ,
8, ,55, ,
6, ,55, ,
6, ,56, ,
3, ,55, ,
5, ,54, ,
5, ,56, ,
6, ,55, ,
6, ,55, ,
4, ,55, ,
4, ,56, ,
4, ,54, ,
-1, ,56, ,
5, ,54, ,
5, ,55, ,
4, ,55, ,
3, ,55, ,
8, ,54, ,
9, ,56, ,
6, ,55, ,
3, ,55, ,
4, ,55, ,
0, ,56, ,
4, ,53, ,
-1, ,56, ,
3, ,54, ,
6, ,55, ,
4, ,55, ,
4, ,55, ,
6, ,53, ,
4, ,56, ,
4, ,55, ,
3, ,55, ,
6, ,55, ,
8, ,56, ,
8, ,54, ,
8, ,56, ,
5, ,54, ,
5, ,55, ,
5, ,55, ,
3, ,55, ,
4, ,54, ,
3, ,56, ,
4, ,55, ,
1, ,54, ,
4, ,55, ,
4, ,56, ,
3, ,54, ,
-1, ,56, ,
-1, ,55, ,
1, ,55, ,
0, ,55, ,
1, ,55, ,
5, ,53, ,
6, ,56, ,
8, ,55, ,
5, ,55, ,
4, ,55, ,
3, ,55, ,
0, ,54, ,
-4, ,56, ,
-2, ,54, ,
-1, ,55, ,
3, ,55, ,
4, ,55, ,
5, ,54, ,
5, ,56, ,
0, ,55, ,
-1, ,55, ,
3, ,55, ,
-1, ,56, ,
1, ,54, ,
0, ,56, ,
6, ,54, ,
3, ,55, ,
0, ,55, ,
-5, ,55, ,
0, ,53, ,
1, ,55, ,
1, ,55, ,
6, ,55, ,
8, ,55, ,
4, ,55, ,
5, ,54, ,
0, ,56, ,
-1, ,54, ,
0, ,55, ,
-2, ,56, ,
-2, ,55, ,
4, ,54, ,
1, ,55, ,
0, ,55, ,
0, ,55, ,
0, ,55, ,
0, ,56, ,
3, ,54, ,
0, ,55, ,
3, ,54, ,
3, ,55, ,
0, ,55, ,
-4, ,55, ,
5, ,54, ,
5, ,56, ,
0, ,55, ,
-1, ,55, ,
1, ,55, ,
3, ,56, ,
5, ,54, ,
-1, ,56, ,
3, ,54, ,
4, ,55, ,
0, ,55, ,
-2, ,55, ,
4, ,54, ,
-1, ,55, ,
-1, ,55, ,
1, ,55, ,
-1, ,55, ,
0, ,55, ,
3, ,54, ,
-1, ,56, ,
3, ,54, ,
1, ,55, ,
0, ,56, ,
-5, ,55, ,
0, ,54, ,
-5, ,56, ,
-6, ,55, ,
-6, ,55, ,
0, ,55, ,
0, ,55, ,
-1, ,54, ,
-5, ,56, ,
-1, ,54, ,
-1, ,55, ,
-2, ,56, ,
-4, ,55, ,
3, ,54, ,
0, ,56, ,
-1, ,55, ,
-1, ,55, ,
1, ,55, ,
-4, ,55, ,
1, ,54, ,
-6, ,55, ,
-2, ,54, ,
0, ,55, ,
-2, ,55, ,
-9, ,55, ,
-1, ,54, ,
-2, ,56, ,
-1, ,55, ,
-1, ,55, ,
1, ,55, ,
1, ,55, ,
3, ,54, ,
-1, ,56, ,
0, ,54, ,
1, ,55, ,
-1, ,55, ,
-1, ,55, ,
0, ,54, ,
-2, ,55, ,
-4, ,55, ,
-6, ,55, ,
1, ,55, ,
0, ,56, ,
3, ,54, ,
0, ,56, ,
1, ,54, ,
6, ,55, ,
1, ,56, ,
-11, ,55, ,
-2, ,54, ,
1, ,55, ,
-4, ,55, ,
-1, ,55, ,
3, ,55, ,
0, ,55, ,
-1, ,55, ,
-1, ,56, ,
1, ,54, ,
1, ,55, ,
3, ,56, ,
0, ,55, ,
8, ,54, ,
5, ,56, ,
0, ,55, ,
-2, ,55, ,
0, ,55, ,
0, ,55, ,
1, ,54, ,
-4, ,56, ,
1, ,54, ,
4, ,55, ,
-1, ,56, ,
0, ,55, ,
1, ,54, ,
0, ,56, ,
1, ,55, ,
0, ,54, ,
1, ,55, ,
1, ,55, ,
0, ,54, ,
-2, ,56, ,
5, ,54, ,
4, ,55, ,
1, ,56, ,
-1, ,55, ,
-1, ,54, ,
-2, ,55, ,
-1, ,55, ,
-1, ,55, ,
1, ,55, ,
1, ,55, ,
8, ,54, ,
1, ,56, ,
3, ,54, ,
4, ,55, ,
-1, ,55, ,
-1, ,55, ,
3, ,54, ,
1, ,56, ,
4, ,55, ,
3, ,55, ,
4, ,55, ,
1, ,56, ,
1, ,54, ,
-2, ,55, ,
1, ,54, ,
3, ,55, ,
4, ,55, ,
1, ,55, ,
6, ,54, ,
3, ,55, ,
1, ,55, ,
-1, ,55, ,
1, ,55, ,
0, ,55, ,
4, ,54, ,
3, ,56, ,
5, ,55, ,
8, ,55, ,
6, ,56, ,
1, ,55, ,
6, ,54, ,
3, ,56, ,
5, ,55, ,
3, ,55, ,
4, ,55, ,
5, ,55, ,
5, ,54, ,
0, ,56, ,
4, ,54, ,
5, ,55, ,
5, ,55, ,
4, ,56, ,
6, ,54, ,
8, ,56, ,
6, ,55, ,
5, ,55, ,
5, ,55, ,
1, ,56, ,
4, ,54, ,
-2, ,56, ,
3, ,54, ,
4, ,55, ,
3, ,56, ,
3, ,55, ,
6, ,54, ,
4, ,55, ,
5, ,55, ,
1, ,55, ,
3, ,55, ,
4, ,55, ,
4, ,54, ,
4, ,55, ,
5, ,54, ,
4, ,55, ,
4, ,55, ,
1, ,55, ,
3, ,54, ,
1, ,55, ,
1, ,55, ,
-2, ,55, ,
3, ,55, ,
0, ,55, ,
3, ,54, ,
0, ,56, ,
1, ,54, ,
5, ,55, ,
1, ,55, ,
-1, ,55, ,
5, ,54, ,
0, ,56, ,
3, ,55, ,
3, ,55, ,
1, ,55, ,
3, ,56, ,
1, ,54, ,
0, ,56, ,
3, ,55, ,
1, ,55, ,
4, ,56, ,
0, ,55, ,
9, ,54, ,
5, ,56, ,
5, ,55, ,
1, ,55, ,
3, ,55, ,
0, ,55, ,
0, ,54, ,
-6, ,56, ,
0, ,54, ,
3, ,54, ,
3, ,55, ,
0, ,55, ,
5, ,54, ,
4, ,55, ,
3, ,55, ,
3, ,55, ,
1, ,55, ,
4, ,55, ,
5, ,55, ,
0, ,56, ,
3, ,54, ,
4, ,55, ,
3, ,55, ,
3, ,55, ,
5, ,54, ,
3, ,56, ,
3, ,56, ,
0, ,55, ,
1, ,55, ,
0, ,55, ,
4, ,54, ,
-1, ,56, ,
0, ,54, ,
5, ,55, ,
-1, ,56, ,
-1, ,55, ,
4, ,54, ,
1, ,56, ,
4, ,55, ,
3, ,55, ,
4, ,55, ,
4, ,56, ,
1, ,54, ,
-2, ,56, ,
0, ,54, ,
0, ,55, ,
1, ,55, ,
-1, ,55, ,
4, ,54, ,
3, ,56, ,
3, ,55, ,
-1, ,55, ,
0, ,55, ,
-2, ,56, ,
1, ,54, ,
0, ,56, ,
3, ,54, ,
4, ,55, ,
1, ,56, ,
-2, ,55, ,
1, ,54, ,
-1, ,55, ,
0, ,55, ,
-1, ,54, ,
0, ,47, ,
-5, ,38, ,
-5, ,27, ,
-11, ,19, ,
-7, ,11, ,
-9, ,4, ,
-6, ,-1, ,
-5, ,-6, ,
-1, ,-12, ,
-2, ,-15, ,
-6, ,-18, ,
-6, ,-20, ,
-5, ,-23, ,
-4, ,-25, ,
-2, ,-27, ,
-9, ,-30, ,
-5, ,-31, ,
-5, ,-31, ,
-7, ,-33, ,
-9, ,-33, ,
-4, ,-34, ,
-4, ,-35, ,
-1, ,-35, ,
-2, ,-35, ,
-1, ,-36, ,
3, ,-36, ,
3, ,-36, ,
-4, ,-38, ,
-1, ,-37, ,
-1, ,-37, ,
-4, ,-38, ,
-5, ,-38, ,
1, ,-37, ,
0, ,-38, ,
-1, ,-38, ,
-2, ,-38, ,
1, ,-38, ,
-1, ,-38, ,
0, ,-38, ,
-2, ,-39, ,
1, ,-38, ,
3, ,-38, ,
-1, ,-38, ,
-4, ,-38, ,
-1, ,-38, ,
-1, ,-39, ,
-2, ,-38, ,
-2, ,-38, ,
-1, ,-38, ,
3, ,-38, ,
3, ,-37, ,
-1, ,-39, ,
1, ,-38, ,
-1, ,-38, ,
-1, ,-38, ,
-6, ,-38, ,
-1, ,-38, ,
3, ,-38, ,
-1, ,-38, ,
1, ,-38, ,
0, ,-38, ,
0, ,-38, ,
-1, ,-38, ,
-4, ,-38, ,
-1, ,-38, ,
0, ,-38, ,
-2, ,-38, ,
-1, ,-38, ,
1, ,-38, ,
-1, ,-38, ,
-1, ,-38, ,
-1, ,-38, ,
0, ,-38, ,
0, ,-38, ,
1, ,-37, ,
-4, ,-38, ,
1, ,-38, ,
0, ,-37, ,
0, ,-38, ,
-5, ,-38, ,
-1, ,-37, ,
-2, ,-38, ,
-2, ,-38, ,
-5, ,-38, ,
0, ,-38, ,
0, ,-38, ,
3, ,-37, ,
-1, ,-38, ,
1, ,-38, ,
4, ,-38, ,
-1, ,-38, ,
-1, ,-38, ,
1, ,-38, ,
0, ,-38, ,
3, ,-38, ,
0, ,-38, ,
1, ,-38, ,
3, ,-38, ,
4, ,-37, ,
0, ,-38, ,
3, ,-38, ,
1, ,-37, ,
0, ,-38, ,
-2, ,-38, ,
1, ,-37, ,
1, ,-38, ,
-4, ,-38, ,
-2, ,-37, ,
1, ,-38, ,
3, ,-37, ,
4, ,-37, ,
1, ,-38, ,
4, ,-38, ,
6, ,-38, ,
4, ,-38, ,
0, ,-38, ,
3, ,-37, ,
3, ,-38, ,
3, ,-38, ,
-1, ,-38, ,
1, ,-38, ,
4, ,-38, ,
1, ,-37, ,
-1, ,-38, ,
4, ,-38, ,
4, ,-37, ,
4, ,-38, ,
3, ,-38, ,
4, ,-37, ,
4, ,-38, ,
1, ,-38, ,
4, ,-38, ,
5, ,-38, ,
4, ,-38, ,
5, ,-37, ,
0, ,-38, ,
3, ,-38, ,
4, ,-37, ,
1, ,-38, ,
-1, ,-38, ,
3, ,-37, ,
4, ,-37, ,
5, ,-38, ,
3, ,-38, ,
5, ,-37, ,
8, ,-38, ,
5, ,-37, ,
3, ,-38, ,
3, ,-38, ,
3, ,-37, ,
1, ,-38, ,
1, ,-38, ,
3, ,-37, ,
0, ,-38, ,
0, ,-38, ,
-5, ,-37, ,
3, ,-38, ,
1, ,-38, ,
3, ,-38, ,
-1, ,-38, ,
-1, ,-38, ,
11, ,-38, ,
4, ,-37, ,
-5, ,-38, ,
6, ,-37, ,
-1, ,-38, ,
0, ,-38, ,
1, ,-37, ,
3, ,-38, ,
6, ,-38, ,
6, ,-37, ,
5, ,-38, ,
6, ,-38, ,
3, ,-37, ,
5, ,-38, ,
1, ,-38, ,
6, ,-37, ,
6, ,-38, ,
3, ,-38, ,
5, ,-38, ,
4, ,-38, ,
4, ,-38, ,
5, ,-37, ,
0, ,-38, ,
4, ,-38, ,
9, ,-38, ,
5, ,-38, ,
5, ,-38, ,
9, ,-37, ,
6, ,-38, ,
6, ,-38, ,
6, ,-38, ,
4, ,-37, ,
4, ,-38, ,
9, ,-37, ,
1, ,-38, ,
1, ,-38, ,
6, ,-37, ,
5, ,-38, ,
4, ,-38, ,
6, ,-37, ,
6, ,-38, ,
4, ,-37, ,
3, ,-37, ,
3, ,-38, ,
3, ,-37, ,
5, ,-37, ,
3, ,-38, ,
5, ,-37, ,
11, ,-37, ,
5, ,-38, ,
3, ,-37, ,
8, ,-37, ,
1, ,-38, ,
0, ,-38, ,
0, ,-37, ,
1, ,-38, ,
6, ,-37, ,
1, ,-37, ,
-5, ,-38, ,
1, ,-38, ,
5, ,-37, ,
3, ,-38, ,
0, ,-38, ,
3, ,-37, ,
0, ,-38, ,
0, ,-38, ,
-1, ,-38, ,
0, ,-38, ,
3, ,-37, ,
4, ,-37, ,
0, ,-38, ,
3, ,-37, ,
5, ,-37, ,
1, ,-37, ,
0, ,-37, ,
1, ,-37, ,
0, ,-38, ,
1, ,-38, ,
-4, ,-37, ,
-2, ,-38, ,
-4, ,-37, ,
-4, ,-37, ,
-6, ,-38, ,
0, ,-38, ,
3, ,-37, ,
5, ,-38, ,
5, ,-38, ,
8, ,-37, ,
6, ,-38, ,
1, ,-38, ,
1, ,-37, ,
1, ,-38, ,
-1, ,-37, ,
0, ,-37, ,
-5, ,-38, ,
-2, ,-38, ,
1, ,-37, ,
-4, ,-38, ,
-5, ,-37, ,
-1, ,-37, ,
-1, ,-37, ,
1, ,-38, ,
-1, ,-37, ,
4, ,-38, ,
4, ,-37, ,
4, ,-37, ,
-4, ,-38, ,
-1, ,-38, ,
0, ,-37, ,
0, ,-37, ,
-1, ,-38, ,
1, ,-37, ,
1, ,-38, ,
0, ,-38, ,
0, ,-37, ,
0, ,-38, ,
0, ,-37, ,
0, ,-37, ,
-4, ,-38, ,
0, ,-38, ,
5, ,-38, ,
0, ,-37, ,
0, ,-38, ,
6, ,-37, ,
1, ,-38, ,
1, ,-38, ,
0, ,-37, ,
1, ,-38, ,
1, ,-37, ,
-1, ,-37, ,
-2, ,-38, ,
0, ,-38, ,
-1, ,-37, ,
-1, ,-38, ,
-6, ,-38, ,
-1, ,-37, ,
-1, ,-38, ,
-2, ,-38, ,
-2, ,-38, ,
-2, ,-37, ,
-1, ,-37, ,
0, ,-38, ,
-5, ,-38, ,
1, ,-38, ,
1, ,-37, ,
-2, ,-38, ,
-4, ,-38, ,
0, ,-37, ,
1, ,-38, ,
-1, ,-38, ,
-2, ,-37, ,
0, ,-38, ,
0, ,-37, ,
-1, ,-37, ,
-4, ,-38, ,
-2, ,-38, ,
0, ,-37, ,
-1, ,-38, ,
-2, ,-38, ,
1, ,-37, ,
0, ,-38, ,
0, ,-38, ,
-4, ,-37, ,
-1, ,-38, ,
0, ,-37, ,
-1, ,-37, ,
-6, ,-38, ,
-2, ,-38, ,
3, ,-37, ,
-1, ,-37, ,
-5, ,-38, ,
1, ,-37, ,
4, ,-38, ,
1, ,-38, ,
0, ,-37, ,
3, ,-37, ,
4, ,-37, ,
4, ,-37, ,
0, ,-38, ,
3, ,-38, ,
1, ,-37, ,
0, ,-38, ,
-5, ,-38, ,
0, ,-37, ,
0, ,-38, ,
-2, ,-38, ,
0, ,-38, ,
1, ,-38, ,
3, ,-37, ,
5, ,-37, ,
3, ,-38, ,
5, ,-38, ,
5, ,-37, ,
1, ,-37, ,
-1, ,-38, ,
3, ,-37, ,
1, ,-37, ,
1, ,-38, ,
1, ,-37, ,
0, ,-38, ,
3, ,-37, ,
0, ,-37, ,
-2, ,-38, ,
1, ,-38, ,
0, ,-37, ,
3, ,-38, ,
3, ,-38, ,
3, ,-37, ,
4, ,-38, ,
1, ,-38, ,
1, ,-37, ,
1, ,-38, ,
0, ,-37, ,
3, ,-38, ,
-4, ,-38, ,
1, ,-37, ,
4, ,-37, ,
-2, ,-38, ,
-4, ,-38, ,
-1, ,-37, ,
-1, ,-37, ,
3, ,-38, ,
4, ,-37, ,
5, ,-38, ,
6, ,-38, ,
6, ,-37, ,
3, ,-38, ,
3, ,-38, ,
1, ,-37, ,
0, ,-37, ,
-1, ,-37, ,
3, ,-37, ,
1, ,-37, ,
1, ,-37, ,
1, ,-38, ,
3, ,-38, ,
1, ,-37, ,
1, ,-37, ,
-1, ,-38, ,
1, ,-38, ,
5, ,-37, ,
1, ,-38, ,
-4, ,-38, ,
3, ,-37, ,
1, ,-38, ,
3, ,-38, ,
0, ,-38, ,
1, ,-38, ,
4, ,-37, ,
4, ,-37, ,
1, ,-38, ,
4, ,-37, ,
5, ,-37, ,
5, ,-38, ,
1, ,-38, ,
4, ,-37, ,
3, ,-38, ,
0, ,-38, ,
1, ,-38, ,
4, ,-38, ,
3, ,-37, ,
8, ,-37, ,
0, ,-38, ,
6, ,-38, ,
5, ,-37, ,
4, ,-38, ,
-1, ,-37, ,
3, ,-37, ,
4, ,-38, ,
3, ,-38, ,
4, ,-37, ,
4, ,-38, ,
4, ,-37, ,
6, ,-37, ,
1, ,-38, ,
4, ,-38, ,
3, ,-37, ,
1, ,-38, ,
-2, ,-38, ,
5, ,-37, ,
4, ,-38, ,
3, ,-38, ,
3, ,-37, ,
4, ,-38, ,
3, ,-37, ,
4, ,-37, ,
1, ,-38, ,
1, ,-37, ,
4, ,-37, ,
1, ,-37, ,
0, ,-38, ,
4, ,-37, ,
1, ,-38, ,
1, ,-38, ,
-1, ,-37, ,
0, ,-38, ,
4, ,-38, ,
5, ,-37, ,
1, ,-38, ,
4, ,-38, ,
4, ,-37, ,
1, ,-37, ,
-6, ,-38, ,
-1, ,-37, ,
-4, ,-38, ,
-1, ,-38, ,
-1, ,-38, ,
1, ,-38, ,
4, ,-37, ,
3, ,-37, ,
1, ,-38, ,
5, ,-38, ,
4, ,-37, ,
0, ,-37, ,
0, ,-38, ,
4, ,-37, ,
3, ,-37, ,
0, ,-38, ,
1, ,-37, ,
1, ,-38, ,
-1, ,-38, ,
1, ,-37, ,
-5, ,-38, ,
1, ,-38, ,
1, ,-37, ,
3, ,-38, ,
1, ,-38, ,
6, ,-37, ,
4, ,-38, ,
1, ,-38, ,
1, ,-37, ,
3, ,-38, ,
1, ,-37, ,
4, ,-37, ,
-1, ,-38, ,
3, ,-38, ,
6, ,-37, ,
4, ,-37, ,
3, ,-38, ,
4, ,-37, ,
3, ,-38, ,
1, ,-38, ,
-2, ,-37, ,
1, ,-38, ,
1, ,-37, ,
3, ,-37, ,
-1, ,-38, ,
3, ,-38, ,
3, ,-37, ,
1, ,-38, ,
-2, ,-38, ,
3, ,-37, ,
1, ,-38, ,
0, ,-38, ,
0, ,-38, ,
1, ,-38, ,
1, ,-37, ,
0, ,-37, ,
-2, ,-38, ,
0, ,-38, ,
3, ,-37, ,
-1, ,-37, ,
-2, ,-38, ,
4, ,-37, ,
1, ,-38, ,
1, ,-38, ,
3, ,-38, ,
0, ,-38, ,
3, ,-37, ,
1, ,-37, ,
-5, ,-38, ,
0, ,-38, ,
0, ,-37, ,
1, ,-38, ,
-5, ,-38, ,
0, ,-37, ,
1, ,-38, ,
-1, ,-38, ,
-4, ,-37, ,
-4, ,-38, ,
-2, ,-37, ,
-2, ,-37, ,
-4, ,-38, ,
1, ,-38, ,
3, ,-38, ,
1, ,-37, ,
-1, ,-38, ,
-1, ,-37, ,
-1, ,-38, ,
1, ,-38, ,
0, ,-38, ,
-1, ,-38, ,
0, ,-37, ,
-1, ,-37, ,
-5, ,-38, ,
-2, ,-38, ,
-1, ,-37, ,
-1, ,-38, ,
-6, ,-38, ,
1, ,-37, ,
3, ,-38, ,
1, ,-38, ,
0, ,-38, ,
0, ,-38, ,
-1, ,-37, ,
0, ,-37, ,
-4, ,-38, ,
-2, ,-38, ,
0, ,-37, ,
-2, ,-37, ,
-1, ,-38, ,
3, ,-37, ,
3, ,-38, ,
4, ,-38, ,
3, ,-37, ,
4, ,-38, ,
3, ,-37, ,
4, ,-37, ,
-1, ,-38, ,
0, ,-38, ,
1, ,-37, ,
1, ,-37, ,
-6, ,-38, ,
3, ,-37, ,
0, ,-38, ,
-1, ,-37, ,
-1, ,-37, ,
-1, ,-38, ,
-1, ,-37, ,
5, ,-37, ,
1, ,-38, ,
-1, ,-38, ,
4, ,-37, ,
6, ,-37, ,
4, ,-38, ,
8, ,-37, ,
0, ,-38, ,
-1, ,-38, ,
-1, ,-37, ,
-2, ,-37, ,
3, ,-37, ,
1, ,-38, ,
-4, ,-38, ,
1, ,-38, ,
1, ,-37, ,
0, ,-38, ,
-2, ,-38, ,
3, ,-37, ,
3, ,-38, ,
1, ,-38, ,
0, ,-38, ,
3, ,-38, ,
-1, ,-38, ,
1, ,-37, ,
-2, ,-38, ,
3, ,-37, ,
-4, ,-37, ,
-1, ,-37, ,
-1, ,-38, ,
0, ,-37, ,
0, ,-38, ,
-1, ,-38, ,
-4, ,-37, ,
-1, ,-38, ,
1, ,-37, ,
3, ,-37, ,
1, ,-38, ,
1, ,-38, ,
1, ,-37, ,
1, ,-38, ,
0, ,-38, ,
3, ,-37, ,
1, ,-38, ,
4, ,-38, ,
0, ,-38, ,
4, ,-38, ,
4, ,-37, ,
3, ,-37, ,
0, ,-38, ,
3, ,-37, ,
1, ,-37, ,
0, ,-38, ,
-5, ,-37, ,
3, ,-37, ,
5, ,-38, ,
3, ,-38, ,
1, ,-37, ,
8, ,-37, ,
6, ,-37, ,
3, ,-38, ,
1, ,-38, ,
3, ,-38, ,
3, ,-37, ,
3, ,-38, ,
1, ,-38, ,
5, ,-37, ,
5, ,-38, ,
3, ,-38, ,
3, ,-37, ,
3, ,-38, ,
4, ,-37, ,
5, ,-37, ,
1, ,-38, ,
6, ,-37, ,
8, ,-37, ,
4, ,-38, ,
1, ,-38, ,
6, ,-37, ,
1, ,-38, ,
3, ,-38, ,
1, ,-37, ,
4, ,-38, ,
4, ,-38, ,
6, ,-37, ,
-1, ,-38, ,
5, ,-38, ,
4, ,-37, ,
0, ,-38, ,
-1, ,-38, ,
3, ,-37, ,
4, ,-38, ,
4, ,-37, ,
4, ,-38, ,
4, ,-38, ,
4, ,-38, ,
10, ,-37, ,
-2, ,-38, ,
-6, ,-38, ,
1, ,-37, ,
1, ,-37, ,
-4, ,-38, ,
5, ,-37, ,
5, ,-38, ,
5, ,-38, ,
-1, ,-37, ,
3, ,-38, ,
5, ,-38, ,
1, ,-37, ,
4, ,-38, ,
4, ,-38, ,
4, ,-37, ,
1, ,-38, ,
-1, ,-38, ,
-1, ,-37, ,
0, ,-38, ,
1, ,-38, ,
1, ,-38, ,
3, ,-38, ,
6, ,-37, ,
10, ,-37, ,
4, ,-38, ,
6, ,-37, ,
5, ,-37, ,
3, ,-37, ,
-1, ,-38, ,
1, ,-37, ,
0, ,-38, ,
1, ,-38, ,
0, ,-37, ,
3, ,-38, ,
4, ,-37, ,
3, ,-37, ,
-1, ,-38, ,
4, ,-37, ,
3, ,-37, ,
-4, ,-38, ,
-5, ,-38, ,
4, ,-37, ,
5, ,-38, ,
4, ,-38, ,
3, ,-38, ,
4, ,-38, ,
4, ,-37, ,
4, ,-37, ,
-1, ,-38, ,
4, ,-38, ,
6, ,-37, ,
-1, ,-38, ,
-4, ,-38, ,
1, ,-37, ,
3, ,-38, ,
5, ,-38, ,
1, ,-38, ,
4, ,-35, ,
-1, ,-28, ,
4, ,-19, ,
8, ,-8, ,
9, ,0, ,
10, ,7, ,
9, ,15, ,
4, ,20, ,
8, ,24, ,
4, ,28, ,
5, ,33, ,
5, ,36, ,
8, ,39, ,
6, ,41, ,
5, ,42, ,
4, ,45, ,
5, ,46, ,
10, ,47, ,
6, ,50, ,
0, ,50, ,
3, ,50, ,
-1, ,52, ,
0, ,52, ,
0, ,53, ,
3, ,53, ,
5, ,53, ,
6, ,53, ,
1, ,55, ,
4, ,54, ,
3, ,54, ,
0, ,55, ,
-6, ,55, ,
0, ,54, ,
0, ,56, ,
0, ,55, ,
-1, ,55, ,
-4, ,55, ,
-4, ,56, ,
1, ,55, ,
-4, ,56, ,
1, ,55, ,
5, ,55, ,
5, ,56, ,
4, ,56, ,
5, ,54, ,
0, ,56, ,
3, ,55, ,
-4, ,55, ,
-2, ,55, ,
1, ,56, ,
-1, ,54, ,
-4, ,57, ,
1, ,55, ,
1, ,55, ,
0, ,56, ,
-1, ,55, ,
3, ,54, ,
3, ,56, ,
1, ,55, ,
0, ,55, ,
0, ,55, ,
0, ,56, ,
-1, ,55, ,
-5, ,56, ,
-6, ,55, ,
-6, ,55, ,
-10, ,56, ,
-10, ,56, ,
-6, ,54, ,
-7, ,56, ,
-5, ,55, ,
-7, ,55, ,
-6, ,55, ,
-5, ,56, ,
-4, ,54, ,
0, ,56, ,
6, ,55, ,
11, ,55, ,
13, ,56, ,
8, ,55, ,
10, ,54, ,
6, ,56, ,
0, ,55, ,
-6, ,55, ,
-6, ,55, ,
-7, ,55, ,
-6, ,54, ,
-7, ,56, ,
-1, ,54, ,
-1, ,55, ,
-1, ,55, ,
-1, ,55, ,
1, ,54, ,
-4, ,56, ,
-4, ,55, ,
-5, ,55, ,
-5, ,55, ,
-6, ,56, ,
-5, ,54, ,
-7, ,56, ,
-5, ,55, ,
-2, ,55, ,
-1, ,55, ,
-1, ,56, ,
3, ,54, ,
1, ,56, ,
-1, ,56, ,
-1, ,55, ,
-2, ,55, ,
-5, ,56, ,
-6, ,54, ,
-11, ,55, ,
-2, ,55, ,
0, ,55, ,
-2, ,55, ,
-1, ,55, ,
4, ,54, ,
0, ,56, ,
1, ,55, ,
-5, ,55, ,
-4, ,55, ,
-6, ,55, ,
-6, ,54, ,
-11, ,56, ,
-6, ,55, ,
-1, ,55, ,
-2, ,56, ,
0, ,55, ,
8, ,54, ,
4, ,56, ,
3, ,55, ,
1, ,55, ,
3, ,55, ,
3, ,56, ,
3, ,54, ,
-2, ,56, ,
-1, ,54, ,
0, ,55, ,
-2, ,55, ,
-5, ,55, ,
4, ,54, ,
-1, ,56, ,
3, ,55, ,
3, ,55, ,
3, ,55, ,
6, ,55, ,
8, ,54, ,
-1, ,55, ,
4, ,54, ,
3, ,55, ,
4, ,56, ,
0, ,55, ,
5, ,53, ,
4, ,56, ,
3, ,55, ,
3, ,55, ,
0, ,55, ,
1, ,56, ,
4, ,54, ,
-2, ,56, ,
4, ,55, ,
6, ,55, ,
3, ,55, ,
1, ,55, ,
5, ,54, ,
1, ,56, ,
0, ,55, ,
-1, ,55, ,
-1, ,55, ,
-1, ,55, ,
3, ,55, ,
-1, ,56, ,
5, ,55, ,
4, ,55, ,
4, ,56, ,
-1, ,55, ,
5, ,54, ,
1, ,56, ,
3, ,55, ,
1, ,55, ,
3, ,55, ,
3, ,56, ,
5, ,54, ,
1, ,55, ,
1, ,54, ,
4, ,55, ,
1, ,56, ,
-2, ,55, ,
4, ,54, ,
0, ,56, ,
4, ,55, ,
5, ,55, ,
6, ,55, ,
5, ,55, ,
5, ,54, ,
-1, ,56, ,
3, ,54, ,
4, ,55, ,
0, ,55, ,
-2, ,55, ,
5, ,54, ,
3, ,56, ,
3, ,55, ,
5, ,55, ,
4, ,55, ,
5, ,55, ,
6, ,54, ,
3, ,56, ,
5, ,55, ,
8, ,55, ,
5, ,56, ,
5, ,55, ,
10, ,54, ,
1, ,55, ,
5, ,55, ,
3, ,55, ,
3, ,55, ,
6, ,55, ,
9, ,54, ,
3, ,56, ,
5, ,54, ,
4, ,55, ,
4, ,56, ,
-1, ,55, ,
4, ,54, ,
1, ,56, ,
3, ,55, ,
5, ,55, ,
8, ,55, ,
6, ,55, ,
10, ,54, ,
1, ,56, ,
5, ,54, ,
8, ,55, ,
1, ,56, ,
1, ,56, ,
6, ,54, ,
1, ,55, ,
6, ,55, ,
4, ,55, ,
4, ,55, ,
5, ,55, ,
5, ,54, ,
0, ,56, ,
3, ,55, ,
4, ,55, ,
1, ,55, ,
5, ,55, ,
8, ,53, ,
5, ,55, ,
8, ,55, ,
4, ,55, ,
4, ,55, ,
4, ,55, ,
4, ,54, ,
3, ,55, ,
3, ,55, ,
4, ,55, ,
3, ,56, ,
-2, ,56, ,
3, ,54, ,
-2, ,55, ,
3, ,55, ,
1, ,55, ,
3, ,55, ,
5, ,55, ,
8, ,54, ,
3, ,56, ,
6, ,54, ,
5, ,55, ,
3, ,55, ,
0, ,55, ,
4, ,54, ,
4, ,56, ,
4, ,55, ,
4, ,55, ,
5, ,55, ,
4, ,55, ,
10, ,54, ,
4, ,55, ,
9, ,55, ,
9, ,55, ,
6, ,55, ,
4, ,55, ,
8, ,54, ,
4, ,55, ,
6, ,55, ,
5, ,55, ,
6, ,55, ,
6, ,55, ,
8, ,54, ,
3, ,55, ,
6, ,55, ,
10, ,55, ,
6, ,55, ,
4, ,55, ,
10, ,53, ,
9, ,56, ,
5, ,55, ,
3, ,55, ,
3, ,55, ,
1, ,55, ,
8, ,54, ,
4, ,56, ,
6, ,54, ,
10, ,55, ,
4, ,55, ,
3, ,55, ,
10, ,54, ,
1, ,56, ,
3, ,55, ,
1, ,54, ,
1, ,55, ,
5, ,55, ,
5, ,54, ,
1, ,56, ,
1, ,54, ,
3, ,55, ,
3, ,55, ,
-1, ,55, ,
8, ,53, ,
3, ,55, ,
3, ,55, ,
5, ,55, ,
1, ,55, ,
4, ,55, ,
3, ,54, ,
-7, ,56, ,
5, ,54, ,
3, ,55, ,
-1, ,55, ,
-1, ,55, ,
3, ,54, ,
-2, ,56, ,
-1, ,55, ,
1, ,55, ,
-1, ,55, ,
-1, ,55, ,
1, ,54, ,
-7, ,56, ,
-2, ,54, ,
0, ,55, ,
-2, ,55, ,
-4, ,55, ,
0, ,53, ,
-1, ,55, ,
-2, ,55, ,
-1, ,55, ,
-1, ,55, ,
-5, ,55, ,
3, ,54, ,
-5, ,55, ,
1, ,55, ,
4, ,55, ,
-1, ,55, ,
-2, ,55, ,
-4, ,54, ,
-4, ,55, ,
-1, ,55, ,
-6, ,55, ,
-2, ,55, ,
-2, ,55, ,
-2, ,54, ,
-6, ,56, ,
-4, ,54, ,
0, ,55, ,
-1, ,55, ,
-1, ,55, ,
4, ,53, ,
0, ,56, ,
-1, ,55, ,
-1, ,55, ,
-2, ,55, ,
-4, ,55, ,
-2, ,54, ,
-9, ,56, ,
-5, ,54, ,
-1, ,55, ,
-7, ,55, ,
-9, ,55, ,
-4, ,54, ,
-10, ,55, ,
-6, ,55, ,
-5, ,55, ,
-5, ,55, ,
-4, ,55, ,
-2, ,55, ,
-5, ,55, ,
-2, ,55, ,
-1, ,55, ,
-2, ,55, ,
-7, ,55, ,
0, ,54, ,
-4, ,55, ,
-5, ,55, ,
-5, ,55, ,
-5, ,55, ,
-6, ,55, ,
-2, ,55, ,
-6, ,56, ,
-4, ,54, ,
1, ,55, ,
-4, ,55, ,
-5, ,55, ,
-1, ,54, ,
-7, ,55, ,
-4, ,55, ,
-6, ,55, ,
-5, ,55, ,
-5, ,55, ,
-6, ,54, ,
-11, ,56, ,
-7, ,54, ,
-4, ,55, ,
-4, ,56, ,
-5, ,55, ,
0, ,53, ,
-2, ,55, ,
0, ,55, ,
-4, ,54, ,
-2, ,55, ,
-9, ,55, ,
-1, ,54, ,
-6, ,56, ,
-2, ,55, ,
4, ,55, ,
1, ,55, ,
-1, ,55, ,
3, ,53, ,
-2, ,56, ,
1, ,55, ,
-1, ,55, ,
1, ,55, ,
1, ,55, ,
1, ,54, ,
-4, ,56, ,
-2, ,54, ,
0, ,55, ,
0, ,56, ,
-2, ,55, ,
1, ,54, ,
0, ,56, ,
1, ,55, ,
4, ,55, ,
1, ,55, ,
1, ,55, ,
3, ,54, ,
-5, ,55, ,
0, ,54, ,
0, ,55, ,
-2, ,55, ,
0, ,55, ,
6, ,54, ,
4, ,56, ,
5, ,55, ,
1, ,54, ,
0, ,55, ,
3, ,55, ,
3, ,54, ,
-4, ,55, ,
4, ,55, ,
4, ,55, ,
0, ,55, ,
-2, ,55, ,
3, ,54, ,
0, ,55, ,
-1, ,55, ,
-1, ,55, ,
1, ,55, ,
1, ,55, ,
6, ,54, ,
1, ,56, ,
4, ,54, ,
5, ,55, ,
-1, ,55, ,
-2, ,55, ,
3, ,54, ,
0, ,56, ,
3, ,55, ,
1, ,55, ,
3, ,55, ,
1, ,55, ,
3, ,54, ,
-4, ,56, ,
0, ,54, ,
3, ,55, ,
3, ,55, ,
-1, ,55, ,
9, ,53, ,
5, ,56, ,
6, ,55, ,
6, ,54, ,
5, ,55, ,
6, ,55, ,
5, ,54, ,
-2, ,55, ,
1, ,54, ,
4, ,55, ,
1, ,55, ,
-1, ,55, ,
9, ,53, ,
4, ,56, ,
5, ,55, ,
6, ,55, ,
9, ,55, ,
9, ,55, ,
9, ,54, ,
5, ,55, ,
6, ,55, ,
10, ,55, ,
9, ,56, ,
0, ,55, ,
8, ,54, ,
8, ,55, ,
4, ,55, ,
5, ,55, ,
3, ,55, ,
8, ,55, ,
10, ,54, ,
1, ,56, ,
8, ,54, ,
9, ,55, ,
4, ,55, ,
4, ,55, ,
8, ,54, ,
1, ,55, ,
9, ,55, ,
5, ,55, ,
4, ,55, ,
4, ,55, ,
9, ,54, ,
1, ,56, ,
4, ,55, ,
4, ,55, ,
-1, ,55, ,
1, ,55, ,
11, ,54, ,
6, ,56, ,
9, ,55, ,
8, ,55, ,
4, ,55, ,
1, ,56, ,
6, ,55, ,
1, ,56, ,
4, ,55, ,
9, ,55, ,
6, ,56, ,
5, ,55, ,
8, ,53, ,
0, ,56, ,
1, ,55, ,
0, ,55, ,
-1, ,55, ,
4, ,55, ,
3, ,54, ,
-2, ,56, ,
1, ,54, ,
3, ,55, ,
0, ,55, ,
-1, ,55, ,
5, ,53, ,
3, ,56, ,
6, ,55, ,
5, ,55, ,
1, ,55, ,
4, ,56, ,
4, ,54, ,
-4, ,56, ,
0, ,55, ,
0, ,55, ,
-1, ,55, ,
-4, ,55, ,
4, ,54, ,
-1, ,56, ,
0, ,55, ,
1, ,55, ,
3, ,55, ,
4, ,55, ,
6, ,54, ,
-1, ,56, ,
5, ,55, ,
5, ,55, ,
4, ,55, ,
1, ,55, ,
6, ,54, ,
1, ,56, ,
0, ,55, ,
0, ,55, ,
1, ,55, ,
0, ,55, ,
3, ,55, ,
-1, ,56, ,
4, ,54, ,
5, ,55, ,
-1, ,55, ,
-1, ,55, ,
4, ,54, ,
-1, ,56, ,
0, ,55, ,
-2, ,55, ,
-2, ,55, ,
0, ,55, ,
0, ,54, ,
-2, ,56, ,
-1, ,55, ,
4, ,55, ,
1, ,55, ,
-1, ,55, ,
8, ,54, ,
1, ,56, ,
-1, ,55, ,
0, ,55, ,
3, ,55, ,
3, ,55, ,
5, ,54, ,
-1, ,56, ,
0, ,54, ,
4, ,55, ,
-2, ,55, ,
-4, ,55, ,
1, ,53, ,
-5, ,56, ,
-2, ,55, ,
-2, ,55, ,
-5, ,55, ,
-4, ,55, ,
-1, ,54, ,
-7, ,56, ,
-1, ,54, ,
0, ,55, ,
-4, ,55, ,
-5, ,55, ,
-1, ,53, ,
-5, ,56, ,
-6, ,55, ,
-5, ,55, ,
-9, ,55, ,
-6, ,55, ,
-1, ,54, ,
-6, ,55, ,
-2, ,54, ,
3, ,55, ,
-2, ,56, ,
-1, ,55, ,
1, ,54, ,
-5, ,55, ,
-2, ,55, ,
0, ,55, ,
-1, ,55, ,
0, ,55, ,
4, ,54, ,
-2, ,56, ,
1, ,55, ,
1, ,55, ,
-1, ,55, ,
-2, ,55, ,
0, ,54, ,
0, ,55, ,
-1, ,55, ,
-1, ,55, ,
-5, ,55, ,
-2, ,55, ,
0, ,54, ,
-2, ,56, ,
1, ,55, ,
4, ,55, ,
0, ,55, ,
-1, ,55, ,
4, ,54, ,
-1, ,56, ,
0, ,55, ,
-2, ,55, ,
-4, ,55, ,
-4, ,55, ,
-2, ,54, ,
-4, ,56, ,
0, ,54, ,
3, ,55, ,
1, ,56, ,
-1, ,55, ,
4, ,54, ,
0, ,56, ,
-1, ,55, ,
0, ,55, ,
-1, ,55, ,
-2, ,55, ,
3, ,55, ,
-4, ,55, ,
1, ,54, ,
4, ,55, ,
-1, ,55, ,
-2, ,55, ,
4, ,54, ,
0, ,56, ,
1, ,55, ,
1, ,55, ,
1, ,55, ,
3, ,55, ,
3, ,54, ,
-4, ,55, ,
-1, ,55, ,
0, ,55, ,
-2, ,55, ,
-4, ,55, ,
0, ,54, ,
-1, ,55, ,
-2, ,55, ,
-1, ,55, ,
0, ,55, ,
-4, ,55, ,
3, ,54, ,
-5, ,55, ,
1, ,55, ,
4, ,55, ,
0, ,56, ,
0, ,55, ,
6, ,54, ,
0, ,56, ,
1, ,55, ,
-4, ,55, ,
-1, ,55, ,
0, ,55, ,
1, ,55, ,
-1, ,56, ,
1, ,54, ,
5, ,55, ,
0, ,55, ,
0, ,55, ,
6, ,54, ,
-2, ,56, ,
1, ,55, ,
6, ,55, ,
4, ,55, ,
3, ,55, ,
8, ,54, ,
-2, ,56, ,
-2, ,55, ,
3, ,55, ,
-1, ,55, ,
-5, ,55, ,
1, ,54, ,
0, ,56, ,
4, ,55, ,
3, ,55, ,
5, ,55, ,
8, ,52, ,
11, ,44, ,
-1, ,35, ,
1, ,24, ,
-2, ,16, ,
-4, ,8, ,
-1, ,2, ,
8, ,-3, ,
5, ,-8, ,
4, ,-13, ,
3, ,-16, ,
-2, ,-19, ,
-4, ,-22, ,
1, ,-24, ,
-1, ,-26, ,
4, ,-27, ,
5, ,-28, ,
1, ,-31, ,
0, ,-32, ,
5, ,-33, ,
4, ,-34, ,
4, ,-34, ,
4, ,-35, ,
5, ,-35, ,
5, ,-36, ,
6, ,-36, ,
4, ,-37, ,
4, ,-37, ,
6, ,-37, ,
0, ,-37, ,
-2, ,-37, ,
3, ,-37, ,
0, ,-38, ,
5, ,-38, ,
4, ,-37, ,
-5, ,-38, ,
3, ,-38, ,
5, ,-38, ,
-4, ,-38, ,
3, ,-38, ,
4, ,-38, ,
-2, ,-38, ,
1, ,-39, ,
8, ,-38, ,
-1, ,-38, ,
3, ,-38, ,
3, ,-38, ,
3, ,-38, ,
4, ,-38, ,
3, ,-37, ,
0, ,-39, ,
1, ,-38, ,
3, ,-38, ,
3, ,-38, ,
-2, ,-38, ,
6, ,-38, ,
6, ,-38, ,
4, ,-38, ,
4, ,-38, ,
4, ,-38, ,
5, ,-38, ,
4, ,-38, ,
-2, ,-39, ,
4, ,-38, ,
5, ,-38, ,
0, ,-38, ,
4, ,-38, ,
5, ,-38, ,
3, ,-38, ,
3, ,-38, ,
0, ,-38, ,
3, ,-38, ,
8, ,-38, ,
10, ,-37, ,
0, ,-38, ,
3, ,-38, ,
4, ,-37, ,
1, ,-38, ,
-1, ,-38, ,
3, ,-37, ,
6, ,-38, ,
3, ,-38, ,
6, ,-38, ,
5, ,-38, ,
6, ,-38, ,
3, ,-38, ,
-2, ,-38, ,
10, ,-38, ,
9, ,-38, ,
4, ,-38, ,
1, ,-38, ,
5, ,-38, ,
3, ,-38, ,
3, ,-38, ,
0, ,-38, ,
0, ,-38, ,
3, ,-38, ,
4, ,-37, ,
0, ,-38, ,
1, ,-38, ,
4, ,-37, ,
0, ,-38, ,
-2, ,-38, ,
6, ,-37, ,
3, ,-38, ,
1, ,-38, ,
0, ,-38, ,
1, ,-38, ,
1, ,-38, ,
3, ,-37, ,
-1, ,-38, ,
1, ,-38, ,
6, ,-37, ,
-1, ,-38, ,
-5, ,-38, ,
3, ,-37, ,
-2, ,-38, ,
1, ,-38, ,
-1, ,-37, ,
-2, ,-38, ,
3, ,-38, ,
3, ,-37, ,
-2, ,-38, ,
0, ,-38, ,
3, ,-37, ,
-1, ,-38, ,
-1, ,-38, ,
1, ,-37, ,
1, ,-38, ,
-1, ,-38, ,
-5, ,-38, ,
-4, ,-38, ,
-2, ,-38, ,
1, ,-37, ,
-5, ,-38, ,
0, ,-38, ,
0, ,-37, ,
-4, ,-38, ,
-6, ,-38, ,
0, ,-37, ,
-2, ,-38, ,
-2, ,-38, ,
-2, ,-37, ,
1, ,-38, ,
3, ,-38, ,
3, ,-37, ,
-2, ,-38, ,
1, ,-38, ,
4, ,-37, ,
-2, ,-38, ,
-6, ,-38, ,
-2, ,-37, ,
-6, ,-38, ,
-5, ,-38, ,
-5, ,-38, ,
-4, ,-38, ,
-5, ,-37, ,
1, ,-37, ,
-4, ,-38, ,
-1, ,-38, ,
5, ,-37, ,
-1, ,-38, ,
-1, ,-38, ,
4, ,-37, ,
-2, ,-38, ,
0, ,-38, ,
-4, ,-38, ,
-2, ,-38, ,
-1, ,-38, ,
-1, ,-37, ,
-2, ,-38, ,
-1, ,-38, ,
1, ,-37, ,
0, ,-37, ,
-2, ,-38, ,
5, ,-37, ,
0, ,-38, ,
-1, ,-38, ,
-1, ,-38, ,
-5, ,-38, ,
-4, ,-38, ,
-2, ,-37, ,
-6, ,-38, ,
-1, ,-37, ,
3, ,-37, ,
-1, ,-38, ,
-5, ,-38, ,
0, ,-38, ,
-5, ,-38, ,
-4, ,-38, ,
-2, ,-38, ,
-1, ,-38, ,
0, ,-38, ,
3, ,-37, ,
-4, ,-38, ,
1, ,-38, ,
1, ,-37, ,
-1, ,-38, ,
-7, ,-38, ,
0, ,-37, ,
-2, ,-38, ,
-4, ,-38, ,
-1, ,-38, ,
-1, ,-38, ,
-1, ,-38, ,
0, ,-38, ,
-6, ,-38, ,
0, ,-38, ,
5, ,-37, ,
0, ,-38, ,
-1, ,-37, ,
4, ,-37, ,
1, ,-38, ,
1, ,-38, ,
0, ,-37, ,
0, ,-38, ,
0, ,-37, ,
4, ,-37, ,
-4, ,-38, ,
0, ,-38, ,
6, ,-37, ,
4, ,-38, ,
-1, ,-38, ,
6, ,-37, ,
1, ,-38, ,
-1, ,-38, ,
-2, ,-38, ,
0, ,-38, ,
1, ,-37, ,
4, ,-37, ,
-1, ,-38, ,
1, ,-38, ,
4, ,-37, ,
-1, ,-38, ,
-1, ,-37, ,
3, ,-37, ,
-1, ,-38, ,
0, ,-38, ,
1, ,-37, ,
3, ,-37, ,
5, ,-37, ,
5, ,-37, ,
-1, ,-38, ,
0, ,-38, ,
5, ,-37, ,
4, ,-38, ,
-2, ,-37, ,
5, ,-37, ,
5, ,-38, ,
3, ,-38, ,
3, ,-37, ,
1, ,-38, ,
-1, ,-37, ,
3, ,-37, ,
-6, ,-38, ,
-2, ,-38, ,
1, ,-37, ,
-1, ,-38, ,
-1, ,-38, ,
4, ,-37, ,
3, ,-38, ,
3, ,-38, ,
1, ,-38, ,
1, ,-38, ,
3, ,-38, ,
3, ,-37, ,
-1, ,-38, ,
1, ,-38, ,
4, ,-37, ,
-1, ,-37, ,
-1, ,-38, ,
4, ,-37, ,
0, ,-38, ,
0, ,-38, ,
-4, ,-37, ,
3, ,-38, ,
3, ,-37, ,
8, ,-37, ,
3, ,-38, ,
5, ,-38, ,
8, ,-37, ,
1, ,-37, ,
0, ,-38, ,
8, ,-37, ,
3, ,-38, ,
6, ,-38, ,
5, ,-37, ,
3, ,-38, ,
5, ,-37, ,
5, ,-37, ,
0, ,-38, ,
4, ,-38, ,
5, ,-37, ,
4, ,-38, ,
1, ,-38, ,
8, ,-37, ,
4, ,-38, ,
6, ,-38, ,
8, ,-37, ,
6, ,-38, ,
4, ,-37, ,
4, ,-37, ,
-2, ,-38, ,
3, ,-38, ,
5, ,-37, ,
4, ,-37, ,
1, ,-38, ,
6, ,-37, ,
1, ,-38, ,
1, ,-38, ,
1, ,-37, ,
4, ,-38, ,
8, ,-38, ,
9, ,-37, ,
6, ,-38, ,
9, ,-37, ,
9, ,-37, ,
5, ,-38, ,
0, ,-37, ,
5, ,-37, ,
4, ,-38, ,
3, ,-38, ,
6, ,-37, ,
10, ,-37, ,
8, ,-37, ,
9, ,-37, ,
0, ,-38, ,
5, ,-38, ,
9, ,-37, ,
3, ,-37, ,
5, ,-38, ,
9, ,-37, ,
8, ,-38, ,
8, ,-38, ,
1, ,-38, ,
1, ,-38, ,
0, ,-38, ,
0, ,-37, ,
-4, ,-38, ,
3, ,-38, ,
6, ,-37, ,
4, ,-38, ,
-2, ,-38, ,
3, ,-37, ,
1, ,-38, ,
0, ,-38, ,
1, ,-37, ,
0, ,-38, ,
1, ,-37, ,
5, ,-37, ,
0, ,-38, ,
3, ,-38, ,
5, ,-37, ,
3, ,-38, ,
0, ,-38, ,
5, ,-37, ,
3, ,-38, ,
4, ,-38, ,
3, ,-38, ,
3, ,-38, ,
4, ,-37, ,
8, ,-37, ,
0, ,-38, ,
0, ,-38, ,
3, ,-37, ,
-1, ,-38, ,
-1, ,-38, ,
6, ,-37, ,
5, ,-38, ,
0, ,-38, ,
1, ,-37, ,
1, ,-38, ,
1, ,-38, ,
3, ,-37, ,
-7, ,-38, ,
-2, ,-38, ,
1, ,-37, ,
-2, ,-37, ,
-2, ,-38, ,
3, ,-37, ,
1, ,-38, ,
0, ,-38, ,
4, ,-37, ,
3, ,-37, ,
5, ,-37, ,
6, ,-37, ,
1, ,-38, ,
5, ,-38, ,
6, ,-37, ,
1, ,-38, ,
-4, ,-38, ,
1, ,-37, ,
0, ,-38, ,
-1, ,-37, ,
-1, ,-37, ,
-2, ,-37, ,
0, ,-37, ,
4, ,-37, ,
0, ,-38, ,
1, ,-37, ,
5, ,-37, ,
0, ,-37, ,
-2, ,-38, ,
3, ,-37, ,
-2, ,-38, ,
1, ,-38, ,
-1, ,-37, ,
0, ,-38, ,
3, ,-38, ,
-1, ,-37, ,
-5, ,-38, ,
-2, ,-38, ,
4, ,-37, ,
-1, ,-37, ,
-6, ,-38, ,
-1, ,-37, ,
-1, ,-38, ,
-2, ,-38, ,
-2, ,-38, ,
-2, ,-37, ,
-1, ,-38, ,
0, ,-38, ,
-2, ,-38, ,
0, ,-37, ,
4, ,-37, ,
0, ,-37, ,
-1, ,-38, ,
6, ,-37, ,
1, ,-38, ,
-1, ,-38, ,
-2, ,-37, ,
-2, ,-38, ,
0, ,-37, ,
4, ,-37, ,
-1, ,-38, ,
3, ,-38, ,
4, ,-37, ,
-1, ,-38, ,
-9, ,-38, ,
-4, ,-37, ,
-4, ,-38, ,
-2, ,-38, ,
-5, ,-38, ,
-2, ,-37, ,
-1, ,-38, ,
1, ,-37, ,
-6, ,-38, ,
-1, ,-37, ,
1, ,-37, ,
-4, ,-38, ,
-5, ,-38, ,
0, ,-38, ,
-1, ,-38, ,
0, ,-38, ,
-1, ,-37, ,
1, ,-37, ,
1, ,-38, ,
3, ,-37, ,
-2, ,-38, ,
-1, ,-38, ,
3, ,-37, ,
1, ,-38, ,
-2, ,-38, ,
4, ,-37, ,
3, ,-38, ,
0, ,-38, ,
0, ,-37, ,
0, ,-38, ,
1, ,-38, ,
3, ,-37, ,
0, ,-38, ,
4, ,-38, ,
8, ,-37, ,
1, ,-38, ,
-1, ,-38, ,
3, ,-37, ,
-2, ,-38, ,
-4, ,-37, ,
-6, ,-37, ,
-4, ,-38, ,
-1, ,-37, ,
0, ,-37, ,
-1, ,-38, ,
1, ,-38, ,
4, ,-37, ,
3, ,-37, ,
-1, ,-38, ,
4, ,-37, ,
3, ,-38, ,
-4, ,-38, ,
-6, ,-37, ,
3, ,-38, ,
0, ,-38, ,
1, ,-37, ,
-4, ,-38, ,
-1, ,-38, ,
-2, ,-37, ,
-5, ,-38, ,
-4, ,-37, ,
0, ,-37, ,
0, ,-38, ,
3, ,-38, ,
4, ,-37, ,
3, ,-38, ,
1, ,-38, ,
3, ,-37, ,
-2, ,-38, ,
-1, ,-38, ,
4, ,-37, ,
0, ,-38, ,
-4, ,-38, ,
4, ,-37, ,
0, ,-38, ,
-1, ,-38, ,
-1, ,-37, ,
-1, ,-37, ,
0, ,-37, ,
0, ,-37, ,
1, ,-38, ,
1, ,-37, ,
8, ,-37, ,
4, ,-38, ,
0, ,-38, ,
4, ,-37, ,
0, ,-37, ,
0, ,-38, ,
-1, ,-37, ,
3, ,-38, ,
5, ,-37, ,
5, ,-37, ,
3, ,-38, ,
3, ,-38, ,
6, ,-37, ,
1, ,-38, ,
-2, ,-38, ,
6, ,-37, ,
5, ,-38, ,
4, ,-38, ,
4, ,-37, ,
4, ,-38, ,
5, ,-38, ,
5, ,-37, ,
1, ,-38, ,
4, ,-37, ,
9, ,-37, ,
4, ,-38, ,
4, ,-38, ,
9, ,-38, ,
4, ,-38, ,
4, ,-38, ,
1, ,-37, ,
1, ,-38, ,
3, ,-37, ,
3, ,-37, ,
-4, ,-38, ,
1, ,-38, ,
5, ,-37, ,
3, ,-38, ,
-1, ,-38, ,
5, ,-37, ,
3, ,-38, ,
1, ,-38, ,
1, ,-38, ,
1, ,-38, ,
3, ,-37, ,
8, ,-37, ,
0, ,-38, ,
1, ,-37, ,
8, ,-37, ,
3, ,-37, ,
0, ,-38, ,
8, ,-37, ,
1, ,-38, ,
4, ,-38, ,
3, ,-37, ,
5, ,-38, ,
5, ,-37, ,
4, ,-37, ,
1, ,-38, ,
1, ,-38, ,
1, ,-37, ,
-1, ,-38, ,
-2, ,-38, ,
3, ,-37, ,
1, ,-38, ,
1, ,-38, ,
1, ,-38, ,
1, ,-38, ,
1, ,-37, ,
0, ,-37, ,
-5, ,-38, ,
1, ,-38, ,
5, ,-37, ,
3, ,-37, ,
0, ,-38, ,
6, ,-37, ,
1, ,-38, ,
3, ,-38, ,
-1, ,-37, ,
-1, ,-38, ,
0, ,-38, ,
0, ,-37, ,
-1, ,-38, ,
4, ,-38, ,
6, ,-37, ,
4, ,-37, ,
3, ,-38, ,
9, ,-37, ,
5, ,-38, ,
3, ,-38, ,
4, ,-38, ,
5, ,-38, ,
4, ,-38, ,
6, ,-37, ,
-2, ,-38, ,
0, ,-38, ,
3, ,-37, ,
0, ,-37, ,
1, ,-38, ,
6, ,-37, ,
5, ,-38, ,
5, ,-38, ,
4, ,-37, ,
5, ,-38, ,
3, ,-37, ,
5, ,-37, ,
-2, ,-38, ,
0, ,-38, ,
3, ,-37, ,
0, ,-38, ,
-2, ,-38, ,
5, ,-37, ,
3, ,-38, ,
1, ,-37, ,
0, ,-37, ,
-1, ,-38, ,
0, ,-37, ,
4, ,-37, ,
-5, ,-38, ,
1, ,-38, ,
5, ,-37, ,
-1, ,-37, ,
-1, ,-38, ,
4, ,-37, ,
0, ,-38, ,
3, ,-37, ,
-1, ,-37, ,
4, ,-38, ,
5, ,-37, ,
1, ,-37, ,
-1, ,-38, ,
0, ,-38, ,
0, ,-37, ,
-4, ,-38, ,
-6, ,-38, ,
1, ,-37, ,
-2, ,-38, ,
0, ,-38, ,
1, ,-37, ,
0, ,-38, ,
1, ,-37, ,
0, ,-37, ,
-7, ,-38, ,
0, ,-38, ,
3, ,-38, ,
-1, ,-38, ,
-5, ,-38, ,
1, ,-37, ,
0, ,-38, ,
0, ,-38, ,
-1, ,-37, ,
-1, ,-38, ,
1, ,-38, ,
1, ,-37, ,
-6, ,-38, ,
-1, ,-38, ,
1, ,-37, ,
1, ,-38, ,
-4, ,-38, ,
4, ,-37, ,
3, ,-38, ,
0, ,-38, ,
0, ,-38, ,
1, ,-38, ,
0, ,-38, ,
4, ,-37, ,
-2, ,-38, ,
1, ,-37, ,
3, ,-37, ,
-2, ,-38, ,
-5, ,-38, ,
1, ,-37, ,
0, ,-38, ,
0, ,-38, ,
-2, ,-37, ,
1, ,-38, ,
3, ,-38, ,
6, ,-37, ,
1, ,-38, ,
0, ,-38, ,
3, ,-37, ,
-1, ,-38, ,
-6, ,-37, ,
0, ,-37, ,
-1, ,-38, ,
-1, ,-38, ,
0, ,-37, ,
0, ,-38, ,
1, ,-37, ,
5, ,-37, ,
0, ,-38, ,
1, ,-37, ,
9, ,-37, ,
0, ,-38, ,
-2, ,-38, ,
3, ,-37, ,
-1, ,-37, ,
0, ,-38, ,
-4, ,-37, ,
-2, ,-38, ,
0, ,-37, ,
1, ,-37, ,
-1, ,-38, ,
0, ,-38, ,
4, ,-37, ,
1, ,-37, ,
-1, ,-38, ,
4, ,-37, ,
4, ,-38, ,
-1, ,-38, ,
-1, ,-38, ,
-1, ,-38, ,
1, ,-37, ,
4, ,-37, ,
-6, ,-38, ,
0, ,-38, ,
1, ,-37, ,
-4, ,-37, ,
-5, ,-38, ,
1, ,-37, ,
-1, ,-38, ,
1, ,-38, ,
0, ,-37, ,
1, ,-37, ,
3, ,-37, ,
3, ,-33, ,
-5, ,-25, ,
3, ,-15, ,
5, ,-5, ,
5, ,3, ,
5, ,11, ,
5, ,16, ,
5, ,22, ,
1, ,26, ,
6, ,31, ,
5, ,34, ,
9, ,37, ,
10, ,39, ,
3, ,42, ,
4, ,43, ,
8, ,45, ,
5, ,47, ,
5, ,49, ,
9, ,49, ,
4, ,51, ,
5, ,51, ,
4, ,52, ,
4, ,52, ,
8, ,53, ,
5, ,53, ,
1, ,54, ,
4, ,54, ,
6, ,54, ,
3, ,55, ,
-2, ,55, ,
4, ,54, ,
3, ,55, ,
3, ,55, ,
4, ,55, ,
3, ,55, ,
4, ,56, ,
9, ,54, ,
5, ,56, ,
8, ,55, ,
9, ,55, ,
4, ,56, ,
1, ,56, ,
8, ,54, ,
3, ,56, ,
4, ,55, ,
3, ,56, ,
1, ,56, ,
4, ,56, ,
4, ,55, ,
0, ,56, ,
1, ,55, ,
3, ,56, ,
1, ,55, ,
0, ,56, ,
6, ,54, ,
4, ,56, ,
1, ,56, ,
3, ,55, ,
1, ,56, ,
-4, ,56, ,
4, ,55, ,
-4, ,56, ,
1, ,55, ,
5, ,55, ,
1, ,56, ,
0, ,56, ,
6, ,54, ,
1, ,56, ,
4, ,56, ,
1, ,55, ,
1, ,56, ,
3, ,56, ,
4, ,55, ,
0, ,56, ,
4, ,55, ,
4, ,56, ,
1, ,56, ,
-4, ,56, ,
1, ,54, ,
5, ,56, ,
-1, ,56, ,
1, ,55, ,
6, ,55, ,
5, ,55, ,
9, ,55, ,
1, ,56, ,
5, ,55, ,
6, ,55, ,
3, ,56, ,
1, ,55, ,
10, ,54, ,
4, ,56, ,
6, ,55, ,
5, ,55, ,
4, ,55, ,
3, ,55, ,
3, ,55, ,
-1, ,56, ,
3, ,55, ,
4, ,55, ,
4, ,55, ,
1, ,55, ,
5, ,54, ,
1, ,55, ,
3, ,55, ,
5, ,55, ,
4, ,55, ,
3, ,56, ,
8, ,54, ,
-1, ,56, ,
3, ,55, ,
4, ,55, ,
4, ,56, ,
4, ,55, ,
9, ,54, ,
5, ,55, ,
8, ,55, ,
4, ,54, ,
3, ,55, ,
1, ,56, ,
3, ,54, ,
-2, ,56, ,
0, ,55, ,
4, ,55, ,
0, ,56, ,
-5, ,55, ,
4, ,54, ,
6, ,56, ,
5, ,55, ,
0, ,55, ,
3, ,55, ,
1, ,55, ,
3, ,54, ,
-5, ,56, ,
3, ,54, ,
4, ,55, ,
-4, ,56, ,
-2, ,55, ,
4, ,54, ,
-1, ,56, ,
1, ,55, ,
3, ,55, ,
1, ,55, ,
3, ,56, ,
0, ,54, ,
-1, ,56, ,
0, ,54, ,
3, ,55, ,
0, ,55, ,
-4, ,56, ,
1, ,54, ,
1, ,56, ,
0, ,55, ,
3, ,55, ,
0, ,55, ,
-2, ,56, ,
3, ,54, ,
-4, ,56, ,
3, ,55, ,
0, ,55, ,
-1, ,55, ,
-4, ,55, ,
5, ,54, ,
0, ,56, ,
1, ,55, ,
1, ,55, ,
1, ,55, ,
1, ,55, ,
-1, ,55, ,
-7, ,55, ,
-1, ,54, ,
1, ,55, ,
0, ,56, ,
0, ,55, ,
4, ,54, ,
6, ,56, ,
3, ,56, ,
3, ,55, ,
3, ,56, ,
1, ,55, ,
3, ,54, ,
-6, ,56, ,
0, ,55, ,
3, ,55, ,
-1, ,55, ,
-2, ,55, ,
5, ,54, ,
0, ,55, ,
1, ,55, ,
0, ,55, ,
0, ,55, ,
0, ,55, ,
1, ,55, ,
-2, ,56, ,
-1, ,54, ,
-1, ,55, ,
-2, ,55, ,
-7, ,55, ,
-4, ,53, ,
-2, ,55, ,
3, ,55, ,
-1, ,55, ,
0, ,55, ,
1, ,55, ,
3, ,54, ,
-4, ,56, ,
-1, ,54, ,
1, ,55, ,
-2, ,55, ,
-4, ,56, ,
0, ,54, ,
-5, ,56, ,
-1, ,55, ,
-1, ,55, ,
-4, ,55, ,
0, ,55, ,
-1, ,54, ,
-5, ,56, ,
-1, ,54, ,
-1, ,55, ,
-1, ,56, ,
4, ,55, ,
3, ,54, ,
-6, ,56, ,
-4, ,55, ,
0, ,55, ,
-1, ,55, ,
-2, ,55, ,
4, ,54, ,
-1, ,56, ,
-1, ,54, ,
1, ,55, ,
-1, ,55, ,
-6, ,55, ,
0, ,54, ,
-4, ,56, ,
-2, ,56, ,
-4, ,55, ,
-1, ,55, ,
-1, ,56, ,
1, ,54, ,
-5, ,55, ,
1, ,54, ,
1, ,55, ,
1, ,56, ,
0, ,55, ,
3, ,54, ,
1, ,55, ,
-1, ,55, ,
0, ,55, ,
3, ,55, ,
0, ,56, ,
4, ,55, ,
-2, ,56, ,
-2, ,54, ,
1, ,55, ,
-1, ,55, ,
-2, ,55, ,
6, ,54, ,
-1, ,56, ,
3, ,55, ,
0, ,55, ,
0, ,55, ,
4, ,55, ,
3, ,55, ,
-1, ,55, ,
0, ,55, ,
1, ,55, ,
-2, ,55, ,
-7, ,55, ,
0, ,54, ,
-1, ,55, ,
-1, ,55, ,
1, ,55, ,
-2, ,55, ,
1, ,55, ,
4, ,54, ,
3, ,55, ,
5, ,54, ,
8, ,55, ,
1, ,55, ,
-2, ,55, ,
4, ,53, ,
-1, ,56, ,
-1, ,55, ,
-1, ,55, ,
-2, ,55, ,
0, ,55, ,
1, ,54, ,
-2, ,56, ,
1, ,54, ,
1, ,55, ,
-1, ,55, ,
-1, ,55, ,
3, ,54, ,
1, ,55, ,
1, ,55, ,
1, ,55, ,
1, ,55, ,
-2, ,55, ,
4, ,54, ,
-5, ,55, ,
0, ,54, ,
1, ,55, ,
-1, ,56, ,
0, ,55, ,
3, ,54, ,
0, ,55, ,
1, ,55, ,
1, ,55, ,
3, ,55, ,
1, ,55, ,
4, ,54, ,
1, ,56, ,
1, ,54, ,
4, ,55, ,
3, ,55, ,
-2, ,55, ,
3, ,54, ,
1, ,56, ,
1, ,55, ,
1, ,55, ,
3, ,55, ,
6, ,56, ,
6, ,54, ,
5, ,56, ,
6, ,55, ,
8, ,55, ,
4, ,55, ,
0, ,55, ,
6, ,54, ,
0, ,55, ,
3, ,55, ,
3, ,55, ,
1, ,55, ,
5, ,55, ,
5, ,54, ,
0, ,56, ,
5, ,54, ,
4, ,55, ,
4, ,55, ,
0, ,55, ,
5, ,54, ,
4, ,56, ,
3, ,55, ,
1, ,55, ,
0, ,55, ,
1, ,55, ,
5, ,54, ,
-2, ,56, ,
3, ,54, ,
5, ,55, ,
1, ,56, ,
3, ,55, ,
5, ,53, ,
1, ,55, ,
3, ,55, ,
0, ,55, ,
1, ,55, ,
3, ,55, ,
6, ,54, ,
3, ,56, ,
5, ,54, ,
6, ,55, ,
4, ,56, ,
3, ,55, ,
4, ,53, ,
4, ,55, ,
3, ,55, ,
3, ,55, ,
-1, ,55, ,
0, ,56, ,
3, ,54, ,
-2, ,56, ,
3, ,54, ,
4, ,55, ,
-1, ,56, ,
-1, ,55, ,
6, ,53, ,
1, ,56, ,
5, ,55, ,
4, ,55, ,
3, ,55, ,
4, ,55, ,
3, ,54, ,
-1, ,56, ,
3, ,54, ,
3, ,55, ,
3, ,55, ,
1, ,55, ,
9, ,53, ,
6, ,55, ,
3, ,55, ,
3, ,55, ,
0, ,55, ,
1, ,55, ,
6, ,54, ,
1, ,55, ,
8, ,54, ,
9, ,55, ,
5, ,55, ,
1, ,55, ,
6, ,54, ,
-1, ,56, ,
1, ,55, ,
0, ,55, ,
0, ,55, ,
3, ,55, ,
6, ,54, ,
-1, ,56, ,
3, ,54, ,
4, ,55, ,
3, ,55, ,
0, ,56, ,
8, ,54, ,
6, ,56, ,
4, ,54, ,
3, ,55, ,
3, ,55, ,
3, ,55, ,
5, ,54, ,
-1, ,55, ,
3, ,54, ,
5, ,55, ,
0, ,55, ,
1, ,55, ,
5, ,54, ,
3, ,55, ,
6, ,55, ,
1, ,55, ,
-1, ,55, ,
-1, ,55, ,
0, ,54, ,
-2, ,56, ,
0, ,54, ,
1, ,55, ,
1, ,55, ,
0, ,56, ,
6, ,53, ,
4, ,55, ,
3, ,55, ,
1, ,55, ,
1, ,55, ,
0, ,55, ,
4, ,53, ,
-2, ,56, ,
-1, ,54, ,
1, ,55, ,
-2, ,55, ,
-2, ,56, ,
1, ,54, ,
-2, ,56, ,
0, ,55, ,
0, ,55, ,
1, ,55, ,
1, ,55, ,
3, ,54, ,
-2, ,56, ,
0, ,55, ,
0, ,55, ,
-2, ,56, ,
-4, ,55, ,
0, ,54, ,
-5, ,56, ,
-9, ,55, ,
-5, ,55, ,
-7, ,55, ,
-9, ,55, ,
-4, ,54, ,
-9, ,56, ,
-5, ,54, ,
-4, ,55, ,
-6, ,56, ,
-4, ,56, ,
8, ,54, ,
6, ,56, ,
10, ,55, ,
11, ,55, ,
13, ,55, ,
8, ,55, ,
5, ,54, ,
1, ,56, ,
1, ,54, ,
0, ,55, ,
-2, ,55, ,
-2, ,55, ,
4, ,54, ,
0, ,55, ,
0, ,55, ,
0, ,55, ,
0, ,55, ,
1, ,56, ,
3, ,54, ,
-2, ,56, ,
-4, ,54, ,
1, ,55, ,
-5, ,55, ,
-6, ,55, ,
3, ,54, ,
-2, ,56, ,
3, ,55, ,
3, ,55, ,
3, ,55, ,
6, ,55, ,
5, ,55, ,
-2, ,56, ,
-2, ,54, ,
-2, ,55, ,
-6, ,55, ,
-11, ,55, ,
-4, ,54, ,
-5, ,55, ,
-2, ,55, ,
-1, ,55, ,
-1, ,55, ,
1, ,56, ,
4, ,54, ,
-1, ,56, ,
1, ,54, ,
0, ,55, ,
-2, ,56, ,
-5, ,55, ,
-2, ,54, ,
-9, ,56, ,
-2, ,55, ,
-4, ,55, ,
-5, ,55, ,
-2, ,55, ,
1, ,54, ,
-2, ,56, ,
0, ,54, ,
3, ,55, ,
-2, ,55, ,
-2, ,55, ,
1, ,54, ,
1, ,56, ,
0, ,55, ,
0, ,55, ,
0, ,55, ,
0, ,55, ,
