Format,1.0B,
Memory Length,10000,Memory Length,10000,
IntpDistance,0,IntpDistance,0,
Trigger Address,4999,Trigger Address,4999,
Trigger Level,9.600E-01,Trigger Level,9.600E-01,
Source,CH1,Source,CH2,
Vertical Units,V,Vertical Units,V,
Vertical Units Div,0,Vertical Units Div,0,
Vertical Units Extend Div,16,Vertical Units Extend Div,16,
Label,,Label,,
Probe Type,0,Probe Type,0,
Probe Ratio,1.000e+01,Probe Ratio,1.000e+00,
Vertical Scale,2.000e-02,Vertical Scale,1.000e+00,
Vertical Position,-5.120e-02,Vertical Position,0.000e+00,
Horizontal Units,S,Horizontal Units,S,
Horizontal Scale,1.000E-05,Horizontal Scale,1.000E-05,
Horizontal Position,0.000E+00,Horizontal Position,0.000E+00,
Horizontal Mode,Main,Horizontal Mode,Main,
SincET Mode,Real Time,SincET Mode,Real Time,
Sampling Period,1.000e-08,Sampling Period,1.000e-08,
Horizontal Old Scale,1.000E-05,Horizontal Old Scale,1.000E-05,
Horizontal Old Position,0.000E+00,Horizontal Old Position,0.000E+00,
Firmware,V1.23,Firmware,V1.23,
Mode,Fast,Mode,Fast,
Waveform Data,,Waveform Data,,
3, ,-46, ,
1, ,-45, ,
3, ,-46, ,
6, ,-46, ,
3, ,-45, ,
-1, ,-46, ,
3, ,-45, ,
-2, ,-45, ,
1, ,-46, ,
1, ,-45, ,
1, ,-45, ,
8, ,-46, ,
6, ,-46, ,
4, ,-45, ,
5, ,-46, ,
3, ,-45, ,
3, ,-45, ,
-2, ,-46, ,
0, ,-46, ,
3, ,-45, ,
0, ,-45, ,
1, ,-46, ,
4, ,-45, ,
5, ,-46, ,
6, ,-46, ,
1, ,-45, ,
4, ,-45, ,
5, ,-46, ,
1, ,-45, ,
0, ,-46, ,
4, ,-45, ,
4, ,-45, ,
3, ,-46, ,
1, ,-46, ,
6, ,-45, ,
5, ,-46, ,
6, ,-46, ,
4, ,-45, ,
5, ,-45, ,
4, ,-46, ,
4, ,-45, ,
3, ,-46, ,
3, ,-45, ,
1, ,-45, ,
3, ,-46, ,
-1, ,-46, ,
3, ,-45, ,
3, ,-46, ,
5, ,-46, ,
1, ,-45, ,
3, ,-46, ,
6, ,-45, ,
3, ,-45, ,
0, ,-46, ,
3, ,-45, ,
-2, ,-45, ,
3, ,-45, ,
-1, ,-46, ,
-1, ,-45, ,
4, ,-46, ,
3, ,-46, ,
3, ,-45, ,
4, ,-46, ,
3, ,-46, ,
1, ,-45, ,
-1, ,-46, ,
3, ,-46, ,
5, ,-45, ,
3, ,-46, ,
3, ,-46, ,
4, ,-45, ,
4, ,-46, ,
4, ,-46, ,
0, ,-45, ,
4, ,-46, ,
5, ,-46, ,
3, ,-45, ,
1, ,-46, ,
4, ,-45, ,
4, ,-45, ,
4, ,-46, ,
3, ,-46, ,
3, ,-45, ,
5, ,-46, ,
5, ,-45, ,
0, ,-45, ,
9, ,-46, ,
6, ,-45, ,
8, ,-45, ,
4, ,-46, ,
6, ,-46, ,
5, ,-45, ,
1, ,-46, ,
1, ,-46, ,
3, ,-45, ,
3, ,-46, ,
5, ,-46, ,
0, ,-45, ,
5, ,-46, ,
5, ,-45, ,
3, ,-45, ,
1, ,-46, ,
3, ,-46, ,
3, ,-45, ,
1, ,-46, ,
0, ,-46, ,
4, ,-45, ,
3, ,-46, ,
0, ,-45, ,
-2, ,-46, ,
5, ,-46, ,
6, ,-45, ,
4, ,-45, ,
0, ,-46, ,
3, ,-45, ,
1, ,-45, ,
3, ,-46, ,
3, ,-46, ,
1, ,-45, ,
-1, ,-46, ,
0, ,-46, ,
-9, ,-45, ,
-2, ,-45, ,
4, ,-45, ,
4, ,-45, ,
8, ,-46, ,
13, ,-45, ,
10, ,-45, ,
9, ,-46, ,
4, ,-46, ,
4, ,-45, ,
5, ,-46, ,
1, ,-46, ,
-2, ,-45, ,
4, ,-46, ,
1, ,-46, ,
3, ,-45, ,
4, ,-46, ,
5, ,-45, ,
8, ,-45, ,
8, ,-46, ,
4, ,-46, ,
6, ,-45, ,
5, ,-46, ,
9, ,-46, ,
0, ,-45, ,
0, ,-46, ,
1, ,-45, ,
0, ,-45, ,
-1, ,-46, ,
3, ,-45, ,
1, ,-45, ,
5, ,-46, ,
4, ,-46, ,
6, ,-45, ,
6, ,-46, ,
4, ,-46, ,
0, ,-46, ,
0, ,-46, ,
1, ,-45, ,
-1, ,-45, ,
0, ,-46, ,
4, ,-46, ,
4, ,-45, ,
5, ,-46, ,
1, ,-46, ,
4, ,-45, ,
4, ,-46, ,
3, ,-46, ,
-1, ,-45, ,
0, ,-45, ,
4, ,-46, ,
1, ,-45, ,
3, ,-46, ,
5, ,-45, ,
3, ,-45, ,
6, ,-46, ,
0, ,-46, ,
0, ,-45, ,
4, ,-46, ,
3, ,-45, ,
0, ,-45, ,
-1, ,-45, ,
0, ,-45, ,
0, ,-45, ,
-4, ,-46, ,
-1, ,-46, ,
-1, ,-45, ,
-5, ,-46, ,
-1, ,-46, ,
3, ,-45, ,
0, ,-46, ,
3, ,-45, ,
-2, ,-45, ,
-2, ,-46, ,
-1, ,-46, ,
-5, ,-45, ,
-6, ,-46, ,
0, ,-45, ,
-1, ,-45, ,
-2, ,-45, ,
-1, ,-45, ,
-1, ,-45, ,
0, ,-46, ,
-2, ,-45, ,
-5, ,-46, ,
-4, ,-45, ,
-4, ,-45, ,
-4, ,-45, ,
-6, ,-46, ,
-2, ,-45, ,
-1, ,-45, ,
-5, ,-46, ,
-6, ,-46, ,
-4, ,-45, ,
-7, ,-46, ,
-5, ,-46, ,
-9, ,-45, ,
-2, ,-45, ,
1, ,-46, ,
-4, ,-45, ,
-7, ,-46, ,
-4, ,-45, ,
-5, ,-45, ,
-4, ,-46, ,
-6, ,-46, ,
-4, ,-45, ,
-5, ,-46, ,
-2, ,-46, ,
-6, ,-45, ,
-4, ,-46, ,
-1, ,-45, ,
-6, ,-45, ,
-9, ,-46, ,
-2, ,-46, ,
-2, ,-45, ,
-4, ,-45, ,
-2, ,-46, ,
-2, ,-45, ,
-2, ,-46, ,
-2, ,-46, ,
-7, ,-45, ,
-2, ,-46, ,
0, ,-46, ,
-6, ,-45, ,
-4, ,-46, ,
-2, ,-46, ,
-5, ,-45, ,
-2, ,-45, ,
-4, ,-46, ,
-2, ,-45, ,
0, ,-46, ,
-2, ,-46, ,
-5, ,-45, ,
-1, ,-46, ,
-1, ,-45, ,
-4, ,-45, ,
-4, ,-46, ,
-2, ,-45, ,
-1, ,-45, ,
-5, ,-46, ,
-5, ,-46, ,
-4, ,-45, ,
-5, ,-46, ,
-1, ,-46, ,
-6, ,-46, ,
-2, ,-45, ,
1, ,-45, ,
-4, ,-45, ,
-7, ,-46, ,
-4, ,-45, ,
-5, ,-45, ,
-1, ,-45, ,
-2, ,-46, ,
0, ,-45, ,
3, ,-46, ,
5, ,-46, ,
-1, ,-45, ,
3, ,-45, ,
3, ,-45, ,
-1, ,-45, ,
-4, ,-46, ,
-1, ,-46, ,
0, ,-45, ,
-1, ,-45, ,
-2, ,-46, ,
-1, ,-45, ,
-1, ,-46, ,
-1, ,-46, ,
-1, ,-45, ,
-1, ,-45, ,
1, ,-46, ,
-1, ,-45, ,
-2, ,-46, ,
1, ,-45, ,
1, ,-45, ,
-1, ,-46, ,
-1, ,-46, ,
-1, ,-45, ,
0, ,-46, ,
1, ,-45, ,
0, ,-45, ,
3, ,-45, ,
4, ,-46, ,
4, ,-45, ,
-2, ,-46, ,
1, ,-45, ,
3, ,-45, ,
1, ,-46, ,
1, ,-46, ,
4, ,-45, ,
5, ,-46, ,
9, ,-46, ,
3, ,-46, ,
6, ,-46, ,
5, ,-46, ,
3, ,-45, ,
0, ,-46, ,
4, ,-45, ,
4, ,-45, ,
4, ,-46, ,
4, ,-46, ,
4, ,-45, ,
5, ,-46, ,
5, ,-46, ,
1, ,-45, ,
6, ,-46, ,
6, ,-45, ,
5, ,-45, ,
1, ,-46, ,
6, ,-46, ,
5, ,-45, ,
5, ,-45, ,
1, ,-46, ,
6, ,-45, ,
4, ,-46, ,
8, ,-46, ,
5, ,-46, ,
8, ,-46, ,
9, ,-46, ,
4, ,-45, ,
5, ,-46, ,
5, ,-45, ,
3, ,-45, ,
5, ,-45, ,
3, ,-46, ,
4, ,-45, ,
5, ,-46, ,
4, ,-46, ,
1, ,-46, ,
5, ,-46, ,
6, ,-45, ,
5, ,-45, ,
3, ,-46, ,
4, ,-46, ,
4, ,-45, ,
3, ,-46, ,
4, ,-46, ,
3, ,-45, ,
4, ,-46, ,
5, ,-46, ,
3, ,-46, ,
5, ,-45, ,
5, ,-45, ,
4, ,-45, ,
-1, ,-46, ,
6, ,-45, ,
5, ,-45, ,
4, ,-46, ,
1, ,-46, ,
4, ,-45, ,
5, ,-46, ,
4, ,-45, ,
1, ,-45, ,
3, ,-45, ,
3, ,-45, ,
5, ,-45, ,
1, ,-46, ,
6, ,-45, ,
9, ,-45, ,
8, ,-46, ,
5, ,-45, ,
4, ,-45, ,
5, ,-46, ,
6, ,-46, ,
0, ,-45, ,
5, ,-46, ,
8, ,-46, ,
5, ,-45, ,
4, ,-46, ,
8, ,-45, ,
6, ,-45, ,
5, ,-46, ,
5, ,-46, ,
5, ,-45, ,
5, ,-46, ,
6, ,-46, ,
1, ,-45, ,
5, ,-46, ,
6, ,-45, ,
4, ,-45, ,
4, ,-46, ,
5, ,-46, ,
6, ,-45, ,
5, ,-46, ,
3, ,-46, ,
3, ,-45, ,
4, ,-46, ,
3, ,-45, ,
-2, ,-45, ,
1, ,-46, ,
5, ,-46, ,
3, ,-45, ,
1, ,-46, ,
8, ,-45, ,
8, ,-45, ,
8, ,-46, ,
5, ,-46, ,
-1, ,-45, ,
5, ,-46, ,
4, ,-46, ,
-7, ,-46, ,
0, ,-46, ,
1, ,-45, ,
0, ,-45, ,
0, ,-46, ,
4, ,-46, ,
5, ,-45, ,
1, ,-46, ,
4, ,-46, ,
1, ,-45, ,
0, ,-46, ,
3, ,-46, ,
-2, ,-45, ,
1, ,-46, ,
3, ,-45, ,
-4, ,-46, ,
-2, ,-46, ,
3, ,-45, ,
1, ,-45, ,
0, ,-46, ,
-1, ,-46, ,
1, ,-45, ,
3, ,-46, ,
0, ,-46, ,
-4, ,-46, ,
0, ,-45, ,
-2, ,-45, ,
-6, ,-45, ,
-2, ,-46, ,
-1, ,-46, ,
-1, ,-45, ,
0, ,-46, ,
0, ,-46, ,
0, ,-44, ,
-2, ,-46, ,
0, ,-46, ,
-5, ,-46, ,
-2, ,-46, ,
0, ,-46, ,
-5, ,-45, ,
-6, ,-46, ,
0, ,-45, ,
-2, ,-45, ,
-2, ,-45, ,
-2, ,-46, ,
-2, ,-45, ,
1, ,-46, ,
-4, ,-46, ,
-4, ,-46, ,
-2, ,-45, ,
-1, ,-46, ,
-4, ,-45, ,
-6, ,-46, ,
-2, ,-46, ,
-1, ,-45, ,
-4, ,-45, ,
-5, ,-46, ,
-2, ,-45, ,
-1, ,-46, ,
-1, ,-46, ,
-4, ,-45, ,
0, ,-46, ,
-1, ,-46, ,
-4, ,-45, ,
-7, ,-46, ,
-1, ,-46, ,
-6, ,-45, ,
-5, ,-46, ,
-1, ,-45, ,
-4, ,-45, ,
0, ,-46, ,
-1, ,-45, ,
-7, ,-46, ,
-1, ,-46, ,
-2, ,-45, ,
-2, ,-45, ,
-6, ,-46, ,
-1, ,-46, ,
1, ,-45, ,
-4, ,-46, ,
-6, ,-46, ,
-1, ,-45, ,
-6, ,-46, ,
-1, ,-46, ,
-9, ,-45, ,
-4, ,-46, ,
-2, ,-46, ,
-4, ,-45, ,
-9, ,-46, ,
-1, ,-46, ,
-7, ,-46, ,
-7, ,-46, ,
-7, ,-46, ,
-4, ,-45, ,
-2, ,-46, ,
-2, ,-46, ,
-5, ,-45, ,
0, ,-46, ,
-1, ,-45, ,
-10, ,-44, ,
-4, ,-40, ,
0, ,-30, ,
1, ,-19, ,
3, ,-11, ,
1, ,-2, ,
3, ,4, ,
1, ,11, ,
3, ,16, ,
1, ,20, ,
4, ,23, ,
9, ,27, ,
4, ,30, ,
-2, ,33, ,
4, ,35, ,
1, ,36, ,
1, ,38, ,
0, ,39, ,
0, ,40, ,
1, ,41, ,
4, ,42, ,
-4, ,43, ,
3, ,43, ,
1, ,44, ,
0, ,43, ,
-4, ,45, ,
1, ,45, ,
-1, ,45, ,
-2, ,46, ,
-2, ,46, ,
-1, ,45, ,
3, ,46, ,
1, ,46, ,
-4, ,46, ,
3, ,47, ,
5, ,47, ,
1, ,45, ,
-5, ,47, ,
4, ,47, ,
-4, ,47, ,
-1, ,47, ,
0, ,46, ,
1, ,46, ,
1, ,47, ,
1, ,47, ,
-1, ,46, ,
0, ,47, ,
1, ,47, ,
3, ,46, ,
-2, ,47, ,
3, ,47, ,
1, ,46, ,
-2, ,47, ,
-1, ,46, ,
3, ,46, ,
-1, ,47, ,
8, ,47, ,
-1, ,46, ,
3, ,47, ,
5, ,47, ,
-1, ,45, ,
-1, ,47, ,
1, ,47, ,
-1, ,47, ,
1, ,47, ,
-1, ,47, ,
3, ,45, ,
3, ,47, ,
3, ,47, ,
-1, ,46, ,
1, ,47, ,
3, ,47, ,
4, ,46, ,
0, ,47, ,
5, ,46, ,
1, ,46, ,
1, ,46, ,
0, ,46, ,
0, ,45, ,
-1, ,47, ,
3, ,46, ,
-2, ,46, ,
4, ,46, ,
5, ,46, ,
10, ,45, ,
-2, ,47, ,
1, ,46, ,
-2, ,46, ,
5, ,46, ,
0, ,46, ,
3, ,45, ,
6, ,47, ,
6, ,46, ,
-2, ,46, ,
5, ,46, ,
5, ,47, ,
3, ,45, ,
0, ,47, ,
4, ,46, ,
5, ,46, ,
4, ,46, ,
5, ,46, ,
4, ,45, ,
5, ,47, ,
6, ,46, ,
1, ,46, ,
4, ,46, ,
9, ,46, ,
4, ,46, ,
1, ,46, ,
9, ,46, ,
5, ,46, ,
6, ,46, ,
5, ,46, ,
8, ,45, ,
6, ,46, ,
9, ,46, ,
5, ,46, ,
10, ,46, ,
9, ,46, ,
9, ,45, ,
5, ,47, ,
9, ,46, ,
8, ,46, ,
6, ,47, ,
4, ,46, ,
5, ,45, ,
4, ,47, ,
8, ,46, ,
3, ,46, ,
8, ,46, ,
8, ,46, ,
4, ,46, ,
0, ,47, ,
5, ,46, ,
5, ,46, ,
5, ,47, ,
1, ,46, ,
1, ,45, ,
4, ,46, ,
5, ,47, ,
4, ,46, ,
5, ,46, ,
4, ,46, ,
3, ,45, ,
1, ,47, ,
5, ,46, ,
5, ,46, ,
6, ,46, ,
6, ,46, ,
8, ,45, ,
5, ,46, ,
3, ,46, ,
-5, ,46, ,
-1, ,46, ,
-1, ,46, ,
0, ,45, ,
3, ,47, ,
6, ,46, ,
4, ,46, ,
6, ,47, ,
1, ,46, ,
3, ,45, ,
4, ,46, ,
1, ,46, ,
0, ,46, ,
5, ,46, ,
8, ,47, ,
6, ,45, ,
1, ,47, ,
6, ,46, ,
4, ,46, ,
1, ,47, ,
0, ,46, ,
4, ,45, ,
4, ,46, ,
4, ,46, ,
0, ,46, ,
3, ,46, ,
5, ,46, ,
0, ,45, ,
-1, ,47, ,
1, ,46, ,
1, ,46, ,
5, ,46, ,
1, ,46, ,
4, ,45, ,
5, ,46, ,
3, ,46, ,
-4, ,46, ,
-1, ,46, ,
0, ,47, ,
-2, ,45, ,
-2, ,47, ,
5, ,46, ,
1, ,46, ,
1, ,46, ,
-1, ,46, ,
0, ,45, ,
0, ,47, ,
1, ,46, ,
-2, ,46, ,
4, ,46, ,
3, ,46, ,
0, ,46, ,
-4, ,47, ,
4, ,46, ,
0, ,46, ,
0, ,46, ,
-1, ,46, ,
0, ,45, ,
3, ,46, ,
0, ,46, ,
-4, ,46, ,
-1, ,46, ,
-2, ,46, ,
-1, ,45, ,
-5, ,47, ,
0, ,46, ,
1, ,46, ,
-1, ,47, ,
3, ,46, ,
0, ,45, ,
1, ,47, ,
4, ,46, ,
-4, ,46, ,
-2, ,46, ,
-1, ,46, ,
-5, ,46, ,
-6, ,46, ,
-4, ,46, ,
-4, ,46, ,
-1, ,46, ,
-2, ,46, ,
-1, ,45, ,
0, ,47, ,
-1, ,46, ,
-5, ,46, ,
0, ,46, ,
1, ,46, ,
0, ,45, ,
-2, ,47, ,
0, ,46, ,
-2, ,46, ,
-2, ,46, ,
-5, ,46, ,
-1, ,45, ,
-2, ,46, ,
0, ,46, ,
-2, ,46, ,
-1, ,46, ,
4, ,46, ,
0, ,45, ,
-2, ,47, ,
0, ,46, ,
-5, ,46, ,
-1, ,47, ,
-4, ,46, ,
-1, ,45, ,
3, ,46, ,
4, ,46, ,
-1, ,46, ,
0, ,46, ,
1, ,46, ,
1, ,46, ,
-6, ,47, ,
-1, ,46, ,
-1, ,46, ,
-4, ,46, ,
-1, ,46, ,
-1, ,45, ,
-1, ,46, ,
3, ,46, ,
-4, ,46, ,
1, ,46, ,
-1, ,46, ,
1, ,45, ,
-2, ,46, ,
1, ,46, ,
1, ,46, ,
-1, ,46, ,
-2, ,46, ,
-4, ,45, ,
-1, ,46, ,
-1, ,46, ,
-4, ,46, ,
1, ,46, ,
1, ,46, ,
-1, ,46, ,
-4, ,47, ,
-2, ,46, ,
-2, ,46, ,
-4, ,46, ,
-2, ,46, ,
-1, ,45, ,
-1, ,46, ,
1, ,46, ,
-1, ,46, ,
3, ,46, ,
4, ,46, ,
-2, ,45, ,
-5, ,47, ,
-1, ,46, ,
-5, ,46, ,
-2, ,46, ,
-6, ,46, ,
-1, ,45, ,
1, ,46, ,
-1, ,46, ,
-2, ,46, ,
0, ,46, ,
1, ,46, ,
0, ,46, ,
-5, ,46, ,
1, ,46, ,
-1, ,46, ,
1, ,46, ,
-2, ,46, ,
0, ,45, ,
1, ,47, ,
1, ,46, ,
-4, ,46, ,
0, ,46, ,
1, ,46, ,
0, ,45, ,
-2, ,47, ,
3, ,46, ,
1, ,46, ,
1, ,47, ,
0, ,46, ,
-1, ,45, ,
1, ,47, ,
1, ,46, ,
-6, ,46, ,
0, ,46, ,
1, ,46, ,
3, ,46, ,
1, ,46, ,
5, ,46, ,
3, ,46, ,
0, ,46, ,
1, ,46, ,
3, ,45, ,
0, ,46, ,
5, ,46, ,
1, ,46, ,
5, ,46, ,
4, ,46, ,
0, ,45, ,
-2, ,47, ,
0, ,46, ,
-1, ,46, ,
0, ,46, ,
-7, ,46, ,
8, ,45, ,
8, ,46, ,
4, ,46, ,
4, ,46, ,
3, ,46, ,
4, ,46, ,
4, ,45, ,
0, ,46, ,
6, ,46, ,
4, ,46, ,
5, ,46, ,
3, ,46, ,
3, ,45, ,
0, ,46, ,
3, ,46, ,
-2, ,45, ,
3, ,46, ,
5, ,46, ,
3, ,45, ,
1, ,46, ,
8, ,46, ,
-1, ,46, ,
3, ,46, ,
-2, ,46, ,
1, ,45, ,
1, ,47, ,
3, ,46, ,
-1, ,46, ,
4, ,46, ,
3, ,46, ,
5, ,45, ,
-2, ,46, ,
4, ,46, ,
4, ,46, ,
1, ,47, ,
1, ,46, ,
3, ,45, ,
4, ,46, ,
6, ,46, ,
-1, ,46, ,
4, ,46, ,
4, ,46, ,
1, ,45, ,
0, ,46, ,
8, ,45, ,
5, ,46, ,
5, ,46, ,
3, ,46, ,
3, ,45, ,
4, ,46, ,
3, ,46, ,
-5, ,46, ,
1, ,46, ,
1, ,46, ,
3, ,45, ,
-1, ,46, ,
6, ,46, ,
5, ,46, ,
4, ,46, ,
4, ,46, ,
3, ,45, ,
0, ,46, ,
5, ,46, ,
0, ,46, ,
3, ,46, ,
6, ,46, ,
3, ,46, ,
4, ,46, ,
5, ,46, ,
4, ,46, ,
5, ,47, ,
1, ,46, ,
5, ,45, ,
6, ,46, ,
5, ,46, ,
0, ,46, ,
4, ,46, ,
3, ,46, ,
4, ,45, ,
-2, ,47, ,
3, ,46, ,
1, ,46, ,
3, ,46, ,
1, ,46, ,
1, ,45, ,
0, ,47, ,
1, ,46, ,
-2, ,46, ,
-1, ,46, ,
1, ,46, ,
3, ,46, ,
-5, ,46, ,
6, ,45, ,
4, ,46, ,
5, ,46, ,
1, ,46, ,
1, ,45, ,
4, ,46, ,
0, ,46, ,
-6, ,46, ,
0, ,46, ,
0, ,46, ,
1, ,46, ,
-1, ,46, ,
3, ,46, ,
3, ,46, ,
1, ,47, ,
0, ,46, ,
0, ,45, ,
3, ,46, ,
1, ,46, ,
-2, ,46, ,
4, ,46, ,
3, ,46, ,
-1, ,45, ,
-4, ,47, ,
-2, ,46, ,
-4, ,46, ,
0, ,46, ,
-1, ,46, ,
4, ,45, ,
4, ,46, ,
6, ,46, ,
-2, ,46, ,
0, ,46, ,
1, ,46, ,
-1, ,45, ,
-5, ,47, ,
1, ,46, ,
-1, ,46, ,
1, ,46, ,
0, ,46, ,
1, ,45, ,
1, ,47, ,
-1, ,46, ,
-2, ,46, ,
-1, ,46, ,
4, ,46, ,
1, ,45, ,
-1, ,46, ,
3, ,46, ,
-1, ,46, ,
3, ,46, ,
0, ,46, ,
1, ,45, ,
4, ,46, ,
4, ,46, ,
-1, ,46, ,
4, ,46, ,
3, ,46, ,
1, ,46, ,
-4, ,47, ,
0, ,46, ,
0, ,46, ,
0, ,47, ,
-1, ,46, ,
4, ,45, ,
3, ,47, ,
4, ,46, ,
-1, ,46, ,
0, ,46, ,
1, ,46, ,
0, ,45, ,
-4, ,47, ,
0, ,46, ,
-1, ,46, ,
1, ,46, ,
-1, ,46, ,
0, ,45, ,
1, ,46, ,
1, ,46, ,
-2, ,46, ,
1, ,46, ,
0, ,46, ,
-1, ,45, ,
-4, ,46, ,
1, ,45, ,
0, ,46, ,
-2, ,46, ,
-2, ,46, ,
-1, ,45, ,
0, ,46, ,
3, ,46, ,
-4, ,46, ,
0, ,46, ,
1, ,46, ,
3, ,45, ,
-2, ,46, ,
1, ,45, ,
-4, ,46, ,
-1, ,46, ,
-6, ,46, ,
-4, ,45, ,
-1, ,47, ,
-1, ,46, ,
-4, ,46, ,
3, ,46, ,
4, ,46, ,
0, ,45, ,
-2, ,47, ,
3, ,45, ,
-2, ,46, ,
-1, ,46, ,
-5, ,46, ,
-1, ,45, ,
0, ,46, ,
4, ,46, ,
0, ,46, ,
4, ,46, ,
1, ,46, ,
1, ,45, ,
-2, ,46, ,
3, ,45, ,
-1, ,46, ,
3, ,46, ,
0, ,46, ,
1, ,45, ,
4, ,46, ,
1, ,46, ,
-4, ,46, ,
3, ,46, ,
0, ,46, ,
0, ,45, ,
1, ,46, ,
3, ,46, ,
4, ,46, ,
3, ,46, ,
0, ,46, ,
1, ,45, ,
-1, ,47, ,
4, ,46, ,
0, ,46, ,
4, ,46, ,
5, ,46, ,
1, ,45, ,
-1, ,47, ,
4, ,45, ,
1, ,46, ,
3, ,46, ,
0, ,46, ,
0, ,45, ,
4, ,47, ,
4, ,46, ,
0, ,46, ,
1, ,46, ,
4, ,46, ,
1, ,46, ,
0, ,46, ,
4, ,46, ,
3, ,46, ,
1, ,47, ,
-1, ,46, ,
1, ,45, ,
0, ,46, ,
5, ,46, ,
1, ,46, ,
1, ,47, ,
5, ,46, ,
0, ,45, ,
1, ,47, ,
4, ,46, ,
3, ,46, ,
4, ,46, ,
4, ,46, ,
3, ,45, ,
4, ,47, ,
4, ,46, ,
0, ,46, ,
1, ,46, ,
1, ,46, ,
3, ,45, ,
-1, ,46, ,
3, ,46, ,
3, ,46, ,
0, ,46, ,
-1, ,46, ,
-1, ,45, ,
1, ,46, ,
1, ,46, ,
-2, ,46, ,
4, ,46, ,
5, ,46, ,
5, ,46, ,
1, ,47, ,
6, ,46, ,
4, ,46, ,
3, ,46, ,
3, ,46, ,
4, ,45, ,
3, ,47, ,
3, ,46, ,
1, ,46, ,
6, ,46, ,
4, ,46, ,
3, ,45, ,
0, ,46, ,
3, ,46, ,
4, ,46, ,
4, ,46, ,
1, ,46, ,
3, ,45, ,
0, ,46, ,
-1, ,46, ,
-6, ,46, ,
-1, ,46, ,
3, ,46, ,
3, ,45, ,
4, ,46, ,
5, ,46, ,
3, ,46, ,
5, ,46, ,
3, ,46, ,
3, ,45, ,
1, ,47, ,
1, ,46, ,
1, ,46, ,
1, ,46, ,
4, ,46, ,
6, ,46, ,
0, ,47, ,
5, ,46, ,
3, ,46, ,
3, ,46, ,
1, ,46, ,
4, ,45, ,
6, ,47, ,
4, ,46, ,
-4, ,46, ,
1, ,46, ,
0, ,46, ,
0, ,46, ,
-2, ,46, ,
5, ,46, ,
3, ,46, ,
4, ,47, ,
0, ,46, ,
-1, ,45, ,
0, ,46, ,
-2, ,46, ,
-9, ,46, ,
-4, ,46, ,
-1, ,46, ,
1, ,45, ,
-1, ,46, ,
1, ,46, ,
5, ,46, ,
3, ,46, ,
4, ,46, ,
3, ,45, ,
3, ,46, ,
3, ,46, ,
-2, ,46, ,
0, ,46, ,
0, ,46, ,
3, ,45, ,
0, ,47, ,
3, ,46, ,
-1, ,46, ,
3, ,46, ,
-1, ,46, ,
0, ,45, ,
3, ,46, ,
4, ,46, ,
-1, ,46, ,
3, ,46, ,
3, ,46, ,
0, ,46, ,
-4, ,46, ,
1, ,46, ,
0, ,46, ,
1, ,47, ,
3, ,46, ,
3, ,45, ,
1, ,47, ,
3, ,46, ,
-4, ,46, ,
0, ,46, ,
1, ,46, ,
-1, ,45, ,
-4, ,47, ,
1, ,46, ,
-2, ,46, ,
3, ,46, ,
-1, ,46, ,
1, ,45, ,
3, ,46, ,
4, ,46, ,
-2, ,46, ,
3, ,46, ,
-1, ,46, ,
3, ,46, ,
-1, ,45, ,
-1, ,38, ,
-4, ,28, ,
-6, ,19, ,
-6, ,9, ,
-7, ,2, ,
-6, ,-4, ,
-1, ,-11, ,
-5, ,-16, ,
-2, ,-20, ,
-4, ,-23, ,
-6, ,-26, ,
-6, ,-30, ,
-1, ,-32, ,
-4, ,-34, ,
-2, ,-36, ,
-4, ,-38, ,
-2, ,-38, ,
-1, ,-40, ,
-1, ,-41, ,
-9, ,-41, ,
-2, ,-42, ,
-4, ,-43, ,
-7, ,-43, ,
-7, ,-44, ,
-5, ,-44, ,
-1, ,-44, ,
-4, ,-45, ,
-4, ,-45, ,
0, ,-44, ,
0, ,-46, ,
4, ,-45, ,
-4, ,-46, ,
0, ,-46, ,
3, ,-46, ,
-2, ,-45, ,
-4, ,-46, ,
0, ,-46, ,
-1, ,-46, ,
-1, ,-46, ,
-4, ,-46, ,
-2, ,-46, ,
0, ,-47, ,
0, ,-46, ,
-2, ,-46, ,
0, ,-46, ,
3, ,-46, ,
1, ,-46, ,
-4, ,-47, ,
3, ,-46, ,
-1, ,-46, ,
-2, ,-46, ,
-4, ,-47, ,
0, ,-46, ,
-1, ,-47, ,
3, ,-46, ,
-1, ,-46, ,
4, ,-46, ,
8, ,-46, ,
5, ,-46, ,
3, ,-46, ,
1, ,-46, ,
-2, ,-46, ,
5, ,-46, ,
0, ,-46, ,
1, ,-45, ,
6, ,-46, ,
1, ,-46, ,
1, ,-46, ,
4, ,-46, ,
4, ,-46, ,
4, ,-45, ,
-1, ,-46, ,
4, ,-46, ,
1, ,-46, ,
1, ,-46, ,
3, ,-46, ,
1, ,-45, ,
3, ,-46, ,
5, ,-46, ,
-1, ,-46, ,
1, ,-46, ,
4, ,-46, ,
1, ,-45, ,
-2, ,-46, ,
3, ,-46, ,
-2, ,-46, ,
0, ,-46, ,
1, ,-46, ,
1, ,-45, ,
1, ,-46, ,
-1, ,-46, ,
3, ,-46, ,
5, ,-46, ,
3, ,-46, ,
4, ,-45, ,
-1, ,-47, ,
5, ,-46, ,
3, ,-45, ,
-1, ,-46, ,
-1, ,-46, ,
1, ,-45, ,
4, ,-46, ,
5, ,-46, ,
-1, ,-45, ,
4, ,-45, ,
5, ,-46, ,
-1, ,-45, ,
-2, ,-46, ,
3, ,-46, ,
0, ,-45, ,
3, ,-46, ,
1, ,-46, ,
3, ,-45, ,
4, ,-46, ,
4, ,-46, ,
1, ,-45, ,
3, ,-46, ,
5, ,-46, ,
5, ,-45, ,
0, ,-46, ,
4, ,-46, ,
3, ,-45, ,
1, ,-46, ,
3, ,-46, ,
1, ,-45, ,
1, ,-46, ,
1, ,-46, ,
-2, ,-46, ,
3, ,-46, ,
6, ,-45, ,
4, ,-45, ,
3, ,-46, ,
6, ,-46, ,
5, ,-45, ,
4, ,-45, ,
1, ,-46, ,
1, ,-45, ,
3, ,-46, ,
1, ,-46, ,
1, ,-45, ,
5, ,-46, ,
3, ,-45, ,
1, ,-45, ,
0, ,-46, ,
4, ,-46, ,
4, ,-46, ,
3, ,-45, ,
4, ,-46, ,
6, ,-45, ,
5, ,-46, ,
9, ,-45, ,
1, ,-46, ,
3, ,-46, ,
6, ,-46, ,
0, ,-45, ,
-1, ,-46, ,
3, ,-45, ,
3, ,-45, ,
4, ,-46, ,
-1, ,-46, ,
1, ,-45, ,
4, ,-46, ,
3, ,-46, ,
1, ,-45, ,
4, ,-46, ,
5, ,-45, ,
3, ,-45, ,
1, ,-46, ,
5, ,-46, ,
6, ,-45, ,
1, ,-46, ,
0, ,-46, ,
1, ,-45, ,
0, ,-46, ,
4, ,-46, ,
-1, ,-45, ,
4, ,-46, ,
8, ,-46, ,
3, ,-45, ,
3, ,-46, ,
8, ,-46, ,
4, ,-45, ,
3, ,-46, ,
1, ,-46, ,
1, ,-45, ,
4, ,-46, ,
1, ,-46, ,
-2, ,-45, ,
1, ,-46, ,
1, ,-45, ,
-5, ,-45, ,
-4, ,-46, ,
6, ,-46, ,
3, ,-45, ,
4, ,-46, ,
5, ,-46, ,
4, ,-45, ,
1, ,-46, ,
5, ,-45, ,
-1, ,-45, ,
0, ,-46, ,
4, ,-46, ,
0, ,-45, ,
-2, ,-46, ,
4, ,-45, ,
4, ,-45, ,
3, ,-46, ,
3, ,-46, ,
5, ,-45, ,
4, ,-46, ,
4, ,-46, ,
0, ,-45, ,
3, ,-46, ,
3, ,-45, ,
3, ,-45, ,
1, ,-46, ,
5, ,-46, ,
6, ,-45, ,
3, ,-46, ,
1, ,-46, ,
0, ,-45, ,
-1, ,-46, ,
0, ,-46, ,
-2, ,-46, ,
3, ,-46, ,
3, ,-46, ,
0, ,-45, ,
-4, ,-46, ,
1, ,-45, ,
-1, ,-45, ,
0, ,-46, ,
1, ,-46, ,
1, ,-45, ,
4, ,-46, ,
1, ,-45, ,
-2, ,-45, ,
1, ,-46, ,
-1, ,-45, ,
-1, ,-45, ,
-5, ,-46, ,
0, ,-46, ,
0, ,-45, ,
-1, ,-46, ,
0, ,-46, ,
0, ,-45, ,
-1, ,-46, ,
-1, ,-46, ,
-7, ,-45, ,
-2, ,-46, ,
0, ,-45, ,
0, ,-45, ,
-1, ,-46, ,
3, ,-45, ,
1, ,-45, ,
1, ,-45, ,
-2, ,-46, ,
1, ,-45, ,
1, ,-46, ,
-2, ,-46, ,
-6, ,-45, ,
-1, ,-46, ,
-1, ,-46, ,
-4, ,-45, ,
-5, ,-46, ,
-1, ,-46, ,
-1, ,-45, ,
-1, ,-45, ,
0, ,-46, ,
1, ,-45, ,
0, ,-46, ,
1, ,-46, ,
-4, ,-45, ,
0, ,-45, ,
1, ,-45, ,
-2, ,-45, ,
-5, ,-46, ,
-2, ,-45, ,
-4, ,-45, ,
0, ,-46, ,
-4, ,-46, ,
0, ,-45, ,
4, ,-46, ,
1, ,-46, ,
-1, ,-45, ,
3, ,-46, ,
1, ,-45, ,
-1, ,-45, ,
-5, ,-46, ,
0, ,-45, ,
-1, ,-45, ,
-2, ,-46, ,
-1, ,-45, ,
0, ,-45, ,
1, ,-46, ,
3, ,-46, ,
-4, ,-45, ,
1, ,-46, ,
0, ,-45, ,
-1, ,-46, ,
-2, ,-46, ,
0, ,-46, ,
1, ,-45, ,
0, ,-45, ,
0, ,-46, ,
-4, ,-45, ,
0, ,-46, ,
0, ,-46, ,
-5, ,-45, ,
1, ,-46, ,
1, ,-45, ,
1, ,-45, ,
0, ,-46, ,
3, ,-46, ,
1, ,-45, ,
-1, ,-45, ,
-4, ,-46, ,
0, ,-45, ,
0, ,-46, ,
5, ,-46, ,
-2, ,-45, ,
1, ,-46, ,
4, ,-45, ,
-1, ,-46, ,
-6, ,-46, ,
-4, ,-45, ,
-6, ,-45, ,
-2, ,-46, ,
-4, ,-46, ,
0, ,-45, ,
1, ,-46, ,
1, ,-46, ,
-5, ,-45, ,
-1, ,-46, ,
0, ,-45, ,
-4, ,-45, ,
-5, ,-46, ,
0, ,-46, ,
-1, ,-45, ,
-1, ,-46, ,
-4, ,-46, ,
0, ,-45, ,
-1, ,-46, ,
1, ,-46, ,
-1, ,-45, ,
1, ,-46, ,
5, ,-45, ,
1, ,-45, ,
-4, ,-46, ,
-1, ,-45, ,
-2, ,-45, ,
0, ,-45, ,
-1, ,-46, ,
0, ,-45, ,
3, ,-46, ,
1, ,-46, ,
-1, ,-46, ,
6, ,-46, ,
4, ,-46, ,
3, ,-45, ,
-1, ,-46, ,
3, ,-46, ,
1, ,-45, ,
-2, ,-45, ,
-2, ,-46, ,
1, ,-45, ,
0, ,-46, ,
3, ,-46, ,
0, ,-45, ,
3, ,-46, ,
5, ,-45, ,
0, ,-45, ,
1, ,-46, ,
5, ,-46, ,
1, ,-45, ,
3, ,-45, ,
1, ,-46, ,
4, ,-45, ,
5, ,-46, ,
3, ,-46, ,
-4, ,-46, ,
1, ,-46, ,
1, ,-45, ,
-1, ,-45, ,
-2, ,-46, ,
3, ,-46, ,
5, ,-45, ,
3, ,-46, ,
1, ,-46, ,
3, ,-45, ,
0, ,-46, ,
1, ,-46, ,
-4, ,-45, ,
1, ,-46, ,
6, ,-45, ,
1, ,-45, ,
0, ,-46, ,
3, ,-45, ,
0, ,-45, ,
1, ,-45, ,
-2, ,-46, ,
1, ,-45, ,
4, ,-46, ,
5, ,-46, ,
1, ,-45, ,
1, ,-46, ,
5, ,-46, ,
3, ,-45, ,
-1, ,-46, ,
1, ,-45, ,
1, ,-45, ,
-1, ,-46, ,
0, ,-46, ,
1, ,-45, ,
1, ,-46, ,
1, ,-46, ,
-1, ,-45, ,
0, ,-45, ,
4, ,-46, ,
3, ,-45, ,
0, ,-46, ,
9, ,-45, ,
4, ,-45, ,
4, ,-46, ,
5, ,-46, ,
-1, ,-45, ,
3, ,-46, ,
3, ,-46, ,
-5, ,-46, ,
3, ,-46, ,
3, ,-45, ,
4, ,-45, ,
1, ,-46, ,
5, ,-45, ,
5, ,-45, ,
3, ,-45, ,
3, ,-45, ,
4, ,-45, ,
6, ,-46, ,
8, ,-46, ,
3, ,-45, ,
6, ,-46, ,
4, ,-46, ,
-1, ,-45, ,
-1, ,-46, ,
5, ,-46, ,
4, ,-45, ,
0, ,-45, ,
-1, ,-46, ,
3, ,-45, ,
8, ,-46, ,
5, ,-46, ,
3, ,-45, ,
5, ,-46, ,
5, ,-45, ,
4, ,-45, ,
4, ,-46, ,
6, ,-46, ,
8, ,-45, ,
9, ,-45, ,
4, ,-45, ,
5, ,-45, ,
3, ,-46, ,
1, ,-45, ,
-5, ,-45, ,
-1, ,-46, ,
5, ,-45, ,
0, ,-45, ,
0, ,-46, ,
4, ,-45, ,
3, ,-45, ,
1, ,-45, ,
1, ,-46, ,
4, ,-45, ,
6, ,-46, ,
4, ,-46, ,
4, ,-45, ,
9, ,-46, ,
6, ,-45, ,
4, ,-45, ,
-2, ,-46, ,
3, ,-46, ,
4, ,-45, ,
-1, ,-46, ,
-1, ,-45, ,
1, ,-45, ,
0, ,-46, ,
3, ,-45, ,
-1, ,-45, ,
1, ,-45, ,
5, ,-45, ,
1, ,-45, ,
0, ,-46, ,
4, ,-45, ,
4, ,-45, ,
3, ,-45, ,
0, ,-46, ,
3, ,-45, ,
4, ,-46, ,
3, ,-46, ,
-6, ,-46, ,
-1, ,-46, ,
0, ,-45, ,
-1, ,-45, ,
-2, ,-46, ,
4, ,-46, ,
5, ,-45, ,
4, ,-45, ,
4, ,-45, ,
5, ,-45, ,
3, ,-46, ,
1, ,-46, ,
-2, ,-45, ,
0, ,-46, ,
6, ,-46, ,
4, ,-45, ,
-4, ,-46, ,
4, ,-45, ,
4, ,-45, ,
3, ,-46, ,
0, ,-46, ,
1, ,-45, ,
3, ,-46, ,
4, ,-46, ,
-1, ,-46, ,
1, ,-46, ,
3, ,-46, ,
1, ,-45, ,
0, ,-46, ,
1, ,-46, ,
1, ,-45, ,
1, ,-46, ,
1, ,-46, ,
3, ,-45, ,
4, ,-46, ,
5, ,-45, ,
1, ,-46, ,
3, ,-46, ,
4, ,-45, ,
0, ,-45, ,
-2, ,-46, ,
3, ,-45, ,
1, ,-45, ,
0, ,-45, ,
0, ,-46, ,
-1, ,-45, ,
-9, ,-46, ,
-11, ,-46, ,
-17, ,-45, ,
-16, ,-46, ,
-17, ,-45, ,
-16, ,-45, ,
-17, ,-46, ,
-6, ,-46, ,
-1, ,-45, ,
0, ,-45, ,
4, ,-46, ,
9, ,-44, ,
11, ,-46, ,
14, ,-46, ,
6, ,-45, ,
9, ,-45, ,
8, ,-45, ,
1, ,-45, ,
0, ,-46, ,
1, ,-45, ,
-1, ,-45, ,
0, ,-46, ,
-2, ,-46, ,
-1, ,-45, ,
-1, ,-46, ,
0, ,-46, ,
-4, ,-46, ,
0, ,-46, ,
1, ,-46, ,
-4, ,-45, ,
-4, ,-46, ,
0, ,-46, ,
-4, ,-45, ,
-5, ,-46, ,
-4, ,-46, ,
-1, ,-45, ,
0, ,-46, ,
3, ,-46, ,
-1, ,-46, ,
1, ,-46, ,
3, ,-45, ,
-4, ,-45, ,
-5, ,-46, ,
-1, ,-45, ,
-2, ,-45, ,
-4, ,-45, ,
-1, ,-46, ,
-1, ,-45, ,
1, ,-46, ,
1, ,-46, ,
-4, ,-46, ,
1, ,-46, ,
3, ,-45, ,
3, ,-45, ,
0, ,-46, ,
4, ,-46, ,
0, ,-45, ,
-2, ,-46, ,
-5, ,-46, ,
-2, ,-45, ,
-2, ,-46, ,
0, ,-46, ,
-1, ,-46, ,
5, ,-46, ,
5, ,-46, ,
4, ,-45, ,
1, ,-46, ,
4, ,-46, ,
3, ,-45, ,
3, ,-46, ,
0, ,-46, ,
1, ,-45, ,
4, ,-46, ,
0, ,-46, ,
-4, ,-45, ,
0, ,-46, ,
0, ,-45, ,
-2, ,-45, ,
-4, ,-46, ,
1, ,-46, ,
1, ,-45, ,
1, ,-46, ,
1, ,-46, ,
1, ,-45, ,
1, ,-46, ,
3, ,-46, ,
-2, ,-45, ,
0, ,-46, ,
3, ,-46, ,
-2, ,-45, ,
-2, ,-46, ,
3, ,-46, ,
1, ,-45, ,
1, ,-46, ,
-1, ,-46, ,
0, ,-45, ,
1, ,-46, ,
0, ,-45, ,
0, ,-45, ,
1, ,-46, ,
5, ,-46, ,
1, ,-45, ,
0, ,-46, ,
3, ,-45, ,
1, ,-45, ,
1, ,-45, ,
0, ,-46, ,
1, ,-45, ,
3, ,-46, ,
5, ,-46, ,
0, ,-45, ,
4, ,-46, ,
5, ,-45, ,
3, ,-45, ,
-1, ,-46, ,
4, ,-45, ,
3, ,-45, ,
1, ,-46, ,
1, ,-46, ,
0, ,-45, ,
5, ,-46, ,
3, ,-46, ,
0, ,-46, ,
5, ,-46, ,
4, ,-46, ,
4, ,-45, ,
3, ,-46, ,
4, ,-45, ,
4, ,-45, ,
3, ,-45, ,
3, ,-46, ,
3, ,-45, ,
3, ,-46, ,
5, ,-46, ,
1, ,-45, ,
4, ,-45, ,
9, ,-46, ,
4, ,-45, ,
3, ,-46, ,
5, ,-45, ,
3, ,-45, ,
3, ,-46, ,
-1, ,-46, ,
0, ,-45, ,
3, ,-46, ,
3, ,-46, ,
0, ,-45, ,
4, ,-46, ,
8, ,-46, ,
5, ,-45, ,
-1, ,-46, ,
6, ,-45, ,
3, ,-45, ,
4, ,-46, ,
3, ,-46, ,
4, ,-45, ,
5, ,-46, ,
5, ,-46, ,
3, ,-45, ,
3, ,-45, ,
4, ,-46, ,
0, ,-45, ,
-2, ,-46, ,
4, ,-45, ,
0, ,-45, ,
3, ,-46, ,
3, ,-46, ,
4, ,-45, ,
8, ,-46, ,
4, ,-46, ,
-1, ,-45, ,
3, ,-45, ,
4, ,-46, ,
3, ,-45, ,
0, ,-46, ,
5, ,-45, ,
4, ,-45, ,
-1, ,-45, ,
-1, ,-46, ,
0, ,-45, ,
-1, ,-46, ,
1, ,-45, ,
-4, ,-46, ,
3, ,-46, ,
6, ,-46, ,
3, ,-45, ,
1, ,-46, ,
4, ,-46, ,
3, ,-45, ,
1, ,-46, ,
1, ,-46, ,
1, ,-45, ,
0, ,-46, ,
4, ,-46, ,
-4, ,-45, ,
3, ,-46, ,
1, ,-46, ,
1, ,-45, ,
-4, ,-46, ,
-1, ,-44, ,
8, ,-36, ,
6, ,-26, ,
9, ,-17, ,
11, ,-7, ,
10, ,0, ,
9, ,6, ,
1, ,13, ,
8, ,17, ,
14, ,21, ,
13, ,24, ,
13, ,27, ,
14, ,31, ,
10, ,33, ,
11, ,35, ,
8, ,36, ,
6, ,38, ,
10, ,39, ,
6, ,41, ,
5, ,41, ,
4, ,42, ,
6, ,43, ,
6, ,43, ,
5, ,45, ,
10, ,44, ,
8, ,45, ,
6, ,46, ,
4, ,45, ,
6, ,44, ,
6, ,46, ,
6, ,46, ,
0, ,46, ,
4, ,46, ,
8, ,46, ,
5, ,45, ,
-1, ,47, ,
3, ,46, ,
3, ,46, ,
6, ,47, ,
3, ,46, ,
3, ,46, ,
5, ,47, ,
4, ,47, ,
0, ,46, ,
3, ,47, ,
0, ,47, ,
1, ,46, ,
-4, ,47, ,
3, ,46, ,
5, ,46, ,
3, ,47, ,
6, ,47, ,
1, ,46, ,
3, ,47, ,
5, ,47, ,
-1, ,47, ,
0, ,47, ,
1, ,47, ,
-1, ,46, ,
-2, ,47, ,
3, ,46, ,
1, ,46, ,
4, ,47, ,
3, ,47, ,
3, ,46, ,
3, ,47, ,
3, ,46, ,
-4, ,46, ,
-1, ,47, ,
0, ,46, ,
0, ,46, ,
-1, ,47, ,
1, ,46, ,
0, ,46, ,
0, ,47, ,
-5, ,46, ,
-1, ,45, ,
0, ,46, ,
1, ,46, ,
-1, ,46, ,
-2, ,46, ,
1, ,46, ,
-4, ,46, ,
-9, ,47, ,
-2, ,46, ,
-7, ,46, ,
-2, ,46, ,
-1, ,46, ,
1, ,45, ,
0, ,47, ,
3, ,46, ,
-4, ,46, ,
1, ,47, ,
-1, ,46, ,
-2, ,46, ,
-5, ,47, ,
0, ,46, ,
0, ,46, ,
-2, ,46, ,
-1, ,46, ,
-2, ,45, ,
-1, ,47, ,
0, ,46, ,
-6, ,46, ,
-1, ,46, ,
0, ,46, ,
0, ,45, ,
-6, ,47, ,
-1, ,46, ,
-4, ,46, ,
-2, ,46, ,
-6, ,46, ,
-4, ,45, ,
-4, ,47, ,
0, ,46, ,
-6, ,46, ,
-2, ,46, ,
-1, ,46, ,
-4, ,45, ,
-5, ,47, ,
-1, ,46, ,
-1, ,46, ,
-2, ,47, ,
-6, ,46, ,
-2, ,45, ,
-2, ,47, ,
1, ,46, ,
-5, ,46, ,
-1, ,46, ,
1, ,46, ,
-4, ,45, ,
-7, ,46, ,
-4, ,46, ,
-7, ,46, ,
-4, ,46, ,
-7, ,46, ,
-5, ,45, ,
-1, ,46, ,
1, ,46, ,
-7, ,46, ,
-2, ,46, ,
-1, ,46, ,
-4, ,45, ,
-5, ,47, ,
-2, ,46, ,
-1, ,46, ,
-1, ,47, ,
-4, ,46, ,
-4, ,45, ,
-2, ,46, ,
-1, ,46, ,
-2, ,46, ,
-1, ,46, ,
3, ,46, ,
1, ,46, ,
0, ,47, ,
1, ,46, ,
-2, ,46, ,
-1, ,46, ,
-2, ,46, ,
-4, ,45, ,
3, ,46, ,
4, ,46, ,
3, ,46, ,
3, ,46, ,
4, ,46, ,
1, ,46, ,
-4, ,46, ,
-2, ,46, ,
0, ,46, ,
0, ,46, ,
0, ,46, ,
4, ,45, ,
4, ,46, ,
8, ,46, ,
-4, ,46, ,
3, ,46, ,
4, ,46, ,
3, ,45, ,
4, ,46, ,
6, ,46, ,
4, ,46, ,
3, ,46, ,
-1, ,46, ,
0, ,45, ,
0, ,46, ,
3, ,46, ,
-1, ,46, ,
3, ,46, ,
3, ,46, ,
1, ,46, ,
1, ,46, ,
4, ,46, ,
3, ,46, ,
1, ,46, ,
-2, ,46, ,
1, ,45, ,
0, ,46, ,
3, ,46, ,
1, ,46, ,
3, ,46, ,
6, ,46, ,
3, ,45, ,
-5, ,47, ,
1, ,46, ,
3, ,46, ,
3, ,46, ,
-1, ,46, ,
0, ,45, ,
6, ,46, ,
5, ,46, ,
8, ,46, ,
9, ,46, ,
4, ,46, ,
4, ,46, ,
-1, ,46, ,
6, ,46, ,
3, ,46, ,
3, ,46, ,
-1, ,46, ,
1, ,45, ,
1, ,46, ,
3, ,46, ,
-4, ,46, ,
3, ,46, ,
6, ,46, ,
14, ,45, ,
4, ,46, ,
6, ,46, ,
9, ,46, ,
8, ,46, ,
5, ,46, ,
4, ,45, ,
1, ,46, ,
3, ,46, ,
-1, ,46, ,
5, ,46, ,
5, ,46, ,
4, ,46, ,
6, ,46, ,
6, ,46, ,
8, ,46, ,
5, ,46, ,
5, ,46, ,
10, ,45, ,
5, ,46, ,
9, ,46, ,
3, ,46, ,
4, ,46, ,
9, ,46, ,
5, ,45, ,
5, ,47, ,
5, ,46, ,
4, ,46, ,
6, ,46, ,
5, ,46, ,
8, ,45, ,
4, ,47, ,
8, ,46, ,
4, ,46, ,
5, ,46, ,
5, ,46, ,
5, ,46, ,
0, ,46, ,
6, ,46, ,
8, ,46, ,
8, ,46, ,
8, ,46, ,
6, ,45, ,
5, ,46, ,
4, ,46, ,
-1, ,46, ,
4, ,46, ,
4, ,46, ,
5, ,45, ,
5, ,46, ,
6, ,46, ,
4, ,46, ,
6, ,46, ,
3, ,46, ,
1, ,45, ,
3, ,46, ,
4, ,46, ,
-2, ,46, ,
1, ,46, ,
4, ,46, ,
1, ,46, ,
-1, ,46, ,
1, ,46, ,
5, ,46, ,
3, ,46, ,
1, ,46, ,
3, ,45, ,
4, ,46, ,
1, ,46, ,
-2, ,46, ,
-1, ,46, ,
3, ,46, ,
3, ,46, ,
0, ,47, ,
8, ,46, ,
3, ,46, ,
1, ,46, ,
0, ,46, ,
0, ,45, ,
0, ,46, ,
3, ,45, ,
-2, ,46, ,
1, ,46, ,
1, ,46, ,
1, ,46, ,
-1, ,46, ,
4, ,46, ,
6, ,46, ,
5, ,47, ,
3, ,46, ,
5, ,45, ,
3, ,46, ,
0, ,46, ,
-5, ,46, ,
-2, ,46, ,
1, ,46, ,
-1, ,46, ,
-7, ,46, ,
5, ,46, ,
-2, ,46, ,
3, ,46, ,
0, ,46, ,
0, ,45, ,
0, ,46, ,
1, ,46, ,
-4, ,46, ,
-1, ,46, ,
0, ,46, ,
0, ,46, ,
-5, ,46, ,
-2, ,46, ,
-1, ,46, ,
-2, ,46, ,
-4, ,46, ,
-1, ,45, ,
1, ,46, ,
1, ,46, ,
-7, ,46, ,
-1, ,46, ,
-1, ,46, ,
-2, ,45, ,
-6, ,46, ,
-5, ,45, ,
-4, ,46, ,
0, ,46, ,
0, ,46, ,
1, ,45, ,
0, ,46, ,
-2, ,46, ,
-9, ,46, ,
-5, ,46, ,
-4, ,46, ,
-4, ,45, ,
-5, ,47, ,
0, ,46, ,
0, ,46, ,
-2, ,46, ,
-4, ,46, ,
-2, ,45, ,
-4, ,46, ,
-1, ,46, ,
-7, ,46, ,
-2, ,46, ,
1, ,46, ,
-4, ,45, ,
-7, ,47, ,
-1, ,46, ,
-6, ,46, ,
-2, ,46, ,
-5, ,46, ,
-2, ,45, ,
0, ,46, ,
1, ,46, ,
-6, ,45, ,
-1, ,46, ,
-1, ,46, ,
-4, ,46, ,
-9, ,47, ,
-4, ,46, ,
-5, ,46, ,
-2, ,46, ,
-5, ,46, ,
-1, ,45, ,
-1, ,46, ,
0, ,46, ,
-5, ,46, ,
-2, ,46, ,
0, ,46, ,
-2, ,45, ,
-6, ,46, ,
-1, ,46, ,
-4, ,46, ,
-2, ,46, ,
-2, ,46, ,
-2, ,45, ,
1, ,46, ,
1, ,46, ,
-2, ,46, ,
3, ,46, ,
1, ,47, ,
0, ,45, ,
-4, ,47, ,
-2, ,46, ,
-1, ,46, ,
-4, ,47, ,
-4, ,46, ,
-1, ,45, ,
-1, ,46, ,
5, ,46, ,
-1, ,46, ,
3, ,46, ,
4, ,46, ,
1, ,45, ,
-1, ,46, ,
0, ,46, ,
-4, ,46, ,
-2, ,46, ,
-2, ,46, ,
-1, ,45, ,
0, ,46, ,
1, ,46, ,
-5, ,46, ,
1, ,46, ,
1, ,46, ,
-2, ,45, ,
-4, ,46, ,
1, ,46, ,
0, ,46, ,
1, ,46, ,
0, ,46, ,
1, ,45, ,
-1, ,46, ,
0, ,46, ,
-5, ,46, ,
-2, ,46, ,
3, ,46, ,
1, ,46, ,
-5, ,47, ,
1, ,46, ,
-2, ,46, ,
0, ,46, ,
-2, ,46, ,
-2, ,45, ,
0, ,46, ,
1, ,46, ,
-2, ,46, ,
5, ,46, ,
5, ,46, ,
5, ,45, ,
0, ,47, ,
4, ,46, ,
1, ,46, ,
0, ,46, ,
-1, ,46, ,
3, ,45, ,
4, ,47, ,
6, ,46, ,
1, ,46, ,
4, ,46, ,
5, ,46, ,
1, ,45, ,
-1, ,47, ,
3, ,46, ,
3, ,46, ,
5, ,46, ,
3, ,46, ,
1, ,45, ,
5, ,46, ,
5, ,46, ,
-2, ,46, ,
4, ,46, ,
5, ,46, ,
3, ,45, ,
4, ,46, ,
6, ,46, ,
6, ,46, ,
3, ,46, ,
3, ,46, ,
4, ,45, ,
3, ,46, ,
6, ,46, ,
3, ,46, ,
6, ,46, ,
9, ,46, ,
6, ,45, ,
4, ,47, ,
4, ,46, ,
3, ,46, ,
4, ,46, ,
3, ,46, ,
1, ,45, ,
5, ,47, ,
5, ,46, ,
1, ,46, ,
5, ,46, ,
5, ,46, ,
5, ,45, ,
1, ,47, ,
5, ,46, ,
5, ,46, ,
3, ,46, ,
3, ,46, ,
4, ,45, ,
5, ,46, ,
8, ,46, ,
1, ,46, ,
6, ,46, ,
6, ,46, ,
4, ,46, ,
3, ,47, ,
4, ,45, ,
3, ,46, ,
5, ,46, ,
5, ,46, ,
5, ,45, ,
9, ,46, ,
8, ,46, ,
0, ,46, ,
4, ,46, ,
4, ,46, ,
5, ,45, ,
4, ,46, ,
5, ,46, ,
5, ,46, ,
4, ,46, ,
4, ,46, ,
5, ,45, ,
3, ,46, ,
5, ,46, ,
0, ,46, ,
6, ,46, ,
6, ,46, ,
5, ,45, ,
4, ,46, ,
9, ,46, ,
4, ,46, ,
4, ,46, ,
3, ,46, ,
3, ,45, ,
4, ,46, ,
4, ,46, ,
0, ,46, ,
4, ,46, ,
5, ,46, ,
3, ,45, ,
3, ,46, ,
6, ,46, ,
6, ,46, ,
8, ,46, ,
5, ,46, ,
9, ,45, ,
5, ,47, ,
6, ,46, ,
1, ,46, ,
4, ,46, ,
6, ,46, ,
3, ,45, ,
0, ,47, ,
8, ,45, ,
6, ,46, ,
8, ,46, ,
4, ,46, ,
4, ,45, ,
5, ,46, ,
4, ,46, ,
1, ,46, ,
5, ,46, ,
5, ,46, ,
5, ,46, ,
-1, ,46, ,
4, ,46, ,
3, ,46, ,
3, ,46, ,
-1, ,46, ,
0, ,45, ,
1, ,46, ,
4, ,46, ,
-4, ,46, ,
0, ,46, ,
1, ,46, ,
0, ,46, ,
-1, ,46, ,
3, ,46, ,
3, ,46, ,
1, ,47, ,
-1, ,46, ,
1, ,45, ,
1, ,46, ,
3, ,46, ,
-5, ,46, ,
0, ,46, ,
1, ,46, ,
0, ,45, ,
-4, ,46, ,
3, ,46, ,
4, ,46, ,
0, ,46, ,
-1, ,46, ,
0, ,45, ,
0, ,46, ,
3, ,46, ,
-6, ,46, ,
-2, ,46, ,
1, ,46, ,
-2, ,45, ,
-5, ,46, ,
3, ,46, ,
1, ,46, ,
3, ,46, ,
0, ,46, ,
0, ,45, ,
1, ,47, ,
1, ,46, ,
-4, ,46, ,
0, ,46, ,
0, ,46, ,
1, ,45, ,
-2, ,46, ,
3, ,46, ,
1, ,46, ,
1, ,46, ,
0, ,46, ,
1, ,45, ,
1, ,46, ,
1, ,46, ,
-1, ,46, ,
1, ,46, ,
1, ,46, ,
-2, ,46, ,
-6, ,47, ,
0, ,46, ,
-1, ,46, ,
-1, ,46, ,
3, ,46, ,
3, ,45, ,
4, ,46, ,
3, ,46, ,
-4, ,46, ,
0, ,46, ,
-5, ,46, ,
-2, ,45, ,
-6, ,46, ,
-1, ,46, ,
0, ,46, ,
-2, ,46, ,
-1, ,46, ,
-1, ,45, ,
-2, ,46, ,
3, ,46, ,
-2, ,46, ,
-1, ,46, ,
0, ,46, ,
-2, ,45, ,
0, ,47, ,
3, ,46, ,
-4, ,46, ,
-1, ,46, ,
-7, ,46, ,
-4, ,45, ,
-2, ,46, ,
1, ,46, ,
-4, ,46, ,
3, ,46, ,
1, ,46, ,
-2, ,45, ,
-6, ,46, ,
-2, ,46, ,
-4, ,46, ,
-1, ,46, ,
-4, ,46, ,
0, ,45, ,
1, ,46, ,
4, ,46, ,
1, ,46, ,
-4, ,46, ,
-4, ,46, ,
0, ,45, ,
-9, ,47, ,
-4, ,46, ,
-5, ,46, ,
-1, ,46, ,
-5, ,46, ,
-2, ,45, ,
-1, ,47, ,
0, ,46, ,
-6, ,46, ,
0, ,46, ,
0, ,46, ,
1, ,45, ,
-2, ,47, ,
3, ,45, ,
-2, ,46, ,
-1, ,46, ,
-4, ,46, ,
-1, ,45, ,
1, ,47, ,
4, ,46, ,
-5, ,46, ,
1, ,46, ,
6, ,46, ,
4, ,45, ,
1, ,47, ,
3, ,46, ,
1, ,46, ,
-2, ,46, ,
1, ,46, ,
3, ,45, ,
1, ,46, ,
4, ,46, ,
-1, ,46, ,
3, ,46, ,
6, ,46, ,
1, ,46, ,
3, ,46, ,
1, ,46, ,
1, ,46, ,
0, ,46, ,
-1, ,46, ,
1, ,45, ,
-1, ,47, ,
3, ,46, ,
-4, ,46, ,
1, ,46, ,
5, ,46, ,
1, ,45, ,
-2, ,46, ,
6, ,46, ,
1, ,46, ,
1, ,46, ,
1, ,46, ,
0, ,45, ,
3, ,46, ,
3, ,46, ,
-2, ,46, ,
4, ,46, ,
3, ,46, ,
5, ,46, ,
-2, ,46, ,
4, ,46, ,
5, ,43, ,
3, ,36, ,
-4, ,25, ,
-2, ,15, ,
-6, ,6, ,
-1, ,0, ,
-5, ,-6, ,
-1, ,-13, ,
0, ,-17, ,
-4, ,-21, ,
-7, ,-25, ,
-5, ,-27, ,
-9, ,-31, ,
-2, ,-33, ,
0, ,-35, ,
3, ,-37, ,
8, ,-38, ,
6, ,-39, ,
-1, ,-40, ,
3, ,-41, ,
3, ,-42, ,
-1, ,-42, ,
-2, ,-43, ,
4, ,-44, ,
6, ,-43, ,
4, ,-44, ,
1, ,-44, ,
0, ,-44, ,
-1, ,-45, ,
-1, ,-45, ,
-4, ,-45, ,
4, ,-45, ,
8, ,-46, ,
1, ,-45, ,
5, ,-46, ,
5, ,-46, ,
5, ,-45, ,
3, ,-46, ,
3, ,-47, ,
3, ,-46, ,
5, ,-47, ,
6, ,-46, ,
0, ,-46, ,
5, ,-47, ,
4, ,-46, ,
1, ,-46, ,
1, ,-47, ,
6, ,-46, ,
5, ,-46, ,
4, ,-46, ,
1, ,-46, ,
4, ,-45, ,
3, ,-47, ,
3, ,-46, ,
0, ,-46, ,
1, ,-46, ,
6, ,-46, ,
1, ,-46, ,
0, ,-47, ,
4, ,-46, ,
4, ,-46, ,
5, ,-46, ,
4, ,-46, ,
3, ,-45, ,
6, ,-46, ,
4, ,-46, ,
1, ,-46, ,
4, ,-46, ,
3, ,-46, ,
4, ,-46, ,
-1, ,-46, ,
4, ,-46, ,
8, ,-45, ,
4, ,-46, ,
4, ,-46, ,
4, ,-45, ,
0, ,-46, ,
5, ,-46, ,
-5, ,-46, ,
0, ,-46, ,
4, ,-46, ,
3, ,-46, ,
0, ,-46, ,
4, ,-46, ,
1, ,-46, ,
3, ,-46, ,
-2, ,-46, ,
-2, ,-45, ,
-1, ,-46, ,
0, ,-46, ,
-2, ,-46, ,
4, ,-46, ,
3, ,-46, ,
4, ,-45, ,
1, ,-46, ,
3, ,-46, ,
5, ,-45, ,
1, ,-46, ,
1, ,-46, ,
1, ,-45, ,
1, ,-46, ,
3, ,-45, ,
-1, ,-45, ,
0, ,-46, ,
3, ,-45, ,
0, ,-46, ,
-1, ,-46, ,
3, ,-45, ,
1, ,-45, ,
3, ,-46, ,
1, ,-46, ,
1, ,-45, ,
3, ,-46, ,
0, ,-46, ,
-1, ,-46, ,
1, ,-46, ,
4, ,-46, ,
1, ,-45, ,
1, ,-46, ,
5, ,-46, ,
4, ,-45, ,
4, ,-46, ,
3, ,-46, ,
4, ,-45, ,
1, ,-46, ,
0, ,-46, ,
-1, ,-46, ,
0, ,-46, ,
3, ,-46, ,
0, ,-45, ,
0, ,-46, ,
5, ,-45, ,
0, ,-45, ,
1, ,-46, ,
1, ,-46, ,
3, ,-45, ,
3, ,-46, ,
1, ,-46, ,
-1, ,-46, ,
1, ,-46, ,
-1, ,-45, ,
-1, ,-45, ,
-6, ,-46, ,
-2, ,-46, ,
-1, ,-45, ,
-4, ,-46, ,
-1, ,-46, ,
0, ,-45, ,
0, ,-46, ,
0, ,-46, ,
-5, ,-45, ,
-2, ,-46, ,
1, ,-46, ,
-2, ,-45, ,
-2, ,-46, ,
3, ,-46, ,
0, ,-45, ,
1, ,-45, ,
-1, ,-46, ,
-1, ,-45, ,
1, ,-46, ,
0, ,-46, ,
-6, ,-46, ,
-4, ,-46, ,
0, ,-46, ,
-1, ,-45, ,
-2, ,-46, ,
0, ,-46, ,
1, ,-45, ,
0, ,-46, ,
-1, ,-46, ,
1, ,-45, ,
-1, ,-46, ,
1, ,-46, ,
0, ,-46, ,
3, ,-46, ,
4, ,-46, ,
0, ,-46, ,
-5, ,-46, ,
-2, ,-45, ,
-5, ,-45, ,
-2, ,-45, ,
-2, ,-46, ,
1, ,-45, ,
5, ,-46, ,
6, ,-46, ,
3, ,-46, ,
1, ,-46, ,
0, ,-46, ,
1, ,-45, ,
-4, ,-46, ,
1, ,-45, ,
0, ,-45, ,
-2, ,-46, ,
1, ,-46, ,
4, ,-45, ,
3, ,-46, ,
5, ,-46, ,
-2, ,-45, ,
-1, ,-45, ,
0, ,-46, ,
-1, ,-45, ,
-2, ,-47, ,
1, ,-45, ,
1, ,-45, ,
0, ,-46, ,
1, ,-46, ,
3, ,-45, ,
3, ,-46, ,
5, ,-46, ,
1, ,-45, ,
6, ,-46, ,
5, ,-46, ,
4, ,-45, ,
-2, ,-46, ,
1, ,-45, ,
-1, ,-45, ,
-2, ,-46, ,
-4, ,-46, ,
1, ,-45, ,
1, ,-46, ,
4, ,-46, ,
1, ,-46, ,
3, ,-46, ,
5, ,-46, ,
-2, ,-45, ,
-1, ,-46, ,
0, ,-45, ,
-1, ,-45, ,
1, ,-46, ,
-5, ,-46, ,
1, ,-45, ,
3, ,-46, ,
1, ,-46, ,
-2, ,-45, ,
1, ,-45, ,
1, ,-45, ,
1, ,-45, ,
-1, ,-46, ,
1, ,-45, ,
1, ,-45, ,
0, ,-45, ,
-1, ,-46, ,
0, ,-45, ,
1, ,-46, ,
4, ,-45, ,
-5, ,-46, ,
1, ,-46, ,
1, ,-46, ,
0, ,-45, ,
-1, ,-47, ,
3, ,-45, ,
-1, ,-45, ,
1, ,-46, ,
1, ,-46, ,
0, ,-45, ,
3, ,-46, ,
3, ,-45, ,
-1, ,-45, ,
4, ,-46, ,
5, ,-46, ,
3, ,-45, ,
-1, ,-46, ,
4, ,-46, ,
1, ,-45, ,
0, ,-46, ,
0, ,-46, ,
0, ,-45, ,
1, ,-46, ,
5, ,-45, ,
3, ,-45, ,
6, ,-45, ,
9, ,-45, ,
5, ,-45, ,
5, ,-46, ,
5, ,-46, ,
1, ,-45, ,
4, ,-46, ,
0, ,-46, ,
4, ,-45, ,
4, ,-46, ,
3, ,-46, ,
0, ,-45, ,
1, ,-46, ,
4, ,-46, ,
3, ,-45, ,
0, ,-46, ,
4, ,-46, ,
4, ,-45, ,
3, ,-46, ,
1, ,-46, ,
5, ,-45, ,
3, ,-46, ,
1, ,-46, ,
-5, ,-45, ,
0, ,-45, ,
5, ,-46, ,
1, ,-45, ,
-1, ,-46, ,
1, ,-45, ,
-1, ,-45, ,
0, ,-45, ,
-2, ,-46, ,
0, ,-45, ,
5, ,-46, ,
3, ,-46, ,
0, ,-45, ,
3, ,-46, ,
3, ,-45, ,
4, ,-45, ,
-2, ,-46, ,
3, ,-45, ,
5, ,-45, ,
1, ,-45, ,
1, ,-46, ,
1, ,-45, ,
3, ,-46, ,
4, ,-46, ,
-2, ,-45, ,
1, ,-46, ,
3, ,-45, ,
3, ,-45, ,
0, ,-46, ,
3, ,-46, ,
4, ,-45, ,
3, ,-46, ,
0, ,-46, ,
0, ,-45, ,
3, ,-46, ,
1, ,-46, ,
-1, ,-45, ,
3, ,-46, ,
0, ,-46, ,
1, ,-45, ,
3, ,-46, ,
4, ,-46, ,
3, ,-45, ,
3, ,-46, ,
-2, ,-45, ,
3, ,-45, ,
0, ,-46, ,
5, ,-46, ,
-2, ,-45, ,
3, ,-46, ,
4, ,-45, ,
0, ,-45, ,
1, ,-46, ,
3, ,-45, ,
0, ,-45, ,
5, ,-46, ,
1, ,-46, ,
0, ,-45, ,
4, ,-46, ,
-1, ,-45, ,
-1, ,-45, ,
1, ,-46, ,
3, ,-46, ,
1, ,-45, ,
-5, ,-46, ,
4, ,-46, ,
0, ,-45, ,
0, ,-46, ,
0, ,-45, ,
-1, ,-45, ,
0, ,-46, ,
0, ,-45, ,
-6, ,-45, ,
-1, ,-46, ,
0, ,-46, ,
-1, ,-45, ,
-4, ,-46, ,
5, ,-45, ,
3, ,-45, ,
3, ,-46, ,
0, ,-46, ,
1, ,-45, ,
3, ,-46, ,
-1, ,-46, ,
-4, ,-45, ,
0, ,-45, ,
3, ,-45, ,
1, ,-45, ,
-2, ,-46, ,
1, ,-45, ,
0, ,-45, ,
-2, ,-46, ,
-5, ,-46, ,
-2, ,-45, ,
0, ,-46, ,
-2, ,-46, ,
-6, ,-45, ,
6, ,-46, ,
3, ,-46, ,
-2, ,-45, ,
-5, ,-46, ,
-1, ,-45, ,
-1, ,-45, ,
1, ,-46, ,
4, ,-46, ,
-1, ,-45, ,
-4, ,-46, ,
-1, ,-45, ,
-2, ,-45, ,
-5, ,-46, ,
0, ,-45, ,
0, ,-44, ,
-4, ,-46, ,
3, ,-46, ,
3, ,-45, ,
3, ,-46, ,
-1, ,-46, ,
3, ,-45, ,
0, ,-46, ,
0, ,-45, ,
-4, ,-46, ,
0, ,-45, ,
-1, ,-45, ,
-2, ,-45, ,
-1, ,-46, ,
1, ,-45, ,
1, ,-45, ,
5, ,-46, ,
-1, ,-46, ,
-2, ,-45, ,
1, ,-46, ,
0, ,-46, ,
-2, ,-45, ,
3, ,-46, ,
1, ,-45, ,
1, ,-44, ,
-4, ,-46, ,
0, ,-45, ,
1, ,-45, ,
0, ,-46, ,
1, ,-46, ,
4, ,-45, ,
4, ,-46, ,
3, ,-45, ,
-2, ,-45, ,
-1, ,-46, ,
-1, ,-46, ,
-5, ,-45, ,
-7, ,-46, ,
-1, ,-45, ,
0, ,-45, ,
1, ,-46, ,
0, ,-46, ,
1, ,-45, ,
4, ,-46, ,
1, ,-45, ,
-2, ,-45, ,
-1, ,-45, ,
0, ,-45, ,
-1, ,-45, ,
-4, ,-46, ,
3, ,-46, ,
1, ,-45, ,
-1, ,-46, ,
-2, ,-46, ,
0, ,-45, ,
0, ,-46, ,
1, ,-46, ,
-2, ,-45, ,
0, ,-46, ,
1, ,-46, ,
-1, ,-45, ,
-2, ,-46, ,
0, ,-45, ,
-4, ,-45, ,
-1, ,-46, ,
-4, ,-46, ,
0, ,-45, ,
1, ,-46, ,
3, ,-46, ,
-1, ,-45, ,
4, ,-46, ,
1, ,-45, ,
0, ,-45, ,
-4, ,-46, ,
3, ,-45, ,
1, ,-45, ,
1, ,-46, ,
3, ,-46, ,
3, ,-45, ,
4, ,-46, ,
3, ,-46, ,
-2, ,-45, ,
1, ,-45, ,
3, ,-46, ,
0, ,-45, ,
-1, ,-46, ,
3, ,-45, ,
0, ,-45, ,
1, ,-46, ,
0, ,-46, ,
3, ,-45, ,
5, ,-46, ,
4, ,-46, ,
0, ,-45, ,
6, ,-46, ,
4, ,-46, ,
1, ,-45, ,
-1, ,-46, ,
1, ,-45, ,
1, ,-45, ,
-1, ,-46, ,
0, ,-46, ,
0, ,-45, ,
3, ,-46, ,
8, ,-46, ,
3, ,-45, ,
8, ,-46, ,
8, ,-45, ,
3, ,-45, ,
4, ,-46, ,
6, ,-45, ,
1, ,-45, ,
3, ,-46, ,
0, ,-45, ,
3, ,-45, ,
6, ,-46, ,
5, ,-45, ,
1, ,-45, ,
4, ,-46, ,
4, ,-46, ,
1, ,-46, ,
1, ,-46, ,
3, ,-46, ,
3, ,-45, ,
-1, ,-45, ,
0, ,-46, ,
-1, ,-44, ,
1, ,-46, ,
3, ,-46, ,
4, ,-46, ,
5, ,-46, ,
9, ,-45, ,
4, ,-45, ,
1, ,-46, ,
6, ,-46, ,
3, ,-45, ,
3, ,-46, ,
-2, ,-46, ,
-1, ,-45, ,
4, ,-46, ,
3, ,-45, ,
0, ,-45, ,
5, ,-46, ,
3, ,-45, ,
3, ,-45, ,
3, ,-46, ,
6, ,-45, ,
8, ,-45, ,
4, ,-46, ,
0, ,-46, ,
1, ,-45, ,
1, ,-46, ,
1, ,-46, ,
-1, ,-45, ,
3, ,-45, ,
6, ,-45, ,
5, ,-45, ,
3, ,-46, ,
5, ,-45, ,
3, ,-46, ,
1, ,-46, ,
3, ,-46, ,
3, ,-45, ,
4, ,-46, ,
6, ,-46, ,
0, ,-46, ,
4, ,-46, ,
6, ,-46, ,
4, ,-45, ,
1, ,-46, ,
5, ,-45, ,
5, ,-45, ,
5, ,-45, ,
4, ,-46, ,
5, ,-45, ,
4, ,-46, ,
4, ,-46, ,
-2, ,-45, ,
5, ,-46, ,
9, ,-45, ,
1, ,-45, ,
1, ,-46, ,
8, ,-45, ,
4, ,-45, ,
4, ,-46, ,
0, ,-46, ,
1, ,-45, ,
1, ,-46, ,
3, ,-46, ,
1, ,-45, ,
5, ,-46, ,
5, ,-45, ,
5, ,-45, ,
1, ,-46, ,
5, ,-45, ,
3, ,-45, ,
3, ,-46, ,
0, ,-46, ,
0, ,-45, ,
3, ,-46, ,
4, ,-45, ,
-1, ,-45, ,
1, ,-46, ,
3, ,-46, ,
0, ,-45, ,
-1, ,-46, ,
3, ,-45, ,
1, ,-45, ,
3, ,-46, ,
1, ,-46, ,
1, ,-45, ,
3, ,-46, ,
1, ,-46, ,
-2, ,-46, ,
3, ,-46, ,
1, ,-45, ,
3, ,-45, ,
-1, ,-46, ,
5, ,-45, ,
4, ,-45, ,
0, ,-46, ,
-1, ,-46, ,
1, ,-45, ,
-1, ,-46, ,
1, ,-45, ,
0, ,-45, ,
1, ,-45, ,
4, ,-45, ,
3, ,-45, ,
0, ,-46, ,
3, ,-45, ,
1, ,-45, ,
1, ,-46, ,
-4, ,-46, ,
-1, ,-45, ,
0, ,-46, ,
3, ,-46, ,
-2, ,-45, ,
-1, ,-46, ,
4, ,-46, ,
0, ,-45, ,
-4, ,-46, ,
1, ,-46, ,
0, ,-45, ,
1, ,-46, ,
0, ,-45, ,
0, ,-45, ,
1, ,-46, ,
1, ,-46, ,
-2, ,-45, ,
0, ,-45, ,
1, ,-46, ,
-1, ,-45, ,
-5, ,-46, ,
3, ,-46, ,
0, ,-45, ,
3, ,-46, ,
0, ,-46, ,
-1, ,-45, ,
1, ,-46, ,
-1, ,-45, ,
-4, ,-46, ,
-4, ,-46, ,
-2, ,-45, ,
-1, ,-45, ,
-4, ,-46, ,
0, ,-46, ,
3, ,-45, ,
3, ,-46, ,
-1, ,-46, ,
-1, ,-45, ,
-1, ,-46, ,
-1, ,-46, ,
-5, ,-46, ,
0, ,-45, ,
1, ,-46, ,
0, ,-45, ,
-5, ,-46, ,
-2, ,-45, ,
-4, ,-45, ,
-1, ,-45, ,
-4, ,-46, ,
-1, ,-45, ,
1, ,-46, ,
1, ,-46, ,
-2, ,-45, ,
0, ,-46, ,
-1, ,-45, ,
-1, ,-45, ,
-6, ,-46, ,
-2, ,-46, ,
-2, ,-45, ,
-1, ,-46, ,
-1, ,-46, ,
-1, ,-45, ,
-4, ,-46, ,
3, ,-46, ,
-5, ,-46, ,
-2, ,-45, ,
0, ,-45, ,
-2, ,-45, ,
-1, ,-46, ,
0, ,-45, ,
-2, ,-45, ,
1, ,-46, ,
-2, ,-46, ,
1, ,-45, ,
0, ,-46, ,
-2, ,-46, ,
-4, ,-45, ,
-2, ,-46, ,
-2, ,-46, ,
-2, ,-45, ,
-2, ,-46, ,
3, ,-46, ,
1, ,-45, ,
1, ,-46, ,
-1, ,-46, ,
0, ,-45, ,
1, ,-46, ,
1, ,-46, ,
-2, ,-45, ,
0, ,-46, ,
1, ,-46, ,
-1, ,-45, ,
-5, ,-46, ,
1, ,-46, ,
-1, ,-45, ,
1, ,-46, ,
0, ,-46, ,
1, ,-45, ,
6, ,-46, ,
5, ,-45, ,
0, ,-45, ,
3, ,-46, ,
-1, ,-45, ,
-1, ,-45, ,
-5, ,-46, ,
-1, ,-45, ,
-2, ,-45, ,
-4, ,-41, ,
0, ,-33, ,
4, ,-22, ,
5, ,-13, ,
8, ,-4, ,
0, ,3, ,
3, ,8, ,
6, ,14, ,
1, ,19, ,
4, ,22, ,
9, ,25, ,
5, ,28, ,
6, ,32, ,
3, ,34, ,
5, ,35, ,
6, ,37, ,
8, ,39, ,
0, ,40, ,
3, ,41, ,
4, ,42, ,
1, ,42, ,
0, ,44, ,
4, ,43, ,
3, ,44, ,
3, ,45, ,
-1, ,45, ,
4, ,44, ,
4, ,46, ,
5, ,46, ,
0, ,46, ,
0, ,46, ,
4, ,46, ,
0, ,46, ,
-4, ,47, ,
1, ,46, ,
-2, ,46, ,
1, ,47, ,
1, ,47, ,
1, ,46, ,
4, ,47, ,
3, ,47, ,
-2, ,46, ,
5, ,47, ,
3, ,47, ,
3, ,46, ,
-1, ,47, ,
5, ,47, ,
4, ,47, ,
1, ,47, ,
1, ,47, ,
0, ,46, ,
1, ,47, ,
3, ,47, ,
-2, ,46, ,
3, ,47, ,
5, ,47, ,
3, ,45, ,
0, ,47, ,
1, ,46, ,
-1, ,47, ,
1, ,47, ,
1, ,47, ,
3, ,46, ,
4, ,47, ,
6, ,47, ,
0, ,46, ,
8, ,47, ,
5, ,46, ,
5, ,45, ,
1, ,47, ,
4, ,46, ,
4, ,46, ,
3, ,47, ,
0, ,47, ,
3, ,45, ,
-1, ,47, ,
6, ,46, ,
0, ,46, ,
3, ,46, ,
5, ,46, ,
1, ,46, ,
4, ,47, ,
8, ,46, ,
4, ,46, ,
4, ,47, ,
0, ,46, ,
3, ,45, ,
1, ,47, ,
1, ,46, ,
0, ,46, ,
1, ,46, ,
5, ,46, ,
4, ,46, ,
1, ,47, ,
6, ,46, ,
4, ,46, ,
5, ,46, ,
-2, ,46, ,
4, ,46, ,
8, ,47, ,
0, ,46, ,
0, ,46, ,
3, ,46, ,
4, ,47, ,
4, ,46, ,
-1, ,46, ,
4, ,46, ,
3, ,46, ,
3, ,47, ,
0, ,46, ,
0, ,45, ,
4, ,46, ,
4, ,46, ,
1, ,46, ,
4, ,46, ,
4, ,46, ,
4, ,46, ,
-1, ,47, ,
1, ,46, ,
4, ,46, ,
4, ,47, ,
1, ,46, ,
4, ,45, ,
3, ,46, ,
6, ,46, ,
-1, ,46, ,
4, ,46, ,
4, ,47, ,
9, ,46, ,
6, ,47, ,
8, ,46, ,
8, ,46, ,
5, ,46, ,
3, ,46, ,
3, ,45, ,
1, ,47, ,
4, ,46, ,
-2, ,46, ,
4, ,46, ,
5, ,46, ,
4, ,45, ,
3, ,46, ,
5, ,46, ,
4, ,46, ,
5, ,46, ,
-1, ,46, ,
1, ,45, ,
3, ,47, ,
4, ,46, ,
1, ,46, ,
3, ,46, ,
6, ,46, ,
3, ,46, ,
0, ,47, ,
4, ,46, ,
1, ,46, ,
4, ,46, ,
3, ,46, ,
1, ,45, ,
4, ,47, ,
5, ,46, ,
0, ,46, ,
0, ,46, ,
1, ,46, ,
3, ,45, ,
-1, ,47, ,
4, ,46, ,
4, ,46, ,
3, ,46, ,
3, ,46, ,
1, ,45, ,
1, ,46, ,
4, ,46, ,
-1, ,46, ,
0, ,46, ,
1, ,46, ,
1, ,45, ,
-1, ,47, ,
1, ,46, ,
0, ,46, ,
3, ,46, ,
-1, ,46, ,
0, ,45, ,
3, ,47, ,
1, ,46, ,
-4, ,46, ,
3, ,46, ,
1, ,46, ,
1, ,46, ,
-1, ,46, ,
3, ,46, ,
3, ,46, ,
1, ,46, ,
-1, ,47, ,
3, ,45, ,
0, ,46, ,
3, ,46, ,
-2, ,46, ,
0, ,46, ,
4, ,46, ,
-2, ,45, ,
-1, ,46, ,
1, ,46, ,
0, ,46, ,
3, ,46, ,
0, ,46, ,
1, ,45, ,
4, ,46, ,
0, ,46, ,
-4, ,46, ,
-2, ,46, ,
0, ,46, ,
-2, ,45, ,
-4, ,47, ,
1, ,46, ,
1, ,46, ,
3, ,46, ,
1, ,46, ,
-1, ,45, ,
0, ,47, ,
-2, ,46, ,
-7, ,46, ,
-2, ,46, ,
-2, ,46, ,
-4, ,45, ,
-10, ,47, ,
-7, ,46, ,
-14, ,46, ,
-11, ,46, ,
-15, ,46, ,
-14, ,45, ,
-9, ,46, ,
-4, ,46, ,
-5, ,46, ,
4, ,46, ,
6, ,46, ,
10, ,46, ,
9, ,47, ,
15, ,46, ,
14, ,46, ,
11, ,46, ,
10, ,46, ,
9, ,45, ,
4, ,46, ,
3, ,46, ,
-5, ,46, ,
-2, ,46, ,
-1, ,46, ,
-5, ,46, ,
-7, ,47, ,
-1, ,46, ,
-2, ,46, ,
-1, ,46, ,
-5, ,46, ,
-4, ,45, ,
-4, ,46, ,
-5, ,46, ,
-11, ,46, ,
-7, ,46, ,
-7, ,46, ,
-6, ,45, ,
-6, ,47, ,
-2, ,45, ,
-1, ,46, ,
1, ,46, ,
-2, ,46, ,
0, ,45, ,
-1, ,46, ,
0, ,46, ,
-1, ,46, ,
-1, ,46, ,
1, ,46, ,
-1, ,45, ,
-4, ,46, ,
0, ,46, ,
-1, ,46, ,
1, ,46, ,
1, ,46, ,
1, ,45, ,
4, ,46, ,
0, ,46, ,
-4, ,46, ,
-4, ,46, ,
-4, ,46, ,
-2, ,45, ,
-7, ,46, ,
-1, ,46, ,
1, ,46, ,
3, ,46, ,
1, ,46, ,
3, ,45, ,
6, ,47, ,
9, ,46, ,
0, ,46, ,
5, ,47, ,
5, ,46, ,
5, ,46, ,
0, ,46, ,
1, ,46, ,
1, ,46, ,
5, ,46, ,
1, ,46, ,
4, ,45, ,
1, ,46, ,
6, ,46, ,
0, ,46, ,
3, ,46, ,
4, ,46, ,
0, ,46, ,
-1, ,47, ,
0, ,46, ,
0, ,46, ,
0, ,46, ,
-5, ,46, ,
-4, ,45, ,
-5, ,46, ,
-1, ,46, ,
-4, ,46, ,
0, ,46, ,
1, ,46, ,
-2, ,45, ,
-9, ,47, ,
-1, ,46, ,
-6, ,46, ,
-2, ,46, ,
-2, ,46, ,
-2, ,45, ,
-1, ,47, ,
1, ,46, ,
-5, ,46, ,
0, ,46, ,
1, ,46, ,
4, ,45, ,
0, ,46, ,
5, ,46, ,
4, ,46, ,
4, ,46, ,
0, ,46, ,
1, ,45, ,
1, ,46, ,
4, ,46, ,
-1, ,46, ,
4, ,46, ,
5, ,46, ,
5, ,45, ,
5, ,47, ,
9, ,45, ,
9, ,46, ,
9, ,46, ,
8, ,46, ,
9, ,45, ,
8, ,46, ,
9, ,46, ,
3, ,46, ,
5, ,46, ,
6, ,46, ,
5, ,45, ,
-1, ,46, ,
0, ,46, ,
4, ,46, ,
3, ,47, ,
3, ,46, ,
3, ,45, ,
1, ,46, ,
5, ,46, ,
1, ,46, ,
5, ,46, ,
6, ,46, ,
6, ,46, ,
4, ,47, ,
8, ,46, ,
6, ,46, ,
6, ,46, ,
5, ,46, ,
4, ,45, ,
8, ,46, ,
5, ,46, ,
3, ,46, ,
3, ,46, ,
3, ,46, ,
3, ,45, ,
1, ,46, ,
4, ,46, ,
3, ,46, ,
1, ,46, ,
1, ,46, ,
0, ,45, ,
0, ,46, ,
0, ,46, ,
-4, ,46, ,
0, ,46, ,
1, ,46, ,
-1, ,45, ,
-5, ,47, ,
1, ,46, ,
-2, ,46, ,
0, ,46, ,
1, ,46, ,
-5, ,45, ,
-1, ,46, ,
-1, ,46, ,
-4, ,46, ,
1, ,46, ,
4, ,46, ,
4, ,45, ,
-2, ,47, ,
5, ,46, ,
4, ,46, ,
3, ,46, ,
1, ,46, ,
3, ,45, ,
5, ,46, ,
4, ,46, ,
0, ,46, ,
3, ,46, ,
3, ,46, ,
3, ,45, ,
-4, ,46, ,
3, ,46, ,
1, ,46, ,
3, ,46, ,
1, ,46, ,
0, ,45, ,
1, ,46, ,
4, ,46, ,
-4, ,46, ,
-1, ,46, ,
0, ,46, ,
0, ,45, ,
-1, ,46, ,
4, ,46, ,
0, ,46, ,
-1, ,46, ,
0, ,46, ,
3, ,45, ,
0, ,47, ,
6, ,46, ,
3, ,46, ,
8, ,46, ,
13, ,46, ,
11, ,46, ,
9, ,46, ,
10, ,46, ,
8, ,46, ,
8, ,46, ,
6, ,46, ,
8, ,45, ,
9, ,46, ,
10, ,46, ,
6, ,46, ,
6, ,46, ,
8, ,46, ,
8, ,46, ,
4, ,47, ,
9, ,46, ,
9, ,46, ,
8, ,46, ,
4, ,46, ,
-1, ,45, ,
4, ,46, ,
4, ,46, ,
0, ,46, ,
-1, ,46, ,
-1, ,46, ,
0, ,46, ,
0, ,46, ,
4, ,46, ,
3, ,46, ,
3, ,46, ,
-1, ,46, ,
-1, ,45, ,
0, ,46, ,
0, ,46, ,
-6, ,46, ,
3, ,46, ,
4, ,46, ,
5, ,45, ,
3, ,46, ,
6, ,46, ,
6, ,46, ,
4, ,46, ,
1, ,46, ,
4, ,45, ,
4, ,47, ,
6, ,46, ,
-1, ,46, ,
1, ,46, ,
3, ,46, ,
0, ,45, ,
0, ,46, ,
4, ,46, ,
3, ,46, ,
1, ,46, ,
-2, ,46, ,
-2, ,45, ,
-1, ,46, ,
0, ,46, ,
-9, ,46, ,
-4, ,46, ,
-4, ,46, ,
-5, ,45, ,
-9, ,47, ,
0, ,46, ,
-1, ,46, ,
-6, ,46, ,
-1, ,46, ,
3, ,45, ,
-2, ,46, ,
3, ,46, ,
0, ,46, ,
0, ,46, ,
1, ,46, ,
3, ,45, ,
3, ,46, ,
6, ,46, ,
5, ,46, ,
8, ,47, ,
4, ,46, ,
3, ,45, ,
5, ,47, ,
3, ,46, ,
-2, ,46, ,
3, ,46, ,
1, ,46, ,
1, ,45, ,
-2, ,46, ,
1, ,46, ,
-2, ,46, ,
-1, ,46, ,
-4, ,46, ,
-4, ,45, ,
-2, ,46, ,
0, ,46, ,
-6, ,46, ,
-5, ,46, ,
-5, ,46, ,
-9, ,45, ,
-10, ,47, ,
-9, ,46, ,
-9, ,46, ,
-5, ,46, ,
-6, ,46, ,
-1, ,45, ,
-4, ,46, ,
-2, ,46, ,
-4, ,46, ,
-2, ,46, ,
-4, ,46, ,
-4, ,46, ,
-2, ,47, ,
-1, ,45, ,
-1, ,46, ,
-2, ,47, ,
3, ,46, ,
-2, ,45, ,
-7, ,46, ,
4, ,46, ,
-5, ,46, ,
0, ,46, ,
3, ,46, ,
-2, ,45, ,
-4, ,47, ,
-1, ,46, ,
-4, ,46, ,
-2, ,46, ,
-4, ,46, ,
-1, ,45, ,
-1, ,46, ,
-4, ,46, ,
-5, ,46, ,
-4, ,46, ,
-2, ,46, ,
-5, ,45, ,
-10, ,46, ,
-4, ,46, ,
-4, ,46, ,
-1, ,46, ,
-2, ,46, ,
0, ,45, ,
1, ,46, ,
3, ,46, ,
-4, ,46, ,
-2, ,46, ,
4, ,46, ,
-4, ,45, ,
-4, ,46, ,
4, ,46, ,
-1, ,46, ,
3, ,46, ,
0, ,46, ,
4, ,45, ,
6, ,47, ,
6, ,46, ,
1, ,46, ,
5, ,46, ,
4, ,46, ,
5, ,46, ,
0, ,47, ,
3, ,46, ,
1, ,46, ,
-1, ,46, ,
0, ,46, ,
-1, ,45, ,
0, ,46, ,
4, ,46, ,
-1, ,46, ,
0, ,46, ,
3, ,46, ,
0, ,46, ,
-2, ,47, ,
1, ,46, ,
-2, ,46, ,
0, ,46, ,
-4, ,46, ,
0, ,45, ,
1, ,46, ,
3, ,46, ,
3, ,45, ,
3, ,46, ,
5, ,46, ,
5, ,45, ,
1, ,46, ,
5, ,46, ,
4, ,46, ,
5, ,47, ,
4, ,46, ,
5, ,45, ,
8, ,46, ,
11, ,46, ,
4, ,46, ,
6, ,47, ,
9, ,46, ,
4, ,45, ,
0, ,46, ,
5, ,46, ,
3, ,46, ,
4, ,46, ,
1, ,46, ,
0, ,45, ,
-1, ,46, ,
1, ,46, ,
-4, ,46, ,
-1, ,46, ,
-1, ,46, ,
-1, ,45, ,
-4, ,46, ,
-1, ,46, ,
-1, ,46, ,
-2, ,46, ,
-4, ,46, ,
0, ,45, ,
-2, ,46, ,
3, ,46, ,
-1, ,46, ,
3, ,47, ,
3, ,46, ,
1, ,46, ,
-1, ,47, ,
5, ,46, ,
3, ,46, ,
4, ,46, ,
4, ,46, ,
5, ,45, ,
6, ,46, ,
8, ,46, ,
4, ,46, ,
9, ,46, ,
6, ,46, ,
6, ,45, ,
4, ,46, ,
5, ,46, ,
5, ,46, ,
5, ,46, ,
4, ,46, ,
6, ,45, ,
6, ,46, ,
8, ,46, ,
1, ,46, ,
4, ,46, ,
8, ,46, ,
6, ,45, ,
3, ,47, ,
9, ,45, ,
3, ,46, ,
5, ,46, ,
3, ,46, ,
3, ,45, ,
4, ,46, ,
4, ,46, ,
4, ,46, ,
4, ,46, ,
9, ,46, ,
4, ,45, ,
3, ,47, ,
8, ,46, ,
6, ,46, ,
6, ,46, ,
5, ,46, ,
5, ,45, ,
6, ,47, ,
6, ,46, ,
1, ,46, ,
4, ,46, ,
5, ,46, ,
4, ,45, ,
0, ,46, ,
5, ,46, ,
1, ,46, ,
4, ,46, ,
1, ,46, ,
0, ,45, ,
4, ,46, ,
4, ,46, ,
-4, ,46, ,
0, ,46, ,
-1, ,46, ,
-2, ,45, ,
-5, ,46, ,
0, ,46, ,
1, ,46, ,
1, ,47, ,
-1, ,46, ,
0, ,45, ,
-5, ,46, ,
1, ,46, ,
-6, ,46, ,
1, ,46, ,
6, ,46, ,
4, ,46, ,
4, ,47, ,
8, ,46, ,
3, ,46, ,
3, ,46, ,
0, ,46, ,
1, ,45, ,
0, ,46, ,
4, ,46, ,
0, ,46, ,
5, ,46, ,
3, ,46, ,
4, ,45, ,
-1, ,47, ,
1, ,46, ,
1, ,46, ,
4, ,46, ,
1, ,41, ,
-1, ,32, ,
-6, ,22, ,
-7, ,13, ,
-14, ,4, ,
-7, ,-2, ,
-4, ,-8, ,
-4, ,-14, ,
-9, ,-18, ,
-4, ,-22, ,
-7, ,-25, ,
-5, ,-28, ,
-5, ,-32, ,
-6, ,-33, ,
-5, ,-36, ,
-7, ,-37, ,
-10, ,-38, ,
-5, ,-39, ,
-4, ,-40, ,
-1, ,-41, ,
-1, ,-42, ,
1, ,-43, ,
3, ,-43, ,
0, ,-43, ,
-1, ,-45, ,
-1, ,-44, ,
0, ,-44, ,
1, ,-45, ,
-4, ,-45, ,
1, ,-45, ,
0, ,-46, ,
-1, ,-45, ,
-5, ,-46, ,
0, ,-46, ,
-2, ,-46, ,
1, ,-46, ,
-2, ,-46, ,
1, ,-45, ,
1, ,-46, ,
-1, ,-46, ,
-4, ,-46, ,
-1, ,-46, ,
-2, ,-46, ,
-5, ,-46, ,
-4, ,-47, ,
-1, ,-46, ,
-1, ,-46, ,
-2, ,-46, ,
-5, ,-46, ,
-1, ,-45, ,
-1, ,-46, ,
-1, ,-46, ,
-6, ,-46, ,
-4, ,-46, ,
-2, ,-46, ,
-5, ,-46, ,
-4, ,-47, ,
0, ,-46, ,
-2, ,-46, ,
0, ,-46, ,
-2, ,-46, ,
-1, ,-45, ,
0, ,-46, ,
-2, ,-46, ,
-6, ,-46, ,
-2, ,-46, ,
-1, ,-46, ,
-4, ,-45, ,
-4, ,-46, ,
1, ,-46, ,
0, ,-46, ,
-1, ,-46, ,
0, ,-46, ,
0, ,-45, ,
1, ,-46, ,
-1, ,-46, ,
-4, ,-46, ,
1, ,-46, ,
3, ,-46, ,
-2, ,-45, ,
-9, ,-47, ,
-2, ,-46, ,
-4, ,-45, ,
-1, ,-46, ,
0, ,-46, ,
3, ,-45, ,
1, ,-46, ,
4, ,-46, ,
-4, ,-45, ,
1, ,-46, ,
-1, ,-46, ,
-4, ,-45, ,
-7, ,-46, ,
-2, ,-46, ,
-2, ,-45, ,
-4, ,-46, ,
-1, ,-46, ,
3, ,-45, ,
3, ,-46, ,
5, ,-46, ,
0, ,-45, ,
4, ,-46, ,
6, ,-46, ,
1, ,-46, ,
-1, ,-46, ,
-1, ,-46, ,
-2, ,-46, ,
-2, ,-45, ,
-4, ,-46, ,
-1, ,-45, ,
0, ,-46, ,
0, ,-46, ,
0, ,-45, ,
0, ,-46, ,
1, ,-45, ,
0, ,-45, ,
-1, ,-46, ,
0, ,-46, ,
-4, ,-45, ,
-4, ,-45, ,
-6, ,-46, ,
-2, ,-45, ,
-1, ,-46, ,
1, ,-46, ,
0, ,-46, ,
0, ,-46, ,
4, ,-45, ,
1, ,-45, ,
-4, ,-46, ,
0, ,-46, ,
-4, ,-45, ,
-1, ,-46, ,
-2, ,-46, ,
-1, ,-45, ,
1, ,-46, ,
-1, ,-46, ,
-1, ,-46, ,
3, ,-46, ,
3, ,-46, ,
3, ,-45, ,
0, ,-46, ,
6, ,-45, ,
5, ,-45, ,
1, ,-46, ,
3, ,-46, ,
6, ,-45, ,
3, ,-46, ,
6, ,-46, ,
6, ,-45, ,
4, ,-46, ,
5, ,-45, ,
4, ,-45, ,
4, ,-46, ,
3, ,-46, ,
3, ,-45, ,
4, ,-46, ,
3, ,-46, ,
4, ,-45, ,
5, ,-46, ,
6, ,-46, ,
4, ,-45, ,
8, ,-46, ,
8, ,-46, ,
5, ,-45, ,
4, ,-46, ,
4, ,-46, ,
4, ,-45, ,
1, ,-46, ,
-1, ,-46, ,
4, ,-45, ,
3, ,-46, ,
6, ,-46, ,
5, ,-46, ,
4, ,-46, ,
8, ,-46, ,
3, ,-45, ,
1, ,-46, ,
8, ,-45, ,
1, ,-45, ,
8, ,-46, ,
5, ,-46, ,
4, ,-45, ,
4, ,-46, ,
1, ,-46, ,
-2, ,-45, ,
3, ,-46, ,
5, ,-46, ,
3, ,-45, ,
3, ,-46, ,
9, ,-46, ,
6, ,-45, ,
4, ,-46, ,
0, ,-45, ,
1, ,-45, ,
3, ,-46, ,
4, ,-46, ,
-1, ,-45, ,
3, ,-46, ,
6, ,-45, ,
3, ,-45, ,
0, ,-46, ,
4, ,-46, ,
1, ,-45, ,
-1, ,-45, ,
3, ,-46, ,
1, ,-45, ,
5, ,-46, ,
6, ,-46, ,
3, ,-45, ,
6, ,-46, ,
5, ,-45, ,
4, ,-45, ,
-4, ,-46, ,
0, ,-46, ,
4, ,-45, ,
3, ,-46, ,
3, ,-46, ,
4, ,-45, ,
3, ,-46, ,
6, ,-45, ,
0, ,-45, ,
3, ,-46, ,
5, ,-45, ,
1, ,-46, ,
1, ,-46, ,
5, ,-46, ,
5, ,-45, ,
4, ,-46, ,
3, ,-46, ,
3, ,-45, ,
4, ,-46, ,
4, ,-46, ,
3, ,-46, ,
4, ,-46, ,
8, ,-46, ,
4, ,-45, ,
4, ,-46, ,
8, ,-46, ,
4, ,-45, ,
4, ,-46, ,
1, ,-46, ,
5, ,-45, ,
1, ,-46, ,
6, ,-46, ,
3, ,-46, ,
5, ,-46, ,
10, ,-46, ,
5, ,-45, ,
1, ,-46, ,
5, ,-46, ,
1, ,-45, ,
3, ,-46, ,
1, ,-46, ,
1, ,-45, ,
4, ,-46, ,
1, ,-46, ,
1, ,-46, ,
3, ,-46, ,
1, ,-45, ,
1, ,-45, ,
-1, ,-46, ,
5, ,-46, ,
1, ,-45, ,
9, ,-46, ,
4, ,-46, ,
1, ,-45, ,
4, ,-46, ,
4, ,-46, ,
-4, ,-45, ,
0, ,-45, ,
3, ,-45, ,
0, ,-45, ,
-1, ,-46, ,
3, ,-45, ,
3, ,-45, ,
1, ,-46, ,
0, ,-46, ,
1, ,-45, ,
-1, ,-46, ,
-2, ,-46, ,
-2, ,-45, ,
1, ,-46, ,
3, ,-45, ,
1, ,-45, ,
-1, ,-46, ,
3, ,-45, ,
3, ,-45, ,
-1, ,-46, ,
-2, ,-46, ,
0, ,-45, ,
0, ,-46, ,
0, ,-46, ,
-5, ,-46, ,
1, ,-46, ,
1, ,-45, ,
-2, ,-45, ,
1, ,-46, ,
4, ,-45, ,
1, ,-45, ,
3, ,-46, ,
1, ,-46, ,
1, ,-45, ,
1, ,-46, ,
-2, ,-46, ,
-9, ,-45, ,
0, ,-46, ,
0, ,-45, ,
-1, ,-45, ,
-4, ,-46, ,
3, ,-45, ,
1, ,-45, ,
1, ,-46, ,
0, ,-46, ,
0, ,-45, ,
-1, ,-46, ,
-1, ,-46, ,
-5, ,-45, ,
-2, ,-46, ,
0, ,-45, ,
-4, ,-45, ,
-5, ,-46, ,
3, ,-45, ,
-1, ,-45, ,
1, ,-45, ,
-1, ,-46, ,
-1, ,-45, ,
1, ,-46, ,
0, ,-46, ,
-2, ,-45, ,
1, ,-46, ,
0, ,-45, ,
-1, ,-45, ,
-4, ,-46, ,
-1, ,-46, ,
0, ,-45, ,
3, ,-46, ,
-1, ,-46, ,
0, ,-45, ,
0, ,-46, ,
1, ,-46, ,
-5, ,-45, ,
1, ,-46, ,
0, ,-45, ,
-4, ,-45, ,
-5, ,-46, ,
-1, ,-45, ,
-1, ,-45, ,
3, ,-46, ,
-1, ,-46, ,
0, ,-45, ,
1, ,-46, ,
1, ,-46, ,
-5, ,-45, ,
-4, ,-46, ,
-1, ,-45, ,
-4, ,-45, ,
-6, ,-46, ,
-1, ,-46, ,
-2, ,-45, ,
-2, ,-46, ,
-5, ,-46, ,
-1, ,-45, ,
-5, ,-46, ,
0, ,-46, ,
-2, ,-45, ,
-1, ,-46, ,
0, ,-45, ,
-1, ,-45, ,
-4, ,-46, ,
-1, ,-45, ,
-4, ,-45, ,
0, ,-46, ,
0, ,-46, ,
0, ,-45, ,
3, ,-46, ,
-2, ,-45, ,
-2, ,-45, ,
3, ,-46, ,
-1, ,-46, ,
-2, ,-45, ,
-4, ,-46, ,
0, ,-45, ,
0, ,-45, ,
1, ,-46, ,
1, ,-46, ,
1, ,-45, ,
4, ,-45, ,
3, ,-45, ,
-1, ,-45, ,
1, ,-46, ,
3, ,-46, ,
-4, ,-45, ,
-6, ,-46, ,
1, ,-45, ,
1, ,-45, ,
0, ,-46, ,
-1, ,-46, ,
3, ,-45, ,
3, ,-46, ,
1, ,-46, ,
-1, ,-46, ,
4, ,-46, ,
3, ,-45, ,
0, ,-45, ,
0, ,-46, ,
4, ,-46, ,
1, ,-45, ,
-1, ,-46, ,
-4, ,-46, ,
-1, ,-45, ,
0, ,-46, ,
1, ,-45, ,
0, ,-45, ,
3, ,-46, ,
5, ,-45, ,
3, ,-45, ,
-1, ,-46, ,
0, ,-46, ,
0, ,-45, ,
-1, ,-45, ,
-4, ,-46, ,
-1, ,-45, ,
3, ,-45, ,
0, ,-46, ,
-4, ,-46, ,
0, ,-46, ,
1, ,-46, ,
0, ,-45, ,
-4, ,-46, ,
3, ,-45, ,
3, ,-45, ,
0, ,-46, ,
1, ,-46, ,
1, ,-45, ,
3, ,-46, ,
0, ,-46, ,
-2, ,-45, ,
1, ,-46, ,
3, ,-46, ,
0, ,-45, ,
-2, ,-46, ,
1, ,-46, ,
-1, ,-45, ,
1, ,-45, ,
1, ,-46, ,
1, ,-45, ,
3, ,-46, ,
3, ,-46, ,
-5, ,-46, ,
3, ,-46, ,
4, ,-45, ,
4, ,-45, ,
3, ,-46, ,
1, ,-46, ,
4, ,-45, ,
0, ,-45, ,
-1, ,-46, ,
-2, ,-45, ,
0, ,-46, ,
1, ,-45, ,
-1, ,-45, ,
5, ,-45, ,
6, ,-45, ,
0, ,-45, ,
-4, ,-46, ,
1, ,-45, ,
1, ,-45, ,
1, ,-46, ,
3, ,-46, ,
4, ,-45, ,
6, ,-46, ,
5, ,-46, ,
1, ,-45, ,
3, ,-46, ,
3, ,-45, ,
3, ,-45, ,
0, ,-46, ,
5, ,-46, ,
4, ,-45, ,
5, ,-46, ,
1, ,-46, ,
4, ,-45, ,
1, ,-46, ,
3, ,-46, ,
1, ,-45, ,
5, ,-45, ,
9, ,-46, ,
5, ,-45, ,
4, ,-46, ,
5, ,-46, ,
4, ,-45, ,
3, ,-46, ,
-2, ,-46, ,
1, ,-45, ,
1, ,-46, ,
1, ,-46, ,
-1, ,-45, ,
3, ,-45, ,
3, ,-46, ,
3, ,-45, ,
-1, ,-46, ,
-1, ,-46, ,
0, ,-45, ,
-1, ,-45, ,
0, ,-46, ,
4, ,-45, ,
3, ,-46, ,
8, ,-46, ,
0, ,-46, ,
4, ,-46, ,
6, ,-45, ,
3, ,-45, ,
0, ,-46, ,
4, ,-45, ,
1, ,-45, ,
3, ,-46, ,
1, ,-46, ,
3, ,-45, ,
3, ,-46, ,
3, ,-45, ,
-1, ,-46, ,
3, ,-46, ,
4, ,-45, ,
3, ,-45, ,
1, ,-46, ,
3, ,-46, ,
3, ,-45, ,
0, ,-46, ,
-1, ,-45, ,
-2, ,-45, ,
-2, ,-46, ,
1, ,-46, ,
-2, ,-45, ,
0, ,-46, ,
5, ,-45, ,
0, ,-45, ,
-1, ,-46, ,
4, ,-45, ,
1, ,-45, ,
1, ,-46, ,
0, ,-46, ,
1, ,-45, ,
4, ,-46, ,
1, ,-46, ,
-1, ,-45, ,
4, ,-46, ,
5, ,-45, ,
3, ,-45, ,
3, ,-46, ,
6, ,-46, ,
6, ,-45, ,
5, ,-46, ,
3, ,-45, ,
4, ,-45, ,
3, ,-46, ,
1, ,-46, ,
0, ,-45, ,
0, ,-46, ,
3, ,-46, ,
0, ,-45, ,
-5, ,-46, ,
5, ,-46, ,
1, ,-45, ,
3, ,-45, ,
3, ,-46, ,
1, ,-45, ,
3, ,-46, ,
0, ,-45, ,
-5, ,-46, ,
-1, ,-46, ,
1, ,-45, ,
-1, ,-45, ,
-4, ,-46, ,
1, ,-46, ,
1, ,-45, ,
-1, ,-45, ,
-1, ,-45, ,
-1, ,-44, ,
-1, ,-46, ,
1, ,-46, ,
-6, ,-45, ,
0, ,-46, ,
1, ,-45, ,
-2, ,-45, ,
-4, ,-46, ,
1, ,-46, ,
-2, ,-45, ,
0, ,-45, ,
1, ,-46, ,
1, ,-45, ,
5, ,-46, ,
3, ,-46, ,
-1, ,-45, ,
0, ,-46, ,
1, ,-45, ,
0, ,-45, ,
-2, ,-46, ,
3, ,-45, ,
4, ,-45, ,
3, ,-45, ,
1, ,-46, ,
3, ,-45, ,
-1, ,-46, ,
1, ,-46, ,
0, ,-45, ,
3, ,-45, ,
5, ,-45, ,
-2, ,-45, ,
-10, ,-46, ,
4, ,-46, ,
3, ,-45, ,
0, ,-45, ,
1, ,-46, ,
1, ,-45, ,
0, ,-46, ,
-1, ,-46, ,
-5, ,-45, ,
0, ,-46, ,
1, ,-46, ,
3, ,-45, ,
1, ,-46, ,
6, ,-46, ,
4, ,-45, ,
0, ,-46, ,
0, ,-46, ,
3, ,-45, ,
5, ,-46, ,
6, ,-46, ,
1, ,-45, ,
0, ,-46, ,
-1, ,-45, ,
-4, ,-46, ,
1, ,-46, ,
4, ,-46, ,
1, ,-46, ,
3, ,-46, ,
1, ,-46, ,
4, ,-45, ,
6, ,-46, ,
5, ,-46, ,
3, ,-45, ,
5, ,-46, ,
4, ,-45, ,
-1, ,-45, ,
0, ,-46, ,
-2, ,-46, ,
-1, ,-45, ,
-2, ,-46, ,
-1, ,-45, ,
0, ,-45, ,
-1, ,-46, ,
3, ,-46, ,
-6, ,-46, ,
-1, ,-46, ,
3, ,-46, ,
-1, ,-45, ,
1, ,-46, ,
8, ,-46, ,
1, ,-45, ,
4, ,-46, ,
0, ,-46, ,
-1, ,-45, ,
0, ,-46, ,
-4, ,-46, ,
-4, ,-45, ,
-1, ,-46, ,
1, ,-45, ,
0, ,-45, ,
-6, ,-46, ,
0, ,-46, ,
-1, ,-45, ,
-5, ,-46, ,
-4, ,-46, ,
0, ,-45, ,
3, ,-46, ,
4, ,-46, ,
3, ,-46, ,
3, ,-46, ,
4, ,-46, ,
0, ,-45, ,
-2, ,-46, ,
0, ,-45, ,
-1, ,-45, ,
0, ,-45, ,
1, ,-46, ,
3, ,-44, ,
1, ,-46, ,
3, ,-46, ,
-1, ,-45, ,
3, ,-46, ,
3, ,-45, ,
3, ,-45, ,
0, ,-46, ,
4, ,-46, ,
4, ,-45, ,
4, ,-46, ,
1, ,-46, ,
4, ,-45, ,
1, ,-46, ,
5, ,-46, ,
3, ,-46, ,
4, ,-46, ,
9, ,-46, ,
1, ,-45, ,
4, ,-46, ,
8, ,-46, ,
1, ,-45, ,
1, ,-45, ,
0, ,-46, ,
1, ,-45, ,
4, ,-46, ,
6, ,-46, ,
4, ,-45, ,
6, ,-45, ,
6, ,-45, ,
3, ,-45, ,
4, ,-46, ,
4, ,-45, ,
-5, ,-45, ,
0, ,-46, ,
0, ,-45, ,
1, ,-45, ,
1, ,-46, ,
0, ,-46, ,
-4, ,-45, ,
0, ,-46, ,
4, ,-46, ,
1, ,-45, ,
-2, ,-46, ,
1, ,-45, ,
-1, ,-45, ,
0, ,-46, ,
0, ,-46, ,
0, ,-45, ,
0, ,-46, ,
-1, ,-45, ,
-4, ,-45, ,
0, ,-46, ,
1, ,-46, ,
1, ,-45, ,
-1, ,-46, ,
3, ,-46, ,
3, ,-45, ,
-1, ,-46, ,
-6, ,-44, ,
0, ,-38, ,
4, ,-28, ,
4, ,-19, ,
4, ,-9, ,
10, ,-2, ,
8, ,5, ,
3, ,12, ,
1, ,16, ,
6, ,20, ,
6, ,23, ,
6, ,27, ,
5, ,30, ,
5, ,32, ,
5, ,35, ,
5, ,37, ,
3, ,38, ,
5, ,39, ,
6, ,40, ,
4, ,41, ,
3, ,42, ,
3, ,42, ,
4, ,43, ,
3, ,44, ,
3, ,45, ,
4, ,44, ,
4, ,45, ,
6, ,46, ,
0, ,45, ,
3, ,46, ,
8, ,46, ,
3, ,45, ,
0, ,46, ,
5, ,46, ,
4, ,46, ,
4, ,47, ,
-1, ,46, ,
1, ,45, ,
4, ,47, ,
0, ,47, ,
0, ,46, ,
5, ,47, ,
8, ,47, ,
6, ,46, ,
-1, ,47, ,
4, ,46, ,
1, ,47, ,
4, ,47, ,
-1, ,47, ,
1, ,46, ,
3, ,47, ,
4, ,47, ,
-1, ,46, ,
0, ,47, ,
3, ,47, ,
0, ,46, ,
-4, ,47, ,
1, ,46, ,
-2, ,47, ,
-1, ,47, ,
-1, ,47, ,
-1, ,45, ,
0, ,47, ,
0, ,47, ,
-6, ,46, ,
-2, ,47, ,
-4, ,47, ,
-1, ,45, ,
-5, ,47, ,
0, ,46, ,
1, ,47, ,
-2, ,47, ,
-2, ,46, ,
-2, ,46, ,
-4, ,47, ,
1, ,46, ,
-5, ,46, ,
-1, ,47, ,
3, ,47, ,
-1, ,46, ,
-2, ,47, ,
0, ,46, ,
-2, ,46, ,
-1, ,47, ,
-4, ,46, ,
-1, ,46, ,
-1, ,47, ,
-1, ,46, ,
-2, ,46, ,
-1, ,47, ,
0, ,46, ,
-1, ,46, ,
-2, ,47, ,
1, ,46, ,
1, ,46, ,
0, ,47, ,
-4, ,47, ,
0, ,45, ,
-1, ,47, ,
1, ,46, ,
-4, ,46, ,
3, ,46, ,
6, ,46, ,
1, ,45, ,
-1, ,47, ,
6, ,46, ,
3, ,46, ,
5, ,46, ,
3, ,47, ,
3, ,45, ,
3, ,47, ,
3, ,46, ,
-2, ,46, ,
0, ,46, ,
-1, ,46, ,
3, ,46, ,
0, ,47, ,
5, ,46, ,
5, ,46, ,
4, ,46, ,
4, ,47, ,
4, ,45, ,
1, ,47, ,
1, ,47, ,
-4, ,46, ,
1, ,47, ,
3, ,46, ,
0, ,45, ,
-2, ,47, ,
0, ,46, ,
0, ,46, ,
1, ,47, ,
-1, ,46, ,
0, ,45, ,
1, ,46, ,
1, ,46, ,
-4, ,46, ,
0, ,46, ,
0, ,46, ,
-2, ,45, ,
-2, ,46, ,
-1, ,46, ,
-1, ,46, ,
1, ,47, ,
0, ,46, ,
1, ,45, ,
1, ,46, ,
3, ,46, ,
-5, ,46, ,
-2, ,46, ,
0, ,46, ,
-1, ,46, ,
-2, ,47, ,
0, ,46, ,
0, ,46, ,
4, ,46, ,
0, ,46, ,
4, ,45, ,
5, ,47, ,
4, ,46, ,
-4, ,46, ,
3, ,46, ,
0, ,46, ,
0, ,46, ,
-2, ,47, ,
1, ,46, ,
0, ,46, ,
3, ,46, ,
-1, ,47, ,
0, ,45, ,
0, ,47, ,
0, ,46, ,
-1, ,46, ,
0, ,46, ,
1, ,46, ,
0, ,45, ,
-4, ,47, ,
1, ,46, ,
1, ,46, ,
1, ,46, ,
1, ,46, ,
1, ,45, ,
4, ,46, ,
6, ,46, ,
3, ,46, ,
4, ,46, ,
3, ,46, ,
3, ,46, ,
0, ,46, ,
3, ,46, ,
4, ,46, ,
3, ,46, ,
4, ,46, ,
4, ,45, ,
3, ,47, ,
5, ,46, ,
1, ,46, ,
4, ,46, ,
3, ,46, ,
0, ,45, ,
-4, ,47, ,
3, ,46, ,
3, ,46, ,
3, ,47, ,
3, ,46, ,
1, ,45, ,
3, ,47, ,
4, ,46, ,
1, ,46, ,
5, ,46, ,
8, ,46, ,
5, ,46, ,
5, ,47, ,
6, ,46, ,
4, ,46, ,
3, ,46, ,
0, ,46, ,
3, ,45, ,
3, ,46, ,
3, ,46, ,
1, ,46, ,
4, ,46, ,
8, ,46, ,
4, ,46, ,
3, ,46, ,
1, ,46, ,
3, ,46, ,
3, ,46, ,
-1, ,46, ,
0, ,45, ,
3, ,47, ,
1, ,46, ,
-2, ,46, ,
1, ,46, ,
-2, ,46, ,
0, ,45, ,
-4, ,46, ,
4, ,46, ,
3, ,46, ,
3, ,46, ,
1, ,46, ,
4, ,45, ,
3, ,46, ,
3, ,46, ,
-1, ,46, ,
0, ,46, ,
4, ,46, ,
0, ,45, ,
0, ,46, ,
5, ,46, ,
4, ,46, ,
5, ,46, ,
6, ,46, ,
6, ,45, ,
9, ,47, ,
11, ,46, ,
9, ,46, ,
14, ,46, ,
10, ,46, ,
11, ,45, ,
6, ,47, ,
6, ,46, ,
5, ,46, ,
1, ,46, ,
3, ,46, ,
3, ,45, ,
3, ,46, ,
6, ,46, ,
1, ,46, ,
4, ,46, ,
6, ,46, ,
3, ,45, ,
1, ,46, ,
3, ,46, ,
-1, ,46, ,
0, ,46, ,
-4, ,46, ,
-2, ,45, ,
-2, ,46, ,
-1, ,46, ,
-5, ,46, ,
-1, ,46, ,
1, ,46, ,
1, ,46, ,
-1, ,47, ,
5, ,46, ,
5, ,46, ,
3, ,46, ,
3, ,46, ,
4, ,45, ,
4, ,46, ,
4, ,46, ,
4, ,46, ,
5, ,46, ,
9, ,47, ,
6, ,46, ,
3, ,46, ,
6, ,46, ,
3, ,46, ,
3, ,46, ,
-1, ,46, ,
-2, ,45, ,
0, ,46, ,
-1, ,46, ,
-4, ,46, ,
-1, ,46, ,
1, ,46, ,
4, ,45, ,
-1, ,46, ,
3, ,46, ,
1, ,46, ,
1, ,46, ,
1, ,46, ,
4, ,45, ,
0, ,46, ,
9, ,46, ,
1, ,46, ,
1, ,46, ,
5, ,46, ,
-1, ,45, ,
-1, ,47, ,
5, ,46, ,
1, ,46, ,
4, ,46, ,
1, ,46, ,
4, ,45, ,
3, ,46, ,
4, ,46, ,
-1, ,46, ,
1, ,46, ,
3, ,46, ,
0, ,45, ,
-1, ,46, ,
0, ,45, ,
-4, ,46, ,
-4, ,46, ,
-5, ,46, ,
-4, ,45, ,
-7, ,46, ,
-2, ,46, ,
-6, ,46, ,
1, ,46, ,
5, ,46, ,
-1, ,45, ,
-2, ,46, ,
0, ,46, ,
-1, ,46, ,
-1, ,46, ,
-5, ,46, ,
-1, ,45, ,
0, ,46, ,
1, ,46, ,
-2, ,46, ,
3, ,46, ,
1, ,46, ,
3, ,45, ,
-1, ,46, ,
6, ,46, ,
6, ,46, ,
5, ,46, ,
5, ,46, ,
4, ,45, ,
3, ,46, ,
5, ,46, ,
-4, ,46, ,
0, ,46, ,
3, ,46, ,
1, ,45, ,
1, ,46, ,
1, ,45, ,
0, ,46, ,
1, ,46, ,
-1, ,46, ,
-1, ,45, ,
-2, ,46, ,
-1, ,46, ,
-5, ,46, ,
-1, ,46, ,
0, ,46, ,
-1, ,46, ,
-4, ,46, ,
0, ,46, ,
1, ,46, ,
0, ,47, ,
-1, ,46, ,
1, ,45, ,
-2, ,46, ,
0, ,46, ,
-2, ,46, ,
0, ,46, ,
3, ,46, ,
-2, ,45, ,
0, ,46, ,
4, ,46, ,
0, ,46, ,
0, ,46, ,
-5, ,46, ,
-1, ,45, ,
0, ,46, ,
1, ,46, ,
-4, ,46, ,
-4, ,46, ,
-5, ,46, ,
-5, ,45, ,
-10, ,47, ,
-4, ,46, ,
-1, ,46, ,
-1, ,46, ,
1, ,46, ,
3, ,45, ,
-1, ,46, ,
-2, ,46, ,
-6, ,46, ,
-4, ,46, ,
-4, ,46, ,
-5, ,45, ,
-5, ,46, ,
3, ,46, ,
4, ,46, ,
4, ,46, ,
1, ,46, ,
1, ,45, ,
3, ,46, ,
1, ,46, ,
-1, ,46, ,
5, ,46, ,
13, ,46, ,
5, ,46, ,
-2, ,46, ,
8, ,46, ,
3, ,46, ,
1, ,46, ,
4, ,46, ,
5, ,45, ,
5, ,46, ,
11, ,46, ,
0, ,46, ,
3, ,46, ,
3, ,46, ,
-2, ,45, ,
-6, ,46, ,
-2, ,46, ,
-4, ,46, ,
0, ,46, ,
0, ,46, ,
-1, ,45, ,
1, ,46, ,
0, ,46, ,
-2, ,46, ,
-4, ,46, ,
-4, ,46, ,
-4, ,45, ,
-7, ,47, ,
-2, ,46, ,
-2, ,46, ,
-2, ,47, ,
1, ,46, ,
0, ,45, ,
-1, ,47, ,
8, ,46, ,
4, ,46, ,
4, ,46, ,
8, ,46, ,
6, ,45, ,
4, ,46, ,
9, ,46, ,
5, ,46, ,
6, ,46, ,
5, ,46, ,
5, ,45, ,
9, ,46, ,
5, ,46, ,
1, ,46, ,
4, ,46, ,
3, ,46, ,
0, ,45, ,
-2, ,46, ,
1, ,45, ,
0, ,46, ,
-2, ,46, ,
-1, ,46, ,
0, ,45, ,
1, ,46, ,
3, ,46, ,
-4, ,46, ,
0, ,46, ,
-2, ,46, ,
-2, ,45, ,
-6, ,46, ,
-1, ,46, ,
-2, ,46, ,
0, ,46, ,
0, ,46, ,
1, ,45, ,
6, ,46, ,
8, ,46, ,
3, ,46, ,
8, ,46, ,
8, ,46, ,
6, ,45, ,
3, ,47, ,
6, ,46, ,
8, ,46, ,
4, ,46, ,
0, ,46, ,
5, ,45, ,
0, ,46, ,
3, ,46, ,
0, ,46, ,
3, ,46, ,
4, ,46, ,
0, ,45, ,
-5, ,47, ,
-1, ,46, ,
-5, ,46, ,
-4, ,47, ,
-6, ,46, ,
-4, ,45, ,
-1, ,46, ,
4, ,46, ,
-1, ,46, ,
-1, ,46, ,
1, ,46, ,
0, ,45, ,
-4, ,47, ,
1, ,46, ,
3, ,46, ,
3, ,46, ,
3, ,46, ,
4, ,45, ,
4, ,46, ,
6, ,46, ,
3, ,46, ,
5, ,46, ,
8, ,46, ,
6, ,45, ,
5, ,47, ,
10, ,45, ,
9, ,46, ,
8, ,46, ,
5, ,46, ,
4, ,45, ,
5, ,46, ,
4, ,46, ,
0, ,46, ,
4, ,46, ,
4, ,46, ,
3, ,45, ,
-2, ,46, ,
0, ,46, ,
1, ,46, ,
0, ,46, ,
-4, ,46, ,
-2, ,45, ,
-4, ,46, ,
0, ,46, ,
-4, ,46, ,
-2, ,46, ,
3, ,46, ,
-4, ,46, ,
-5, ,46, ,
1, ,46, ,
-1, ,46, ,
1, ,46, ,
1, ,46, ,
1, ,45, ,
4, ,46, ,
5, ,46, ,
6, ,46, ,
8, ,46, ,
8, ,46, ,
8, ,46, ,
4, ,47, ,
6, ,46, ,
9, ,46, ,
8, ,47, ,
4, ,46, ,
8, ,45, ,
6, ,46, ,
8, ,46, ,
4, ,46, ,
4, ,46, ,
5, ,46, ,
4, ,45, ,
0, ,47, ,
5, ,46, ,
-1, ,46, ,
3, ,46, ,
-5, ,46, ,
-2, ,45, ,
-2, ,46, ,
-2, ,46, ,
-7, ,46, ,
-4, ,46, ,
-1, ,46, ,
-4, ,45, ,
-6, ,46, ,
0, ,46, ,
1, ,46, ,
-2, ,46, ,
-2, ,47, ,
0, ,45, ,
3, ,46, ,
4, ,46, ,
1, ,46, ,
5, ,46, ,
8, ,46, ,
6, ,46, ,
4, ,46, ,
6, ,46, ,
5, ,46, ,
8, ,46, ,
5, ,46, ,
3, ,45, ,
6, ,46, ,
6, ,46, ,
1, ,46, ,
4, ,46, ,
4, ,46, ,
1, ,45, ,
-2, ,47, ,
3, ,46, ,
3, ,46, ,
-1, ,46, ,
0, ,46, ,
-1, ,45, ,
-2, ,46, ,
3, ,46, ,
-5, ,46, ,
-5, ,46, ,
1, ,46, ,
-1, ,45, ,
-2, ,47, ,
3, ,46, ,
-2, ,46, ,
-1, ,47, ,
-4, ,46, ,
-2, ,45, ,
1, ,46, ,
3, ,46, ,
0, ,46, ,
1, ,46, ,
-1, ,46, ,
-6, ,45, ,
-10, ,46, ,
-7, ,46, ,
-9, ,46, ,
-10, ,46, ,
-9, ,46, ,
-4, ,45, ,
3, ,47, ,
6, ,46, ,
5, ,46, ,
14, ,46, ,
16, ,46, ,
15, ,45, ,
11, ,47, ,
13, ,46, ,
8, ,46, ,
3, ,46, ,
1, ,46, ,
-5, ,45, ,
-2, ,47, ,
-1, ,46, ,
-12, ,46, ,
-7, ,46, ,
-6, ,46, ,
-6, ,45, ,
-9, ,47, ,
-2, ,46, ,
0, ,46, ,
-2, ,47, ,
-2, ,46, ,
-4, ,45, ,
-6, ,46, ,
-4, ,46, ,
-7, ,46, ,
-2, ,46, ,
0, ,46, ,
3, ,45, ,
1, ,47, ,
6, ,45, ,
3, ,46, ,
4, ,46, ,
3, ,46, ,
4, ,45, ,
4, ,46, ,
4, ,46, ,
0, ,46, ,
1, ,46, ,
3, ,46, ,
3, ,45, ,
-1, ,47, ,
4, ,46, ,
0, ,46, ,
1, ,46, ,
-1, ,46, ,
1, ,45, ,
-1, ,46, ,
-1, ,46, ,
-7, ,46, ,
-6, ,46, ,
-6, ,46, ,
-6, ,46, ,
-6, ,47, ,
0, ,46, ,
0, ,46, ,
3, ,46, ,
4, ,46, ,
1, ,45, ,
4, ,46, ,
8, ,46, ,
-2, ,46, ,
-5, ,46, ,
0, ,46, ,
4, ,45, ,
-4, ,47, ,
6, ,46, ,
6, ,46, ,
4, ,47, ,
0, ,46, ,
4, ,45, ,
4, ,46, ,
5, ,46, ,
4, ,46, ,
6, ,46, ,
8, ,46, ,
1, ,45, ,
-2, ,47, ,
-1, ,46, ,
-4, ,46, ,
0, ,46, ,
0, ,46, ,
1, ,45, ,
4, ,47, ,
5, ,46, ,
-2, ,46, ,
0, ,46, ,
-1, ,46, ,
-1, ,46, ,
-4, ,47, ,
-1, ,46, ,
0, ,46, ,
-1, ,46, ,
-2, ,46, ,
6, ,44, ,
-1, ,39, ,
-1, ,30, ,
-7, ,19, ,
-6, ,11, ,
-4, ,2, ,
-5, ,-4, ,
-2, ,-11, ,
1, ,-15, ,
-5, ,-20, ,
-5, ,-23, ,
-5, ,-26, ,
-6, ,-30, ,
1, ,-32, ,
0, ,-34, ,
0, ,-36, ,
3, ,-37, ,
4, ,-39, ,
4, ,-39, ,
-2, ,-41, ,
1, ,-42, ,
0, ,-42, ,
-1, ,-43, ,
-2, ,-43, ,
-2, ,-43, ,
0, ,-44, ,
3, ,-44, ,
-5, ,-44, ,
-2, ,-45, ,
1, ,-45, ,
-1, ,-45, ,
-6, ,-46, ,
0, ,-45, ,
-1, ,-45, ,
-4, ,-46, ,
-2, ,-46, ,
-1, ,-45, ,
1, ,-46, ,
1, ,-46, ,
-2, ,-46, ,
3, ,-46, ,
0, ,-46, ,
0, ,-46, ,
0, ,-47, ,
5, ,-46, ,
4, ,-46, ,
6, ,-47, ,
5, ,-46, ,
6, ,-45, ,
5, ,-47, ,
4, ,-46, ,
3, ,-46, ,
5, ,-46, ,
8, ,-46, ,
4, ,-46, ,
4, ,-46, ,
4, ,-46, ,
5, ,-46, ,
4, ,-46, ,
3, ,-46, ,
4, ,-45, ,
6, ,-47, ,
5, ,-46, ,
3, ,-46, ,
4, ,-46, ,
6, ,-46, ,
3, ,-45, ,
-1, ,-47, ,
4, ,-46, ,
0, ,-45, ,
1, ,-46, ,
-2, ,-46, ,
3, ,-45, ,
3, ,-46, ,
5, ,-46, ,
3, ,-46, ,
4, ,-46, ,
9, ,-46, ,
5, ,-46, ,
5, ,-46, ,
6, ,-46, ,
4, ,-46, ,
6, ,-46, ,
5, ,-46, ,
4, ,-46, ,
4, ,-46, ,
3, ,-46, ,
-1, ,-45, ,
1, ,-46, ,
1, ,-46, ,
0, ,-45, ,
-1, ,-47, ,
3, ,-46, ,
3, ,-46, ,
-1, ,-46, ,
-2, ,-46, ,
0, ,-45, ,
-1, ,-46, ,
1, ,-46, ,
-4, ,-46, ,
1, ,-46, ,
1, ,-46, ,
0, ,-45, ,
-2, ,-46, ,
3, ,-46, ,
3, ,-45, ,
4, ,-46, ,
3, ,-46, ,
4, ,-45, ,
5, ,-46, ,
5, ,-46, ,
3, ,-46, ,
6, ,-46, ,
6, ,-46, ,
4, ,-45, ,
4, ,-46, ,
6, ,-46, ,
6, ,-46, ,
4, ,-46, ,
1, ,-46, ,
6, ,-45, ,
6, ,-46, ,
10, ,-46, ,
5, ,-45, ,
4, ,-46, ,
9, ,-45, ,
6, ,-45, ,
3, ,-46, ,
3, ,-45, ,
0, ,-45, ,
4, ,-46, ,
4, ,-46, ,
3, ,-45, ,
4, ,-46, ,
8, ,-46, ,
-2, ,-45, ,
4, ,-46, ,
11, ,-46, ,
5, ,-45, ,
0, ,-46, ,
8, ,-46, ,
3, ,-45, ,
1, ,-46, ,
-2, ,-46, ,
-1, ,-45, ,
0, ,-46, ,
3, ,-46, ,
-1, ,-46, ,
4, ,-45, ,
5, ,-46, ,
3, ,-45, ,
3, ,-46, ,
6, ,-45, ,
4, ,-45, ,
1, ,-46, ,
4, ,-46, ,
0, ,-45, ,
1, ,-46, ,
4, ,-45, ,
0, ,-46, ,
4, ,-46, ,
6, ,-46, ,
4, ,-46, ,
-2, ,-46, ,
1, ,-46, ,
1, ,-45, ,
3, ,-46, ,
4, ,-46, ,
5, ,-45, ,
-1, ,-46, ,
0, ,-46, ,
-6, ,-45, ,
-1, ,-46, ,
1, ,-45, ,
-2, ,-45, ,
-2, ,-46, ,
1, ,-45, ,
0, ,-45, ,
0, ,-46, ,
-1, ,-46, ,
-1, ,-45, ,
0, ,-46, ,
3, ,-46, ,
-2, ,-46, ,
3, ,-46, ,
5, ,-46, ,
0, ,-45, ,
-1, ,-46, ,
1, ,-46, ,
-1, ,-45, ,
-5, ,-46, ,
-5, ,-46, ,
-6, ,-45, ,
-6, ,-46, ,
-5, ,-46, ,
-4, ,-45, ,
0, ,-46, ,
4, ,-45, ,
-1, ,-45, ,
-4, ,-46, ,
-1, ,-45, ,
-4, ,-45, ,
-1, ,-45, ,
-2, ,-46, ,
-2, ,-45, ,
0, ,-46, ,
-1, ,-46, ,
-7, ,-45, ,
-6, ,-46, ,
-9, ,-46, ,
-10, ,-45, ,
-9, ,-46, ,
-2, ,-46, ,
-2, ,-45, ,
-4, ,-46, ,
-1, ,-46, ,
1, ,-45, ,
1, ,-46, ,
-1, ,-46, ,
-5, ,-45, ,
1, ,-46, ,
3, ,-45, ,
1, ,-45, ,
-2, ,-46, ,
0, ,-46, ,
0, ,-45, ,
-1, ,-46, ,
-2, ,-46, ,
-2, ,-45, ,
-4, ,-46, ,
-2, ,-45, ,
-9, ,-45, ,
-4, ,-46, ,
-2, ,-46, ,
-4, ,-45, ,
-5, ,-46, ,
-2, ,-45, ,
1, ,-45, ,
0, ,-46, ,
-4, ,-46, ,
-1, ,-45, ,
-1, ,-46, ,
0, ,-45, ,
-7, ,-45, ,
-5, ,-46, ,
-1, ,-45, ,
-7, ,-45, ,
-6, ,-46, ,
-5, ,-45, ,
-7, ,-45, ,
-1, ,-45, ,
-4, ,-46, ,
-1, ,-45, ,
1, ,-46, ,
-1, ,-45, ,
-5, ,-45, ,
-2, ,-45, ,
-2, ,-46, ,
-4, ,-45, ,
-6, ,-46, ,
-2, ,-46, ,
-2, ,-45, ,
-1, ,-45, ,
-2, ,-46, ,
-2, ,-45, ,
-2, ,-46, ,
1, ,-46, ,
-6, ,-45, ,
-1, ,-46, ,
3, ,-46, ,
1, ,-45, ,
0, ,-46, ,
3, ,-45, ,
1, ,-45, ,
1, ,-46, ,
1, ,-46, ,
3, ,-45, ,
5, ,-46, ,
4, ,-46, ,
1, ,-45, ,
3, ,-45, ,
1, ,-46, ,
0, ,-45, ,
-1, ,-46, ,
0, ,-46, ,
4, ,-45, ,
4, ,-46, ,
4, ,-45, ,
6, ,-45, ,
4, ,-46, ,
8, ,-46, ,
1, ,-45, ,
5, ,-46, ,
6, ,-45, ,
3, ,-45, ,
3, ,-46, ,
4, ,-45, ,
4, ,-45, ,
4, ,-46, ,
3, ,-46, ,
4, ,-45, ,
5, ,-46, ,
6, ,-45, ,
1, ,-46, ,
4, ,-46, ,
3, ,-46, ,
1, ,-45, ,
-1, ,-46, ,
3, ,-46, ,
1, ,-45, ,
-1, ,-46, ,
0, ,-46, ,
1, ,-45, ,
1, ,-46, ,
3, ,-46, ,
0, ,-45, ,
5, ,-45, ,
6, ,-45, ,
4, ,-45, ,
1, ,-46, ,
5, ,-45, ,
3, ,-45, ,
3, ,-46, ,
3, ,-45, ,
0, ,-45, ,
4, ,-46, ,
4, ,-46, ,
3, ,-45, ,
6, ,-46, ,
4, ,-45, ,
4, ,-45, ,
0, ,-46, ,
3, ,-46, ,
5, ,-45, ,
1, ,-45, ,
1, ,-45, ,
3, ,-45, ,
4, ,-46, ,
5, ,-46, ,
-2, ,-46, ,
1, ,-46, ,
3, ,-46, ,
1, ,-45, ,
-1, ,-46, ,
4, ,-46, ,
3, ,-45, ,
4, ,-46, ,
4, ,-46, ,
3, ,-45, ,
4, ,-46, ,
3, ,-46, ,
-1, ,-45, ,
4, ,-46, ,
5, ,-45, ,
5, ,-45, ,
1, ,-46, ,
5, ,-46, ,
6, ,-45, ,
4, ,-46, ,
4, ,-46, ,
4, ,-45, ,
3, ,-46, ,
5, ,-45, ,
0, ,-45, ,
3, ,-46, ,
6, ,-45, ,
6, ,-45, ,
3, ,-46, ,
6, ,-45, ,
1, ,-45, ,
4, ,-46, ,
1, ,-46, ,
3, ,-45, ,
6, ,-46, ,
8, ,-46, ,
6, ,-45, ,
8, ,-46, ,
8, ,-45, ,
5, ,-45, ,
-2, ,-46, ,
5, ,-46, ,
4, ,-45, ,
5, ,-45, ,
5, ,-46, ,
4, ,-45, ,
5, ,-46, ,
3, ,-46, ,
-1, ,-45, ,
4, ,-46, ,
6, ,-46, ,
3, ,-45, ,
4, ,-46, ,
9, ,-45, ,
5, ,-45, ,
4, ,-45, ,
4, ,-46, ,
1, ,-45, ,
4, ,-46, ,
3, ,-45, ,
-2, ,-45, ,
4, ,-45, ,
1, ,-46, ,
4, ,-45, ,
1, ,-46, ,
0, ,-46, ,
3, ,-45, ,
1, ,-46, ,
-1, ,-46, ,
1, ,-45, ,
0, ,-46, ,
3, ,-46, ,
-2, ,-46, ,
4, ,-46, ,
5, ,-46, ,
-1, ,-45, ,
-1, ,-46, ,
1, ,-45, ,
-1, ,-45, ,
1, ,-46, ,
-2, ,-46, ,
0, ,-45, ,
3, ,-46, ,
1, ,-46, ,
-1, ,-45, ,
3, ,-46, ,
3, ,-45, ,
1, ,-45, ,
-1, ,-46, ,
4, ,-45, ,
4, ,-45, ,
0, ,-45, ,
0, ,-45, ,
1, ,-45, ,
0, ,-46, ,
-1, ,-46, ,
-2, ,-45, ,
0, ,-45, ,
4, ,-45, ,
3, ,-45, ,
0, ,-46, ,
4, ,-45, ,
3, ,-45, ,
1, ,-45, ,
-4, ,-46, ,
-2, ,-45, ,
0, ,-46, ,
-1, ,-45, ,
-5, ,-46, ,
-2, ,-46, ,
-1, ,-45, ,
-2, ,-45, ,
-4, ,-46, ,
-1, ,-46, ,
-2, ,-45, ,
-2, ,-46, ,
-4, ,-46, ,
-1, ,-45, ,
-2, ,-46, ,
-2, ,-46, ,
-4, ,-45, ,
-2, ,-45, ,
-2, ,-45, ,
-2, ,-45, ,
-5, ,-46, ,
-1, ,-45, ,
0, ,-45, ,
-1, ,-45, ,
-1, ,-46, ,
0, ,-45, ,
-2, ,-46, ,
-4, ,-46, ,
-6, ,-45, ,
-2, ,-46, ,
-4, ,-46, ,
-6, ,-45, ,
-5, ,-46, ,
0, ,-46, ,
0, ,-45, ,
-1, ,-45, ,
-1, ,-46, ,
-1, ,-45, ,
-1, ,-46, ,
-4, ,-46, ,
-7, ,-46, ,
-4, ,-46, ,
-2, ,-46, ,
-5, ,-45, ,
-6, ,-46, ,
-2, ,-45, ,
-5, ,-45, ,
-1, ,-46, ,
-4, ,-46, ,
-1, ,-45, ,
1, ,-46, ,
-1, ,-46, ,
-2, ,-46, ,
1, ,-46, ,
-1, ,-45, ,
-1, ,-45, ,
-5, ,-46, ,
0, ,-46, ,
1, ,-45, ,
-1, ,-46, ,
-1, ,-46, ,
-1, ,-45, ,
0, ,-46, ,
-2, ,-45, ,
-6, ,-45, ,
-2, ,-46, ,
-2, ,-45, ,
-1, ,-45, ,
-2, ,-46, ,
5, ,-45, ,
0, ,-45, ,
0, ,-46, ,
1, ,-46, ,
-1, ,-45, ,
1, ,-46, ,
1, ,-46, ,
-5, ,-46, ,
-1, ,-46, ,
0, ,-46, ,
0, ,-45, ,
-2, ,-46, ,
1, ,-45, ,
3, ,-45, ,
0, ,-45, ,
3, ,-46, ,
3, ,-44, ,
0, ,-46, ,
3, ,-45, ,
-2, ,-45, ,
1, ,-45, ,
3, ,-45, ,
-2, ,-45, ,
-1, ,-46, ,
0, ,-45, ,
-1, ,-45, ,
0, ,-46, ,
0, ,-46, ,
1, ,-45, ,
5, ,-46, ,
6, ,-45, ,
1, ,-45, ,
3, ,-46, ,
1, ,-46, ,
-1, ,-45, ,
-4, ,-46, ,
-1, ,-46, ,
0, ,-45, ,
0, ,-46, ,
-1, ,-46, ,
1, ,-45, ,
1, ,-46, ,
-1, ,-46, ,
-5, ,-45, ,
-2, ,-46, ,
1, ,-45, ,
-2, ,-45, ,
-2, ,-46, ,
3, ,-45, ,
-1, ,-45, ,
0, ,-46, ,
-2, ,-46, ,
-1, ,-45, ,
1, ,-46, ,
0, ,-46, ,
-2, ,-45, ,
1, ,-46, ,
1, ,-45, ,
3, ,-45, ,
-4, ,-46, ,
1, ,-46, ,
1, ,-45, ,
1, ,-46, ,
3, ,-46, ,
4, ,-45, ,
5, ,-46, ,
8, ,-46, ,
3, ,-46, ,
4, ,-46, ,
6, ,-46, ,
3, ,-45, ,
1, ,-46, ,
3, ,-45, ,
4, ,-45, ,
4, ,-46, ,
4, ,-46, ,
4, ,-46, ,
4, ,-46, ,
4, ,-46, ,
5, ,-45, ,
8, ,-46, ,
-1, ,-46, ,
5, ,-45, ,
1, ,-46, ,
3, ,-46, ,
8, ,-45, ,
4, ,-46, ,
3, ,-46, ,
6, ,-45, ,
5, ,-46, ,
8, ,-46, ,
3, ,-45, ,
6, ,-46, ,
6, ,-46, ,
3, ,-45, ,
4, ,-46, ,
6, ,-45, ,
4, ,-45, ,
5, ,-46, ,
4, ,-45, ,
4, ,-45, ,
6, ,-46, ,
4, ,-46, ,
3, ,-45, ,
6, ,-46, ,
8, ,-45, ,
5, ,-45, ,
0, ,-46, ,
6, ,-46, ,
5, ,-45, ,
1, ,-46, ,
1, ,-46, ,
4, ,-45, ,
5, ,-46, ,
5, ,-45, ,
4, ,-46, ,
6, ,-46, ,
8, ,-46, ,
5, ,-45, ,
1, ,-46, ,
6, ,-45, ,
3, ,-45, ,
4, ,-45, ,
4, ,-46, ,
4, ,-45, ,
6, ,-46, ,
5, ,-46, ,
1, ,-45, ,
3, ,-46, ,
3, ,-45, ,
3, ,-45, ,
0, ,-46, ,
4, ,-46, ,
5, ,-45, ,
3, ,-46, ,
3, ,-45, ,
3, ,-45, ,
3, ,-46, ,
5, ,-45, ,
-1, ,-46, ,
3, ,-46, ,
6, ,-45, ,
1, ,-46, ,
1, ,-46, ,
5, ,-45, ,
1, ,-45, ,
1, ,-46, ,
0, ,-46, ,
1, ,-45, ,
5, ,-46, ,
5, ,-46, ,
3, ,-46, ,
4, ,-46, ,
5, ,-46, ,
1, ,-45, ,
-1, ,-46, ,
4, ,-46, ,
4, ,-45, ,
1, ,-46, ,
1, ,-46, ,
3, ,-45, ,
5, ,-45, ,
5, ,-45, ,
0, ,-45, ,
4, ,-45, ,
6, ,-46, ,
3, ,-45, ,
-2, ,-46, ,
5, ,-45, ,
4, ,-45, ,
4, ,-46, ,
3, ,-45, ,
3, ,-45, ,
4, ,-46, ,
0, ,-46, ,
-2, ,-45, ,
3, ,-46, ,
3, ,-46, ,
4, ,-45, ,
0, ,-46, ,
4, ,-45, ,
1, ,-45, ,
-1, ,-46, ,
-2, ,-46, ,
-1, ,-45, ,
-5, ,-46, ,
-2, ,-46, ,
-4, ,-46, ,
3, ,-46, ,
4, ,-46, ,
0, ,-45, ,
-1, ,-46, ,
-1, ,-46, ,
-1, ,-45, ,
-1, ,-46, ,
-4, ,-46, ,
-2, ,-45, ,
-4, ,-46, ,
-4, ,-46, ,
-9, ,-45, ,
-5, ,-46, ,
0, ,-46, ,
3, ,-45, ,
0, ,-46, ,
1, ,-46, ,
1, ,-45, ,
0, ,-46, ,
0, ,-46, ,
3, ,-45, ,
1, ,-46, ,
-2, ,-46, ,
-5, ,-46, ,
-2, ,-46, ,
-2, ,-46, ,
-4, ,-45, ,
-4, ,-46, ,
1, ,-45, ,
-1, ,-45, ,
1, ,-45, ,
-2, ,-46, ,
0, ,-45, ,
1, ,-46, ,
1, ,-46, ,
-2, ,-46, ,
1, ,-46, ,
0, ,-45, ,
-1, ,-45, ,
-1, ,-47, ,
3, ,-46, ,
1, ,-45, ,
0, ,-46, ,
0, ,-46, ,
-2, ,-45, ,
-7, ,-43, ,
1, ,-36, ,
0, ,-25, ,
4, ,-15, ,
9, ,-6, ,
4, ,1, ,
0, ,7, ,
4, ,13, ,
3, ,18, ,
5, ,22, ,
8, ,25, ,
8, ,27, ,
6, ,31, ,
3, ,33, ,
-6, ,35, ,
-1, ,37, ,
-1, ,38, ,
-2, ,39, ,
0, ,41, ,
3, ,42, ,
3, ,42, ,
8, ,43, ,
4, ,43, ,
-1, ,43, ,
-2, ,45, ,
0, ,45, ,
-7, ,45, ,
-4, ,45, ,
0, ,45, ,
-1, ,45, ,
-4, ,46, ,
-1, ,46, ,
0, ,46, ,
1, ,47, ,
-2, ,46, ,
0, ,45, ,
0, ,47, ,
-1, ,46, ,
-4, ,46, ,
-1, ,47, ,
1, ,47, ,
0, ,46, ,
-6, ,47, ,
-1, ,47, ,
-1, ,46, ,
0, ,47, ,
-2, ,47, ,
0, ,46, ,
0, ,47, ,
0, ,47, ,
-4, ,47, ,
-4, ,47, ,
-1, ,46, ,
-1, ,46, ,
-9, ,47, ,
-1, ,47, ,
-2, ,46, ,
-1, ,47, ,
-2, ,46, ,
-4, ,46, ,
0, ,47, ,
1, ,47, ,
-4, ,47, ,
-2, ,46, ,
-2, ,47, ,
-2, ,46, ,
-4, ,47, ,
-1, ,47, ,
0, ,46, ,
-1, ,47, ,
4, ,46, ,
0, ,45, ,
-4, ,47, ,
1, ,46, ,
-2, ,47, ,
-2, ,46, ,
3, ,47, ,
4, ,45, ,
1, ,47, ,
1, ,46, ,
1, ,46, ,
1, ,47, ,
-1, ,46, ,
-1, ,45, ,
4, ,47, ,
3, ,46, ,
-1, ,46, ,
1, ,46, ,
1, ,46, ,
-1, ,45, ,
-1, ,47, ,
0, ,46, ,
1, ,46, ,
3, ,47, ,
0, ,47, ,
3, ,46, ,
3, ,46, ,
4, ,46, ,
-1, ,46, ,
0, ,46, ,
5, ,46, ,
0, ,45, ,
-4, ,47, ,
3, ,46, ,
-2, ,46, ,
3, ,47, ,
0, ,46, ,
3, ,45, ,
5, ,46, ,
4, ,46, ,
0, ,46, ,
1, ,46, ,
3, ,46, ,
3, ,45, ,
-1, ,47, ,
3, ,46, ,
1, ,46, ,
3, ,47, ,
0, ,46, ,
1, ,45, ,
1, ,46, ,
1, ,46, ,
1, ,46, ,
3, ,46, ,
5, ,47, ,
3, ,45, ,
0, ,47, ,
4, ,46, ,
1, ,46, ,
3, ,46, ,
1, ,46, ,
1, ,45, ,
5, ,47, ,
3, ,46, ,
0, ,46, ,
5, ,46, ,
6, ,46, ,
4, ,46, ,
3, ,47, ,
5, ,46, ,
4, ,46, ,
1, ,47, ,
4, ,46, ,
5, ,45, ,
5, ,47, ,
5, ,46, ,
-1, ,46, ,
5, ,46, ,
8, ,46, ,
3, ,46, ,
1, ,47, ,
6, ,46, ,
4, ,46, ,
4, ,46, ,
3, ,46, ,
4, ,45, ,
5, ,46, ,
5, ,46, ,
1, ,46, ,
4, ,46, ,
5, ,46, ,
5, ,46, ,
3, ,46, ,
5, ,46, ,
5, ,46, ,
4, ,47, ,
1, ,46, ,
4, ,45, ,
3, ,47, ,
5, ,46, ,
3, ,46, ,
6, ,46, ,
8, ,46, ,
5, ,46, ,
1, ,47, ,
4, ,46, ,
-1, ,46, ,
1, ,46, ,
0, ,46, ,
3, ,45, ,
6, ,47, ,
6, ,46, ,
3, ,46, ,
5, ,46, ,
3, ,46, ,
4, ,46, ,
-2, ,47, ,
4, ,46, ,
4, ,46, ,
4, ,46, ,
5, ,46, ,
3, ,45, ,
3, ,46, ,
6, ,46, ,
0, ,46, ,
3, ,46, ,
4, ,46, ,
4, ,45, ,
0, ,46, ,
4, ,46, ,
3, ,46, ,
3, ,46, ,
0, ,46, ,
0, ,45, ,
-1, ,47, ,
0, ,46, ,
-1, ,46, ,
1, ,46, ,
3, ,46, ,
3, ,46, ,
-1, ,47, ,
3, ,46, ,
1, ,46, ,
1, ,46, ,
-1, ,46, ,
0, ,45, ,
1, ,46, ,
4, ,45, ,
0, ,46, ,
3, ,46, ,
5, ,46, ,
3, ,45, ,
-2, ,46, ,
3, ,46, ,
1, ,46, ,
3, ,46, ,
-1, ,46, ,
3, ,45, ,
3, ,46, ,
3, ,46, ,
0, ,46, ,
0, ,46, ,
3, ,46, ,
6, ,45, ,
0, ,46, ,
6, ,46, ,
4, ,46, ,
3, ,46, ,
1, ,46, ,
-1, ,45, ,
0, ,47, ,
3, ,46, ,
0, ,46, ,
4, ,46, ,
5, ,46, ,
6, ,45, ,
1, ,47, ,
6, ,46, ,
4, ,46, ,
4, ,46, ,
0, ,46, ,
1, ,45, ,
4, ,46, ,
3, ,46, ,
-1, ,46, ,
1, ,46, ,
0, ,46, ,
1, ,45, ,
-1, ,47, ,
1, ,46, ,
3, ,46, ,
0, ,46, ,
0, ,46, ,
0, ,45, ,
-1, ,46, ,
3, ,46, ,
-5, ,46, ,
-1, ,46, ,
1, ,46, ,
-2, ,45, ,
-4, ,47, ,
3, ,46, ,
0, ,46, ,
3, ,46, ,
-1, ,46, ,
1, ,45, ,
0, ,46, ,
0, ,46, ,
-5, ,46, ,
-2, ,46, ,
-1, ,46, ,
-1, ,46, ,
-2, ,47, ,
1, ,46, ,
3, ,46, ,
1, ,46, ,
-1, ,46, ,
0, ,45, ,
0, ,47, ,
-1, ,46, ,
-4, ,46, ,
-2, ,46, ,
1, ,46, ,
0, ,45, ,
-4, ,47, ,
3, ,46, ,
0, ,46, ,
1, ,47, ,
-6, ,46, ,
0, ,45, ,
6, ,46, ,
-2, ,46, ,
-2, ,46, ,
1, ,46, ,
-2, ,46, ,
-1, ,45, ,
-5, ,47, ,
-1, ,46, ,
0, ,46, ,
1, ,46, ,
1, ,46, ,
1, ,45, ,
1, ,46, ,
1, ,46, ,
-5, ,46, ,
-2, ,46, ,
1, ,46, ,
0, ,45, ,
-1, ,47, ,
4, ,46, ,
3, ,46, ,
3, ,46, ,
0, ,46, ,
0, ,45, ,
0, ,46, ,
0, ,46, ,
-4, ,46, ,
0, ,46, ,
0, ,46, ,
4, ,45, ,
0, ,46, ,
0, ,46, ,
5, ,46, ,
4, ,46, ,
1, ,46, ,
4, ,45, ,
0, ,46, ,
1, ,46, ,
-4, ,46, ,
-1, ,46, ,
3, ,46, ,
-2, ,45, ,
-2, ,47, ,
0, ,45, ,
-2, ,46, ,
0, ,46, ,
-2, ,46, ,
1, ,45, ,
3, ,46, ,
4, ,46, ,
0, ,46, ,
3, ,46, ,
1, ,46, ,
1, ,46, ,
-2, ,47, ,
-1, ,46, ,
0, ,46, ,
1, ,46, ,
0, ,46, ,
3, ,45, ,
1, ,46, ,
3, ,46, ,
-2, ,46, ,
-1, ,46, ,
3, ,46, ,
-1, ,45, ,
-2, ,46, ,
4, ,46, ,
1, ,46, ,
1, ,46, ,
-1, ,46, ,
-1, ,45, ,
0, ,46, ,
0, ,46, ,
-5, ,46, ,
3, ,46, ,
3, ,46, ,
4, ,45, ,
-1, ,47, ,
3, ,46, ,
4, ,46, ,
1, ,46, ,
-1, ,46, ,
1, ,45, ,
0, ,46, ,
8, ,46, ,
1, ,46, ,
6, ,46, ,
6, ,46, ,
1, ,45, ,
0, ,46, ,
3, ,46, ,
0, ,46, ,
1, ,46, ,
1, ,46, ,
4, ,45, ,
5, ,46, ,
4, ,46, ,
3, ,46, ,
3, ,46, ,
0, ,46, ,
1, ,45, ,
1, ,46, ,
3, ,46, ,
6, ,46, ,
4, ,46, ,
0, ,46, ,
3, ,45, ,
0, ,46, ,
0, ,46, ,
-1, ,46, ,
3, ,46, ,
5, ,46, ,
4, ,45, ,
-1, ,47, ,
4, ,46, ,
1, ,46, ,
1, ,47, ,
-2, ,46, ,
0, ,45, ,
3, ,46, ,
1, ,46, ,
0, ,46, ,
1, ,46, ,
3, ,46, ,
3, ,45, ,
-2, ,47, ,
1, ,46, ,
0, ,46, ,
-2, ,46, ,
-1, ,46, ,
0, ,45, ,
3, ,46, ,
5, ,46, ,
-1, ,46, ,
4, ,46, ,
4, ,46, ,
1, ,45, ,
-1, ,47, ,
0, ,46, ,
1, ,46, ,
1, ,46, ,
0, ,46, ,
1, ,45, ,
3, ,46, ,
3, ,46, ,
-2, ,46, ,
3, ,46, ,
1, ,46, ,
1, ,45, ,
-2, ,46, ,
3, ,46, ,
3, ,46, ,
1, ,46, ,
0, ,46, ,
3, ,45, ,
3, ,46, ,
4, ,46, ,
-1, ,46, ,
3, ,46, ,
5, ,46, ,
1, ,45, ,
-1, ,46, ,
4, ,46, ,
-1, ,46, ,
1, ,47, ,
-2, ,46, ,
3, ,45, ,
4, ,46, ,
4, ,46, ,
3, ,46, ,
5, ,46, ,
6, ,46, ,
4, ,45, ,
-1, ,46, ,
4, ,46, ,
-1, ,46, ,
1, ,46, ,
-4, ,46, ,
0, ,45, ,
5, ,46, ,
4, ,46, ,
0, ,46, ,
4, ,46, ,
4, ,46, ,
1, ,45, ,
0, ,46, ,
6, ,46, ,
3, ,46, ,
5, ,46, ,
4, ,46, ,
4, ,45, ,
4, ,46, ,
3, ,46, ,
0, ,46, ,
0, ,46, ,
0, ,46, ,
4, ,45, ,
1, ,47, ,
3, ,46, ,
-1, ,46, ,
-5, ,46, ,
-4, ,46, ,
1, ,45, ,
1, ,46, ,
5, ,46, ,
0, ,46, ,
3, ,46, ,
4, ,46, ,
-1, ,45, ,
-4, ,46, ,
0, ,45, ,
-1, ,46, ,
1, ,47, ,
-2, ,46, ,
-1, ,45, ,
-1, ,46, ,
-1, ,46, ,
-6, ,46, ,
-4, ,46, ,
-1, ,46, ,
1, ,45, ,
-4, ,46, ,
3, ,46, ,
1, ,46, ,
1, ,46, ,
0, ,46, ,
1, ,45, ,
3, ,46, ,
4, ,46, ,
-2, ,46, ,
1, ,46, ,
1, ,46, ,
0, ,46, ,
-2, ,46, ,
3, ,46, ,
-1, ,46, ,
-1, ,47, ,
-2, ,46, ,
-1, ,45, ,
3, ,46, ,
3, ,46, ,
-1, ,46, ,
1, ,46, ,
1, ,46, ,
4, ,45, ,
-2, ,47, ,
4, ,46, ,
3, ,46, ,
4, ,46, ,
4, ,46, ,
1, ,45, ,
1, ,46, ,
4, ,46, ,
-2, ,46, ,
0, ,46, ,
3, ,46, ,
3, ,45, ,
1, ,47, ,
4, ,46, ,
1, ,46, ,
1, ,47, ,
0, ,46, ,
1, ,45, ,
1, ,46, ,
0, ,46, ,
-4, ,46, ,
-2, ,46, ,
-1, ,46, ,
-2, ,45, ,
-2, ,47, ,
5, ,46, ,
4, ,46, ,
4, ,47, ,
4, ,46, ,
5, ,45, ,
3, ,46, ,
4, ,46, ,
-7, ,46, ,
-2, ,46, ,
-1, ,46, ,
-2, ,45, ,
-1, ,47, ,
3, ,46, ,
1, ,46, ,
5, ,46, ,
1, ,46, ,
0, ,45, ,
0, ,47, ,
1, ,46, ,
-2, ,46, ,
1, ,46, ,
1, ,46, ,
1, ,45, ,
-5, ,46, ,
1, ,46, ,
1, ,46, ,
0, ,46, ,
0, ,46, ,
1, ,45, ,
1, ,46, ,
6, ,46, ,
3, ,46, ,
3, ,46, ,
5, ,46, ,
3, ,45, ,
-1, ,47, ,
4, ,45, ,
4, ,46, ,
4, ,47, ,
3, ,46, ,
3, ,45, ,
3, ,46, ,
3, ,46, ,
-4, ,46, ,
-1, ,46, ,
0, ,46, ,
0, ,46, ,
-1, ,47, ,
4, ,46, ,
3, ,46, ,
1, ,46, ,
1, ,46, ,
5, ,45, ,
1, ,46, ,
4, ,46, ,
0, ,46, ,
1, ,46, ,
4, ,46, ,
0, ,46, ,
4, ,47, ,
6, ,46, ,
3, ,46, ,
4, ,46, ,
1, ,46, ,
3, ,45, ,
5, ,46, ,
4, ,46, ,
1, ,46, ,
3, ,46, ,
4, ,46, ,
4, ,45, ,
-1, ,47, ,
5, ,46, ,
3, ,46, ,
4, ,46, ,
0, ,46, ,
4, ,45, ,
3, ,46, ,
4, ,46, ,
0, ,46, ,
3, ,46, ,
4, ,46, ,
0, ,45, ,
0, ,47, ,
1, ,46, ,
0, ,46, ,
3, ,46, ,
-1, ,46, ,
4, ,45, ,
5, ,47, ,
3, ,46, ,
1, ,46, ,
1, ,46, ,
1, ,46, ,
4, ,46, ,
-1, ,47, ,
5, ,46, ,
4, ,46, ,
0, ,46, ,
-2, ,46, ,
0, ,45, ,
-2, ,47, ,
4, ,46, ,
-1, ,46, ,
3, ,46, ,
6, ,46, ,
3, ,46, ,
1, ,47, ,
0, ,46, ,
-1, ,46, ,
1, ,46, ,
-1, ,46, ,
0, ,45, ,
3, ,46, ,
4, ,46, ,
1, ,46, ,
4, ,46, ,
3, ,46, ,
1, ,45, ,
-1, ,46, ,
4, ,46, ,
4, ,46, ,
3, ,47, ,
3, ,46, ,
6, ,45, ,
4, ,46, ,
5, ,46, ,
0, ,46, ,
1, ,46, ,
4, ,46, ,
0, ,45, ,
-1, ,47, ,
4, ,46, ,
-1, ,46, ,
3, ,46, ,
0, ,46, ,
1, ,45, ,
3, ,46, ,
5, ,46, ,
1, ,46, ,
3, ,46, ,
5, ,46, ,
5, ,46, ,
0, ,46, ,
3, ,46, ,
1, ,46, ,
1, ,46, ,
-1, ,46, ,
0, ,45, ,
1, ,46, ,
5, ,46, ,
0, ,46, ,
4, ,46, ,
4, ,46, ,
1, ,46, ,
-4, ,46, ,
-2, ,46, ,
-1, ,46, ,
-1, ,46, ,
-4, ,46, ,
0, ,45, ,
1, ,46, ,
3, ,46, ,
-2, ,46, ,
1, ,46, ,
0, ,46, ,
-1, ,46, ,
-2, ,46, ,
-1, ,46, ,
0, ,46, ,
-1, ,46, ,
0, ,46, ,
0, ,45, ,
1, ,46, ,
5, ,43, ,
-5, ,35, ,
-2, ,24, ,
-2, ,14, ,
-6, ,6, ,
-6, ,-1, ,
-4, ,-7, ,
-4, ,-13, ,
-10, ,-17, ,
-7, ,-21, ,
-4, ,-25, ,
-9, ,-28, ,
-1, ,-31, ,
-5, ,-33, ,
-1, ,-35, ,
1, ,-37, ,
-1, ,-38, ,
-6, ,-40, ,
-2, ,-40, ,
-2, ,-41, ,
-2, ,-42, ,
-5, ,-42, ,
-1, ,-43, ,
-1, ,-44, ,
1, ,-44, ,
-1, ,-44, ,
1, ,-45, ,
1, ,-45, ,
0, ,-45, ,
-6, ,-46, ,
-1, ,-45, ,
-1, ,-45, ,
0, ,-46, ,
-5, ,-46, ,
-1, ,-45, ,
1, ,-46, ,
1, ,-46, ,
-2, ,-46, ,
1, ,-46, ,
1, ,-46, ,
-1, ,-46, ,
-6, ,-47, ,
3, ,-46, ,
0, ,-46, ,
0, ,-46, ,
-1, ,-46, ,
0, ,-46, ,
-1, ,-46, ,
1, ,-46, ,
-2, ,-46, ,
1, ,-46, ,
4, ,-46, ,
3, ,-46, ,
1, ,-46, ,
3, ,-46, ,
0, ,-46, ,
-1, ,-46, ,
-2, ,-46, ,
0, ,-45, ,
0, ,-47, ,
-1, ,-46, ,
-6, ,-46, ,
-1, ,-46, ,
0, ,-46, ,
-1, ,-45, ,
-4, ,-47, ,
5, ,-46, ,
1, ,-45, ,
0, ,-46, ,
0, ,-46, ,
0, ,-45, ,
-4, ,-46, ,
1, ,-46, ,
-2, ,-46, ,
-2, ,-46, ,
-1, ,-46, ,
-2, ,-46, ,
-2, ,-46, ,
0, ,-46, ,
-4, ,-45, ,
1, ,-46, ,
-1, ,-46, ,
-1, ,-45, ,
1, ,-46, ,
-1, ,-46, ,
-5, ,-46, ,
-1, ,-46, ,
-1, ,-46, ,
-1, ,-46, ,
-2, ,-46, ,
3, ,-46, ,
3, ,-45, ,
0, ,-46, ,
0, ,-46, ,
-1, ,-45, ,
-4, ,-46, ,
-1, ,-46, ,
-5, ,-45, ,
-1, ,-46, ,
1, ,-46, ,
0, ,-45, ,
-2, ,-46, ,
5, ,-46, ,
3, ,-45, ,
1, ,-46, ,
1, ,-46, ,
1, ,-45, ,
1, ,-46, ,
3, ,-46, ,
-2, ,-46, ,
1, ,-46, ,
3, ,-46, ,
0, ,-45, ,
-1, ,-46, ,
4, ,-46, ,
3, ,-45, ,
1, ,-46, ,
3, ,-46, ,
3, ,-45, ,
1, ,-46, ,
1, ,-46, ,
-2, ,-46, ,
-1, ,-46, ,
0, ,-46, ,
-2, ,-45, ,
-1, ,-46, ,
3, ,-46, ,
1, ,-45, ,
3, ,-46, ,
-1, ,-46, ,
1, ,-45, ,
3, ,-46, ,
0, ,-46, ,
-2, ,-45, ,
0, ,-46, ,
1, ,-46, ,
1, ,-45, ,
0, ,-46, ,
4, ,-46, ,
3, ,-45, ,
1, ,-46, ,
0, ,-46, ,
0, ,-45, ,
1, ,-46, ,
1, ,-46, ,
-2, ,-46, ,
0, ,-46, ,
4, ,-46, ,
-1, ,-45, ,
-5, ,-46, ,
0, ,-46, ,
3, ,-45, ,
3, ,-46, ,
1, ,-46, ,
0, ,-45, ,
5, ,-46, ,
3, ,-46, ,
1, ,-46, ,
3, ,-46, ,
0, ,-46, ,
1, ,-45, ,
-2, ,-46, ,
0, ,-46, ,
1, ,-45, ,
3, ,-46, ,
3, ,-46, ,
1, ,-45, ,
4, ,-46, ,
5, ,-46, ,
0, ,-46, ,
4, ,-45, ,
5, ,-45, ,
3, ,-45, ,
0, ,-46, ,
9, ,-46, ,
3, ,-45, ,
1, ,-45, ,
-2, ,-46, ,
0, ,-45, ,
4, ,-46, ,
0, ,-45, ,
1, ,-45, ,
5, ,-46, ,
4, ,-45, ,
4, ,-45, ,
3, ,-46, ,
6, ,-46, ,
5, ,-45, ,
4, ,-46, ,
3, ,-46, ,
4, ,-45, ,
3, ,-46, ,
5, ,-46, ,
1, ,-45, ,
6, ,-46, ,
8, ,-46, ,
3, ,-45, ,
3, ,-46, ,
4, ,-46, ,
0, ,-45, ,
3, ,-46, ,
1, ,-46, ,
4, ,-45, ,
9, ,-46, ,
4, ,-46, ,
3, ,-46, ,
5, ,-45, ,
5, ,-45, ,
1, ,-45, ,
1, ,-46, ,
6, ,-46, ,
5, ,-45, ,
1, ,-46, ,
1, ,-46, ,
1, ,-45, ,
4, ,-46, ,
4, ,-45, ,
1, ,-45, ,
4, ,-45, ,
8, ,-46, ,
6, ,-45, ,
1, ,-46, ,
8, ,-45, ,
1, ,-45, ,
1, ,-46, ,
1, ,-46, ,
1, ,-45, ,
3, ,-46, ,
4, ,-46, ,
0, ,-46, ,
6, ,-46, ,
4, ,-45, ,
1, ,-45, ,
-5, ,-46, ,
0, ,-46, ,
3, ,-45, ,
-1, ,-45, ,
0, ,-46, ,
4, ,-45, ,
3, ,-46, ,
5, ,-46, ,
-1, ,-45, ,
1, ,-46, ,
3, ,-46, ,
-1, ,-45, ,
-4, ,-46, ,
0, ,-45, ,
1, ,-45, ,
3, ,-46, ,
1, ,-46, ,
3, ,-45, ,
3, ,-46, ,
5, ,-45, ,
1, ,-45, ,
3, ,-46, ,
4, ,-45, ,
3, ,-45, ,
3, ,-46, ,
4, ,-46, ,
0, ,-45, ,
-2, ,-45, ,
1, ,-46, ,
3, ,-45, ,
4, ,-46, ,
5, ,-46, ,
3, ,-46, ,
4, ,-45, ,
5, ,-45, ,
3, ,-45, ,
-1, ,-46, ,
4, ,-45, ,
-2, ,-45, ,
-2, ,-46, ,
-4, ,-46, ,
1, ,-45, ,
8, ,-46, ,
8, ,-46, ,
9, ,-46, ,
9, ,-45, ,
5, ,-46, ,
3, ,-45, ,
1, ,-46, ,
4, ,-45, ,
0, ,-45, ,
-4, ,-46, ,
-1, ,-46, ,
0, ,-45, ,
1, ,-46, ,
3, ,-46, ,
0, ,-45, ,
4, ,-46, ,
3, ,-46, ,
0, ,-45, ,
1, ,-46, ,
3, ,-45, ,
3, ,-45, ,
3, ,-45, ,
-1, ,-46, ,
1, ,-45, ,
0, ,-46, ,
-1, ,-46, ,
-4, ,-45, ,
3, ,-45, ,
8, ,-45, ,
4, ,-45, ,
0, ,-46, ,
-1, ,-45, ,
-5, ,-45, ,
-11, ,-46, ,
-15, ,-46, ,
-17, ,-45, ,
-17, ,-46, ,
-12, ,-46, ,
-15, ,-45, ,
-9, ,-46, ,
-1, ,-45, ,
-2, ,-45, ,
0, ,-46, ,
9, ,-45, ,
10, ,-45, ,
11, ,-45, ,
9, ,-46, ,
9, ,-45, ,
8, ,-46, ,
4, ,-45, ,
1, ,-45, ,
1, ,-46, ,
0, ,-45, ,
3, ,-45, ,
-4, ,-46, ,
1, ,-46, ,
0, ,-45, ,
-1, ,-45, ,
-1, ,-46, ,
0, ,-45, ,
1, ,-46, ,
-1, ,-45, ,
-5, ,-45, ,
-4, ,-46, ,
-1, ,-45, ,
-4, ,-46, ,
-4, ,-46, ,
3, ,-46, ,
1, ,-45, ,
0, ,-46, ,
-1, ,-46, ,
-4, ,-45, ,
0, ,-46, ,
-4, ,-45, ,
-9, ,-46, ,
0, ,-46, ,
-2, ,-46, ,
-1, ,-45, ,
-4, ,-46, ,
-1, ,-46, ,
1, ,-45, ,
-2, ,-46, ,
-4, ,-46, ,
0, ,-45, ,
-1, ,-46, ,
0, ,-46, ,
-6, ,-45, ,
0, ,-45, ,
0, ,-45, ,
-2, ,-45, ,
-4, ,-46, ,
0, ,-45, ,
1, ,-45, ,
0, ,-45, ,
-4, ,-46, ,
-1, ,-45, ,
-1, ,-46, ,
-4, ,-46, ,
-2, ,-45, ,
-1, ,-46, ,
3, ,-45, ,
0, ,-45, ,
-1, ,-46, ,
0, ,-46, ,
1, ,-45, ,
-1, ,-46, ,
-2, ,-45, ,
-1, ,-45, ,
-1, ,-46, ,
-4, ,-46, ,
-7, ,-45, ,
-1, ,-46, ,
3, ,-45, ,
0, ,-45, ,
-2, ,-46, ,
1, ,-45, ,
1, ,-45, ,
1, ,-46, ,
1, ,-46, ,
-1, ,-45, ,
3, ,-46, ,
1, ,-46, ,
-2, ,-45, ,
1, ,-46, ,
0, ,-46, ,
-1, ,-45, ,
-4, ,-46, ,
1, ,-46, ,
1, ,-45, ,
-1, ,-45, ,
-1, ,-46, ,
1, ,-45, ,
-1, ,-46, ,
3, ,-46, ,
0, ,-45, ,
4, ,-46, ,
6, ,-45, ,
0, ,-45, ,
-1, ,-46, ,
4, ,-45, ,
3, ,-45, ,
4, ,-46, ,
3, ,-46, ,
4, ,-45, ,
3, ,-46, ,
3, ,-46, ,
-4, ,-46, ,
0, ,-46, ,
0, ,-46, ,
-1, ,-45, ,
-1, ,-46, ,
6, ,-46, ,
4, ,-45, ,
3, ,-45, ,
5, ,-46, ,
1, ,-45, ,
1, ,-46, ,
4, ,-46, ,
-2, ,-46, ,
3, ,-45, ,
6, ,-45, ,
0, ,-45, ,
-5, ,-46, ,
3, ,-45, ,
0, ,-45, ,
3, ,-46, ,
1, ,-46, ,
4, ,-45, ,
9, ,-46, ,
5, ,-46, ,
3, ,-46, ,
3, ,-45, ,
3, ,-46, ,
0, ,-45, ,
-2, ,-46, ,
3, ,-45, ,
4, ,-45, ,
3, ,-46, ,
0, ,-45, ,
3, ,-45, ,
3, ,-46, ,
4, ,-46, ,
-2, ,-46, ,
1, ,-45, ,
4, ,-45, ,
0, ,-45, ,
-1, ,-46, ,
1, ,-46, ,
0, ,-45, ,
6, ,-45, ,
-2, ,-46, ,
-1, ,-45, ,
4, ,-46, ,
3, ,-46, ,
-1, ,-46, ,
4, ,-46, ,
4, ,-45, ,
4, ,-45, ,
0, ,-46, ,
3, ,-46, ,
4, ,-45, ,
3, ,-46, ,
0, ,-46, ,
3, ,-45, ,
1, ,-46, ,
6, ,-46, ,
0, ,-45, ,
4, ,-46, ,
6, ,-45, ,
1, ,-45, ,
0, ,-46, ,
5, ,-45, ,
1, ,-45, ,
3, ,-46, ,
1, ,-46, ,
4, ,-45, ,
6, ,-46, ,
6, ,-46, ,
3, ,-45, ,
5, ,-46, ,
3, ,-46, ,
1, ,-45, ,
-1, ,-46, ,
1, ,-46, ,
4, ,-45, ,
5, ,-46, ,
3, ,-46, ,
4, ,-45, ,
5, ,-46, ,
5, ,-45, ,
0, ,-46, ,
0, ,-45, ,
8, ,-45, ,
3, ,-45, ,
-1, ,-46, ,
4, ,-45, ,
5, ,-45, ,
6, ,-46, ,
4, ,-46, ,
8, ,-45, ,
10, ,-46, ,
6, ,-46, ,
9, ,-45, ,
9, ,-46, ,
9, ,-45, ,
10, ,-45, ,
3, ,-46, ,
8, ,-46, ,
4, ,-45, ,
-1, ,-46, ,
0, ,-46, ,
3, ,-45, ,
5, ,-46, ,
8, ,-45, ,
4, ,-45, ,
5, ,-46, ,
8, ,-46, ,
4, ,-45, ,
0, ,-46, ,
3, ,-45, ,
5, ,-45, ,
4, ,-46, ,
3, ,-46, ,
0, ,-45, ,
3, ,-46, ,
3, ,-45, ,
1, ,-46, ,
3, ,-45, ,
3, ,-46, ,
4, ,-45, ,
3, ,-46, ,
5, ,-46, ,
8, ,-45, ,
5, ,-46, ,
5, ,-46, ,
4, ,-45, ,
3, ,-46, ,
5, ,-46, ,
-1, ,-46, ,
4, ,-46, ,
5, ,-45, ,
4, ,-45, ,
4, ,-46, ,
4, ,-45, ,
0, ,-45, ,
3, ,-46, ,
3, ,-46, ,
4, ,-45, ,
6, ,-46, ,
3, ,-46, ,
3, ,-45, ,
5, ,-46, ,
4, ,-45, ,
1, ,-45, ,
-2, ,-46, ,
4, ,-45, ,
1, ,-45, ,
0, ,-46, ,
-1, ,-46, ,
0, ,-45, ,
1, ,-46, ,
3, ,-46, ,
0, ,-45, ,
3, ,-45, ,
3, ,-45, ,
-1, ,-45, ,
-5, ,-46, ,
3, ,-45, ,
-1, ,-45, ,
-2, ,-46, ,
-1, ,-46, ,
-1, ,-45, ,
1, ,-46, ,
0, ,-46, ,
-1, ,-46, ,
3, ,-46, ,
-1, ,-46, ,
-2, ,-45, ,
-4, ,-46, ,
-1, ,-46, ,
3, ,-45, ,
-2, ,-46, ,
-2, ,-46, ,
-2, ,-45, ,
-5, ,-46, ,
-4, ,-46, ,
-9, ,-46, ,
-5, ,-46, ,
-1, ,-46, ,
-2, ,-45, ,
-2, ,-46, ,
-2, ,-46, ,
-2, ,-45, ,
-2, ,-46, ,
-5, ,-46, ,
-4, ,-45, ,
-4, ,-46, ,
-2, ,-46, ,
-6, ,-46, ,
-5, ,-46, ,
-2, ,-46, ,
-4, ,-45, ,
-6, ,-46, ,
-1, ,-46, ,
-2, ,-45, ,
-4, ,-46, ,
-4, ,-45, ,
-2, ,-45, ,
-4, ,-46, ,
-5, ,-46, ,
-9, ,-45, ,
-6, ,-46, ,
-2, ,-45, ,
-4, ,-45, ,
-4, ,-46, ,
1, ,-45, ,
-2, ,-45, ,
1, ,-45, ,
-2, ,-46, ,
-5, ,-45, ,
-4, ,-46, ,
-4, ,-46, ,
-6, ,-45, ,
-2, ,-46, ,
-5, ,-45, ,
-2, ,-45, ,
-4, ,-46, ,
0, ,-46, ,
-1, ,-45, ,
-5, ,-46, ,
-5, ,-46, ,
-6, ,-45, ,
-7, ,-46, ,
-1, ,-46, ,
-6, ,-46, ,
-2, ,-46, ,
0, ,-46, ,
0, ,-45, ,
-4, ,-46, ,
-1, ,-46, ,
-2, ,-45, ,
-2, ,-45, ,
-2, ,-46, ,
0, ,-45, ,
0, ,-46, ,
0, ,-46, ,
-5, ,-45, ,
-1, ,-46, ,
-2, ,-45, ,
-2, ,-45, ,
-1, ,-46, ,
5, ,-46, ,
5, ,-45, ,
4, ,-46, ,
0, ,-46, ,
1, ,-45, ,
-1, ,-46, ,
1, ,-46, ,
-6, ,-46, ,
-2, ,-46, ,
0, ,-45, ,
-5, ,-45, ,
-6, ,-46, ,
1, ,-46, ,
-1, ,-46, ,
-1, ,-46, ,
-2, ,-46, ,
0, ,-45, ,
1, ,-46, ,
-1, ,-46, ,
-5, ,-46, ,
-1, ,-46, ,
-1, ,-45, ,
1, ,-45, ,
-4, ,-46, ,
0, ,-45, ,
0, ,-45, ,
-1, ,-46, ,
0, ,-46, ,
-1, ,-45, ,
1, ,-46, ,
4, ,-46, ,
-2, ,-45, ,
4, ,-46, ,
4, ,-46, ,
0, ,-45, ,
-4, ,-46, ,
3, ,-46, ,
0, ,-45, ,
3, ,-46, ,
4, ,-46, ,
1, ,-45, ,
5, ,-46, ,
6, ,-46, ,
-1, ,-45, ,
4, ,-46, ,
3, ,-46, ,
0, ,-45, ,
0, ,-46, ,
3, ,-46, ,
4, ,-45, ,
4, ,-46, ,
4, ,-46, ,
3, ,-45, ,
3, ,-46, ,
4, ,-46, ,
-2, ,-45, ,
3, ,-46, ,
6, ,-45, ,
5, ,-45, ,
4, ,-46, ,
9, ,-46, ,
6, ,-45, ,
6, ,-46, ,
1, ,-46, ,
3, ,-45, ,
4, ,-46, ,
4, ,-45, ,
4, ,-45, ,
5, ,-46, ,
6, ,-45, ,
6, ,-45, ,
4, ,-46, ,
5, ,-46, ,
3, ,-45, ,
3, ,-46, ,
4, ,-46, ,
6, ,-45, ,
6, ,-46, ,
4, ,-45, ,
1, ,-40, ,
9, ,-32, ,
10, ,-21, ,
9, ,-13, ,
8, ,-4, ,
9, ,3, ,
8, ,9, ,
6, ,15, ,
8, ,19, ,
10, ,23, ,
13, ,26, ,
13, ,30, ,
5, ,32, ,
6, ,34, ,
5, ,36, ,
5, ,37, ,
1, ,39, ,
6, ,40, ,
6, ,41, ,
4, ,42, ,
6, ,43, ,
6, ,42, ,
6, ,44, ,
9, ,44, ,
1, ,44, ,
6, ,45, ,
6, ,45, ,
8, ,45, ,
3, ,46, ,
6, ,45, ,
5, ,46, ,
4, ,47, ,
1, ,46, ,
3, ,45, ,
3, ,47, ,
5, ,46, ,
1, ,46, ,
6, ,47, ,
5, ,47, ,
5, ,46, ,
-1, ,47, ,
1, ,46, ,
5, ,47, ,
3, ,47, ,
3, ,47, ,
4, ,46, ,
4, ,47, ,
6, ,47, ,
-2, ,46, ,
3, ,47, ,
5, ,47, ,
4, ,46, ,
-1, ,47, ,
6, ,46, ,
3, ,47, ,
8, ,47, ,
4, ,47, ,
1, ,46, ,
4, ,47, ,
5, ,47, ,
3, ,46, ,
4, ,47, ,
3, ,46, ,
1, ,46, ,
-1, ,47, ,
6, ,46, ,
4, ,46, ,
5, ,46, ,
1, ,47, ,
1, ,45, ,
0, ,47, ,
6, ,47, ,
0, ,46, ,
4, ,47, ,
6, ,46, ,
4, ,45, ,
0, ,47, ,
3, ,46, ,
-2, ,46, ,
-2, ,47, ,
-4, ,46, ,
-2, ,45, ,
1, ,47, ,
5, ,46, ,
0, ,46, ,
1, ,46, ,
3, ,46, ,
0, ,46, ,
-2, ,47, ,
1, ,46, ,
5, ,46, ,
1, ,47, ,
1, ,46, ,
0, ,45, ,
-2, ,46, ,
1, ,46, ,
-5, ,46, ,
-2, ,46, ,
0, ,46, ,
-2, ,46, ,
-2, ,47, ,
-2, ,46, ,
-5, ,46, ,
-2, ,46, ,
-4, ,46, ,
-4, ,45, ,
-2, ,47, ,
1, ,46, ,
-1, ,46, ,
0, ,46, ,
1, ,46, ,
1, ,46, ,
-4, ,47, ,
1, ,46, ,
-1, ,46, ,
-1, ,47, ,
-2, ,46, ,
-4, ,45, ,
-5, ,47, ,
-2, ,46, ,
-7, ,46, ,
-4, ,46, ,
0, ,46, ,
-1, ,45, ,
-2, ,47, ,
0, ,46, ,
-4, ,46, ,
-1, ,47, ,
-2, ,47, ,
-2, ,45, ,
-1, ,47, ,
-1, ,46, ,
-4, ,46, ,
-2, ,46, ,
0, ,46, ,
-1, ,45, ,
-4, ,47, ,
0, ,46, ,
-1, ,46, ,
-5, ,46, ,
-2, ,46, ,
-2, ,45, ,
0, ,46, ,
-1, ,46, ,
-4, ,46, ,
0, ,46, ,
4, ,46, ,
1, ,46, ,
0, ,47, ,
1, ,46, ,
-1, ,46, ,
-2, ,47, ,
-5, ,46, ,
-5, ,45, ,
-7, ,46, ,
-5, ,46, ,
-9, ,46, ,
-4, ,46, ,
-1, ,46, ,
-1, ,46, ,
-1, ,46, ,
-1, ,46, ,
-1, ,46, ,
-2, ,46, ,
-5, ,46, ,
-4, ,45, ,
-4, ,46, ,
1, ,46, ,
-5, ,46, ,
0, ,46, ,
0, ,46, ,
-6, ,46, ,
-2, ,47, ,
6, ,46, ,
-7, ,46, ,
-1, ,46, ,
1, ,46, ,
-2, ,46, ,
1, ,47, ,
0, ,46, ,
-6, ,46, ,
-4, ,46, ,
0, ,46, ,
0, ,45, ,
-1, ,47, ,
4, ,46, ,
1, ,46, ,
3, ,46, ,
-1, ,46, ,
-2, ,45, ,
-2, ,47, ,
-1, ,46, ,
-5, ,46, ,
-1, ,46, ,
0, ,46, ,
-1, ,46, ,
0, ,46, ,
3, ,46, ,
-1, ,46, ,
0, ,46, ,
0, ,46, ,
0, ,45, ,
3, ,47, ,
3, ,46, ,
-5, ,46, ,
4, ,46, ,
4, ,46, ,
1, ,46, ,
-2, ,46, ,
0, ,46, ,
5, ,46, ,
1, ,46, ,
0, ,46, ,
1, ,45, ,
1, ,46, ,
4, ,46, ,
-2, ,46, ,
3, ,46, ,
5, ,46, ,
3, ,45, ,
3, ,47, ,
5, ,46, ,
4, ,46, ,
5, ,46, ,
4, ,47, ,
5, ,45, ,
4, ,46, ,
4, ,46, ,
0, ,46, ,
3, ,46, ,
3, ,46, ,
3, ,46, ,
-1, ,47, ,
6, ,46, ,
5, ,46, ,
6, ,47, ,
4, ,46, ,
3, ,46, ,
1, ,47, ,
5, ,46, ,
-1, ,46, ,
3, ,46, ,
4, ,46, ,
4, ,45, ,
0, ,46, ,
5, ,46, ,
1, ,46, ,
4, ,46, ,
1, ,46, ,
4, ,45, ,
4, ,47, ,
8, ,46, ,
4, ,46, ,
4, ,46, ,
3, ,46, ,
1, ,45, ,
-2, ,46, ,
3, ,45, ,
0, ,46, ,
3, ,46, ,
4, ,46, ,
4, ,45, ,
3, ,46, ,
6, ,46, ,
1, ,46, ,
5, ,46, ,
5, ,46, ,
3, ,45, ,
1, ,46, ,
5, ,46, ,
4, ,46, ,
5, ,47, ,
4, ,46, ,
3, ,45, ,
5, ,46, ,
5, ,46, ,
3, ,46, ,
5, ,46, ,
8, ,46, ,
6, ,45, ,
5, ,46, ,
0, ,46, ,
5, ,46, ,
9, ,46, ,
3, ,46, ,
9, ,45, ,
9, ,46, ,
9, ,46, ,
4, ,46, ,
4, ,46, ,
6, ,46, ,
4, ,45, ,
3, ,47, ,
5, ,45, ,
4, ,46, ,
5, ,46, ,
5, ,46, ,
5, ,45, ,
9, ,46, ,
6, ,46, ,
4, ,46, ,
5, ,46, ,
6, ,46, ,
5, ,45, ,
0, ,46, ,
6, ,46, ,
4, ,46, ,
5, ,47, ,
4, ,46, ,
5, ,45, ,
5, ,46, ,
5, ,46, ,
-1, ,46, ,
3, ,46, ,
4, ,46, ,
3, ,45, ,
1, ,46, ,
4, ,46, ,
4, ,46, ,
3, ,46, ,
4, ,46, ,
3, ,45, ,
5, ,46, ,
4, ,46, ,
-1, ,46, ,
3, ,46, ,
4, ,46, ,
3, ,45, ,
0, ,46, ,
3, ,46, ,
4, ,46, ,
3, ,46, ,
0, ,46, ,
1, ,45, ,
0, ,46, ,
5, ,46, ,
1, ,46, ,
5, ,46, ,
4, ,46, ,
3, ,45, ,
-1, ,47, ,
1, ,46, ,
1, ,46, ,
3, ,46, ,
1, ,46, ,
1, ,45, ,
1, ,46, ,
3, ,46, ,
-2, ,46, ,
3, ,46, ,
0, ,46, ,
-1, ,45, ,
0, ,47, ,
0, ,46, ,
0, ,46, ,
0, ,46, ,
-1, ,46, ,
1, ,45, ,
0, ,46, ,
1, ,46, ,
-2, ,46, ,
-2, ,46, ,
3, ,46, ,
1, ,46, ,
-4, ,46, ,
3, ,46, ,
-1, ,46, ,
1, ,46, ,
0, ,46, ,
1, ,45, ,
3, ,46, ,
1, ,46, ,
-1, ,46, ,
1, ,46, ,
0, ,46, ,
-1, ,45, ,
-4, ,46, ,
-1, ,46, ,
-2, ,46, ,
-2, ,46, ,
-5, ,46, ,
1, ,45, ,
1, ,46, ,
4, ,46, ,
-2, ,46, ,
3, ,46, ,
4, ,46, ,
1, ,45, ,
0, ,47, ,
3, ,46, ,
-1, ,46, ,
-1, ,46, ,
-1, ,46, ,
-2, ,45, ,
-2, ,47, ,
-1, ,46, ,
-5, ,46, ,
-1, ,46, ,
-1, ,46, ,
-2, ,45, ,
-2, ,46, ,
0, ,46, ,
-1, ,46, ,
0, ,46, ,
-7, ,46, ,
-2, ,45, ,
-10, ,47, ,
-4, ,46, ,
-10, ,46, ,
-2, ,46, ,
1, ,46, ,
-4, ,46, ,
-4, ,47, ,
1, ,46, ,
-1, ,46, ,
-2, ,46, ,
-5, ,46, ,
-5, ,45, ,
0, ,46, ,
-2, ,46, ,
-2, ,46, ,
-1, ,46, ,
0, ,46, ,
1, ,46, ,
-4, ,46, ,
0, ,46, ,
0, ,46, ,
-1, ,46, ,
-1, ,46, ,
-2, ,45, ,
-2, ,46, ,
0, ,46, ,
-6, ,46, ,
-2, ,46, ,
0, ,46, ,
-1, ,46, ,
-5, ,47, ,
0, ,46, ,
0, ,46, ,
-1, ,46, ,
-4, ,46, ,
-2, ,45, ,
-1, ,47, ,
-1, ,46, ,
-5, ,46, ,
0, ,46, ,
0, ,46, ,
1, ,45, ,
0, ,47, ,
3, ,45, ,
1, ,46, ,
-1, ,46, ,
-6, ,46, ,
-2, ,45, ,
-6, ,46, ,
-1, ,46, ,
-5, ,46, ,
0, ,46, ,
3, ,46, ,
1, ,45, ,
-1, ,46, ,
3, ,46, ,
-1, ,46, ,
0, ,46, ,
-1, ,46, ,
-1, ,45, ,
-1, ,46, ,
-1, ,46, ,
-4, ,46, ,
-1, ,46, ,
0, ,46, ,
-1, ,46, ,
-2, ,46, ,
3, ,46, ,
3, ,46, ,
4, ,46, ,
0, ,46, ,
0, ,45, ,
-2, ,46, ,
-2, ,46, ,
-5, ,46, ,
-2, ,46, ,
0, ,46, ,
0, ,45, ,
-1, ,46, ,
3, ,46, ,
1, ,46, ,
4, ,47, ,
-1, ,46, ,
0, ,45, ,
3, ,47, ,
1, ,46, ,
-4, ,46, ,
3, ,46, ,
3, ,46, ,
3, ,45, ,
-2, ,47, ,
0, ,46, ,
1, ,46, ,
-1, ,46, ,
1, ,46, ,
1, ,45, ,
0, ,46, ,
4, ,46, ,
-2, ,46, ,
4, ,46, ,
4, ,46, ,
0, ,45, ,
-2, ,47, ,
3, ,46, ,
1, ,46, ,
1, ,46, ,
1, ,46, ,
1, ,45, ,
3, ,46, ,
3, ,46, ,
-2, ,46, ,
3, ,46, ,
4, ,46, ,
1, ,46, ,
1, ,46, ,
4, ,46, ,
5, ,46, ,
5, ,46, ,
5, ,46, ,
5, ,45, ,
5, ,46, ,
8, ,46, ,
1, ,46, ,
4, ,46, ,
8, ,46, ,
3, ,46, ,
3, ,47, ,
5, ,46, ,
3, ,46, ,
5, ,46, ,
3, ,46, ,
4, ,45, ,
6, ,46, ,
5, ,46, ,
0, ,46, ,
3, ,46, ,
4, ,46, ,
4, ,45, ,
-2, ,47, ,
5, ,46, ,
4, ,46, ,
0, ,46, ,
3, ,46, ,
5, ,45, ,
5, ,46, ,
4, ,46, ,
-1, ,46, ,
4, ,46, ,
1, ,46, ,
1, ,46, ,
-2, ,47, ,
4, ,46, ,
4, ,46, ,
4, ,46, ,
6, ,46, ,
4, ,45, ,
5, ,46, ,
6, ,46, ,
0, ,46, ,
1, ,46, ,
4, ,46, ,
0, ,45, ,
-2, ,46, ,
5, ,46, ,
4, ,46, ,
3, ,46, ,
4, ,46, ,
3, ,45, ,
1, ,46, ,
6, ,46, ,
1, ,46, ,
1, ,46, ,
5, ,46, ,
4, ,45, ,
-1, ,47, ,
3, ,46, ,
0, ,46, ,
4, ,47, ,
5, ,46, ,
8, ,45, ,
8, ,46, ,
9, ,46, ,
3, ,46, ,
6, ,46, ,
5, ,46, ,
4, ,45, ,
-4, ,46, ,
5, ,46, ,
3, ,46, ,
5, ,46, ,
3, ,46, ,
5, ,45, ,
3, ,46, ,
4, ,46, ,
0, ,46, ,
3, ,46, ,
8, ,46, ,
6, ,45, ,
1, ,47, ,
5, ,46, ,
1, ,46, ,
4, ,47, ,
1, ,46, ,
4, ,45, ,
5, ,46, ,
9, ,46, ,
4, ,46, ,
5, ,46, ,
3, ,46, ,
0, ,45, ,
-2, ,47, ,
3, ,46, ,
1, ,46, ,
0, ,47, ,
3, ,46, ,
1, ,45, ,
1, ,46, ,
4, ,46, ,
1, ,46, ,
5, ,46, ,
5, ,46, ,
3, ,46, ,
4, ,47, ,
6, ,46, ,
-4, ,46, ,
3, ,46, ,
-2, ,46, ,
4, ,45, ,
5, ,46, ,
3, ,46, ,
3, ,46, ,
6, ,46, ,
1, ,46, ,
0, ,45, ,
-2, ,47, ,
3, ,46, ,
0, ,46, ,
1, ,46, ,
1, ,46, ,
3, ,45, ,
3, ,47, ,
3, ,46, ,
-4, ,46, ,
-1, ,46, ,
3, ,46, ,
-2, ,46, ,
-5, ,47, ,
0, ,46, ,
-4, ,46, ,
1, ,46, ,
-4, ,46, ,
-2, ,45, ,
1, ,46, ,
-1, ,46, ,
-5, ,46, ,
4, ,46, ,
3, ,46, ,
1, ,45, ,
-4, ,46, ,
3, ,46, ,
-1, ,46, ,
0, ,46, ,
-2, ,46, ,
0, ,45, ,
0, ,46, ,
1, ,46, ,
1, ,46, ,
4, ,46, ,
1, ,46, ,
1, ,45, ,
-1, ,46, ,
0, ,46, ,
-2, ,46, ,
0, ,46, ,
-2, ,46, ,
0, ,45, ,
3, ,47, ,
4, ,46, ,
-2, ,46, ,
1, ,46, ,
1, ,46, ,
1, ,45, ,
-1, ,46, ,
0, ,46, ,
0, ,46, ,
1, ,46, ,
0, ,46, ,
-1, ,45, ,
-2, ,47, ,
1, ,46, ,
-4, ,46, ,
3, ,46, ,
4, ,46, ,
1, ,45, ,
1, ,46, ,
1, ,46, ,
-2, ,46, ,
-1, ,46, ,
-5, ,46, ,
-2, ,45, ,
-5, ,47, ,
-2, ,46, ,
-4, ,46, ,
0, ,46, ,
1, ,46, ,
-1, ,45, ,
0, ,46, ,
1, ,46, ,
-1, ,46, ,
-2, ,46, ,
-5, ,46, ,
-1, ,45, ,
-4, ,46, ,
0, ,46, ,
-4, ,46, ,
-1, ,46, ,
1, ,46, ,
-1, ,46, ,
-6, ,47, ,
0, ,46, ,
-4, ,46, ,
3, ,46, ,
0, ,46, ,
1, ,45, ,
1, ,46, ,
0, ,46, ,
-2, ,46, ,
-1, ,46, ,
-1, ,46, ,
0, ,45, ,
-1, ,47, ,
3, ,46, ,
3, ,46, ,
0, ,46, ,
1, ,46, ,
0, ,45, ,
1, ,46, ,
1, ,46, ,
1, ,45, ,
-1, ,40, ,
0, ,30, ,
-1, ,20, ,
-4, ,11, ,
-2, ,3, ,
-4, ,-3, ,
-1, ,-9, ,
-5, ,-15, ,
-6, ,-19, ,
-5, ,-23, ,
-4, ,-26, ,
-9, ,-30, ,
-2, ,-32, ,
0, ,-34, ,
-2, ,-35, ,
-5, ,-38, ,
-2, ,-39, ,
0, ,-39, ,
0, ,-41, ,
-1, ,-41, ,
1, ,-42, ,
1, ,-43, ,
0, ,-43, ,
-4, ,-43, ,
-1, ,-44, ,
4, ,-45, ,
-1, ,-45, ,
-1, ,-45, ,
6, ,-45, ,
4, ,-45, ,
4, ,-45, ,
0, ,-46, ,
3, ,-45, ,
0, ,-47, ,
3, ,-46, ,
-1, ,-46, ,
3, ,-46, ,
4, ,-46, ,
5, ,-46, ,
3, ,-47, ,
4, ,-46, ,
4, ,-46, ,
3, ,-46, ,
4, ,-46, ,
4, ,-45, ,
4, ,-47, ,
5, ,-46, ,
-1, ,-46, ,
1, ,-46, ,
3, ,-46, ,
-1, ,-46, ,
-2, ,-47, ,
0, ,-46, ,
1, ,-46, ,
4, ,-46, ,
1, ,-47, ,
3, ,-45, ,
5, ,-47, ,
4, ,-46, ,
-1, ,-46, ,
1, ,-46, ,
3, ,-46, ,
1, ,-46, ,
-5, ,-46, ,
1, ,-46, ,
1, ,-46, ,
1, ,-46, ,
0, ,-46, ,
3, ,-45, ,
3, ,-46, ,
5, ,-46, ,
0, ,-46, ,
4, ,-46, ,
3, ,-46, ,
-1, ,-46, ,
-2, ,-46, ,
0, ,-46, ,
0, ,-45, ,
1, ,-46, ,
1, ,-46, ,
3, ,-45, ,
4, ,-46, ,
4, ,-46, ,
1, ,-45, ,
4, ,-46, ,
4, ,-46, ,
3, ,-45, ,
1, ,-46, ,
6, ,-46, ,
5, ,-45, ,
5, ,-46, ,
4, ,-46, ,
5, ,-45, ,
4, ,-46, ,
4, ,-46, ,
1, ,-46, ,
5, ,-46, ,
6, ,-46, ,
1, ,-45, ,
-1, ,-46, ,
-1, ,-46, ,
-1, ,-45, ,
1, ,-46, ,
4, ,-46, ,
5, ,-45, ,
6, ,-46, ,
4, ,-46, ,
-1, ,-46, ,
1, ,-46, ,
0, ,-46, ,
-2, ,-45, ,
-2, ,-46, ,
3, ,-46, ,
3, ,-45, ,
0, ,-46, ,
1, ,-46, ,
1, ,-45, ,
0, ,-46, ,
1, ,-46, ,
-2, ,-45, ,
3, ,-46, ,
3, ,-45, ,
1, ,-46, ,
1, ,-46, ,
0, ,-45, ,
-2, ,-45, ,
0, ,-46, ,
-2, ,-46, ,
0, ,-45, ,
-1, ,-46, ,
0, ,-46, ,
-4, ,-45, ,
1, ,-46, ,
3, ,-46, ,
-1, ,-45, ,
-5, ,-46, ,
0, ,-46, ,
0, ,-45, ,
-1, ,-46, ,
0, ,-46, ,
3, ,-45, ,
3, ,-46, ,
5, ,-46, ,
-2, ,-46, ,
3, ,-46, ,
5, ,-46, ,
0, ,-45, ,
-2, ,-46, ,
1, ,-46, ,
-1, ,-45, ,
0, ,-46, ,
-1, ,-46, ,
0, ,-45, ,
5, ,-46, ,
3, ,-46, ,
-2, ,-46, ,
1, ,-46, ,
1, ,-45, ,
-1, ,-45, ,
-5, ,-46, ,
4, ,-46, ,
4, ,-45, ,
1, ,-45, ,
1, ,-46, ,
1, ,-45, ,
3, ,-46, ,
4, ,-46, ,
-4, ,-45, ,
3, ,-46, ,
4, ,-46, ,
0, ,-45, ,
-1, ,-46, ,
5, ,-45, ,
3, ,-45, ,
4, ,-46, ,
1, ,-46, ,
1, ,-45, ,
4, ,-46, ,
3, ,-45, ,
3, ,-46, ,
4, ,-46, ,
3, ,-45, ,
4, ,-45, ,
-4, ,-46, ,
1, ,-46, ,
-1, ,-45, ,
-1, ,-46, ,
-1, ,-46, ,
3, ,-45, ,
1, ,-46, ,
5, ,-46, ,
0, ,-46, ,
4, ,-45, ,
5, ,-45, ,
-1, ,-45, ,
0, ,-46, ,
3, ,-45, ,
1, ,-45, ,
1, ,-45, ,
1, ,-46, ,
-1, ,-45, ,
0, ,-46, ,
1, ,-45, ,
-5, ,-45, ,
-1, ,-45, ,
0, ,-45, ,
-1, ,-45, ,
-4, ,-46, ,
5, ,-45, ,
0, ,-45, ,
-2, ,-46, ,
-5, ,-46, ,
-5, ,-45, ,
-6, ,-46, ,
-1, ,-46, ,
-4, ,-46, ,
1, ,-46, ,
3, ,-45, ,
-1, ,-45, ,
-4, ,-46, ,
1, ,-46, ,
-4, ,-45, ,
0, ,-46, ,
-1, ,-46, ,
-2, ,-45, ,
1, ,-46, ,
1, ,-46, ,
3, ,-46, ,
3, ,-45, ,
0, ,-45, ,
0, ,-45, ,
-2, ,-46, ,
3, ,-46, ,
1, ,-45, ,
0, ,-46, ,
1, ,-45, ,
1, ,-45, ,
3, ,-46, ,
3, ,-46, ,
-2, ,-46, ,
1, ,-45, ,
6, ,-46, ,
3, ,-45, ,
3, ,-46, ,
8, ,-45, ,
4, ,-45, ,
3, ,-46, ,
1, ,-46, ,
0, ,-45, ,
1, ,-46, ,
1, ,-46, ,
-2, ,-46, ,
3, ,-45, ,
5, ,-45, ,
4, ,-45, ,
1, ,-46, ,
5, ,-46, ,
3, ,-45, ,
1, ,-46, ,
-1, ,-46, ,
0, ,-45, ,
1, ,-46, ,
1, ,-45, ,
-2, ,-45, ,
1, ,-45, ,
5, ,-45, ,
0, ,-45, ,
0, ,-46, ,
4, ,-45, ,
3, ,-45, ,
3, ,-46, ,
-6, ,-46, ,
-1, ,-45, ,
0, ,-46, ,
-1, ,-46, ,
-4, ,-46, ,
3, ,-46, ,
4, ,-46, ,
0, ,-45, ,
0, ,-46, ,
6, ,-45, ,
5, ,-45, ,
6, ,-45, ,
4, ,-46, ,
3, ,-45, ,
-1, ,-46, ,
1, ,-46, ,
-4, ,-46, ,
-1, ,-45, ,
4, ,-46, ,
3, ,-45, ,
0, ,-46, ,
6, ,-46, ,
4, ,-45, ,
3, ,-46, ,
0, ,-46, ,
0, ,-45, ,
5, ,-46, ,
3, ,-45, ,
1, ,-46, ,
4, ,-45, ,
3, ,-45, ,
4, ,-45, ,
3, ,-46, ,
0, ,-46, ,
3, ,-45, ,
3, ,-46, ,
3, ,-45, ,
3, ,-45, ,
5, ,-46, ,
6, ,-46, ,
-1, ,-45, ,
4, ,-45, ,
5, ,-45, ,
1, ,-45, ,
1, ,-46, ,
3, ,-45, ,
1, ,-45, ,
4, ,-46, ,
1, ,-46, ,
1, ,-45, ,
3, ,-46, ,
1, ,-46, ,
0, ,-46, ,
3, ,-46, ,
4, ,-45, ,
5, ,-46, ,
4, ,-46, ,
8, ,-46, ,
5, ,-45, ,
3, ,-46, ,
3, ,-46, ,
5, ,-45, ,
3, ,-46, ,
5, ,-46, ,
5, ,-45, ,
0, ,-45, ,
10, ,-45, ,
4, ,-45, ,
-2, ,-46, ,
8, ,-45, ,
3, ,-45, ,
4, ,-45, ,
3, ,-46, ,
5, ,-45, ,
4, ,-46, ,
9, ,-45, ,
1, ,-45, ,
4, ,-46, ,
1, ,-45, ,
0, ,-46, ,
-1, ,-46, ,
0, ,-46, ,
1, ,-45, ,
1, ,-46, ,
1, ,-46, ,
1, ,-45, ,
4, ,-46, ,
5, ,-46, ,
0, ,-45, ,
6, ,-46, ,
6, ,-45, ,
1, ,-45, ,
-1, ,-46, ,
1, ,-45, ,
-2, ,-45, ,
-2, ,-46, ,
1, ,-46, ,
-1, ,-45, ,
0, ,-46, ,
-1, ,-46, ,
-9, ,-45, ,
-4, ,-45, ,
-1, ,-46, ,
1, ,-45, ,
-1, ,-46, ,
1, ,-46, ,
4, ,-45, ,
1, ,-46, ,
-1, ,-46, ,
4, ,-45, ,
1, ,-45, ,
1, ,-46, ,
4, ,-45, ,
5, ,-46, ,
1, ,-46, ,
0, ,-45, ,
-4, ,-46, ,
-2, ,-45, ,
-4, ,-45, ,
-1, ,-46, ,
-1, ,-46, ,
0, ,-45, ,
4, ,-46, ,
1, ,-46, ,
0, ,-45, ,
5, ,-45, ,
6, ,-45, ,
4, ,-45, ,
3, ,-46, ,
5, ,-46, ,
3, ,-45, ,
3, ,-45, ,
5, ,-45, ,
1, ,-45, ,
4, ,-46, ,
3, ,-45, ,
-4, ,-45, ,
-2, ,-45, ,
3, ,-45, ,
-2, ,-45, ,
-1, ,-46, ,
4, ,-45, ,
-1, ,-45, ,
1, ,-46, ,
1, ,-46, ,
0, ,-45, ,
3, ,-46, ,
3, ,-45, ,
-4, ,-45, ,
1, ,-46, ,
1, ,-45, ,
-2, ,-45, ,
-6, ,-46, ,
-4, ,-45, ,
-2, ,-45, ,
-5, ,-45, ,
-4, ,-45, ,
-2, ,-45, ,
-2, ,-46, ,
0, ,-46, ,
-2, ,-46, ,
-1, ,-46, ,
1, ,-45, ,
-4, ,-45, ,
-5, ,-46, ,
-2, ,-45, ,
-4, ,-45, ,
-2, ,-46, ,
-2, ,-46, ,
-1, ,-45, ,
0, ,-46, ,
0, ,-46, ,
-4, ,-45, ,
-2, ,-45, ,
-1, ,-45, ,
-1, ,-45, ,
-4, ,-46, ,
-1, ,-46, ,
0, ,-45, ,
-2, ,-46, ,
-2, ,-46, ,
-1, ,-45, ,
-1, ,-46, ,
1, ,-46, ,
-2, ,-45, ,
-2, ,-46, ,
-1, ,-45, ,
-1, ,-45, ,
-5, ,-46, ,
1, ,-46, ,
-2, ,-45, ,
-1, ,-46, ,
-2, ,-46, ,
-2, ,-45, ,
0, ,-45, ,
0, ,-45, ,
-5, ,-45, ,
0, ,-46, ,
0, ,-45, ,
0, ,-45, ,
-5, ,-46, ,
1, ,-45, ,
0, ,-45, ,
-2, ,-45, ,
-6, ,-45, ,
0, ,-44, ,
0, ,-46, ,
1, ,-46, ,
0, ,-45, ,
4, ,-46, ,
5, ,-45, ,
0, ,-45, ,
-2, ,-46, ,
-1, ,-45, ,
-1, ,-45, ,
-2, ,-46, ,
-1, ,-46, ,
0, ,-45, ,
3, ,-46, ,
3, ,-46, ,
-4, ,-45, ,
3, ,-45, ,
1, ,-45, ,
1, ,-45, ,
-2, ,-46, ,
3, ,-45, ,
4, ,-45, ,
1, ,-46, ,
-4, ,-46, ,
0, ,-45, ,
0, ,-46, ,
1, ,-46, ,
-2, ,-45, ,
1, ,-45, ,
5, ,-45, ,
4, ,-45, ,
0, ,-46, ,
1, ,-46, ,
-2, ,-45, ,
-1, ,-46, ,
-4, ,-45, ,
-2, ,-45, ,
0, ,-46, ,
-2, ,-46, ,
-4, ,-45, ,
-1, ,-46, ,
1, ,-45, ,
1, ,-45, ,
-2, ,-46, ,
0, ,-45, ,
1, ,-45, ,
-1, ,-46, ,
-1, ,-46, ,
-1, ,-45, ,
-1, ,-46, ,
0, ,-46, ,
-6, ,-45, ,
-1, ,-46, ,
-1, ,-46, ,
0, ,-45, ,
0, ,-46, ,
5, ,-45, ,
3, ,-45, ,
3, ,-46, ,
-1, ,-46, ,
-1, ,-45, ,
1, ,-46, ,
-1, ,-46, ,
-4, ,-46, ,
1, ,-46, ,
3, ,-45, ,
1, ,-45, ,
0, ,-46, ,
4, ,-46, ,
4, ,-45, ,
0, ,-46, ,
0, ,-46, ,
3, ,-45, ,
1, ,-46, ,
5, ,-46, ,
3, ,-45, ,
5, ,-46, ,
10, ,-45, ,
5, ,-45, ,
5, ,-46, ,
6, ,-45, ,
4, ,-45, ,
5, ,-46, ,
4, ,-46, ,
4, ,-45, ,
4, ,-46, ,
5, ,-46, ,
3, ,-45, ,
5, ,-46, ,
5, ,-45, ,
4, ,-45, ,
1, ,-46, ,
8, ,-46, ,
4, ,-45, ,
4, ,-46, ,
0, ,-46, ,
4, ,-45, ,
3, ,-46, ,
1, ,-45, ,
-4, ,-46, ,
0, ,-45, ,
4, ,-45, ,
1, ,-45, ,
-1, ,-46, ,
5, ,-45, ,
1, ,-45, ,
3, ,-45, ,
1, ,-46, ,
4, ,-45, ,
5, ,-46, ,
5, ,-45, ,
-1, ,-46, ,
3, ,-45, ,
3, ,-46, ,
3, ,-46, ,
-1, ,-46, ,
5, ,-46, ,
5, ,-45, ,
0, ,-45, ,
1, ,-45, ,
3, ,-45, ,
3, ,-46, ,
5, ,-46, ,
0, ,-46, ,
4, ,-45, ,
6, ,-45, ,
3, ,-45, ,
-1, ,-46, ,
1, ,-45, ,
4, ,-45, ,
4, ,-46, ,
3, ,-46, ,
8, ,-45, ,
8, ,-46, ,
8, ,-46, ,
1, ,-45, ,
1, ,-45, ,
3, ,-46, ,
1, ,-45, ,
-1, ,-46, ,
3, ,-46, ,
5, ,-45, ,
5, ,-45, ,
3, ,-46, ,
8, ,-45, ,
3, ,-46, ,
5, ,-46, ,
3, ,-46, ,
5, ,-46, ,
6, ,-46, ,
3, ,-45, ,
0, ,-46, ,
5, ,-46, ,
0, ,-45, ,
4, ,-46, ,
1, ,-46, ,
1, ,-45, ,
5, ,-46, ,
4, ,-45, ,
1, ,-45, ,
4, ,-46, ,
4, ,-46, ,
5, ,-45, ,
1, ,-46, ,
6, ,-46, ,
5, ,-45, ,
5, ,-46, ,
3, ,-46, ,
1, ,-45, ,
4, ,-46, ,
6, ,-46, ,
-1, ,-45, ,
1, ,-46, ,
3, ,-46, ,
0, ,-45, ,
-1, ,-46, ,
3, ,-45, ,
1, ,-45, ,
4, ,-46, ,
0, ,-46, ,
3, ,-45, ,
5, ,-46, ,
3, ,-45, ,
0, ,-46, ,
4, ,-46, ,
3, ,-45, ,
1, ,-45, ,
-4, ,-46, ,
3, ,-45, ,
3, ,-45, ,
1, ,-45, ,
5, ,-45, ,
4, ,-44, ,
3, ,-46, ,
4, ,-45, ,
-1, ,-45, ,
0, ,-45, ,
3, ,-45, ,
0, ,-45, ,
-2, ,-46, ,
4, ,-46, ,
-1, ,-45, ,
1, ,-46, ,
-4, ,-46, ,
0, ,-45, ,
0, ,-46, ,
1, ,-46, ,
-1, ,-45, ,
3, ,-46, ,
3, ,-46, ,
-1, ,-45, ,
-4, ,-46, ,
0, ,-46, ,
-1, ,-45, ,
0, ,-46, ,
0, ,-46, ,
1, ,-45, ,
3, ,-46, ,
3, ,-45, ,
-1, ,-45, ,
1, ,-45, ,
4, ,-45, ,
-1, ,-45, ,
-4, ,-46, ,
3, ,-45, ,
1, ,-45, ,
4, ,-46, ,
1, ,-46, ,
3, ,-45, ,
4, ,-46, ,
4, ,-45, ,
-2, ,-46, ,
0, ,-46, ,
1, ,-46, ,
0, ,-45, ,
-1, ,-46, ,
3, ,-45, ,
1, ,-45, ,
-2, ,-46, ,
-4, ,-46, ,
-6, ,-44, ,
-7, ,-46, ,
-10, ,-46, ,
-16, ,-46, ,
-14, ,-46, ,
-12, ,-46, ,
-15, ,-45, ,
-16, ,-46, ,
-6, ,-45, ,
-6, ,-45, ,
-1, ,-46, ,
-1, ,-46, ,
6, ,-45, ,
11, ,-46, ,
11, ,-46, ,
8, ,-45, ,
8, ,-46, ,
5, ,-45, ,
0, ,-45, ,
-5, ,-46, ,
-2, ,-46, ,
-4, ,-45, ,
-2, ,-46, ,
-4, ,-46, ,
-1, ,-45, ,
-2, ,-46, ,
-1, ,-46, ,
-5, ,-46, ,
-6, ,-44, ,
4, ,-38, ,
1, ,-27, ,
0, ,-18, ,
4, ,-9, ,
-1, ,-1, ,
-1, ,5, ,
-4, ,12, ,
-2, ,16, ,
1, ,20, ,
3, ,24, ,
6, ,27, ,
5, ,31, ,
6, ,33, ,
3, ,34, ,
-1, ,37, ,
4, ,38, ,
3, ,39, ,
-1, ,41, ,
-6, ,41, ,
-5, ,41, ,
-5, ,43, ,
3, ,44, ,
-2, ,44, ,
3, ,44, ,
4, ,45, ,
1, ,44, ,
-2, ,45, ,
3, ,45, ,
-2, ,46, ,
-1, ,46, ,
-2, ,46, ,
-1, ,45, ,
0, ,47, ,
1, ,46, ,
-5, ,46, ,
0, ,47, ,
-1, ,46, ,
0, ,46, ,
-1, ,47, ,
5, ,46, ,
4, ,47, ,
1, ,47, ,
-1, ,47, ,
0, ,46, ,
-2, ,47, ,
4, ,47, ,
-9, ,47, ,
-2, ,47, ,
4, ,47, ,
-2, ,46, ,
1, ,47, ,
4, ,46, ,
1, ,46, ,
3, ,47, ,
-5, ,47, ,
-4, ,46, ,
-2, ,47, ,
0, ,47, ,
-1, ,46, ,
1, ,47, ,
3, ,46, ,
3, ,45, ,
4, ,47, ,
5, ,46, ,
1, ,47, ,
1, ,47, ,
-1, ,46, ,
1, ,45, ,
0, ,47, ,
1, ,46, ,
-4, ,46, ,
-1, ,47, ,
0, ,46, ,
-1, ,45, ,
-5, ,47, ,
1, ,46, ,
-5, ,46, ,
4, ,47, ,
3, ,46, ,
-4, ,45, ,
1, ,47, ,
-1, ,46, ,
-6, ,46, ,
-1, ,46, ,
1, ,46, ,
1, ,46, ,
-2, ,47, ,
5, ,46, ,
4, ,46, ,
-1, ,47, ,
0, ,46, ,
-1, ,46, ,
1, ,46, ,
4, ,46, ,
0, ,46, ,
5, ,46, ,
5, ,46, ,
4, ,46, ,
1, ,47, ,
5, ,46, ,
3, ,46, ,
3, ,46, ,
1, ,46, ,
4, ,45, ,
6, ,46, ,
4, ,46, ,
-1, ,46, ,
3, ,46, ,
4, ,46, ,
3, ,45, ,
0, ,47, ,
4, ,46, ,
6, ,46, ,
5, ,46, ,
1, ,46, ,
5, ,45, ,
5, ,47, ,
8, ,46, ,
3, ,46, ,
4, ,46, ,
6, ,46, ,
3, ,46, ,
0, ,47, ,
8, ,46, ,
1, ,46, ,
5, ,47, ,
3, ,46, ,
4, ,45, ,
6, ,46, ,
5, ,46, ,
-2, ,46, ,
1, ,46, ,
4, ,46, ,
8, ,45, ,
3, ,47, ,
9, ,46, ,
5, ,46, ,
4, ,46, ,
4, ,46, ,
3, ,45, ,
1, ,46, ,
3, ,46, ,
-5, ,46, ,
-1, ,46, ,
-1, ,46, ,
0, ,46, ,
-2, ,47, ,
6, ,46, ,
6, ,46, ,
5, ,46, ,
3, ,46, ,
3, ,46, ,
6, ,46, ,
6, ,46, ,
0, ,46, ,
3, ,46, ,
1, ,46, ,
-2, ,46, ,
-6, ,47, ,
1, ,46, ,
0, ,46, ,
3, ,46, ,
4, ,46, ,
3, ,45, ,
4, ,46, ,
6, ,47, ,
4, ,46, ,
5, ,46, ,
5, ,46, ,
1, ,45, ,
1, ,47, ,
4, ,46, ,
-1, ,46, ,
4, ,46, ,
3, ,46, ,
3, ,45, ,
4, ,46, ,
5, ,46, ,
1, ,46, ,
4, ,46, ,
5, ,46, ,
5, ,45, ,
3, ,46, ,
9, ,46, ,
8, ,46, ,
5, ,46, ,
1, ,46, ,
5, ,45, ,
5, ,46, ,
8, ,46, ,
1, ,46, ,
5, ,46, ,
4, ,46, ,
4, ,45, ,
-1, ,47, ,
6, ,46, ,
5, ,46, ,
8, ,46, ,
10, ,46, ,
6, ,45, ,
11, ,46, ,
11, ,46, ,
3, ,46, ,
3, ,46, ,
4, ,46, ,
4, ,45, ,
3, ,47, ,
1, ,45, ,
4, ,46, ,
3, ,46, ,
5, ,46, ,
6, ,45, ,
6, ,47, ,
8, ,46, ,
1, ,46, ,
3, ,46, ,
4, ,46, ,
1, ,45, ,
1, ,47, ,
1, ,46, ,
4, ,46, ,
6, ,46, ,
4, ,46, ,
1, ,45, ,
4, ,46, ,
1, ,46, ,
-1, ,46, ,
3, ,46, ,
4, ,46, ,
0, ,45, ,
-1, ,46, ,
3, ,46, ,
1, ,46, ,
3, ,47, ,
-1, ,46, ,
3, ,45, ,
1, ,46, ,
4, ,46, ,
0, ,46, ,
0, ,46, ,
1, ,46, ,
-2, ,46, ,
-4, ,46, ,
0, ,46, ,
-6, ,46, ,
-2, ,46, ,
-2, ,46, ,
0, ,45, ,
3, ,47, ,
0, ,46, ,
-1, ,46, ,
-2, ,46, ,
0, ,46, ,
0, ,45, ,
-1, ,47, ,
4, ,46, ,
3, ,46, ,
0, ,46, ,
-1, ,46, ,
-2, ,45, ,
-1, ,46, ,
-1, ,46, ,
-5, ,46, ,
1, ,46, ,
3, ,46, ,
3, ,45, ,
-1, ,47, ,
0, ,46, ,
-1, ,46, ,
-2, ,46, ,
-4, ,46, ,
-4, ,45, ,
-4, ,46, ,
-1, ,46, ,
-5, ,46, ,
-1, ,46, ,
-2, ,46, ,
-2, ,45, ,
-6, ,47, ,
-5, ,46, ,
-5, ,46, ,
-6, ,46, ,
-6, ,46, ,
-4, ,45, ,
-4, ,46, ,
1, ,46, ,
-6, ,46, ,
-2, ,46, ,
-1, ,46, ,
-5, ,45, ,
-7, ,47, ,
-4, ,46, ,
-6, ,46, ,
-4, ,46, ,
-5, ,46, ,
-5, ,45, ,
-5, ,46, ,
-2, ,46, ,
-6, ,46, ,
-2, ,46, ,
0, ,46, ,
-1, ,45, ,
-4, ,47, ,
-2, ,45, ,
-4, ,46, ,
-1, ,46, ,
-5, ,46, ,
-4, ,45, ,
-2, ,46, ,
-1, ,46, ,
-6, ,46, ,
-2, ,46, ,
1, ,46, ,
-1, ,45, ,
-4, ,47, ,
1, ,46, ,
-1, ,46, ,
-2, ,46, ,
-6, ,46, ,
-5, ,45, ,
-1, ,47, ,
-2, ,46, ,
-5, ,46, ,
1, ,46, ,
0, ,46, ,
-1, ,45, ,
-5, ,47, ,
-1, ,46, ,
1, ,46, ,
-4, ,47, ,
-1, ,46, ,
-2, ,45, ,
-2, ,47, ,
3, ,47, ,
-4, ,46, ,
-1, ,46, ,
5, ,46, ,
0, ,45, ,
1, ,47, ,
3, ,46, ,
3, ,46, ,
3, ,46, ,
0, ,46, ,
-1, ,45, ,
0, ,46, ,
3, ,46, ,
-2, ,46, ,
4, ,46, ,
3, ,46, ,
3, ,45, ,
-1, ,47, ,
3, ,46, ,
1, ,46, ,
3, ,46, ,
0, ,47, ,
0, ,45, ,
1, ,46, ,
4, ,46, ,
1, ,46, ,
3, ,46, ,
6, ,46, ,
1, ,45, ,
0, ,46, ,
5, ,46, ,
1, ,46, ,
5, ,46, ,
0, ,46, ,
3, ,45, ,
4, ,46, ,
3, ,46, ,
1, ,46, ,
1, ,46, ,
1, ,46, ,
4, ,46, ,
0, ,46, ,
5, ,46, ,
3, ,46, ,
4, ,46, ,
0, ,46, ,
1, ,45, ,
-1, ,46, ,
1, ,46, ,
-1, ,46, ,
-1, ,46, ,
-2, ,46, ,
1, ,45, ,
0, ,46, ,
5, ,46, ,
4, ,46, ,
3, ,46, ,
1, ,46, ,
3, ,45, ,
5, ,46, ,
4, ,46, ,
0, ,46, ,
5, ,46, ,
0, ,46, ,
3, ,45, ,
0, ,46, ,
3, ,45, ,
5, ,46, ,
3, ,47, ,
1, ,46, ,
5, ,45, ,
3, ,46, ,
6, ,46, ,
0, ,46, ,
3, ,46, ,
8, ,46, ,
3, ,45, ,
3, ,47, ,
6, ,46, ,
4, ,46, ,
8, ,46, ,
4, ,46, ,
6, ,45, ,
5, ,46, ,
8, ,46, ,
1, ,46, ,
5, ,46, ,
8, ,46, ,
5, ,46, ,
4, ,46, ,
9, ,46, ,
6, ,46, ,
6, ,46, ,
4, ,46, ,
5, ,45, ,
3, ,46, ,
4, ,46, ,
0, ,46, ,
3, ,46, ,
5, ,46, ,
4, ,45, ,
-1, ,47, ,
8, ,46, ,
3, ,45, ,
4, ,46, ,
6, ,46, ,
3, ,45, ,
3, ,46, ,
5, ,46, ,
3, ,46, ,
3, ,46, ,
4, ,46, ,
6, ,46, ,
0, ,47, ,
4, ,46, ,
4, ,46, ,
4, ,46, ,
1, ,46, ,
5, ,45, ,
5, ,46, ,
6, ,46, ,
1, ,46, ,
4, ,46, ,
3, ,46, ,
1, ,45, ,
-2, ,46, ,
1, ,45, ,
3, ,46, ,
5, ,47, ,
4, ,46, ,
5, ,45, ,
5, ,46, ,
3, ,46, ,
-2, ,46, ,
-1, ,46, ,
1, ,46, ,
3, ,45, ,
-1, ,46, ,
4, ,46, ,
4, ,46, ,
4, ,46, ,
1, ,46, ,
1, ,45, ,
1, ,46, ,
6, ,46, ,
1, ,46, ,
4, ,46, ,
5, ,46, ,
1, ,45, ,
-1, ,47, ,
1, ,46, ,
-4, ,46, ,
0, ,46, ,
-2, ,46, ,
1, ,45, ,
3, ,46, ,
3, ,46, ,
-6, ,45, ,
1, ,46, ,
4, ,46, ,
0, ,46, ,
-1, ,47, ,
1, ,46, ,
1, ,46, ,
0, ,47, ,
1, ,46, ,
0, ,45, ,
3, ,47, ,
8, ,46, ,
-7, ,46, ,
-1, ,46, ,
3, ,46, ,
-2, ,45, ,
-4, ,47, ,
3, ,46, ,
1, ,46, ,
3, ,46, ,
1, ,46, ,
3, ,45, ,
0, ,46, ,
1, ,46, ,
-5, ,46, ,
0, ,46, ,
-1, ,46, ,
-2, ,46, ,
-4, ,46, ,
0, ,46, ,
-1, ,46, ,
-5, ,46, ,
-5, ,46, ,
-4, ,45, ,
-1, ,46, ,
0, ,46, ,
-4, ,46, ,
0, ,46, ,
3, ,46, ,
-1, ,45, ,
-6, ,47, ,
-2, ,46, ,
-10, ,46, ,
-4, ,46, ,
-6, ,46, ,
-4, ,45, ,
-1, ,46, ,
0, ,46, ,
-2, ,46, ,
-2, ,46, ,
-1, ,46, ,
